DEM.asc
NCOLS 410
NROWS 410
XLLCORNER 2398750
YLLCORNER 2548750
CELLSIZE 250
NODATA_VALUE -9999
[rows 273 to 293 of 410, columns 0 to 45 of 410]
-9999 -9999 -9999 -9999 -9999 102.636932373047 101.067825317383 101.763732910156 102.216018676758 101.874069213867 101.234100341797 101.076454162598 101.209297180176 101.310089111328 101.383026123047 101.401565551758 101.254913330078 100.998809814453 101.030136108398 100.954681396484 100.731155395508 100.200271606445 100.524642944336 100.467864990234 100.333961486816 101.098373413086 101.617721557617 101.535629272461 101.301681518555 101.565254211426 102.205894470215 102.665496826172 102.660873413086 102.157897949219 101.57447052002 101.008728027344 100.802062988281 101.387390136719 101.275459289551 101.136962890625 101.481269836426 102.131050109863 102.302688598633 101.9931640625 101.764343261719 101.650573730469
-9999 -9999 -9999 -9999 -9999 101.788650512695 100.612846374512 101.719955444336 102.149948120117 101.982643127441 101.068283081055 101.287605285645 101.847473144531 101.957588195801 101.849243164062 101.784271240234 101.737762451172 101.588531494141 101.653533935547 101.600540161133 101.080955505371 100.565078735352 100.810203552246 100.443504333496 101.858673095703 101.663162231445 101.9482421875 101.759704589844 101.29475402832 101.29475402832 102.010948181152 102.497985839844 103.026901245117 103.023406982422 102.914009094238 101.802551269531 101.237983703613 102.74535369873 101.757781982422 101.553894042969 102.070610046387 103.018165588379 103.196533203125 102.748489379883 102.571365356445 102.077850341797
-9999 -9999 -9999 -9999 -9999 102.909454345703 100.14916229248 101.450576782227 101.606018066406 101.570556640625 101.790832519531 102.309326171875 102.462684631348 102.305282592773 102.088897705078 102.073028564453 102.27668762207 102.294502258301 102.302871704102 102.37451171875 101.387077331543 100.387542724609 100.839668273926 100.610252380371 100.9462890625 101.758750915527 102.15592956543 101.888328552246 101.29475402832 101.29475402832 101.29475402832 101.540313720703 102.694816589355 103.184494018555 103.161972045898 102.615936279297 102.481002807617 103.045402526855 102.626953125 102.020874023438 102.647094726562 103.685806274414 103.749725341797 102.782516479492 102.91227722168 102.528366088867
-9999 -9999 -9999 -9999 -9999 99.4391021728516 101.623397827148 102.314170837402 102.169914245605 101.689147949219 102.898391723633 103.510429382324 102.999816894531 102.442733764648 102.116500854492 102.064567565918 102.683441162109 102.713180541992 102.313171386719 102.636764526367 100.991844177246 100.81477355957 100.929565429688 100.682136535645 100.960350036621 101.781524658203 102.366409301758 102.209518432617 101.973907470703 101.955001831055 101.824584960938 102.112632751465 102.835029602051 103.147842407227 103.173370361328 102.945503234863 102.916969299316 103.004745483398 102.986389160156 102.935569763184 103.079956054688 103.214080810547 102.782516479492 102.782516479492 102.782516479492 102.722602844238
-9999 -9999 -9999 -9999 -9999 101.417465209961 103.398330688477 103.468948364258 103.473503112793 103.093643188477 103.560516357422 103.643188476562 102.839721679688 102.412780761719 102.470245361328 102.455078125 102.665283203125 102.533935546875 101.567611694336 101.029052734375 100.217071533203 101.426879882812 101.21354675293 100.952667236328 101.068435668945 102.052322387695 102.62735748291 102.928215026855 102.86595916748 102.928764343262 102.853553771973 103.159980773926 103.582023620605 103.294021606445 103.45930480957 103.578971862793 103.194488525391 102.965225219727 103.310974121094 103.888702392578 103.470886230469 102.937019348145 102.798767089844 102.918151855469 103.045471191406 103.242202758789
-9999 -9999 -9999 -9999 -9999 101.734420776367 102.380081176758 103.131210327148 103.320861816406 103.209510803223 103.130020141602 102.694160461426 102.165237426758 102.178672790527 102.804275512695 102.669609069824 102.096969604492 102.261260986328 101.09107208252 102.702110290527 101.847328186035 101.615036010742 102.04508972168 101.199867248535 101.531837463379 100.931999206543 102.245208740234 102.974472045898 103.069778442383 102.816009521484 102.816009521484 103.375885009766 103.928276062012 103.263809204102 103.604995727539 104.128730773926 103.752349853516 103.261528015137 103.276596069336 103.632766723633 103.650215148926 103.445083618164 103.403594970703 103.613235473633 103.672370910645 103.889389038086
-9999 -9999 -9999 -9999 -9999 99.4676132202148 101.829238891602 102.718368530273 103.101669311523 103.163009643555 102.61402130127 102.071723937988 102.071723937988 102.071723937988 102.071723937988 102.071723937988 102.106750488281 101.833084106445 100.851081848145 102.264991760254 102.545913696289 102.279998779297 101.958297729492 101.511489868164 101.836647033691 101.603096008301 101.963180541992 102.702285766602 102.982711791992 102.816009521484 102.816009521484 103.470603942871 103.966743469238 103.771697998047 104.150772094727 104.627868652344 104.683013916016 104.501899719238 103.401802062988 103.299476623535 103.805267333984 104.017112731934 103.750709533691 103.849456787109 103.900955200195 104.194839477539
-9999 -9999 -9999 -9999 -9999 100.668037414551 101.891044616699 102.822189331055 103.434837341309 103.729675292969 102.881904602051 102.071723937988 102.178115844727 102.843521118164 102.446983337402 102.356918334961 102.957832336426 101.529922485352 101.342300415039 102.716598510742 102.940338134766 102.793159484863 101.40599822998 102.317535400391 102.701614379883 102.297897338867 101.33765411377 102.49006652832 102.766494750977 102.83512878418 102.98063659668 103.677795410156 104.28125 104.594787597656 105.03719329834 105.068359375 104.831268310547 104.607177734375 103.810043334961 103.815322875977 104.023620605469 103.969833374023 103.719284057617 103.719284057617 103.719284057617 104.172080993652
-9999 -9999 -9999 -9999 -9999 102.298721313477 102.72647857666 103.129440307617 103.845748901367 104.504837036133 103.980247497559 102.964447021484 103.390625 104.155700683594 103.738967895508 102.400688171387 102.39582824707 101.201469421387 102.551399230957 102.547180175781 102.342529296875 102.342529296875 102.524787902832 102.449203491211 102.386940002441 102.808044433594 102.740028381348 102.28978729248 102.047843933105 102.390739440918 102.340606689453 103.051513671875 103.961471557617 104.654266357422 105.077117919922 105.2802734375 104.282890319824 103.746719360352 103.746719360352 104.231262207031 104.196884155273 103.980995178223 103.890167236328 103.850738525391 104.114707946777 104.380187988281
-9999 -9999 -9999 -9999 -9999 102.548599243164 103.096748352051 103.291435241699 104.246444702148 104.846740722656 104.510955810547 103.781677246094 103.984634399414 104.369079589844 103.107032775879 101.150825500488 101.032066345215 101.920837402344 102.705688476562 102.342529296875 102.342529296875 102.321144104004 103.016403198242 103.145164489746 103.257583618164 102.948188781738 103.39714050293 103.839508056641 102.721099853516 102.378707885742 103.736999511719 103.782363891602 103.910568237305 104.524444580078 104.784561157227 105.848541259766 104.290756225586 103.746719360352 103.746719360352 104.089935302734 104.171600341797 104.139205932617 104.319755554199 104.703102111816 104.82421875 104.715393066406
-9999 -9999 -9999 -9999 -9999 101.993301391602 102.672119140625 103.035949707031 104.918472290039 105.220184326172 104.74382019043 104.186828613281 104.063262939453 103.512710571289 102.135787963867 101.485038757324 102.325004577637 102.816215515137 102.675308227539 102.68147277832 102.342529296875 102.678321838379 102.948028564453 103.448837280273 103.543792724609 103.265647888184 103.191909790039 103.276184082031 102.837699890137 102.799613952637 104.14714050293 105.088485717773 105.16064453125 104.925247192383 104.75577545166 105.355278015137 105.106170654297 104.317535400391 104.022796630859 104.041290283203 104.061477661133 104.255676269531 104.682861328125 105.034301757812 105.079071044922 104.977890014648
-9999 -9999 -9999 -9999 -9999 102.728958129883 103.228103637695 103.81803894043 104.924957275391 105.248474121094 104.863433837891 104.473159790039 104.104690551758 102.668983459473 101.500175476074 102.966842651367 102.819496154785 102.941383361816 103.009979248047 102.542907714844 102.342529296875 103.068321228027 102.813255310059 102.86686706543 102.86686706543 103.97013092041 103.459442138672 103.163681030273 103.44898223877 102.700103759766 103.260345458984 105.221984863281 105.196159362793 104.211791992188 104.211791992188 104.985504150391 105.360610961914 105.240509033203 104.755035400391 104.191429138184 104.041763305664 104.132278442383 104.519149780273 104.840270996094 104.940856933594 104.987503051758
-9999 -9999 -9999 -9999 -9999 103.113739013672 104.065292358398 104.424240112305 104.974609375 104.996650695801 104.535873413086 104.221290588379 104.383743286133 102.212776184082 101.58186340332 103.818283081055 103.330780029297 103.298362731934 103.407287597656 102.979057312012 102.494316101074 102.342529296875 103.083381652832 102.987319946289 102.868186950684 102.976119995117 103.32103729248 103.067100524902 102.936103820801 102.971832275391 103.128005981445 104.212448120117 104.211791992188 104.211791992188 104.211791992188 105.205497741699 105.791687011719 105.895095825195 105.278709411621 104.316177368164 104.041763305664 104.041763305664 104.041763305664 104.243728637695 104.527862548828 104.888816833496
-9999 -9999 -9999 -9999 -9999 102.401016235352 104.05859375 104.270736694336 104.877998352051 104.461235046387 103.636169433594 103.075469970703 102.787895202637 101.044998168945 103.562644958496 104.012954711914 104.148559570312 103.370185852051 103.921798706055 103.78092956543 104.083892822266 102.342529296875 102.963005065918 103.942260742188 103.885940551758 103.647819519043 102.919418334961 102.484870910645 102.848037719727 104.315017700195 106.127578735352 104.724243164062 104.211791992188 104.721527099609 105.294006347656 105.714256286621 106.197677612305 106.189636230469 105.363479614258 104.302368164062 104.041763305664 104.041763305664 104.041763305664 104.169334411621 104.231300354004 104.554565429688
-9999 -9999 -9999 -9999 -9999 103.246398925781 103.906616210938 104.442047119141 104.844650268555 104.223731994629 103.016448974609 102.62353515625 101.795349121094 101.927841186523 102.769226074219 103.694114685059 104.055389404297 103.006202697754 103.913970947266 104.093017578125 104.383819580078 102.411964416504 103.004592895508 103.927848815918 103.989151000977 103.587699890137 102.957099914551 104.052917480469 103.619560241699 103.734718322754 105.359817504883 105.121917724609 104.380729675293 104.527191162109 105.003143310547 105.561904907227 106.193481445312 105.605758666992 104.739524841309 104.385986328125 104.041763305664 104.235931396484 104.929122924805 104.818725585938 104.400047302246 104.217819213867
-9999 -9999 -9999 -9999 -9999 103.983955383301 104.187957763672 104.763236999512 105.152984619141 104.985549926758 104.62370300293 103.888488769531 103.332649230957 101.730316162109 102.711380004883 103.799697875977 104.214385986328 104.001152038574 103.528045654297 103.938262939453 104.038940429688 103.388969421387 102.548202514648 104.314643859863 103.733879089355 103.529670715332 104.919052124023 104.524620056152 104.017471313477 103.653923034668 104.491165161133 104.8583984375 104.355140686035 104.355140686035 104.554168701172 104.939682006836 105.034027099609 104.657302856445 104.932540893555 104.918395996094 105.023803710938 106.04557800293 105.967056274414 105.341522216797 105.062301635742 104.830764770508
-9999 -9999 -9999 -9999 -9999 103.901458740234 104.073287963867 104.709136962891 105.074966430664 105.114807128906 104.85799407959 103.967781066895 102.931427001953 102.016746520996 103.244354248047 103.652694702148 104.061325073242 104.476722717285 103.819580078125 103.475524902344 103.426467895508 103.391525268555 102.342529296875 104.219047546387 104.581329345703 104.397384643555 104.518074035645 104.57194519043 104.290481567383 103.922958374023 103.915718078613 104.614120483398 104.614028930664 104.478942871094 104.684143066406 104.782012939453 104.657302856445 104.657302856445 104.955841064453 105.131698608398 105.212028503418 105.711715698242 105.427917480469 104.892150878906 104.892150878906 104.892150878906
-9999 -9999 -9999 -9999 -9999 104.167266845703 104.603134155273 104.944488525391 104.930442810059 104.994888305664 104.546508789062 103.003158569336 101.429397583008 104.399002075195 104.447631835938 103.532081604004 103.732467651367 105.000633239746 104.168899536133 103.426467895508 103.426467895508 104.588516235352 102.475212097168 104.617431640625 105.332740783691 104.92414855957 104.402145385742 104.866744995117 104.687942504883 104.14119720459 105.054779052734 105.048294067383 104.956802368164 104.566192626953 104.981323242188 105.135627746582 104.964782714844 104.929138183594 105.097076416016 104.943435668945 104.892150878906 104.955192565918 104.892150878906 104.892150878906 104.892150878906 104.892150878906
-9999 -9999 -9999 -9999 -9999 103.971725463867 105.491882324219 105.416809082031 105.038024902344 105.30948638916 104.831466674805 102.656387329102 102.405723571777 104.785583496094 105.119094848633 104.015953063965 103.920318603516 104.807411193848 104.454132080078 103.426467895508 103.426467895508 103.667907714844 102.611015319824 103.726829528809 105.477272033691 105.717987060547 105.28581237793 105.534973144531 105.159744262695 104.55313873291 104.765472412109 105.032325744629 104.652420043945 104.566192626953 105.229675292969 105.698150634766 105.645660400391 105.609558105469 105.541656494141 104.892150878906 104.892150878906 105.137908935547 104.892150878906 104.892150878906 104.892150878906 104.892150878906
-9999 -9999 -9999 -9999 -9999 102.802238464355 105.760498046875 105.879058837891 104.860527038574 105.622360229492 106.121994018555 101.699005126953 103.075248718262 105.096252441406 105.385452270508 104.639335632324 104.000289916992 104.778686523438 104.686157226562 103.989303588867 103.426467895508 104.127853393555 104.527481079102 104.87882232666 105.72737121582 105.790771484375 105.223037719727 105.87239074707 105.277641296387 104.510177612305 105.086326599121 105.155715942383 104.999992370605 105.218475341797 106.1552734375 106.282897949219 106.146621704102 106.091773986816 106.240409851074 105.817276000977 105.2939453125 105.996032714844 105.741241455078 104.892150878906 104.892150878906 104.892150878906
-9999 -9999 -9999 -9999 -9999 102.736907958984 104.660110473633 105.022872924805 104.494117736816 105.129051208496 103.956504821777 102.574249267578 104.581680297852 105.712432861328 105.512786865234 104.559844970703 104.076797485352 104.275894165039 104.28946685791 104.030258178711 103.829093933105 104.486312866211 104.913650512695 105.222183227539 105.797424316406 105.164794921875 104.892303466797 104.892303466797 104.670341491699 104.768447875977 105.400054931641 105.82292175293 105.955841064453 106.233932495117 106.601959228516 106.65892791748 106.350006103516 106.137100219727 106.224723815918 106.123794555664 105.998504638672 106.173675537109 106.073120117188 105.594940185547 105.294006347656 105.184616088867
