DEM.asc
NCOLS 410
NROWS 410
XLLCORNER 2398750
YLLCORNER 2548750
CELLSIZE 250
NODATA_VALUE -9999
[rows 273 to 293 of 410, columns 230 to 275 of 410]
104.897392272949 104.346481323242 104.005340576172 104.139282226562 104.206756591797 104.056579589844 103.771713256836 103.592529296875 103.592529296875 104.067535400391 104.525527954102 104.71696472168 104.807556152344 104.837532043457 104.71305847168 104.577865600586 104.613998413086 104.818626403809 104.995040893555 104.892471313477 104.652679443359 104.330810546875 104.17333984375 104.17333984375 104.17333984375 104.17333984375 104.17333984375 104.186859130859 104.853515625 105.324203491211 105.398002624512 105.361114501953 105.260749816895 105.170166015625 105.194793701172 105.107208251953 104.732353210449 104.357406616211 104.195426940918 104.070449829102 104.039894104004 104.039894104004 104.039894104004 104.039894104004 104.039894104004 104.039894104004
104.922088623047 104.468841552734 104.236328125 104.449310302734 104.594161987305 104.487167358398 104.18531036377 103.592529296875 103.592529296875 103.850646972656 104.733276367188 105.336952209473 105.51530456543 105.416175842285 105.272003173828 105.176559448242 105.09065246582 104.99040222168 104.912002563477 104.760025024414 104.570098876953 104.391296386719 104.316589355469 104.410552978516 104.567367553711 104.591812133789 104.630615234375 104.905532836914 105.281036376953 105.527481079102 105.651222229004 105.712509155273 105.649398803711 105.529724121094 105.45263671875 105.341705322266 105.122573852539 104.794647216797 104.527885437012 104.376235961914 104.239349365234 104.039894104004 104.039894104004 104.039894104004 104.039894104004 104.039894104004
104.984527587891 104.720596313477 104.628723144531 104.817245483398 104.982971191406 104.730926513672 104.86255645752 105.018264770508 104.646774291992 104.776420593262 105.316497802734 105.858154296875 105.831390380859 105.594924926758 105.646179199219 105.775520324707 105.544418334961 105.153396606445 104.974281311035 104.819854736328 104.667221069336 104.694831848145 104.868362426758 105.180801391602 105.32698059082 105.304840087891 105.379623413086 105.841064453125 105.786270141602 105.658378601074 105.825439453125 105.984359741211 105.918121337891 105.79914855957 105.711547851562 105.622772216797 105.512809753418 105.271194458008 105.005058288574 104.950241088867 104.865295410156 104.735511779785 104.690849304199 104.465927124023 104.039894104004 104.039894104004
104.810760498047 104.854217529297 104.889694213867 104.815567016602 104.730529785156 104.730529785156 105.038871765137 106.079986572266 106.207389831543 105.921463012695 105.881607055664 105.647163391113 105.589630126953 105.589630126953 105.703033447266 105.973510742188 105.53092956543 105.215423583984 105.288345336914 105.260314941406 105.077629089355 105.180076599121 105.424087524414 105.859909057617 106.030227661133 105.931991577148 105.713745117188 105.651275634766 105.651275634766 105.651275634766 105.729705810547 106.049690246582 105.93701171875 105.904571533203 105.889526367188 105.881652832031 105.876617431641 105.794227600098 105.706665039062 105.68643951416 105.493217468262 105.380630493164 105.415534973145 105.19490814209 104.252258300781 104.039894104004
104.987442016602 105.270309448242 105.282073974609 105.009941101074 104.730529785156 104.730529785156 104.730529785156 105.737846374512 106.407867431641 106.64680480957 106.521514892578 105.992240905762 105.589630126953 105.589630126953 105.668426513672 105.496124267578 105.220085144043 105.472259521484 105.899688720703 106.138076782227 105.948379516602 105.632553100586 105.64533996582 106.108177185059 106.484588623047 106.494720458984 106.078979492188 105.651275634766 105.651275634766 105.651275634766 105.651275634766 105.651275634766 105.654205322266 106.017677307129 106.199722290039 106.271278381348 106.331665039062 106.304870605469 106.225883483887 106.078308105469 105.850944519043 105.788635253906 105.846069335938 105.634262084961 104.723480224609 104.039894104004
106.067428588867 105.963935852051 105.826705932617 105.568557739258 105.029876708984 104.730529785156 104.730529785156 105.407989501953 106.465209960938 107.158584594727 107.275932312012 107.012657165527 106.493293762207 106.065612792969 105.975952148438 105.95475769043 105.944366455078 106.256759643555 106.582443237305 106.674057006836 106.319702148438 105.643203735352 105.579460144043 105.922348022461 106.697982788086 106.867248535156 106.524291992188 105.900604248047 105.651275634766 105.651275634766 105.651275634766 105.651275634766 105.713745117188 106.448539733887 106.73112487793 106.824462890625 106.823822021484 106.702789306641 106.432334899902 106.037628173828 105.839477539062 105.803375244141 105.911605834961 105.996788024902 105.316665649414 104.430686950684
106.926956176758 106.429656982422 106.254547119141 106.167266845703 105.776916503906 104.730529785156 104.730529785156 105.114517211914 106.880096435547 107.652755737305 107.805511474609 107.968269348145 107.440902709961 106.522491455078 106.327522277832 106.618278503418 106.889533996582 107.135116577148 107.271392822266 107.028549194336 106.385215759277 105.579460144043 105.579460144043 105.828796386719 107.112716674805 107.094314575195 106.694351196289 106.111557006836 105.760528564453 105.651275634766 105.651275634766 105.838043212891 106.763259887695 107.385696411133 107.484710693359 107.48095703125 107.392822265625 107.148971557617 106.736778259277 106.164855957031 105.840835571289 105.589248657227 105.578002929688 105.704696655273 105.55290222168 105.156517028809
106.40168762207 106.307830810547 106.308586120605 106.311546325684 105.91707611084 104.907752990723 104.730529785156 104.730529785156 106.789436340332 107.642868041992 107.422027587891 106.930328369141 106.933212280273 106.383178710938 106.33283996582 106.607627868652 107.076065063477 107.547340393066 107.707153320312 107.221389770508 106.3056640625 105.579460144043 105.579460144043 106.18578338623 107.108245849609 107.022903442383 106.690727233887 106.217910766602 106.035140991211 105.939163208008 105.981781005859 106.57698059082 107.703430175781 108.112670898438 108.078247070312 107.995193481445 107.830352783203 107.488494873047 107.123321533203 106.596099853516 106.050537109375 105.578002929688 105.578002929688 105.578002929688 105.672012329102 105.677673339844
106.307830810547 106.307830810547 106.423721313477 106.566070556641 106.379409790039 105.635581970215 104.811424255371 105.058013916016 106.671226501465 107.754745483398 107.454399108887 106.439491271973 106.392883300781 106.33283996582 106.33283996582 106.33283996582 106.635696411133 107.680824279785 108.051971435547 107.303070068359 106.108779907227 105.579460144043 105.579460144043 105.628486633301 106.309059143066 106.677383422852 106.708557128906 106.604476928711 106.555908203125 106.474510192871 106.484085083008 107.006530761719 107.776931762695 107.64697265625 108.195045471191 108.333808898926 107.960388183594 107.513999938965 107.316925048828 106.917297363281 106.391418457031 105.810272216797 105.578002929688 105.854675292969 106.330490112305 106.267471313477
106.592002868652 106.59188079834 106.78165435791 107.067108154297 107.132308959961 106.861846923828 106.612762451172 106.885314941406 107.752777099609 108.603828430176 108.693649291992 108.056213378906 107.43236541748 107.003761291504 106.512496948242 106.33283996582 106.839736938477 107.985153198242 108.557998657227 107.49284362793 106.03125 105.579460144043 105.579460144043 105.631950378418 106.084289550781 106.57933807373 106.784072875977 106.878311157227 106.933624267578 106.857269287109 106.758743286133 106.891647338867 107.368270874023 108.009323120117 108.409896850586 108.49959564209 107.45849609375 107.39826965332 107.448539733887 107.169456481934 106.760559082031 106.407897949219 106.336563110352 106.774444580078 107.076568603516 106.691413879395
107.023422241211 106.98217010498 107.211387634277 107.661758422852 107.980987548828 108.23078918457 108.527038574219 108.6171875 108.921447753906 109.403335571289 109.667190551758 109.26390838623 108.76220703125 108.259880065918 107.754287719727 107.733154296875 108.437194824219 108.888305664062 109.370315551758 108.183700561523 106.635467529297 105.855834960938 106.034606933594 106.626976013184 106.926971435547 106.991058349609 106.974411010742 107.005500793457 107.047760009766 107.002136230469 106.909637451172 106.921661376953 107.133590698242 107.569442749023 108.040870666504 108.762809753418 107.956085205078 107.862396240234 107.906410217285 107.529159545898 107.113128662109 106.851600646973 106.890235900879 107.122825622559 107.162063598633 106.786117553711
106.895629882812 107.005920410156 107.476119995117 108.255676269531 108.828773498535 109.673629760742 110.000022888184 109.672378540039 109.455497741699 109.692749023438 109.928970336914 109.949783325195 109.378082275391 109.14990234375 108.808609008789 108.756217956543 109.074417114258 110.064453125 109.969879150391 108.822463989258 106.906639099121 106.187896728516 106.658096313477 107.761322021484 107.884857177734 107.450714111328 107.120529174805 107.001998901367 106.994186401367 106.969451904297 106.953826904297 106.995681762695 107.039199829102 107.200942993164 107.517303466797 108.355194091797 108.407348632812 108.866973876953 108.439376831055 107.821762084961 107.33056640625 106.981140136719 106.984970092773 107.103393554688 107.055244445801 106.704360961914
107.164527893066 107.140335083008 107.741424560547 108.699752807617 109.347213745117 110.012115478516 110.009628295898 110.192169189453 110.137710571289 110.000015258789 109.977462768555 110.00993347168 109.958206176758 109.730773925781 109.474884033203 109.419586181641 109.716323852539 110.107116699219 109.65412902832 108.050872802734 106.285308837891 106.189178466797 106.894683837891 107.859977722168 108.072235107422 107.632255554199 107.078666687012 106.953826904297 106.953826904297 106.953826904297 106.953826904297 106.966651916504 106.966651916504 106.990631103516 107.360656738281 108.239028930664 109.050964355469 109.025985717773 108.774475097656 108.082931518555 107.501220703125 107.0517578125 106.953170776367 106.984619140625 106.979598999023 106.717132568359
107.901565551758 107.695106506348 108.016189575195 108.642623901367 109.271667480469 109.999946594238 110.338272094727 110.52311706543 110.520660400391 110.413009643555 110.641738891602 110.85676574707 110.808403015137 110.199798583984 110.01106262207 109.939010620117 110.302055358887 110.584159851074 109.631050109863 107.971343994141 106.347457885742 106.314178466797 107.141448974609 107.956245422363 108.144897460938 107.795883178711 107.286544799805 107.070877075195 107.00830078125 106.953826904297 106.993759155273 107.095687866211 107.034057617188 107.042259216309 107.587753295898 108.577171325684 109.311698913574 109.213150024414 108.98649597168 108.287078857422 107.62565612793 107.069610595703 106.953170776367 106.953170776367 106.953994750977 106.971588134766
108.708427429199 108.028648376465 108.327377319336 108.746437072754 109.272598266602 109.999984741211 110.4423828125 110.92805480957 111.047386169434 111.154403686523 111.57691192627 111.993682861328 111.519912719727 110.667030334473 110.21703338623 109.999946594238 110.060348510742 109.932189941406 109.62451171875 108.304565429688 107.134689331055 107.148590087891 107.777214050293 108.412055969238 108.56298828125 108.239303588867 107.876663208008 107.591400146484 107.325714111328 107.135070800781 107.282287597656 107.524940490723 107.476783752441 107.471099853516 107.962356567383 108.87841796875 109.310440063477 109.601013183594 109.253189086914 108.38451385498 107.751365661621 107.246925354004 106.953170776367 106.953170776367 107.163528442383 107.522598266602
108.823348999023 108.037689208984 108.768165588379 109.540008544922 110.000061035156 110.277389526367 110.568359375 110.990608215332 111.283515930176 111.58837890625 111.888671875 112.043952941895 111.500106811523 110.552810668945 110.347091674805 111.700271606445 110.689605712891 109.943298339844 109.475143432617 108.322143554688 107.861869812012 108.091026306152 108.572235107422 108.97932434082 109.090484619141 108.793518066406 108.437423706055 108.11311340332 107.651229858398 107.283111572266 107.510124206543 107.960029602051 107.877456665039 107.794586181641 108.215065002441 108.959671020508 109.409812927246 109.999954223633 109.472328186035 107.97728729248 108.060165405273 107.857299804688 107.5791015625 107.805374145508 107.728240966797 108.129211425781
109.272369384766 108.850975036621 109.586898803711 110.067092895508 110.629684448242 110.572685241699 110.779884338379 111.116455078125 111.458740234375 111.811553955078 112.03385925293 112.009124755859 111.438774108887 110.467094421387 110.361694335938 111.298736572266 111.029556274414 110.083763122559 109.8193359375 109.335525512695 109.051177978516 109.031326293945 109.364990234375 109.254318237305 109.524856567383 109.257629394531 108.909957885742 108.416122436523 107.792144775391 107.280899047852 107.280899047852 107.913154602051 108.075378417969 107.970199584961 108.327392578125 109.018836975098 109.517051696777 109.845809936523 110.011627197266 109.001159667969 108.866027832031 108.807174682617 108.783821105957 108.703918457031 108.393493652344 108.544769287109
109.725357055664 109.5546875 109.999786376953 110.688461303711 111.080612182617 111.117385864258 111.194152832031 111.401153564453 111.681091308594 112.025062561035 112.285430908203 112.345367431641 111.871879577637 110.772041320801 110.318862915039 110.515899658203 110.436416625977 110.144454956055 109.989776611328 110.183525085449 109.906532287598 109.734893798828 109.793426513672 109.38117980957 109.799194335938 109.518417358398 109.219337463379 108.653686523438 107.981018066406 107.280899047852 107.280899047852 108.031585693359 108.447387695312 108.490707397461 108.672424316406 109.035949707031 109.546310424805 110.016586303711 110 110.03791809082 109.739921569824 109.530952453613 109.502655029297 109.443130493164 108.884506225586 108.561614990234
109.964569091797 110.585891723633 110.944915771484 111.26969909668 111.854400634766 111.821128845215 111.763954162598 111.812126159668 111.993194580078 112.301940917969 112.644134521484 112.947074890137 112.791885375977 111.835845947266 111.304443359375 111.181045532227 110.442672729492 109.991470336914 110.000022888184 110.223785400391 109.926055908203 109.974578857422 110.141746520996 110.47688293457 110.277450561523 109.836715698242 109.428802490234 108.910629272461 108.27702331543 107.789566040039 107.910980224609 108.685195922852 109.107208251953 109.203414916992 109.308723449707 108.925750732422 109.452346801758 110 110.126373291016 110.474700927734 110.265441894531 109.983764648438 109.956420898438 109.835113525391 109.110748291016 108.561614990234
110.566741943359 111.241943359375 111.494552612305 111.844390869141 112.319259643555 112.364685058594 112.266540527344 112.202758789062 112.311279296875 112.572006225586 112.904479980469 113.223281860352 113.147247314453 112.621490478516 112.275039672852 112.128692626953 110.895629882812 109.993507385254 110.627304077148 111.764274597168 110.51155090332 109.991226196289 110.366142272949 110.941879272461 110.452606201172 109.921936035156 109.544578552246 109.025405883789 108.325126647949 108.02001953125 108.177261352539 108.87663269043 109.474243164062 109.650650024414 109.842193603516 109.718788146973 110.057601928711 110.10139465332 110.723388671875 110.852714538574 110.413940429688 110.000061035156 108.98307800293 109.173278808594 108.595840454102 108.561614990234
110.180557250977 110.868530273438 111.466453552246 112.141990661621 112.619529724121 112.781410217285 112.695121765137 112.574188232422 112.60489654541 112.834426879883 113.118057250977 113.38109588623 113.361404418945 113.01057434082 112.637161254883 112.001884460449 111.052520751953 110.359191894531 110.220428466797 110.298789978027 110.464042663574 110.25080871582 110.11669921875 110.231803894043 110.128570556641 109.959999084473 109.499046325684 108.582305908203 108.016967773438 108.016967773438 108.024108886719 108.150062561035 109.458015441895 109.979446411133 110.150085449219 110.237777709961 110.462203979492 110.588775634766 110.866134643555 110.87922668457 110.502395629883 110.079071044922 108.98307800293 109.047073364258 108.919502258301 108.561614990234
