DEM.asc
NCOLS 410
NROWS 410
XLLCORNER 2398750
YLLCORNER 2548750
CELLSIZE 250
NODATA_VALUE -9999
[rows 357 to 377 of 410, columns 0 to 45 of 410]
-9999 -9999 -9999 -9999 -9999 119.770561218262 119.576889038086 119.280685424805 118.932113647461 118.843055725098 118.617958068848 118.359718322754 117.657852172852 116.571952819824 116.571952819824 116.571952819824 117.094512939453 116.559478759766 115.35954284668 115.35954284668 115.35954284668 115.35954284668 115.44841003418 115.929931640625 116.628967285156 117.708290100098 117.232879638672 117.33277130127 117.41813659668 116.894737243652 116.894737243652 117.315811157227 117.271560668945 118.283638000488 118.095443725586 118.02522277832 118.141670227051 118.217025756836 117.962936401367 117.653137207031 117.653137207031 117.653137207031 117.662445068359 118.009643554688 117.893180847168 117.747848510742
-9999 -9999 -9999 -9999 -9999 119.979148864746 119.831436157227 119.550384521484 119.251892089844 118.462699890137 118.82731628418 118.530296325684 118.158721923828 117.161193847656 116.571952819824 116.934005737305 117.272155761719 116.904167175293 115.798950195312 115.35954284668 115.35954284668 115.35954284668 115.476127624512 115.610626220703 115.9609375 117.132614135742 116.854934692383 117.315994262695 117.547080993652 116.913314819336 116.894737243652 117.353912353516 115.918701171875 118.495185852051 118.514869689941 118.377792358398 118.594429016113 118.723846435547 118.329139709473 117.653137207031 117.653137207031 117.653137207031 117.653137207031 117.874359130859 117.942291259766 117.958541870117
-9999 -9999 -9999 -9999 -9999 120.404998779297 120.000015258789 119.737854003906 118.815002441406 119.278396606445 119.049209594727 118.827835083008 118.628753662109 117.536315917969 116.571952819824 117.362396240234 117.385902404785 116.287933349609 115.512756347656 115.38516998291 115.685203552246 115.832992553711 115.941314697266 116.040924072266 116.167304992676 116.233467102051 116.233467102051 116.771469116211 117.722579956055 117.690643310547 117.450592041016 117.975570678711 118.631866455078 118.342208862305 118.81510925293 118.675666809082 118.971817016602 119.208740234375 118.780815124512 117.75952911377 117.653137207031 117.653137207031 117.653137207031 117.698463439941 117.813003540039 118.049674987793
-9999 -9999 -9999 -9999 -9999 120.607704162598 120.365997314453 119.806083679199 119.462005615234 119.494415283203 119.33317565918 119.078460693359 118.913421630859 118.086395263672 116.571952819824 117.648056030273 116.365455627441 115.381210327148 115.381210327148 115.381210327148 115.948089599609 116.279052734375 116.477508544922 116.636260986328 116.587966918945 116.269577026367 116.233467102051 116.482238769531 117.237670898438 117.535636901855 117.616622924805 118.10563659668 118.747802734375 118.649971008301 118.884338378906 118.982872009277 118.622634887695 119.297470092773 118.858863830566 117.902389526367 117.653137207031 117.653137207031 117.807815551758 117.656509399414 117.69051361084 118.252777099609
-9999 -9999 -9999 -9999 -9999 120.909530639648 120.577362060547 120.277984619141 119.713584899902 119.81901550293 119.641647338867 119.392990112305 119.091552734375 118.140991210938 118.088973999023 115.381210327148 115.381210327148 115.381210327148 115.381210327148 115.381210327148 115.571327209473 116.446998596191 117.052490234375 117.445022583008 117.35124206543 116.733322143555 116.233467102051 116.233467102051 116.519943237305 116.984481811523 117.287269592285 117.781143188477 118.386001586914 118.636123657227 117.842353820801 118.224555969238 119.047920227051 118.705528259277 119.048110961914 118.02180480957 117.667083740234 117.959259033203 117.870239257812 117.656509399414 117.656509399414 118.640960693359
-9999 -9999 -9999 -9999 -9999 121.35417175293 120.871398925781 120.524314880371 120.295043945312 120.060966491699 119.858001708984 119.588592529297 119.235038757324 118.848052978516 117.784248352051 115.918151855469 115.381210327148 115.381210327148 115.381210327148 115.381210327148 115.497138977051 116.511169433594 117.592086791992 118.347175598145 118.285919189453 117.34440612793 116.233467102051 116.233467102051 116.233467102051 116.562835693359 116.862335205078 117.396530151367 118.231643676758 118.658729553223 118.529983520508 118.669677734375 118.862716674805 118.800727844238 118.133483886719 118.27278137207 118.347076416016 118.597030639648 118.091018676758 117.656509399414 117.750999450684 118.854698181152
-9999 -9999 -9999 -9999 -9999 121.883880615234 121.323257446289 120.841842651367 120.550369262695 120.415115356445 120.189559936523 119.98356628418 118.951416015625 118.61498260498 117.683624267578 116.659683227539 116.115127563477 115.760475158691 115.439559936523 115.381210327148 115.42977142334 116.562705993652 118.118713378906 119.17529296875 119.24006652832 118.345756530762 116.953163146973 116.236877441406 116.436889648438 116.605926513672 116.771392822266 117.286079406738 118.244667053223 119.006736755371 118.64771270752 118.548355102539 118.710403442383 118.758178710938 118.997657775879 119.106964111328 119.19556427002 119.523078918457 118.869552612305 118.654747009277 118.68669128418 119.322784423828
-9999 -9999 -9999 -9999 -9999 122.289215087891 121.783401489258 121.2822265625 120.895629882812 120.617767333984 120.487411499023 120.049758911133 119.877586364746 118.469802856445 117.285034179688 116.723495483398 116.613327026367 116.505065917969 116.20728302002 115.872131347656 115.897567749023 117.003433227539 118.285385131836 119.508224487305 119.808158874512 119.223648071289 118.311401367188 117.568649291992 117.338180541992 117.024993896484 117.032638549805 117.455963134766 118.169395446777 118.800140380859 118.853500366211 118.770408630371 118.770866394043 118.789840698242 118.787406921387 119.345901489258 119.887191772461 120.072479248047 119.887420654297 119.63542175293 119.57112121582 119.849456787109
-9999 -9999 -9999 -9999 -9999 122.506912231445 122.115081787109 121.688613891602 121.329147338867 121.030448913574 120.838928222656 120.578002929688 120.000190734863 118.534927368164 117.17650604248 116.816940307617 116.971435546875 117.166732788086 117.106964111328 117.085784912109 117.357757568359 118.361747741699 119.093704223633 119.950531005859 119.950531005859 119.950531005859 119.419815063477 118.867958068848 118.068008422852 117.251235961914 117.226669311523 117.568428039551 118.074249267578 118.52392578125 118.702606201172 118.742034912109 118.807632446289 118.893630981445 120.108879089355 119.999984741211 120.288421630859 120.542007446289 120.495994567871 120.219009399414 120.462799072266 120.485298156738
-9999 -9999 -9999 -9999 -9999 122.468238830566 122.140518188477 121.838607788086 121.610610961914 121.500762939453 121.360015869141 120.938003540039 119.902069091797 118.650238037109 117.6591796875 117.314468383789 117.4130859375 117.602867126465 117.867446899414 118.16374206543 118.349349975586 119.247055053711 120.071807861328 119.950531005859 119.950531005859 119.950531005859 119.950531005859 118.016738891602 117.181411743164 117.181411743164 117.259216308594 117.609512329102 118.039016723633 118.273727416992 118.368606567383 118.520980834961 118.674644470215 118.748840332031 118.37264251709 121.284439086914 121.330123901367 120.968872070312 120.732803344727 120.509918212891 120.933639526367 121.146774291992
-9999 -9999 -9999 -9999 -9999 122.208969116211 121.831527709961 121.683670043945 121.683670043945 121.887420654297 121.931945800781 121.385452270508 119.953216552734 118.675018310547 118.078559875488 117.96223449707 117.968048095703 117.843933105469 118.493759155273 119.170318603516 119.266204833984 120.843841552734 121.105819702148 120.340675354004 119.950531005859 119.950531005859 119.950531005859 117.181411743164 117.181411743164 117.256256103516 117.497718811035 117.650634765625 117.945022583008 118.087524414062 118.08642578125 118.299667358398 118.728042602539 119.483352661133 121.09065246582 119.881408691406 120.206909179688 120.494888305664 120.764373779297 120.917144775391 121.214263916016 121.457061767578
-9999 -9999 -9999 -9999 -9999 121.915802001953 121.683670043945 121.683670043945 121.683670043945 122.047073364258 122.341682434082 121.824829101562 120.029403686523 118.742782592773 118.607131958008 118.615142822266 118.594787597656 118.510032653809 119.14128112793 119.503898620605 121.650588989258 123.764503479004 122.002891540527 121.22770690918 120.19344329834 119.950531005859 119.950531005859 119.339576721191 118.420562744141 118.296714782715 118.067489624023 117.749145507812 118.088531494141 118.272415161133 118.141387939453 118.624282836914 119.372055053711 120.069450378418 120.980102539062 119.483627319336 120.141571044922 120.412963867188 120.76490020752 121.031867980957 120.775192260742 120
-9999 -9999 -9999 -9999 -9999 121.78288269043 121.683670043945 121.683670043945 121.683670043945 121.97819519043 122.562217712402 122.359756469727 119.901443481445 119.257843017578 119.416778564453 119.463722229004 119.492218017578 119.829635620117 122.679542541504 125.468124389648 128.485656738281 126.966949462891 125.048522949219 122.873153686523 121.152938842773 119.950531005859 119.950531005859 120.017555236816 119.917938232422 119.511871337891 118.943618774414 118.623519897461 118.654800415039 118.918106079102 119.065612792969 119.507308959961 120 120.506309509277 118.441436767578 120.173904418945 120.412872314453 120.673164367676 120.973823547363 121.107025146484 120.900047302246 120.419128417969
-9999 -9999 -9999 -9999 -9999 122.026657104492 121.683670043945 121.683670043945 121.683670043945 121.683670043945 122.430114746094 122.588623046875 120.530334472656 119.876998901367 119.822692871094 119.99983215332 121.091888427734 123.911834716797 127.676071166992 130.150268554688 130.227508544922 129.505432128906 127.341323852539 124.3408203125 122.051651000977 120.112083435059 119.950531005859 119.956016540527 120.011993408203 120.019790649414 120 120.000076293945 119.809509277344 119.80924987793 120.077713012695 120.26091003418 120.198509216309 120.130279541016 120.409591674805 120.120651245117 120.490020751953 121.083480834961 121.384452819824 121.48649597168 121.266296386719 121.057754516602
-9999 -9999 -9999 -9999 -9999 122.581008911133 122.394912719727 122.153915405273 121.683670043945 121.683670043945 121.862503051758 122.98779296875 121.563049316406 119.94482421875 121.378555297852 123.633613586426 125.458267211914 127.538925170898 130.537719726562 130.077270507812 130.007675170898 129.593170166016 127.599060058594 125.080467224121 123.056304931641 121.252014160156 120.730842590332 120.679153442383 120.356262207031 120 120.692054748535 121.238151550293 121.108520507812 120.996734619141 121.07706451416 120.767463684082 120.642517089844 120.521347045898 120.128837585449 119.150932312012 120.28018951416 121.453262329102 121.839820861816 122.077178955078 122.152084350586 122.139152526855
-9999 -9999 -9999 -9999 -9999 123.09716796875 123.423080444336 123.765518188477 122.765747070312 121.683670043945 122.495780944824 123.345596313477 121.925025939941 122.489456176758 123.44792175293 126.552375793457 129.089599609375 129.478332519531 130.202102661133 130.016876220703 130.097320556641 128.872375488281 126.470245361328 125.004684448242 123.904922485352 123.022178649902 122.814613342285 122.420364379883 121.653259277344 121.325157165527 121.953178405762 122.364868164062 122.14094543457 122.07649230957 122.149673461914 122.092674255371 121.318725585938 120.771942138672 120.485107421875 120.144340515137 120.161598205566 121.762008666992 122.078033447266 122.259643554688 122.58366394043 123.004791259766
-9999 -9999 -9999 -9999 -9999 123.146263122559 123.351974487305 125.044097900391 124.757141113281 124.639343261719 125.232757568359 124.628601074219 124.856307983398 126.496246337891 127.144027709961 128.880142211914 130.705947875977 133.079010009766 132.636627197266 129.919158935547 127.571212768555 126.419258117676 125.50114440918 124.80460357666 124.414321899414 124.407096862793 124.872039794922 124.394134521484 123.290908813477 122.903625488281 123.484268188477 123.822555541992 123.337158203125 123.144332885742 123.54158782959 123.834228515625 121.755363464355 120.903823852539 120.682693481445 120.23966217041 120.309799194336 122.098602294922 122.296485900879 122.130996704102 122.204055786133 122.80126953125
-9999 -9999 -9999 -9999 -9999 123.146263122559 123.176177978516 125.048202514648 126.278480529785 126.737365722656 126.584846496582 127.32780456543 127.911743164062 128.841934204102 129.559432983398 130.116622924805 131.514114379883 132.406494140625 132.492736816406 130.213500976562 127.914321899414 125.238983154297 125.173789978027 124.761535644531 124.545776367188 124.794830322266 125.197784423828 124.885055541992 124.022567749023 123.590354919434 123.775764465332 123.831954956055 123.457809448242 123.306640625 123.602973937988 123.464477539062 121.851600646973 120.93775177002 120.697280883789 120.226516723633 120.355041503906 122.95442199707 122.795692443848 121.944694519043 122.152282714844 122.759750366211
-9999 -9999 -9999 -9999 -9999 123.146263122559 123.68342590332 125.817123413086 127.757019042969 128.450271606445 128.232803344727 128.939956665039 129.571746826172 129.999938964844 131.981842041016 132.149627685547 130.577362060547 130.769302368164 131.337585449219 130.395904541016 129.542999267578 128.016311645508 126.197067260742 125.042037963867 124.552947998047 124.868896484375 125.163398742676 124.740982055664 124.057167053223 123.641387939453 123.458824157715 123.118209838867 122.687713623047 122.49169921875 122.427459716797 122.06901550293 121.340507507324 120.755905151367 120.60139465332 120.185897827148 121.001831054688 123.810119628906 121.904342651367 121.471542358398 123.039169311523 123.258010864258
-9999 -9999 -9999 -9999 -9999 123.460845947266 124.466445922852 126.473236083984 127.903793334961 129.580535888672 129.85595703125 129.985153198242 131.162750244141 131.366271972656 135.029418945312 137.590225219727 134.538269042969 130.741302490234 130.504486083984 130 129.773681640625 128.719192504883 127.19108581543 125.656280517578 124.722763061523 125.47322845459 125.66633605957 124.813758850098 123.94953918457 123.592437744141 123.301712036133 122.716049194336 121.989036560059 121.769264221191 121.417930603027 120.907470703125 120.612442016602 120.446243286133 120.335731506348 120.091529846191 120.551940917969 117.288131713867 117.479614257812 122.400184631348 124.087478637695 123.714538574219
-9999 -9999 -9999 -9999 -9999 125.350509643555 127.000595092773 128.413635253906 129.450012207031 130.655364990234 134.40803527832 137.123184204102 139.181930541992 139.657196044922 141.318420410156 140.532379150391 137.230285644531 132.113204956055 130 130 129.784408569336 129.196685791016 128.037170410156 127.213134765625 127.373092651367 127.176055908203 126.90364074707 125.260261535645 124.275573730469 123.923301696777 123.705909729004 123.264709472656 122.614273071289 122.087356567383 121.526657104492 120.460372924805 120.535690307617 120.613677978516 120.312698364258 120.657318115234 120.784309387207 120.627304077148 120.236976623535 121.019920349121 123.19319152832 123.849258422852
