DEM.asc
NCOLS 410
NROWS 410
XLLCORNER 2398750
YLLCORNER 2548750
CELLSIZE 250
NODATA_VALUE -9999
[rows 294 to 314 of 410, columns 230 to 275 of 410]
110.504806518555 110.557838439941 111.191680908203 112.133285522461 112.84992980957 113.087280273438 112.988983154297 112.793075561523 112.780456542969 113.039390563965 113.336837768555 113.555587768555 113.574142456055 113.29271697998 112.858245849609 112.221710205078 111.481567382812 111.08512878418 111.099166870117 111.184410095215 111.261856079102 110.953170776367 110.646209716797 110.20630645752 110.023696899414 109.999984741211 109.292037963867 108.565093994141 108.105422973633 108.339828491211 108.372848510742 108.495071411133 110.000411987305 110.188316345215 110.382064819336 110.513076782227 110.817672729492 111.146209716797 111.370315551758 111.22607421875 110.707702636719 110.269172668457 109.7890625 109.650970458984 109.506454467773 109.337898254395
111.344146728516 110.501861572266 110.787124633789 112.057632446289 113.153915405273 113.375175476074 113.265289306641 112.971725463867 112.932800292969 113.331985473633 113.699142456055 113.882598876953 113.899627685547 113.685501098633 113.296585083008 112.752365112305 112.146179199219 111.865165710449 112.143737792969 112.507949829102 112.291694641113 111.836990356445 111.502212524414 111.125442504883 110.06965637207 110.011489868164 109.718704223633 109.297119140625 108.964721679688 109.14323425293 109.272285461426 109.503921508789 110.028121948242 110.376167297363 110.643981933594 110.934265136719 111.220458984375 111.588226318359 111.921600341797 111.63395690918 110.938583374023 110.515335083008 110.021560668945 109.958847045898 109.971923828125 109.963409423828
111.531494140625 110.501861572266 110.525688171387 111.949417114258 113.079788208008 113.596313476562 113.599136352539 113.349334716797 113.363204956055 113.815093994141 114.214599609375 114.398132324219 114.331573486328 114.054550170898 113.676162719727 113.172927856445 112.521949768066 112.119873046875 112.397796630859 112.990753173828 112.912078857422 112.518440246582 112.200408935547 111.751861572266 110 109.996429443359 109.996429443359 109.850830078125 109.496612548828 109.670768737793 109.925491333008 109.895645141602 109.973068237305 110.408172607422 110.839599609375 111.185119628906 111.386947631836 111.589111328125 111.70832824707 111.380859375 110.798065185547 110.238388061523 110.037368774414 110.275360107422 110.205459594727 110.077934265137
111.897018432617 110.851417541504 110.916091918945 112.154724121094 113.325164794922 113.961051940918 114.056213378906 113.971054077148 114.041053771973 114.416580200195 114.814270019531 114.999084472656 114.785705566406 114.335601806641 113.946853637695 113.396926879883 112.551544189453 112.119873046875 112.119873046875 112.517860412598 112.867652893066 112.688003540039 112.439750671387 111.765724182129 110.81787109375 110.411445617676 109.996429443359 110.349227905273 110.114303588867 110.083053588867 110.044700622559 110.003479003906 110.000007629395 110.492645263672 110.872055053711 111.216888427734 111.335784912109 111.235969543457 110.93913269043 110.563568115234 110.379699707031 110.327255249023 110.36222076416 110.580116271973 110.572540283203 110.309989929199
112.379409790039 111.247299194336 111.092559814453 112.38224029541 113.835105895996 114.374755859375 114.381233215332 114.284713745117 114.332336425781 114.624618530273 115.096176147461 115.36360168457 114.907516479492 114.26823425293 114.104873657227 113.732147216797 112.531883239746 112.119873046875 112.119873046875 112.166931152344 112.785087585449 112.592079162598 112.412399291992 112.191986083984 111.640075683594 111.100463867188 110.742004394531 110.806625366211 110.694969177246 110.668014526367 110.537376403809 110.56462097168 110.449905395508 110.616271972656 110.995018005371 111.273414611816 111.300437927246 110.959762573242 110.411689758301 110.341537475586 110.341537475586 110.584281921387 110.709228515625 110.907836914062 110.970672607422 110.643005371094
112.432083129883 111.217666625977 111.003715515137 112.496757507324 114.382629394531 114.630859375 114.414321899414 114.171188354492 114.11360168457 114.133079528809 114.720108032227 115.348808288574 114.331748962402 114.11360168457 114.11360168457 114.534675598145 113.016479492188 112.119873046875 112.119873046875 112.983596801758 113.057723999023 112.40348815918 112.40348815918 112.832145690918 112.617630004883 112.028396606445 111.658508300781 111.493911743164 111.346153259277 111.273376464844 111.28515625 111.238388061523 111.156021118164 111.186859130859 111.422134399414 111.577911376953 111.536781311035 111.107315063477 110.685302734375 110.521934509277 111.167823791504 111.179504394531 110.891647338867 110.865814208984 110.921234130859 110.906951904297
111.621490478516 111.015121459961 111.183540344238 112.686164855957 114.114807128906 114.451690673828 114.11360168457 114.11360168457 114.11360168457 114.11360168457 114.11360168457 114.11360168457 114.11360168457 114.11360168457 114.11360168457 114.753410339355 113.666137695312 112.356391906738 112.70671081543 114.1494140625 113.111503601074 112.40348815918 112.40348815918 112.56468963623 112.838714599609 112.559020996094 112.294494628906 112.134956359863 112.027641296387 111.983139038086 112.054992675781 112.092781066895 112.000785827637 111.972579956055 112.086090087891 112.068069458008 112.078536987305 111.709899902344 111.587631225586 112.372848510742 112.907791137695 111.391403198242 110.865814208984 110.865814208984 110.865814208984 111.106246948242
111.003715515137 111.003715515137 111.562156677246 112.928817749023 113.926376342773 114.195503234863 114.11360168457 114.11360168457 114.11360168457 114.11360168457 114.11360168457 114.11360168457 114.11360168457 114.11360168457 114.11360168457 114.165939331055 113.934844970703 113.386444091797 113.595390319824 113.877655029297 112.808837890625 112.40348815918 112.40348815918 112.40348815918 112.5703125 112.774345397949 112.716079711914 112.680099487305 112.643112182617 112.573547363281 112.574691772461 112.608711242676 112.628158569336 112.708084106445 112.835174560547 112.890914916992 112.851776123047 112.552917480469 112.365600585938 112.565567016602 112.120712280273 110.865814208984 110.865814208984 110.865814208984 110.957855224609 111.421234130859
111.003715515137 111.00707244873 112.000198364258 113.334968566895 114.074783325195 114.245468139648 114.11360168457 114.11360168457 114.11360168457 114.11360168457 114.11360168457 114.11360168457 114.11360168457 114.11360168457 114.145111083984 114.315780639648 113.955825805664 113.624710083008 113.80248260498 114.073226928711 113.371185302734 112.40348815918 112.40348815918 112.40348815918 112.680847167969 112.851020812988 112.885406494141 113.017959594727 113.050598144531 112.921432495117 112.827499389648 112.846748352051 112.973358154297 113.190406799316 113.408645629883 113.48747253418 113.425231933594 113.206115722656 112.924697875977 112.672645568848 111.954498291016 110.865814208984 110.865814208984 110.902420043945 111.532821655273 111.846519470215
112.175849914551 111.87181854248 112.516082763672 113.672546386719 114.214584350586 114.433547973633 114.692893981934 114.500198364258 114.11360168457 114.11360168457 114.11360168457 114.86882019043 115.469924926758 116.188323974609 115.976989746094 114.539222717285 113.624710083008 113.624710083008 113.624710083008 114.737152099609 114.640151977539 113.741760253906 113.301025390625 113.27490234375 113.234420776367 112.856826782227 112.856826782227 113.083297729492 113.259704589844 113.064895629883 112.943557739258 112.979583740234 113.199584960938 113.524307250977 113.814514160156 113.9404296875 113.745666503906 113.541076660156 113.419830322266 113.318519592285 112.910720825195 111.980178833008 111.592315673828 112.053245544434 112.470001220703 112.31209564209
113.17121887207 112.527763366699 112.691818237305 113.435363769531 113.890396118164 114.244415283203 114.884948730469 115.282730102539 114.283615112305 114.11360168457 114.11360168457 114.11360168457 114.569229125977 116.319808959961 116.184951782227 114.106155395508 113.624710083008 113.624710083008 113.624710083008 114.096900939941 115.070587158203 114.950241088867 114.670852661133 114.307083129883 113.704856872559 112.856826782227 112.856826782227 112.856826782227 112.904449462891 112.973495483398 112.973838806152 113.068168640137 113.350326538086 113.663818359375 113.885932922363 113.957962036133 113.562347412109 113.377212524414 113.575347900391 113.940658569336 113.947616577148 113.346008300781 112.867889404297 112.941436767578 113.052757263184 112.523651123047
113.125946044922 112.705505371094 112.69905090332 113.119400024414 113.397979736328 113.651336669922 114.267456054688 114.831680297852 114.55982208252 114.11360168457 114.11360168457 114.11360168457 114.11360168457 114.911605834961 114.705276489258 113.624710083008 113.624710083008 113.624710083008 113.624710083008 113.624710083008 115.113952636719 115.767044067383 115.656982421875 114.90828704834 113.785140991211 112.856826782227 112.856826782227 112.856826782227 112.856826782227 112.999572753906 113.14094543457 113.293594360352 113.55339050293 113.733016967773 113.696090698242 113.347984313965 113.347984313965 113.347984313965 113.367233276367 114.158111572266 114.290702819824 113.800262451172 113.376663208008 113.268737792969 113.098678588867 112.461929321289
113.585357666016 112.805702209473 112.832916259766 113.452758789062 113.383750915527 113.301315307617 113.665748596191 114.478324890137 114.654098510742 114.249946594238 114.11360168457 114.11360168457 114.279190063477 115.05965423584 114.635833740234 113.624710083008 113.624710083008 113.624710083008 113.624710083008 114.031661987305 115.852607727051 116.503311157227 116.273178100586 115.227714538574 113.789825439453 112.856826782227 112.856826782227 112.856826782227 113.238723754883 113.519104003906 113.491058349609 113.55908203125 113.813949584961 113.96533203125 113.8125 113.347984313965 113.347984313965 113.347984313965 113.347984313965 114.363250732422 114.383148193359 113.581550598145 113.347984313965 113.454627990723 113.364585876465 112.530746459961
115.132759094238 113.258285522461 113.549827575684 115.273651123047 114.474128723145 113.301315307617 113.704879760742 114.859016418457 115.151718139648 115.120300292969 115.305328369141 115.808731079102 115.847442626953 116.095657348633 116.216445922852 114.468330383301 113.624710083008 113.624710083008 113.624710083008 115.227722167969 117.01708984375 117.157989501953 116.595611572266 115.25032043457 113.385032653809 112.856826782227 112.937339782715 114.330307006836 114.667304992676 114.398048400879 114.024459838867 113.832313537598 114.195587158203 114.501861572266 114.601989746094 114.022560119629 113.347984313965 113.347984313965 113.347984313965 114.787651062012 114.402206420898 113.347984313965 113.347984313965 113.776809692383 114.218200683594 113.310256958008
116.391479492188 115.234466552734 115.378341674805 116.429214477539 115.861968994141 114.748672485352 114.912902832031 115.599807739258 115.879898071289 115.80387878418 115.943550109863 116.400085449219 116.441467285156 116.355987548828 115.973640441895 114.299530029297 113.624710083008 113.624710083008 113.624710083008 115.07096862793 117.080451965332 117.356231689453 116.546188354492 114.900817871094 112.856826782227 112.856826782227 113.431640625 115.061157226562 115.465438842773 115.113708496094 114.653137207031 114.372467041016 114.726333618164 114.98908996582 115.138031005859 115.041847229004 113.347984313965 113.347984313965 113.347984313965 114.282814025879 113.684432983398 113.347984313965 113.347984313965 113.651397705078 114.85090637207 114.612777709961
117.151107788086 116.849388122559 116.89379119873 117.183685302734 116.922485351562 116.494232177734 116.544250488281 116.797637939453 116.703903198242 116.209945678711 116.117538452148 116.512138366699 116.562408447266 116.15991973877 115.401107788086 113.624710083008 113.624710083008 113.624710083008 114.430709838867 116.220565795898 117.543319702148 117.654838562012 116.674346923828 114.90079498291 113.320938110352 113.041122436523 114.105041503906 115.31615447998 115.78825378418 115.661911010742 115.408851623535 115.322151184082 115.386962890625 115.205184936523 114.719421386719 113.687049865723 113.347984313965 113.347984313965 113.347984313965 113.347984313965 113.347984313965 113.347984313965 113.347984313965 113.347984313965 114.405731201172 115.042663574219
117.357650756836 117.196548461914 117.32861328125 117.487106323242 117.248916625977 117.046356201172 117.344329833984 117.6767578125 116.992126464844 115.955947875977 115.933685302734 116.967666625977 116.856094360352 116.463531494141 116.022270202637 114.811912536621 113.86604309082 114.025573730469 115.131065368652 117.238708496094 118.465034484863 118.23844909668 117.280502319336 115.806640625 114.444793701172 114.106903076172 114.871063232422 115.782897949219 116.096199035645 116.024543762207 116.021354675293 116.091567993164 115.856735229492 115.24829864502 114.39909362793 113.347984313965 113.347984313965 113.347984313965 113.347984313965 113.347984313965 113.347984313965 113.347984313965 113.347984313965 113.347984313965 113.410522460938 114.48078918457
116.753265380859 116.462982177734 116.799987792969 117.240051269531 116.758224487305 116.305877685547 116.516647338867 117.151351928711 115.826599121094 114.797637939453 114.797637939453 117.375686645508 116.913681030273 117.061309814453 117.519866943359 117.159286499023 115.684036254883 114.503593444824 114.412475585938 117.828651428223 118.973945617676 118.600036621094 117.991958618164 116.857643127441 114.949699401855 114.46150970459 115.469390869141 116.263153076172 116.281753540039 116.035293579102 115.993927001953 116.650955200195 115.783462524414 115.073173522949 114.849128723145 114.191558837891 113.347984313965 113.347984313965 113.347984313965 113.347984313965 113.866310119629 113.665679931641 113.347984313965 113.347984313965 113.347984313965 114.924377441406
115.090286254883 115.052047729492 115.454116821289 115.784439086914 115.552131652832 114.876647949219 114.797637939453 114.797637939453 114.797637939453 114.797637939453 114.797637939453 114.965972900391 116.37565612793 117.329055786133 118.138175964355 117.99382019043 116.585433959961 114.71125793457 114.412475585938 114.577835083008 117.502738952637 118.089248657227 117.693389892578 116.359680175781 114.426078796387 114.426078796387 115.402221679688 116.248016357422 115.996231079102 115.296043395996 114.938255310059 114.938255310059 114.938255310059 114.938255310059 115.061019897461 116.011032104492 114.815849304199 114.0625 114.002349853516 114.82373046875 115.381744384766 114.486351013184 113.781768798828 113.67537689209 114.422912597656 115.238830566406
114.797637939453 114.797637939453 114.797637939453 114.797637939453 114.797637939453 114.797637939453 114.797637939453 114.797637939453 114.797637939453 114.797637939453 115.016304016113 115.782867431641 116.726760864258 117.558166503906 118.0966796875 117.944007873535 116.998962402344 115.670852661133 114.722938537598 115.256622314453 116.726974487305 117.406639099121 116.910675048828 114.86353302002 114.426078796387 114.426078796387 114.778594970703 115.614364624023 115.204544067383 114.938255310059 114.938255310059 114.938255310059 114.938255310059 114.938255310059 114.938255310059 115.018379211426 115.40966796875 115.284088134766 115.113220214844 115.220001220703 115.154006958008 114.584465026855 114.030418395996 114.11897277832 114.773559570312 114.628936767578
114.797637939453 114.797637939453 114.797637939453 114.797637939453 114.797637939453 115.39372253418 115.74934387207 115.714691162109 115.421249389648 115.593139648438 116.173385620117 116.940200805664 117.511528015137 117.883316040039 118.035217285156 117.918952941895 117.481430053711 116.999542236328 116.824287414551 116.834480285645 116.986450195312 117.330520629883 117.148666381836 115.508193969727 114.426078796387 114.426078796387 114.756164550781 115.225791931152 114.938255310059 114.938255310059 114.938255310059 114.938255310059 114.938255310059 114.938255310059 114.938255310059 114.938255310059 115.421890258789 116.004043579102 115.865760803223 115.503219604492 115.063903808594 114.481964111328 114.038131713867 114.282928466797 115.025161743164 114.697143554688
