NAME	= mrrtf_slope0.7_pctl0.8
DESCRIPTION	= 
UNIT	= 
DATAFORMAT	= FLOAT
DATAFILE_OFFSET	= 0
BYTEORDER_BIG	= FALSE
TOPTOBOTTOM	= FALSE
POSITION_XMIN	= 2398875.0000000000000000
POSITION_YMIN	= 2548875.0000000000000000
CELLCOUNT_X	= 410
CELLCOUNT_Y	= 410
CELLSIZE	= 250.0000000000000000
Z_FACTOR	= 1.000000
Z_OFFSET	= 0.000000
NODATA_VALUE	= -99999.000000;-99999.000000
