mrvbf_slope0.5_pctl1.1.asc
NCOLS 410
NROWS 410
XLLCORNER 2398750.0000000000000000
YLLCORNER 2548750.0000000000000000
CELLSIZE 250.0000000000000000
NODATA_VALUE -99999.00000
[rows 232 to 260 of 410, columns 198 to 263 of 410]
2.47842 3.00788 3.22272 3.40310 3.44252 3.18023 2.75209 2.60228 2.88702 2.93414 2.78667 2.76976 2.73028 2.73025 2.92563 2.70541 2.75889 3.03365 3.19296 3.24559 2.92155 2.77128 2.69098 2.58490 2.48430 2.28945 2.32908 2.50640 2.61961 2.75225 2.82540 2.68819 2.69591 2.71976 2.75701 2.83261 3.12293 3.38270 2.91590 2.62756 2.47632 2.11814 1.60355 1.77691 2.02971 2.26653 1.95385 1.72953 1.61771 1.61249 1.66726 1.76269 1.83526 1.86411 2.00802 2.22949 2.40426 2.55856 2.69664 2.87371 2.82437 2.77352 2.66234 2.46767 2.30286 2.23865
2.08963 2.36382 2.58143 2.72172 2.78953 2.80184 2.63908 2.57187 2.67842 2.51783 2.47788 2.48890 2.48623 2.50931 2.55409 2.41817 2.39635 2.45435 2.56258 2.62494 2.57305 2.64086 2.65341 2.53062 2.49116 2.52448 2.62781 2.71984 2.54701 2.61634 2.69972 2.61726 2.76707 2.91051 2.86373 2.74166 2.86990 3.01523 2.65513 2.48036 2.22071 1.63509 1.45965 1.72768 1.80507 2.00775 1.87859 1.75129 1.65433 1.62404 1.68016 1.82156 2.03978 2.37208 2.85638 2.87912 2.99551 3.17794 3.24470 3.26027 3.29981 3.29361 3.16454 2.80364 2.46558 2.34969
2.13344 2.16958 2.41599 2.58862 2.63022 2.80412 2.68099 2.33603 2.07431 1.85907 1.83124 1.80255 1.81123 1.98810 2.11478 2.02417 1.94909 1.98842 2.09642 2.15317 2.17230 2.40578 2.63454 2.50276 2.44765 2.65874 3.05051 3.01955 2.60980 2.51786 2.56019 2.55643 2.79840 3.13312 2.88260 2.73466 2.84732 2.82205 2.57121 2.40471 2.22916 1.97915 2.08746 2.17540 1.89959 1.89517 1.85561 1.74758 1.65519 1.66579 1.75411 1.99529 2.52175 3.02850 3.10355 3.15271 3.33043 3.52258 3.52778 3.50491 3.55857 3.51705 3.38805 3.20467 2.78372 2.46659
2.84272 2.84400 2.86687 3.00201 2.88590 2.85749 2.51000 1.94793 1.64539 1.54802 1.48121 1.30191 1.19502 1.61878 1.86788 2.01510 2.02941 2.06213 1.87085 1.63067 1.67718 2.08919 2.44325 2.49754 2.50379 2.70278 2.94281 3.06070 2.83533 2.55786 2.44099 2.51234 2.84649 3.08834 2.87282 2.75884 2.82377 2.68440 2.51531 2.44868 2.37913 2.17769 2.22941 2.40349 2.14020 1.97917 1.87365 1.71655 1.69960 1.85763 2.11800 2.63464 2.99975 3.12438 3.15573 3.26843 3.43562 3.55539 3.59069 3.60181 3.64586 3.66018 3.52874 3.38429 3.14601 2.79022
2.82301 2.94916 3.02758 3.11646 3.07119 2.91814 2.33971 1.71154 1.45143 1.65196 1.69372 1.58916 1.48061 1.45610 1.99327 2.49738 2.39080 2.24361 2.09011 1.88628 2.06557 2.04888 2.36671 2.67864 2.74762 2.74047 2.73804 2.69634 2.75679 2.75801 2.57497 2.67217 2.91889 3.03616 2.90165 2.77800 2.83711 2.63592 2.52979 2.60170 2.55833 2.24868 2.08217 2.33267 2.31739 2.12694 1.92654 1.78760 1.88923 2.29368 2.70178 2.94716 3.09453 3.10377 3.02657 3.00915 3.08595 3.18531 3.24407 3.26241 3.31462 3.42855 3.48153 3.47565 3.28693 2.92851
3.08442 3.15315 3.28704 3.37443 3.26615 2.72663 2.19661 1.59575 1.51225 2.19648 2.62343 2.53507 2.36308 1.93667 2.11952 2.57828 2.64058 2.25861 1.88008 1.79188 2.16013 2.05492 2.34875 2.83922 3.00898 2.93361 2.91773 2.72345 2.53973 2.57398 2.75668 2.90032 2.96522 3.13832 3.01262 2.76692 2.76862 2.61210 2.58047 2.78994 2.72948 2.38193 2.07475 2.20257 2.38787 2.27973 2.10115 2.05563 2.33531 2.82399 3.09543 3.09885 2.99972 2.65763 2.35308 2.30027 2.39748 2.53002 2.61071 2.63861 2.69775 2.85594 3.06196 3.28628 3.37817 3.08227
3.28998 3.41235 3.55025 3.34083 2.99751 2.61666 2.20533 1.66958 1.95434 2.61047 2.59512 2.53363 2.30070 2.26122 2.30436 2.50719 2.34808 1.92597 1.50449 1.43281 1.71559 1.77005 2.16434 2.56332 2.66146 2.70999 2.90584 2.87003 2.53978 2.51612 2.87900 2.98823 3.11797 3.22069 3.03235 2.76528 2.68631 2.63331 2.63389 2.76539 2.69477 2.45653 2.19561 2.18724 2.37312 2.39274 2.32394 2.34364 2.56761 3.01899 3.21635 3.07099 2.57243 2.00199 1.73656 1.78686 1.90888 2.02328 2.10547 2.11057 2.09475 2.22432 2.58196 3.02231 3.35716 3.32262
2.99411 2.92910 2.92922 2.83239 2.82155 2.73056 2.41818 2.11813 2.23840 2.45728 2.71328 2.94791 2.76230 2.62378 2.66024 2.54742 1.99469 1.48047 1.16060 1.33443 1.48688 1.58767 1.98292 2.30945 2.36883 2.39876 2.48730 2.49578 2.36123 2.46624 2.78407 2.82868 2.87351 2.92396 2.83558 2.68701 2.64204 2.66341 2.61928 2.58239 2.51139 2.44160 2.32224 2.20426 2.29264 2.37078 2.39811 2.49801 2.71806 3.10421 3.21102 2.81502 2.14949 1.69158 1.65082 1.77342 1.85520 1.95146 2.09561 2.15525 2.10149 2.10865 2.41502 2.86638 3.28478 3.49890
2.74337 2.57527 2.49897 2.54006 2.74361 2.96059 2.67309 2.47701 2.51726 2.74561 3.15375 3.46804 3.28576 2.97121 2.80469 2.35011 1.82114 1.33257 1.23051 1.52173 1.57329 1.57954 1.92460 2.28200 2.25898 2.25759 2.34862 2.42337 2.41106 2.62456 2.88069 2.82382 2.74905 2.74146 2.68820 2.63179 2.64084 2.70271 2.54328 2.44178 2.38504 2.38218 2.39910 2.19605 2.21259 2.34931 2.44309 2.57706 2.84849 3.16021 3.14900 2.65337 2.06623 1.82208 2.16729 2.42438 2.38401 2.43402 2.63506 2.83835 2.87012 2.72906 2.59703 2.81939 3.16817 3.44661
2.67022 2.48510 2.38503 2.44026 2.57584 2.89099 2.89804 2.64647 2.71559 3.06873 3.41172 3.26972 2.93181 2.74613 2.56757 2.15477 1.69551 1.32822 1.30987 1.62500 1.53426 1.48140 1.81322 2.16550 2.05548 2.09006 2.25638 2.46911 2.57423 2.90285 3.20447 3.08100 2.83377 2.65285 2.58772 2.58062 2.58387 2.58795 2.39859 2.29697 2.32581 2.26097 2.22263 2.15361 2.33035 2.42318 2.51112 2.70680 2.87265 2.98046 3.01054 2.59397 2.15519 2.05408 2.41918 3.01824 3.16742 3.13124 3.12569 3.10882 2.87802 2.62121 2.67028 2.91441 3.18731 3.43510
2.78134 2.62192 2.59132 2.55632 2.49352 2.70297 3.02063 2.73911 2.72002 3.04305 3.12420 2.80428 2.61497 2.52704 2.34175 1.91056 1.57339 1.39794 1.39356 1.48299 1.27390 1.18726 1.61467 1.82789 1.83446 2.12951 2.21377 2.36841 2.64185 3.03239 3.23803 3.09641 2.80782 2.59557 2.53697 2.48370 2.42864 2.33106 2.15368 2.16785 2.27807 2.21345 2.13317 2.31541 2.46216 2.48901 2.54005 2.70607 2.75277 2.64641 2.56145 2.36120 2.17703 2.21599 2.56248 3.12650 3.42282 3.22609 2.92972 2.67319 2.46323 2.47068 2.72901 3.05171 3.31921 3.47080
2.77710 2.65336 2.74079 2.56535 2.42340 2.65336 3.02516 2.70642 2.61435 2.77627 2.85816 2.70649 2.61644 2.54914 2.27328 1.88258 1.71838 1.52800 1.31408 1.21285 1.06822 0.94419 1.20595 1.49747 2.13292 2.61885 2.58392 2.44310 2.61239 2.99275 3.28873 3.03893 2.70122 2.61100 2.55122 2.40478 2.19994 1.97235 1.91861 2.09089 2.20171 2.19505 2.23197 2.39902 2.46490 2.46211 2.47337 2.56365 2.56102 2.34953 2.14971 2.04943 2.07600 2.22823 2.59388 3.09694 3.32207 2.99381 2.58233 2.42208 2.48996 2.71240 2.95670 3.16909 3.37910 3.53899
2.54855 2.39340 2.51899 2.28806 2.25986 2.53202 2.74097 2.52579 2.47999 2.59014 2.72159 2.71234 2.53042 2.33150 1.99861 1.81888 1.80245 1.64741 1.31845 1.08415 1.07839 1.10599 1.15100 1.63130 2.27238 2.74145 2.86642 2.78529 2.68232 2.91748 3.34449 3.27181 2.82896 2.60111 2.45100 2.23418 2.07144 1.89042 1.88951 2.07169 2.15641 2.24674 2.31453 2.34421 2.34301 2.31515 2.33769 2.50911 2.53833 2.24434 1.91884 1.77690 1.80333 1.90139 2.23998 2.78300 2.96057 2.63575 2.39735 2.45352 2.72191 3.10835 3.31421 3.35961 3.38083 3.44571
2.19524 2.05518 2.23367 1.85027 1.84300 2.24858 2.39221 2.26253 2.26820 2.44257 2.51728 2.47659 2.31831 2.01784 1.68329 1.55160 1.53930 1.43942 1.34059 1.18106 1.27919 1.35627 1.26924 1.73158 2.23110 2.71488 3.08517 2.94689 2.73144 2.78637 3.10332 3.20059 3.00308 2.69007 2.47561 2.10884 1.89578 1.97750 2.03222 2.05989 2.15322 2.30800 2.35501 2.30397 2.19471 2.06206 2.13439 2.67398 2.79561 2.40753 1.87936 1.48793 1.35897 1.42370 1.79087 2.25082 2.37190 2.28676 2.32613 2.55505 2.97535 3.42159 3.61254 3.61687 3.53716 3.51289
1.96586 1.99945 2.19420 1.66562 1.22768 1.89107 2.08053 1.95967 2.13284 2.37388 2.41133 2.21092 1.89718 1.68303 1.46067 1.27245 1.19099 1.18648 1.27946 1.18743 1.39924 1.60642 1.64326 1.75801 2.08025 2.47492 2.85804 2.80385 2.67168 2.61478 2.64576 2.66939 2.64347 2.51876 2.24518 1.88184 2.04672 2.12970 2.09565 1.97655 2.04285 2.24012 2.37238 2.35360 2.06110 1.65480 1.65087 2.55214 3.06125 2.46967 1.64105 1.22028 1.17701 1.32153 1.61923 1.81755 1.91264 2.06772 2.31852 2.64465 3.11239 3.51899 3.85703 3.84560 3.78642 3.77245
2.05710 2.04258 2.01004 1.84783 1.58271 1.77853 2.04881 2.11071 2.39005 2.43439 2.40967 2.00905 1.68432 1.65176 1.56688 1.41570 1.24719 1.05748 0.99804 1.12500 1.50841 1.71073 1.91577 2.02337 2.19527 2.48356 2.82664 2.79091 2.67788 2.57568 2.52195 2.50571 2.45891 2.29137 2.06014 2.03908 2.11258 2.01505 1.88684 1.76834 1.88923 2.19663 2.47119 2.54789 2.14469 1.78144 1.47210 2.32427 3.18450 2.83450 1.76589 1.05521 1.30745 1.82025 1.75029 1.62559 1.68625 1.96078 2.33821 2.68065 3.10340 3.45966 3.63163 3.68508 3.67033 3.75127
2.17372 2.08471 1.94320 1.95227 2.22434 2.26956 2.48544 2.50323 2.51030 2.46607 2.32535 1.87737 1.77411 1.78781 1.70354 1.51873 1.30274 1.16110 1.22642 1.45218 1.60650 1.77840 2.03387 2.17088 2.24749 2.47331 2.73403 2.67001 2.61682 2.58040 2.52490 2.46273 2.36010 2.25229 2.22230 2.19191 2.02325 1.79151 1.62118 1.64177 1.88860 2.26579 2.68487 2.92999 2.47521 1.90095 1.74344 2.45371 3.27083 3.16024 2.04679 1.39186 1.36632 2.54551 2.09861 1.61733 1.64892 1.95996 2.38940 2.69763 2.97960 3.25009 3.39512 3.47929 3.56517 3.56147
2.15110 2.03377 1.82697 1.77686 2.03005 2.31043 2.69924 2.58121 2.43467 2.33076 2.11689 1.73696 1.64025 1.58248 1.62893 1.49447 1.34064 1.17179 1.22467 1.39396 1.54127 1.75090 2.00367 2.22500 2.30481 2.39264 2.52689 2.55217 2.56224 2.56667 2.54785 2.49562 2.41405 2.42175 2.37656 2.23318 2.07449 1.90527 1.85152 2.07265 2.37083 2.50836 2.68971 2.92378 2.95422 2.64349 2.55900 3.16067 3.48404 3.27534 2.21465 1.68857 1.40097 2.73850 2.33364 1.68780 1.72483 2.05189 2.48834 2.75401 2.90139 3.01447 3.13824 3.28401 3.41175 3.49896
2.07904 1.95723 1.69113 1.54685 1.85604 2.10954 2.51471 2.35372 2.10132 1.90099 1.80513 1.63980 1.52065 1.39261 1.44212 1.47921 1.33949 1.10590 1.11476 1.27426 1.44787 1.75455 1.98227 2.18703 2.32521 2.40276 2.46736 2.51780 2.53839 2.49380 2.52907 2.54189 2.53742 2.56632 2.50752 2.41916 2.41293 2.29760 2.25933 2.61536 2.82743 2.79486 2.65453 2.94192 3.33550 3.34674 3.32187 3.44786 3.55974 3.25315 2.19600 1.71106 1.38171 2.79074 2.36201 1.79850 1.87886 2.21636 2.63273 2.86291 2.90973 2.89493 2.90032 2.95386 3.11934 3.31375
1.96772 1.80722 1.65107 1.73881 1.86387 2.07325 2.43345 2.15783 1.81658 1.66414 1.64253 1.62647 1.55004 1.42272 1.43204 1.34860 1.08609 1.00627 1.17295 1.34350 1.49527 1.80304 2.06759 2.21364 2.34432 2.47845 2.55415 2.56576 2.48279 2.46434 2.53395 2.57611 2.64733 2.77726 2.72080 2.62943 2.56586 2.39183 2.14673 2.07626 2.33633 2.76467 2.72168 2.89819 3.39346 3.54794 3.37386 3.11050 3.27357 3.11047 2.06444 1.42432 1.35999 2.84704 2.23273 1.90213 2.02138 2.39490 2.82904 3.06359 3.01081 2.88065 2.79106 2.74794 2.77594 2.91203
1.72487 1.53155 1.61431 1.89602 1.81135 1.99849 2.25002 2.04994 1.77133 1.83949 1.83492 1.69664 1.59083 1.49174 1.43073 1.26672 0.99176 0.95082 1.16080 1.39805 1.63319 1.96118 2.21668 2.31450 2.38766 2.48039 2.57222 2.55735 2.46399 2.51209 2.54827 2.57994 2.69958 3.00938 3.09757 2.87828 2.79378 2.64928 2.49286 2.34902 2.31007 2.56713 2.75101 2.73558 3.15949 3.30893 2.74637 2.31988 2.45201 2.66494 1.96403 1.00126 1.98357 3.03498 2.28016 1.91529 2.03873 2.46421 2.96347 3.27235 3.14776 2.92576 2.77473 2.69804 2.67489 2.73288
1.48481 1.38510 1.60737 1.92971 1.71358 1.58710 1.86131 1.84467 1.82729 2.12296 2.18880 1.90716 1.63955 1.47218 1.35346 1.04492 0.85390 0.83283 1.01404 1.39229 1.73941 2.08846 2.29157 2.32570 2.35698 2.42663 2.49792 2.47104 2.42592 2.47753 2.53270 2.58525 2.67778 2.89994 3.15517 3.03710 3.10613 3.10143 2.94446 2.76544 2.57641 2.45457 2.62624 2.69512 2.90684 2.87039 2.20506 1.61904 1.69890 2.08412 1.80315 1.28428 2.55681 3.15193 2.66980 2.08001 2.05842 2.44304 2.95672 3.33958 3.14706 2.91908 2.81349 2.74071 2.66410 2.67622
1.55773 1.62911 1.95541 2.12469 1.96054 1.47413 1.56227 1.84983 2.19909 2.45185 2.31778 1.91308 1.60837 1.41076 1.22094 0.84018 0.69958 0.69244 0.84344 1.35493 1.76662 2.08766 2.23941 2.21935 2.20583 2.26203 2.31805 2.29140 2.27488 2.34676 2.48355 2.59985 2.65514 2.79371 2.95946 2.99940 3.03097 3.21018 3.28608 3.16636 2.80963 2.59642 2.56955 2.62135 2.82604 2.61867 2.13041 1.95927 1.59800 1.93028 2.21516 2.53728 2.95250 2.99517 2.69541 2.43228 2.21928 2.44978 2.91161 3.31474 3.08017 2.84163 2.84821 2.79298 2.62854 2.59322
1.74161 1.57508 1.94502 2.19342 2.25501 2.35873 2.33853 2.40333 2.59013 2.62570 2.31982 1.86358 1.57382 1.30468 0.98830 0.74353 0.63946 0.62470 0.68347 1.16623 1.69484 1.95065 2.12130 2.05973 1.96422 1.95742 1.97254 1.92269 1.89340 2.08212 2.36916 2.50295 2.56778 2.74183 2.90587 2.87366 2.98335 3.05335 3.12207 3.03841 2.95984 2.90311 2.79180 2.89409 3.11655 2.75472 2.33477 1.79892 1.70666 2.25995 2.73479 2.98160 3.04670 2.77488 2.29377 2.27921 2.31108 2.50274 2.93878 3.33545 3.05096 2.75378 2.79551 2.87297 2.63837 2.53300
2.06627 1.76080 1.69496 1.87938 2.15454 2.41418 2.61908 2.75573 2.67787 2.50316 2.20549 1.81637 1.56883 1.22353 0.85738 0.67169 0.58038 0.56209 0.61017 0.78534 1.44378 1.83816 2.07238 1.85200 1.59583 1.60759 1.59801 1.45188 1.26172 1.61167 2.13326 2.34295 2.44193 2.62041 2.83466 2.77459 2.78841 2.84908 2.89789 2.74845 2.71645 2.81767 2.92262 3.17029 3.42124 3.29610 2.73403 2.46476 2.32783 2.24162 2.21806 2.54408 2.83248 2.53028 2.38934 2.32627 2.47735 2.66488 2.99864 3.33342 3.11561 2.71573 2.65503 2.84880 2.77816 2.60488
2.06714 1.87591 1.77087 1.71214 2.17834 2.39764 2.53629 2.61636 2.42150 2.27678 2.05694 1.79286 1.52117 1.21468 0.82163 0.61154 0.50181 0.56951 0.53811 0.61873 1.08147 1.76682 2.01909 1.57979 1.05519 1.04412 1.11881 1.09535 1.17402 1.57508 2.05954 2.36334 2.36642 2.44024 2.52465 2.50267 2.53546 2.59381 2.62226 2.51246 2.54780 2.67320 2.75681 2.87126 3.23578 3.43434 3.13005 2.81431 2.79830 2.53064 2.15090 1.91911 1.93290 1.94209 2.19518 2.44811 2.69673 2.71250 2.70083 2.88202 2.94726 2.67956 2.55130 2.69003 2.70466 2.69525
1.85471 1.86257 1.94434 2.19796 2.41765 2.51030 2.54105 2.38879 2.21162 2.17888 2.10038 1.89237 1.60270 1.37948 0.94458 0.56710 0.45336 0.71303 0.57059 0.56466 1.08827 1.86292 1.98112 1.37244 0.93789 1.09743 1.35853 1.65178 1.74773 1.62837 2.15366 2.63826 2.64936 2.47945 2.39437 2.31983 2.31998 2.30524 2.24228 2.06819 2.37504 2.63072 2.75874 2.82015 2.99623 3.21022 2.91536 2.75038 2.72496 2.63350 2.02867 1.30560 0.71517 0.89054 1.57490 1.81430 2.08574 2.40608 2.38068 2.35799 2.41151 2.41471 2.32932 2.44976 2.52518 2.66035
1.94193 2.03356 2.13787 2.34727 2.45073 2.51716 2.45308 2.24572 2.20062 2.28070 2.30528 2.19764 1.88838 1.64900 1.43779 0.74414 0.52238 0.51128 0.61949 0.87134 1.65125 2.10155 2.16034 1.57344 1.02492 1.76010 1.51894 1.43795 1.60905 2.03116 2.51342 3.05628 3.03181 2.76745 2.50347 2.39998 2.36044 2.09626 1.80342 1.99325 2.20424 2.37203 2.62444 2.81865 3.11724 3.01207 2.83220 2.78182 2.62636 2.47281 1.62062 0.49868 0.52475 0.61716 0.61289 0.68989 1.53825 2.36898 2.43253 2.23018 2.19223 2.21895 2.10974 2.20618 2.25631 2.47633
2.12616 2.07509 2.06855 2.08981 2.18212 2.35101 2.32982 2.11023 2.10359 2.27936 2.39452 2.39989 2.15321 1.89543 1.72967 1.53515 1.28280 1.24040 1.41738 1.67171 1.98139 2.60238 2.55514 1.89527 1.28178 2.00435 1.43247 1.80258 2.16383 2.52005 3.03480 3.33276 3.26735 2.93754 2.64130 2.62790 2.68079 2.49609 2.39621 2.59998 2.29291 2.27961 2.58592 2.85145 3.18898 2.98768 2.82775 2.88623 2.65436 2.41194 1.37622 0.49018 0.84067 1.68644 1.06762 0.66213 1.51853 2.43420 2.63278 2.53456 2.45427 2.22918 1.98518 2.00601 1.99861 2.27647
