mrvbf_slope0.7_pctl1.3.asc
NCOLS 410
NROWS 410
XLLCORNER 2398750.0000000000000000
YLLCORNER 2548750.0000000000000000
CELLSIZE 250.0000000000000000
NODATA_VALUE -99999.00000
[rows 87 to 115 of 410, columns 198 to 263 of 410]
6.69723 6.63035 6.57995 6.60388 6.64051 6.65024 6.61363 6.55497 6.55336 6.56187 6.52721 6.56375 6.60320 6.58903 6.58932 6.55442 6.56336 6.52760 6.48513 6.42688 6.42627 6.39733 6.34463 6.32249 6.35235 6.38976 6.45494 6.45470 6.45727 6.43619 -99999.00000 -99999.00000 -99999.00000 -99999.00000 -99999.00000 -99999.00000 -99999.00000 -99999.00000 -99999.00000 -99999.00000 -99999.00000 -99999.00000 -99999.00000 -99999.00000 -99999.00000 -99999.00000 -99999.00000 -99999.00000 -99999.00000 -99999.00000 -99999.00000 -99999.00000 -99999.00000 -99999.00000 -99999.00000 -99999.00000 -99999.00000 -99999.00000 -99999.00000 -99999.00000 -99999.00000 -99999.00000 -99999.00000 -99999.00000 -99999.00000 -99999.00000
6.83057 6.73273 6.64707 6.66687 6.73994 6.71086 6.63751 6.59343 6.52412 6.52110 6.55205 6.56254 6.56150 6.56279 6.56124 6.60043 6.60920 6.56621 6.53432 6.45409 6.40888 6.37820 6.36560 6.32586 6.32440 6.36359 6.44441 6.50515 6.49823 6.44110 6.37218 -99999.00000 -99999.00000 -99999.00000 -99999.00000 -99999.00000 -99999.00000 -99999.00000 -99999.00000 -99999.00000 -99999.00000 -99999.00000 -99999.00000 -99999.00000 -99999.00000 -99999.00000 -99999.00000 -99999.00000 -99999.00000 -99999.00000 -99999.00000 -99999.00000 -99999.00000 -99999.00000 -99999.00000 -99999.00000 -99999.00000 -99999.00000 -99999.00000 -99999.00000 -99999.00000 -99999.00000 -99999.00000 -99999.00000 -99999.00000 -99999.00000
6.83625 6.75653 6.73603 6.82632 6.79002 6.68107 6.61237 6.53187 6.55211 6.54543 6.54146 6.51343 6.52464 6.58580 6.57677 6.61893 6.61727 6.62131 6.58982 6.50013 6.44727 6.31336 6.26986 6.29050 6.32843 6.37848 6.44116 6.52609 6.52447 6.49438 6.41888 -99999.00000 -99999.00000 -99999.00000 -99999.00000 -99999.00000 -99999.00000 -99999.00000 -99999.00000 -99999.00000 -99999.00000 -99999.00000 -99999.00000 -99999.00000 -99999.00000 -99999.00000 -99999.00000 -99999.00000 -99999.00000 -99999.00000 -99999.00000 -99999.00000 -99999.00000 -99999.00000 -99999.00000 -99999.00000 -99999.00000 -99999.00000 -99999.00000 -99999.00000 -99999.00000 -99999.00000 -99999.00000 -99999.00000 -99999.00000 -99999.00000
6.89321 6.79352 6.78683 6.84886 6.79398 6.74209 6.63120 6.55581 6.54509 6.50695 6.53276 6.56796 6.56500 6.57918 6.59661 6.63608 6.59683 6.57800 6.52510 6.49168 6.47595 6.34634 6.21650 6.20401 6.26206 6.38537 6.44608 6.47934 6.50484 6.56067 6.50987 -99999.00000 -99999.00000 -99999.00000 -99999.00000 -99999.00000 -99999.00000 -99999.00000 -99999.00000 -99999.00000 -99999.00000 -99999.00000 -99999.00000 -99999.00000 -99999.00000 -99999.00000 -99999.00000 -99999.00000 -99999.00000 -99999.00000 -99999.00000 -99999.00000 -99999.00000 -99999.00000 -99999.00000 -99999.00000 -99999.00000 -99999.00000 -99999.00000 -99999.00000 -99999.00000 -99999.00000 -99999.00000 -99999.00000 -99999.00000 -99999.00000
6.90564 6.84636 6.82005 6.77256 6.74722 6.80492 6.72474 6.58964 6.57972 6.55062 6.57174 6.58318 6.55449 6.52881 6.61637 6.67842 6.62940 6.54316 6.46114 6.47978 6.42013 6.31466 6.24363 6.13189 6.25656 6.38509 6.41503 6.44692 6.54862 6.54496 6.53469 -99999.00000 -99999.00000 -99999.00000 -99999.00000 -99999.00000 -99999.00000 -99999.00000 -99999.00000 -99999.00000 -99999.00000 -99999.00000 -99999.00000 -99999.00000 -99999.00000 -99999.00000 -99999.00000 -99999.00000 -99999.00000 -99999.00000 -99999.00000 -99999.00000 -99999.00000 -99999.00000 -99999.00000 -99999.00000 -99999.00000 -99999.00000 -99999.00000 -99999.00000 -99999.00000 -99999.00000 -99999.00000 -99999.00000 -99999.00000 -99999.00000
6.70650 6.82471 6.81367 6.74760 6.72145 6.78652 6.73199 6.63912 6.64470 6.57279 6.57211 6.55811 6.55796 6.54856 6.60961 6.64345 6.58092 6.46315 6.45318 6.42720 6.37307 6.32232 6.29821 6.21879 6.28816 6.40229 6.41871 6.46905 6.52424 6.56334 6.55267 6.50283 -99999.00000 -99999.00000 -99999.00000 -99999.00000 -99999.00000 -99999.00000 -99999.00000 -99999.00000 -99999.00000 -99999.00000 -99999.00000 -99999.00000 -99999.00000 -99999.00000 -99999.00000 -99999.00000 -99999.00000 -99999.00000 -99999.00000 -99999.00000 -99999.00000 -99999.00000 -99999.00000 -99999.00000 -99999.00000 -99999.00000 -99999.00000 -99999.00000 -99999.00000 -99999.00000 -99999.00000 -99999.00000 -99999.00000 -99999.00000
6.50254 6.64736 6.79600 6.75782 6.75004 6.69302 6.70474 6.65239 6.62004 6.53729 6.53362 6.54083 6.59699 6.55080 6.59014 6.59607 6.48457 6.40682 6.45228 6.41951 6.39941 6.38304 6.35453 6.27517 6.32956 6.44306 6.45338 6.43377 6.46600 6.52046 6.49610 6.46334 -99999.00000 -99999.00000 -99999.00000 -99999.00000 -99999.00000 -99999.00000 -99999.00000 -99999.00000 -99999.00000 -99999.00000 -99999.00000 -99999.00000 -99999.00000 -99999.00000 -99999.00000 -99999.00000 -99999.00000 -99999.00000 -99999.00000 -99999.00000 -99999.00000 -99999.00000 -99999.00000 -99999.00000 -99999.00000 -99999.00000 -99999.00000 -99999.00000 -99999.00000 -99999.00000 -99999.00000 -99999.00000 -99999.00000 -99999.00000
6.47318 6.47138 6.67431 6.67978 6.65078 6.68180 6.61782 6.60654 6.53662 6.52934 6.55583 6.55932 6.54261 6.50773 6.56854 6.58545 6.44046 6.41181 6.46767 6.48152 6.43254 6.41911 6.39884 6.30904 6.34515 6.44693 6.47237 6.45331 6.43423 6.46647 6.43125 6.36651 -99999.00000 -99999.00000 -99999.00000 -99999.00000 -99999.00000 -99999.00000 -99999.00000 -99999.00000 -99999.00000 -99999.00000 -99999.00000 -99999.00000 -99999.00000 -99999.00000 -99999.00000 -99999.00000 -99999.00000 -99999.00000 -99999.00000 -99999.00000 -99999.00000 -99999.00000 -99999.00000 -99999.00000 -99999.00000 -99999.00000 -99999.00000 -99999.00000 -99999.00000 -99999.00000 -99999.00000 -99999.00000 -99999.00000 -99999.00000
6.34184 6.49971 6.58250 6.62586 6.64156 6.61553 6.56694 6.54699 6.53479 6.57646 6.57585 6.52526 6.49915 6.50581 6.51791 6.51651 6.42104 6.42695 6.48927 6.49970 6.43002 6.43939 6.47882 6.38627 6.34917 6.44744 6.50020 6.48917 6.49803 6.47689 6.48622 6.48825 -99999.00000 -99999.00000 -99999.00000 -99999.00000 -99999.00000 -99999.00000 -99999.00000 -99999.00000 -99999.00000 -99999.00000 -99999.00000 -99999.00000 -99999.00000 -99999.00000 -99999.00000 -99999.00000 -99999.00000 -99999.00000 -99999.00000 -99999.00000 -99999.00000 -99999.00000 -99999.00000 -99999.00000 -99999.00000 -99999.00000 -99999.00000 -99999.00000 -99999.00000 -99999.00000 -99999.00000 -99999.00000 -99999.00000 -99999.00000
6.35572 6.50494 6.52368 6.59316 6.59900 6.63934 6.54170 6.51669 6.56440 6.62723 6.59691 6.51928 6.49160 6.49520 6.50884 6.43384 6.42319 6.44121 6.45460 6.44154 6.44542 6.48221 6.46917 6.41546 6.36500 6.41324 6.47433 6.50502 6.54680 6.54470 6.55388 6.54010 6.46226 -99999.00000 -99999.00000 -99999.00000 -99999.00000 -99999.00000 -99999.00000 -99999.00000 -99999.00000 -99999.00000 -99999.00000 -99999.00000 -99999.00000 -99999.00000 -99999.00000 -99999.00000 -99999.00000 -99999.00000 -99999.00000 -99999.00000 -99999.00000 -99999.00000 -99999.00000 -99999.00000 -99999.00000 -99999.00000 -99999.00000 -99999.00000 -99999.00000 -99999.00000 -99999.00000 -99999.00000 -99999.00000 -99999.00000
6.47491 6.58073 6.54020 6.47114 6.57167 6.63571 6.61622 6.58725 6.56839 6.61161 6.55491 6.50389 6.58401 6.59257 6.52160 6.46646 6.40544 6.42057 6.44373 6.45586 6.44984 6.44878 6.40547 6.36372 6.36024 6.45266 6.49003 6.47019 6.50066 6.49567 6.50579 6.51855 6.44519 -99999.00000 -99999.00000 -99999.00000 -99999.00000 -99999.00000 -99999.00000 -99999.00000 -99999.00000 -99999.00000 -99999.00000 -99999.00000 -99999.00000 -99999.00000 -99999.00000 -99999.00000 -99999.00000 -99999.00000 -99999.00000 -99999.00000 -99999.00000 -99999.00000 -99999.00000 -99999.00000 -99999.00000 -99999.00000 -99999.00000 -99999.00000 -99999.00000 -99999.00000 -99999.00000 -99999.00000 -99999.00000 -99999.00000
6.38570 6.44574 6.54939 6.49156 6.52361 6.56736 6.63425 6.64841 6.62505 6.62476 6.55170 6.57224 6.62287 6.64066 6.54250 6.43505 6.42801 6.46060 6.43896 6.42521 6.37630 6.38353 6.40017 6.39778 6.43115 6.50243 6.49472 6.44670 6.45382 6.48641 6.47061 6.54860 6.48099 6.48101 -99999.00000 -99999.00000 -99999.00000 -99999.00000 -99999.00000 -99999.00000 -99999.00000 -99999.00000 -99999.00000 -99999.00000 -99999.00000 -99999.00000 -99999.00000 -99999.00000 -99999.00000 -99999.00000 -99999.00000 -99999.00000 -99999.00000 -99999.00000 -99999.00000 -99999.00000 -99999.00000 -99999.00000 -99999.00000 -99999.00000 -99999.00000 -99999.00000 -99999.00000 -99999.00000 -99999.00000 -99999.00000
6.37314 6.11723 6.35779 6.50604 6.53416 6.57522 6.61018 6.63044 6.62010 6.60175 6.58713 6.57435 6.62245 6.59179 6.50600 6.46340 6.47789 6.43410 6.38914 6.32759 6.37885 6.43423 6.45573 6.45967 6.47828 6.53013 6.52576 6.48290 6.45265 6.47398 6.49094 6.52813 6.51210 6.51116 6.45247 6.41452 -99999.00000 -99999.00000 -99999.00000 -99999.00000 -99999.00000 -99999.00000 -99999.00000 -99999.00000 -99999.00000 -99999.00000 -99999.00000 -99999.00000 -99999.00000 -99999.00000 -99999.00000 -99999.00000 -99999.00000 -99999.00000 -99999.00000 -99999.00000 -99999.00000 -99999.00000 -99999.00000 -99999.00000 -99999.00000 -99999.00000 -99999.00000 -99999.00000 -99999.00000 -99999.00000
6.26060 6.28416 6.21905 6.45569 6.57593 6.65491 6.59788 6.65174 6.59067 6.53565 6.56951 6.59161 6.55288 6.54116 6.54057 6.47054 6.43655 6.41115 6.35662 6.36115 6.46004 6.49653 6.48619 6.51593 6.40933 6.40460 6.47085 6.47229 6.43425 6.45678 6.50763 6.45340 6.49470 6.55002 6.48796 6.45495 6.44293 -99999.00000 -99999.00000 -99999.00000 -99999.00000 -99999.00000 -99999.00000 -99999.00000 -99999.00000 -99999.00000 -99999.00000 -99999.00000 -99999.00000 -99999.00000 -99999.00000 -99999.00000 -99999.00000 -99999.00000 -99999.00000 -99999.00000 -99999.00000 -99999.00000 -99999.00000 -99999.00000 -99999.00000 -99999.00000 -99999.00000 -99999.00000 -99999.00000 -99999.00000
6.39950 6.21096 6.41971 6.54847 6.57376 6.59676 6.65595 6.66297 6.57730 6.54409 6.51005 6.51563 6.49682 6.51336 6.53256 6.45690 6.37833 6.45830 6.44377 6.39660 6.44003 6.42902 6.49245 6.49914 6.39941 6.32786 6.36336 6.43291 6.41291 6.42458 6.44447 6.41275 6.47738 6.56120 6.52627 6.43221 6.41489 6.42622 6.44695 -99999.00000 -99999.00000 -99999.00000 -99999.00000 -99999.00000 -99999.00000 -99999.00000 -99999.00000 -99999.00000 -99999.00000 -99999.00000 -99999.00000 -99999.00000 -99999.00000 -99999.00000 -99999.00000 -99999.00000 -99999.00000 -99999.00000 -99999.00000 -99999.00000 -99999.00000 -99999.00000 -99999.00000 -99999.00000 -99999.00000 -99999.00000
6.46293 6.49633 6.63946 6.60855 6.56470 6.57020 6.59245 6.65606 6.53949 6.49987 6.49240 6.52295 6.49404 6.45342 6.44885 6.43015 6.38947 6.49608 6.46346 6.41743 6.43186 6.39808 6.40543 6.42604 6.35078 6.25852 6.25757 6.41327 6.41184 6.44623 6.42022 6.40140 6.41286 6.51951 6.54458 6.45861 6.47532 6.52814 6.48184 6.37807 -99999.00000 -99999.00000 -99999.00000 -99999.00000 -99999.00000 -99999.00000 -99999.00000 -99999.00000 -99999.00000 -99999.00000 -99999.00000 -99999.00000 -99999.00000 -99999.00000 -99999.00000 -99999.00000 -99999.00000 -99999.00000 -99999.00000 -99999.00000 -99999.00000 -99999.00000 -99999.00000 -99999.00000 -99999.00000 -99999.00000
6.61640 6.69386 6.72887 6.62670 6.59334 6.64156 6.62672 6.71054 6.58905 6.45327 6.48544 6.54332 6.48700 6.46150 6.42676 6.42164 6.41615 6.48553 6.48511 6.46125 6.41122 6.38931 6.37413 6.38794 6.32080 6.19804 6.32453 6.42669 6.39198 6.45202 6.41246 6.34890 6.32669 6.39550 6.44544 6.39572 6.42055 6.48671 6.44922 6.33036 6.20279 -99999.00000 -99999.00000 -99999.00000 -99999.00000 -99999.00000 -99999.00000 -99999.00000 -99999.00000 -99999.00000 -99999.00000 -99999.00000 -99999.00000 -99999.00000 -99999.00000 -99999.00000 -99999.00000 -99999.00000 -99999.00000 -99999.00000 -99999.00000 -99999.00000 -99999.00000 -99999.00000 -99999.00000 -99999.00000
6.52707 6.68207 6.68893 6.60446 6.62755 6.60348 6.55215 6.59607 6.61444 6.57406 6.49770 6.49182 6.42604 6.42070 6.50282 6.46410 6.47795 6.46895 6.43344 6.40698 6.39664 6.33906 6.27992 6.30812 6.35923 6.29834 6.32720 6.41458 6.40883 6.40749 6.37275 6.25099 6.28168 6.36347 6.41226 6.35262 6.36906 6.40567 6.34489 6.25128 6.21786 6.12167 -99999.00000 -99999.00000 -99999.00000 -99999.00000 -99999.00000 -99999.00000 -99999.00000 -99999.00000 -99999.00000 -99999.00000 -99999.00000 -99999.00000 -99999.00000 -99999.00000 -99999.00000 -99999.00000 -99999.00000 -99999.00000 -99999.00000 -99999.00000 -99999.00000 -99999.00000 -99999.00000 -99999.00000
6.52142 6.60817 6.58155 6.57141 6.54806 6.52653 6.54349 6.56751 6.61561 6.60904 6.56335 6.59324 6.51298 6.43673 6.50395 6.51946 6.51377 6.55975 6.49879 6.41142 6.31292 6.24120 6.20437 6.23818 6.29683 6.23334 6.28986 6.36941 6.39499 6.35960 6.26216 6.25295 6.28410 6.38294 6.44982 6.39278 6.36823 6.33148 6.31141 6.26808 6.26192 6.25998 6.28622 -99999.00000 -99999.00000 -99999.00000 -99999.00000 -99999.00000 -99999.00000 -99999.00000 -99999.00000 -99999.00000 -99999.00000 -99999.00000 -99999.00000 -99999.00000 -99999.00000 -99999.00000 -99999.00000 -99999.00000 -99999.00000 -99999.00000 -99999.00000 -99999.00000 -99999.00000 -99999.00000
6.46542 6.58060 6.55588 6.39892 6.29170 6.43368 6.54015 6.60834 6.60227 6.56025 6.62816 6.61891 6.57818 6.55607 6.53107 6.55490 6.55499 6.58502 6.55500 6.46076 6.34831 6.24089 6.17376 6.18331 6.24878 6.25871 6.17263 6.28086 6.36429 6.29169 6.26149 6.24319 6.30436 6.36313 6.35528 6.29078 6.28370 6.33119 6.33869 6.30135 6.27761 6.27620 6.19719 6.11894 -99999.00000 -99999.00000 -99999.00000 -99999.00000 -99999.00000 -99999.00000 -99999.00000 -99999.00000 -99999.00000 -99999.00000 -99999.00000 -99999.00000 -99999.00000 -99999.00000 -99999.00000 -99999.00000 -99999.00000 -99999.00000 -99999.00000 -99999.00000 -99999.00000 -99999.00000
6.48144 6.61507 6.54603 6.19836 6.25539 6.23423 6.52282 6.60069 6.61582 6.64796 6.60602 6.61536 6.61312 6.61120 6.58431 6.54671 6.50801 6.47291 6.48690 6.41752 6.40665 6.31079 6.23764 6.20425 6.19993 6.25127 6.18414 6.17125 6.23880 6.18396 6.11089 6.16926 6.29506 6.28927 6.23085 6.28874 6.23117 6.33551 6.32657 6.27201 6.24376 6.18492 6.20339 6.22950 6.19641 -99999.00000 -99999.00000 -99999.00000 -99999.00000 -99999.00000 -99999.00000 -99999.00000 -99999.00000 -99999.00000 -99999.00000 -99999.00000 -99999.00000 -99999.00000 -99999.00000 -99999.00000 -99999.00000 -99999.00000 -99999.00000 -99999.00000 -99999.00000 -99999.00000
6.59592 6.61273 6.58999 6.39311 6.18886 6.39789 6.58645 6.62937 6.61558 6.64090 6.63711 6.62976 6.63733 6.60379 6.52857 6.47074 6.40568 6.38347 6.44944 6.41042 6.45183 6.40599 6.35513 6.32528 6.23244 6.18934 6.19174 6.18938 6.28397 6.32909 6.25045 6.15040 6.17148 6.19372 6.17753 6.26605 6.26903 6.32196 6.31438 6.24256 6.14798 6.12667 6.19155 6.24063 6.19544 -99999.00000 -99999.00000 -99999.00000 -99999.00000 -99999.00000 -99999.00000 -99999.00000 -99999.00000 -99999.00000 -99999.00000 -99999.00000 -99999.00000 -99999.00000 -99999.00000 -99999.00000 -99999.00000 -99999.00000 -99999.00000 -99999.00000 -99999.00000 -99999.00000
6.69087 6.58704 6.59294 6.55948 6.46964 6.46333 6.50484 6.56319 6.62255 6.65480 6.65996 6.69046 6.65859 6.54623 6.45226 6.25762 6.22512 6.35741 6.44449 6.42239 6.44112 6.41891 6.40736 6.42086 6.35978 6.23456 6.16269 6.15923 6.22962 6.30581 6.32532 6.22355 6.05549 6.05141 6.07095 6.13129 6.24534 6.31176 6.31816 6.24197 6.19678 6.16758 6.21499 6.15300 6.09613 6.07306 6.09583 -99999.00000 -99999.00000 -99999.00000 -99999.00000 -99999.00000 -99999.00000 -99999.00000 -99999.00000 -99999.00000 -99999.00000 -99999.00000 -99999.00000 -99999.00000 -99999.00000 -99999.00000 -99999.00000 -99999.00000 -99999.00000 -99999.00000
6.68172 6.59826 6.59608 6.45266 6.26897 6.09798 6.33332 6.45439 6.58115 6.62996 6.58071 6.57267 6.55869 6.46871 6.29206 6.21133 6.31887 6.34743 6.32814 6.35325 6.39844 6.39234 6.46265 6.50058 6.42348 6.35075 6.23829 6.16130 6.20640 6.25051 6.21279 6.20788 6.07335 5.96596 6.00388 6.05016 6.15534 6.26822 6.26717 6.25745 6.19348 6.20951 6.14887 6.09129 6.06842 6.05154 6.10046 6.20653 6.23928 -99999.00000 -99999.00000 -99999.00000 -99999.00000 -99999.00000 -99999.00000 -99999.00000 -99999.00000 -99999.00000 -99999.00000 -99999.00000 -99999.00000 -99999.00000 -99999.00000 -99999.00000 -99999.00000 -99999.00000
6.64264 6.52881 6.58788 6.32859 5.96310 6.06982 6.09593 6.38350 6.47009 6.57529 6.56665 6.50223 6.42505 6.40319 6.36001 6.22425 6.19947 6.28376 6.29697 6.35257 6.33028 6.38840 6.45286 6.51178 6.42873 6.36586 6.32959 6.18381 6.17564 6.30971 6.25070 6.17356 6.15179 6.09771 5.99627 6.03941 6.14886 6.24296 6.16854 6.10311 6.13816 6.10488 6.08582 6.10015 6.14546 6.08305 6.08640 6.16431 6.15837 6.04365 5.94258 -99999.00000 -99999.00000 -99999.00000 -99999.00000 -99999.00000 -99999.00000 -99999.00000 -99999.00000 -99999.00000 -99999.00000 -99999.00000 -99999.00000 -99999.00000 -99999.00000 -99999.00000
6.43280 6.20605 6.41983 6.46749 6.12528 5.88689 6.06542 6.29668 6.46433 6.46107 6.46547 6.42339 6.42370 6.43302 6.39133 6.39573 6.40155 6.28390 6.32819 6.37544 6.37142 6.30349 6.37592 6.48265 6.43167 6.39809 6.30173 6.18523 6.18391 6.29746 6.25087 6.14163 6.14940 6.21345 6.16352 6.14347 6.19327 6.22735 6.11241 5.93307 5.96167 5.98513 6.02373 6.07589 6.09149 6.12768 6.17786 6.15448 6.10076 6.03656 5.94664 5.84573 -99999.00000 -99999.00000 -99999.00000 -99999.00000 -99999.00000 -99999.00000 -99999.00000 -99999.00000 -99999.00000 -99999.00000 -99999.00000 -99999.00000 -99999.00000 -99999.00000
6.09406 6.19016 6.08500 6.40344 6.33983 5.97141 6.24373 6.15145 6.37955 6.48325 6.45231 6.41548 6.50922 6.45380 6.47282 6.49387 6.47942 6.40007 6.41203 6.42398 6.30338 6.30413 6.41687 6.44020 6.41485 6.38641 6.24863 6.17302 6.16083 6.24840 6.20334 6.14856 6.07682 6.14996 6.14159 6.15551 6.24789 6.25183 6.11884 6.02863 5.91513 5.99938 6.04413 6.01141 5.96956 6.01502 6.13232 6.15022 6.06810 5.99684 5.98529 5.96904 5.88137 5.80867 -99999.00000 -99999.00000 -99999.00000 -99999.00000 -99999.00000 -99999.00000 -99999.00000 -99999.00000 -99999.00000 -99999.00000 -99999.00000 -99999.00000
6.10809 5.94969 6.20301 6.41789 6.35455 6.10189 6.13182 6.19559 6.42813 6.46865 6.40190 6.38803 6.40612 6.40880 6.53754 6.53185 6.45555 6.43969 6.48415 6.52790 6.38901 6.33987 6.39543 6.41427 6.37003 6.33652 6.26650 6.18603 6.10098 6.06289 6.19078 6.19573 6.05385 6.12805 6.20428 6.22052 6.19229 6.18573 6.12636 5.96553 6.01959 6.11448 6.09998 6.10415 6.00217 5.94055 5.97424 6.04753 6.11921 6.16247 6.20211 6.11650 5.97881 5.91441 5.90156 -99999.00000 -99999.00000 -99999.00000 -99999.00000 -99999.00000 -99999.00000 -99999.00000 -99999.00000 -99999.00000 -99999.00000 -99999.00000
6.01558 6.23127 6.34990 6.34597 6.16278 5.76201 5.87116 5.80833 6.22090 6.33964 6.40703 6.36566 6.35887 6.40650 6.48445 6.53614 6.53096 6.46195 6.49173 6.50112 6.41341 6.37992 6.33882 6.31978 6.37918 6.38808 6.35439 6.21806 6.11529 6.09127 6.19124 6.18309 6.12007 6.10630 6.13318 6.15493 6.11568 6.14001 6.12395 6.06639 6.18385 6.19170 6.15494 6.15291 6.15649 6.10725 6.06191 6.13128 6.22333 6.25437 6.20333 6.13356 6.06220 5.93762 5.89930 5.97310 6.02077 -99999.00000 -99999.00000 -99999.00000 -99999.00000 -99999.00000 -99999.00000 -99999.00000 -99999.00000 -99999.00000
