mrvbf_slope0.8_pctl0.6.asc
NCOLS 410
NROWS 410
XLLCORNER 2398750.0000000000000000
YLLCORNER 2548750.0000000000000000
CELLSIZE 250.0000000000000000
NODATA_VALUE -99999.00000
[rows 116 to 144 of 410, columns 330 to 395 of 410]
-99999.00000 -99999.00000 -99999.00000 -99999.00000 -99999.00000 -99999.00000 -99999.00000 -99999.00000 -99999.00000 -99999.00000 -99999.00000 -99999.00000 -99999.00000 -99999.00000 -99999.00000 -99999.00000 -99999.00000 -99999.00000 -99999.00000 -99999.00000 7.34392 7.37756 7.35876 7.37867 7.33303 7.38636 7.42848 7.45110 7.43660 7.39673 7.40566 7.39114 7.34379 7.18626 6.37254 5.46000 2.59458 2.09993 2.41310 3.36375 5.29958 5.70663 5.56051 5.24689 4.57461 5.32525 6.02347 6.64865 7.05427 7.33746 7.43207 7.48930 7.52318 7.53838 7.53466 7.54964 7.54129 7.55001 7.51444 7.50694 7.53332 7.53432 7.53196 7.57394 7.57909 7.57799
-99999.00000 -99999.00000 -99999.00000 -99999.00000 -99999.00000 -99999.00000 -99999.00000 -99999.00000 -99999.00000 -99999.00000 -99999.00000 -99999.00000 -99999.00000 -99999.00000 -99999.00000 -99999.00000 -99999.00000 -99999.00000 -99999.00000 6.82036 7.25284 7.33021 7.26436 7.29452 7.33412 7.36391 7.44178 7.42631 7.41667 7.42002 7.45641 7.41909 7.34075 7.15260 6.57085 5.50864 2.99497 1.95061 2.08482 2.86194 5.04534 6.03560 5.96059 5.48982 5.76309 6.49521 6.85776 7.01094 7.15232 7.36876 7.45093 7.50459 7.50974 7.50527 7.52425 7.53985 7.52374 7.50421 7.48846 7.53339 7.53277 7.52869 7.53993 7.54715 7.54368 7.56371
-99999.00000 -99999.00000 -99999.00000 -99999.00000 -99999.00000 -99999.00000 -99999.00000 -99999.00000 -99999.00000 -99999.00000 -99999.00000 -99999.00000 -99999.00000 -99999.00000 -99999.00000 -99999.00000 -99999.00000 -99999.00000 -99999.00000 6.97867 7.24299 7.35815 7.28049 7.19231 7.24891 7.39473 7.43695 7.44574 7.43153 7.44107 7.47071 7.43915 7.36490 7.24486 6.83007 5.96782 3.69170 1.59440 1.60567 2.51181 4.92864 5.79978 5.86608 5.72859 6.29550 6.82529 7.03496 7.16934 7.26231 7.40493 7.47273 7.51276 7.50815 7.51845 7.52877 7.53042 7.51019 7.50806 7.53497 7.54943 7.54441 7.56240 7.57022 7.54541 7.53662 7.57920
-99999.00000 -99999.00000 -99999.00000 -99999.00000 -99999.00000 -99999.00000 -99999.00000 -99999.00000 -99999.00000 -99999.00000 -99999.00000 -99999.00000 -99999.00000 -99999.00000 -99999.00000 -99999.00000 -99999.00000 -99999.00000 -99999.00000 6.90004 7.14882 7.27894 7.25777 7.28033 7.33460 7.41942 7.45224 7.45470 7.47018 7.47006 7.46116 7.42258 7.33152 7.25116 6.94990 6.40849 5.15109 1.70343 1.33505 2.20308 4.65977 5.64030 5.57726 5.82037 6.53739 6.99097 7.15583 7.28205 7.35073 7.41879 7.46543 7.49730 7.51605 7.53438 7.52516 7.50225 7.51373 7.55748 7.57767 7.58067 7.56523 7.56576 7.57003 7.53335 7.54475 7.58017
-99999.00000 -99999.00000 -99999.00000 -99999.00000 -99999.00000 -99999.00000 -99999.00000 -99999.00000 -99999.00000 -99999.00000 -99999.00000 -99999.00000 -99999.00000 -99999.00000 -99999.00000 -99999.00000 -99999.00000 -99999.00000 -99999.00000 7.19132 7.30692 7.32712 7.32062 7.31634 7.38406 7.43562 7.45201 7.45647 7.49023 7.48725 7.47519 7.42212 7.31349 7.18976 7.05715 6.67395 5.82653 2.76834 1.26748 1.73822 3.67376 5.40329 5.41026 5.97989 6.71928 7.08391 7.24083 7.32817 7.37504 7.40256 7.45491 7.47841 7.50308 7.50548 7.51074 7.51846 7.55081 7.57064 7.57513 7.55562 7.57920 7.57763 7.56920 7.55350 7.55266 7.54901
-99999.00000 -99999.00000 -99999.00000 -99999.00000 -99999.00000 -99999.00000 -99999.00000 -99999.00000 -99999.00000 -99999.00000 -99999.00000 -99999.00000 -99999.00000 -99999.00000 -99999.00000 -99999.00000 -99999.00000 -99999.00000 -99999.00000 7.29172 7.34199 7.37915 7.34746 7.35654 7.42172 7.44662 7.45021 7.45213 7.47658 7.48261 7.45689 7.40307 7.32608 7.23784 7.17367 6.64696 5.66414 3.22055 1.36157 1.57002 2.85964 4.89501 5.04497 5.79404 6.76351 7.10856 7.25550 7.30661 7.31091 7.34506 7.37610 7.39955 7.46567 7.45686 7.47820 7.53030 7.56298 7.56629 7.52303 7.47087 7.51436 7.55596 7.57788 7.57533 7.55128 7.54954
-99999.00000 -99999.00000 -99999.00000 -99999.00000 -99999.00000 -99999.00000 -99999.00000 -99999.00000 -99999.00000 -99999.00000 -99999.00000 -99999.00000 -99999.00000 -99999.00000 -99999.00000 -99999.00000 -99999.00000 -99999.00000 7.35845 7.34062 7.36684 7.37957 7.35141 7.40018 7.42801 7.40976 7.44920 7.41250 7.46429 7.44141 7.41348 7.39735 7.36716 7.27543 7.17084 6.56047 5.92786 4.01655 1.37700 1.34256 2.31786 4.27278 4.85402 5.25481 6.43045 7.00124 7.20150 7.25165 7.26137 7.34004 7.18161 6.98264 7.34246 7.45918 7.40973 7.46545 7.53722 7.54156 7.45740 7.46724 7.44131 7.54164 7.56265 7.58338 7.57554 7.58261
-99999.00000 -99999.00000 -99999.00000 -99999.00000 -99999.00000 -99999.00000 -99999.00000 -99999.00000 -99999.00000 -99999.00000 -99999.00000 -99999.00000 -99999.00000 -99999.00000 -99999.00000 -99999.00000 -99999.00000 -99999.00000 7.28369 7.32098 7.36061 7.31043 7.31541 7.33394 7.39619 7.42011 7.44120 7.38029 7.36591 7.39865 7.43358 7.39537 7.35646 7.17290 7.06748 6.82665 5.92811 5.21093 2.10224 1.21687 1.82053 3.86907 4.97943 5.22581 6.24079 6.91434 7.09015 7.14744 7.27223 7.08982 6.62599 7.04738 7.08373 7.38053 7.43223 7.45598 7.49986 7.53578 7.51716 7.46775 7.51847 7.53667 7.56101 7.58482 7.59714 7.59677
-99999.00000 -99999.00000 -99999.00000 -99999.00000 -99999.00000 -99999.00000 -99999.00000 -99999.00000 -99999.00000 -99999.00000 -99999.00000 -99999.00000 -99999.00000 -99999.00000 -99999.00000 -99999.00000 -99999.00000 -99999.00000 7.25707 7.30165 7.34698 7.25467 7.18844 7.22544 7.33575 7.42371 7.44236 7.41948 7.33396 7.35337 7.41942 7.39004 7.33534 7.16254 7.08194 6.89073 6.36625 5.84227 3.54079 1.27063 1.52880 3.06554 4.57172 4.99649 6.09115 6.68046 6.89583 7.02692 7.11930 6.74132 6.94360 6.77778 7.32817 7.46218 7.47707 7.47045 7.50861 7.53735 7.55839 7.54012 7.55855 7.55814 7.57600 7.56562 7.57665 7.58299
-99999.00000 -99999.00000 -99999.00000 -99999.00000 -99999.00000 -99999.00000 -99999.00000 -99999.00000 -99999.00000 -99999.00000 -99999.00000 -99999.00000 -99999.00000 -99999.00000 -99999.00000 -99999.00000 -99999.00000 -99999.00000 6.96271 7.03839 7.10378 7.17596 7.13311 7.18753 7.30030 7.42273 7.45728 7.44843 7.40839 7.41538 7.42823 7.39738 7.26244 7.15376 7.16177 7.01015 6.47149 5.72127 3.51885 1.53895 1.61819 2.72975 3.80972 4.61772 5.89107 6.52614 6.79593 7.09083 7.14192 7.14343 6.81759 7.26521 7.44907 7.48862 7.48489 7.49100 7.48288 7.44417 7.51521 7.54371 7.56531 7.57683 7.56849 7.57183 7.57396 7.56637
-99999.00000 -99999.00000 -99999.00000 -99999.00000 -99999.00000 -99999.00000 -99999.00000 -99999.00000 -99999.00000 -99999.00000 -99999.00000 -99999.00000 -99999.00000 -99999.00000 -99999.00000 -99999.00000 -99999.00000 -99999.00000 6.91356 6.91847 6.93862 6.88786 7.14260 7.27873 7.37565 7.41158 7.44506 7.45924 7.43323 7.41862 7.43482 7.40628 7.34748 7.27145 7.16767 7.09316 6.67964 5.94740 4.57405 1.81576 1.50221 2.23880 3.21378 4.45170 5.75241 6.61211 6.91473 7.03089 6.98240 7.01486 7.24818 7.43922 7.47334 7.46200 7.48233 7.48086 7.36332 7.31979 7.44421 7.54732 7.57776 7.57159 7.57175 7.57318 7.57534 7.58287
-99999.00000 -99999.00000 -99999.00000 -99999.00000 -99999.00000 -99999.00000 -99999.00000 -99999.00000 -99999.00000 -99999.00000 -99999.00000 -99999.00000 -99999.00000 -99999.00000 -99999.00000 -99999.00000 -99999.00000 6.55291 7.02765 7.21756 7.20798 7.00668 7.04914 7.28212 7.40062 7.41605 7.41760 7.46228 7.46738 7.44536 7.41849 7.37148 7.33850 7.29873 7.20877 7.13532 6.78564 6.19422 5.21065 2.31539 1.50568 1.78072 2.97268 4.84939 5.89770 6.63319 6.59870 6.77571 6.81067 7.03875 7.28071 7.36717 7.44468 7.49274 7.48705 7.38332 7.30521 7.37215 7.41642 7.52261 7.56498 7.56467 7.55777 7.58238 7.59421 7.59354
-99999.00000 -99999.00000 -99999.00000 -99999.00000 -99999.00000 -99999.00000 -99999.00000 -99999.00000 -99999.00000 -99999.00000 -99999.00000 -99999.00000 -99999.00000 -99999.00000 -99999.00000 -99999.00000 -99999.00000 7.11827 7.20620 7.27662 7.27830 7.17799 7.16489 7.33362 7.43722 7.46637 7.44578 7.46046 7.49185 7.49102 7.45878 7.41369 7.33142 7.20667 7.20128 7.20257 6.70012 5.99124 5.22279 2.51677 1.42520 1.57004 3.00821 5.18391 6.14218 6.77499 6.84757 6.76891 6.99451 6.94947 7.26077 7.18271 7.16942 7.42181 7.45536 7.41741 7.43865 7.42161 7.48339 7.51961 7.52370 7.54623 7.55828 7.58684 7.59550 7.59058
-99999.00000 -99999.00000 -99999.00000 -99999.00000 -99999.00000 -99999.00000 -99999.00000 -99999.00000 -99999.00000 -99999.00000 -99999.00000 -99999.00000 -99999.00000 -99999.00000 -99999.00000 -99999.00000 7.22080 7.22998 7.17184 7.20386 7.26003 7.22819 7.30503 7.39100 7.42011 7.42450 7.42602 7.46177 7.48284 7.48132 7.46662 7.39026 7.31668 7.21227 7.13197 7.13971 6.77805 5.86115 4.76591 2.25335 1.14683 1.56115 3.35837 5.45004 6.25819 6.86771 6.97203 6.92511 7.01414 7.08520 7.11003 6.99113 7.19474 7.24488 7.45984 7.51279 7.53821 7.51277 7.50701 7.48521 7.48609 7.53875 7.58225 7.60167 7.59073 7.57670
-99999.00000 -99999.00000 -99999.00000 -99999.00000 -99999.00000 -99999.00000 -99999.00000 -99999.00000 -99999.00000 -99999.00000 -99999.00000 -99999.00000 -99999.00000 -99999.00000 -99999.00000 7.05922 7.22289 7.29111 7.17706 7.15580 7.24068 7.27102 7.35865 7.39681 7.38530 7.36093 7.43738 7.47657 7.48293 7.45176 7.41583 7.39272 7.27501 7.10074 7.00801 6.98223 6.42392 5.33493 2.97426 1.13601 1.12869 2.17172 4.28873 5.69200 6.40256 6.94196 6.88372 6.61764 7.04766 6.95089 7.17197 7.14256 7.16838 7.36419 7.47056 7.49802 7.52190 7.46612 7.49755 7.47036 7.46280 7.52258 7.58088 7.60184 7.58280 7.58245
-99999.00000 -99999.00000 -99999.00000 -99999.00000 -99999.00000 -99999.00000 -99999.00000 -99999.00000 -99999.00000 -99999.00000 -99999.00000 -99999.00000 -99999.00000 -99999.00000 -99999.00000 7.11445 7.25429 7.29850 7.24484 7.20988 7.22110 7.28153 7.33279 7.39201 7.40877 7.34832 7.40200 7.47498 7.49065 7.45514 7.42140 7.38266 7.15342 6.96839 6.89210 6.60309 5.66632 3.76455 1.59446 0.73754 1.29274 2.76660 4.95930 5.77254 6.60572 7.02407 7.06040 6.98843 6.94433 7.22820 7.24506 7.35149 7.20744 7.33497 7.46126 7.49488 7.46797 7.44590 7.47892 7.47298 7.49416 7.52005 7.56533 7.57555 7.54296 7.57163
-99999.00000 -99999.00000 -99999.00000 -99999.00000 -99999.00000 -99999.00000 -99999.00000 -99999.00000 -99999.00000 -99999.00000 -99999.00000 -99999.00000 -99999.00000 -99999.00000 6.64950 6.86969 7.03410 7.18804 7.25828 7.24528 7.19768 7.30182 7.37207 7.40866 7.42211 7.36650 7.40085 7.46967 7.48883 7.47000 7.39253 7.28660 7.11441 6.98874 6.79604 6.30530 5.09144 2.09078 0.69697 0.81961 1.95952 4.23952 5.48908 6.16351 6.77740 7.14891 7.17089 7.19626 7.27006 7.39066 7.40721 7.40099 7.45177 7.43848 7.43624 7.44417 7.43654 7.48028 7.40572 7.39088 7.49695 7.51134 7.55788 7.54896 7.55319 7.54751
-99999.00000 -99999.00000 -99999.00000 -99999.00000 -99999.00000 -99999.00000 -99999.00000 -99999.00000 -99999.00000 -99999.00000 -99999.00000 -99999.00000 -99999.00000 -99999.00000 6.26791 6.87468 6.85631 7.00838 7.22167 7.26645 7.17857 7.24249 7.34158 7.38579 7.38656 7.39923 7.42993 7.45819 7.46491 7.44167 7.36186 7.23751 7.07818 6.89695 6.56718 5.95171 4.66364 1.72695 0.60023 1.01934 2.52920 5.06628 5.84456 6.56552 7.01893 7.21524 7.21585 7.25041 7.38452 7.41570 7.41969 7.48498 7.52657 7.50685 7.49786 7.46111 7.45463 7.44036 7.48056 7.41414 7.48128 7.50189 7.56322 7.55066 7.52577 7.57096
-99999.00000 -99999.00000 -99999.00000 -99999.00000 -99999.00000 -99999.00000 -99999.00000 -99999.00000 -99999.00000 -99999.00000 -99999.00000 -99999.00000 -99999.00000 3.72596 5.21050 6.45470 6.88528 6.98823 7.08741 7.14833 7.19283 7.24621 7.32345 7.37739 7.39920 7.45235 7.45489 7.45178 7.43321 7.38307 7.33097 7.22469 7.01935 6.72688 6.40712 5.74634 4.09131 1.27851 0.66377 1.30154 3.02114 5.34321 6.11420 6.78273 7.06716 7.16060 7.18150 7.26389 7.39442 7.41460 7.44795 7.50687 7.49603 7.40293 7.43764 7.47885 7.47747 7.51733 7.53723 7.47216 7.50981 7.52153 7.55809 7.55995 7.56930 7.60020
-99999.00000 -99999.00000 -99999.00000 -99999.00000 -99999.00000 -99999.00000 -99999.00000 -99999.00000 -99999.00000 -99999.00000 -99999.00000 -99999.00000 -99999.00000 4.10460 4.96485 5.88228 6.47960 6.78381 6.98580 7.07656 7.14566 7.22902 7.34798 7.39043 7.39595 7.45247 7.45835 7.44230 7.38473 7.32722 7.31681 7.19653 6.88535 6.66849 6.37893 5.31386 2.19462 0.64648 0.77911 1.92726 4.27553 5.57288 6.38375 6.94409 7.14473 7.21559 7.26314 7.21909 7.34184 7.43582 7.46388 7.47831 7.40088 7.39459 7.38723 7.49752 7.49082 7.51921 7.51397 7.47445 7.54931 7.54930 7.54640 7.55364 7.57020 7.60363
-99999.00000 -99999.00000 -99999.00000 -99999.00000 -99999.00000 -99999.00000 -99999.00000 -99999.00000 -99999.00000 -99999.00000 -99999.00000 -99999.00000 -99999.00000 5.54775 5.71571 5.76597 5.87377 6.40661 6.91377 7.04938 7.16566 7.27879 7.31527 7.32730 7.37255 7.42496 7.45610 7.42632 7.32355 7.27317 7.33687 7.22401 6.84334 6.76036 6.46987 4.85974 1.68378 0.62732 0.97309 2.35937 4.90205 5.87776 6.57250 6.98183 7.20893 7.31002 7.31899 7.25847 7.23053 7.40168 7.46150 7.48567 7.48214 7.41343 7.47624 7.52742 7.48671 7.48029 7.47245 7.49540 7.56431 7.55974 7.53026 7.53819 7.56712 7.58882
-99999.00000 -99999.00000 -99999.00000 -99999.00000 -99999.00000 -99999.00000 -99999.00000 -99999.00000 -99999.00000 -99999.00000 -99999.00000 -99999.00000 5.92637 6.16320 6.36170 5.98116 5.78605 6.20894 6.87483 7.10622 7.19122 7.24641 7.28460 7.30424 7.35771 7.39125 7.42112 7.39499 7.31825 7.28559 7.26981 7.06699 6.61385 6.35921 6.08244 4.79248 2.06478 0.79806 1.16946 2.56243 5.21762 6.10159 6.77721 7.10384 7.23991 7.34232 7.36444 7.34818 7.29013 7.26088 7.34578 7.46023 7.49847 7.51858 7.53811 7.55519 7.52785 7.47541 7.41566 7.49867 7.56219 7.52475 7.50728 7.54549 7.57439 7.57052
-99999.00000 -99999.00000 -99999.00000 -99999.00000 -99999.00000 -99999.00000 -99999.00000 -99999.00000 -99999.00000 -99999.00000 -99999.00000 -99999.00000 6.46139 6.40053 6.67484 6.53339 6.05354 6.19343 6.76167 6.99100 7.17584 7.27086 7.30411 7.25172 7.32630 7.35913 7.35487 7.29262 7.25051 7.16450 7.10062 6.87838 6.47970 6.33230 5.87455 3.91366 1.34599 0.71159 1.33935 2.82088 5.45935 6.22354 6.83949 7.16628 7.26736 7.37219 7.41319 7.42615 7.41553 7.37478 7.37095 7.41870 7.46819 7.50739 7.53422 7.54134 7.54351 7.52504 7.43927 7.49430 7.53377 7.48457 7.49394 7.54378 7.55917 7.55232
-99999.00000 -99999.00000 -99999.00000 -99999.00000 -99999.00000 -99999.00000 -99999.00000 -99999.00000 -99999.00000 -99999.00000 -99999.00000 -99999.00000 7.25277 7.00069 7.03329 6.76841 6.20370 6.33442 6.74062 6.89127 7.08361 7.22603 7.24145 7.22178 7.34661 7.31023 7.21600 7.24074 7.30468 7.08933 6.99725 6.77757 6.54904 6.37365 5.59747 2.45470 0.69236 0.79049 1.76706 3.89797 5.58318 6.31889 6.88271 7.22732 7.28273 7.37111 7.43603 7.45599 7.47875 7.46926 7.47499 7.47161 7.48452 7.49572 7.52606 7.54018 7.49297 7.44595 7.38096 7.41347 7.41604 7.42443 7.51078 7.54687 7.55075 7.55363
-99999.00000 -99999.00000 -99999.00000 -99999.00000 -99999.00000 -99999.00000 -99999.00000 -99999.00000 -99999.00000 -99999.00000 -99999.00000 7.39782 7.38152 7.29013 7.05271 6.79473 6.00712 6.06751 6.59072 6.88917 7.10457 7.22039 7.21110 7.25605 7.31006 7.26979 7.25758 7.25421 7.12457 6.89181 6.92937 6.82034 6.58622 6.21541 5.40776 2.12297 0.63850 1.01694 2.15988 4.56914 5.57305 6.38672 6.96823 7.25206 7.33653 7.38472 7.45038 7.48237 7.50781 7.50814 7.52058 7.53247 7.53664 7.54357 7.54293 7.54101 7.48722 7.24228 7.17734 6.92504 7.13436 7.43826 7.52679 7.53251 7.52867 7.54437
-99999.00000 -99999.00000 -99999.00000 -99999.00000 -99999.00000 -99999.00000 -99999.00000 -99999.00000 -99999.00000 -99999.00000 -99999.00000 7.45193 7.42379 7.22705 7.04254 6.85527 5.88060 5.83276 6.47579 6.76771 6.98257 7.13233 7.19507 7.27852 7.29091 7.32233 7.30626 7.11169 6.86083 6.96813 6.99970 6.77895 6.32076 5.92538 5.24910 2.17234 0.67788 1.08553 2.20489 4.63512 5.54035 6.33333 6.95572 7.20865 7.33649 7.40317 7.44335 7.46568 7.48763 7.50726 7.51418 7.52733 7.55349 7.56089 7.56569 7.55829 7.52823 7.44300 6.92297 7.01477 6.77242 7.40282 7.49382 7.50071 7.52354 7.53476
-99999.00000 -99999.00000 -99999.00000 -99999.00000 -99999.00000 -99999.00000 -99999.00000 -99999.00000 -99999.00000 -99999.00000 -99999.00000 7.45975 7.40643 7.13453 7.07370 7.02016 6.04021 5.71474 6.18454 6.49420 6.66393 6.94537 7.16241 7.28332 7.30681 7.28682 7.17747 7.06028 7.10020 7.09774 6.88348 6.49080 6.20123 5.93871 5.25893 2.32322 0.66026 0.93409 1.96443 4.15232 5.60861 6.20893 6.85688 7.21801 7.31163 7.38307 7.42879 7.44675 7.43928 7.46592 7.49617 7.52364 7.53518 7.56778 7.56692 7.56555 7.56152 7.44400 6.91206 7.12635 6.56640 7.30592 7.42501 7.42433 7.49051 7.53604
-99999.00000 -99999.00000 -99999.00000 -99999.00000 -99999.00000 -99999.00000 -99999.00000 -99999.00000 -99999.00000 -99999.00000 -99999.00000 7.44140 7.33655 7.07363 6.93414 7.11368 6.55507 5.98193 5.83463 6.00606 6.16089 6.55544 7.09797 7.28343 7.28184 7.23488 7.15057 7.11404 7.13521 7.00283 6.67922 6.49514 6.46714 6.10574 5.32992 2.48622 0.68525 0.89190 1.78206 3.10462 5.39923 6.31655 6.75617 7.18797 7.31717 7.35250 7.40606 7.42509 7.43958 7.47707 7.51802 7.54703 7.55108 7.55969 7.53569 7.56199 7.51987 7.17896 6.28088 6.32649 6.11554 7.18167 7.40903 7.44947 7.45188 7.49438
-99999.00000 -99999.00000 -99999.00000 -99999.00000 -99999.00000 -99999.00000 -99999.00000 -99999.00000 -99999.00000 -99999.00000 7.45318 7.42908 7.33878 7.01374 6.69762 7.13199 6.86426 6.65104 6.18217 5.90146 5.65953 5.99139 6.94676 7.20380 7.23247 7.23772 7.14304 7.03558 7.01255 6.91587 6.76223 6.74363 6.70429 6.11639 5.11207 2.11976 0.78454 1.09462 2.12636 3.26363 4.64594 6.00104 6.64241 7.03762 7.21518 7.33245 7.37994 7.41859 7.45800 7.50504 7.52640 7.50921 7.54064 7.45347 7.32420 7.47084 7.40233 6.89414 6.56003 5.82272 6.51745 7.31489 7.46767 7.48779 7.49671 7.51015
