mrvbf_slope0.7_pctl1.2.asc
NCOLS 410
NROWS 410
XLLCORNER 2398750.0000000000000000
YLLCORNER 2548750.0000000000000000
CELLSIZE 250.0000000000000000
NODATA_VALUE -99999.00000
[rows 174 to 202 of 410, columns 66 to 131 of 410]
5.59094 5.55630 5.60051 5.64163 5.64737 5.58445 5.55527 5.57340 5.60765 5.60457 5.60613 5.64084 5.64649 5.62649 5.61012 5.63638 5.68054 5.66217 5.58719 5.55159 5.52356 5.20118 5.27361 5.55654 5.57713 5.46725 5.34640 5.18095 4.83746 5.02144 5.20593 5.01019 5.04306 5.26005 5.36309 5.41144 5.32671 5.14407 5.10957 5.24009 5.17385 4.80093 4.55794 4.66216 4.67825 3.94575 3.02143 2.79813 2.65511 2.35989 1.24676 0.58400 0.53782 0.54911 0.42734 0.39586 0.54253 0.77357 0.46191 0.30343 0.21378 0.18878 0.32533 0.45053 0.49637 0.58115
5.61123 5.63310 5.73311 5.78762 5.72489 5.63641 5.59805 5.57567 5.60539 5.64618 5.63860 5.62596 5.58505 5.52837 5.55178 5.56650 5.60404 5.64372 5.61214 5.55522 5.52463 5.10614 5.18043 5.46886 5.30499 4.83328 4.61661 4.50343 4.51094 4.96070 4.99557 4.80592 4.91766 4.79935 4.91413 5.11773 4.88202 4.66723 4.41739 4.47386 4.13948 3.41977 3.09597 3.06777 3.04304 2.87384 2.76905 2.64940 2.42840 1.40402 0.55968 0.36819 0.37679 0.41761 0.27149 0.29727 0.48040 0.95778 0.53631 0.39503 0.34240 0.37400 0.42990 0.49476 0.53093 0.75160
5.66490 5.68775 5.85216 5.91865 5.75099 5.66955 5.65706 5.60248 5.59350 5.63611 5.66762 5.66707 5.62747 5.50032 5.47145 5.57509 5.59066 5.62257 5.62720 5.56106 5.47541 5.03096 4.85661 4.94988 4.24087 3.99711 4.28534 4.18733 4.47193 4.80770 4.46736 4.57321 4.47858 3.90160 3.74225 4.20232 4.28901 3.93392 3.75460 3.67014 3.10116 2.89989 2.83783 2.80677 2.78550 2.71864 2.62083 2.47654 1.81241 0.98695 0.45153 0.22756 0.24720 0.31192 0.29468 0.38575 0.77586 1.43953 1.04104 0.58989 0.52187 0.57795 0.63426 0.65232 0.87033 1.44149
5.64036 5.66768 5.85474 5.96127 5.74611 5.65490 5.64823 5.61063 5.58732 5.59357 5.59234 5.62253 5.66191 5.56892 5.47329 5.53652 5.57669 5.60445 5.61195 5.55892 5.45126 5.13900 4.98752 4.16871 3.63704 4.15709 4.56619 4.47082 4.48905 4.20471 3.58821 3.76949 3.20775 3.06624 2.93517 3.04223 3.37456 3.31765 3.19432 3.09006 2.83926 2.74923 2.70761 2.68376 2.63652 2.56053 2.36616 1.80815 1.51248 1.04327 0.65172 0.49923 0.43394 0.47925 0.54255 0.69915 1.46509 1.63041 1.53180 1.34189 1.18802 1.49057 1.66153 1.62181 1.74961 2.08202
5.62015 5.66302 5.87632 5.94972 5.70823 5.61533 5.61629 5.60599 5.58907 5.57668 5.51819 5.50472 5.56840 5.59685 5.53371 5.51790 5.55915 5.57973 5.57478 5.53830 5.44085 5.11221 4.44275 3.69312 3.98583 4.68586 4.82874 4.85517 4.73526 4.03246 2.93246 2.81400 2.85407 2.98957 2.78936 2.74235 2.77527 2.77515 2.76851 2.74442 2.64386 2.45014 2.34492 2.46242 2.42656 2.17341 1.60299 1.45222 1.30009 1.09444 0.99881 1.02725 0.93169 0.96641 0.89492 1.45404 1.74633 1.78465 1.75772 1.73625 1.74494 1.85268 1.95916 2.15248 2.33608 2.42797
5.61509 5.67392 5.88064 5.91336 5.68141 5.58234 5.60122 5.61858 5.59845 5.57814 5.53580 5.46264 5.43744 5.53412 5.56140 5.54449 5.57385 5.58460 5.52886 5.31129 4.91882 4.38770 4.06064 4.27699 4.67905 4.90347 4.92638 5.05079 4.93143 4.16434 3.00093 2.81865 3.17375 3.27598 2.80989 2.64720 2.59981 2.52982 2.38953 2.15806 1.88752 1.50150 1.15623 1.50702 1.70503 1.60494 1.45697 1.31423 0.92288 0.57027 0.57218 0.73317 0.81649 0.76936 0.78166 1.55193 1.81781 1.87095 1.87939 1.87743 1.85907 1.92117 2.20255 2.42457 2.48157 2.46515
5.60952 5.65152 5.81081 5.88356 5.69045 5.57507 5.58584 5.65940 5.64566 5.62683 5.59873 5.52747 5.36837 5.36407 5.46047 5.48414 5.54420 5.58128 5.48043 4.83073 4.18667 4.53828 4.85713 4.98886 4.95945 4.88430 4.59535 4.71028 4.62099 3.72748 3.43696 3.27327 3.59248 3.29667 2.77149 2.58182 2.44468 2.09579 1.62566 1.39819 0.91187 0.69557 0.78019 1.13717 1.48717 1.47924 1.42280 1.26221 0.56320 0.34541 0.29023 0.46995 0.60905 0.71091 0.72414 1.47148 1.78344 1.83850 1.82549 1.81313 1.81213 1.90056 2.22475 2.47143 2.54084 2.44870
5.61938 5.60626 5.67787 5.75904 5.66576 5.56484 5.58215 5.66871 5.67430 5.67943 5.61422 5.56085 5.40346 5.13033 5.09263 5.20964 5.39834 5.49943 5.40073 4.36869 3.98841 5.09311 5.20450 5.19017 5.08042 4.87373 4.08738 3.78759 3.21333 2.27587 2.25435 2.80217 3.30858 2.96682 2.64194 2.46932 2.08447 1.63221 0.69377 0.48147 0.48942 0.57413 0.87224 1.03744 1.08123 1.01505 1.17310 1.13513 0.55263 0.24930 0.20084 0.36860 0.50258 0.65593 1.11832 1.49362 1.69181 1.73005 1.69197 1.65493 1.67669 1.76407 2.16983 2.51336 2.59108 2.54461
5.67281 5.60785 5.60238 5.63206 5.60861 5.55968 5.60295 5.65658 5.67214 5.69095 5.59785 5.52845 5.45241 5.22039 5.00502 5.06752 5.18169 5.37074 5.27761 4.28120 4.26551 5.14227 5.26493 5.24530 5.18874 4.80963 3.54874 2.46841 1.88596 1.64060 1.48895 1.82065 2.50235 2.68082 2.51296 2.07479 1.61158 0.85717 0.46886 0.31801 0.33255 0.57829 0.85032 0.98246 0.67603 0.53030 0.81508 1.28680 0.69579 0.27298 0.21185 0.31442 0.43879 0.63371 1.11361 1.47240 1.57127 1.57145 1.56385 1.51253 1.50387 1.65117 1.89510 2.38694 2.57032 2.61181
5.71835 5.67132 5.61349 5.60739 5.61843 5.60275 5.63222 5.65706 5.65977 5.65016 5.56300 5.50588 5.48454 5.40983 5.26647 5.11586 5.00148 5.17569 4.93799 4.28642 4.68239 5.12101 5.17996 5.17630 4.81275 3.44235 2.29547 1.77833 0.61701 0.42670 0.51285 1.11134 1.87907 2.47266 2.18429 1.64101 1.15631 0.64143 0.44355 0.30264 0.33893 0.61331 0.73647 0.72763 0.52465 0.30437 0.49351 1.54239 1.43378 0.55550 0.34690 0.36854 0.57464 0.72835 0.99053 1.34853 1.42846 1.41366 1.37262 1.17575 0.81148 1.08063 1.69609 1.90460 2.43451 2.59539
5.67745 5.71161 5.68193 5.65469 5.68189 5.64618 5.63154 5.66064 5.65031 5.61635 5.55277 5.51724 5.49851 5.48225 5.41992 5.20487 4.96661 4.95462 4.66997 4.56075 4.93904 5.16982 5.29335 5.22792 4.55634 2.62526 1.88232 1.50028 0.28875 0.19263 0.37807 0.74363 1.77638 2.06732 1.82227 1.28714 0.74570 0.62202 0.46499 0.33957 0.46358 0.63817 0.64561 0.68846 0.48714 0.29147 0.49138 1.59531 1.74060 1.39699 0.75591 0.58557 0.66441 0.70303 0.67173 0.81432 1.11169 1.19646 0.93869 0.62815 0.51526 0.51283 0.72196 1.61373 2.01173 2.51927
5.67006 5.70825 5.70630 5.68928 5.72616 5.68947 5.63246 5.64896 5.65903 5.62464 5.58263 5.53825 5.47383 5.43314 5.47313 5.34507 5.17626 4.99827 4.86824 5.00970 5.18443 5.32355 5.38585 5.07659 4.05643 2.53336 1.83534 0.75275 0.15186 0.12596 0.32607 0.66101 1.53601 1.81362 1.72145 0.76379 0.56472 0.51357 0.40302 0.35125 0.47816 0.45053 0.48863 0.70687 0.49690 0.44643 0.67023 1.55882 1.78219 1.69446 1.21338 0.70624 0.51406 0.44702 0.49384 0.52151 0.68218 1.01380 0.66443 0.40374 0.33882 0.37676 0.47824 0.83964 1.64876 2.27650
5.68327 5.72325 5.71714 5.74143 5.76669 5.69171 5.63455 5.63759 5.66235 5.65631 5.62855 5.57778 5.48900 5.33147 5.32115 5.35800 5.39931 5.24037 5.10861 5.21839 5.32367 5.41142 5.39051 5.01193 4.07885 2.36157 1.88434 0.60134 0.19129 0.18755 0.41583 0.69583 1.28230 1.75465 1.86932 1.33216 0.82618 0.61297 0.56261 0.60739 0.56311 0.38700 0.45314 0.65691 0.47639 0.47354 0.73711 1.47072 1.55580 1.29281 0.75627 0.65632 0.44714 0.33520 0.42538 0.47926 0.57958 0.95788 0.48413 0.23845 0.22749 0.32408 0.48676 0.59578 0.95687 1.67074
5.67706 5.71643 5.78440 5.79770 5.70058 5.62694 5.61106 5.63916 5.67751 5.69512 5.68000 5.63050 5.57095 5.46599 5.35022 5.37365 5.35918 5.31605 5.30849 5.36947 5.42620 5.47085 5.35729 4.91828 4.05670 2.35903 1.93455 1.01786 0.55048 0.53941 0.57388 0.62534 0.86620 1.68166 1.95169 1.70656 1.26839 0.76985 0.68956 0.68160 0.59963 0.43780 0.35374 0.30778 0.33387 0.39589 0.54987 1.21768 0.65222 0.44136 0.31609 0.39853 0.43189 0.38727 0.42599 0.50425 0.74953 1.10012 0.62403 0.29860 0.24152 0.32532 0.49820 0.55209 0.69472 1.51591
5.65852 5.70305 5.82745 5.73656 5.62889 5.59799 5.61738 5.65941 5.70783 5.73789 5.72121 5.68413 5.63757 5.55505 5.46933 5.42072 5.39012 5.36176 5.40310 5.48578 5.51882 5.51123 5.32032 4.76481 3.82730 2.47562 1.95808 1.54664 0.84842 0.70656 0.54020 0.46910 0.59382 1.52864 1.91356 1.84642 1.47704 0.75596 0.66817 0.63375 0.59464 0.44027 0.32434 0.29345 0.29077 0.40514 0.55992 1.21782 0.52706 0.28503 0.22018 0.25753 0.51704 0.60461 0.55449 0.64793 1.20225 1.32136 0.84679 0.58056 0.33483 0.34386 0.42477 0.51736 0.60134 1.50169
5.64583 5.70540 5.80175 5.67478 5.59667 5.60133 5.64651 5.67695 5.70495 5.73593 5.73327 5.71068 5.64796 5.55792 5.48530 5.45478 5.44425 5.40783 5.38948 5.44190 5.50150 5.50803 5.26508 4.54741 3.46909 2.14719 1.89913 0.97420 0.67328 0.45223 0.36583 0.35277 0.47907 1.25564 1.85459 1.91567 1.56386 0.57114 0.41368 0.45592 0.62852 0.47524 0.39183 0.39479 0.43449 0.54977 0.87580 1.29996 0.71777 0.41685 0.26700 0.34230 0.60478 0.69928 0.69491 1.12774 1.50582 1.59011 1.35508 0.65265 0.39840 0.34789 0.39827 0.50260 0.56483 1.53593
5.64109 5.71165 5.75712 5.64193 5.58154 5.59739 5.65102 5.66401 5.66345 5.67291 5.66933 5.66188 5.61408 5.53642 5.47822 5.47361 5.49497 5.46487 5.40968 5.40513 5.45055 5.47784 5.19346 4.25013 2.72868 1.95308 1.42516 0.41222 0.28316 0.32708 0.43073 0.46171 0.57690 1.39848 1.86452 1.98071 1.74581 0.56490 0.35098 0.50863 0.71255 0.59851 0.50606 0.48307 0.54643 0.78280 1.37978 1.46266 0.87122 0.51533 0.35822 0.43536 0.59208 0.66852 0.95784 1.35907 1.53207 1.66455 1.54823 0.70019 0.46050 0.43165 0.46009 0.61937 1.22707 2.30890
5.63267 5.70884 5.71235 5.61263 5.56296 5.57971 5.62072 5.62026 5.59528 5.58276 5.57576 5.57214 5.55034 5.50306 5.47958 5.50864 5.54230 5.51555 5.44596 5.39872 5.40517 5.42792 5.18713 4.06738 2.05079 1.82241 0.40386 0.15261 0.17372 0.33310 0.61417 0.69332 0.81376 1.55704 1.94973 2.08642 1.92574 1.47304 0.62267 0.75614 0.85812 0.81910 0.65442 0.56867 0.68252 1.19290 1.51900 1.45334 0.74443 0.43948 0.35757 0.48446 0.57278 0.69261 1.10647 1.36226 1.51141 1.65032 1.50485 0.79483 0.55735 0.55908 0.66643 1.44951 2.26988 2.59649
5.59474 5.65181 5.64134 5.57058 5.53800 5.55412 5.57292 5.56284 5.53704 5.51143 5.49472 5.48480 5.47919 5.47866 5.49029 5.53005 5.56609 5.54542 5.47774 5.40635 5.38879 5.40422 5.24830 4.00786 2.11495 1.84462 0.42743 0.16135 0.21111 0.46068 0.67946 0.81537 1.08543 1.70709 2.18848 2.24594 1.94660 1.77053 1.51814 1.47000 1.21248 1.01096 0.78430 0.74379 0.96791 1.38203 1.58276 1.41490 0.63549 0.39485 0.36873 0.47801 0.55589 0.66167 0.93764 1.28850 1.44333 1.55871 1.47741 1.12035 0.79755 0.93344 1.73271 2.46416 2.58772 2.69713
5.52438 5.54655 5.54535 5.50356 5.49404 5.50878 5.51276 5.50851 5.50123 5.47784 5.45200 5.43002 5.43565 5.46562 5.49043 5.52132 5.51955 5.49560 5.47101 5.42870 5.40037 5.41713 5.24734 4.15385 2.83900 1.94473 0.65765 0.35225 0.34509 0.57086 0.73717 0.86992 1.40921 1.95839 2.45904 2.29121 2.02106 1.79258 1.71274 1.70602 1.57680 1.21827 0.74374 0.94641 1.17081 1.47680 1.65650 1.56242 0.80626 0.47578 0.44614 0.51561 0.61091 0.72801 0.98457 1.33486 1.53222 1.72305 2.02957 2.12413 2.21539 2.47093 2.66225 2.71936 2.68026 2.71701
5.47098 5.45180 5.44733 5.41149 5.40686 5.43602 5.46077 5.47530 5.47111 5.44730 5.41434 5.37998 5.39270 5.44391 5.47316 5.47974 5.45397 5.43151 5.43773 5.43571 5.44676 5.47576 5.30947 4.62853 4.03872 2.56106 1.81795 0.63885 0.52052 0.62917 0.78371 1.13304 1.72174 2.33159 2.44133 2.28942 1.94530 1.64400 1.69941 1.79129 1.73445 1.45782 0.92867 0.92642 1.32309 1.56183 1.68005 1.60974 1.22883 0.57015 0.52565 0.53955 0.68507 1.12605 1.32040 1.45990 1.86566 2.41525 2.62758 2.66998 2.70692 2.75027 2.75603 2.72970 2.65930 2.63293
5.45181 5.39301 5.33098 5.31579 5.36701 5.41864 5.43632 5.44048 5.42797 5.42056 5.40527 5.38136 5.39175 5.43824 5.46820 5.45813 5.43780 5.42446 5.43479 5.46638 5.50406 5.52316 5.39709 5.02985 4.76633 4.17570 2.42807 1.70957 0.88263 0.89198 1.28145 1.74984 2.28352 2.50976 2.38541 2.10467 1.58796 1.01218 1.29849 1.67928 1.74022 1.56949 1.01663 0.71088 1.28105 1.55346 1.69413 1.69246 1.57777 1.34821 1.06107 0.97288 1.21552 1.48637 1.57710 1.92308 2.45651 2.66360 2.78147 2.81680 2.76255 2.71470 2.64300 2.55097 2.39973 2.14966
5.46207 5.41327 5.37995 5.41057 5.44500 5.45413 5.43374 5.41781 5.42777 5.46205 5.47403 5.48447 5.46510 5.46743 5.48373 5.47831 5.46301 5.47170 5.49124 5.52701 5.56211 5.54278 5.46428 5.31036 5.13476 4.71959 3.71589 2.78561 2.20434 2.17602 2.35260 2.53869 2.67284 2.57884 2.30534 1.59831 0.71028 0.43900 0.40499 1.13119 1.53116 1.07082 0.61805 0.50962 0.91881 1.32040 1.63648 1.77029 1.78873 1.78804 1.71671 1.72235 1.72626 1.75762 2.04879 2.48830 2.67974 2.80004 2.80526 2.71602 2.57518 2.35541 2.04898 1.72229 1.40338 0.96373
5.49144 5.50326 5.52312 5.51358 5.49406 5.46689 5.44348 5.44543 5.48464 5.53491 5.54787 5.54650 5.54232 5.52037 5.51702 5.51515 5.51440 5.54229 5.54831 5.55836 5.58454 5.56275 5.50610 5.42483 5.30125 4.94210 4.37639 3.85595 3.48201 3.23515 3.11430 3.21800 3.09026 2.62961 2.28529 1.34390 0.56717 0.27557 0.24695 0.56587 1.04474 0.52617 0.31981 0.31385 0.39072 0.80608 1.51262 1.75241 1.85771 1.90689 1.84660 1.82749 1.88633 2.16280 2.52062 2.70033 2.77689 2.73685 2.65310 2.42964 1.73972 1.22527 1.11610 0.91372 0.67472 0.55773
5.49502 5.53344 5.54817 5.51083 5.47813 5.45714 5.46947 5.51084 5.55266 5.57995 5.59453 5.57734 5.58339 5.56805 5.56261 5.56354 5.56707 5.59450 5.56468 5.58322 5.62255 5.59824 5.54260 5.45480 5.36571 5.27071 5.18559 4.73394 4.28334 4.26872 4.28702 3.91427 3.16677 2.68776 2.38198 1.69984 0.67500 0.26049 0.22371 0.50348 0.79783 0.47885 0.39498 0.45476 0.42423 0.59350 1.23936 1.52919 1.63591 1.74290 1.78578 1.78090 1.86900 2.21684 2.48975 2.58511 2.59574 2.49532 2.18885 1.61578 1.03778 0.85739 0.74281 0.64038 0.59351 0.51155
5.47205 5.46888 5.49908 5.48679 5.46980 5.48244 5.51813 5.54670 5.56821 5.60424 5.61618 5.59067 5.58460 5.59980 5.60678 5.60780 5.59138 5.59499 5.58232 5.61703 5.65689 5.62089 5.56442 5.51211 5.45297 5.43401 5.44023 5.29596 4.94839 4.65165 4.57534 4.28409 3.37542 2.76630 2.50961 2.19025 0.81336 0.47509 0.36222 0.67445 1.03199 0.78507 0.86299 0.87849 0.74425 0.70963 0.83653 0.63827 0.56618 0.59789 0.76722 1.31835 1.74427 1.96697 2.17421 2.22141 2.07988 1.92150 1.54982 1.15483 0.59688 0.60563 0.63962 0.57347 0.51418 0.42953
5.51740 5.49060 5.50754 5.52814 5.50689 5.52461 5.55884 5.55453 5.55053 5.55443 5.56448 5.57402 5.59343 5.61844 5.61567 5.60546 5.58666 5.57653 5.58699 5.61493 5.67096 5.66087 5.59302 5.53459 5.50231 5.49754 5.47908 5.42143 5.29745 5.05151 4.80860 4.39193 3.74241 2.90559 2.60643 2.00070 1.00865 1.21232 0.83121 1.19885 1.31402 1.29739 1.55770 1.67907 1.52793 0.96849 0.60850 0.41657 0.33436 0.32469 0.40216 0.56501 1.66488 2.11469 2.10167 1.90456 1.42978 1.63224 1.49766 0.75988 0.48044 0.51957 0.60179 0.51900 0.39168 0.28785
5.53858 5.54927 5.57078 5.59414 5.53826 5.51070 5.54471 5.56632 5.54495 5.54342 5.55214 5.58052 5.61199 5.59930 5.58217 5.58266 5.59323 5.58435 5.59701 5.64936 5.69335 5.68605 5.63600 5.56489 5.50973 5.49150 5.45423 5.42187 5.37742 5.29948 4.99138 4.47104 4.02864 3.21952 2.76373 2.46804 1.98294 2.01583 1.58797 1.74878 1.48631 1.55867 1.75522 1.81259 1.67200 1.24049 0.63931 0.32665 0.25368 0.25740 0.37966 0.69526 2.22642 2.48817 2.40693 2.32073 2.23719 1.90261 1.67856 0.66540 0.42639 0.43716 0.54964 0.46534 0.27894 0.20134
5.52485 5.57299 5.62443 5.65242 5.58612 5.51819 5.49960 5.52176 5.54085 5.56582 5.56410 5.57194 5.54796 5.50702 5.50061 5.50910 5.53793 5.56913 5.61051 5.65466 5.65926 5.64844 5.64678 5.60175 5.53546 5.49382 5.46931 5.47224 5.43766 5.34650 5.09979 4.59220 4.20839 3.53449 3.05086 2.74115 2.59463 2.49677 2.37755 2.40210 2.09449 2.05917 1.98016 1.77740 1.53239 1.22025 0.69184 0.40983 0.28459 0.35586 0.51518 1.23366 2.48687 2.64713 2.65539 2.64487 2.49810 2.52896 2.11789 1.00615 0.56158 0.47460 0.46195 0.38792 0.25659 0.19707
