mrvbf_slope1.1_pctl0.6.asc
NCOLS 410
NROWS 410
XLLCORNER 2398750.0000000000000000
YLLCORNER 2548750.0000000000000000
CELLSIZE 250.0000000000000000
NODATA_VALUE -99999.00000
[rows 174 to 202 of 410, columns 330 to 395 of 410]
7.68781 7.67862 7.66257 7.62480 7.54446 7.35580 7.31248 7.53235 7.60664 7.62397 7.63684 7.65298 7.66071 7.66511 7.66985 7.67804 7.68314 7.68931 7.69599 7.69774 7.69533 7.69726 7.70526 7.70569 7.70776 7.71090 7.71196 7.71399 7.72005 7.72418 7.72175 7.71799 7.71501 7.71688 7.71376 7.71406 7.70925 7.70324 7.70866 7.71005 7.70551 7.69299 7.68047 7.66429 7.64128 7.57384 6.99380 3.51443 1.89722 5.21248 5.60875 7.51260 7.66309 7.69625 7.71362 7.72736 7.73977 7.74914 7.75259 7.74589 7.71355 7.68259 7.72352 7.73271 7.74153 7.74773
7.67315 7.65140 7.62451 7.59700 7.55163 7.48174 7.55464 7.61578 7.63690 7.64268 7.65442 7.66594 7.67222 7.67665 7.67845 7.67941 7.68319 7.69043 7.69662 7.69818 7.69522 7.70304 7.71069 7.71152 7.71507 7.71993 7.72293 7.72526 7.72785 7.72858 7.72674 7.72325 7.71867 7.71573 7.71638 7.72316 7.72059 7.71835 7.71194 7.71117 7.71547 7.71413 7.70691 7.69179 7.67456 7.65511 7.62041 7.43823 5.97225 5.09625 7.30900 7.34165 7.52470 7.65889 7.69883 7.71476 7.72979 7.73950 7.74003 7.73840 7.73162 7.72903 7.73296 7.74329 7.74540 7.73904
7.63019 7.56557 7.54430 7.54938 7.53780 7.54981 7.61176 7.64526 7.64679 7.65244 7.66545 7.67222 7.67877 7.68322 7.68253 7.68172 7.67831 7.68189 7.68873 7.69175 7.69942 7.71134 7.71424 7.71793 7.72129 7.72426 7.72748 7.72978 7.73199 7.73268 7.73086 7.72775 7.72470 7.71649 7.72027 7.72304 7.72503 7.72480 7.72352 7.71780 7.71488 7.72107 7.72143 7.71294 7.70054 7.68753 7.67247 7.64924 7.57562 7.37803 7.10308 7.27631 5.73735 7.31492 7.64714 7.69548 7.70537 7.71913 7.73020 7.73590 7.73678 7.71177 7.66535 7.70948 7.74750 7.74683
7.55306 7.53338 7.55708 7.55932 7.57464 7.61984 7.64701 7.66207 7.66641 7.67349 7.67868 7.68297 7.68616 7.68899 7.69073 7.69144 7.69180 7.69097 7.69369 7.70319 7.71268 7.71664 7.71792 7.72238 7.72415 7.72759 7.73160 7.73354 7.73363 7.73439 7.73246 7.73399 7.72984 7.71735 7.71913 7.72418 7.72815 7.72699 7.72775 7.72438 7.71675 7.71665 7.72573 7.72438 7.71882 7.71119 7.70069 7.69026 7.67010 7.62652 7.45359 5.11789 5.47445 4.28027 7.25914 7.65274 7.68584 7.69556 7.71757 7.73241 7.72784 7.66732 7.68365 7.67239 7.73673 7.75066
7.60595 7.64388 7.65904 7.65885 7.65448 7.66048 7.67405 7.68494 7.68952 7.69013 7.69377 7.69784 7.69751 7.69595 7.69872 7.70070 7.70748 7.70972 7.71152 7.71547 7.71868 7.72009 7.72531 7.72639 7.72796 7.73201 7.73571 7.73775 7.73668 7.73621 7.73442 7.73532 7.73398 7.72503 7.71783 7.72420 7.72955 7.72859 7.72813 7.72700 7.72460 7.71534 7.71934 7.72542 7.72682 7.72504 7.71946 7.71079 7.69793 7.67441 7.62835 7.21029 3.45045 5.22810 5.25587 7.46931 7.65887 7.68174 7.69980 7.72228 7.73349 7.71682 7.67441 7.72177 7.75143 7.75420
7.67709 7.68865 7.69142 7.69315 7.68706 7.68848 7.69656 7.70181 7.70021 7.69886 7.70329 7.70475 7.70457 7.70476 7.70817 7.71097 7.71502 7.71747 7.72011 7.72195 7.72365 7.72731 7.72878 7.73000 7.73342 7.73481 7.73735 7.73883 7.74000 7.73967 7.73993 7.73707 7.73625 7.73261 7.72278 7.71783 7.72467 7.73168 7.73300 7.72815 7.72312 7.72099 7.71923 7.72392 7.72723 7.72973 7.72847 7.72299 7.71480 7.69947 7.67617 7.62227 7.14204 4.69206 6.73858 6.65572 7.54525 7.63826 7.69030 7.71313 7.72630 7.74098 7.72985 7.72980 7.74463 7.74034
7.70193 7.70644 7.70625 7.70680 7.70172 7.70472 7.70926 7.71000 7.70600 7.70464 7.70946 7.71068 7.71148 7.71548 7.71847 7.72023 7.72172 7.72535 7.72771 7.73011 7.73133 7.73155 7.73106 7.73622 7.73966 7.73965 7.73954 7.73980 7.74111 7.74296 7.74218 7.74202 7.74030 7.73634 7.73009 7.71912 7.71804 7.72916 7.73197 7.72598 7.72088 7.72184 7.72449 7.72528 7.72749 7.73029 7.73081 7.73044 7.72521 7.71528 7.70010 7.67620 7.61076 7.31798 5.68782 7.18093 7.21875 7.54020 7.67060 7.70642 7.71605 7.72533 7.72142 7.72926 7.70312 7.68021
7.71665 7.71869 7.71712 7.71526 7.70973 7.71331 7.71677 7.71546 7.71063 7.70818 7.71202 7.71531 7.71863 7.72262 7.72421 7.72450 7.72571 7.73036 7.73217 7.73463 7.73586 7.73395 7.73380 7.73839 7.74214 7.74318 7.74300 7.74248 7.74268 7.74358 7.74457 7.74334 7.74252 7.73928 7.73521 7.72698 7.71773 7.72406 7.72797 7.72417 7.72563 7.72658 7.73218 7.73030 7.73316 7.73030 7.73185 7.73358 7.73280 7.72583 7.71551 7.69866 7.66884 7.59868 7.23988 6.57620 7.27210 7.40577 7.58634 7.69279 7.71248 7.71667 7.71479 7.69910 7.66812 7.68077
7.72646 7.72617 7.72324 7.71887 7.71490 7.72097 7.72269 7.71965 7.71527 7.71103 7.71535 7.71838 7.72162 7.72566 7.72689 7.72779 7.73105 7.73375 7.73533 7.73614 7.73684 7.73680 7.73697 7.74053 7.74565 7.74766 7.74772 7.74724 7.74551 7.74382 7.74560 7.74464 7.74359 7.74341 7.73933 7.73417 7.72699 7.72718 7.73154 7.72768 7.72637 7.72740 7.72962 7.72769 7.73393 7.73289 7.72965 7.73472 7.73829 7.73417 7.72744 7.71631 7.69892 7.67220 7.58200 6.86157 7.02833 6.58897 7.48199 7.67863 7.70404 7.70924 7.71140 7.70428 7.69416 7.64434
7.73127 7.73044 7.72746 7.72123 7.71954 7.72495 7.72608 7.72340 7.71672 7.71838 7.72035 7.72259 7.72519 7.72684 7.73096 7.73356 7.73555 7.73788 7.73794 7.73919 7.73938 7.74050 7.74326 7.74607 7.74817 7.74969 7.75033 7.75042 7.74924 7.74610 7.74628 7.74664 7.74742 7.74677 7.74418 7.73775 7.72804 7.72329 7.72827 7.72512 7.72551 7.73370 7.73222 7.72872 7.73027 7.73459 7.73181 7.72984 7.73580 7.73694 7.73464 7.72613 7.71131 7.69846 7.67240 7.49622 5.40052 7.01226 6.21806 7.58502 7.67185 7.69222 7.71268 7.72004 7.71963 7.70798
7.73433 7.73393 7.73102 7.72728 7.72339 7.72555 7.72806 7.72607 7.72151 7.72421 7.72473 7.72631 7.72885 7.73102 7.73329 7.73500 7.73764 7.73933 7.74044 7.74007 7.74158 7.74158 7.74501 7.74835 7.74897 7.74628 7.74590 7.74784 7.74642 7.74592 7.74707 7.74712 7.74962 7.74858 7.74592 7.74024 7.73246 7.72406 7.72784 7.72568 7.73048 7.72697 7.73122 7.73209 7.73357 7.73388 7.73540 7.73072 7.72971 7.73377 7.73625 7.73102 7.72286 7.71181 7.70238 7.65921 7.38542 5.58087 7.28834 7.56369 7.65617 7.66404 7.70085 7.72500 7.73023 7.72844
7.73566 7.73387 7.73231 7.72981 7.72475 7.72639 7.73014 7.72887 7.72456 7.72451 7.72779 7.72765 7.73071 7.73388 7.73524 7.73671 7.73941 7.74165 7.74130 7.73813 7.73886 7.74153 7.74411 7.74739 7.74267 7.72885 7.72328 7.73698 7.74126 7.74592 7.73737 7.73245 7.74599 7.74888 7.74537 7.74212 7.73409 7.72452 7.72701 7.73059 7.73172 7.73086 7.73521 7.73532 7.73322 7.73161 7.72740 7.72762 7.72885 7.72924 7.73575 7.73563 7.73091 7.72457 7.71364 7.70150 7.64177 7.41299 7.43606 7.63045 7.67582 7.64616 7.67318 7.71918 7.72437 7.72656
7.73625 7.73394 7.73165 7.73077 7.72687 7.72566 7.73042 7.73034 7.72789 7.72474 7.73020 7.73066 7.73062 7.73322 7.73553 7.73783 7.74176 7.74363 7.74053 7.74028 7.73593 7.73895 7.74292 7.73994 7.71342 7.65290 7.64595 7.70157 7.73112 7.74299 7.71558 7.68953 7.71457 7.72682 7.73691 7.73812 7.73822 7.72976 7.72766 7.73649 7.73395 7.73793 7.73445 7.73620 7.73664 7.73257 7.72938 7.71831 7.71843 7.72230 7.72888 7.73580 7.73491 7.73125 7.72574 7.71731 7.70014 7.64324 7.55377 7.59117 7.59451 7.62603 7.58994 7.68006 7.72520 7.73303
7.73466 7.73210 7.72952 7.72897 7.72784 7.72776 7.73261 7.72983 7.72940 7.72147 7.72321 7.72750 7.73164 7.73383 7.73547 7.73957 7.74295 7.74494 7.74407 7.74128 7.74142 7.74429 7.74456 7.72702 7.66422 7.60722 7.62906 7.64724 7.71307 7.73136 7.68579 7.68967 7.64977 7.65737 7.70651 7.72854 7.73576 7.73327 7.73120 7.73079 7.73481 7.73099 7.72281 7.73285 7.73141 7.72515 7.72861 7.72047 7.71930 7.71876 7.72160 7.72845 7.73406 7.73435 7.73396 7.72780 7.71835 7.69111 7.59926 7.47797 7.59045 7.63663 7.62804 7.61712 7.70493 7.73793
7.72522 7.72377 7.72410 7.72443 7.72523 7.72769 7.73223 7.73339 7.72953 7.72810 7.72261 7.71950 7.72436 7.73141 7.73473 7.74042 7.74391 7.74523 7.74479 7.74342 7.74149 7.74218 7.74390 7.73606 7.69778 7.63175 7.62368 7.68543 7.73542 7.74545 7.72511 7.67267 7.64271 7.67146 7.65554 7.71636 7.73879 7.73746 7.73356 7.71992 7.72534 7.70960 7.66984 7.70407 7.69232 7.67229 7.71078 7.71746 7.71229 7.72293 7.72661 7.72565 7.72891 7.73477 7.73750 7.73329 7.72520 7.71685 7.68663 7.59942 7.55556 7.64304 7.66579 7.66382 7.70373 7.73348
7.72294 7.72054 7.72099 7.72309 7.72563 7.72930 7.73403 7.73254 7.73326 7.73455 7.73364 7.72807 7.72523 7.72827 7.73396 7.73966 7.74233 7.73905 7.73664 7.73768 7.73950 7.73810 7.73011 7.71913 7.68055 7.68999 7.71683 7.72453 7.73556 7.74228 7.74064 7.73111 7.71356 7.67005 7.70829 7.73387 7.74061 7.73701 7.72591 7.72498 7.71035 7.66092 7.67977 7.66950 7.64813 7.66476 7.65502 7.67496 7.67489 7.71081 7.72958 7.73076 7.72716 7.73007 7.73574 7.73737 7.73242 7.72537 7.71004 7.67779 7.65083 7.64990 7.66742 7.66484 7.71528 7.73142
7.73242 7.73317 7.73409 7.73528 7.73801 7.73810 7.73559 7.73526 7.73278 7.73685 7.73262 7.72662 7.72884 7.73483 7.73875 7.74068 7.73787 7.72398 7.72123 7.72558 7.72487 7.71047 7.67352 7.67194 7.68066 7.66481 7.71800 7.72262 7.73205 7.73981 7.74082 7.74123 7.73983 7.73105 7.74121 7.74250 7.74369 7.74098 7.73146 7.72539 7.73119 7.71226 7.66264 7.70819 7.69281 7.66539 7.67227 7.65859 7.66626 7.68716 7.72382 7.72222 7.72362 7.73058 7.73688 7.73756 7.73739 7.73229 7.71931 7.69319 7.61562 7.59394 7.62855 7.64113 7.70955 7.72862
7.73421 7.73658 7.73891 7.74148 7.74331 7.74397 7.74216 7.73870 7.73289 7.73497 7.73312 7.72732 7.73224 7.73706 7.74048 7.74064 7.72840 7.71744 7.72672 7.73070 7.71636 7.64729 7.63913 7.66485 7.66914 7.67406 7.65667 7.64656 7.70456 7.73206 7.73247 7.73180 7.73591 7.74008 7.74270 7.74394 7.74719 7.74288 7.73739 7.73906 7.74217 7.73513 7.72829 7.74095 7.73904 7.72972 7.72194 7.68231 7.66986 7.71496 7.72949 7.72863 7.72560 7.72725 7.73251 7.73786 7.74067 7.73681 7.72845 7.70650 7.63403 7.56430 7.62815 7.64237 7.71041 7.72747
7.73717 7.74016 7.74005 7.74118 7.74350 7.74508 7.74482 7.74076 7.73634 7.73171 7.73450 7.72919 7.73038 7.73385 7.73876 7.73835 7.72555 7.72628 7.73168 7.72769 7.69646 7.62832 7.63700 7.67575 7.68493 7.65737 7.62582 7.66645 7.65813 7.71791 7.73380 7.73021 7.73018 7.73419 7.73981 7.74446 7.74694 7.74248 7.73838 7.74288 7.73424 7.73380 7.73733 7.74476 7.74590 7.74499 7.73955 7.72841 7.72290 7.73651 7.73382 7.72496 7.73192 7.72974 7.73080 7.73555 7.73966 7.73846 7.73273 7.72335 7.68074 7.55711 7.59756 7.60121 7.68807 7.71753
7.73864 7.74330 7.74144 7.74053 7.74089 7.74279 7.74414 7.74354 7.73962 7.73590 7.73536 7.73627 7.73031 7.72967 7.73576 7.73465 7.72581 7.73046 7.73109 7.71425 7.67761 7.68240 7.66408 7.70617 7.71022 7.70966 7.69651 7.65833 7.70445 7.73196 7.74245 7.74389 7.74077 7.73925 7.74184 7.74625 7.74363 7.73939 7.74291 7.74936 7.74291 7.73277 7.73670 7.74153 7.74481 7.74796 7.74203 7.73961 7.73652 7.74020 7.73501 7.73280 7.73460 7.73210 7.73325 7.73667 7.73946 7.73733 7.73443 7.72626 7.71244 7.65733 7.60155 7.64997 7.70551 7.69834
7.74200 7.74333 7.74373 7.74282 7.74174 7.74145 7.74201 7.74256 7.73893 7.73241 7.73584 7.73988 7.74036 7.73431 7.73281 7.73172 7.72918 7.73025 7.72836 7.70462 7.69809 7.68939 7.67333 7.69085 7.71831 7.73257 7.72173 7.69906 7.72374 7.74206 7.74752 7.74881 7.74843 7.74828 7.74862 7.74779 7.74181 7.74089 7.73771 7.73486 7.74159 7.74298 7.73851 7.74467 7.74778 7.74878 7.74359 7.74079 7.74233 7.74259 7.73710 7.73394 7.73355 7.72919 7.72885 7.73513 7.73679 7.73288 7.72146 7.70258 7.69908 7.69926 7.66390 7.64319 7.70174 7.72645
7.74055 7.74144 7.74293 7.74352 7.74384 7.74348 7.74252 7.73884 7.72852 7.73005 7.72733 7.73908 7.74262 7.73944 7.73914 7.73202 7.71848 7.72858 7.71671 7.68642 7.69555 7.70548 7.68708 7.66138 7.68937 7.72561 7.70208 7.65536 7.70474 7.73999 7.74874 7.74970 7.74898 7.74923 7.74905 7.74470 7.73959 7.72164 7.68971 7.66872 7.71285 7.74131 7.74287 7.74365 7.74968 7.74789 7.74240 7.74469 7.74655 7.74258 7.74294 7.73743 7.72576 7.72921 7.72230 7.72894 7.73322 7.70681 7.66300 7.60265 7.60016 7.67415 7.65340 7.66721 7.67501 7.71778
7.73592 7.73836 7.74097 7.74247 7.74367 7.74385 7.74307 7.74118 7.73168 7.72473 7.72763 7.73516 7.73519 7.73519 7.73575 7.72402 7.72302 7.70347 7.66021 7.63359 7.66989 7.69011 7.67200 7.66602 7.68843 7.70940 7.65235 7.66456 7.65023 7.72484 7.74694 7.75010 7.74876 7.74820 7.74611 7.73979 7.71483 7.65303 7.64227 7.65289 7.66089 7.72073 7.73942 7.74389 7.74560 7.74042 7.74094 7.74275 7.74533 7.74381 7.74140 7.73847 7.73253 7.72847 7.72971 7.72313 7.71297 7.62636 7.57744 7.59572 7.55772 7.62002 7.67493 7.65337 7.70337 7.72829
7.73585 7.73602 7.73775 7.74032 7.74170 7.74237 7.74199 7.73983 7.73549 7.72680 7.71519 7.72437 7.72190 7.72866 7.73366 7.73055 7.70592 7.66196 7.61693 7.64784 7.62310 7.66111 7.69220 7.70170 7.71459 7.70607 7.68143 7.63632 7.69419 7.73257 7.74184 7.74772 7.74540 7.74348 7.73897 7.71282 7.64996 7.66508 7.66406 7.67895 7.67121 7.70317 7.72440 7.73044 7.73789 7.74075 7.73997 7.74276 7.74610 7.74336 7.73990 7.73491 7.73241 7.72947 7.72454 7.72528 7.69235 7.66818 7.58629 7.58800 7.60886 7.69306 7.70968 7.69741 7.72647 7.73242
7.73906 7.73857 7.73819 7.73960 7.74018 7.74010 7.73923 7.73637 7.72925 7.69839 7.65071 7.67558 7.69110 7.71338 7.72591 7.73075 7.71712 7.67323 7.63831 7.61159 7.63548 7.70882 7.71856 7.71900 7.69840 7.69826 7.67551 7.65916 7.69124 7.72434 7.73546 7.74197 7.73712 7.73215 7.70998 7.63873 7.57482 7.61227 7.67479 7.67843 7.69908 7.70229 7.69409 7.68800 7.71720 7.73418 7.73961 7.74450 7.74597 7.74356 7.73701 7.74016 7.73372 7.72997 7.72121 7.71795 7.71101 7.65697 7.68798 7.70105 7.71114 7.72410 7.70674 7.70721 7.72409 7.73827
7.73978 7.74023 7.73920 7.73912 7.73975 7.73840 7.73640 7.73202 7.71426 7.64325 7.63687 7.62960 7.64647 7.67973 7.70689 7.71989 7.71794 7.70413 7.67593 7.67589 7.69034 7.72206 7.72508 7.69745 7.67906 7.62563 7.58573 7.61602 7.65247 7.69823 7.72568 7.73019 7.73152 7.71504 7.65250 7.58102 7.57731 7.57990 7.67672 7.68453 7.71925 7.70452 7.67634 7.68345 7.67229 7.71292 7.73057 7.73511 7.73895 7.73743 7.73514 7.73863 7.74488 7.74176 7.72818 7.72197 7.72307 7.71100 7.72077 7.72272 7.72703 7.73033 7.71952 7.70369 7.72383 7.73799
7.73795 7.73922 7.73880 7.73958 7.73964 7.73749 7.73406 7.72800 7.70470 7.63987 7.64607 7.67382 7.67974 7.67888 7.69270 7.71257 7.70677 7.69031 7.63818 7.67342 7.69587 7.69932 7.68520 7.65334 7.62136 7.57491 7.54185 7.58379 7.64408 7.67057 7.70127 7.70059 7.71461 7.69982 7.66922 7.64279 7.58761 7.63498 7.65478 7.70942 7.73362 7.73511 7.71485 7.65467 7.67400 7.68040 7.71288 7.72834 7.73625 7.73627 7.73851 7.73872 7.74707 7.74793 7.74298 7.73657 7.73089 7.72658 7.72604 7.72441 7.72557 7.72645 7.72319 7.70369 7.72219 7.72996
7.73521 7.73644 7.73651 7.73824 7.73858 7.73650 7.73289 7.72265 7.68030 7.64002 7.67013 7.65547 7.66613 7.69398 7.69575 7.70221 7.66081 7.62122 7.60142 7.62788 7.66133 7.62514 7.59869 7.63995 7.61853 7.52763 7.48320 7.54718 7.64938 7.67352 7.69045 7.70300 7.65829 7.57151 7.57997 7.67635 7.64879 7.62074 7.68740 7.72447 7.73816 7.74172 7.73376 7.70148 7.67730 7.69502 7.72331 7.72614 7.73863 7.74505 7.74227 7.73979 7.74397 7.74561 7.74231 7.73976 7.73617 7.72949 7.72573 7.72935 7.72830 7.72313 7.72122 7.72290 7.73318 7.72930
7.73321 7.73447 7.73384 7.73396 7.73533 7.73392 7.73061 7.72045 7.68351 7.66688 7.67037 7.68575 7.68505 7.67745 7.67683 7.69464 7.64009 7.58893 7.58121 7.60210 7.59451 7.53843 7.54766 7.60426 7.69616 7.67371 7.55363 7.63948 7.68412 7.70244 7.69437 7.68014 7.60327 7.51637 7.55146 7.63159 7.66603 7.65868 7.70327 7.72538 7.73862 7.74190 7.74057 7.73094 7.71862 7.72013 7.72301 7.73446 7.73236 7.74335 7.74365 7.73747 7.73594 7.73558 7.73653 7.73846 7.74053 7.73523 7.72636 7.72489 7.72964 7.72377 7.71277 7.70399 7.71722 7.71507
