mrvbf_slope1.1_pctl1.4.asc
NCOLS 410
NROWS 410
XLLCORNER 2398750.0000000000000000
YLLCORNER 2548750.0000000000000000
CELLSIZE 250.0000000000000000
NODATA_VALUE -99999.00000
[rows 87 to 115 of 410, columns 0 to 65 of 410]
-99999.00000 -99999.00000 -99999.00000 -99999.00000 -99999.00000 7.78950 7.78575 7.77436 7.76973 7.76552 7.76597 7.75582 7.74604 7.76138 7.76196 7.77183 7.77650 7.77670 7.77395 7.76624 7.76665 7.76066 7.75269 7.75185 7.75656 7.76454 7.77366 7.77061 7.77223 7.77530 7.77269 7.76514 7.76032 7.76352 7.77130 7.77934 7.78129 7.77389 7.76496 7.76356 7.76226 7.76422 7.77257 7.77418 7.77011 7.76774 7.76865 7.77230 7.77629 7.77903 7.77802 7.77226 7.77058 7.77094 7.77948 7.78416 7.78061 7.77697 7.77729 7.77888 7.78313 7.78669 7.78754 7.78742 7.78666 7.78486
-99999.00000 -99999.00000 -99999.00000 -99999.00000 -99999.00000 7.78762 7.78282 7.77036 7.77254 7.76588 7.76824 7.76138 7.74667 7.76224 7.76559 7.77486 7.77786 7.77896 7.77662 7.77082 7.76961 7.75951 7.75487 7.75718 7.76000 7.76688 7.77259 7.76832 7.77170 7.77394 7.77200 7.76662 7.76082 7.76112 7.76873 7.77731 7.77902 7.77262 7.76166 7.75765 7.76399 7.77276 7.77725 7.77365 7.76443 7.76139 7.76502 7.77017 7.77517 7.77932 7.78052 7.77700 7.77348 7.77851 7.78355 7.78117 7.77597 7.77703 7.77779 7.77582 7.77956 7.78496 7.78625 7.78517 7.78166 7.77700
-99999.00000 -99999.00000 -99999.00000 -99999.00000 -99999.00000 7.78189 7.78118 7.77089 7.76557 7.76798 7.76840 7.76303 7.74317 7.75283 7.76152 7.77136 7.77588 7.77817 7.77617 7.77237 7.77117 7.76115 7.75400 7.75452 7.75844 7.76596 7.76726 7.76548 7.76964 7.76847 7.76918 7.76858 7.76176 7.76026 7.76565 7.77267 7.77351 7.76708 7.75905 7.75736 7.76371 7.77354 7.77734 7.77070 7.75783 7.75746 7.76488 7.77138 7.77725 7.78108 7.78185 7.78167 7.78156 7.78274 7.78246 7.77803 7.77525 7.77839 7.77715 7.77429 7.77861 7.78372 7.78461 7.78142 7.77519 7.77223
-99999.00000 -99999.00000 -99999.00000 -99999.00000 -99999.00000 7.77454 7.77692 7.77483 7.76479 7.76684 7.76735 7.76513 7.74713 7.74857 7.76582 7.76932 7.77230 7.77373 7.77443 7.77424 7.77067 7.76113 7.75106 7.75240 7.75953 7.76447 7.76457 7.76545 7.76610 7.76436 7.76580 7.76959 7.76242 7.76071 7.76441 7.76634 7.76413 7.75860 7.75592 7.75899 7.76690 7.77459 7.77689 7.76951 7.75695 7.75382 7.76189 7.77151 7.77791 7.77960 7.77745 7.77638 7.77776 7.77810 7.77664 7.77479 7.77605 7.77782 7.77427 7.77390 7.77920 7.78267 7.78308 7.77968 7.77302 7.77210
-99999.00000 -99999.00000 -99999.00000 -99999.00000 -99999.00000 7.76506 7.77010 7.77046 7.76833 7.76451 7.75598 7.75703 7.74677 7.74624 7.76472 7.76780 7.77106 7.77278 7.77170 7.77012 7.76329 7.75390 7.75382 7.75972 7.76551 7.76675 7.76960 7.76918 7.76446 7.76516 7.76316 7.76864 7.76080 7.76089 7.76443 7.76186 7.75860 7.75713 7.75876 7.76419 7.77138 7.77592 7.77569 7.76833 7.75778 7.75125 7.75761 7.76950 7.77644 7.77545 7.77251 7.77169 7.77152 7.77165 7.77190 7.77431 7.77741 7.77588 7.77235 7.77525 7.77964 7.78141 7.78161 7.77950 7.77308 7.76938
-99999.00000 -99999.00000 -99999.00000 -99999.00000 -99999.00000 7.75833 7.76698 7.77103 7.76779 7.76679 7.75670 7.74896 7.74498 7.74164 7.75836 7.76309 7.76593 7.76567 7.76493 7.76077 7.75293 7.75250 7.75721 7.76298 7.76743 7.76859 7.76999 7.76969 7.76674 7.76324 7.76574 7.76729 7.75758 7.75656 7.75948 7.75868 7.75876 7.75992 7.76318 7.76884 7.77363 7.77462 7.76945 7.76006 7.75258 7.74900 7.75483 7.76733 7.77476 7.77305 7.77042 7.77225 7.77196 7.77179 7.77313 7.77492 7.77567 7.77290 7.77208 7.77607 7.77873 7.77986 7.78001 7.77868 7.77447 7.76854
-99999.00000 -99999.00000 -99999.00000 -99999.00000 -99999.00000 7.75162 7.76166 7.76745 7.76691 7.76978 7.76157 7.75433 7.75056 7.74583 7.75349 7.76107 7.76062 7.76174 7.75647 7.75262 7.75185 7.75635 7.75990 7.76236 7.76368 7.76320 7.76451 7.76687 7.76807 7.76839 7.76874 7.76618 7.75728 7.75081 7.75361 7.75658 7.75947 7.76309 7.76788 7.77218 7.77441 7.77226 7.76388 7.75894 7.74720 7.74746 7.75312 7.76465 7.77193 7.77010 7.76904 7.77193 7.77390 7.77484 7.77550 7.77488 7.77315 7.76977 7.76968 7.77418 7.77705 7.77821 7.77841 7.77750 7.77548 7.77096
-99999.00000 -99999.00000 -99999.00000 -99999.00000 -99999.00000 7.74347 7.75445 7.76132 7.76534 7.76853 7.76223 7.75428 7.75077 7.75045 7.75468 7.75888 7.75878 7.75810 7.75293 7.75419 7.75789 7.75972 7.76047 7.76088 7.76233 7.76459 7.76250 7.76365 7.76824 7.76792 7.76244 7.75615 7.75329 7.74784 7.74873 7.75354 7.75898 7.76617 7.77128 7.77356 7.77462 7.77344 7.76662 7.75743 7.75136 7.74853 7.75338 7.76292 7.76774 7.76763 7.77022 7.77252 7.77394 7.77526 7.77578 7.77448 7.77183 7.76759 7.76632 7.77107 7.77512 7.77647 7.77677 7.77607 7.77479 7.77259
-99999.00000 -99999.00000 -99999.00000 -99999.00000 -99999.00000 7.74879 7.75990 7.76380 7.76720 7.76573 7.76031 7.75447 7.74565 7.75004 7.75509 7.75947 7.75846 7.75597 7.75604 7.76020 7.76200 7.76103 7.76016 7.76118 7.76519 7.76525 7.76196 7.76532 7.76697 7.76224 7.75516 7.75184 7.75234 7.75027 7.74903 7.75148 7.75758 7.76502 7.77105 7.77354 7.77354 7.76984 7.76355 7.75962 7.75251 7.74769 7.75483 7.76420 7.76716 7.76963 7.77227 7.77321 7.77345 7.77405 7.77363 7.77199 7.76916 7.76469 7.76410 7.76951 7.77345 7.77467 7.77502 7.77451 7.77339 7.77185
-99999.00000 -99999.00000 -99999.00000 -99999.00000 -99999.00000 7.76485 7.76740 7.76925 7.77137 7.76546 7.75957 7.75571 7.74863 7.75239 7.75786 7.76339 7.75825 7.75543 7.75721 7.75998 7.76184 7.76030 7.75966 7.76355 7.76698 7.76533 7.76374 7.76422 7.76308 7.75929 7.75685 7.75941 7.75992 7.75849 7.75666 7.75523 7.75681 7.76262 7.76899 7.77223 7.76996 7.76295 7.75857 7.75310 7.74645 7.74661 7.75617 7.76546 7.76855 7.77081 7.77243 7.77274 7.77295 7.77257 7.77086 7.76808 7.76439 7.76131 7.76475 7.77005 7.77208 7.77284 7.77315 7.77279 7.77180 7.77035
-99999.00000 -99999.00000 -99999.00000 -99999.00000 -99999.00000 7.77247 7.77241 7.77150 7.77195 7.76610 7.76051 7.75860 7.75543 7.75654 7.76038 7.76028 7.75276 7.75072 7.75391 7.75434 7.75742 7.76019 7.76143 7.76424 7.76619 7.76685 7.76473 7.76169 7.76104 7.76083 7.76182 7.76489 7.76688 7.76524 7.76156 7.75547 7.75462 7.76170 7.76814 7.77051 7.76601 7.75934 7.75934 7.74879 7.74381 7.74712 7.75591 7.76502 7.76845 7.76985 7.77087 7.77141 7.77191 7.77089 7.76835 7.76505 7.76203 7.76230 7.76679 7.76944 7.77036 7.77086 7.77106 7.77080 7.76998 7.76867
-99999.00000 -99999.00000 -99999.00000 -99999.00000 -99999.00000 7.77291 7.77007 7.76743 7.76882 7.76751 7.76214 7.76022 7.75889 7.75896 7.76081 7.75686 7.74968 7.74603 7.75125 7.75365 7.75491 7.76064 7.76616 7.76645 7.76739 7.76682 7.76373 7.76204 7.76299 7.76503 7.76678 7.76853 7.76978 7.76747 7.76096 7.75169 7.75311 7.76211 7.76738 7.76882 7.76508 7.75815 7.75415 7.74848 7.74365 7.74609 7.75494 7.76427 7.76755 7.76788 7.76863 7.76955 7.76979 7.76834 7.76566 7.76296 7.76149 7.76333 7.76650 7.76763 7.76812 7.76840 7.76846 7.76829 7.76775 7.76673
-99999.00000 -99999.00000 -99999.00000 -99999.00000 -99999.00000 7.76969 7.76945 7.76709 7.76641 7.76889 7.76334 7.76111 7.76103 7.75758 7.75699 7.74924 7.74586 7.74799 7.75289 7.75859 7.75869 7.76042 7.76458 7.76722 7.76777 7.76391 7.76244 7.76533 7.76724 7.76907 7.76979 7.77001 7.77043 7.76815 7.76199 7.75013 7.74643 7.75694 7.76445 7.76648 7.76428 7.75782 7.75220 7.74806 7.74194 7.74426 7.75567 7.76492 7.76695 7.76560 7.76554 7.76655 7.76645 7.76478 7.76261 7.76109 7.75994 7.76079 7.76329 7.76440 7.76491 7.76512 7.76515 7.76506 7.76483 7.76424
-99999.00000 -99999.00000 -99999.00000 -99999.00000 -99999.00000 7.76790 7.76996 7.76829 7.76531 7.76762 7.76197 7.76090 7.76292 7.75885 7.75297 7.74747 7.74841 7.74844 7.75641 7.76354 7.76372 7.76252 7.76185 7.76174 7.76181 7.76111 7.76463 7.76894 7.76889 7.76789 7.76681 7.76637 7.76720 7.76602 7.76217 7.75286 7.74659 7.75215 7.76005 7.76286 7.76007 7.75452 7.74733 7.74053 7.73765 7.74907 7.76085 7.76551 7.76518 7.76223 7.76119 7.76195 7.76143 7.76000 7.75923 7.75849 7.75600 7.75434 7.75590 7.75832 7.76009 7.76065 7.76059 7.76045 7.76055 7.76052
-99999.00000 -99999.00000 -99999.00000 -99999.00000 -99999.00000 7.76215 7.76611 7.76816 7.76428 7.76294 7.75937 7.76013 7.76219 7.76149 7.75345 7.75067 7.74600 7.75261 7.76130 7.76590 7.76661 7.76589 7.76391 7.76184 7.76201 7.76491 7.76788 7.76817 7.76447 7.76240 7.76184 7.76001 7.76111 7.76277 7.75746 7.74944 7.74806 7.75300 7.75836 7.75886 7.75511 7.75062 7.74413 7.73962 7.74687 7.75786 7.76299 7.76403 7.76086 7.75587 7.75494 7.75581 7.75469 7.75345 7.75390 7.75171 7.74848 7.74673 7.74685 7.74885 7.75195 7.75369 7.75279 7.75182 7.75265 7.75420
-99999.00000 -99999.00000 -99999.00000 -99999.00000 -99999.00000 7.75608 7.76033 7.76596 7.76410 7.76109 7.75923 7.76014 7.76153 7.75969 7.75558 7.74742 7.74819 7.75960 7.76453 7.76666 7.76793 7.76797 7.76704 7.76690 7.76735 7.76826 7.76733 7.76326 7.75822 7.76008 7.76225 7.75808 7.75473 7.75583 7.75159 7.74850 7.75075 7.75522 7.75838 7.75726 7.75182 7.74680 7.74440 7.74688 7.75502 7.75975 7.76125 7.75970 7.75314 7.74699 7.74807 7.74955 7.74762 7.74435 7.74245 7.74029 7.74015 7.74099 7.74139 7.74084 7.74307 7.74563 7.74239 7.73978 7.74132 7.74482
-99999.00000 -99999.00000 -99999.00000 -99999.00000 -99999.00000 7.75296 7.75582 7.76102 7.76182 7.75980 7.75766 7.75722 7.75811 7.75638 7.75197 7.74663 7.75536 7.76302 7.76558 7.76722 7.76856 7.76861 7.76821 7.76842 7.76763 7.76654 7.76273 7.75680 7.75684 7.76337 7.76609 7.76306 7.75696 7.75449 7.75187 7.75218 7.75309 7.75328 7.75518 7.75591 7.75124 7.74464 7.74011 7.74247 7.75111 7.75515 7.75579 7.75258 7.74373 7.73943 7.74277 7.74499 7.74298 7.73792 7.73445 7.73514 7.73779 7.73943 7.74105 7.73801 7.73531 7.73725 7.73272 7.73081 7.73150 7.73364
-99999.00000 -99999.00000 -99999.00000 -99999.00000 -99999.00000 7.75298 7.74942 7.74874 7.74798 7.74804 7.74972 7.74855 7.74915 7.75270 7.74982 7.75075 7.75789 7.76297 7.76553 7.76727 7.76847 7.76851 7.76807 7.76769 7.76571 7.76279 7.75836 7.75590 7.76118 7.76568 7.76562 7.76135 7.75728 7.75736 7.75570 7.75236 7.74729 7.74708 7.74909 7.75270 7.75124 7.74480 7.73670 7.73376 7.73858 7.74234 7.74437 7.74300 7.73476 7.73374 7.74155 7.74410 7.74275 7.73986 7.73993 7.74097 7.73980 7.73853 7.74181 7.73898 7.72746 7.72303 7.72308 7.72686 7.72451 7.71766
-99999.00000 -99999.00000 -99999.00000 -99999.00000 -99999.00000 7.75360 7.74557 7.73877 7.73705 7.73903 7.74389 7.74659 7.74749 7.75231 7.75411 7.75572 7.75571 7.75949 7.76420 7.76642 7.76739 7.76757 7.76715 7.76643 7.76408 7.76025 7.75700 7.75808 7.76238 7.76303 7.75857 7.75305 7.75149 7.75007 7.75053 7.74697 7.74721 7.74311 7.74274 7.74498 7.74618 7.74475 7.73788 7.73097 7.72830 7.72746 7.72784 7.72980 7.72773 7.73353 7.74415 7.74621 7.74597 7.74583 7.74568 7.74558 7.74166 7.73689 7.73673 7.73321 7.72698 7.72232 7.72473 7.72696 7.71927 7.70178
-99999.00000 -99999.00000 -99999.00000 -99999.00000 -99999.00000 7.74418 7.74171 7.73923 7.73796 7.73689 7.73991 7.74689 7.75075 7.75330 7.75722 7.75621 7.75565 7.75528 7.76069 7.76497 7.76607 7.76623 7.76592 7.76530 7.76334 7.75980 7.75662 7.75607 7.75766 7.75616 7.75155 7.75041 7.75212 7.74760 7.74615 7.74671 7.74863 7.74265 7.73886 7.73735 7.73825 7.73976 7.73811 7.73218 7.72610 7.71933 7.71650 7.72268 7.72854 7.73780 7.74414 7.74521 7.74612 7.74629 7.74470 7.74174 7.73881 7.73808 7.73579 7.73438 7.73625 7.73512 7.73216 7.72604 7.71058 7.70355
-99999.00000 -99999.00000 -99999.00000 -99999.00000 -99999.00000 7.73817 7.74108 7.74490 7.74501 7.73912 7.73925 7.74586 7.74994 7.75323 7.75666 7.75529 7.75291 7.75353 7.75642 7.76280 7.76454 7.76468 7.76446 7.76411 7.76290 7.76031 7.75721 7.75492 7.75384 7.75214 7.75038 7.75088 7.75166 7.74679 7.74393 7.74519 7.74645 7.74195 7.73658 7.73463 7.73488 7.73599 7.73612 7.73215 7.72735 7.72259 7.72111 7.72489 7.73124 7.73746 7.73942 7.73990 7.74206 7.74432 7.74091 7.73580 7.73302 7.73670 7.74004 7.74087 7.73912 7.73536 7.73096 7.72389 7.71155 7.71993
-99999.00000 -99999.00000 -99999.00000 -99999.00000 -99999.00000 7.74067 7.74382 7.74990 7.75022 7.74091 7.74041 7.74574 7.74778 7.75092 7.75305 7.75080 7.74773 7.74838 7.75611 7.76047 7.76189 7.76241 7.76257 7.76266 7.76220 7.76074 7.75825 7.75553 7.75365 7.75208 7.75049 7.74925 7.74752 7.74223 7.73842 7.74025 7.74380 7.74306 7.73984 7.73711 7.73588 7.73710 7.73792 7.73520 7.73298 7.73403 7.73220 7.73027 7.73302 7.73459 7.73436 7.73478 7.73649 7.74005 7.73655 7.73306 7.73245 7.73389 7.74147 7.73883 7.73354 7.72968 7.72728 7.72527 7.72066 7.72059
-99999.00000 -99999.00000 -99999.00000 -99999.00000 -99999.00000 7.74283 7.74111 7.74554 7.74903 7.74197 7.74133 7.74514 7.74472 7.74456 7.74946 7.74143 7.74094 7.74601 7.75140 7.75506 7.75716 7.75882 7.76018 7.76095 7.76098 7.76038 7.75871 7.75614 7.75373 7.75202 7.74959 7.74585 7.74164 7.73538 7.73035 7.73330 7.74123 7.74377 7.74157 7.73870 7.73729 7.73956 7.74250 7.74174 7.74108 7.74243 7.73970 7.73606 7.73614 7.73502 7.73380 7.73310 7.73207 7.73420 7.73316 7.73389 7.73440 7.73404 7.74052 7.73493 7.73087 7.73032 7.73036 7.73165 7.73144 7.72539
-99999.00000 -99999.00000 -99999.00000 -99999.00000 -99999.00000 7.74451 7.73992 7.73810 7.74176 7.73941 7.74114 7.74637 7.74493 7.74040 7.74562 7.73618 7.73733 7.73972 7.74190 7.74566 7.74969 7.75359 7.75684 7.75876 7.75936 7.75895 7.75741 7.75469 7.75137 7.74948 7.74753 7.74112 7.73435 7.72920 7.72464 7.72392 7.73388 7.74018 7.73730 7.73489 7.73420 7.73767 7.74235 7.74291 7.74201 7.74233 7.74335 7.74282 7.74137 7.73922 7.73852 7.73688 7.73309 7.73198 7.73259 7.73566 7.73234 7.73241 7.73751 7.73286 7.73333 7.73492 7.73410 7.73667 7.73528 7.72534
-99999.00000 -99999.00000 -99999.00000 -99999.00000 -99999.00000 7.73227 7.72585 7.72729 7.73353 7.73241 7.73493 7.74531 7.74508 7.73865 7.74266 7.73402 7.73684 7.73611 7.73516 7.73731 7.74180 7.74704 7.75215 7.75574 7.75729 7.75685 7.75450 7.75013 7.74473 7.74135 7.74287 7.73594 7.72700 7.72618 7.72754 7.71794 7.72458 7.73295 7.73083 7.72961 7.72682 7.73145 7.73890 7.74285 7.74407 7.74390 7.74312 7.74349 7.74345 7.74317 7.74395 7.74232 7.73861 7.73562 7.73577 7.73714 7.72877 7.73007 7.73592 7.73233 7.73397 7.73331 7.73010 7.73502 7.73475 7.72338
-99999.00000 -99999.00000 -99999.00000 -99999.00000 -99999.00000 7.72092 7.71841 7.72586 7.73193 7.72763 7.72670 7.74239 7.74339 7.73629 7.74183 7.72802 7.73494 7.73620 7.73459 7.73457 7.73632 7.73998 7.74618 7.75213 7.75481 7.75419 7.74994 7.74261 7.73566 7.72980 7.72901 7.72964 7.72664 7.72870 7.73235 7.72263 7.72595 7.73057 7.72942 7.72672 7.71937 7.72463 7.73504 7.74230 7.74643 7.74802 7.74607 7.74209 7.74118 7.74391 7.74615 7.74535 7.74295 7.74011 7.73898 7.73673 7.72955 7.73032 7.73840 7.73414 7.73361 7.73259 7.72778 7.73313 7.73400 7.72698
-99999.00000 -99999.00000 -99999.00000 -99999.00000 -99999.00000 7.72539 7.73075 7.73821 7.73908 7.73101 7.72373 7.73682 7.74213 7.73772 7.73767 7.72188 7.73371 7.73863 7.73760 7.73586 7.73450 7.73454 7.73909 7.74707 7.75173 7.75079 7.74380 7.73455 7.73029 7.73051 7.72732 7.73159 7.73680 7.73701 7.73253 7.72971 7.73605 7.73208 7.72903 7.72480 7.71494 7.71626 7.72600 7.73597 7.74354 7.74720 7.74733 7.74212 7.73892 7.74107 7.74293 7.74443 7.74434 7.74230 7.73888 7.73372 7.73023 7.73263 7.73616 7.73375 7.72882 7.72953 7.72921 7.73442 7.73563 7.73231
-99999.00000 -99999.00000 -99999.00000 -99999.00000 -99999.00000 7.74155 7.74659 7.74987 7.74651 7.73670 7.72666 7.73288 7.74065 7.74049 7.73493 7.72153 7.73682 7.74342 7.74161 7.73914 7.73668 7.73332 7.73292 7.73952 7.74671 7.74549 7.73691 7.73034 7.73188 7.73820 7.73913 7.73990 7.74454 7.74383 7.73890 7.73638 7.73646 7.72848 7.72583 7.72350 7.71408 7.71293 7.72020 7.72839 7.73657 7.74283 7.74575 7.74328 7.73893 7.73743 7.73722 7.73847 7.74047 7.74117 7.73583 7.72959 7.73005 7.73499 7.73572 7.73251 7.72661 7.73258 7.73327 7.73366 7.73573 7.73548
-99999.00000 -99999.00000 -99999.00000 -99999.00000 -99999.00000 7.74570 7.74847 7.75041 7.74597 7.73797 7.73302 7.73719 7.74513 7.74448 7.73528 7.71806 7.73118 7.74621 7.74436 7.74187 7.74121 7.73679 7.73119 7.73144 7.73805 7.73772 7.73112 7.72937 7.73474 7.74182 7.74357 7.74351 7.74569 7.74359 7.73547 7.72635 7.72674 7.72531 7.72549 7.72391 7.71331 7.71435 7.72238 7.72862 7.73262 7.73704 7.74137 7.74330 7.74161 7.73994 7.73834 7.73606 7.73540 7.73535 7.72945 7.72662 7.73029 7.73440 7.73486 7.73467 7.72556 7.72813 7.73230 7.73326 7.73363 7.73271
