mrvbf_slope1_pctl1.1.asc
NCOLS 410
NROWS 410
XLLCORNER 2398750.0000000000000000
YLLCORNER 2548750.0000000000000000
CELLSIZE 250.0000000000000000
NODATA_VALUE -99999.00000
[rows 87 to 115 of 410, columns 330 to 395 of 410]
-99999.00000 -99999.00000 -99999.00000 -99999.00000 -99999.00000 -99999.00000 -99999.00000 -99999.00000 -99999.00000 -99999.00000 -99999.00000 -99999.00000 -99999.00000 -99999.00000 -99999.00000 -99999.00000 -99999.00000 -99999.00000 -99999.00000 -99999.00000 -99999.00000 -99999.00000 -99999.00000 -99999.00000 -99999.00000 -99999.00000 7.60564 7.53727 7.42298 7.35268 7.37571 7.34509 7.50190 7.55380 7.54656 7.51734 7.45148 7.40052 7.34559 7.02973 6.73216 6.23249 5.72533 5.17593 2.81471 4.75044 6.99474 7.42116 7.52060 7.56761 7.58289 7.59848 7.60883 7.61060 7.62286 7.62543 7.61715 7.62079 7.58746 7.53474 7.57020 7.54824 7.58494 7.55060 7.59587 7.64155
-99999.00000 -99999.00000 -99999.00000 -99999.00000 -99999.00000 -99999.00000 -99999.00000 -99999.00000 -99999.00000 -99999.00000 -99999.00000 -99999.00000 -99999.00000 -99999.00000 -99999.00000 -99999.00000 -99999.00000 -99999.00000 -99999.00000 -99999.00000 -99999.00000 -99999.00000 -99999.00000 -99999.00000 -99999.00000 -99999.00000 7.59028 7.52864 7.50505 7.51617 7.45952 7.52484 7.56532 7.57284 7.57775 7.55810 7.51929 7.47021 7.36174 6.78303 6.21753 5.77671 5.99603 6.24508 4.13366 4.48180 7.00721 7.44713 7.53300 7.56315 7.58033 7.59060 7.61181 7.62978 7.63815 7.63857 7.61401 7.63009 7.60810 7.61206 7.64050 7.61340 7.57171 7.59141 7.63705 7.63658
-99999.00000 -99999.00000 -99999.00000 -99999.00000 -99999.00000 -99999.00000 -99999.00000 -99999.00000 -99999.00000 -99999.00000 -99999.00000 -99999.00000 -99999.00000 -99999.00000 -99999.00000 -99999.00000 -99999.00000 -99999.00000 -99999.00000 -99999.00000 -99999.00000 -99999.00000 -99999.00000 -99999.00000 -99999.00000 -99999.00000 7.53848 7.51729 7.55351 7.58320 7.57341 7.58133 7.58835 7.59016 7.58313 7.58525 7.55216 7.43327 6.98131 6.35875 6.17294 5.98699 6.33344 6.23257 3.73654 4.45809 7.10216 7.47077 7.53798 7.56317 7.57219 7.59892 7.60898 7.62453 7.63977 7.63752 7.61954 7.60558 7.61535 7.65156 7.65714 7.64933 7.64611 7.65534 7.64664 7.66340
-99999.00000 -99999.00000 -99999.00000 -99999.00000 -99999.00000 -99999.00000 -99999.00000 -99999.00000 -99999.00000 -99999.00000 -99999.00000 -99999.00000 -99999.00000 -99999.00000 -99999.00000 -99999.00000 -99999.00000 -99999.00000 -99999.00000 -99999.00000 -99999.00000 -99999.00000 -99999.00000 -99999.00000 -99999.00000 -99999.00000 7.53746 7.56333 7.60804 7.61735 7.61271 7.60421 7.59618 7.59238 7.59374 7.57998 7.54202 7.37590 6.98173 6.68128 6.32233 6.20009 6.51967 5.98993 3.40224 5.56013 7.24653 7.48168 7.53877 7.57457 7.59055 7.59796 7.61501 7.62425 7.63335 7.63351 7.61863 7.60615 7.63605 7.66010 7.66134 7.65010 7.67216 7.67629 7.67582 7.68060
-99999.00000 -99999.00000 -99999.00000 -99999.00000 -99999.00000 -99999.00000 -99999.00000 -99999.00000 -99999.00000 -99999.00000 -99999.00000 -99999.00000 -99999.00000 -99999.00000 -99999.00000 -99999.00000 -99999.00000 -99999.00000 -99999.00000 -99999.00000 -99999.00000 -99999.00000 -99999.00000 -99999.00000 -99999.00000 7.61626 7.59585 7.61620 7.63712 7.63611 7.63183 7.62584 7.60949 7.59876 7.58953 7.57495 7.54036 7.44422 7.20785 6.55518 5.94560 6.26052 6.54899 5.83524 5.00715 6.56772 7.34339 7.48752 7.54496 7.58131 7.60243 7.60288 7.59975 7.61316 7.61634 7.60543 7.61762 7.61667 7.62673 7.64181 7.64139 7.66163 7.67549 7.67570 7.67450 7.67777
-99999.00000 -99999.00000 -99999.00000 -99999.00000 -99999.00000 -99999.00000 -99999.00000 -99999.00000 -99999.00000 -99999.00000 -99999.00000 -99999.00000 -99999.00000 -99999.00000 -99999.00000 -99999.00000 -99999.00000 -99999.00000 -99999.00000 -99999.00000 -99999.00000 -99999.00000 -99999.00000 -99999.00000 -99999.00000 7.62481 7.62701 7.63993 7.64054 7.63297 7.63492 7.63495 7.62168 7.60400 7.59211 7.57701 7.54434 7.47730 7.28987 6.62945 6.07662 6.27031 6.47805 6.01366 5.10258 6.42985 7.32466 7.49165 7.55063 7.58431 7.59804 7.58552 7.58628 7.59279 7.59678 7.57536 7.60527 7.61031 7.61624 7.61902 7.62579 7.65825 7.67261 7.67945 7.67226 7.67892
-99999.00000 -99999.00000 -99999.00000 -99999.00000 -99999.00000 -99999.00000 -99999.00000 -99999.00000 -99999.00000 -99999.00000 -99999.00000 -99999.00000 -99999.00000 -99999.00000 -99999.00000 -99999.00000 -99999.00000 -99999.00000 -99999.00000 -99999.00000 -99999.00000 -99999.00000 -99999.00000 -99999.00000 -99999.00000 7.62482 7.63245 7.63774 7.63236 7.63036 7.62731 7.62916 7.62085 7.61004 7.59853 7.58782 7.55868 7.48786 7.32226 6.98375 6.27225 5.97382 6.47283 5.84093 4.28509 6.23381 7.32796 7.48056 7.55131 7.58670 7.58959 7.58070 7.58001 7.59829 7.58209 7.57562 7.60795 7.61207 7.60701 7.61134 7.61692 7.63644 7.66277 7.67841 7.67339 7.67540
-99999.00000 -99999.00000 -99999.00000 -99999.00000 -99999.00000 -99999.00000 -99999.00000 -99999.00000 -99999.00000 -99999.00000 -99999.00000 -99999.00000 -99999.00000 -99999.00000 -99999.00000 -99999.00000 -99999.00000 -99999.00000 -99999.00000 -99999.00000 -99999.00000 -99999.00000 -99999.00000 -99999.00000 -99999.00000 7.61268 7.61642 7.62143 7.61858 7.62099 7.62415 7.62680 7.62522 7.61699 7.60540 7.58793 7.56015 7.50166 7.39549 7.15678 6.47824 5.65339 6.03380 4.30893 3.76840 6.72271 7.35465 7.49291 7.55167 7.58822 7.59411 7.59061 7.59504 7.61743 7.61405 7.58933 7.58651 7.58563 7.60894 7.59838 7.60551 7.63822 7.66474 7.67477 7.67472 7.67985
-99999.00000 -99999.00000 -99999.00000 -99999.00000 -99999.00000 -99999.00000 -99999.00000 -99999.00000 -99999.00000 -99999.00000 -99999.00000 -99999.00000 -99999.00000 -99999.00000 -99999.00000 -99999.00000 -99999.00000 -99999.00000 -99999.00000 -99999.00000 -99999.00000 -99999.00000 -99999.00000 -99999.00000 -99999.00000 7.62006 7.62220 7.61978 7.61743 7.61621 7.61470 7.62051 7.62166 7.61163 7.60060 7.58526 7.56582 7.51835 7.42525 7.23465 6.59994 5.25704 4.64174 2.99800 4.97492 7.03650 7.40063 7.50001 7.55744 7.58966 7.59279 7.59673 7.60767 7.61761 7.62041 7.62803 7.62864 7.59466 7.58897 7.59219 7.63251 7.63898 7.66441 7.67454 7.67600 7.68440
-99999.00000 -99999.00000 -99999.00000 -99999.00000 -99999.00000 -99999.00000 -99999.00000 -99999.00000 -99999.00000 -99999.00000 -99999.00000 -99999.00000 -99999.00000 -99999.00000 -99999.00000 -99999.00000 -99999.00000 -99999.00000 -99999.00000 -99999.00000 -99999.00000 -99999.00000 -99999.00000 -99999.00000 -99999.00000 7.62137 7.63280 7.63890 7.63075 7.62390 7.61316 7.60658 7.61748 7.60999 7.59484 7.58218 7.56371 7.53275 7.45880 7.20832 6.42054 4.33515 2.62029 3.40594 6.43779 7.23322 7.41829 7.50132 7.55742 7.58395 7.58047 7.58900 7.60097 7.60987 7.61613 7.62825 7.64519 7.63503 7.61296 7.62152 7.62698 7.63460 7.64500 7.66979 7.67898 7.68445
-99999.00000 -99999.00000 -99999.00000 -99999.00000 -99999.00000 -99999.00000 -99999.00000 -99999.00000 -99999.00000 -99999.00000 -99999.00000 -99999.00000 -99999.00000 -99999.00000 -99999.00000 -99999.00000 -99999.00000 -99999.00000 -99999.00000 -99999.00000 -99999.00000 -99999.00000 -99999.00000 -99999.00000 -99999.00000 7.63025 7.63619 7.63836 7.63255 7.62636 7.62059 7.61185 7.61594 7.61129 7.59246 7.57371 7.55295 7.52191 7.45841 7.22449 6.34341 3.80144 2.36636 4.31384 6.77022 7.31254 7.43871 7.50767 7.56412 7.58331 7.57796 7.58468 7.59887 7.60047 7.58271 7.62253 7.65024 7.65001 7.64675 7.64584 7.63612 7.63154 7.64685 7.66495 7.66285 7.66228
-99999.00000 -99999.00000 -99999.00000 -99999.00000 -99999.00000 -99999.00000 -99999.00000 -99999.00000 -99999.00000 -99999.00000 -99999.00000 -99999.00000 -99999.00000 -99999.00000 -99999.00000 -99999.00000 -99999.00000 -99999.00000 -99999.00000 -99999.00000 -99999.00000 -99999.00000 -99999.00000 -99999.00000 -99999.00000 7.63646 7.63704 7.63567 7.63089 7.62241 7.61502 7.61002 7.61174 7.60719 7.59578 7.57505 7.54721 7.49895 7.41623 7.10400 6.42888 5.28563 2.92328 3.37304 6.48133 7.29046 7.45373 7.52720 7.56669 7.59189 7.59286 7.59019 7.58958 7.58910 7.60191 7.60813 7.64555 7.64963 7.64054 7.64637 7.64460 7.64000 7.62873 7.64342 7.59855 7.60429
-99999.00000 -99999.00000 -99999.00000 -99999.00000 -99999.00000 -99999.00000 -99999.00000 -99999.00000 -99999.00000 -99999.00000 -99999.00000 -99999.00000 -99999.00000 -99999.00000 -99999.00000 -99999.00000 -99999.00000 -99999.00000 -99999.00000 -99999.00000 -99999.00000 -99999.00000 -99999.00000 -99999.00000 7.61998 7.63359 7.63552 7.62846 7.62223 7.61683 7.60938 7.60908 7.60990 7.60403 7.59744 7.58190 7.55221 7.49677 7.37788 7.07386 6.59426 5.93012 5.09177 3.69689 5.68465 7.19219 7.45820 7.52369 7.57006 7.59679 7.60681 7.61257 7.61261 7.60253 7.60467 7.62094 7.63842 7.62292 7.58701 7.62258 7.63459 7.61605 7.62810 7.62134 7.55368 7.55960
-99999.00000 -99999.00000 -99999.00000 -99999.00000 -99999.00000 -99999.00000 -99999.00000 -99999.00000 -99999.00000 -99999.00000 -99999.00000 -99999.00000 -99999.00000 -99999.00000 -99999.00000 -99999.00000 -99999.00000 -99999.00000 -99999.00000 -99999.00000 -99999.00000 -99999.00000 -99999.00000 -99999.00000 7.61876 7.62366 7.63064 7.62496 7.61130 7.60420 7.60627 7.60515 7.60631 7.60387 7.59261 7.57479 7.54418 7.48562 7.33784 7.12808 6.85720 6.26715 5.83131 4.58986 5.36633 7.11577 7.44738 7.52227 7.56758 7.59473 7.60995 7.61868 7.62088 7.61966 7.62709 7.62903 7.61771 7.57880 7.59929 7.58083 7.63054 7.63681 7.59920 7.56842 7.55326 7.56723
-99999.00000 -99999.00000 -99999.00000 -99999.00000 -99999.00000 -99999.00000 -99999.00000 -99999.00000 -99999.00000 -99999.00000 -99999.00000 -99999.00000 -99999.00000 -99999.00000 -99999.00000 -99999.00000 -99999.00000 -99999.00000 -99999.00000 -99999.00000 -99999.00000 -99999.00000 -99999.00000 -99999.00000 7.62497 7.62173 7.62452 7.62364 7.61308 7.59774 7.59565 7.59803 7.59948 7.59625 7.58665 7.56431 7.52541 7.46664 7.31558 7.11657 6.95985 6.52281 6.11621 5.19209 4.98844 6.89111 7.41874 7.51138 7.55907 7.58987 7.60832 7.61349 7.60929 7.62051 7.63168 7.63584 7.63063 7.61856 7.59285 7.62021 7.64425 7.64005 7.60821 7.61874 7.58558 7.63314
-99999.00000 -99999.00000 -99999.00000 -99999.00000 -99999.00000 -99999.00000 -99999.00000 -99999.00000 -99999.00000 -99999.00000 -99999.00000 -99999.00000 -99999.00000 -99999.00000 -99999.00000 -99999.00000 -99999.00000 -99999.00000 -99999.00000 -99999.00000 -99999.00000 -99999.00000 -99999.00000 -99999.00000 -99999.00000 7.61522 7.62017 7.61923 7.61265 7.60204 7.59271 7.59159 7.59138 7.58211 7.57406 7.55183 7.51353 7.45264 7.21273 6.94764 6.98195 6.81154 6.52730 6.20053 5.02917 6.22384 7.32688 7.49625 7.54689 7.58145 7.60145 7.60606 7.61554 7.62531 7.63507 7.64095 7.64082 7.64561 7.64098 7.65658 7.65988 7.65898 7.64297 7.62563 7.63115 7.65599
-99999.00000 -99999.00000 -99999.00000 -99999.00000 -99999.00000 -99999.00000 -99999.00000 -99999.00000 -99999.00000 -99999.00000 -99999.00000 -99999.00000 -99999.00000 -99999.00000 -99999.00000 -99999.00000 -99999.00000 -99999.00000 -99999.00000 -99999.00000 -99999.00000 -99999.00000 -99999.00000 -99999.00000 7.61578 7.60528 7.61170 7.61913 7.61124 7.60215 7.59488 7.59325 7.58849 7.58712 7.57639 7.55649 7.51487 7.42282 7.02489 6.71441 6.92792 6.92064 6.79822 6.68992 5.88571 6.02071 7.16957 7.45702 7.53352 7.56676 7.59100 7.60739 7.61191 7.62598 7.63581 7.64423 7.64486 7.64462 7.65158 7.65508 7.65979 7.66193 7.65523 7.61888 7.58510 7.63034
-99999.00000 -99999.00000 -99999.00000 -99999.00000 -99999.00000 -99999.00000 -99999.00000 -99999.00000 -99999.00000 -99999.00000 -99999.00000 -99999.00000 -99999.00000 -99999.00000 -99999.00000 -99999.00000 -99999.00000 -99999.00000 -99999.00000 -99999.00000 -99999.00000 -99999.00000 -99999.00000 -99999.00000 7.61088 7.60922 7.60759 7.61563 7.61068 7.60307 7.59637 7.59904 7.59316 7.58773 7.58134 7.55856 7.50073 7.31934 6.70249 6.55058 6.80539 6.77385 6.84524 7.03424 6.50720 6.22497 7.02985 7.37212 7.50070 7.55175 7.58229 7.60436 7.61380 7.62381 7.63732 7.64554 7.65194 7.64586 7.64911 7.65060 7.65646 7.65158 7.63863 7.58364 7.60831 7.59034
-99999.00000 -99999.00000 -99999.00000 -99999.00000 -99999.00000 -99999.00000 -99999.00000 -99999.00000 -99999.00000 -99999.00000 -99999.00000 -99999.00000 -99999.00000 -99999.00000 -99999.00000 -99999.00000 -99999.00000 -99999.00000 -99999.00000 -99999.00000 -99999.00000 -99999.00000 -99999.00000 7.59569 7.60089 7.60557 7.60815 7.61285 7.61385 7.60349 7.59207 7.58986 7.59652 7.59340 7.57913 7.54536 7.48214 7.29321 6.45528 6.11969 6.54586 6.78685 7.03424 7.20146 6.90893 6.63805 7.09866 7.27169 7.42931 7.52981 7.57600 7.60080 7.61556 7.62365 7.63353 7.64608 7.65467 7.65304 7.65093 7.65845 7.66264 7.65569 7.64283 7.62461 7.63551 7.62802
-99999.00000 -99999.00000 -99999.00000 -99999.00000 -99999.00000 -99999.00000 -99999.00000 -99999.00000 -99999.00000 -99999.00000 -99999.00000 -99999.00000 -99999.00000 -99999.00000 -99999.00000 -99999.00000 -99999.00000 -99999.00000 -99999.00000 -99999.00000 -99999.00000 -99999.00000 -99999.00000 7.61680 7.61474 7.61005 7.60669 7.60322 7.60791 7.60807 7.59435 7.58923 7.59454 7.59236 7.57768 7.53514 7.45848 7.24448 6.17498 5.62542 6.58094 7.11340 7.28641 7.33686 7.22940 6.98054 7.25299 7.33787 7.33833 7.49593 7.55086 7.58359 7.60313 7.62019 7.62800 7.64084 7.64954 7.65546 7.65965 7.66432 7.66567 7.66419 7.64884 7.61048 7.61535 7.59737
-99999.00000 -99999.00000 -99999.00000 -99999.00000 -99999.00000 -99999.00000 -99999.00000 -99999.00000 -99999.00000 -99999.00000 -99999.00000 -99999.00000 -99999.00000 -99999.00000 -99999.00000 -99999.00000 -99999.00000 -99999.00000 -99999.00000 -99999.00000 -99999.00000 -99999.00000 7.61367 7.61570 7.61739 7.61714 7.61329 7.60151 7.60075 7.60837 7.60059 7.58957 7.59289 7.58746 7.56530 7.51328 7.41377 7.10582 5.77486 5.55411 6.88524 7.26976 7.36383 7.40226 7.37754 7.18916 7.15043 7.29201 7.34364 7.47717 7.53807 7.57713 7.59520 7.61020 7.62281 7.63264 7.64107 7.65021 7.65823 7.66369 7.66463 7.66386 7.65733 7.63981 7.59787 7.62868
-99999.00000 -99999.00000 -99999.00000 -99999.00000 -99999.00000 -99999.00000 -99999.00000 -99999.00000 -99999.00000 -99999.00000 -99999.00000 -99999.00000 -99999.00000 -99999.00000 -99999.00000 -99999.00000 -99999.00000 -99999.00000 -99999.00000 -99999.00000 -99999.00000 -99999.00000 7.61526 7.61727 7.61482 7.61162 7.61344 7.60917 7.60720 7.60676 7.60184 7.58934 7.58493 7.58326 7.55417 7.48319 7.37417 7.03436 5.60597 5.58917 6.98459 7.30046 7.37706 7.43417 7.44592 7.37754 7.17508 7.11933 7.25004 7.45719 7.54737 7.58719 7.60140 7.60828 7.61732 7.62298 7.63359 7.63937 7.64789 7.65422 7.65849 7.66056 7.65680 7.64863 7.63176 7.64086
-99999.00000 -99999.00000 -99999.00000 -99999.00000 -99999.00000 -99999.00000 -99999.00000 -99999.00000 -99999.00000 -99999.00000 -99999.00000 -99999.00000 -99999.00000 -99999.00000 -99999.00000 -99999.00000 -99999.00000 -99999.00000 -99999.00000 -99999.00000 -99999.00000 -99999.00000 7.62262 7.61883 7.61730 7.60963 7.60365 7.60740 7.61553 7.61527 7.60453 7.59580 7.58713 7.57815 7.54424 7.46649 7.31307 6.73127 5.46966 5.84282 7.01895 7.36104 7.40784 7.44635 7.46424 7.40718 7.00844 6.91802 7.33820 7.46995 7.55162 7.58773 7.60669 7.61221 7.61326 7.61764 7.61981 7.62861 7.64302 7.64717 7.64664 7.65295 7.64982 7.64308 7.63244 7.60653
-99999.00000 -99999.00000 -99999.00000 -99999.00000 -99999.00000 -99999.00000 -99999.00000 -99999.00000 -99999.00000 -99999.00000 -99999.00000 -99999.00000 -99999.00000 -99999.00000 -99999.00000 -99999.00000 -99999.00000 -99999.00000 -99999.00000 -99999.00000 -99999.00000 7.61541 7.61964 7.61512 7.61637 7.61855 7.60772 7.60145 7.60523 7.61058 7.60317 7.59935 7.59381 7.57771 7.53585 7.42136 7.06088 6.26035 5.53722 6.16063 7.14385 7.40909 7.42435 7.43689 7.45829 7.42109 6.91098 6.92620 7.37331 7.47676 7.55000 7.58668 7.60723 7.61225 7.61230 7.61143 7.61790 7.62893 7.63625 7.63490 7.64283 7.64280 7.64178 7.63263 7.60824 7.61810
-99999.00000 -99999.00000 -99999.00000 -99999.00000 -99999.00000 -99999.00000 -99999.00000 -99999.00000 -99999.00000 -99999.00000 -99999.00000 -99999.00000 -99999.00000 -99999.00000 -99999.00000 -99999.00000 -99999.00000 -99999.00000 -99999.00000 -99999.00000 -99999.00000 7.61965 7.61861 7.61984 7.62298 7.62387 7.61393 7.60581 7.60172 7.60032 7.60151 7.60041 7.59439 7.56936 7.50754 7.24624 6.59537 6.14579 5.90304 6.56139 7.27857 7.42792 7.41101 7.40592 7.45262 7.39340 6.86249 6.98263 7.38117 7.47400 7.54709 7.58221 7.60278 7.61359 7.60983 7.61668 7.62732 7.63378 7.63965 7.63856 7.64023 7.64053 7.63731 7.63687 7.62856 7.61162
-99999.00000 -99999.00000 -99999.00000 -99999.00000 -99999.00000 -99999.00000 -99999.00000 -99999.00000 -99999.00000 -99999.00000 -99999.00000 -99999.00000 -99999.00000 -99999.00000 -99999.00000 -99999.00000 -99999.00000 -99999.00000 -99999.00000 -99999.00000 -99999.00000 7.62128 7.61971 7.62137 7.62251 7.61809 7.61481 7.61159 7.60616 7.60328 7.59853 7.59483 7.59069 7.55692 7.47852 7.16123 6.27242 5.82641 6.02369 6.83386 7.31065 7.42193 7.37966 7.37092 7.40590 7.18612 6.66359 7.18560 7.37860 7.45007 7.54472 7.57826 7.59667 7.60803 7.61834 7.62650 7.63228 7.63830 7.64134 7.64172 7.64152 7.62974 7.61387 7.64139 7.64758 7.64223
-99999.00000 -99999.00000 -99999.00000 -99999.00000 -99999.00000 -99999.00000 -99999.00000 -99999.00000 -99999.00000 -99999.00000 -99999.00000 -99999.00000 -99999.00000 -99999.00000 -99999.00000 -99999.00000 -99999.00000 -99999.00000 -99999.00000 -99999.00000 7.61975 7.61547 7.61362 7.61821 7.61759 7.61541 7.61972 7.61852 7.60660 7.59713 7.59772 7.58698 7.58017 7.55319 7.49293 7.28668 6.17598 4.95456 5.90416 6.92976 7.32122 7.41555 7.38693 7.28907 7.25266 6.88920 6.53827 7.09332 7.32165 7.47703 7.55717 7.58055 7.59971 7.61605 7.63329 7.63712 7.63571 7.63634 7.64091 7.63713 7.62741 7.59649 7.55726 7.61974 7.64872 7.65471
-99999.00000 -99999.00000 -99999.00000 -99999.00000 -99999.00000 -99999.00000 -99999.00000 -99999.00000 -99999.00000 -99999.00000 -99999.00000 -99999.00000 -99999.00000 -99999.00000 -99999.00000 -99999.00000 -99999.00000 -99999.00000 -99999.00000 -99999.00000 7.61972 7.61303 7.60034 7.60788 7.61494 7.61211 7.62088 7.62353 7.60552 7.59226 7.59043 7.58145 7.57056 7.53872 7.45262 7.19077 5.95693 5.06040 5.98356 6.94430 7.28535 7.35499 7.38799 7.24658 6.97725 6.46454 6.24212 6.64067 7.37312 7.52356 7.57495 7.59937 7.61496 7.62965 7.64162 7.64609 7.64651 7.63874 7.63223 7.63057 7.61649 7.56133 7.57768 7.56576 7.63083 7.65988
-99999.00000 -99999.00000 -99999.00000 -99999.00000 -99999.00000 -99999.00000 -99999.00000 -99999.00000 -99999.00000 -99999.00000 -99999.00000 -99999.00000 -99999.00000 -99999.00000 -99999.00000 -99999.00000 -99999.00000 -99999.00000 -99999.00000 -99999.00000 7.60846 7.61151 7.59911 7.59906 7.60525 7.60801 7.61520 7.61759 7.61318 7.60088 7.60344 7.59994 7.57976 7.55075 7.45700 7.25434 6.05770 5.23614 5.91364 6.76606 7.24587 7.30066 7.35322 7.27415 6.71814 6.30376 6.55467 7.29079 7.49069 7.55449 7.58483 7.60757 7.62126 7.63323 7.64125 7.64668 7.64700 7.64525 7.63323 7.62652 7.62785 7.61097 7.57968 7.61762 7.64446 7.65723
