mrvbf_slope1_pctl0.7.asc
NCOLS 410
NROWS 410
XLLCORNER 2398750.0000000000000000
YLLCORNER 2548750.0000000000000000
CELLSIZE 250.0000000000000000
NODATA_VALUE -99999.00000
[rows 348 to 376 of 410, columns 264 to 329 of 410]
6.47332 6.47616 6.47507 6.38615 6.14892 5.99477 6.23499 6.52803 6.58756 6.43985 6.10454 5.53151 5.39283 5.57081 5.67063 5.69046 5.56544 5.42408 5.51505 5.52167 5.31779 4.88643 4.55186 4.39129 4.51676 4.46254 4.26339 4.13424 3.98779 3.82298 3.66420 3.53201 3.35494 2.94390 2.54281 2.37380 2.28745 2.02650 1.65148 1.73200 2.18303 1.92327 1.59114 1.62847 2.04953 2.18584 2.44022 2.58416 2.59341 2.40203 1.91586 1.58316 1.40252 1.39546 1.53867 1.37312 1.30106 1.78608 1.81656 1.58779 1.27183 1.05280 1.23489 1.47901 1.60205 1.79169
6.61089 6.52658 6.57714 6.49649 6.13785 5.95238 6.17894 6.40950 6.40557 6.22928 5.81165 5.42102 5.57002 5.89358 5.96838 5.89787 5.54293 5.15289 5.14519 5.19396 4.87048 4.48262 4.63959 4.35009 4.35296 4.21198 4.09265 4.03873 3.93682 3.79095 3.65249 3.53284 3.33499 2.86362 2.49315 2.30224 2.17878 1.77283 1.44375 1.54444 2.01263 1.62435 1.38991 1.76160 1.82115 1.84142 2.31597 2.53575 2.61599 2.39448 1.83593 1.43983 1.33870 1.19963 1.22642 1.23732 1.08454 1.51126 1.90672 1.45991 0.84884 0.87447 1.26891 1.56265 1.69456 2.02326
6.63132 6.47589 6.38969 6.25405 5.84451 5.75552 6.05259 6.05223 5.84556 5.63604 5.38213 5.26080 5.55599 5.90592 5.95780 5.76390 5.35742 4.95624 4.88886 4.92954 4.62905 4.60336 4.36939 4.26453 4.09974 4.04040 4.06329 4.03939 3.94080 3.81221 3.67599 3.53339 3.28727 2.76837 2.47064 2.30826 2.09440 1.63685 1.34038 1.88064 1.95692 1.48455 1.70615 2.35010 1.94794 1.70583 2.21827 2.49259 2.59272 2.34858 2.01831 1.70684 1.42524 1.14159 1.26135 1.24084 1.38840 1.26818 1.80723 1.44440 1.08992 1.26582 1.54050 1.67594 1.77468 2.01898
6.04031 5.94678 6.03139 5.91956 5.41321 5.34872 5.62439 5.41076 5.17497 4.99436 4.95641 5.10890 5.43892 5.66917 5.65240 5.37974 5.02179 4.72307 4.67776 4.80509 4.81092 4.53750 4.26326 4.06390 3.99150 4.05045 4.13800 4.08099 3.94299 3.78960 3.65369 3.50964 3.24438 2.73197 2.44029 2.26165 1.98453 1.68475 1.60094 1.68728 1.65774 1.66690 2.32869 2.57582 2.33483 1.86941 1.96626 2.35780 2.53095 2.04741 1.67279 1.50116 1.51024 1.51995 1.13559 0.85016 1.10128 0.83855 1.41170 1.49565 1.41478 1.47714 1.55628 1.59172 1.54317 1.72646
6.22334 6.23088 6.26574 6.08967 5.44314 5.08236 5.10186 4.98208 4.89212 4.84377 4.91619 5.20460 5.55294 5.63092 5.47176 5.19198 4.81183 4.50052 4.42232 4.56493 4.85950 4.57812 4.21203 4.05715 4.06930 4.13374 4.14694 4.07951 3.91446 3.72672 3.59091 3.44844 3.20836 2.76888 2.35020 1.89886 1.84459 1.94442 1.94145 1.60081 1.47904 1.96079 2.44239 2.55155 2.43203 2.03356 1.79759 2.10205 2.40635 1.94672 1.61850 1.34734 1.28741 1.45819 1.21292 0.95514 0.83680 0.76792 0.78570 1.31420 1.51953 1.59160 1.81201 1.62630 1.00623 1.23386
6.49461 6.40196 6.41065 6.34862 5.82972 5.26579 5.04968 4.97806 4.99406 5.07434 5.13813 5.29639 5.47023 5.56722 5.30668 5.04331 4.58554 4.29305 4.21376 4.47761 4.48477 4.40804 4.19868 4.10892 4.21749 4.15107 4.11390 4.03304 3.82833 3.66116 3.53930 3.36668 3.03813 2.64921 2.27289 1.71510 1.83966 2.18220 2.20742 1.75936 1.62667 2.05220 2.28563 2.48142 2.53780 2.23338 1.83615 1.99541 2.33095 1.90487 1.69047 1.40092 1.28984 1.30360 1.47025 1.42873 1.13733 0.91308 0.72104 0.94696 1.52465 1.67710 1.82985 1.33130 0.67378 0.74013
6.66884 6.54066 6.36501 6.20352 5.93692 5.52250 5.30009 5.26007 5.34429 5.46953 5.37688 5.18663 5.08353 5.04790 4.89194 4.73863 4.36120 4.14301 4.25209 4.35221 4.30499 4.28925 4.22419 4.17345 4.25965 4.14016 4.10622 3.94517 3.73357 3.61131 3.50613 3.30799 2.94038 2.66425 2.44165 2.14401 2.08112 2.27323 2.37296 2.11601 1.68399 1.74771 1.93186 2.06206 2.30964 2.32223 1.92054 2.05125 2.21483 1.71718 1.57288 1.59151 1.34000 1.25540 1.29799 1.15892 1.51396 1.16151 0.69568 0.78247 1.45846 1.68716 1.70779 1.19231 0.70048 0.97255
6.23433 6.12979 5.93250 5.81045 5.79802 5.69922 5.65541 5.69929 5.80541 5.90736 5.76690 5.30478 4.79230 4.72039 4.76116 4.64223 4.25601 4.01099 4.14466 4.36869 4.19351 4.23118 4.29548 4.16312 4.10367 3.99136 3.96476 3.78671 3.64741 3.57820 3.49590 3.29665 2.94724 2.76708 2.64837 2.51304 2.35111 2.30792 2.37626 2.41010 2.22107 1.98492 2.02109 1.90440 1.69975 2.08768 1.53841 1.85532 1.98295 1.57405 1.39286 1.35961 1.39536 1.35370 1.21537 0.72413 1.26225 1.55261 1.27899 1.28965 1.58698 1.80558 1.88244 1.64643 1.34746 1.46354
5.77893 5.56925 5.48393 5.60020 5.75780 5.85878 5.98591 6.09028 6.10260 6.09183 6.00580 5.49226 5.15560 5.10637 5.16859 4.88820 4.37545 3.93810 3.97375 4.19779 4.11555 4.30375 4.30780 4.03472 3.98280 3.81815 3.73995 3.65266 3.59238 3.55751 3.49254 3.31299 2.97907 2.83778 2.80164 2.66516 2.54927 2.46748 2.41779 2.47168 2.48971 2.25611 1.86774 1.71803 1.54756 1.73901 1.38856 1.63482 1.92143 1.73342 1.48421 1.32135 1.46586 1.44476 1.28512 0.69176 1.02846 1.36383 1.34442 1.56073 1.78236 2.12624 2.26786 2.18067 1.86375 1.83289
5.71818 5.54517 5.51606 5.64735 5.77562 5.85514 5.99333 6.14887 6.19395 6.23641 6.20276 5.91468 5.38688 5.36504 5.41788 5.00276 4.40877 3.99574 4.00268 4.21521 4.22302 4.26695 4.21429 3.88358 3.78809 3.75096 3.67030 3.62922 3.59994 3.55422 3.46043 3.28064 3.06768 2.94347 2.87228 2.74773 2.62457 2.52631 2.46391 2.50615 2.45686 2.07806 1.73164 1.63657 1.50861 2.01725 1.74703 1.64295 1.85601 1.88777 1.72010 1.69838 1.56539 1.67033 1.09368 1.04705 1.34035 1.42066 1.49500 1.65594 1.93723 2.24488 2.34279 2.20241 2.14261 2.28183
5.48543 5.67961 5.77610 5.78138 5.74287 5.68505 5.76268 6.02254 6.19210 6.22583 6.15597 5.94348 5.56498 5.52090 5.46344 5.07309 4.49151 4.08973 4.00569 4.17410 4.29648 4.31029 4.13202 3.93757 3.70165 3.67571 3.68533 3.67986 3.63453 3.55312 3.42932 3.27352 3.15611 3.07580 2.99063 2.80448 2.62354 2.50753 2.47405 2.49647 2.37258 1.90246 1.57811 1.48447 1.49792 2.16956 1.85380 1.51797 1.72286 1.84495 1.81533 2.16248 2.14853 1.39641 1.16550 1.06887 1.39722 1.54613 1.63157 1.80835 2.13798 2.35437 2.32024 2.09245 2.17763 2.38884
5.44003 5.87243 6.03338 5.91081 5.71490 5.51973 5.43792 5.60309 5.82265 5.91119 5.77166 5.41210 5.16879 5.28216 5.31548 4.99139 4.50793 4.11256 3.92593 3.95198 4.13088 4.16806 4.01171 3.86783 3.67699 3.65124 3.72687 3.70735 3.61661 3.51258 3.39858 3.31038 3.23263 3.15322 3.02461 2.81424 2.62136 2.48834 2.43703 2.44421 2.37594 2.12330 1.71500 1.50458 1.49215 1.82750 2.05948 1.75422 1.77296 1.83344 1.71512 2.05615 2.25138 1.61256 1.24857 1.28416 1.49236 1.62669 1.70824 1.86581 2.21241 2.40078 2.35022 2.10118 2.12454 2.32554
5.50365 5.77833 6.02535 5.91893 5.68595 5.46249 5.34289 5.34420 5.41609 5.43078 5.27507 5.10139 5.24416 5.42571 5.48847 5.22198 4.73374 4.26275 3.96613 3.87132 3.92756 3.98360 3.98390 3.73831 3.64837 3.66938 3.70932 3.65995 3.55960 3.46756 3.40355 3.35140 3.25983 3.12442 2.94088 2.75850 2.62580 2.52435 2.46379 2.46517 2.47677 2.40893 2.09579 1.66015 1.49932 1.59648 1.76349 1.69267 1.77620 1.76996 1.63950 1.61751 1.72503 1.68932 1.54437 1.63006 1.64968 1.64551 1.66483 1.82098 2.21580 2.34199 2.23003 2.06961 2.15234 2.30130
5.44905 5.38146 5.55045 5.63287 5.57884 5.45615 5.42211 5.50834 5.52240 5.39767 5.22920 5.23266 5.46073 5.55039 5.59231 5.35790 4.95971 4.58585 4.21380 3.94594 3.88524 3.96529 3.92968 3.74968 3.68453 3.66996 3.65279 3.59291 3.51379 3.45661 3.42003 3.35260 3.23143 3.05101 2.86023 2.72845 2.64930 2.57333 2.56059 2.57015 2.51557 2.42931 2.26138 1.88313 1.63064 1.49729 1.25994 1.46615 1.50835 1.59295 1.52970 1.45986 1.58202 1.19422 0.58121 0.67534 1.27112 1.51221 1.59098 1.67896 1.89057 2.12157 2.14851 2.17901 2.32608 2.38205
5.27458 4.99380 5.06675 5.32900 5.48039 5.43849 5.47944 5.74943 5.90450 5.71024 5.30807 5.03506 5.02162 5.27603 5.54704 5.43678 5.02678 4.68713 4.37002 4.08316 3.93766 3.94733 3.91343 3.79526 3.69932 3.64427 3.58647 3.52199 3.47109 3.44425 3.40909 3.33140 3.19500 2.94793 2.76284 2.69816 2.65770 2.61050 2.62902 2.65981 2.60073 2.48996 2.33426 2.02253 1.69782 1.50407 1.37629 1.38679 1.54105 1.37821 1.29153 1.24681 1.39769 0.70576 0.48882 0.53702 0.76200 1.26539 1.46966 1.59119 1.66768 1.79683 1.84210 2.01373 2.29766 2.38585
4.56261 4.59485 4.92040 5.37678 5.52058 5.27028 5.34012 5.83635 6.08721 5.73455 5.16161 4.89065 4.73115 4.77710 5.15547 5.19937 4.82249 4.57348 4.19195 4.01072 4.00347 4.09199 3.89947 3.81559 3.69409 3.64126 3.55885 3.46208 3.40957 3.40683 3.40304 3.33106 3.13367 2.82624 2.69224 2.65801 2.64001 2.65186 2.67651 2.69999 2.62202 2.42704 2.14191 1.82260 1.54994 1.54820 1.79152 1.58837 1.36896 1.31111 1.37109 1.18131 0.99092 0.61928 0.51280 0.52430 0.68950 1.15785 1.37651 1.51304 1.46368 1.44261 1.49849 1.73456 2.18018 2.36882
4.39527 4.71549 5.28094 5.69538 5.41375 5.01508 5.36614 6.00932 6.15703 5.74956 5.06518 4.94023 4.92982 4.61337 4.72164 4.77248 4.49643 4.16037 3.95300 3.86051 3.90027 4.02804 3.92405 3.81459 3.68627 3.61476 3.53804 3.41104 3.31204 3.37579 3.41682 3.31745 3.04821 2.75615 2.66518 2.65791 2.68233 2.70020 2.68333 2.65534 2.57472 2.41145 2.20483 1.75664 1.49855 1.68599 1.81475 1.65835 1.34649 1.21442 1.29738 1.24565 1.19249 0.72747 0.58839 0.61022 0.70386 1.03703 1.33318 1.49613 1.42840 1.33681 1.39287 1.59414 1.97744 2.34416
4.76443 5.25738 5.65736 5.55560 5.06408 5.09637 5.73485 6.06437 6.00641 5.76788 5.21268 5.00963 5.12129 4.80666 4.60469 4.57013 4.18973 3.94715 3.90056 3.93758 3.99160 4.00748 3.92997 3.76988 3.62661 3.53787 3.47914 3.38584 3.26084 3.33261 3.38427 3.27988 2.97846 2.70876 2.64667 2.69600 2.77220 2.74357 2.65334 2.59377 2.54701 2.40684 2.21219 1.98585 1.93507 1.62391 1.74897 1.74855 1.59887 1.48315 1.50963 1.37461 1.27579 0.95998 0.79013 0.72151 0.70192 0.75204 1.05550 1.41094 1.54747 1.55156 1.42546 1.49222 1.79432 2.35918
5.18600 5.52785 5.63055 5.32300 5.03708 5.38748 5.82057 5.59115 5.26154 5.20436 5.13248 5.18004 5.16293 4.87259 4.46783 4.19972 3.98242 3.97239 4.07800 3.95585 3.86017 3.87431 3.80108 3.65565 3.53310 3.44384 3.41144 3.36433 3.35537 3.34607 3.31790 3.23318 2.99441 2.71921 2.62959 2.63115 2.69449 2.69573 2.61769 2.62721 2.64005 2.56743 2.47390 2.31016 2.06549 1.80581 1.64694 1.55824 1.47065 1.51995 1.65010 1.58302 1.30159 1.11675 1.39809 0.84898 0.61933 0.62709 0.71473 1.14477 1.47803 1.57755 1.52734 1.53822 1.76990 2.37354
5.15820 5.38489 5.69251 5.41883 4.95216 5.14865 5.17949 4.73445 4.59696 4.78084 4.94083 5.13668 4.94332 4.58921 4.28255 4.04963 4.00019 4.17085 4.01959 3.80402 3.71307 3.68749 3.65075 3.54437 3.43743 3.39696 3.40857 3.38557 3.30635 3.30903 3.31874 3.32406 3.12376 2.82260 2.68440 2.62769 2.60464 2.62723 2.60316 2.55325 2.57429 2.51769 2.45010 2.33283 2.28866 2.24059 1.69920 1.45400 1.34803 1.51447 1.57084 1.57726 1.23229 1.00127 1.59109 0.76192 0.49923 0.50854 0.59351 0.73613 1.27210 1.49280 1.49844 1.54084 1.72436 2.36111
4.81831 5.39637 5.94943 5.80746 5.12539 4.77017 4.57957 4.40057 4.48828 4.74226 4.69287 4.63106 4.42216 4.27514 4.21336 4.10714 4.12353 4.10174 3.81005 3.68736 3.62323 3.56061 3.51574 3.44379 3.40596 3.43547 3.47708 3.47618 3.42184 3.35985 3.27818 3.19450 3.11865 2.96796 2.85002 2.78407 2.70653 2.69101 2.71215 2.68811 2.66875 2.63273 2.57310 2.51577 2.42476 2.23607 1.81154 1.66209 1.61045 1.59262 1.67316 1.61232 1.29547 1.03224 1.03005 0.69213 0.49813 0.46659 0.54453 0.64765 1.12209 1.47300 1.49803 1.49246 1.61359 2.31129
4.63634 5.56802 6.00947 5.99662 5.76945 5.11417 4.76753 4.67076 4.57533 4.42620 4.24201 4.09280 3.99702 4.11576 4.19784 4.23966 4.15553 3.99496 3.71596 3.64259 3.61166 3.53391 3.46524 3.44526 3.47236 3.52369 3.53968 3.47510 3.35792 3.24643 3.10498 2.94701 2.83582 2.79340 2.78815 2.78529 2.73457 2.70289 2.73037 2.76363 2.79338 2.75194 2.68802 2.62543 2.52281 2.22867 1.70982 1.68953 1.92112 1.81497 1.83648 1.64956 1.19270 0.98152 1.10445 1.04665 0.63508 0.56070 0.62732 0.74897 1.25781 1.42167 1.38364 1.38893 1.50895 2.25426
4.47058 5.15568 5.54513 5.78345 5.82932 5.49675 5.11566 4.98307 4.72585 4.18876 3.91051 3.76082 3.81227 4.12794 4.36648 4.18582 3.93961 3.78045 3.65142 3.61290 3.62212 3.59535 3.54939 3.54212 3.57441 3.59220 3.53923 3.38611 3.15675 2.95898 2.82590 2.74071 2.70079 2.68269 2.69088 2.71868 2.71340 2.72751 2.77982 2.81188 2.76921 2.69204 2.61635 2.56796 2.53478 2.43829 2.08549 1.81251 1.93919 2.03160 1.86390 1.67523 1.55250 1.28535 1.33183 1.27936 1.01988 0.90118 0.68623 0.68723 0.86928 1.04991 1.17634 1.31609 1.51625 2.25667
4.25651 4.46755 4.69593 5.02444 5.27467 4.80804 4.30528 4.21087 4.27167 4.19799 3.74447 3.67816 3.84134 4.06788 4.27524 4.00228 3.80393 3.66311 3.59701 3.59549 3.63627 3.65975 3.64320 3.63769 3.64129 3.60934 3.48422 3.21850 2.88765 2.71720 2.69835 2.68672 2.66039 2.63555 2.62334 2.64125 2.67964 2.71685 2.74256 2.72681 2.65224 2.53586 2.46203 2.47242 2.42174 2.52366 2.46577 2.27924 2.14454 2.06789 1.95491 1.82467 1.99137 1.82740 1.62754 1.21164 1.09003 1.09455 0.63314 0.55947 0.59255 0.76862 1.15262 1.41681 1.58840 2.23349
4.53248 4.34964 4.34188 4.30474 4.26019 4.11651 3.92989 3.84992 3.79889 3.78899 3.71847 3.83173 3.86386 3.94492 3.97530 3.78219 3.66610 3.60511 3.59021 3.62179 3.67969 3.72116 3.72033 3.70345 3.66009 3.59141 3.41035 3.06353 2.76182 2.72046 2.76165 2.70875 2.64138 2.61799 2.58449 2.56365 2.59654 2.65813 2.67466 2.63476 2.57440 2.53162 2.54050 2.51260 2.34937 2.34887 2.50676 2.44193 2.15485 2.02614 1.87301 1.74125 2.02137 2.05513 2.00060 1.67429 1.30584 0.64410 0.55714 0.56655 0.60396 0.86434 1.34248 1.54307 1.68494 2.19262
5.10207 4.59668 4.39391 4.08725 3.78216 3.77658 4.19997 4.17702 3.95208 3.86972 3.88846 3.90144 3.99265 3.91145 3.79586 3.69520 3.63685 3.61562 3.62870 3.67884 3.73757 3.75708 3.75177 3.71637 3.66457 3.57745 3.34547 2.94946 2.76366 2.79610 2.87570 2.77142 2.58396 2.51580 2.41718 2.35383 2.44005 2.55166 2.59884 2.57187 2.57141 2.54487 2.46249 2.36855 2.36097 2.20609 2.34441 2.47644 2.12388 1.86227 1.64350 1.51153 1.73789 1.68206 1.58313 1.49201 1.40617 1.18154 1.15372 1.07844 1.14945 1.42248 1.58205 1.64440 1.71571 2.12476
5.21357 4.77579 4.49017 4.09696 3.67218 3.73369 4.30834 4.74892 4.26649 3.94463 3.76400 3.75313 3.81862 3.78369 3.71984 3.67757 3.65882 3.65826 3.69475 3.75864 3.77644 3.74564 3.71302 3.66682 3.62411 3.56043 3.32162 2.89223 2.75590 2.77365 2.82446 2.67634 2.48621 2.27001 2.06491 2.10273 2.28744 2.45047 2.53969 2.52732 2.54114 2.50097 2.35726 2.11584 2.29507 2.17957 2.16908 2.44585 2.00316 1.72676 1.54297 1.49012 1.80258 1.53251 0.70266 0.60879 0.64316 0.65955 0.69366 0.81752 1.28073 1.54316 1.61638 1.59915 1.61235 2.07503
5.55530 5.07494 4.64710 4.17058 3.64582 3.69410 4.19005 4.15455 3.82478 3.70483 3.69868 3.74574 3.76549 3.73973 3.70999 3.70139 3.70139 3.73306 3.79299 3.79510 3.74462 3.69602 3.65445 3.60572 3.56501 3.52465 3.34114 2.92487 2.74998 2.71235 2.67345 2.53395 2.36150 2.20909 2.23222 2.26900 2.28055 2.42604 2.53277 2.52801 2.49890 2.40277 2.20301 2.05758 2.30904 2.42289 2.13004 2.35526 1.78959 1.55461 1.52947 1.67136 1.65024 1.11938 0.59725 0.49350 0.42023 0.42705 0.50628 0.61564 1.01381 1.45081 1.52099 1.48829 1.54394 2.09988
6.30992 5.51977 4.92679 4.18238 3.62514 3.67932 3.78724 3.73719 3.71344 3.74556 3.84565 3.89960 3.86945 3.80709 3.76084 3.75731 3.78492 3.84568 3.84181 3.78220 3.72574 3.67775 3.64151 3.61732 3.57033 3.52025 3.39737 2.99141 2.73407 2.68080 2.63091 2.47089 2.27678 2.28860 2.38190 2.48034 2.51536 2.50613 2.55720 2.48552 2.28100 2.13541 2.09012 2.19392 2.31817 2.36211 2.13172 2.25934 1.78045 1.55421 1.52824 1.52826 1.36621 0.96146 0.72864 0.53347 0.42275 0.34892 0.41508 0.57302 0.81730 1.31161 1.35567 1.39578 1.58086 2.20288
