mrvbf_slope0.9_pctl1.1.asc
NCOLS 410
NROWS 410
XLLCORNER 2398750.0000000000000000
YLLCORNER 2548750.0000000000000000
CELLSIZE 250.0000000000000000
NODATA_VALUE -99999.00000
[rows 203 to 231 of 410, columns 66 to 131 of 410]
7.21189 7.36319 7.41116 7.41761 7.39548 7.33376 7.24751 7.24028 7.28923 7.32586 7.34954 7.30322 7.19275 7.16329 7.20517 7.19593 7.16099 7.18432 7.29893 7.36535 7.36854 7.36697 7.37250 7.35647 7.28552 7.19312 7.16755 7.20455 7.18815 7.08758 6.90793 6.60343 6.24522 5.92960 5.69311 5.59347 5.46725 5.35523 5.11486 5.04479 4.69090 4.20110 3.15161 2.18733 1.55956 1.44051 0.87155 0.56955 0.53857 0.64723 1.61491 4.48136 5.42612 5.61612 5.68538 5.87092 5.99350 5.93910 5.45971 2.23353 0.81129 0.62094 0.59761 0.52956 0.48786 0.42674
7.11407 7.31653 7.40007 7.40875 7.38396 7.29654 7.15570 7.17089 7.23144 7.26815 7.32006 7.21711 7.16869 7.24290 7.25812 7.23170 7.12992 7.04547 7.13069 7.29565 7.34182 7.35371 7.34838 7.30226 7.12774 6.99729 6.96539 7.06692 7.16596 7.13313 7.02280 6.74340 6.33030 6.19571 5.89157 5.81088 5.84783 5.70860 5.50178 5.47473 5.45064 5.28367 4.04069 2.40864 1.46016 1.39175 0.90493 0.67426 0.77508 1.57273 2.64841 4.04568 4.86284 5.29700 5.46720 5.59622 5.75566 5.76746 5.49303 3.54904 1.21304 0.66184 0.70461 0.65534 0.63183 0.59224
7.19184 7.32039 7.38234 7.38131 7.33944 7.20597 7.08144 7.18312 7.23054 7.22957 7.28237 7.24797 7.25133 7.28807 7.31680 7.29411 7.25720 7.18329 7.10016 7.22350 7.31853 7.34777 7.33297 7.17439 6.94722 6.98676 6.92177 6.88394 7.05096 7.15040 7.07152 6.79675 6.46981 6.45853 6.20843 5.96905 6.20347 5.91651 5.71022 5.73183 5.66862 5.41983 4.79122 2.90003 2.03895 1.66339 1.45126 1.42210 1.77759 2.33740 2.80350 3.40651 4.12555 4.80571 5.10481 5.23799 5.35878 5.43541 5.36903 4.58743 1.95890 1.08057 0.99421 0.93053 0.75793 0.70884
7.28911 7.31900 7.32121 7.28316 7.17253 7.01791 7.10134 7.25887 7.29194 7.27459 7.25550 7.26689 7.31396 7.35406 7.36096 7.32088 7.29609 7.24097 7.11448 7.19167 7.31478 7.35525 7.29192 7.07059 6.97220 7.14679 7.08506 6.91642 6.91596 7.08125 7.07221 6.74004 6.45418 6.51990 6.37910 6.17741 6.28982 6.06110 5.80244 5.86298 5.88665 5.63464 5.28305 4.34676 2.96155 2.66950 2.57230 2.52587 2.57124 2.66974 2.86258 3.18475 3.67383 4.23758 4.55782 4.70722 4.82165 4.90468 4.91576 4.69531 3.65068 2.02563 1.54745 1.50640 1.32135 1.03665
7.33356 7.26635 7.16963 7.02754 6.87012 6.94274 7.19576 7.31607 7.34261 7.30570 7.27001 7.28613 7.30666 7.33059 7.36664 7.34032 7.30796 7.29051 7.14413 7.10890 7.22963 7.32219 7.29005 7.06134 6.95180 7.09337 7.12986 7.07680 6.87986 6.88896 6.93109 6.59474 6.41393 6.47413 6.14337 6.09133 6.36820 6.01472 5.79486 5.88299 6.00926 5.92788 5.63581 5.36696 5.13800 4.72231 4.58070 4.36957 3.70958 3.45333 3.46697 3.51654 3.72302 4.06108 4.26946 4.30462 4.24748 4.19388 4.22361 4.27416 4.22444 3.73581 2.99701 2.34340 1.90390 1.63997
7.32140 7.19923 7.02709 6.87497 6.92045 7.11993 7.22205 7.32114 7.33787 7.30261 7.31656 7.33830 7.30845 7.31633 7.35645 7.34722 7.30207 7.28520 7.22025 7.11632 7.10611 7.20556 7.28227 7.18887 7.01820 7.04803 7.09241 7.12497 7.04774 6.85274 6.84270 6.65327 6.58366 6.60319 6.03993 6.09995 6.41914 5.94366 5.80332 5.98738 6.18288 6.07815 5.98050 5.84520 5.62519 5.58342 5.40429 5.32887 5.23576 5.01632 4.94630 4.68871 4.30641 4.28974 4.36803 4.29296 4.02653 3.72752 3.61917 3.76035 4.15244 4.57580 4.66033 4.31825 3.77900 2.97239
7.24929 7.11353 6.99298 6.99272 7.12000 7.17436 7.22026 7.32792 7.33720 7.29864 7.31226 7.31000 7.28682 7.30964 7.32479 7.33160 7.31602 7.27990 7.25602 7.20901 7.08977 7.02742 7.12746 7.17875 7.16585 7.18057 7.13192 7.08463 7.13090 7.02392 6.95076 6.94715 6.84590 6.65339 6.22928 6.27038 6.31817 5.93686 5.93657 6.26836 6.38122 6.17827 6.12588 6.16444 6.02566 5.92924 5.70590 5.59289 5.58526 5.47412 5.49964 5.38154 4.89846 4.47740 4.50214 4.48278 4.17710 3.60700 3.25708 3.23828 3.57043 4.29201 4.74898 4.82806 4.77788 4.64565
7.15404 7.05923 7.02001 7.10070 7.17998 7.13392 7.20276 7.33573 7.36886 7.32128 7.28879 7.30281 7.26077 7.19121 7.13341 7.20153 7.29632 7.30799 7.26102 7.22250 7.15961 7.03523 6.99342 7.03393 7.04858 7.09637 7.08442 7.08080 7.13708 7.08027 6.98597 7.08300 7.03599 6.84393 6.43872 6.43166 6.18429 6.01340 6.24112 6.47037 6.27370 6.15817 6.19535 6.26361 6.18475 6.05335 5.91632 5.82904 5.79782 5.58868 5.55024 5.43409 4.84321 4.09739 4.02962 4.13808 4.06843 3.46673 2.97627 2.83093 2.85503 3.10923 3.40845 3.35374 3.05632 2.97634
7.13976 7.10913 7.11066 7.18793 7.22439 7.08437 7.13899 7.30103 7.34470 7.31326 7.25989 7.22892 7.16185 7.05566 7.00759 7.00402 7.17327 7.26237 7.18362 7.18376 7.22928 7.18939 7.12451 7.11667 7.13750 7.15766 7.16076 7.14985 7.10055 7.02360 6.90037 6.96314 7.05892 6.88548 6.52137 6.63248 6.21053 6.19606 6.51723 6.35203 6.18786 6.26463 6.32943 6.33347 6.26300 6.12702 6.01422 5.86453 5.68010 5.45434 5.37040 5.15616 4.03072 3.14751 3.01621 3.00837 2.96467 2.84973 2.72615 2.64906 2.58622 2.52491 2.45272 2.30355 2.07397 2.09057
7.23393 7.23310 7.22514 7.26496 7.31321 7.15537 7.07449 7.17378 7.15660 7.03674 7.01461 7.11807 7.18067 7.18296 7.19068 7.00515 7.03775 7.08270 7.02906 7.14906 7.24462 7.25051 7.22869 7.23571 7.23138 7.24184 7.24081 7.18477 7.03342 6.85301 6.93379 6.78944 6.89518 6.71956 6.40133 6.63528 6.29950 6.24876 6.50250 6.23729 6.30532 6.47002 6.39566 6.22011 6.16554 6.11987 5.94964 5.66418 5.32678 5.12410 4.87350 4.00154 2.99336 2.80478 2.76445 2.74575 2.70908 2.64222 2.57322 2.47068 2.22689 1.78179 1.59453 1.51783 1.41266 1.50023
7.33543 7.33297 7.29770 7.28473 7.31533 7.29197 7.20563 7.12974 6.99829 6.91102 7.00099 7.20068 7.30350 7.28911 7.25682 7.19947 7.15475 7.10497 7.12190 7.13749 7.21164 7.23021 7.20352 7.23278 7.25155 7.23881 7.20974 7.18563 7.10634 6.84927 6.79382 6.79230 6.81882 6.61557 6.21769 6.50972 6.37311 6.35866 6.51924 6.34112 6.30731 6.20944 5.96888 5.78349 5.74309 5.81510 5.66590 5.25667 4.70993 4.36863 3.49600 2.88938 2.74700 2.67152 2.65339 2.64430 2.59899 2.49604 2.33058 1.92147 1.49311 1.16115 1.15816 1.19426 1.10242 1.14336
7.36041 7.36235 7.31527 7.26332 7.27166 7.32920 7.32971 7.25573 7.18688 7.22522 7.21702 7.23454 7.27927 7.26580 7.24396 7.27391 7.29903 7.25261 7.16684 7.18202 7.23407 7.12575 7.06315 7.11038 7.17079 7.09840 6.97077 6.95632 6.93423 6.69837 6.58357 6.77680 6.88553 6.47459 6.21021 6.31333 6.19656 6.34718 6.51906 6.36542 6.16484 5.89587 5.69733 5.55721 5.44360 5.46360 5.34611 4.71150 4.10017 3.32370 2.83413 2.69455 2.58146 2.50540 2.51222 2.53742 2.46443 2.27014 1.82658 1.50634 1.22116 0.95632 0.85528 0.87107 0.89082 0.95154
7.36587 7.38562 7.35841 7.30773 7.26006 7.26889 7.30027 7.31003 7.31650 7.30479 7.18063 7.16999 7.25722 7.28571 7.27323 7.28394 7.30581 7.28391 7.25673 7.27746 7.16134 6.99909 7.01308 7.04193 7.12573 6.98577 6.81652 6.74662 6.66758 6.50059 6.56908 6.62779 6.72853 6.40366 6.40429 6.09124 6.11489 6.29314 6.30589 6.21097 6.04380 5.79685 5.66006 5.53624 5.25316 5.17649 5.10382 4.22111 3.03929 2.75969 2.63450 2.49097 2.29225 2.07346 1.89906 1.99527 1.93264 1.84051 1.63089 1.48752 1.32677 0.98754 0.87472 0.87588 0.91656 0.84817
7.39093 7.40886 7.40070 7.37944 7.33308 7.27653 7.23163 7.22770 7.27764 7.21703 7.10967 7.22680 7.33035 7.35562 7.34579 7.34054 7.35318 7.34807 7.34620 7.30660 7.09388 7.00335 7.05296 7.06965 7.16394 7.00773 6.90108 6.91677 6.88222 6.85070 6.66114 6.45766 6.63862 6.33034 6.49800 5.96974 6.23364 6.44277 6.29438 6.18180 6.00737 5.83922 5.73294 5.51710 5.10951 4.84466 4.32436 3.03324 2.69792 2.52945 2.34721 2.08803 1.71804 1.31211 1.00269 1.25422 1.55301 1.70476 1.67455 1.60149 1.37269 1.03450 1.01556 1.04595 0.95455 0.74133
7.40449 7.41411 7.41382 7.40552 7.38506 7.34713 7.28365 7.20066 7.24732 7.18441 7.20353 7.33061 7.37425 7.38300 7.38309 7.38130 7.37812 7.36601 7.34959 7.29724 7.14195 7.04854 7.07675 7.12936 7.20665 7.09528 6.89079 6.93794 7.05827 6.86179 6.49500 6.43149 6.48912 6.16311 6.14277 5.90510 6.42181 6.45405 6.31226 6.29400 6.05081 5.92769 5.77516 5.48769 4.98043 4.34210 3.39997 2.73648 2.50238 2.13133 1.76717 1.58426 1.42822 1.15822 0.87696 1.07084 1.56696 1.73411 1.75126 1.61806 1.29866 0.85987 0.79537 0.83210 0.77741 0.66530
7.39480 7.40119 7.40556 7.40983 7.40324 7.38912 7.34867 7.23667 7.24280 7.21562 7.27668 7.36364 7.37756 7.37968 7.38873 7.38386 7.36097 7.33327 7.30218 7.25028 7.15961 7.13417 7.14049 7.14251 7.19049 7.16265 6.99450 6.94877 7.03213 6.78536 6.60441 6.60820 6.46520 6.37023 5.96406 5.94033 6.32741 6.36993 6.30830 6.23861 6.05685 5.95281 5.67546 5.36238 4.79900 4.01050 2.92106 2.59165 2.13678 1.46882 1.25516 1.25299 1.32337 1.36484 1.18648 1.45351 1.66721 1.76237 1.74082 1.56761 1.17280 0.70769 0.69358 0.70208 0.65017 0.59123
7.35335 7.35727 7.35402 7.37984 7.39721 7.39858 7.37046 7.26422 7.21060 7.22093 7.30334 7.35720 7.32856 7.31835 7.35065 7.35051 7.32249 7.28411 7.21239 7.11957 7.03849 7.02367 6.98426 6.92590 6.99067 7.03369 6.98034 7.00729 7.06007 6.84763 6.68923 6.58385 6.42852 6.46921 5.97036 5.95880 6.20536 6.38217 6.29450 6.12298 6.00895 5.87256 5.56288 5.18610 4.65073 3.71077 2.67749 2.34667 1.47205 0.99194 0.85320 0.92648 1.18192 1.25212 1.18075 1.52308 1.64124 1.72221 1.70860 1.56620 1.22283 0.78961 0.72342 0.62687 0.56935 0.48558
7.24359 7.26292 7.26891 7.29926 7.35188 7.37527 7.37607 7.34063 7.26198 7.28750 7.33925 7.30253 7.23677 7.22698 7.26826 7.30457 7.28731 7.21415 7.06847 6.92904 6.88511 6.92768 6.95021 6.89956 6.87372 6.89859 6.90346 6.99147 7.01201 6.76354 6.53593 6.35170 6.22665 6.05018 5.76796 5.76707 6.09601 6.35563 6.20497 6.02899 5.94135 5.78119 5.50809 5.05599 4.69322 3.46589 2.59770 2.13179 1.25834 0.82611 0.80265 0.90046 0.84776 0.69977 0.64082 0.94849 1.45772 1.69077 1.74453 1.67077 1.46350 1.05278 0.80091 0.61329 0.53432 0.40123
7.02536 7.11877 7.16444 7.17698 7.25999 7.31809 7.32180 7.31159 7.29423 7.30725 7.30169 7.21609 7.17736 7.18043 7.18610 7.24877 7.23858 7.08686 6.86290 6.77456 6.87130 7.01622 7.09322 7.06491 7.02906 7.00454 6.99477 7.03051 6.98740 6.77186 6.65553 6.39132 6.08094 5.73275 5.61131 5.82389 6.14122 6.28772 6.16165 5.97324 5.79727 5.62352 5.41923 4.90591 4.50067 3.25937 2.53152 2.01070 1.35495 0.99395 0.95323 0.85086 0.59619 0.51730 0.46680 0.57526 1.02852 1.64294 1.75726 1.71427 1.61492 1.45036 1.01256 0.61780 0.52270 0.33783
6.83151 6.96527 7.00329 6.98488 7.10415 7.20156 7.14444 7.08167 7.08707 7.14658 7.14571 7.08042 7.10020 7.10836 7.06672 7.14160 7.16700 6.93223 6.66483 6.71007 6.90206 7.04598 7.09185 7.08875 7.10691 7.08962 7.07260 7.06437 6.98883 6.80352 6.57124 6.52840 6.44133 6.11382 6.11536 6.19937 6.19868 6.17208 6.04095 5.81481 5.63082 5.48427 5.33853 4.81748 3.98002 2.83790 2.44726 1.83757 1.26533 0.89652 0.94930 0.96140 0.56215 0.45460 0.39656 0.47474 0.67330 1.50686 1.69057 1.68199 1.63980 1.53285 1.26870 0.74154 0.58487 0.39859
6.80286 6.88633 6.81784 6.67435 6.77305 6.93087 6.82322 6.72723 6.73228 6.83342 6.85838 6.80976 6.85820 6.91622 6.90814 6.99341 7.08561 6.80708 6.53117 6.77250 6.85520 6.96926 7.02726 6.98636 7.01328 7.00737 7.00890 6.99308 6.96082 6.86233 6.47272 6.51562 6.57674 6.37066 6.23080 6.30494 6.15444 5.88284 5.66811 5.56016 5.47163 5.34986 5.26898 4.88230 3.70298 2.67945 2.41312 1.87263 1.34378 0.92667 1.08038 1.35967 0.85371 0.57317 0.49860 0.58833 0.78783 1.31906 1.60291 1.65028 1.62123 1.51265 1.43144 1.03962 0.66195 0.48568
6.86736 6.91509 6.80340 6.61560 6.48975 6.64181 6.64383 6.65833 6.72710 6.80652 6.87996 6.92445 6.98878 7.01378 6.94756 6.90391 6.96977 6.79639 6.50688 6.77256 6.85953 6.89844 6.80000 6.66230 6.64280 6.71770 6.77382 6.80034 6.83664 6.81325 6.50634 6.42516 6.67906 6.54439 6.23246 6.13647 5.98110 5.72023 5.57355 5.52433 5.47345 5.33619 5.19235 4.88654 3.76200 2.69709 2.42896 1.99285 1.60905 1.46620 1.48843 1.62678 1.52711 1.26776 1.04472 0.95799 0.91102 1.12207 1.36452 1.46716 1.50659 1.50979 1.40851 0.84480 0.52276 0.34712
6.96232 7.01134 6.94901 6.94969 6.76022 6.79527 6.80720 6.87475 6.91851 6.99969 7.11905 7.14845 7.15376 7.12070 7.03727 6.93794 6.90939 6.84374 6.69960 6.77668 6.92517 6.77210 6.65115 6.61626 6.54203 6.59076 6.62777 6.63795 6.74270 6.79651 6.55413 6.30316 6.50934 6.46016 6.14511 6.00367 5.92762 5.84650 5.82851 5.73139 5.62920 5.44509 5.22385 4.86003 3.89545 2.72480 2.40415 2.01662 1.74983 1.67201 1.68634 1.73969 1.74052 1.65839 1.57283 1.37501 0.91772 0.69880 0.65296 0.73243 0.82277 1.09756 1.32269 0.84949 0.50828 0.35263
6.92658 6.97385 6.97698 6.97306 7.00826 7.06074 6.99804 7.05661 6.96329 7.04794 7.17827 7.18098 7.15771 7.14615 7.11452 7.00939 6.90020 6.87260 6.90696 6.79743 6.76833 6.71507 6.80599 6.90918 6.86152 6.80436 6.75383 6.69504 6.74668 6.84750 6.63295 6.19612 6.16825 6.27606 6.11370 6.01007 6.02173 6.03839 5.95021 5.83047 5.70297 5.51551 5.24431 4.64376 3.59165 2.64700 2.36021 2.02759 1.75336 1.66442 1.66492 1.70266 1.69123 1.63915 1.62418 1.49655 1.02162 0.62494 0.52022 0.52013 0.53586 0.58952 0.76354 0.72606 0.59595 0.56206
6.74226 6.71772 6.85866 6.99195 7.04285 7.08704 6.99829 6.97218 7.00096 7.12397 7.14943 7.09902 7.12507 7.15702 7.12408 7.00303 6.89182 6.90958 6.98662 6.88711 6.65582 6.68041 6.92505 7.01968 7.01297 6.99213 6.92796 6.79153 6.73755 6.84659 6.64231 6.40228 6.14259 6.28645 6.29987 6.12111 6.04340 6.04835 5.92618 5.76552 5.63021 5.47168 5.24408 4.71493 3.45041 2.59651 2.28427 2.02428 1.73998 1.59309 1.52301 1.55871 1.49672 1.40507 1.25536 1.07759 0.89836 0.60633 0.48200 0.40352 0.32898 0.33492 0.50420 0.50919 0.63747 0.96524
6.67042 6.54432 6.61146 6.76511 6.90791 7.05453 7.08178 7.05543 7.12403 7.12887 6.98545 6.85376 6.92842 7.07338 7.00609 6.83093 6.79448 6.86526 6.97021 6.95759 6.69191 6.61869 6.85584 7.00787 7.04307 7.03655 6.95517 6.79473 6.73672 6.77356 6.65467 6.65619 6.41405 6.32697 6.28708 6.03978 5.96584 5.89832 5.77409 5.66511 5.59669 5.41408 5.12729 4.42619 3.12045 2.49427 2.16936 1.89165 1.63153 1.38148 1.17440 1.24800 1.14274 0.89303 0.66435 0.76244 0.91232 0.67197 0.50244 0.33152 0.27303 0.27658 0.45199 0.57203 0.70346 1.46973
6.73457 6.62376 6.55716 6.56318 6.58896 6.77149 7.02817 7.13540 7.15451 6.99462 6.73247 6.67280 6.57352 6.78876 6.69500 6.53216 6.63459 6.69594 6.82215 6.87276 6.59090 6.57614 6.77867 6.92544 6.96675 6.96265 6.89535 6.77968 6.68514 6.66176 6.65407 6.73409 6.57204 6.46362 6.17402 5.97602 5.91444 5.86124 5.77410 5.70401 5.65878 5.40450 4.98812 4.36892 2.88018 2.48019 2.12803 1.65599 1.40439 0.96587 0.79243 0.72014 0.67906 0.68658 0.67445 0.97752 1.21408 0.91163 0.56993 0.42310 0.35068 0.34934 0.53459 0.74393 1.43345 1.74224
6.82950 6.66755 6.53312 6.42741 6.30130 6.27506 6.58236 6.96575 7.06180 6.80286 6.53966 6.64924 6.32855 6.31533 6.23611 6.32359 6.48730 6.48854 6.64166 6.74236 6.34361 6.37466 6.58203 6.70384 6.72862 6.70998 6.67135 6.65871 6.66268 6.63970 6.61018 6.57737 6.54880 6.46057 6.10640 5.98994 6.01328 5.97775 5.91515 5.70719 5.49528 5.30466 5.12171 4.44026 2.90612 2.48243 2.00038 1.42819 1.01376 0.70475 0.60645 0.50959 0.45578 0.48342 0.43877 0.67181 1.37075 1.43436 0.90400 0.56773 0.50924 0.50597 0.82717 1.59664 1.78613 1.80368
6.96650 6.79738 6.60075 6.41859 6.24575 6.05052 6.05784 6.49228 6.84365 6.56849 6.36743 6.54173 6.31582 6.08282 6.11541 6.38587 6.36516 6.20515 6.45488 6.51242 6.10277 6.15459 6.49753 6.61367 6.58828 6.52772 6.48920 6.52711 6.65949 6.64424 6.48489 6.34075 6.39050 6.24724 5.98962 6.09361 6.23115 6.16235 6.06853 5.73421 5.42651 5.34086 5.27071 4.70143 3.10195 2.49313 1.97198 1.49189 1.21989 0.85763 0.64955 0.46083 0.36810 0.40036 0.35650 0.47089 1.20550 1.67141 1.62392 1.43749 1.32846 1.46699 1.70381 1.81140 1.81415 1.62975
