mrvbf_slope0.9_pctl1.2.asc
NCOLS 410
NROWS 410
XLLCORNER 2398750.0000000000000000
YLLCORNER 2548750.0000000000000000
CELLSIZE 250.0000000000000000
NODATA_VALUE -99999.00000
[rows 116 to 144 of 410, columns 198 to 263 of 410]
7.40527 7.52752 7.52689 7.49359 7.49233 7.44064 7.26255 7.43855 7.48614 7.54184 7.53346 7.53297 7.55902 7.56807 7.57019 7.57780 7.57477 7.56722 7.56676 7.56927 7.55289 7.52874 7.52165 7.52452 7.53728 7.53974 7.53833 7.52260 7.50317 7.50632 7.49590 7.50473 7.51208 7.49796 7.48968 7.47568 7.47018 7.48245 7.49615 7.49663 7.50379 7.50304 7.49634 7.49597 7.49379 7.49171 7.48243 7.49835 7.51054 7.49767 7.48369 7.47614 7.46744 7.42695 7.41613 7.44512 7.45276 7.44744 -99999.00000 -99999.00000 -99999.00000 -99999.00000 -99999.00000 -99999.00000 -99999.00000 -99999.00000
6.77935 7.45767 7.50116 7.51637 7.48741 7.50108 7.48653 7.46209 7.50218 7.52318 7.52421 7.53175 7.54391 7.55642 7.56793 7.57516 7.57135 7.56587 7.56493 7.57092 7.55594 7.51993 7.51735 7.51231 7.51041 7.53243 7.53947 7.53180 7.51741 7.50669 7.49826 7.50552 7.50101 7.49308 7.49508 7.48177 7.47625 7.47999 7.47440 7.47794 7.49103 7.49611 7.48634 7.48985 7.48938 7.49035 7.49242 7.50171 7.49367 7.47265 7.46394 7.46527 7.45556 7.41050 7.42096 7.43801 7.43823 7.44122 7.43178 7.34885 -99999.00000 -99999.00000 -99999.00000 -99999.00000 -99999.00000 -99999.00000
6.46505 7.41489 7.52280 7.52760 7.49496 7.48834 7.52403 7.51094 7.48417 7.52552 7.51370 7.52731 7.55682 7.55528 7.56208 7.57018 7.57200 7.57273 7.57055 7.55929 7.54690 7.52598 7.51113 7.53320 7.51598 7.52795 7.54312 7.53042 7.52458 7.51613 7.49901 7.49885 7.48406 7.48710 7.50200 7.48446 7.47454 7.46733 7.46832 7.48031 7.49374 7.48788 7.47960 7.48063 7.49290 7.49225 7.50811 7.50649 7.48129 7.46537 7.47659 7.46825 7.45811 7.44524 7.41120 7.43458 7.44498 7.43723 7.39634 7.33772 7.30404 -99999.00000 -99999.00000 -99999.00000 -99999.00000 -99999.00000
7.22537 7.49860 7.54251 7.53757 7.44383 7.38196 7.48177 7.53050 7.52996 7.54785 7.54574 7.54155 7.55243 7.54169 7.55752 7.56787 7.57485 7.57492 7.57024 7.56675 7.54973 7.53313 7.52035 7.53170 7.50081 7.52331 7.54036 7.52813 7.52902 7.51825 7.49951 7.49335 7.49458 7.49818 7.49259 7.47731 7.47464 7.47114 7.47887 7.49687 7.49454 7.47153 7.46317 7.47099 7.48023 7.48814 7.50713 7.50207 7.47960 7.46316 7.47883 7.47799 7.47053 7.45343 7.41787 7.41938 7.45158 7.43465 7.40592 7.38563 7.34510 7.32595 -99999.00000 -99999.00000 -99999.00000 -99999.00000
7.48780 7.52201 7.54895 7.49976 7.26444 7.18226 7.35881 7.51655 7.55264 7.56325 7.55652 7.53456 7.52256 7.51651 7.53960 7.54775 7.56251 7.57017 7.56469 7.56065 7.55649 7.54620 7.53304 7.49879 7.48327 7.49312 7.52361 7.52150 7.52143 7.51306 7.50354 7.49519 7.51205 7.51347 7.49219 7.48670 7.48698 7.47955 7.48637 7.50069 7.49703 7.48202 7.46660 7.47723 7.48347 7.48674 7.50070 7.49935 7.47882 7.46034 7.45948 7.46792 7.46375 7.43525 7.41723 7.44663 7.45468 7.44006 7.42898 7.41584 7.39578 7.40059 7.44596 -99999.00000 -99999.00000 -99999.00000
7.49836 7.49345 7.52039 7.46010 6.87976 7.07960 7.06605 7.48656 7.54301 7.55285 7.55786 7.54329 7.50788 7.51468 7.53560 7.52756 7.53579 7.55431 7.55553 7.55046 7.55342 7.54495 7.52615 7.50050 7.50073 7.46785 7.49385 7.50763 7.51407 7.51713 7.50802 7.49726 7.51385 7.51378 7.49622 7.48397 7.48291 7.48227 7.48569 7.49032 7.50421 7.49593 7.48803 7.49432 7.48772 7.47457 7.48322 7.49286 7.48395 7.46282 7.44892 7.44496 7.43999 7.42834 7.44645 7.46168 7.46401 7.45929 7.43295 7.40557 7.40447 7.41338 7.45388 7.46819 -99999.00000 -99999.00000
7.29065 7.18289 7.36824 7.38113 6.60163 6.58866 7.04234 7.47565 7.53079 7.55557 7.55582 7.53765 7.52914 7.50723 7.51940 7.51367 7.52395 7.53245 7.53432 7.53723 7.54241 7.54657 7.54193 7.51213 7.49822 7.45453 7.44999 7.50844 7.52661 7.52164 7.50969 7.51772 7.52560 7.51325 7.47778 7.45848 7.45232 7.47257 7.48273 7.48417 7.48786 7.49336 7.47597 7.47588 7.48740 7.48745 7.47335 7.47987 7.47810 7.45768 7.43597 7.42477 7.43578 7.44466 7.45836 7.46623 7.46032 7.44873 7.42270 7.41610 7.42794 7.42406 7.43367 7.46894 7.49111 -99999.00000
7.17177 7.26855 7.05237 7.24704 7.20851 6.73508 7.39355 7.50982 7.51841 7.53866 7.54131 7.54014 7.54661 7.53630 7.53851 7.52953 7.53279 7.52070 7.51771 7.52570 7.51877 7.52750 7.52560 7.48220 7.47564 7.40091 7.41904 7.48561 7.51654 7.52499 7.51959 7.51307 7.51267 7.48951 7.46756 7.43726 7.44440 7.45660 7.46800 7.48173 7.47722 7.48689 7.46552 7.45274 7.46681 7.47961 7.47525 7.46106 7.44888 7.45728 7.44783 7.42889 7.42959 7.44828 7.45613 7.45114 7.43738 7.42897 7.43481 7.44992 7.43319 7.40627 7.43066 7.44933 7.46887 -99999.00000
7.24337 7.01797 7.16498 7.42126 7.22821 7.38864 7.50608 7.52258 7.53443 7.53773 7.53943 7.55152 7.55049 7.54812 7.52640 7.53206 7.54179 7.53769 7.52449 7.50853 7.51292 7.53149 7.52421 7.49154 7.41950 7.39788 7.45218 7.41272 7.47771 7.52483 7.50937 7.49933 7.49023 7.47657 7.48144 7.44579 7.42962 7.45119 7.45389 7.45889 7.45741 7.47281 7.46112 7.45616 7.46130 7.46407 7.46750 7.44436 7.42842 7.44123 7.43084 7.40846 7.40687 7.44773 7.44298 7.43390 7.44384 7.44234 7.44430 7.44510 7.41550 7.39554 7.42322 7.42344 7.42038 7.43109
7.48087 7.12983 6.55093 7.31308 7.47611 7.52542 7.53842 7.54272 7.54613 7.53981 7.53954 7.53738 7.53412 7.51081 7.44543 7.49086 7.52704 7.53633 7.53952 7.52826 7.51511 7.50838 7.50466 7.47428 7.44591 7.46138 7.41553 7.29889 7.35800 7.45295 7.42538 7.44409 7.44743 7.47127 7.48278 7.47810 7.47815 7.46922 7.46387 7.45762 7.43893 7.40977 7.43649 7.46121 7.46609 7.45737 7.45772 7.42512 7.41302 7.44301 7.44878 7.42986 7.41342 7.41517 7.42130 7.41870 7.44507 7.42975 7.41496 7.43612 7.43469 7.39853 7.37135 7.39324 7.41075 7.42678
7.44128 6.48318 6.48824 6.50098 7.43161 7.51806 7.51543 7.53016 7.53535 7.52490 7.48487 7.47029 7.49416 7.43431 7.44850 7.46468 7.50502 7.53647 7.53616 7.54472 7.54113 7.53123 7.52452 7.50886 7.49398 7.44261 7.30907 7.14365 7.24396 7.22095 7.38162 7.45932 7.47318 7.48054 7.45058 7.45533 7.47663 7.47325 7.46094 7.47173 7.45047 7.40846 7.39798 7.45114 7.46061 7.45775 7.45113 7.44515 7.43674 7.43232 7.45227 7.44510 7.39993 7.37464 7.38884 7.40687 7.43435 7.42845 7.44083 7.42151 7.41158 7.37116 7.26152 7.32392 7.39552 7.44071
7.49235 6.93783 6.22356 6.65639 7.40440 7.51191 7.51365 7.51365 7.51516 7.43886 7.17455 7.30279 7.42144 7.34992 7.41791 7.51991 7.54861 7.54371 7.54567 7.55083 7.55122 7.54068 7.53149 7.51960 7.50645 7.48222 7.41820 7.31079 7.32260 7.37617 7.38676 7.43115 7.43819 7.45541 7.44852 7.48172 7.49543 7.47228 7.46112 7.46569 7.43891 7.39719 7.42845 7.44536 7.44944 7.46665 7.46779 7.44524 7.43873 7.43905 7.44432 7.43126 7.40071 7.35110 7.32825 7.35114 7.42432 7.44024 7.43576 7.42793 7.41687 7.34649 7.30301 7.24562 7.36341 7.41065
7.52356 7.40821 6.88369 7.16743 7.05411 7.44052 7.50567 7.49647 7.45591 7.23373 7.04484 7.00025 6.90257 6.90394 7.27197 7.52102 7.55676 7.55055 7.54276 7.54800 7.54768 7.54117 7.53551 7.52751 7.50371 7.51838 7.49820 7.45029 7.40164 7.45185 7.44735 7.47373 7.47815 7.49498 7.48788 7.48358 7.46765 7.47012 7.44128 7.43998 7.43270 7.42433 7.44007 7.44960 7.44757 7.46498 7.47433 7.46253 7.43796 7.43106 7.43510 7.41956 7.40841 7.36362 7.34185 7.41195 7.44577 7.43328 7.41815 7.43011 7.40839 7.37008 7.28211 7.35554 7.40013 7.39792
7.53502 7.50975 7.38790 6.89676 6.63169 7.18861 7.36471 7.40295 7.22289 7.02486 6.89821 6.90511 6.58367 6.75616 7.03698 7.48919 7.54082 7.54631 7.54865 7.54939 7.54650 7.54315 7.53767 7.52990 7.51157 7.51501 7.50032 7.47404 7.40560 7.44595 7.39560 7.47159 7.47761 7.49418 7.47632 7.43334 7.38076 7.42177 7.42819 7.42091 7.41671 7.42496 7.44369 7.43917 7.44251 7.46571 7.46195 7.45137 7.44000 7.44088 7.44101 7.42051 7.39821 7.39745 7.41195 7.43705 7.44501 7.41639 7.39549 7.40705 7.39688 7.39337 7.37879 7.40211 7.42086 7.41354
7.55083 7.54116 7.44401 6.75248 6.78854 6.26045 6.39380 6.76078 7.15129 6.77098 6.53142 6.83999 7.04147 6.70024 7.29972 7.48177 7.51069 7.52466 7.54192 7.54566 7.54640 7.53108 7.52399 7.52501 7.52080 7.50328 7.48873 7.49202 7.45618 7.39767 7.44754 7.45256 7.45464 7.46170 7.43499 7.33915 7.36969 7.28038 7.35051 7.38985 7.39882 7.42000 7.43583 7.44425 7.46565 7.46989 7.45370 7.45061 7.44918 7.44907 7.44835 7.43703 7.40437 7.39115 7.41522 7.42135 7.42228 7.41829 7.38445 7.35022 7.39332 7.42206 7.42197 7.41238 7.41460 7.39972
7.55655 7.55092 7.51822 7.33289 6.56445 6.33534 6.71816 6.46641 6.71916 6.69380 6.96874 6.57528 6.85605 7.08566 7.20845 7.42204 7.48475 7.50971 7.53427 7.54407 7.53339 7.51889 7.52223 7.52302 7.51195 7.48574 7.49406 7.50725 7.49355 7.46183 7.46115 7.44164 7.43836 7.46805 7.44623 7.37564 7.28493 7.30064 7.32861 7.29003 7.36726 7.39536 7.42273 7.44426 7.44923 7.44403 7.45453 7.45870 7.45249 7.44438 7.42771 7.41716 7.39859 7.40249 7.42827 7.41596 7.40318 7.41297 7.39313 7.37105 7.34188 7.39681 7.41555 7.37931 7.37215 7.37817
7.53437 7.54221 7.53676 7.50356 7.40495 7.29021 6.82539 7.17165 6.80636 6.38124 6.57676 5.90769 5.81921 6.12618 6.04480 6.95565 7.42182 7.48680 7.51492 7.53218 7.51736 7.51819 7.52824 7.52976 7.51259 7.49956 7.48347 7.49911 7.49827 7.49046 7.43816 7.41746 7.41998 7.46036 7.46525 7.44826 7.43443 7.40613 7.32303 7.33714 7.34741 7.30092 7.38403 7.40629 7.41527 7.41600 7.42598 7.44245 7.44625 7.42697 7.40998 7.41299 7.40679 7.39737 7.41399 7.40676 7.41667 7.41592 7.39348 7.37491 7.36757 7.35824 7.37501 7.33109 7.30692 7.31486
7.50450 7.53162 7.53639 7.52325 7.51431 7.49363 7.40242 7.28418 6.50703 6.32923 6.55516 5.95667 5.67631 5.69847 6.13275 6.11567 7.11016 7.43779 7.48113 7.50341 7.51776 7.52429 7.53117 7.52970 7.52380 7.50207 7.50282 7.49465 7.49456 7.47380 7.44364 7.41402 7.45316 7.46321 7.47419 7.46514 7.47926 7.41265 7.25484 7.24486 7.29186 7.31805 7.34226 7.36329 7.37037 7.40454 7.37442 7.42289 7.42938 7.41209 7.42057 7.40663 7.37109 7.36140 7.39007 7.41062 7.41406 7.41406 7.40442 7.38241 7.35198 7.37024 7.33372 7.27910 7.28816 7.33314
7.43903 7.50870 7.50870 7.48424 7.50016 7.50365 7.49134 7.43487 7.01809 6.27039 5.85245 5.61866 5.60007 5.58893 5.73484 6.53240 6.85120 7.28005 7.44003 7.48431 7.50490 7.51446 7.51756 7.49225 7.49822 7.49465 7.47423 7.48452 7.48522 7.45552 7.44405 7.43395 7.45908 7.46575 7.45331 7.43782 7.45396 7.36586 7.21948 6.91276 7.24279 7.34881 7.34360 7.32952 7.36127 7.39146 7.36120 7.40127 7.42485 7.41517 7.40343 7.39996 7.40462 7.36974 7.33055 7.38262 7.39589 7.41282 7.41226 7.39370 7.37864 7.34806 7.30342 7.23232 7.29704 7.35564
7.37380 7.47462 7.48137 7.49558 7.48312 7.49899 7.49055 7.47797 7.42686 7.22901 6.81103 5.98188 5.65549 5.53837 5.63772 6.09688 6.81092 6.90098 7.31238 7.28866 7.43887 7.48814 7.44108 7.34149 7.41014 7.48940 7.49918 7.49287 7.49240 7.44553 7.43310 7.43938 7.43977 7.42888 7.40436 7.41151 7.39931 7.32421 6.69414 6.34092 6.68968 7.22942 7.29933 7.32125 7.35888 7.39426 7.33216 7.35763 7.36003 7.39510 7.38082 7.35690 7.37462 7.34805 7.32074 7.30628 7.31676 7.38811 7.40961 7.39786 7.39810 7.34626 7.28405 7.21528 7.33046 7.33387
7.40206 7.44862 7.48231 7.47615 7.49677 7.51532 7.51287 7.49809 7.47174 7.38062 7.27370 6.97262 6.56361 5.69791 5.68673 5.66136 6.09110 6.68647 6.73565 6.14762 6.96637 7.39791 7.30006 7.27178 7.25410 7.44857 7.49987 7.47792 7.47347 7.46915 7.46784 7.44029 7.43983 7.41448 7.29321 7.18562 7.30625 6.94759 6.07021 6.21982 6.29402 7.11981 7.29954 7.31701 7.32796 7.37391 7.34654 7.37156 7.34343 7.28495 7.33332 7.36448 7.38564 7.33044 7.28638 7.32599 7.30124 7.27885 7.35329 7.39906 7.39626 7.36581 7.30441 7.24165 7.30801 7.33176
7.40011 7.44872 7.46212 7.48936 7.51450 7.51951 7.51499 7.51226 7.50245 7.45826 7.35119 7.30717 7.15955 6.03902 5.63260 5.71750 5.87167 5.88053 5.98420 6.05198 6.08490 7.19718 7.17537 7.06409 7.12436 7.29066 7.39265 7.41658 7.44196 7.47651 7.48310 7.46583 7.44398 7.31499 6.91913 7.05131 6.88110 6.37593 6.29221 5.98888 6.83251 7.29173 7.32224 7.33365 7.37439 7.38944 7.34713 7.35750 7.28068 7.29437 7.37550 7.38385 7.34633 7.31228 7.28665 7.27705 7.26825 7.30017 7.31839 7.38965 7.34454 7.33997 7.32512 7.27484 7.27894 7.33620
7.44050 7.46868 7.46807 7.48616 7.51384 7.52110 7.51406 7.51341 7.50833 7.49277 7.45096 7.43641 7.35909 6.96876 6.09379 5.84584 5.71715 6.22485 6.36854 5.93568 6.43106 6.80128 6.29850 6.78058 6.10064 6.18284 6.56877 6.84255 7.32803 7.44957 7.44947 7.41723 7.39019 7.35167 7.16024 6.84750 7.14098 6.79968 6.30405 6.84238 7.27069 7.33141 7.34727 7.37301 7.40051 7.38546 7.34798 7.32813 7.27669 7.37486 7.38702 7.34172 7.32815 7.34740 7.31686 7.30857 7.32977 7.30548 7.35457 7.37509 7.34468 7.31007 7.34541 7.33462 7.28952 7.29490
7.44277 7.46416 7.47531 7.46670 7.48579 7.50537 7.49767 7.49873 7.49046 7.48838 7.48378 7.47893 7.44398 7.37192 7.19629 7.01706 6.71488 6.48934 6.91044 6.38774 5.89597 5.72154 6.27361 7.01084 6.17207 6.21981 6.45504 6.44267 6.98445 7.39493 7.43846 7.40893 7.38023 7.40909 7.37692 7.34893 7.37350 7.28895 7.19713 7.33710 7.36116 7.34716 7.35762 7.37345 7.39823 7.36765 7.29901 7.31201 7.37550 7.40667 7.37473 7.34240 7.35230 7.33773 7.33928 7.33466 7.39242 7.36686 7.35487 7.35296 7.29737 7.30675 7.30824 7.27762 7.26858 7.25477
7.41819 7.44795 7.43968 7.43758 7.45336 7.48549 7.48249 7.48133 7.47914 7.47409 7.47990 7.48245 7.48300 7.45917 7.41965 7.39664 7.34508 7.16167 6.45234 5.92822 6.10287 5.71886 5.65689 6.49639 5.96873 6.03422 6.34086 6.65559 7.27218 7.42145 7.42717 7.44622 7.44791 7.42707 7.42046 7.41914 7.41994 7.38681 7.39420 7.38955 7.37343 7.37441 7.39869 7.40536 7.40761 7.36437 7.34817 7.37154 7.40735 7.40574 7.37003 7.36430 7.38920 7.36933 7.35834 7.36452 7.37974 7.38579 7.40682 7.38262 7.34375 7.30875 7.19492 7.21976 7.18195 7.23157
7.42534 7.40532 7.39080 7.40392 7.44530 7.45742 7.45867 7.45871 7.46368 7.46455 7.46307 7.46553 7.47807 7.48429 7.45692 7.43166 7.41250 7.37506 7.07689 6.09542 5.94405 5.77871 5.71873 6.68649 7.10047 6.99398 6.86296 7.21874 7.35068 7.39496 7.42591 7.45664 7.46333 7.45906 7.44730 7.42899 7.43882 7.41674 7.38494 7.38149 7.40784 7.40730 7.41140 7.41886 7.41795 7.39953 7.40850 7.40108 7.39668 7.38666 7.36688 7.37890 7.42417 7.42262 7.40730 7.42283 7.41860 7.38619 7.40036 7.40136 7.37532 7.35477 7.25880 7.19600 7.23508 7.21493
7.39484 7.35652 7.37284 7.32114 7.36472 7.43280 7.44959 7.44683 7.44879 7.45253 7.45194 7.44440 7.46580 7.47074 7.44676 7.44757 7.45532 7.41637 7.26302 6.35942 5.90320 5.89271 5.83730 5.82110 6.82388 6.17011 5.76531 6.66834 7.28466 7.35336 7.39140 7.42193 7.44623 7.44573 7.45544 7.43889 7.42865 7.41755 7.39862 7.41322 7.42174 7.40449 7.41301 7.41606 7.42330 7.43035 7.42779 7.40914 7.38708 7.38590 7.36251 7.36403 7.41820 7.43536 7.43678 7.43667 7.42228 7.39547 7.39313 7.40201 7.37968 7.38827 7.35961 7.32656 7.25406 7.26564
7.29046 7.17735 7.17136 7.17238 7.16775 7.30908 7.39636 7.41309 7.42277 7.44712 7.44333 7.42807 7.44070 7.44633 7.44001 7.45500 7.45531 7.41978 7.14823 6.03688 6.05981 6.34809 6.65349 5.86927 6.14401 5.66679 5.62557 5.68251 6.94487 7.27567 7.31051 7.31732 7.40532 7.42734 7.43781 7.42754 7.41576 7.42229 7.41032 7.41410 7.41254 7.41143 7.39988 7.40748 7.42590 7.43469 7.43736 7.42544 7.36979 7.35085 7.36652 7.38613 7.41845 7.44319 7.44806 7.44272 7.43838 7.41785 7.38299 7.37244 7.37080 7.38332 7.37095 7.35099 7.31465 7.30861
7.06634 7.08061 7.11796 7.14476 7.06492 7.12865 7.26623 7.35371 7.39177 7.41522 7.41627 7.42127 7.41728 7.42626 7.45503 7.45183 7.45121 7.43966 7.35615 6.76704 5.83161 5.70875 6.14281 5.80455 6.63884 5.78485 5.97191 5.67777 6.71862 6.92778 6.72481 6.81357 7.15632 7.36728 7.38015 7.39125 7.40183 7.41954 7.41664 7.41999 7.42515 7.40806 7.41041 7.41339 7.40594 7.40435 7.41248 7.41244 7.35644 7.32610 7.37095 7.39077 7.41813 7.44122 7.44915 7.44993 7.44259 7.41990 7.37650 7.34798 7.36064 7.38374 7.38805 7.36194 7.35222 7.33256
