mrvbf_slope1.5_pctl1.2.asc
NCOLS 410
NROWS 410
XLLCORNER 2398750.0000000000000000
YLLCORNER 2548750.0000000000000000
CELLSIZE 250.0000000000000000
NODATA_VALUE -99999.00000
[rows 203 to 231 of 410, columns 264 to 329 of 410]
7.69296 7.69321 7.69268 7.68939 7.68793 7.69149 7.69274 7.69266 7.69304 7.69429 7.69374 7.69350 7.69344 7.69390 7.69391 7.69415 7.69363 7.69292 7.69209 7.69057 7.69071 7.69185 7.68988 7.68438 7.68206 7.67108 7.60197 7.56017 7.62336 7.63077 7.65431 7.66926 7.67142 7.66366 7.66008 7.63432 7.64667 7.65883 7.66810 7.68019 7.63937 7.61777 7.54839 7.62035 7.67520 7.68326 7.69045 7.69090 7.69382 7.69394 7.69434 7.69186 7.68445 7.68478 7.69190 7.69469 7.69737 7.69953 7.69967 7.69885 7.69928 7.69914 7.69878 7.69807 7.69785 7.69760
7.69101 7.69031 7.69144 7.68938 7.68550 7.68612 7.69023 7.69251 7.69310 7.69287 7.69247 7.69262 7.69220 7.69279 7.69260 7.69320 7.69314 7.69242 7.69159 7.69048 7.69148 7.69094 7.68688 7.68489 7.67932 7.67930 7.66132 7.60531 7.61611 7.60135 7.61783 7.63132 7.61908 7.63501 7.64843 7.63799 7.64886 7.65634 7.63924 7.65453 7.67815 7.65528 7.61910 7.63877 7.67823 7.68604 7.68703 7.69087 7.69375 7.69503 7.69181 7.69022 7.68904 7.68083 7.68972 7.69424 7.69702 7.69818 7.69847 7.69759 7.69816 7.69800 7.69785 7.69723 7.69682 7.69584
7.68990 7.68887 7.68972 7.68899 7.68595 7.68456 7.68613 7.69045 7.69163 7.69105 7.69115 7.69248 7.69194 7.69117 7.69198 7.69206 7.69147 7.69075 7.69067 7.69028 7.69068 7.69085 7.68855 7.68317 7.68536 7.68457 7.68006 7.67182 7.66682 7.65231 7.63242 7.63098 7.63512 7.65727 7.66842 7.66824 7.67826 7.67250 7.61929 7.64739 7.68130 7.65899 7.60578 7.61662 7.67707 7.68581 7.68497 7.69135 7.69192 7.69422 7.69312 7.69166 7.68873 7.67815 7.68219 7.69314 7.69602 7.69683 7.69674 7.69640 7.69716 7.69675 7.69676 7.69632 7.69503 7.69398
7.68861 7.68742 7.68834 7.68840 7.68615 7.68431 7.68431 7.68732 7.69017 7.68920 7.69017 7.69125 7.69140 7.69090 7.69056 7.68992 7.68987 7.68979 7.68919 7.68934 7.68930 7.68919 7.68805 7.68795 7.68816 7.68724 7.68481 7.68249 7.67984 7.67658 7.67194 7.67236 7.67492 7.67818 7.68264 7.68286 7.68556 7.67994 7.63944 7.63663 7.67951 7.66858 7.62227 7.63923 7.67837 7.68505 7.68430 7.68780 7.68805 7.68903 7.68828 7.68874 7.68792 7.68205 7.67725 7.69051 7.69464 7.69577 7.69582 7.69614 7.69612 7.69568 7.69535 7.69472 7.69341 7.69280
7.68897 7.68653 7.68810 7.68793 7.68631 7.68335 7.68218 7.68468 7.68796 7.68827 7.68853 7.68937 7.68967 7.68979 7.68834 7.68670 7.68829 7.68877 7.68880 7.68906 7.68818 7.68751 7.68793 7.68828 7.68778 7.68805 7.68669 7.68561 7.68459 7.68346 7.68281 7.68288 7.68298 7.68379 7.68670 7.68657 7.68580 7.67839 7.64145 7.64094 7.68128 7.68223 7.64281 7.64705 7.67359 7.67324 7.66907 7.67457 7.67230 7.67352 7.67718 7.68404 7.68751 7.68346 7.67616 7.68804 7.69285 7.69444 7.69447 7.69430 7.69471 7.69450 7.69417 7.69366 7.69265 7.69180
7.68859 7.68653 7.68726 7.68685 7.68589 7.68315 7.68164 7.68162 7.68426 7.68709 7.68790 7.68754 7.68796 7.68760 7.68536 7.68570 7.68695 7.68759 7.68692 7.68736 7.68560 7.68599 7.68597 7.68619 7.68623 7.68711 7.68707 7.68655 7.68664 7.68618 7.68585 7.68477 7.68456 7.68544 7.68670 7.68528 7.68262 7.67434 7.63107 7.64119 7.67804 7.68192 7.65105 7.64584 7.63046 7.62492 7.61182 7.63848 7.62458 7.63358 7.64634 7.67274 7.68451 7.68719 7.67864 7.68333 7.69008 7.69195 7.69266 7.69247 7.69252 7.69277 7.69337 7.69272 7.69194 7.69105
7.68566 7.68371 7.68513 7.68500 7.68398 7.68243 7.68312 7.68244 7.68156 7.68357 7.68605 7.68648 7.68657 7.68539 7.68397 7.68618 7.68615 7.68636 7.68640 7.68460 7.68478 7.68464 7.68260 7.68329 7.68333 7.68533 7.68471 7.68590 7.68626 7.68592 7.68460 7.68470 7.68522 7.68502 7.68490 7.68321 7.67800 7.66637 7.60837 7.62083 7.65739 7.66679 7.65003 7.64458 7.57707 7.60348 7.63566 7.65377 7.64254 7.62325 7.61446 7.62447 7.66718 7.68306 7.67930 7.68309 7.68752 7.68858 7.69042 7.69093 7.69102 7.69133 7.69150 7.69161 7.69018 7.68861
7.68322 7.68248 7.68209 7.68310 7.68084 7.68067 7.68196 7.68215 7.68134 7.68077 7.68235 7.68381 7.68389 7.68307 7.68346 7.68474 7.68331 7.68212 7.68418 7.68394 7.68419 7.68373 7.68238 7.68228 7.68303 7.68408 7.68409 7.68384 7.68424 7.68403 7.68386 7.68183 7.68369 7.68478 7.68437 7.67997 7.67597 7.65666 7.57403 7.60416 7.62464 7.61521 7.60861 7.61883 7.59812 7.60615 7.63965 7.66471 7.65221 7.66458 7.65798 7.62447 7.63078 7.67043 7.67360 7.67593 7.68220 7.68020 7.68258 7.68756 7.68864 7.68902 7.68907 7.68917 7.68718 7.68456
7.68275 7.68092 7.68155 7.68168 7.67813 7.67580 7.67704 7.67592 7.67306 7.67234 7.67738 7.68117 7.68151 7.68027 7.68129 7.68165 7.67798 7.68068 7.67965 7.68166 7.68163 7.68274 7.68275 7.68101 7.68229 7.68302 7.68317 7.68250 7.68230 7.68260 7.68187 7.68115 7.68315 7.68324 7.68209 7.67952 7.67462 7.65718 7.56466 7.58398 7.64318 7.62045 7.60374 7.63582 7.60471 7.60904 7.66170 7.67528 7.67375 7.67560 7.67514 7.66333 7.62564 7.63850 7.66011 7.66210 7.65864 7.62273 7.63119 7.67309 7.68437 7.68495 7.68532 7.68519 7.68302 7.67882
7.67955 7.67928 7.67964 7.67855 7.67458 7.66902 7.66680 7.66441 7.66306 7.66690 7.67096 7.67541 7.67840 7.67805 7.67841 7.67825 7.67713 7.67985 7.67992 7.68055 7.67952 7.68121 7.67966 7.67731 7.67879 7.68012 7.68123 7.68060 7.68069 7.68110 7.68079 7.67936 7.68071 7.68175 7.68057 7.67803 7.67409 7.66351 7.61058 7.55400 7.63400 7.62131 7.65338 7.63910 7.60354 7.64326 7.62697 7.64888 7.64650 7.64437 7.67221 7.67070 7.63181 7.59055 7.62679 7.64226 7.59851 7.58803 7.59354 7.63232 7.67591 7.68024 7.68061 7.68151 7.67874 7.66163
7.66998 7.67097 7.67365 7.67274 7.66636 7.65761 7.65589 7.65792 7.66315 7.66859 7.66796 7.66796 7.67110 7.67353 7.67569 7.67535 7.67538 7.67632 7.67506 7.67699 7.67919 7.67799 7.67365 7.67492 7.67378 7.67666 7.67821 7.67863 7.67826 7.67816 7.67524 7.67483 7.67675 7.67999 7.67963 7.67745 7.67337 7.66812 7.65087 7.59667 7.62254 7.63233 7.64883 7.63899 7.64555 7.64537 7.64310 7.63273 7.58853 7.60710 7.64125 7.66663 7.63833 7.61094 7.62819 7.65123 7.65270 7.62647 7.61636 7.62410 7.66387 7.67361 7.67347 7.66955 7.66769 7.60726
7.65487 7.65535 7.66140 7.66311 7.65354 7.64638 7.64950 7.65603 7.66311 7.66717 7.66617 7.66163 7.66050 7.66360 7.66615 7.66602 7.66814 7.67074 7.67156 7.67446 7.67642 7.67448 7.67271 7.67259 7.67101 7.67347 7.67494 7.67575 7.67637 7.67377 7.67241 7.67143 7.67463 7.67835 7.67847 7.67708 7.67392 7.66879 7.65912 7.62174 7.62142 7.64310 7.62606 7.64214 7.65657 7.66281 7.66233 7.65058 7.60169 7.58491 7.62597 7.66145 7.63281 7.63685 7.66377 7.67846 7.68037 7.66959 7.63447 7.60630 7.63136 7.66220 7.64931 7.61172 7.63546 7.57867
7.64445 7.64173 7.64492 7.64925 7.63976 7.63923 7.64731 7.65531 7.66071 7.66350 7.66265 7.65810 7.65729 7.65993 7.65968 7.65446 7.65440 7.66119 7.66669 7.67041 7.67072 7.66850 7.67071 7.67197 7.66961 7.67055 7.66997 7.67015 7.67274 7.67226 7.67069 7.67190 7.67551 7.67668 7.67665 7.67562 7.67375 7.66979 7.66228 7.63491 7.61332 7.63576 7.61647 7.64119 7.62524 7.63195 7.65719 7.65605 7.64332 7.60110 7.61269 7.64948 7.64365 7.64185 7.67297 7.68025 7.67772 7.66694 7.60537 7.60458 7.61068 7.65092 7.62534 7.63166 7.61171 7.61191
7.64447 7.63842 7.63248 7.63258 7.63052 7.64030 7.65189 7.65910 7.66235 7.66407 7.66481 7.66355 7.66326 7.66480 7.66332 7.65655 7.65075 7.65575 7.66380 7.66731 7.66622 7.66271 7.66417 7.66700 7.66200 7.66005 7.65976 7.66405 7.66824 7.66955 7.66972 7.67183 7.67377 7.67433 7.67403 7.67378 7.67266 7.67004 7.66573 7.65498 7.62308 7.62672 7.63666 7.62237 7.63083 7.64845 7.65454 7.66101 7.64237 7.62946 7.59979 7.61939 7.60848 7.64094 7.66553 7.67060 7.66603 7.65290 7.59190 7.56624 7.59098 7.65366 7.65253 7.59086 7.56991 7.54188
7.65531 7.65229 7.64273 7.63755 7.64341 7.65505 7.66210 7.66549 7.66600 7.66609 7.66777 7.66656 7.66611 7.66736 7.66551 7.66269 7.66036 7.65978 7.66482 7.66755 7.66690 7.66460 7.66507 7.66611 7.66155 7.65769 7.65547 7.65740 7.66162 7.66412 7.66552 7.66771 7.67032 7.67125 7.67122 7.67176 7.67155 7.66960 7.66685 7.66078 7.63937 7.62031 7.63096 7.64242 7.64760 7.64862 7.65879 7.65234 7.64437 7.62328 7.64929 7.65532 7.64175 7.63089 7.62898 7.64127 7.65582 7.65620 7.61836 7.55260 7.56617 7.60608 7.63378 7.58937 7.55281 7.58383
7.66589 7.66520 7.66141 7.65909 7.66281 7.66550 7.66720 7.66808 7.66719 7.66645 7.66815 7.66786 7.66744 7.66835 7.66738 7.66437 7.66334 7.66181 7.66359 7.66556 7.66480 7.66441 7.66595 7.66492 7.66005 7.65724 7.65588 7.65308 7.65373 7.65646 7.65864 7.66156 7.66567 7.66738 7.66939 7.66988 7.66959 7.66847 7.66673 7.66388 7.65533 7.63574 7.61895 7.62155 7.63061 7.64565 7.65531 7.65616 7.64485 7.64009 7.65512 7.66041 7.65623 7.64892 7.63376 7.63213 7.65020 7.65227 7.63786 7.56694 7.54666 7.56961 7.59388 7.61529 7.60298 7.65385
7.66854 7.66507 7.66350 7.66495 7.66774 7.66850 7.66890 7.66893 7.66820 7.66561 7.66416 7.66272 7.66338 7.66630 7.66611 7.66447 7.66289 7.65962 7.65990 7.66218 7.66251 7.66405 7.66592 7.66203 7.65537 7.65414 7.65554 7.65216 7.64732 7.64709 7.64738 7.65063 7.65761 7.66271 7.66529 7.66651 7.66649 7.66637 7.66600 7.66528 7.66143 7.65637 7.64675 7.63503 7.63277 7.64044 7.65036 7.65063 7.64140 7.63912 7.65684 7.66314 7.66224 7.66328 7.66077 7.65085 7.64525 7.64422 7.65292 7.63324 7.57604 7.59147 7.64051 7.65920 7.66228 7.66904
7.66536 7.66333 7.66252 7.66018 7.66555 7.66808 7.66866 7.66857 7.66886 7.66667 7.66384 7.66214 7.65760 7.65868 7.65962 7.65801 7.65622 7.65179 7.64890 7.65070 7.65414 7.66029 7.66296 7.65788 7.64908 7.64975 7.65252 7.65197 7.64754 7.64283 7.64062 7.64142 7.64926 7.65469 7.65358 7.65749 7.66216 7.66411 7.66510 7.66499 7.66330 7.66197 7.65986 7.65899 7.65804 7.65127 7.64703 7.65425 7.64276 7.64832 7.66292 7.66768 7.66905 7.66915 7.66785 7.66254 7.65243 7.64326 7.64523 7.65698 7.65199 7.65845 7.66435 7.66675 7.66920 7.67103
7.66350 7.66554 7.66561 7.65974 7.66089 7.66640 7.66777 7.66782 7.66854 7.66767 7.66618 7.66508 7.65989 7.65424 7.65320 7.65154 7.65012 7.64536 7.64001 7.63788 7.63945 7.64757 7.65633 7.65291 7.64100 7.64197 7.64778 7.65186 7.65253 7.64974 7.64465 7.64353 7.65059 7.65554 7.65302 7.64995 7.65661 7.66223 7.66370 7.66366 7.66352 7.66328 7.66258 7.66276 7.66400 7.66226 7.65199 7.65452 7.64657 7.65603 7.66685 7.66957 7.67096 7.67116 7.66996 7.66631 7.65982 7.64900 7.64649 7.65295 7.65761 7.66396 7.66595 7.66726 7.66958 7.67124
7.66343 7.66416 7.66197 7.65807 7.66057 7.66456 7.66579 7.66663 7.66758 7.66689 7.66524 7.66429 7.66198 7.65765 7.65402 7.65186 7.65105 7.64878 7.64567 7.64326 7.63863 7.63366 7.64385 7.64490 7.63100 7.63615 7.64931 7.65528 7.65667 7.65394 7.64434 7.64156 7.65357 7.65807 7.65663 7.65586 7.65437 7.65892 7.66113 7.66111 7.66170 7.66148 7.66140 7.66122 7.66159 7.66161 7.65218 7.65166 7.64805 7.66118 7.66668 7.66898 7.66914 7.67101 7.67019 7.66676 7.66119 7.65269 7.64629 7.64554 7.65589 7.65835 7.66419 7.66622 7.66892 7.67006
7.65738 7.65444 7.65089 7.65188 7.65898 7.66363 7.66510 7.66590 7.66612 7.66540 7.66299 7.66148 7.66078 7.65900 7.65649 7.65486 7.65495 7.65460 7.65285 7.65046 7.64587 7.63247 7.62521 7.62505 7.62646 7.64463 7.65584 7.66023 7.65906 7.65329 7.64168 7.64199 7.65495 7.65929 7.65860 7.65868 7.65588 7.65581 7.65579 7.65451 7.65399 7.65293 7.65223 7.65281 7.64943 7.64060 7.61307 7.59786 7.61844 7.65430 7.66170 7.66543 7.66717 7.66885 7.66890 7.66735 7.66308 7.65385 7.64343 7.64260 7.64626 7.65743 7.65955 7.66467 7.66680 7.66865
7.64649 7.64765 7.65074 7.65548 7.65894 7.66263 7.66553 7.66579 7.66527 7.66441 7.66126 7.65768 7.65762 7.65804 7.65685 7.65685 7.65743 7.65723 7.65590 7.65340 7.65036 7.64388 7.63172 7.63139 7.64493 7.65492 7.65946 7.66168 7.66010 7.65525 7.64379 7.63732 7.65098 7.65739 7.65631 7.65772 7.65677 7.65572 7.65189 7.64787 7.64658 7.64371 7.63597 7.62411 7.59496 7.53512 7.47150 7.57943 7.55292 7.63600 7.65274 7.65797 7.66135 7.66528 7.66832 7.66694 7.66450 7.65897 7.64544 7.63629 7.64180 7.64945 7.65762 7.66256 7.66477 7.66652
7.64869 7.65512 7.65940 7.66182 7.66148 7.66254 7.66490 7.66515 7.66403 7.66171 7.65737 7.65376 7.65586 7.65760 7.65796 7.65994 7.66001 7.65929 7.65824 7.65637 7.65397 7.65203 7.64974 7.65082 7.65531 7.65855 7.66099 7.66209 7.66019 7.65680 7.64947 7.63578 7.64313 7.65357 7.65538 7.65755 7.65764 7.65610 7.65219 7.65128 7.65055 7.64264 7.61546 7.56036 7.49929 7.47808 7.46520 7.52495 7.52223 7.59068 7.63196 7.64764 7.65701 7.66245 7.66527 7.66640 7.66460 7.66097 7.65347 7.63859 7.63263 7.64220 7.65240 7.65706 7.66131 7.66355
7.65538 7.65790 7.66057 7.66245 7.66133 7.66279 7.66459 7.66359 7.66060 7.65716 7.65357 7.65478 7.65806 7.65890 7.65996 7.66207 7.66260 7.66189 7.66093 7.65978 7.65834 7.65725 7.65703 7.65754 7.65859 7.65996 7.66135 7.66144 7.65947 7.65701 7.65297 7.64068 7.63835 7.65096 7.65606 7.65759 7.65813 7.65591 7.65464 7.65461 7.65047 7.63422 7.59481 7.53898 7.52948 7.57812 7.61574 7.58612 7.54488 7.51205 7.53774 7.60647 7.64550 7.65762 7.66240 7.66403 7.66346 7.66097 7.65741 7.64911 7.63367 7.63220 7.64072 7.65132 7.65709 7.66059
7.65912 7.65901 7.65889 7.66184 7.66187 7.66273 7.66327 7.66084 7.65754 7.65582 7.65560 7.65786 7.65913 7.65974 7.66110 7.66288 7.66382 7.66370 7.66317 7.66256 7.66192 7.66122 7.66075 7.66064 7.66080 7.66131 7.66171 7.66075 7.65857 7.65665 7.65430 7.64743 7.63984 7.64619 7.65361 7.65699 7.65674 7.65548 7.65614 7.65385 7.64743 7.63131 7.59490 7.55602 7.55602 7.59241 7.62594 7.61221 7.59890 7.59918 7.55392 7.54346 7.61321 7.64821 7.65731 7.66069 7.66201 7.66130 7.65853 7.65378 7.64407 7.63190 7.63318 7.63976 7.64884 7.65544
7.66017 7.66165 7.66002 7.66013 7.66153 7.66119 7.66105 7.65912 7.65655 7.65592 7.65720 7.65850 7.65926 7.66028 7.66181 7.66326 7.66411 7.66431 7.66419 7.66390 7.66352 7.66315 7.66281 7.66251 7.66233 7.66227 7.66183 7.66022 7.65801 7.65638 7.65480 7.65181 7.64679 7.64511 7.64912 7.65407 7.65474 7.65460 7.65447 7.65255 7.64805 7.63770 7.60531 7.56051 7.55688 7.58154 7.57205 7.53569 7.56995 7.60763 7.60486 7.57665 7.59360 7.63710 7.65067 7.65709 7.66054 7.66040 7.65776 7.65367 7.64920 7.63977 7.62969 7.62624 7.63255 7.64524
7.65828 7.66075 7.66064 7.65876 7.65980 7.65961 7.65918 7.65831 7.65538 7.65501 7.65715 7.65831 7.65937 7.66085 7.66237 7.66347 7.66404 7.66422 7.66421 7.66407 7.66387 7.66365 7.66342 7.66313 7.66282 7.66239 7.66141 7.65963 7.65766 7.65628 7.65495 7.65279 7.65012 7.64775 7.64716 7.65043 7.65309 7.65323 7.65305 7.65350 7.64920 7.63912 7.61923 7.57256 7.56381 7.59126 7.54538 7.56147 7.56815 7.59133 7.62772 7.59029 7.58563 7.62847 7.64590 7.65372 7.65793 7.65837 7.65610 7.65373 7.65008 7.64610 7.63895 7.63337 7.61664 7.62599
7.65210 7.65709 7.65790 7.65562 7.65557 7.65758 7.65774 7.65691 7.65492 7.65509 7.65692 7.65817 7.65975 7.66141 7.66270 7.66346 7.66380 7.66393 7.66395 7.66388 7.66375 7.66354 7.66326 7.66295 7.66259 7.66195 7.66076 7.65904 7.65734 7.65612 7.65492 7.65299 7.65060 7.64853 7.64664 7.64759 7.65147 7.65271 7.65407 7.65390 7.65038 7.64169 7.62492 7.59056 7.58726 7.60759 7.59744 7.57692 7.57261 7.61758 7.63315 7.60110 7.58326 7.61542 7.64176 7.65211 7.65618 7.65707 7.65575 7.65398 7.65205 7.64827 7.64277 7.64035 7.63001 7.61270
7.64304 7.64601 7.64719 7.64679 7.65127 7.65578 7.65668 7.65638 7.65601 7.65604 7.65698 7.65858 7.66045 7.66177 7.66265 7.66315 7.66339 7.66348 7.66348 7.66341 7.66326 7.66304 7.66272 7.66239 7.66200 7.66125 7.66001 7.65843 7.65690 7.65574 7.65468 7.65306 7.65062 7.64834 7.64641 7.64553 7.64882 7.65226 7.65329 7.65267 7.64932 7.64211 7.62824 7.60003 7.59136 7.60760 7.60870 7.59829 7.61069 7.64134 7.63711 7.59968 7.57817 7.61225 7.63973 7.64951 7.65444 7.65584 7.65531 7.65451 7.65261 7.65061 7.64622 7.64072 7.63688 7.62089
