mrvbf_slope0.5_pctl0.9.asc
NCOLS 410
NROWS 410
XLLCORNER 2398750.0000000000000000
YLLCORNER 2548750.0000000000000000
CELLSIZE 250.0000000000000000
NODATA_VALUE -99999.00000
[rows 87 to 115 of 410, columns 198 to 263 of 410]
5.50258 5.44171 5.36790 5.40461 5.45043 5.46096 5.41816 5.31477 5.31182 5.32976 5.23580 5.33643 5.41291 5.39137 5.39374 5.32467 5.34815 5.25679 5.09428 4.74789 4.76648 4.55754 4.09993 3.88443 4.12292 4.42657 4.92085 4.90749 4.92073 4.78086 -99999.00000 -99999.00000 -99999.00000 -99999.00000 -99999.00000 -99999.00000 -99999.00000 -99999.00000 -99999.00000 -99999.00000 -99999.00000 -99999.00000 -99999.00000 -99999.00000 -99999.00000 -99999.00000 -99999.00000 -99999.00000 -99999.00000 -99999.00000 -99999.00000 -99999.00000 -99999.00000 -99999.00000 -99999.00000 -99999.00000 -99999.00000 -99999.00000 -99999.00000 -99999.00000 -99999.00000 -99999.00000 -99999.00000 -99999.00000 -99999.00000 -99999.00000
5.57826 5.52750 5.46135 5.47911 5.53263 5.51410 5.45072 5.39373 5.23942 5.22632 5.31376 5.34128 5.34170 5.34663 5.34522 5.41966 5.43549 5.36585 5.29620 4.96080 4.67156 4.44782 4.35497 3.99428 3.94070 4.24885 4.88223 5.19056 5.15302 4.83908 4.33231 -99999.00000 -99999.00000 -99999.00000 -99999.00000 -99999.00000 -99999.00000 -99999.00000 -99999.00000 -99999.00000 -99999.00000 -99999.00000 -99999.00000 -99999.00000 -99999.00000 -99999.00000 -99999.00000 -99999.00000 -99999.00000 -99999.00000 -99999.00000 -99999.00000 -99999.00000 -99999.00000 -99999.00000 -99999.00000 -99999.00000 -99999.00000 -99999.00000 -99999.00000 -99999.00000 -99999.00000 -99999.00000 -99999.00000 -99999.00000 -99999.00000
5.58182 5.54300 5.53114 5.57886 5.56172 5.49372 5.42484 5.27288 5.32087 5.30349 5.29456 5.21196 5.25199 5.39760 5.38298 5.45045 5.45145 5.46259 5.42686 5.20855 4.97199 3.96404 3.62246 3.76142 4.04565 4.44250 4.89287 5.27687 5.26009 5.14570 4.73131 -99999.00000 -99999.00000 -99999.00000 -99999.00000 -99999.00000 -99999.00000 -99999.00000 -99999.00000 -99999.00000 -99999.00000 -99999.00000 -99999.00000 -99999.00000 -99999.00000 -99999.00000 -99999.00000 -99999.00000 -99999.00000 -99999.00000 -99999.00000 -99999.00000 -99999.00000 -99999.00000 -99999.00000 -99999.00000 -99999.00000 -99999.00000 -99999.00000 -99999.00000 -99999.00000 -99999.00000 -99999.00000 -99999.00000 -99999.00000 -99999.00000
5.60697 5.56380 5.56041 5.58992 5.56476 5.53737 5.45147 5.33894 5.31223 5.19930 5.27918 5.36514 5.36173 5.39052 5.42087 5.47501 5.42748 5.40262 5.28979 5.18983 5.14837 4.29111 3.32297 3.18457 3.53374 4.55014 4.95179 5.10737 5.20254 5.35322 5.21900 -99999.00000 -99999.00000 -99999.00000 -99999.00000 -99999.00000 -99999.00000 -99999.00000 -99999.00000 -99999.00000 -99999.00000 -99999.00000 -99999.00000 -99999.00000 -99999.00000 -99999.00000 -99999.00000 -99999.00000 -99999.00000 -99999.00000 -99999.00000 -99999.00000 -99999.00000 -99999.00000 -99999.00000 -99999.00000 -99999.00000 -99999.00000 -99999.00000 -99999.00000 -99999.00000 -99999.00000 -99999.00000 -99999.00000 -99999.00000 -99999.00000
5.61330 5.58928 5.57756 5.55492 5.54183 5.57230 5.52951 5.40425 5.38601 5.32944 5.37400 5.39733 5.34498 5.28470 5.45195 5.52149 5.47679 5.33906 5.05418 5.15737 4.85718 4.09090 3.55994 2.80711 3.51649 4.58695 4.77166 4.95501 5.33685 5.32823 5.30891 -99999.00000 -99999.00000 -99999.00000 -99999.00000 -99999.00000 -99999.00000 -99999.00000 -99999.00000 -99999.00000 -99999.00000 -99999.00000 -99999.00000 -99999.00000 -99999.00000 -99999.00000 -99999.00000 -99999.00000 -99999.00000 -99999.00000 -99999.00000 -99999.00000 -99999.00000 -99999.00000 -99999.00000 -99999.00000 -99999.00000 -99999.00000 -99999.00000 -99999.00000 -99999.00000 -99999.00000 -99999.00000 -99999.00000 -99999.00000 -99999.00000
5.52424 5.58120 5.57564 5.54283 5.52836 5.56466 5.53588 5.46603 5.47062 5.37832 5.37956 5.35565 5.35768 5.34035 5.44690 5.49152 5.41541 5.07538 5.03693 4.90753 4.56384 4.19818 4.01698 3.39718 3.86579 4.75053 4.82809 5.09153 5.28438 5.37486 5.36730 5.25112 -99999.00000 -99999.00000 -99999.00000 -99999.00000 -99999.00000 -99999.00000 -99999.00000 -99999.00000 -99999.00000 -99999.00000 -99999.00000 -99999.00000 -99999.00000 -99999.00000 -99999.00000 -99999.00000 -99999.00000 -99999.00000 -99999.00000 -99999.00000 -99999.00000 -99999.00000 -99999.00000 -99999.00000 -99999.00000 -99999.00000 -99999.00000 -99999.00000 -99999.00000 -99999.00000 -99999.00000 -99999.00000 -99999.00000 -99999.00000
5.26868 5.47880 5.56810 5.54914 5.54558 5.51152 5.51982 5.47974 5.44730 5.31202 5.30476 5.32421 5.42776 5.35111 5.42411 5.43861 5.17589 4.79243 5.05467 4.88847 4.77683 4.68148 4.48659 3.87004 4.26491 5.02543 5.05379 4.93612 5.09649 5.29075 5.25610 5.16032 -99999.00000 -99999.00000 -99999.00000 -99999.00000 -99999.00000 -99999.00000 -99999.00000 -99999.00000 -99999.00000 -99999.00000 -99999.00000 -99999.00000 -99999.00000 -99999.00000 -99999.00000 -99999.00000 -99999.00000 -99999.00000 -99999.00000 -99999.00000 -99999.00000 -99999.00000 -99999.00000 -99999.00000 -99999.00000 -99999.00000 -99999.00000 -99999.00000 -99999.00000 -99999.00000 -99999.00000 -99999.00000 -99999.00000 -99999.00000
5.17498 5.15040 5.49695 5.50116 5.47831 5.50385 5.44710 5.43371 5.31675 5.29969 5.35954 5.36833 5.33678 5.25078 5.39456 5.42961 4.99909 4.85161 5.14354 5.20755 4.99318 4.92761 4.81247 4.17660 4.42849 5.05907 5.15538 5.05959 4.96824 5.13001 5.03779 4.79672 -99999.00000 -99999.00000 -99999.00000 -99999.00000 -99999.00000 -99999.00000 -99999.00000 -99999.00000 -99999.00000 -99999.00000 -99999.00000 -99999.00000 -99999.00000 -99999.00000 -99999.00000 -99999.00000 -99999.00000 -99999.00000 -99999.00000 -99999.00000 -99999.00000 -99999.00000 -99999.00000 -99999.00000 -99999.00000 -99999.00000 -99999.00000 -99999.00000 -99999.00000 -99999.00000 -99999.00000 -99999.00000 -99999.00000 -99999.00000
4.54833 5.23778 5.40320 5.45559 5.47138 5.44533 5.37985 5.34360 5.31798 5.39842 5.39955 5.30085 5.23143 5.25413 5.29211 5.29627 4.92192 4.96189 5.23956 5.27885 4.99585 5.04694 5.21929 4.75150 4.49850 5.07398 5.26448 5.21720 5.23911 5.17757 5.22587 5.23988 -99999.00000 -99999.00000 -99999.00000 -99999.00000 -99999.00000 -99999.00000 -99999.00000 -99999.00000 -99999.00000 -99999.00000 -99999.00000 -99999.00000 -99999.00000 -99999.00000 -99999.00000 -99999.00000 -99999.00000 -99999.00000 -99999.00000 -99999.00000 -99999.00000 -99999.00000 -99999.00000 -99999.00000 -99999.00000 -99999.00000 -99999.00000 -99999.00000 -99999.00000 -99999.00000 -99999.00000 -99999.00000 -99999.00000 -99999.00000
4.64278 5.25639 5.29851 5.42033 5.42804 5.47261 5.33711 5.28029 5.38150 5.46803 5.43380 5.29322 5.21773 5.23163 5.27622 5.00106 4.95755 5.05468 5.12044 5.06590 5.08584 5.23306 5.18620 4.94022 4.64167 4.91934 5.18669 5.27665 5.36724 5.35929 5.37671 5.35116 5.13902 -99999.00000 -99999.00000 -99999.00000 -99999.00000 -99999.00000 -99999.00000 -99999.00000 -99999.00000 -99999.00000 -99999.00000 -99999.00000 -99999.00000 -99999.00000 -99999.00000 -99999.00000 -99999.00000 -99999.00000 -99999.00000 -99999.00000 -99999.00000 -99999.00000 -99999.00000 -99999.00000 -99999.00000 -99999.00000 -99999.00000 -99999.00000 -99999.00000 -99999.00000 -99999.00000 -99999.00000 -99999.00000 -99999.00000
5.19528 5.40855 5.33992 5.15347 5.39393 5.47192 5.45329 5.41923 5.39284 5.45345 5.37300 5.26060 5.42315 5.43879 5.31705 5.15781 4.88934 4.97629 5.09057 5.14370 5.11909 5.11398 4.90752 4.67116 4.64815 5.12133 5.24944 5.17815 5.26874 5.25317 5.28089 5.31022 5.08617 -99999.00000 -99999.00000 -99999.00000 -99999.00000 -99999.00000 -99999.00000 -99999.00000 -99999.00000 -99999.00000 -99999.00000 -99999.00000 -99999.00000 -99999.00000 -99999.00000 -99999.00000 -99999.00000 -99999.00000 -99999.00000 -99999.00000 -99999.00000 -99999.00000 -99999.00000 -99999.00000 -99999.00000 -99999.00000 -99999.00000 -99999.00000 -99999.00000 -99999.00000 -99999.00000 -99999.00000 -99999.00000 -99999.00000
4.85341 5.08301 5.36201 5.22955 5.31096 5.39177 5.47414 5.48935 5.46867 5.47006 5.37176 5.40713 5.47367 5.49638 5.36816 5.04429 5.02316 5.16989 5.08671 5.02550 4.77329 4.81357 4.90122 4.88899 5.04666 5.29537 5.27214 5.10640 5.13105 5.23756 5.19032 5.37715 5.22138 5.22049 -99999.00000 -99999.00000 -99999.00000 -99999.00000 -99999.00000 -99999.00000 -99999.00000 -99999.00000 -99999.00000 -99999.00000 -99999.00000 -99999.00000 -99999.00000 -99999.00000 -99999.00000 -99999.00000 -99999.00000 -99999.00000 -99999.00000 -99999.00000 -99999.00000 -99999.00000 -99999.00000 -99999.00000 -99999.00000 -99999.00000 -99999.00000 -99999.00000 -99999.00000 -99999.00000 -99999.00000 -99999.00000
4.80123 3.51563 4.67008 5.27634 5.33927 5.40730 5.45092 5.47310 5.46448 5.44592 5.42944 5.41361 5.47535 5.44349 5.29201 5.17101 5.23088 5.07600 4.86637 4.52267 4.81273 5.07587 5.15839 5.17206 5.23287 5.36456 5.35617 5.24632 5.14389 5.21317 5.26123 5.34668 5.31290 5.31111 5.15336 5.02624 -99999.00000 -99999.00000 -99999.00000 -99999.00000 -99999.00000 -99999.00000 -99999.00000 -99999.00000 -99999.00000 -99999.00000 -99999.00000 -99999.00000 -99999.00000 -99999.00000 -99999.00000 -99999.00000 -99999.00000 -99999.00000 -99999.00000 -99999.00000 -99999.00000 -99999.00000 -99999.00000 -99999.00000 -99999.00000 -99999.00000 -99999.00000 -99999.00000 -99999.00000 -99999.00000
4.22913 4.32590 3.99007 5.13645 5.41168 5.49365 5.43976 5.49273 5.43267 5.35005 5.40765 5.43948 5.38594 5.36843 5.37215 5.20459 5.08986 4.98839 4.71946 4.74451 5.18599 5.29233 5.26343 5.33664 4.99370 4.97209 5.22319 5.22790 5.09384 5.17309 5.31323 5.16648 5.28490 5.39413 5.27540 5.19454 5.16591 -99999.00000 -99999.00000 -99999.00000 -99999.00000 -99999.00000 -99999.00000 -99999.00000 -99999.00000 -99999.00000 -99999.00000 -99999.00000 -99999.00000 -99999.00000 -99999.00000 -99999.00000 -99999.00000 -99999.00000 -99999.00000 -99999.00000 -99999.00000 -99999.00000 -99999.00000 -99999.00000 -99999.00000 -99999.00000 -99999.00000 -99999.00000 -99999.00000 -99999.00000
4.93134 3.99467 5.01322 5.37495 5.41307 5.44178 5.49658 5.50262 5.41896 5.37027 5.30474 5.31800 5.27607 5.31682 5.35944 5.16820 4.84699 5.18598 5.13910 4.94565 5.12661 5.08608 5.28846 5.30558 4.97402 4.63524 4.80730 5.10981 5.03022 5.07596 5.14915 5.04357 5.25598 5.41897 5.36829 5.15620 5.10844 5.14191 5.19075 -99999.00000 -99999.00000 -99999.00000 -99999.00000 -99999.00000 -99999.00000 -99999.00000 -99999.00000 -99999.00000 -99999.00000 -99999.00000 -99999.00000 -99999.00000 -99999.00000 -99999.00000 -99999.00000 -99999.00000 -99999.00000 -99999.00000 -99999.00000 -99999.00000 -99999.00000 -99999.00000 -99999.00000 -99999.00000 -99999.00000 -99999.00000
5.18768 5.27728 5.48423 5.45601 5.40761 5.41607 5.44156 5.49886 5.36825 5.29021 5.27237 5.33920 5.27818 5.16647 5.15222 5.08766 4.92391 5.29868 5.21360 5.05391 5.11261 4.97998 5.01358 5.09634 4.78050 4.32435 4.30488 5.05427 5.04823 5.17163 5.08251 5.02176 5.07620 5.36050 5.40405 5.23670 5.27783 5.38068 5.28559 4.93860 -99999.00000 -99999.00000 -99999.00000 -99999.00000 -99999.00000 -99999.00000 -99999.00000 -99999.00000 -99999.00000 -99999.00000 -99999.00000 -99999.00000 -99999.00000 -99999.00000 -99999.00000 -99999.00000 -99999.00000 -99999.00000 -99999.00000 -99999.00000 -99999.00000 -99999.00000 -99999.00000 -99999.00000 -99999.00000 -99999.00000
5.46604 5.52512 5.54565 5.47780 5.44907 5.49052 5.47728 5.53727 5.43923 5.17758 5.26464 5.38013 5.27216 5.20782 5.09943 5.07897 5.05646 5.27614 5.28146 5.22245 5.05385 4.96789 4.90454 4.96643 4.66767 4.06068 4.68776 5.12539 4.99212 5.20730 5.07408 4.83150 4.75669 5.03564 5.19770 5.03650 5.11984 5.30786 5.21566 4.76313 4.17153 -99999.00000 -99999.00000 -99999.00000 -99999.00000 -99999.00000 -99999.00000 -99999.00000 -99999.00000 -99999.00000 -99999.00000 -99999.00000 -99999.00000 -99999.00000 -99999.00000 -99999.00000 -99999.00000 -99999.00000 -99999.00000 -99999.00000 -99999.00000 -99999.00000 -99999.00000 -99999.00000 -99999.00000 -99999.00000
5.36199 5.51916 5.52494 5.46902 5.48679 5.46162 5.40012 5.44966 5.46777 5.42491 5.30048 5.28931 5.11290 5.09938 5.31814 5.22788 5.26219 5.24064 5.13785 5.05005 5.01931 4.77668 4.50439 4.63988 4.87581 4.60009 4.73696 5.10442 5.08315 5.07769 4.94279 4.41430 4.57415 4.92857 5.10459 4.87909 4.94418 5.08784 4.85405 4.44310 4.29901 3.83982 -99999.00000 -99999.00000 -99999.00000 -99999.00000 -99999.00000 -99999.00000 -99999.00000 -99999.00000 -99999.00000 -99999.00000 -99999.00000 -99999.00000 -99999.00000 -99999.00000 -99999.00000 -99999.00000 -99999.00000 -99999.00000 -99999.00000 -99999.00000 -99999.00000 -99999.00000 -99999.00000 -99999.00000
5.36138 5.46828 5.45069 5.45185 5.41850 5.37444 5.39142 5.42042 5.47106 5.46551 5.41541 5.45110 5.34022 5.16211 5.32639 5.35545 5.34622 5.42475 5.32731 5.08441 4.68405 4.37066 4.21040 4.36544 4.63739 4.34891 4.60910 4.96010 5.06186 4.91921 4.48934 4.44954 4.60293 5.01780 5.23729 5.05680 4.96820 4.82414 4.74797 4.56873 4.55688 4.56513 4.70074 -99999.00000 -99999.00000 -99999.00000 -99999.00000 -99999.00000 -99999.00000 -99999.00000 -99999.00000 -99999.00000 -99999.00000 -99999.00000 -99999.00000 -99999.00000 -99999.00000 -99999.00000 -99999.00000 -99999.00000 -99999.00000 -99999.00000 -99999.00000 -99999.00000 -99999.00000 -99999.00000
5.25852 5.44614 5.42522 5.13889 4.80104 5.19426 5.39020 5.46634 5.46083 5.41464 5.48543 5.47813 5.43829 5.41268 5.37840 5.41359 5.41622 5.45950 5.42957 5.25209 4.86494 4.41586 4.14026 4.18360 4.47246 4.52038 4.14226 4.62102 4.98196 4.66980 4.53544 4.45316 4.72423 4.96705 4.93887 4.67810 4.65124 4.85846 4.90188 4.75806 4.67012 4.67954 4.34016 3.98362 -99999.00000 -99999.00000 -99999.00000 -99999.00000 -99999.00000 -99999.00000 -99999.00000 -99999.00000 -99999.00000 -99999.00000 -99999.00000 -99999.00000 -99999.00000 -99999.00000 -99999.00000 -99999.00000 -99999.00000 -99999.00000 -99999.00000 -99999.00000 -99999.00000 -99999.00000
5.29934 5.47871 5.41073 4.40211 4.68789 4.54160 5.36924 5.46157 5.47578 5.50248 5.46778 5.47695 5.47586 5.47523 5.45015 5.40610 5.34657 5.27651 5.31188 5.13109 5.10370 4.74240 4.45034 4.32342 4.31378 4.53696 4.25939 4.20604 4.49411 4.25965 3.93385 4.18987 4.73636 4.70704 4.45653 4.70545 4.46951 4.90702 4.88162 4.66741 4.56131 4.31848 4.41480 4.54602 4.42307 -99999.00000 -99999.00000 -99999.00000 -99999.00000 -99999.00000 -99999.00000 -99999.00000 -99999.00000 -99999.00000 -99999.00000 -99999.00000 -99999.00000 -99999.00000 -99999.00000 -99999.00000 -99999.00000 -99999.00000 -99999.00000 -99999.00000 -99999.00000 -99999.00000
5.46249 5.47846 5.45760 5.09261 4.42179 5.13028 5.45140 5.48920 5.47817 5.49928 5.49646 5.49109 5.49792 5.47102 5.38554 5.28157 5.10994 5.03703 5.23134 5.12230 5.24606 5.12015 4.94919 4.84521 4.48330 4.32410 4.34276 4.33962 4.73591 4.93010 4.60381 4.18539 4.27241 4.36177 4.28267 4.65350 4.66868 4.88365 4.86121 4.58136 4.19267 4.10823 4.40863 4.63347 4.46248 -99999.00000 -99999.00000 -99999.00000 -99999.00000 -99999.00000 -99999.00000 -99999.00000 -99999.00000 -99999.00000 -99999.00000 -99999.00000 -99999.00000 -99999.00000 -99999.00000 -99999.00000 -99999.00000 -99999.00000 -99999.00000 -99999.00000 -99999.00000 -99999.00000
5.53336 5.45850 5.46165 5.42650 5.29626 5.29103 5.35109 5.42801 5.48723 5.51255 5.51578 5.53581 5.51518 5.41414 5.25913 4.67028 4.55909 4.99308 5.23440 5.17432 5.22595 5.16909 5.14088 5.19294 5.00276 4.53235 4.27228 4.26741 4.54873 4.86901 4.96094 4.55161 3.85166 3.81258 3.87886 4.13767 4.61532 4.87830 4.90835 4.61909 4.44792 4.33956 4.54948 4.30868 4.06987 3.96317 4.06828 -99999.00000 -99999.00000 -99999.00000 -99999.00000 -99999.00000 -99999.00000 -99999.00000 -99999.00000 -99999.00000 -99999.00000 -99999.00000 -99999.00000 -99999.00000 -99999.00000 -99999.00000 -99999.00000 -99999.00000 -99999.00000 -99999.00000
5.52971 5.47031 5.46612 5.25132 4.67453 4.14088 4.92495 5.25271 5.45181 5.49653 5.45137 5.44361 5.43022 5.30164 4.84169 4.61165 4.94368 4.99630 4.90803 4.97937 5.12072 5.10546 5.29460 5.37668 5.21329 4.99249 4.58490 4.31444 4.49036 4.67303 4.53852 4.53407 4.00871 3.51434 3.65926 3.86057 4.30963 4.75313 4.75281 4.72398 4.48506 4.55932 4.33010 4.09861 3.99999 3.91752 4.13921 4.56256 4.68304 -99999.00000 -99999.00000 -99999.00000 -99999.00000 -99999.00000 -99999.00000 -99999.00000 -99999.00000 -99999.00000 -99999.00000 -99999.00000 -99999.00000 -99999.00000 -99999.00000 -99999.00000 -99999.00000 -99999.00000
5.50625 5.39868 5.46061 4.87697 3.64565 4.05081 4.17812 5.08189 5.29292 5.44908 5.43978 5.35603 5.20770 5.16359 5.06222 4.64886 4.53687 4.77650 4.80742 4.99125 4.92445 5.11410 5.28265 5.39503 5.23328 5.05603 4.94309 4.42904 4.40971 4.92707 4.71695 4.43956 4.37027 4.16635 3.73169 3.90499 4.34436 4.70339 4.42357 4.17326 4.32345 4.19792 4.12595 4.19469 4.38106 4.12726 4.14051 4.44796 4.43505 4.01564 3.52337 -99999.00000 -99999.00000 -99999.00000 -99999.00000 -99999.00000 -99999.00000 -99999.00000 -99999.00000 -99999.00000 -99999.00000 -99999.00000 -99999.00000 -99999.00000 -99999.00000 -99999.00000
5.23503 4.47375 5.18312 5.28965 4.12897 3.48145 4.07057 4.82658 5.29071 5.28415 5.29530 5.20726 5.21229 5.23644 5.13537 5.14242 5.15089 4.77922 4.92444 5.07790 5.07470 4.87917 5.10699 5.35314 5.25223 5.16932 4.86489 4.46887 4.47103 4.89729 4.74202 4.35875 4.39895 4.64829 4.45941 4.37929 4.55962 4.68546 4.26336 3.46848 3.61782 3.73537 3.92335 4.15607 4.22106 4.35926 4.53943 4.45850 4.27690 4.04606 3.66041 3.15419 -99999.00000 -99999.00000 -99999.00000 -99999.00000 -99999.00000 -99999.00000 -99999.00000 -99999.00000 -99999.00000 -99999.00000 -99999.00000 -99999.00000 -99999.00000 -99999.00000
4.10240 4.39434 3.97148 5.13440 4.92402 3.68448 4.61427 4.34215 5.09853 5.33551 5.28021 5.20057 5.37818 5.28266 5.31840 5.35539 5.33203 5.15576 5.18956 5.22338 4.89046 4.90877 5.22613 5.27867 5.22219 5.15056 4.71081 4.46372 4.42752 4.73835 4.59427 4.41753 4.17962 4.44272 4.41526 4.46337 4.79884 4.81166 4.33625 4.00259 3.47603 3.88996 4.08658 3.95286 3.75209 3.96952 4.42430 4.48720 4.21374 3.96171 3.93779 3.89024 3.48042 3.01603 -99999.00000 -99999.00000 -99999.00000 -99999.00000 -99999.00000 -99999.00000 -99999.00000 -99999.00000 -99999.00000 -99999.00000 -99999.00000 -99999.00000
4.07365 3.49161 4.39421 5.19143 4.99639 4.07075 4.21035 4.47822 5.23373 5.32077 5.18387 5.14500 5.18451 5.18704 5.42201 5.41650 5.29427 5.26340 5.35090 5.41734 5.16023 5.03446 5.18330 5.22765 5.11337 5.01657 4.79348 4.53558 4.27514 4.16051 4.57977 4.61134 4.14352 4.39971 4.67312 4.73378 4.63092 4.60861 4.40685 3.80303 4.03298 4.38650 4.34242 4.36259 3.98915 3.72126 3.88869 4.18573 4.42952 4.56958 4.69850 4.43848 3.97699 3.69296 3.63098 -99999.00000 -99999.00000 -99999.00000 -99999.00000 -99999.00000 -99999.00000 -99999.00000 -99999.00000 -99999.00000 -99999.00000 -99999.00000
3.67704 4.50972 4.98596 4.97905 4.28040 2.90483 3.44982 3.33438 4.60972 5.02581 5.20863 5.09738 5.06794 5.19002 5.35191 5.42763 5.42170 5.31676 5.36972 5.38694 5.23310 5.15616 5.04226 4.97915 5.15224 5.18466 5.09862 4.66527 4.35139 4.28378 4.61099 4.59656 4.39850 4.36128 4.45764 4.53720 4.40732 4.49270 4.44165 4.25041 4.65032 4.67893 4.55867 4.55647 4.57222 4.41673 4.27620 4.49954 4.79280 4.89765 4.73721 4.52987 4.32207 3.86968 3.68791 4.03684 4.22028 -99999.00000 -99999.00000 -99999.00000 -99999.00000 -99999.00000 -99999.00000 -99999.00000 -99999.00000 -99999.00000
