mrvbf_slope0.7_pctl1.2.asc
NCOLS 410
NROWS 410
XLLCORNER 2398750.0000000000000000
YLLCORNER 2548750.0000000000000000
CELLSIZE 250.0000000000000000
NODATA_VALUE -99999.00000
[rows 319 to 347 of 410, columns 0 to 65 of 410]
-99999.00000 -99999.00000 -99999.00000 -99999.00000 -99999.00000 4.24605 4.20856 3.92445 3.73680 3.71142 3.66319 3.58367 3.60539 3.74409 3.85902 3.91345 3.85279 3.79129 3.74346 3.71186 3.78472 3.83019 3.80625 3.56969 3.33325 3.30212 3.40919 3.43989 3.33631 3.31792 3.39221 3.51588 3.55212 3.51962 3.43598 3.47682 3.54443 3.58563 3.59163 3.52516 3.44069 3.42913 3.49873 3.61224 3.74295 3.75809 3.67179 3.61932 3.61671 3.59931 3.56631 3.53103 3.54131 3.58884 3.53807 3.52053 3.55226 3.52675 3.50239 3.47483 3.48465 3.60953 3.82489 4.04229 4.12496 4.14178
-99999.00000 -99999.00000 -99999.00000 -99999.00000 -99999.00000 4.09120 4.05139 3.82457 3.73187 3.74755 3.71268 3.59689 3.55493 3.60091 3.70000 3.81152 3.82579 3.76959 3.74598 3.80437 3.78891 3.86983 3.75939 3.50377 3.44300 3.40344 3.37587 3.34531 3.24033 3.30116 3.45070 3.56050 3.55996 3.54802 3.52279 3.51979 3.53753 3.59301 3.61407 3.50997 3.43336 3.44158 3.52995 3.67376 3.79495 3.76525 3.70436 3.69853 3.73150 3.74123 3.73581 3.65957 3.62349 3.66271 3.63058 3.64653 3.77113 3.73742 3.68434 3.67454 3.72811 3.81971 3.90543 3.99462 3.93684 3.89104
-99999.00000 -99999.00000 -99999.00000 -99999.00000 -99999.00000 3.71989 3.70289 3.61732 3.66145 3.80367 3.82332 3.71200 3.64077 3.61393 3.63338 3.68911 3.73579 3.75639 3.73863 3.74846 3.86456 3.98314 3.90721 3.61597 3.42616 3.51595 3.53781 3.45971 3.12350 3.20402 3.47873 3.55811 3.52409 3.47467 3.50320 3.54502 3.47817 3.52031 3.56164 3.51328 3.46662 3.49975 3.62920 3.80743 3.85965 3.77776 3.72334 3.75555 3.85710 3.92058 3.87375 3.74395 3.69867 3.76397 3.73144 3.65122 3.72840 3.83642 3.81877 3.84132 3.84227 3.85838 3.78961 3.71604 3.65816 3.68863
-99999.00000 -99999.00000 -99999.00000 -99999.00000 -99999.00000 3.56061 3.52703 3.52028 3.58830 3.68675 3.72277 3.70012 3.74751 3.78230 3.68809 3.66646 3.68138 3.69500 3.74135 3.82808 3.96042 4.03290 4.00770 3.80005 3.57181 3.56500 3.55107 3.46207 3.40019 3.43067 3.51134 3.53907 3.54760 3.44903 3.42295 3.39777 3.41289 3.49574 3.55726 3.54862 3.52273 3.57054 3.73986 3.88046 3.90272 3.78414 3.71456 3.76300 3.90349 3.95999 3.85609 3.71810 3.67929 3.73949 3.73891 3.63848 3.62877 3.68887 3.67815 3.68699 3.72565 3.65536 3.57282 3.51264 3.53964 3.62837
-99999.00000 -99999.00000 -99999.00000 -99999.00000 -99999.00000 3.56636 3.54647 3.58557 3.58758 3.61636 3.69960 3.74496 3.86527 3.92214 3.83381 3.72916 3.69036 3.66174 3.65667 3.74130 3.91933 4.00511 3.94673 3.75270 3.64680 3.72379 3.60206 3.62813 3.63216 3.63778 3.62661 3.57544 3.58407 3.52020 3.45862 3.45184 3.51296 3.54297 3.58178 3.57803 3.57852 3.59493 3.67887 3.82011 3.92562 3.78107 3.69056 3.74229 3.85568 3.82652 3.73732 3.62482 3.54214 3.51194 3.49981 3.47574 3.48840 3.52656 3.52719 3.49431 3.47351 3.41835 3.40817 3.41954 3.53595 3.66278
-99999.00000 -99999.00000 -99999.00000 -99999.00000 -99999.00000 3.65867 3.68368 3.71641 3.63928 3.60631 3.64552 3.75840 3.89295 3.93776 3.97172 3.87907 3.79186 3.73035 3.66934 3.66876 3.78961 3.89387 3.77707 3.61872 3.61324 3.76968 3.65652 3.66068 3.59547 3.65593 3.65970 3.63648 3.62310 3.60448 3.58640 3.58321 3.55964 3.59559 3.57569 3.57708 3.62460 3.64427 3.66713 3.73042 3.85050 3.78498 3.68090 3.67896 3.70453 3.66451 3.61169 3.54069 3.44502 3.34973 3.32071 3.35800 3.39900 3.43686 3.45434 3.41447 3.32332 3.30873 3.33136 3.37595 3.49567 3.64954
-99999.00000 -99999.00000 -99999.00000 -99999.00000 -99999.00000 3.66191 3.69980 3.75401 3.70577 3.63980 3.63728 3.70558 3.82863 3.83842 3.89840 3.92342 3.84566 3.75166 3.69003 3.69063 3.74786 3.73151 3.59821 3.53458 3.58962 3.67298 3.60909 3.57392 3.62271 3.59799 3.61740 3.64030 3.62074 3.67294 3.68280 3.64133 3.57670 3.57675 3.57071 3.60748 3.59553 3.65502 3.73931 3.70954 3.75850 3.80835 3.70418 3.64822 3.61751 3.58682 3.55222 3.48388 3.35202 3.25682 3.25572 3.32187 3.37272 3.40044 3.40983 3.36963 3.32021 3.34892 3.37924 3.42345 3.39837 3.50940
-99999.00000 -99999.00000 -99999.00000 -99999.00000 -99999.00000 3.62352 3.64639 3.70326 3.76391 3.69927 3.66112 3.65459 3.71964 3.74623 3.76968 3.78916 3.75641 3.70962 3.68845 3.71654 3.74814 3.64300 3.54943 3.55467 3.62178 3.59530 3.60604 3.63678 3.71437 3.58672 3.56724 3.54063 3.52965 3.62417 3.70391 3.67588 3.59826 3.57153 3.59926 3.65761 3.61020 3.61842 3.64988 3.66727 3.72911 3.78448 3.70061 3.63102 3.57348 3.52075 3.48277 3.40069 3.20413 3.18760 3.24190 3.30412 3.35962 3.38646 3.36734 3.32877 3.34527 3.42491 3.50417 3.55065 3.39033 3.38978
-99999.00000 -99999.00000 -99999.00000 -99999.00000 -99999.00000 3.62044 3.64575 3.68520 3.75164 3.75545 3.70393 3.68000 3.65924 3.69182 3.69886 3.70302 3.69990 3.69295 3.70865 3.76140 3.74567 3.62177 3.58691 3.56776 3.56324 3.58972 3.63374 3.63776 3.63855 3.49567 3.48048 3.43229 3.41979 3.49983 3.60197 3.59395 3.53778 3.50552 3.55624 3.62679 3.63578 3.63438 3.65259 3.67161 3.70807 3.69540 3.62949 3.56906 3.47775 3.32653 3.23082 3.20052 3.08242 3.19285 3.24972 3.28391 3.33108 3.34535 3.31519 3.30156 3.36081 3.47585 3.60310 3.58386 3.40519 3.29367
-99999.00000 -99999.00000 -99999.00000 -99999.00000 -99999.00000 3.62110 3.64510 3.65995 3.68940 3.73325 3.67806 3.67557 3.68422 3.67535 3.66803 3.67365 3.68221 3.69248 3.72885 3.78143 3.76308 3.68087 3.60001 3.62324 3.61242 3.59115 3.57941 3.59538 3.56093 3.47093 3.44070 3.44606 3.34816 3.36641 3.45900 3.41494 3.33501 3.31616 3.47022 3.57853 3.58973 3.60119 3.64255 3.63646 3.61853 3.59723 3.54900 3.48602 3.33587 3.14598 3.11368 3.18177 3.23834 3.35597 3.34610 3.32737 3.33949 3.33552 3.29704 3.27157 3.31557 3.40765 3.51443 3.41322 3.28545 3.16496
-99999.00000 -99999.00000 -99999.00000 -99999.00000 -99999.00000 3.62290 3.61546 3.58780 3.58294 3.62238 3.57619 3.59602 3.64988 3.63757 3.63355 3.64963 3.66330 3.67317 3.70758 3.70675 3.67409 3.60857 3.53903 3.55545 3.53362 3.43275 3.34001 3.42553 3.53191 3.47019 3.43446 3.48204 3.37917 3.29585 3.35405 3.28200 3.13974 3.06855 3.27990 3.50079 3.54780 3.47391 3.49519 3.51657 3.51935 3.52406 3.50196 3.42793 3.27194 3.21193 3.27042 3.30143 3.44144 3.54820 3.51206 3.45107 3.42209 3.40033 3.32420 3.22022 3.17680 3.20635 3.25714 3.12730 3.09086 3.04905
-99999.00000 -99999.00000 -99999.00000 -99999.00000 -99999.00000 3.62050 3.58128 3.49838 3.43199 3.54850 3.54968 3.56493 3.60247 3.57626 3.57350 3.59943 3.61629 3.60216 3.61690 3.58942 3.51178 3.41567 3.40735 3.47541 3.45364 3.30251 3.08163 3.15741 3.44197 3.42516 3.40879 3.44989 3.47974 3.41226 3.41298 3.35491 3.25958 3.17020 3.16802 3.43631 3.51086 3.44794 3.42306 3.43627 3.44794 3.45753 3.45359 3.38351 3.26438 3.27927 3.38730 3.41186 3.56194 3.66918 3.66326 3.57494 3.50950 3.45357 3.32000 3.20209 3.13212 3.07982 3.06250 3.03864 3.16954 3.20829
-99999.00000 -99999.00000 -99999.00000 -99999.00000 -99999.00000 3.60467 3.54895 3.46066 3.43630 3.45897 3.54598 3.57887 3.56823 3.55789 3.56948 3.57488 3.58628 3.57670 3.55329 3.49277 3.37523 3.33145 3.43035 3.47473 3.43549 3.35194 3.38968 3.15585 3.40993 3.45711 3.43655 3.46406 3.55711 3.52153 3.50694 3.48215 3.41261 3.17056 3.29747 3.46442 3.49197 3.48508 3.43992 3.38977 3.36635 3.37009 3.38970 3.37986 3.35309 3.40133 3.49621 3.50367 3.60666 3.71809 3.71116 3.63063 3.53332 3.42434 3.27575 3.26551 3.28391 3.21972 3.21691 3.29517 3.44247 3.46352
-99999.00000 -99999.00000 -99999.00000 -99999.00000 -99999.00000 3.58954 3.56898 3.54131 3.50038 3.48211 3.57063 3.57993 3.58419 3.58387 3.61386 3.60161 3.58873 3.57838 3.51548 3.41043 3.32806 3.36234 3.40556 3.42049 3.40834 3.39484 3.35636 3.18410 3.50114 3.52844 3.46739 3.47767 3.56529 3.53514 3.51774 3.52835 3.46038 3.33653 3.35676 3.40619 3.42296 3.44180 3.42068 3.35452 3.29663 3.27559 3.31959 3.40424 3.46839 3.48705 3.50885 3.56423 3.65928 3.72079 3.64598 3.55732 3.46699 3.35660 3.28005 3.36425 3.43541 3.41310 3.43624 3.48112 3.53028 3.57479
-99999.00000 -99999.00000 -99999.00000 -99999.00000 -99999.00000 3.56682 3.57447 3.59658 3.58738 3.55339 3.54887 3.54135 3.51387 3.50117 3.57774 3.61829 3.58026 3.51462 3.42426 3.32396 3.25113 3.19313 3.08482 3.11568 3.30641 3.38795 3.19591 3.12770 3.43700 3.48896 3.44045 3.43112 3.48119 3.48754 3.48996 3.49227 3.45433 3.33403 3.23813 3.28166 3.35625 3.42722 3.43458 3.36289 3.27721 3.20438 3.23103 3.37900 3.52330 3.56634 3.57587 3.63270 3.69212 3.63717 3.52948 3.44664 3.38157 3.31892 3.31166 3.39134 3.43690 3.46587 3.49416 3.44143 3.40897 3.48271
-99999.00000 -99999.00000 -99999.00000 -99999.00000 -99999.00000 3.47165 3.50905 3.56782 3.57661 3.57434 3.55607 3.50874 3.37356 3.34215 3.49794 3.60904 3.55622 3.46359 3.40354 3.37642 3.23039 2.89627 2.51744 2.65585 3.20300 3.42648 3.32351 2.94268 3.26574 3.43073 3.42293 3.37466 3.40435 3.49906 3.53406 3.52913 3.47647 3.34499 3.24922 3.28647 3.37034 3.46757 3.48401 3.37906 3.26986 3.17070 3.10501 3.19949 3.41701 3.55826 3.61319 3.61985 3.58642 3.50538 3.42408 3.37184 3.34580 3.33432 3.35755 3.40023 3.38110 3.39432 3.40401 3.35622 3.34910 3.39631
-99999.00000 -99999.00000 -99999.00000 -99999.00000 -99999.00000 3.11552 3.38749 3.50473 3.57678 3.61664 3.59909 3.52300 3.42387 3.44042 3.44174 3.58068 3.54322 3.49836 3.52428 3.48064 3.19373 2.89586 3.04666 2.88811 3.18446 3.45489 3.48915 3.27266 3.19078 3.40022 3.45845 3.34169 3.37249 3.54755 3.58976 3.60883 3.56249 3.48258 3.44223 3.41791 3.42388 3.47829 3.48821 3.33890 3.25509 3.23205 3.07658 2.89932 3.06565 3.34540 3.44699 3.46920 3.45218 3.41453 3.38294 3.37233 3.37895 3.39718 3.43503 3.47669 3.43668 3.37269 3.36057 3.38370 3.41138 3.42196
-99999.00000 -99999.00000 -99999.00000 -99999.00000 -99999.00000 3.24084 3.39080 3.47540 3.54285 3.60026 3.62148 3.57784 3.53034 3.49471 3.51106 3.60987 3.58698 3.54559 3.52985 3.45091 3.06710 3.10224 3.48664 3.31135 3.27104 3.48265 3.56405 3.48121 3.34831 3.38058 3.46896 3.41358 3.39794 3.49505 3.56620 3.61085 3.58419 3.55028 3.58611 3.52628 3.47681 3.49988 3.47783 3.31266 3.29835 3.38516 3.33811 3.08040 2.91271 3.09550 3.26920 3.34808 3.38250 3.40947 3.42096 3.42293 3.44008 3.47796 3.53577 3.60484 3.58645 3.48325 3.42851 3.43091 3.38722 3.39297
-99999.00000 -99999.00000 -99999.00000 -99999.00000 -99999.00000 3.21323 3.36702 3.41561 3.48760 3.54137 3.59026 3.60269 3.59046 3.56112 3.56454 3.62953 3.63200 3.58848 3.53424 3.38729 3.12869 3.33655 3.57065 3.45066 3.38964 3.52471 3.60069 3.55182 3.46305 3.42328 3.49355 3.54961 3.49523 3.52560 3.58725 3.62113 3.59096 3.56901 3.61435 3.57883 3.53126 3.55470 3.50996 3.37030 3.36603 3.48478 3.53495 3.42761 3.28056 3.24169 3.29134 3.34427 3.40506 3.47149 3.48769 3.47004 3.48815 3.55204 3.63534 3.68997 3.68969 3.59500 3.50122 3.44550 3.35670 3.34388
-99999.00000 -99999.00000 -99999.00000 -99999.00000 -99999.00000 3.28778 3.33327 3.50283 3.48948 3.46226 3.50377 3.53856 3.55151 3.53859 3.50753 3.57227 3.60318 3.57726 3.48593 3.37694 3.28908 3.44484 3.58212 3.47599 3.46465 3.57357 3.58482 3.52863 3.49202 3.46082 3.49475 3.57952 3.57644 3.57805 3.63052 3.63591 3.58397 3.56691 3.60916 3.58952 3.54187 3.57898 3.55372 3.39808 3.36365 3.49385 3.55534 3.51177 3.48135 3.46575 3.43928 3.42444 3.45378 3.52610 3.53079 3.48612 3.51401 3.60341 3.71750 3.73782 3.69321 3.59207 3.50524 3.47866 3.41917 3.41387
-99999.00000 -99999.00000 -99999.00000 -99999.00000 -99999.00000 3.39036 3.47529 3.53014 3.51380 3.43845 3.41904 3.45899 3.49817 3.50736 3.47279 3.49519 3.56453 3.56498 3.48206 3.43985 3.35599 3.42197 3.53327 3.45430 3.52442 3.60105 3.53115 3.46195 3.44645 3.41203 3.45364 3.53774 3.51473 3.50711 3.58169 3.60713 3.56097 3.54503 3.58420 3.56722 3.51540 3.57930 3.61930 3.45723 3.32522 3.44738 3.54047 3.56338 3.58955 3.60888 3.56549 3.51734 3.48132 3.51666 3.52622 3.46825 3.51015 3.58979 3.67821 3.71418 3.67382 3.56315 3.49695 3.52453 3.47364 3.45246
-99999.00000 -99999.00000 -99999.00000 -99999.00000 -99999.00000 3.43476 3.48842 3.52041 3.54640 3.52852 3.46764 3.47147 3.50984 3.51971 3.48579 3.48737 3.54811 3.58253 3.56349 3.46859 3.32130 3.30292 3.45655 3.46076 3.56379 3.56189 3.44045 3.43265 3.42646 3.34749 3.32449 3.34442 3.31571 3.47801 3.50774 3.54620 3.52218 3.51585 3.55549 3.52495 3.48249 3.56438 3.64956 3.54582 3.38285 3.42697 3.55373 3.62729 3.65853 3.64930 3.62190 3.56563 3.48123 3.48926 3.51434 3.42148 3.44264 3.52834 3.58597 3.59862 3.57966 3.53117 3.52312 3.58610 3.52456 3.45414
-99999.00000 -99999.00000 -99999.00000 -99999.00000 -99999.00000 3.46034 3.50604 3.54919 3.56318 3.52686 3.53360 3.54803 3.56640 3.55833 3.51319 3.48574 3.52080 3.58855 3.63535 3.58484 3.46054 3.36369 3.42694 3.52375 3.56295 3.46239 3.37621 3.47827 3.48763 3.42575 3.35554 3.30187 3.34181 3.40802 3.52853 3.53215 3.47186 3.46358 3.49276 3.44701 3.39782 3.49401 3.56594 3.49609 3.36037 3.44547 3.55726 3.59087 3.58468 3.57769 3.57748 3.55501 3.44130 3.40582 3.41608 3.30706 3.39956 3.47119 3.49490 3.51391 3.51773 3.51968 3.55111 3.60824 3.54657 3.42696
-99999.00000 -99999.00000 -99999.00000 -99999.00000 -99999.00000 3.46932 3.52066 3.54091 3.53427 3.56641 3.52108 3.59808 3.62693 3.61959 3.57419 3.50829 3.48826 3.53693 3.60974 3.62074 3.58437 3.52236 3.51310 3.55947 3.49053 3.38905 3.43662 3.52087 3.52709 3.52409 3.50839 3.45094 3.42301 3.48490 3.56369 3.50704 3.41786 3.39151 3.39676 3.32540 3.19428 3.25492 3.32325 3.22039 3.28457 3.47381 3.50410 3.49038 3.48707 3.49978 3.50505 3.48054 3.38738 3.34875 3.36402 3.32504 3.45983 3.44772 3.45415 3.49573 3.52523 3.55495 3.58464 3.59284 3.52795 3.42541
-99999.00000 -99999.00000 -99999.00000 -99999.00000 -99999.00000 3.44552 3.50852 3.56023 3.55100 3.53242 3.56086 3.59664 3.63787 3.64834 3.63459 3.57269 3.50858 3.48864 3.52474 3.58002 3.61371 3.55596 3.47292 3.45106 3.45653 3.49117 3.54569 3.54886 3.52588 3.53341 3.54350 3.49076 3.46808 3.51506 3.56734 3.48535 3.37641 3.34698 3.37639 3.32478 3.18019 3.08781 3.14151 3.23961 3.42212 3.47259 3.43237 3.40384 3.41277 3.44881 3.46408 3.40330 3.38026 3.30801 3.37200 3.35394 3.41393 3.43281 3.48008 3.54863 3.60308 3.64146 3.64017 3.59022 3.51808 3.44517
-99999.00000 -99999.00000 -99999.00000 -99999.00000 -99999.00000 3.41625 3.50060 3.58301 3.56190 3.54974 3.62033 3.61557 3.64346 3.64819 3.63202 3.62797 3.58364 3.53610 3.52079 3.55456 3.59791 3.47619 3.39114 3.46306 3.56883 3.60023 3.55460 3.50921 3.47837 3.51498 3.50256 3.47433 3.54092 3.57485 3.56561 3.48444 3.36606 3.35002 3.45261 3.46101 3.37435 3.30048 3.34867 3.45844 3.51336 3.48814 3.41471 3.39578 3.40547 3.42715 3.46720 3.38607 3.38286 3.23295 3.21947 3.23754 3.34280 3.44576 3.51160 3.61120 3.71035 3.74382 3.67376 3.57753 3.50304 3.44427
-99999.00000 -99999.00000 -99999.00000 -99999.00000 -99999.00000 3.42368 3.49198 3.52083 3.49681 3.53883 3.65378 3.67815 3.68294 3.67057 3.63143 3.63647 3.63491 3.59702 3.56623 3.54307 3.55135 3.45899 3.42468 3.46702 3.55862 3.59169 3.56999 3.54336 3.56403 3.60172 3.53019 3.48185 3.54128 3.58500 3.55564 3.46495 3.36593 3.37793 3.48296 3.55993 3.51053 3.44728 3.45735 3.50294 3.54427 3.51110 3.43039 3.43510 3.43739 3.41360 3.43774 3.37372 3.36262 3.23855 3.16018 3.28550 3.39441 3.43541 3.48467 3.62005 3.76482 3.79076 3.67438 3.54916 3.45501 3.38579
-99999.00000 -99999.00000 -99999.00000 -99999.00000 -99999.00000 3.47190 3.50860 3.42952 3.39622 3.53114 3.66565 3.72114 3.71689 3.66859 3.63083 3.63080 3.64526 3.61703 3.56489 3.54068 3.50485 3.54102 3.52245 3.50640 3.55625 3.60672 3.63154 3.62957 3.63066 3.63907 3.57880 3.46958 3.48480 3.52977 3.45447 3.31488 3.41324 3.44295 3.48921 3.56190 3.56177 3.48826 3.43884 3.48420 3.56077 3.54252 3.46049 3.41868 3.41445 3.35403 3.30068 3.31751 3.37728 3.37100 3.35763 3.41103 3.38699 3.37227 3.49973 3.66772 3.76621 3.73795 3.65162 3.52880 3.40086 3.31364
-99999.00000 -99999.00000 -99999.00000 -99999.00000 -99999.00000 3.41233 3.48137 3.32572 3.33697 3.54618 3.66928 3.72783 3.71122 3.63901 3.61241 3.62863 3.64476 3.62313 3.58274 3.56174 3.49065 3.49211 3.52123 3.53698 3.59093 3.60968 3.60675 3.61644 3.64190 3.64165 3.57720 3.54363 3.50781 3.50622 3.32397 3.29126 3.43733 3.46603 3.48628 3.54126 3.56607 3.50097 3.39032 3.43967 3.53285 3.49900 3.40811 3.32559 3.22321 3.13522 3.12620 3.25684 3.32969 3.37057 3.45167 3.44675 3.31649 3.34658 3.54102 3.65769 3.63351 3.57841 3.55909 3.51306 3.37178 3.27172
