mrvbf_slope0.9_pctl0.5.asc
NCOLS 410
NROWS 410
XLLCORNER 2398750.0000000000000000
YLLCORNER 2548750.0000000000000000
CELLSIZE 250.0000000000000000
NODATA_VALUE -99999.00000
[rows 203 to 231 of 410, columns 198 to 263 of 410]
7.53013 7.53972 7.53932 7.53381 7.51781 7.48924 7.45640 7.42904 7.42238 7.43940 7.45035 7.45170 7.46100 7.48859 7.52091 7.53445 7.53415 7.53010 7.52832 7.51862 7.51280 7.51159 7.51263 7.51824 7.51229 7.47172 7.44169 7.44453 7.42650 7.41763 7.44687 7.47791 7.47789 7.37855 7.11338 7.14887 7.27687 7.32984 7.35693 7.29383 7.31878 7.39076 7.40627 7.42306 7.40630 7.40886 7.43056 7.44167 7.42820 7.37450 7.45558 7.52171 7.48648 7.31191 7.20735 7.38898 7.41268 7.46157 7.46106 7.42811 7.45005 7.48793 7.52203 7.52630 7.50192 7.47908
7.53807 7.54053 7.54297 7.54044 7.52133 7.49191 7.46200 7.44632 7.45956 7.48804 7.48416 7.46615 7.46516 7.48601 7.51200 7.51488 7.50329 7.50467 7.51096 7.51228 7.51317 7.51654 7.52393 7.52564 7.50579 7.45524 7.42620 7.43878 7.45162 7.44242 7.41770 7.42495 7.45564 7.39177 7.07087 7.05008 7.33701 7.37481 7.41187 7.37990 7.37681 7.37471 7.34928 7.36778 7.33282 7.25754 7.30847 7.40648 7.39782 7.26700 7.34478 7.48637 7.47513 7.28701 7.12836 7.32828 7.36903 7.43948 7.49968 7.49902 7.49967 7.51128 7.53257 7.53729 7.51888 7.49200
7.53938 7.54192 7.54633 7.54072 7.51800 7.48323 7.45499 7.45421 7.48179 7.50695 7.48581 7.46379 7.46886 7.49221 7.49797 7.46765 7.44567 7.45444 7.48007 7.51410 7.52898 7.53381 7.53282 7.52045 7.48540 7.42489 7.40031 7.44220 7.45363 7.40247 7.30382 7.25640 7.33870 7.33710 7.00514 6.98362 7.27731 7.32135 7.40203 7.41504 7.41786 7.40523 7.32481 7.18606 7.16357 7.24585 7.27542 7.36903 7.38982 7.32347 7.22263 7.39846 7.44438 7.24191 6.99573 7.24468 7.33590 7.38827 7.46305 7.46729 7.47110 7.49571 7.52676 7.53684 7.53256 7.51022
7.53837 7.54487 7.54703 7.53776 7.51387 7.46895 7.43283 7.44499 7.48167 7.49639 7.46713 7.45263 7.47682 7.49876 7.46254 7.41034 7.39484 7.37826 7.42940 7.50392 7.52937 7.53358 7.52436 7.49496 7.43810 7.39080 7.40475 7.42968 7.42382 7.29985 7.20783 7.15039 7.18241 7.24197 6.72948 6.65116 7.00061 7.04431 7.18440 7.32871 7.44175 7.45913 7.34925 7.05384 7.05754 7.34021 7.26216 7.31739 7.39541 7.34584 7.27496 7.34173 7.42774 7.25156 6.88828 7.13551 7.34891 7.41856 7.46940 7.47222 7.44477 7.45899 7.50225 7.53092 7.54046 7.51850
7.53762 7.54512 7.54335 7.53154 7.50494 7.44368 7.38976 7.41354 7.45546 7.45628 7.42837 7.44183 7.48738 7.48192 7.41640 7.38408 7.39516 7.32839 7.35083 7.47231 7.51767 7.51967 7.49726 7.44244 7.37857 7.36198 7.37568 7.38661 7.41069 7.24731 7.13206 7.16095 7.08272 7.06894 6.31483 6.43210 6.99336 7.03016 6.99976 7.13838 7.34969 7.43830 7.30250 6.97644 7.11819 7.37829 7.29590 7.33887 7.40759 7.34419 7.25683 7.23652 7.36174 7.31981 6.99104 7.03959 7.34958 7.45093 7.48373 7.47797 7.45008 7.43719 7.47683 7.52176 7.54082 7.52828
7.52707 7.53863 7.53588 7.52194 7.48763 7.39153 7.30521 7.35295 7.40098 7.37854 7.36125 7.43446 7.48976 7.45071 7.37769 7.39146 7.42847 7.33673 7.29771 7.43567 7.49827 7.48016 7.43042 7.38706 7.37731 7.37198 7.36792 7.31039 7.33410 7.31394 7.22654 7.24300 7.18631 6.99136 6.23698 6.47382 7.16431 7.27127 7.14953 7.07689 7.26442 7.39700 7.23090 6.93741 7.15203 7.37532 7.29962 7.33564 7.30554 7.14231 7.02311 6.93109 7.14295 7.27528 7.03223 6.99762 7.33341 7.42137 7.41700 7.40599 7.41158 7.41085 7.45327 7.50781 7.53577 7.53103
7.50079 7.52464 7.52562 7.50469 7.43880 7.26449 7.18443 7.29319 7.34671 7.26852 7.25426 7.40666 7.46780 7.40565 7.35695 7.41687 7.45451 7.33804 7.26935 7.41190 7.45952 7.39610 7.35454 7.38969 7.42818 7.39393 7.33688 7.35123 7.31400 7.33279 7.25796 7.26122 7.22704 7.04353 6.37620 6.48929 7.13298 7.35526 7.24912 7.05679 7.20539 7.35587 7.20431 6.98336 7.11914 7.35003 7.28174 7.34157 7.19295 7.11465 6.98895 6.69096 6.48667 6.48231 6.27443 6.55886 7.19345 7.35769 7.35694 7.34530 7.31874 7.37183 7.44242 7.49761 7.52854 7.51791
7.46196 7.49512 7.50401 7.46426 7.31971 7.10218 7.15784 7.30522 7.35269 7.21297 7.11537 7.33852 7.41705 7.35747 7.37861 7.45184 7.45292 7.31143 7.24680 7.40287 7.39873 7.33231 7.37567 7.41502 7.44953 7.44626 7.38012 7.31879 7.30916 7.18121 7.06116 7.07862 7.05893 7.08678 6.50991 6.50200 7.00661 7.26018 7.27699 7.13753 7.13236 7.25104 7.22229 7.14108 7.11342 7.25398 7.31246 7.36416 7.21670 7.24251 7.23794 6.98585 6.23118 5.70547 5.79803 6.59640 7.11623 7.24377 7.16171 7.13299 7.24130 7.37997 7.45609 7.49892 7.51735 7.49602
7.43831 7.45179 7.45316 7.38016 7.19063 7.09524 7.22900 7.37128 7.40084 7.25008 7.09439 7.26909 7.36110 7.34833 7.41882 7.47576 7.42894 7.26716 7.29073 7.42994 7.37117 7.33653 7.42753 7.42919 7.44691 7.46861 7.44103 7.37741 7.30065 6.92977 6.83984 6.99640 6.89483 7.09129 6.70114 6.66524 6.95242 7.08157 7.19727 7.24958 7.13210 7.12765 7.23757 7.29777 7.21432 7.24030 7.37197 7.38713 7.26768 7.27806 7.33361 7.18829 6.52465 6.17827 6.47111 6.95433 6.96074 6.83094 6.90961 7.09894 7.30402 7.41307 7.46260 7.48888 7.49817 7.48850
7.46168 7.44771 7.42755 7.34810 7.22441 7.21442 7.33280 7.43917 7.44368 7.31628 7.21399 7.31078 7.37395 7.38937 7.44445 7.46326 7.40642 7.31757 7.32403 7.39688 7.35229 7.36825 7.43980 7.43285 7.44482 7.46052 7.42103 7.28867 6.97215 6.51856 6.79629 6.96573 6.83606 7.04099 6.94330 6.90742 7.05339 7.08477 7.04285 7.08532 6.99076 6.98034 7.08330 7.24033 7.22641 7.11706 7.23751 7.30773 7.16954 7.12009 7.24590 7.22135 6.76596 6.89544 7.04690 7.12021 7.03284 6.62356 6.44154 6.73874 7.11228 7.33668 7.42619 7.45407 7.45878 7.44705
7.50212 7.48650 7.46745 7.40585 7.30710 7.29726 7.38968 7.46674 7.45563 7.34698 7.29726 7.39414 7.43016 7.42851 7.46282 7.45348 7.40226 7.35858 7.34279 7.36076 7.36637 7.40305 7.43984 7.42684 7.44192 7.43538 7.32380 7.02961 6.58638 6.41122 6.75805 6.76894 6.61066 6.80893 6.75961 6.61740 6.96917 7.10318 6.69127 6.37059 6.72430 6.95244 6.94785 6.93222 6.92951 6.80585 7.04271 7.08798 6.93060 6.94313 7.11670 7.24081 7.03923 7.03144 7.18741 7.27805 7.27738 6.96414 6.40768 6.24030 6.45900 6.92387 7.26492 7.36149 7.35274 7.26326
7.52302 7.51640 7.50254 7.44876 7.33176 7.28771 7.37079 7.42729 7.40233 7.30639 7.33045 7.43930 7.44992 7.44031 7.46726 7.45058 7.42847 7.40527 7.37667 7.37882 7.39261 7.41496 7.41451 7.41181 7.43466 7.40648 7.23117 6.84583 6.46054 6.49784 6.97242 6.83641 6.44578 6.17487 5.73582 5.56059 5.87819 6.41525 5.95358 5.96646 6.79624 7.11204 7.20527 7.08723 7.02847 7.04729 7.00124 7.02855 6.98723 6.92484 7.10795 7.27144 7.20527 7.22990 7.32129 7.29867 7.26446 7.21804 7.10632 6.81309 6.41970 6.28733 6.64594 6.96395 6.89117 6.60186
7.53576 7.52942 7.52297 7.49350 7.40508 7.29261 7.32519 7.37218 7.35232 7.33447 7.42576 7.48703 7.47648 7.44591 7.44233 7.44800 7.45504 7.44388 7.40162 7.38383 7.37642 7.37937 7.36589 7.37527 7.39324 7.35375 7.17104 6.68331 6.25346 6.51763 7.06357 6.99284 6.54908 5.86713 5.40462 5.56398 5.58923 5.81219 5.78268 6.39491 6.82498 7.03270 7.25017 7.29419 7.29179 7.16139 7.07768 7.13172 7.16393 7.14581 7.20764 7.29669 7.14255 7.05918 7.10687 7.12027 7.17826 7.27127 7.25873 7.19775 6.91681 6.21886 5.94121 6.08241 6.05187 5.97772
7.54485 7.53693 7.52885 7.51354 7.47241 7.38881 7.36633 7.38783 7.40843 7.43765 7.47250 7.48155 7.47247 7.46444 7.46526 7.47454 7.46335 7.43104 7.38004 7.32671 7.27353 7.24267 7.22434 7.22792 7.20639 7.12239 6.87062 6.27235 5.98253 6.42375 6.87152 6.77391 6.63671 6.25002 6.00730 6.57198 6.47441 6.47761 6.42101 6.97814 6.92307 7.02362 7.24187 7.31151 7.29953 7.19265 7.08194 6.91591 7.04105 7.20129 7.11481 7.11096 6.94397 6.57401 6.81194 7.07695 7.07593 7.16893 7.30763 7.31617 7.07635 6.41945 5.95756 5.86615 5.91842 6.00544
7.54228 7.53240 7.52505 7.50592 7.45699 7.40750 7.43364 7.44555 7.45005 7.42321 7.39427 7.37505 7.37801 7.42620 7.47660 7.48733 7.43687 7.37602 7.36459 7.30734 7.20251 7.10072 7.03549 6.99057 6.87206 6.77279 6.57056 6.10950 6.15317 6.66997 6.90801 6.93463 7.03279 6.86631 6.64735 6.93122 6.74290 6.97998 6.86725 7.12796 7.01683 6.94617 7.04884 7.10939 7.04957 6.82142 6.35613 6.23103 6.61069 6.93020 6.59103 6.42241 6.35352 6.34508 7.06666 7.26252 7.07462 7.08919 7.34464 7.33959 7.02194 6.75789 6.59211 6.45598 6.50533 6.59059
7.53308 7.52419 7.51215 7.47612 7.41825 7.42315 7.44161 7.46268 7.41025 7.34380 7.28488 7.24540 7.24793 7.30962 7.42287 7.46568 7.39042 7.34575 7.38955 7.35036 7.24160 7.18099 7.11287 7.03965 6.90363 6.87251 6.85579 6.54082 6.67975 6.81419 6.78229 7.01201 7.17158 7.15107 6.84024 6.81872 6.93149 7.18385 6.86347 7.05863 7.27203 7.24694 7.20355 7.14204 6.93230 6.45425 6.12999 6.35822 6.42568 6.72818 6.63063 6.58310 6.58472 6.97915 7.16304 7.21770 7.12391 7.15100 7.36309 7.36583 7.07785 6.97398 7.16663 7.14866 7.15998 7.17835
7.52332 7.51479 7.50258 7.46549 7.43537 7.43191 7.44839 7.45556 7.34209 7.23849 7.26983 7.26813 7.21679 7.19310 7.35507 7.44576 7.38883 7.33435 7.34361 7.29722 7.17988 7.26521 7.28423 7.26324 7.20558 7.12027 7.09240 6.80251 6.82699 6.84447 6.69629 6.87355 7.18061 7.28383 7.17816 7.11779 7.29002 7.31305 7.08211 7.11574 7.33000 7.31941 7.31929 7.25118 7.07957 6.88774 6.93829 7.09141 6.90833 7.03596 7.09049 7.19780 7.10467 7.21700 7.29789 7.31517 7.27231 7.20261 7.29177 7.35464 7.13204 7.06240 7.25022 7.26226 7.31712 7.36037
7.50918 7.50282 7.49434 7.46609 7.44732 7.44753 7.46554 7.43316 7.25180 7.12053 7.26360 7.31100 7.19431 7.09120 7.28845 7.42832 7.40812 7.35532 7.35291 7.29509 7.21198 7.27274 7.32771 7.31655 7.27371 7.15957 6.98252 6.42137 6.42863 6.53566 6.34563 6.43594 6.85616 7.06307 7.09836 7.25128 7.33802 7.15311 6.94120 7.12083 7.25473 7.26100 7.34734 7.27394 7.15286 7.10185 7.05642 7.14236 7.02966 7.00753 7.01488 7.17346 7.17717 7.23607 7.38437 7.40613 7.33382 7.29375 7.21473 7.33539 7.19506 7.03315 7.00478 7.06365 7.13404 7.27554
7.45739 7.46620 7.47826 7.46034 7.44268 7.44920 7.45351 7.36698 7.10371 7.04974 7.28800 7.35862 7.20621 7.01621 7.18413 7.37292 7.32408 7.19807 7.17230 7.16244 7.19620 7.28779 7.31344 7.27916 7.23095 7.04876 6.59227 6.08926 6.52389 6.66659 6.46254 6.68975 6.99703 7.05981 7.07207 7.18059 7.30526 7.10967 7.10208 7.22270 7.27166 7.17101 7.27875 7.33269 7.26079 7.16663 6.97302 6.78029 6.74951 6.90682 6.77766 6.76421 7.06274 7.05805 7.29520 7.40025 7.35136 7.33921 7.21776 7.29698 7.32297 7.19484 7.12586 7.19219 7.09015 7.12419
7.33729 7.34039 7.40299 7.39646 7.37969 7.41019 7.41236 7.28469 6.96663 7.06111 7.34910 7.40011 7.25546 7.05024 7.13321 7.29302 7.10838 6.95721 7.02460 7.09371 7.19314 7.28110 7.30265 7.26702 7.21594 7.06986 6.73571 6.56654 6.88445 7.06650 6.88276 6.95572 7.21291 7.17428 7.06515 7.21319 7.32727 7.16663 7.05769 7.08976 7.07436 7.14075 7.31299 7.38777 7.35857 7.35837 7.28649 7.06447 7.01080 7.18595 6.61270 6.45946 7.10479 6.95856 7.14537 7.36898 7.33625 7.31502 7.20473 7.24130 7.34905 7.33283 7.30666 7.36264 7.28254 7.16875
7.23893 7.18741 7.23578 7.28837 7.35155 7.38568 7.38079 7.25343 6.89907 7.08316 7.34757 7.31771 7.15049 7.09189 7.24188 7.28255 7.04711 7.05794 7.18476 7.23738 7.29878 7.34930 7.35884 7.31984 7.27941 7.17935 6.84064 6.63986 6.88793 7.12667 7.03904 7.05434 7.21955 7.14176 7.20181 7.31097 7.27711 7.23792 7.24036 7.22493 7.17684 7.21129 7.23780 7.24708 7.30406 7.39998 7.39267 7.26790 7.20506 7.19785 6.56709 6.47797 7.09851 6.99350 7.08728 7.34246 7.31113 7.24832 7.11318 7.17419 7.19774 7.12055 7.10043 7.26276 7.31051 7.15100
7.22869 7.20744 7.16735 7.26512 7.36814 7.37527 7.39059 7.29840 6.97580 7.08074 7.29067 7.20899 7.11465 7.23843 7.36260 7.31053 7.08317 7.09731 7.28074 7.32497 7.34002 7.37134 7.38967 7.35920 7.29548 7.18881 6.64877 6.18028 6.72163 6.92458 7.03155 7.06358 7.19212 7.18808 7.25932 7.12422 6.97914 7.02526 7.07114 6.96219 6.82556 6.94268 7.09864 7.06757 7.04554 7.23035 7.26694 7.11206 7.05029 7.13062 6.78884 6.49820 6.95429 7.09726 7.05349 7.28121 7.32020 7.21182 7.09077 7.08391 6.91933 6.91022 6.88871 6.95004 7.08228 6.64479
7.21250 7.27430 7.25067 7.28044 7.32195 7.34785 7.38767 7.29918 7.02271 7.12606 7.27488 7.20502 7.23239 7.33883 7.38621 7.32224 7.11533 7.05936 7.24087 7.30760 7.31756 7.37188 7.39198 7.37208 7.31012 7.13564 6.51917 6.25351 6.80659 7.02282 7.08675 7.02756 7.16827 7.07915 6.98909 6.81806 7.01397 7.11233 7.12587 7.00889 6.99559 7.14936 7.28801 7.27473 7.12780 7.12431 7.18534 7.06904 6.94056 6.88485 6.94955 6.70863 6.89203 7.15969 6.98035 7.06897 7.25656 7.14695 6.76448 6.62058 6.61800 6.84622 6.78587 6.59127 6.55972 6.27371
7.18282 7.29972 7.30974 7.31467 7.29435 7.29541 7.34172 7.22337 6.87627 7.03321 7.18391 7.02201 6.93765 7.05009 7.20797 7.18585 6.99915 7.00351 7.16501 7.19432 7.13490 7.26935 7.35105 7.32089 7.14946 6.76138 6.38369 6.67179 7.04569 7.23664 7.22565 7.08217 7.14743 6.93944 6.78257 6.99417 7.27597 7.28024 7.27664 7.26389 7.19104 7.13197 7.21585 7.27404 7.18859 7.17456 7.14640 7.00093 6.94749 6.65363 6.91846 6.89586 6.77367 6.95888 6.80941 6.58401 6.89801 6.71887 6.31813 6.27010 6.40667 6.60733 6.55880 6.38748 6.44023 6.77578
7.16706 7.16869 7.29207 7.36515 7.31525 7.22717 7.24706 7.17276 6.70158 6.81195 7.15653 7.03939 6.82031 6.84168 7.03469 7.09165 6.97783 7.03334 7.15284 7.15073 7.03474 7.02228 7.20764 7.14299 6.83781 6.53582 6.50031 6.78256 6.96644 7.21308 7.22603 6.94570 6.88680 6.94307 7.00668 7.14079 7.11439 7.05674 7.06365 7.21415 7.13744 6.99349 7.04925 7.22168 7.25127 7.20305 6.94984 6.59362 6.62393 6.35761 6.56691 6.79501 6.34705 6.41893 6.57111 6.13435 6.07874 6.03646 6.05815 6.24713 6.35211 6.48954 6.52317 6.48405 6.74778 7.18552
7.31246 7.25017 7.28224 7.33688 7.30130 7.16297 7.05910 6.99698 6.60982 6.69271 7.10782 7.17454 7.07134 7.01652 7.15475 7.17958 7.07255 7.14303 7.23485 7.22916 7.19152 7.00493 7.01499 6.98607 6.91321 6.74450 6.66011 6.92921 6.91914 7.07878 7.15987 6.84185 6.85849 7.04944 7.06843 6.99426 6.68190 6.89793 6.82156 6.91750 6.94860 6.96891 6.89463 7.00998 7.17850 7.17551 6.66282 6.29511 6.50743 6.11653 5.93574 6.11442 5.76863 6.07926 6.51504 6.22408 5.74985 5.66793 6.12291 6.40085 6.52572 6.66301 6.69522 6.64701 6.78110 7.16322
7.23986 7.13690 7.20400 7.27844 7.26833 7.15257 6.96343 6.73522 6.54525 6.77867 7.12914 7.23994 7.06845 7.00222 7.19523 7.16211 7.06913 7.20038 7.29517 7.27232 7.21836 7.17517 7.04669 7.02367 7.11519 6.97223 6.68193 6.85837 7.02403 7.17402 7.24352 7.03329 6.87916 6.87496 6.77879 6.70104 6.86530 7.18709 6.97790 6.74883 6.85103 7.01859 6.78368 6.95429 7.05995 7.12124 6.43348 6.12543 6.62502 6.33938 5.71277 5.51954 5.59644 6.17261 6.58014 6.59060 6.23078 6.19843 6.54992 6.72278 6.83636 6.90772 6.88543 6.74242 6.58173 6.92940
7.00593 7.08602 7.23635 7.30682 7.31376 7.24260 7.07582 6.79857 6.72464 7.01149 7.23003 7.27739 7.06273 6.92592 7.13869 7.05627 7.01984 7.20500 7.29290 7.29618 7.21250 7.16935 7.10892 6.96516 6.90019 7.03053 6.86166 6.95021 7.17756 7.24715 7.30152 7.23668 7.15409 7.11478 7.05732 7.06960 7.26711 7.35916 7.25633 6.97714 6.93484 7.04602 6.79280 6.97849 7.09071 7.12574 6.44198 5.93596 6.38480 6.64948 6.21569 5.86302 6.09856 6.53526 6.71747 6.86257 6.89106 6.91353 6.97168 7.00525 7.05590 7.07869 7.05060 6.89362 6.52515 6.52201
6.95430 7.22593 7.30523 7.34138 7.32780 7.28107 7.15159 6.98099 7.05186 7.22352 7.22660 7.19302 7.10885 6.98467 7.10235 7.01251 7.04222 7.21218 7.24791 7.26098 7.16200 7.10279 7.07661 6.87598 6.55330 6.45167 6.47428 6.79871 7.06449 7.16641 7.21748 7.11055 7.10501 7.13883 7.16334 7.25836 7.36440 7.39817 7.33846 7.18626 6.99270 6.65065 6.32322 6.68206 6.90518 7.03756 6.42650 5.93132 6.19600 6.57411 6.64153 6.63809 6.73493 6.85887 6.96146 7.05332 7.10800 7.15592 7.19231 7.22335 7.23261 7.23266 7.20670 7.11982 6.85341 6.53024
