mrvbf_slope1.2_pctl1.2.asc
NCOLS 410
NROWS 410
XLLCORNER 2398750.0000000000000000
YLLCORNER 2548750.0000000000000000
CELLSIZE 250.0000000000000000
NODATA_VALUE -99999.00000
[rows 348 to 376 of 410, columns 132 to 197 of 410]
7.21127 7.08987 7.10809 7.22738 7.24221 7.21662 7.24169 7.26234 7.25338 7.25148 7.23621 7.15817 7.09317 7.12235 7.11476 7.05573 7.02498 7.04703 7.00185 6.87968 6.82421 6.71098 6.67743 6.65315 6.55059 6.39807 6.28296 6.15587 5.94783 5.78043 5.51595 5.12317 4.89571 4.74113 4.33100 3.86649 3.62969 3.84933 4.41546 4.46191 4.44310 4.41101 4.32261 4.40638 4.86578 5.09409 5.01716 5.09843 5.31752 5.45900 5.50319 5.50191 5.41914 5.35790 5.54325 5.38214 5.31770 5.06696 4.92315 5.11417 5.19623 5.19031 5.22539 5.33441 5.51799 5.74165
7.17176 7.08972 7.13783 7.22365 7.21867 7.22003 7.24502 7.24430 7.24034 7.23624 7.19601 7.12647 7.12144 7.12321 7.12416 7.06557 6.98676 6.98204 6.94997 6.85727 6.70329 6.65722 6.62219 6.57539 6.49901 6.37198 6.21646 6.02072 5.77080 5.65516 5.51818 5.20206 4.88177 4.62776 4.07273 3.60028 3.52362 3.92940 4.35834 4.38808 4.45011 4.28706 4.33248 4.52914 4.96534 5.12276 5.04834 5.09037 5.22957 5.34679 5.43114 5.42446 5.27885 5.16343 5.34698 5.24016 5.12347 5.10080 4.80818 4.78445 4.97174 5.07320 5.23838 5.19847 5.31384 5.51955
7.17495 7.11913 7.12388 7.17395 7.19568 7.22255 7.23650 7.23283 7.22460 7.20343 7.14358 7.08768 7.10412 7.11044 7.10771 7.05749 6.98535 6.95955 6.90985 6.81029 6.72068 6.70755 6.65448 6.56805 6.46618 6.33363 6.10929 5.82613 5.61336 5.47419 5.24254 4.92263 4.68267 4.39715 3.73324 3.40208 3.53105 4.03218 4.20812 4.21613 4.40183 4.38332 4.43232 4.70664 5.01156 5.05131 4.97643 5.02599 5.12756 5.19229 5.21973 5.20301 5.17721 5.23578 5.28419 5.24199 5.08321 4.90494 4.61935 4.62766 4.71500 4.73800 4.91479 5.08871 5.37937 5.49186
7.18534 7.14685 7.13638 7.15352 7.17821 7.20510 7.21005 7.19480 7.16695 7.12624 7.05867 7.02619 7.05294 7.04627 7.04337 7.00769 6.98181 6.96738 6.91549 6.85697 6.81272 6.75013 6.66324 6.54370 6.39067 6.24412 6.04502 5.72729 5.37031 5.14035 4.93088 4.74497 4.47610 4.16337 3.58152 3.34555 3.58936 4.03487 3.95078 3.92331 4.22388 4.46186 4.56046 4.76278 4.91744 4.86754 4.80130 4.88036 4.99349 5.05788 5.00039 4.97009 5.10306 5.15617 5.22041 5.19701 5.11670 4.89469 4.64628 4.68584 4.69776 4.50194 4.69456 5.00267 5.14590 5.34471
7.18036 7.13217 7.11616 7.12505 7.14513 7.16145 7.15244 7.11783 7.07503 7.03980 7.01744 7.02631 7.04739 7.02982 7.01278 7.00137 6.99629 6.96005 6.92327 6.86980 6.80154 6.71752 6.61780 6.49102 6.31018 6.10720 5.91088 5.64215 5.26891 4.97166 4.74000 4.53676 4.35625 4.07033 3.54235 3.25703 3.55010 3.99694 3.92556 3.65895 3.80101 4.18451 4.43587 4.60947 4.67762 4.58342 4.50502 4.58826 4.72640 4.85877 4.79932 4.75493 4.96108 4.99564 5.03312 5.09244 5.04428 4.88295 4.61638 4.59113 4.80647 4.78853 4.95115 5.02950 4.97473 5.10273
7.18250 7.12175 7.06777 7.05805 7.08005 7.09071 7.07374 7.04344 7.03027 7.03788 7.05416 7.05664 7.04148 7.02835 7.01740 6.99883 6.96933 6.93884 6.89694 6.83356 6.75415 6.66114 6.54908 6.41155 6.23511 5.99898 5.72687 5.45263 5.16777 4.88103 4.62937 4.38423 4.21503 3.96984 3.55622 3.16443 3.35500 3.79902 3.99631 3.68150 3.62805 3.83356 4.08865 4.27489 4.32663 4.22549 4.14396 4.24177 4.36659 4.54675 4.62136 4.56503 4.68083 4.81772 4.78886 4.79109 4.82452 4.84320 4.68922 4.52591 4.74115 4.90710 5.02226 5.09496 5.15291 5.18595
7.17797 7.13598 7.08508 7.04993 7.03955 7.03112 7.02240 7.02138 7.03581 7.05561 7.06831 7.06294 7.03419 7.00738 6.98886 6.96638 6.93308 6.89392 6.84073 6.76773 6.67733 6.58277 6.46147 6.30938 6.12511 5.89817 5.60738 5.32027 5.04431 4.77909 4.54977 4.29981 4.03464 3.76093 3.51490 3.30282 3.34781 3.62689 3.82879 3.69653 3.62850 3.66311 3.72621 3.82119 3.87362 3.83281 3.82179 3.94187 4.05792 4.23254 4.38972 4.39554 4.42321 4.54445 4.62305 4.68243 4.73561 4.73380 4.79737 4.63723 4.66951 4.74094 4.85382 5.00992 5.19627 5.36926
7.14078 7.12746 7.10873 7.08240 7.05691 7.03498 7.03060 7.03708 7.04279 7.03782 7.04047 7.04124 7.02039 6.99093 6.95155 6.90414 6.85514 6.81188 6.75303 6.65796 6.55858 6.46979 6.35076 6.18756 5.98942 5.76278 5.50548 5.22137 4.97409 4.72702 4.47623 4.19809 3.83898 3.58734 3.41477 3.38447 3.45659 3.58042 3.74000 3.67611 3.57944 3.51070 3.48961 3.50721 3.53965 3.56008 3.60020 3.66199 3.74329 3.92054 4.01397 4.07820 4.18221 4.33078 4.42063 4.45555 4.57152 4.66330 4.69652 4.79932 4.80984 4.88168 5.01074 5.14825 5.21301 5.33571
7.06647 7.07165 7.06998 7.06711 7.06161 7.05063 7.04675 7.04320 7.02775 7.00111 7.00144 6.99979 6.97499 6.93900 6.87834 6.81267 6.77250 6.71729 6.65166 6.55460 6.44210 6.33107 6.21928 6.04562 5.83474 5.59986 5.35329 5.09749 4.84311 4.58634 4.31770 4.05290 3.75370 3.53098 3.31969 3.28962 3.41358 3.55595 3.56613 3.49314 3.43002 3.35078 3.31007 3.33961 3.39821 3.42481 3.40982 3.45782 3.50627 3.60360 3.69392 3.78068 3.87302 4.00881 4.14338 4.24399 4.40106 4.50237 4.57261 4.67589 4.83875 5.00202 5.11008 5.16719 5.12772 5.14670
6.94148 6.95791 6.96380 6.99085 7.01079 7.00520 7.00060 6.98716 6.97067 6.96454 6.96521 6.94255 6.90646 6.85268 6.77129 6.72855 6.71312 6.64906 6.57436 6.48328 6.33088 6.20715 6.07782 5.88657 5.66347 5.42154 5.17355 4.91996 4.67887 4.42961 4.16231 3.92949 3.71403 3.53439 3.30872 3.12937 3.19612 3.29373 3.09433 2.80696 2.77143 2.65089 2.81401 3.14206 3.33856 3.34969 3.26010 3.39552 3.45539 3.54366 3.63309 3.69640 3.75334 3.81649 3.89920 4.00171 4.12147 4.19785 4.34120 4.51492 4.53527 4.65363 4.81106 4.88950 4.87902 4.94346
6.82124 6.83347 6.82112 6.83928 6.88557 6.91392 6.92372 6.92210 6.92410 6.92166 6.89750 6.84729 6.78769 6.71613 6.66742 6.67175 6.65342 6.58307 6.48473 6.35398 6.20438 6.08668 5.92498 5.71398 5.47978 5.23317 4.98826 4.74681 4.51253 4.27950 4.02159 3.79918 3.63222 3.47044 3.25286 3.06722 2.58919 1.79548 1.53271 1.34842 1.53789 1.57424 1.75482 2.19249 2.87165 3.17805 3.31948 3.39208 3.50960 3.62440 3.67982 3.71821 3.75691 3.77441 3.80369 3.85995 3.94060 4.01642 4.09559 4.28413 4.36482 4.40284 4.48345 4.57832 4.67457 4.76689
6.75787 6.73958 6.71548 6.67558 6.67469 6.72292 6.75270 6.80396 6.84354 6.83438 6.77692 6.68743 6.62984 6.60412 6.61806 6.62227 6.57767 6.48853 6.35551 6.19885 6.08275 5.95258 5.75777 5.53035 5.28809 5.04017 4.80023 4.57046 4.34549 4.12085 3.88867 3.70871 3.56727 3.35014 3.01706 2.72309 1.85095 1.15959 1.24536 1.28235 1.71574 1.66679 1.62977 1.56287 2.06108 3.08789 3.38788 3.43754 3.53987 3.63942 3.68986 3.72128 3.74771 3.76264 3.77489 3.80457 3.85767 3.92192 3.96016 4.02269 4.16633 4.25168 4.32393 4.38479 4.51165 4.55744
6.72527 6.67655 6.65436 6.61687 6.53966 6.49434 6.49839 6.55950 6.67874 6.68862 6.58794 6.52043 6.52718 6.54639 6.55851 6.52920 6.45556 6.34605 6.19311 6.06661 5.96115 5.79320 5.57619 5.33733 5.09113 4.84756 4.61467 4.39164 4.16969 3.94155 3.75280 3.62943 3.50751 3.26093 2.84746 2.56724 1.85366 1.25222 1.26182 2.90184 2.98306 2.77311 2.89945 2.62335 2.33859 2.93242 3.37285 3.45320 3.51853 3.59435 3.64178 3.67342 3.70081 3.72685 3.74829 3.77420 3.81547 3.86242 3.89377 3.89578 3.93334 3.98751 4.08426 4.22611 4.31398 4.29637
6.69945 6.64712 6.60931 6.59545 6.54698 6.44364 6.33062 6.23857 6.36671 6.44405 6.37871 6.41079 6.46035 6.46321 6.43411 6.37909 6.30293 6.18778 6.04770 5.95117 5.81445 5.61438 5.38111 5.13543 4.89274 4.65987 4.43702 4.21977 3.99484 3.79301 3.66364 3.54858 3.37349 3.07042 2.81248 2.60363 2.04103 1.60389 1.81595 3.00305 3.18225 3.25155 3.08617 3.08155 2.94782 3.07074 3.31462 3.40845 3.45132 3.49595 3.54398 3.59686 3.64485 3.68130 3.70885 3.73339 3.76076 3.79883 3.83420 3.85213 3.86535 3.87381 3.92750 4.03166 4.09872 4.11795
6.65715 6.62963 6.58058 6.55008 6.51656 6.44068 6.32188 6.16027 6.12392 6.19067 6.23198 6.32648 6.35971 6.33303 6.26150 6.19764 6.13666 6.02495 5.92297 5.81786 5.63923 5.41445 5.16901 4.92511 4.69558 4.47977 4.27138 4.06390 3.85782 3.71240 3.59961 3.43912 3.14456 2.88155 2.72926 2.47559 1.98196 1.78697 2.17811 3.26758 3.42802 3.33657 3.35294 3.27183 3.19159 3.19103 3.29533 3.37904 3.39818 3.39862 3.45224 3.52939 3.59634 3.63950 3.66353 3.68563 3.70784 3.73547 3.77021 3.80076 3.82917 3.85452 3.88097 3.93445 3.99208 4.05973
6.55020 6.58092 6.57332 6.54104 6.49971 6.43008 6.33017 6.24628 6.22627 6.17192 6.13920 6.20817 6.22339 6.16271 6.05957 5.99050 5.94498 5.88090 5.79755 5.64530 5.43145 5.18755 4.93620 4.70214 4.49827 4.30882 4.12195 3.93679 3.77646 3.66885 3.53790 3.24462 2.90690 2.78403 2.53598 1.86611 1.63156 1.82055 2.74246 3.31010 3.45578 3.46464 3.42374 3.33776 3.26687 3.18825 3.25271 3.37484 3.42283 3.43142 3.44046 3.48359 3.55279 3.59760 3.61956 3.64082 3.66445 3.69040 3.72273 3.75811 3.79000 3.81204 3.82798 3.86471 3.93552 3.97188
6.39458 6.45668 6.54200 6.56979 6.53747 6.46741 6.33474 6.20077 6.23501 6.20045 6.15184 6.09890 6.04670 5.96363 5.84675 5.78672 5.79520 5.75384 5.62727 5.42943 5.19021 4.93140 4.66537 4.44491 4.28631 4.14562 3.99435 3.84570 3.72195 3.62730 3.46076 2.98887 2.67846 2.60462 2.12506 1.55469 1.55312 2.35641 2.90220 3.08092 3.31825 3.42507 3.41697 3.35478 3.28035 3.14420 3.14466 3.32992 3.44071 3.48340 3.47085 3.46060 3.50216 3.54563 3.57786 3.60734 3.63086 3.65566 3.68682 3.72001 3.74962 3.77273 3.78734 3.80700 3.85439 3.88384
6.27336 6.25629 6.41461 6.51555 6.50469 6.44516 6.27224 6.13449 6.18109 6.18226 6.07149 6.00057 5.91774 5.77884 5.64964 5.64122 5.66224 5.57478 5.40370 5.17484 4.91201 4.63271 4.39843 4.22649 4.09178 3.99034 3.88625 3.77614 3.67639 3.56718 3.29946 2.76623 2.56182 2.41693 1.87860 1.69763 2.14995 2.49179 2.13521 2.08613 2.71618 3.19199 3.33278 3.34415 3.32340 3.24032 3.11215 3.24055 3.39772 3.46991 3.47329 3.44830 3.44738 3.48865 3.53960 3.58290 3.61030 3.63132 3.65487 3.67917 3.70397 3.72976 3.74936 3.76799 3.79394 3.82157
6.19809 6.08807 6.24124 6.34581 6.33813 6.30114 6.12224 6.01317 6.01737 6.01830 5.95829 5.89620 5.74161 5.56303 5.46545 5.46889 5.45668 5.33810 5.13960 4.86993 4.57031 4.33595 4.19887 4.08587 3.96806 3.87668 3.79901 3.71906 3.63393 3.48842 3.01564 2.59215 2.46513 2.21437 1.76032 1.85125 2.11202 1.77524 1.07218 0.96389 1.65413 2.45349 2.92696 3.18584 3.30203 3.29558 3.24992 3.27577 3.36437 3.43375 3.44905 3.42202 3.40131 3.43252 3.48808 3.53930 3.57725 3.60359 3.62136 3.63785 3.65829 3.68329 3.70876 3.73094 3.75196 3.76710
6.16264 6.05908 6.10148 6.12636 6.06984 5.97724 5.84319 5.82566 5.70211 5.62580 5.61718 5.64041 5.51291 5.32479 5.21936 5.16210 5.12101 5.02778 4.82798 4.53197 4.28324 4.15212 4.05822 3.97165 3.88483 3.80842 3.73899 3.67046 3.58578 3.37626 2.76108 2.48087 2.30719 1.89807 1.75694 2.00674 1.79212 1.19135 0.66688 0.83087 1.21139 1.85648 2.22835 2.64660 3.04036 3.20323 3.29299 3.36436 3.39012 3.42074 3.42310 3.38712 3.35603 3.35642 3.39163 3.45340 3.51856 3.55290 3.57010 3.58759 3.61050 3.63734 3.66479 3.69145 3.71139 3.71557
6.16535 6.15212 6.13350 6.04406 5.87009 5.62066 5.45448 5.34713 5.28142 5.20179 5.14756 5.16104 5.16171 5.07287 4.98436 4.89318 4.78975 4.67912 4.51453 4.29438 4.13998 4.05837 3.95392 3.87268 3.81437 3.75549 3.69214 3.62188 3.51075 3.11982 2.62134 2.43202 2.09361 1.70537 2.06257 2.27325 1.76608 1.11993 1.06526 2.10819 1.89208 1.86003 1.95169 2.17028 2.54964 2.95890 3.24045 3.36307 3.39709 3.40916 3.39520 3.36354 3.32427 3.22914 3.20715 3.29297 3.40645 3.45713 3.49047 3.52236 3.55415 3.58739 3.61968 3.64703 3.66424 3.65997
6.14959 6.21294 6.19052 6.05236 5.83273 5.48702 5.18859 5.08689 5.03919 4.94190 4.87919 4.84649 4.86459 4.84959 4.81027 4.74770 4.61863 4.44766 4.28604 4.13998 4.02830 3.95831 3.87269 3.80844 3.75733 3.70769 3.64808 3.57043 3.39084 2.85539 2.58583 2.40670 2.03924 2.07329 2.40690 2.18619 1.40940 0.71631 2.10122 2.91154 2.92936 2.56907 2.21078 2.05447 2.32557 2.80581 3.17172 3.31358 3.37031 3.38701 3.37629 3.35556 3.28992 3.07846 2.98114 3.11163 3.26650 3.31851 3.38543 3.44102 3.48381 3.52862 3.56942 3.59666 3.60790 3.60253
6.25771 6.21679 6.12725 6.02254 5.86014 5.59121 5.33669 5.16230 5.04314 4.87399 4.72292 4.65865 4.66378 4.68939 4.67703 4.61681 4.49054 4.30570 4.11942 3.99311 3.91708 3.86659 3.81171 3.76431 3.71305 3.66284 3.60059 3.50399 3.22855 2.78417 2.63725 2.52026 2.29708 2.23314 2.34594 1.89655 1.21994 0.79907 2.34678 3.07178 3.17762 3.07080 2.77642 2.30079 2.26329 2.74125 3.21181 3.33040 3.37248 3.37879 3.36573 3.32577 3.20688 3.12852 2.97461 2.98989 3.16724 3.20502 3.25717 3.33153 3.39596 3.46056 3.50834 3.53576 3.54634 3.55060
6.15965 6.09924 6.02988 5.98639 5.90720 5.73268 5.55412 5.39149 5.24740 5.00297 4.68344 4.47610 4.41089 4.45469 4.50453 4.46786 4.33897 4.16124 3.97907 3.86696 3.83780 3.80286 3.75845 3.71419 3.66225 3.60370 3.52362 3.37875 3.05113 2.74889 2.66998 2.61678 2.44957 2.26368 2.27320 1.93491 1.46063 0.83939 2.41670 3.07103 3.20010 3.04123 2.63360 2.31519 2.43943 2.85754 3.22196 3.32278 3.36470 3.35993 3.32733 3.27273 3.18861 3.10829 3.08585 3.10219 3.12033 3.16551 3.14751 3.16639 3.27923 3.36844 3.41786 3.45241 3.47603 3.49505
5.98359 5.88701 5.87169 5.89935 5.89451 5.74971 5.61482 5.47670 5.34399 5.08314 4.66858 4.31607 4.17477 4.22165 4.30558 4.26795 4.13711 3.97290 3.85138 3.79421 3.76930 3.74321 3.70084 3.64890 3.58420 3.50115 3.37073 3.12190 2.84439 2.72115 2.68076 2.60565 2.43748 2.27426 2.13709 1.72777 1.53614 1.99526 2.78418 2.93632 2.99733 2.80380 2.49650 2.42763 2.62928 2.99290 3.21458 3.27704 3.31381 3.29700 3.20278 3.02871 2.90229 2.90509 2.95666 3.09242 3.12948 3.13828 3.03852 3.02533 3.12045 3.19638 3.25741 3.32441 3.38110 3.42478
5.70516 5.64062 5.62544 5.65758 5.72117 5.62786 5.50776 5.33652 5.20400 4.93828 4.59247 4.22447 4.00450 4.02968 4.08625 4.01721 3.91164 3.83530 3.78737 3.75996 3.72377 3.68743 3.63584 3.56218 3.46070 3.29910 3.08172 2.86579 2.74827 2.70066 2.65524 2.53553 2.36614 2.28166 1.89270 1.60018 1.84163 2.39347 2.55706 2.50365 2.43707 2.50901 2.49766 2.55293 2.74811 3.01950 3.16672 3.17731 3.17891 3.13476 2.91493 2.70843 2.62063 2.61236 2.65043 2.81400 3.04141 3.07645 2.97888 2.91086 2.91328 2.97396 3.05380 3.15450 3.25720 3.33865
5.58997 5.59405 5.48032 5.41943 5.48175 5.49749 5.40620 5.20366 4.98243 4.79263 4.59454 4.27584 3.94793 3.92186 3.91194 3.84697 3.80682 3.78424 3.76047 3.73567 3.69071 3.63587 3.55996 3.43915 3.25294 2.98846 2.82256 2.73012 2.69006 2.66249 2.57725 2.42941 2.40591 2.42747 2.15089 1.78095 1.81007 1.98473 2.25588 2.49774 2.30192 2.41497 2.51854 2.62407 2.82134 3.00943 3.05406 2.97061 2.89998 2.86096 2.71951 2.60083 2.59393 2.60751 2.56668 2.63152 2.82213 2.95607 2.90334 2.81082 2.77713 2.83556 2.91988 2.99507 3.10537 3.22543
5.72178 5.76311 5.56756 5.39643 5.38804 5.42892 5.33720 5.13497 4.91725 4.82414 4.68338 4.34740 4.02465 3.91513 3.84487 3.78826 3.76566 3.74844 3.72611 3.69315 3.63996 3.56653 3.44937 3.22652 2.95330 2.78042 2.69706 2.63223 2.59105 2.54613 2.44544 2.40862 2.45104 2.30981 1.93447 1.77695 1.74417 1.36371 1.91070 2.34478 2.51271 2.54830 2.60276 2.70828 2.89224 2.96375 2.88155 2.77694 2.71834 2.69417 2.65544 2.58415 2.64610 2.70729 2.60126 2.56450 2.69905 2.79669 2.78858 2.75221 2.71896 2.74594 2.82489 2.88559 2.94327 3.04968
5.80712 5.74994 5.60040 5.48214 5.38862 5.29786 5.14263 4.99242 4.91053 4.80127 4.61787 4.34946 4.14932 3.99752 3.85578 3.78880 3.74502 3.70967 3.67742 3.63063 3.56082 3.44748 3.21707 2.89434 2.71533 2.64931 2.58916 2.51697 2.45550 2.43241 2.42942 2.44800 2.31002 1.89990 1.86311 2.04836 1.93374 1.79467 1.98705 2.19904 2.50552 2.58827 2.69759 2.81775 2.91453 2.87471 2.76119 2.70649 2.66817 2.62700 2.60864 2.62380 2.65643 2.73119 2.65518 2.56132 2.63282 2.66969 2.66639 2.67622 2.70062 2.68174 2.72982 2.79304 2.80862 2.82225
