mrvbf_slope1.1_pctl1.4.asc
NCOLS 410
NROWS 410
XLLCORNER 2398750.0000000000000000
YLLCORNER 2548750.0000000000000000
CELLSIZE 250.0000000000000000
NODATA_VALUE -99999.00000
[rows 145 to 173 of 410, columns 0 to 65 of 410]
-99999.00000 -99999.00000 -99999.00000 -99999.00000 -99999.00000 7.68032 7.68154 7.68848 7.69530 7.69655 7.68856 7.69561 7.70306 7.70539 7.70428 7.70233 7.70368 7.70986 7.71163 7.70602 7.70066 7.70085 7.69340 7.67855 7.67299 7.65944 7.66347 7.66425 7.66191 7.68040 7.67312 7.63322 7.63715 7.66456 7.66402 7.66577 7.67875 7.68063 7.67940 7.67285 7.66426 7.65689 7.65470 7.65495 7.65699 7.66346 7.67156 7.66920 7.66668 7.67397 7.67115 7.66797 7.66690 7.66653 7.66770 7.67170 7.67392 7.67095 7.66919 7.65481 7.64366 7.63337 7.63159 7.64175 7.64439 7.63538
-99999.00000 -99999.00000 -99999.00000 -99999.00000 -99999.00000 7.69136 7.68328 7.67967 7.68868 7.69520 7.69216 7.69869 7.70155 7.70722 7.70887 7.71059 7.71169 7.71294 7.71284 7.71076 7.70777 7.70561 7.69533 7.68242 7.68144 7.66848 7.66907 7.67745 7.67991 7.68415 7.67281 7.65853 7.65094 7.66237 7.65953 7.66174 7.68190 7.68308 7.68513 7.68171 7.67341 7.66293 7.65690 7.65546 7.65718 7.66074 7.66222 7.66154 7.66447 7.67517 7.67696 7.67426 7.67126 7.66648 7.66058 7.66192 7.66576 7.66531 7.65144 7.64828 7.64910 7.63768 7.63395 7.64990 7.66429 7.65495
-99999.00000 -99999.00000 -99999.00000 -99999.00000 -99999.00000 7.69016 7.67695 7.66923 7.68322 7.68427 7.67860 7.69235 7.69998 7.70379 7.70727 7.71041 7.71132 7.71099 7.70932 7.70514 7.70097 7.70093 7.69024 7.67352 7.67051 7.66284 7.66942 7.68650 7.68792 7.68357 7.67753 7.67990 7.66804 7.64989 7.66234 7.65156 7.67404 7.67954 7.67808 7.67069 7.66224 7.65529 7.65112 7.65088 7.65578 7.66101 7.65539 7.65197 7.66287 7.67594 7.68006 7.67957 7.67681 7.66848 7.65718 7.65553 7.66765 7.65766 7.65213 7.65690 7.66181 7.64672 7.62894 7.63874 7.66018 7.66752
-99999.00000 -99999.00000 -99999.00000 -99999.00000 -99999.00000 7.68958 7.68300 7.67077 7.67823 7.66510 7.66612 7.69062 7.69704 7.69808 7.70036 7.70447 7.70722 7.70596 7.69968 7.69188 7.69047 7.69213 7.68185 7.66024 7.66073 7.65547 7.65716 7.68391 7.68847 7.68164 7.68282 7.68095 7.66418 7.64940 7.64658 7.63599 7.65064 7.66889 7.66186 7.65180 7.64648 7.64378 7.64281 7.64380 7.64976 7.65737 7.65569 7.65850 7.66746 7.67643 7.68094 7.68183 7.67796 7.66742 7.65848 7.65987 7.66516 7.66206 7.66151 7.66561 7.66742 7.66382 7.64075 7.62827 7.64450 7.66447
-99999.00000 -99999.00000 -99999.00000 -99999.00000 -99999.00000 7.67729 7.67816 7.66454 7.66923 7.66410 7.67493 7.68425 7.69234 7.69591 7.69552 7.69687 7.69879 7.69530 7.68775 7.68625 7.68688 7.68636 7.67807 7.65411 7.65946 7.66466 7.65401 7.67428 7.68717 7.68495 7.68577 7.67508 7.67035 7.66327 7.63636 7.64944 7.64285 7.62733 7.63184 7.64444 7.64641 7.64199 7.64201 7.64283 7.64629 7.65559 7.66473 7.67231 7.67417 7.67738 7.68015 7.68116 7.67696 7.66556 7.65825 7.66265 7.66473 7.66466 7.66657 7.66705 7.67308 7.67261 7.65937 7.63912 7.63770 7.65514
-99999.00000 -99999.00000 -99999.00000 -99999.00000 -99999.00000 7.67225 7.67580 7.67329 7.67541 7.66761 7.67523 7.68843 7.69294 7.69755 7.69666 7.69397 7.69085 7.68705 7.68591 7.68876 7.68426 7.68625 7.68092 7.65995 7.66370 7.67609 7.66786 7.67332 7.68228 7.68530 7.68728 7.68147 7.68214 7.67913 7.66193 7.65256 7.64491 7.62593 7.60113 7.64100 7.65570 7.64835 7.65244 7.65236 7.65013 7.65663 7.66746 7.67274 7.67680 7.67913 7.67876 7.67952 7.67495 7.66441 7.65901 7.65798 7.65690 7.65644 7.65897 7.66178 7.66751 7.66827 7.66103 7.64854 7.64341 7.65035
-99999.00000 -99999.00000 -99999.00000 -99999.00000 -99999.00000 7.67754 7.68060 7.67280 7.68018 7.67756 7.67591 7.69157 7.69493 7.69852 7.70019 7.69633 7.69131 7.68942 7.68933 7.68672 7.67572 7.67711 7.67591 7.66416 7.67373 7.68533 7.67772 7.67655 7.67744 7.68049 7.68720 7.68256 7.67430 7.66779 7.65660 7.64769 7.64235 7.61655 7.61693 7.64291 7.65063 7.65977 7.66890 7.66632 7.65685 7.65514 7.66452 7.67316 7.67420 7.67527 7.67534 7.67663 7.67041 7.66920 7.66192 7.65545 7.65238 7.65058 7.64788 7.64494 7.64592 7.64654 7.64648 7.64981 7.65434 7.65405
-99999.00000 -99999.00000 -99999.00000 -99999.00000 -99999.00000 7.66350 7.67201 7.65393 7.66755 7.67980 7.68644 7.68674 7.68794 7.69628 7.69782 7.69668 7.69629 7.69420 7.69025 7.68655 7.67624 7.67371 7.67475 7.66881 7.67950 7.68719 7.67924 7.67395 7.66983 7.67042 7.67936 7.67615 7.66083 7.65554 7.63250 7.65188 7.63946 7.64218 7.66510 7.66608 7.67094 7.67733 7.67646 7.67174 7.66030 7.65478 7.66322 7.67171 7.67242 7.66709 7.67096 7.67769 7.67466 7.66787 7.66746 7.66289 7.65616 7.65075 7.64532 7.63856 7.63274 7.63192 7.63781 7.64959 7.66079 7.66243
-99999.00000 -99999.00000 -99999.00000 -99999.00000 -99999.00000 7.66988 7.67007 7.65571 7.67446 7.67949 7.69294 7.69256 7.68110 7.68772 7.69223 7.69199 7.69192 7.68897 7.68079 7.68207 7.68133 7.68034 7.68041 7.67323 7.68223 7.68949 7.68363 7.67819 7.67193 7.66577 7.67197 7.67705 7.65854 7.65049 7.63981 7.64154 7.66659 7.67695 7.68226 7.68492 7.68538 7.68279 7.67794 7.66915 7.65740 7.65332 7.66002 7.66363 7.65889 7.66253 7.67297 7.67978 7.67838 7.67335 7.67376 7.66801 7.65862 7.65208 7.64848 7.64488 7.64108 7.64060 7.64235 7.64758 7.65635 7.66396
-99999.00000 -99999.00000 -99999.00000 -99999.00000 -99999.00000 7.68092 7.67879 7.65761 7.67076 7.67406 7.68649 7.69021 7.68627 7.68009 7.68481 7.68855 7.69131 7.69010 7.68157 7.67859 7.67971 7.68287 7.67561 7.66955 7.68228 7.69114 7.68844 7.68509 7.67699 7.67023 7.67521 7.67688 7.66234 7.63905 7.65936 7.64430 7.67199 7.67962 7.68240 7.68171 7.67477 7.67107 7.66929 7.66163 7.65116 7.64950 7.65540 7.65928 7.66324 7.67306 7.67933 7.67808 7.67372 7.67324 7.67339 7.66473 7.65408 7.65339 7.65529 7.65538 7.65442 7.65328 7.65053 7.64601 7.64471 7.65120
-99999.00000 -99999.00000 -99999.00000 -99999.00000 -99999.00000 7.67727 7.67953 7.65931 7.65305 7.66968 7.67823 7.68644 7.68102 7.66501 7.66323 7.66764 7.67154 7.68148 7.68768 7.68647 7.68717 7.67995 7.66837 7.66907 7.68405 7.68567 7.67733 7.67149 7.66602 7.66732 7.67633 7.66741 7.65360 7.63698 7.64632 7.63891 7.65951 7.67567 7.68067 7.67618 7.66728 7.66036 7.65423 7.64757 7.64349 7.64865 7.65888 7.66665 7.67335 7.68019 7.67900 7.66787 7.66282 7.66679 7.66809 7.65854 7.65110 7.65857 7.66359 7.66469 7.66413 7.66247 7.65862 7.65020 7.63930 7.63365
-99999.00000 -99999.00000 -99999.00000 -99999.00000 -99999.00000 7.65413 7.67596 7.66453 7.65615 7.66868 7.67041 7.67241 7.66342 7.64546 7.65923 7.66578 7.66422 7.67085 7.68146 7.67835 7.67494 7.67408 7.67456 7.67841 7.68289 7.66382 7.64879 7.64621 7.65037 7.65621 7.66022 7.65634 7.66655 7.65286 7.64555 7.65318 7.64891 7.67648 7.68165 7.67807 7.67438 7.65958 7.64388 7.63612 7.63964 7.65370 7.66702 7.67211 7.67225 7.67492 7.66847 7.65719 7.65949 7.66326 7.66565 7.65918 7.65388 7.65987 7.66445 7.66595 7.66555 7.66379 7.66043 7.65500 7.64670 7.63717
-99999.00000 -99999.00000 -99999.00000 -99999.00000 -99999.00000 7.65429 7.67658 7.66890 7.65913 7.66847 7.67295 7.67007 7.66115 7.64965 7.67282 7.68103 7.67462 7.67163 7.67503 7.67137 7.67570 7.68502 7.69086 7.68319 7.66386 7.62688 7.63175 7.64946 7.66515 7.66876 7.66350 7.66924 7.65913 7.65678 7.65924 7.66074 7.65088 7.67150 7.68429 7.68506 7.67528 7.65886 7.64221 7.63361 7.64123 7.65862 7.66828 7.66799 7.66430 7.66679 7.66382 7.65414 7.66063 7.65937 7.66165 7.66100 7.65289 7.65459 7.65995 7.66304 7.66375 7.66218 7.65879 7.65576 7.65203 7.64900
-99999.00000 -99999.00000 -99999.00000 -99999.00000 -99999.00000 7.66283 7.67542 7.65204 7.64426 7.66586 7.67238 7.67020 7.66626 7.65508 7.66706 7.68435 7.68597 7.68081 7.67684 7.67608 7.68285 7.68985 7.69209 7.67815 7.64534 7.63803 7.64546 7.64513 7.65140 7.65179 7.66245 7.66243 7.66942 7.67904 7.67412 7.67213 7.66162 7.67006 7.68483 7.68542 7.67466 7.66184 7.64912 7.63932 7.64144 7.65393 7.66048 7.65555 7.64601 7.65219 7.66289 7.65651 7.65349 7.65601 7.66008 7.66030 7.65331 7.65254 7.65651 7.65924 7.65994 7.65880 7.65785 7.65761 7.65172 7.64370
-99999.00000 -99999.00000 -99999.00000 -99999.00000 -99999.00000 7.65712 7.66311 7.63920 7.63875 7.66247 7.66071 7.67094 7.67345 7.67143 7.66494 7.68052 7.69059 7.68957 7.68481 7.68214 7.68247 7.67904 7.67605 7.66858 7.65701 7.64512 7.64021 7.64639 7.65058 7.65283 7.66446 7.66690 7.68300 7.68706 7.67057 7.67203 7.65757 7.67087 7.68144 7.68258 7.67728 7.66972 7.65985 7.64723 7.64054 7.64615 7.64918 7.63873 7.63207 7.62797 7.64939 7.65933 7.65748 7.65674 7.65413 7.64621 7.64179 7.64425 7.64854 7.65061 7.65093 7.65132 7.65323 7.65500 7.65031 7.64444
-99999.00000 -99999.00000 -99999.00000 -99999.00000 -99999.00000 7.63764 7.64867 7.63466 7.63483 7.65612 7.65301 7.66950 7.67611 7.67900 7.67195 7.67673 7.68383 7.68634 7.68251 7.67409 7.66631 7.65909 7.66082 7.65857 7.65381 7.63388 7.65578 7.66532 7.65370 7.64708 7.66751 7.67550 7.68492 7.67921 7.66608 7.66670 7.65960 7.66959 7.67767 7.68237 7.68218 7.67708 7.66763 7.65309 7.63983 7.64002 7.63896 7.62932 7.63355 7.61535 7.62801 7.64826 7.65352 7.64713 7.63227 7.62282 7.62261 7.62625 7.63032 7.63432 7.63766 7.64023 7.64246 7.64324 7.63912 7.63289
-99999.00000 -99999.00000 -99999.00000 -99999.00000 -99999.00000 7.64448 7.65501 7.64642 7.63305 7.64099 7.65356 7.66018 7.67350 7.68175 7.67791 7.67627 7.67747 7.67738 7.67208 7.65992 7.64621 7.64570 7.65199 7.64778 7.62627 7.62294 7.66799 7.67571 7.66274 7.64510 7.66019 7.67530 7.67863 7.66970 7.67045 7.66711 7.65688 7.66388 7.67475 7.68250 7.68472 7.68094 7.67298 7.66191 7.64665 7.63892 7.63336 7.62726 7.63366 7.61650 7.61764 7.62756 7.63114 7.61616 7.60215 7.60474 7.61080 7.61303 7.61447 7.61977 7.62591 7.62868 7.62980 7.63054 7.62837 7.61939
-99999.00000 -99999.00000 -99999.00000 -99999.00000 -99999.00000 7.65139 7.65786 7.65603 7.63608 7.63843 7.65431 7.66448 7.67818 7.68720 7.68541 7.68185 7.67933 7.67679 7.67223 7.66705 7.66473 7.66800 7.66583 7.65366 7.63452 7.64380 7.66595 7.67060 7.66296 7.65108 7.65998 7.67422 7.67640 7.67034 7.67316 7.67288 7.65859 7.65734 7.66781 7.67689 7.68122 7.67974 7.67520 7.67050 7.66001 7.64926 7.63705 7.62879 7.62481 7.60272 7.60791 7.61002 7.60742 7.59387 7.59519 7.60983 7.62050 7.62081 7.61884 7.62019 7.62183 7.61981 7.61858 7.62204 7.62613 7.62171
-99999.00000 -99999.00000 -99999.00000 -99999.00000 -99999.00000 7.64086 7.64783 7.64523 7.64327 7.65543 7.66817 7.67555 7.68099 7.68721 7.68977 7.68924 7.68675 7.68428 7.68342 7.68540 7.68256 7.67908 7.67143 7.66168 7.66673 7.66398 7.66579 7.66813 7.66437 7.65889 7.66536 7.67595 7.67777 7.66953 7.66690 7.67038 7.65365 7.64378 7.65263 7.66215 7.66978 7.67538 7.67455 7.67165 7.66628 7.65877 7.64091 7.62815 7.61734 7.58478 7.58734 7.60321 7.60873 7.60917 7.61950 7.63295 7.64219 7.64139 7.63906 7.63531 7.62900 7.61835 7.61214 7.61426 7.62075 7.62539
-99999.00000 -99999.00000 -99999.00000 -99999.00000 -99999.00000 7.64906 7.65370 7.65241 7.65761 7.66198 7.66521 7.66802 7.67432 7.68036 7.68499 7.68939 7.69130 7.69039 7.68978 7.68661 7.67876 7.66830 7.65305 7.66535 7.68115 7.68176 7.67961 7.67777 7.67407 7.66862 7.66902 7.67475 7.67404 7.67207 7.66271 7.65678 7.63828 7.63395 7.64166 7.64770 7.65360 7.66416 7.67175 7.67183 7.66895 7.65789 7.63520 7.62503 7.62368 7.60204 7.57437 7.60269 7.61417 7.62343 7.63663 7.64079 7.64341 7.64115 7.64179 7.64382 7.63585 7.62388 7.61605 7.60453 7.61135 7.62485
-99999.00000 -99999.00000 -99999.00000 -99999.00000 -99999.00000 7.64524 7.65233 7.65979 7.66242 7.66433 7.66187 7.66311 7.66808 7.67187 7.67732 7.68092 7.68422 7.68550 7.68396 7.67635 7.66218 7.63298 7.63542 7.65972 7.67541 7.68599 7.68802 7.68422 7.67671 7.66746 7.66427 7.66947 7.67206 7.66961 7.66136 7.64687 7.63834 7.63711 7.64338 7.64877 7.64608 7.65225 7.66517 7.67219 7.67009 7.65383 7.62673 7.62467 7.63582 7.62537 7.59929 7.58763 7.61419 7.61210 7.63240 7.64408 7.64927 7.64791 7.64303 7.63960 7.62810 7.62159 7.62716 7.60376 7.60171 7.61418
-99999.00000 -99999.00000 -99999.00000 -99999.00000 -99999.00000 7.63054 7.64299 7.65528 7.65878 7.66289 7.65489 7.65534 7.66460 7.66761 7.67146 7.67221 7.67337 7.67502 7.67335 7.66095 7.63072 7.62133 7.64651 7.65557 7.66544 7.67938 7.68372 7.67891 7.67271 7.66494 7.66111 7.66677 7.67254 7.66443 7.66521 7.64459 7.64489 7.64112 7.64692 7.65678 7.64704 7.65000 7.66114 7.66881 7.66687 7.64775 7.62429 7.62985 7.64754 7.64253 7.62039 7.60002 7.59783 7.62134 7.63287 7.64924 7.65667 7.65696 7.65093 7.64331 7.62906 7.61654 7.62373 7.61812 7.59642 7.57474
-99999.00000 -99999.00000 -99999.00000 -99999.00000 -99999.00000 7.63703 7.64479 7.65018 7.64951 7.65722 7.64806 7.65924 7.66804 7.66738 7.66832 7.66780 7.66447 7.66375 7.66648 7.64306 7.63253 7.65103 7.66289 7.65794 7.66165 7.67399 7.67787 7.67412 7.67071 7.66422 7.65865 7.66558 7.67251 7.66351 7.66150 7.64907 7.65172 7.64608 7.64666 7.65408 7.65178 7.65776 7.65983 7.65900 7.65731 7.64179 7.63017 7.63853 7.65293 7.65473 7.63355 7.60551 7.59959 7.62849 7.61551 7.62791 7.64448 7.65523 7.65502 7.64846 7.63377 7.61892 7.62466 7.62858 7.60159 7.55538
-99999.00000 -99999.00000 -99999.00000 -99999.00000 -99999.00000 7.65351 7.64997 7.65384 7.65307 7.65543 7.64888 7.66100 7.66456 7.66508 7.66586 7.66583 7.66006 7.65893 7.65503 7.65033 7.65972 7.66552 7.66754 7.66227 7.66173 7.67077 7.67366 7.67244 7.66776 7.65747 7.65755 7.66390 7.66616 7.65664 7.65568 7.64916 7.65544 7.65473 7.65598 7.66452 7.66246 7.66275 7.65792 7.65456 7.65394 7.64749 7.64366 7.64714 7.64933 7.64705 7.63574 7.61545 7.60502 7.60364 7.58578 7.60098 7.61838 7.64073 7.65077 7.64235 7.62245 7.60988 7.61899 7.62080 7.59785 7.57522
-99999.00000 -99999.00000 -99999.00000 -99999.00000 -99999.00000 7.64535 7.64029 7.65588 7.65995 7.65449 7.65481 7.65661 7.65996 7.66015 7.66244 7.66438 7.65599 7.65868 7.65679 7.66375 7.66905 7.66952 7.67181 7.66889 7.66190 7.66445 7.66630 7.66692 7.66189 7.65458 7.65652 7.66163 7.66067 7.64688 7.63978 7.63921 7.64458 7.64941 7.65827 7.66684 7.66260 7.66129 7.66250 7.66463 7.66399 7.66041 7.65495 7.65020 7.64440 7.64056 7.63714 7.63168 7.62106 7.59008 7.59779 7.60578 7.60626 7.62653 7.64507 7.63696 7.61658 7.60984 7.62311 7.61938 7.60918 7.58905
-99999.00000 -99999.00000 -99999.00000 -99999.00000 -99999.00000 7.62302 7.64097 7.64505 7.65897 7.66360 7.66045 7.65330 7.65306 7.65785 7.65907 7.65883 7.64702 7.65699 7.65572 7.66415 7.66964 7.67111 7.67363 7.67385 7.66671 7.66169 7.66138 7.66181 7.65580 7.64632 7.64539 7.65239 7.65440 7.64421 7.62197 7.62537 7.63416 7.64686 7.66143 7.66860 7.66516 7.66451 7.66684 7.66802 7.67051 7.66803 7.66154 7.65568 7.65251 7.64998 7.64542 7.63158 7.62629 7.59111 7.61973 7.62553 7.61196 7.62184 7.64180 7.63568 7.61795 7.61482 7.62432 7.62417 7.62024 7.60163
-99999.00000 -99999.00000 -99999.00000 -99999.00000 -99999.00000 7.61110 7.63835 7.64676 7.65093 7.65991 7.65825 7.64927 7.65010 7.66203 7.65625 7.64955 7.64021 7.65386 7.65395 7.65974 7.66537 7.66811 7.67093 7.67295 7.67089 7.66631 7.66388 7.66282 7.65651 7.64426 7.63736 7.64466 7.64747 7.63221 7.61563 7.62038 7.63571 7.64694 7.66113 7.66744 7.66621 7.66430 7.66620 7.67079 7.67387 7.67292 7.66897 7.66595 7.66405 7.66114 7.65455 7.63605 7.62663 7.59940 7.62824 7.63503 7.61725 7.62048 7.64001 7.63396 7.61625 7.61387 7.62046 7.61902 7.61685 7.60397
-99999.00000 -99999.00000 -99999.00000 -99999.00000 -99999.00000 7.61845 7.64900 7.65022 7.65777 7.66026 7.65197 7.64738 7.65589 7.66140 7.65657 7.64374 7.63092 7.64281 7.64465 7.64974 7.65403 7.65816 7.66273 7.66701 7.66898 7.66862 7.66687 7.66523 7.66056 7.64787 7.63289 7.63902 7.64258 7.63279 7.62116 7.62735 7.64793 7.64953 7.65667 7.66286 7.66338 7.66066 7.66446 7.67155 7.67393 7.67378 7.67185 7.66913 7.66519 7.66026 7.65045 7.63264 7.62585 7.60291 7.62535 7.63744 7.61965 7.62010 7.63934 7.63112 7.60870 7.60156 7.60396 7.60103 7.59692 7.59357
-99999.00000 -99999.00000 -99999.00000 -99999.00000 -99999.00000 7.63678 7.65351 7.65452 7.66345 7.65852 7.64875 7.64694 7.65354 7.65842 7.65310 7.63910 7.62174 7.61997 7.62842 7.63187 7.63560 7.64130 7.64868 7.65608 7.66195 7.66568 7.66553 7.66346 7.65982 7.65402 7.64609 7.64023 7.64433 7.64088 7.63552 7.63541 7.64719 7.65633 7.65686 7.65914 7.65830 7.65615 7.66308 7.67100 7.67260 7.67062 7.66610 7.66451 7.66303 7.65677 7.63841 7.63320 7.61704 7.60340 7.62416 7.64049 7.62252 7.62053 7.63881 7.62992 7.60130 7.58929 7.59817 7.60462 7.60237 7.60660
