mrvbf_slope1.1_pctl0.6.asc
NCOLS 410
NROWS 410
XLLCORNER 2398750.0000000000000000
YLLCORNER 2548750.0000000000000000
CELLSIZE 250.0000000000000000
NODATA_VALUE -99999.00000
[rows 290 to 318 of 410, columns 264 to 329 of 410]
7.44887 7.46357 7.47387 7.49520 7.49143 7.43870 7.42392 7.43474 7.43882 7.44212 7.46277 7.49603 7.48762 7.46756 7.41073 7.41054 7.44751 7.45228 7.45504 7.46977 7.45102 7.42749 7.40647 7.41523 7.44743 7.41998 7.37506 7.36813 7.39640 7.42642 7.44895 7.46741 7.47975 7.48598 7.46893 7.47703 7.44318 7.40570 7.39589 7.34942 7.37908 7.41708 7.44052 7.47610 7.49726 7.48904 7.48336 7.50990 7.50868 7.52167 7.54541 7.54373 7.53794 7.53808 7.54152 7.54295 7.54184 7.53995 7.54029 7.54059 7.53770 7.53451 7.53355 7.53738 7.54859 7.55533
7.44383 7.45900 7.46080 7.48025 7.48062 7.47049 7.46255 7.46593 7.46983 7.46634 7.46959 7.49560 7.48817 7.47785 7.45923 7.43973 7.43998 7.44423 7.43677 7.42199 7.39505 7.39071 7.33410 7.28004 7.35778 7.36974 7.32931 7.36252 7.36358 7.42732 7.47994 7.50316 7.50091 7.46444 7.48828 7.49948 7.47035 7.42933 7.40467 7.43025 7.48053 7.50021 7.50994 7.51889 7.51913 7.50714 7.48181 7.47546 7.48637 7.51620 7.52458 7.51989 7.51800 7.52091 7.52678 7.53203 7.53736 7.54240 7.54971 7.55577 7.55321 7.54223 7.53050 7.52107 7.51761 7.51880
7.45038 7.44469 7.45491 7.46904 7.47512 7.48475 7.46823 7.44442 7.45200 7.47320 7.48656 7.50361 7.48962 7.47335 7.47951 7.46674 7.45148 7.46655 7.46967 7.44660 7.44276 7.44936 7.42671 7.36036 7.36193 7.40198 7.36853 7.43199 7.44241 7.45553 7.49062 7.51048 7.50325 7.49156 7.50071 7.49860 7.48800 7.46977 7.47065 7.50040 7.52006 7.52749 7.53106 7.53014 7.52565 7.52142 7.50666 7.48341 7.49322 7.50986 7.50052 7.49164 7.49447 7.50680 7.52492 7.54323 7.55533 7.56240 7.56643 7.56605 7.55694 7.54082 7.52537 7.51258 7.50307 7.49972
7.46132 7.45788 7.46233 7.46617 7.48152 7.48791 7.46869 7.43836 7.44746 7.47700 7.47536 7.47688 7.46261 7.46189 7.48523 7.47578 7.44158 7.44392 7.45646 7.46072 7.47109 7.47511 7.47282 7.43172 7.38177 7.40650 7.39400 7.47066 7.47421 7.46726 7.47696 7.48043 7.48298 7.49728 7.49348 7.49747 7.48894 7.48816 7.49554 7.51582 7.52937 7.53469 7.53577 7.53030 7.52354 7.52365 7.52386 7.51751 7.51531 7.50340 7.47752 7.46226 7.46949 7.49563 7.52986 7.55489 7.56596 7.56902 7.56517 7.55466 7.54409 7.53468 7.52578 7.51923 7.51683 7.51973
7.46548 7.46376 7.46574 7.47051 7.48119 7.47766 7.46582 7.45706 7.45743 7.46951 7.46446 7.45369 7.45219 7.47668 7.49572 7.49086 7.45773 7.42768 7.43086 7.45338 7.47384 7.47224 7.47277 7.46165 7.39282 7.38842 7.41227 7.48680 7.49539 7.48899 7.47154 7.45986 7.49040 7.49182 7.48987 7.49448 7.50203 7.50093 7.50012 7.51114 7.52388 7.52962 7.53012 7.52578 7.52366 7.52917 7.53843 7.54135 7.53158 7.50475 7.46642 7.44162 7.45026 7.48566 7.52708 7.55229 7.55732 7.55088 7.54002 7.53131 7.53141 7.53344 7.53379 7.53535 7.54009 7.54660
7.46267 7.46810 7.47891 7.49018 7.49723 7.47688 7.46462 7.47125 7.48118 7.48171 7.47822 7.47611 7.48224 7.49973 7.50445 7.49616 7.47712 7.45129 7.44172 7.43639 7.44408 7.45247 7.46660 7.47626 7.45831 7.42581 7.47721 7.50551 7.51174 7.50993 7.48617 7.47393 7.46767 7.47297 7.48557 7.51034 7.52110 7.51673 7.51094 7.50937 7.51439 7.51932 7.52122 7.52356 7.53014 7.53876 7.54392 7.54108 7.52862 7.50449 7.46719 7.43392 7.43785 7.47934 7.52200 7.53989 7.53469 7.52208 7.51626 7.52170 7.53124 7.53916 7.54394 7.54769 7.55153 7.55424
7.46108 7.48071 7.49845 7.49999 7.48363 7.46394 7.46671 7.48314 7.49292 7.48664 7.48321 7.48871 7.49898 7.50410 7.49642 7.47698 7.46191 7.43208 7.41080 7.41239 7.42712 7.44560 7.46447 7.47457 7.48122 7.48477 7.50196 7.50983 7.51127 7.50548 7.49602 7.48151 7.46428 7.45979 7.49877 7.51552 7.52500 7.52277 7.51824 7.51490 7.51528 7.51813 7.52071 7.52667 7.53704 7.54418 7.54128 7.53134 7.51812 7.50028 7.46950 7.43247 7.43172 7.47885 7.51954 7.52500 7.51559 7.51097 7.51914 7.53186 7.54234 7.54778 7.54870 7.54731 7.54580 7.54470
7.45966 7.48571 7.50319 7.49010 7.46802 7.47241 7.48648 7.49296 7.48919 7.48603 7.47945 7.47655 7.48350 7.48448 7.46611 7.44663 7.43564 7.40134 7.37735 7.39424 7.42768 7.45513 7.47079 7.48065 7.48591 7.49054 7.49544 7.50317 7.50365 7.49574 7.48896 7.47821 7.46760 7.47656 7.49663 7.50385 7.51430 7.51977 7.52212 7.52429 7.52457 7.52519 7.52712 7.53137 7.53660 7.53849 7.53270 7.52173 7.51005 7.49730 7.47293 7.43795 7.43363 7.47695 7.50964 7.51331 7.51241 7.52203 7.53655 7.54662 7.55144 7.54827 7.54054 7.53391 7.53053 7.52926
7.44478 7.47292 7.48434 7.47209 7.47207 7.47928 7.46613 7.47482 7.48816 7.49593 7.49031 7.47210 7.45571 7.44603 7.43995 7.44811 7.44361 7.43469 7.44006 7.42808 7.43760 7.46499 7.48666 7.49770 7.49613 7.48899 7.48519 7.48741 7.47684 7.48222 7.45145 7.48339 7.49679 7.50235 7.49794 7.49424 7.49684 7.50676 7.51615 7.52524 7.52944 7.52996 7.53093 7.53100 7.52846 7.52670 7.52244 7.51535 7.50921 7.50257 7.48407 7.45351 7.43847 7.45948 7.48950 7.50884 7.52136 7.53074 7.53846 7.54093 7.53885 7.53210 7.52325 7.51629 7.51414 7.51645
7.41070 7.43903 7.44422 7.43366 7.41905 7.38207 7.37342 7.44606 7.48956 7.50515 7.50064 7.47870 7.44577 7.43164 7.45205 7.47204 7.46360 7.46262 7.47229 7.45738 7.44876 7.46508 7.48967 7.50360 7.50512 7.49299 7.47889 7.47248 7.46566 7.45441 7.45611 7.49127 7.50667 7.51139 7.50389 7.49438 7.48896 7.49419 7.50231 7.51515 7.52277 7.52384 7.52439 7.52272 7.51651 7.51096 7.50793 7.50609 7.50863 7.50725 7.49136 7.46340 7.43839 7.43832 7.46949 7.50503 7.52531 7.52440 7.52086 7.51963 7.51796 7.51380 7.50738 7.50258 7.50335 7.51004
7.38150 7.39754 7.39943 7.38786 7.36790 7.34454 7.37024 7.40304 7.47781 7.50195 7.49201 7.46705 7.45095 7.45181 7.45916 7.47421 7.46250 7.45739 7.46316 7.44749 7.42945 7.44288 7.47988 7.50116 7.50033 7.48941 7.47207 7.44841 7.45962 7.45054 7.47330 7.48839 7.50360 7.51578 7.51407 7.50363 7.49174 7.48739 7.49046 7.49688 7.50210 7.50233 7.50341 7.50219 7.49894 7.49515 7.49108 7.48884 7.48993 7.48742 7.47783 7.46122 7.44262 7.43358 7.45303 7.48520 7.50491 7.50578 7.50369 7.50400 7.50499 7.50383 7.49926 7.49615 7.49878 7.50795
7.39239 7.39356 7.39462 7.38531 7.39640 7.41424 7.36734 7.40357 7.47599 7.48384 7.45999 7.45035 7.46719 7.47840 7.46336 7.45483 7.43662 7.42718 7.42297 7.40119 7.36498 7.36991 7.44261 7.48759 7.48720 7.48022 7.47915 7.44633 7.38732 7.38931 7.43575 7.48074 7.50658 7.52180 7.52103 7.51249 7.49509 7.48390 7.48265 7.47459 7.47064 7.47248 7.47508 7.47633 7.47615 7.47526 7.47747 7.47846 7.47380 7.46903 7.46503 7.45933 7.45118 7.43637 7.43095 7.45111 7.47433 7.49035 7.49906 7.50203 7.50378 7.50318 7.49884 7.49581 7.49848 7.50879
7.43142 7.43430 7.43760 7.42902 7.41973 7.40114 7.33624 7.36409 7.42655 7.41668 7.40828 7.44922 7.48556 7.49349 7.47276 7.44171 7.41874 7.40928 7.39998 7.37071 7.29683 7.23834 7.34022 7.44530 7.46889 7.47589 7.48961 7.46662 7.31774 7.39035 7.35341 7.44638 7.48435 7.51126 7.51714 7.51742 7.49966 7.48200 7.47108 7.46055 7.45273 7.45233 7.45411 7.45871 7.45706 7.44598 7.45101 7.46865 7.47264 7.46986 7.46052 7.44575 7.42772 7.40504 7.40127 7.42579 7.45724 7.48511 7.50287 7.50829 7.50944 7.50738 7.50138 7.49666 7.49826 7.50724
7.46904 7.47523 7.47892 7.47787 7.45692 7.40686 7.31101 7.26856 7.33427 7.35614 7.40584 7.45671 7.48878 7.49226 7.46966 7.44520 7.43756 7.43366 7.42583 7.40927 7.35244 7.23265 7.24918 7.38481 7.45172 7.48035 7.48475 7.46841 7.41288 7.40560 7.45257 7.44743 7.43899 7.47993 7.50760 7.51581 7.50416 7.48305 7.46716 7.46141 7.45883 7.45352 7.45124 7.45735 7.45771 7.44047 7.41790 7.43934 7.46829 7.47113 7.44996 7.41391 7.37960 7.36589 7.38597 7.41952 7.45176 7.48124 7.50061 7.50740 7.50919 7.50605 7.49805 7.49143 7.49129 7.49860
7.49050 7.48783 7.49313 7.50133 7.48252 7.44970 7.40052 7.35014 7.37258 7.41354 7.44443 7.46063 7.48829 7.48127 7.45866 7.45864 7.47255 7.46612 7.45072 7.44566 7.42685 7.32461 7.31317 7.38263 7.43490 7.46426 7.47276 7.46223 7.43501 7.43369 7.45256 7.46538 7.45227 7.42298 7.45654 7.48680 7.49647 7.48539 7.47400 7.47181 7.47257 7.46660 7.45838 7.45820 7.46320 7.45982 7.42707 7.40908 7.43990 7.45067 7.42750 7.37764 7.33590 7.34316 7.38375 7.41295 7.43609 7.46170 7.47831 7.48445 7.48798 7.48813 7.48240 7.47658 7.47628 7.48315
7.49243 7.49415 7.51203 7.51689 7.49125 7.47325 7.46985 7.45102 7.45895 7.46387 7.45402 7.46016 7.49379 7.46849 7.45312 7.47307 7.48591 7.47255 7.45181 7.44968 7.41250 7.36400 7.39238 7.40270 7.40190 7.43946 7.46550 7.44405 7.37359 7.30854 7.33554 7.40627 7.43410 7.44256 7.43031 7.43682 7.46482 7.48020 7.48025 7.48015 7.48203 7.47731 7.46396 7.44809 7.45564 7.46227 7.43620 7.39265 7.38544 7.38559 7.38234 7.34483 7.30365 7.30994 7.35225 7.36980 7.37816 7.39810 7.41903 7.43416 7.44865 7.45712 7.45601 7.45305 7.45456 7.46161
7.46767 7.48161 7.51700 7.52372 7.49334 7.48007 7.48159 7.47708 7.49547 7.48037 7.43634 7.42916 7.48207 7.45390 7.45669 7.47519 7.46370 7.47574 7.46032 7.46437 7.44758 7.41742 7.39510 7.35243 7.30694 7.38556 7.41657 7.33523 7.24805 7.22049 7.30220 7.35055 7.40432 7.47174 7.43277 7.39713 7.42654 7.46887 7.47953 7.47804 7.47972 7.47928 7.46345 7.44196 7.44187 7.44435 7.43417 7.40466 7.36345 7.33543 7.31897 7.32409 7.30140 7.27306 7.29188 7.29661 7.27990 7.27718 7.31130 7.35592 7.39243 7.41413 7.42090 7.42302 7.42729 7.43477
7.44838 7.43441 7.49165 7.52037 7.49086 7.48177 7.47343 7.48924 7.50300 7.47688 7.42477 7.35088 7.42997 7.44735 7.45005 7.45701 7.46243 7.48435 7.42690 7.38357 7.40079 7.35549 7.32164 7.25866 7.06416 7.16089 7.28261 7.26813 7.35188 7.36885 7.32482 7.31758 7.38628 7.46159 7.44069 7.36594 7.39153 7.45272 7.47497 7.47428 7.47087 7.46974 7.46005 7.44506 7.42783 7.41397 7.40886 7.40494 7.38767 7.32843 7.28845 7.33363 7.33452 7.30802 7.29794 7.26739 7.20803 7.16560 7.19457 7.25597 7.31117 7.35103 7.37196 7.38377 7.39412 7.40463
7.46985 7.42405 7.46501 7.51750 7.50377 7.48322 7.48848 7.51567 7.51362 7.47071 7.44039 7.35586 7.35185 7.46345 7.46124 7.46242 7.48420 7.46729 7.33977 7.35288 7.43646 7.43455 7.41244 7.36486 7.18266 7.07211 7.27939 7.37455 7.43390 7.40656 7.35178 7.32090 7.34138 7.43056 7.44137 7.37582 7.35090 7.41403 7.46357 7.47402 7.46673 7.45755 7.45124 7.44387 7.42588 7.41187 7.39228 7.37705 7.36583 7.29219 7.28278 7.34709 7.33486 7.32339 7.33222 7.28484 7.21152 7.14699 7.13219 7.15575 7.19680 7.25290 7.29288 7.32165 7.34883 7.37187
7.42794 7.41680 7.49020 7.52248 7.52270 7.50624 7.51517 7.52913 7.52529 7.48439 7.43707 7.44041 7.34673 7.41915 7.46980 7.48083 7.47842 7.43634 7.34106 7.38762 7.44432 7.45088 7.43800 7.40569 7.30051 7.31015 7.39291 7.44808 7.45408 7.42803 7.40664 7.36231 7.28892 7.31810 7.39811 7.35131 7.31916 7.37193 7.44328 7.46976 7.46680 7.45044 7.43623 7.42812 7.42333 7.42343 7.40175 7.35941 7.32013 7.26229 7.26976 7.31529 7.29131 7.29003 7.31658 7.28442 7.25824 7.21654 7.13862 7.09097 7.06088 7.08863 7.15096 7.21647 7.28094 7.33361
7.41499 7.43074 7.49271 7.51328 7.51665 7.50897 7.50168 7.51361 7.52370 7.50860 7.45750 7.46041 7.38177 7.35531 7.41345 7.42897 7.40932 7.38015 7.35893 7.42086 7.45585 7.46031 7.42123 7.33979 7.28367 7.38554 7.44264 7.46250 7.45960 7.44667 7.43598 7.40401 7.28541 7.13329 7.37743 7.26699 7.28439 7.35514 7.40471 7.43945 7.46069 7.45310 7.43112 7.41206 7.40763 7.40369 7.37843 7.33407 7.30685 7.28102 7.21120 7.15669 7.21494 7.23968 7.27825 7.28717 7.29594 7.27855 7.18266 7.08565 6.99023 6.91613 6.95425 7.06296 7.18783 7.28930
7.44608 7.37771 7.41627 7.46380 7.46940 7.44151 7.43302 7.46693 7.50026 7.49778 7.44357 7.45312 7.43597 7.36955 7.36926 7.39856 7.39023 7.35071 7.34989 7.39570 7.40208 7.38856 7.31378 7.25779 7.08039 7.30768 7.40840 7.44329 7.45233 7.44775 7.44409 7.43230 7.35658 7.12330 7.30923 7.32351 7.33928 7.36946 7.37341 7.37669 7.41571 7.44823 7.44055 7.41615 7.38846 7.36220 7.33385 7.29966 7.29295 7.28278 7.19019 7.05683 7.01658 7.18173 7.25387 7.29336 7.29053 7.25336 7.18447 7.09656 7.01692 6.90508 6.83200 6.88654 7.06735 7.23760
7.48781 7.44530 7.37268 7.37926 7.39212 7.39542 7.43139 7.44327 7.47859 7.47710 7.44496 7.48253 7.48542 7.46444 7.44081 7.45493 7.44899 7.39897 7.38594 7.40650 7.37674 7.34104 7.33645 7.33634 7.06329 7.11581 7.29597 7.38532 7.42114 7.42921 7.42724 7.41817 7.36039 7.17801 7.28747 7.34645 7.34839 7.38996 7.39819 7.36493 7.34587 7.40877 7.44112 7.42746 7.39017 7.33689 7.28609 7.25005 7.22520 7.21993 7.17855 7.12846 6.95052 7.05695 7.17078 7.23672 7.21750 7.12186 7.06250 7.00658 6.98711 6.89290 6.71868 6.67226 6.90137 7.15801
7.51960 7.48299 7.45101 7.39991 7.40382 7.45274 7.47084 7.47289 7.49696 7.48941 7.48506 7.49593 7.50678 7.49286 7.46882 7.47015 7.45868 7.41646 7.41991 7.44188 7.42842 7.41395 7.43311 7.41535 7.24242 7.09773 7.18886 7.30612 7.37544 7.40487 7.40635 7.39245 7.34332 7.28570 7.35251 7.33056 7.15476 7.24754 7.30303 7.32525 7.32199 7.35834 7.41929 7.42215 7.39930 7.34897 7.27553 7.22276 7.21015 7.20816 7.17223 7.10513 6.96412 6.94571 6.96530 7.03087 6.99260 6.88311 6.88527 6.82287 6.81384 6.69354 6.45140 6.39672 6.70473 7.04418
7.52940 7.49390 7.45726 7.44342 7.44453 7.46044 7.46871 7.48443 7.51315 7.49763 7.49045 7.48423 7.50344 7.48376 7.46583 7.45977 7.45004 7.41629 7.44827 7.46663 7.45122 7.43254 7.44093 7.43618 7.34825 7.18979 7.15678 7.24959 7.34637 7.40045 7.40202 7.35349 7.28337 7.28836 7.34502 7.11518 6.98283 7.20345 7.23790 7.24204 7.29941 7.35146 7.38564 7.39023 7.38323 7.35740 7.28799 7.19338 7.16170 7.18078 7.16579 7.06698 7.00216 7.00194 6.90964 6.82627 6.81919 6.78670 6.76076 6.54108 6.55461 6.52869 6.22120 6.06010 6.36684 6.81738
7.51709 7.45448 7.43817 7.47635 7.47410 7.45194 7.44612 7.47852 7.51645 7.49310 7.46663 7.48612 7.50092 7.48997 7.46423 7.45650 7.44558 7.42581 7.47714 7.46890 7.44620 7.42893 7.39012 7.35348 7.30716 7.15022 7.10840 7.22737 7.35541 7.41715 7.40504 7.33059 7.19619 7.17508 7.27947 7.16080 7.02466 7.25926 7.31101 7.28812 7.29001 7.29441 7.30356 7.30608 7.31918 7.32060 7.27280 7.15868 7.02187 6.98921 6.97823 6.89169 6.89436 6.96775 6.95132 6.86845 6.82435 6.73827 6.38948 6.08762 6.38852 6.38891 6.00627 5.67384 5.89113 6.40922
7.48319 7.43700 7.48195 7.48578 7.45182 7.41800 7.43014 7.48183 7.52067 7.50761 7.46977 7.47972 7.50891 7.50682 7.47610 7.47194 7.45281 7.43815 7.48672 7.47682 7.48153 7.48844 7.44965 7.36388 7.21278 7.12429 7.15924 7.28782 7.40229 7.42743 7.38069 7.32099 7.19100 7.01156 7.12765 7.20846 7.06037 7.20158 7.30906 7.29854 7.23256 7.16308 7.17286 7.16507 7.17276 7.19497 7.16989 7.06889 6.86885 6.68589 6.52165 6.26113 6.25891 6.54690 6.71505 6.74685 6.69966 6.55845 5.95537 5.47963 5.62164 5.75966 5.57479 5.23997 5.31540 5.68749
7.48848 7.45686 7.48970 7.45658 7.40054 7.40057 7.45669 7.50486 7.52740 7.52224 7.49288 7.48451 7.50563 7.50670 7.47926 7.46958 7.43565 7.42963 7.48109 7.47226 7.48330 7.49678 7.47588 7.42439 7.34370 7.29578 7.29825 7.37660 7.43791 7.40886 7.33100 7.30558 7.20304 6.90124 6.86393 7.18204 7.10188 7.10559 7.21005 7.21482 7.10718 7.03208 7.06935 7.05936 7.03251 7.03650 7.03504 6.97632 6.84198 6.59520 6.11214 5.25005 4.76182 5.06500 5.73166 6.23992 6.33780 6.00205 5.33734 4.95819 4.86952 4.98006 4.95846 4.78809 4.76219 4.87933
7.48449 7.46329 7.49326 7.43789 7.39401 7.44456 7.48858 7.50651 7.50779 7.50875 7.49986 7.48649 7.49043 7.48882 7.46788 7.43633 7.38487 7.41608 7.46562 7.46010 7.47142 7.47636 7.45623 7.41784 7.32401 7.23460 7.25293 7.35844 7.42707 7.36219 7.27919 7.27646 7.14969 6.72710 6.41228 7.02594 6.99918 6.90316 7.02053 7.05902 6.98973 7.02028 7.08200 7.07333 7.02803 6.99253 6.99085 6.99830 6.95369 6.73968 6.02891 5.03833 4.51831 4.38801 4.71412 5.33337 5.63757 5.25496 5.05010 4.69176 4.34356 4.32622 4.40383 4.34163 4.47159 4.60350
