mrvbf_slope0.7_pctl1.4.asc
NCOLS 410
NROWS 410
XLLCORNER 2398750.0000000000000000
YLLCORNER 2548750.0000000000000000
CELLSIZE 250.0000000000000000
NODATA_VALUE -99999.00000
[rows 261 to 289 of 410, columns 330 to 395 of 410]
4.31545 4.30222 4.27436 4.33597 4.40079 4.42117 4.28238 3.80622 3.31679 3.77317 4.13612 4.15347 4.26338 4.38206 4.47940 4.56450 4.63193 4.67381 4.70086 4.72276 4.74280 4.76090 4.77451 4.78206 4.78276 4.77631 4.76580 4.74493 4.71348 4.69175 4.69385 4.69913 4.68891 4.67244 4.65182 4.60869 4.44201 4.24407 4.44584 4.48751 4.37444 4.00363 3.92871 4.39156 4.60281 4.69032 4.69472 4.65938 4.63910 4.62963 4.62984 4.63578 4.64084 4.62745 4.61044 4.63831 4.67505 4.69855 4.70299 4.70308 4.71549 4.67097 4.64835 4.68501 4.76599 4.82709
4.35481 4.34080 4.26517 4.28310 4.33753 4.39020 4.32565 3.95459 3.20283 3.56436 4.16639 4.19457 4.21713 4.28516 4.37191 4.48047 4.58138 4.64946 4.68734 4.71127 4.73290 4.75215 4.76589 4.77289 4.77336 4.76720 4.75338 4.72690 4.69200 4.67835 4.69373 4.71460 4.72571 4.72124 4.70678 4.68218 4.59176 4.37798 4.39248 4.53176 4.56012 4.52283 4.54359 4.63665 4.69710 4.72388 4.72357 4.69792 4.67222 4.65617 4.64822 4.64964 4.65145 4.63471 4.60187 4.59468 4.63117 4.67440 4.70890 4.69262 4.68828 4.67378 4.66401 4.68513 4.73563 4.77197
4.31239 4.38144 4.30371 4.25680 4.26868 4.32082 4.24566 3.79802 3.16446 3.65400 4.27710 4.30377 4.25360 4.25266 4.27182 4.37420 4.52243 4.62371 4.67328 4.69928 4.72253 4.74297 4.75707 4.76331 4.76341 4.75479 4.73169 4.69390 4.66288 4.66183 4.67730 4.68950 4.70965 4.72868 4.73104 4.71117 4.64599 4.51261 4.47711 4.55736 4.60030 4.62310 4.65620 4.69983 4.71717 4.73691 4.75187 4.74683 4.72147 4.70220 4.68818 4.67905 4.67203 4.66099 4.65336 4.62828 4.63220 4.64971 4.67280 4.69239 4.68217 4.68148 4.68959 4.71014 4.73838 4.75731
4.22962 4.37344 4.31748 4.23662 4.19156 4.22286 4.05149 3.32115 2.97231 3.62526 4.31004 4.39850 4.36135 4.32667 4.23499 4.25422 4.45918 4.59887 4.65879 4.68674 4.71160 4.73328 4.74846 4.75407 4.75384 4.73876 4.70364 4.66281 4.64526 4.65524 4.66794 4.66671 4.66853 4.68991 4.71578 4.70429 4.63936 4.56443 4.57027 4.60634 4.62747 4.65793 4.67996 4.69437 4.71031 4.74106 4.77905 4.79434 4.76859 4.75219 4.74031 4.72565 4.71568 4.70652 4.68544 4.66793 4.65785 4.64647 4.63346 4.66394 4.69165 4.69926 4.71502 4.74282 4.76495 4.77307
4.14378 4.30312 4.28097 4.19175 4.06758 4.11696 3.87540 3.08158 2.58396 3.28275 4.21508 4.39973 4.40522 4.37552 4.24214 4.12827 4.37578 4.57120 4.64273 4.67350 4.69983 4.72283 4.74007 4.74577 4.74536 4.72457 4.67943 4.64227 4.64187 4.66403 4.68016 4.67700 4.66089 4.65696 4.67665 4.68314 4.64094 4.60411 4.61726 4.63838 4.64611 4.66082 4.66816 4.67706 4.70257 4.73958 4.78251 4.79663 4.78457 4.78403 4.78098 4.75064 4.71291 4.67812 4.66120 4.68254 4.68011 4.66589 4.62450 4.62508 4.67408 4.70784 4.73660 4.77062 4.78609 4.78954
4.01161 4.16250 4.18594 4.09875 3.83987 3.79468 3.56614 2.55105 2.53461 3.48306 4.26075 4.35597 4.37805 4.36809 4.27772 4.05000 4.21939 4.51337 4.61548 4.65840 4.68706 4.71118 4.73065 4.73853 4.73843 4.71641 4.66780 4.63184 4.64215 4.67550 4.70097 4.70673 4.69537 4.67406 4.66821 4.67539 4.66139 4.64669 4.64515 4.65577 4.65544 4.64805 4.64144 4.65911 4.69862 4.73737 4.76186 4.76257 4.77073 4.78939 4.78437 4.73419 4.66878 4.60521 4.60395 4.63365 4.67214 4.67397 4.63361 4.62503 4.66365 4.70762 4.75009 4.77886 4.78472 4.78972
3.78967 3.98324 4.02295 3.90351 3.50247 3.10329 2.92680 2.61315 3.02278 3.89704 4.18823 4.21051 4.26169 4.29855 4.30435 4.15006 4.08552 4.37901 4.56067 4.63645 4.67339 4.69815 4.71892 4.73114 4.73301 4.71575 4.67377 4.63299 4.62868 4.65368 4.68221 4.70536 4.71504 4.70847 4.69676 4.69595 4.69447 4.68288 4.66925 4.66611 4.66734 4.65987 4.62892 4.62047 4.66818 4.71521 4.72531 4.72787 4.74744 4.75432 4.72850 4.67134 4.57669 4.37737 4.37198 4.54603 4.64908 4.66807 4.66036 4.65190 4.66481 4.70264 4.73508 4.75438 4.76927 4.77855
3.65530 3.83891 3.81381 3.57921 3.15234 2.67164 2.52221 2.67262 3.06959 3.58883 3.87365 3.92716 4.01196 4.13372 4.25047 4.22664 4.16618 4.28998 4.48311 4.59737 4.65389 4.68404 4.70503 4.72044 4.72701 4.72047 4.69457 4.65224 4.62397 4.63234 4.65755 4.68535 4.70804 4.72247 4.72534 4.72325 4.72396 4.71103 4.68975 4.67480 4.67054 4.67269 4.65815 4.61637 4.62076 4.66970 4.68389 4.68751 4.70056 4.69809 4.67317 4.59915 4.37136 4.24765 4.04447 4.48767 4.64540 4.67232 4.68137 4.66241 4.66369 4.67997 4.69523 4.71800 4.74182 4.75798
3.77472 3.75516 3.60855 3.26074 2.81248 2.46333 2.34620 2.52295 2.90678 3.35788 3.66444 3.86697 3.91963 3.93541 4.11130 4.14668 4.19462 4.32563 4.43038 4.53759 4.61811 4.66443 4.68969 4.70565 4.71624 4.71950 4.71138 4.68496 4.64694 4.63317 4.64796 4.67381 4.69945 4.72063 4.73507 4.73700 4.74032 4.73410 4.71588 4.69573 4.68204 4.67878 4.67656 4.65233 4.61849 4.62883 4.64780 4.65123 4.64778 4.64214 4.63271 4.60462 4.47986 4.22787 4.40411 4.59702 4.64660 4.65874 4.66510 4.67416 4.69504 4.67350 4.67338 4.68852 4.71033 4.72820
3.73302 3.58700 3.35283 2.96927 2.48904 2.30008 2.32505 2.54871 2.98992 3.50398 3.91993 4.14736 4.01125 3.90660 4.08851 4.16940 4.21355 4.32598 4.40246 4.48010 4.56178 4.62780 4.66197 4.67983 4.69184 4.69948 4.70158 4.69148 4.66355 4.64411 4.64856 4.66843 4.69077 4.70940 4.72179 4.72670 4.73552 4.74160 4.73329 4.71954 4.70776 4.70164 4.69669 4.68102 4.64524 4.61254 4.61596 4.61602 4.60331 4.60018 4.60993 4.62560 4.61632 4.59496 4.60651 4.64869 4.66348 4.68767 4.69597 4.70364 4.69707 4.68053 4.66948 4.66954 4.68766 4.69663
3.44365 3.08604 2.88721 2.57486 2.11764 2.06543 2.22694 2.57935 3.11981 3.69636 4.06280 4.10287 3.97166 3.99445 4.15976 4.26069 4.29197 4.34340 4.39929 4.45649 4.51175 4.57005 4.61096 4.63216 4.64511 4.65485 4.65820 4.65262 4.64101 4.63861 4.64821 4.66280 4.67727 4.68869 4.69565 4.69856 4.70764 4.71328 4.69571 4.68118 4.68598 4.70599 4.72578 4.71816 4.69648 4.66569 4.65206 4.65056 4.64335 4.64385 4.65656 4.67438 4.68555 4.68182 4.67195 4.68656 4.70955 4.75056 4.76932 4.76942 4.72669 4.67618 4.67025 4.66883 4.66221 4.64776
3.16505 2.55413 2.16997 2.10964 1.76330 1.69965 2.02811 2.43308 2.96189 3.49718 3.85244 3.94219 3.96534 4.08000 4.23239 4.33204 4.36416 4.38950 4.42650 4.46690 4.50027 4.52912 4.55645 4.57206 4.58563 4.60091 4.61076 4.61432 4.62086 4.63600 4.64961 4.65659 4.66093 4.66540 4.66840 4.66595 4.66376 4.65626 4.63599 4.63532 4.65373 4.66947 4.68632 4.71757 4.74812 4.75054 4.74050 4.74125 4.73847 4.73777 4.74019 4.74062 4.75061 4.74589 4.73228 4.73034 4.76153 4.79895 4.79684 4.75173 4.69494 4.65121 4.64651 4.63151 4.61006 4.59042
2.82268 2.40234 1.69014 1.86789 1.52281 1.39630 1.80248 2.19402 2.66838 3.15943 3.60327 3.85672 4.00293 4.15395 4.27984 4.33072 4.36083 4.43233 4.47087 4.49401 4.51383 4.52934 4.54283 4.55328 4.56728 4.58459 4.59980 4.61189 4.62695 4.64645 4.65669 4.65173 4.64524 4.64522 4.64660 4.64050 4.62511 4.60433 4.60393 4.62789 4.65562 4.66979 4.67005 4.67423 4.70757 4.74876 4.77927 4.79852 4.80423 4.80382 4.80108 4.79667 4.80249 4.80119 4.79190 4.78154 4.78616 4.76981 4.73404 4.67861 4.62604 4.61237 4.60766 4.59225 4.57482 4.55135
3.02252 2.22423 1.46861 1.85358 1.39833 1.23173 1.64679 2.04476 2.50768 2.96280 3.47975 3.85221 4.05460 4.20068 4.30866 4.32095 4.37325 4.47725 4.50152 4.50890 4.52427 4.54303 4.56462 4.58684 4.60317 4.61390 4.62458 4.63728 4.65186 4.66447 4.66555 4.64583 4.62959 4.62880 4.63276 4.62818 4.61182 4.60066 4.60457 4.62202 4.64709 4.67310 4.68565 4.66984 4.66882 4.69776 4.73267 4.76888 4.79526 4.81733 4.83089 4.83608 4.83778 4.83441 4.81814 4.78112 4.73765 4.70200 4.65898 4.60591 4.58842 4.59516 4.57020 4.54151 4.52364 4.49973
2.59735 1.99429 1.26254 1.85249 1.22106 1.08329 1.55655 2.02646 2.51419 2.95664 3.49778 3.90404 4.11071 4.23781 4.36834 4.41000 4.38865 4.43888 4.47654 4.49672 4.51695 4.54261 4.57529 4.61139 4.63289 4.64300 4.65072 4.66376 4.67224 4.67624 4.66644 4.63598 4.61486 4.61705 4.63266 4.63690 4.62307 4.59379 4.55247 4.56493 4.60169 4.63976 4.67251 4.68270 4.67371 4.67004 4.68285 4.70943 4.74188 4.77888 4.81162 4.83770 4.85246 4.83509 4.79041 4.73648 4.69344 4.65695 4.61334 4.58448 4.58794 4.57166 4.53165 4.49471 4.47674 4.45811
1.98567 1.72219 1.31135 1.83019 0.98620 1.02111 1.58080 2.12935 2.60680 3.09920 3.63113 3.94462 4.13170 4.27070 4.40524 4.46882 4.44733 4.44274 4.46288 4.48281 4.50029 4.52363 4.55248 4.59058 4.62443 4.63908 4.65100 4.66690 4.67375 4.67759 4.65680 4.62526 4.60944 4.61650 4.63463 4.63994 4.60517 4.53557 4.51360 4.54816 4.57293 4.60032 4.63705 4.67343 4.69313 4.69128 4.68141 4.67959 4.69628 4.72632 4.76498 4.80530 4.83235 4.81377 4.75972 4.70904 4.67423 4.64535 4.61331 4.59885 4.58942 4.56302 4.53532 4.51230 4.49538 4.48005
1.42493 1.53450 2.27797 1.59521 0.82045 1.12745 1.72512 2.30846 2.74330 3.35338 3.82286 3.97789 4.09033 4.22749 4.38273 4.48018 4.48566 4.47063 4.47085 4.48060 4.49030 4.50412 4.51837 4.54298 4.57844 4.60333 4.62475 4.64473 4.66127 4.67168 4.64375 4.61241 4.60332 4.61776 4.63302 4.62896 4.57737 4.51620 4.55508 4.60905 4.59651 4.58332 4.60060 4.64414 4.68229 4.70896 4.70698 4.69248 4.68729 4.69557 4.72313 4.76512 4.80478 4.80116 4.74711 4.69659 4.66248 4.63431 4.60652 4.59481 4.58079 4.55898 4.54885 4.54354 4.53289 4.53058
3.42954 3.19033 2.36748 0.98551 0.87980 1.42270 2.01073 2.47730 2.88477 3.51070 3.90044 4.00129 4.05172 4.14749 4.24950 4.24490 4.44389 4.48534 4.47320 4.46908 4.48060 4.49293 4.50087 4.51016 4.53547 4.56634 4.59245 4.61323 4.63445 4.65365 4.62725 4.59274 4.58992 4.61697 4.63666 4.62740 4.57919 4.53903 4.57424 4.64378 4.64605 4.60140 4.58333 4.61237 4.64632 4.68341 4.69926 4.70305 4.69835 4.69354 4.70209 4.73318 4.77651 4.79360 4.74397 4.68915 4.64971 4.61958 4.59237 4.57535 4.55592 4.54125 4.54770 4.56314 4.57364 4.58529
4.03912 2.90629 1.42383 1.08775 1.40746 1.92705 2.35963 2.62809 2.96217 3.39726 3.70188 3.85724 3.98353 4.02414 3.61529 3.19657 3.97190 4.40849 4.43839 4.43918 4.45407 4.47932 4.50787 4.52111 4.53268 4.55149 4.56945 4.58309 4.59886 4.62123 4.60454 4.56671 4.58281 4.62732 4.63787 4.62354 4.59473 4.57210 4.58612 4.64118 4.68255 4.64106 4.59954 4.61253 4.63538 4.65740 4.67301 4.69606 4.70539 4.69759 4.69491 4.71650 4.75777 4.78717 4.74519 4.68450 4.63866 4.60950 4.57601 4.53748 4.50625 4.50785 4.54133 4.58225 4.61211 4.63424
3.45651 1.95106 1.55293 1.71870 2.05855 2.42113 2.64401 2.81551 3.00757 3.20948 3.36816 3.51135 3.71245 3.50857 2.85709 2.90110 3.23860 4.18741 4.40118 4.41530 4.43392 4.46493 4.50744 4.54164 4.55397 4.55897 4.56238 4.56250 4.56190 4.57616 4.57325 4.54785 4.58573 4.62465 4.62098 4.61318 4.60732 4.60633 4.60915 4.63806 4.68291 4.66613 4.61287 4.61253 4.64470 4.67685 4.67964 4.68177 4.69695 4.69106 4.68600 4.71166 4.75545 4.78319 4.74538 4.68297 4.63047 4.59459 4.53748 4.47583 4.45067 4.47226 4.53823 4.59959 4.63329 4.65760
2.62918 1.77636 1.91406 2.23196 2.56171 2.86048 3.02317 3.03781 3.04333 3.08485 3.13700 3.21471 3.40984 3.37574 3.03225 2.97022 3.37494 4.22340 4.38963 4.41690 4.43718 4.46355 4.49924 4.53531 4.56109 4.56924 4.56620 4.55929 4.54442 4.53374 4.52814 4.54899 4.59857 4.60555 4.59603 4.59902 4.61580 4.63668 4.63801 4.65100 4.68789 4.67614 4.61493 4.59721 4.63051 4.66176 4.66574 4.67456 4.68022 4.67540 4.68578 4.72402 4.76585 4.78130 4.74384 4.68439 4.62149 4.57212 4.49284 4.40156 4.37885 4.43860 4.54333 4.60003 4.63133 4.66613
2.58237 2.29438 2.39004 2.62839 3.00312 3.28539 3.23912 3.09704 3.01299 2.99591 3.02358 3.07937 3.26640 3.61212 3.72488 3.44408 3.76461 4.26953 4.39121 4.45434 4.46111 4.46442 4.50084 4.52992 4.55054 4.56238 4.56106 4.55382 4.53991 4.51345 4.50968 4.55984 4.58320 4.57231 4.57572 4.60218 4.63804 4.66608 4.66367 4.66264 4.68977 4.68704 4.61963 4.57555 4.60616 4.65427 4.67016 4.67001 4.66815 4.67431 4.70703 4.75009 4.77699 4.77716 4.74411 4.69266 4.62056 4.54830 4.45571 4.31924 4.26767 4.43223 4.55716 4.58532 4.62685 4.67373
2.86422 2.79152 2.82951 2.94745 3.12739 3.20366 3.12596 3.01529 2.95118 2.93757 2.96932 3.04543 3.20254 3.57760 3.90702 3.87177 4.00168 4.27139 4.42127 4.49253 4.48863 4.48405 4.50422 4.52481 4.53837 4.54520 4.54467 4.53873 4.53176 4.51561 4.51817 4.54467 4.54971 4.55175 4.58682 4.63504 4.66849 4.68409 4.68028 4.66728 4.67879 4.67668 4.62877 4.56312 4.57601 4.63233 4.65398 4.65404 4.66396 4.69567 4.74017 4.76996 4.78103 4.77151 4.74311 4.69626 4.61820 4.53527 4.45597 4.28474 4.15904 4.42921 4.55136 4.57856 4.63065 4.67431
3.10352 3.25229 3.45325 3.41416 3.27529 3.15099 3.03977 2.95525 2.92209 2.93176 2.96583 3.04430 3.19055 3.44067 3.71443 3.88229 4.03854 4.24869 4.41285 4.49060 4.50503 4.50576 4.50710 4.51177 4.52216 4.52981 4.53069 4.52817 4.52828 4.53089 4.53780 4.54325 4.55650 4.59058 4.63439 4.67229 4.68788 4.69379 4.68453 4.67094 4.67862 4.67061 4.62141 4.55292 4.56564 4.61677 4.63209 4.64257 4.67688 4.72350 4.76009 4.77790 4.78105 4.76594 4.73902 4.69143 4.60707 4.51125 4.43017 4.31077 4.28711 4.45839 4.55005 4.59543 4.63997 4.66200
3.52827 3.86494 4.08064 3.90710 3.53231 3.24427 3.08849 3.01382 2.99623 3.02320 3.06014 3.09790 3.20691 3.40389 3.61790 3.80516 3.98788 4.18215 4.35180 4.45413 4.50042 4.51335 4.51478 4.51582 4.52419 4.53631 4.54331 4.54760 4.55355 4.56557 4.58272 4.59449 4.61788 4.65367 4.67476 4.68697 4.69742 4.69941 4.67979 4.67466 4.68946 4.67208 4.60327 4.55581 4.58252 4.61167 4.61837 4.65113 4.70515 4.74701 4.76979 4.78015 4.78004 4.75990 4.73313 4.68518 4.59641 4.48475 4.38563 4.33375 4.40416 4.52355 4.58204 4.61501 4.62521 4.61382
4.07617 4.25495 4.24315 4.00685 3.65410 3.37949 3.25198 3.21803 3.20003 3.20504 3.22732 3.23383 3.28019 3.44110 3.63545 3.79637 3.94802 4.10802 4.26995 4.39353 4.46669 4.50602 4.53007 4.54781 4.56068 4.57377 4.58437 4.59361 4.60328 4.61670 4.63713 4.65471 4.66689 4.67521 4.68483 4.69652 4.70441 4.68973 4.66748 4.67005 4.68694 4.66333 4.60011 4.57119 4.59098 4.60186 4.61751 4.66598 4.72506 4.75886 4.77362 4.78097 4.77525 4.75250 4.72599 4.67776 4.58642 4.46697 4.35858 4.32020 4.39637 4.50112 4.54843 4.56594 4.56460 4.53525
4.31114 4.32524 4.12659 3.76855 3.53403 3.44392 3.43986 3.43839 3.36617 3.29922 3.26820 3.29722 3.39548 3.55288 3.71596 3.83456 3.93862 4.05893 4.19489 4.32150 4.42011 4.49134 4.54297 4.57965 4.59845 4.61169 4.61870 4.62295 4.63229 4.64639 4.66403 4.67227 4.67697 4.68692 4.69919 4.70801 4.70060 4.67064 4.64905 4.65856 4.67305 4.64190 4.58815 4.57178 4.58639 4.58251 4.60173 4.65765 4.72498 4.76074 4.77361 4.77988 4.76728 4.74347 4.71511 4.66484 4.57014 4.45292 4.35168 4.27506 4.29891 4.43545 4.52414 4.54377 4.53523 4.49164
4.31310 4.19649 3.77546 3.38403 3.35548 3.47789 3.58315 3.54201 3.38190 3.25674 3.22434 3.31952 3.50548 3.69183 3.83253 3.90007 3.95731 4.05138 4.16419 4.27022 4.37504 4.46330 4.52805 4.57482 4.60899 4.62913 4.63345 4.62982 4.63097 4.64309 4.65877 4.66769 4.67949 4.69788 4.70832 4.69882 4.67286 4.64267 4.63490 4.65589 4.67138 4.62869 4.56824 4.56462 4.61061 4.59695 4.56913 4.63955 4.72012 4.75886 4.77234 4.77625 4.75774 4.73284 4.69848 4.63676 4.53101 4.41650 4.35047 4.28301 4.25311 4.42985 4.56081 4.58250 4.56674 4.51609
4.09410 3.79081 3.25550 3.09645 3.28117 3.55223 3.65230 3.52100 3.29186 3.15609 3.15691 3.35029 3.63455 3.83525 3.95028 3.97837 3.99703 4.07898 4.19082 4.27432 4.35173 4.43008 4.49735 4.55561 4.59818 4.61689 4.62553 4.62421 4.61607 4.62027 4.63607 4.64898 4.66767 4.69186 4.69531 4.66969 4.63974 4.62493 4.63910 4.66998 4.67690 4.61769 4.55921 4.55805 4.59615 4.58651 4.58682 4.64623 4.72106 4.75877 4.77041 4.76829 4.74688 4.71946 4.67629 4.59494 4.45516 4.28096 4.28668 4.36998 4.39462 4.44193 4.52015 4.56175 4.56447 4.52509
