mrvbf_slope1.4_pctl1.5.asc
NCOLS 410
NROWS 410
XLLCORNER 2398750.0000000000000000
YLLCORNER 2548750.0000000000000000
CELLSIZE 250.0000000000000000
NODATA_VALUE -99999.00000
[rows 29 to 57 of 410, columns 132 to 197 of 410]
7.85355 7.85287 7.85251 7.85154 7.85220 7.85207 7.85169 7.84859 7.84304 7.84728 7.84758 7.84757 7.84686 7.84918 7.84905 7.84346 7.83434 7.84340 7.84660 7.84529 7.84734 7.84800 7.84765 7.84762 7.84719 7.84685 7.84662 7.84637 7.84581 7.84531 7.84494 7.84427 7.84238 7.83873 7.84128 7.84026 7.83543 7.83866 7.83752 7.83436 7.82266 7.78949 7.73790 7.74798 7.73003 7.78464 7.79908 7.78753 7.80710 7.79695 7.78027 7.73337 7.80329 7.82498 7.82910 7.83158 7.82983 7.82934 7.82956 7.83169 7.83203 7.83123 7.82905 7.82655 -99999.00000 -99999.00000
7.85178 7.85185 7.85124 7.85038 7.85105 7.85058 7.85057 7.84973 7.84907 7.84925 7.84913 7.84881 7.84781 7.84903 7.84922 7.84737 7.84475 7.84691 7.84339 7.83292 7.84111 7.84694 7.84726 7.84676 7.84613 7.84560 7.84492 7.84451 7.84280 7.84307 7.84371 7.84301 7.84268 7.84104 7.84113 7.83775 7.82941 7.83374 7.83695 7.83621 7.83312 7.82187 7.77791 7.72232 7.74885 7.79873 7.81136 7.80038 7.78888 7.77873 7.73385 7.74806 7.80533 7.82458 7.82990 7.83183 7.83095 7.82957 7.83066 7.83166 7.83122 7.83019 7.82699 7.82544 7.82391 -99999.00000
7.85153 7.85071 7.85176 7.85079 7.84988 7.84958 7.84996 7.84947 7.84964 7.84954 7.84865 7.84773 7.84761 7.84831 7.84822 7.84835 7.84765 7.84580 7.83493 7.83439 7.83171 7.84465 7.84622 7.84492 7.84108 7.84374 7.84340 7.84222 7.84225 7.84124 7.84261 7.84271 7.84110 7.84087 7.83807 7.83144 7.83240 7.82826 7.83624 7.83679 7.83542 7.83255 7.82082 7.78676 7.78635 7.81527 7.81339 7.80921 7.78113 7.78705 7.75656 7.79997 7.81992 7.82627 7.83096 7.83238 7.83194 7.83146 7.83197 7.83156 7.83039 7.82852 7.82573 7.82173 7.82367 7.82067
7.85078 7.85132 7.85159 7.85084 7.84992 7.84997 7.84968 7.84868 7.84856 7.84902 7.84808 7.84789 7.84778 7.84807 7.84719 7.84644 7.84590 7.84635 7.84166 7.83125 7.84064 7.84567 7.84487 7.83954 7.83154 7.83687 7.84170 7.84125 7.84169 7.84179 7.84195 7.84124 7.83883 7.83742 7.83833 7.83418 7.83313 7.83460 7.83728 7.83676 7.83592 7.83457 7.83180 7.82677 7.82667 7.82930 7.82674 7.81957 7.81194 7.79601 7.81488 7.82597 7.82701 7.82907 7.83094 7.83116 7.83204 7.83197 7.83159 7.83084 7.83002 7.82805 7.82073 7.81154 7.81557 7.81350
7.85071 7.85081 7.85096 7.85069 7.84995 7.84996 7.84886 7.84801 7.84807 7.84846 7.84775 7.84742 7.84763 7.84694 7.84627 7.84471 7.84446 7.84350 7.84219 7.83897 7.84296 7.84488 7.84281 7.83140 7.82716 7.81754 7.83288 7.83608 7.83559 7.83776 7.84008 7.83955 7.83774 7.83568 7.83630 7.83514 7.83552 7.83473 7.83702 7.83681 7.83577 7.83501 7.83362 7.83354 7.83294 7.83216 7.83144 7.82964 7.82841 7.82530 7.82857 7.83062 7.83108 7.83208 7.83204 7.83060 7.83061 7.83071 7.83023 7.82946 7.82877 7.82590 7.81734 7.81804 7.81057 7.80682
7.85054 7.84997 7.84958 7.84982 7.84910 7.84869 7.84831 7.84695 7.84679 7.84704 7.84675 7.84737 7.84710 7.84667 7.84605 7.84547 7.84347 7.84088 7.84020 7.83822 7.83917 7.84269 7.84060 7.82986 7.81872 7.82129 7.81838 7.82644 7.83332 7.83439 7.83949 7.83997 7.83703 7.83790 7.83760 7.83711 7.83480 7.83576 7.83683 7.83610 7.83597 7.83568 7.83519 7.83446 7.83346 7.83334 7.83314 7.83263 7.83181 7.83079 7.83095 7.83189 7.83239 7.83252 7.83190 7.83100 7.83071 7.83027 7.82933 7.82791 7.82804 7.82766 7.82457 7.81819 7.82019 7.81215
7.84936 7.84925 7.84923 7.84888 7.84800 7.84741 7.84806 7.84774 7.84595 7.84508 7.84518 7.84600 7.84582 7.84534 7.84455 7.84479 7.84409 7.84305 7.84040 7.83773 7.83933 7.83805 7.83463 7.83377 7.83144 7.82386 7.83237 7.83044 7.83233 7.83428 7.83815 7.83884 7.83703 7.83512 7.83688 7.83705 7.83543 7.83619 7.83612 7.83552 7.83499 7.83463 7.83409 7.83414 7.83428 7.83394 7.83335 7.83310 7.83278 7.83201 7.83206 7.83219 7.83215 7.83207 7.83147 7.83057 7.83011 7.82944 7.82814 7.82666 7.82765 7.82768 7.82596 7.82351 7.82466 7.82126
7.84478 7.84652 7.84708 7.84738 7.84744 7.84691 7.84695 7.84712 7.84672 7.84435 7.84450 7.84372 7.84419 7.84399 7.84368 7.84346 7.84352 7.84335 7.84337 7.84139 7.83938 7.84006 7.83826 7.83468 7.83556 7.83499 7.83644 7.83211 7.83314 7.83525 7.83717 7.83809 7.83422 7.82931 7.83419 7.83547 7.83529 7.83477 7.83506 7.83442 7.83368 7.83412 7.83414 7.83350 7.83384 7.83346 7.83304 7.83237 7.83196 7.83242 7.83159 7.83146 7.83117 7.83089 7.83064 7.83015 7.82951 7.82840 7.82680 7.82655 7.82582 7.82581 7.82490 7.82461 7.82494 7.82372
7.83391 7.84145 7.84486 7.84607 7.84673 7.84677 7.84630 7.84614 7.84652 7.84581 7.84441 7.84451 7.84456 7.84417 7.84229 7.84165 7.84207 7.84162 7.84250 7.84101 7.84039 7.84039 7.84028 7.83979 7.83851 7.83700 7.83652 7.83660 7.83692 7.83509 7.83725 7.83487 7.82710 7.82664 7.82615 7.83469 7.83516 7.83422 7.83428 7.83364 7.83282 7.83331 7.83312 7.83228 7.83184 7.83238 7.83240 7.83223 7.83121 7.83151 7.83020 7.82990 7.82993 7.83001 7.82921 7.82865 7.82779 7.82695 7.82640 7.82617 7.82620 7.82626 7.82542 7.82414 7.82414 7.82332
7.82730 7.83947 7.84320 7.84535 7.84593 7.84635 7.84590 7.84502 7.84549 7.84553 7.84507 7.84444 7.84441 7.84390 7.84315 7.84185 7.84077 7.84096 7.84171 7.84103 7.83977 7.83851 7.83847 7.83874 7.83775 7.83635 7.83575 7.83804 7.83866 7.83732 7.83651 7.83576 7.83137 7.82776 7.83033 7.83492 7.83489 7.83423 7.83390 7.83347 7.83242 7.83198 7.83198 7.83148 7.82978 7.82960 7.83092 7.83109 7.83010 7.82986 7.82698 7.82424 7.82711 7.82835 7.82804 7.82712 7.82269 7.82002 7.82344 7.82496 7.82512 7.82509 7.82506 7.82473 7.82405 7.82314
7.83438 7.83375 7.84306 7.84523 7.84543 7.84565 7.84493 7.84451 7.84439 7.84464 7.84443 7.84409 7.84353 7.84334 7.84329 7.84241 7.84166 7.84124 7.84092 7.84105 7.84024 7.83882 7.83745 7.83665 7.83696 7.83743 7.83661 7.83721 7.83821 7.83687 7.83542 7.83622 7.83531 7.83402 7.83400 7.83488 7.83487 7.83433 7.83395 7.83338 7.83299 7.83192 7.83200 7.83164 7.83019 7.82860 7.82915 7.83031 7.82956 7.82840 7.82115 7.82224 7.82078 7.82620 7.82740 7.82485 7.81465 7.81564 7.82026 7.82373 7.82412 7.82435 7.82425 7.82345 7.82349 7.82283
7.82667 7.83163 7.84249 7.84487 7.84476 7.84486 7.84442 7.84438 7.84408 7.84382 7.84366 7.84321 7.84299 7.84296 7.84262 7.84252 7.84212 7.84150 7.84127 7.84125 7.84042 7.83945 7.83735 7.83661 7.83670 7.83682 7.83711 7.83583 7.83584 7.83407 7.83410 7.83283 7.83189 7.83305 7.83223 7.83423 7.83387 7.83368 7.83397 7.83346 7.83270 7.83198 7.83154 7.83031 7.82993 7.82934 7.82879 7.82942 7.82817 7.82706 7.82088 7.81752 7.82003 7.82526 7.82620 7.82112 7.81734 7.81540 7.82049 7.82389 7.82409 7.82370 7.82364 7.82239 7.82198 7.82217
7.82568 7.80327 7.82746 7.84149 7.84353 7.84414 7.84390 7.84383 7.84358 7.84330 7.84311 7.84251 7.84237 7.84209 7.84209 7.84188 7.84173 7.84071 7.84013 7.84011 7.83927 7.83895 7.83608 7.83616 7.83491 7.83666 7.83611 7.83370 7.83318 7.83236 7.83058 7.83057 7.82976 7.83320 7.83255 7.83088 7.83101 7.83241 7.83289 7.83295 7.83213 7.83048 7.83068 7.82981 7.82929 7.82983 7.82885 7.82846 7.82695 7.82422 7.81154 7.81423 7.81231 7.82432 7.82628 7.82385 7.81844 7.82061 7.82423 7.82437 7.82343 7.82265 7.82267 7.82221 7.82144 7.82113
7.80668 7.80900 7.79172 7.83024 7.84065 7.84222 7.84285 7.84281 7.84320 7.84298 7.84203 7.84176 7.84185 7.84149 7.84094 7.84120 7.84099 7.83989 7.83900 7.83872 7.83910 7.83813 7.83532 7.83353 7.83517 7.83651 7.83473 7.83329 7.83358 7.83477 7.83343 7.83064 7.83044 7.83294 7.83207 7.82920 7.82908 7.83019 7.83101 7.83165 7.83059 7.82953 7.82982 7.82837 7.82866 7.82939 7.82850 7.82649 7.82499 7.82371 7.81846 7.81027 7.82048 7.82507 7.82569 7.82517 7.82402 7.82429 7.82444 7.82399 7.82287 7.82239 7.82229 7.82164 7.82073 7.81959
7.82865 7.79568 7.81636 7.81877 7.83582 7.84128 7.84158 7.84226 7.84232 7.84215 7.84147 7.84101 7.84026 7.83947 7.83945 7.84000 7.83887 7.83272 7.83209 7.83658 7.83741 7.83600 7.83506 7.83450 7.83553 7.83520 7.83470 7.83323 7.83288 7.83316 7.83330 7.83314 7.83282 7.83267 7.83265 7.83012 7.82874 7.82960 7.83084 7.83020 7.82909 7.82757 7.82712 7.82651 7.82418 7.82662 7.82793 7.82523 7.82410 7.82363 7.82313 7.82292 7.82478 7.82471 7.82484 7.82459 7.82454 7.82433 7.82357 7.82298 7.82221 7.82183 7.82074 7.81942 7.81889 7.81848
7.84137 7.82975 7.81828 7.82667 7.83582 7.84019 7.84160 7.84139 7.84108 7.84119 7.84049 7.83954 7.83746 7.83364 7.83600 7.83632 7.82428 7.78158 7.78771 7.82325 7.83339 7.83546 7.83438 7.83515 7.83491 7.83450 7.83395 7.83388 7.83182 7.83147 7.83095 7.83185 7.83272 7.83262 7.83232 7.83136 7.82938 7.82920 7.82886 7.82951 7.82760 7.82661 7.82647 7.82498 7.82256 7.82232 7.82564 7.82455 7.82368 7.82350 7.82407 7.82396 7.82463 7.82393 7.82341 7.82372 7.82389 7.82321 7.82278 7.82248 7.82201 7.82089 7.81948 7.81845 7.81695 7.81709
7.84250 7.83866 7.82433 7.81056 7.82768 7.83954 7.84091 7.84035 7.84017 7.83967 7.83797 7.82973 7.82280 7.81279 7.82630 7.82749 7.79164 7.75653 7.75201 7.79653 7.82614 7.83297 7.83468 7.83550 7.83475 7.83415 7.83386 7.83394 7.83145 7.83225 7.83082 7.83026 7.83145 7.83116 7.83107 7.83102 7.83014 7.82838 7.82872 7.82896 7.82660 7.82473 7.82604 7.82474 7.82011 7.82183 7.82398 7.82280 7.82335 7.82433 7.82425 7.82333 7.82394 7.82308 7.82295 7.82310 7.82311 7.82268 7.82183 7.82201 7.82178 7.82108 7.81989 7.81840 7.81687 7.81752
7.83959 7.82640 7.79995 7.81110 7.80311 7.83283 7.83973 7.84007 7.83909 7.83804 7.82377 7.78761 7.78720 7.81212 7.81132 7.83065 7.82167 7.77668 7.78171 7.82071 7.82739 7.83178 7.83441 7.83429 7.83424 7.83381 7.83337 7.83273 7.83084 7.83068 7.83110 7.82869 7.82879 7.82991 7.82972 7.83059 7.82998 7.82855 7.82779 7.82687 7.82584 7.82189 7.82542 7.82628 7.82312 7.82419 7.82455 7.82377 7.82417 7.82394 7.82305 7.82224 7.82288 7.82250 7.82226 7.82210 7.82218 7.82198 7.82165 7.82149 7.82114 7.82052 7.81971 7.81866 7.81671 7.81663
7.82413 7.79596 7.80418 7.79764 7.82376 7.83288 7.83715 7.83912 7.83916 7.83255 7.79000 7.79238 7.77490 7.80224 7.82760 7.83512 7.83431 7.82763 7.82492 7.82101 7.82629 7.82931 7.83303 7.83345 7.83308 7.83332 7.83307 7.83209 7.83114 7.82996 7.82938 7.82843 7.82843 7.82840 7.82957 7.82948 7.82913 7.82657 7.82494 7.82420 7.82203 7.82014 7.81995 7.82505 7.82505 7.82529 7.82457 7.82450 7.82454 7.82322 7.82225 7.82212 7.82159 7.82217 7.82125 7.82072 7.82133 7.82135 7.82106 7.82064 7.82006 7.81964 7.81912 7.81833 7.81582 7.81456
7.78967 7.78150 7.78726 7.82193 7.83113 7.83424 7.83334 7.83768 7.83747 7.82590 7.78569 7.77037 7.81339 7.82815 7.83487 7.83583 7.83577 7.83431 7.82712 7.80961 7.81731 7.83112 7.83311 7.83195 7.83243 7.83275 7.83215 7.83202 7.83097 7.83035 7.82954 7.82837 7.82803 7.82893 7.82886 7.82845 7.82743 7.82501 7.82336 7.82317 7.82234 7.81758 7.82072 7.82536 7.82572 7.82467 7.82501 7.82416 7.82352 7.82293 7.82183 7.82037 7.82045 7.82134 7.82107 7.81971 7.81969 7.82036 7.82001 7.81919 7.81860 7.81859 7.81792 7.81645 7.81434 7.81333
7.80746 7.77884 7.79692 7.83045 7.83296 7.83179 7.83253 7.83531 7.83124 7.80860 7.81032 7.79387 7.82446 7.83406 7.83500 7.83529 7.83493 7.83186 7.81851 7.81968 7.81400 7.82993 7.83170 7.83057 7.83032 7.83062 7.82969 7.82980 7.82940 7.82954 7.82966 7.82890 7.82729 7.82777 7.82794 7.82780 7.82525 7.82465 7.82404 7.82418 7.82346 7.82069 7.82138 7.82451 7.82489 7.82489 7.82449 7.82183 7.81836 7.82010 7.82009 7.81938 7.81956 7.81983 7.81982 7.81933 7.81821 7.81877 7.81866 7.81731 7.81599 7.81644 7.81618 7.81390 7.81345 7.81248
7.82342 7.79811 7.82188 7.82827 7.83085 7.83022 7.82854 7.83083 7.82902 7.81844 7.80535 7.82117 7.83060 7.83273 7.83408 7.83422 7.83340 7.83167 7.82619 7.81518 7.82084 7.83087 7.82984 7.82850 7.82396 7.82344 7.82674 7.82577 7.82361 7.82634 7.82548 7.82685 7.82624 7.82600 7.82660 7.82608 7.82516 7.82481 7.82439 7.82451 7.82342 7.82046 7.81683 7.81986 7.82186 7.82340 7.82304 7.81785 7.81730 7.81610 7.81943 7.81895 7.81891 7.81775 7.81832 7.81820 7.81639 7.81485 7.81594 7.81558 7.81491 7.81442 7.81491 7.81435 7.81308 7.81311
7.82261 7.79129 7.80506 7.79249 7.81717 7.82886 7.82887 7.82365 7.82614 7.82617 7.82612 7.83247 7.83259 7.83177 7.83263 7.83274 7.83104 7.83037 7.82875 7.81888 7.80526 7.82117 7.82265 7.81780 7.78010 7.77958 7.81505 7.81112 7.79876 7.81785 7.81364 7.82031 7.82434 7.82413 7.82545 7.82553 7.82509 7.82302 7.82410 7.82447 7.82098 7.81437 7.81635 7.81654 7.82056 7.82111 7.82206 7.81821 7.81417 7.81529 7.81930 7.81847 7.81551 7.81598 7.81844 7.81792 7.81476 7.81492 7.81392 7.81480 7.81468 7.81483 7.81462 7.81392 7.81265 7.81185
7.80086 7.79569 7.81241 7.78025 7.77927 7.81861 7.81869 7.80746 7.82428 7.82789 7.83144 7.83364 7.83272 7.83096 7.83035 7.83048 7.83058 7.83159 7.82801 7.80465 7.80851 7.79421 7.79499 7.78817 7.73800 7.73004 7.77928 7.78285 7.79649 7.81501 7.81535 7.81037 7.82275 7.82324 7.82244 7.82288 7.82277 7.82242 7.82344 7.82314 7.82188 7.81420 7.81108 7.81229 7.81666 7.82122 7.82185 7.82050 7.81700 7.81768 7.81821 7.81565 7.81243 7.81429 7.81559 7.81670 7.81606 7.81437 7.81419 7.81313 7.81314 7.81461 7.81416 7.81361 7.81264 7.81067
7.82082 7.78996 7.78767 7.76636 7.76796 7.80587 7.79229 7.78976 7.80679 7.82617 7.83163 7.83317 7.83293 7.83187 7.83065 7.83022 7.82884 7.82869 7.82926 7.82050 7.79621 7.79166 7.80974 7.81045 7.74496 7.73291 7.77511 7.79921 7.79163 7.81517 7.80961 7.82073 7.82509 7.82401 7.82184 7.82272 7.82261 7.82276 7.82327 7.82265 7.82241 7.81939 7.81621 7.81412 7.81818 7.82080 7.82093 7.82060 7.81932 7.81787 7.81709 7.81523 7.81402 7.81196 7.81173 7.81402 7.81558 7.81491 7.81260 7.81165 7.81072 7.81202 7.81340 7.81272 7.81187 7.81122
7.82834 7.82129 7.81245 7.77751 7.79853 7.81450 7.80750 7.79043 7.80665 7.82850 7.83224 7.83294 7.83257 7.83152 7.82975 7.82880 7.82855 7.82864 7.82785 7.82787 7.82225 7.81790 7.80812 7.81777 7.78755 7.78029 7.81389 7.82103 7.81959 7.82319 7.82224 7.82498 7.82476 7.82311 7.82319 7.82294 7.82315 7.82336 7.82285 7.82266 7.82191 7.82008 7.81873 7.81411 7.81527 7.81729 7.81800 7.81822 7.81844 7.81830 7.81769 7.81657 7.81502 7.81280 7.81365 7.80974 7.81132 7.81125 7.80947 7.81109 7.81117 7.80950 7.81156 7.81190 7.81176 7.81123
7.82715 7.82599 7.82407 7.81178 7.79446 7.80833 7.80203 7.80751 7.82420 7.83095 7.83164 7.83182 7.83170 7.83140 7.83018 7.82716 7.82602 7.82634 7.82696 7.82767 7.82697 7.82550 7.82197 7.82501 7.82162 7.81960 7.82221 7.81890 7.82448 7.82455 7.82095 7.82394 7.82388 7.82232 7.82221 7.82133 7.82221 7.82216 7.82263 7.82233 7.82134 7.81990 7.81553 7.81076 7.81558 7.81514 7.81342 7.81423 7.81718 7.81730 7.81472 7.81436 7.81574 7.81507 7.81169 7.81099 7.81143 7.81115 7.81005 7.81090 7.80907 7.80798 7.80912 7.81076 7.81110 7.81046
7.83017 7.82742 7.82697 7.82610 7.82276 7.82454 7.82372 7.82637 7.82928 7.83029 7.83028 7.83018 7.83082 7.83024 7.82986 7.82771 7.82681 7.82568 7.82689 7.82747 7.82692 7.82668 7.82527 7.82493 7.82433 7.82206 7.80998 7.78566 7.81114 7.81351 7.79797 7.81431 7.82158 7.81996 7.82080 7.82021 7.81904 7.81359 7.81979 7.82102 7.82039 7.81803 7.81370 7.81122 7.80972 7.81436 7.81183 7.81232 7.81224 7.81364 7.81249 7.81183 7.81317 7.81410 7.81250 7.81030 7.80859 7.80909 7.80950 7.81066 7.80881 7.80902 7.80868 7.81011 7.81009 7.80917
7.83092 7.82967 7.82908 7.82843 7.82735 7.82829 7.82933 7.82929 7.82929 7.82947 7.82896 7.82924 7.82960 7.82887 7.82787 7.82753 7.82595 7.82618 7.82694 7.82715 7.82655 7.82635 7.82558 7.82341 7.82272 7.81676 7.78161 7.79023 7.77297 7.78522 7.80162 7.79669 7.81325 7.80648 7.81464 7.81866 7.80803 7.77975 7.80524 7.81877 7.81931 7.81795 7.81146 7.80908 7.80971 7.81543 7.81064 7.80844 7.81321 7.81380 7.81215 7.81146 7.81079 7.81084 7.81142 7.81240 7.81121 7.81056 7.81161 7.81129 7.81004 7.80793 7.80854 7.80952 7.80805 7.80678
