mrvbf_slope0.8_pctl1.asc
NCOLS 410
NROWS 410
XLLCORNER 2398750.0000000000000000
YLLCORNER 2548750.0000000000000000
CELLSIZE 250.0000000000000000
NODATA_VALUE -99999.00000
[rows 116 to 144 of 410, columns 0 to 65 of 410]
-99999.00000 -99999.00000 -99999.00000 -99999.00000 -99999.00000 7.46590 7.47425 7.48551 7.44648 7.38628 7.38222 7.44139 7.48223 7.46235 7.35832 7.27996 7.25738 7.43300 7.46077 7.46464 7.48953 7.46956 7.40977 7.36290 7.38056 7.38371 7.36149 7.38026 7.43974 7.48734 7.48650 7.48858 7.50653 7.47183 7.40079 7.36864 7.35919 7.39742 7.32923 7.16011 7.15130 7.27456 7.38340 7.44234 7.46020 7.46077 7.46577 7.47994 7.49885 7.51737 7.52366 7.50624 7.48140 7.45502 7.40986 7.40465 7.39678 7.40418 7.42530 7.46073 7.43117 7.41733 7.45823 7.48633 7.48884 7.46007
-99999.00000 -99999.00000 -99999.00000 -99999.00000 -99999.00000 7.48074 7.48172 7.48768 7.43859 7.38160 7.40544 7.45992 7.45406 7.39741 7.27270 7.27873 7.15180 7.32120 7.41478 7.47066 7.51159 7.49980 7.44516 7.39381 7.36477 7.34606 7.36707 7.41529 7.46118 7.48951 7.47358 7.48475 7.51892 7.49948 7.41424 7.38825 7.41367 7.36113 7.22464 7.14475 7.24679 7.36001 7.43531 7.48119 7.49851 7.48445 7.45561 7.42579 7.42557 7.46262 7.50148 7.50952 7.49187 7.45213 7.34720 7.20881 7.16706 7.24101 7.30381 7.39482 7.38673 7.40343 7.46113 7.47656 7.49448 7.47117
-99999.00000 -99999.00000 -99999.00000 -99999.00000 -99999.00000 7.44595 7.44979 7.46537 7.41829 7.37381 7.41931 7.46289 7.42390 7.33763 7.23499 7.27965 7.20205 7.18146 7.35159 7.46844 7.51481 7.49340 7.43447 7.37052 7.27755 7.24265 7.34157 7.43445 7.46086 7.47165 7.44485 7.45353 7.50673 7.50515 7.42339 7.38267 7.42584 7.31207 7.11307 7.16650 7.35586 7.44101 7.48189 7.50934 7.51730 7.49650 7.45448 7.40100 7.34688 7.35111 7.41289 7.45529 7.43840 7.33770 7.13001 6.94977 6.96212 7.08846 7.19967 7.31305 7.37655 7.41899 7.46067 7.44673 7.45003 7.45248
-99999.00000 -99999.00000 -99999.00000 -99999.00000 -99999.00000 7.39733 7.40475 7.41826 7.37648 7.35366 7.40225 7.44482 7.41124 7.37358 7.39347 7.42788 7.40741 7.31965 7.35468 7.45585 7.49359 7.44941 7.36430 7.25235 7.13132 7.13205 7.27265 7.42349 7.45523 7.44693 7.41012 7.37624 7.45015 7.47723 7.37397 7.35243 7.43506 7.32164 7.01263 7.00668 7.30436 7.45747 7.50273 7.52136 7.51793 7.48759 7.44374 7.40383 7.36659 7.32433 7.34420 7.39479 7.37231 7.21044 7.02837 7.04767 7.05240 7.01930 7.16317 7.27897 7.37556 7.40491 7.42866 7.39762 7.36463 7.37633
-99999.00000 -99999.00000 -99999.00000 -99999.00000 -99999.00000 7.41243 7.42307 7.39449 7.33485 7.33430 7.37197 7.39680 7.42334 7.46154 7.50128 7.51203 7.47898 7.39846 7.41145 7.46032 7.44350 7.39082 7.33526 7.26000 7.22948 7.24107 7.24221 7.38789 7.44406 7.42882 7.42189 7.36460 7.38172 7.45141 7.37285 7.31993 7.35845 7.31058 6.95578 6.83867 7.24860 7.45264 7.50459 7.52135 7.51425 7.47965 7.43078 7.40524 7.42422 7.38035 7.37205 7.39369 7.33873 7.18734 7.13100 7.24442 7.18130 7.07231 7.18728 7.22893 7.27349 7.30305 7.33068 7.32852 7.32092 7.31148
-99999.00000 -99999.00000 -99999.00000 -99999.00000 -99999.00000 7.46222 7.46406 7.37859 7.31704 7.32591 7.30633 7.37275 7.45298 7.47773 7.47801 7.47664 7.44373 7.40894 7.45880 7.47062 7.42885 7.37212 7.34121 7.35940 7.39173 7.32291 7.26793 7.40103 7.44943 7.43057 7.45614 7.41562 7.37157 7.42783 7.40604 7.30020 7.24953 7.18893 6.89562 6.75740 7.24984 7.45175 7.49762 7.50969 7.50373 7.47903 7.43940 7.40789 7.40559 7.39471 7.42223 7.41869 7.33181 7.24585 7.28178 7.35793 7.30135 7.24484 7.24585 7.22200 7.14562 7.22931 7.32281 7.21025 7.24254 7.35796
-99999.00000 -99999.00000 -99999.00000 -99999.00000 -99999.00000 7.49026 7.44494 7.37247 7.35786 7.36445 7.32238 7.40660 7.42815 7.41402 7.37869 7.36553 7.36189 7.39811 7.46270 7.46728 7.44297 7.38478 7.37714 7.41008 7.40200 7.30447 7.33492 7.45277 7.46529 7.43432 7.46555 7.43758 7.38215 7.41280 7.35436 7.16277 7.12744 7.22141 6.99986 6.75706 7.11801 7.41095 7.47440 7.47087 7.45421 7.44442 7.44272 7.43497 7.43239 7.43409 7.44130 7.40284 7.32581 7.28981 7.35263 7.42449 7.39019 7.35133 7.31219 7.27993 7.24683 7.29094 7.29982 7.29710 7.27847 7.38866
-99999.00000 -99999.00000 -99999.00000 -99999.00000 -99999.00000 7.50203 7.45331 7.41126 7.41457 7.39043 7.32653 7.37694 7.39292 7.31583 7.25949 7.26435 7.31635 7.38888 7.44812 7.47199 7.43366 7.39957 7.42689 7.46464 7.40868 7.34443 7.42321 7.49602 7.48447 7.42592 7.43234 7.42379 7.38080 7.38046 7.16275 6.98178 7.12301 7.21243 7.03403 6.79867 6.98853 7.32769 7.41685 7.40006 7.37599 7.37213 7.37780 7.38657 7.38981 7.37452 7.38279 7.36918 7.31921 7.28938 7.33686 7.39610 7.39289 7.39022 7.38604 7.35179 7.26816 7.30485 7.36896 7.33730 7.34331 7.37629
-99999.00000 -99999.00000 -99999.00000 -99999.00000 -99999.00000 7.49573 7.44930 7.41829 7.41065 7.35015 7.28787 7.28994 7.34088 7.28967 7.30927 7.31717 7.33317 7.36086 7.40578 7.44364 7.40677 7.39074 7.44474 7.47647 7.40870 7.40049 7.47716 7.51722 7.50821 7.44406 7.39924 7.38829 7.37024 7.28967 7.05986 7.13138 7.29849 7.16742 6.89316 6.77683 7.03750 7.32451 7.36837 7.34407 7.33600 7.34117 7.34775 7.35275 7.34496 7.32143 7.33048 7.34419 7.30380 7.26322 7.30912 7.38289 7.38115 7.40180 7.43849 7.41340 7.32108 7.26246 7.35141 7.35911 7.35927 7.39167
-99999.00000 -99999.00000 -99999.00000 -99999.00000 -99999.00000 7.48773 7.43319 7.37374 7.30745 7.20802 7.35435 7.27640 7.39476 7.41531 7.40955 7.39427 7.35288 7.31930 7.32333 7.35773 7.35260 7.38378 7.44892 7.45495 7.39257 7.41568 7.49010 7.52213 7.52310 7.48429 7.43300 7.40896 7.40932 7.26916 7.10630 7.24898 7.35020 7.00469 6.71097 6.87173 7.25783 7.35792 7.35628 7.35391 7.37607 7.38884 7.39658 7.39939 7.38178 7.34901 7.31960 7.31417 7.27519 7.26121 7.33921 7.41583 7.36314 7.38346 7.44025 7.44432 7.39864 7.22862 7.27356 7.29991 7.35199 7.39206
-99999.00000 -99999.00000 -99999.00000 -99999.00000 -99999.00000 7.48145 7.45630 7.37269 7.21931 7.13432 7.35580 7.35265 7.44837 7.46910 7.44426 7.41236 7.35689 7.29011 7.24340 7.24944 7.30177 7.38334 7.44782 7.43584 7.37827 7.39293 7.46750 7.50887 7.51529 7.49110 7.46354 7.44161 7.42168 7.27191 7.12968 7.28540 7.37906 7.08334 6.75580 6.82896 7.21146 7.36678 7.39001 7.40697 7.44062 7.45314 7.45481 7.44856 7.41560 7.36892 7.30033 7.27286 7.26973 7.31942 7.40693 7.41787 7.35857 7.38808 7.45122 7.46200 7.42825 7.23754 7.08520 7.20327 7.25504 7.36253
-99999.00000 -99999.00000 -99999.00000 -99999.00000 -99999.00000 7.44652 7.43990 7.35690 7.06357 7.15021 7.30754 7.31431 7.38196 7.42691 7.40801 7.37044 7.32866 7.27246 7.21407 7.20677 7.28155 7.37613 7.43187 7.42272 7.37947 7.35977 7.40950 7.46599 7.47563 7.44167 7.41026 7.37256 7.34945 7.25486 7.10472 7.28267 7.36496 7.19166 6.95012 6.90185 7.18705 7.40395 7.43592 7.43141 7.44881 7.47295 7.47729 7.45413 7.40468 7.36452 7.32472 7.32140 7.34819 7.40530 7.44976 7.41068 7.36105 7.38645 7.44360 7.46465 7.45403 7.35599 7.09879 7.21697 7.17268 7.31633
-99999.00000 -99999.00000 -99999.00000 -99999.00000 -99999.00000 7.38421 7.35048 7.29582 7.16948 7.30279 7.31458 7.37397 7.29618 7.32877 7.33207 7.31898 7.32131 7.31066 7.28717 7.27345 7.30214 7.35700 7.39893 7.41385 7.40045 7.35985 7.33851 7.37574 7.40966 7.40001 7.38161 7.34614 7.26576 7.20637 7.11584 7.29409 7.24004 7.00296 6.82742 6.97999 7.32053 7.44970 7.46081 7.43856 7.43702 7.46373 7.47795 7.45466 7.40365 7.36074 7.38161 7.41870 7.43760 7.46345 7.44547 7.38249 7.34278 7.36441 7.42047 7.45210 7.45675 7.41626 7.29412 7.18561 7.23414 7.27076
-99999.00000 -99999.00000 -99999.00000 -99999.00000 -99999.00000 7.34142 7.26520 7.31518 7.29756 7.38789 7.40352 7.30916 7.24243 7.20016 7.24848 7.30525 7.37312 7.39978 7.40038 7.37479 7.34373 7.34612 7.37394 7.41046 7.42731 7.39759 7.35380 7.33729 7.38108 7.42355 7.38534 7.33419 7.24823 7.15696 7.22340 7.32583 7.14776 6.97028 6.99438 7.14641 7.33891 7.44762 7.47746 7.45708 7.43316 7.45011 7.47111 7.46079 7.42098 7.35219 7.31333 7.35765 7.40831 7.43904 7.39328 7.32961 7.29455 7.32585 7.40891 7.43403 7.43779 7.42172 7.34181 7.21191 7.30367 7.28685
-99999.00000 -99999.00000 -99999.00000 -99999.00000 -99999.00000 7.33746 7.34096 7.33066 7.34250 7.41535 7.39541 7.20007 7.12153 7.06014 7.23488 7.35043 7.43218 7.44692 7.43069 7.40635 7.37801 7.35479 7.36368 7.40805 7.44517 7.43594 7.41404 7.37139 7.37379 7.41532 7.39060 7.25645 7.12008 7.12633 7.25159 7.26742 7.10900 7.11876 7.06388 6.92994 7.09279 7.36009 7.46357 7.46207 7.43043 7.43591 7.46522 7.46584 7.44675 7.40959 7.33651 7.29692 7.29310 7.29611 7.27370 7.25003 7.25084 7.34699 7.44125 7.44302 7.41526 7.37778 7.25644 7.25392 7.26905 7.36948
-99999.00000 -99999.00000 -99999.00000 -99999.00000 -99999.00000 7.42577 7.37447 7.33834 7.40048 7.38403 7.16326 7.01283 6.93252 7.09927 7.30557 7.40879 7.44302 7.43729 7.43288 7.42898 7.41367 7.36948 7.35050 7.39199 7.44049 7.44738 7.44248 7.39508 7.35506 7.37008 7.30204 7.01367 6.97921 7.19431 7.27879 7.13011 7.02185 7.21057 6.99298 6.84744 6.80743 7.15091 7.41692 7.41935 7.35792 7.36505 7.42584 7.46828 7.47972 7.46907 7.41751 7.34866 7.26191 7.20215 7.20813 7.25135 7.33083 7.43189 7.48046 7.47231 7.42265 7.33549 7.22091 7.30362 7.31342 7.37384
-99999.00000 -99999.00000 -99999.00000 -99999.00000 -99999.00000 7.45383 7.41616 7.37913 7.26524 7.21409 7.05122 6.79115 6.98495 7.25256 7.38208 7.44624 7.44105 7.44952 7.46570 7.46127 7.43013 7.35945 7.30418 7.32799 7.38664 7.42919 7.44563 7.41531 7.33695 7.25008 7.03646 6.86509 7.13618 7.33355 7.29331 7.07740 6.99224 7.20762 7.04205 7.10234 6.80053 7.02140 7.36670 7.33697 7.25524 7.32022 7.36162 7.44654 7.48572 7.46223 7.42386 7.40886 7.36157 7.33663 7.34956 7.39022 7.44231 7.48354 7.49876 7.48801 7.44391 7.33445 7.21218 7.35451 7.27973 7.29011
-99999.00000 -99999.00000 -99999.00000 -99999.00000 -99999.00000 7.47235 7.41976 7.30412 7.24666 7.03403 6.75792 6.92172 7.23368 7.36813 7.42412 7.43752 7.43874 7.47044 7.48651 7.45295 7.39752 7.34068 7.26297 7.23448 7.28226 7.37335 7.43279 7.43466 7.36247 7.18873 6.99796 7.08473 7.26059 7.19669 7.10486 7.05686 7.12562 7.28046 7.15444 7.07216 6.92899 7.06884 7.32103 7.28584 7.24730 7.29011 7.34495 7.44925 7.45476 7.39243 7.36037 7.36787 7.38946 7.40391 7.44186 7.46836 7.48590 7.49716 7.49234 7.45441 7.37331 7.22725 7.25028 7.33822 7.19551 7.15634
-99999.00000 -99999.00000 -99999.00000 -99999.00000 -99999.00000 7.44894 7.36064 7.27042 7.23873 6.91605 6.73881 7.12855 7.35857 7.42145 7.43480 7.42046 7.43265 7.47162 7.47761 7.42197 7.37064 7.36719 7.30731 7.23982 7.21244 7.28941 7.39248 7.41903 7.33956 7.18401 7.12773 7.25204 7.17944 7.06249 7.14299 7.19519 7.24026 7.30144 7.26821 7.18520 7.13066 7.16004 7.27476 7.28286 7.32620 7.30463 7.37768 7.44768 7.40028 7.33048 7.36705 7.32948 7.34033 7.34565 7.36375 7.41443 7.45017 7.47755 7.46641 7.38013 7.22859 7.03999 7.08217 7.23146 7.12910 7.06107
-99999.00000 -99999.00000 -99999.00000 -99999.00000 -99999.00000 7.33877 7.31454 7.34530 7.15719 6.76909 6.81586 7.18032 7.36480 7.42731 7.42892 7.40729 7.41568 7.45051 7.45255 7.39295 7.34176 7.36698 7.33727 7.25828 7.19174 7.24533 7.35797 7.38075 7.26809 7.13295 7.16992 7.27284 7.08581 7.08333 7.28823 7.31983 7.28273 7.31943 7.36210 7.30837 7.22983 7.17760 7.21039 7.24528 7.27795 7.21137 7.23812 7.39564 7.42102 7.33503 7.29377 7.34525 7.37643 7.35170 7.25351 7.19620 7.26503 7.40816 7.42114 7.27036 7.09899 6.98374 6.96558 7.08485 7.10521 7.05711
-99999.00000 -99999.00000 -99999.00000 -99999.00000 -99999.00000 7.32134 7.34401 7.30298 7.05444 6.64492 6.78806 7.19260 7.34567 7.41338 7.42567 7.39729 7.37556 7.39166 7.38722 7.32054 7.27964 7.29948 7.20569 7.12471 7.16726 7.28363 7.32623 7.27341 7.12175 7.04416 7.13684 7.20710 6.95916 6.88092 7.16957 7.26605 7.24203 7.29469 7.27076 7.11705 7.05823 7.08321 7.16591 7.21983 7.21974 7.15717 7.07921 7.23031 7.40946 7.40476 7.31441 7.32689 7.37471 7.37084 7.22685 6.95917 6.88536 7.19596 7.33477 7.20811 7.12395 6.94214 6.97647 7.08487 7.13493 7.09703
-99999.00000 -99999.00000 -99999.00000 -99999.00000 -99999.00000 7.09934 7.16190 7.15229 6.96953 6.63860 6.86345 7.21777 7.33837 7.41840 7.42988 7.37277 7.30589 7.28413 7.26993 7.20722 7.18370 7.17948 7.02241 6.95276 7.08813 7.19581 7.17083 7.03526 6.92796 6.98699 7.12043 7.16388 6.92723 6.65998 6.83932 7.00880 7.06138 7.18120 6.99533 6.86104 6.91493 6.99881 7.16081 7.25992 7.27213 7.26111 7.12127 7.16352 7.35444 7.35302 7.18902 7.20479 7.34688 7.34236 7.14012 6.95715 6.75459 6.90379 7.24919 7.27542 7.25507 7.12951 7.07012 7.20150 7.24276 7.16842
-99999.00000 -99999.00000 -99999.00000 -99999.00000 -99999.00000 6.91902 7.10337 7.11727 7.02569 6.84330 7.01119 7.27543 7.38455 7.42504 7.39136 7.30579 7.21897 7.17610 7.16231 7.13895 7.14509 7.16235 7.01129 6.83902 6.89318 7.06091 7.04695 6.88931 6.88173 7.05705 7.19346 7.19418 7.01795 6.68304 6.69958 6.81432 6.70483 6.80412 6.73885 6.86355 6.93939 6.95901 7.15731 7.30372 7.31744 7.24892 7.14488 7.21166 7.26094 7.10297 7.01893 7.14808 7.27986 7.35285 7.15933 7.02697 6.81271 6.86061 7.15574 7.16547 7.26674 7.25751 7.25329 7.28562 7.31290 7.22432
-99999.00000 -99999.00000 -99999.00000 -99999.00000 -99999.00000 6.78990 7.05068 7.23691 7.22475 7.06275 7.16702 7.35696 7.41157 7.39620 7.31589 7.23928 7.20540 7.19982 7.19177 7.19452 7.22880 7.26919 7.19771 7.01155 6.95310 7.11573 7.11766 6.98503 7.04849 7.18920 7.24502 7.17313 7.09864 6.86782 6.81540 6.98889 6.77596 6.63884 6.74192 6.99506 6.93858 6.94617 7.15108 7.28876 7.29286 7.21195 7.19099 7.27152 7.15278 7.03372 7.17478 7.18870 7.26415 7.37436 7.28385 7.13112 7.03515 6.97499 7.11175 7.11187 7.12882 7.09925 7.22645 7.31631 7.33831 7.26518
-99999.00000 -99999.00000 -99999.00000 -99999.00000 -99999.00000 6.77259 6.84643 7.07295 7.11321 7.04180 7.20860 7.36722 7.40632 7.37408 7.27429 7.20234 7.22594 7.28293 7.29186 7.29537 7.33142 7.33451 7.27873 7.16669 7.05552 7.16327 7.18795 7.04634 7.13765 7.15834 7.13786 7.02419 6.88248 6.77628 6.80302 6.99098 6.95521 6.73290 6.73378 6.83459 6.79590 6.89116 7.12221 7.21386 7.22110 7.14061 7.16061 7.20739 7.11128 7.15363 7.21978 7.17727 7.30170 7.40781 7.37293 7.28011 7.27145 7.07772 7.02547 7.16309 6.99854 7.10923 7.25218 7.30745 7.33395 7.30421
-99999.00000 -99999.00000 -99999.00000 -99999.00000 -99999.00000 6.69845 6.77532 6.96129 7.03856 7.10515 7.22468 7.31610 7.35726 7.35063 7.29937 7.22128 7.16662 7.21849 7.28214 7.31529 7.33734 7.31673 7.20639 7.08718 7.11799 7.28585 7.32462 7.15250 7.09248 7.10783 7.05460 7.04109 6.94700 6.83756 6.95483 6.82219 6.80289 6.70357 6.63624 6.57341 6.54258 6.70047 6.95545 7.09256 7.18257 7.12514 7.11458 7.13815 7.14053 7.23060 7.20261 7.19392 7.31507 7.38175 7.35236 7.28676 7.26889 7.16162 7.04038 7.12818 7.10453 7.20128 7.17424 7.14601 7.18607 7.22436
-99999.00000 -99999.00000 -99999.00000 -99999.00000 -99999.00000 6.56755 6.86582 6.82827 7.00356 7.14977 7.12967 7.12559 7.12747 7.13910 7.09607 7.03459 7.03781 7.17163 7.25963 7.27902 7.23717 7.19211 7.10875 7.08986 7.19902 7.32979 7.34620 7.14165 6.89683 6.84375 6.69992 6.70722 6.96132 6.98814 6.77875 6.61130 6.59132 6.63140 6.59811 6.44656 6.35490 6.45244 6.68375 6.92411 7.10853 7.14678 7.15448 7.13222 7.11823 7.16930 7.13329 7.11720 7.19041 7.23611 7.24611 7.26543 7.25634 7.14199 7.11823 7.17768 7.12024 7.06647 6.89868 6.76627 6.78465 6.86698
-99999.00000 -99999.00000 -99999.00000 -99999.00000 -99999.00000 6.66682 6.93704 6.91619 7.01904 7.16418 7.01895 7.03626 7.04078 7.03263 7.01059 6.98191 7.04189 7.23784 7.31477 7.28477 7.20225 7.07478 7.00222 6.97067 6.93992 7.09369 7.20394 6.84305 6.58538 6.71652 6.59467 6.35927 6.56165 6.89185 6.65205 6.56369 6.65158 6.81951 6.80678 6.57472 6.37064 6.37633 6.54007 6.73125 6.92104 7.08275 7.17567 7.10035 7.01317 7.01406 7.00121 7.01102 7.02521 7.06046 7.15814 7.26827 7.25173 7.14081 7.15627 7.16583 6.94052 6.75928 6.59411 6.45539 6.42426 6.50285
-99999.00000 -99999.00000 -99999.00000 -99999.00000 -99999.00000 6.78883 6.83078 6.96329 7.12768 7.17283 6.99476 7.12210 7.23826 7.22638 7.21018 7.22024 7.22753 7.30035 7.34907 7.27637 7.23359 7.15096 7.07578 6.82554 6.66206 6.69317 6.86293 6.62254 6.55461 6.95049 6.82168 6.30397 6.38492 6.70836 6.71692 6.69512 6.91813 7.08474 7.05090 6.83958 6.56689 6.49229 6.56502 6.65119 6.75655 6.93816 7.10681 7.01331 6.92015 6.94306 6.90471 6.91002 6.92660 6.96569 7.06333 7.16395 7.16814 7.09598 7.10215 6.96760 6.71105 6.52797 6.43524 6.38991 6.35130 6.37728
