mrvbf_slope1.1_pctl1.4.asc
NCOLS 410
NROWS 410
XLLCORNER 2398750.0000000000000000
YLLCORNER 2548750.0000000000000000
CELLSIZE 250.0000000000000000
NODATA_VALUE -99999.00000
[rows 348 to 376 of 410, columns 132 to 197 of 410]
5.38620 5.10573 5.14481 5.45749 5.51707 5.43993 5.53539 5.63016 5.60726 5.61657 5.57347 5.32923 5.18459 5.26165 5.25697 5.13978 5.09369 5.15090 5.07841 4.91406 4.86251 4.77182 4.75290 4.74307 4.68523 4.61412 4.57110 4.52873 4.46508 4.41657 4.33831 4.20242 4.09398 4.00509 3.73022 3.47294 3.19050 3.34249 3.70569 3.72397 3.70619 3.67860 3.63154 3.67622 3.89593 3.98805 3.94111 3.96442 4.04549 4.09204 4.09565 4.08113 4.03543 4.00181 4.06272 3.99309 3.96378 3.88161 3.84087 3.88953 3.90916 3.90479 3.91098 3.93575 3.98175 4.04581
5.28185 5.10810 5.21150 5.45607 5.44704 5.46131 5.56321 5.57438 5.57447 5.57804 5.44524 5.25927 5.25941 5.27829 5.29881 5.17193 5.03919 5.04252 5.00467 4.89528 4.76379 4.73605 4.71835 4.69579 4.65937 4.60345 4.54549 4.48228 4.40885 4.37432 4.33144 4.22059 4.07761 3.93340 3.60645 3.23526 2.96947 3.42448 3.67019 3.68299 3.70871 3.61667 3.63871 3.73037 3.92807 3.98656 3.94035 3.94667 3.99426 4.03139 4.05415 4.03757 3.96909 3.92018 3.97685 3.93340 3.89261 3.88325 3.80868 3.80519 3.84772 3.87093 3.90925 3.89732 3.92204 3.97113
5.29706 5.16996 5.18588 5.31472 5.38537 5.48414 5.55026 5.55188 5.53804 5.47653 5.30371 5.18155 5.23107 5.26182 5.27314 5.16887 5.04698 5.01777 4.95782 4.85219 4.77946 4.77663 4.74524 4.69545 4.64515 4.58851 4.50571 4.41875 4.35603 4.31172 4.23001 4.09219 3.96226 3.78825 3.45552 2.71376 2.92639 3.50679 3.59165 3.59467 3.68102 3.66604 3.68431 3.80613 3.93806 3.94290 3.89701 3.90781 3.94030 3.95565 3.95531 3.93867 3.92096 3.93444 3.94448 3.92441 3.87304 3.82625 3.76685 3.77277 3.79305 3.80064 3.83548 3.87029 3.93380 3.95877
5.33475 5.23959 5.22104 5.27032 5.34641 5.44318 5.47493 5.43491 5.35908 5.25963 5.12194 5.07266 5.13221 5.13120 5.13885 5.08479 5.05317 5.04338 4.97712 4.91270 4.87580 4.82606 4.76212 4.68618 4.60883 4.55131 4.48250 4.38304 4.27166 4.18632 4.09238 3.99425 3.83968 3.67685 3.29279 2.41436 3.07569 3.52043 3.45587 3.45454 3.59830 3.70468 3.74174 3.82610 3.88678 3.85108 3.81365 3.83888 3.87722 3.89360 3.86245 3.84633 3.88634 3.89872 3.91499 3.90267 3.87607 3.81990 3.77190 3.78382 3.79053 3.76390 3.79808 3.85209 3.87948 3.91960
5.33070 5.21185 5.18233 5.21020 5.26866 5.32408 5.30900 5.22868 5.14349 5.08553 5.05594 5.08116 5.13291 5.11158 5.09335 5.08722 5.09525 5.04771 5.00618 4.94677 4.87922 4.80725 4.73609 4.66046 4.57286 4.49643 4.43403 4.35046 4.22630 4.10645 3.99146 3.87827 3.78024 3.65092 3.23297 2.19028 3.00666 3.51609 3.44670 3.20947 3.39539 3.58379 3.68613 3.75579 3.77581 3.72766 3.69551 3.72339 3.76954 3.81309 3.78772 3.77308 3.83399 3.84178 3.85069 3.86622 3.85182 3.81444 3.76690 3.76851 3.81001 3.81150 3.84119 3.85636 3.84885 3.87128
5.35056 5.19592 5.08999 5.07863 5.12834 5.15900 5.13188 5.08202 5.06725 5.09072 5.13394 5.15235 5.13466 5.12321 5.11812 5.09992 5.06368 5.03113 4.98579 4.91596 4.83960 4.76649 4.69390 4.62060 4.54248 4.45542 4.36796 4.28047 4.17869 4.05639 3.93047 3.80407 3.72491 3.62606 3.29118 2.11856 2.29463 3.40430 3.50984 3.22540 3.22916 3.43437 3.55112 3.62169 3.63897 3.60261 3.58035 3.61464 3.65479 3.70961 3.73219 3.71922 3.75175 3.78913 3.78337 3.78669 3.79723 3.80448 3.78017 3.76032 3.79989 3.83191 3.85381 3.86780 3.87914 3.88573
5.35581 5.24325 5.13213 5.07059 5.05902 5.05150 5.04419 5.05081 5.08651 5.13781 5.18093 5.18522 5.13659 5.09841 5.08047 5.05797 5.01937 4.97711 4.92064 4.84832 4.77289 4.71123 4.64323 4.57112 4.49780 4.41825 4.32251 4.22581 4.12041 4.00255 3.89038 3.77356 3.66962 3.55186 3.21470 2.48957 2.48388 3.24372 3.43862 3.31950 3.25311 3.31380 3.38163 3.44861 3.48008 3.46849 3.47271 3.52953 3.57412 3.62829 3.67388 3.68005 3.69249 3.72472 3.74667 3.76378 3.77901 3.78341 3.79964 3.77919 3.79038 3.80648 3.82723 3.85405 3.88734 3.92163
5.26519 5.23937 5.20111 5.14753 5.10148 5.06706 5.06763 5.08984 5.11272 5.11532 5.13625 5.15805 5.13081 5.08784 5.03126 4.96986 4.91551 4.87630 4.82487 4.74704 4.68216 4.63714 4.58330 4.51579 4.44351 4.36811 4.28282 4.18193 4.08463 3.97553 3.85970 3.74362 3.61262 3.40592 2.92915 2.75727 2.94691 3.22968 3.41336 3.33740 3.19991 3.07244 3.04972 3.11262 3.19275 3.24175 3.31365 3.39412 3.46547 3.55061 3.58778 3.61366 3.64617 3.68485 3.70979 3.72348 3.75078 3.77266 3.78397 3.80621 3.81309 3.82872 3.85268 3.87869 3.89186 3.91634
5.10148 5.12141 5.12754 5.13125 5.12832 5.11280 5.11453 5.11847 5.09822 5.05893 5.07458 5.09139 5.06204 5.01243 4.93058 4.85901 4.82658 4.78270 4.73559 4.67172 4.60973 4.55952 4.51831 4.45485 4.38292 4.30606 4.22312 4.12869 4.02478 3.91276 3.80070 3.70531 3.58449 3.30890 2.68267 2.47319 2.78364 3.21628 3.20963 3.01224 2.84199 2.63363 2.56490 2.68130 2.86289 2.94807 2.92389 3.05985 3.19095 3.37382 3.47266 3.53297 3.57879 3.62552 3.66369 3.69154 3.72641 3.74997 3.76752 3.78937 3.81981 3.85106 3.87337 3.88563 3.87925 3.88355
4.90324 4.93147 4.94631 4.99703 5.04247 5.03965 5.03974 5.02474 5.00702 5.00949 5.02748 5.00497 4.96062 4.89526 4.81007 4.77783 4.77491 4.72833 4.68005 4.62804 4.54923 4.49900 4.45464 4.38937 4.31606 4.23622 4.14941 4.05204 3.95398 3.85293 3.75618 3.67619 3.57099 3.32817 2.71598 2.23181 2.23504 2.36928 1.84921 1.66810 1.81689 1.81300 1.87616 2.23095 2.69527 2.73765 2.49063 2.86532 3.06234 3.28363 3.42822 3.49494 3.54034 3.57912 3.61681 3.65251 3.68589 3.70835 3.73849 3.77030 3.77983 3.80153 3.82785 3.84285 3.84463 3.85618
4.77384 4.78981 4.78237 4.80513 4.86281 4.90688 4.92857 4.93448 4.94823 4.95842 4.93494 4.87576 4.81520 4.75284 4.71905 4.73233 4.72842 4.68151 4.62149 4.55249 4.48625 4.44424 4.38978 4.31998 4.24371 4.16075 4.07320 3.98129 3.89152 3.80786 3.72311 3.63651 3.50660 3.18385 2.64415 2.23482 1.77469 1.02156 0.71226 0.70015 0.98653 1.09317 1.34069 1.59824 1.96720 2.33774 2.57792 2.83674 3.19764 3.41133 3.47626 3.51495 3.54813 3.56860 3.59277 3.62354 3.65608 3.68285 3.70699 3.74392 3.76239 3.77430 3.79044 3.80710 3.82298 3.83780
4.71993 4.70922 4.69482 4.67029 4.67330 4.71283 4.74227 4.79789 4.85383 4.85290 4.79353 4.71652 4.67781 4.66531 4.68335 4.69745 4.67301 4.61787 4.54468 4.47298 4.42950 4.38629 4.32118 4.24693 4.16787 4.08381 3.99942 3.91763 3.84074 3.76900 3.69044 3.59317 3.41546 2.90608 2.36283 1.93106 1.38373 0.60089 0.49225 0.41854 0.62290 0.63779 0.71458 0.83743 1.38240 2.16970 2.83329 2.99811 3.27460 3.43736 3.49251 3.52442 3.55045 3.56939 3.58675 3.61047 3.63968 3.66783 3.68693 3.70894 3.74057 3.75991 3.77578 3.78900 3.80866 3.81802
4.69394 4.66183 4.65066 4.63034 4.58916 4.56854 4.57297 4.60889 4.69546 4.71001 4.63807 4.59977 4.60824 4.62631 4.64270 4.63083 4.58936 4.53140 4.46015 4.41046 4.37550 4.31963 4.24824 4.17127 4.09162 4.01143 3.93486 3.86402 3.79690 3.72526 3.63790 3.52059 3.29621 2.76459 2.27340 1.90143 1.47450 0.75233 0.38491 1.02713 1.19991 0.85221 1.00932 0.83102 1.20154 1.97677 2.81757 3.06011 3.23947 3.39245 3.46026 3.49921 3.53006 3.55714 3.57974 3.60310 3.63058 3.65663 3.67561 3.68605 3.70438 3.72408 3.74792 3.77379 3.79000 3.79290
4.67310 4.63933 4.61863 4.61419 4.58925 4.53831 4.49055 4.45620 4.50871 4.54771 4.51763 4.53576 4.56653 4.57323 4.56139 4.53537 4.49993 4.44816 4.39102 4.35798 4.31325 4.24718 4.17229 4.09529 4.02028 3.94941 3.88382 3.82233 3.75675 3.67534 3.56972 3.38962 2.98507 2.56298 2.28893 2.01223 1.71152 1.39406 0.85946 1.59357 1.90785 1.79694 1.31343 1.79536 1.87708 2.17264 2.69349 2.95204 3.07711 3.20140 3.32006 3.42199 3.49015 3.53241 3.56208 3.58713 3.61169 3.63862 3.66144 3.67665 3.68964 3.70063 3.72197 3.74885 3.76530 3.77346
4.63972 4.62461 4.59670 4.58237 4.56722 4.53052 4.47835 4.41716 4.40472 4.42898 4.44564 4.48846 4.50795 4.49768 4.46535 4.43871 4.41505 4.37059 4.33395 4.30067 4.24197 4.16983 4.09458 4.02310 3.95862 3.90013 3.84521 3.78896 3.71880 3.62681 3.48617 3.13936 2.65094 2.41266 2.22278 1.94200 1.73849 1.66155 1.63840 2.37640 2.86688 2.49104 2.54761 2.41565 2.32657 2.41164 2.67774 2.89179 2.94899 2.95596 3.09752 3.29976 3.43500 3.49868 3.53079 3.55820 3.58352 3.61026 3.63787 3.66022 3.67947 3.69590 3.71118 3.73130 3.74911 3.76596
4.56584 4.58881 4.58798 4.57201 4.55201 4.51819 4.47307 4.43890 4.43185 4.41085 4.39857 4.42726 4.43584 4.41087 4.36914 4.34295 4.32703 4.30542 4.27951 4.23047 4.16229 4.08896 4.01841 3.95753 3.90762 3.86184 3.81466 3.75942 3.68421 3.58677 3.37540 2.78034 2.45644 2.32427 2.04034 1.59927 1.48159 1.61758 1.86521 2.52895 2.99942 3.01463 2.88796 2.65371 2.52875 2.44829 2.62206 2.89669 3.02477 3.04911 3.07439 3.19122 3.36201 3.44813 3.48464 3.51681 3.54867 3.57946 3.61151 3.64084 3.66430 3.68094 3.69394 3.71276 3.73729 3.75036
4.47726 4.51112 4.56411 4.58797 4.57179 4.53331 4.46663 4.40969 4.42586 4.41235 4.39293 4.37218 4.35219 4.32075 4.27813 4.25679 4.26112 4.25064 4.21095 4.14902 4.07914 4.00991 3.94602 3.89792 3.86296 3.82930 3.78753 3.73094 3.64733 3.53667 3.20619 2.56182 2.29675 2.16906 1.69316 1.30060 0.93852 1.48723 1.84667 1.92508 2.51628 2.91674 2.90984 2.73768 2.58727 2.40666 2.49830 2.81321 3.08408 3.20044 3.16586 3.13839 3.24896 3.35482 3.42189 3.47440 3.51147 3.54627 3.58344 3.61677 3.64282 3.66205 3.67533 3.69008 3.71350 3.72770
4.41391 4.40948 4.48495 4.54930 4.54910 4.51729 4.42883 4.37177 4.39335 4.39663 4.35011 4.32284 4.29206 4.24247 4.19899 4.19569 4.20542 4.18040 4.12889 4.06451 3.99840 3.93747 3.89201 3.85775 3.82635 3.79610 3.75727 3.69691 3.60286 3.44178 2.89301 2.45155 2.22687 2.00157 1.57928 1.48444 1.61183 1.70154 1.33674 1.03764 1.57123 2.26042 2.67991 2.74104 2.71618 2.56043 2.48230 2.68645 2.98321 3.17327 3.18232 3.11526 3.11265 3.22134 3.34817 3.43820 3.48548 3.51804 3.55097 3.58134 3.60886 3.63399 3.65206 3.66803 3.68641 3.70340
4.37107 4.33199 4.39386 4.44539 4.44589 4.43218 4.35405 4.31306 4.31624 4.31869 4.29628 4.27379 4.21808 4.15988 4.12984 4.13054 4.12940 4.09754 4.04546 3.98233 3.92411 3.88389 3.85788 3.83218 3.79914 3.76271 3.71857 3.65247 3.55087 3.28325 2.65196 2.35470 2.14453 1.79960 1.54123 1.62099 1.73608 1.57617 0.66573 0.48099 1.01706 1.64798 2.02262 2.39055 2.69524 2.71490 2.68141 2.75265 2.91971 3.08542 3.12684 3.05813 3.00886 3.08417 3.22829 3.35494 3.43422 3.48074 3.50893 3.53356 3.56167 3.59224 3.61956 3.64096 3.65944 3.67286
4.34306 4.30650 4.32438 4.33638 4.31660 4.28394 4.23841 4.23357 4.19339 4.16932 4.16624 4.17398 4.13376 4.08008 4.05238 4.03783 4.02834 4.00854 3.96781 3.91566 3.87704 3.85358 3.83197 3.80674 3.77341 3.73105 3.67499 3.59984 3.48036 3.04966 2.55104 2.24289 1.89368 1.49736 1.49345 1.67467 1.56840 0.80742 0.43027 0.32151 0.69913 1.35546 1.55089 1.77869 2.32407 2.61020 2.77722 2.92456 2.98688 3.06237 3.07059 2.98852 2.92604 2.92719 2.99880 3.14666 3.31339 3.39094 3.42463 3.45707 3.49633 3.53719 3.57371 3.60473 3.62597 3.63228
4.32912 4.32691 4.32248 4.29012 4.22960 4.15174 4.10496 4.07665 4.06007 4.04059 4.02770 4.03035 4.02995 4.00953 3.99058 3.97259 3.95391 3.93550 3.91007 3.87789 3.85289 3.83491 3.80684 3.77448 3.74022 3.69374 3.62725 3.53563 3.33962 2.76179 2.47959 2.17332 1.57542 1.21629 1.60246 1.82867 1.57806 0.76990 0.51509 0.59199 0.96828 1.22457 1.26333 1.37041 1.86395 2.43239 2.72730 2.93728 3.01462 3.04568 3.01725 2.95394 2.88544 2.76436 2.74393 2.84031 3.04473 3.16613 3.24930 3.32639 3.39659 3.46081 3.51431 3.55358 3.57622 3.57177
4.30732 4.33783 4.33273 4.27873 4.20098 4.09690 4.02187 3.99998 3.99100 3.97245 3.96168 3.95665 3.96033 3.95777 3.95098 3.94075 3.92107 3.89700 3.87467 3.85229 3.83024 3.81047 3.77819 3.74068 3.69849 3.64709 3.57327 3.45591 3.08704 2.64890 2.45452 2.10924 1.38809 1.29675 2.00396 1.75361 1.11983 0.47546 0.69812 1.36074 1.69294 1.42612 1.20173 1.15440 1.53417 2.36564 2.68122 2.86490 2.97121 3.00967 2.99173 2.95457 2.85197 2.66387 2.61576 2.69330 2.82690 2.89792 3.01674 3.13998 3.24293 3.34778 3.43233 3.48079 3.49864 3.48909
4.33928 4.32514 4.29052 4.25203 4.19472 4.11027 4.04303 4.00364 3.98013 3.94982 3.92656 3.91864 3.92073 3.92527 3.92385 3.91555 3.89848 3.87398 3.84713 3.82250 3.79979 3.77759 3.74536 3.70731 3.65475 3.59426 3.50698 3.33105 2.86799 2.63494 2.52848 2.35282 1.89676 1.78578 1.97310 1.57000 0.81962 0.32404 0.75691 1.77183 2.19955 2.08938 1.78477 1.39012 1.53519 2.40432 2.74842 2.91135 2.99142 3.00880 2.98863 2.92269 2.78265 2.71233 2.62635 2.65257 2.75676 2.79146 2.84660 2.94474 3.05818 3.19927 3.31021 3.36925 3.38924 3.39627
4.28051 4.25904 4.23530 4.22297 4.19717 4.13864 4.08625 4.04464 4.01243 3.96363 3.91293 3.88733 3.88114 3.88761 3.89460 3.89067 3.87444 3.85003 3.81723 3.78148 3.76443 3.74075 3.70344 3.65743 3.59382 3.51148 3.37089 3.07414 2.76022 2.63388 2.57666 2.51592 2.23467 1.92264 1.93885 1.69678 1.25073 0.39321 0.93222 2.00329 2.36422 2.19668 1.89054 1.66875 2.01406 2.53816 2.78792 2.92040 2.99640 2.99405 2.94533 2.87329 2.78982 2.72819 2.71673 2.73064 2.74772 2.78391 2.78122 2.80262 2.90193 3.02535 3.11664 3.18826 3.23872 3.27993
4.19414 4.16238 4.16026 4.17433 4.17788 4.12898 4.08932 4.05337 4.02352 3.96884 3.90315 3.86181 3.84679 3.85366 3.86431 3.86006 3.84219 3.81230 3.77241 3.73616 3.71392 3.68848 3.64126 3.57468 3.47752 3.32064 3.05611 2.79548 2.68453 2.62989 2.59976 2.51138 2.22470 1.96057 1.83987 1.64489 1.36214 1.33405 1.76093 1.91151 2.10462 2.08511 1.95301 2.00440 2.38934 2.65025 2.80991 2.88259 2.93774 2.92364 2.83050 2.72789 2.66730 2.65873 2.67876 2.74780 2.77624 2.78927 2.74820 2.75358 2.80399 2.85198 2.89924 2.96867 3.04978 3.12968
4.08419 4.06763 4.06563 4.07739 4.10012 4.07415 4.04313 4.00315 3.97754 3.93160 3.88531 3.84450 3.81558 3.82061 3.82931 3.81745 3.79239 3.76130 3.72894 3.70421 3.66626 3.62368 3.55517 3.43675 3.22800 2.93737 2.76360 2.68633 2.64757 2.62378 2.58038 2.40727 2.09958 1.96499 1.64114 1.40148 1.13890 1.54501 1.40859 1.24905 1.28924 1.92469 2.09831 2.29478 2.53962 2.70241 2.80209 2.82171 2.83161 2.80952 2.71277 2.59565 2.47535 2.45179 2.51231 2.64429 2.75341 2.77897 2.74416 2.72766 2.73637 2.76384 2.79519 2.83817 2.90272 2.98814
4.03485 4.03866 4.01109 3.99857 4.01633 4.02326 4.00359 3.96214 3.92539 3.90006 3.87753 3.84326 3.79713 3.79117 3.78786 3.76405 3.74105 3.72375 3.70302 3.67934 3.62805 3.55528 3.43232 3.17717 2.87114 2.70088 2.65358 2.62724 2.61171 2.59056 2.47684 2.21892 2.16795 2.20140 1.83908 1.62981 1.41714 0.96631 1.14869 1.46792 1.25407 1.89661 2.23359 2.44916 2.62500 2.73365 2.77241 2.75295 2.73282 2.71705 2.63132 2.47136 2.42884 2.44709 2.37342 2.51801 2.68027 2.74701 2.73194 2.69771 2.68464 2.72089 2.75791 2.78307 2.81965 2.87996
4.05778 4.07408 4.01902 3.97929 3.98025 3.99326 3.97569 3.93816 3.90553 3.89549 3.88041 3.84342 3.80343 3.78107 3.75684 3.72399 3.70499 3.68890 3.66688 3.63062 3.56109 3.44412 3.19785 2.82969 2.66229 2.61068 2.58839 2.54179 2.49326 2.42569 2.24662 2.17175 2.24753 1.98972 1.67465 1.55145 1.24562 0.49853 0.81137 1.50314 2.03812 2.28150 2.42809 2.56888 2.69511 2.74778 2.73342 2.68967 2.64489 2.61958 2.57252 2.45506 2.52476 2.59343 2.44723 2.41908 2.61421 2.69197 2.69158 2.66998 2.64348 2.67217 2.72599 2.75239 2.76796 2.79471
4.07076 4.05543 4.01403 3.98659 3.96815 3.95232 3.92593 3.90428 3.89546 3.88381 3.86383 3.83521 3.81259 3.78966 3.75256 3.71788 3.68210 3.64513 3.60731 3.54460 3.43001 3.18735 2.80573 2.61062 2.54535 2.52536 2.47425 2.36109 2.24881 2.21325 2.21013 2.23580 1.97046 1.57186 1.51919 1.23532 0.88551 0.68394 0.92504 1.31738 2.17268 2.41834 2.56797 2.67121 2.73780 2.74099 2.68799 2.63804 2.59085 2.53461 2.50788 2.52451 2.55761 2.63388 2.54981 2.41578 2.54121 2.59100 2.58750 2.59987 2.62875 2.60927 2.66372 2.71238 2.71668 2.71199
