mrvbf_slope1.4_pctl1.5.asc
NCOLS 410
NROWS 410
XLLCORNER 2398750.0000000000000000
YLLCORNER 2548750.0000000000000000
CELLSIZE 250.0000000000000000
NODATA_VALUE -99999.00000
[rows 377 to 405 of 410, columns 66 to 131 of 410]
7.41475 7.42089 7.42602 7.42699 7.42262 7.41290 7.40280 7.39835 7.38962 7.39473 7.39129 7.37272 7.32241 7.29845 7.31655 7.34024 7.35135 7.33782 7.31577 7.31632 7.33472 7.34338 7.34312 7.34001 7.33054 7.30801 7.27197 7.23488 7.25021 7.27307 7.27966 7.28043 7.27344 7.26262 7.27336 7.28996 7.26563 7.21256 7.21866 7.23005 7.22875 7.19068 7.14622 7.12313 7.01224 6.82269 6.63259 6.59512 6.76932 6.88650 6.94504 6.96482 6.91485 6.81701 6.82339 6.87266 6.85443 6.77699 6.66943 6.58617 6.50908 6.45652 6.40056 6.30521 6.23862 6.21978
7.41026 7.41714 7.42198 7.42238 7.41727 7.40959 7.40564 7.40687 7.40565 7.40712 7.39975 7.38476 7.36619 7.34853 7.33573 7.34386 7.35086 7.34577 7.33522 7.34336 7.34945 7.34914 7.34714 7.34259 7.33543 7.32177 7.29123 7.21608 7.17874 7.24037 7.26324 7.24717 7.24574 7.24100 7.24968 7.27466 7.27292 7.23405 7.21507 7.22913 7.22209 7.17910 7.14597 7.14841 7.10391 6.80575 6.61689 6.73047 6.88336 6.99741 7.02679 7.01444 6.92671 6.78678 6.83349 6.89509 6.83234 6.70986 6.52664 6.31844 6.24822 6.33135 6.35277 6.30907 6.24373 6.16038
7.40279 7.41155 7.41705 7.41724 7.41328 7.40766 7.40726 7.40956 7.40318 7.40734 7.38998 7.38600 7.37978 7.37610 7.36362 7.35292 7.35106 7.34861 7.34831 7.35466 7.35744 7.35598 7.35474 7.34373 7.33652 7.32993 7.31650 7.26708 7.15285 7.11503 7.15607 7.18067 7.20284 7.20214 7.22326 7.25188 7.25363 7.22583 7.21010 7.21629 7.20421 7.16935 7.15474 7.16092 7.09872 6.90720 6.83322 6.90640 7.00463 7.04373 7.03088 6.99473 6.88847 6.79489 6.86059 6.87398 6.79645 6.67793 6.50817 6.34265 6.26726 6.31348 6.34694 6.32334 6.24634 6.10904
7.39210 7.40598 7.41459 7.41722 7.41453 7.41084 7.41307 7.41702 7.41302 7.40203 7.39636 7.38945 7.38272 7.38091 7.37641 7.36378 7.35386 7.34972 7.35107 7.35675 7.36031 7.35242 7.34312 7.33899 7.33845 7.33585 7.32499 7.30094 7.25838 7.18232 7.14396 7.16033 7.15568 7.16369 7.19602 7.20942 7.18892 7.15773 7.16845 7.18643 7.17797 7.16136 7.16681 7.16262 7.07456 6.94677 6.95989 7.03672 7.06912 7.06754 7.04414 6.99297 6.89843 6.84815 6.83912 6.81556 6.74926 6.62839 6.53037 6.49294 6.42012 6.37081 6.35900 6.32373 6.23197 6.07168
7.39172 7.41190 7.42068 7.42209 7.41379 7.40515 7.41064 7.41672 7.41582 7.40938 7.39946 7.38564 7.37826 7.37502 7.37052 7.36164 7.35340 7.34849 7.34548 7.34540 7.34532 7.34055 7.33932 7.34208 7.34375 7.34082 7.33052 7.31203 7.28833 7.25389 7.21032 7.15999 7.11746 7.13455 7.14387 7.13114 7.10737 7.12977 7.16748 7.17301 7.15692 7.15103 7.16498 7.14001 7.03545 6.96190 7.00536 7.06122 7.06905 7.05958 7.03641 6.98513 6.91931 6.88297 6.79442 6.75130 6.71211 6.55635 6.49064 6.50870 6.43559 6.36007 6.32494 6.27985 6.17611 6.03070
7.41087 7.42148 7.42260 7.41622 7.40128 7.38135 7.38457 7.40360 7.41213 7.40418 7.38878 7.37088 7.36118 7.35585 7.35278 7.35039 7.34709 7.34214 7.33410 7.32462 7.31632 7.31904 7.33166 7.33949 7.34217 7.33918 7.32987 7.31463 7.29095 7.24962 7.19818 7.14357 7.08505 7.06423 7.04461 7.05419 7.07699 7.13183 7.15231 7.14593 7.12395 7.12558 7.12566 7.07916 7.01672 6.98893 6.99281 7.03160 7.04390 7.03177 7.00184 6.94218 6.87332 6.84506 6.79557 6.70452 6.60831 6.42616 6.34615 6.39158 6.33519 6.25453 6.20924 6.16346 6.07825 5.96100
7.40821 7.41221 7.40857 7.39832 7.38920 7.37320 7.35695 7.38131 7.40111 7.38880 7.36825 7.35077 7.33997 7.33629 7.33766 7.33966 7.33875 7.33353 7.32250 7.30471 7.28077 7.26037 7.27677 7.30898 7.32749 7.33165 7.32333 7.30496 7.27161 7.22467 7.15912 7.10670 7.06939 7.00065 7.00049 7.02431 7.06645 7.08522 7.09230 7.07872 7.08080 7.09714 7.08163 7.01414 6.95438 6.92253 6.90554 6.93947 6.97162 6.96516 6.92487 6.85408 6.75118 6.71479 6.73262 6.65574 6.43696 6.12280 6.04522 6.07232 6.06326 6.02676 5.97348 5.91347 5.90331 5.85542
7.35699 7.36840 7.37553 7.38288 7.38711 7.38120 7.35409 7.36538 7.38124 7.36386 7.34845 7.34028 7.33495 7.33478 7.33636 7.33604 7.33352 7.32799 7.31675 7.29645 7.27212 7.25116 7.24468 7.27151 7.30558 7.32059 7.31539 7.29582 7.26297 7.23651 7.19677 7.11898 7.07239 7.02717 7.01730 7.01666 7.04240 7.04873 7.04231 7.04760 7.07132 7.08283 7.06470 6.98901 6.90424 6.85291 6.81907 6.83571 6.86584 6.85631 6.80530 6.73715 6.63720 6.57095 6.59984 6.54247 6.21912 5.79639 5.67169 5.76363 5.74635 5.69571 5.58929 5.49679 5.50031 5.60535
7.28826 7.30707 7.34114 7.37175 7.38300 7.37020 7.35758 7.37154 7.35174 7.33271 7.33635 7.34893 7.34649 7.34071 7.34044 7.33996 7.33650 7.33096 7.32195 7.30468 7.28185 7.25493 7.23409 7.25843 7.29062 7.30707 7.30635 7.29279 7.26708 7.23291 7.20581 7.16939 7.10692 7.06670 7.03554 7.02177 7.01527 7.02189 7.04192 7.05602 7.06600 7.06988 7.05431 7.00276 6.91058 6.83202 6.77253 6.77366 6.79223 6.75291 6.69172 6.64330 6.58305 6.49824 6.48588 6.41436 6.03635 5.66597 5.80435 5.85243 5.72966 5.54500 5.32830 5.20295 5.12160 5.13623
7.28491 7.29166 7.32207 7.35082 7.36264 7.36140 7.35428 7.34177 7.31871 7.30483 7.33839 7.36559 7.35861 7.33818 7.33864 7.34994 7.34949 7.34472 7.33900 7.32342 7.28653 7.22007 7.19515 7.23355 7.26642 7.28580 7.29016 7.28446 7.27371 7.23961 7.19354 7.16881 7.16255 7.13851 7.08065 7.02847 7.01142 7.00961 7.02650 7.04330 7.03499 7.03548 7.02538 7.00054 6.93166 6.81970 6.71967 6.70865 6.71184 6.63987 6.58748 6.56804 6.50007 6.36207 6.32070 6.24569 6.01351 5.73259 5.71479 5.82306 5.76043 5.53930 5.31883 5.11029 4.98038 4.88607
7.33588 7.32028 7.32603 7.34609 7.35398 7.32944 7.25857 7.25857 7.29282 7.32984 7.35305 7.36922 7.36010 7.32271 7.33319 7.36319 7.36559 7.36149 7.35803 7.34285 7.30369 7.21805 7.13234 7.16269 7.22364 7.26075 7.26830 7.25458 7.23368 7.21570 7.19322 7.16863 7.17116 7.14838 7.08515 7.01899 7.00634 7.02502 7.03521 7.02764 6.99372 6.97400 6.96625 6.96300 6.92329 6.78656 6.59102 6.55519 6.52928 6.47839 6.48761 6.48260 6.39022 6.25581 6.09903 6.05541 5.97325 5.77223 5.62296 5.58809 5.50732 5.29968 5.06319 4.86574 4.83891 4.84604
7.38235 7.35553 7.34424 7.35722 7.36348 7.31900 7.26841 7.27244 7.33203 7.35217 7.36799 7.38346 7.36833 7.31816 7.32024 7.35770 7.36940 7.36892 7.36711 7.34991 7.31485 7.27609 7.18594 7.15213 7.20425 7.25246 7.25814 7.22742 7.17877 7.14456 7.15240 7.14730 7.12146 7.04484 6.97538 6.94663 6.94683 7.00904 7.05038 7.02048 6.98223 6.94039 6.90740 6.90482 6.88316 6.75482 6.47174 6.16097 6.28398 6.35265 6.37930 6.34946 6.24157 6.16796 6.04915 5.90992 5.76244 5.53440 5.34490 5.16651 4.91789 4.70971 4.62054 4.60617 4.63112 4.72059
7.37593 7.35865 7.36424 7.37099 7.37874 7.33651 7.33351 7.32507 7.33904 7.35357 7.37087 7.38256 7.38177 7.35263 7.31435 7.34309 7.36904 7.37519 7.37448 7.35905 7.32560 7.31013 7.25764 7.19656 7.21517 7.26084 7.26270 7.22298 7.18429 7.15000 7.15039 7.12937 7.06658 6.99556 6.97809 6.92519 6.85605 6.91891 7.00579 6.99861 6.99545 6.95408 6.89036 6.87097 6.84220 6.69040 6.22788 5.63676 6.02674 6.21262 6.15559 6.12205 6.09278 5.99267 5.93305 5.75302 5.49797 5.21460 4.83893 4.28948 4.06106 4.16182 4.43433 4.57140 4.54634 4.56788
7.36034 7.37476 7.39555 7.38926 7.35754 7.33110 7.34068 7.31903 7.28025 7.26642 7.29512 7.34070 7.36892 7.36171 7.33411 7.34293 7.37030 7.37865 7.37701 7.36490 7.33658 7.32339 7.28758 7.22479 7.22284 7.26315 7.26384 7.22209 7.20898 7.19573 7.16606 7.12635 7.08801 7.06637 7.07973 7.02845 6.89695 6.87341 6.94970 6.98609 7.00140 6.94617 6.89543 6.85530 6.77178 6.44445 5.44282 4.78963 5.18930 5.81639 5.81975 5.88057 5.94991 5.83738 5.69502 5.49763 5.18143 4.73300 4.00914 3.67568 3.79680 4.08414 4.30301 4.43839 4.46555 4.42045
7.37655 7.37945 7.39821 7.39694 7.35271 7.34267 7.34338 7.31418 7.25910 7.21709 7.21758 7.25699 7.29157 7.25410 7.23133 7.30409 7.35484 7.37026 7.37354 7.36094 7.33385 7.32719 7.29239 7.22583 7.21664 7.25770 7.26250 7.22003 7.20210 7.20519 7.15491 7.12414 7.13087 7.10154 7.07701 7.09318 7.00669 6.94566 6.97069 6.96979 6.94632 6.90386 6.89476 6.80598 6.59536 5.81750 4.74966 4.57593 4.09609 4.91868 5.33752 5.50803 5.65809 5.62933 5.43295 5.13603 4.69606 4.02082 3.52335 3.65569 4.16197 4.26139 4.24767 4.40205 4.31726 4.24709
7.37404 7.36730 7.37398 7.39459 7.36946 7.35201 7.36853 7.35934 7.34615 7.34463 7.31628 7.31008 7.28445 7.22220 7.24052 7.30205 7.33924 7.35691 7.36656 7.35588 7.32740 7.32272 7.28907 7.22251 7.19264 7.22626 7.23654 7.19550 7.16519 7.16310 7.13043 7.11793 7.10667 7.06717 7.07138 7.09563 7.04858 7.00485 6.99427 6.97847 6.90515 6.84145 6.84165 6.72346 6.45269 5.69382 5.25337 5.40958 4.05350 4.00915 4.50211 4.85269 5.16078 5.20799 4.95989 4.45354 3.78538 3.31344 3.31467 3.93031 4.39290 4.34265 4.40035 4.39979 4.27167 4.21184
7.37545 7.35981 7.37810 7.39167 7.38549 7.35119 7.35564 7.37796 7.37858 7.35631 7.36250 7.37497 7.35344 7.32131 7.32259 7.33296 7.33691 7.34884 7.36315 7.35782 7.33131 7.31020 7.29039 7.23065 7.12372 7.07946 7.09784 7.09643 7.12046 7.14017 7.14370 7.13702 7.09268 7.03761 7.03421 7.04416 7.03508 7.02031 6.94909 6.92454 6.88792 6.81044 6.74968 6.70896 6.56881 6.15249 5.54312 5.41777 4.72089 3.89763 3.82686 4.07997 4.49493 4.62516 4.18637 3.41484 2.91342 2.80607 3.21738 3.97294 4.33421 4.33496 4.42735 4.37483 4.32769 4.24560
7.36046 7.36498 7.39113 7.39646 7.38079 7.33833 7.34405 7.38480 7.38567 7.36921 7.38726 7.39497 7.38905 7.36750 7.35522 7.35906 7.35171 7.34385 7.35163 7.35019 7.33258 7.30740 7.27688 7.19639 7.01787 6.80599 6.83350 6.99362 7.11271 7.16671 7.17619 7.15914 7.13114 7.13196 7.08467 7.04737 7.03253 6.99906 6.90305 6.72833 6.69259 6.62983 6.62377 6.67611 6.64463 6.37530 5.55688 4.87105 5.02177 4.55832 3.73576 3.59107 3.82921 3.86317 3.22753 2.72936 2.58441 2.76006 3.20140 3.67467 4.03833 4.10940 4.29934 4.35927 4.37453 4.23871
7.28609 7.32632 7.37855 7.39569 7.36239 7.32763 7.36519 7.39867 7.39495 7.36076 7.37502 7.39811 7.39734 7.39061 7.38172 7.37299 7.35885 7.33521 7.32539 7.31896 7.29060 7.24706 7.19384 7.11394 6.99867 6.86113 6.85911 6.99924 7.12248 7.18766 7.19266 7.15754 7.13452 7.15524 7.09823 7.06212 7.03274 6.96983 6.85583 6.65259 6.46237 6.40679 6.46901 6.52176 6.52554 6.38923 5.73051 4.66159 4.83029 5.20008 4.11865 3.46280 3.31484 3.12371 2.71060 2.51494 2.61280 3.00815 3.26622 3.36375 3.75691 3.95206 4.24703 4.34721 4.33662 4.20560
7.31554 7.31584 7.36240 7.39862 7.37125 7.36709 7.38602 7.38187 7.37561 7.36292 7.37407 7.39731 7.39722 7.38884 7.37129 7.36133 7.35598 7.34017 7.32038 7.29636 7.25073 7.20531 7.18921 7.18101 7.15370 7.15057 7.09384 7.09326 7.13957 7.17571 7.17268 7.11474 7.09128 7.11796 7.06713 7.02784 6.99029 6.88418 6.72741 6.63895 6.51967 6.43748 6.47106 6.46196 6.35492 6.12196 5.46975 4.55531 4.60065 5.15207 4.43000 3.52799 2.99540 2.71191 2.53473 2.43766 2.53674 2.61695 2.90329 3.02440 3.32934 3.66722 4.12247 4.20407 4.20141 4.13595
7.35929 7.35612 7.36822 7.39598 7.38840 7.38042 7.37968 7.38242 7.38464 7.38090 7.39688 7.39910 7.38971 7.36903 7.35470 7.36212 7.36257 7.35469 7.34020 7.31202 7.26999 7.26301 7.28376 7.28383 7.24381 7.21903 7.21320 7.19662 7.19337 7.16290 7.09685 7.02407 7.05896 7.10043 7.04907 6.98678 6.82760 6.51694 6.39024 6.53387 6.64124 6.61217 6.58936 6.57760 6.41104 5.94503 5.14939 4.56708 4.71301 5.00859 4.46356 3.34025 2.84001 2.57824 2.45370 2.23604 1.74008 1.07076 1.47454 2.28528 2.79444 3.22306 3.76723 3.91597 4.11635 4.10650
7.36831 7.38422 7.38983 7.38926 7.40300 7.40441 7.40177 7.40906 7.41014 7.40637 7.40044 7.38640 7.36070 7.33671 7.34965 7.36462 7.36437 7.35931 7.34956 7.32286 7.28723 7.29701 7.32168 7.32715 7.31033 7.27686 7.27270 7.26461 7.24700 7.15508 7.04472 7.03113 7.12072 7.13314 7.06579 6.97398 6.47512 5.94187 5.84174 6.09811 6.55418 6.68482 6.68202 6.70220 6.55665 6.15609 5.64008 5.24987 4.91223 4.91563 4.20153 2.74067 2.81075 2.70107 2.33387 1.85577 0.99839 0.44313 0.61669 1.40908 2.31899 2.87306 3.30057 3.63825 3.99179 4.02913
7.40216 7.40472 7.39191 7.37609 7.38234 7.39774 7.40650 7.41251 7.41006 7.40171 7.38446 7.34823 7.30936 7.30817 7.33500 7.35043 7.35777 7.35590 7.34768 7.31912 7.27630 7.30422 7.32836 7.34100 7.33498 7.31165 7.30450 7.29238 7.24359 7.14340 7.11756 7.14543 7.15264 7.14789 7.08985 6.90008 6.26253 5.91863 5.82129 5.71628 6.05865 6.50323 6.68831 6.75134 6.62618 6.41594 6.14573 5.42763 4.45215 4.30867 3.67163 3.01215 2.37233 2.60481 2.04436 1.48983 0.48290 0.40936 0.54985 1.17884 2.07187 2.79336 3.18463 3.52953 3.69456 3.69707
7.41667 7.40144 7.37553 7.36433 7.35410 7.37378 7.39641 7.40606 7.40158 7.38725 7.35060 7.28811 7.26779 7.28847 7.29894 7.32618 7.34803 7.34704 7.33493 7.29768 7.26630 7.31631 7.33471 7.34551 7.33092 7.31867 7.29921 7.29397 7.22588 7.17166 7.20255 7.18888 7.15184 7.13846 7.08885 6.88233 6.15407 6.14709 6.61050 6.14238 5.84589 6.20995 6.61113 6.69440 6.58032 6.50593 6.29203 5.47615 4.42121 4.15131 3.47755 2.41855 1.80559 1.98126 1.69263 1.05937 0.63859 1.05299 0.82875 1.21357 1.91877 2.88760 3.50254 3.79002 3.73187 3.53164
7.40869 7.37136 7.34220 7.34600 7.32809 7.33795 7.38131 7.39579 7.38935 7.36419 7.28666 7.20087 7.21542 7.24140 7.23049 7.27123 7.31963 7.30956 7.26748 7.22857 7.25892 7.32323 7.34392 7.35006 7.33816 7.32200 7.30702 7.29703 7.23850 7.20212 7.21171 7.19627 7.09942 7.05594 7.06030 6.99654 6.74338 6.38990 6.62231 6.64578 6.37242 6.10175 6.38837 6.36184 6.25527 6.32878 6.30608 5.78820 4.65023 3.51407 1.61197 0.84947 1.37418 1.53773 1.42781 1.08732 1.34371 1.77743 1.08942 1.29186 1.81666 2.90107 3.88646 4.19534 4.14055 3.98556
7.36500 7.31227 7.31416 7.34195 7.32113 7.28679 7.33119 7.36534 7.35936 7.28719 7.12081 7.06775 7.13339 7.15429 7.12655 7.17425 7.23838 7.17579 7.10343 7.14250 7.22153 7.28184 7.33163 7.34999 7.34559 7.33155 7.31063 7.28488 7.25503 7.21912 7.17427 7.12270 7.09133 7.09291 7.09094 7.10939 7.04783 6.94335 6.91090 6.92625 6.80522 6.39763 5.92360 5.71072 5.86694 5.90901 5.96878 5.84220 4.77671 3.54457 1.89651 1.08097 1.45758 1.04003 0.84880 1.23430 2.13538 1.86645 1.18703 1.38580 1.73105 2.63392 3.99678 4.42220 4.47234 4.34707
7.29770 7.27810 7.33247 7.35650 7.34315 7.30224 7.27816 7.27348 7.19654 6.91903 6.79582 6.97208 7.09438 7.10265 7.04520 7.12396 7.16572 7.00685 6.99619 7.15046 7.22301 7.22207 7.28772 7.34255 7.33777 7.31341 7.28705 7.25395 7.23607 7.21029 7.13184 7.06719 7.13828 7.16980 7.14836 7.16699 7.13395 7.12434 7.12365 7.10550 6.97804 6.56587 5.82140 5.63272 6.03739 5.75886 5.41278 5.09380 4.59902 4.26147 3.38075 1.89582 1.41019 0.62271 1.02872 2.39525 3.16712 3.35226 1.95949 1.43925 1.62624 2.16112 3.69943 4.44789 4.49821 4.27854
7.26434 7.28744 7.35984 7.36776 7.34707 7.32967 7.28590 7.18593 6.86247 6.30571 6.62521 6.99431 7.12157 7.11819 7.03313 7.10782 7.13263 6.93245 7.00139 7.17965 7.24070 7.22150 7.25809 7.32649 7.31788 7.28661 7.26360 7.23155 7.20350 7.16439 7.08312 7.06772 7.15993 7.18221 7.17792 7.18887 7.14703 7.11977 7.10405 7.09622 6.92061 6.57301 6.13029 5.94697 6.27435 5.93872 5.35131 4.53081 4.89924 4.75663 4.06510 2.59394 1.67447 1.31068 0.89761 2.40295 4.34367 4.61345 3.08822 1.58242 1.48769 1.84123 3.29422 4.46131 4.55844 4.26350
-99999.00000 -99999.00000 -99999.00000 -99999.00000 -99999.00000 -99999.00000 -99999.00000 -99999.00000 -99999.00000 -99999.00000 -99999.00000 -99999.00000 -99999.00000 -99999.00000 -99999.00000 -99999.00000 -99999.00000 -99999.00000 -99999.00000 -99999.00000 -99999.00000 -99999.00000 -99999.00000 -99999.00000 -99999.00000 -99999.00000 -99999.00000 -99999.00000 -99999.00000 -99999.00000 -99999.00000 -99999.00000 -99999.00000 -99999.00000 -99999.00000 -99999.00000 -99999.00000 -99999.00000 -99999.00000 -99999.00000 -99999.00000 -99999.00000 -99999.00000 -99999.00000 -99999.00000 -99999.00000 -99999.00000 -99999.00000 -99999.00000 -99999.00000 -99999.00000 -99999.00000 -99999.00000 -99999.00000 -99999.00000 -99999.00000 -99999.00000 -99999.00000 -99999.00000 -99999.00000 -99999.00000 -99999.00000 -99999.00000 -99999.00000 -99999.00000 -99999.00000
