mrvbf_slope0.8_pctl0.8.asc
NCOLS 410
NROWS 410
XLLCORNER 2398750.0000000000000000
YLLCORNER 2548750.0000000000000000
CELLSIZE 250.0000000000000000
NODATA_VALUE -99999.00000
[rows 348 to 376 of 410, columns 66 to 131 of 410]
4.23138 4.30245 4.10321 3.93341 4.07111 4.18773 4.24993 4.25955 4.39122 4.41093 4.39470 4.33157 4.27065 4.31868 4.39457 4.40834 4.43175 4.49974 4.50206 4.44812 4.36978 4.37727 4.33074 4.33300 4.36108 4.34813 4.38488 4.48907 4.49827 4.47589 4.44906 4.34853 4.15597 4.26976 4.36425 4.31647 4.26644 4.28459 4.30222 4.37194 4.44130 4.46928 4.43203 4.36502 4.34803 4.39213 4.46852 4.52290 4.53937 4.53517 4.52090 4.52358 4.55435 4.59264 4.60953 4.58335 4.54299 4.50264 4.45276 4.48036 4.56542 4.58954 4.57395 4.59173 4.62418 4.60216
4.18446 4.23555 4.27486 4.15289 4.30131 4.34684 4.32789 4.29065 4.40204 4.42292 4.35119 4.28796 4.11914 4.25466 4.40636 4.42724 4.44090 4.45910 4.45462 4.48144 4.42232 4.38531 4.34374 4.36679 4.41548 4.34166 4.32976 4.42440 4.49309 4.50904 4.44847 4.31256 4.25402 4.42789 4.45610 4.40478 4.35234 4.31092 4.31645 4.36533 4.41881 4.44460 4.43466 4.38514 4.33694 4.31907 4.35057 4.42937 4.49813 4.51939 4.49497 4.48860 4.50203 4.52976 4.54415 4.52855 4.50836 4.49697 4.47123 4.49819 4.57862 4.58938 4.58428 4.61913 4.63662 4.57382
4.19430 4.26222 4.34273 4.18265 4.30769 4.37780 4.35435 4.36778 4.45624 4.44065 4.37973 4.24965 4.06394 4.20592 4.25541 4.20750 4.25689 4.37164 4.37817 4.39956 4.39107 4.36176 4.35283 4.42301 4.47370 4.38649 4.33065 4.36426 4.42662 4.46589 4.43910 4.34664 4.27532 4.33727 4.29546 4.20386 4.15533 4.15876 4.19036 4.23599 4.34206 4.43721 4.45472 4.38957 4.30835 4.22508 4.18038 4.26928 4.38900 4.46326 4.44134 4.45352 4.47653 4.48589 4.47265 4.47336 4.51187 4.51914 4.48603 4.50988 4.58418 4.58636 4.57703 4.61520 4.62390 4.56211
4.20024 4.28022 4.26560 4.18604 4.37565 4.43618 4.36094 4.35372 4.40392 4.39595 4.34691 4.23533 4.06298 4.16256 4.16047 4.23853 4.21852 4.28203 4.28545 4.28206 4.29683 4.32599 4.40687 4.48826 4.50652 4.42648 4.35567 4.33909 4.36766 4.40136 4.40803 4.37019 4.30499 4.31028 4.28796 4.26789 4.22363 4.13665 4.05847 4.05131 4.21309 4.37464 4.36917 4.33244 4.29798 4.26916 4.20918 4.17100 4.23926 4.32887 4.34725 4.42993 4.47996 4.46493 4.43744 4.45177 4.48956 4.49120 4.45939 4.48485 4.55943 4.56805 4.56657 4.60529 4.61238 4.56247
4.25693 4.30016 4.26118 4.23906 4.37547 4.33321 4.31910 4.31330 4.37896 4.38463 4.35240 4.28959 4.16755 4.27205 4.31786 4.39433 4.37223 4.28023 4.22235 4.22025 4.28423 4.39167 4.49019 4.54891 4.52416 4.43723 4.36241 4.33076 4.34492 4.37222 4.40028 4.42882 4.43806 4.44920 4.42475 4.38885 4.38089 4.28358 4.09306 3.98833 4.08978 4.24714 4.27184 4.29697 4.30729 4.34344 4.31768 4.21374 4.16542 4.17744 4.27982 4.40215 4.42407 4.43184 4.44578 4.47598 4.49480 4.48268 4.43827 4.45465 4.51720 4.53859 4.56143 4.59661 4.60053 4.56560
4.28112 4.33358 4.32430 4.25011 4.32146 4.32867 4.39797 4.35281 4.39194 4.41469 4.40202 4.27754 4.29506 4.35547 4.38728 4.37195 4.34359 4.26840 4.27332 4.29465 4.32988 4.42526 4.52616 4.55821 4.49555 4.40499 4.35142 4.33581 4.35016 4.36888 4.37995 4.39912 4.44793 4.51150 4.48935 4.41658 4.39528 4.38817 4.22113 4.08599 4.16105 4.23455 4.25278 4.27371 4.26718 4.28948 4.30967 4.25589 4.19377 4.19588 4.26229 4.27325 4.31398 4.40647 4.46044 4.48993 4.50756 4.47569 4.43385 4.45897 4.48311 4.50933 4.55339 4.57656 4.58258 4.57340
4.08737 4.15109 4.16253 4.14280 4.23788 4.37044 4.44006 4.41093 4.38990 4.44445 4.42982 4.36137 4.35863 4.36326 4.33070 4.32052 4.32166 4.31713 4.37271 4.36301 4.32767 4.42416 4.55429 4.53878 4.42403 4.34039 4.34435 4.35279 4.37316 4.38492 4.36868 4.34825 4.38890 4.48679 4.52116 4.46512 4.39494 4.32280 4.23092 4.23179 4.30443 4.30575 4.25294 4.25354 4.25943 4.27319 4.28912 4.25507 4.22619 4.23312 4.16719 4.11663 4.27810 4.37482 4.39722 4.42922 4.47346 4.45606 4.42101 4.43831 4.43109 4.44083 4.49885 4.54672 4.56312 4.56547
4.08404 4.11747 4.11902 4.08787 4.16352 4.31191 4.39858 4.43170 4.40798 4.44132 4.47516 4.46401 4.40346 4.37809 4.30346 4.37079 4.41692 4.41421 4.40238 4.30834 4.29877 4.45384 4.56560 4.48722 4.31847 4.28517 4.31450 4.33272 4.39612 4.42485 4.39072 4.33248 4.31282 4.40270 4.49818 4.51375 4.44213 4.31517 4.28132 4.35759 4.34753 4.26154 4.19062 4.22753 4.26735 4.32380 4.33811 4.26673 4.22600 4.18661 4.04540 3.99773 4.13561 4.24713 4.30879 4.33693 4.43757 4.46626 4.41252 4.38378 4.36856 4.36506 4.39436 4.47298 4.52368 4.53635
4.26916 4.30761 4.29485 4.22575 4.24419 4.30351 4.37874 4.39524 4.38455 4.43464 4.52521 4.53842 4.45618 4.39314 4.38081 4.40539 4.37124 4.31767 4.27710 4.18721 4.34849 4.52713 4.54965 4.40113 4.21432 4.30543 4.22680 4.29830 4.42837 4.45371 4.40858 4.36021 4.30768 4.33791 4.43278 4.45902 4.36898 4.19022 4.15462 4.25249 4.27339 4.20969 4.20973 4.23072 4.22830 4.30892 4.34306 4.29796 4.26615 4.21197 4.05806 3.88764 3.92127 4.11707 4.21241 4.20305 4.32535 4.42974 4.43100 4.39078 4.35040 4.32950 4.31829 4.36849 4.43752 4.46925
4.26164 4.34591 4.31994 4.31379 4.31353 4.26994 4.29061 4.33727 4.38347 4.47334 4.57715 4.54053 4.44679 4.40252 4.45733 4.37000 4.27628 4.28546 4.24198 4.30420 4.47888 4.53880 4.42284 4.20776 4.12938 4.29304 4.20863 4.33022 4.42486 4.38486 4.36874 4.38090 4.34329 4.34794 4.40738 4.40117 4.24615 4.04764 3.99664 4.14782 4.30407 4.32070 4.35346 4.30183 4.23775 4.25101 4.30044 4.34467 4.33066 4.31088 4.18400 3.98009 3.92117 4.02497 4.11528 4.03200 4.03171 4.25848 4.35170 4.34254 4.33309 4.32684 4.29383 4.31688 4.35204 4.37401
4.30185 4.39605 4.37201 4.32023 4.23293 4.15897 4.28065 4.38507 4.44745 4.51333 4.56863 4.49129 4.41290 4.42980 4.46819 4.31569 4.14732 4.14635 4.23254 4.33641 4.45307 4.37263 3.99566 3.82265 3.97539 4.13310 4.04103 4.17345 4.29267 4.25049 4.27639 4.32214 4.34917 4.39184 4.42005 4.40449 4.25351 4.19878 4.20648 4.15810 4.29994 4.37685 4.37312 4.37690 4.34132 4.23688 4.22769 4.29160 4.35967 4.35700 4.24297 4.15105 4.03625 4.05822 4.17107 4.09267 3.93162 3.99801 4.16913 4.24481 4.31640 4.30072 4.24464 4.27390 4.30648 4.31190
4.16405 4.26678 4.32509 4.24210 4.12801 4.11733 4.29645 4.40798 4.44531 4.45745 4.45997 4.39749 4.36057 4.42460 4.43025 4.30750 4.13475 3.99461 3.95846 4.02696 4.15658 3.95150 3.71894 3.84688 4.03328 4.06781 3.94757 4.07508 4.26557 4.25497 4.19854 4.19597 4.34768 4.42007 4.40733 4.40286 4.30792 4.21815 4.30642 4.16247 4.17094 4.31849 4.39550 4.42019 4.37607 4.27948 4.14585 4.21764 4.37962 4.32537 4.26437 4.25948 4.11446 4.13983 4.29743 4.27982 4.11453 3.97173 4.05990 4.16804 4.24658 4.21322 4.15400 4.17686 4.26344 4.29946
4.13441 4.24087 4.28830 4.23972 4.10641 4.00803 4.15108 4.32193 4.40925 4.42075 4.38070 4.33083 4.34203 4.40375 4.39387 4.38345 4.33845 4.23590 4.09196 3.95231 3.93528 3.89007 3.93905 4.16997 4.30904 4.25099 4.03024 4.10654 4.36881 4.34453 4.19675 4.17222 4.36904 4.37522 4.32389 4.31327 4.27742 4.13832 4.17833 4.12790 4.05591 4.13140 4.27127 4.38002 4.35848 4.31014 4.15797 4.06083 4.23626 4.29465 4.29433 4.29770 4.15043 4.20123 4.36760 4.32303 4.21699 4.07361 4.09767 4.20222 4.25097 4.18887 4.11748 4.10812 4.20359 4.28731
4.18960 4.30800 4.36591 4.34162 4.24573 4.14295 4.16552 4.30625 4.42581 4.45037 4.38166 4.33834 4.36614 4.43242 4.44451 4.47005 4.48515 4.46109 4.39910 4.27562 4.15531 4.18663 4.25161 4.30399 4.38506 4.20734 4.01586 4.23912 4.44830 4.41135 4.31845 4.29449 4.35788 4.27086 4.19691 4.22212 4.19329 4.06226 4.18917 4.23238 4.18273 4.14921 4.11696 4.17271 4.27600 4.28323 4.22788 4.04616 4.05456 4.26051 4.32114 4.33070 4.20249 4.24539 4.36111 4.28321 4.26676 4.22463 4.20338 4.29481 4.34946 4.30211 4.19282 4.08892 4.14520 4.26346
4.19763 4.32547 4.34708 4.34548 4.30138 4.22922 4.22822 4.33157 4.45406 4.46094 4.38422 4.37011 4.42203 4.50055 4.51141 4.52984 4.55779 4.54786 4.52216 4.48367 4.43322 4.39380 4.41123 4.33249 4.31131 4.16790 4.17844 4.38613 4.48586 4.45709 4.40247 4.38014 4.35366 4.16422 4.08398 4.18333 4.25832 4.18901 4.32140 4.34975 4.31859 4.32255 4.26094 4.14584 4.15493 4.16035 4.21769 4.15477 4.00908 4.10956 4.30102 4.34227 4.26351 4.24455 4.30250 4.23831 4.27537 4.21853 4.20309 4.33789 4.39203 4.35318 4.29077 4.12611 4.08959 4.20207
4.20512 4.22533 4.25721 4.31347 4.25852 4.19929 4.23136 4.35365 4.48706 4.43728 4.37460 4.41547 4.47600 4.53013 4.55922 4.61055 4.66257 4.66750 4.64665 4.60786 4.52756 4.46431 4.47168 4.42438 4.36504 4.31558 4.34922 4.41290 4.41314 4.39224 4.35625 4.35266 4.28773 4.08452 4.12038 4.10680 4.29976 4.26837 4.27609 4.38847 4.35785 4.35045 4.35572 4.34411 4.29092 4.23659 4.18955 3.99283 3.86244 4.09563 4.31580 4.31583 4.35878 4.31800 4.31150 4.26072 4.25441 4.09783 4.16580 4.37138 4.38476 4.31496 4.28909 4.17134 4.05892 4.09120
4.20921 4.13879 4.16048 4.19255 4.19646 4.18880 4.23478 4.37289 4.48523 4.39719 4.37539 4.47504 4.51863 4.51488 4.56257 4.66664 4.69702 4.72249 4.72659 4.68201 4.57668 4.45997 4.41707 4.44329 4.45931 4.43863 4.43909 4.41640 4.39046 4.38529 4.30866 4.28990 4.26641 4.12859 4.25939 4.10507 4.29393 4.35800 4.30305 4.34463 4.26820 4.26381 4.35603 4.35850 4.30871 4.29744 4.16221 3.87869 3.85770 4.13881 4.35231 4.34575 4.35160 4.38675 4.34760 4.30608 4.27668 4.04048 4.03357 4.26592 4.27755 4.22579 4.26751 4.21582 4.09209 4.03578
4.27999 4.02447 3.96299 4.15523 4.26277 4.23934 4.24327 4.36980 4.43928 4.34799 4.35296 4.46350 4.48674 4.48340 4.55555 4.65435 4.70344 4.69346 4.72561 4.67302 4.55119 4.47594 4.37035 4.34274 4.37608 4.41959 4.47540 4.47555 4.47154 4.46432 4.37430 4.33078 4.30916 4.27832 4.35106 4.17792 4.19888 4.25001 4.21019 4.25815 4.14332 4.08369 4.30918 4.41180 4.36130 4.27227 4.19000 4.00036 3.85903 3.91700 4.15558 4.28458 4.32548 4.36090 4.36245 4.33389 4.31192 4.11297 3.84035 3.86733 3.98845 4.09530 4.21978 4.22218 4.12497 4.04181
4.33321 4.05417 3.95395 4.09314 4.16152 4.13974 4.15377 4.26220 4.33465 4.28231 4.27734 4.43186 4.46091 4.45345 4.53319 4.64841 4.65092 4.63078 4.66279 4.65330 4.53802 4.45996 4.38803 4.30508 4.27536 4.33882 4.45208 4.50605 4.49081 4.47261 4.44289 4.44982 4.39383 4.38111 4.43470 4.30776 4.19567 4.19625 4.23066 4.29393 4.18372 3.91808 4.00837 4.32631 4.42835 4.36347 4.28806 4.24762 4.07034 3.93841 4.04726 4.20881 4.20506 4.25952 4.36075 4.37544 4.29789 4.14916 3.91989 3.79179 3.84387 3.98762 4.08484 4.09925 4.07475 4.03315
4.45830 4.25408 4.01833 4.01006 4.04776 3.99964 3.99745 4.00995 4.03874 4.09765 4.26382 4.42193 4.44466 4.42216 4.50557 4.61842 4.57872 4.51710 4.52200 4.57526 4.51119 4.41536 4.38985 4.33345 4.19918 4.25929 4.43091 4.52064 4.49557 4.46563 4.46600 4.50282 4.43259 4.40461 4.45520 4.40990 4.34661 4.33932 4.34967 4.36593 4.30552 4.03218 3.80393 4.02533 4.35573 4.36289 4.23611 4.21724 4.14995 4.00714 4.09071 4.25520 4.26139 4.24022 4.31140 4.29024 4.18679 4.12998 4.13352 4.10548 4.05119 4.05860 4.00736 3.97523 3.99872 3.99294
4.53704 4.43303 4.28478 4.18936 4.10837 4.01128 3.92188 3.85697 3.85466 3.99413 4.30388 4.44529 4.41400 4.34822 4.42570 4.53202 4.48259 4.44304 4.41968 4.45148 4.46766 4.40697 4.38790 4.35928 4.17832 4.20979 4.39260 4.45174 4.38958 4.34238 4.35407 4.44711 4.43270 4.40126 4.45223 4.46130 4.45209 4.46345 4.43403 4.41040 4.39298 4.27178 3.93313 3.86648 4.11221 4.09235 4.03609 4.03850 3.89012 3.82436 4.05702 4.24892 4.21821 4.26004 4.24697 4.10520 4.10285 4.19895 4.26275 4.25061 4.26537 4.25342 4.13975 4.04629 3.99658 3.97015
4.47639 4.45334 4.42854 4.37080 4.25212 4.12013 4.01907 4.00386 4.01746 4.10368 4.33496 4.46047 4.44430 4.33083 4.30764 4.39382 4.38680 4.38055 4.39707 4.38989 4.44390 4.45637 4.39813 4.37563 4.21830 4.12326 4.21188 4.22748 4.19801 4.24379 4.25399 4.37203 4.45224 4.40764 4.43689 4.46983 4.47606 4.51145 4.46089 4.43851 4.43595 4.31924 4.10597 4.08051 4.12920 4.09525 4.14814 3.96624 3.71677 3.77092 4.03071 4.20866 4.14098 4.15000 4.09844 4.08170 4.25664 4.25309 4.23695 4.24490 4.24437 4.19513 4.14446 4.11695 3.97789 3.92377
4.37050 4.34950 4.36440 4.38699 4.35224 4.27300 4.25729 4.26485 4.13565 4.16179 4.38241 4.49523 4.48986 4.44819 4.34946 4.31087 4.30177 4.35171 4.40124 4.37506 4.39400 4.44786 4.39763 4.32982 4.20657 4.04578 4.00355 4.03206 4.16267 4.28540 4.24257 4.34161 4.47777 4.40190 4.40888 4.47432 4.46996 4.50409 4.45160 4.45844 4.43365 4.29285 4.20203 4.28592 4.29973 4.28152 4.15226 4.03375 3.82182 3.79795 3.98703 4.00296 3.91960 3.99799 4.13443 4.25723 4.26473 4.19135 4.18070 4.23126 4.24961 4.16019 4.05872 4.05540 3.94282 3.89794
4.31085 4.29239 4.28374 4.30259 4.32045 4.31941 4.33584 4.37327 4.27961 4.15280 4.30459 4.52054 4.55230 4.53060 4.48832 4.40664 4.38626 4.43142 4.44336 4.38152 4.31792 4.32050 4.28084 4.19825 4.21524 4.13818 4.09832 4.14245 4.22853 4.24343 4.19277 4.32985 4.47958 4.41275 4.39423 4.48055 4.48253 4.47649 4.45935 4.48996 4.42456 4.31701 4.25042 4.28020 4.29084 4.23011 4.10778 4.14983 4.05879 4.00032 4.15827 4.07180 4.08669 4.11775 4.28350 4.32688 4.19664 4.14874 4.12217 3.99866 4.01709 4.13244 4.08269 4.00924 3.94155 3.98819
4.33077 4.34826 4.33137 4.31741 4.30274 4.29083 4.29256 4.28920 4.11372 4.08779 4.39391 4.58561 4.63969 4.62782 4.56456 4.49147 4.48097 4.51173 4.50810 4.43745 4.31076 4.17975 4.16168 4.16673 4.32524 4.33231 4.31847 4.31253 4.28093 4.21907 4.17446 4.28014 4.42162 4.42618 4.43023 4.47829 4.52080 4.49636 4.51083 4.48666 4.44838 4.40823 4.29080 4.19396 4.19822 4.05523 3.99708 4.06066 4.12204 4.18447 4.23719 4.21008 4.13742 4.11627 4.25423 4.24448 4.18767 4.15779 3.99317 4.00267 3.87826 3.93162 4.03262 4.04957 4.04177 3.93251
4.41393 4.45906 4.44880 4.43128 4.39520 4.35766 4.31249 4.23753 4.06143 4.10953 4.37540 4.53357 4.63484 4.66183 4.61776 4.53497 4.47745 4.48258 4.48640 4.44679 4.36251 4.24514 4.17642 4.30161 4.42994 4.40221 4.35182 4.32887 4.33437 4.28301 4.20081 4.22742 4.35212 4.44861 4.50167 4.49218 4.48728 4.49133 4.51344 4.47532 4.47889 4.45741 4.33488 4.15300 4.04830 3.93889 3.78163 3.90822 4.08908 4.22226 4.19161 4.12086 4.04575 4.05341 4.16414 4.17733 4.18068 4.15476 4.12840 4.03962 4.00696 3.94242 3.94576 3.97932 3.92859 3.81738
4.46591 4.51990 4.55594 4.54710 4.50067 4.42933 4.31896 4.21027 4.13543 4.21540 4.28857 4.36810 4.51440 4.59098 4.55924 4.48633 4.39852 4.43145 4.45973 4.39559 4.33847 4.33449 4.31785 4.38001 4.42563 4.36556 4.30694 4.33687 4.39761 4.34810 4.24217 4.21867 4.31483 4.44220 4.53924 4.52510 4.44627 4.42282 4.43411 4.42975 4.46638 4.41903 4.27700 4.10124 3.85407 3.67957 3.62336 3.79096 4.01634 4.12686 4.02551 3.96501 3.88484 3.81157 3.89639 4.09567 4.09093 4.16439 4.21114 4.17792 4.15020 3.99730 3.87845 3.83326 3.78528 3.74344
4.45126 4.51925 4.60603 4.61038 4.56723 4.43725 4.31721 4.21375 4.23438 4.37266 4.30623 4.22472 4.31424 4.40833 4.36138 4.27201 4.23683 4.28718 4.36405 4.30818 4.25804 4.32523 4.36176 4.37812 4.37511 4.30317 4.23931 4.31008 4.39093 4.36417 4.30503 4.25887 4.29789 4.38937 4.50570 4.54367 4.40511 4.32175 4.35869 4.33240 4.37786 4.32870 4.17255 4.07503 3.84879 3.50196 3.42593 3.52182 3.61441 3.73900 3.76419 3.82536 3.88333 3.80723 3.79647 3.96953 4.12219 4.16867 4.16701 4.21728 4.15345 3.95049 3.81712 3.75746 3.73375 3.73842
4.42319 4.49483 4.59500 4.62773 4.59450 4.44502 4.34516 4.29204 4.26362 4.39637 4.33955 4.19220 4.04903 4.07850 4.12240 4.15441 4.23835 4.19574 4.20976 4.15333 4.21368 4.32894 4.37618 4.38211 4.35534 4.26614 4.16601 4.19892 4.34295 4.31958 4.30155 4.31434 4.32206 4.34115 4.44495 4.51912 4.37013 4.25307 4.37284 4.31935 4.33660 4.28104 4.15008 4.11141 3.91090 3.48825 3.25431 3.40176 3.50407 3.60740 3.69865 3.84615 3.93301 3.86421 3.83284 3.96515 4.11417 4.09296 4.04396 4.06999 3.97181 3.86258 3.78503 3.73534 3.72750 3.76395
