mrvbf_slope1.1_pctl1.2.asc
NCOLS 410
NROWS 410
XLLCORNER 2398750.0000000000000000
YLLCORNER 2548750.0000000000000000
CELLSIZE 250.0000000000000000
NODATA_VALUE -99999.00000
[rows 203 to 231 of 410, columns 0 to 65 of 410]
-99999.00000 -99999.00000 -99999.00000 -99999.00000 -99999.00000 7.65102 7.65413 7.64926 7.63934 7.63433 7.62163 7.62016 7.63427 7.63762 7.62427 7.61441 7.61086 7.61607 7.61818 7.63019 7.63812 7.63843 7.63976 7.63879 7.63795 7.63708 7.63063 7.62045 7.61442 7.61504 7.61760 7.61687 7.61192 7.60890 7.60757 7.60868 7.61438 7.61871 7.62458 7.62734 7.63139 7.63794 7.63828 7.62858 7.61831 7.61850 7.61819 7.61421 7.61139 7.60994 7.61200 7.61489 7.61687 7.61749 7.61677 7.61455 7.60978 7.60325 7.59475 7.58527 7.58712 7.58850 7.59260 7.60284 7.60071 7.58821
-99999.00000 -99999.00000 -99999.00000 -99999.00000 -99999.00000 7.65035 7.65205 7.64384 7.63794 7.63630 7.61731 7.61128 7.62639 7.61988 7.60764 7.60850 7.61428 7.61739 7.62401 7.63573 7.63908 7.63937 7.63591 7.63737 7.63689 7.63742 7.63428 7.62177 7.61264 7.61512 7.61652 7.61340 7.60905 7.60547 7.60586 7.60806 7.61308 7.62070 7.62733 7.62995 7.63425 7.63568 7.63400 7.62673 7.61703 7.61216 7.61092 7.61061 7.61116 7.61052 7.61367 7.61731 7.61884 7.61889 7.61765 7.61545 7.61266 7.61045 7.60679 7.59867 7.59321 7.59225 7.59895 7.61021 7.61413 7.59484
-99999.00000 -99999.00000 -99999.00000 -99999.00000 -99999.00000 7.64498 7.64896 7.64497 7.63671 7.63313 7.62450 7.60664 7.60867 7.59998 7.59906 7.60979 7.62186 7.62326 7.63063 7.63660 7.63797 7.64263 7.64026 7.63712 7.63835 7.63772 7.63263 7.62402 7.61627 7.61696 7.61371 7.60858 7.60476 7.60176 7.60431 7.61134 7.62117 7.62743 7.63123 7.63236 7.63251 7.62746 7.62344 7.61954 7.61304 7.60808 7.60751 7.60920 7.61286 7.61468 7.61760 7.62090 7.62171 7.62129 7.61984 7.61598 7.61226 7.61323 7.61182 7.60206 7.59396 7.59724 7.60744 7.61515 7.61207 7.59943
-99999.00000 -99999.00000 -99999.00000 -99999.00000 -99999.00000 7.63726 7.64481 7.64885 7.64011 7.63429 7.63418 7.62003 7.60736 7.59523 7.59258 7.59407 7.60102 7.62057 7.63233 7.63484 7.63412 7.63798 7.64045 7.64040 7.64215 7.64084 7.63517 7.62836 7.61968 7.61365 7.60827 7.60451 7.60185 7.59964 7.60061 7.60638 7.61995 7.62853 7.62696 7.62530 7.62503 7.61946 7.61673 7.61335 7.60925 7.60619 7.60622 7.60984 7.61435 7.61752 7.62048 7.62431 7.62551 7.62448 7.61971 7.60956 7.60606 7.60629 7.60665 7.60067 7.59785 7.60450 7.61330 7.61728 7.61387 7.60996
-99999.00000 -99999.00000 -99999.00000 -99999.00000 -99999.00000 7.63328 7.64510 7.64927 7.64089 7.63484 7.63582 7.63075 7.62236 7.61350 7.59972 7.58730 7.57090 7.60613 7.62639 7.63020 7.62587 7.62219 7.62488 7.63028 7.63464 7.63460 7.62977 7.62482 7.61782 7.61120 7.60722 7.60536 7.60308 7.60048 7.59850 7.60048 7.61324 7.62276 7.62086 7.61886 7.62092 7.60939 7.61182 7.61180 7.60792 7.60625 7.60663 7.61003 7.61283 7.61575 7.61994 7.62478 7.62664 7.62317 7.61044 7.59998 7.60474 7.60472 7.60294 7.60110 7.60542 7.61407 7.61988 7.62131 7.62087 7.62062
-99999.00000 -99999.00000 -99999.00000 -99999.00000 -99999.00000 7.62849 7.63853 7.64491 7.63735 7.63118 7.63276 7.63569 7.63606 7.63092 7.61085 7.59213 7.58804 7.59081 7.62160 7.62428 7.61512 7.60743 7.60753 7.61399 7.62182 7.62476 7.62290 7.62213 7.61879 7.61534 7.61402 7.61200 7.60706 7.60172 7.59824 7.59994 7.61024 7.62267 7.62220 7.61837 7.61753 7.60254 7.60140 7.60951 7.61214 7.61168 7.61160 7.61160 7.61023 7.61211 7.61763 7.62271 7.62325 7.61657 7.60278 7.60212 7.61135 7.61200 7.60938 7.60803 7.61224 7.61851 7.62249 7.62356 7.62359 7.62246
-99999.00000 -99999.00000 -99999.00000 -99999.00000 -99999.00000 7.62329 7.62951 7.63765 7.63145 7.62663 7.63105 7.63821 7.64193 7.63997 7.62293 7.60139 7.58855 7.59571 7.61274 7.61305 7.61017 7.60958 7.60640 7.60854 7.61656 7.62273 7.62300 7.62154 7.61988 7.62083 7.62213 7.61917 7.61065 7.60133 7.59720 7.60055 7.60992 7.62031 7.62568 7.62405 7.61330 7.59963 7.58776 7.60683 7.61955 7.62085 7.61806 7.61339 7.60986 7.61083 7.61411 7.61469 7.61246 7.60998 7.60324 7.59972 7.60735 7.61348 7.61330 7.61221 7.61393 7.61591 7.61676 7.61659 7.61621 7.61443
-99999.00000 -99999.00000 -99999.00000 -99999.00000 -99999.00000 7.62536 7.62551 7.63016 7.62609 7.62302 7.62869 7.63623 7.64157 7.64286 7.63400 7.61933 7.59769 7.60424 7.60506 7.61382 7.61815 7.62018 7.61276 7.60932 7.61652 7.62444 7.62149 7.61792 7.61869 7.62273 7.62447 7.62084 7.61150 7.60168 7.59767 7.60235 7.61287 7.61757 7.61891 7.61688 7.61067 7.59371 7.59187 7.61099 7.62428 7.62443 7.62108 7.61472 7.61150 7.61328 7.60860 7.59753 7.58979 7.59127 7.59784 7.60018 7.60470 7.60978 7.61046 7.60905 7.60899 7.60941 7.60883 7.60712 7.60546 7.60293
-99999.00000 -99999.00000 -99999.00000 -99999.00000 -99999.00000 7.63359 7.62766 7.62713 7.62323 7.62002 7.62521 7.63164 7.63755 7.64232 7.63881 7.62749 7.61119 7.59563 7.60413 7.61852 7.62278 7.62244 7.61440 7.60713 7.61343 7.62206 7.61642 7.61540 7.61672 7.61836 7.62045 7.61902 7.61126 7.60321 7.60139 7.60668 7.61603 7.62104 7.61974 7.61834 7.61536 7.60160 7.60220 7.61775 7.61833 7.62146 7.62252 7.61525 7.61194 7.61551 7.60130 7.58178 7.57103 7.56929 7.57534 7.58652 7.59722 7.60404 7.60525 7.60217 7.60122 7.60296 7.60292 7.60054 7.59886 7.59757
-99999.00000 -99999.00000 -99999.00000 -99999.00000 -99999.00000 7.63886 7.63108 7.62649 7.62215 7.61888 7.62471 7.62835 7.63260 7.63971 7.63802 7.62640 7.60803 7.58810 7.60298 7.60980 7.61573 7.61696 7.61099 7.60183 7.60685 7.61554 7.61248 7.61784 7.61450 7.61092 7.61469 7.61543 7.60923 7.60378 7.60503 7.61153 7.62065 7.62629 7.62564 7.62545 7.62275 7.61172 7.61096 7.61240 7.61884 7.62392 7.62119 7.61292 7.61081 7.60958 7.59003 7.57590 7.57519 7.57044 7.56805 7.57448 7.58594 7.59529 7.59762 7.59556 7.59706 7.60046 7.59979 7.59742 7.59812 7.60164
-99999.00000 -99999.00000 -99999.00000 -99999.00000 -99999.00000 7.62945 7.63046 7.62452 7.61675 7.61862 7.62590 7.62399 7.62944 7.63708 7.63020 7.62035 7.60998 7.59006 7.60105 7.60504 7.61091 7.61360 7.60834 7.59884 7.60211 7.61221 7.61537 7.62099 7.61223 7.60459 7.60670 7.60730 7.60458 7.60424 7.60774 7.61424 7.62285 7.62766 7.62621 7.62482 7.62332 7.61764 7.61636 7.61846 7.62703 7.62874 7.62297 7.61448 7.61236 7.60084 7.58081 7.57830 7.59017 7.59060 7.58515 7.58346 7.58828 7.59622 7.59909 7.59916 7.60193 7.60286 7.59920 7.59775 7.60192 7.60967
-99999.00000 -99999.00000 -99999.00000 -99999.00000 -99999.00000 7.60203 7.61681 7.60833 7.59957 7.61715 7.61999 7.62210 7.63300 7.63487 7.62144 7.61682 7.60404 7.58109 7.60074 7.61603 7.62007 7.61989 7.61106 7.59924 7.60238 7.61412 7.61833 7.61968 7.60644 7.59600 7.59631 7.59947 7.60368 7.60891 7.61210 7.61635 7.62213 7.62382 7.61989 7.61874 7.61603 7.61204 7.61252 7.61134 7.61758 7.62344 7.62134 7.61100 7.60186 7.58867 7.58007 7.58612 7.60011 7.60767 7.60596 7.60214 7.60148 7.60702 7.61077 7.61053 7.60843 7.60290 7.59928 7.60347 7.60596 7.61143
-99999.00000 -99999.00000 -99999.00000 -99999.00000 -99999.00000 7.57292 7.57951 7.58722 7.59479 7.59566 7.61835 7.63060 7.63373 7.62495 7.61181 7.60839 7.60141 7.57537 7.60187 7.62376 7.62963 7.62908 7.61749 7.60033 7.60175 7.61553 7.61715 7.61331 7.59574 7.58426 7.58859 7.60087 7.61124 7.61604 7.61376 7.61173 7.61319 7.61115 7.60162 7.59658 7.60068 7.60589 7.60897 7.60782 7.60872 7.61726 7.61972 7.60880 7.59447 7.58712 7.58894 7.59750 7.60727 7.61332 7.61407 7.61107 7.60871 7.61340 7.61838 7.61675 7.61024 7.59755 7.59491 7.60962 7.60405 7.60726
-99999.00000 -99999.00000 -99999.00000 -99999.00000 -99999.00000 7.59147 7.58001 7.57893 7.59619 7.60270 7.61470 7.62757 7.62244 7.61395 7.61493 7.60531 7.58743 7.58816 7.60511 7.61601 7.62010 7.62042 7.61421 7.60229 7.60364 7.61478 7.61429 7.60551 7.58409 7.57548 7.58997 7.60880 7.61522 7.61189 7.60432 7.59681 7.59565 7.59782 7.59372 7.59688 7.60616 7.61613 7.61585 7.61330 7.61124 7.61737 7.61879 7.60848 7.59770 7.59431 7.59909 7.60756 7.61287 7.61492 7.61517 7.61342 7.61194 7.61613 7.62045 7.62060 7.61747 7.60640 7.59339 7.59900 7.60027 7.61034
-99999.00000 -99999.00000 -99999.00000 -99999.00000 -99999.00000 7.61594 7.60716 7.59066 7.59545 7.61341 7.62425 7.62461 7.61370 7.61325 7.61300 7.60878 7.60040 7.61057 7.61232 7.61191 7.61344 7.61468 7.61308 7.60886 7.61113 7.61265 7.60994 7.59627 7.57560 7.57383 7.59491 7.60866 7.60576 7.60024 7.59461 7.58616 7.58167 7.59178 7.59689 7.60292 7.60986 7.61630 7.61552 7.61261 7.61658 7.62209 7.61651 7.60409 7.59783 7.59985 7.60595 7.61270 7.61557 7.61670 7.61685 7.61529 7.61301 7.61529 7.61911 7.62003 7.61897 7.61388 7.60576 7.60468 7.60883 7.61766
-99999.00000 -99999.00000 -99999.00000 -99999.00000 -99999.00000 7.62033 7.61862 7.61178 7.60991 7.62006 7.62584 7.61883 7.61580 7.61731 7.61822 7.61133 7.61803 7.62321 7.62294 7.62361 7.62467 7.62436 7.62185 7.61088 7.60458 7.60559 7.60233 7.58710 7.57006 7.57322 7.59259 7.59822 7.59542 7.59704 7.59727 7.59188 7.58121 7.57659 7.58975 7.60455 7.60942 7.61233 7.61621 7.61820 7.62295 7.62372 7.61522 7.59853 7.59280 7.60131 7.60719 7.61023 7.61376 7.61655 7.61677 7.61424 7.60790 7.60489 7.61153 7.61592 7.61523 7.60944 7.60686 7.61153 7.61426 7.61794
-99999.00000 -99999.00000 -99999.00000 -99999.00000 -99999.00000 7.61626 7.61347 7.61200 7.61194 7.61540 7.61789 7.61791 7.62164 7.62396 7.62537 7.61737 7.62050 7.62201 7.62237 7.62788 7.62952 7.62073 7.60262 7.58845 7.58842 7.59758 7.59752 7.57981 7.56271 7.56783 7.58510 7.59238 7.59741 7.60320 7.60319 7.59911 7.59151 7.57633 7.57785 7.59187 7.60016 7.60290 7.60683 7.61255 7.62045 7.62164 7.61487 7.59737 7.58547 7.59454 7.60263 7.60224 7.60399 7.60962 7.61109 7.60870 7.60091 7.58886 7.59050 7.60367 7.60611 7.59890 7.59810 7.59998 7.60362 7.60992
-99999.00000 -99999.00000 -99999.00000 -99999.00000 -99999.00000 7.60718 7.60346 7.60039 7.60089 7.60555 7.61094 7.61614 7.61664 7.61802 7.62268 7.61452 7.61214 7.60723 7.60354 7.61350 7.62190 7.60513 7.58434 7.58674 7.58215 7.59021 7.59741 7.57728 7.55492 7.55914 7.58089 7.59500 7.60246 7.60504 7.60178 7.59801 7.59779 7.59259 7.58655 7.59057 7.60043 7.60341 7.60367 7.60728 7.61435 7.61726 7.61178 7.59640 7.58020 7.58344 7.59265 7.59171 7.58708 7.59124 7.59835 7.60068 7.59359 7.58903 7.58232 7.58927 7.59669 7.58918 7.58644 7.58231 7.58151 7.59103
-99999.00000 -99999.00000 -99999.00000 -99999.00000 -99999.00000 7.59385 7.59212 7.59126 7.59370 7.59870 7.60395 7.60915 7.61035 7.61166 7.61798 7.60997 7.59799 7.58646 7.58558 7.59136 7.60898 7.59685 7.58695 7.58938 7.58012 7.59487 7.59123 7.57812 7.55448 7.55432 7.57964 7.59796 7.60296 7.60110 7.59588 7.59844 7.60291 7.59822 7.58965 7.58518 7.58920 7.59818 7.60618 7.60958 7.60834 7.61043 7.60488 7.58554 7.56823 7.57306 7.58422 7.58826 7.58583 7.58172 7.58603 7.59224 7.59204 7.59142 7.59009 7.59135 7.59223 7.58112 7.57672 7.57280 7.56505 7.56832
-99999.00000 -99999.00000 -99999.00000 -99999.00000 -99999.00000 7.58679 7.58716 7.58889 7.59247 7.59606 7.59880 7.60048 7.60027 7.59977 7.60868 7.60173 7.58408 7.57923 7.59292 7.58416 7.59872 7.59849 7.59644 7.59275 7.58653 7.59108 7.57913 7.57248 7.55165 7.55041 7.57871 7.59910 7.60204 7.59805 7.59329 7.59882 7.59789 7.59061 7.58661 7.58416 7.59221 7.60540 7.60994 7.60623 7.59581 7.59706 7.58844 7.55809 7.55302 7.57108 7.58568 7.59447 7.59855 7.59244 7.58930 7.58882 7.58703 7.59251 7.59187 7.59293 7.58849 7.57372 7.56946 7.57102 7.56306 7.55853
-99999.00000 -99999.00000 -99999.00000 -99999.00000 -99999.00000 7.58952 7.58944 7.58974 7.59290 7.59648 7.59888 7.59843 7.59602 7.59157 7.59382 7.59587 7.58022 7.58928 7.59979 7.58814 7.59719 7.59338 7.58807 7.58512 7.57024 7.56898 7.56158 7.55934 7.53259 7.53583 7.57262 7.59602 7.60056 7.59175 7.58817 7.59223 7.58896 7.59184 7.59263 7.58944 7.59596 7.60469 7.60390 7.59339 7.58535 7.58076 7.56017 7.53693 7.55952 7.58165 7.59336 7.60050 7.60237 7.59828 7.59731 7.59464 7.58769 7.58542 7.58052 7.58423 7.58235 7.56600 7.56056 7.56917 7.56901 7.56070
-99999.00000 -99999.00000 -99999.00000 -99999.00000 -99999.00000 7.58178 7.58503 7.58857 7.59407 7.60059 7.60434 7.60271 7.59834 7.59430 7.59705 7.60532 7.59142 7.59859 7.60291 7.59447 7.59470 7.57655 7.57349 7.58284 7.57973 7.57248 7.57062 7.56489 7.52678 7.51912 7.55514 7.58547 7.59968 7.59877 7.58808 7.58858 7.59187 7.59218 7.58887 7.58309 7.58498 7.59135 7.59065 7.57861 7.57979 7.57369 7.54610 7.55041 7.57966 7.59182 7.59799 7.60145 7.59972 7.59667 7.59931 7.59654 7.59092 7.58529 7.57031 7.56828 7.57430 7.56406 7.55577 7.56722 7.57772 7.56853
-99999.00000 -99999.00000 -99999.00000 -99999.00000 -99999.00000 7.55543 7.56821 7.58731 7.59773 7.60588 7.61019 7.60629 7.59975 7.58910 7.59278 7.61041 7.59525 7.59856 7.60824 7.60148 7.58654 7.56815 7.58224 7.59857 7.60210 7.59519 7.58762 7.56822 7.53731 7.52747 7.54420 7.56796 7.58806 7.59634 7.59402 7.59089 7.58926 7.58437 7.57917 7.57247 7.56541 7.56163 7.56084 7.55791 7.56857 7.55788 7.55666 7.55994 7.57883 7.59108 7.59628 7.59781 7.59366 7.59412 7.60038 7.59917 7.58877 7.57951 7.56755 7.55864 7.56779 7.56931 7.55970 7.56468 7.57911 7.57627
-99999.00000 -99999.00000 -99999.00000 -99999.00000 -99999.00000 7.54090 7.55622 7.58770 7.60202 7.60773 7.61145 7.60402 7.59566 7.57516 7.58341 7.60988 7.59472 7.59074 7.60535 7.60400 7.58624 7.58116 7.59905 7.60777 7.60913 7.60381 7.58947 7.56551 7.54805 7.54472 7.54738 7.55315 7.56514 7.57365 7.57038 7.56832 7.57241 7.57496 7.57465 7.57162 7.56337 7.55168 7.54699 7.55609 7.56729 7.55394 7.56804 7.56398 7.57445 7.58392 7.58810 7.58914 7.58400 7.58484 7.59505 7.59636 7.58367 7.57028 7.57178 7.56159 7.56521 7.56745 7.55887 7.56132 7.57445 7.57479
-99999.00000 -99999.00000 -99999.00000 -99999.00000 -99999.00000 7.53659 7.55596 7.58103 7.59937 7.60670 7.60876 7.59984 7.59489 7.56151 7.57650 7.60588 7.59998 7.58572 7.59492 7.59915 7.58766 7.58619 7.60058 7.60877 7.61000 7.60397 7.58676 7.56192 7.55066 7.55260 7.55403 7.55309 7.55329 7.55401 7.55157 7.55848 7.56911 7.57577 7.57885 7.58000 7.57716 7.57264 7.56987 7.57318 7.57282 7.55607 7.56725 7.56191 7.56795 7.57237 7.57562 7.57851 7.57502 7.56966 7.57950 7.58698 7.57768 7.56816 7.57607 7.56874 7.56423 7.55804 7.55036 7.55491 7.56566 7.56535
-99999.00000 -99999.00000 -99999.00000 -99999.00000 -99999.00000 7.56108 7.57315 7.56801 7.59177 7.60345 7.60515 7.59974 7.59004 7.55768 7.57578 7.60232 7.60765 7.59078 7.57990 7.58224 7.58049 7.58965 7.60296 7.60938 7.60781 7.60027 7.58478 7.55773 7.54207 7.54978 7.56004 7.56182 7.55896 7.55706 7.56105 7.56836 7.57376 7.57551 7.57955 7.58488 7.58451 7.58207 7.58329 7.58384 7.57835 7.56598 7.56497 7.56159 7.56133 7.56253 7.56722 7.57303 7.57210 7.56357 7.56478 7.57534 7.57751 7.57455 7.57547 7.57628 7.56522 7.55300 7.54624 7.55101 7.55897 7.55848
-99999.00000 -99999.00000 -99999.00000 -99999.00000 -99999.00000 7.58151 7.58447 7.57121 7.57688 7.59824 7.59924 7.59726 7.59149 7.57335 7.57758 7.60517 7.60711 7.59274 7.57170 7.56580 7.57672 7.59233 7.60302 7.60841 7.60405 7.59567 7.58569 7.56419 7.53982 7.54763 7.56914 7.57536 7.57297 7.57112 7.57334 7.56973 7.56444 7.57059 7.58093 7.58467 7.58146 7.57902 7.58078 7.58160 7.57933 7.57038 7.56314 7.56089 7.55622 7.56034 7.56921 7.57677 7.57566 7.56690 7.56217 7.56924 7.57920 7.58025 7.57498 7.57252 7.56334 7.55180 7.54633 7.55108 7.55808 7.55867
-99999.00000 -99999.00000 -99999.00000 -99999.00000 -99999.00000 7.57237 7.58401 7.58694 7.57696 7.58263 7.59556 7.59562 7.59644 7.58925 7.58723 7.59738 7.60279 7.58833 7.56556 7.55957 7.57610 7.59443 7.60116 7.60518 7.60033 7.59405 7.58975 7.57324 7.53760 7.54717 7.57889 7.58780 7.58708 7.58538 7.58229 7.57001 7.55937 7.56500 7.57176 7.56949 7.56582 7.56686 7.56952 7.56995 7.57171 7.57198 7.56309 7.56583 7.54594 7.55450 7.57224 7.58308 7.58311 7.57463 7.56550 7.56601 7.57377 7.57773 7.57275 7.56589 7.55697 7.54757 7.54517 7.55289 7.56243 7.56457
-99999.00000 -99999.00000 -99999.00000 -99999.00000 -99999.00000 7.56011 7.57182 7.58012 7.57411 7.57529 7.58729 7.59707 7.59951 7.59537 7.59478 7.59318 7.59107 7.58569 7.57053 7.56607 7.57064 7.58612 7.59569 7.60157 7.59820 7.59577 7.59111 7.56919 7.54021 7.55562 7.58466 7.59247 7.59300 7.59198 7.58738 7.57631 7.56155 7.55456 7.55258 7.55097 7.55488 7.56060 7.56302 7.56201 7.56252 7.56796 7.57095 7.56556 7.55856 7.54771 7.56092 7.57766 7.58507 7.58042 7.57111 7.56660 7.56746 7.56786 7.56583 7.56156 7.55115 7.53965 7.54063 7.55488 7.56795 7.57117
