mrvbf_slope0.8_pctl1.4.asc
NCOLS 410
NROWS 410
XLLCORNER 2398750.0000000000000000
YLLCORNER 2548750.0000000000000000
CELLSIZE 250.0000000000000000
NODATA_VALUE -99999.00000
[rows 261 to 289 of 410, columns 330 to 395 of 410]
4.57666 4.57651 4.56965 4.58169 4.59760 4.60239 4.56472 4.48120 4.39015 4.46207 4.52532 4.52916 4.55542 4.59071 4.62953 4.67585 4.72617 4.76994 4.80865 4.84764 4.88710 4.92450 4.95460 4.97365 4.97822 4.96649 4.94411 4.90475 4.84594 4.80982 4.81258 4.82027 4.80451 4.78180 4.75764 4.71997 4.63402 4.58684 4.63973 4.65682 4.62734 4.57109 4.56103 4.63352 4.72311 4.82132 4.83146 4.78090 4.75892 4.75036 4.75139 4.75841 4.76530 4.75241 4.73693 4.76786 4.82622 4.87858 4.89388 4.89963 4.93491 4.83875 4.80038 4.87944 5.07408 5.17669
4.58306 4.58246 4.56619 4.56850 4.57920 4.59080 4.57183 4.50088 4.36436 4.42249 4.53015 4.53675 4.54255 4.56047 4.58713 4.63009 4.68675 4.74173 4.78549 4.82430 4.86449 4.90307 4.93332 4.95155 4.95554 4.94389 4.91749 4.86794 4.80862 4.78909 4.81069 4.84405 4.86270 4.85225 4.82444 4.78748 4.70772 4.61397 4.62177 4.67476 4.69079 4.67360 4.68433 4.74929 4.82981 4.88703 4.88942 4.83899 4.79845 4.77831 4.76999 4.77293 4.77663 4.75883 4.72859 4.72296 4.75953 4.82635 4.90417 4.87237 4.86777 4.84169 4.82658 4.87637 5.00463 5.08706
4.57020 4.58913 4.57157 4.56144 4.56240 4.57106 4.55210 4.47477 4.35110 4.43692 4.55362 4.56176 4.55001 4.55040 4.55608 4.58749 4.65053 4.71661 4.76416 4.80195 4.84202 4.88122 4.91151 4.92818 4.93117 4.91647 4.87436 4.80967 4.76823 4.76715 4.78606 4.80276 4.83401 4.86619 4.86448 4.82728 4.75032 4.66265 4.64829 4.68786 4.71545 4.73382 4.76655 4.82931 4.86723 4.91461 4.95409 4.94393 4.88708 4.84939 4.82589 4.81275 4.80387 4.79000 4.78192 4.75363 4.75930 4.78381 4.82452 4.86828 4.85138 4.85464 4.87765 4.93232 5.00621 5.05286
4.55006 4.58405 4.57192 4.55543 4.54590 4.54856 4.51627 4.40077 4.29876 4.42987 4.56073 4.58772 4.57792 4.56881 4.54486 4.55045 4.61909 4.69561 4.74486 4.78095 4.82000 4.85921 4.89023 4.90530 4.90736 4.88319 4.82272 4.76642 4.74785 4.75847 4.77295 4.77171 4.77404 4.80206 4.84185 4.82158 4.74513 4.69044 4.69441 4.71891 4.73612 4.76587 4.79461 4.81931 4.85090 4.92099 5.01433 5.04885 4.99485 4.95865 4.93305 4.90225 4.88309 4.86685 4.82990 4.80355 4.79088 4.77728 4.76242 4.80961 4.86761 4.89009 4.93319 5.00443 5.05705 5.07752
4.53146 4.56485 4.56175 4.54502 4.52339 4.52749 4.48873 4.37443 4.17286 4.35615 4.53720 4.58700 4.59028 4.58182 4.54512 4.51686 4.58614 4.67545 4.72689 4.76133 4.79851 4.83701 4.86986 4.88445 4.88602 4.85391 4.78499 4.74322 4.74327 4.76669 4.78641 4.78265 4.76401 4.76013 4.78335 4.79207 4.74618 4.71639 4.72659 4.74444 4.75238 4.76854 4.77868 4.79182 4.83344 4.91302 5.01621 5.05019 5.02806 5.02926 5.02451 4.95982 4.87651 4.81280 4.78921 4.82572 4.82426 4.80349 4.75025 4.75237 4.82873 4.90540 4.97828 5.05461 5.08824 5.09877
4.50637 4.53531 4.54127 4.52709 4.48849 4.47751 4.44179 4.24029 4.10360 4.39840 4.54632 4.57246 4.58014 4.57788 4.55280 4.49612 4.53880 4.64227 4.70442 4.74260 4.77776 4.81447 4.84874 4.86610 4.86829 4.83614 4.76864 4.73231 4.74229 4.77839 4.81302 4.82241 4.80581 4.77809 4.77174 4.78096 4.76558 4.75112 4.74997 4.76061 4.76095 4.75452 4.74906 4.76800 4.82318 4.90147 4.96173 4.96900 4.99145 5.03413 5.02823 4.91692 4.79123 4.72308 4.72387 4.75432 4.80801 4.81382 4.75892 4.75064 4.80737 4.90094 5.00176 5.06235 5.07891 5.09121
4.46931 4.50368 4.51218 4.49557 4.44000 4.36948 4.32085 4.19430 4.29851 4.47314 4.52834 4.53383 4.54644 4.55632 4.55835 4.51914 4.50295 4.58575 4.66862 4.72163 4.75823 4.79191 4.82530 4.84827 4.85395 4.83073 4.77374 4.73221 4.72897 4.75270 4.78537 4.81805 4.83375 4.82381 4.80687 4.80650 4.80509 4.79005 4.77410 4.77099 4.77279 4.76533 4.73659 4.73002 4.77757 4.85057 4.87384 4.88268 4.92816 4.94711 4.89496 4.79228 4.70085 4.61934 4.61821 4.68315 4.77198 4.80132 4.79271 4.78333 4.80687 4.88628 4.96528 5.01182 5.04480 5.06423
4.44557 4.47936 4.47954 4.44861 4.38433 4.27088 4.19154 4.21014 4.31020 4.41550 4.46489 4.47286 4.48846 4.51432 4.54245 4.53687 4.52212 4.55650 4.62737 4.69239 4.73726 4.77039 4.80057 4.82625 4.83916 4.83261 4.79741 4.74896 4.72396 4.73158 4.75570 4.78793 4.82023 4.84388 4.84946 4.84704 4.84922 4.82893 4.79850 4.78018 4.77568 4.77856 4.76293 4.72546 4.72932 4.77814 4.79783 4.80465 4.82703 4.82527 4.78983 4.71594 4.61721 4.59127 4.55924 4.65250 4.76488 4.80518 4.82477 4.79707 4.80249 4.83551 4.87136 4.92715 4.98365 5.01800
4.45974 4.46436 4.44981 4.40269 4.32239 4.21474 4.12926 4.15833 4.26427 4.36722 4.42348 4.45956 4.46754 4.46794 4.50711 4.51551 4.52819 4.56587 4.60371 4.65552 4.70784 4.74766 4.77656 4.80001 4.81758 4.82483 4.81581 4.78274 4.74293 4.73119 4.74495 4.77208 4.80502 4.83762 4.86207 4.86681 4.87404 4.86526 4.83607 4.80633 4.78870 4.78517 4.78280 4.75624 4.72618 4.73503 4.75298 4.75720 4.75458 4.74987 4.74170 4.71852 4.64739 4.57952 4.62148 4.71465 4.76415 4.78277 4.79559 4.81405 4.85812 4.81973 4.82334 4.85722 4.90807 4.94859
4.44910 4.43671 4.41358 4.36035 4.26225 4.16759 4.13280 4.18444 4.29434 4.39717 4.47065 4.51518 4.48565 4.45981 4.50050 4.52012 4.53214 4.56495 4.59203 4.62558 4.67017 4.71585 4.74646 4.76699 4.78310 4.79453 4.79878 4.78761 4.75748 4.73956 4.74417 4.76434 4.79086 4.81698 4.83655 4.84549 4.86087 4.87255 4.86201 4.84136 4.82398 4.81571 4.80910 4.78780 4.74834 4.72049 4.72356 4.72409 4.71478 4.71290 4.72076 4.73427 4.72680 4.71026 4.71993 4.76247 4.78421 4.82683 4.84764 4.86796 4.85773 4.82911 4.81326 4.81692 4.85379 4.87317
4.39603 4.34715 4.33965 4.29731 4.18395 4.08896 4.09854 4.20023 4.32574 4.43050 4.49557 4.50392 4.47539 4.47845 4.51646 4.54278 4.55273 4.56957 4.58997 4.61407 4.64157 4.67581 4.70440 4.72206 4.73440 4.74446 4.74880 4.74455 4.73492 4.73349 4.74245 4.75678 4.77258 4.78659 4.79608 4.80067 4.81359 4.82265 4.80022 4.78324 4.79035 4.82029 4.85649 4.84357 4.80826 4.76857 4.75466 4.75390 4.74761 4.74886 4.76288 4.78535 4.80251 4.79944 4.78819 4.81396 4.86158 4.95707 5.00320 5.00777 4.91850 4.81854 4.81146 4.81128 4.80228 4.78219
4.33379 4.18489 4.17931 4.20538 4.07796 3.94737 3.98694 4.13305 4.27957 4.38977 4.45305 4.46880 4.47195 4.49650 4.53354 4.56219 4.57390 4.58413 4.59935 4.61765 4.63479 4.65122 4.66812 4.67895 4.68884 4.70024 4.70822 4.71169 4.71737 4.73003 4.74219 4.74912 4.75394 4.75903 4.76271 4.76091 4.75931 4.75278 4.73567 4.73570 4.75271 4.76945 4.79008 4.83915 4.90241 4.90856 4.88824 4.89076 4.88680 4.88766 4.89521 4.89928 4.92310 4.91869 4.89623 4.89854 4.97371 5.04801 5.04384 4.96156 4.84575 4.77696 4.77228 4.75509 4.73328 4.71604
4.24031 4.09231 3.97727 4.13814 3.97990 3.74088 3.77566 3.96170 4.15202 4.30181 4.39975 4.44852 4.47812 4.51240 4.54525 4.56143 4.57248 4.59917 4.61672 4.62903 4.64051 4.65028 4.65922 4.66658 4.67617 4.68821 4.69940 4.70885 4.72092 4.73734 4.74681 4.74316 4.73837 4.73905 4.74085 4.73631 4.72466 4.71001 4.71016 4.72831 4.75262 4.76776 4.76891 4.77397 4.82058 4.90136 4.96841 5.00500 5.01380 5.01560 5.01575 5.01306 5.02542 5.02897 5.02051 5.00744 5.01921 4.98740 4.91338 4.80955 4.74341 4.73107 4.72737 4.71464 4.70157 4.68599
4.29481 3.95981 3.82112 4.13009 3.89577 3.47341 3.46289 3.70640 3.98196 4.21210 4.36615 4.44485 4.48783 4.52266 4.55264 4.55812 4.57603 4.61672 4.62964 4.63523 4.64480 4.65657 4.67055 4.68571 4.69792 4.70679 4.71583 4.72669 4.73959 4.75139 4.75297 4.73676 4.72463 4.72468 4.72828 4.72529 4.71381 4.70651 4.70961 4.72261 4.74323 4.76869 4.78400 4.76740 4.76693 4.80422 4.86613 4.94519 5.00193 5.04354 5.06724 5.07903 5.08482 5.08223 5.06222 5.00067 4.91120 4.84098 4.77608 4.72224 4.70894 4.71447 4.69656 4.67891 4.66936 4.65807
4.13687 3.63976 3.68271 4.12670 3.73141 3.07017 3.04738 3.40930 3.85043 4.18162 4.36508 4.45371 4.49920 4.53120 4.56973 4.58586 4.58054 4.60049 4.61773 4.62861 4.64016 4.65528 4.67552 4.69958 4.71615 4.72587 4.73400 4.74647 4.75550 4.76018 4.75205 4.72773 4.71283 4.71501 4.72691 4.73052 4.72073 4.70118 4.67615 4.68394 4.70793 4.73665 4.76705 4.77924 4.77063 4.76766 4.78356 4.82305 4.88624 4.96822 5.03448 5.07981 5.10333 5.08170 5.01006 4.90018 4.81970 4.76967 4.72657 4.70451 4.70728 4.69617 4.67267 4.65527 4.64835 4.64203
3.54791 3.42793 3.84479 4.11935 3.41497 2.62658 2.73354 3.22432 3.83962 4.23354 4.39321 4.46095 4.50316 4.53895 4.58081 4.60644 4.60079 4.60104 4.61097 4.62132 4.63111 4.64436 4.66150 4.68543 4.70883 4.72129 4.73238 4.74705 4.75487 4.75937 4.74234 4.71867 4.70817 4.71363 4.72710 4.73147 4.70753 4.66571 4.65444 4.67373 4.68881 4.70680 4.73402 4.76725 4.79064 4.79048 4.78016 4.77919 4.80224 4.85417 4.93793 5.02272 5.06942 5.04344 4.94191 4.84081 4.78781 4.75448 4.72516 4.71387 4.70701 4.68972 4.67425 4.66335 4.65655 4.65122
3.76176 3.90733 4.23490 4.03648 2.92043 2.36083 2.66227 3.23844 3.95588 4.31887 4.43262 4.46691 4.49293 4.52686 4.57209 4.60862 4.61400 4.61074 4.61311 4.61927 4.62545 4.63371 4.64246 4.65708 4.67898 4.69608 4.71202 4.72803 4.74246 4.75209 4.73064 4.70871 4.70322 4.71353 4.72476 4.72245 4.68916 4.65494 4.67706 4.71202 4.70378 4.69524 4.70677 4.73952 4.77630 4.81077 4.81098 4.79351 4.78823 4.80062 4.84764 4.93808 5.02006 5.01505 4.90941 4.81608 4.77061 4.74171 4.71829 4.70949 4.69987 4.68653 4.68124 4.67895 4.67420 4.67396
4.41455 4.38320 4.24691 3.56895 2.55166 2.49213 2.85196 3.42252 4.07926 4.35940 4.44717 4.47047 4.48291 4.50595 4.53249 4.53289 4.59563 4.61465 4.61267 4.61322 4.62010 4.62747 4.63292 4.63904 4.65367 4.67243 4.68965 4.70449 4.72049 4.73570 4.71734 4.69494 4.69383 4.71210 4.72631 4.72053 4.68982 4.66691 4.68822 4.73759 4.74006 4.70692 4.69507 4.71486 4.74142 4.77790 4.79862 4.80571 4.80105 4.79597 4.80979 4.86710 4.96144 4.99492 4.89719 4.80176 4.75471 4.72728 4.70656 4.69506 4.68348 4.67600 4.68034 4.68997 4.69735 4.70608
4.49607 4.33062 3.82203 3.00569 2.74301 2.94932 3.26052 3.70653 4.13035 4.32703 4.40387 4.43799 4.46586 4.47557 4.35983 4.07090 4.46255 4.58414 4.59760 4.60012 4.60792 4.62046 4.63544 4.64372 4.65132 4.66302 4.67470 4.68421 4.69530 4.71100 4.70094 4.67823 4.68873 4.71815 4.72628 4.71731 4.69918 4.68585 4.69526 4.73483 4.77315 4.73570 4.70549 4.71462 4.73198 4.75115 4.76713 4.79466 4.80878 4.79965 4.79761 4.83326 4.91752 4.97640 4.89347 4.79251 4.74242 4.71792 4.69442 4.67200 4.65725 4.65929 4.67681 4.70185 4.72462 4.74553
4.40797 4.05646 3.39140 3.01941 3.18555 3.51626 3.79234 3.99684 4.15624 4.25870 4.31315 4.35185 4.40120 4.33428 3.79623 3.79398 4.05742 4.51851 4.58311 4.59030 4.59914 4.61349 4.63449 4.65342 4.66182 4.66625 4.66966 4.67107 4.67193 4.68137 4.68059 4.66672 4.68981 4.71547 4.71417 4.71001 4.70704 4.70729 4.71003 4.73157 4.77211 4.75644 4.71429 4.71422 4.73862 4.76818 4.77257 4.77611 4.79532 4.78933 4.78443 4.82273 4.90760 4.96113 4.88736 4.78774 4.73379 4.70597 4.67107 4.64237 4.63435 4.64474 4.67547 4.71346 4.74240 4.76914
4.24859 3.76746 3.31701 3.38915 3.77918 4.07763 4.17575 4.17770 4.17528 4.19503 4.21755 4.24603 4.31178 4.28504 4.03694 3.90596 4.19158 4.52721 4.57836 4.59022 4.59981 4.61232 4.62999 4.64946 4.66484 4.67104 4.67087 4.66832 4.66125 4.65649 4.65445 4.66676 4.69690 4.70245 4.69763 4.70053 4.71248 4.72810 4.73017 4.74115 4.77573 4.76485 4.71528 4.70337 4.72690 4.75266 4.75739 4.76694 4.77390 4.76975 4.78272 4.84048 4.92205 4.94854 4.87816 4.78661 4.72526 4.69047 4.64843 4.61522 4.61204 4.63420 4.67790 4.71327 4.73971 4.77752
4.13119 3.80692 3.61942 3.83622 4.16744 4.28777 4.27129 4.20697 4.15328 4.13777 4.15323 4.17976 4.25781 4.36777 4.39587 4.27661 4.39937 4.53880 4.57812 4.60386 4.60887 4.61213 4.63019 4.64613 4.65854 4.66650 4.66721 4.66448 4.65806 4.64527 4.64435 4.67227 4.68700 4.68174 4.68481 4.70230 4.72778 4.75052 4.74992 4.75009 4.77626 4.77450 4.71811 4.68910 4.70907 4.74492 4.75980 4.76100 4.76028 4.76741 4.80870 4.88355 4.93503 4.93291 4.87165 4.79323 4.72325 4.67582 4.63222 4.59213 4.58705 4.63235 4.68470 4.70248 4.73421 4.78395
4.12810 4.04487 4.03961 4.11718 4.22004 4.25425 4.22026 4.15781 4.11064 4.09940 4.12267 4.16530 4.23186 4.35628 4.44199 4.43309 4.46726 4.53825 4.58758 4.61866 4.61990 4.62008 4.63123 4.64303 4.65162 4.65672 4.65779 4.65582 4.65323 4.64594 4.64830 4.66347 4.66738 4.66955 4.69135 4.72426 4.75086 4.76564 4.76373 4.75315 4.76372 4.76305 4.72413 4.68121 4.68915 4.72698 4.74450 4.74567 4.75532 4.78999 4.85806 4.91399 4.93482 4.91660 4.86278 4.79382 4.72027 4.66807 4.63165 4.58340 4.56738 4.63108 4.68112 4.69721 4.73608 4.78103
4.20153 4.26280 4.32890 4.31928 4.27535 4.22678 4.17214 4.12041 4.09885 4.10868 4.13139 4.17027 4.22747 4.31051 4.38954 4.43412 4.47513 4.53079 4.58331 4.61662 4.62624 4.62923 4.63202 4.63611 4.64291 4.64830 4.65010 4.65000 4.65119 4.65366 4.65847 4.66256 4.67106 4.69245 4.72238 4.75218 4.76708 4.77398 4.76675 4.75537 4.76241 4.75644 4.71830 4.67485 4.68242 4.71527 4.72682 4.73561 4.76663 4.82528 4.88856 4.92213 4.92986 4.90086 4.85016 4.78517 4.71144 4.65540 4.62146 4.58869 4.58851 4.63903 4.67963 4.70721 4.74267 4.76374
4.33774 4.42067 4.46834 4.43382 4.35024 4.26320 4.20032 4.16664 4.16122 4.17635 4.19129 4.20011 4.23335 4.29489 4.35815 4.41110 4.46066 4.51198 4.56190 4.60057 4.62307 4.63194 4.63509 4.63762 4.64355 4.65138 4.65654 4.66018 4.66470 4.67268 4.68393 4.69238 4.70852 4.73456 4.75240 4.76436 4.77520 4.77831 4.76142 4.75767 4.77205 4.75665 4.70548 4.67616 4.69220 4.71121 4.71651 4.74171 4.79584 4.85845 4.90084 4.92234 4.92276 4.88474 4.83637 4.77571 4.70345 4.64265 4.60611 4.59370 4.61652 4.66349 4.69630 4.71966 4.72842 4.72057
4.45919 4.50366 4.50274 4.45131 4.37633 4.30703 4.27039 4.26222 4.25640 4.25565 4.25816 4.25216 4.25757 4.30395 4.36084 4.40650 4.44858 4.49167 4.53665 4.57723 4.60762 4.62767 4.64185 4.65329 4.66229 4.67143 4.67919 4.68617 4.69348 4.70324 4.71790 4.73164 4.74253 4.75097 4.76060 4.77225 4.78053 4.76805 4.74990 4.75274 4.76852 4.74819 4.70291 4.68484 4.69697 4.70431 4.71543 4.75322 4.81863 4.87288 4.90297 4.91928 4.90881 4.86678 4.82155 4.76566 4.69620 4.63449 4.59746 4.58974 4.61373 4.65323 4.67721 4.68800 4.68857 4.67536
4.51160 4.51871 4.47203 4.39583 4.34293 4.32351 4.32631 4.32737 4.30682 4.28278 4.26613 4.26728 4.29168 4.33616 4.38226 4.41526 4.44440 4.47767 4.51514 4.55303 4.58846 4.62014 4.64743 4.66932 4.68247 4.69256 4.69897 4.70359 4.71124 4.72215 4.73600 4.74434 4.75023 4.76014 4.77232 4.78128 4.77530 4.75063 4.73466 4.74254 4.75500 4.73089 4.69482 4.68474 4.69367 4.69173 4.70448 4.74558 4.81650 4.87193 4.89910 4.91236 4.88951 4.84697 4.80384 4.75168 4.68550 4.62819 4.59496 4.57869 4.58908 4.62991 4.66565 4.67649 4.67414 4.65808
4.50651 4.48067 4.38852 4.28853 4.28836 4.33032 4.35938 4.35018 4.30641 4.26117 4.24004 4.26468 4.32041 4.37371 4.41236 4.43123 4.44778 4.47429 4.50582 4.53698 4.57162 4.60722 4.63931 4.66609 4.68748 4.70155 4.70702 4.70738 4.71016 4.71983 4.73230 4.74071 4.75154 4.76829 4.77870 4.77136 4.75057 4.72861 4.72373 4.73974 4.75258 4.72082 4.68222 4.68004 4.70826 4.70033 4.68362 4.73104 4.80858 4.86608 4.89271 4.90092 4.86803 4.82612 4.78223 4.72825 4.66330 4.61397 4.59418 4.58018 4.57932 4.62827 4.68259 4.69590 4.68879 4.66750
4.44701 4.38087 4.22470 4.16912 4.26222 4.34615 4.37209 4.34119 4.27294 4.21256 4.19777 4.26376 4.35374 4.40974 4.44089 4.44993 4.45662 4.47998 4.51151 4.53700 4.56299 4.59309 4.62402 4.65528 4.68075 4.69395 4.70152 4.70315 4.70027 4.70461 4.71640 4.72669 4.74158 4.76180 4.76594 4.74640 4.72519 4.71567 4.72614 4.75002 4.75588 4.71273 4.67645 4.67574 4.69866 4.69345 4.69429 4.73553 4.80782 4.86217 4.88508 4.88225 4.84550 4.80468 4.75884 4.69938 4.62792 4.57308 4.57715 4.60224 4.61273 4.63107 4.66310 4.68423 4.68700 4.67083
