mrvbf_slope1_pctl0.6.asc
NCOLS 410
NROWS 410
XLLCORNER 2398750.0000000000000000
YLLCORNER 2548750.0000000000000000
CELLSIZE 250.0000000000000000
NODATA_VALUE -99999.00000
[rows 145 to 173 of 410, columns 0 to 65 of 410]
-99999.00000 -99999.00000 -99999.00000 -99999.00000 -99999.00000 7.65679 7.65859 7.66848 7.67865 7.68099 7.66984 7.68036 7.69178 7.69556 7.69412 7.69162 7.69408 7.70384 7.70711 7.69888 7.69133 7.69192 7.68152 7.66100 7.65372 7.63559 7.64149 7.64303 7.64051 7.66613 7.65644 7.60330 7.60911 7.64624 7.64581 7.64842 7.66689 7.67001 7.66874 7.66005 7.64881 7.63931 7.63686 7.63754 7.64053 7.64979 7.66156 7.65844 7.65525 7.66602 7.66235 7.65827 7.65720 7.65709 7.65911 7.66509 7.66858 7.66497 7.66292 7.64363 7.62901 7.61563 7.61368 7.62782 7.63183 7.62014
-99999.00000 -99999.00000 -99999.00000 -99999.00000 -99999.00000 7.67271 7.66182 7.65718 7.67019 7.68008 7.67600 7.68594 7.69045 7.69945 7.70229 7.70538 7.70757 7.71019 7.71051 7.70740 7.70308 7.70039 7.68537 7.66737 7.66653 7.64887 7.65010 7.66208 7.66599 7.67236 7.65702 7.63803 7.62841 7.64427 7.64088 7.64403 7.67232 7.67447 7.67794 7.67368 7.66278 7.64880 7.64101 7.63938 7.64197 7.64711 7.64938 7.64875 7.65320 7.66883 7.67181 7.66828 7.66442 7.65811 7.65032 7.65257 7.65830 7.65819 7.63984 7.63582 7.63741 7.62243 7.61786 7.63987 7.66028 7.64767
-99999.00000 -99999.00000 -99999.00000 -99999.00000 -99999.00000 7.67196 7.65402 7.64380 7.66346 7.66534 7.65781 7.67759 7.68909 7.69515 7.70090 7.70648 7.70862 7.70848 7.70595 7.69962 7.69373 7.69428 7.67899 7.65597 7.65223 7.64217 7.65154 7.67584 7.67821 7.67248 7.66448 7.66816 7.65226 7.62862 7.64566 7.63163 7.66219 7.67038 7.66880 7.65888 7.64767 7.63879 7.63374 7.63393 7.64110 7.64862 7.64090 7.63658 7.65197 7.67093 7.67741 7.67715 7.67361 7.66200 7.64667 7.64485 7.66200 7.64875 7.64170 7.64855 7.65604 7.63568 7.61219 7.62581 7.65544 7.66620
-99999.00000 -99999.00000 -99999.00000 -99999.00000 -99999.00000 7.67211 7.66330 7.64682 7.65746 7.63986 7.64171 7.67609 7.68576 7.68766 7.69141 7.69808 7.70302 7.70141 7.69201 7.68106 7.67943 7.68224 7.66808 7.63897 7.64002 7.63337 7.63599 7.67312 7.68003 7.67070 7.67278 7.67059 7.64801 7.62883 7.62579 7.61238 7.63161 7.65643 7.64731 7.63420 7.62719 7.62382 7.62308 7.62497 7.63359 7.64444 7.64230 7.64652 7.65938 7.67257 7.67969 7.68166 7.67639 7.66151 7.64949 7.65184 7.65962 7.65575 7.65547 7.66173 7.66503 7.66057 7.62906 7.61288 7.63512 7.66298
-99999.00000 -99999.00000 -99999.00000 -99999.00000 -99999.00000 7.65604 7.65755 7.63929 7.64603 7.63947 7.65468 7.66806 7.67994 7.68551 7.68535 7.68771 7.69097 7.68621 7.67575 7.67402 7.67530 7.67496 7.66378 7.63179 7.63940 7.64677 7.63283 7.66058 7.67927 7.67636 7.67793 7.66340 7.65732 7.64816 7.61331 7.63098 7.62235 7.60194 7.60827 7.62550 7.62835 7.62247 7.62287 7.62451 7.62967 7.64285 7.65590 7.66698 7.66992 7.67496 7.67953 7.68169 7.67589 7.65989 7.65019 7.65675 7.66017 7.66058 7.66383 7.66501 7.67468 7.67483 7.65574 7.62838 7.62703 7.65111
-99999.00000 -99999.00000 -99999.00000 -99999.00000 -99999.00000 7.65017 7.65527 7.65217 7.65547 7.64521 7.65607 7.67494 7.68182 7.68896 7.68803 7.68449 7.68038 7.67534 7.67411 7.67855 7.67257 7.67579 7.66872 7.64055 7.64608 7.66327 7.65239 7.66023 7.67327 7.67791 7.68109 7.67323 7.67460 7.67082 7.64787 7.63600 7.62607 7.60113 7.56881 7.62218 7.64216 7.63224 7.63802 7.63846 7.63583 7.64517 7.66071 7.66854 7.67479 7.67864 7.67853 7.68022 7.67388 7.65929 7.65227 7.65132 7.65034 7.65024 7.65435 7.65883 7.66770 7.66931 7.65912 7.64216 7.63571 7.64562
-99999.00000 -99999.00000 -99999.00000 -99999.00000 -99999.00000 7.65834 7.66287 7.65248 7.66307 7.65983 7.65801 7.68046 7.68575 7.69148 7.69441 7.68897 7.68203 7.67970 7.67995 7.67662 7.66175 7.66400 7.66274 7.64715 7.66060 7.67709 7.66688 7.66571 7.66741 7.67205 7.68196 7.67575 7.66479 7.65638 7.64193 7.63065 7.62375 7.59005 7.59103 7.62602 7.63707 7.64877 7.66177 7.65888 7.64602 7.64405 7.65750 7.67024 7.67207 7.67402 7.67454 7.67689 7.66834 7.66709 7.65734 7.64889 7.64520 7.64328 7.64010 7.63653 7.63831 7.63958 7.63994 7.64497 7.65167 7.65174
-99999.00000 -99999.00000 -99999.00000 -99999.00000 -99999.00000 7.64045 7.65207 7.62803 7.64669 7.66394 7.67370 7.67455 7.67667 7.68921 7.69192 7.69055 7.69034 7.68760 7.68225 7.67737 7.66346 7.66033 7.66213 7.65442 7.66951 7.68071 7.66997 7.66307 7.65782 7.65905 7.67180 7.66794 7.64809 7.64158 7.61218 7.63732 7.62109 7.62474 7.65564 7.65779 7.66509 7.67400 7.67365 7.66767 7.65182 7.64455 7.65674 7.66930 7.67060 7.66336 7.66929 7.67953 7.67556 7.66632 7.66624 7.66039 7.65157 7.64465 7.63770 7.62893 7.62150 7.62086 7.62925 7.64575 7.66187 7.66462
-99999.00000 -99999.00000 -99999.00000 -99999.00000 -99999.00000 7.65000 7.65042 7.63141 7.65711 7.66451 7.68416 7.68400 7.66800 7.67773 7.68468 7.68468 7.68493 7.68105 7.67000 7.67212 7.67143 7.67044 7.67098 7.66145 7.67430 7.68496 7.67708 7.66994 7.66170 7.65374 7.66264 7.67016 7.64625 7.63653 7.62331 7.62519 7.65785 7.67245 7.68049 7.68487 7.68612 7.68304 7.67700 7.66496 7.64883 7.64361 7.65334 7.65873 7.65250 7.65806 7.67328 7.68382 7.68223 7.67531 7.67676 7.66900 7.65610 7.64750 7.64308 7.63864 7.63389 7.63371 7.63653 7.64411 7.65674 7.66806
-99999.00000 -99999.00000 -99999.00000 -99999.00000 -99999.00000 7.66599 7.66332 7.63488 7.65301 7.65797 7.67580 7.68164 7.67632 7.66790 7.67500 7.68076 7.68512 7.68367 7.67199 7.66825 7.67015 7.67498 7.66530 7.65754 7.67547 7.68835 7.68492 7.68077 7.66975 7.66078 7.66803 7.67083 7.65210 7.62301 7.64954 7.62967 7.66614 7.67723 7.68166 7.68123 7.67191 7.66711 7.66540 7.65532 7.64126 7.63941 7.64790 7.65363 7.65956 7.67398 7.68380 7.68250 7.67650 7.67636 7.67745 7.66523 7.65070 7.65029 7.65356 7.65430 7.65351 7.65242 7.64896 7.64305 7.64171 7.65111
-99999.00000 -99999.00000 -99999.00000 -99999.00000 -99999.00000 7.66197 7.66532 7.63804 7.63002 7.65287 7.66511 7.67728 7.66989 7.64800 7.64600 7.65244 7.65821 7.67239 7.68161 7.68027 7.68171 7.67189 7.65655 7.65819 7.67917 7.68164 7.67032 7.66271 7.65567 7.65783 7.67059 7.65899 7.64175 7.62138 7.63329 7.62339 7.65029 7.67264 7.68017 7.67443 7.66248 7.65328 7.64542 7.63690 7.63182 7.63926 7.65375 7.66501 7.67504 7.68582 7.68452 7.66885 7.66213 7.66812 7.67059 7.65748 7.64767 7.65863 7.66657 7.66888 7.66870 7.66680 7.66157 7.64995 7.63546 7.62849
-99999.00000 -99999.00000 -99999.00000 -99999.00000 -99999.00000 7.63193 7.66133 7.64596 7.63497 7.65239 7.65519 7.65837 7.64636 7.62256 7.64151 7.65084 7.64920 7.65864 7.67378 7.66982 7.66554 7.66486 7.66614 7.67210 7.67855 7.65293 7.63312 7.62991 7.63573 7.64392 7.64981 7.64557 7.65995 7.64270 7.63297 7.64267 7.63727 7.67478 7.68259 7.67812 7.67325 7.65321 7.63242 7.62245 7.62762 7.64723 7.66641 7.67402 7.67450 7.67895 7.67019 7.65506 7.65857 7.66424 7.66819 7.65951 7.65261 7.66161 7.66893 7.67181 7.67180 7.66968 7.66518 7.65780 7.64668 7.63430
-99999.00000 -99999.00000 -99999.00000 -99999.00000 -99999.00000 7.63308 7.66318 7.65287 7.63987 7.65309 7.65976 7.65612 7.64423 7.62914 7.66112 7.67306 7.66441 7.66072 7.66580 7.66127 7.66768 7.68108 7.68986 7.67965 7.65388 7.60594 7.61209 7.63527 7.65650 7.66180 7.65526 7.66375 7.65157 7.64867 7.65160 7.65358 7.64085 7.66887 7.68745 7.68917 7.67552 7.65324 7.63119 7.62009 7.63077 7.65517 7.66943 7.66916 7.66420 7.66825 7.66456 7.65180 7.66116 7.65990 7.66361 7.66328 7.65235 7.65526 7.66351 7.66867 7.67032 7.66844 7.66393 7.66006 7.65529 7.65156
-99999.00000 -99999.00000 -99999.00000 -99999.00000 -99999.00000 7.64535 7.66255 7.63085 7.62066 7.65051 7.66004 7.65732 7.65222 7.63747 7.65417 7.67878 7.68142 7.67449 7.66944 7.66894 7.67878 7.68911 7.69262 7.67354 7.63078 7.62158 7.63115 7.63076 7.63920 7.64013 7.65480 7.65558 7.66571 7.67905 7.67245 7.66993 7.65604 7.66788 7.68933 7.69074 7.67566 7.65833 7.64151 7.62876 7.63204 7.64962 7.65931 7.65269 7.63996 7.64889 7.66442 7.65590 7.65227 7.65623 7.66262 7.66373 7.65417 7.65363 7.65991 7.66452 7.66609 7.66482 7.66389 7.66405 7.65608 7.64541
-99999.00000 -99999.00000 -99999.00000 -99999.00000 -99999.00000 7.63863 7.64657 7.61451 7.61414 7.64684 7.64476 7.65933 7.66321 7.66077 7.65232 7.67429 7.68924 7.68802 7.68172 7.67852 7.67927 7.67485 7.67110 7.66153 7.64706 7.63232 7.62576 7.63344 7.63905 7.64239 7.65836 7.66224 7.68493 7.69132 7.66883 7.67083 7.65164 7.66999 7.68543 7.68760 7.68043 7.67031 7.65720 7.64041 7.63181 7.63993 7.64464 7.63076 7.62221 7.61718 7.64668 7.66118 7.65899 7.65862 7.65565 7.64502 7.63940 7.64338 7.65001 7.65349 7.65438 7.65538 7.65863 7.66176 7.65541 7.64764
-99999.00000 -99999.00000 -99999.00000 -99999.00000 -99999.00000 7.61365 7.62804 7.60932 7.60977 7.63907 7.63524 7.65831 7.66795 7.67242 7.66292 7.66996 7.68042 7.68440 7.67930 7.66805 7.65793 7.64874 7.65153 7.64932 7.64410 7.61940 7.64703 7.65939 7.64413 7.63572 7.66350 7.67489 7.68867 7.68123 7.66390 7.66465 7.65532 7.66923 7.68104 7.68838 7.68869 7.68194 7.66905 7.64933 7.63183 7.63260 7.63175 7.61920 7.62548 7.60137 7.61874 7.64702 7.65515 7.64661 7.62652 7.61423 7.61447 7.61989 7.62591 7.63190 7.63701 7.64108 7.64467 7.64627 7.64097 7.63291
-99999.00000 -99999.00000 -99999.00000 -99999.00000 -99999.00000 7.62321 7.63742 7.62602 7.60833 7.61947 7.63697 7.64653 7.66534 7.67741 7.67227 7.67034 7.67241 7.67267 7.66572 7.64971 7.63212 7.63205 7.64095 7.63627 7.60951 7.60601 7.66418 7.67457 7.65719 7.63408 7.65453 7.67571 7.68073 7.66908 7.67071 7.66626 7.65271 7.66241 7.67793 7.68970 7.69376 7.68888 7.67776 7.66251 7.64202 7.63211 7.62519 7.61755 7.62700 7.60408 7.60603 7.61981 7.62515 7.60538 7.58716 7.59111 7.59970 7.60317 7.60558 7.61321 7.62206 7.62636 7.62838 7.62993 7.62749 7.61581
-99999.00000 -99999.00000 -99999.00000 -99999.00000 -99999.00000 7.63306 7.64221 7.64009 7.61339 7.61702 7.63899 7.65344 7.67301 7.68650 7.68416 7.67932 7.67608 7.67287 7.66692 7.66027 7.65764 7.66262 7.66031 7.64478 7.62049 7.63300 7.66252 7.66870 7.65848 7.64292 7.65521 7.67530 7.67865 7.67079 7.67539 7.67508 7.65588 7.65453 7.66923 7.68257 7.68964 7.68821 7.68210 7.67589 7.66143 7.64717 7.63118 7.62068 7.61599 7.58675 7.59415 7.59736 7.59431 7.57675 7.57899 7.59896 7.61376 7.61463 7.61247 7.61481 7.61756 7.61536 7.61424 7.61953 7.62585 7.62042
-99999.00000 -99999.00000 -99999.00000 -99999.00000 -99999.00000 7.61963 7.62948 7.62634 7.62408 7.64109 7.65917 7.66995 7.67814 7.68769 7.69191 7.69139 7.68794 7.68465 7.68376 7.68702 7.68334 7.67896 7.66884 7.65609 7.66316 7.66010 7.66311 7.66630 7.66135 7.65429 7.66353 7.67890 7.68174 7.67061 7.66769 7.67253 7.65013 7.63738 7.64955 7.66288 7.67397 7.68274 7.68218 7.67850 7.67138 7.66151 7.63737 7.62076 7.60686 7.56382 7.56771 7.58934 7.59711 7.59815 7.61238 7.63105 7.64437 7.64368 7.64095 7.63633 7.62825 7.61441 7.60666 7.61007 7.61964 7.62712
-99999.00000 -99999.00000 -99999.00000 -99999.00000 -99999.00000 7.63173 7.63853 7.63714 7.64475 7.65122 7.65606 7.66034 7.66962 7.67868 7.68585 7.69287 7.69617 7.69501 7.69438 7.68998 7.67903 7.66493 7.64499 7.66172 7.68404 7.68544 7.68281 7.68050 7.67570 7.66856 7.66958 7.67817 7.67741 7.67507 7.66278 7.65494 7.63068 7.62532 7.63590 7.64442 7.65277 7.66761 7.67905 7.67978 7.67636 7.66118 7.63058 7.61750 7.61627 7.58795 7.55150 7.58971 7.60537 7.61815 7.63640 7.64259 7.64675 7.64419 7.64564 7.64908 7.63859 7.62291 7.61295 7.59816 7.60788 7.62767
-99999.00000 -99999.00000 -99999.00000 -99999.00000 -99999.00000 7.62751 7.63770 7.64853 7.65261 7.65565 7.65246 7.65452 7.66185 7.66757 7.67576 7.68133 7.68655 7.68880 7.68684 7.67620 7.65699 7.61888 7.62251 7.65499 7.67698 7.69276 7.69637 7.69107 7.68051 7.66793 7.66395 7.67161 7.67565 7.67270 7.66180 7.64263 7.63163 7.63039 7.63915 7.64687 7.64382 7.65238 7.67057 7.68148 7.67934 7.65645 7.62034 7.61804 7.63342 7.61995 7.58586 7.57100 7.60647 7.60448 7.63180 7.64816 7.65597 7.65467 7.64844 7.64424 7.62920 7.62102 7.62894 7.59829 7.59605 7.61373
-99999.00000 -99999.00000 -99999.00000 -99999.00000 -99999.00000 7.60847 7.62585 7.64323 7.64852 7.65473 7.64380 7.64480 7.65807 7.66268 7.66853 7.66992 7.67189 7.67462 7.67262 7.65582 7.61616 7.60440 7.63777 7.65035 7.66418 7.68417 7.69109 7.68436 7.67590 7.66547 7.66062 7.66885 7.67740 7.66667 7.66799 7.64051 7.64125 7.63665 7.64486 7.65867 7.64618 7.65040 7.66595 7.67747 7.67548 7.64903 7.61821 7.62597 7.65019 7.64390 7.61476 7.58851 7.58631 7.61759 7.63343 7.65632 7.66769 7.66879 7.66059 7.65040 7.63145 7.61534 7.62535 7.61840 7.59016 7.56208
-99999.00000 -99999.00000 -99999.00000 -99999.00000 -99999.00000 7.61830 7.62933 7.63717 7.63663 7.64777 7.63543 7.65130 7.66424 7.66356 7.66524 7.66480 7.66045 7.65989 7.66404 7.63284 7.61938 7.64421 7.66073 7.65450 7.65995 7.67755 7.68364 7.67859 7.67416 7.66550 7.65826 7.66825 7.67847 7.66645 7.66390 7.64740 7.65149 7.64424 7.64557 7.65618 7.65354 7.66188 7.66518 7.66450 7.66264 7.64197 7.62702 7.63858 7.65859 7.66160 7.63327 7.59700 7.58990 7.62799 7.61156 7.62831 7.65125 7.66734 7.66778 7.65890 7.63884 7.61938 7.62767 7.63386 7.59807 7.53776
-99999.00000 -99999.00000 -99999.00000 -99999.00000 -99999.00000 7.64212 7.63753 7.64332 7.64261 7.64629 7.63758 7.65491 7.66033 7.66138 7.66286 7.66315 7.65538 7.65433 7.64950 7.64348 7.65654 7.66499 7.66830 7.66145 7.66104 7.67410 7.67875 7.67740 7.67111 7.65723 7.65775 7.66696 7.67061 7.65806 7.65693 7.64854 7.65774 7.65701 7.65908 7.67141 7.66901 7.66983 7.66359 7.65947 7.65902 7.65068 7.64597 7.65116 7.65477 7.65214 7.63733 7.61131 7.59843 7.59694 7.57434 7.59418 7.61722 7.64763 7.66250 7.65112 7.62457 7.60844 7.62115 7.62429 7.59423 7.56520
-99999.00000 -99999.00000 -99999.00000 -99999.00000 -99999.00000 7.63179 7.62526 7.64722 7.65338 7.64601 7.64685 7.64975 7.65481 7.65542 7.65906 7.66222 7.65083 7.65506 7.65298 7.66281 7.67071 7.67179 7.67555 7.67177 7.66235 7.66628 7.66933 7.67067 7.66399 7.65429 7.65739 7.66489 7.66404 7.64579 7.63653 7.63617 7.64385 7.65075 7.66327 7.67578 7.67022 7.66884 7.67101 7.67451 7.67410 7.66951 7.66236 7.65634 7.64905 7.64437 7.64029 7.63378 7.62060 7.58120 7.59085 7.60136 7.60247 7.62947 7.65532 7.64463 7.61779 7.60944 7.62800 7.62353 7.61031 7.58444
-99999.00000 -99999.00000 -99999.00000 -99999.00000 -99999.00000 7.60271 7.62728 7.63327 7.65301 7.66009 7.65593 7.64618 7.64625 7.65329 7.65539 7.65547 7.63963 7.65376 7.65256 7.66450 7.67282 7.67532 7.67947 7.68024 7.67022 7.66354 7.66352 7.66459 7.65663 7.64408 7.64326 7.65319 7.65640 7.64300 7.61399 7.61882 7.63087 7.64831 7.66883 7.67962 7.67494 7.67446 7.67830 7.68051 7.68476 7.68157 7.67264 7.66490 7.66100 7.65800 7.65232 7.63493 7.62854 7.58384 7.62018 7.62813 7.61089 7.62430 7.65171 7.64388 7.62064 7.61716 7.63092 7.63134 7.62630 7.60196
-99999.00000 -99999.00000 -99999.00000 -99999.00000 -99999.00000 7.58800 7.62485 7.63671 7.64285 7.65582 7.65385 7.64168 7.64327 7.66030 7.65254 7.64364 7.63141 7.65043 7.65099 7.65943 7.66795 7.67231 7.67688 7.68048 7.67779 7.67137 7.66830 7.66729 7.65879 7.64232 7.63349 7.64373 7.64797 7.62798 7.60660 7.61323 7.63393 7.64942 7.66951 7.67913 7.67764 7.67525 7.67845 7.68580 7.69127 7.69031 7.68463 7.68072 7.67868 7.67499 7.66588 7.64153 7.62956 7.59510 7.63237 7.64181 7.61888 7.62359 7.65022 7.64254 7.61945 7.61699 7.62667 7.62519 7.62260 7.60619
-99999.00000 -99999.00000 -99999.00000 -99999.00000 -99999.00000 7.59890 7.64045 7.64256 7.65350 7.65742 7.64609 7.64016 7.65236 7.66055 7.65410 7.63674 7.61991 7.63631 7.63923 7.64669 7.65314 7.65937 7.66631 7.67313 7.67666 7.67646 7.67415 7.67221 7.66587 7.64832 7.62853 7.63716 7.64238 7.62971 7.61479 7.62339 7.65149 7.65397 7.66423 7.67344 7.67465 7.67113 7.67701 7.68822 7.69273 7.69302 7.69034 7.68674 7.68137 7.67456 7.66121 7.63792 7.62927 7.60027 7.62964 7.64614 7.62314 7.62419 7.65033 7.63974 7.61062 7.60184 7.60555 7.60222 7.59754 7.59439
-99999.00000 -99999.00000 -99999.00000 -99999.00000 -99999.00000 7.62440 7.64780 7.64962 7.66282 7.65605 7.64275 7.64065 7.65022 7.65748 7.65036 7.63151 7.60862 7.60659 7.61830 7.62342 7.62893 7.63711 7.64769 7.65857 7.66757 7.67365 7.67363 7.67087 7.66595 7.65805 7.64738 7.63983 7.64581 7.64155 7.63479 7.63509 7.65141 7.66442 7.66558 7.66920 7.66846 7.66586 7.67612 7.68860 7.69175 7.68889 7.68249 7.68064 7.67909 7.67055 7.64626 7.63955 7.61878 7.60174 7.62907 7.65129 7.62793 7.62578 7.65065 7.63920 7.60216 7.58710 7.59907 7.60797 7.60577 7.61237
