mrvbf_slope1_pctl0.6.asc
NCOLS 410
NROWS 410
XLLCORNER 2398750.0000000000000000
YLLCORNER 2548750.0000000000000000
CELLSIZE 250.0000000000000000
NODATA_VALUE -99999.00000
[rows 348 to 376 of 410, columns 198 to 263 of 410]
6.22334 6.08673 6.12024 6.35102 6.41367 6.35723 6.10075 5.64343 5.07563 5.25832 6.12680 6.48238 6.53169 6.46682 6.27511 6.07720 6.05657 6.29444 6.40199 6.36292 6.36467 6.46078 6.47161 6.15788 5.92692 5.55649 5.05378 4.75652 4.78584 5.11959 5.62987 6.35919 6.18861 5.35992 4.79527 4.63364 4.68128 4.84887 5.17687 5.65555 6.02237 5.92944 5.80021 5.55729 5.85231 6.38610 6.31301 6.61711 6.89344 6.71630 6.39963 6.47036 6.66585 6.76246 7.08515 7.23211 7.23602 7.16839 7.15403 7.13367 6.98687 6.61303 6.35491 6.92255 7.21293 7.11129
5.99596 6.01572 6.27146 6.23872 6.31702 6.07328 5.71646 5.51346 5.37858 5.57149 6.21075 6.60157 6.69082 6.62076 6.38669 6.23731 6.31675 6.54772 6.67469 6.65703 6.55269 6.43965 6.28448 5.98066 5.63738 5.06784 4.69471 4.51927 4.48354 4.49120 4.63247 5.58589 5.45906 4.71249 4.49667 4.56961 4.78991 5.03783 5.25124 5.88787 6.57422 6.34665 6.05431 5.62709 5.31266 5.54199 6.06099 6.65214 6.88228 6.65779 5.93035 5.55783 5.92556 6.56389 7.06366 7.21793 7.18462 7.12186 7.09594 6.88127 6.73780 6.58344 6.62364 6.98926 7.22834 7.21692
6.03739 6.09961 6.19041 6.06007 5.89527 5.63162 5.71307 5.82387 5.90064 5.90790 6.21036 6.61058 6.73370 6.64790 6.44220 6.39274 6.52833 6.71001 6.81337 6.82552 6.79581 6.69224 6.41994 6.09780 5.59832 4.98965 4.61963 4.48768 4.48335 4.44210 4.24491 4.67901 4.87076 4.49044 4.58242 5.02516 5.55042 5.59272 5.11341 5.67774 6.61430 6.26488 6.03653 6.05686 5.62354 5.20967 5.47507 6.47239 6.91774 6.55862 5.77924 5.42423 5.67137 6.36174 6.90016 7.12265 7.09562 6.96977 6.67930 6.56229 6.86067 6.92781 6.98112 7.00899 7.14280 7.16368
5.81027 5.73939 5.92206 6.05405 5.90353 5.96809 6.23107 6.27496 6.22435 6.17799 6.27613 6.54688 6.60517 6.54208 6.36586 6.34748 6.49576 6.65452 6.69610 6.70851 6.81525 6.81691 6.55781 6.13253 5.66968 5.08147 4.60806 4.42995 4.46592 4.59720 4.34970 4.43847 4.81078 4.52812 4.84737 5.85773 6.61183 6.48585 5.32663 5.53450 6.61361 6.17844 6.30804 6.77818 6.68381 6.21164 5.86269 6.46321 6.95457 6.32748 5.95856 6.21216 6.20647 6.48320 6.78974 6.99092 6.96640 6.80614 6.13291 6.27338 7.05380 7.14477 7.10156 6.99116 6.98351 6.89983
5.56765 5.72170 6.13269 6.31909 6.29804 6.35326 6.37283 6.32403 6.25419 6.20726 6.21927 6.40989 6.46258 6.41272 6.20664 6.18213 6.36165 6.47392 6.50705 6.58534 6.70416 6.78621 6.65595 6.25808 5.65198 5.08099 4.63012 4.40995 4.41862 4.58072 4.49540 4.97449 5.50192 4.72486 4.63619 5.05826 5.99159 6.36987 5.72010 5.95035 6.81642 6.42883 6.39676 6.66871 6.42958 5.82589 6.13892 6.94683 7.10701 6.58043 6.17484 6.68718 6.76999 6.82598 6.96327 7.05051 7.02216 6.86888 6.02588 5.97748 6.98412 7.12270 7.13833 7.12885 7.07154 6.92293
5.68501 6.06750 6.18793 6.25465 6.19154 6.26804 6.18873 6.09556 6.11812 6.19401 6.05512 6.22128 6.33149 6.14031 5.93644 5.99058 6.23150 6.38635 6.47877 6.56339 6.65079 6.65337 6.61168 6.45560 5.94285 5.28204 4.81416 4.52618 4.50761 4.82231 5.02767 5.89569 6.24231 5.28183 4.69093 4.64561 5.25665 6.20622 6.26073 6.41233 6.93079 6.81647 6.46747 6.47124 6.35353 6.42383 6.95018 7.09969 7.04258 6.77629 6.65644 6.86021 6.95138 7.00898 7.13505 7.19790 7.16479 7.00294 6.34709 6.08240 6.74196 7.03765 7.15388 7.21737 7.20531 7.14292
5.94293 6.18142 6.25054 6.25386 6.08456 5.99480 5.93772 5.84112 5.67661 5.87244 5.97054 5.89700 5.74921 5.53472 5.55857 5.83908 6.14288 6.41045 6.49461 6.55829 6.60366 6.56359 6.51305 6.38849 6.23857 5.68001 5.12658 4.71656 4.60366 4.99333 5.24589 5.79132 6.39768 5.90648 5.27682 5.04161 5.27713 6.35900 6.69371 6.64712 6.95898 7.10034 6.92718 6.78073 6.75715 6.90244 6.87547 6.55961 6.40334 6.58382 6.94129 7.05510 7.05341 7.12464 7.22912 7.25679 7.21784 7.09265 6.67586 6.29639 6.52329 6.93314 7.16515 7.22715 7.21882 7.17352
5.91103 6.02225 6.14239 6.19194 6.12985 5.92212 5.86037 5.53015 5.32577 5.50171 5.63012 5.51298 5.33563 5.29520 5.35817 5.45215 5.80298 6.12354 6.41961 6.56477 6.53074 6.59829 6.56823 6.28061 6.23731 5.94414 5.32764 4.76894 4.49129 4.63160 5.14299 5.36737 6.12836 5.41300 5.29607 5.48960 5.83602 6.60758 6.90406 6.75460 6.86965 7.03998 6.89385 6.58715 6.40593 6.29248 5.60472 5.17957 5.42743 6.16819 6.81461 7.01642 7.08292 7.19869 7.27009 7.27754 7.22819 7.14140 6.86718 6.44930 6.44877 6.82365 7.10799 7.19115 7.13222 6.97312
5.63750 5.58581 5.59581 5.67149 5.80685 5.64566 5.27295 4.97654 5.00918 5.26974 5.37742 5.32018 5.20122 5.14363 4.97785 4.72273 4.83017 5.21684 6.01496 6.48263 6.54412 6.47732 6.46560 6.37414 6.17795 5.99164 5.53272 4.89470 4.52309 4.51313 4.88445 5.50379 6.31257 5.65849 5.48779 6.18985 6.45876 6.70474 6.94031 6.73012 6.61198 6.59351 5.92307 5.22437 4.85241 4.57325 4.41319 4.58203 5.05405 5.67532 6.31416 6.75026 7.05461 7.22114 7.27522 7.27901 7.22292 7.14814 7.02692 6.65217 6.44805 6.74331 7.07333 7.16687 7.01766 6.74389
5.45298 5.27050 5.10808 5.08716 5.25854 5.20335 4.84468 4.72403 4.85980 5.04257 5.14865 5.27880 4.95219 4.65452 4.34949 4.13820 4.18130 4.49636 5.19373 6.31088 6.64068 6.56053 6.34207 6.15972 5.99405 5.73318 5.48562 5.08804 4.72818 4.63255 4.80244 5.51512 6.26582 6.04121 5.76791 6.10856 6.31784 6.49863 6.74841 6.67194 6.27158 5.58686 4.75912 4.45140 4.20781 4.02949 4.19347 4.63603 4.96217 5.19938 5.70337 6.45023 7.00398 7.20107 7.25920 7.26660 7.21577 7.15096 7.02619 6.66095 6.45161 6.73748 7.06978 7.14248 6.94131 6.58793
5.25293 5.13810 5.05057 4.97899 4.96740 4.93857 4.57802 4.58230 4.76571 4.88637 4.97498 5.02800 4.69825 4.24965 4.03602 4.10182 4.14754 4.19495 4.64058 5.91955 6.61305 6.56991 6.07100 5.66339 5.41398 5.12581 4.85461 4.72461 4.68981 4.74157 4.83769 5.07243 5.34513 5.64532 6.06985 6.30083 6.40539 6.44448 6.53361 6.53816 5.78845 4.82840 4.42230 4.33192 4.24581 4.30238 4.50571 4.79473 4.83135 4.87321 5.29469 6.23817 6.94861 7.16086 7.22323 7.22794 7.18311 7.14346 6.95435 6.63964 6.53904 6.78572 6.98820 7.03928 6.89463 6.40910
4.97079 5.00604 4.93933 4.84467 4.82202 4.57337 4.33441 4.52566 4.74793 4.83121 4.85528 4.84887 4.71998 4.22994 3.99666 4.23143 4.38121 4.20963 4.56619 5.66741 6.45059 6.14658 5.60075 5.35932 4.97612 4.58101 4.31955 4.16399 4.15455 4.23340 4.25383 4.30069 4.44776 4.69132 5.34111 6.17282 6.56165 6.55713 6.33715 5.91849 5.18876 4.65373 4.52742 4.54972 4.64808 4.90540 5.06391 4.86602 4.70449 4.66756 5.01048 5.95760 6.81115 7.06596 7.12196 7.10669 7.08646 7.09486 6.89894 6.71189 6.70297 6.76037 6.80637 6.84039 6.71327 6.21981
4.64152 4.68480 4.74753 4.74489 4.62957 4.28991 4.27717 4.64984 4.79819 4.94183 4.96266 4.87154 4.84699 4.43330 4.02429 4.03032 4.22949 4.24130 4.67482 5.64145 6.31650 6.00511 5.41435 5.04639 4.60832 4.26840 4.04010 3.88694 3.83466 3.85198 3.87266 3.95183 4.11526 4.30756 4.68295 5.61660 6.41535 6.51914 6.11462 5.44516 4.90459 4.70976 4.71468 4.69890 4.86300 5.23576 5.17726 4.94603 4.73097 4.58154 4.75782 5.49242 6.44003 6.71002 6.71021 6.76490 6.90123 6.97107 6.84609 6.79386 6.87582 6.89830 6.90396 6.86122 6.75514 6.41078
4.52286 4.47592 4.47834 4.46147 4.37218 4.19895 4.32442 4.62078 4.73723 4.98039 5.04498 5.05728 5.07098 4.93311 4.40978 4.09521 4.11679 4.39106 5.16266 5.89732 6.10694 5.87825 5.44841 4.77803 4.32267 4.06777 3.94532 3.89459 3.86681 3.86866 3.88610 4.02013 4.19068 4.32902 4.56200 5.26820 6.17073 6.37590 5.92765 5.22018 4.77521 4.74656 4.82881 4.82116 5.09402 5.87070 5.31813 5.14498 4.95163 4.62824 4.67274 5.34938 6.21493 6.20574 6.11441 6.35287 6.62864 6.73845 6.72973 6.79820 6.95229 7.04562 7.03049 6.94230 6.83551 6.58788
4.44399 4.42233 4.38122 4.30835 4.21217 4.18593 4.36368 4.52344 4.56972 4.72835 4.85280 5.05993 5.26511 5.22043 5.01884 4.69895 4.61056 5.02960 5.64043 5.95601 5.91290 5.73758 5.43149 4.71123 4.18633 3.94913 3.92882 4.01389 4.08173 4.10224 4.08128 4.44575 4.65394 4.50677 4.66969 5.37185 6.21925 6.30478 5.72023 5.05167 4.73083 4.77594 4.98126 5.21178 5.70834 5.86225 5.79713 5.52218 5.14719 4.68974 4.73848 5.54060 6.35127 6.18438 6.17570 6.22625 6.30209 6.40788 6.53726 6.71105 6.89607 6.99917 6.97159 6.81648 6.58336 6.34876
4.32307 4.37210 4.34429 4.23644 4.14493 4.17261 4.31786 4.41047 4.42723 4.47951 4.65333 4.93053 5.14249 5.07337 4.94559 4.86376 4.89267 5.30631 5.66949 5.66620 5.68639 5.71844 5.51862 4.80248 4.18289 3.89599 3.87284 3.99490 4.24335 4.38005 4.47486 4.69811 5.05009 4.81021 4.87400 5.62585 6.47507 6.27822 5.45579 4.95203 4.77110 4.77038 5.15213 5.35790 5.82070 5.88512 5.78092 5.52109 5.01263 4.60318 4.81103 5.77655 6.37059 6.19501 6.33376 6.22870 6.01171 6.05887 6.29935 6.53563 6.72371 6.81386 6.70199 6.34452 5.83690 5.37927
4.23131 4.24376 4.19166 4.07675 3.99804 3.99174 4.02718 4.07110 4.13887 4.28362 4.45535 4.66874 4.73407 4.57048 4.44961 4.45539 4.58861 4.77478 5.29903 5.29872 5.42077 5.69106 5.58446 4.96813 4.27815 3.92249 3.82661 3.87214 4.00853 4.20510 4.15024 4.47050 5.00054 5.02539 5.27340 6.05247 6.69310 6.09399 5.15568 4.90413 4.77901 4.76109 5.16580 5.24818 5.48362 5.81125 5.22658 4.85050 4.73759 4.63421 4.97903 5.75965 6.10683 6.03446 6.00897 6.01049 5.66983 5.68249 5.92498 6.08128 6.20278 6.28880 6.11814 5.57803 5.07766 4.79418
4.08885 4.04602 3.93844 3.84056 3.73757 3.64831 3.61921 3.60728 3.63700 3.83916 4.10321 4.26893 4.32822 4.23678 4.20942 4.30720 4.40904 4.48341 4.76556 5.15539 5.10265 5.43389 5.59692 5.14696 4.46824 4.06976 3.86682 3.80608 3.85415 4.08984 4.51662 4.76450 5.10881 5.45349 5.70514 6.39569 6.76904 5.82078 4.84759 4.69894 4.66338 4.85950 5.76171 5.94407 5.72135 6.05594 5.24430 4.80882 4.81187 4.96897 5.27903 5.39358 5.26788 5.07154 5.16869 5.31386 5.07688 5.09923 5.22360 5.26941 5.33922 5.43842 5.35650 4.93768 4.74790 4.86297
3.90976 3.83163 3.73927 3.66074 3.54210 3.38876 3.28763 3.19862 3.22850 3.48021 3.65614 3.81585 4.00711 4.05763 4.02856 4.22595 4.36124 4.40077 4.56078 4.84424 5.15740 5.47388 5.60103 5.43632 4.80882 4.37640 4.14272 3.98039 3.93427 4.17216 4.85986 5.32983 5.67483 6.03576 6.17806 6.68137 6.77971 5.66571 4.72491 4.65300 4.84104 5.54947 6.31017 6.67296 6.24231 5.92647 5.46991 5.57305 5.54014 5.46356 5.32604 5.29122 5.22645 5.18444 5.30512 5.21341 4.84047 4.64657 4.64307 4.69567 4.74576 4.80263 4.76623 4.62030 4.72958 5.22232
3.75392 3.68217 3.62007 3.49971 3.26306 3.11952 3.08254 3.10835 3.03389 3.06536 3.45106 3.61654 3.75898 3.97395 3.94543 4.04975 4.31130 4.43584 4.54073 4.63363 5.16896 4.95132 4.76960 5.17355 5.04234 4.73444 4.57669 4.42028 4.28708 4.40592 4.92584 5.56040 6.21825 6.55275 6.51479 6.73244 6.69739 5.50858 4.63835 4.69575 5.33836 6.06727 6.68217 6.96991 6.77923 6.51729 6.58661 6.78700 6.41522 5.93953 5.86023 6.06523 6.22503 6.30402 6.32171 6.02828 5.49427 4.98423 4.74833 4.65168 4.62440 4.65237 4.65468 4.66347 4.98385 5.58862
3.64059 3.59510 3.48875 3.23424 3.02978 3.15354 3.37272 3.47489 3.40406 3.18993 3.30730 3.51053 3.61904 3.71772 3.80857 3.99420 4.28528 4.40882 4.48926 4.48940 4.63392 4.46389 4.55224 4.52577 4.64493 4.64140 4.62418 4.63070 4.62267 4.67992 4.95531 5.51596 6.27632 6.60522 6.40953 6.42703 6.48085 5.41695 4.65648 4.65797 5.39283 6.51614 7.00968 7.11613 7.12214 7.14374 7.18465 7.17288 6.98368 6.67529 6.65102 6.83945 6.95811 6.92300 6.92027 6.83296 6.63036 6.34288 5.79828 5.13015 4.87078 4.82377 4.90701 5.02419 5.33637 5.46445
3.57501 3.52556 3.35780 3.13477 3.18399 3.39058 3.53058 3.53552 3.48603 3.37475 3.28951 3.37779 3.50282 3.56041 3.62113 3.74027 3.93293 4.11525 4.29692 4.44310 4.45060 4.56447 4.40114 4.53264 4.62291 4.52832 4.52863 4.68537 4.81275 4.74754 4.83563 5.40503 6.17678 6.45357 6.19322 6.03368 6.15688 5.46400 4.73120 4.50542 5.29990 6.33270 6.98820 7.12870 7.23020 7.29082 7.27638 7.26482 7.21612 7.00866 6.93883 7.08928 7.17180 7.13918 7.10521 7.06398 7.05186 6.98935 6.58142 5.98984 5.52130 5.24729 5.44314 5.71033 5.65816 5.01750
3.53946 3.49913 3.36860 3.22309 3.29340 3.43409 3.44474 3.38627 3.39002 3.40124 3.30838 3.24618 3.35865 3.44071 3.51720 3.60623 3.70916 3.85949 4.07087 4.29135 4.42462 4.60686 4.53305 4.54216 4.60431 4.51016 4.59338 4.80431 4.86280 4.63345 4.74948 5.56703 6.31283 6.45711 6.26457 5.89507 5.85534 5.63121 4.95899 4.67208 5.23563 6.41256 6.91893 7.17897 7.24803 7.30021 7.27966 7.28375 7.27959 7.19515 7.00350 6.99544 7.16538 7.20933 7.22752 7.22355 7.23857 7.16964 6.84888 6.57988 6.43571 5.97393 6.03013 6.28330 6.03845 4.84808
3.50721 3.48899 3.40318 3.23252 3.17863 3.24106 3.26102 3.42803 3.32255 3.40545 3.41495 3.32659 3.33509 3.40780 3.48812 3.55939 3.62820 3.72324 3.88939 4.11813 4.27087 4.46249 4.85537 4.48560 4.32446 4.43792 4.83268 5.09277 4.92897 4.69493 5.12427 6.01481 6.43769 6.41923 6.55731 6.16891 5.89866 5.50129 5.01356 5.06881 5.92928 6.67039 6.93417 7.13769 7.26675 7.29931 7.30687 7.28733 7.30355 7.29683 7.19213 6.97551 7.00982 7.12110 7.22958 7.29046 7.30848 7.22548 6.98268 6.87410 6.86839 6.80015 6.54882 6.63334 6.39710 5.12963
3.46113 3.44109 3.31891 3.13867 3.07937 3.19651 3.33976 3.38067 3.38432 3.39421 3.42741 3.46070 3.45597 3.48346 3.51963 3.55033 3.58850 3.64860 3.77648 4.01928 4.10254 4.17059 4.60525 4.40719 4.26591 4.53484 5.03599 5.32988 5.18930 5.10068 5.50354 6.08869 6.37922 6.28514 6.31858 6.38988 6.21733 5.61116 5.13115 5.32592 6.05694 6.51344 6.86580 7.06448 7.23685 7.29943 7.29497 7.31012 7.31825 7.31169 7.24733 7.12821 7.01833 7.03120 7.17900 7.31417 7.34396 7.29627 7.14178 6.92132 6.84662 6.79986 6.96548 6.97544 6.87385 6.18630
3.38878 3.28798 3.07249 2.96425 2.98964 3.06878 3.28525 3.34069 3.27058 3.13526 3.16920 3.38179 3.51990 3.54618 3.54077 3.54725 3.55760 3.58117 3.67060 3.94517 4.06784 4.08661 4.38540 4.29914 4.36840 4.86718 5.17765 5.24025 5.23324 5.34942 5.65194 5.99447 6.19445 6.14470 6.07158 6.18930 6.13090 5.57992 5.05744 5.23501 6.05197 6.56251 6.86240 7.03837 7.14525 7.24121 7.25857 7.27699 7.27757 7.26227 7.22516 7.16655 6.93705 7.01702 7.24491 7.33459 7.35704 7.34375 7.28286 7.15207 7.00360 6.88754 6.88416 6.87933 6.95146 6.72757
3.27831 3.03006 2.84728 2.69038 2.49352 2.50222 2.67196 2.77289 2.87772 2.96799 2.92572 3.03319 3.41614 3.54484 3.54372 3.54256 3.53450 3.51389 3.55838 3.75092 4.00436 4.08890 4.37218 4.31829 4.51515 5.05715 5.28698 5.22932 5.22203 5.51485 5.84765 6.02286 6.10831 6.10234 5.97648 5.83501 5.66325 5.22985 4.88499 5.32084 6.28948 6.71604 7.00058 7.12476 7.18171 7.18558 7.16351 7.18223 7.18876 7.18297 7.17320 7.03069 6.93099 7.15988 7.29287 7.32857 7.35098 7.36160 7.34560 7.30839 7.25372 7.16133 6.98918 6.56910 6.42977 6.43436
3.11505 2.83369 2.65250 2.38089 2.05865 2.19155 2.43116 2.82104 3.07250 3.14223 2.94886 2.71675 3.05752 3.39524 3.47741 3.49647 3.48996 3.45597 3.45833 3.60630 3.87178 4.08619 4.32884 4.49618 4.62914 5.00087 5.23974 5.07551 5.24738 5.78491 6.13704 6.24882 6.27481 6.19847 5.97861 5.49175 5.12739 4.91663 4.91724 5.53680 6.36904 6.80999 7.08549 7.14951 7.24835 7.19552 7.18781 7.19223 7.17629 7.13580 7.04440 6.88637 6.98737 7.18265 7.23860 7.25647 7.30653 7.34523 7.35709 7.34705 7.31729 7.26492 7.08849 6.12311 5.74622 6.33541
2.83167 2.71312 2.52936 2.18556 2.22270 2.60960 3.07287 3.35242 3.40507 3.35909 3.14092 2.68526 2.64043 2.93436 3.19501 3.30454 3.38789 3.37529 3.30974 3.50485 3.66185 3.82562 4.08561 4.52989 4.69062 4.83596 4.84619 4.85108 5.33012 5.95827 6.29602 6.43783 6.44301 6.21974 5.80274 5.23987 4.89662 4.83808 5.02396 5.68202 6.41748 6.86067 7.08444 7.15690 7.25480 7.21888 7.25652 7.28514 7.26440 7.19029 7.04192 6.87676 6.81415 6.93271 7.02180 7.12163 7.21429 7.29240 7.33109 7.33853 7.32432 7.28621 7.10323 5.91638 5.64238 6.77128
