mrvbf_slope0.5_pctl1.3.asc
NCOLS 410
NROWS 410
XLLCORNER 2398750.0000000000000000
YLLCORNER 2548750.0000000000000000
CELLSIZE 250.0000000000000000
NODATA_VALUE -99999.00000
[rows 377 to 405 of 410, columns 132 to 197 of 410]
2.17383 2.19880 2.46066 2.77003 2.77406 2.46617 2.29107 2.41466 2.53633 2.63177 2.77299 2.68046 2.67251 2.62826 2.43473 2.22685 1.96100 1.37905 1.31400 1.33810 1.23811 1.02318 0.84929 0.69108 0.59792 0.60642 0.66527 0.66591 0.64810 0.80330 1.05776 0.89730 0.46633 0.34212 0.49525 1.00877 0.86403 0.51597 0.37508 0.66195 1.31393 1.71135 1.84296 1.83939 1.77392 1.64849 1.08913 0.66621 0.52613 0.59006 0.97078 1.00268 0.45889 0.35474 0.40646 0.89319 1.48613 0.87108 0.53232 0.61378 0.69311 0.69737 0.82822 1.24207 1.36543 1.46925
1.85216 1.87407 2.09555 2.28424 2.18573 1.96774 1.81988 1.92917 2.18333 2.43740 2.63118 2.62278 2.63568 2.68927 2.53138 2.20950 1.84053 1.21718 0.86840 0.95978 0.98345 0.84046 0.67837 0.53716 0.50437 0.54043 0.59401 0.64103 0.70345 0.73680 0.92325 1.14001 0.71776 0.45025 0.35097 0.96352 1.39454 1.34433 1.04590 1.24281 1.60166 1.79357 1.89205 1.74112 1.49346 1.23259 0.84788 0.70562 0.41021 0.47881 1.08789 1.20552 0.79634 0.39488 0.54944 1.35552 1.42124 0.38692 0.32467 0.62336 0.66894 0.57103 0.60412 0.71409 1.00656 1.35891
1.71524 1.71022 1.82353 1.91356 1.84553 1.65422 1.40128 1.39621 1.57708 2.03434 2.38333 2.49376 2.52767 2.62028 2.58966 2.24876 1.39716 1.07366 0.69595 0.74520 0.87556 0.90939 0.64531 0.47584 0.46874 0.49793 0.51783 0.51850 0.55959 0.53856 0.49895 0.83437 0.78821 0.31986 0.22590 0.65197 1.52299 1.70426 0.80513 0.38451 1.40807 1.80046 1.92118 1.68782 0.90409 0.53188 0.93791 1.32439 1.48126 1.24080 0.98656 0.79895 0.48565 0.49353 1.47168 1.67032 1.36422 0.38046 0.38411 1.00710 0.94886 0.42931 0.53123 0.59239 0.82316 1.19664
1.39892 1.54117 1.75058 1.90104 1.87372 1.59254 1.34009 1.30842 1.30607 1.67396 2.22089 2.47373 2.51620 2.57750 2.62037 2.34287 1.53984 0.89858 0.67984 0.73935 0.93896 0.99010 0.66345 0.50308 0.48472 0.52246 0.49922 0.48320 0.55055 0.50726 0.42779 0.58334 0.81914 0.56497 0.29469 0.64426 1.68109 1.78489 1.19053 0.56646 1.56393 1.84043 1.87163 1.65535 0.55256 0.40543 1.22118 1.74141 1.68158 1.12584 0.45853 0.37298 0.58797 1.19861 1.62159 1.65124 1.37968 0.53230 0.59614 1.42681 1.30252 0.53716 0.43595 0.40521 0.83292 1.30333
1.49396 1.39121 1.85555 2.22843 2.22997 1.85927 1.79767 1.74994 1.62123 1.76345 2.19747 2.47618 2.53997 2.59605 2.64807 2.44525 1.95891 1.29918 0.93673 0.90236 1.19146 1.10336 0.74658 0.60106 0.58764 0.57797 0.47717 0.45931 0.51503 0.34203 0.28161 0.37410 0.52677 1.25793 1.23450 1.56253 1.83430 1.81216 1.47210 1.18778 1.74321 1.91086 1.83110 1.65412 1.04951 0.52686 0.80276 1.52936 1.67651 1.00911 0.48486 0.39607 0.59173 0.77626 0.98117 1.29640 1.20184 0.49799 0.47035 1.14139 1.24701 0.60611 0.28944 0.33500 0.73737 1.43295
2.08991 1.98661 2.30478 2.64514 2.61150 2.29673 2.30882 2.33373 2.11574 2.07025 2.24864 2.42068 2.51570 2.59959 2.64257 2.43060 1.94894 1.50962 1.20883 1.08840 1.24284 1.07304 0.83907 0.70276 0.51798 0.41024 0.32733 0.38264 0.37889 0.24437 0.20761 0.30736 0.52881 1.36689 1.52038 1.61428 1.73630 1.58123 0.84456 0.69397 1.62387 1.88583 1.81357 1.46592 0.69828 0.55994 0.50078 0.81199 1.46203 0.89964 0.56532 0.46454 0.54085 0.67339 0.61190 0.61851 0.69120 0.59510 0.59562 0.75666 0.79017 0.58615 0.40481 0.53960 1.16523 1.36555
2.19191 2.33769 2.54697 2.92079 2.89452 2.53503 2.40531 2.35322 2.21408 2.28857 2.35580 2.39280 2.44132 2.49183 2.51103 2.18325 1.71958 1.47338 1.30344 1.01629 0.85125 0.83133 0.92020 0.88174 0.63084 0.50523 0.50383 0.52266 0.43496 0.23943 0.22260 0.41048 0.82062 1.21346 1.06473 0.98470 0.97473 0.68026 0.45290 0.34908 0.57758 1.78078 1.78102 0.78446 0.36584 0.35902 0.30014 0.57112 0.84252 0.66738 0.41796 0.38955 0.49522 0.66063 0.61802 0.40812 0.45576 0.56676 0.59741 0.56891 0.60328 0.63886 0.61974 0.64849 1.14045 0.97624
2.29934 2.43856 2.60011 3.02140 3.05275 2.64836 2.49233 2.35789 2.26526 2.36221 2.35982 2.22398 2.07629 1.98693 2.02423 1.87428 1.61957 1.42010 1.19066 0.66877 0.57074 0.67521 0.87467 0.94762 0.87685 0.85760 1.00856 0.88512 0.69615 0.54699 0.57247 0.97689 1.20514 0.88023 0.71050 0.76013 0.68268 0.54352 0.38032 0.33617 0.49229 1.63568 1.74840 0.66354 0.29923 0.27931 0.32009 0.69491 1.00499 0.60302 0.36590 0.34559 0.44427 0.59250 0.62013 0.41447 0.48305 0.55768 0.54505 0.48394 0.55489 0.56085 0.49924 0.59950 0.84495 0.74052
1.73927 2.02446 2.31552 2.58489 2.71652 2.52942 2.31457 2.03702 1.90487 2.01955 2.03068 1.83239 1.56550 1.37698 1.58202 1.67870 1.55336 1.32009 0.93376 0.60721 0.51719 0.52556 0.57075 0.64057 0.80396 0.85692 0.64820 0.56836 0.49306 0.58899 0.73035 1.03528 1.20333 0.58758 0.76199 1.30445 0.83798 0.45111 0.36043 0.38927 0.53015 1.36827 1.78281 1.26866 0.56948 0.61997 0.79890 1.08246 1.39972 0.77782 0.44238 0.36239 0.53951 0.55005 0.52831 0.59904 0.55867 0.42171 0.52977 0.51584 0.54989 0.49003 0.46580 0.58195 0.64545 0.52442
1.47155 1.60542 1.89897 2.20995 2.38034 2.37915 2.11147 1.95446 1.83356 1.80393 1.82888 1.72034 1.61183 1.41709 1.33423 1.51233 1.54358 1.27759 0.74263 0.62716 0.53008 0.44173 0.41780 0.47466 0.70711 0.67415 0.55773 0.47657 0.37101 0.39250 0.44578 0.69491 0.70860 0.37694 0.47852 1.15601 0.96277 0.41202 0.26649 0.49605 0.68263 1.45518 1.79418 1.40997 0.61322 0.53556 0.39403 0.57710 0.91468 0.77246 0.72243 0.58565 0.67470 0.57697 0.47328 0.41670 0.44025 0.45240 0.71030 1.01246 0.61448 0.44532 0.38250 0.35874 0.36304 0.33840
1.50013 1.49040 1.60857 1.79133 1.99619 2.20876 2.18578 2.21266 2.28651 2.21630 2.15925 2.10855 2.02080 1.79499 1.46739 1.36706 1.31735 0.77786 0.57203 0.61091 0.51199 0.38559 0.35578 0.42075 0.62151 0.59587 0.55388 0.43766 0.29602 0.29912 0.36361 0.75515 0.58654 0.29222 0.40740 0.71283 0.75873 0.45765 0.25105 0.43889 0.72348 1.54917 1.82732 1.58034 0.68765 0.78984 0.55644 0.62817 0.57496 0.62558 0.67541 0.53717 0.52888 0.45005 0.40207 0.34795 0.35694 0.45222 0.68542 1.09136 0.68685 0.41743 0.40483 0.41166 0.41887 0.39282
1.57969 1.53027 1.63915 1.65977 1.78244 2.09290 2.39407 2.36950 2.44377 2.48491 2.40477 2.13765 1.77672 1.33979 1.16308 1.16854 1.08867 0.62195 0.48264 0.57770 0.50503 0.39997 0.39167 0.38221 0.41710 0.45485 0.45096 0.42004 0.42897 0.28768 0.35823 0.81068 0.77892 0.47472 0.36563 0.39383 0.64055 0.51242 0.30509 0.48032 0.98525 1.66184 1.84612 1.72847 0.79226 0.59272 0.57169 0.54378 0.43738 0.43491 0.41570 0.44618 0.44808 0.24969 0.26245 0.39061 0.32026 0.48408 0.82060 0.92305 0.43912 0.52835 0.65166 0.78899 1.13996 0.91799
1.37876 1.62204 2.05294 2.20437 2.13929 2.20121 2.45402 2.42912 2.49457 2.56181 2.38577 1.73067 1.13878 0.90636 0.78355 0.83488 0.97643 0.60526 0.47925 0.62763 0.53654 0.51930 0.57066 0.48391 0.40773 0.38597 0.39188 0.30322 0.36799 0.28561 0.32411 0.73415 0.86601 0.46308 0.21124 0.31699 0.70545 0.43611 0.28988 0.51466 1.02555 1.71567 1.83356 1.82556 1.09998 0.35425 0.28775 0.41088 0.48083 0.40430 0.31810 0.30293 0.33781 0.16563 0.16832 0.40667 0.39969 0.38397 0.62952 0.80837 0.39910 0.62833 1.01891 1.58655 1.74812 1.59998
1.14976 1.59334 2.19081 2.50378 2.53370 2.43686 2.48149 2.51252 2.59704 2.55849 2.20974 1.46150 1.02627 0.87370 0.78925 0.94861 1.30878 1.34417 0.91959 0.74923 0.54735 0.56187 0.64947 0.56360 0.45970 0.37397 0.33825 0.29042 0.44531 0.40158 0.24011 0.36111 0.60313 0.23810 0.18069 0.37736 0.71994 0.52469 0.52755 0.68670 1.28335 1.64211 1.79009 1.87860 1.64599 0.43259 0.26054 0.58881 0.79169 0.57684 0.47886 0.45054 0.52922 0.24764 0.20465 0.31649 0.34156 0.42038 0.76896 1.16287 0.49336 0.68330 1.26583 1.70703 1.73740 1.44068
0.97338 1.48765 2.10381 2.50268 2.60259 2.57159 2.56503 2.63161 2.66147 2.51433 2.15772 1.66214 1.29156 1.11507 1.28721 1.64888 1.61130 1.31631 1.03473 0.84813 0.62650 0.58128 0.60625 0.52762 0.50193 0.48710 0.51629 0.57276 0.60614 0.45089 0.24601 0.41912 0.47753 0.30621 0.37411 0.34704 0.40735 0.62905 0.70139 0.78552 0.88317 1.22360 1.69182 1.86968 1.84186 1.50040 0.75011 1.12150 1.03430 0.66004 0.57251 0.61446 0.72173 0.58686 0.58897 0.57063 0.51205 0.62577 0.75256 0.95942 0.55571 0.45099 0.54610 0.90023 1.17338 1.26919
1.02684 1.46827 1.95230 2.39462 2.56539 2.59009 2.60640 2.69147 2.66216 2.50568 2.25790 1.88445 1.49074 1.39705 1.72560 1.99867 1.91041 1.51187 1.33019 1.30111 1.12781 0.85768 0.81581 0.81243 0.89496 0.60040 0.46228 0.40985 0.71452 0.56567 0.49880 0.70710 0.63189 0.67432 0.35103 0.21067 0.47286 1.04977 1.11557 0.83838 0.53634 0.71540 1.61683 1.84454 1.85909 1.74767 1.50973 1.06028 0.86412 0.49391 0.35273 0.51912 0.67201 0.83272 0.92008 1.16838 1.31676 1.60963 1.19875 1.26306 1.00311 0.35770 0.36609 0.46456 0.60428 1.17152
1.24990 1.51554 1.76125 2.04140 2.29895 2.41310 2.50629 2.61012 2.60703 2.45340 2.27047 2.03072 1.69367 1.56552 1.88207 2.19482 2.25944 1.92827 1.59187 1.59674 1.60071 1.47173 1.35269 1.23396 1.11665 0.93500 0.55731 0.51372 1.33433 1.40277 1.27130 1.50311 1.03322 0.76223 0.44958 0.33501 0.84007 1.49565 1.53057 0.87655 0.87447 1.31594 1.68068 1.75449 1.68066 1.63382 1.55078 1.03114 1.11906 0.51026 0.25775 0.17072 0.26159 0.73312 1.06884 0.95124 1.45510 1.80944 1.80599 1.76342 1.65509 1.20528 1.13876 1.32180 1.42853 1.61575
1.43512 1.56204 1.61244 1.61750 1.65078 1.81180 2.22710 2.40977 2.41452 2.26149 2.18479 2.09249 1.87558 1.79728 2.09215 2.36793 2.39700 2.20486 1.74550 1.64494 1.61307 1.36549 1.30899 1.50459 1.59789 1.56662 1.36156 1.41944 1.65834 1.65995 1.47892 1.12441 0.78395 0.60130 0.53081 0.66938 0.72855 1.00182 1.45399 1.29011 1.43737 1.58260 1.58677 1.43656 1.24642 1.42517 1.68518 1.57866 1.38975 0.70085 0.43254 0.18026 0.22655 0.49890 0.52063 0.35223 1.18023 1.76979 1.69191 1.40474 1.43128 1.42453 1.66007 1.79144 1.82951 1.87314
1.56970 1.59011 1.53429 1.39662 1.16460 1.32555 1.81150 2.11038 2.15884 2.18746 2.19289 2.11316 1.98391 2.07473 2.34133 2.40769 2.30331 1.92467 1.68749 1.58260 1.35377 0.63086 0.55091 0.84993 1.22688 1.12288 0.77257 0.86219 1.28358 1.33627 1.19983 0.67377 0.50207 0.39861 0.35942 0.33180 0.24181 0.47288 0.76442 1.53007 1.68784 1.64005 1.07215 0.65310 0.87787 1.32051 1.61115 1.72403 1.63581 0.97971 0.56466 0.44213 0.38356 0.45635 0.63186 0.95160 1.59255 1.60092 1.38368 1.28139 1.17252 0.58004 0.98253 1.26817 1.46007 1.65980
1.62520 1.56679 1.35600 1.04886 0.99502 1.31629 1.60080 1.82945 2.04904 2.26419 2.28146 2.14524 2.06081 2.26185 2.48761 2.41631 1.97993 1.58538 1.59064 1.45522 0.93409 0.44905 0.34927 0.44935 0.54236 0.36559 0.25136 0.27662 0.73562 0.86294 0.68424 0.50694 0.43668 0.33861 0.29175 0.24977 0.27074 0.51666 0.64624 1.36937 1.60604 1.57396 0.70137 0.40465 0.62735 1.07823 1.20247 1.52094 1.63663 1.29435 0.77113 0.51273 0.31782 0.45480 0.90885 1.51726 1.38471 0.75242 0.58455 0.73931 0.60377 0.76842 0.72019 0.54920 0.53472 0.61603
1.67334 1.41079 0.88358 0.68615 0.85663 1.22959 1.48364 1.68057 1.96435 2.24067 2.23829 2.06902 2.02692 2.24077 2.41309 2.37816 1.88161 1.37999 1.50108 1.28772 0.70482 0.40348 0.45458 0.53008 0.39586 0.24017 0.19760 0.25655 0.77015 0.97422 0.73064 0.61196 0.54302 0.49540 0.46086 0.42779 0.39815 0.56912 0.63789 0.64910 0.89723 1.13366 0.77133 0.44336 0.50725 0.63634 0.58879 0.81629 1.46223 1.43765 0.80602 0.47639 0.33811 0.60688 0.76389 1.29505 0.84894 0.46282 0.43140 0.42533 0.51392 0.77649 0.42364 0.34474 0.34422 0.40746
1.68946 1.27955 0.78223 0.62733 0.80696 1.23098 1.48330 1.61488 1.81068 2.01261 2.01740 1.88266 1.86516 2.08295 2.05999 1.96376 1.73779 1.39299 1.47611 1.28370 0.96090 0.80382 0.83638 0.75874 0.42850 0.34611 0.43201 0.71183 0.90433 1.19234 1.33158 0.82583 0.57784 0.54865 0.55758 0.53799 0.45830 0.59128 0.61968 0.55005 0.65226 0.69629 0.72141 0.46753 0.44061 0.50032 0.52720 0.56947 1.09428 1.29526 0.63792 0.42703 0.34838 0.30632 0.40636 0.82731 0.57990 0.39834 0.48716 0.41493 0.48680 0.60652 0.36089 0.30268 0.36057 0.65334
1.60964 1.25200 0.86057 0.70135 0.80049 1.21442 1.41360 1.47635 1.60297 1.73538 1.74391 1.64346 1.71877 1.92992 1.80845 1.61884 1.56520 1.55129 1.55738 1.53846 1.59286 1.59999 1.56390 1.46676 1.30327 1.17810 1.47307 1.56995 1.42976 1.52503 1.55706 0.83628 0.55640 0.58772 0.59824 0.56067 0.42553 0.54699 0.44991 0.45373 0.50363 0.58432 0.58591 0.32465 0.32604 0.53160 0.51561 0.47341 0.67172 0.90593 0.52996 0.27636 0.33534 0.38358 0.62067 1.19208 0.62667 0.30208 0.43712 0.37415 0.45110 0.64276 0.89581 0.77318 0.76863 1.03054
1.38490 1.09897 0.97903 0.86203 0.79183 0.96130 1.17916 1.26640 1.40506 1.51738 1.50301 1.50932 1.68907 1.84386 1.82424 1.67508 1.48232 1.56213 1.49850 1.50123 1.58408 1.64231 1.68616 1.67946 1.72391 1.73290 1.68114 1.57910 1.61527 1.55167 1.44914 1.18330 0.74624 0.60799 0.87574 0.67245 0.54688 0.44614 0.40859 0.38905 0.33338 0.58326 0.69129 0.63562 0.45049 0.50568 0.52211 0.51212 0.59649 0.81507 0.52925 0.31036 0.40023 0.64141 0.75713 0.75974 0.40382 0.24253 0.32005 0.41459 0.58749 1.07364 1.47222 1.40236 0.98451 0.70167
1.19979 0.83434 0.75401 0.67129 0.65165 0.64801 0.76265 0.94193 1.16008 1.19388 1.20052 1.40852 1.57266 1.60633 1.57438 1.50809 1.24675 1.20242 1.30472 1.26695 1.31904 1.42453 1.52237 1.45120 1.53421 1.56592 1.15239 0.63985 1.29420 1.34322 1.27239 1.48990 1.41046 0.96746 0.99951 0.71611 0.47926 0.27985 0.32577 0.38660 0.45427 0.51509 0.59882 0.79743 0.50038 0.41838 0.66840 0.56125 0.70056 0.78205 0.46969 0.27430 0.30990 0.37787 0.59790 0.54344 0.60800 0.68189 0.81038 0.89566 1.11274 1.33750 1.35995 0.71264 0.41968 0.44355
1.04177 0.70462 0.61852 0.57813 0.51074 0.43452 0.51381 0.68104 0.85834 0.69240 0.70104 0.92070 0.92151 0.84262 0.92467 1.07987 0.77133 0.61284 0.81377 1.00868 0.74482 0.72421 0.74576 0.61069 0.71823 0.95913 0.53139 0.27157 0.36820 1.07179 1.17972 0.67527 0.71906 0.80098 0.95308 0.57256 0.31942 0.18405 0.29050 0.39200 0.29367 0.24249 0.40923 0.74254 0.40293 0.22872 0.33838 0.34721 0.54978 0.54524 0.22963 0.22637 0.32626 0.35005 0.52678 0.60335 0.73886 0.86633 0.75015 0.53360 0.61272 0.55182 0.45622 0.42231 0.38169 0.42769
0.55988 0.48081 0.41504 0.37373 0.29530 0.22640 0.32652 0.57693 0.68202 0.44392 0.47822 0.51149 0.46381 0.42349 0.43994 0.58806 0.44503 0.26970 0.38786 0.89370 0.54988 0.40937 0.31450 0.24590 0.37922 0.62182 0.68534 0.48849 0.45716 0.65445 0.52276 0.37323 0.40952 0.53042 0.74257 0.90934 0.53887 0.45906 0.59632 0.64992 0.35753 0.20781 0.26472 0.40387 0.30349 0.35941 0.48256 0.37416 0.41042 0.43722 0.26854 0.41620 0.67855 0.70254 0.65386 0.57119 0.40694 0.46884 0.36770 0.26792 0.35218 0.37865 0.31148 0.44804 0.55032 0.62582
0.33736 0.31903 0.28981 0.26074 0.19592 0.16839 0.24325 0.38693 0.51621 0.35271 0.27973 0.26241 0.23542 0.20016 0.22906 0.38463 0.30265 0.16620 0.25807 0.71252 0.51070 0.29903 0.15848 0.10477 0.13666 0.28902 0.64871 0.81400 0.79279 0.80345 0.54892 0.39369 0.30817 0.38814 0.94589 1.40241 0.95754 0.83591 0.86833 0.84187 0.72934 0.53482 0.28574 0.23314 0.40665 0.78367 0.92107 0.86779 0.77043 0.67173 0.38162 0.44779 0.69464 0.78713 0.41635 0.16911 0.13111 0.19105 0.23256 0.17377 0.26183 0.38070 0.38745 0.48798 0.65569 0.77705
-99999.00000 -99999.00000 -99999.00000 -99999.00000 -99999.00000 -99999.00000 -99999.00000 -99999.00000 -99999.00000 -99999.00000 -99999.00000 -99999.00000 -99999.00000 -99999.00000 -99999.00000 -99999.00000 -99999.00000 -99999.00000 -99999.00000 -99999.00000 -99999.00000 -99999.00000 -99999.00000 -99999.00000 -99999.00000 -99999.00000 -99999.00000 -99999.00000 -99999.00000 -99999.00000 -99999.00000 -99999.00000 -99999.00000 -99999.00000 -99999.00000 -99999.00000 -99999.00000 -99999.00000 -99999.00000 -99999.00000 -99999.00000 -99999.00000 -99999.00000 -99999.00000 -99999.00000 -99999.00000 -99999.00000 -99999.00000 -99999.00000 -99999.00000 -99999.00000 -99999.00000 -99999.00000 -99999.00000 -99999.00000 -99999.00000 -99999.00000 -99999.00000 -99999.00000 -99999.00000 -99999.00000 -99999.00000 -99999.00000 -99999.00000 -99999.00000 -99999.00000
