mrvbf_slope1.2_pctl1.asc
NCOLS 410
NROWS 410
XLLCORNER 2398750.0000000000000000
YLLCORNER 2548750.0000000000000000
CELLSIZE 250.0000000000000000
NODATA_VALUE -99999.00000
[rows 232 to 260 of 410, columns 66 to 131 of 410]
7.66569 7.66257 7.65685 7.65027 7.64474 7.63601 7.62609 7.63233 7.64664 7.64026 7.63670 7.64340 7.64431 7.64138 7.64499 7.64988 7.64440 7.63040 7.63656 7.64021 7.62614 7.62535 7.64666 7.65109 7.64933 7.64653 7.64341 7.64076 7.64436 7.64335 7.63855 7.63079 7.62860 7.62570 7.62688 7.63483 7.63449 7.62775 7.61801 7.60560 7.58078 7.55675 7.54372 7.50636 7.33980 6.23245 4.18476 2.52879 1.75973 1.49508 1.16748 0.74863 0.61953 0.69593 0.56640 0.73417 1.56176 1.86829 1.90929 1.87190 1.85541 1.90286 2.02454 1.86096 1.75494 1.53124
7.66506 7.66331 7.65805 7.65310 7.65020 7.64429 7.63162 7.62696 7.63412 7.63047 7.63253 7.64186 7.64802 7.65089 7.65158 7.64947 7.64624 7.64035 7.64084 7.64407 7.64079 7.62431 7.63746 7.64656 7.64999 7.64972 7.64542 7.63846 7.64061 7.63969 7.63968 7.63701 7.63146 7.63297 7.63974 7.64127 7.63953 7.63410 7.62227 7.60904 7.59134 7.56647 7.54448 7.51853 7.40614 6.57605 4.19883 2.35655 1.54379 1.19075 0.98821 1.17691 0.99369 0.99075 0.80234 1.09616 1.68719 2.20173 2.47970 2.42137 2.20402 1.97131 1.79746 1.64421 1.47616 0.94516
7.66182 7.66029 7.65534 7.65313 7.65146 7.64566 7.63768 7.63343 7.62895 7.62599 7.63211 7.64260 7.64825 7.64785 7.64505 7.64637 7.64701 7.64693 7.64664 7.64753 7.64748 7.63301 7.63097 7.63900 7.64645 7.64987 7.64639 7.63867 7.63749 7.64074 7.64471 7.64668 7.64289 7.64259 7.64528 7.64567 7.64334 7.63739 7.62456 7.60971 7.59407 7.56513 7.55037 7.53130 7.44268 6.89785 4.65725 2.38804 1.25161 0.75204 0.77963 1.01527 1.30751 1.26102 1.05509 1.45899 2.18875 2.95703 4.05774 3.66378 2.69017 1.95675 1.73334 1.50589 0.93371 0.62654
7.65563 7.65475 7.65101 7.65106 7.64900 7.64188 7.63707 7.63486 7.63010 7.62962 7.63678 7.64565 7.64749 7.63995 7.63645 7.64420 7.64382 7.63896 7.63986 7.64073 7.63638 7.62114 7.62788 7.63813 7.64388 7.64739 7.64591 7.63930 7.63808 7.64448 7.64937 7.65088 7.64953 7.64673 7.64658 7.64790 7.64522 7.63757 7.62258 7.61008 7.59636 7.56484 7.55299 7.52863 7.44739 7.18637 5.65199 3.16139 1.56042 0.78728 0.70675 0.98365 1.53907 1.60436 1.52061 2.09218 2.77271 4.21763 5.08621 4.20210 2.68208 1.89789 1.71584 1.43037 0.66788 0.50595
7.65124 7.65000 7.64791 7.64980 7.64906 7.64246 7.63455 7.63458 7.63826 7.64224 7.64755 7.65031 7.65037 7.64152 7.62608 7.62918 7.62809 7.62982 7.62863 7.63878 7.61688 7.61125 7.62695 7.64060 7.64419 7.64534 7.64642 7.64219 7.63961 7.64540 7.65045 7.65122 7.65087 7.64964 7.64689 7.64706 7.64532 7.63678 7.62315 7.61525 7.60770 7.58260 7.56741 7.54775 7.49976 7.39127 6.64719 4.92629 2.53316 1.33936 1.01483 1.37332 1.89205 2.06808 1.99695 2.32333 2.64555 3.91029 4.77552 3.69432 2.43705 1.82579 1.68983 1.50354 0.74901 0.49466
7.65263 7.64925 7.64766 7.65091 7.65283 7.65090 7.64565 7.64459 7.64981 7.65289 7.65227 7.65057 7.65031 7.64560 7.63075 7.62556 7.63101 7.62828 7.62644 7.63452 7.60729 7.61751 7.63101 7.64241 7.64664 7.64570 7.64740 7.64359 7.63721 7.64273 7.64994 7.65132 7.65034 7.64855 7.64665 7.64571 7.64341 7.63649 7.62690 7.62142 7.61445 7.59590 7.58911 7.57605 7.53693 7.47483 7.25969 6.10545 4.55152 2.79670 2.22691 2.21781 2.49345 2.62530 2.47147 2.49394 2.57481 2.80880 3.29300 2.97491 2.16578 1.74778 1.65802 1.57443 1.07248 0.63729
7.65310 7.64823 7.64708 7.65132 7.65386 7.65487 7.65344 7.65214 7.65456 7.65398 7.64767 7.64000 7.64009 7.63647 7.63039 7.62538 7.62832 7.62813 7.63046 7.62101 7.60567 7.63255 7.63785 7.64483 7.64886 7.64536 7.64518 7.64014 7.63247 7.63892 7.64696 7.64805 7.64591 7.64456 7.64440 7.63703 7.63268 7.62837 7.62542 7.62635 7.62107 7.60497 7.59998 7.59173 7.56596 7.52481 7.44765 7.13752 6.13765 5.28703 4.51724 3.78123 3.67714 3.61041 3.46840 3.29915 3.13048 2.66780 2.43354 2.17729 1.80832 1.70013 1.64471 1.48883 1.00034 0.65625
7.65122 7.64773 7.64867 7.65005 7.64947 7.65300 7.65441 7.65419 7.65515 7.64879 7.63838 7.63314 7.63305 7.63417 7.63225 7.62091 7.61964 7.62649 7.63276 7.61854 7.61719 7.64048 7.64034 7.64646 7.64756 7.64047 7.63913 7.63471 7.62379 7.62731 7.63341 7.63365 7.63436 7.63544 7.63646 7.62533 7.62042 7.61488 7.61637 7.62547 7.62229 7.60627 7.60305 7.59874 7.57296 7.54506 7.51131 7.44359 7.14345 6.58195 6.06235 5.62159 5.19495 4.81969 4.70831 4.18754 3.24269 2.46199 1.96451 1.64284 1.57927 1.56973 1.50394 1.23189 0.83732 0.65914
7.65355 7.65258 7.65287 7.65081 7.64442 7.64515 7.64857 7.64969 7.65062 7.64372 7.63710 7.64332 7.64657 7.64903 7.64406 7.63212 7.62391 7.62341 7.63132 7.63144 7.63179 7.64028 7.64370 7.64959 7.64525 7.63448 7.63523 7.63817 7.62625 7.62209 7.62478 7.62757 7.63180 7.63115 7.62742 7.62577 7.62684 7.62470 7.62490 7.63013 7.63124 7.61384 7.59832 7.59095 7.57044 7.56297 7.53860 7.51615 7.44474 7.26942 6.95497 6.66777 6.43393 6.02871 5.22630 4.05033 2.65464 2.05087 1.68074 1.49441 1.35821 1.07266 0.79401 0.78436 0.68755 0.61555
7.65426 7.65570 7.65083 7.64849 7.64293 7.64048 7.64340 7.64449 7.64388 7.64267 7.64556 7.65195 7.65727 7.65644 7.65110 7.64394 7.63723 7.63254 7.63626 7.64386 7.64075 7.64380 7.64815 7.64901 7.64005 7.63084 7.63675 7.64594 7.63852 7.63338 7.63636 7.64065 7.64232 7.63992 7.63535 7.64044 7.64246 7.64262 7.63280 7.63355 7.63840 7.62939 7.61176 7.59438 7.58449 7.57911 7.55437 7.53619 7.52590 7.48111 7.38303 7.26425 7.07799 6.51914 5.51880 3.82592 2.32805 1.71257 1.48826 1.35493 0.95667 0.60175 0.50418 0.51348 0.49824 0.51920
7.64974 7.65582 7.64810 7.64467 7.64861 7.64565 7.64662 7.64749 7.64563 7.64839 7.65554 7.65708 7.65928 7.65934 7.65384 7.64751 7.64346 7.64088 7.63850 7.63910 7.63955 7.64110 7.64009 7.63738 7.63108 7.63095 7.64061 7.64996 7.64788 7.64441 7.64607 7.64930 7.65066 7.64789 7.64764 7.64981 7.64854 7.64491 7.63901 7.64374 7.64574 7.63688 7.62078 7.60269 7.59314 7.58333 7.55827 7.53187 7.53055 7.53078 7.47752 7.42492 7.26799 6.75230 5.84002 4.10801 2.29313 1.64432 1.45737 1.19361 0.68066 0.50050 0.42078 0.42585 0.54603 0.68312
7.64093 7.65018 7.64814 7.64900 7.65653 7.65409 7.65468 7.65632 7.65493 7.65451 7.65765 7.65935 7.65890 7.66076 7.65483 7.64934 7.64883 7.64688 7.63788 7.62881 7.62756 7.63010 7.62861 7.62740 7.62972 7.63624 7.64615 7.65333 7.65229 7.64861 7.64913 7.65303 7.65280 7.64969 7.64938 7.65182 7.65226 7.64980 7.64764 7.64997 7.64734 7.63395 7.61682 7.60363 7.59702 7.58811 7.56583 7.53165 7.50886 7.52830 7.52067 7.46816 7.34760 6.98494 6.32168 5.02375 2.65819 1.68863 1.45917 1.08543 0.62241 0.50457 0.43415 0.48241 0.61950 1.04793
7.64175 7.64890 7.65600 7.65646 7.65754 7.65846 7.66066 7.66237 7.66107 7.65685 7.65595 7.66006 7.65864 7.65939 7.65450 7.65129 7.65207 7.64523 7.63406 7.62687 7.62768 7.63071 7.63006 7.63046 7.63565 7.64352 7.65126 7.65547 7.65301 7.64914 7.65148 7.65623 7.65348 7.65244 7.64882 7.65022 7.65247 7.65121 7.64869 7.64919 7.64172 7.62490 7.61203 7.60594 7.60631 7.60309 7.58541 7.55439 7.50392 7.50265 7.52038 7.49031 7.39266 7.21729 6.89566 5.95037 3.67664 1.88688 1.50848 1.17990 0.69742 0.60664 0.57036 0.65034 0.94495 1.49407
7.64771 7.65086 7.65935 7.66123 7.66046 7.66173 7.66366 7.66349 7.66174 7.65927 7.65381 7.65733 7.65920 7.65822 7.65575 7.65305 7.64870 7.63873 7.63192 7.63203 7.63498 7.63833 7.63660 7.63575 7.63915 7.64617 7.65267 7.65515 7.65176 7.64871 7.65371 7.65946 7.65656 7.65403 7.65229 7.64842 7.64742 7.64549 7.64364 7.64605 7.63557 7.62139 7.61603 7.61830 7.62264 7.62267 7.60539 7.58238 7.53154 7.48843 7.53198 7.50075 7.43517 7.39230 7.28005 6.76926 5.19591 2.77341 1.65706 1.41589 1.05880 0.92508 0.95820 1.21740 1.43844 1.60185
7.64909 7.65061 7.65881 7.66349 7.66397 7.66456 7.66524 7.66417 7.66206 7.65887 7.65387 7.65798 7.66236 7.66063 7.65912 7.65399 7.64411 7.63591 7.63388 7.63563 7.63656 7.63897 7.63549 7.63645 7.63979 7.64458 7.65041 7.65227 7.64944 7.64830 7.65542 7.66151 7.65854 7.65450 7.65391 7.65028 7.64803 7.64518 7.63990 7.64121 7.63374 7.62735 7.63002 7.63689 7.63420 7.63479 7.61696 7.60239 7.57547 7.50770 7.52819 7.50822 7.48965 7.48794 7.42993 7.19491 6.41804 5.08605 2.93405 1.64081 1.40292 1.23875 0.94779 1.13669 1.18594 1.44918
7.64706 7.65340 7.66076 7.66439 7.66536 7.66560 7.66543 7.66447 7.66245 7.65761 7.65485 7.66026 7.66300 7.66207 7.65846 7.65131 7.64272 7.63763 7.63810 7.63998 7.63582 7.63312 7.63247 7.63889 7.64377 7.64568 7.64631 7.64667 7.64603 7.64898 7.65752 7.66172 7.65718 7.65331 7.65452 7.65547 7.65523 7.65312 7.64631 7.64236 7.64081 7.64147 7.64620 7.64542 7.64598 7.64312 7.62684 7.61564 7.59444 7.54401 7.55559 7.54197 7.52965 7.52589 7.49933 7.38632 6.97089 6.39647 5.44369 3.15654 1.65587 1.36984 0.89795 0.72569 0.89844 1.14615
7.65393 7.65934 7.66287 7.66439 7.66487 7.66495 7.66479 7.66405 7.66181 7.65659 7.65574 7.65988 7.66046 7.65891 7.65443 7.64850 7.64261 7.64008 7.64323 7.64686 7.64154 7.63451 7.63792 7.64587 7.64870 7.64633 7.64123 7.63956 7.64321 7.65208 7.65974 7.65896 7.65457 7.65441 7.65717 7.65957 7.65996 7.65877 7.65614 7.65238 7.65235 7.65205 7.65442 7.65340 7.65294 7.64650 7.63349 7.62064 7.59734 7.57005 7.58133 7.55726 7.54368 7.54087 7.52730 7.46231 7.34334 7.16333 6.74579 5.50584 3.37549 1.79791 1.21638 0.92118 1.06023 1.42493
7.65754 7.66159 7.66279 7.66307 7.66287 7.66287 7.66281 7.66223 7.66016 7.65543 7.65141 7.65251 7.65238 7.64987 7.64821 7.64786 7.64266 7.64042 7.64597 7.64893 7.64522 7.64283 7.64720 7.64897 7.64719 7.64359 7.63637 7.63514 7.64557 7.65681 7.65903 7.65524 7.65487 7.65784 7.66048 7.66163 7.66176 7.66145 7.66107 7.66105 7.66038 7.65608 7.65480 7.65637 7.65367 7.64904 7.63905 7.61517 7.59293 7.58621 7.59619 7.56114 7.54591 7.55468 7.54456 7.51600 7.49084 7.42901 7.31702 7.04628 6.27568 5.01284 3.66389 2.61499 3.17430 4.34074
7.65030 7.65894 7.66048 7.65913 7.65835 7.65916 7.65948 7.65909 7.65792 7.65148 7.63768 7.63343 7.63751 7.64059 7.64384 7.64778 7.64365 7.64010 7.64688 7.64895 7.64710 7.65054 7.65194 7.64304 7.64204 7.64344 7.63818 7.63731 7.64938 7.65792 7.65577 7.65391 7.65771 7.66115 7.66271 7.66329 7.66381 7.66379 7.66277 7.66271 7.66285 7.65933 7.65600 7.65547 7.65307 7.65182 7.63972 7.61931 7.61142 7.61055 7.61260 7.58664 7.55020 7.56055 7.56890 7.56441 7.54545 7.52495 7.48878 7.42077 7.33556 7.20310 6.94735 6.64548 6.68835 6.81958
7.64611 7.65288 7.65332 7.64889 7.65003 7.65323 7.65466 7.65513 7.65294 7.63975 7.62330 7.62193 7.63275 7.64327 7.64473 7.64761 7.64812 7.64250 7.64403 7.64644 7.64973 7.65576 7.64935 7.63918 7.64492 7.64981 7.64464 7.63881 7.64606 7.65302 7.65211 7.65474 7.65963 7.66168 7.66275 7.66373 7.66398 7.66290 7.65993 7.66015 7.66307 7.66368 7.66154 7.65886 7.65920 7.65992 7.65195 7.63902 7.62796 7.61736 7.61033 7.60996 7.57546 7.55956 7.57710 7.58252 7.58136 7.57667 7.55880 7.52474 7.50227 7.47396 7.43074 7.39665 7.38908 7.38292
7.64814 7.64781 7.64250 7.64050 7.64319 7.64575 7.64826 7.64932 7.64595 7.62671 7.61965 7.62996 7.63611 7.64884 7.64966 7.64749 7.64990 7.64406 7.64201 7.64440 7.65156 7.65625 7.64779 7.63855 7.64549 7.65062 7.64866 7.64268 7.64311 7.64712 7.64973 7.65476 7.65764 7.65756 7.65943 7.66173 7.66105 7.65603 7.65168 7.65449 7.66038 7.66474 7.66464 7.66378 7.66429 7.66536 7.66258 7.65463 7.63734 7.61821 7.61085 7.60860 7.60397 7.57146 7.56568 7.58534 7.59913 7.59451 7.57818 7.56585 7.55858 7.54345 7.53250 7.52933 7.52477 7.50754
7.64752 7.64241 7.64073 7.64498 7.64347 7.64213 7.64282 7.63800 7.63279 7.62082 7.62215 7.63521 7.63698 7.64804 7.64978 7.64863 7.64616 7.63968 7.63881 7.64570 7.65404 7.65062 7.64479 7.64541 7.64891 7.65331 7.65268 7.65213 7.65033 7.64687 7.64906 7.65420 7.65421 7.65297 7.65570 7.65942 7.65761 7.65160 7.65273 7.65207 7.65628 7.66007 7.65985 7.66083 7.66336 7.66600 7.66477 7.65894 7.64074 7.62685 7.61893 7.61313 7.62241 7.60616 7.57914 7.57883 7.59755 7.60207 7.59869 7.59593 7.58390 7.58423 7.58553 7.58377 7.57394 7.55001
7.64354 7.64356 7.64701 7.64892 7.64453 7.64303 7.64205 7.63299 7.62294 7.61674 7.62875 7.63756 7.63599 7.64374 7.64947 7.64756 7.64066 7.63623 7.64041 7.65012 7.64963 7.64495 7.64717 7.65115 7.65336 7.65225 7.65505 7.65901 7.65667 7.65052 7.65294 7.65815 7.65760 7.65722 7.65527 7.65815 7.65708 7.65437 7.65781 7.65334 7.65510 7.65352 7.65502 7.65589 7.65871 7.66350 7.66350 7.65562 7.63324 7.63086 7.61690 7.61929 7.62324 7.59430 7.57210 7.58653 7.60923 7.62019 7.62032 7.60863 7.60666 7.61497 7.61209 7.60287 7.59891 7.58336
7.64580 7.64824 7.65006 7.64813 7.64274 7.64130 7.63822 7.62962 7.62261 7.61992 7.62845 7.63400 7.63444 7.63955 7.64526 7.64378 7.63869 7.63978 7.64838 7.65141 7.64486 7.64991 7.65633 7.65687 7.65636 7.65394 7.65839 7.66197 7.65790 7.65498 7.65469 7.65862 7.65957 7.65777 7.65681 7.65774 7.65627 7.65451 7.65887 7.65499 7.65262 7.65203 7.65518 7.65226 7.65535 7.65915 7.65728 7.64010 7.62901 7.64232 7.61987 7.62026 7.61672 7.59300 7.59549 7.61477 7.62800 7.63112 7.62853 7.62406 7.62771 7.63081 7.61998 7.61213 7.61586 7.60886
7.64904 7.64934 7.64807 7.64375 7.63738 7.63449 7.63224 7.62337 7.62007 7.62451 7.62877 7.63070 7.63424 7.64024 7.64479 7.64161 7.63998 7.64682 7.65338 7.64710 7.64614 7.65552 7.65982 7.65984 7.65745 7.65538 7.65953 7.66342 7.66283 7.65815 7.65897 7.66224 7.66144 7.65836 7.65589 7.65466 7.65426 7.65440 7.65822 7.65751 7.65377 7.65138 7.64803 7.64775 7.65295 7.64915 7.63944 7.62896 7.63805 7.64090 7.62480 7.63375 7.62946 7.60342 7.61988 7.63262 7.63872 7.64654 7.64551 7.64314 7.64102 7.63701 7.62462 7.62646 7.62589 7.62530
7.64798 7.64674 7.64296 7.63841 7.63348 7.63037 7.62813 7.62142 7.62189 7.62785 7.62889 7.62554 7.63069 7.63829 7.64275 7.63946 7.64298 7.65081 7.64973 7.64452 7.65079 7.65846 7.66041 7.65849 7.65257 7.65325 7.66012 7.66314 7.66394 7.66309 7.66267 7.66174 7.65704 7.65239 7.65199 7.65147 7.65365 7.65606 7.65808 7.65760 7.65269 7.64514 7.63700 7.64104 7.64132 7.62698 7.62665 7.63462 7.64294 7.63002 7.63004 7.64635 7.62841 7.60876 7.62981 7.64378 7.64353 7.65146 7.65111 7.64624 7.64391 7.64349 7.63454 7.63910 7.63542 7.63935
7.64387 7.64265 7.63753 7.63701 7.63797 7.63579 7.63447 7.62763 7.62704 7.63160 7.63150 7.62261 7.62537 7.63266 7.63790 7.63903 7.64683 7.64934 7.64478 7.64536 7.65383 7.65899 7.65879 7.65147 7.64464 7.64569 7.65780 7.66147 7.66208 7.66163 7.66059 7.65817 7.65103 7.64740 7.65010 7.65003 7.65291 7.65557 7.65566 7.65265 7.64556 7.64088 7.62872 7.62439 7.61999 7.62289 7.63948 7.64003 7.62987 7.62522 7.64334 7.64845 7.63167 7.62175 7.63313 7.64586 7.65097 7.65733 7.65722 7.65527 7.65166 7.65215 7.64251 7.64328 7.64214 7.64649
7.63684 7.63732 7.63504 7.63915 7.64234 7.64088 7.64060 7.63135 7.62640 7.63078 7.63569 7.62556 7.62407 7.62982 7.63633 7.64250 7.64878 7.64698 7.64289 7.64600 7.65398 7.65798 7.65470 7.64590 7.64461 7.63816 7.65233 7.65797 7.65740 7.65468 7.65267 7.64916 7.64161 7.64124 7.64557 7.64574 7.65012 7.65410 7.65131 7.64604 7.64250 7.64677 7.64142 7.62975 7.62869 7.64171 7.63514 7.62390 7.62920 7.64195 7.65183 7.65661 7.64746 7.63067 7.63032 7.64756 7.65612 7.66144 7.66060 7.65919 7.65761 7.65789 7.65144 7.64805 7.65055 7.65420
7.63417 7.63406 7.63741 7.64237 7.64245 7.64146 7.64214 7.63333 7.62315 7.62510 7.63635 7.62759 7.62472 7.63039 7.63654 7.64335 7.64703 7.64409 7.64205 7.64619 7.65297 7.65549 7.65156 7.64687 7.64721 7.63903 7.64534 7.65017 7.64608 7.63954 7.63804 7.63802 7.63532 7.63885 7.64270 7.64128 7.64628 7.65334 7.64769 7.64427 7.64733 7.65411 7.65430 7.64926 7.64953 7.64781 7.62921 7.62724 7.63544 7.63691 7.64714 7.65186 7.64035 7.64001 7.63800 7.64789 7.65601 7.65792 7.65506 7.65632 7.65451 7.65318 7.65374 7.65594 7.65581 7.65628
