mrvbf_slope1.2_pctl0.9.asc
NCOLS 410
NROWS 410
XLLCORNER 2398750.0000000000000000
YLLCORNER 2548750.0000000000000000
CELLSIZE 250.0000000000000000
NODATA_VALUE -99999.00000
[rows 377 to 405 of 410, columns 198 to 263 of 410]
2.92142 2.90385 2.60924 2.48622 3.02204 3.39603 3.51743 3.61735 3.64669 3.61137 3.54044 3.40698 3.27145 3.31626 3.42276 3.47568 3.55331 3.60767 3.56701 3.60226 3.77157 4.04994 4.48542 5.60936 6.23692 6.41142 6.33330 6.48589 6.86629 7.00357 7.08722 7.14070 7.13539 7.03641 6.91495 6.84909 6.82993 6.72933 6.66065 6.98605 7.23177 7.33687 7.38727 7.41533 7.44462 7.44417 7.45171 7.46495 7.45531 7.42966 7.41838 7.40446 7.37420 7.36863 7.37329 7.38992 7.41008 7.43332 7.44529 7.44966 7.44921 7.44150 7.40866 7.25774 7.15650 7.28575
2.72177 2.60492 2.45131 2.61266 3.25702 3.44055 3.52889 3.65598 3.77095 3.78306 3.71853 3.60734 3.50104 3.46890 3.50614 3.51473 3.53062 3.62237 3.67815 3.71627 3.87289 4.08570 4.28386 4.84796 5.98880 6.38912 6.31591 6.21701 6.51948 6.75501 6.80572 6.87678 6.81299 6.63243 6.62411 6.73142 6.85959 6.87537 6.64456 6.80140 7.16412 7.30316 7.35972 7.38927 7.42892 7.44022 7.45141 7.46251 7.44648 7.41978 7.41076 7.40930 7.40871 7.39794 7.36984 7.34803 7.36155 7.37665 7.38668 7.40324 7.41407 7.41273 7.38355 7.33172 7.33385 7.32766
2.50675 2.40277 2.50926 3.03626 3.39882 3.46961 3.56939 3.62332 3.81144 3.87872 3.81879 3.69749 3.53333 3.46500 3.46015 3.46845 3.53425 3.64639 3.73943 3.85117 4.10113 4.30408 4.40709 4.64425 5.44367 6.24778 6.41235 6.08449 5.97131 6.23875 6.31045 6.32882 6.28460 6.33391 6.50837 6.64279 6.75713 6.79639 6.70542 6.86918 7.13588 7.29221 7.35953 7.38023 7.41802 7.43735 7.44956 7.45667 7.44285 7.40630 7.39677 7.42702 7.43926 7.43204 7.40919 7.36203 7.30979 7.22420 7.20048 7.28315 7.35754 7.38579 7.39483 7.41469 7.40903 7.35474
2.48250 2.51062 2.76733 3.24449 3.45838 3.52108 3.57323 3.69921 3.89715 3.95188 3.85322 3.68405 3.48318 3.40095 3.42492 3.48378 3.59332 3.74380 3.80928 3.95319 4.19401 4.28671 4.36410 4.51168 4.99183 5.89783 6.16829 5.78134 5.49851 5.76375 6.06253 6.10628 6.23622 6.49719 6.66495 6.71583 6.79572 6.81371 6.81366 7.00965 7.19496 7.31585 7.36657 7.38762 7.41520 7.43114 7.44310 7.44499 7.43838 7.43947 7.43522 7.43976 7.44862 7.44447 7.42514 7.39578 7.30843 7.13200 7.03161 7.18287 7.35004 7.41196 7.43447 7.44717 7.42208 7.32577
2.54235 2.48431 2.49858 2.96695 3.40546 3.54117 3.62170 3.77059 3.88546 3.91088 3.80147 3.61361 3.43864 3.35654 3.41651 3.52114 3.67407 3.85511 3.88913 3.90274 4.01483 4.09110 4.18383 4.31068 4.52875 5.33651 5.68616 5.44832 5.22683 5.55642 6.08432 6.31425 6.49308 6.68990 6.78562 6.79937 6.88055 6.88360 7.00880 7.19097 7.28853 7.33068 7.36427 7.39148 7.39325 7.39706 7.41707 7.42963 7.42697 7.42711 7.43148 7.43696 7.44678 7.45299 7.44088 7.39209 7.27742 7.21237 7.21006 7.14390 7.33028 7.42692 7.44313 7.43651 7.38620 7.13329
2.29716 2.22047 2.28145 2.53167 3.08544 3.37021 3.52994 3.69002 3.79182 3.80125 3.67407 3.51377 3.39989 3.35893 3.43446 3.57379 3.76613 3.97183 4.05100 4.02157 4.00857 4.02730 4.04397 4.10878 4.23530 4.72834 5.33212 5.33092 5.14143 5.36980 6.00545 6.41586 6.61675 6.73233 6.81161 6.87785 6.97443 7.06878 7.21355 7.28112 7.31316 7.33208 7.35343 7.35540 7.31387 7.28149 7.30991 7.37932 7.41534 7.42456 7.43092 7.44500 7.46224 7.46335 7.42998 7.35272 7.30491 7.34846 7.31478 7.21250 7.32395 7.42040 7.43212 7.41331 7.30817 6.83934
2.17701 2.42428 2.48676 2.60723 2.96334 3.18828 3.35464 3.52922 3.66228 3.64698 3.52349 3.42551 3.38483 3.40690 3.49531 3.63904 3.81355 4.02533 4.20283 4.23901 4.13334 4.01502 3.94880 3.93022 3.95197 4.12904 4.79019 5.19644 5.09289 4.99631 5.45532 6.13074 6.54113 6.73500 6.85473 6.95113 7.06220 7.13110 7.22694 7.29463 7.32524 7.32832 7.30314 7.23207 7.11800 7.00043 6.98501 7.16198 7.33658 7.41048 7.43649 7.45807 7.46822 7.44655 7.37370 7.30312 7.34942 7.40968 7.35217 7.27507 7.33198 7.40463 7.41895 7.39588 7.26103 6.73826
2.44233 2.69492 2.64866 2.73403 3.01457 3.16225 3.24526 3.42586 3.53788 3.49110 3.39313 3.36554 3.41487 3.48517 3.58971 3.72842 3.80068 3.92384 4.13813 4.19248 4.13425 3.99544 3.88358 3.82236 3.79256 3.77443 3.92343 4.22503 4.54752 5.07167 5.21638 5.47529 6.19013 6.66240 6.78854 6.92004 7.10532 7.16887 7.21206 7.28201 7.33016 7.31743 7.20687 6.97675 6.74402 6.58522 6.54289 6.73381 7.11550 7.32418 7.40984 7.44880 7.44895 7.39164 7.27579 7.26396 7.36662 7.40713 7.35116 7.30455 7.33441 7.38319 7.40585 7.38520 7.24504 6.76766
2.64185 2.79473 2.72967 2.80036 2.97770 3.09065 3.20696 3.33898 3.38343 3.33974 3.30672 3.37048 3.48030 3.57700 3.71842 3.87179 3.81782 3.79073 3.94745 3.92759 3.88130 3.82561 3.77764 3.76644 3.76369 3.75160 3.71936 3.81183 4.00733 4.70453 5.63350 5.37643 5.35050 6.12773 6.57666 6.85448 7.02194 7.11837 7.09562 7.19106 7.29051 7.29672 7.09837 6.53757 6.17451 6.47796 6.56618 6.53645 6.90579 7.22549 7.36683 7.41426 7.40105 7.30291 7.19618 7.28639 7.38787 7.39131 7.34019 7.31785 7.34760 7.37305 7.39047 7.37911 7.26606 6.91975
2.73327 2.81295 2.79967 2.78466 2.86155 2.96409 3.16082 3.29769 3.27337 3.16147 3.12745 3.28632 3.47093 3.59933 3.74139 3.82503 3.72000 3.67793 3.66630 3.62763 3.57858 3.57367 3.61483 3.66584 3.71569 3.75842 3.72261 3.70876 3.74301 4.02759 5.07954 5.36434 5.18569 5.52999 6.41710 6.71887 6.85140 6.79098 6.67560 6.97339 7.18401 7.25869 7.09661 6.21417 5.55900 6.66167 6.85366 6.57538 6.89254 7.22417 7.34094 7.36782 7.34540 7.27368 7.26796 7.38461 7.41420 7.37895 7.33635 7.34038 7.36744 7.37721 7.38092 7.37781 7.31518 7.07135
2.92017 2.89668 2.90545 2.87104 2.77833 2.81602 3.10255 3.32165 3.32737 3.16533 3.03101 3.14720 3.38223 3.54680 3.64979 3.69894 3.64014 3.45806 3.32942 3.25810 3.23152 3.28408 3.40773 3.50916 3.56941 3.58728 3.54061 3.53719 3.61734 3.72086 4.43461 4.85844 5.19222 5.95201 6.42761 6.63811 6.51252 6.04321 6.21829 6.63165 6.95902 7.23247 7.21890 6.59866 5.65998 6.49026 6.94665 6.84357 7.09572 7.28411 7.31262 7.32009 7.33919 7.36328 7.37944 7.39552 7.39858 7.36581 7.34916 7.37939 7.39670 7.38068 7.35679 7.34517 7.29078 7.15614
2.88500 2.93794 2.90075 2.90592 2.71597 2.66402 2.93627 3.20514 3.18277 3.12558 3.13367 3.19230 3.35807 3.52685 3.57995 3.54669 3.47868 3.19304 2.93414 2.83504 2.82100 2.89193 3.11662 3.29856 3.35117 3.36419 3.39127 3.48251 3.57421 3.65483 4.14568 4.75617 5.22659 5.71973 6.07809 6.28462 5.96050 5.35219 6.24360 6.21113 6.68969 7.20803 7.23443 6.87339 6.50033 6.88244 7.17887 7.20036 7.25573 7.25746 7.23547 7.26960 7.34962 7.41942 7.42609 7.40294 7.39401 7.38696 7.40003 7.41327 7.41117 7.38358 7.32329 7.24615 7.16058 7.10650
2.84793 2.83026 2.91972 2.75618 2.65616 2.63529 2.88270 3.20946 3.26230 3.25561 3.31134 3.39552 3.46640 3.51751 3.54424 3.47305 3.34519 2.94187 2.84782 2.94979 2.94328 2.80536 2.87484 2.96818 2.97835 3.12079 3.35844 3.47708 3.47847 3.74997 4.18123 4.71746 4.92456 4.97885 4.84684 4.97161 5.28332 4.89780 5.43723 5.87794 6.70000 7.09734 7.12056 6.91945 6.99139 7.22794 7.36079 7.37197 7.29470 7.20833 7.17975 7.23079 7.31673 7.38850 7.42224 7.42975 7.42995 7.43860 7.44460 7.43731 7.43295 7.41163 7.34834 7.23173 7.13209 6.91167
2.79085 2.74052 2.73654 2.72507 2.68443 2.75724 3.04381 3.31675 3.38893 3.39304 3.41743 3.44930 3.52110 3.54518 3.50088 3.41139 3.14004 2.79954 2.92886 3.09559 3.10608 2.92725 2.83347 2.77088 2.84206 3.01118 3.21012 3.35919 3.55815 3.82218 4.16765 4.28855 4.08660 3.75673 3.59553 3.70762 4.03126 5.15282 5.28902 5.73180 6.04624 5.90777 6.47290 6.87413 7.19691 7.33883 7.39803 7.40344 7.34140 7.27414 7.24599 7.24094 7.26671 7.31892 7.37889 7.42603 7.44918 7.46056 7.46173 7.45801 7.46237 7.44664 7.40599 7.34475 7.25166 6.85542
2.78275 2.76295 2.78407 2.77977 2.79795 2.96140 3.17793 3.30963 3.37136 3.40303 3.41970 3.44288 3.51203 3.51584 3.39939 3.29947 2.89146 2.71445 2.80367 2.92332 2.96871 2.96195 2.91411 2.95395 3.02334 2.91958 3.07325 3.36316 3.49868 3.69451 3.92355 3.83909 3.58639 3.40498 3.45433 3.49075 3.56706 3.98438 4.51866 4.29616 3.60711 3.53312 4.71836 6.80569 7.21627 7.32137 7.36095 7.37379 7.36584 7.36535 7.36186 7.30384 7.24613 7.25358 7.31250 7.38117 7.42629 7.44996 7.46226 7.46510 7.46410 7.44893 7.41786 7.37725 7.28439 7.00520
2.81825 2.81324 2.82017 2.86235 2.98160 3.11400 3.11669 3.09882 3.15577 3.31056 3.38703 3.41714 3.46784 3.47923 3.38921 3.20146 2.78415 2.66681 2.71595 2.90650 2.93415 2.92361 2.96017 3.10677 3.06971 2.88169 3.00272 3.23471 3.35830 3.53772 3.69713 3.61719 3.48597 3.52085 3.90530 3.75573 3.55334 3.58863 3.50889 3.28151 3.12916 3.46792 3.59567 5.73314 7.03920 7.23602 7.28738 7.32242 7.36475 7.40944 7.42569 7.37015 7.28345 7.23466 7.24356 7.29543 7.35989 7.40878 7.44128 7.45929 7.45889 7.43528 7.38811 7.31593 7.21193 7.13594
2.86874 2.83590 2.86982 2.99375 3.11140 3.11849 2.95123 2.86264 2.89084 3.08342 3.30454 3.39140 3.42209 3.39162 3.33967 3.12484 2.75644 2.63261 2.70332 2.84573 2.81435 2.81413 2.83159 2.96289 2.92068 2.89502 2.88709 3.02558 3.13176 3.25780 3.43722 3.49522 3.52852 3.77495 4.46792 4.46850 3.96515 3.76395 3.64013 3.67992 4.21464 4.05669 3.47279 5.39442 7.09009 7.19108 7.22283 7.28763 7.35775 7.42011 7.44617 7.41050 7.34176 7.27203 7.21619 7.20903 7.27872 7.35519 7.40573 7.43296 7.43774 7.41631 7.36443 7.28307 7.19930 7.18950
2.90069 2.87672 2.89173 2.95477 2.96844 2.91158 2.87354 2.87100 2.84859 2.91723 3.19017 3.33236 3.29710 3.24813 3.17704 3.03440 2.69619 2.56563 2.65922 2.75317 2.57707 2.53723 2.63579 2.68689 2.80960 2.97090 2.94290 2.90051 2.90288 2.90294 3.13424 3.40795 3.62054 4.01431 4.93607 5.53674 5.37488 4.84753 4.90699 5.71551 5.85805 3.69509 3.37635 6.12158 7.05647 7.08403 7.18053 7.29493 7.35171 7.41464 7.44906 7.43073 7.38774 7.33607 7.26486 7.20267 7.22541 7.30298 7.36655 7.39999 7.40721 7.39585 7.36800 7.31237 7.21733 7.10167
2.83101 2.88198 2.85261 2.88117 2.88893 2.92328 3.01733 3.00131 2.83088 2.90285 3.21829 3.21756 2.96134 2.99566 3.04380 2.89400 2.60122 2.46884 2.61186 2.87384 2.71436 2.42947 2.30468 2.51607 2.70197 2.91868 3.09136 2.99746 2.88071 2.80233 2.89550 3.27222 3.67290 4.24951 5.42194 6.21294 6.34087 5.88702 5.74886 6.27085 5.65879 3.33265 3.91543 6.45210 6.89445 6.94225 7.10658 7.29293 7.33782 7.40038 7.44261 7.43578 7.40960 7.38412 7.34256 7.26231 7.19567 7.24269 7.32641 7.38099 7.39128 7.37121 7.35292 7.30906 7.19047 6.98228
2.79318 2.91521 2.95283 3.03357 3.11359 3.20419 3.19500 2.91039 2.80951 3.03172 3.27355 2.99111 2.82782 2.83001 2.92011 2.76208 2.52526 2.43186 2.68569 3.06101 2.95092 2.47245 2.36953 2.25507 2.39143 2.66716 2.88972 2.78204 2.71301 2.76095 2.87251 3.19287 3.68088 4.51130 5.56975 6.07996 5.97750 4.68652 3.91111 3.85392 3.68028 3.38648 5.88020 6.84953 6.95276 7.02171 7.16575 7.23818 7.33002 7.39700 7.43247 7.42744 7.40466 7.38786 7.36030 7.26693 7.15972 7.18072 7.29562 7.38291 7.39899 7.35957 7.30898 7.25781 7.16273 7.03523
2.77437 2.93040 3.02549 3.13463 3.19990 3.13703 3.01360 2.88213 2.97339 3.20496 3.13366 2.84537 2.87825 2.76896 2.77382 2.68008 2.51069 2.50287 2.87770 3.06827 2.75008 2.46858 2.51548 2.23207 2.20620 2.33687 2.40225 2.32358 2.31870 2.40298 2.68087 3.17695 3.87667 4.94710 5.44668 5.18161 4.71641 4.02503 3.68129 3.61756 3.76135 4.85540 6.64382 6.97442 7.11133 7.24310 7.34782 7.33459 7.36889 7.40806 7.42434 7.41413 7.38462 7.35253 7.30579 7.20372 7.10878 7.14416 7.29821 7.38871 7.40014 7.36061 7.28508 7.25538 7.24913 7.08607
2.73952 2.83335 2.90617 3.01106 3.02063 3.02302 3.04466 3.08057 3.13936 3.10695 2.88766 2.77285 2.84419 2.71571 2.66347 2.69804 2.61939 2.71767 3.04149 3.04470 2.70798 2.55270 2.35879 2.54144 2.36102 2.26418 2.14672 2.19344 2.26296 2.20527 2.37585 2.91645 3.86612 4.97138 5.12673 4.50897 4.33877 4.84229 5.08495 5.19448 5.57045 6.86137 6.92695 6.91987 7.16013 7.32129 7.39683 7.41224 7.41732 7.42584 7.42661 7.40903 7.36413 7.29863 7.21292 7.11905 7.08448 7.16337 7.31413 7.39362 7.40099 7.36925 7.31892 7.31602 7.30381 7.18511
2.68178 2.75066 2.86910 3.00245 3.06173 3.20453 3.27996 3.09822 2.87768 2.80490 2.75568 2.75471 2.84349 2.78545 2.69948 2.79386 2.69770 2.63989 2.86618 3.02245 2.78625 2.25168 2.40931 3.00584 2.92415 2.65933 2.51447 2.60977 2.75973 2.55792 2.33456 2.66884 3.49624 4.49291 4.56607 4.29287 4.57337 5.32448 5.62438 5.67071 6.54099 7.13209 6.85396 6.85013 7.19773 7.33310 7.39684 7.42684 7.43630 7.44239 7.44188 7.42251 7.35867 7.23555 7.09236 7.03828 7.10442 7.20898 7.30098 7.36518 7.38769 7.37220 7.35853 7.37466 7.36517 7.32203
2.57159 2.61958 2.73590 2.88251 3.08909 3.07381 3.02200 2.88799 2.74299 2.68334 2.74264 2.85009 2.91292 2.82834 2.63570 2.59211 2.64756 2.52193 2.66390 2.63240 2.70167 2.30927 2.48055 3.03847 3.30638 3.12274 2.75543 2.73200 2.96198 2.62360 2.21143 2.61864 3.34864 3.97066 4.18997 4.54661 5.44621 5.88759 5.90585 5.42889 6.56929 7.10039 6.79125 6.87763 7.24725 7.35895 7.39591 7.42715 7.45037 7.46481 7.46139 7.44304 7.38300 7.18416 6.94915 6.99056 7.16443 7.26159 7.29707 7.31617 7.33335 7.34043 7.35962 7.38743 7.38215 7.36423
2.63397 2.57818 2.67737 2.87270 3.02309 2.91117 2.89903 2.78317 2.65639 2.64887 2.74972 2.86253 2.76475 2.54622 2.15192 2.08316 2.43908 2.33187 2.34836 2.31446 2.48789 2.71710 2.54601 2.85715 3.22758 3.09265 2.66756 2.63591 2.33618 1.85190 1.89774 2.72290 3.55736 4.14930 4.55991 5.02592 5.71234 6.03485 5.56388 5.37788 6.86115 7.08112 6.81463 6.88170 7.22982 7.38223 7.42220 7.44394 7.46823 7.48778 7.47712 7.44830 7.41171 7.16751 6.84862 7.01192 7.23855 7.30935 7.31575 7.29521 7.26953 7.28489 7.33770 7.37600 7.36109 7.29969
2.56566 2.51278 2.74485 2.96814 2.90056 2.76786 2.75297 2.65021 2.51384 2.43421 2.39827 2.37366 2.14366 1.79211 1.51371 1.64322 1.87011 2.05102 2.30558 3.03312 3.05829 3.17277 2.90575 3.01932 3.21993 3.31051 2.82053 2.32483 1.36123 1.55186 2.29076 3.25850 3.89025 4.37505 4.78367 5.14547 5.55066 5.69278 5.42001 6.01281 7.12337 7.12864 6.87784 6.91917 7.21031 7.38116 7.44412 7.46660 7.47952 7.49509 7.49439 7.46131 7.40572 7.21847 6.96952 7.07627 7.26369 7.33662 7.35177 7.31655 7.21115 7.20428 7.33216 7.36959 7.34207 7.05896
2.45416 2.60364 2.83705 2.99239 2.73760 2.62861 2.55253 2.50511 2.51704 2.40812 2.06384 1.90527 1.96401 2.12477 2.39156 2.60713 2.33166 2.44592 2.59941 2.55591 2.96241 3.09641 2.80894 2.94140 3.22059 3.42127 2.77871 1.68137 1.49624 2.06523 3.04169 3.62462 4.05603 4.54128 4.91971 5.15754 5.34092 5.45219 5.58604 6.40995 7.19699 7.10921 6.90982 6.97604 7.21570 7.37407 7.44989 7.47948 7.48333 7.49391 7.50229 7.48380 7.43682 7.32000 7.14584 7.13317 7.25961 7.35225 7.38627 7.35695 7.20019 7.01169 7.13983 7.27891 7.31659 7.03480
2.50091 2.70279 2.89969 2.89042 2.63674 2.51785 2.37395 2.41136 2.85501 3.00431 2.64340 2.33970 2.70540 3.17798 2.93737 2.80903 2.44541 2.22554 2.49180 2.20616 2.44947 2.96689 2.78016 2.85307 3.10414 3.21497 2.60015 1.78746 1.83453 2.59956 3.25210 3.61584 4.14772 4.70714 5.05889 5.20225 5.22808 5.29883 5.67439 6.57961 7.16409 7.11167 6.95569 7.02375 7.22606 7.36768 7.44736 7.48402 7.48667 7.48954 7.49913 7.48790 7.45389 7.36307 7.22162 7.16750 7.24958 7.34968 7.39885 7.38752 7.26005 6.81854 6.59254 7.08537 7.32225 7.13828
-99999.00000 -99999.00000 -99999.00000 -99999.00000 -99999.00000 -99999.00000 -99999.00000 -99999.00000 -99999.00000 -99999.00000 -99999.00000 -99999.00000 -99999.00000 -99999.00000 -99999.00000 -99999.00000 -99999.00000 -99999.00000 -99999.00000 -99999.00000 -99999.00000 -99999.00000 -99999.00000 -99999.00000 -99999.00000 -99999.00000 -99999.00000 -99999.00000 -99999.00000 -99999.00000 -99999.00000 -99999.00000 -99999.00000 -99999.00000 -99999.00000 -99999.00000 -99999.00000 -99999.00000 -99999.00000 -99999.00000 -99999.00000 -99999.00000 -99999.00000 -99999.00000 -99999.00000 -99999.00000 -99999.00000 -99999.00000 -99999.00000 -99999.00000 -99999.00000 -99999.00000 -99999.00000 -99999.00000 -99999.00000 -99999.00000 -99999.00000 -99999.00000 -99999.00000 -99999.00000 -99999.00000 -99999.00000 -99999.00000 -99999.00000 -99999.00000 -99999.00000
