mrvbf_slope0.8_pctl0.8.asc
NCOLS 410
NROWS 410
XLLCORNER 2398750.0000000000000000
YLLCORNER 2548750.0000000000000000
CELLSIZE 250.0000000000000000
NODATA_VALUE -99999.00000
[rows 203 to 231 of 410, columns 66 to 131 of 410]
6.29778 6.80745 7.02788 7.06262 6.96046 6.69610 6.40656 6.38913 6.54258 6.67704 6.77584 6.60265 6.28342 6.21996 6.32178 6.30329 6.22722 6.28518 6.62368 6.88807 6.90359 6.90374 6.94022 6.89121 6.62689 6.35807 6.30713 6.43286 6.42550 6.19871 5.92037 5.65936 5.47912 5.30492 5.02346 4.78819 4.36433 3.99449 3.47304 3.35668 3.01361 2.77692 2.53607 1.97960 1.48413 1.46036 1.07377 0.70236 0.61715 0.70931 1.51123 2.66519 4.10079 4.75589 4.91720 5.21687 5.33179 5.32240 4.29067 1.79512 0.89997 0.72043 0.72439 0.60536 0.55858 0.50854
6.09144 6.62289 6.97986 7.03398 6.91786 6.56323 6.18126 6.21714 6.36966 6.48051 6.66266 6.34237 6.22982 6.42137 6.47115 6.39912 6.16405 6.02170 6.17492 6.62266 6.79967 6.85317 6.84136 6.67538 6.19854 5.98113 5.94131 6.10243 6.34075 6.28773 6.08160 5.75239 5.51231 5.45530 5.27926 5.19984 5.24449 5.07234 4.51336 4.42833 4.35956 3.82358 2.74020 2.18026 1.30933 1.35314 1.02737 0.78748 0.85416 1.46741 2.25141 2.59360 2.92514 3.60908 4.20184 4.68675 5.08929 5.15222 4.49514 2.31132 1.26284 0.77778 0.82176 0.70747 0.65924 0.62682
6.25326 6.64027 6.90567 6.91259 6.73238 6.29628 6.04343 6.24569 6.36899 6.37027 6.53251 6.43001 6.44437 6.56519 6.67189 6.59632 6.48201 6.28671 6.11749 6.40172 6.71601 6.83514 6.78495 6.29963 5.91628 5.96836 5.88955 5.84949 6.08147 6.31676 6.16140 5.79035 5.57428 5.57549 5.46069 5.33613 5.47009 5.30114 5.06742 5.11573 5.01674 4.24401 3.12331 2.50573 1.66093 1.36730 1.27824 1.28180 1.53915 2.07240 2.41438 2.54804 2.67546 2.92852 3.23359 3.49032 3.86006 4.20502 4.05620 2.76967 1.81900 1.19799 1.07997 0.99521 0.80592 0.75736
6.53009 6.63905 6.65487 6.52422 6.21702 5.94604 6.07769 6.45004 6.55957 6.50598 6.45107 6.49030 6.65446 6.81562 6.84940 6.69636 6.61279 6.44259 6.14567 6.32093 6.70991 6.87581 6.63811 6.09230 5.94883 6.24970 6.12959 5.88648 5.88753 6.14761 6.14934 5.73399 5.56106 5.60111 5.53371 5.44263 5.50397 5.38789 5.18525 5.25694 5.28791 4.92490 3.84204 2.91326 2.55963 2.45056 2.37843 2.31680 2.36486 2.44312 2.52318 2.58985 2.66114 2.75999 2.85287 2.91592 2.98219 3.05154 3.07863 2.91116 2.51615 1.94339 1.56038 1.49954 1.33159 1.11478
6.69555 6.46231 6.20770 5.95624 5.78105 5.85465 6.27650 6.64662 6.75072 6.61418 6.49918 6.55594 6.63185 6.72591 6.87697 6.77565 6.65946 6.60453 6.20779 6.14123 6.43251 6.75132 6.63779 6.07821 5.92483 6.14460 6.22254 6.12107 5.84931 5.86078 5.91549 5.63167 5.53851 5.57120 5.41359 5.39033 5.53272 5.34993 5.16626 5.26098 5.36186 5.30865 4.91708 4.08908 3.56346 3.11033 3.01207 2.90934 2.74892 2.70639 2.70277 2.70514 2.72999 2.78056 2.82093 2.82446 2.80184 2.77647 2.76817 2.76946 2.74725 2.60711 2.44366 2.22959 1.91481 1.64158
6.65735 6.27819 5.95464 5.78356 5.82901 6.11188 6.34628 6.66779 6.73418 6.60682 6.66131 6.74907 6.64175 6.67604 6.83942 6.80791 6.64294 6.59054 6.39661 6.15728 6.14247 6.37591 6.61897 6.34485 6.01531 6.06726 6.15072 6.21941 6.07605 5.82432 5.81652 5.66782 5.62700 5.64090 5.35549 5.39053 5.55089 5.29472 5.16971 5.33181 5.45099 5.39782 5.33974 5.23573 4.90058 4.81553 4.23787 4.00523 3.75248 3.34343 3.24829 3.03770 2.88730 2.87988 2.89878 2.87443 2.80834 2.74651 2.71198 2.71279 2.78297 2.97950 3.08426 2.86924 2.67885 2.51223
6.41769 6.09474 5.90961 5.91071 6.11224 6.22760 6.34365 6.69772 6.73534 6.59606 6.64901 6.64571 6.56949 6.65569 6.71898 6.75204 6.69893 6.57728 6.50725 6.37691 6.11324 6.01334 6.19880 6.32314 6.29782 6.34074 6.23241 6.14125 6.24181 6.04362 5.94088 5.94020 5.82719 5.67157 5.45065 5.47203 5.49588 5.28592 5.28682 5.48216 5.54822 5.44617 5.42082 5.45067 5.37589 5.31555 5.06320 4.83136 4.83023 4.50303 4.63411 4.24839 3.23802 2.98318 2.99468 2.98892 2.88822 2.77378 2.70857 2.68404 2.71211 2.88554 3.22010 3.33865 3.29913 3.20288
6.17585 6.00233 5.94577 6.07506 6.24043 6.14165 6.30023 6.73560 6.87682 6.68296 6.57010 6.62485 6.48821 6.29847 6.17277 6.33502 6.63331 6.68490 6.52875 6.41956 6.26256 6.02636 5.96879 6.03448 6.06396 6.15592 6.13830 6.13650 6.26069 6.14660 5.99198 6.16406 6.08283 5.82877 5.54958 5.54838 5.42908 5.33533 5.45954 5.58509 5.48947 5.43040 5.45387 5.49850 5.46310 5.39373 5.30553 5.23667 5.22198 4.88243 4.83709 4.53726 3.25620 2.91835 2.90316 2.92851 2.90975 2.78874 2.69654 2.64235 2.62893 2.65998 2.70299 2.68397 2.62025 2.61280
6.14678 6.08815 6.09233 6.25852 6.35469 6.05303 6.15667 6.60863 6.78405 6.66138 6.48031 6.39194 6.22671 6.02943 5.96146 5.95985 6.27278 6.52989 6.31012 6.31755 6.45473 6.34983 6.19991 6.18888 6.24039 6.29441 6.30928 6.29008 6.18593 6.04881 5.88310 5.96585 6.12827 5.87505 5.59240 5.66210 5.44058 5.43309 5.60198 5.52275 5.44289 5.48309 5.52489 5.53819 5.51015 5.44546 5.38981 5.28975 5.08717 4.55873 4.37522 3.85913 2.94033 2.80123 2.77251 2.76252 2.74274 2.69859 2.62772 2.56614 2.51442 2.46711 2.41695 2.28391 2.04400 2.05244
6.37810 6.37656 6.35549 6.47557 6.64278 6.19485 6.04151 6.23786 6.20205 5.98751 5.95894 6.13350 6.27388 6.28465 6.30854 5.96456 6.01541 6.09399 6.00959 6.23719 6.50536 6.53798 6.47806 6.51008 6.50374 6.54825 6.55748 6.39222 6.06412 5.82963 5.92558 5.77474 5.88484 5.71936 5.52943 5.66369 5.48177 5.45789 5.59324 5.46280 5.49931 5.59875 5.56791 5.48090 5.46483 5.45589 5.36387 5.07366 4.20626 3.77924 3.46218 2.96817 2.78663 2.69813 2.66000 2.64683 2.61512 2.54642 2.47451 2.35476 2.05767 1.67641 1.56187 1.50529 1.40499 1.46255
6.72692 6.71740 6.58745 6.54694 6.65942 6.57843 6.32030 6.14725 5.93401 5.83409 5.94404 6.32371 6.64473 6.60089 6.50130 6.34361 6.24109 6.14293 6.18045 6.21704 6.40769 6.47345 6.40492 6.50643 6.58367 6.55199 6.46954 6.40944 6.21312 5.82672 5.77756 5.77848 5.80496 5.64657 5.44030 5.58702 5.51594 5.51031 5.60271 5.51103 5.49971 5.45679 5.32354 5.17337 5.14251 5.24925 5.08913 4.07139 3.32342 3.12891 2.88297 2.75581 2.63867 2.53847 2.52575 2.53475 2.49220 2.35945 2.14498 1.75904 1.43969 1.16309 1.16042 1.18546 1.11937 1.14556
6.83353 6.84232 6.65703 6.48178 6.51259 6.71855 6.72248 6.46944 6.28308 6.38590 6.36885 6.42434 6.56874 6.53092 6.46899 6.56924 6.66378 6.51897 6.29259 6.33099 6.47925 6.20645 6.08850 6.18661 6.33903 6.17701 5.96268 5.94784 5.92274 5.69771 5.62633 5.76659 5.87865 5.56496 5.43639 5.48577 5.42723 5.50363 5.60511 5.52526 5.42685 5.26321 5.05907 4.81337 4.54290 4.63174 4.35070 3.38564 3.05630 2.85572 2.72285 2.58131 2.40841 2.27778 2.32854 2.41486 2.33311 2.08768 1.69523 1.45165 1.19545 1.01078 0.90520 0.89145 0.92703 0.96396
6.86429 6.94899 6.83348 6.63592 6.47660 6.50820 6.61824 6.65808 6.68751 6.64880 6.28363 6.25930 6.49901 6.59831 6.56284 6.60689 6.69403 6.62860 6.54915 6.62062 6.28960 5.98714 6.00993 6.06055 6.23248 5.98169 5.78612 5.72824 5.67303 5.57762 5.61990 5.65441 5.72799 5.52901 5.53316 5.37445 5.38332 5.47635 5.48855 5.44655 5.36191 5.18003 5.01893 4.79772 4.11548 3.98686 3.91232 3.14855 2.78956 2.66104 2.51566 2.28799 1.96286 1.72050 1.60948 1.75164 1.74907 1.72269 1.57404 1.43499 1.29571 1.04274 0.94687 0.94090 0.96794 0.86378
6.98008 7.06543 7.03065 6.93712 6.74240 6.53716 6.40105 6.39483 6.55333 6.37447 6.12844 6.40571 6.76563 6.87720 6.84083 6.82610 6.88725 6.87585 6.87957 6.73202 6.14575 5.99534 6.07896 6.11417 6.33080 6.01853 5.87728 5.90114 5.86723 5.84135 5.67724 5.55214 5.66147 5.49320 5.58664 5.30170 5.44354 5.55927 5.48600 5.43570 5.34566 5.23410 5.14651 4.79365 3.91318 3.61094 3.24639 2.77636 2.60032 2.36933 2.09785 1.82058 1.55889 1.28646 1.05343 1.22616 1.49307 1.64303 1.62096 1.54859 1.32659 1.06810 1.08249 1.09897 0.98637 0.77218
7.05499 7.10403 7.10353 7.06726 6.97501 6.81137 6.57070 6.32342 6.45932 6.28965 6.34155 6.76889 6.96541 7.01064 7.01305 7.01082 7.00710 6.96628 6.91242 6.70820 6.24758 6.06718 6.12467 6.24234 6.45947 6.18371 5.86858 5.93353 6.13539 5.85322 5.57042 5.53557 5.56929 5.41073 5.40093 5.25194 5.54315 5.57065 5.50080 5.50680 5.38262 5.32270 5.21960 4.76882 3.79313 3.30410 2.88801 2.63824 2.35851 1.86618 1.61376 1.52393 1.39250 1.17488 1.01208 1.14723 1.53248 1.68307 1.69962 1.55517 1.22999 0.89384 0.85587 0.87981 0.80284 0.69565
7.03134 7.05629 7.07056 7.09327 7.06832 7.00676 6.82856 6.42963 6.45165 6.37680 6.56904 6.91430 6.98158 6.99501 7.04503 7.03210 6.94118 6.83795 6.72938 6.55313 6.29560 6.24219 6.26581 6.27998 6.42128 6.35280 6.01169 5.95381 6.09310 5.77444 5.63398 5.63866 5.55687 5.51402 5.29286 5.27134 5.49355 5.52633 5.50483 5.48357 5.39720 5.35838 5.11726 4.50171 3.65727 3.16701 2.72177 2.50791 1.91212 1.41616 1.25957 1.23485 1.29196 1.34286 1.23374 1.49903 1.63842 1.71536 1.68172 1.48428 1.08019 0.74995 0.76614 0.76302 0.68104 0.61991
6.86622 6.87667 6.85483 6.96852 7.05131 7.06285 6.92996 6.52552 6.37016 6.40328 6.67360 6.89230 6.78055 6.74717 6.88705 6.89840 6.79400 6.66015 6.43216 6.20043 6.04794 6.02899 5.97302 5.89869 5.99527 6.07385 5.99307 6.04432 6.14761 5.83729 5.69475 5.62321 5.53694 5.56294 5.28973 5.28039 5.42958 5.53955 5.50438 5.42370 5.37769 5.31159 4.95713 4.16871 3.58028 3.05494 2.59127 2.18450 1.41567 1.04504 0.92280 0.99216 1.20894 1.24355 1.22209 1.54151 1.60908 1.67013 1.64282 1.47973 1.13100 0.82273 0.80324 0.68998 0.60720 0.53238
6.46290 6.52557 6.54234 6.65069 6.86757 6.97644 6.97525 6.81696 6.53173 6.62168 6.82357 6.68405 6.46470 6.44022 6.58040 6.72658 6.67526 6.43828 6.09430 5.88497 5.83742 5.89282 5.92776 5.86819 5.84328 5.87771 5.88956 6.02127 6.06412 5.75492 5.59006 5.49020 5.42901 5.33490 5.12239 5.12010 5.36951 5.53140 5.45958 5.37330 5.34302 5.24500 4.88235 4.00906 3.66687 2.96731 2.52839 1.96317 1.26952 0.90374 0.92678 1.07310 0.99032 0.75956 0.71006 1.01341 1.41664 1.63598 1.68188 1.59599 1.36502 1.01281 0.84554 0.66316 0.57346 0.46264
5.97281 6.14554 6.25066 6.28051 6.53130 6.75766 6.76940 6.72433 6.65645 6.71227 6.69673 6.40656 6.30399 6.31736 6.33824 6.53843 6.51781 6.12863 5.80693 5.72684 5.82422 6.02766 6.18590 6.13361 6.07190 6.03552 6.02577 6.09773 6.03067 5.76500 5.67155 5.50936 5.34735 5.08514 4.92833 5.17257 5.39757 5.49846 5.44313 5.34551 5.23250 5.06295 4.72230 3.86763 3.56259 2.89018 2.46732 1.87634 1.34351 1.02882 1.04149 0.98665 0.70205 0.59402 0.55758 0.65705 1.03850 1.59056 1.69685 1.64016 1.52846 1.35367 0.95134 0.65308 0.56011 0.40481
5.74393 5.89368 5.94768 5.92052 6.12604 6.37077 6.21697 6.08354 6.09600 6.22807 6.22921 6.09170 6.13481 6.15581 6.07689 6.24066 6.31427 5.88462 5.64040 5.67546 5.86183 6.08666 6.19167 6.19611 6.25349 6.22149 6.19072 6.18304 6.04426 5.80044 5.61283 5.58874 5.53982 5.36434 5.36871 5.42326 5.43383 5.43473 5.37426 5.22536 5.04380 4.83228 4.57722 3.81600 3.26209 2.68883 2.37113 1.73196 1.26299 0.94790 1.06369 1.08566 0.65778 0.54843 0.54471 0.64756 0.78387 1.44285 1.62206 1.60264 1.55977 1.44281 1.16083 0.74847 0.60362 0.45759
5.72004 5.80310 5.73544 5.62420 5.69808 5.85723 5.74371 5.66550 5.67053 5.75732 5.78343 5.73899 5.78732 5.85360 5.84701 5.96347 6.13092 5.75137 5.55680 5.72672 5.81040 5.96059 6.06579 6.00405 6.06169 6.06036 6.07195 6.05177 6.00683 5.87398 5.55127 5.58092 5.62685 5.50400 5.43246 5.48512 5.40964 5.24142 5.04150 4.90696 4.77983 4.57215 4.46485 3.92585 3.12661 2.59756 2.33996 1.77726 1.33025 0.97098 1.17386 1.37629 0.90125 0.63496 0.59528 0.80089 1.04393 1.29447 1.53640 1.57612 1.54472 1.42599 1.35584 1.01126 0.66713 0.54321
5.78341 5.83908 5.72428 5.58634 5.51542 5.60460 5.60687 5.61742 5.66732 5.73424 5.80854 5.86189 5.95157 5.99346 5.89924 5.84799 5.93714 5.74306 5.54243 5.72791 5.81731 5.86745 5.76473 5.65291 5.64221 5.70428 5.75950 5.79143 5.83858 5.81989 5.57153 5.52618 5.70927 5.61340 5.43249 5.38646 5.30003 5.08902 4.91191 4.85706 4.80206 4.57235 4.34969 3.96929 3.17389 2.61370 2.37092 1.90361 1.57321 1.42306 1.44336 1.57656 1.45241 1.18013 1.00596 0.99245 1.07105 1.18188 1.31368 1.39523 1.41945 1.42214 1.33457 0.85324 0.56880 0.44481
5.90113 5.97877 5.88670 5.88788 5.69007 5.72078 5.73259 5.80061 5.85215 5.96559 6.19653 6.27222 6.28999 6.21083 6.04264 5.89377 5.86117 5.79098 5.66659 5.73299 5.90065 5.73607 5.64208 5.62059 5.57515 5.60962 5.63888 5.65007 5.74259 5.80484 5.60284 5.45727 5.58218 5.55745 5.38178 5.30334 5.26142 5.21291 5.22066 5.15750 5.07608 4.81895 4.44129 3.97200 3.27017 2.63592 2.34198 1.93121 1.70466 1.62982 1.63531 1.68480 1.67207 1.57508 1.48938 1.29789 0.95392 0.82919 0.74712 0.78828 0.83216 1.06176 1.28457 0.86866 0.57185 0.44276
5.85856 5.92629 5.93163 5.92498 5.97819 6.06979 5.96209 6.06294 5.91492 6.05129 6.35676 6.37065 6.30990 6.28560 6.21224 6.00564 5.85362 5.82488 5.86985 5.75408 5.73073 5.68843 5.77477 5.90120 5.84706 5.78891 5.74387 5.69613 5.74805 5.86903 5.66090 5.39764 5.38482 5.44827 5.36189 5.30590 5.32579 5.35609 5.32006 5.25744 5.17471 4.96328 4.50736 3.77557 3.10065 2.58360 2.29027 1.95280 1.70846 1.61949 1.61087 1.64258 1.61408 1.54933 1.54294 1.41085 1.00448 0.68594 0.60148 0.59037 0.59198 0.63029 0.81258 0.81699 0.66421 0.59676
5.67573 5.65763 5.78755 5.96273 6.04731 6.13140 5.96905 5.93315 5.97858 6.21759 6.28636 6.16975 6.23877 6.33652 6.25499 6.00472 5.84803 5.87301 5.98796 5.85396 5.64053 5.66208 5.92185 6.08618 6.08203 6.05434 5.95630 5.78887 5.74051 5.86993 5.66875 5.51063 5.36839 5.45276 5.46858 5.37367 5.33824 5.36071 5.29829 5.19125 5.07967 4.88946 4.52769 3.87147 3.02906 2.54073 2.19923 1.96749 1.69667 1.53440 1.45244 1.48344 1.40280 1.30429 1.18047 1.05729 0.97129 0.67170 0.55228 0.49368 0.43779 0.44624 0.61222 0.60899 0.66965 0.90225
5.62303 5.54191 5.58502 5.70206 5.85174 6.08106 6.13111 6.07747 6.22642 6.24191 5.96368 5.79564 5.88877 6.14860 6.02059 5.78265 5.74750 5.82405 5.96790 5.95495 5.66909 5.61744 5.83667 6.07111 6.15145 6.15167 6.00527 5.79458 5.74128 5.78537 5.67934 5.68723 5.52080 5.47467 5.45960 5.32065 5.28289 5.24902 5.16428 5.07862 5.03255 4.79118 4.34259 3.63878 2.84712 2.41945 2.07285 1.85019 1.59297 1.29772 1.10615 1.18189 1.08588 0.89676 0.76006 0.98568 1.07307 0.73275 0.55150 0.42159 0.38624 0.38890 0.51444 0.60316 0.71047 1.36242
5.67489 5.59380 5.55204 5.55686 5.57361 5.71282 6.04586 6.28082 6.32981 5.98442 5.68280 5.63743 5.57058 5.74182 5.66127 5.54903 5.61811 5.66563 5.78295 5.84394 5.59594 5.58883 5.75678 5.93976 6.01144 6.01451 5.91819 5.78194 5.69608 5.68091 5.67977 5.76235 5.62710 5.55864 5.39087 5.27554 5.24204 5.21523 5.16014 5.11901 5.10861 4.77976 4.16442 3.61160 2.71438 2.40013 2.03840 1.64177 1.37169 0.93322 0.81040 0.75499 0.70049 0.72680 0.81343 1.09023 1.19597 0.88617 0.59574 0.47717 0.41930 0.41791 0.55920 0.70524 1.26348 1.66333
5.76645 5.62642 5.53812 5.47795 5.41035 5.39679 5.57196 5.95498 6.13302 5.74950 5.54766 5.62390 5.43040 5.42438 5.38314 5.43073 5.52351 5.52533 5.62762 5.71139 5.44877 5.46710 5.59620 5.69258 5.71777 5.70542 5.67700 5.67126 5.67913 5.66435 5.64523 5.62496 5.60985 5.55564 5.34774 5.28112 5.30628 5.29647 5.27209 5.11673 4.88182 4.61519 4.36429 3.68118 2.72864 2.39762 1.89306 1.43858 1.03622 0.75199 0.65951 0.57109 0.53748 0.59894 0.55820 0.72398 1.31163 1.33696 0.82243 0.58666 0.53616 0.53404 0.73052 1.45521 1.69419 1.72736
5.94832 5.74013 5.58247 5.47293 5.38013 5.27188 5.27664 5.51812 5.80527 5.56726 5.44912 5.55403 5.42316 5.29615 5.31548 5.46404 5.45335 5.36823 5.50705 5.54376 5.31688 5.34558 5.54100 5.62218 5.60596 5.56733 5.54550 5.57392 5.67902 5.67029 5.55540 5.46936 5.50289 5.42217 5.27149 5.34269 5.43746 5.41039 5.37219 5.13678 4.77537 4.67748 4.60866 3.93196 2.83809 2.40106 1.84876 1.48620 1.20941 0.87257 0.66918 0.52752 0.48353 0.54309 0.50142 0.54242 1.12930 1.59156 1.51478 1.26329 1.12568 1.29778 1.59907 1.72914 1.73050 1.51370
