mrvbf_slope0.5_pctl0.8.asc
NCOLS 410
NROWS 410
XLLCORNER 2398750.0000000000000000
YLLCORNER 2548750.0000000000000000
CELLSIZE 250.0000000000000000
NODATA_VALUE -99999.00000
[rows 145 to 173 of 410, columns 198 to 263 of 410]
1.51515 2.06097 2.53969 2.60502 2.47424 2.50390 2.58816 2.83182 3.26062 3.43533 3.38905 3.68886 3.80174 4.17341 4.37764 4.46725 4.43025 4.22715 4.03096 3.55431 2.60106 1.74024 1.83817 2.50311 2.84083 2.49426 2.49609 2.32433 2.62012 2.61976 1.82651 2.50755 2.29267 3.12195 3.65859 3.89450 4.10070 4.33900 4.45685 4.45387 4.36520 4.37550 4.45467 4.36804 4.12579 4.01802 4.23534 4.16685 3.97387 3.88874 3.91954 4.14983 4.39569 4.56049 4.57899 4.62568 4.53087 4.49652 4.17171 3.71084 3.84860 4.16229 4.11366 3.96417 3.92031 3.55289
1.17363 1.61942 2.29849 2.63716 2.53657 2.43150 2.42168 2.48135 2.56271 2.74849 2.99807 3.43697 3.61435 4.02118 4.17903 4.22535 4.24341 4.21705 4.02461 3.79933 3.67043 2.82083 2.18470 2.49770 2.21435 2.36830 2.63330 2.60430 2.91563 2.45163 2.52633 2.37765 2.51982 2.14444 2.51850 3.53775 3.94647 4.18003 4.13530 3.83306 4.29656 4.38887 4.37199 4.19098 4.01855 4.09512 4.25772 4.10023 4.05548 4.07253 4.07706 4.25327 4.38039 4.52368 4.54098 4.50488 4.36241 4.20299 3.68408 3.52260 3.89096 3.95337 3.90294 3.85376 3.61627 3.22547
0.97229 1.26877 1.77753 2.26955 2.22459 2.04281 1.95598 1.89052 1.94073 2.32574 2.68049 2.91141 2.85604 3.02302 3.29031 3.58167 4.00500 4.11907 4.13182 4.20544 4.04925 3.78105 2.72523 1.64998 1.82479 2.41752 2.31378 2.47429 3.03467 2.57951 2.45512 2.60107 2.47094 2.38237 0.77035 1.88155 3.66199 3.81099 3.11136 2.24648 3.50534 4.23197 4.15326 4.13456 4.16071 4.17107 4.16083 4.16047 4.15953 4.14372 4.18380 4.37411 4.34475 4.30553 4.33689 4.32596 4.11917 3.77024 3.54811 3.74625 3.79064 3.87211 4.06574 4.02541 3.83525 3.61494
0.83615 1.18497 1.46440 1.60586 1.61102 1.54313 1.44643 1.25136 1.11960 1.48673 2.03102 2.34580 2.41773 2.51748 2.47213 2.64490 3.28360 3.80239 4.30523 4.49074 4.32352 4.24022 3.70837 2.56175 1.53753 1.44909 1.70418 2.61300 3.04063 2.51880 2.39398 2.45719 2.55320 2.21085 1.26819 0.59277 2.76332 3.39301 1.82066 2.39256 2.50588 3.89681 4.28910 4.07168 4.06206 4.10763 4.09695 4.27148 4.28554 4.23621 4.30178 4.39346 4.22101 4.10859 4.12322 4.04525 3.76698 3.59106 3.72803 3.72801 3.79227 4.04902 4.10506 4.01769 3.95947 3.96526
0.98333 1.01489 1.29308 1.39275 1.47168 1.40433 1.33386 1.22938 1.09403 1.12419 1.50994 1.80884 2.23175 2.35736 2.00629 1.96434 2.72787 3.29543 3.96633 4.33918 4.32493 4.27993 4.20035 3.87703 2.95727 2.73418 2.58627 2.38820 2.61237 1.94351 2.46561 2.33079 2.21792 1.84282 1.51894 0.56920 2.81725 3.71335 3.26418 2.54249 3.68710 4.32874 4.21400 4.07428 4.18766 4.26995 4.15203 4.14771 4.19414 4.28203 4.42824 4.42022 4.18252 3.95629 4.05332 3.88968 3.62619 3.72666 3.73601 3.71612 3.96706 4.05450 4.08211 4.01114 3.95855 3.99519
0.90295 0.94769 1.25728 1.47552 1.58179 1.34986 1.27348 1.36630 1.24842 1.44578 1.64865 1.39086 1.54942 1.57479 1.60384 1.96730 2.59916 2.89089 3.28939 3.76350 3.95410 3.95032 3.98716 3.91561 3.71098 3.49305 3.41314 3.11396 2.86226 1.89062 2.29936 2.24378 2.42358 2.22393 1.38191 1.45151 3.41582 3.78444 4.01710 4.01392 4.43168 4.42979 4.24592 4.25461 4.16905 3.84338 3.72125 4.06172 4.20999 4.42670 4.46095 4.39048 4.16796 4.05645 4.08040 3.91081 3.83182 3.90726 3.72002 3.95032 4.13163 3.90982 3.93925 3.88366 3.72946 3.86969
1.65314 1.76606 1.71038 1.51874 1.38824 1.05873 1.04396 1.16877 1.34426 1.65065 1.70233 1.10356 1.34225 1.46621 1.70134 2.20546 2.38139 2.61614 2.66118 3.14307 3.40452 3.18220 3.15905 3.29196 3.53247 3.52977 3.60787 3.67901 3.16220 1.97725 1.83266 2.07662 2.41608 2.81048 2.16194 2.96289 3.59887 3.66216 4.06972 4.42780 4.47267 4.39683 4.38156 4.34374 4.19264 3.64259 3.33391 3.81945 4.20296 4.39843 4.41819 4.31277 4.10065 3.99584 4.08466 4.02923 3.95279 3.84805 3.89167 4.10426 4.01449 3.91355 3.95575 3.86309 3.78427 4.08570
0.94404 1.44581 1.72591 1.47031 0.97390 0.79029 0.70038 0.74439 1.08129 1.37921 1.36960 0.83156 0.79016 1.25367 1.76005 1.76800 1.63735 1.64649 1.86968 2.97960 2.89577 2.37975 2.63713 2.63809 3.50191 3.55943 3.56289 3.79965 3.59842 2.97513 1.84285 1.56083 2.10076 2.45206 3.20283 3.58421 3.79850 3.71036 3.82368 4.25617 4.37821 4.45673 4.50820 4.39892 4.10087 3.61414 3.40983 3.29760 3.69404 3.87538 4.08202 4.15338 4.03350 4.03447 4.23951 4.18226 4.08862 3.92487 3.78627 3.68894 3.86366 4.06944 4.27687 4.08757 3.99745 4.14508
1.05412 1.48163 1.49459 0.99635 1.21039 1.42141 0.68419 0.51803 0.77284 0.68578 0.55446 0.49398 0.47878 0.62782 1.37003 1.37020 0.72042 0.67092 0.87734 1.72940 2.27461 2.58338 2.14034 2.30084 3.43678 3.51106 3.39935 3.74907 3.73739 3.77674 3.03219 2.11712 2.63194 2.15928 3.28107 3.86319 3.67917 3.52513 3.81041 4.01893 4.37676 4.55463 4.51633 4.48627 4.17254 4.01103 3.47247 3.08821 3.19323 3.68849 3.43629 3.94833 4.13351 4.21591 4.27915 4.30142 4.36608 4.17722 3.87475 3.48757 3.91179 3.91103 4.15443 3.98149 4.04342 4.16826
1.46627 1.56953 1.57635 1.29066 0.66326 0.60954 1.19709 0.51940 0.66810 0.57672 0.49655 0.47483 0.48303 0.59070 1.04606 1.00806 0.57520 0.56232 0.62340 1.36726 2.10602 2.76560 2.18549 3.13868 3.62300 3.55056 3.38194 3.57315 3.53477 3.87744 3.63148 2.89900 2.72259 3.20188 3.82364 3.89960 3.72486 3.66502 3.65429 3.98187 4.42213 4.53664 4.43363 4.44315 4.31219 4.14360 3.63550 3.29244 3.73690 3.62097 3.80913 3.53574 3.84023 3.80957 3.90388 4.09643 4.18958 4.14376 4.00220 3.55142 3.81682 3.48021 3.35970 3.62046 3.73767 3.81582
1.40987 1.49261 1.83729 1.84168 1.41143 0.88599 0.79331 1.27989 1.51627 1.53519 1.62022 1.62473 1.56514 1.46411 1.32372 0.91696 0.92373 1.52497 1.48866 1.65814 1.68093 2.51633 1.98550 3.51850 4.04005 3.33755 3.24753 3.32550 3.59971 3.97151 2.97840 2.24468 2.86572 3.74327 4.02162 3.88762 3.91730 3.71790 3.69586 4.22853 4.47669 4.48017 4.34980 4.27228 4.35630 4.27146 4.19159 4.13168 3.89705 3.67896 3.81836 3.73121 3.63787 3.64375 3.20134 3.65421 3.80309 3.89028 4.01206 3.53589 3.51416 3.69677 3.01801 2.64065 2.49778 2.10614
1.10637 1.42778 2.18980 3.40157 2.44693 1.78944 1.26169 0.93152 0.90287 0.90956 0.98670 0.69787 0.54329 0.45185 0.44853 0.48704 0.62981 1.47486 1.79052 2.48384 2.64447 2.28295 3.11247 3.80858 4.16716 3.85037 3.69914 3.34151 3.27776 3.26483 1.75053 2.42429 2.24378 3.21393 3.63991 3.53311 3.48788 3.73959 3.86580 4.39210 4.53647 4.48736 4.42291 4.30816 4.42023 4.17482 4.17937 4.11329 4.17840 4.20348 3.81067 3.80290 4.03488 3.77514 3.38460 3.66760 3.78305 3.93986 4.04182 3.78757 3.49658 3.82585 3.58044 2.62592 2.58199 2.14095
0.88867 1.15451 2.22850 4.07875 2.61882 1.52380 1.01176 0.89973 1.13051 1.45288 1.44866 0.95579 0.59039 0.51810 0.48120 0.49209 0.58447 1.12448 1.73866 2.72175 3.77553 3.80663 3.71284 3.70232 4.03263 4.29975 3.78641 2.53329 2.33676 2.69946 2.43039 2.10329 2.38245 2.65156 2.78466 3.03055 2.50199 2.85145 3.52612 4.31081 4.46116 4.47574 4.41287 4.30339 4.22133 3.55574 3.37033 4.09350 4.32387 4.32375 4.15659 4.18941 4.09261 3.35083 2.93016 3.49402 3.41183 3.73397 3.91248 3.86645 3.48274 3.62748 3.41788 3.26839 2.95353 2.45700
0.65834 0.79299 1.76191 3.38596 1.67920 0.74620 0.58140 0.56376 0.64797 1.21568 1.78006 1.60084 1.10072 0.75728 0.63422 0.60568 0.66318 0.99150 1.44837 2.61688 4.02155 4.16266 3.93534 3.65367 4.00507 4.30439 3.47403 2.66098 3.08853 2.63426 2.63019 2.23257 2.44630 1.58750 1.71053 2.34370 2.63683 1.93101 1.94156 3.43023 4.22473 4.39281 4.27172 3.97081 3.49431 3.20041 3.00177 3.44154 4.10272 4.28104 4.31371 4.24298 4.06179 3.34951 3.56148 3.56597 3.52017 3.53731 3.87695 3.43001 3.60876 3.24519 3.38053 3.07665 3.27674 3.45465
0.57153 0.77572 1.54362 2.06221 1.30454 0.55536 0.46074 0.44460 0.48813 0.67818 1.37353 1.51820 1.28272 0.97599 0.82065 0.76912 0.87556 1.25065 1.70831 3.21637 4.14637 3.83744 3.75690 3.70645 3.93219 4.37918 4.19299 3.25380 2.75221 2.61415 3.21624 2.50322 1.52871 1.50662 1.57479 1.39517 1.97519 2.21836 2.76110 2.64274 3.11852 3.98940 3.50306 2.63064 2.88318 2.69551 3.19343 3.62954 4.13894 4.22660 4.26140 3.91189 3.66571 3.62908 3.72829 3.76784 3.17517 3.09826 3.55501 3.02599 3.03508 3.15246 3.16688 2.90952 3.31692 3.84073
0.66007 0.96132 1.50113 1.62434 1.09372 0.54928 0.45493 0.42105 0.47348 0.61397 1.19270 1.39429 1.31587 1.24943 1.30390 1.37950 1.55017 1.75788 2.06964 2.71151 3.45111 3.68553 3.72650 3.57180 3.95462 4.02160 4.14957 3.78470 3.31348 3.42721 3.82574 3.28769 1.60144 0.62313 0.83251 2.17172 2.80065 2.69527 2.30026 2.44811 1.86294 2.59196 2.20318 0.97032 1.99345 2.79437 3.06213 3.64350 4.08110 4.20162 4.04310 3.80534 3.67387 4.03409 3.83084 3.95384 3.54401 3.31501 3.34023 2.63195 2.39203 2.67911 3.10144 3.21322 3.33573 3.26226
0.94410 1.27747 1.50190 1.51366 1.19724 0.63957 0.54991 0.52110 0.57883 0.83415 1.32593 1.48672 1.59931 1.75675 1.85466 1.95014 2.16541 2.57544 3.11920 3.51104 3.68203 3.61154 3.64340 3.81840 3.77806 3.90152 4.07333 3.77073 3.92349 3.87908 4.02428 3.64558 3.38574 2.59765 2.54629 3.13471 2.97679 3.32614 2.77791 1.32750 2.21853 1.44427 1.39556 1.94649 0.86396 2.41483 2.53108 3.38445 4.00334 4.14389 4.02797 4.23118 4.11668 3.86927 4.14346 4.22013 3.67895 3.19590 2.96301 2.26238 2.00059 2.83309 3.73733 3.93971 3.92382 3.51787
1.25450 1.36181 1.46679 1.47641 1.33384 1.02231 0.76789 0.77031 1.18420 1.50386 1.59438 1.72023 1.97552 2.33155 2.66315 3.11545 3.20478 3.06474 3.22405 3.88936 4.34208 4.23338 3.87171 3.93087 4.05831 4.09421 4.26847 4.15665 4.17803 4.29003 4.09621 3.94519 4.14902 4.01434 3.49795 3.44951 2.98884 3.45130 3.84959 2.98212 1.60909 2.67915 2.73906 2.18966 1.49121 2.42489 1.58058 2.25244 3.02492 3.58174 4.05759 4.37833 4.29674 4.21272 4.23666 4.06980 3.83683 3.40556 2.96442 2.23814 3.06044 3.91135 4.15070 4.24314 4.20132 3.91725
1.49279 1.45667 1.50822 1.60371 1.61540 1.54333 1.52272 1.65814 1.85125 1.94677 2.00697 2.60466 3.46999 3.26644 3.31305 3.57327 3.41573 2.98553 2.96823 3.39138 4.11273 4.38645 4.26958 4.10553 4.20370 4.05718 3.98120 3.97467 4.30175 4.42422 4.32050 4.34032 4.39817 4.18430 3.59593 3.28042 3.10320 3.47829 4.05358 3.89380 3.20618 3.39517 2.58657 2.17752 2.48343 2.83911 2.40995 2.16233 2.46523 2.78192 3.55418 4.28126 4.32514 4.06049 3.88802 3.88317 3.60841 3.16485 3.19257 3.44488 3.99492 4.16979 4.26984 4.30495 4.32656 4.23903
2.47015 2.35750 2.31222 2.34031 2.31413 2.22340 2.31717 2.59142 3.47141 3.67658 3.12547 3.23334 3.67157 3.77226 4.01620 4.19494 4.11148 3.94134 3.90427 3.65566 3.99637 4.40216 4.37077 4.03345 3.93208 3.90142 4.11207 3.83545 4.08502 4.22843 4.15792 4.30467 4.45591 4.37608 3.76772 3.10426 3.13242 3.24319 3.91953 4.10735 3.96734 3.47137 3.00566 2.30237 2.09569 2.57193 2.46509 2.49811 2.55980 2.69526 2.59781 3.43903 4.25061 4.12189 3.72208 3.54868 3.80946 3.68007 3.60275 3.51073 4.02973 4.24611 4.33723 4.29767 4.26759 4.27970
3.64681 3.30759 3.26044 3.60160 3.49389 2.96396 3.01567 3.45821 4.23225 4.37493 3.81742 3.44763 3.66349 3.95776 4.29646 4.48100 4.40877 4.28609 4.29305 3.98408 3.87816 4.11385 4.14076 3.84672 3.51249 3.64995 4.17493 4.15384 4.13241 4.22353 4.12038 4.23749 4.36595 4.23099 3.41964 2.79190 2.34320 2.49443 3.86334 3.71344 3.35790 3.32949 2.94661 2.76736 2.85277 2.95355 2.57922 2.62310 2.76575 2.58064 2.32180 2.57220 3.58406 3.60310 3.48308 3.61385 3.77791 3.56089 3.52384 3.68060 4.12216 4.33018 4.31542 4.18260 4.14941 4.28552
4.24218 3.57585 3.42671 4.03031 4.10528 3.31687 3.41123 3.75290 4.16852 4.42876 4.15362 3.74700 3.73675 3.97050 4.20828 4.01271 3.88744 3.86945 4.09554 4.00511 3.67680 3.82800 4.22944 4.27245 3.86835 3.50967 3.63284 3.85892 4.02556 4.15436 4.21557 4.28918 4.38799 4.32489 3.98251 3.53332 2.93851 3.61934 4.15506 4.10579 3.64287 3.38545 3.37538 3.56211 4.03200 3.49973 2.52120 2.46771 2.82920 2.69044 2.57914 2.38610 2.74685 2.65912 2.52457 3.20186 3.54665 3.75147 3.63366 3.80709 3.96600 4.36901 4.32990 4.20301 4.30864 4.16628
4.10992 3.61305 3.60098 3.84833 4.27628 3.59764 3.57902 4.10766 4.16455 4.38706 4.39735 4.20894 4.00583 3.89815 3.81556 3.66867 3.98019 3.98443 3.96843 4.05631 3.77850 3.97199 4.44613 4.61049 4.39853 3.75202 3.17930 3.11498 3.61185 4.00551 4.33419 4.31037 4.16914 4.11543 3.80118 3.91255 3.67320 4.04039 4.20144 4.21436 4.20246 4.01932 3.97363 4.11394 4.25107 3.19811 1.66897 2.16222 2.52927 2.79755 2.69369 2.68311 2.69909 2.66873 2.48362 2.46056 3.52671 3.70524 3.47559 3.67437 4.03987 4.32110 4.21841 4.07526 4.22864 4.20927
4.29222 4.04666 3.87299 3.99577 4.26831 3.55467 3.45374 4.07581 4.16230 4.33577 4.53754 4.55729 4.39338 4.19473 4.08482 4.27889 4.57325 4.52748 4.36751 4.36842 4.15560 4.03485 4.14950 4.10455 3.89071 3.32799 2.85534 3.05113 3.66486 4.09988 4.33385 4.30491 4.13927 3.83781 3.65856 3.60656 4.02091 4.29541 4.33860 4.36153 4.08757 3.95958 3.90992 4.28892 4.30369 3.90682 2.52748 1.69499 2.40806 2.81657 2.97429 2.96458 2.63205 2.66030 2.70097 2.48979 3.34858 3.71010 3.62070 3.32527 3.73153 4.05582 4.01281 4.02212 4.14756 4.13847
4.55567 4.33454 4.15947 4.32713 4.17599 3.24247 3.14053 3.83662 4.08530 4.27782 4.48931 4.75443 4.77516 4.61768 4.59033 4.84191 5.14973 4.96048 4.71490 4.64794 4.41070 4.00289 3.58186 3.37935 3.37260 3.31422 3.11450 3.43977 3.65486 4.04038 4.09853 4.29428 4.20533 3.77034 3.79591 4.16290 4.32588 4.36243 4.41457 4.32574 4.04789 3.76017 3.90313 4.30173 4.34190 4.13781 3.63573 2.90575 2.78391 2.60119 2.80884 2.88453 2.67087 2.58880 2.60308 2.42656 2.62141 3.33461 3.54910 3.32083 3.76088 4.10039 4.15104 4.07521 4.15254 4.17762
4.77822 4.62057 4.50751 4.53683 4.02770 2.99585 3.04576 3.92057 4.11757 4.25649 4.36994 4.55938 4.92895 5.16691 5.16778 5.13344 4.91781 4.66623 4.57451 4.59791 4.47844 4.13609 3.69939 3.55117 3.53416 3.73237 3.56325 3.71772 4.03694 4.04309 4.23837 4.26101 4.11365 3.85226 4.16501 4.33655 4.40182 4.40147 4.39388 4.19797 3.99859 4.05514 4.09129 4.15997 4.32575 4.22247 3.84576 3.90760 3.42265 2.79805 2.57234 2.62336 2.65335 2.57849 2.63727 2.60940 2.35284 2.61655 3.31069 3.49954 3.74299 3.64346 3.78752 3.91013 3.76616 4.03161
4.72219 4.64295 4.53430 4.46755 3.88300 3.00202 3.19984 4.05988 4.25621 4.29928 4.25551 4.35572 4.58671 4.85763 4.75090 4.55688 4.43386 4.37224 4.43419 4.55655 4.56814 4.38995 4.18265 4.21735 4.04965 4.09636 3.94724 3.86308 4.25250 4.28440 4.24597 4.02284 3.81416 3.92314 4.23842 4.29574 4.23834 4.32675 4.35453 4.27530 3.90541 4.07009 3.97940 4.31707 4.35044 4.18148 3.85236 3.85318 3.50607 3.11251 2.70301 2.61537 2.60019 2.67572 2.76669 2.67058 2.58908 2.31727 2.87251 3.77209 4.01479 3.65166 3.53060 3.70244 3.99570 3.91665
4.65653 4.47491 4.36216 4.29840 3.74197 3.14422 3.55167 4.23787 4.28229 4.06426 3.96346 4.14122 4.40546 4.51587 4.39971 4.22898 4.13055 4.19866 4.36626 4.52913 4.67411 4.57348 4.36433 4.33883 4.35477 4.35452 4.15515 4.02918 4.32650 4.34945 4.10642 3.90245 3.46999 3.46546 3.96533 4.07417 4.14040 4.21745 4.32689 4.29407 4.14744 4.08527 4.21397 4.38618 4.37066 4.25740 3.51560 3.35674 3.25539 2.93271 2.78026 2.76827 2.65744 2.69392 3.04355 2.98326 2.71624 2.53113 2.51557 3.01574 3.38242 3.48346 3.60208 3.93827 4.12925 3.83472
4.33208 3.85380 3.74945 3.94756 3.63237 3.17141 3.46078 3.92225 3.88165 3.68529 3.57192 3.81992 4.32797 4.41281 4.23335 4.08821 4.07857 4.17156 4.27291 4.41807 4.60837 4.68959 4.45617 4.37978 4.39387 4.38368 4.15712 4.06479 4.34492 4.34272 4.11135 3.85930 3.29814 3.28653 3.67243 3.85965 4.10899 4.01513 4.23411 4.38714 4.28216 3.92934 4.06269 4.36845 4.45329 4.36764 3.95024 3.34037 2.96087 2.65110 2.55122 2.81935 2.86400 2.81244 3.23278 3.30533 2.79633 2.63170 2.61960 2.40502 2.46551 3.00118 3.49841 3.82328 4.04424 3.83382
