mrvbf_slope1.1_pctl0.6.asc
NCOLS 410
NROWS 410
XLLCORNER 2398750.0000000000000000
YLLCORNER 2548750.0000000000000000
CELLSIZE 250.0000000000000000
NODATA_VALUE -99999.00000
[rows 232 to 260 of 410, columns 0 to 65 of 410]
-99999.00000 -99999.00000 -99999.00000 -99999.00000 -99999.00000 7.64091 7.64879 7.65297 7.64859 7.65179 7.66320 7.67251 7.67355 7.67369 7.67551 7.67436 7.66973 7.66800 7.66077 7.66448 7.66148 7.66233 7.66952 7.67548 7.67705 7.67818 7.67309 7.65562 7.64299 7.65584 7.67216 7.67688 7.67792 7.67730 7.67451 7.66758 7.65808 7.65179 7.65004 7.65223 7.65581 7.65878 7.65960 7.65791 7.65378 7.65347 7.66007 7.66321 7.65918 7.65016 7.64830 7.66255 7.67288 7.67273 7.66829 7.66404 7.66090 7.65818 7.65648 7.65440 7.64683 7.63725 7.64011 7.65463 7.66474 7.66789
-99999.00000 -99999.00000 -99999.00000 -99999.00000 -99999.00000 7.65096 7.65789 7.65297 7.64284 7.64508 7.65841 7.66808 7.66791 7.67195 7.66780 7.67150 7.66830 7.65955 7.65401 7.66145 7.67195 7.66911 7.66783 7.67053 7.67481 7.67905 7.67390 7.65763 7.65087 7.66228 7.67240 7.67551 7.67662 7.67619 7.67214 7.66464 7.65903 7.65948 7.66276 7.66468 7.66471 7.66498 7.66470 7.66242 7.65629 7.65173 7.65256 7.65599 7.65237 7.64375 7.64679 7.65719 7.66903 7.67124 7.67006 7.66636 7.66156 7.65842 7.65539 7.64853 7.63692 7.62775 7.63442 7.65022 7.65917 7.66485
-99999.00000 -99999.00000 -99999.00000 -99999.00000 -99999.00000 7.65902 7.66459 7.65507 7.64197 7.64133 7.65396 7.66473 7.66739 7.66556 7.66166 7.66022 7.65994 7.64831 7.64398 7.65094 7.66401 7.67425 7.67060 7.66791 7.67227 7.67841 7.67508 7.66082 7.65179 7.65642 7.66350 7.66857 7.67177 7.67249 7.66626 7.65864 7.65725 7.65947 7.66453 7.66587 7.66553 7.66467 7.66352 7.66181 7.65800 7.65316 7.64905 7.64879 7.64548 7.64039 7.64315 7.65926 7.66587 7.66810 7.66981 7.66598 7.65976 7.65533 7.65224 7.64156 7.62444 7.61487 7.62443 7.63938 7.64751 7.65587
-99999.00000 -99999.00000 -99999.00000 -99999.00000 -99999.00000 7.65243 7.66207 7.65292 7.64288 7.63983 7.65025 7.66155 7.65957 7.65235 7.63951 7.63390 7.64354 7.63830 7.64027 7.64883 7.65252 7.66869 7.66469 7.66038 7.66534 7.67159 7.67088 7.66066 7.64763 7.64240 7.64559 7.65144 7.65827 7.66317 7.65945 7.65489 7.65616 7.65452 7.66229 7.66139 7.65735 7.65373 7.65401 7.65529 7.65425 7.65073 7.64820 7.64782 7.64411 7.64117 7.64732 7.65819 7.66124 7.66345 7.66785 7.66223 7.65432 7.64838 7.64717 7.63681 7.61503 7.60782 7.62110 7.63363 7.63894 7.64546
-99999.00000 -99999.00000 -99999.00000 -99999.00000 -99999.00000 7.62834 7.65369 7.64897 7.64346 7.64007 7.64557 7.65312 7.64853 7.62872 7.60825 7.61542 7.62769 7.63920 7.65311 7.64967 7.64990 7.65235 7.64375 7.64701 7.65687 7.66352 7.66442 7.65952 7.65030 7.63934 7.63391 7.63445 7.64194 7.65213 7.65833 7.65855 7.65604 7.64999 7.65234 7.64829 7.63976 7.63467 7.63933 7.64492 7.64519 7.64309 7.64529 7.64881 7.64503 7.64402 7.65243 7.65697 7.65486 7.65653 7.66308 7.65557 7.64889 7.64861 7.64656 7.63515 7.60774 7.61073 7.63483 7.64043 7.64058 7.64352
-99999.00000 -99999.00000 -99999.00000 -99999.00000 -99999.00000 7.59546 7.63370 7.64322 7.64266 7.64091 7.64519 7.64749 7.63777 7.61962 7.61590 7.63415 7.63518 7.65031 7.65866 7.65223 7.65170 7.63173 7.62385 7.63852 7.65432 7.66177 7.66324 7.66096 7.65451 7.64422 7.63580 7.63186 7.63502 7.64548 7.65877 7.65729 7.65273 7.64348 7.64180 7.63796 7.62952 7.62574 7.62855 7.63536 7.63654 7.63576 7.63987 7.64874 7.64947 7.64835 7.65434 7.65523 7.65215 7.64862 7.65486 7.64898 7.64672 7.64901 7.64334 7.63283 7.60733 7.61777 7.64820 7.64848 7.64745 7.65025
-99999.00000 -99999.00000 -99999.00000 -99999.00000 -99999.00000 7.61112 7.63382 7.63603 7.63354 7.63597 7.64604 7.65120 7.64169 7.63613 7.64697 7.65506 7.65341 7.65705 7.65390 7.64985 7.63900 7.61779 7.62661 7.64233 7.65788 7.66679 7.66864 7.66633 7.66028 7.65227 7.64654 7.64066 7.63609 7.64113 7.65432 7.65037 7.64806 7.64238 7.63984 7.63919 7.63569 7.63709 7.62960 7.62988 7.63151 7.63226 7.63272 7.64216 7.65243 7.64802 7.65198 7.65178 7.64980 7.64507 7.64813 7.64523 7.64393 7.64350 7.63545 7.62976 7.61540 7.62890 7.65377 7.65223 7.65259 7.65427
-99999.00000 -99999.00000 -99999.00000 -99999.00000 -99999.00000 7.54819 7.60294 7.62613 7.62110 7.62220 7.64160 7.65515 7.64768 7.64932 7.66153 7.66201 7.66206 7.66208 7.65174 7.64533 7.62691 7.62056 7.64721 7.65233 7.66176 7.67203 7.67431 7.67122 7.66392 7.65700 7.65230 7.64440 7.63784 7.63902 7.64804 7.64405 7.63986 7.64278 7.64467 7.64864 7.64828 7.65007 7.64220 7.63497 7.63501 7.63473 7.62749 7.63054 7.64769 7.64769 7.64739 7.65204 7.65077 7.64623 7.64776 7.64502 7.64298 7.64483 7.64183 7.63963 7.62831 7.63591 7.65358 7.65243 7.64869 7.64927
-99999.00000 -99999.00000 -99999.00000 -99999.00000 -99999.00000 7.56790 7.61991 7.61833 7.62709 7.60905 7.63049 7.65431 7.64999 7.65258 7.66538 7.66600 7.66293 7.66246 7.65356 7.64120 7.62968 7.63899 7.65667 7.66071 7.66746 7.67499 7.67624 7.67143 7.66239 7.65689 7.65106 7.64368 7.63818 7.63662 7.64120 7.63693 7.63823 7.64829 7.65212 7.65536 7.65430 7.65218 7.65169 7.64657 7.64615 7.64479 7.63319 7.62495 7.63884 7.64629 7.64435 7.65002 7.65069 7.64643 7.64804 7.64872 7.64947 7.65213 7.65222 7.65243 7.63413 7.63153 7.64825 7.65513 7.65130 7.64982
-99999.00000 -99999.00000 -99999.00000 -99999.00000 -99999.00000 7.63052 7.62487 7.62965 7.62985 7.60520 7.61439 7.64687 7.65077 7.65382 7.66534 7.66867 7.66389 7.66383 7.65664 7.64532 7.64755 7.65978 7.66478 7.66706 7.67306 7.67747 7.67636 7.66833 7.65911 7.65953 7.65357 7.64546 7.63717 7.63227 7.63854 7.64182 7.64831 7.65705 7.65539 7.65723 7.65594 7.65143 7.65313 7.65260 7.65208 7.65081 7.64067 7.62928 7.63525 7.64382 7.64338 7.65036 7.65120 7.64579 7.64659 7.65286 7.65807 7.65549 7.65490 7.65377 7.64122 7.62790 7.63234 7.64713 7.65452 7.65217
-99999.00000 -99999.00000 -99999.00000 -99999.00000 -99999.00000 7.65250 7.64715 7.64881 7.64304 7.61847 7.60089 7.63332 7.65119 7.65715 7.66402 7.66842 7.66346 7.65946 7.65911 7.65713 7.66243 7.66883 7.66895 7.67165 7.67589 7.67704 7.67320 7.66462 7.66152 7.66522 7.66251 7.65666 7.64778 7.64101 7.64798 7.65672 7.66101 7.66104 7.65698 7.65336 7.64730 7.64676 7.65367 7.65338 7.64755 7.64484 7.63889 7.63004 7.63203 7.64101 7.64539 7.65137 7.65399 7.64900 7.64704 7.65209 7.65703 7.65369 7.64321 7.63243 7.63460 7.63451 7.62328 7.62632 7.63970 7.64379
-99999.00000 -99999.00000 -99999.00000 -99999.00000 -99999.00000 7.65561 7.65339 7.64786 7.64112 7.63088 7.60946 7.62689 7.65136 7.66047 7.66093 7.66263 7.65986 7.65466 7.66045 7.66101 7.66469 7.66723 7.66884 7.67326 7.67576 7.67421 7.66859 7.66255 7.66589 7.66477 7.65967 7.65779 7.65348 7.64925 7.65832 7.66500 7.66533 7.66450 7.65833 7.64762 7.64200 7.65023 7.65921 7.65629 7.64796 7.64380 7.63747 7.62994 7.63143 7.64128 7.65151 7.65603 7.65951 7.65733 7.65280 7.65411 7.65546 7.64735 7.63359 7.62664 7.61987 7.62465 7.60457 7.60651 7.62925 7.63417
-99999.00000 -99999.00000 -99999.00000 -99999.00000 -99999.00000 7.66177 7.65699 7.63751 7.63281 7.62884 7.62084 7.62682 7.64649 7.65991 7.65745 7.65186 7.64919 7.64940 7.65384 7.65672 7.66138 7.66063 7.66389 7.67000 7.67199 7.67062 7.66476 7.66130 7.66667 7.65892 7.65881 7.65819 7.65576 7.66058 7.66726 7.66286 7.65797 7.66067 7.65747 7.65192 7.65386 7.65564 7.65886 7.65197 7.65165 7.65565 7.65009 7.63921 7.63723 7.64631 7.65921 7.66099 7.65964 7.65794 7.65692 7.65597 7.65594 7.64943 7.64015 7.63605 7.62980 7.62225 7.60588 7.61777 7.64372 7.64241
-99999.00000 -99999.00000 -99999.00000 -99999.00000 -99999.00000 7.66571 7.66093 7.63940 7.60870 7.61867 7.61808 7.62039 7.63802 7.65361 7.64992 7.63748 7.64135 7.64983 7.64802 7.65718 7.66147 7.65780 7.65492 7.66248 7.66843 7.66747 7.66391 7.66418 7.66202 7.65696 7.66205 7.66628 7.66772 7.67112 7.66740 7.65622 7.65740 7.65919 7.66247 7.66001 7.65895 7.65747 7.66181 7.65680 7.64738 7.65374 7.66061 7.65135 7.64472 7.64834 7.65962 7.66537 7.66277 7.65652 7.65964 7.65704 7.65488 7.64815 7.63591 7.63378 7.63873 7.63761 7.62600 7.63305 7.65355 7.65531
-99999.00000 -99999.00000 -99999.00000 -99999.00000 -99999.00000 7.66738 7.65979 7.63661 7.61727 7.60983 7.59740 7.60319 7.62719 7.64326 7.63485 7.62439 7.64369 7.65441 7.65302 7.65841 7.66064 7.65752 7.65321 7.65661 7.66594 7.66557 7.66592 7.66562 7.65925 7.66026 7.66598 7.66790 7.66908 7.67105 7.66880 7.65821 7.65237 7.66094 7.66479 7.66208 7.65968 7.66228 7.66667 7.66566 7.65402 7.65163 7.66082 7.65510 7.64670 7.64942 7.66087 7.66694 7.66299 7.65157 7.65795 7.65384 7.65327 7.64250 7.63247 7.63728 7.64155 7.64095 7.63774 7.63612 7.64763 7.65544
-99999.00000 -99999.00000 -99999.00000 -99999.00000 -99999.00000 7.66539 7.65368 7.63912 7.63947 7.62511 7.59213 7.58802 7.61327 7.62004 7.60976 7.62077 7.64686 7.65446 7.65347 7.65548 7.65508 7.65513 7.65437 7.65327 7.65948 7.66072 7.66487 7.66167 7.65630 7.65930 7.66490 7.66563 7.66263 7.66167 7.66252 7.66148 7.65714 7.66064 7.66425 7.66386 7.66300 7.66475 7.66606 7.66567 7.65766 7.65348 7.66077 7.65502 7.64734 7.65228 7.66078 7.66240 7.65165 7.64334 7.65512 7.65413 7.65573 7.63950 7.63254 7.63896 7.64080 7.63227 7.63746 7.64878 7.65152 7.64805
-99999.00000 -99999.00000 -99999.00000 -99999.00000 -99999.00000 7.66279 7.65269 7.63864 7.63914 7.63809 7.60329 7.58824 7.60645 7.60678 7.61193 7.64045 7.64725 7.65055 7.64975 7.64842 7.64762 7.65437 7.65603 7.65594 7.65470 7.65529 7.65962 7.65739 7.64321 7.64197 7.65320 7.65722 7.65073 7.64347 7.64201 7.64726 7.65469 7.65967 7.65818 7.65711 7.66109 7.66009 7.65588 7.65619 7.65388 7.65107 7.65875 7.65352 7.64948 7.65241 7.65122 7.64917 7.64143 7.64372 7.64678 7.65242 7.65691 7.64038 7.62823 7.63096 7.63811 7.63991 7.64094 7.65030 7.65615 7.65467
-99999.00000 -99999.00000 -99999.00000 -99999.00000 -99999.00000 7.65529 7.64445 7.63443 7.64449 7.64557 7.62871 7.61253 7.62026 7.62450 7.63423 7.64829 7.64812 7.64838 7.65102 7.64631 7.64739 7.65104 7.65527 7.66160 7.65856 7.65556 7.65237 7.65015 7.63483 7.62506 7.63395 7.63946 7.63198 7.62710 7.62825 7.63386 7.64432 7.65070 7.64623 7.64435 7.64685 7.64566 7.64315 7.64162 7.64339 7.64347 7.65355 7.64914 7.65006 7.65263 7.64433 7.64097 7.64419 7.65140 7.64338 7.65379 7.65905 7.64214 7.62578 7.62808 7.63942 7.65248 7.65761 7.65605 7.65079 7.65267
-99999.00000 -99999.00000 -99999.00000 -99999.00000 -99999.00000 7.64238 7.63719 7.63570 7.64700 7.64357 7.63688 7.63386 7.63941 7.64256 7.64369 7.64643 7.64999 7.64672 7.64854 7.64690 7.64654 7.64805 7.65853 7.66595 7.65974 7.65375 7.65282 7.64721 7.64135 7.62780 7.62336 7.62257 7.61982 7.62467 7.63199 7.63579 7.64293 7.64648 7.64413 7.64527 7.64033 7.64079 7.64277 7.63758 7.63265 7.63736 7.64598 7.64243 7.64601 7.64746 7.64157 7.63802 7.64338 7.65113 7.64131 7.65234 7.65466 7.63627 7.62521 7.63319 7.64249 7.65364 7.66416 7.66354 7.65410 7.64483
-99999.00000 -99999.00000 -99999.00000 -99999.00000 -99999.00000 7.63687 7.63839 7.63930 7.64553 7.64333 7.63766 7.64045 7.64863 7.65264 7.65287 7.65395 7.65525 7.65161 7.64537 7.63765 7.63732 7.65223 7.66465 7.66724 7.66110 7.65003 7.64816 7.64512 7.64500 7.64438 7.63160 7.62117 7.62223 7.62959 7.63178 7.63593 7.64685 7.65013 7.64893 7.65176 7.64752 7.64689 7.64700 7.64176 7.63414 7.63580 7.63666 7.63504 7.64153 7.64102 7.63489 7.63450 7.63419 7.63526 7.63761 7.64574 7.63671 7.62182 7.62613 7.64277 7.64857 7.65238 7.66191 7.66593 7.66161 7.64958
-99999.00000 -99999.00000 -99999.00000 -99999.00000 -99999.00000 7.64682 7.64590 7.64187 7.63161 7.64152 7.64037 7.64220 7.65228 7.65842 7.65944 7.66115 7.65977 7.65685 7.64564 7.62938 7.63618 7.65571 7.66388 7.66298 7.65215 7.63699 7.63750 7.63928 7.64366 7.64710 7.63681 7.62883 7.63425 7.63645 7.62692 7.63211 7.64894 7.65106 7.64861 7.65067 7.64973 7.64893 7.64588 7.64074 7.63902 7.64132 7.63353 7.63183 7.64111 7.63752 7.63230 7.63678 7.62592 7.62415 7.64193 7.63630 7.62282 7.61990 7.63025 7.64618 7.65387 7.65228 7.65824 7.66491 7.65653 7.64910
-99999.00000 -99999.00000 -99999.00000 -99999.00000 -99999.00000 7.65597 7.65399 7.63496 7.63765 7.63138 7.63828 7.64316 7.65340 7.65949 7.66255 7.66451 7.66080 7.65613 7.63926 7.62990 7.63436 7.64417 7.65384 7.65249 7.63840 7.63101 7.63900 7.64050 7.63557 7.63807 7.63377 7.63703 7.64488 7.63735 7.62472 7.63269 7.64911 7.64706 7.64276 7.64341 7.64303 7.64270 7.64103 7.63893 7.64217 7.64708 7.63586 7.63253 7.64320 7.64007 7.63662 7.64210 7.61937 7.62368 7.63794 7.63008 7.62599 7.62925 7.63888 7.64252 7.65293 7.65166 7.65559 7.66130 7.65341 7.65201
-99999.00000 -99999.00000 -99999.00000 -99999.00000 -99999.00000 7.65402 7.65335 7.64120 7.62903 7.64182 7.64760 7.64526 7.65347 7.66086 7.66541 7.66579 7.66042 7.65530 7.64060 7.63511 7.63537 7.63604 7.64382 7.64819 7.63774 7.63540 7.64225 7.64482 7.63454 7.62788 7.63161 7.64282 7.64519 7.63567 7.62760 7.63510 7.64506 7.63942 7.63428 7.63494 7.63484 7.63449 7.63574 7.63889 7.64433 7.64860 7.63938 7.63415 7.64324 7.64308 7.63945 7.64546 7.62238 7.62054 7.63296 7.63152 7.62995 7.63180 7.63808 7.64216 7.64640 7.64797 7.65453 7.65888 7.65454 7.65146
-99999.00000 -99999.00000 -99999.00000 -99999.00000 -99999.00000 7.65519 7.65507 7.64435 7.64041 7.64114 7.63862 7.64258 7.65317 7.66164 7.66559 7.66526 7.65905 7.65343 7.64518 7.63760 7.64047 7.64087 7.64368 7.64911 7.63777 7.63344 7.64255 7.64666 7.64171 7.63035 7.63101 7.63886 7.64130 7.63648 7.62959 7.63211 7.63621 7.63210 7.63080 7.63472 7.63447 7.63188 7.63288 7.63676 7.64127 7.64333 7.63689 7.63069 7.63812 7.64442 7.63728 7.63978 7.62896 7.62852 7.62887 7.62493 7.62729 7.63332 7.63639 7.64251 7.64435 7.64540 7.64778 7.65170 7.65242 7.65167
-99999.00000 -99999.00000 -99999.00000 -99999.00000 -99999.00000 7.64310 7.64298 7.64175 7.64533 7.63619 7.63550 7.64481 7.65563 7.66133 7.66393 7.66294 7.65515 7.64980 7.64486 7.63022 7.63262 7.63721 7.64052 7.64405 7.63471 7.63178 7.64409 7.64606 7.64100 7.63623 7.63731 7.63406 7.63638 7.63633 7.62609 7.61854 7.62538 7.63326 7.63620 7.63938 7.63902 7.63404 7.63179 7.63512 7.64002 7.64114 7.63420 7.62544 7.63046 7.64448 7.64097 7.63670 7.63431 7.63613 7.61908 7.60480 7.60612 7.62220 7.63401 7.63659 7.64010 7.64011 7.63890 7.64113 7.64646 7.65281
-99999.00000 -99999.00000 -99999.00000 -99999.00000 -99999.00000 7.63825 7.64153 7.63971 7.62660 7.63527 7.64618 7.64548 7.64793 7.65455 7.65937 7.65930 7.65109 7.64785 7.64800 7.62946 7.61513 7.61491 7.62554 7.63707 7.63725 7.63647 7.64280 7.64477 7.64479 7.64330 7.64628 7.63679 7.63547 7.63763 7.62476 7.61094 7.61897 7.63756 7.64122 7.63557 7.63456 7.63475 7.63572 7.63982 7.64505 7.64493 7.63545 7.62217 7.62076 7.63484 7.64366 7.64193 7.63376 7.62030 7.60074 7.59779 7.60124 7.60019 7.61196 7.62460 7.63497 7.63456 7.64043 7.64069 7.64251 7.64990
-99999.00000 -99999.00000 -99999.00000 -99999.00000 -99999.00000 7.64115 7.63686 7.62378 7.62719 7.62961 7.64201 7.64790 7.64358 7.63995 7.64642 7.65212 7.64537 7.64382 7.64470 7.63496 7.62540 7.61967 7.62188 7.63776 7.64597 7.64266 7.63870 7.63694 7.63950 7.64074 7.64782 7.63880 7.63404 7.63575 7.62594 7.62173 7.61581 7.63240 7.64499 7.63586 7.62686 7.63297 7.64240 7.64451 7.64726 7.64649 7.64003 7.62504 7.61786 7.62574 7.63101 7.62298 7.60755 7.60018 7.60318 7.61406 7.62299 7.61031 7.60356 7.62007 7.64010 7.63551 7.64197 7.64753 7.64425 7.64578
-99999.00000 -99999.00000 -99999.00000 -99999.00000 -99999.00000 7.63971 7.63756 7.63223 7.61848 7.62916 7.63575 7.64628 7.64507 7.63477 7.63173 7.63675 7.63610 7.64060 7.64005 7.64027 7.64190 7.62935 7.62678 7.64118 7.65165 7.64816 7.63924 7.62703 7.62563 7.63929 7.64769 7.64118 7.63256 7.63132 7.62997 7.63144 7.61747 7.62611 7.64273 7.63715 7.62595 7.63126 7.64151 7.64303 7.64787 7.64557 7.64138 7.63377 7.62449 7.62831 7.62837 7.61864 7.61422 7.61962 7.62914 7.63026 7.63394 7.63240 7.62357 7.62197 7.63809 7.63947 7.63741 7.64998 7.64868 7.64321
-99999.00000 -99999.00000 -99999.00000 -99999.00000 -99999.00000 7.61173 7.63925 7.64445 7.63861 7.63052 7.63381 7.64436 7.64119 7.63823 7.63472 7.62560 7.62831 7.63628 7.63905 7.64099 7.64356 7.62902 7.62945 7.64335 7.65099 7.64815 7.63843 7.62150 7.62328 7.63649 7.64203 7.64419 7.63722 7.63209 7.63298 7.63200 7.61859 7.61849 7.63283 7.63497 7.63102 7.63428 7.64054 7.64661 7.65126 7.64615 7.64263 7.64023 7.63302 7.63588 7.63633 7.63287 7.63238 7.63290 7.63534 7.63427 7.63687 7.64136 7.63779 7.62923 7.63935 7.64433 7.63925 7.64084 7.64791 7.64519
