mrvbf_slope0.6_pctl1.3.asc
NCOLS 410
NROWS 410
XLLCORNER 2398750.0000000000000000
YLLCORNER 2548750.0000000000000000
CELLSIZE 250.0000000000000000
NODATA_VALUE -99999.00000
[rows 261 to 289 of 410, columns 264 to 329 of 410]
2.43140 2.61754 3.12743 3.28673 3.22065 2.69052 2.16111 1.81760 1.62141 2.33440 2.87174 2.99532 2.54250 1.81215 2.65523 3.30546 3.35921 3.32672 3.32038 3.23395 3.26154 3.26558 3.27325 3.45843 3.47562 3.33941 3.20772 2.95477 3.13272 3.05286 2.73501 3.05590 3.32982 3.16107 2.74134 2.84974 3.22171 3.26343 3.17120 3.23197 3.32822 3.43301 3.36380 3.33225 3.28856 3.24124 3.27786 3.27199 3.29448 3.30323 3.26144 3.17073 3.36777 3.66860 3.86277 3.80543 3.61388 3.39392 3.20629 3.08395 2.99328 2.90612 2.82076 2.63764 2.31580 1.92685
1.96111 2.70460 3.26646 3.44385 3.47030 3.02718 2.29980 2.14999 2.86170 3.13215 3.16550 3.16466 2.66307 1.43760 2.29261 3.19285 3.37300 3.24935 2.92288 2.81440 3.20002 3.14349 3.29066 3.57158 3.62914 3.47680 3.32155 3.07466 3.11040 3.17458 2.96344 3.05776 3.35869 3.37928 3.01822 2.95356 3.28564 3.29214 3.27451 3.25192 3.35402 3.45861 3.37530 3.27310 3.24649 3.34740 3.41900 3.37050 3.37213 3.28007 3.25509 3.26760 3.30581 3.56029 3.62675 3.49797 3.35699 3.20045 3.01009 2.83936 2.74684 2.71917 2.77894 2.75851 2.38826 2.02566
1.21441 2.39311 3.08006 3.42822 3.54844 3.17813 2.39521 2.19281 3.09709 3.16223 3.01691 2.92969 2.16663 1.45103 2.44604 3.28366 3.28131 2.86076 2.44303 2.66515 2.85907 2.96970 3.26630 3.54132 3.63365 3.54870 3.40230 3.13577 2.92444 2.95402 3.08872 3.31719 3.40013 3.43562 3.19903 2.99111 3.28243 3.41582 3.36822 3.45826 3.48137 3.52117 3.42818 3.31564 3.28751 3.31642 3.36506 3.29709 3.27641 3.10118 3.08283 3.23282 3.15720 3.26809 3.20589 3.14375 3.09780 3.02125 2.89014 2.77280 2.72687 2.77004 2.90715 3.00858 2.50931 2.20921
1.64827 2.26222 2.91652 3.38725 3.51195 3.07622 2.28781 2.38120 3.20219 3.03958 2.85921 3.05389 2.84387 2.70502 2.83178 2.91029 2.65178 2.40765 2.53202 3.15305 2.82165 2.69787 2.95830 3.29254 3.39565 3.35842 3.27804 3.14470 2.95401 2.95572 3.20648 3.43989 3.46495 3.38667 3.28316 2.99517 3.27046 3.54663 3.48438 3.50158 3.48667 3.49558 3.47652 3.34173 3.22932 3.06823 2.99732 3.01399 2.82330 2.86206 2.97636 3.07606 2.91595 2.89483 2.89645 2.91530 2.91452 2.87587 2.79004 2.73042 2.73870 2.79740 2.93088 2.98619 2.51903 2.24832
1.56101 2.66231 2.98886 3.31231 3.39508 2.94543 2.40142 2.75489 3.16300 2.98591 2.08809 2.84793 3.36005 3.41299 3.20032 2.43392 1.85898 2.19124 3.02679 3.29850 3.27654 3.07049 2.77077 2.88500 3.05319 3.16868 3.30459 3.34252 3.30069 3.28703 3.28846 3.43467 3.52001 3.39337 3.30996 3.03954 3.28614 3.51614 3.42270 3.44839 3.41006 3.42426 3.41548 3.28937 3.21436 3.13387 3.03001 2.93812 2.73288 2.75111 2.65310 2.85972 2.76732 2.77877 2.81947 2.83049 2.81415 2.77398 2.71499 2.68769 2.68259 2.64403 2.72147 2.69805 2.42077 2.25609
2.71226 3.05020 3.18057 3.36495 3.38521 3.11189 2.90984 2.71696 2.76461 2.90394 2.30090 3.01197 3.58910 3.62245 3.14892 2.28517 2.74405 3.06158 3.07909 3.16929 3.36648 3.43569 3.23354 2.85644 2.77114 3.03595 3.36459 3.48258 3.50839 3.39528 3.31477 3.44896 3.60408 3.49199 3.32572 3.17417 3.39180 3.51021 3.40551 3.44407 3.48642 3.42040 3.30021 3.27981 3.32375 3.35712 3.20503 3.15030 2.97139 2.61671 2.69712 2.88317 2.84914 2.86095 2.86772 2.83080 2.78312 2.73865 2.70796 2.71795 2.72991 2.58043 2.56812 2.51395 2.35530 2.26531
3.16485 3.26453 3.33291 3.49444 3.48500 3.36575 3.26641 3.15237 2.93932 3.00899 3.05669 3.32865 3.66939 3.54040 3.00408 2.75870 3.34815 3.09487 2.98656 3.33260 3.46100 3.43515 3.36261 3.21364 3.03724 3.00428 3.29201 3.51099 3.57957 3.44450 3.32277 3.40191 3.57935 3.54000 3.35941 3.26352 3.44209 3.44390 3.32308 3.42903 3.52198 3.37162 3.19952 3.27229 3.33851 3.32715 3.06217 2.92538 2.76423 2.65656 2.85128 3.04158 3.09815 3.06911 2.96041 2.88634 2.82112 2.78000 2.78258 2.83639 2.86774 2.65007 2.55718 2.43427 2.27823 2.14908
3.12071 3.09971 3.18709 3.42990 3.44905 3.43106 3.47145 3.48002 3.32573 3.23917 3.32405 3.43075 3.58886 3.39407 2.99833 3.22094 3.39504 2.94570 3.13783 3.51090 3.55730 3.42090 3.39060 3.50923 3.47719 3.32906 3.31432 3.45320 3.50823 3.47034 3.37786 3.38457 3.51364 3.45985 3.34258 3.16425 3.27444 3.14135 3.04553 3.29372 3.46245 3.23498 3.13505 3.28211 3.36313 3.21774 2.87045 2.64609 2.50413 2.66289 2.69526 2.98417 3.26468 3.18204 3.05501 3.02160 2.92748 2.81706 2.75321 2.72302 2.69366 2.58129 2.48583 2.33982 2.18001 2.05346
3.33667 3.20929 3.12684 3.34815 3.38093 3.47387 3.46754 3.53048 3.50815 3.40213 3.40853 3.50307 3.53418 3.37217 3.27337 3.36521 3.29645 3.01141 3.34111 3.62821 3.66466 3.45266 3.33181 3.51469 3.54348 3.37988 3.31569 3.39582 3.43450 3.41756 3.39493 3.45248 3.57110 3.49044 3.40375 3.24695 3.15515 2.95204 3.02780 3.09651 3.28904 3.06905 3.13948 3.16387 3.24098 3.04723 2.94757 2.91479 2.74668 2.59745 2.71231 2.92801 3.09852 3.01799 3.02388 3.00873 2.82543 2.63557 2.51556 2.43524 2.36498 2.28912 2.24152 2.19230 2.15987 2.17514
3.41850 3.28750 3.23594 3.40888 3.44257 3.48227 3.51519 3.57663 3.66419 3.57354 3.54531 3.66276 3.62729 3.45584 3.34299 3.35028 3.32515 3.32975 3.50756 3.75519 3.81585 3.56820 3.39945 3.46294 3.51370 3.39050 3.35255 3.41836 3.45079 3.43560 3.45437 3.52866 3.61053 3.53891 3.46499 3.43381 3.23049 3.11531 3.25197 3.05407 3.14922 3.04935 3.14009 3.05545 2.92269 2.92674 2.97572 2.81286 2.82518 2.82389 2.76152 2.66026 2.62492 2.64906 2.76489 2.70810 2.53843 2.38434 2.23504 2.10953 1.98926 1.90941 1.93201 2.02843 2.17181 2.35818
3.44666 3.30505 3.27870 3.44353 3.49480 3.48415 3.54018 3.64868 3.81577 3.80944 3.78230 3.86189 3.76030 3.58343 3.47918 3.44758 3.46273 3.52131 3.64407 3.86526 3.94207 3.67891 3.49192 3.48591 3.51165 3.43775 3.43065 3.47600 3.47804 3.45491 3.48356 3.50329 3.49474 3.49425 3.50327 3.42863 3.25966 3.25329 3.36298 3.11692 3.06879 3.11281 3.00923 2.87370 2.68428 2.65725 2.59542 2.67898 2.69032 2.66158 2.55808 2.43651 2.36433 2.37428 2.44797 2.44276 2.28439 2.08979 1.97039 1.88312 1.74015 1.59398 1.65163 1.83922 1.99926 2.15574
3.40041 3.24898 3.17621 3.35381 3.48064 3.51269 3.55756 3.67596 3.81158 3.90393 3.95413 3.92333 3.79517 3.67654 3.62468 3.59119 3.60445 3.64941 3.66471 3.73401 3.79384 3.64044 3.52166 3.52850 3.49785 3.48661 3.52342 3.53764 3.46520 3.31891 3.24951 3.32083 3.36195 3.35039 3.35828 3.31836 3.24688 3.29661 3.38355 3.18167 3.04310 3.10321 2.79015 2.63539 2.63837 2.38088 2.51538 2.54206 2.81709 2.77488 2.51098 2.31986 2.13112 2.02605 2.10513 2.19711 2.09887 1.93191 1.90427 1.92462 1.75292 1.40766 1.42313 1.71488 1.83783 1.92214
3.29084 3.18706 3.03822 3.13174 3.30441 3.40242 3.47620 3.55663 3.60449 3.66262 3.77682 3.80632 3.74098 3.69910 3.70663 3.69358 3.62584 3.58615 3.55441 3.55298 3.58757 3.60128 3.56291 3.52902 3.52317 3.56897 3.62741 3.58454 3.49043 3.38588 3.31829 3.34029 3.40676 3.38453 3.34287 3.31461 3.28216 3.31851 3.35265 3.18803 2.90599 2.76137 2.63704 2.57669 2.79228 2.63268 2.35282 2.52933 2.76194 2.66579 2.48040 2.34580 2.25202 2.14102 2.04408 2.25191 2.22738 2.00522 2.03500 2.20249 2.10314 1.70568 1.50109 1.81046 1.94164 1.87893
3.20587 3.12504 2.94635 2.91462 3.02741 3.11419 3.20660 3.30301 3.37308 3.46339 3.59508 3.70116 3.68391 3.68657 3.68178 3.60697 3.52855 3.51677 3.51683 3.48613 3.46717 3.52328 3.55650 3.54970 3.59003 3.64325 3.62590 3.56911 3.53876 3.45906 3.40946 3.47813 3.52608 3.50128 3.45874 3.37869 3.28284 3.23136 3.16840 3.02173 2.73141 2.53969 2.51028 2.66177 2.92088 2.96968 2.62568 2.48944 2.61648 2.59214 2.45118 2.40431 2.52052 2.52079 2.49633 2.55443 2.52961 2.49706 2.48809 2.57448 2.46862 2.12195 1.89670 1.99571 2.14763 2.00804
3.19364 3.07907 2.88749 2.75056 2.76071 2.82888 2.93419 3.01184 3.07684 3.19236 3.42252 3.59171 3.66597 3.65880 3.63853 3.52678 3.46353 3.51829 3.55844 3.53074 3.44217 3.39707 3.46695 3.50547 3.55625 3.58258 3.53235 3.48457 3.45841 3.47792 3.48323 3.46931 3.47702 3.49635 3.47016 3.29076 3.09944 2.97756 2.85863 2.75235 2.62435 2.55827 2.49121 2.61042 2.96416 2.89964 2.71362 2.50009 2.50331 2.53115 2.45762 2.48411 2.69360 2.65293 2.76035 2.99404 2.81116 2.76878 2.85213 2.71193 2.21842 1.86877 1.78970 1.89662 1.95846 1.94623
3.10893 2.94510 2.78436 2.66727 2.67717 2.81750 2.96245 3.03130 3.02708 2.98059 3.16047 3.46490 3.60097 3.63017 3.60735 3.50209 3.44443 3.51420 3.56209 3.56499 3.50846 3.35339 3.28052 3.30546 3.38152 3.46821 3.45171 3.41109 3.36729 3.32960 3.31859 3.27399 3.30255 3.34600 3.29748 3.02016 2.82733 2.73684 2.64807 2.61748 2.70215 2.68615 2.57663 2.53851 2.80503 2.80839 2.81050 2.63941 2.52715 2.50516 2.48728 2.56715 2.73398 2.72744 3.03174 3.32383 2.89925 2.74436 2.74363 2.34113 1.60508 1.05580 0.96576 1.40826 1.66703 1.74033
2.71160 2.60755 2.58487 2.65471 2.83861 3.07643 3.22041 3.27297 3.21529 2.97919 2.92706 3.25584 3.46475 3.49396 3.50399 3.49528 3.47346 3.49146 3.51264 3.49757 3.46090 3.37788 3.18237 3.06026 3.05317 3.20545 3.34903 3.31011 3.29650 3.26819 3.21968 3.24433 3.21483 3.20981 3.07315 2.77031 2.63804 2.61764 2.56873 2.64076 2.78916 2.64454 2.69729 2.71807 2.79096 3.01185 2.96236 2.89825 2.73117 2.61128 2.59456 2.75481 2.81833 2.64577 2.78921 3.20066 2.87911 2.67297 2.60966 2.11672 1.40069 1.17268 0.95401 0.66684 0.88025 0.91939
2.16060 2.24163 2.39188 2.58493 2.78811 3.07301 3.30422 3.37857 3.34755 3.17882 2.91471 2.99922 3.21016 3.28078 3.32661 3.39920 3.48367 3.53228 3.53830 3.47651 3.33419 3.22587 3.09171 2.86632 2.68227 2.65850 2.81591 3.11789 3.17394 3.17639 3.27482 3.32347 3.26796 3.21702 2.91867 2.57592 2.42128 2.41209 2.36607 2.65564 2.67590 2.53939 2.54199 2.76389 2.92380 3.19394 3.11659 2.96782 2.92266 2.78591 2.80614 2.91110 2.87037 2.67023 2.72185 3.04634 2.81103 2.53916 2.38900 2.30522 2.07994 1.63597 1.33903 1.34652 1.49426 1.24938
1.96840 2.16622 2.36943 2.50219 2.55652 2.79605 3.12618 3.32790 3.38335 3.32860 3.14715 2.99111 3.06518 3.21966 3.29444 3.31654 3.40073 3.49620 3.54141 3.43219 3.11235 2.90128 2.90747 2.82505 2.66385 2.51422 2.49995 2.75278 2.93252 3.10526 3.23350 3.23097 3.20840 3.19039 2.72012 2.30576 1.98908 2.01209 2.08873 2.34526 2.42338 2.43457 2.47444 2.64271 2.83765 3.01358 2.99592 2.96584 3.02717 2.90380 2.85188 2.87026 2.81611 2.65791 2.74258 2.72748 2.41258 2.19260 2.27338 2.65968 2.72309 2.40896 2.02270 1.73625 1.79281 2.42389
2.66711 2.59293 2.62899 2.67322 2.58775 2.59826 2.84158 3.19512 3.38873 3.32456 3.14357 3.03333 3.10490 3.32543 3.41151 3.32365 3.29532 3.36311 3.39223 3.12885 2.75232 2.79428 3.00430 3.09793 3.11183 3.06281 2.96309 3.00821 3.16671 3.27154 3.20504 3.06155 2.93689 2.85495 2.44403 1.99457 1.94968 2.39395 2.61591 2.38639 2.50109 2.39643 2.38330 2.58662 2.72759 2.81502 2.82764 2.84177 2.93558 2.97269 2.85989 2.74255 2.56475 2.41307 2.46033 2.38257 2.09336 1.92375 2.22196 2.57791 3.13470 3.31425 2.72711 2.08969 1.64758 1.68551
2.97563 2.91378 2.77611 2.91770 2.83741 2.65834 2.69945 2.91789 3.08129 2.96555 2.94457 3.01257 3.06824 3.25712 3.37931 3.28403 3.22448 3.26435 3.23346 2.86646 2.78450 3.12529 3.14961 3.14896 3.18554 3.25678 3.25363 3.31068 3.41570 3.38638 3.24793 2.95759 2.58421 2.30782 2.09100 1.82278 2.28360 2.33075 2.55472 2.59661 2.79979 2.83528 2.72933 2.78506 2.75759 2.72649 2.73157 2.69975 2.73975 2.82112 2.67859 2.48490 2.26211 1.97317 2.11929 2.15059 2.01200 2.14763 2.14238 2.38408 3.07444 3.87069 3.56896 2.50449 1.86589 1.41504
2.97665 2.91272 2.79445 2.97526 2.88726 2.73370 2.76927 2.86967 2.90149 2.92956 3.07561 3.05843 3.03361 3.16794 3.25203 3.24473 3.17598 3.20466 3.19911 2.89964 3.11242 3.22025 3.25778 3.24297 3.31843 3.37872 3.40418 3.42242 3.37824 3.19967 3.10360 2.84892 2.32302 1.67879 1.30636 1.38870 1.86201 2.27156 2.61916 2.96389 3.19198 3.23422 3.09131 2.80422 2.64205 2.57633 2.52462 2.46788 2.47193 2.50423 2.43148 2.25558 2.12061 2.18430 2.05034 2.20174 2.34777 2.57627 2.16263 2.23522 2.67480 3.48295 3.67773 2.86500 2.24166 1.82155
2.69589 3.07113 2.66801 2.44142 2.50874 2.62965 2.85673 3.08278 3.16986 3.26863 3.29201 3.12943 3.08793 3.21345 3.17248 3.19233 3.07095 3.01344 3.12883 2.92787 3.13983 3.17909 3.24671 3.37619 3.49535 3.51181 3.50134 3.43125 3.20784 3.00492 3.02657 2.82006 2.08700 1.25945 1.46909 2.12651 2.12573 2.50070 2.87983 3.30570 3.45573 3.29808 2.96028 2.67755 2.54283 2.44590 2.30799 2.07745 2.03149 2.14122 2.08792 1.93778 1.98502 2.32569 2.35842 2.55405 2.65439 2.81226 2.34715 2.14766 2.28409 2.58342 2.96569 2.97899 2.55968 2.30629
2.70961 2.70969 2.56717 2.41003 2.22519 2.46800 2.83099 3.20422 3.38435 3.41606 3.33390 3.16530 3.12087 3.18602 3.02972 3.01465 2.87921 2.69727 2.73812 2.79233 2.96595 2.97737 2.86317 2.98697 3.36895 3.52554 3.47456 3.31061 3.10722 3.14429 3.04004 2.82940 2.11399 1.57264 2.12317 2.21532 2.45100 2.73545 3.07834 3.41894 3.48698 3.15901 2.77520 2.59802 2.51573 2.43755 2.27737 1.88938 1.64842 1.82758 1.62493 1.30016 1.47387 1.97904 2.27875 2.56813 2.55401 2.81247 2.58379 2.16878 2.05761 2.20174 2.46787 2.69117 2.62133 2.52566
2.66170 2.30488 2.57610 2.90114 2.47408 2.39727 2.71448 3.13851 3.40900 3.43851 3.35736 3.17860 3.02600 2.99107 2.96563 3.01738 2.88687 2.65667 2.57406 2.72148 2.94723 3.01491 2.91758 2.74153 3.01017 3.36531 3.19460 3.00479 3.02484 3.15050 2.92034 2.59784 2.10876 1.75974 2.52164 2.37512 2.46382 2.66594 3.01500 3.39184 3.42017 3.00271 2.64939 2.52002 2.52978 2.63374 2.62496 2.43108 2.08026 1.76197 0.60120 0.48406 0.79994 1.72869 2.14429 2.42442 2.37588 2.54238 2.50989 2.23653 2.05280 2.10307 2.32227 2.51084 2.60161 2.65567
2.50551 2.20953 2.77733 2.94825 2.51837 2.35837 2.58499 2.97343 3.31026 3.37311 3.28289 3.01250 2.77882 2.81174 3.07961 3.08223 2.98745 2.87102 2.74725 2.91137 3.18929 3.28747 3.16301 2.80854 2.94571 3.04703 2.79105 2.76968 2.87775 2.97824 2.67474 2.35535 2.06659 2.37440 2.78242 2.67588 2.52162 2.59167 2.88927 3.30584 3.35201 2.91452 2.55457 2.41276 2.56922 2.77946 2.95284 2.73942 2.28846 1.70403 0.53615 0.53030 0.77439 1.70197 2.06245 2.15642 2.05730 2.12037 2.21056 2.31992 2.27097 2.17324 2.34569 2.52403 2.65742 2.84818
2.53351 2.42374 2.82335 2.86372 2.27242 2.28330 2.48975 2.66357 2.87598 2.91545 2.88847 2.72157 2.56519 2.60215 2.96568 2.95497 2.91396 3.06918 3.04911 3.12445 3.30489 3.34831 3.24185 2.88583 2.88351 2.82967 2.74653 2.96710 3.04963 3.05399 2.78331 2.54899 2.52379 2.84703 2.92418 2.85933 2.58354 2.58853 2.85033 3.23125 3.21141 2.85885 2.48446 2.26034 2.59224 2.75823 3.02458 2.84051 2.44731 1.79176 0.98997 0.96728 0.92239 1.65976 1.90479 1.89541 1.79657 1.89626 2.06560 2.14756 2.10057 2.24125 2.43388 2.59347 2.77336 3.25741
2.65691 2.56673 2.78224 2.94809 2.00812 2.17912 2.37086 2.34940 2.38918 2.49233 2.64715 2.66179 2.59486 2.44650 2.61853 2.78119 2.90094 3.03398 2.98202 3.09337 3.32111 3.31282 3.17794 2.99068 2.91619 2.98820 2.89431 3.03122 3.19220 3.16290 2.83696 2.61894 2.69542 2.89557 2.76924 2.68244 2.53113 2.57148 2.79768 2.92955 2.69478 2.55554 2.38427 2.21790 2.40162 2.55618 2.87636 2.98496 2.51810 2.00835 1.71196 1.81023 1.39523 1.53826 1.83939 2.02452 2.26370 2.25677 2.02966 1.91131 2.09373 2.35005 2.52327 2.67550 2.94294 3.54465
2.68982 2.63744 2.81588 3.02041 2.42154 1.94915 2.11927 2.19600 2.23734 2.41085 2.68054 2.92726 2.95169 2.53249 2.46633 2.66697 3.02086 2.95914 2.96532 3.21301 3.30141 3.15922 3.01994 2.83363 2.97403 2.94423 2.77898 2.78322 2.98092 2.89786 2.70863 2.52642 2.52959 2.50543 2.59823 2.52516 2.42525 2.46426 2.57499 2.50328 2.34919 2.22404 2.07926 1.97578 2.08221 2.07858 2.25182 2.63955 2.32556 1.95213 2.14637 2.19753 1.93321 2.02754 2.30055 2.44547 2.37811 2.18687 1.92783 1.95534 2.25323 2.44851 2.58634 2.73008 3.00517 3.34947
