mrvbf_slope1.3_pctl1.2.asc
NCOLS 410
NROWS 410
XLLCORNER 2398750.0000000000000000
YLLCORNER 2548750.0000000000000000
CELLSIZE 250.0000000000000000
NODATA_VALUE -99999.00000
[rows 290 to 318 of 410, columns 0 to 65 of 410]
-99999.00000 -99999.00000 -99999.00000 -99999.00000 -99999.00000 7.62643 7.62667 7.63538 7.64070 7.63295 7.60823 7.59150 7.59921 7.58176 7.60349 7.62115 7.62351 7.62784 7.62133 7.62627 7.62536 7.62181 7.61678 7.59307 7.60564 7.61053 7.61820 7.61835 7.61732 7.62039 7.61910 7.62384 7.62498 7.62573 7.62115 7.62078 7.62131 7.62214 7.62495 7.62799 7.62837 7.62568 7.62679 7.63227 7.63284 7.62793 7.62334 7.62720 7.62586 7.62408 7.62042 7.61243 7.60824 7.61315 7.61505 7.61313 7.61513 7.61156 7.60724 7.60428 7.60168 7.59989 7.60229 7.60653 7.60770 7.60786
-99999.00000 -99999.00000 -99999.00000 -99999.00000 -99999.00000 7.58740 7.61231 7.63229 7.63931 7.62743 7.59337 7.58714 7.58944 7.59139 7.61310 7.61845 7.62658 7.62880 7.62148 7.62332 7.62779 7.61848 7.60081 7.58703 7.60203 7.61593 7.62074 7.61882 7.61694 7.62178 7.62165 7.62292 7.61981 7.61431 7.60851 7.61264 7.61560 7.61703 7.61716 7.61983 7.62447 7.62202 7.62363 7.63110 7.63266 7.62867 7.62321 7.62713 7.62814 7.62746 7.62265 7.61276 7.60568 7.60999 7.61376 7.61284 7.61418 7.61293 7.60950 7.60573 7.60130 7.59590 7.59559 7.60282 7.60806 7.60854
-99999.00000 -99999.00000 -99999.00000 -99999.00000 -99999.00000 7.53937 7.58750 7.62390 7.63431 7.62047 7.58085 7.58307 7.57341 7.59809 7.62080 7.62111 7.63056 7.62849 7.62489 7.62225 7.62479 7.61263 7.59739 7.59991 7.61440 7.62196 7.62593 7.62252 7.61737 7.62050 7.61579 7.61372 7.60726 7.59997 7.60406 7.61410 7.61938 7.62247 7.62106 7.61698 7.62002 7.62022 7.61725 7.62209 7.62792 7.62791 7.62457 7.62378 7.62629 7.62382 7.61955 7.61148 7.60266 7.60366 7.60959 7.61122 7.61174 7.61013 7.60655 7.60273 7.59979 7.59568 7.59256 7.59794 7.60372 7.60396
-99999.00000 -99999.00000 -99999.00000 -99999.00000 -99999.00000 7.56549 7.58394 7.60205 7.62135 7.61757 7.58796 7.59630 7.57593 7.60847 7.61973 7.62075 7.63066 7.62909 7.62737 7.62641 7.62172 7.61320 7.61120 7.61475 7.62436 7.62368 7.62706 7.62382 7.62043 7.60994 7.60152 7.60278 7.60188 7.60382 7.61379 7.61963 7.62237 7.62657 7.62756 7.62607 7.62567 7.62767 7.62417 7.62127 7.62293 7.62310 7.62496 7.62282 7.62016 7.61886 7.61930 7.61558 7.60810 7.60665 7.61044 7.61113 7.60869 7.60412 7.59832 7.59440 7.59359 7.59176 7.59072 7.59613 7.60173 7.60327
-99999.00000 -99999.00000 -99999.00000 -99999.00000 -99999.00000 7.59799 7.59668 7.58003 7.58446 7.58855 7.59049 7.59522 7.58646 7.61495 7.61614 7.61926 7.62922 7.63058 7.62865 7.62595 7.61607 7.60962 7.61344 7.61990 7.62637 7.62447 7.62824 7.62594 7.61616 7.59541 7.59722 7.60783 7.61418 7.61938 7.62397 7.62338 7.62108 7.62436 7.62694 7.62580 7.62576 7.62613 7.62656 7.62810 7.62782 7.62374 7.62205 7.62071 7.61422 7.61565 7.62068 7.61874 7.61406 7.61488 7.61684 7.61347 7.60687 7.59977 7.59419 7.59176 7.59083 7.58724 7.58768 7.59631 7.60432 7.60779
-99999.00000 -99999.00000 -99999.00000 -99999.00000 -99999.00000 7.59460 7.56600 7.55365 7.58478 7.55664 7.56581 7.60128 7.58709 7.60639 7.62045 7.62194 7.62338 7.62178 7.61795 7.61429 7.60483 7.60721 7.61850 7.62582 7.62485 7.62630 7.62834 7.62322 7.61147 7.59846 7.61170 7.61895 7.62125 7.62419 7.62798 7.62782 7.62182 7.61812 7.61895 7.62108 7.62618 7.62791 7.62777 7.62753 7.62582 7.62295 7.62023 7.61403 7.60921 7.61535 7.62019 7.61596 7.61522 7.62035 7.62155 7.61523 7.60694 7.60279 7.60307 7.60346 7.60029 7.58866 7.58350 7.59614 7.60642 7.60971
-99999.00000 -99999.00000 -99999.00000 -99999.00000 -99999.00000 7.60456 7.59138 7.56934 7.57060 7.52794 7.54794 7.57895 7.59364 7.60370 7.61923 7.62464 7.62037 7.61423 7.60946 7.60628 7.61000 7.61974 7.62561 7.62575 7.62499 7.62856 7.62599 7.62440 7.61886 7.60652 7.60961 7.61599 7.61864 7.62119 7.62451 7.62896 7.62678 7.61800 7.61152 7.61843 7.62890 7.63139 7.62929 7.62399 7.62011 7.61835 7.61468 7.60975 7.61121 7.61876 7.61660 7.61091 7.61711 7.62400 7.62344 7.61569 7.60794 7.60844 7.61269 7.61381 7.60940 7.59045 7.58219 7.59715 7.60540 7.60862
-99999.00000 -99999.00000 -99999.00000 -99999.00000 -99999.00000 7.61636 7.61705 7.59203 7.56392 7.54901 7.57733 7.59636 7.59269 7.60404 7.61269 7.62096 7.62078 7.61778 7.61733 7.61722 7.62289 7.62380 7.62549 7.62661 7.62807 7.62855 7.62361 7.62430 7.62512 7.62193 7.61729 7.61900 7.62353 7.62160 7.62040 7.62784 7.62986 7.62159 7.61257 7.61566 7.62655 7.62904 7.62264 7.61346 7.61056 7.61308 7.61565 7.61414 7.61732 7.62131 7.61249 7.61059 7.62051 7.62555 7.62464 7.61745 7.61118 7.61085 7.61121 7.61150 7.61031 7.59514 7.58370 7.59150 7.59952 7.60438
-99999.00000 -99999.00000 -99999.00000 -99999.00000 -99999.00000 7.61467 7.60761 7.59916 7.58987 7.58453 7.58033 7.59418 7.59042 7.59561 7.60794 7.61837 7.62139 7.62293 7.62289 7.62299 7.62430 7.62783 7.62994 7.63001 7.62747 7.62273 7.62042 7.62548 7.62839 7.62840 7.62681 7.62549 7.62717 7.62194 7.61737 7.62581 7.62916 7.62368 7.61715 7.61635 7.62371 7.62575 7.61703 7.61276 7.61569 7.61846 7.62136 7.61864 7.62062 7.61986 7.60963 7.61005 7.62053 7.62535 7.62486 7.61874 7.61487 7.61590 7.61477 7.61233 7.60789 7.59868 7.58327 7.58495 7.59387 7.59904
-99999.00000 -99999.00000 -99999.00000 -99999.00000 -99999.00000 7.58231 7.59548 7.58922 7.58123 7.55970 7.57005 7.59264 7.58970 7.59301 7.60761 7.62070 7.62512 7.62383 7.62390 7.62436 7.62811 7.63129 7.63162 7.62832 7.62283 7.62028 7.62275 7.62656 7.62822 7.62972 7.62923 7.62865 7.62682 7.62054 7.61395 7.62226 7.62619 7.62242 7.61776 7.61774 7.62428 7.62729 7.61985 7.61719 7.62022 7.62210 7.62223 7.61935 7.62235 7.61919 7.60900 7.60729 7.61755 7.62409 7.62348 7.61598 7.61098 7.61189 7.61349 7.61316 7.60314 7.60150 7.59648 7.59345 7.59829 7.60111
-99999.00000 -99999.00000 -99999.00000 -99999.00000 -99999.00000 7.55220 7.57322 7.57800 7.56679 7.56477 7.58688 7.59623 7.60676 7.61360 7.61555 7.61927 7.62487 7.62765 7.62874 7.62794 7.62924 7.63011 7.63007 7.62611 7.62143 7.62270 7.62560 7.62642 7.62638 7.62729 7.62674 7.62514 7.62637 7.62221 7.61290 7.61649 7.61981 7.61854 7.61541 7.61749 7.62523 7.62886 7.62320 7.62070 7.62342 7.62548 7.62348 7.61998 7.62097 7.61883 7.61176 7.60737 7.61385 7.62144 7.62079 7.61267 7.60878 7.61314 7.61143 7.61467 7.60474 7.59605 7.59539 7.60152 7.60741 7.60902
-99999.00000 -99999.00000 -99999.00000 -99999.00000 -99999.00000 7.54572 7.57891 7.58862 7.56867 7.58566 7.60020 7.60351 7.61359 7.61554 7.61539 7.61899 7.62460 7.62665 7.62609 7.62375 7.62265 7.62433 7.62694 7.62624 7.62129 7.61863 7.62067 7.62353 7.62248 7.62116 7.62209 7.62507 7.62737 7.62536 7.61460 7.60771 7.60730 7.60887 7.61247 7.62009 7.62747 7.62724 7.62054 7.61887 7.62248 7.62520 7.62528 7.62292 7.62042 7.61892 7.61671 7.61168 7.61165 7.61724 7.61805 7.61431 7.61249 7.61167 7.61100 7.61457 7.61114 7.60423 7.60502 7.61032 7.61367 7.61394
-99999.00000 -99999.00000 -99999.00000 -99999.00000 -99999.00000 7.55482 7.58155 7.58853 7.58643 7.60390 7.60588 7.60423 7.61046 7.61356 7.61618 7.62015 7.62043 7.61839 7.61474 7.61176 7.61274 7.61596 7.62083 7.62517 7.62380 7.61810 7.61308 7.61482 7.61690 7.61844 7.62162 7.62491 7.62558 7.62526 7.61989 7.61529 7.61554 7.61710 7.62119 7.62674 7.62883 7.62440 7.61588 7.61647 7.62084 7.62228 7.62386 7.62490 7.62353 7.62155 7.61990 7.61444 7.61143 7.61444 7.61703 7.61781 7.61734 7.61430 7.61519 7.61773 7.61727 7.61623 7.61676 7.61733 7.61674 7.61430
-99999.00000 -99999.00000 -99999.00000 -99999.00000 -99999.00000 7.58419 7.58752 7.58881 7.59968 7.61087 7.60644 7.60221 7.60669 7.61309 7.61730 7.61463 7.60335 7.59546 7.59654 7.60203 7.60752 7.60948 7.61325 7.62097 7.62400 7.61998 7.60851 7.60376 7.61203 7.61943 7.61888 7.61768 7.62182 7.62526 7.62523 7.62651 7.62730 7.62752 7.62762 7.62818 7.62665 7.62046 7.61370 7.61679 7.62049 7.61948 7.62000 7.62193 7.62301 7.62078 7.61836 7.61375 7.61013 7.61201 7.61512 7.61743 7.61840 7.61826 7.61945 7.61953 7.61896 7.61847 7.61807 7.61726 7.61510 7.60939
-99999.00000 -99999.00000 -99999.00000 -99999.00000 -99999.00000 7.60924 7.60593 7.60721 7.61301 7.61379 7.60788 7.60219 7.60201 7.60745 7.61030 7.59772 7.58366 7.58457 7.59384 7.60257 7.60637 7.60531 7.60638 7.61531 7.62050 7.61592 7.60046 7.59615 7.60899 7.61578 7.61135 7.61207 7.61879 7.62199 7.62370 7.62564 7.62748 7.62673 7.62305 7.62270 7.62129 7.61674 7.61362 7.61636 7.61957 7.61902 7.61963 7.61930 7.62101 7.61876 7.61764 7.61381 7.60905 7.60877 7.61060 7.61268 7.61458 7.61673 7.61804 7.61809 7.61778 7.61720 7.61625 7.61465 7.61002 7.60037
-99999.00000 -99999.00000 -99999.00000 -99999.00000 -99999.00000 7.61917 7.61717 7.61695 7.61851 7.61697 7.61398 7.60918 7.60366 7.60439 7.60505 7.59399 7.59396 7.60583 7.60696 7.60879 7.60687 7.60218 7.60116 7.60954 7.61297 7.59999 7.58588 7.59510 7.60892 7.61206 7.60349 7.60106 7.61169 7.61661 7.61850 7.61916 7.62034 7.61838 7.61803 7.62010 7.62025 7.61785 7.61526 7.61621 7.61947 7.62092 7.61822 7.61699 7.61976 7.61694 7.61522 7.61404 7.60949 7.60697 7.60632 7.60591 7.60624 7.61080 7.61399 7.61428 7.61384 7.61324 7.61255 7.61057 7.60254 7.59421
-99999.00000 -99999.00000 -99999.00000 -99999.00000 -99999.00000 7.62371 7.62079 7.61678 7.61531 7.61599 7.61775 7.61737 7.61288 7.61109 7.61190 7.60680 7.60814 7.61112 7.61421 7.61420 7.60764 7.59980 7.59889 7.60427 7.59683 7.57673 7.58166 7.60046 7.61120 7.61358 7.60496 7.58913 7.59411 7.60459 7.60726 7.60661 7.60718 7.61049 7.61792 7.62112 7.62158 7.61888 7.61523 7.61500 7.61797 7.61970 7.61572 7.61540 7.61757 7.61343 7.61064 7.61121 7.60875 7.60680 7.60488 7.60163 7.59674 7.60004 7.60721 7.60777 7.60519 7.60414 7.60515 7.60397 7.59551 7.59505
-99999.00000 -99999.00000 -99999.00000 -99999.00000 -99999.00000 7.62371 7.62271 7.61949 7.61575 7.61473 7.61598 7.61653 7.61508 7.61657 7.61694 7.61321 7.61430 7.61709 7.61787 7.61579 7.60824 7.59973 7.59801 7.59783 7.57925 7.57000 7.59066 7.60402 7.61245 7.61410 7.60828 7.59809 7.59164 7.59760 7.60030 7.59989 7.59958 7.60475 7.61397 7.61923 7.62094 7.61901 7.61449 7.61278 7.61504 7.61695 7.61358 7.61174 7.61138 7.60609 7.60523 7.60743 7.60677 7.60641 7.60570 7.60289 7.59516 7.58779 7.59124 7.59132 7.58857 7.58884 7.59245 7.59610 7.59400 7.59765
-99999.00000 -99999.00000 -99999.00000 -99999.00000 -99999.00000 7.62337 7.62437 7.62243 7.61895 7.61841 7.61794 7.61748 7.61769 7.61828 7.61543 7.61219 7.61518 7.61780 7.61782 7.61567 7.60898 7.59982 7.59275 7.58443 7.57052 7.58060 7.59981 7.60495 7.61220 7.61423 7.60938 7.60856 7.60310 7.60628 7.60698 7.60382 7.60248 7.60306 7.60886 7.61624 7.61897 7.61817 7.61411 7.61081 7.61227 7.61423 7.61212 7.60784 7.60261 7.59919 7.60191 7.60534 7.60584 7.60687 7.60817 7.60708 7.60196 7.59071 7.58218 7.58070 7.58265 7.58251 7.58364 7.59056 7.59629 7.59817
-99999.00000 -99999.00000 -99999.00000 -99999.00000 -99999.00000 7.61985 7.62089 7.61896 7.61846 7.62120 7.62042 7.61862 7.61701 7.61438 7.60958 7.61034 7.61520 7.61662 7.61621 7.61442 7.60988 7.60176 7.59076 7.57701 7.57826 7.59596 7.60301 7.60417 7.60972 7.61238 7.60828 7.61004 7.60655 7.60904 7.60809 7.60584 7.60272 7.59784 7.60710 7.61423 7.61540 7.61435 7.61055 7.60745 7.60865 7.61012 7.60759 7.60058 7.59517 7.59724 7.60256 7.60603 7.60596 7.60750 7.61002 7.60949 7.60633 7.59979 7.59270 7.59252 7.59464 7.59294 7.58849 7.59090 7.59663 7.59457
-99999.00000 -99999.00000 -99999.00000 -99999.00000 -99999.00000 7.61432 7.61551 7.61260 7.61231 7.61669 7.61440 7.60967 7.60614 7.60416 7.60423 7.60993 7.61322 7.61387 7.61316 7.61114 7.60793 7.60293 7.59605 7.59089 7.59582 7.60355 7.60398 7.60127 7.60308 7.60365 7.59761 7.60145 7.60070 7.60822 7.61017 7.60720 7.60268 7.60079 7.60555 7.60551 7.60453 7.60270 7.60046 7.60184 7.60346 7.60241 7.59785 7.59302 7.59516 7.60138 7.60628 7.60740 7.60462 7.60705 7.61088 7.61070 7.60764 7.60314 7.60302 7.60172 7.59929 7.59665 7.59450 7.59437 7.59455 7.58696
-99999.00000 -99999.00000 -99999.00000 -99999.00000 -99999.00000 7.61068 7.61202 7.60743 7.60249 7.60403 7.60084 7.59653 7.59520 7.59668 7.59983 7.60445 7.60737 7.60856 7.60755 7.60477 7.60237 7.60114 7.60029 7.59735 7.59908 7.60362 7.60556 7.60638 7.60319 7.59785 7.59463 7.59088 7.59576 7.60760 7.61164 7.61008 7.60865 7.60818 7.60305 7.59474 7.59165 7.59025 7.59217 7.59937 7.60015 7.59675 7.59439 7.59665 7.60286 7.60676 7.60763 7.60499 7.60347 7.60771 7.61062 7.61067 7.60921 7.60531 7.60429 7.60218 7.60019 7.59915 7.59831 7.59582 7.58889 7.57892
-99999.00000 -99999.00000 -99999.00000 -99999.00000 -99999.00000 7.60815 7.60986 7.60703 7.59987 7.59688 7.59560 7.59526 7.59658 7.59768 7.59738 7.59659 7.59802 7.59937 7.59776 7.59457 7.59304 7.59297 7.59413 7.59669 7.59888 7.60227 7.60439 7.60520 7.60090 7.59440 7.58563 7.59099 7.60192 7.60893 7.61140 7.61150 7.61211 7.60942 7.59884 7.59469 7.59518 7.59474 7.59470 7.59835 7.59748 7.59478 7.59843 7.60425 7.60830 7.60822 7.60550 7.60238 7.60372 7.60764 7.60865 7.60832 7.60806 7.60553 7.60403 7.60178 7.60007 7.60077 7.59753 7.59043 7.58181 7.57626
-99999.00000 -99999.00000 -99999.00000 -99999.00000 -99999.00000 7.60746 7.61106 7.61202 7.60866 7.60490 7.60231 7.60176 7.60194 7.60077 7.59825 7.59435 7.59157 7.58954 7.58645 7.58337 7.58221 7.58253 7.58309 7.58732 7.59290 7.59910 7.60045 7.59837 7.59466 7.58780 7.58415 7.59468 7.59849 7.60165 7.60680 7.61078 7.61166 7.60514 7.59797 7.59921 7.59992 7.59741 7.59407 7.59478 7.59257 7.59341 7.60130 7.60598 7.60720 7.60589 7.60234 7.60080 7.60386 7.60622 7.60470 7.60393 7.60483 7.60370 7.60207 7.60144 7.59870 7.59744 7.59106 7.58295 7.57769 7.57784
-99999.00000 -99999.00000 -99999.00000 -99999.00000 -99999.00000 7.60827 7.61273 7.61402 7.61345 7.61126 7.60747 7.60479 7.60252 7.59970 7.59704 7.59274 7.58664 7.58167 7.57816 7.57615 7.57600 7.57719 7.57818 7.58025 7.58374 7.58986 7.59408 7.59266 7.59601 7.58935 7.58066 7.58702 7.58937 7.58849 7.59564 7.60635 7.60996 7.60788 7.59892 7.59573 7.59608 7.59105 7.58357 7.58222 7.58425 7.59199 7.60081 7.60401 7.60363 7.60161 7.59877 7.59988 7.60385 7.60379 7.60201 7.60215 7.60187 7.60276 7.60014 7.59814 7.59740 7.59295 7.58395 7.57796 7.57738 7.58173
-99999.00000 -99999.00000 -99999.00000 -99999.00000 -99999.00000 7.60439 7.60637 7.60938 7.61065 7.60846 7.60527 7.60255 7.59932 7.59581 7.59337 7.58929 7.58282 7.57825 7.57653 7.57658 7.57712 7.57781 7.57701 7.57528 7.57497 7.57427 7.58058 7.58557 7.58987 7.59258 7.58636 7.58717 7.59100 7.58742 7.58672 7.59815 7.60631 7.60671 7.60167 7.59422 7.58285 7.57315 7.57290 7.57140 7.57826 7.58794 7.59473 7.59813 7.59872 7.59757 7.59723 7.60062 7.60338 7.60286 7.60002 7.59872 7.59906 7.60019 7.59878 7.59679 7.59425 7.58562 7.57631 7.57582 7.58076 7.58700
-99999.00000 -99999.00000 -99999.00000 -99999.00000 -99999.00000 7.59307 7.59895 7.60876 7.60797 7.60188 7.59872 7.59720 7.59483 7.59197 7.59035 7.58817 7.58408 7.58108 7.58110 7.58148 7.58062 7.58185 7.57970 7.57419 7.57372 7.56814 7.56356 7.56711 7.57527 7.58750 7.58898 7.58924 7.59049 7.58215 7.58142 7.59537 7.60191 7.60175 7.59882 7.59161 7.57747 7.57171 7.58061 7.58154 7.58164 7.58404 7.58520 7.58753 7.59198 7.59434 7.59596 7.59851 7.59985 7.59951 7.59786 7.59594 7.59398 7.59434 7.59456 7.59311 7.58783 7.57703 7.57185 7.57740 7.58593 7.59138
-99999.00000 -99999.00000 -99999.00000 -99999.00000 -99999.00000 7.59753 7.60720 7.61201 7.60451 7.59535 7.59259 7.59230 7.59198 7.59132 7.59168 7.59227 7.58988 7.58810 7.58817 7.58768 7.58732 7.59018 7.58807 7.58123 7.57899 7.57642 7.57011 7.56794 7.57154 7.56943 7.58200 7.58858 7.58576 7.57689 7.56795 7.58552 7.59493 7.59456 7.59331 7.58849 7.57615 7.56894 7.57603 7.58461 7.58663 7.58573 7.58054 7.57801 7.58382 7.58669 7.58621 7.58817 7.59121 7.59183 7.58826 7.58330 7.58005 7.58041 7.58281 7.58271 7.57626 7.56989 7.57307 7.58140 7.58880 7.59278
-99999.00000 -99999.00000 -99999.00000 -99999.00000 -99999.00000 7.61059 7.61325 7.60917 7.59891 7.59315 7.59082 7.58904 7.59153 7.59585 7.59790 7.59898 7.59745 7.59603 7.59435 7.59332 7.59697 7.59582 7.59436 7.59120 7.58048 7.57803 7.57885 7.57352 7.57544 7.56684 7.56908 7.58112 7.58026 7.57950 7.56438 7.57436 7.58558 7.58505 7.58269 7.58029 7.56859 7.56368 7.57180 7.58178 7.58769 7.58807 7.58178 7.57624 7.57788 7.57790 7.57476 7.57418 7.57846 7.58165 7.57662 7.57081 7.56825 7.56712 7.56843 7.56827 7.56490 7.56858 7.57732 7.58472 7.58940 7.59196
