mrvbf_slope0.6_pctl0.8.asc
NCOLS 410
NROWS 410
XLLCORNER 2398750.0000000000000000
YLLCORNER 2548750.0000000000000000
CELLSIZE 250.0000000000000000
NODATA_VALUE -99999.00000
[rows 203 to 231 of 410, columns 66 to 131 of 410]
4.32796 4.96275 5.29440 5.34878 5.19892 4.79135 4.42309 4.40096 4.57863 4.75639 4.90608 4.65533 4.26988 4.19684 4.30692 4.28352 4.19565 4.25961 4.69579 5.10665 5.12290 5.12879 5.20505 5.17119 4.75762 4.36061 4.30645 4.56898 4.66325 4.27974 3.87074 3.59906 3.43638 3.24084 2.97885 2.83712 2.71694 2.64656 2.55852 2.52354 2.41999 2.26159 1.92562 1.45476 0.91103 0.86798 0.62678 0.53570 0.52042 0.58582 0.78160 1.75861 2.40950 2.50983 2.52198 2.56839 2.58542 2.57177 2.22941 1.32397 0.64691 0.57179 0.56358 0.51623 0.47806 0.42953
4.12446 4.68967 5.21734 5.33499 5.14245 4.61190 4.18775 4.22224 4.37989 4.50061 4.73005 4.34331 4.22082 4.42728 4.48516 4.39954 4.13768 3.98768 4.14500 4.69442 4.95890 5.04372 5.04069 4.79947 4.15446 3.91593 3.87033 4.04168 4.42808 4.40289 4.09810 3.69505 3.49552 3.43692 3.25967 3.13720 3.13041 2.95979 2.76297 2.72469 2.68667 2.58614 2.14634 1.40617 0.64719 0.63619 0.57865 0.56904 0.62603 0.91809 1.44408 1.80576 2.14462 2.38746 2.47142 2.51830 2.56964 2.57314 2.41471 1.66694 0.77762 0.57219 0.60258 0.59746 0.57953 0.54807
4.29861 4.70514 5.10407 5.14067 4.85337 4.31927 4.05483 4.25913 4.38245 4.38230 4.55818 4.44198 4.45695 4.59785 4.73878 4.64030 4.49987 4.27737 4.09604 4.40744 4.82936 5.01216 4.94602 4.28690 3.88283 3.92244 3.84243 3.79909 4.02948 4.41395 4.20528 3.73980 3.56518 3.55823 3.46121 3.34116 3.43004 3.22123 2.98734 2.97274 2.87149 2.65927 2.39937 1.73963 0.78122 0.69452 0.75008 0.76946 0.98192 1.33571 1.56428 1.78535 2.05673 2.30952 2.41109 2.44610 2.47764 2.49863 2.45639 1.98754 1.27680 0.70126 0.67055 0.67748 0.64981 0.62881
4.57481 4.69937 4.73015 4.57774 4.25416 3.96763 4.10290 4.47177 4.58818 4.52719 4.46802 4.50938 4.70432 4.93234 4.98634 4.76838 4.66076 4.45682 4.13742 4.32136 4.82384 5.08233 4.72091 4.07543 3.93062 4.23406 4.09685 3.85060 3.84246 4.12865 4.16128 3.70378 3.57838 3.59661 3.54032 3.46271 3.49380 3.36427 3.13560 3.15116 3.13525 2.82257 2.59496 2.31016 1.85088 1.71996 1.73354 1.64727 1.57292 1.55161 1.69941 1.91949 2.14608 2.32147 2.39608 2.41718 2.42039 2.41078 2.37744 2.24573 1.74703 1.30531 1.19057 1.11779 0.85792 0.71249
4.76352 4.50450 4.26147 4.00153 3.80088 3.88254 4.30840 4.69129 4.82154 4.64611 4.52024 4.58144 4.67130 4.79501 5.01733 4.87335 4.71845 4.65258 4.21234 4.14271 4.45374 4.89003 4.72112 4.07555 3.92667 4.13539 4.21504 4.09688 3.82967 3.83079 3.87644 3.65159 3.58766 3.59747 3.48769 3.45750 3.53897 3.37483 3.18353 3.21248 3.27074 3.15404 2.82684 2.66552 2.60073 2.53935 2.54422 2.53223 2.43692 2.34613 2.32850 2.33613 2.38562 2.45007 2.48012 2.47403 2.44167 2.39508 2.35313 2.31213 2.24845 2.02785 1.82595 1.73366 1.59745 1.34392
4.72220 4.33926 4.01900 3.82031 3.87089 4.16650 4.37927 4.70818 4.78749 4.63406 4.69773 4.81210 4.67820 4.72331 4.95420 4.91308 4.69395 4.63262 4.41529 4.17037 4.15364 4.39589 4.70115 4.36172 4.02467 4.07233 4.15255 4.21757 4.05839 3.81985 3.80614 3.69425 3.66161 3.66119 3.48602 3.49045 3.57331 3.37757 3.24730 3.33346 3.41146 3.31729 3.19837 3.03974 2.84081 2.82158 2.76336 2.75535 2.74161 2.70166 2.68427 2.64247 2.59238 2.58732 2.59273 2.57521 2.52457 2.44849 2.38084 2.35819 2.39765 2.46988 2.49300 2.40435 2.25376 2.00971
4.47494 4.18088 3.98513 3.98236 4.18459 4.28408 4.38140 4.73978 4.78164 4.61819 4.67777 4.67584 4.59200 4.69400 4.78007 4.83098 4.76359 4.61604 4.54109 4.40347 4.13684 4.03826 4.21790 4.34615 4.31846 4.36512 4.24638 4.14704 4.25239 4.03640 3.93099 3.92434 3.81972 3.69948 3.56441 3.56408 3.56211 3.41502 3.38300 3.49689 3.53114 3.41292 3.34600 3.34593 3.20808 3.09316 2.91631 2.87433 2.87278 2.84207 2.84402 2.81099 2.72600 2.67593 2.67524 2.66736 2.62263 2.53028 2.42402 2.36540 2.39947 2.50305 2.57242 2.57521 2.56018 2.55495
4.26929 4.10228 4.03892 4.16394 4.30706 4.21573 4.34947 4.78923 4.99063 4.71411 4.58923 4.65104 4.50873 4.33351 4.21999 4.36484 4.68057 4.75698 4.56900 4.45538 4.29669 4.06378 4.00728 4.06754 4.09404 4.18114 4.16052 4.15488 4.28669 4.15920 3.99634 4.17353 4.08154 3.83065 3.63800 3.62787 3.55015 3.47930 3.52928 3.59803 3.51518 3.43499 3.41953 3.43307 3.35641 3.22260 3.08146 3.00430 2.98174 2.90391 2.89218 2.86381 2.76728 2.69183 2.68132 2.68692 2.67155 2.57988 2.42368 2.27912 2.25062 2.34867 2.42789 2.39507 2.27015 2.29275
4.25232 4.19591 4.19473 4.33142 4.40565 4.15020 4.23675 4.63576 4.85825 4.69438 4.50438 4.42366 4.28046 4.10463 4.03859 4.03450 4.31458 4.56598 4.34803 4.35656 4.50723 4.39831 4.24433 4.23098 4.28082 4.33639 4.35325 4.33349 4.21879 4.07359 3.91504 3.98215 4.14758 3.88684 3.67941 3.71230 3.57868 3.55740 3.64066 3.58264 3.50861 3.50513 3.51460 3.50598 3.45095 3.34130 3.23169 3.08428 2.96928 2.90230 2.88340 2.84875 2.73098 2.61237 2.56551 2.55399 2.52486 2.43799 2.23995 2.06015 1.94455 1.81843 1.71831 1.60945 1.54909 1.74529
4.44376 4.43793 4.41723 4.51031 4.66059 4.28813 4.15198 4.31036 4.27852 4.08839 4.05945 4.21431 4.32961 4.33794 4.35637 4.05771 4.10060 4.16770 4.08899 4.28935 4.56251 4.61810 4.55363 4.60153 4.59626 4.66720 4.69766 4.47431 4.10961 3.89079 3.96812 3.83745 3.91911 3.78165 3.66184 3.72928 3.61692 3.59019 3.65380 3.56483 3.56382 3.62071 3.58325 3.48202 3.44126 3.40722 3.25838 3.00537 2.89940 2.86892 2.84009 2.75917 2.59613 2.37660 2.22971 2.20777 2.12285 1.92545 1.82233 1.73848 1.60948 1.28567 1.15887 1.09483 0.91999 1.03330
4.76187 4.74515 4.61053 4.57604 4.68335 4.60347 4.39073 4.25078 4.05864 3.95580 4.06521 4.38033 4.66383 4.62360 4.53202 4.39826 4.31416 4.23208 4.25946 4.28554 4.45640 4.53313 4.46808 4.59833 4.72383 4.69182 4.58845 4.52148 4.28467 3.90256 3.86027 3.85524 3.86826 3.74851 3.63382 3.69803 3.64830 3.63231 3.67516 3.60509 3.58071 3.53287 3.40987 3.25397 3.18108 3.22522 3.06924 2.88941 2.83394 2.80328 2.71823 2.53864 2.16638 1.70828 1.60773 1.72630 1.69755 1.58722 1.57579 1.43153 0.97051 0.70648 0.71977 0.73312 0.67841 0.69871
4.88597 4.89305 4.67669 4.52419 4.54943 4.73941 4.74065 4.50712 4.36564 4.43815 4.42638 4.47151 4.59454 4.56328 4.51114 4.60272 4.70784 4.57091 4.37990 4.40163 4.53145 4.28284 4.17520 4.26310 4.41536 4.25614 4.04939 4.03338 4.00611 3.81670 3.76910 3.86154 3.94640 3.71419 3.64571 3.65834 3.61779 3.64176 3.69335 3.62949 3.55253 3.42862 3.25979 3.07046 2.94661 2.95072 2.90001 2.81749 2.76878 2.68559 2.46573 1.89523 1.40107 1.26152 1.35076 1.53421 1.52385 1.46032 1.34422 0.99741 0.71555 0.62820 0.62145 0.64452 0.62633 0.64690
4.92706 5.04146 4.87462 4.65152 4.51747 4.54105 4.63321 4.67268 4.70650 4.66823 4.37749 4.35326 4.52933 4.61846 4.58891 4.63670 4.74042 4.68533 4.61606 4.68346 4.37199 4.11024 4.12191 4.16201 4.31758 4.08404 3.90417 3.85402 3.81206 3.75260 3.78023 3.79338 3.83772 3.70767 3.70664 3.62137 3.60934 3.63948 3.63417 3.59694 3.53158 3.40150 3.26257 3.08196 2.85135 2.84112 2.83807 2.75294 2.59244 2.27786 1.69031 1.35184 1.14188 0.98582 1.00242 1.26443 1.33736 1.39728 1.24734 0.97002 0.78330 0.63376 0.62059 0.63302 0.64268 0.64243
5.09376 5.23970 5.18441 5.03150 4.76087 4.56375 4.46222 4.45872 4.57770 4.44474 4.26639 4.45799 4.80143 4.96774 4.91406 4.89841 5.00082 4.99677 5.02032 4.81744 4.26162 4.13082 4.19707 4.22375 4.41939 4.13291 4.00044 4.02000 3.99148 3.97445 3.82822 3.73676 3.80135 3.70100 3.75306 3.60322 3.64559 3.70094 3.64631 3.60546 3.53867 3.45376 3.37243 3.10081 2.79117 2.76305 2.72359 2.55314 2.05715 1.39680 1.30268 1.28294 1.07342 0.74357 0.60412 0.73057 1.07811 1.39025 1.36311 1.20879 0.81810 0.65070 0.66277 0.68503 0.66466 0.61028
5.23170 5.33002 5.32723 5.26152 5.09903 4.84752 4.59235 4.41284 4.50466 4.38731 4.41920 4.80266 5.12282 5.20826 5.20215 5.19945 5.20836 5.16127 5.10715 4.79658 4.34607 4.19915 4.24585 4.34492 4.56010 4.29600 4.00965 4.06949 4.25819 3.99529 3.75988 3.73392 3.75141 3.67248 3.66166 3.59096 3.70977 3.72368 3.66978 3.67235 3.57744 3.52950 3.44917 3.10862 2.74165 2.67711 2.59023 2.24982 1.52042 1.15521 1.10774 1.11694 0.92146 0.70417 0.56497 0.62745 1.16083 1.47451 1.51379 1.22527 0.74723 0.60519 0.59891 0.62573 0.62519 0.58574
5.23540 5.25592 5.25319 5.29694 5.26710 5.16062 4.86909 4.49032 4.50425 4.45268 4.59216 5.00980 5.12840 5.14982 5.25030 5.23928 5.09997 4.95875 4.82668 4.62529 4.39438 4.35229 4.37374 4.38867 4.53050 4.46589 4.15545 4.10816 4.23531 3.93297 3.81023 3.81019 3.75447 3.73253 3.62301 3.60087 3.68988 3.70579 3.68767 3.67229 3.60523 3.58028 3.40052 2.96918 2.69181 2.62074 2.43107 1.83872 1.43857 0.91790 0.76286 0.77465 0.83107 0.87583 0.73090 1.06258 1.39051 1.53671 1.48509 1.07678 0.67542 0.56240 0.56540 0.58327 0.57600 0.53861
4.99223 4.98221 4.92081 5.09242 5.24159 5.27911 5.01595 4.56745 4.46357 4.48465 4.69325 4.96608 4.81675 4.78174 4.98624 5.02577 4.88431 4.73034 4.51279 4.33093 4.20645 4.18883 4.13803 4.06904 4.15571 4.22475 4.15251 4.19987 4.29088 4.00067 3.86915 3.80958 3.75144 3.76487 3.62303 3.60774 3.66249 3.73151 3.70442 3.64207 3.60977 3.56573 3.31674 2.81959 2.66253 2.57785 2.06957 1.38508 0.88850 0.63775 0.59677 0.63291 0.75145 0.81958 0.76365 1.19150 1.34558 1.46507 1.41107 1.06258 0.68859 0.58335 0.57004 0.55191 0.52429 0.45635
4.55799 4.59929 4.60204 4.68969 4.96124 5.15542 5.12632 4.85680 4.57953 4.65009 4.87088 4.70812 4.52248 4.50497 4.61965 4.79352 4.75140 4.52393 4.26100 4.07787 4.03025 4.08166 4.11249 4.05496 4.02998 4.06130 4.07142 4.19103 4.23055 3.93840 3.79710 3.73018 3.69629 3.65065 3.57288 3.55919 3.63900 3.74386 3.68490 3.62109 3.60362 3.53808 3.29080 2.76195 2.68536 2.54565 1.87686 1.29228 0.75810 0.60332 0.59628 0.63706 0.63088 0.60926 0.57317 0.65881 0.96011 1.40126 1.48547 1.31177 0.87579 0.64131 0.59064 0.54990 0.49536 0.39187
4.23388 4.35855 4.42125 4.43285 4.60375 4.85474 4.85441 4.77944 4.69582 4.76063 4.74753 4.49078 4.42173 4.42998 4.44374 4.60489 4.59918 4.30067 4.01902 3.93560 4.03345 4.22129 4.35617 4.31209 4.25817 4.22443 4.21383 4.27953 4.22084 3.96343 3.87507 3.74795 3.66333 3.57458 3.52168 3.57766 3.66041 3.73410 3.69140 3.61800 3.54345 3.43703 3.20233 2.71603 2.66234 2.51690 1.74265 1.31882 0.85454 0.68740 0.67790 0.64132 0.54866 0.50183 0.46810 0.53677 0.67500 1.30915 1.51377 1.40581 1.16800 0.87466 0.66228 0.55185 0.48357 0.34217
4.01618 4.17950 4.22339 4.19297 4.34759 4.50714 4.39807 4.30361 4.30868 4.39470 4.39293 4.29619 4.32400 4.33590 4.27670 4.39002 4.44515 4.11184 3.86022 3.89671 4.08625 4.28574 4.37550 4.38456 4.44579 4.41864 4.39027 4.38693 4.25838 4.01689 3.83618 3.81417 3.77384 3.66879 3.66463 3.68831 3.69200 3.69432 3.65155 3.55527 3.45042 3.31182 3.11540 2.70318 2.57934 2.33191 1.59948 1.26065 0.76993 0.63874 0.65444 0.65699 0.52407 0.45894 0.43251 0.47976 0.55639 1.01066 1.37358 1.33078 1.23605 0.99498 0.71729 0.61257 0.52801 0.38826
4.00394 4.10462 4.01922 3.86407 3.96415 4.14429 4.01542 3.91509 3.91970 4.02151 4.04718 3.99507 4.04513 4.10880 4.09948 4.20032 4.32665 3.99537 3.78766 3.96618 4.05075 4.19080 4.28310 4.23289 4.28879 4.28999 4.30159 4.28382 4.24508 4.11417 3.79645 3.81835 3.85764 3.75384 3.70376 3.74039 3.68385 3.58569 3.48899 3.40958 3.31639 3.15065 3.04396 2.74775 2.54331 2.09176 1.54482 1.31429 0.81262 0.60367 0.65661 0.88631 0.62753 0.53046 0.48741 0.52782 0.57574 0.80256 1.19567 1.27636 1.20510 0.96688 0.85983 0.70008 0.59181 0.46473
4.09970 4.16041 4.02320 3.82569 3.72197 3.85233 3.85504 3.86882 3.93324 4.01279 4.09132 4.14044 4.21632 4.24657 4.16401 4.11389 4.19092 4.00319 3.78683 3.98336 4.07364 4.12058 4.01773 3.90163 3.89110 3.95482 4.01138 4.04334 4.09300 4.07567 3.82338 3.78433 3.95725 3.85937 3.70974 3.67797 3.62574 3.52654 3.43770 3.38752 3.33123 3.15246 2.96730 2.76841 2.56787 2.14606 1.61320 1.44127 1.22503 0.95265 0.98897 1.27770 1.02368 0.74940 0.69425 0.66272 0.61768 0.69176 0.83296 0.93477 0.98033 0.99604 0.86994 0.65716 0.48995 0.36921
4.23512 4.30029 4.21831 4.21451 3.98950 4.02581 4.03715 4.11004 4.15793 4.25254 4.41017 4.45664 4.46649 4.41206 4.29443 4.17193 4.13970 4.06946 3.93492 4.00508 4.16991 4.00521 3.90514 3.88273 3.83817 3.87255 3.90188 3.91257 4.00848 4.07718 3.86356 3.74384 3.83976 3.81658 3.68532 3.63890 3.61106 3.57934 3.57528 3.53606 3.48648 3.31898 3.02895 2.77149 2.60290 2.24918 1.66054 1.51131 1.44231 1.37823 1.39814 1.49203 1.46791 1.27556 1.10309 0.84918 0.65712 0.57384 0.55933 0.60027 0.66581 0.77907 0.87898 0.69135 0.48821 0.36844
4.21149 4.27170 4.27232 4.26042 4.29567 4.35348 4.27251 4.33939 4.22905 4.32551 4.51810 4.52913 4.48766 4.47288 4.42461 4.27933 4.14909 4.11928 4.15907 4.04392 4.01783 3.97078 4.06057 4.18337 4.13209 4.07370 4.02615 3.97469 4.02960 4.16253 3.93567 3.71459 3.70366 3.73739 3.67956 3.64402 3.64833 3.66830 3.64569 3.60575 3.55579 3.41446 3.07410 2.70680 2.55789 2.11860 1.62619 1.54201 1.46824 1.35904 1.34553 1.40997 1.35064 1.21282 1.20080 0.97180 0.71272 0.56866 0.50406 0.50161 0.50930 0.54673 0.66509 0.62510 0.54930 0.51626
4.01720 3.99103 4.15377 4.30824 4.35945 4.40353 4.29181 4.26447 4.29471 4.43786 4.47917 4.40900 4.45463 4.52978 4.47402 4.29720 4.16159 4.18021 4.27267 4.15928 3.93537 3.95841 4.21907 4.35297 4.35087 4.33329 4.25139 4.08762 4.03600 4.17625 3.95767 3.80058 3.70059 3.74830 3.75925 3.68737 3.66105 3.67808 3.63173 3.55920 3.48881 3.36218 3.08454 2.73913 2.53561 1.99726 1.57034 1.55800 1.48178 1.17878 1.00528 1.06646 0.92411 0.80717 0.71036 0.67498 0.65831 0.55974 0.47068 0.41463 0.36166 0.36901 0.50440 0.50114 0.57179 0.67322
3.96042 3.82878 3.90173 4.07028 4.22822 4.39141 4.41079 4.37288 4.45573 4.46374 4.28948 4.14382 4.22840 4.42359 4.33450 4.12252 4.08024 4.15259 4.27137 4.26147 3.98387 3.92499 4.15766 4.35424 4.41768 4.42650 4.30784 4.10905 4.05221 4.09994 3.98327 3.99217 3.81659 3.77406 3.76069 3.66085 3.63280 3.60604 3.55204 3.49710 3.46070 3.29492 2.94916 2.67754 2.45694 1.65924 1.40999 1.47850 1.30705 0.81474 0.68520 0.72526 0.69779 0.65398 0.56026 0.58529 0.67147 0.59617 0.47346 0.35001 0.31526 0.31771 0.43726 0.52374 0.59115 0.89634
4.05757 3.93763 3.87114 3.88055 3.90583 4.09740 4.38288 4.51787 4.54113 4.32241 4.04097 3.98202 3.89290 4.10887 4.01042 3.86437 3.94925 4.00231 4.12516 4.18103 3.91679 3.90892 4.09586 4.26448 4.32037 4.32622 4.24691 4.11390 4.02006 4.00178 3.99918 4.09433 3.93945 3.86597 3.71581 3.64207 3.61563 3.59132 3.55234 3.52022 3.50841 3.28690 2.84842 2.67437 2.31918 1.52719 1.35803 1.27635 0.87617 0.63949 0.60214 0.59641 0.60654 0.61904 0.59797 0.71397 0.80957 0.68438 0.51814 0.40620 0.35351 0.35238 0.48553 0.58342 0.81252 1.45189
4.18715 4.00870 3.86942 3.77019 3.66292 3.64845 3.92212 4.33776 4.44970 4.14161 3.88105 3.98888 3.72730 3.72412 3.68348 3.73806 3.84917 3.85054 3.97232 4.06475 3.77203 3.79142 3.93327 4.03971 4.06383 4.04964 4.01883 4.01234 4.01979 4.00103 3.97739 3.95269 3.93508 3.87576 3.69499 3.64980 3.65481 3.64142 3.62105 3.52169 3.37800 3.17533 2.95356 2.69157 2.34503 1.56140 1.31523 0.95713 0.63366 0.57283 0.54764 0.48811 0.45586 0.49196 0.45654 0.59883 0.89270 0.89098 0.62307 0.51021 0.46449 0.46208 0.59257 1.04185 1.50670 1.56065
4.35749 4.17518 3.96288 3.78188 3.63392 3.49274 3.51339 3.86111 4.23549 3.93305 3.76194 3.91722 3.73436 3.60496 3.62990 3.79150 3.77998 3.69657 3.84532 3.88917 3.67423 3.69728 3.88625 3.97774 3.95641 3.91282 3.88970 3.92071 4.03894 4.02643 3.89466 3.80781 3.83487 3.75997 3.66059 3.69076 3.76397 3.74009 3.71100 3.53605 3.31846 3.21700 3.12185 2.75514 2.45986 1.65092 1.34573 1.06495 0.74744 0.64669 0.58210 0.44851 0.40224 0.43803 0.40376 0.45980 0.75579 1.31118 1.14066 0.77126 0.68519 0.80897 1.32836 1.56321 1.56552 1.15588
