mrvbf_slope1.3_pctl1.asc
NCOLS 410
NROWS 410
XLLCORNER 2398750.0000000000000000
YLLCORNER 2548750.0000000000000000
CELLSIZE 250.0000000000000000
NODATA_VALUE -99999.00000
[rows 174 to 202 of 410, columns 330 to 395 of 410]
7.69613 7.69009 7.68011 7.65762 7.61033 7.52744 7.51386 7.60165 7.64128 7.65137 7.65949 7.66887 7.67400 7.67712 7.68007 7.68448 7.68742 7.69076 7.69420 7.69554 7.69490 7.69618 7.70029 7.70090 7.70220 7.70396 7.70470 7.70584 7.70880 7.71071 7.70974 7.70791 7.70629 7.70715 7.70537 7.70541 7.70264 7.69910 7.70177 7.70149 7.69715 7.68782 7.67696 7.66364 7.64785 7.60730 7.36863 5.27990 4.44093 6.09341 6.47127 7.56564 7.66705 7.68699 7.69788 7.70729 7.71548 7.72122 7.72336 7.71977 7.69887 7.67630 7.70475 7.71051 7.71564 7.71907
7.68682 7.67375 7.65734 7.64037 7.61367 7.57711 7.61439 7.64802 7.65996 7.66440 7.67151 7.67809 7.68177 7.68431 7.68550 7.68621 7.68834 7.69219 7.69546 7.69654 7.69536 7.69952 7.70342 7.70419 7.70614 7.70860 7.71018 7.71141 7.71264 7.71305 7.71226 7.71052 7.70806 7.70633 7.70650 7.70987 7.70840 7.70708 7.70346 7.70285 7.70455 7.70243 7.69620 7.68499 7.67165 7.65757 7.63636 7.53024 6.88652 6.03146 7.44584 7.46102 7.57081 7.66390 7.68821 7.69825 7.70818 7.71480 7.71578 7.71489 7.71056 7.70844 7.71058 7.71667 7.71750 7.71343
7.66136 7.62232 7.60985 7.61248 7.60579 7.61227 7.64737 7.66594 7.66788 7.67161 7.67888 7.68264 7.68609 7.68841 7.68819 7.68788 7.68611 7.68814 7.69196 7.69370 7.69791 7.70398 7.70567 7.70767 7.70948 7.71107 7.71268 7.71383 7.71484 7.71515 7.71431 7.71272 7.71105 7.70654 7.70835 7.70958 7.71040 7.71010 7.70930 7.70614 7.70442 7.70733 7.70642 7.70041 7.69124 7.68071 7.66935 7.65503 7.60926 7.49682 7.36989 7.42596 6.48568 7.45244 7.65531 7.68564 7.69236 7.70161 7.70888 7.71261 7.71326 7.69670 7.66250 7.69429 7.71840 7.71764
7.61457 7.60328 7.61677 7.61792 7.62671 7.65306 7.66845 7.67694 7.67980 7.68378 7.68659 7.68881 7.69044 7.69189 7.69285 7.69334 7.69366 7.69333 7.69490 7.70002 7.70488 7.70700 7.70790 7.71020 7.71125 7.71299 7.71488 7.71581 7.71589 7.71617 7.71517 7.71563 7.71351 7.70683 7.70756 7.70998 7.71175 7.71094 7.71113 7.70925 7.70502 7.70487 7.70936 7.70801 7.70396 7.69788 7.68949 7.68092 7.66865 7.64218 7.53327 6.00009 6.23886 5.29985 7.42437 7.65822 7.67897 7.68561 7.69977 7.70932 7.70736 7.66487 7.67533 7.66674 7.71171 7.71956
7.64604 7.66816 7.67609 7.67588 7.67362 7.67701 7.68434 7.69003 7.69251 7.69298 7.69476 7.69669 7.69660 7.69592 7.69738 7.69850 7.70192 7.70323 7.70435 7.70646 7.70822 7.70912 7.71172 7.71244 7.71332 7.71527 7.71695 7.71785 7.71742 7.71712 7.71614 7.71632 7.71542 7.71080 7.70668 7.70985 7.71229 7.71155 7.71107 7.71029 7.70889 7.70368 7.70582 7.70886 7.70914 7.70735 7.70291 7.69595 7.68647 7.67162 7.64272 7.42505 4.99621 5.97772 5.98474 7.53201 7.66140 7.67557 7.68741 7.70193 7.70972 7.69974 7.66829 7.70127 7.72022 7.72138
7.68757 7.69290 7.69398 7.69471 7.69215 7.69292 7.69679 7.69918 7.69860 7.69795 7.69996 7.70064 7.70062 7.70080 7.70253 7.70402 7.70609 7.70746 7.70890 7.70998 7.71098 7.71282 7.71368 7.71438 7.71604 7.71675 7.71791 7.71854 7.71899 7.71874 7.71867 7.71716 7.71648 7.71446 7.70920 7.70621 7.70967 7.71296 7.71333 7.71063 7.70775 7.70645 7.70535 7.70779 7.70937 7.71036 7.70913 7.70510 7.69843 7.68730 7.67176 7.63785 7.39768 5.60387 7.16720 7.12487 7.58150 7.64678 7.68024 7.69484 7.70420 7.71378 7.70740 7.70643 7.71562 7.71293
7.70129 7.70306 7.70290 7.70298 7.70062 7.70185 7.70369 7.70391 7.70204 7.70129 7.70345 7.70403 7.70446 7.70636 7.70783 7.70883 7.70973 7.71152 7.71277 7.71402 7.71477 7.71505 7.71495 7.71738 7.71894 7.71903 7.71897 7.71903 7.71953 7.72021 7.71969 7.71937 7.71830 7.71617 7.71284 7.70673 7.70584 7.71158 7.71271 7.70924 7.70615 7.70656 7.70790 7.70816 7.70918 7.71049 7.71058 7.70988 7.70597 7.69834 7.68682 7.67091 7.62982 7.46469 6.50491 7.37263 7.39546 7.57773 7.66760 7.68943 7.69676 7.70372 7.70186 7.70637 7.68744 7.67005
7.70922 7.70980 7.70897 7.70790 7.70510 7.70651 7.70775 7.70704 7.70471 7.70340 7.70517 7.70669 7.70824 7.71006 7.71094 7.71128 7.71199 7.71418 7.71513 7.71633 7.71703 7.71632 7.71629 7.71846 7.72014 7.72061 7.72051 7.72019 7.72017 7.72044 7.72071 7.71995 7.71930 7.71751 7.71524 7.71080 7.70542 7.70869 7.71049 7.70799 7.70851 7.70885 7.71166 7.71050 7.71172 7.71017 7.71084 7.71150 7.71055 7.70577 7.69781 7.68558 7.66668 7.62158 7.42812 7.10580 7.41337 7.49065 7.60960 7.68106 7.69316 7.69724 7.69704 7.68658 7.66320 7.67093
7.71413 7.71372 7.71222 7.70998 7.70783 7.71035 7.71079 7.70939 7.70725 7.70506 7.70710 7.70851 7.71004 7.71191 7.71259 7.71312 7.71467 7.71596 7.71677 7.71724 7.71763 7.71766 7.71772 7.71939 7.72165 7.72248 7.72248 7.72220 7.72131 7.72038 7.72106 7.72043 7.71972 7.71931 7.71711 7.71431 7.71034 7.71019 7.71223 7.70972 7.70859 7.70895 7.71004 7.70885 7.71190 7.71119 7.70939 7.71181 7.71318 7.71070 7.70593 7.69758 7.68547 7.66869 7.60996 7.26769 7.30638 7.06780 7.53617 7.67285 7.68791 7.69169 7.69389 7.68984 7.68270 7.64521
7.71645 7.71580 7.71429 7.71121 7.71019 7.71241 7.71266 7.71141 7.70816 7.70885 7.70970 7.71071 7.71193 7.71275 7.71464 7.71585 7.71681 7.71789 7.71803 7.71865 7.71876 7.71928 7.72053 7.72175 7.72263 7.72323 7.72344 7.72339 7.72278 7.72120 7.72115 7.72115 7.72128 7.72066 7.71917 7.71591 7.71064 7.70775 7.71024 7.70800 7.70777 7.71212 7.71114 7.70908 7.70978 7.71180 7.71020 7.70901 7.71190 7.71222 7.71048 7.70484 7.69488 7.68508 7.66887 7.55293 6.19409 7.28911 6.82748 7.60658 7.66822 7.68104 7.69364 7.69862 7.69894 7.69146
7.71779 7.71737 7.71595 7.71410 7.71211 7.71292 7.71384 7.71286 7.71060 7.71175 7.71188 7.71256 7.71371 7.71473 7.71579 7.71660 7.71780 7.71859 7.71912 7.71894 7.71961 7.71955 7.72113 7.72257 7.72279 7.72141 7.72110 7.72197 7.72116 7.72076 7.72120 7.72111 7.72205 7.72130 7.71981 7.71690 7.71273 7.70787 7.70973 7.70806 7.71037 7.70798 7.71025 7.71061 7.71127 7.71123 7.71175 7.70916 7.70846 7.71044 7.71145 7.70827 7.70269 7.69455 7.68673 7.66083 7.48915 6.33724 7.41720 7.58772 7.65725 7.66251 7.68622 7.70039 7.70413 7.70382
7.71840 7.71747 7.71660 7.71529 7.71276 7.71338 7.71494 7.71426 7.71209 7.71194 7.71335 7.71320 7.71456 7.71596 7.71663 7.71733 7.71854 7.71953 7.71936 7.71769 7.71795 7.71923 7.72044 7.72190 7.71943 7.71123 7.70755 7.71576 7.71804 7.72034 7.71551 7.71266 7.72011 7.72123 7.71936 7.71752 7.71327 7.70776 7.70893 7.71060 7.71080 7.70995 7.71222 7.71213 7.71083 7.70978 7.70728 7.70720 7.70767 7.70771 7.71095 7.71061 7.70757 7.70280 7.69485 7.68632 7.64932 7.49995 7.50479 7.63628 7.66987 7.64933 7.66819 7.69683 7.70024 7.70212
7.71867 7.71751 7.71629 7.71568 7.71370 7.71295 7.71511 7.71494 7.71363 7.71192 7.71442 7.71448 7.71440 7.71557 7.71664 7.71769 7.71941 7.72023 7.71877 7.71852 7.71609 7.71757 7.71952 7.71781 7.70161 7.65885 7.65330 7.69297 7.71180 7.71839 7.70156 7.68400 7.70104 7.70897 7.71479 7.71523 7.71507 7.71037 7.70891 7.71357 7.71178 7.71376 7.71165 7.71244 7.71247 7.71007 7.70811 7.70158 7.70146 7.70350 7.70701 7.71046 7.70969 7.70711 7.70272 7.69624 7.68584 7.64986 7.58526 7.60834 7.60694 7.63260 7.60725 7.67226 7.70024 7.70514
7.71789 7.71655 7.71515 7.71470 7.71400 7.71382 7.71602 7.71449 7.71414 7.70986 7.71073 7.71280 7.71466 7.71562 7.71639 7.71825 7.71971 7.72055 7.72017 7.71877 7.71868 7.71997 7.71997 7.70997 7.66733 7.62461 7.64085 7.65448 7.70033 7.71155 7.68143 7.68387 7.65512 7.66138 7.69597 7.70959 7.71343 7.71193 7.71051 7.70988 7.71191 7.70955 7.70455 7.71035 7.70935 7.70559 7.70741 7.70255 7.70166 7.70113 7.70258 7.70627 7.70907 7.70889 7.70779 7.70318 7.69665 7.68070 7.61827 7.53158 7.60581 7.63895 7.63410 7.62685 7.68799 7.70711
7.71301 7.71212 7.71215 7.71216 7.71242 7.71352 7.71562 7.71598 7.71379 7.71302 7.71003 7.70822 7.71072 7.71420 7.71576 7.71835 7.71981 7.72030 7.72012 7.71947 7.71837 7.71853 7.71924 7.71475 7.69012 7.64266 7.63706 7.68189 7.71389 7.71913 7.70758 7.67235 7.65036 7.67136 7.66037 7.70185 7.71465 7.71382 7.71139 7.70260 7.70568 7.69557 7.66815 7.69182 7.68387 7.67009 7.69623 7.70035 7.69708 7.70322 7.70509 7.70437 7.70601 7.70895 7.70988 7.70697 7.70153 7.69564 7.67764 7.61713 7.58205 7.64400 7.66089 7.66012 7.68698 7.70451
7.71147 7.71003 7.71012 7.71110 7.71228 7.71401 7.71620 7.71521 7.71535 7.71595 7.71545 7.71247 7.71081 7.71227 7.71507 7.71771 7.71881 7.71721 7.71588 7.71624 7.71699 7.71601 7.71114 7.70388 7.67737 7.68434 7.70251 7.70730 7.71364 7.71711 7.71611 7.71079 7.70000 7.67045 7.69638 7.71176 7.71521 7.71316 7.70633 7.70523 7.69546 7.66076 7.67426 7.66670 7.65101 7.66344 7.65680 7.67146 7.67164 7.69553 7.70641 7.70684 7.70470 7.70615 7.70896 7.70930 7.70589 7.70088 7.69162 7.67160 7.65265 7.64988 7.66150 7.66025 7.69392 7.70301
7.71600 7.71621 7.71650 7.71693 7.71806 7.71799 7.71660 7.71624 7.71474 7.71670 7.71455 7.71131 7.71235 7.71523 7.71702 7.71784 7.71640 7.70872 7.70684 7.70913 7.70844 7.69912 7.67324 7.67103 7.67713 7.66640 7.70294 7.70578 7.71129 7.71544 7.71575 7.71572 7.71489 7.71008 7.71536 7.71588 7.71638 7.71489 7.70926 7.70518 7.70855 7.69651 7.66190 7.69360 7.68309 7.66367 7.66863 7.65894 7.66464 7.67933 7.70280 7.70168 7.70231 7.70608 7.70925 7.70935 7.70858 7.70490 7.69708 7.68127 7.62744 7.60884 7.63255 7.64246 7.69013 7.70108
7.71652 7.71751 7.71844 7.71941 7.72004 7.72020 7.71930 7.71756 7.71441 7.71532 7.71436 7.71124 7.71374 7.71597 7.71748 7.71749 7.71098 7.70428 7.70959 7.71168 7.70299 7.65524 7.64773 7.66543 7.66903 7.67304 7.66079 7.65342 7.69387 7.71083 7.71093 7.71039 7.71244 7.71446 7.71569 7.71622 7.71768 7.71548 7.71227 7.71297 7.71453 7.71046 7.70630 7.71341 7.71220 7.70674 7.70189 7.67554 7.66667 7.69706 7.70566 7.70498 7.70306 7.70384 7.70663 7.70924 7.71010 7.70737 7.70210 7.68928 7.64063 7.58760 7.63287 7.64321 7.69046 7.70019
7.71754 7.71879 7.71860 7.71897 7.71981 7.72029 7.72003 7.71811 7.71579 7.71312 7.71460 7.71178 7.71236 7.71404 7.71635 7.71604 7.70880 7.70899 7.71200 7.70958 7.68992 7.64078 7.64532 7.67331 7.68037 7.66115 7.63808 7.66753 7.66147 7.70200 7.71127 7.70911 7.70894 7.71101 7.71389 7.71616 7.71726 7.71482 7.71234 7.71461 7.70950 7.70917 7.71114 7.71499 7.71534 7.71466 7.71169 7.70525 7.70175 7.70941 7.70772 7.70241 7.70627 7.70487 7.70531 7.70774 7.70956 7.70833 7.70449 7.69864 7.67263 7.58296 7.61060 7.61232 7.67559 7.69437
7.71778 7.71975 7.71882 7.71827 7.71828 7.71897 7.71938 7.71897 7.71699 7.71495 7.71456 7.71505 7.71184 7.71137 7.71446 7.71368 7.70841 7.71102 7.71128 7.70120 7.67670 7.67883 7.66436 7.69426 7.69724 7.69686 7.68808 7.66133 7.69312 7.70998 7.71544 7.71597 7.71428 7.71336 7.71458 7.71667 7.71510 7.71259 7.71440 7.71755 7.71399 7.70794 7.71020 7.71283 7.71441 7.71574 7.71260 7.71112 7.70923 7.71100 7.70799 7.70655 7.70737 7.70581 7.70627 7.70797 7.70924 7.70780 7.70555 7.70037 7.69216 7.65594 7.61384 7.64842 7.68691 7.68180
7.71888 7.71933 7.71935 7.71883 7.71824 7.71796 7.71806 7.71813 7.71621 7.71270 7.71444 7.71640 7.71656 7.71338 7.71242 7.71163 7.71006 7.71059 7.70932 7.69472 7.68986 7.68281 7.67067 7.68373 7.70202 7.71042 7.70387 7.68918 7.70487 7.71502 7.71748 7.71792 7.71763 7.71745 7.71752 7.71698 7.71370 7.71311 7.71124 7.70946 7.71300 7.71351 7.71077 7.71402 7.71545 7.71575 7.71295 7.71128 7.71192 7.71185 7.70873 7.70679 7.70640 7.70372 7.70330 7.70670 7.70748 7.70521 7.69846 7.68665 7.68407 7.68385 7.65921 7.64245 7.68361 7.69957
7.71780 7.71806 7.71854 7.71862 7.71859 7.71833 7.71782 7.71599 7.71036 7.71117 7.70960 7.71565 7.71719 7.71559 7.71533 7.71145 7.70350 7.70924 7.70209 7.68211 7.68730 7.69286 7.68011 7.66257 7.68260 7.70596 7.69093 7.65831 7.69248 7.71354 7.71768 7.71801 7.71754 7.71747 7.71721 7.71501 7.71220 7.70160 7.68051 7.66563 7.69552 7.71227 7.71287 7.71303 7.71592 7.71486 7.71181 7.71287 7.71362 7.71143 7.71142 7.70832 7.70141 7.70326 7.69878 7.70255 7.70498 7.68869 7.65886 7.61522 7.61382 7.66686 7.65115 7.65930 7.66351 7.69362
7.71518 7.71620 7.71722 7.71770 7.71799 7.71792 7.71752 7.71662 7.71189 7.70803 7.70953 7.71323 7.71316 7.71306 7.71321 7.70657 7.70585 7.69369 7.66396 7.64354 7.66827 7.68153 7.66891 7.66521 7.68139 7.69551 7.65624 7.66501 7.65455 7.70457 7.71645 7.71778 7.71700 7.71643 7.71516 7.71196 7.69726 7.65421 7.64601 7.65389 7.65956 7.69992 7.71061 7.71275 7.71341 7.71041 7.71056 7.71141 7.71260 7.71165 7.71022 7.70847 7.70495 7.70233 7.70274 7.69843 7.69182 7.62985 7.59355 7.60881 7.58135 7.62752 7.66634 7.64945 7.68398 7.70004
7.71467 7.71461 7.71529 7.71629 7.71671 7.71681 7.71648 7.71539 7.71326 7.70876 7.70220 7.70708 7.70561 7.70913 7.71164 7.70984 7.69504 7.66519 7.63168 7.65272 7.63246 7.66011 7.68256 7.68943 7.69831 7.69310 7.67686 7.64506 7.68532 7.70864 7.71347 7.71620 7.71493 7.71360 7.71109 7.69594 7.65192 7.66202 7.66139 7.67237 7.66687 7.68833 7.70140 7.70462 7.70873 7.71019 7.70962 7.71101 7.71256 7.71100 7.70900 7.70606 7.70445 7.70251 7.69922 7.69934 7.67734 7.66043 7.60003 7.60280 7.61923 7.67902 7.68932 7.68088 7.69893 7.70220
7.71560 7.71527 7.71496 7.71544 7.71554 7.71533 7.71470 7.71309 7.70950 7.69197 7.66037 7.67694 7.68672 7.70008 7.70698 7.70940 7.70148 7.67252 7.64657 7.62491 7.64130 7.69349 7.69990 7.70044 7.68736 7.68768 7.67267 7.66156 7.68326 7.70353 7.70964 7.71291 7.71021 7.70728 7.69402 7.64394 7.59422 7.62250 7.66945 7.67225 7.68592 7.68753 7.68124 7.67625 7.69567 7.70610 7.70909 7.71152 7.71205 7.71067 7.70696 7.70848 7.70473 7.70240 7.69686 7.69454 7.68996 7.65263 7.67528 7.68421 7.69038 7.69756 7.68718 7.68709 7.69715 7.70512
7.71533 7.71537 7.71484 7.71468 7.71478 7.71401 7.71278 7.71030 7.70103 7.65535 7.65035 7.64459 7.65606 7.67840 7.69544 7.70287 7.70146 7.69269 7.67318 7.67215 7.68151 7.70220 7.70396 7.68604 7.67356 7.63526 7.60694 7.63036 7.65663 7.68717 7.70371 7.70608 7.70670 7.69692 7.65418 7.59934 7.59577 7.59961 7.67122 7.67643 7.69828 7.68873 7.66882 7.67321 7.66489 7.69276 7.70364 7.70610 7.70803 7.70698 7.70544 7.70714 7.71022 7.70849 7.70076 7.69689 7.69753 7.69011 7.69616 7.69707 7.69907 7.70047 7.69457 7.68448 7.69658 7.70443
7.71402 7.71438 7.71409 7.71426 7.71411 7.71298 7.71103 7.70766 7.69507 7.65273 7.65605 7.67415 7.67770 7.67691 7.68586 7.69806 7.69423 7.68333 7.64614 7.67046 7.68540 7.68734 7.67726 7.65411 7.63026 7.59545 7.57318 7.60587 7.65017 7.66825 7.68817 7.68730 7.69630 7.68674 7.66505 7.64487 7.60491 7.64157 7.65598 7.69211 7.70588 7.70671 7.69457 7.65270 7.66634 7.67067 7.69243 7.70178 7.70609 7.70587 7.70688 7.70677 7.71078 7.71093 7.70847 7.70504 7.70182 7.69927 7.69879 7.69763 7.69798 7.69822 7.69633 7.68412 7.69517 7.69924
7.71226 7.71264 7.71254 7.71311 7.71303 7.71186 7.70975 7.70451 7.67974 7.65237 7.67186 7.66017 7.66671 7.68574 7.68698 7.69109 7.66314 7.63412 7.61844 7.63720 7.66104 7.63385 7.61326 7.64423 7.62892 7.56237 7.53317 7.57855 7.65317 7.66952 7.68022 7.68820 7.65726 7.59222 7.59737 7.66959 7.65111 7.63137 7.67789 7.70062 7.70797 7.70971 7.70539 7.68523 7.66846 7.68046 7.69850 7.69988 7.70686 7.70998 7.70841 7.70696 7.70890 7.70943 7.70770 7.70626 7.70424 7.70049 7.69820 7.69988 7.69905 7.69606 7.69484 7.69566 7.70128 7.69850
7.71079 7.71120 7.71078 7.71069 7.71102 7.70995 7.70792 7.70283 7.68133 7.67009 7.67141 7.68038 7.67884 7.67347 7.67340 7.68556 7.64743 7.60876 7.60201 7.61736 7.61146 7.56974 7.57670 7.61926 7.68522 7.67028 7.58360 7.64598 7.67673 7.68824 7.68197 7.67166 7.61522 7.55036 7.57645 7.63794 7.66330 7.65810 7.68763 7.70077 7.70787 7.70936 7.70852 7.70310 7.69554 7.69624 7.69766 7.70417 7.70287 7.70870 7.70866 7.70534 7.70440 7.70404 7.70435 7.70515 7.70592 7.70307 7.69815 7.69710 7.69931 7.69600 7.68950 7.68366 7.69137 7.68913
