mrvbf_slope0.8_pctl0.5.asc
NCOLS 410
NROWS 410
XLLCORNER 2398750.0000000000000000
YLLCORNER 2548750.0000000000000000
CELLSIZE 250.0000000000000000
NODATA_VALUE -99999.00000
[rows 377 to 405 of 410, columns 0 to 65 of 410]
-99999.00000 -99999.00000 -99999.00000 -99999.00000 -99999.00000 2.36411 2.24862 2.21756 2.02124 1.60237 1.37289 1.29982 1.30203 1.30324 1.44016 1.60627 1.39083 1.87584 2.52516 2.81429 2.85772 2.73742 2.62166 2.52540 2.45507 2.51220 2.64002 2.77383 3.03022 3.19354 3.21269 3.17326 3.19549 3.27760 3.29713 3.37732 3.50678 3.68318 3.87334 3.99338 3.94047 3.61436 3.59781 3.57357 3.82353 4.44302 4.67931 4.74338 4.83524 5.08427 5.25069 5.14691 5.15533 4.93173 4.73026 4.96387 5.35528 5.06864 5.00250 5.38277 5.34259 5.15582 4.96852 4.89568 4.92411 5.01403
-99999.00000 -99999.00000 -99999.00000 -99999.00000 -99999.00000 2.23299 2.18436 1.95857 1.59499 1.40151 1.45303 1.56231 1.57289 1.76964 2.19267 1.95390 1.49719 1.88180 2.51316 2.72648 2.86214 2.91457 2.74388 2.60412 2.53337 2.41864 2.44467 2.61715 2.79246 2.86400 2.86789 2.81776 2.79378 2.87001 2.89153 2.89887 3.19495 3.48670 3.69429 3.87986 3.99839 3.91312 3.90181 3.70200 3.73038 4.39739 4.66515 4.79791 4.93640 5.17196 5.52962 5.44231 5.34144 5.25078 4.95103 5.03411 5.50079 5.25421 4.94146 5.01671 5.33441 5.50895 5.20342 4.97057 4.91157 4.95880
-99999.00000 -99999.00000 -99999.00000 -99999.00000 -99999.00000 2.21101 1.96531 1.59712 1.41414 1.44850 1.60251 1.55856 1.39175 1.62595 2.14196 2.18186 1.58588 1.79857 2.46497 2.65922 2.81572 2.94515 2.80108 2.72378 2.64731 2.35734 2.32322 2.47018 2.55337 2.60589 2.63337 2.62602 2.62780 2.75584 2.96581 3.03768 3.16908 3.45836 3.79760 4.01149 3.92322 3.84887 4.00646 3.69466 3.75840 4.42349 4.62997 4.83542 5.04090 5.18804 5.55231 5.66068 5.47715 5.37238 5.18509 4.91450 5.20397 5.62664 5.26636 5.01705 5.05092 5.35703 5.31101 5.03384 4.89616 4.87705
-99999.00000 -99999.00000 -99999.00000 -99999.00000 -99999.00000 1.91262 1.63900 1.42126 1.29855 1.41156 1.38789 1.18959 1.32584 1.40292 1.78520 2.05295 1.63508 1.84667 2.45829 2.61749 2.74659 2.76661 2.62771 2.51222 2.46979 2.36586 2.24259 2.35718 2.44753 2.50557 2.54981 2.58032 2.59801 2.68178 2.81284 2.79033 3.05464 3.42098 3.64300 3.67263 3.60581 3.77703 3.76316 3.64456 3.88010 4.49385 4.70507 4.90440 5.06731 5.12623 5.35922 5.57317 5.44091 5.37239 5.40008 5.02040 5.15903 5.77539 5.84252 5.36902 5.04858 5.15055 5.09272 4.92027 4.81141 4.75631
-99999.00000 -99999.00000 -99999.00000 -99999.00000 -99999.00000 1.68608 1.48214 1.03547 0.98129 1.15617 1.17913 1.25903 1.64970 1.27413 1.42658 1.72983 1.85191 2.17029 2.45592 2.57109 2.65021 2.58618 2.40754 2.13198 1.99494 2.05886 2.22349 2.34636 2.39560 2.43362 2.49261 2.58241 2.57353 2.46605 2.38289 2.58384 3.09841 3.43674 3.57296 3.58525 3.72664 3.61459 3.68307 3.76430 4.12476 4.51288 4.73822 5.04162 5.14213 4.97767 4.92840 5.01025 5.09840 5.28483 5.30364 5.07450 5.22456 5.76689 6.04933 5.62202 5.22843 5.06450 4.88703 4.74062 4.66348 4.67377
-99999.00000 -99999.00000 -99999.00000 -99999.00000 -99999.00000 1.62451 1.27781 0.81586 1.17254 1.31987 1.78871 2.16606 2.05735 1.40181 1.35499 1.69076 1.97907 2.23680 2.38975 2.45671 2.45028 2.32282 2.03272 1.79946 1.56018 1.49392 1.74629 1.94218 2.03100 2.11584 2.27555 2.52448 2.54644 2.33542 2.18723 2.36367 2.87189 3.39750 3.61862 3.75542 3.86785 3.77409 3.78929 3.87701 4.22252 4.49639 4.78198 5.21410 5.17178 4.87415 4.72642 4.74797 4.90581 5.13937 5.09042 5.03860 5.28258 5.77903 6.11603 5.87605 5.50692 5.18764 4.93579 4.78307 4.74433 4.87998
-99999.00000 -99999.00000 -99999.00000 -99999.00000 -99999.00000 1.67664 1.38999 1.09427 1.45755 2.04642 1.92425 2.16288 1.84592 1.51289 1.67059 2.02338 2.13049 2.15509 2.18464 2.08566 1.93621 1.85405 1.78844 1.72404 1.67520 1.36914 1.38626 1.51368 1.56520 1.63376 1.91957 2.38250 2.67076 2.40324 2.07856 2.19742 2.63700 3.22939 3.50468 3.69811 3.95443 3.84247 3.74843 3.86695 4.31276 4.59344 4.97030 5.22443 5.00714 4.85353 4.81713 4.81373 4.85850 4.89775 4.88190 4.98561 5.35141 5.77804 6.03807 6.01754 5.74035 5.51965 5.25238 4.95753 4.90646 5.06702
-99999.00000 -99999.00000 -99999.00000 -99999.00000 -99999.00000 1.70269 1.54736 1.34238 1.28850 1.67058 2.17962 2.24471 1.88706 1.82149 2.17355 2.37813 2.26858 2.05142 1.92418 1.74745 1.65946 1.69394 1.80615 2.00976 2.23826 2.00396 1.62191 1.60307 1.59012 1.56927 1.69539 2.13447 2.61210 2.55782 2.19346 2.22291 2.61191 3.22058 3.51344 3.61079 3.80460 3.85886 3.61575 3.85263 4.44084 4.80708 5.18439 5.08786 4.87457 4.93847 4.99226 4.86219 4.84909 4.79119 4.73980 4.91311 5.30563 5.47706 5.61279 5.71950 5.80120 5.80617 5.44746 4.84611 4.60381 4.56987
-99999.00000 -99999.00000 -99999.00000 -99999.00000 -99999.00000 1.67758 1.53845 1.08781 1.03818 0.99186 1.91975 2.09896 1.77209 1.78299 2.08675 2.42068 2.40036 2.04945 1.78447 1.65027 1.55998 1.55275 1.69537 2.22925 2.39680 2.36721 2.23350 2.23987 2.10283 1.83079 1.67269 1.94946 2.35795 2.38776 2.26459 2.35913 2.66306 3.28129 3.57492 3.64241 3.78505 3.86846 3.56532 3.85261 4.37225 4.78827 5.18995 5.00357 4.82948 4.96986 4.84800 4.90190 5.02807 4.80365 4.60391 4.64677 4.86401 4.97022 5.06218 5.27626 5.64157 5.63330 5.11030 4.65299 4.43415 4.34990
-99999.00000 -99999.00000 -99999.00000 -99999.00000 -99999.00000 1.62249 1.64034 1.36688 0.87024 0.97799 1.49566 1.83408 1.71122 1.67094 1.87089 2.32904 2.45321 2.18125 1.80542 1.66839 1.57030 1.47628 1.63881 2.28840 2.46791 2.46382 2.30201 2.37176 2.11968 1.59909 1.64447 2.00510 2.27554 2.37254 2.43867 2.52796 2.70506 3.12845 3.44116 3.61953 3.86400 3.78790 3.59231 3.84189 4.40119 4.79731 5.15292 5.02584 4.85954 4.91131 4.91297 4.87473 4.79508 4.66388 4.51371 4.47053 4.61861 4.70796 4.68281 4.75741 5.11257 5.22824 4.72442 4.48692 4.43155 4.37445
-99999.00000 -99999.00000 -99999.00000 -99999.00000 -99999.00000 1.45589 1.25519 1.07948 0.99368 1.14461 1.68535 2.16172 1.87857 1.78396 1.94097 2.32802 2.47924 2.30305 2.14595 2.09257 2.09161 2.07747 1.99759 2.28413 2.50212 2.45890 2.32366 2.25875 1.80910 1.46913 1.69530 2.17477 2.43758 2.56229 2.62929 2.66253 2.72329 2.92154 3.35446 3.72344 3.79730 3.70407 3.71939 3.93169 4.38662 4.69550 4.98865 4.90710 4.81521 4.82851 4.72909 4.62043 4.59144 4.58669 4.51022 4.44262 4.60168 4.66355 4.52701 4.43423 4.53655 4.70791 4.55581 4.45013 4.60564 4.62292
-99999.00000 -99999.00000 -99999.00000 -99999.00000 -99999.00000 1.20326 0.91823 1.07420 1.38487 1.06065 1.52017 1.87817 2.03709 2.11763 2.18675 2.43177 2.52897 2.39322 2.36923 2.41248 2.44129 2.32013 2.07336 2.23686 2.49654 2.35671 2.26471 2.21389 1.70894 1.55199 1.79500 2.21059 2.44601 2.56727 2.70535 2.77740 2.74895 2.89849 3.38634 3.59602 3.60113 3.65651 3.78923 3.99259 4.35689 4.54273 4.71158 4.59107 4.50573 4.48956 4.47323 4.50323 4.58027 4.65849 4.61585 4.48244 4.53647 4.54767 4.43288 4.29514 4.23967 4.36841 4.57493 4.49248 4.62785 4.99029
-99999.00000 -99999.00000 -99999.00000 -99999.00000 -99999.00000 0.96007 0.77763 0.85936 1.12737 1.11891 1.50528 1.96744 2.28144 2.36851 2.31119 2.44434 2.53854 2.40884 2.41904 2.52039 2.52432 2.21852 1.66339 1.98321 2.39925 2.36483 2.29824 2.11201 1.57366 1.57533 1.83122 2.06005 2.16102 2.29230 2.53803 2.75419 2.76611 2.91467 3.45915 3.46721 3.54276 3.69678 3.95576 4.15228 4.45485 4.57589 4.60174 4.40163 4.28725 4.26595 4.38110 4.55272 4.70565 4.77044 4.68509 4.54851 4.45352 4.39618 4.36427 4.29831 4.19028 4.08913 4.31764 4.55476 4.65433 4.99655
-99999.00000 -99999.00000 -99999.00000 -99999.00000 -99999.00000 0.69557 0.65945 0.85852 0.74887 0.91268 1.34623 1.78581 2.03745 2.26596 2.29820 2.43372 2.48746 2.37507 2.45962 2.55863 2.45808 1.68639 1.36056 1.84432 2.36010 2.36266 2.18807 1.77912 1.50649 1.59672 1.79673 1.88519 2.03557 2.33021 2.52447 2.66857 2.84461 3.10807 3.44260 3.40165 3.55545 3.72656 3.98955 4.17070 4.42303 4.61650 4.50390 4.27016 4.21625 4.32121 4.52959 4.78304 4.90224 4.86864 4.87025 4.68568 4.45232 4.42622 4.48370 4.53537 4.48775 4.23539 4.09581 4.46465 4.77181 4.86609
-99999.00000 -99999.00000 -99999.00000 -99999.00000 -99999.00000 0.73043 0.78768 0.85947 0.96433 1.27655 1.35468 1.81707 2.28017 2.14092 2.25135 2.48264 2.38682 2.39371 2.53866 2.48866 1.94979 1.50196 1.62384 2.13693 2.31027 2.23406 1.99994 1.71136 1.64967 1.81780 1.99970 2.06179 2.34768 2.61702 2.74986 2.82263 3.07779 3.39663 3.29570 3.36520 3.56464 3.66343 3.74193 3.80441 4.10475 4.41624 4.45210 4.23840 4.27214 4.56112 4.75445 4.93795 4.92663 4.97797 5.13871 4.81718 4.67056 4.73940 4.89986 5.00464 4.94007 4.58948 4.20947 4.34457 4.74281 4.92455
-99999.00000 -99999.00000 -99999.00000 -99999.00000 -99999.00000 0.80214 0.88571 0.85936 1.16349 1.43994 1.53217 1.89414 2.18646 2.22442 2.39811 2.42424 2.30726 2.47674 2.61497 2.41910 1.49579 1.49212 1.85700 2.28887 2.25090 2.18522 2.08359 2.06142 2.11583 2.20671 2.20315 2.28781 2.54698 2.74671 3.12670 3.35682 3.40027 3.35626 3.18946 3.38694 3.63201 3.75638 3.79714 3.86624 4.02037 4.27724 4.49976 4.37124 4.40949 4.60847 4.90720 5.15603 5.11815 5.22517 5.15602 4.94536 5.06885 5.34289 5.37472 5.06218 4.79007 4.37727 4.12312 4.26187 4.88053 5.34560
-99999.00000 -99999.00000 -99999.00000 -99999.00000 -99999.00000 0.88647 1.15289 0.97096 1.25585 1.46911 1.47669 1.74055 2.19945 2.43582 2.47791 2.30226 2.29428 2.41011 2.49985 2.14060 1.30238 1.55825 1.98295 2.20091 2.27133 2.35686 2.35586 2.39536 2.39825 2.36845 2.27194 2.39840 2.71074 2.90931 3.10831 3.39312 3.36715 3.16819 3.09062 3.44327 3.81612 4.04933 4.07936 4.01676 4.18570 4.46759 4.64046 4.55588 4.59915 4.84446 5.26649 5.49300 5.36094 5.36496 5.21544 5.24894 5.53251 5.69343 5.39971 4.88863 4.56595 4.29218 4.24085 4.63647 5.24303 5.43728
-99999.00000 -99999.00000 -99999.00000 -99999.00000 -99999.00000 1.09358 1.18388 1.37346 1.47951 1.46790 1.27873 1.52211 2.13612 2.54365 2.45806 2.34458 2.21559 2.02650 1.99339 1.62473 1.52565 1.82452 2.22556 2.28767 2.37354 2.45046 2.39891 2.44669 2.45934 2.41719 2.34030 2.51732 2.80962 2.95771 2.92060 2.92666 3.00297 2.97596 3.07540 3.35810 3.74889 4.06209 4.03001 4.14083 4.43947 4.75501 4.71046 4.57207 4.61110 4.86742 5.29452 5.56288 5.47576 5.45901 5.50392 5.69038 5.82009 5.71057 5.39095 4.76645 4.48357 4.52427 4.67776 4.62103 4.62209 4.72233
-99999.00000 -99999.00000 -99999.00000 -99999.00000 -99999.00000 2.02549 1.44315 1.24380 1.30675 1.34354 1.48097 1.67665 2.21628 2.51009 2.46040 2.34192 2.11000 2.01836 1.69901 1.87759 1.49424 1.52412 1.97946 2.32421 2.38460 2.41595 2.30387 2.27532 2.37661 2.40825 2.39842 2.55886 2.83376 2.85306 2.75658 2.72143 2.70725 2.87643 3.16202 3.39273 3.74259 3.98294 3.99500 4.27107 4.66914 4.75704 4.55717 4.43976 4.49291 4.72204 5.15375 5.49296 5.60730 5.61288 5.81238 6.05051 6.00654 5.75221 5.41408 4.66578 4.47392 4.72262 4.53694 4.35731 4.36322 4.39884
-99999.00000 -99999.00000 -99999.00000 -99999.00000 -99999.00000 1.72551 1.31034 1.12018 1.55149 1.53112 1.32067 1.53177 2.13003 2.36702 2.10512 2.18737 2.37265 2.11734 2.33116 2.36658 1.72726 1.38630 1.83752 2.35742 2.41414 2.40151 2.28681 2.22236 2.32722 2.30777 2.32387 2.53846 2.72393 2.67927 2.70376 2.79160 2.78557 2.95152 3.21256 3.46781 3.80215 3.90690 3.94569 4.22395 4.54857 4.53945 4.39537 4.33079 4.40674 4.54874 4.82001 5.27344 5.53413 5.67034 5.93471 6.17879 6.08590 5.74032 5.15352 4.59714 4.63679 4.71394 4.44350 4.49040 4.63430 4.63627
-99999.00000 -99999.00000 -99999.00000 -99999.00000 -99999.00000 1.17519 1.12404 1.05458 1.25899 1.29602 1.29748 1.71830 2.23532 1.94113 1.47470 1.51413 1.94404 2.12379 2.15886 1.90678 1.60270 1.55797 2.14630 2.53091 2.52546 2.42936 2.25410 2.25515 2.39065 2.31438 1.93764 2.42236 2.58108 2.65616 2.89920 3.21640 3.23018 3.28593 3.39866 3.55309 3.73637 3.77467 3.86089 4.11422 4.35518 4.39445 4.31846 4.29800 4.40992 4.50246 4.55782 4.88960 5.15993 5.47485 5.83339 6.11125 6.08769 5.66439 4.97755 4.74201 5.07030 4.72194 4.56383 4.89129 5.16931 5.00034
-99999.00000 -99999.00000 -99999.00000 -99999.00000 -99999.00000 1.07468 1.03091 1.08041 1.34328 1.50806 1.70392 1.86506 1.85209 1.81222 1.55561 1.80569 1.30003 1.65112 1.84702 1.71840 1.64147 1.92515 2.38230 2.58710 2.56481 2.41385 2.25837 2.31416 2.46412 2.45554 1.81393 2.31071 2.57227 2.70499 3.01994 3.36290 3.51773 3.60801 3.64664 3.69906 3.70911 3.68825 3.76701 3.99338 4.22286 4.32985 4.31243 4.33831 4.51601 4.64241 4.51280 4.61786 4.81653 5.13573 5.54424 5.93965 6.00787 5.65235 5.04386 4.93712 5.20544 4.82685 4.80510 5.29262 4.95207 4.83036
-99999.00000 -99999.00000 -99999.00000 -99999.00000 -99999.00000 0.80761 1.15260 1.47465 1.69819 1.96194 1.82431 1.76103 1.58770 1.97335 1.74685 1.58486 1.84679 1.97409 1.69617 1.69532 1.97942 2.18492 2.46348 2.54207 2.48658 2.35504 2.33692 2.44382 2.54379 2.54785 2.21048 2.33730 2.70531 2.84422 3.12658 3.40842 3.59426 3.78722 3.89028 3.95151 3.85446 3.73110 3.77712 3.97595 4.20682 4.32620 4.33382 4.38702 4.56710 4.72348 4.61016 4.59643 4.69277 4.89249 5.25983 5.73947 5.94224 5.80341 5.23835 5.00531 5.23955 5.04690 4.93014 5.05481 4.74393 5.13447
-99999.00000 -99999.00000 -99999.00000 -99999.00000 -99999.00000 1.02339 1.50783 1.87007 2.15972 1.95668 1.86040 1.98778 1.96047 1.62770 2.03273 2.26414 2.35614 2.04003 1.53418 1.62754 2.10935 2.37231 2.50580 2.55036 2.48457 2.42535 2.51613 2.60759 2.64920 2.62084 2.34948 2.39040 2.52654 2.73695 3.24891 3.53211 3.69501 3.84360 3.97292 4.13569 4.07698 3.90110 3.91354 4.08064 4.27807 4.35310 4.34904 4.39623 4.52535 4.65971 4.68248 4.67703 4.66296 4.75047 5.08792 5.61695 5.88689 5.85411 5.55794 5.23765 5.30032 5.41760 5.09196 4.94177 5.20628 6.21104
-99999.00000 -99999.00000 -99999.00000 -99999.00000 -99999.00000 2.01134 2.31037 2.40202 2.25478 2.14117 2.15003 2.13781 1.85957 1.61793 2.17285 2.40920 2.02269 1.59130 1.56701 1.83777 2.25437 2.50128 2.57948 2.60487 2.55743 2.55320 2.62158 2.65153 2.68009 2.67779 2.42747 2.51892 2.47237 2.67919 3.19356 3.54542 3.77324 3.89668 4.05027 4.28355 4.21135 4.06429 4.08548 4.25493 4.40401 4.39339 4.34431 4.36297 4.46967 4.61105 4.70160 4.69479 4.60435 4.63023 4.95248 5.45341 5.58543 5.57399 5.54648 5.20411 5.10154 5.34030 5.45327 5.49761 6.08950 6.55693
-99999.00000 -99999.00000 -99999.00000 -99999.00000 -99999.00000 2.39412 2.23881 2.16579 2.26955 2.40579 2.47363 2.18864 1.78759 1.63736 2.01927 2.14176 1.72224 1.65062 1.89258 2.27569 2.45806 2.56907 2.64452 2.64966 2.60507 2.58597 2.58126 2.57525 2.68830 2.78779 2.55470 2.55028 2.91197 3.20162 3.33488 3.52327 3.76795 3.96938 4.17139 4.37365 4.24765 4.13329 4.19396 4.41580 4.51703 4.37837 4.28050 4.30113 4.42699 4.59790 4.70926 4.68511 4.57933 4.56009 4.73567 5.00111 5.11345 5.18742 5.28266 4.99125 4.72972 4.73985 4.84012 5.05575 5.51562 5.72621
-99999.00000 -99999.00000 -99999.00000 -99999.00000 -99999.00000 2.07778 1.66850 1.73243 2.26236 2.53180 2.51039 2.37569 1.76659 1.60544 2.00443 1.92245 1.65718 1.86795 2.35124 2.49414 2.52355 2.60350 2.66775 2.64742 2.58561 2.54845 2.51033 2.43712 2.56712 2.50976 2.26621 2.62697 3.35469 3.46489 3.48651 3.58457 3.78360 4.10307 4.25981 4.40689 4.28734 4.15792 4.23849 4.50566 4.44478 4.26395 4.20020 4.25656 4.40992 4.59451 4.71837 4.73214 4.66988 4.61037 4.62861 4.75262 4.91108 5.05418 5.05311 4.92464 4.63315 4.49744 4.53666 4.68920 4.96604 5.03414
-99999.00000 -99999.00000 -99999.00000 -99999.00000 -99999.00000 1.41539 1.13275 1.06658 1.78426 2.46123 2.56057 2.42161 1.93236 1.55103 1.78741 1.79437 1.65071 1.96696 2.43973 2.52721 2.53476 2.61569 2.66699 2.63945 2.58043 2.53716 2.40946 2.27285 2.40570 2.10845 1.65690 2.33648 3.30207 3.53179 3.57718 3.65612 3.79063 4.06489 4.31994 4.39278 4.29324 4.17205 4.26211 4.50429 4.35806 4.19789 4.18205 4.26495 4.41747 4.55649 4.66801 4.77843 4.82704 4.73948 4.67365 4.73486 4.88895 5.06612 5.10495 4.95823 4.69427 4.56395 4.58597 4.67845 4.87962 4.81689
-99999.00000 -99999.00000 -99999.00000 -99999.00000 -99999.00000 -99999.00000 -99999.00000 -99999.00000 -99999.00000 -99999.00000 -99999.00000 -99999.00000 -99999.00000 -99999.00000 -99999.00000 -99999.00000 -99999.00000 -99999.00000 -99999.00000 -99999.00000 -99999.00000 -99999.00000 -99999.00000 -99999.00000 -99999.00000 -99999.00000 -99999.00000 -99999.00000 -99999.00000 -99999.00000 -99999.00000 -99999.00000 -99999.00000 -99999.00000 -99999.00000 -99999.00000 -99999.00000 -99999.00000 -99999.00000 -99999.00000 -99999.00000 -99999.00000 -99999.00000 -99999.00000 -99999.00000 -99999.00000 -99999.00000 -99999.00000 -99999.00000 -99999.00000 -99999.00000 -99999.00000 -99999.00000 -99999.00000 -99999.00000 -99999.00000 -99999.00000 -99999.00000 -99999.00000 -99999.00000 -99999.00000 -99999.00000 -99999.00000 -99999.00000 -99999.00000 -99999.00000
