mrvbf_slope0.8_pctl0.9.asc
NCOLS 410
NROWS 410
XLLCORNER 2398750.0000000000000000
YLLCORNER 2548750.0000000000000000
CELLSIZE 250.0000000000000000
NODATA_VALUE -99999.00000
[rows 58 to 86 of 410, columns 66 to 131 of 410]
7.62917 7.60942 7.60283 7.60675 7.60699 7.59043 7.57260 7.57431 7.58107 7.57825 7.58533 7.59731 7.57855 7.57504 7.59929 7.61352 7.61591 7.61361 7.59671 7.57815 7.58031 7.60109 7.63084 7.64656 7.65073 7.64414 7.63176 7.62520 7.62696 7.61965 7.62203 7.63701 7.64699 7.65044 7.65604 7.65804 7.65818 7.65218 7.63184 7.60731 7.59769 7.58669 7.56056 7.53001 7.47883 7.40628 7.46330 7.55662 7.60497 7.61973 7.62914 7.61804 7.61752 7.61059 7.52444 6.92405 6.90041 6.74878 7.43528 7.57060 7.56809 7.51265 7.56894 7.54558 7.60352 7.61290
7.64799 7.62209 7.59199 7.58475 7.59818 7.60843 7.61369 7.62396 7.62482 7.62141 7.61871 7.61362 7.60908 7.61013 7.62542 7.63578 7.63160 7.62755 7.61048 7.59587 7.58888 7.58310 7.60207 7.62031 7.62337 7.60927 7.58594 7.57505 7.61191 7.62508 7.62471 7.63725 7.65272 7.66136 7.66601 7.66403 7.65644 7.64008 7.61835 7.61225 7.62890 7.63148 7.61006 7.58356 7.53242 7.43780 7.42080 7.53681 7.59090 7.62061 7.63937 7.62916 7.61418 7.59646 7.54223 7.36434 6.74405 7.24287 7.46999 7.54267 7.54723 7.57371 7.46238 7.06187 7.47715 7.60467
7.62736 7.60393 7.57586 7.57325 7.60128 7.62942 7.64229 7.63819 7.62844 7.62569 7.62846 7.62704 7.62697 7.62956 7.63553 7.64337 7.64252 7.63150 7.61621 7.61723 7.61680 7.59990 7.59880 7.60209 7.59655 7.58032 7.55830 7.55803 7.58246 7.63307 7.63348 7.63834 7.65382 7.66598 7.66902 7.66431 7.65122 7.63297 7.61837 7.62713 7.64730 7.64178 7.61718 7.58007 7.52996 7.47313 7.46003 7.52222 7.59057 7.62071 7.63230 7.64326 7.63277 7.60377 7.56954 7.45401 7.20324 7.35325 7.52050 7.46734 7.43162 7.41281 7.02918 7.24645 7.06613 7.54492
7.58947 7.55626 7.55115 7.56118 7.59052 7.62285 7.64060 7.63749 7.63254 7.64058 7.65028 7.65146 7.64561 7.63467 7.62106 7.62191 7.62557 7.62267 7.61727 7.62386 7.63347 7.61934 7.61082 7.60684 7.59858 7.59113 7.59024 7.58706 7.59270 7.63985 7.63957 7.64096 7.65314 7.66540 7.66865 7.66160 7.64797 7.63271 7.62153 7.62192 7.62210 7.60484 7.58480 7.56603 7.54410 7.51692 7.49843 7.51394 7.56496 7.59464 7.60536 7.62449 7.63215 7.61104 7.56327 7.37442 7.30586 6.90241 7.36273 7.42103 7.43829 7.36952 7.34691 7.49532 7.38977 7.57433
7.55361 7.51415 7.53346 7.58833 7.59637 7.61942 7.64153 7.63943 7.64457 7.65960 7.66692 7.66260 7.64429 7.62051 7.59728 7.58354 7.58236 7.59359 7.61055 7.62559 7.63839 7.63330 7.62752 7.62513 7.61849 7.61756 7.62613 7.60548 7.61044 7.64576 7.64206 7.64252 7.65280 7.66360 7.66478 7.65814 7.64560 7.63116 7.61795 7.60466 7.58406 7.55835 7.55481 7.57068 7.57690 7.55377 7.52122 7.50415 7.51962 7.55180 7.57598 7.58327 7.60813 7.60981 7.60078 7.47730 6.86337 7.06516 7.06542 7.44695 7.45295 7.44770 6.85899 7.15971 7.01868 7.53853
7.52851 7.55397 7.56039 7.60062 7.60646 7.62111 7.64382 7.64406 7.65323 7.66603 7.66870 7.65731 7.62945 7.60130 7.58547 7.56783 7.55713 7.56916 7.59511 7.62023 7.63710 7.64167 7.64312 7.64475 7.63669 7.63522 7.63939 7.61260 7.60992 7.63989 7.63684 7.64302 7.65316 7.65993 7.65862 7.65310 7.63988 7.62155 7.60273 7.58089 7.55225 7.53427 7.54975 7.58075 7.60509 7.58714 7.54519 7.50456 7.48533 7.49995 7.52602 7.56719 7.59352 7.61388 7.61384 7.58508 7.40512 6.92469 7.35203 7.50763 7.55900 7.45148 6.77432 6.66143 7.39889 7.58177
7.56087 7.58498 7.58498 7.62128 7.61524 7.62151 7.64175 7.64184 7.64621 7.65626 7.65899 7.64754 7.61529 7.58705 7.58106 7.58263 7.58363 7.57824 7.58916 7.61293 7.63205 7.64126 7.64848 7.65457 7.64590 7.63765 7.63919 7.60580 7.59309 7.62097 7.63561 7.64408 7.65343 7.65594 7.65229 7.64209 7.62341 7.60149 7.57971 7.55637 7.53524 7.54324 7.55983 7.57794 7.61267 7.61729 7.58398 7.53421 7.48287 7.45990 7.46636 7.50610 7.56827 7.60277 7.60268 7.60083 7.56839 7.47904 7.52167 7.56223 7.53677 7.04718 7.19783 6.98444 7.51821 7.59657
7.60594 7.60260 7.59552 7.62624 7.61716 7.61809 7.63364 7.63288 7.62603 7.63152 7.63998 7.63378 7.60774 7.58691 7.58451 7.59985 7.62077 7.60720 7.59886 7.60957 7.62461 7.63504 7.64482 7.65427 7.65000 7.63138 7.61842 7.60767 7.58216 7.59970 7.63234 7.63794 7.64814 7.64447 7.63942 7.62134 7.59929 7.57977 7.56418 7.55296 7.55498 7.57677 7.56345 7.57161 7.61593 7.63582 7.61978 7.58472 7.53402 7.47963 7.43410 7.42764 7.49634 7.55696 7.59377 7.59763 7.60118 7.58784 7.56509 7.57285 7.44056 6.69592 6.78660 7.44296 7.58618 7.60053
7.62164 7.61303 7.60453 7.62019 7.62113 7.61054 7.61548 7.61358 7.60593 7.60713 7.61941 7.62592 7.61631 7.60069 7.59078 7.59465 7.61132 7.61077 7.60124 7.60613 7.61931 7.63130 7.64099 7.65042 7.65231 7.63527 7.61111 7.60072 7.59181 7.60935 7.63395 7.63720 7.63539 7.62037 7.61462 7.59803 7.57758 7.56709 7.56850 7.57817 7.59304 7.60386 7.57086 7.55852 7.59635 7.62854 7.63158 7.61512 7.58583 7.54270 7.49715 7.43854 7.44275 7.52034 7.57903 7.61174 7.61389 7.60187 7.57716 7.50514 6.75336 6.59420 6.68161 7.48243 7.57623 7.58343
7.62469 7.61481 7.61038 7.62221 7.62072 7.59811 7.59175 7.59001 7.59135 7.59571 7.60969 7.62911 7.63415 7.61922 7.60228 7.58891 7.58486 7.59020 7.59589 7.60601 7.62011 7.63370 7.64203 7.64905 7.65566 7.64903 7.63004 7.61230 7.61410 7.63552 7.64067 7.63233 7.61583 7.60233 7.58554 7.57740 7.56499 7.57325 7.59250 7.60905 7.61569 7.61088 7.58329 7.55252 7.56547 7.59986 7.61399 7.60114 7.57339 7.53994 7.50481 7.45186 7.44606 7.52488 7.58742 7.60782 7.60867 7.58488 7.56048 7.38385 6.53444 6.51494 6.84813 7.50940 7.57323 7.56835
7.60962 7.60533 7.60425 7.62430 7.61226 7.58880 7.57034 7.57272 7.58441 7.58689 7.60010 7.62544 7.64172 7.63747 7.62463 7.60709 7.59353 7.59272 7.60352 7.61623 7.62919 7.64120 7.64666 7.64849 7.64868 7.64027 7.63315 7.63405 7.63692 7.64612 7.63765 7.61846 7.60430 7.58522 7.57387 7.56483 7.56522 7.59169 7.60552 7.60347 7.59556 7.58265 7.57397 7.56484 7.55788 7.57253 7.57107 7.53994 7.50074 7.47172 7.44916 7.43826 7.47312 7.54556 7.59348 7.60225 7.58565 7.56901 7.51499 6.95236 6.72891 6.56099 7.38456 7.56987 7.58669 7.57352
7.58249 7.58303 7.59287 7.61961 7.61463 7.58439 7.55324 7.56614 7.59069 7.57810 7.58567 7.61160 7.62669 7.63632 7.64301 7.63664 7.62891 7.62355 7.62721 7.63495 7.64242 7.64867 7.64870 7.64207 7.62774 7.60604 7.59384 7.60143 7.62133 7.63981 7.63443 7.60765 7.59140 7.57724 7.58168 7.56434 7.57410 7.59023 7.58529 7.58367 7.58531 7.58114 7.57249 7.56784 7.57231 7.56190 7.51803 7.46994 7.44118 7.43462 7.43724 7.45576 7.50207 7.55272 7.58231 7.59270 7.58195 7.57346 7.47826 7.23280 6.87364 7.18612 7.54082 7.59497 7.59789 7.58367
7.56932 7.55257 7.55728 7.60125 7.61609 7.58729 7.55231 7.56258 7.59870 7.58132 7.57120 7.57989 7.58720 7.60416 7.62470 7.64129 7.65052 7.65056 7.64828 7.64550 7.64245 7.64108 7.63889 7.63000 7.60474 7.57964 7.57123 7.57061 7.58690 7.61647 7.61329 7.57846 7.56889 7.58431 7.59697 7.58500 7.58036 7.57547 7.58122 7.59631 7.60661 7.60877 7.60011 7.58844 7.57179 7.52122 7.46756 7.44388 7.44022 7.44802 7.46050 7.48354 7.51637 7.53915 7.56668 7.59058 7.56575 7.41234 6.96871 7.33309 7.36985 7.51861 7.57525 7.58647 7.60126 7.58891
7.58698 7.54421 7.50555 7.55995 7.60887 7.59367 7.55790 7.55743 7.59107 7.59254 7.56982 7.55745 7.55942 7.57430 7.59484 7.61990 7.64034 7.64302 7.63535 7.62619 7.61928 7.61773 7.62023 7.61867 7.59452 7.57226 7.58772 7.57586 7.57309 7.59398 7.58218 7.55354 7.56700 7.58709 7.60878 7.60540 7.58836 7.58971 7.60187 7.60117 7.59134 7.58926 7.58655 7.57237 7.52836 7.46355 7.44137 7.44539 7.45718 7.47436 7.48845 7.49874 7.50730 7.51797 7.53040 7.55995 7.50371 6.92403 6.84601 6.70822 7.43459 7.53604 7.53575 7.55221 7.57620 7.56156
7.59723 7.56383 7.48542 7.51797 7.59450 7.60154 7.56227 7.54690 7.57123 7.59431 7.58868 7.57882 7.57212 7.56533 7.57314 7.59504 7.61732 7.61680 7.60611 7.59706 7.59178 7.59208 7.59725 7.60380 7.60080 7.57757 7.58340 7.59477 7.58852 7.59746 7.57945 7.56614 7.58818 7.57982 7.60124 7.61241 7.60858 7.61047 7.59316 7.55535 7.52959 7.51445 7.50570 7.49538 7.46351 7.42464 7.42788 7.45902 7.48704 7.50441 7.50908 7.50176 7.50031 7.51280 7.50117 7.51995 7.52840 7.18851 6.45367 6.49281 7.21638 7.16105 7.21027 7.40341 7.52117 7.53939
7.58779 7.57822 7.51757 7.52410 7.60162 7.61136 7.56601 7.53650 7.55447 7.59365 7.61372 7.61086 7.59514 7.57713 7.56731 7.57048 7.58145 7.57947 7.57466 7.57227 7.57273 7.57431 7.57755 7.58218 7.58645 7.58243 7.59091 7.60457 7.59386 7.59918 7.58903 7.57364 7.58294 7.59054 7.59769 7.60746 7.61656 7.60272 7.55144 7.50456 7.48829 7.46265 7.43773 7.42927 7.42512 7.40430 7.43896 7.49946 7.52502 7.52543 7.51550 7.50694 7.51675 7.52925 7.49392 7.48848 7.51318 7.22514 6.57817 6.84689 6.64179 6.46561 6.45953 6.60319 7.21711 7.45349
7.59459 7.58364 7.53319 7.55273 7.61035 7.60812 7.56247 7.53313 7.55350 7.59888 7.62793 7.62448 7.61264 7.59739 7.57786 7.56002 7.55174 7.55361 7.55865 7.56447 7.56948 7.57049 7.57030 7.57096 7.57105 7.57269 7.58469 7.59157 7.58567 7.59425 7.59334 7.58510 7.58855 7.58142 7.58921 7.59768 7.60639 7.58130 7.51872 7.47860 7.48715 7.48480 7.46994 7.45130 7.43785 7.45632 7.51109 7.54071 7.55044 7.53211 7.51526 7.51580 7.54040 7.55267 7.49781 7.45153 7.38955 7.13634 6.99338 6.43082 6.37723 6.54804 6.52679 6.32000 6.35750 6.72897
7.60554 7.59226 7.55831 7.58044 7.61287 7.60002 7.55486 7.53478 7.56427 7.60793 7.63256 7.63403 7.62983 7.61831 7.59793 7.57600 7.56289 7.56349 7.57120 7.58016 7.58495 7.58355 7.58007 7.57846 7.57849 7.58260 7.59175 7.58709 7.58199 7.59738 7.59243 7.58923 7.59403 7.59521 7.58338 7.57844 7.58123 7.55091 7.49209 7.46729 7.48913 7.50780 7.51659 7.51553 7.51790 7.54164 7.54578 7.56254 7.56339 7.53519 7.51080 7.51208 7.54686 7.57312 7.50593 7.41407 7.16644 7.21760 6.72554 6.39688 6.49079 6.35851 6.40290 6.19064 6.36587 6.74760
7.61441 7.60218 7.57445 7.59006 7.61018 7.58236 7.54129 7.53984 7.58176 7.61830 7.63421 7.64210 7.64415 7.63564 7.62027 7.60731 7.60055 7.59876 7.60260 7.60927 7.61130 7.60749 7.60187 7.59914 7.60078 7.60462 7.59826 7.57913 7.58603 7.60582 7.58671 7.57807 7.58455 7.59343 7.58366 7.56451 7.55504 7.52273 7.47974 7.47245 7.49124 7.51954 7.54878 7.56517 7.57668 7.58584 7.57814 7.57452 7.56575 7.53750 7.50785 7.49688 7.52032 7.54715 7.50258 7.47010 7.39637 6.97323 6.47853 6.30491 6.39945 6.49848 6.92809 6.92164 6.55841 6.71198
7.60294 7.59666 7.59231 7.60259 7.60313 7.55582 7.53197 7.56084 7.60411 7.62313 7.63490 7.64527 7.64996 7.64397 7.63513 7.63192 7.63313 7.63253 7.63247 7.63466 7.63404 7.62970 7.62358 7.61916 7.61826 7.61164 7.59102 7.57801 7.59226 7.59428 7.57033 7.57051 7.58406 7.59018 7.58223 7.56461 7.54663 7.51639 7.48373 7.48097 7.49922 7.53327 7.56061 7.57885 7.59229 7.59618 7.59550 7.59639 7.58525 7.55747 7.52200 7.49155 7.48806 7.50668 7.49139 7.51387 7.51792 7.33326 7.08353 6.49039 6.52866 7.28000 7.47509 7.45783 7.32456 7.37310
7.58485 7.57817 7.59579 7.61003 7.58289 7.53083 7.53330 7.58304 7.61363 7.63199 7.64489 7.65108 7.65071 7.64395 7.63745 7.63932 7.64242 7.63899 7.63488 7.63423 7.63574 7.63747 7.63657 7.63053 7.62382 7.61306 7.59204 7.57849 7.58372 7.57563 7.56074 7.57635 7.58681 7.59076 7.58346 7.56993 7.55032 7.51918 7.48874 7.48770 7.50755 7.53358 7.55218 7.57262 7.57925 7.57332 7.58427 7.59862 7.59679 7.57845 7.54994 7.52172 7.49297 7.48400 7.50453 7.54884 7.54194 7.44712 7.22569 7.23651 7.32267 7.48069 7.48715 7.43945 7.41489 7.45590
7.57170 7.55891 7.59143 7.61550 7.57065 7.52049 7.53925 7.57564 7.61149 7.64338 7.65587 7.65875 7.65592 7.64631 7.63346 7.63129 7.62792 7.61563 7.60757 7.60737 7.61303 7.62208 7.63279 7.63497 7.62711 7.61735 7.60266 7.58498 7.57795 7.57667 7.57689 7.59082 7.59691 7.58987 7.57985 7.56201 7.54373 7.51813 7.49301 7.49079 7.49829 7.53584 7.54758 7.55085 7.55111 7.54348 7.56823 7.58990 7.58396 7.56024 7.54505 7.55813 7.54870 7.53533 7.55619 7.56003 7.52457 7.48649 7.46973 7.48143 7.48434 7.51492 7.49791 7.45856 7.47008 7.47099
7.56049 7.54233 7.58790 7.62144 7.56264 7.48785 7.53137 7.55664 7.59377 7.63669 7.65417 7.65811 7.65819 7.65033 7.63289 7.62301 7.60625 7.58624 7.57842 7.57951 7.58708 7.59968 7.61410 7.62674 7.62872 7.62301 7.61654 7.60815 7.60136 7.60143 7.59583 7.59463 7.60017 7.59107 7.56664 7.55111 7.51916 7.49828 7.48152 7.48119 7.48300 7.52893 7.54901 7.52799 7.52642 7.53501 7.55491 7.58436 7.57162 7.55729 7.55465 7.55572 7.57505 7.59243 7.59984 7.57182 7.52360 7.49359 7.50185 7.53051 7.52944 7.54268 7.52547 7.48159 7.50375 7.51568
7.55292 7.53528 7.59053 7.63579 7.59718 7.49533 7.47658 7.54624 7.56825 7.60961 7.64236 7.65281 7.65375 7.64645 7.62897 7.60874 7.57836 7.56501 7.56979 7.57006 7.56798 7.57316 7.58582 7.60538 7.62071 7.61956 7.61233 7.61241 7.61777 7.62071 7.60522 7.58802 7.59062 7.59332 7.57312 7.53182 7.51695 7.46739 7.46398 7.47149 7.49758 7.47549 7.52429 7.53446 7.51830 7.53741 7.57140 7.59012 7.58191 7.56613 7.56482 7.58319 7.58890 7.60338 7.61308 7.59179 7.55202 7.50718 7.48634 7.52694 7.54538 7.55810 7.55148 7.49483 7.49261 7.53610
7.55404 7.53504 7.59014 7.64029 7.61616 7.52075 7.45562 7.53355 7.56405 7.58560 7.62299 7.64435 7.64443 7.63308 7.61445 7.58048 7.56296 7.57970 7.59576 7.59403 7.57921 7.56329 7.55948 7.57742 7.60040 7.60842 7.61037 7.62145 7.62963 7.62857 7.61541 7.59259 7.57672 7.57436 7.56831 7.54118 7.50772 7.50468 7.51016 7.49229 7.48065 7.51170 7.53996 7.55170 7.54510 7.54808 7.56204 7.57076 7.59401 7.59155 7.58429 7.59664 7.60090 7.60046 7.60578 7.60234 7.58676 7.55531 7.52146 7.52915 7.55614 7.57717 7.57698 7.51930 7.48500 7.52251
7.56746 7.54428 7.58830 7.63992 7.62617 7.55060 7.46340 7.49947 7.57102 7.57389 7.59651 7.62660 7.63058 7.61867 7.58887 7.56096 7.58229 7.61536 7.62731 7.62534 7.61218 7.58864 7.56462 7.56492 7.58745 7.60448 7.61720 7.62941 7.63256 7.62733 7.61828 7.60313 7.57990 7.55760 7.54368 7.53505 7.52462 7.52349 7.51791 7.52462 7.53699 7.54253 7.54760 7.55859 7.56888 7.54938 7.54360 7.54953 7.57797 7.60018 7.59521 7.59668 7.60040 7.58865 7.58368 7.58354 7.58233 7.57681 7.56075 7.56152 7.57895 7.58941 7.56053 7.51402 7.49592 7.52043
7.58940 7.55506 7.57641 7.63010 7.63240 7.58113 7.49828 7.46763 7.53373 7.56916 7.57533 7.59303 7.60779 7.60218 7.56932 7.57104 7.61033 7.63386 7.64087 7.63838 7.62908 7.61064 7.58199 7.57028 7.58923 7.60949 7.62532 7.63090 7.62785 7.62112 7.61308 7.60214 7.58085 7.54570 7.52092 7.51964 7.52509 7.52833 7.53260 7.55610 7.57059 7.55996 7.55289 7.55839 7.55659 7.54649 7.54659 7.53293 7.56119 7.59413 7.58767 7.57979 7.57882 7.57193 7.56597 7.56311 7.56122 7.56084 7.56439 7.58137 7.59223 7.55689 7.48368 7.48780 7.51869 7.52309
7.59748 7.57294 7.56271 7.60459 7.62337 7.59512 7.54013 7.47534 7.48183 7.54469 7.56382 7.57370 7.58030 7.57430 7.56132 7.58478 7.62290 7.64019 7.64410 7.63544 7.61800 7.59193 7.56697 7.56675 7.58954 7.60782 7.62061 7.62397 7.61977 7.61241 7.60250 7.58597 7.55599 7.51649 7.50182 7.51043 7.52247 7.52916 7.54442 7.56858 7.57849 7.57219 7.55779 7.54820 7.54596 7.55384 7.54389 7.52919 7.56537 7.57969 7.56386 7.55459 7.55688 7.56178 7.56538 7.56562 7.56393 7.56286 7.57353 7.58934 7.57497 7.49609 7.46477 7.49366 7.52491 7.50737
7.61035 7.59459 7.57785 7.59691 7.61854 7.60376 7.57618 7.52379 7.45142 7.47070 7.52510 7.56655 7.57081 7.55545 7.55328 7.58777 7.62600 7.64027 7.63485 7.61486 7.58154 7.55187 7.54754 7.56661 7.58764 7.59720 7.60371 7.61068 7.60782 7.59747 7.58032 7.54985 7.51052 7.48314 7.49032 7.50777 7.51856 7.52226 7.54130 7.55722 7.56261 7.56449 7.55739 7.54484 7.54428 7.55923 7.55299 7.53587 7.54975 7.54890 7.53807 7.53835 7.55043 7.56716 7.58057 7.58671 7.58901 7.58742 7.59053 7.59775 7.57886 7.52240 7.48083 7.50041 7.52650 7.50131
