mrvbf_slope0.9_pctl0.6.asc
NCOLS 410
NROWS 410
XLLCORNER 2398750.0000000000000000
YLLCORNER 2548750.0000000000000000
CELLSIZE 250.0000000000000000
NODATA_VALUE -99999.00000
[rows 261 to 289 of 323, columns 264 to 329 of 410]
5.60364 5.94356 6.66442 6.88299 6.82667 6.32729 6.22497 6.28649 6.32131 6.65786 6.86733 6.93989 6.76784 6.25903 6.50594 6.98764 7.02980 6.98451 6.96426 6.85866 6.88539 6.86252 6.82660 7.03211 7.03553 6.83872 6.62878 6.21207 6.47271 6.34653 5.93935 6.42468 6.79712 6.55701 6.03853 6.02721 6.52044 6.56766 6.37281 6.45728 6.62482 6.80727 6.66648 6.59812 6.51645 6.44104 6.52767 6.54309 6.61433 6.66518 6.64142 6.54486 6.86293 7.09747 7.16959 7.15525 7.09503 7.01139 6.93025 6.88175 6.85558 6.83443 6.82051 6.73605 6.61498 6.79211
5.24267 6.11051 6.82325 7.05698 7.08904 6.64616 6.22164 6.46680 6.89402 7.03414 7.04116 7.02804 6.82934 6.17851 6.13245 6.85590 7.01923 6.87246 6.53031 6.47797 6.79941 6.68544 6.81258 7.12174 7.15057 7.00915 6.76866 6.36546 6.41253 6.51499 6.20037 6.37791 6.82947 6.84937 6.31888 6.14713 6.61507 6.61151 6.56561 6.50604 6.68099 6.85149 6.69655 6.50673 6.46414 6.64840 6.77520 6.72397 6.75338 6.64917 6.65177 6.71183 6.79958 7.02905 7.06785 7.01761 6.95778 6.88491 6.76846 6.61523 6.54623 6.61611 6.78360 6.83684 6.67338 6.78994
5.43025 5.96484 6.56709 7.03231 7.15234 6.78205 6.25063 6.46727 7.00052 7.03645 6.89430 6.79649 6.50711 6.04742 6.15430 6.92715 6.90340 6.47842 6.28559 6.48414 6.50673 6.46234 6.74422 7.07561 7.13398 7.06535 6.86694 6.43583 6.11063 6.15242 6.35562 6.72640 6.86531 6.91892 6.52923 6.16056 6.59638 6.82524 6.72953 6.88017 6.90325 6.94129 6.79416 6.59929 6.55547 6.61217 6.70122 6.62304 6.62334 6.39697 6.41452 6.67924 6.62728 6.79738 6.77606 6.75905 6.75971 6.73326 6.64078 6.53659 6.56119 6.71763 6.88403 6.96559 6.75454 6.75798
5.93319 6.02393 6.33473 6.96110 7.12028 6.63302 6.15942 6.55087 7.03176 6.90742 6.68639 6.77472 6.59683 6.45467 6.47426 6.52213 6.25718 6.09351 6.42796 6.83190 6.50763 6.20104 6.32876 6.71860 6.85233 6.78037 6.64289 6.43462 6.15826 6.15439 6.51593 6.91226 6.94847 6.81689 6.62830 6.11322 6.55420 7.01629 6.92752 6.94462 6.91165 6.90987 6.86918 6.65687 6.48367 6.25758 6.17322 6.22122 5.93840 6.04039 6.28149 6.48631 6.28520 6.30720 6.38084 6.48934 6.56133 6.57831 6.52453 6.51893 6.63112 6.76610 6.89944 6.95373 6.75315 6.71167
5.81750 6.27598 6.39638 6.81502 6.95859 6.41023 6.26725 6.68337 6.97075 6.87929 6.34252 6.52815 7.00246 7.04630 6.81447 6.15633 5.96749 6.24689 6.77628 6.94938 6.86496 6.59072 6.19910 6.20182 6.34566 6.47261 6.66518 6.72416 6.65937 6.63802 6.62413 6.88131 7.01332 6.79837 6.63788 6.12536 6.55643 6.97289 6.81175 6.85631 6.78632 6.80477 6.78420 6.58862 6.48693 6.39156 6.26650 6.15183 5.83427 5.87853 5.66283 6.18258 6.02904 6.10922 6.27622 6.38009 6.43545 6.45242 6.43970 6.50367 6.59867 6.62754 6.77069 6.80551 6.66441 6.67848
6.24107 6.50070 6.60314 6.86258 6.90174 6.52512 6.44661 6.47756 6.60781 6.73934 6.37350 6.58530 7.19205 7.21369 6.70832 6.27236 6.59887 6.79760 6.77324 6.74931 6.91075 6.97458 6.70433 6.29449 6.15942 6.33459 6.75008 6.93546 6.97499 6.79103 6.63057 6.88075 7.08726 6.94382 6.62557 6.31311 6.74412 6.95359 6.76956 6.83983 6.89820 6.79555 6.60852 6.58906 6.66232 6.71128 6.52762 6.47481 6.26921 5.65586 5.87192 6.27534 6.26710 6.34230 6.41611 6.42478 6.42087 6.42935 6.47285 6.58608 6.67644 6.56218 6.62267 6.64486 6.58229 6.64606
6.62483 6.71441 6.79239 7.04309 7.02726 6.84613 6.70781 6.57933 6.41407 6.57580 6.58616 6.83339 7.23097 7.12659 6.49810 6.51236 6.99102 6.73948 6.51858 6.81494 6.97990 6.93392 6.86191 6.69516 6.49889 6.39420 6.63189 6.96885 7.05109 6.84916 6.60175 6.75684 7.04651 6.99520 6.65843 6.45058 6.82338 6.82654 6.59485 6.79951 6.92637 6.71476 6.46194 6.59266 6.69599 6.69024 6.37815 6.21939 6.00175 5.82535 6.23198 6.52748 6.62717 6.63989 6.57496 6.54060 6.51574 6.52723 6.59930 6.70619 6.76829 6.64008 6.59883 6.54018 6.48568 6.52974
6.52510 6.43068 6.49484 6.90891 6.92504 6.90358 6.99182 7.00809 6.74466 6.61228 6.75060 6.92542 7.15580 6.86239 6.44429 6.78105 6.97251 6.52885 6.54485 7.03919 7.08906 6.84734 6.85296 7.02532 6.97335 6.73051 6.64149 6.84913 6.93684 6.86441 6.66927 6.68041 6.94164 6.84172 6.58733 6.20516 6.45160 6.19962 6.05063 6.54275 6.83483 6.49469 6.38001 6.61794 6.73609 6.57950 6.18191 5.86771 5.56969 5.87638 5.98862 6.48527 6.76007 6.73311 6.67407 6.68069 6.64003 6.57794 6.56060 6.58617 6.61019 6.54259 6.49272 6.40385 6.37272 6.43583
6.78313 6.55547 6.34103 6.70993 6.73916 6.92949 6.93293 7.05428 7.01850 6.80860 6.81637 7.00665 7.05911 6.74510 6.62646 6.81883 6.74806 6.42857 6.71002 7.15278 7.18212 6.85940 6.66753 6.98674 7.03058 6.73710 6.56696 6.68440 6.75600 6.71399 6.66052 6.79475 7.01003 6.87874 6.69543 6.35462 6.18692 5.82257 6.02316 6.18841 6.55376 6.24009 6.39842 6.47100 6.60018 6.39987 6.32168 6.30477 6.09234 5.80064 6.06397 6.43171 6.62554 6.59297 6.62971 6.64585 6.52609 6.30909 6.15358 6.12327 6.12587 6.09411 6.12296 6.20485 6.35051 6.53698
6.86311 6.62562 6.48848 6.79741 6.85366 6.91737 6.97879 7.09183 7.17758 7.08998 7.04568 7.18139 7.14996 6.85591 6.60949 6.65209 6.61576 6.59573 6.95638 7.22335 7.24630 7.04760 6.67797 6.83682 6.94202 6.67115 6.55092 6.68068 6.75107 6.71347 6.76138 6.92481 7.03894 6.94248 6.80366 6.73913 6.32531 6.13783 6.42474 6.12173 6.32753 6.22239 6.40785 6.34244 6.22074 6.27740 6.37466 6.18705 6.22375 6.24881 6.17895 5.99486 5.92192 6.02975 6.32692 6.29063 5.96945 5.71334 5.61542 5.63115 5.62927 5.60627 5.70559 6.00091 6.36971 6.64038
6.86162 6.60485 6.52262 6.82273 6.92413 6.90054 7.00625 7.14755 7.23407 7.23619 7.23096 7.25093 7.21698 7.07201 6.85372 6.77338 6.80873 6.94525 7.14157 7.25867 7.27368 7.16142 6.84053 6.82959 6.89312 6.70460 6.67154 6.77853 6.78063 6.72170 6.79716 6.84575 6.83092 6.83331 6.84956 6.70260 6.36995 6.38826 6.61093 6.23574 6.20958 6.32799 6.23646 6.12165 5.94455 5.94508 5.84478 5.99169 6.03283 5.99560 5.75084 5.38499 5.20716 5.22371 5.44735 5.54432 5.34670 5.27469 5.35310 5.47409 5.49848 5.46199 5.53974 5.81568 6.15848 6.43925
6.73367 6.46146 6.29994 6.58934 6.83949 6.90962 6.99642 7.12952 7.19536 7.22856 7.25351 7.25589 7.22281 7.15729 7.10413 7.05597 7.07511 7.13136 7.14459 7.19594 7.22297 7.10435 6.85926 6.88470 6.80640 6.77492 6.86750 6.89666 6.70785 6.30023 6.14026 6.34107 6.46847 6.46314 6.50677 6.44399 6.33177 6.45722 6.62852 6.34094 6.18028 6.31659 5.92359 5.78787 5.92039 5.50015 5.64123 5.72099 6.26479 6.22436 5.66281 5.24753 5.06741 4.93497 4.93311 5.10046 5.14019 5.24299 5.50003 5.76346 5.83203 5.75097 5.72778 5.86864 5.99940 6.03307
6.49676 6.31060 6.05087 6.13943 6.40961 6.59945 6.76299 6.93024 7.01546 7.09240 7.17164 7.20401 7.18517 7.15906 7.16242 7.15421 7.08000 7.00410 6.93173 6.92763 7.00236 7.02263 6.92330 6.82648 6.82182 6.94475 7.04305 6.96938 6.74240 6.44496 6.27875 6.35736 6.55083 6.51737 6.44666 6.41521 6.38311 6.47757 6.55458 6.34091 5.98730 5.82207 5.67039 5.67616 6.11624 5.93415 5.36970 5.66725 6.19104 6.03518 5.57882 5.39765 5.41158 5.32584 5.20347 5.35903 5.51116 5.77001 6.11023 6.34484 6.41283 6.36316 6.20811 6.20038 6.28586 6.09888
6.30840 6.16494 5.89742 5.79875 5.89511 5.97950 6.09765 6.26159 6.40953 6.65272 6.97174 7.10575 7.11786 7.12540 7.12052 7.02206 6.82361 6.78635 6.79002 6.69198 6.62701 6.80251 6.89250 6.87102 6.96493 7.04683 7.01753 6.91182 6.83836 6.62433 6.49402 6.68828 6.79688 6.75172 6.67028 6.51818 6.36202 6.31023 6.25586 6.10119 5.74042 5.45607 5.46336 5.83898 6.27759 6.38187 5.92476 5.53075 5.87536 5.83266 5.45032 5.57006 6.01343 6.09531 6.04662 6.23848 6.32003 6.47217 6.58481 6.70403 6.70612 6.59054 6.42246 6.40370 6.53013 6.35485
6.22639 6.04528 5.79472 5.59869 5.53938 5.54857 5.61771 5.66570 5.71132 5.88526 6.45302 6.91462 7.04282 7.05849 7.03723 6.77493 6.55270 6.74959 6.87088 6.78976 6.50442 6.36128 6.58017 6.69954 6.83932 6.89869 6.78475 6.65358 6.58264 6.64430 6.66362 6.63711 6.66575 6.70945 6.65388 6.32237 6.04523 5.92424 5.82439 5.73983 5.61214 5.57296 5.49989 5.76462 6.33907 6.31168 6.07503 5.52416 5.43989 5.58062 5.42582 5.77365 6.38345 6.36545 6.58222 6.80356 6.73435 6.75790 6.84203 6.82464 6.62199 6.41937 6.22445 6.17492 6.24879 6.10609
6.05494 5.85245 5.67159 5.52153 5.46731 5.53856 5.64324 5.68193 5.61857 5.47397 5.74396 6.50291 6.87349 6.95250 6.93362 6.63972 6.43123 6.68748 6.83767 6.84084 6.66915 6.20110 6.02097 6.07973 6.27423 6.52624 6.49563 6.39710 6.29447 6.21621 6.21234 6.14096 6.23791 6.36060 6.28499 5.86719 5.64868 5.60205 5.55919 5.58609 5.77823 5.82351 5.73806 5.67204 6.15103 6.19903 6.24344 5.92659 5.49122 5.44249 5.54018 6.05830 6.48624 6.52309 6.83762 6.96710 6.82869 6.77642 6.82898 6.67045 6.35386 6.22689 6.03442 5.77114 5.73105 5.58575
5.63423 5.55236 5.51454 5.52033 5.61241 5.80326 5.96541 6.02903 5.89962 5.47834 5.32118 5.87173 6.42510 6.53513 6.58157 6.55857 6.48465 6.55577 6.63490 6.58590 6.46383 6.22011 5.80595 5.61486 5.60023 5.84876 6.16250 6.09977 6.09399 6.05706 5.98689 6.06892 6.04851 6.07601 5.89267 5.51061 5.40938 5.48124 5.51127 5.67879 5.93453 5.81688 5.95694 6.02156 6.14100 6.47525 6.45746 6.41531 6.15814 5.88988 6.03268 6.47368 6.62417 6.42731 6.67737 6.94807 6.83187 6.73895 6.77352 6.59683 6.51844 6.63275 6.63431 6.34401 6.11946 5.91338
5.26764 5.33675 5.39458 5.45633 5.53996 5.75351 6.05107 6.17919 6.09817 5.75311 5.29886 5.36883 5.70354 5.84321 5.95378 6.16801 6.46262 6.63643 6.65384 6.44940 6.04570 5.83446 5.64397 5.39249 5.19796 5.13391 5.28675 5.70768 5.82553 5.85923 6.07340 6.20074 6.12213 6.05899 5.66330 5.26044 5.18567 5.28398 5.35087 5.74758 5.83160 5.68900 5.66911 6.07957 6.33825 6.65663 6.62623 6.51100 6.49791 6.34674 6.47096 6.66021 6.67913 6.48398 6.60868 6.88681 6.79142 6.61069 6.59919 6.72531 6.75005 6.69855 6.70551 6.76779 6.83642 6.80301
5.25445 5.34886 5.40055 5.39191 5.33539 5.43155 5.73152 6.02454 6.11669 5.97151 5.60723 5.33407 5.41278 5.66355 5.82012 5.87850 6.12172 6.44241 6.57830 6.23226 5.56220 5.34504 5.41483 5.36212 5.23110 5.08170 4.99598 5.21009 5.44537 5.72149 5.96647 5.99285 5.98238 5.97363 5.39495 4.96967 4.95415 5.07818 5.24890 5.38080 5.48208 5.40321 5.42934 5.83767 6.21580 6.48161 6.50268 6.51096 6.61966 6.53341 6.52830 6.61225 6.61112 6.44916 6.63477 6.67385 6.28367 6.16717 6.55052 6.88024 6.93353 6.84261 6.71303 6.70859 6.86672 7.01679
5.61183 5.58176 5.55688 5.48445 5.32535 5.23316 5.36245 5.74148 6.06728 5.90709 5.55722 5.36501 5.44284 5.83031 6.04834 5.83774 5.78196 5.95915 6.04332 5.51066 5.08477 5.22126 5.48334 5.62391 5.65574 5.59764 5.47801 5.51468 5.76934 5.98031 5.89061 5.70343 5.57089 5.50839 5.02582 4.76493 5.03424 5.50861 5.79781 5.59083 5.70849 5.50080 5.40730 5.70311 6.01731 6.20543 6.26431 6.33315 6.51042 6.59833 6.53288 6.44222 6.18787 5.89536 6.14213 6.10341 5.87186 6.20130 6.55570 6.81940 7.03895 7.08652 6.94246 6.68590 6.66214 6.83072
5.78275 5.75540 5.60118 5.59985 5.45563 5.24249 5.19288 5.34249 5.49779 5.31325 5.25708 5.31155 5.35975 5.64526 5.90282 5.69239 5.58157 5.66691 5.61944 5.12672 5.10759 5.54689 5.61996 5.64317 5.71787 5.86012 5.86564 5.99449 6.24532 6.18753 5.93668 5.54899 5.12185 4.82065 4.66959 4.76293 5.20845 5.41273 5.69449 5.72519 6.01560 6.10545 5.97328 6.08754 6.06758 6.03722 6.08181 6.05643 6.20252 6.40125 6.25587 5.91852 5.71429 5.67188 5.66553 5.85239 6.08924 6.56205 6.53143 6.66725 7.01432 7.18200 7.12688 6.81735 6.52164 6.54930
5.72453 5.69777 5.51900 5.59532 5.45588 5.26994 5.22181 5.25900 5.24805 5.24671 5.40273 5.34461 5.28416 5.45580 5.58512 5.56492 5.44785 5.50141 5.50653 5.13455 5.44483 5.64679 5.74370 5.72926 5.91404 6.09113 6.18042 6.24352 6.14670 5.81946 5.69962 5.41490 4.89298 4.56784 4.54198 4.81056 5.08248 5.31712 5.62696 6.14200 6.49202 6.58237 6.44900 6.10174 5.83079 5.70397 5.58824 5.43166 5.51241 5.76721 5.75198 5.60950 5.77867 6.22275 6.06642 6.27410 6.57497 6.79463 6.56003 6.52207 6.84311 7.09846 7.13500 6.92316 6.55677 6.34196
5.40080 5.75659 5.40233 5.22447 5.20114 5.17815 5.26910 5.45743 5.54934 5.68642 5.70653 5.41350 5.33013 5.49707 5.41540 5.43436 5.25707 5.19056 5.35855 5.13730 5.44532 5.54260 5.68566 6.00141 6.37485 6.44250 6.42435 6.24187 5.78585 5.52069 5.58703 5.38864 4.82999 4.69485 4.84203 5.24294 5.20138 5.42554 5.94047 6.56117 6.77776 6.63923 6.26405 5.85140 5.64253 5.50157 5.28977 5.02805 4.97384 5.21822 5.35219 5.40637 5.84696 6.39229 6.47937 6.65862 6.76659 6.86624 6.67028 6.45706 6.50453 6.74472 6.93484 6.92210 6.62586 6.24305
5.26038 5.37106 5.32278 5.24308 5.08540 5.05148 5.21407 5.57466 5.87601 5.94435 5.75362 5.43880 5.35146 5.42513 5.19522 5.16750 5.01066 4.82085 4.88473 4.97193 5.19860 5.24492 5.12207 5.27151 5.97412 6.43149 6.30751 5.92432 5.60396 5.69627 5.59162 5.40007 4.82509 4.86431 5.21529 5.22677 5.32125 5.64807 6.15638 6.66157 6.78788 6.44057 5.92544 5.66683 5.65117 5.65031 5.53812 5.38963 5.19304 5.16344 4.99869 5.11235 5.60657 6.10567 6.39877 6.66389 6.70637 6.85240 6.77700 6.52604 6.31848 6.30097 6.50333 6.67796 6.51503 6.19040
5.12821 5.03362 5.28454 5.47194 5.14927 4.97716 5.08721 5.44895 5.87106 5.93882 5.75616 5.42961 5.20857 5.14916 5.10789 5.16380 5.02218 4.79756 4.72765 4.89774 5.16527 5.28099 5.18837 4.99767 5.29877 5.96101 5.64613 5.39626 5.46920 5.68044 5.44080 5.14962 4.78727 4.92740 5.46544 5.27838 5.22757 5.44937 6.01447 6.59648 6.68415 6.18159 5.59546 5.49258 5.74726 6.04353 6.12989 6.04012 5.69891 5.34028 4.98996 5.19337 5.41427 5.73612 6.21875 6.55321 6.57654 6.72583 6.73523 6.61441 6.45093 6.25171 6.11928 6.17619 6.22165 6.25475
4.93916 4.92177 5.33785 5.45345 5.12232 4.91237 4.96164 5.23315 5.63071 5.73633 5.56909 5.19513 4.93235 4.94936 5.23485 5.24016 5.14212 5.03751 4.93251 5.10443 5.47409 5.66855 5.48003 5.02341 5.19749 5.36481 5.06523 5.09130 5.27327 5.44640 5.16695 4.91818 4.84501 5.26174 5.64030 5.50225 5.22098 5.22659 5.76952 6.43238 6.52925 5.99025 5.31425 5.31444 5.86472 6.20436 6.41654 6.33403 6.04176 5.51053 5.46209 5.63851 5.48297 5.68476 6.09256 6.26443 6.33802 6.51252 6.61327 6.64335 6.51612 6.14848 5.84484 5.84228 6.12326 6.55695
4.90804 4.95571 5.29583 5.34888 4.96945 4.82922 4.87276 4.94530 5.09014 5.10829 5.06887 4.90265 4.75538 4.75880 5.10540 5.09799 5.07050 5.26264 5.25379 5.35874 5.66713 5.77445 5.58596 5.09834 5.10845 5.06851 5.01879 5.33043 5.46876 5.52232 5.28456 5.13820 5.25576 5.62135 5.71988 5.64121 5.23097 5.15206 5.65105 6.24083 6.25092 5.83710 5.14805 5.11261 5.87101 6.15923 6.45245 6.40368 6.22998 5.91458 5.95514 6.06220 5.69296 5.73993 5.98913 6.10046 6.31865 6.47956 6.53252 6.47944 6.20631 5.84157 5.65472 5.78433 6.33585 6.85741
4.95767 4.97388 5.19993 5.36070 4.83093 4.73837 4.78816 4.72486 4.70034 4.74463 4.85316 4.86091 4.82064 4.66496 4.76131 4.92095 5.05588 5.21443 5.16008 5.30285 5.68162 5.67680 5.46015 5.22134 5.14478 5.26140 5.17957 5.37709 5.61629 5.63060 5.32344 5.16820 5.35387 5.63487 5.49933 5.37413 5.08660 5.07694 5.51197 5.75518 5.40771 5.18407 4.97259 5.01090 5.59048 5.91884 6.30618 6.45576 6.22908 6.00813 6.21247 6.37928 6.14641 6.03568 6.19291 6.38911 6.59373 6.59750 6.43034 6.17233 5.87376 5.66512 5.65470 5.97045 6.58378 6.94140
4.94263 4.97120 5.16630 5.36579 5.00070 4.66719 4.67714 4.67581 4.65498 4.71891 4.89029 5.09821 5.12440 4.76671 4.64146 4.81515 5.18051 5.11560 5.12437 5.45541 5.60634 5.39010 5.21929 5.01186 5.19667 5.18351 5.02496 5.07143 5.33265 5.30315 5.16033 5.02226 5.13486 5.13728 5.26338 5.13077 4.88593 4.85162 5.04367 4.87942 4.68548 4.67376 4.69355 4.86937 5.26369 5.40313 5.69286 6.15903 5.99041 5.87409 6.30557 6.39254 6.25434 6.26822 6.41193 6.51826 6.53705 6.43685 6.18449 5.94346 5.76098 5.70390 5.79653 6.13065 6.61054 6.83078
