mrvbf_slope0.5_pctl1.1.asc
NCOLS 410
NROWS 410
XLLCORNER 2398750.0000000000000000
YLLCORNER 2548750.0000000000000000
CELLSIZE 250.0000000000000000
NODATA_VALUE -99999.00000
[rows 174 to 202 of 410, columns 330 to 395 of 410]
1.15951 1.04930 1.01422 1.08900 0.59621 0.44983 0.63240 1.31910 1.60680 1.76911 2.02487 2.34180 2.40743 2.42867 2.47318 2.56029 2.60970 2.72522 3.01262 3.06220 2.95395 3.05904 3.36321 3.36162 3.40948 3.47438 3.48245 3.50988 3.66313 3.85104 3.65685 3.50061 3.37810 3.36863 3.17872 3.06581 2.74037 2.37400 2.36674 2.44585 2.41024 1.96701 2.03341 1.97074 1.80332 1.19493 0.59773 0.39351 0.23598 0.19804 0.32693 0.69033 1.43902 2.04870 3.20375 3.88496 4.27793 4.49846 4.54084 4.33822 3.07883 2.47916 3.88140 4.18347 4.40064 4.51997
1.11712 0.67609 0.69962 1.10251 0.92114 0.74843 1.16471 1.60754 1.79820 1.90383 2.20587 2.40922 2.48479 2.53236 2.55060 2.55506 2.59861 2.76385 3.03030 3.13486 3.09018 3.35773 3.56425 3.56017 3.63116 3.77388 3.86800 3.93955 4.06151 4.04922 3.89110 3.72018 3.57047 3.46816 3.42946 3.61562 3.42778 3.20022 2.72845 2.50505 2.65354 2.92701 3.03587 2.32159 2.02105 1.76354 1.32400 0.68929 0.48736 0.30203 0.32231 0.41161 0.54527 0.77616 2.10157 3.36139 4.09325 4.30019 4.22124 4.18222 4.01316 4.03681 4.20602 4.43652 4.49942 4.41651
0.63006 0.46347 0.61578 0.63295 0.58559 0.83722 1.45682 1.92252 1.90527 2.10090 2.36532 2.46916 2.55198 2.61213 2.61864 2.62743 2.60851 2.69143 2.91944 3.09884 3.34590 3.60933 3.66667 3.75233 3.84098 3.92682 4.04985 4.13104 4.22833 4.23501 4.10345 3.94009 3.81322 3.58253 3.64455 3.71572 3.78139 3.73554 3.59783 3.10187 2.73959 3.16664 3.61280 3.13302 2.52055 2.35174 1.92015 1.68296 1.10409 0.57392 0.42317 0.30765 0.28808 0.55880 0.79512 2.16773 2.71268 3.50810 4.01832 4.21867 4.24691 3.55216 2.70281 3.71951 4.54477 4.55583
0.70226 1.05040 1.27959 1.12903 0.77805 1.25733 1.79722 2.18077 2.30747 2.45370 2.53843 2.60672 2.66775 2.74363 2.83251 2.92170 3.01841 3.09218 3.24604 3.47055 3.66494 3.76209 3.76831 3.89759 3.92372 4.03972 4.21253 4.27129 4.23905 4.26408 4.16812 4.26653 4.07506 3.67513 3.69559 3.84387 4.01993 3.96111 3.98681 3.75228 3.14490 2.93122 3.71239 3.76337 3.54533 3.44721 3.19783 2.93175 1.89024 1.42663 0.60087 0.37260 0.20632 0.22806 0.41442 0.65454 1.53610 2.39350 3.70036 4.26843 4.04512 2.54608 3.15694 3.03389 4.40115 4.61986
1.41456 1.75595 1.85218 1.81646 1.63139 1.92001 2.28925 2.50366 2.60370 2.64589 2.76334 2.96198 3.01315 3.03430 3.21034 3.33507 3.55163 3.61429 3.65597 3.75596 3.83995 3.85590 4.04586 4.03727 4.06338 4.21574 4.35983 4.42369 4.34370 4.31744 4.25066 4.30563 4.27889 3.93521 3.73818 3.91339 4.13779 4.10512 4.09168 4.02860 3.86436 3.18074 3.29229 3.74479 3.93902 4.02520 4.00259 3.92518 3.24399 1.89009 1.38272 0.60399 0.28600 0.21202 0.25254 0.50850 0.81491 1.72968 2.98045 4.10183 4.33570 3.81711 3.03011 4.23578 4.60141 4.67433
2.20483 2.46850 2.54382 2.59713 2.36602 2.42424 2.65521 2.97259 2.86830 2.88185 3.18579 3.32927 3.37100 3.42407 3.55701 3.64955 3.78566 3.85549 3.93373 3.97119 4.00389 4.13373 4.15248 4.16348 4.27345 4.29824 4.37289 4.40955 4.44131 4.42582 4.44235 4.36089 4.36030 4.25740 3.92828 3.79642 3.99787 4.26669 4.32221 4.16048 3.93602 3.76402 3.55285 3.78233 3.96982 4.14961 4.17215 4.07681 4.06998 3.39523 2.07191 1.52968 0.59862 0.40851 0.28690 0.37617 0.48973 0.78138 2.70450 3.96292 4.27411 4.49299 4.27582 4.36572 4.54300 4.49334
2.65415 2.98561 2.90670 2.95795 2.62751 2.82465 3.30239 3.42294 3.16740 3.20496 3.52286 3.60775 3.64912 3.83905 3.97923 4.01854 4.03649 4.18414 4.24894 4.31407 4.31225 4.27165 4.21711 4.38049 4.47513 4.44070 4.42127 4.42111 4.45408 4.51000 4.49154 4.50381 4.47781 4.38809 4.21459 3.89553 3.86681 4.21356 4.31379 4.15315 3.97755 3.96629 4.03189 4.02626 4.10213 4.21390 4.22584 4.27624 4.22722 4.12033 3.69089 2.24639 1.39001 0.54729 0.36030 0.27975 0.36484 0.63613 1.87116 3.89149 4.08259 4.24771 4.09978 4.32027 3.99967 3.67009
3.43887 3.83762 3.55430 3.36774 2.94916 3.36446 3.83332 3.73570 3.46018 3.43331 3.63256 3.79656 3.96242 4.18004 4.20307 4.14940 4.16242 4.33832 4.36828 4.42849 4.43313 4.33051 4.30702 4.42168 4.51119 4.52180 4.50413 4.48594 4.48933 4.51165 4.54280 4.52008 4.51817 4.46060 4.38373 4.17174 3.92960 4.10450 4.23448 4.16527 4.21749 4.23088 4.36959 4.31400 4.39891 4.28525 4.32035 4.38061 4.41499 4.30982 4.22478 3.69068 2.12404 1.32477 0.53859 0.30837 0.27391 0.40175 0.85851 3.14915 4.14144 4.10153 3.96387 3.52299 3.06529 3.57649
4.21798 4.21598 3.95505 3.58941 3.36138 3.97917 4.19427 3.94743 3.70731 3.58886 3.77266 3.91168 4.05557 4.23490 4.24526 4.24634 4.34470 4.40992 4.43106 4.42757 4.42440 4.40612 4.39928 4.46975 4.59501 4.65639 4.63386 4.60424 4.55363 4.52039 4.55983 4.54434 4.53240 4.55145 4.48178 4.38814 4.22539 4.23744 4.35172 4.29901 4.30200 4.32226 4.35160 4.29125 4.43889 4.41218 4.30060 4.44013 4.55240 4.48368 4.43041 4.33766 3.76227 2.23691 1.23203 0.51267 0.27127 0.29610 0.61314 2.16751 3.79283 3.91959 3.91502 3.66379 3.46411 2.83233
4.38757 4.36915 4.21453 3.79838 3.74469 4.18488 4.29191 4.11776 3.78396 3.88360 3.98943 4.09129 4.19205 4.23438 4.36984 4.43006 4.46376 4.50916 4.47996 4.49204 4.48030 4.49271 4.54173 4.60338 4.65963 4.70834 4.72100 4.71100 4.65219 4.57341 4.57798 4.58758 4.61920 4.63003 4.58727 4.47196 4.29188 4.19596 4.31565 4.28951 4.33657 4.46693 4.43954 4.36807 4.38686 4.47144 4.40942 4.34392 4.48347 4.51455 4.50814 4.39619 4.01662 3.69747 2.19756 0.78836 0.34521 0.24913 0.43735 0.72979 1.60709 2.81630 4.03704 4.25618 4.22160 3.94951
4.49307 4.49180 4.37022 4.19917 4.00067 4.15469 4.30761 4.20785 4.00221 4.14564 4.17738 4.23995 4.32302 4.37456 4.42103 4.44634 4.49752 4.52004 4.52855 4.50930 4.53168 4.52417 4.58035 4.66582 4.66919 4.59920 4.59134 4.62035 4.59247 4.58715 4.60534 4.60352 4.67728 4.67101 4.61959 4.52358 4.40736 4.26311 4.34277 4.33547 4.43618 4.41253 4.45926 4.45876 4.47159 4.47547 4.50456 4.41072 4.37326 4.45401 4.51013 4.42317 4.28904 4.09541 4.04686 1.85570 0.56556 0.26443 0.28498 0.50070 0.86093 1.17658 3.54457 4.43695 4.48535 4.41581
4.50673 4.43903 4.39136 4.30685 4.08097 4.17820 4.35035 4.29906 4.13882 4.15150 4.28925 4.28352 4.37703 4.45483 4.46591 4.48125 4.52874 4.56589 4.54464 4.49520 4.50538 4.53622 4.56913 4.62926 4.55106 4.43291 4.39527 4.50629 4.54764 4.60878 4.52122 4.46480 4.59574 4.66572 4.60415 4.56441 4.45638 4.31728 4.36488 4.43190 4.47016 4.47823 4.52142 4.51669 4.48582 4.45956 4.38513 4.38095 4.39660 4.39104 4.51342 4.51748 4.45665 4.41103 4.26624 3.94687 1.60488 0.47890 0.35645 0.79018 1.68130 0.84146 1.91486 4.29639 4.39397 4.41229
4.49223 4.41912 4.35025 4.33741 4.19239 4.15783 4.33828 4.33956 4.27136 4.18234 4.36454 4.38507 4.37835 4.43429 4.47216 4.50597 4.58103 4.60962 4.53709 4.53338 4.48210 4.51734 4.56440 4.53089 4.28198 3.91600 3.90814 4.21215 4.47880 4.59029 4.38049 4.12512 4.32520 4.41041 4.50436 4.52335 4.52988 4.42722 4.40835 4.51786 4.50857 4.55145 4.51645 4.53219 4.53752 4.48946 4.44536 4.20961 4.18353 4.27143 4.40944 4.53164 4.52408 4.49330 4.47931 4.42501 3.79295 1.61715 0.62109 0.57629 0.47570 0.58465 0.65869 2.51449 4.43449 4.53331
4.43065 4.35837 4.28289 4.27908 4.24992 4.25668 4.40302 4.34481 4.34083 4.14364 4.19003 4.31245 4.41845 4.45959 4.47938 4.54695 4.60954 4.64896 4.60534 4.55413 4.55830 4.59862 4.60289 4.43717 3.95699 3.84991 3.87534 3.89950 4.33421 4.49380 4.10038 4.14599 3.88975 3.86431 4.19363 4.43945 4.51798 4.49199 4.47688 4.48860 4.53401 4.49948 4.41382 4.50906 4.49315 4.41603 4.45627 4.31706 4.27186 4.23734 4.29179 4.42456 4.51622 4.52808 4.57187 4.54545 4.43324 3.20575 0.96000 0.37989 0.37619 0.87118 0.62688 0.69593 3.85344 4.62742
4.13115 4.08994 4.12131 4.15258 4.19632 4.28381 4.40636 4.44393 4.38735 4.34698 4.22514 4.16402 4.28150 4.42629 4.47886 4.57053 4.64668 4.67716 4.63780 4.59752 4.57253 4.58650 4.61084 4.54400 4.25985 3.89829 3.86833 4.09394 4.53234 4.62968 4.44624 3.98459 3.85437 3.95216 3.83665 4.34119 4.56619 4.55165 4.52320 4.43816 4.49255 4.34781 3.82376 4.24598 4.03575 3.53693 4.23147 4.31330 4.16978 4.37981 4.43490 4.40650 4.45174 4.53901 4.59591 4.56584 4.48164 4.37506 2.92918 0.88265 0.63079 1.16422 1.73889 1.58894 3.83610 4.56596
4.10030 4.03609 4.07421 4.16127 4.25127 4.35531 4.45902 4.45033 4.47651 4.48596 4.46562 4.37701 4.33418 4.39364 4.48236 4.56496 4.61159 4.55299 4.52390 4.53942 4.56453 4.55925 4.50870 4.45861 4.20335 4.22880 4.41375 4.46399 4.54786 4.60935 4.59349 4.50865 4.35632 3.95195 4.29997 4.53583 4.59834 4.56443 4.48907 4.50676 4.42276 3.91692 4.09342 3.96368 3.63262 3.69712 3.27670 3.45011 3.26745 4.18515 4.50118 4.51187 4.45057 4.48463 4.56112 4.60190 4.56564 4.50912 4.14707 2.39478 1.12032 1.21175 1.97781 1.96834 4.26366 4.55070
4.41409 4.43578 4.45913 4.48480 4.53812 4.53788 4.50329 4.50678 4.48696 4.53876 4.47117 4.38230 4.42187 4.51253 4.56676 4.59232 4.55080 4.39961 4.38285 4.44109 4.44867 4.34454 4.09358 4.17447 4.23512 4.06163 4.44112 4.46789 4.53511 4.59871 4.61307 4.62319 4.60802 4.52823 4.62008 4.63312 4.64356 4.61343 4.54705 4.52002 4.55842 4.42626 3.89135 4.37954 4.20607 3.75190 3.76231 3.30922 3.29763 3.70065 4.44886 4.41493 4.42397 4.51175 4.58617 4.59612 4.62274 4.59771 4.39554 3.38943 1.01326 0.43273 0.78551 1.35275 4.11445 4.51978
4.46688 4.51266 4.55776 4.61678 4.67328 4.68718 4.62962 4.57025 4.50587 4.53652 4.50161 4.42290 4.48832 4.55511 4.60322 4.59986 4.46644 4.36822 4.46660 4.50839 4.39405 3.92980 3.95916 4.17152 4.14408 4.12884 3.99375 3.93718 4.34396 4.54880 4.55229 4.54906 4.58574 4.62510 4.64999 4.65971 4.70064 4.64356 4.60312 4.61969 4.64287 4.58988 4.54145 4.63131 4.61601 4.54474 4.48235 3.90151 3.51261 4.39006 4.53379 4.52050 4.47886 4.48929 4.54445 4.60471 4.66466 4.64659 4.55876 4.05115 1.40484 0.39434 0.70315 1.19278 4.09176 4.50505
4.53285 4.58634 4.58538 4.60841 4.66807 4.73338 4.72456 4.61793 4.56203 4.52485 4.54075 4.47356 4.48458 4.52647 4.58546 4.57997 4.46961 4.48447 4.52878 4.50190 4.23760 3.90097 3.99688 4.23932 4.25184 4.02398 3.88978 4.05924 3.99955 4.46462 4.57663 4.55130 4.55266 4.58385 4.62912 4.67217 4.69905 4.65357 4.62673 4.66313 4.60674 4.59941 4.61766 4.67765 4.69366 4.68610 4.63273 4.54555 4.50072 4.60879 4.58588 4.50576 4.56396 4.53686 4.54080 4.58563 4.63729 4.64699 4.60600 4.49458 2.87839 0.60664 0.40742 0.53833 3.17437 4.32999
4.57449 4.67022 4.62316 4.60709 4.61521 4.65663 4.69827 4.68543 4.61807 4.57987 4.57184 4.56890 4.50614 4.50155 4.56393 4.55899 4.49831 4.53295 4.53921 4.41162 4.11751 4.23868 4.21828 4.44163 4.44398 4.43294 4.33445 4.03572 4.39040 4.57594 4.66259 4.68132 4.64842 4.63493 4.65664 4.70014 4.67825 4.64835 4.67236 4.74304 4.67796 4.61596 4.63349 4.66202 4.68911 4.73184 4.66426 4.64401 4.61962 4.65014 4.60702 4.58800 4.59992 4.57441 4.58008 4.60771 4.63439 4.61690 4.60940 4.52925 4.26125 1.99882 0.50505 1.31178 3.95989 3.88663
4.64673 4.68135 4.69675 4.66776 4.64257 4.63795 4.65136 4.66950 4.62434 4.55615 4.58418 4.62391 4.62656 4.56427 4.55401 4.55024 4.53290 4.54140 4.53407 4.35859 4.34416 4.35276 4.30412 4.35630 4.50769 4.59336 4.52580 4.38162 4.53693 4.66696 4.74015 4.76841 4.75553 4.74655 4.74550 4.73140 4.67482 4.66442 4.64054 4.62240 4.67062 4.68528 4.65859 4.70260 4.73430 4.75016 4.69004 4.66626 4.67840 4.68092 4.63410 4.60820 4.60242 4.56430 4.55808 4.60697 4.61484 4.57046 4.42390 3.90985 3.75729 3.75115 1.79664 1.47089 4.02552 4.47711
4.62709 4.64556 4.68753 4.71372 4.73262 4.71054 4.67532 4.61712 4.52540 4.53254 4.50635 4.62024 4.67029 4.62594 4.62299 4.56202 4.46088 4.54317 4.46348 4.24572 4.37814 4.49070 4.40064 4.17853 4.34434 4.56138 4.42296 4.07933 4.43723 4.65885 4.76819 4.78298 4.76560 4.77554 4.77399 4.70670 4.66298 4.55361 4.35430 4.17016 4.50520 4.67817 4.69331 4.70445 4.77658 4.74963 4.69495 4.71239 4.73225 4.68991 4.69277 4.64462 4.55865 4.58083 4.53056 4.58054 4.60139 4.28077 2.46091 0.71748 0.60025 2.30849 1.99647 2.94554 3.29554 4.37946
4.56951 4.60482 4.65240 4.69471 4.75742 4.76679 4.71639 4.66326 4.54819 4.48260 4.51202 4.59402 4.59321 4.59302 4.60048 4.51169 4.50862 4.36557 4.04215 3.96651 4.28274 4.45895 4.34485 4.25580 4.36831 4.48107 4.07137 4.14770 4.04427 4.57062 4.74087 4.79734 4.77098 4.77957 4.75411 4.67824 4.52357 4.08822 3.99657 4.05574 4.11288 4.56161 4.67523 4.71417 4.73409 4.69400 4.69528 4.70511 4.72642 4.70967 4.68669 4.66178 4.61834 4.59147 4.60425 4.56588 4.47809 2.30474 1.64071 1.77072 1.49510 1.08179 2.88783 1.76758 4.01682 4.49574
4.58148 4.58626 4.61190 4.65689 4.69339 4.72225 4.71946 4.67040 4.60816 4.51653 4.39998 4.50643 4.48579 4.55073 4.59658 4.57367 4.39673 4.05487 3.90066 4.11111 4.10352 4.35759 4.47560 4.49217 4.53157 4.47219 4.29208 3.95321 4.38242 4.62835 4.69625 4.76396 4.73378 4.72778 4.68831 4.51973 4.09236 4.26141 4.22797 4.30396 4.22224 4.47390 4.59861 4.64123 4.68709 4.70372 4.69514 4.71186 4.74319 4.71332 4.68289 4.64617 4.62801 4.60855 4.58130 4.59267 4.33399 3.79282 1.17275 0.71740 0.86419 3.60533 4.18912 3.65840 4.45020 4.53983
4.64717 4.63815 4.63307 4.65967 4.67486 4.68000 4.67963 4.64950 4.56388 4.19627 3.82207 3.98391 4.17116 4.43383 4.54776 4.59162 4.49946 4.18184 4.01473 3.98367 4.20050 4.56075 4.59230 4.57800 4.46050 4.43875 4.25850 4.10481 4.37098 4.58874 4.65876 4.70899 4.67280 4.64318 4.51275 4.00885 3.73713 3.88998 4.28904 4.28919 4.44611 4.47656 4.45270 4.44869 4.59166 4.66731 4.69547 4.73332 4.75019 4.72323 4.67217 4.69417 4.64750 4.62022 4.56498 4.54461 4.47989 3.28999 3.89983 4.12689 4.30918 4.51477 4.13096 4.02776 4.42611 4.60910
4.68447 4.69844 4.66924 4.66840 4.68758 4.66905 4.65801 4.62018 4.41877 3.78422 3.79624 3.80523 3.87496 4.12167 4.41239 4.52554 4.52299 4.44665 4.28970 4.34524 4.45414 4.60074 4.61451 4.48635 4.37782 4.00918 3.82434 3.87145 4.06288 4.44284 4.60825 4.63754 4.64610 4.55192 4.12813 3.76246 3.75555 3.65277 4.28427 4.34309 4.57670 4.49708 4.33410 4.40605 4.33779 4.55973 4.64312 4.66771 4.69266 4.68263 4.67036 4.69566 4.74982 4.71351 4.61386 4.56701 4.56015 4.42371 4.50297 4.51650 4.56659 4.60533 4.42461 3.99486 4.44054 4.62369
4.65904 4.69312 4.68108 4.70315 4.71504 4.67864 4.64926 4.59511 4.32412 3.78704 3.84530 4.07089 4.16213 4.17463 4.32170 4.49143 4.46703 4.37454 4.05271 4.33008 4.47247 4.49831 4.44618 4.29291 4.10388 3.89118 3.77530 3.79821 4.03051 4.26164 4.49006 4.49701 4.56211 4.48531 4.32670 4.19306 3.72830 3.91696 4.06616 4.52977 4.67926 4.68136 4.56721 4.13616 4.32487 4.36590 4.55587 4.63561 4.68269 4.68404 4.69994 4.70270 4.79565 4.82441 4.73159 4.66908 4.61998 4.57824 4.56701 4.54565 4.55330 4.55471 4.49386 4.05319 4.43280 4.56083
4.62873 4.65170 4.65480 4.69307 4.72000 4.69416 4.66479 4.54672 4.02402 3.80263 4.01830 4.00849 4.16156 4.37937 4.39064 4.44295 4.14950 3.95790 3.92441 4.06359 4.29051 4.09877 4.00208 4.21114 4.03687 3.77295 3.71072 3.74155 4.11303 4.32414 4.45967 4.52973 4.27107 3.76070 3.82861 4.38542 4.09266 3.77669 4.39699 4.62621 4.71484 4.73996 4.67813 4.51055 4.35733 4.47173 4.61913 4.63856 4.71124 4.76835 4.73817 4.71403 4.75237 4.78023 4.73159 4.70356 4.66919 4.61074 4.57355 4.60742 4.59388 4.51609 4.46872 4.46247 4.58570 4.55928
4.61564 4.63712 4.63084 4.63616 4.67442 4.68593 4.66422 4.53904 4.09120 3.96051 4.05756 4.30073 4.37200 4.32492 4.29825 4.41985 4.06223 3.89727 3.90265 3.96897 3.94145 3.82380 3.82337 3.93396 4.46618 4.31660 3.75004 4.05371 4.40119 4.51856 4.51014 4.46398 3.97542 3.65821 3.69558 4.00398 4.24978 4.16461 4.51469 4.63671 4.72001 4.74721 4.73522 4.67136 4.60689 4.61496 4.63487 4.69868 4.68104 4.75509 4.75777 4.70047 4.68449 4.67874 4.68415 4.69860 4.72145 4.66810 4.58767 4.56925 4.61803 4.54017 4.34793 4.07799 4.38488 4.42307
