mrvbf_slope0.5_pctl0.8.asc
NCOLS 410
NROWS 410
XLLCORNER 2398750.0000000000000000
YLLCORNER 2548750.0000000000000000
CELLSIZE 250.0000000000000000
NODATA_VALUE -99999.00000
[rows 174 to 202 of 410, columns 264 to 329 of 410]
2.34935 0.99562 0.92940 2.21189 3.71577 3.83562 3.95836 4.09199 4.23615 4.25834 4.32017 4.12370 3.89763 3.21554 3.62382 3.41451 3.37017 3.10070 2.85503 2.81896 3.45368 3.62061 3.86297 3.69925 3.18031 2.73335 3.17855 2.82720 2.20549 2.21976 2.51026 3.10502 3.72138 3.91690 3.81891 3.42678 3.38066 3.73320 4.06885 3.31290 2.74205 2.73008 3.30812 3.82878 4.03683 3.99898 4.06058 4.11743 4.21642 4.03498 4.36514 4.18894 3.46537 3.21572 2.85244 2.97491 2.76484 2.42896 2.13907 2.16809 2.27735 2.03932 1.96574 2.09130 1.82965 1.67040
1.01782 1.60754 1.64471 1.26571 2.42660 3.60900 3.61176 3.71803 4.24634 4.40211 4.42355 4.37806 4.01902 3.17195 3.34310 2.79548 2.71928 3.15526 2.59857 2.62807 2.87671 3.04488 3.10202 3.05693 3.22872 2.93352 3.05952 2.80364 2.49686 2.36436 2.50523 2.71995 3.25866 3.56520 3.67378 3.46136 3.41330 3.82191 4.10449 3.29469 3.09682 2.59960 2.72299 3.86124 3.93460 4.12524 4.36168 4.29181 4.20308 4.15907 4.14681 4.23491 3.95698 3.55972 3.76298 3.93235 3.13156 2.95933 2.61189 2.30555 2.14637 1.91260 2.06466 2.20076 1.85075 1.67747
2.37399 2.21250 2.16583 1.62869 1.57877 3.13794 3.37763 3.81333 4.11085 4.32565 4.44365 4.41776 4.04277 3.14443 2.56933 2.38136 2.00491 2.33636 2.63467 2.22783 2.23558 2.50396 2.51519 2.60355 2.84071 3.29052 3.01198 2.97781 2.98355 2.49043 2.55605 2.63408 2.83193 3.14218 3.46792 3.45664 3.23598 3.59478 3.90918 3.50190 2.86010 2.51788 2.91972 3.74823 4.09609 4.35911 4.41212 4.46252 4.10457 4.05708 4.28946 4.30734 4.05776 4.02097 4.14604 4.00153 3.35261 3.50255 2.93254 2.43983 2.06142 2.17881 2.20779 1.95510 1.65799 1.41605
2.84630 2.70283 2.34146 1.72047 1.37124 3.10792 3.70544 3.92565 4.13759 4.32898 4.47265 4.36457 4.01426 3.59428 2.83930 2.60884 3.18131 2.33860 2.08279 1.94398 1.93586 2.12627 2.46737 2.38601 2.58877 2.69311 1.84656 2.45892 3.59698 2.88924 2.72271 2.58450 2.24547 2.45082 3.06814 3.23751 3.13865 3.49396 3.88958 3.74587 3.18727 3.27522 3.75290 3.76036 4.27554 4.34770 4.54120 4.21614 3.03788 3.71606 4.23121 4.42978 4.30227 4.35289 4.36321 4.15449 3.61518 3.18121 2.51045 2.33297 2.18093 2.14708 2.08632 1.73061 1.39388 1.01154
2.91031 2.83462 2.45782 1.94630 1.04754 2.56270 3.81261 4.03254 4.23990 4.36506 4.39204 4.36709 4.20739 3.90233 3.97950 3.99130 4.17074 3.67283 2.67182 2.81034 3.07249 2.87335 2.61484 2.26998 2.32323 1.73023 0.88092 1.56160 3.47433 3.39322 3.10086 2.64125 2.42024 2.31546 2.53684 2.69177 2.89062 3.30045 3.87241 3.98430 3.98136 4.08810 3.99082 4.26933 4.44487 4.51785 4.38278 3.05621 2.32740 3.19840 4.17745 4.46035 4.52379 4.43156 4.14050 4.09936 3.48953 2.75577 2.33002 1.97666 1.27437 1.35826 1.15507 1.36104 1.38477 1.33698
2.94575 2.67083 2.36353 1.72259 1.23631 2.18177 3.61887 4.03066 4.18222 4.19189 4.20422 4.30916 4.32874 4.24530 4.31664 4.30487 4.28264 4.17902 3.53959 3.72823 3.51283 3.04907 3.16083 3.28172 3.17370 1.44594 0.84177 1.42032 3.14312 3.05158 3.00032 2.82419 2.71420 2.13842 2.39049 2.86115 2.70855 2.49200 3.45336 4.08692 4.21837 3.97352 4.20383 4.48812 4.45019 4.53415 4.41306 3.04825 2.59055 3.81779 4.26392 4.42641 4.57402 4.38288 4.06427 3.27900 2.42964 2.17398 1.68503 1.44873 1.53556 1.67798 1.62681 1.73310 2.11044 2.23542
2.67648 2.56670 2.21239 1.54589 2.19183 2.92621 3.63364 3.69847 3.08656 2.57472 2.84679 3.84715 4.18529 4.16819 4.19276 4.29884 4.36141 4.43500 4.23351 3.95759 3.53837 3.59138 3.60387 3.55357 3.26407 2.40278 1.89477 2.42652 3.10123 2.70469 2.57889 2.53810 2.76538 2.23710 2.40813 2.82061 2.46737 2.40224 2.70064 3.94972 3.98813 3.74915 3.71004 4.29029 4.31707 4.29138 4.34579 4.05886 3.60150 4.23566 4.40372 4.53590 4.53356 4.30733 3.22129 2.19625 1.92873 1.97349 1.92868 2.08842 2.38463 2.48402 2.51156 2.47572 2.55742 2.57120
2.84788 2.55674 2.41271 2.44942 3.02471 3.39195 3.34143 2.11047 0.62533 0.52588 0.54073 1.80795 3.71894 3.92264 4.02980 4.25255 4.35248 4.36430 4.29390 4.21568 3.97513 3.71187 3.76994 3.30074 3.37601 2.64158 2.30547 2.96865 3.82898 3.83715 3.02831 2.45569 2.39453 2.15637 2.39658 2.76631 2.66123 2.52072 2.67079 3.71529 3.99749 3.89964 3.66231 3.82291 3.79428 3.73587 3.87001 4.10218 4.36608 4.46764 4.65190 4.55082 4.36140 3.65001 2.30196 1.91991 2.12272 2.42132 2.55707 2.68245 3.11570 3.11408 3.03216 2.91034 2.75851 3.00920
3.36017 2.75228 2.70645 2.82566 3.17488 2.87415 1.71613 0.64607 1.37562 1.71920 1.41407 0.75557 2.30425 2.92444 3.03096 3.09177 4.00813 4.16358 4.20396 4.29670 4.24375 4.08130 4.04143 3.91341 3.73724 3.79116 2.91539 3.33897 3.61843 3.75789 3.27012 2.85948 2.46968 2.09235 2.04666 2.41305 2.26865 2.35759 2.36518 3.19230 3.79889 3.87466 4.08253 4.19280 3.82506 3.55287 3.22194 2.99020 4.23606 4.65216 4.73951 4.59047 4.32047 2.82257 2.00815 2.08692 2.51410 3.02540 3.75667 4.08215 4.32472 4.18492 3.79313 3.64552 3.52940 3.89295
3.28434 2.72554 3.01128 2.59411 2.92556 2.20274 1.96215 2.15828 1.95389 2.08871 1.73724 1.53348 1.32871 0.82078 1.17242 0.61925 1.72552 3.79810 4.14719 4.23501 4.32603 4.20424 4.25168 4.36754 4.36162 4.33359 3.64986 3.44179 3.99575 4.11029 3.52163 2.96142 2.72557 2.14180 1.63275 2.27899 2.13848 2.22355 2.70169 2.95731 3.87178 4.26580 4.29852 3.66579 2.95973 3.25241 2.84827 2.75570 3.31720 4.56187 4.82719 4.63215 4.16818 2.34938 1.80677 2.26739 2.92008 3.98624 4.40711 4.45517 4.54879 4.59921 4.49263 4.40915 4.31236 4.33280
2.51056 2.52120 2.88099 3.07830 3.04704 2.87836 2.64207 2.75780 3.31679 3.28728 2.65280 2.75038 2.49256 1.84700 1.89880 1.54612 0.62258 2.41061 4.11889 4.33047 4.37015 4.38614 4.39818 4.43382 4.44315 4.36781 3.82442 3.49267 4.18204 3.82997 2.80679 2.47866 2.40938 2.24083 1.73462 2.16268 1.82491 1.78962 2.20935 2.26123 3.23891 3.78754 3.56704 2.40058 2.56882 3.06756 2.55232 3.33797 3.29869 4.43089 4.72291 4.62445 3.82780 1.63378 1.79081 2.56902 3.67767 4.27339 4.51081 4.61669 4.64889 4.79754 4.71823 4.49343 4.39037 4.44756
1.36265 2.43064 2.64479 3.00606 3.22795 2.84993 2.99567 3.30194 3.55536 3.32424 3.01775 2.55906 2.53340 2.59669 2.30749 1.86617 1.66933 1.64965 3.59141 4.34005 4.37680 4.37926 4.36388 4.43937 4.32750 4.12919 3.80966 3.19451 3.41488 2.91999 2.61248 1.95270 2.18201 2.15603 1.80797 2.02183 2.29097 1.97885 2.21236 2.25008 2.49402 2.98247 2.35946 2.09149 2.77264 2.32787 2.72743 3.56613 3.56495 4.24333 4.54151 4.46398 3.25289 1.66432 1.92820 2.89034 4.16245 4.45234 4.64711 4.72758 4.90630 5.02685 4.74424 4.46804 4.41035 4.45032
1.60804 2.41615 2.69360 2.67570 2.89150 2.82725 2.78418 3.11169 3.47818 3.35421 3.01085 2.12568 2.23573 2.27004 2.59094 2.42945 2.27117 2.49724 3.62711 4.22427 4.39953 4.31270 4.24805 4.24628 3.90060 3.33590 3.19015 2.60175 2.69779 3.10289 2.70215 2.79259 2.47518 2.32138 2.53442 2.47469 2.48714 2.44694 2.19415 2.45669 2.23298 2.34956 2.58935 1.77457 1.93988 2.31093 3.56047 3.62658 2.82018 4.18681 4.40931 4.13126 2.12573 1.60016 1.93757 2.87912 3.57408 4.37690 4.70664 4.91850 5.08531 5.07791 4.79463 4.51951 4.41486 4.48278
1.59776 2.52188 2.63918 2.70078 2.75573 2.65334 2.61228 2.59324 3.04550 2.78609 2.75942 2.25145 1.22411 1.90678 2.96979 2.92548 2.25862 1.04219 3.21525 3.94635 4.29853 4.17224 4.13451 4.00829 3.01717 1.34969 1.48065 1.89258 1.77918 2.29616 2.73713 3.65593 3.50670 2.49127 2.19800 2.50104 2.64641 2.42044 2.34954 2.53074 2.19532 1.70125 2.30382 3.40718 3.55571 3.43318 3.29189 3.42314 3.20366 4.17723 4.47581 3.93513 1.46996 1.46915 1.81695 2.25318 2.42268 3.33047 4.45956 4.69108 4.87388 4.98444 4.83292 4.63072 4.45007 4.39580
2.14539 2.47960 2.62034 2.87018 2.86597 2.61109 2.46785 2.36611 2.43494 2.46316 3.12853 3.36993 3.07647 2.61535 3.08265 3.29197 2.94692 1.81352 2.47377 3.71608 4.07748 4.17628 4.04480 3.51589 1.62242 1.94858 2.36327 2.41225 2.26894 1.63816 1.96131 3.27120 3.43667 2.80219 2.68990 3.06001 3.36305 2.56513 2.40103 2.13361 1.93411 1.96366 1.89991 2.88211 3.54456 3.15765 3.15982 3.39478 3.68390 4.33705 4.39913 3.70517 2.30469 1.01711 1.26394 1.38108 2.08006 2.46403 3.90051 4.42076 4.55748 4.70283 4.74410 4.64686 4.50357 4.30578
2.33430 2.62763 2.61970 2.72786 2.83581 2.60334 2.35644 2.24235 2.16249 2.98603 3.62829 3.67046 3.65944 3.32914 3.02879 2.92962 2.72478 2.18474 2.46089 3.63931 3.85793 3.51906 3.71784 3.09446 2.13640 2.54667 2.94420 3.10313 2.62321 2.17590 1.72105 2.90532 3.45256 3.35392 3.45237 3.68963 3.42036 3.13827 2.42627 2.11160 1.62245 1.62121 2.11628 1.52183 1.74332 2.93517 2.97909 3.24372 4.07186 4.38425 4.24317 3.95225 3.69588 1.58721 1.06519 0.73942 1.69328 2.34887 3.98263 4.33389 4.34167 4.44536 4.54386 4.52026 4.46432 4.22912
2.16365 2.61484 2.63416 2.67637 2.67264 2.64702 2.30377 2.04790 2.64559 3.49043 3.77746 3.72614 3.58720 3.33684 2.71788 1.99051 2.42900 2.07955 2.35339 3.15034 2.90707 2.03077 2.82811 2.02980 2.22429 2.73057 2.86105 3.17453 2.84854 2.35008 1.68483 2.69254 3.13574 3.06923 3.03427 3.60986 3.45837 3.72888 3.47209 2.49030 2.59103 1.96486 2.06850 1.69151 1.20866 2.03214 2.68447 3.53655 4.34677 4.38783 4.41013 4.28124 3.30531 1.57014 0.88985 0.60597 1.28081 3.34315 4.48922 4.49950 4.27320 4.26455 4.31372 4.33854 4.24042 4.27495
1.37202 2.15472 2.58794 2.61501 2.46018 2.30981 1.56302 2.43596 3.37019 3.60525 3.79935 3.84203 3.62406 3.56440 2.81719 1.42669 2.32796 2.32132 2.48241 2.43513 1.90340 2.33874 2.55722 2.51380 2.76882 3.01624 3.21860 3.13321 2.72127 2.38619 0.77594 1.55912 2.85382 2.89558 3.22934 3.52040 3.08779 3.15454 3.22775 2.74132 2.70110 2.21139 1.98534 1.79238 1.63912 1.93593 2.66649 3.89555 4.28808 4.49061 4.49786 4.23809 1.54679 1.27041 1.29065 1.53554 2.65942 4.24950 4.51752 4.57905 4.45978 4.23672 4.19028 3.88618 3.68317 4.24325
1.25563 2.02901 2.39137 2.53970 2.31030 1.03873 2.16579 3.05514 3.36089 3.67958 3.85608 3.76566 3.64460 3.58844 2.75478 1.40064 1.90381 2.36280 2.62879 2.71037 2.50378 2.74949 2.83880 2.92803 3.17292 3.37578 3.46129 3.53505 2.85340 2.44269 1.50803 0.60970 2.37753 3.66241 3.80700 3.81502 3.52537 3.68832 3.17805 3.28245 3.33608 2.62458 2.11272 1.84993 1.41379 1.72406 2.25289 2.99529 4.32308 4.51069 4.28370 2.99659 1.00647 1.39689 1.91525 3.22012 4.35511 4.46080 4.51848 4.59927 4.53150 4.28546 3.77486 2.70242 3.14765 4.07984
1.14854 1.53594 2.02622 2.39059 2.29842 1.10100 2.35968 3.17212 3.37455 3.76670 3.94655 3.72508 3.56106 3.63751 2.86324 1.55170 1.87710 2.13801 2.72450 3.04297 2.65750 2.53535 2.68332 3.07181 3.42988 3.60468 3.66863 3.43528 2.83072 2.59047 1.87088 1.15060 2.82028 3.73409 4.08030 4.14751 4.11133 4.16044 4.02298 4.10502 3.57782 3.13670 2.14653 1.83295 1.30227 1.26361 1.58615 2.78284 4.33410 4.33426 3.41389 0.90205 1.22089 1.70403 3.56456 4.43630 4.60979 4.62268 4.58085 4.55898 4.48450 4.16524 3.08413 2.84442 3.21986 4.10900
1.72191 0.56636 1.52113 1.91323 1.89314 1.19696 2.27498 3.30507 3.62583 3.92573 3.95096 3.85247 3.83996 3.64892 3.05864 1.16825 1.72630 1.73760 1.95969 2.36561 2.07250 1.71325 2.39168 2.63233 2.88219 3.24115 3.38873 2.96492 2.82278 2.55226 2.18062 2.14532 3.22287 3.82463 4.16226 4.27593 4.35015 4.22951 4.05145 4.09303 3.86763 3.86096 2.45491 2.07445 1.49546 1.59476 1.83442 3.37042 4.24444 4.09335 2.20099 0.74935 1.21351 1.93583 4.16830 4.53496 4.64692 4.69906 4.62921 4.51652 4.31342 3.87901 3.54670 3.29357 3.94868 4.51239
2.57253 1.21534 0.60920 1.46862 1.38881 0.87923 2.28621 3.49480 3.83639 3.78690 3.93594 4.17278 4.02270 3.84367 3.47634 2.22728 1.24449 1.45548 1.75198 2.39302 1.50336 2.15830 2.91524 2.84928 2.77478 2.81397 2.96682 2.96535 2.91856 2.85127 2.44724 1.77089 2.71704 3.79847 4.12894 4.34015 4.35069 4.31472 4.23591 3.73509 3.81177 3.69579 2.61717 2.38306 1.59836 1.41567 1.49441 2.98464 3.97854 4.17692 2.49244 0.86617 0.94037 1.79133 4.09013 4.56638 4.66152 4.72585 4.65877 4.48952 4.06632 3.89232 3.74935 3.84780 4.39192 4.59613
3.20335 2.94918 1.60628 0.88876 0.54273 1.35253 2.91332 3.44783 3.63430 3.69649 3.90276 4.12919 3.92613 3.91150 3.66573 3.03744 1.52694 2.06075 1.60209 2.20508 2.54819 2.89451 2.60184 3.20652 3.47735 3.17117 2.70472 2.95444 3.35881 3.42818 3.14171 2.15040 1.79296 3.36843 3.96533 4.12701 4.14869 4.06987 3.95857 3.09490 2.55399 3.04478 2.41365 2.05000 1.82562 1.46980 1.19537 2.32672 4.09678 4.36460 2.80689 1.00531 1.68412 2.61548 4.45097 4.63287 4.71510 4.73718 4.65771 4.55921 4.42653 3.70123 3.64817 4.18638 4.28993 4.51376
3.46944 3.35822 2.85690 1.66994 1.47119 2.37021 2.87919 3.23026 3.55568 3.64576 3.81850 3.92505 3.85704 3.78288 3.66932 3.02294 2.14977 2.90336 2.72587 1.97582 2.98229 2.36641 2.73051 2.45042 3.40607 3.47871 2.71244 3.01701 3.63853 3.79717 3.44974 2.55201 2.03293 3.12232 3.78171 3.96689 3.87309 3.21929 1.41282 1.23564 1.97913 2.39633 2.32777 2.33015 2.20252 1.97227 1.71114 1.66298 3.62239 3.98077 1.95527 1.39733 2.03453 4.18173 4.58146 4.72012 4.80456 4.88498 4.69041 4.58870 4.49670 4.05548 4.16995 4.09580 4.47250 4.58907
3.75090 3.70240 3.50046 3.13731 2.84125 2.61026 2.30471 2.88524 3.60639 3.76593 3.87175 3.94523 3.97693 3.74784 3.68530 3.26269 3.12727 2.76038 3.51945 3.49768 3.63726 3.16674 1.98847 2.22109 2.57659 2.99031 2.47086 2.92212 3.68521 4.05060 3.36059 2.58651 2.13373 2.37350 3.11662 3.17974 2.90849 1.19569 0.53958 0.84795 2.05046 2.76811 2.75044 2.55525 2.14389 2.06561 2.12371 2.09247 2.82233 3.85373 1.99192 1.83539 3.59940 4.43759 4.57759 4.59281 4.72529 4.83239 4.70053 4.64503 4.59229 4.45894 4.32842 4.48060 4.64372 4.68959
4.21138 4.14651 3.87751 3.57672 3.11132 2.39977 2.60899 2.65641 3.32933 3.57089 3.92392 4.06976 4.16268 3.92804 3.90442 3.61768 2.79231 2.65655 3.45983 3.97778 3.95339 3.52263 2.30643 2.63143 2.06111 2.17058 2.41580 2.65339 3.39786 3.55242 2.92128 2.63944 2.26700 1.09939 1.50444 1.77467 1.32807 0.55992 1.37577 1.52306 1.40410 2.36646 2.35436 2.19464 2.18061 1.99928 2.46286 2.91314 2.94614 3.92713 2.35851 2.31093 4.07767 4.45419 4.44539 4.38123 4.58384 4.71221 4.64048 4.66541 4.65659 4.60220 4.53259 4.60806 4.67681 4.69302
4.21529 4.04309 3.81573 3.56965 3.07576 2.69467 2.97276 3.44196 3.46771 3.46131 3.84098 4.07574 4.20724 4.17085 4.08596 3.77764 2.91648 2.96957 3.21128 3.69250 4.00173 3.60917 2.72508 2.45075 2.37548 2.28359 1.67552 2.46607 2.68968 2.97359 2.73839 2.64823 2.37450 2.35176 2.07886 2.17945 2.24447 1.69975 2.22046 2.35362 1.92712 1.90033 1.43462 1.24337 1.84470 2.48195 2.55497 2.74764 2.66570 3.74878 2.27423 2.31047 4.08279 4.38878 4.16418 4.33723 4.45524 4.66180 4.64376 4.71703 4.70098 4.69159 4.62691 4.61284 4.65874 4.67184
4.16213 4.08206 3.84401 3.42237 2.88210 3.22980 3.15728 3.64134 3.56355 3.61961 3.70749 3.79793 4.04842 4.02166 4.05797 3.67477 3.23318 3.11536 3.56225 3.72612 3.78363 3.67288 3.14690 2.55809 2.78594 2.39375 1.40403 2.51166 2.57373 2.67363 2.81421 2.78526 2.84668 2.66143 2.75914 2.64559 2.77043 2.82336 2.73511 2.68901 2.59325 2.17500 1.58839 0.48929 1.23248 2.40392 3.46492 3.77527 3.23344 3.58177 2.27189 2.04574 3.47781 4.36542 4.26670 3.87143 4.45717 4.67165 4.62699 4.68651 4.69610 4.71200 4.67021 4.62652 4.65496 4.66295
4.06060 4.00058 3.70693 3.31848 2.99507 3.48245 3.43326 3.49386 3.55622 3.95677 3.80261 3.75089 3.88495 4.09436 4.12626 4.01485 3.51616 3.35615 3.75300 3.78343 3.55346 3.65009 3.47774 2.84496 3.08130 2.37659 0.92436 2.22173 2.54946 2.64057 2.70816 2.92044 3.25270 2.96008 2.76986 2.93496 2.67777 2.82281 3.24913 3.26469 2.59905 2.29361 1.57543 0.63624 1.69481 2.44235 3.54759 3.53192 3.63123 3.87269 3.92673 2.54912 2.00995 3.51219 4.06231 4.20627 4.40652 4.63783 4.62547 4.61406 4.69604 4.68826 4.64628 4.61704 4.61397 4.62347
