mrvbf_slope0.7_pctl0.7.asc
NCOLS 410
NROWS 410
XLLCORNER 2398750.0000000000000000
YLLCORNER 2548750.0000000000000000
CELLSIZE 250.0000000000000000
NODATA_VALUE -99999.00000
[rows 145 to 173 of 410, columns 330 to 395 of 410]
-99999.00000 -99999.00000 -99999.00000 -99999.00000 -99999.00000 -99999.00000 -99999.00000 -99999.00000 -99999.00000 -99999.00000 6.11669 6.04514 5.96519 5.69112 5.29124 5.32179 5.22349 4.97411 4.72267 3.89522 3.05809 3.11012 4.99909 5.43474 5.45214 5.42023 5.39667 5.49839 5.39451 5.19175 5.23088 5.29100 5.34613 3.92361 1.64679 0.83615 0.76199 1.19396 1.84779 2.24312 2.82501 4.37657 5.15333 5.55240 5.68953 5.82302 5.97011 6.20584 6.41992 6.45702 6.12119 5.68893 6.19803 5.63125 5.79705 5.72060 6.25101 5.57999 5.21937 5.30320 5.48681 5.64881 6.51634 6.78939 6.88473 7.01300
-99999.00000 -99999.00000 -99999.00000 -99999.00000 -99999.00000 -99999.00000 -99999.00000 -99999.00000 -99999.00000 -99999.00000 6.05865 6.03593 5.93854 5.80616 5.42720 4.70740 4.67765 4.06398 4.77346 3.89614 3.95392 2.94314 3.25252 4.62507 4.78705 4.92261 5.40316 5.56083 5.36383 5.13769 5.15104 5.18930 5.19302 3.61795 1.82255 0.93367 0.76471 1.19816 1.81594 2.37005 3.49546 4.91802 5.35731 5.59408 5.87223 5.99918 6.12317 6.27490 6.12994 5.68566 5.50526 5.92056 6.46951 6.15809 5.57479 6.13731 6.69440 6.53149 6.11293 5.64825 5.44788 6.04162 6.81427 6.96887 7.12644 7.14160
-99999.00000 -99999.00000 -99999.00000 -99999.00000 -99999.00000 -99999.00000 -99999.00000 -99999.00000 -99999.00000 -99999.00000 5.94416 5.97430 5.87495 5.73777 5.56811 4.87309 4.08047 4.03204 4.87286 4.12881 4.02188 2.97343 2.25595 2.69855 2.67364 2.77598 5.24418 5.53708 5.37463 5.10964 4.94385 5.06624 5.04757 3.70586 1.96768 0.99741 0.64926 0.98152 1.85913 2.83655 4.38743 5.23913 5.53583 5.66933 5.83043 6.03263 6.32535 6.28139 5.68588 5.51120 5.60671 5.69188 6.18404 6.06811 6.30345 6.65925 6.62740 6.80189 6.57178 5.79068 5.68585 6.52766 6.98988 7.03806 7.11937 7.22817
-99999.00000 -99999.00000 -99999.00000 -99999.00000 -99999.00000 -99999.00000 -99999.00000 -99999.00000 -99999.00000 -99999.00000 6.14374 6.15850 5.96543 5.71845 5.48721 5.29878 5.17626 4.50986 4.06817 4.62935 4.41875 3.32428 3.35489 2.88509 1.90416 1.71608 4.74280 5.40969 5.22387 4.60222 4.91038 5.25246 4.85534 2.99632 1.36965 0.51296 0.63984 1.50454 2.44471 3.50995 4.78051 5.38210 5.63548 5.69861 5.80913 6.14369 6.38237 6.14009 5.53622 5.54005 5.70347 5.99083 5.74679 6.30064 6.89488 6.90897 6.65304 6.60859 6.54896 5.97499 5.86705 6.55198 6.93152 6.96585 7.04672 7.22359
-99999.00000 -99999.00000 -99999.00000 -99999.00000 -99999.00000 -99999.00000 -99999.00000 -99999.00000 -99999.00000 -99999.00000 6.38998 6.18747 5.99730 5.72996 5.44379 5.36044 5.34886 5.01788 3.90700 4.03260 3.33533 3.27237 4.12796 3.56034 1.94883 1.96300 4.18333 4.88511 4.30105 3.03962 4.23864 5.03380 4.51507 2.54406 1.23944 0.53513 0.80545 1.88629 2.91987 4.33896 5.21249 5.55135 5.70684 5.73777 5.93600 6.13859 6.10464 5.95979 5.85450 5.64853 6.14983 5.80026 5.95032 5.85111 6.76108 7.01438 6.95969 6.63957 6.40195 6.05893 5.85136 6.21431 6.75269 6.99593 7.05274 7.14602
-99999.00000 -99999.00000 -99999.00000 -99999.00000 -99999.00000 -99999.00000 -99999.00000 -99999.00000 -99999.00000 -99999.00000 6.30768 6.12451 5.84383 5.55471 5.44792 5.42720 5.31338 5.18705 4.74422 4.23205 3.40874 4.35958 4.96311 4.65692 2.56547 2.13889 2.37932 1.87075 2.11101 3.04342 2.58464 4.35322 3.93312 1.86800 1.15956 0.66758 1.22938 2.25021 3.52928 4.93954 5.39808 5.62904 5.80899 5.91456 6.06589 6.03155 6.10312 6.01826 6.11877 6.44188 6.86101 6.51986 5.90137 6.46443 6.94589 7.02851 6.98337 6.84957 6.56487 6.02190 5.55215 5.75453 6.46425 7.01108 7.13309 7.03762
-99999.00000 -99999.00000 -99999.00000 -99999.00000 -99999.00000 -99999.00000 -99999.00000 -99999.00000 -99999.00000 -99999.00000 5.92492 5.91581 5.80063 5.64616 5.50350 5.36638 5.22380 5.08986 4.98158 5.03126 5.14557 5.35280 5.17671 5.29600 4.79927 2.47266 2.33710 1.81992 1.53355 1.90442 3.53100 3.92698 2.17540 1.44528 0.76140 0.80266 1.70869 2.68315 4.35049 5.18986 5.49740 5.73520 5.88681 6.03739 6.16524 6.13174 5.70423 5.37343 5.98546 6.80394 7.03816 7.07688 6.82568 6.79199 6.91215 6.97442 6.83928 6.90342 6.67928 5.98141 5.35916 5.50012 5.96265 6.76479 7.15772 7.06738
-99999.00000 -99999.00000 -99999.00000 -99999.00000 -99999.00000 -99999.00000 -99999.00000 -99999.00000 -99999.00000 5.82069 5.82733 5.76869 5.81715 5.72927 5.57157 5.33727 5.10247 4.95545 4.88105 5.23012 5.52405 5.58529 5.34410 5.12871 4.86881 3.24815 2.29347 2.01081 1.61034 2.84291 3.85517 1.98544 1.31466 1.43557 0.62104 0.93267 2.08057 3.20355 4.70030 5.29056 5.54495 5.76698 5.87736 6.05948 6.12633 5.84173 5.18184 5.02076 5.43278 6.50432 6.90152 6.98113 6.98515 6.94549 6.94756 6.81730 7.00041 6.71644 6.67297 6.21753 5.44949 5.30261 6.03739 6.53283 7.00072 7.19695
-99999.00000 -99999.00000 -99999.00000 -99999.00000 -99999.00000 -99999.00000 -99999.00000 6.41665 6.38398 6.05092 6.06852 5.76727 5.72732 5.72654 5.71022 5.48442 5.20853 5.02053 4.80459 5.08373 5.48101 5.54955 5.45425 5.12863 4.13182 2.82240 3.02157 3.22033 2.09133 3.15057 2.21760 1.17082 1.17316 0.86041 0.57006 1.16739 2.41158 3.63976 4.75783 5.35050 5.67306 5.91745 5.94269 6.11257 6.27018 5.75366 5.04247 5.36987 5.19605 6.08681 6.72785 6.91993 7.07748 7.22498 7.20792 7.03369 6.69300 6.26331 6.52771 6.52150 5.71669 5.42130 5.85950 6.77550 7.16778 7.14992
-99999.00000 -99999.00000 -99999.00000 -99999.00000 -99999.00000 -99999.00000 6.15558 6.33672 6.40103 6.16341 6.00775 5.78806 5.78745 5.70101 5.67826 5.63924 5.42032 5.13188 4.94893 5.10786 5.38905 5.42555 5.36893 5.32927 5.08218 3.99204 2.67738 2.27034 1.56614 2.02941 1.15890 0.87832 1.09243 0.81982 0.87185 1.92503 2.98370 4.49188 5.20962 5.52000 5.67503 5.83502 5.81342 5.87331 6.06769 5.70444 5.06319 5.39107 5.15336 6.10528 6.82994 7.09958 7.21349 7.29392 7.29978 7.09618 6.37957 6.48326 6.27057 6.59488 6.04450 5.52643 5.80122 6.74916 7.20130 7.19743
-99999.00000 -99999.00000 -99999.00000 -99999.00000 5.89178 5.91392 6.13568 6.25923 6.20406 6.08973 5.95396 6.06216 6.00374 5.78522 5.60555 5.63551 5.56864 5.34431 5.16554 5.17930 5.39672 5.46125 5.29621 5.23428 5.20373 4.53992 2.39927 1.82658 1.36196 1.42971 0.67212 0.84497 1.38311 1.49618 2.08340 2.61731 3.91655 4.95503 5.34633 5.62562 5.72549 5.88795 5.97419 5.90098 5.99298 5.80902 5.31536 5.42696 5.35129 6.10935 6.80347 7.06187 7.19334 7.28905 7.33127 7.24904 6.84888 6.46952 6.69463 6.68223 6.16236 5.59406 5.73798 6.63389 7.19066 7.20715
-99999.00000 -99999.00000 -99999.00000 6.22133 6.11844 5.98438 6.04268 6.11105 5.89237 5.92622 5.97383 6.09003 6.01712 5.87052 5.67269 5.73139 5.69208 5.52758 5.43719 5.33379 5.37706 5.46038 5.36821 5.18071 4.57682 2.66308 1.86675 1.71661 1.22290 0.99332 0.71871 1.56537 2.01066 2.53119 2.85588 2.94955 4.28548 5.22609 5.48687 5.62663 5.83904 5.95328 6.12328 6.14521 6.11837 5.89693 5.33120 5.24718 5.42115 5.96657 6.67626 6.87351 7.02880 7.16580 7.24255 7.21871 7.09115 6.95431 6.82199 6.71161 6.33553 5.83114 5.75071 6.40324 7.06451 7.18721
-99999.00000 6.32498 6.45661 6.39307 6.05890 5.95783 5.97851 5.80239 5.80535 5.98442 6.01095 5.98451 5.90044 5.74223 5.71202 5.89197 5.80510 5.63517 5.57119 5.50339 5.41548 5.39696 5.37234 4.99896 3.25783 2.06436 2.09675 1.91844 1.34120 0.83676 1.30546 1.93544 2.99539 4.34569 3.74132 3.37131 4.10198 5.31768 5.63009 5.71527 5.77695 5.96146 6.24101 6.26907 6.27602 6.30816 5.85780 5.45040 5.67820 6.41000 6.78246 6.91042 6.96914 7.05585 7.19901 7.15920 7.18059 7.11036 6.97640 6.77337 6.42627 5.99359 5.79515 6.21034 6.82120 7.05374
6.36263 6.25606 6.34135 6.25247 6.06678 6.00527 5.95780 5.81899 5.80389 5.95207 6.01005 5.90125 5.80526 5.74771 5.88094 5.96915 5.82203 5.72140 5.64013 5.58199 5.50124 5.41125 5.39067 5.08833 3.77222 3.30623 3.18759 2.15279 1.75696 1.38925 1.86635 2.71806 4.99596 5.16302 4.63543 4.52711 4.44877 5.28927 5.54984 5.66286 5.83861 6.09821 6.37917 6.43098 6.31241 6.37649 6.36188 6.22378 6.36233 6.60697 6.70859 6.39928 6.89115 7.08161 7.14979 7.14052 6.97343 6.76650 6.79405 6.75923 6.41475 5.87110 5.66482 6.15094 6.71800 6.90072
6.18578 6.13592 6.24316 6.14859 6.01074 5.89676 5.84954 5.76470 5.71871 5.74551 5.91022 5.86899 5.76471 5.83845 6.04219 5.93215 5.83562 5.89851 5.83630 5.62847 5.50975 5.45732 5.39557 5.29507 4.57957 3.91522 2.77586 2.06098 1.71927 1.55051 2.13722 3.50655 5.16134 5.43892 5.31833 5.14883 5.15474 5.41494 5.43716 5.55355 5.82022 6.09657 6.31384 6.44511 6.47142 6.54065 6.49178 6.56346 6.60928 6.58212 6.01457 5.54081 6.03346 6.89242 7.07238 7.03097 6.76732 6.77551 6.48609 6.51598 6.14921 5.63993 5.71426 6.47948 6.82362 6.80972
6.04803 6.13281 6.15185 6.09851 5.94421 5.79814 5.69363 5.60493 5.52399 5.53806 5.58715 5.54542 5.59473 5.75519 5.80789 5.81195 5.74667 5.81816 5.88728 5.69226 5.50408 5.35075 5.26298 5.19512 5.04410 4.41604 2.93880 2.25746 1.69758 1.81104 2.34446 2.86713 3.77629 5.20325 5.28566 5.12137 4.71105 5.23107 5.34011 5.43011 5.69011 5.87627 5.95658 6.13455 6.32918 6.38784 6.28778 6.40320 6.44415 6.23632 5.46821 5.51852 5.40184 6.17458 6.65047 6.98079 6.89282 6.54276 6.62463 6.44329 6.04348 5.64272 5.75223 6.42418 6.74057 6.82112
6.05939 6.18393 6.15904 6.01554 5.87589 5.64332 5.45299 5.33930 5.19515 5.20053 4.80054 4.55181 4.99219 5.17520 5.26812 5.49004 5.76337 5.90455 5.86386 5.60664 5.42243 5.25594 5.01065 4.98680 5.01670 4.89955 3.44594 2.54702 2.28244 2.21312 2.48599 2.60008 2.55067 3.78051 5.07397 5.01663 4.64766 4.23826 4.68591 4.96914 5.40066 5.56931 5.69795 5.78383 5.99370 6.09947 6.13510 6.35853 6.39836 6.35055 5.79194 5.26309 5.59740 5.60161 5.67519 6.18668 6.64750 6.48801 6.51154 6.20643 5.85583 5.62179 5.85293 6.46915 6.65698 6.97489
6.03335 6.11568 6.04195 5.91253 5.72433 5.38189 4.94787 3.73215 3.24495 3.53888 2.28664 2.47502 2.99387 3.38446 4.38597 5.06992 5.53245 5.88955 5.81623 5.59136 5.35102 5.18508 4.93547 4.54939 4.58678 4.71238 3.32675 2.47341 2.08632 2.05487 2.23200 2.38196 2.24025 2.77622 4.63572 4.60162 4.17060 2.84766 2.41747 2.49161 4.02664 4.87451 5.38786 5.59129 5.70365 5.92998 6.17475 6.39402 6.45361 6.45392 6.41926 5.84627 5.50190 5.46601 5.60206 5.29064 5.68162 6.26402 6.11514 6.00202 5.70392 5.63190 6.10983 6.56534 6.77226 7.16419
6.14928 6.17077 5.95481 5.79980 5.53511 4.82083 2.67183 1.97038 2.23562 2.35573 2.50172 3.88756 4.03239 3.96363 4.48553 4.67093 5.02075 5.45224 5.46659 5.35512 5.27454 4.97145 3.91830 2.96419 2.60602 2.29927 1.70160 1.85390 1.58743 1.64310 2.14260 2.71170 2.27100 2.44059 3.41995 2.87704 1.78287 1.34253 1.58645 1.67052 1.87741 2.12758 3.87727 4.82407 5.36795 5.69958 6.07656 6.32725 6.55936 6.66248 6.65675 6.52135 6.11823 5.75564 5.25809 5.55429 5.31414 5.71075 6.18700 6.12245 5.77508 5.79712 6.31649 6.58954 6.84644 7.15660
6.01038 5.96874 5.80757 5.62004 5.14599 2.74568 1.90002 2.45403 3.89222 4.33132 5.25999 5.42817 5.37646 5.23344 5.06514 4.94458 4.27214 4.53352 4.69687 3.51946 3.49967 2.67423 1.91622 1.67446 1.32795 1.18864 1.45086 1.00617 0.89939 0.87678 1.67303 2.23021 2.63336 2.30884 1.41363 0.91876 1.09564 0.86221 1.46235 3.19043 2.93226 1.90835 1.57545 1.66428 3.71527 5.26555 5.71108 6.12232 6.44791 6.66031 6.73066 6.55623 6.36853 6.06714 5.61963 6.09004 5.60259 6.05789 6.36808 6.13510 5.79660 5.98049 6.48110 6.67407 6.79821 6.95338
5.81179 5.76461 5.63101 5.29686 3.52245 2.15452 2.48238 4.39393 5.35771 5.54836 5.62164 5.58160 5.52171 5.44416 5.19468 4.84730 3.96798 2.94874 2.53408 2.31778 1.97310 1.58869 1.59481 1.72594 1.54117 1.66699 1.95472 1.35954 1.38369 1.67663 1.55605 2.31590 2.07493 1.47382 1.34573 1.11727 2.42871 1.32204 2.17406 4.02947 4.59259 2.22270 1.35749 1.68817 1.72937 4.20623 5.30753 5.67249 6.05558 6.42407 6.62399 6.48721 6.38914 5.84862 5.23040 5.44907 5.12844 5.96180 6.29419 5.94226 5.73917 6.29715 6.48864 6.60983 6.91028 6.98522
5.68660 5.56622 5.32301 4.05595 2.76889 2.86413 3.92409 5.24214 5.60200 5.74392 5.59050 5.46799 5.32211 5.11309 4.89375 4.40169 3.26791 2.09662 2.02778 2.14984 1.93831 1.94205 2.39001 2.64565 2.52637 2.59384 2.57223 2.34502 2.60047 2.83414 2.22180 1.89785 1.66304 1.48201 1.07521 3.36754 4.59058 3.56647 3.58062 3.02982 2.92392 2.00508 1.36582 1.59850 3.06519 4.62815 4.99209 5.34111 5.68733 6.09456 6.29839 6.38744 6.47922 6.31239 5.52798 4.95049 5.06765 5.68147 5.91384 5.68613 5.65930 6.24907 6.42267 6.75848 6.87572 6.86410
5.56992 5.36223 4.48517 3.35550 3.97198 3.94260 4.47509 5.41909 5.63670 5.56289 5.36361 4.94635 2.98700 2.45577 3.95920 3.24720 2.10799 1.73348 1.67205 1.82829 2.14830 2.57143 3.53676 4.55805 4.48163 4.36267 4.08430 4.36977 5.20035 5.31547 4.59910 2.85293 2.36280 2.30840 1.35680 1.79778 1.85326 2.04885 0.70842 0.60878 0.72740 0.81672 0.81274 0.95740 1.83073 4.74235 5.16676 5.21679 5.46849 5.92923 6.19501 6.29408 6.37652 6.34046 5.88458 5.20910 5.33831 5.08758 5.03164 5.19988 5.46224 6.12700 6.65822 6.79535 6.60149 6.90782
5.44656 5.03162 3.98426 4.37738 4.71930 3.93220 4.56355 5.44197 5.44255 5.17617 4.57144 2.18708 1.67370 1.63547 1.70645 1.44878 1.10202 1.00444 0.97996 1.34137 2.19478 3.10895 4.83638 5.14877 5.22426 5.29034 5.27892 5.43229 5.56457 5.62986 5.54645 5.32473 5.18070 5.03388 2.86655 1.73473 1.74649 0.85591 0.50362 0.48211 0.49333 0.51528 0.54301 0.62373 1.12264 3.73637 5.03307 5.11542 5.36695 5.74077 6.00140 6.12837 6.13531 6.22832 6.43655 5.76683 5.15987 4.67590 4.35894 4.69209 4.61774 5.60281 6.70011 6.81352 6.65179 6.79973
5.33500 4.73136 4.56006 4.95400 4.78382 3.77579 2.71263 4.29249 4.89987 4.35047 2.00562 1.46988 1.56020 1.55528 1.24610 1.15456 1.25191 1.44913 1.54945 2.11759 2.83911 4.63649 5.23198 5.32080 5.45533 5.53264 5.57869 5.68920 5.74337 5.75411 5.75334 5.77576 5.72840 5.58637 5.34903 4.85367 4.43933 1.86588 1.01878 0.60248 0.48416 0.44431 0.42873 0.46480 0.61860 1.03578 2.38893 4.63917 5.13405 5.44473 5.67461 5.81973 6.04010 6.31952 6.50906 6.14179 5.47576 4.55110 4.53957 5.55694 5.39044 5.13231 6.19968 6.96624 6.85510 6.92325
5.14742 4.80568 5.05452 5.04738 4.74411 4.30330 1.55624 1.11971 1.66313 1.51182 1.11834 1.28002 1.52133 1.63988 1.50703 1.69002 2.16173 2.67230 3.09463 3.98199 4.79242 5.18248 5.25499 5.35791 5.44818 5.46181 5.52261 5.64962 5.67259 5.65993 5.64913 5.68051 5.65866 5.60405 5.65979 5.63811 5.44943 5.02894 3.27765 1.61055 0.82675 0.56347 0.44437 0.42377 0.42329 0.51957 0.67625 1.54313 4.03987 5.00222 5.30636 5.52417 5.72075 5.83925 5.90955 5.79096 5.57230 5.26597 4.77889 5.59909 5.23045 5.74838 6.73850 7.12011 7.16335 7.03675
5.17243 5.13251 5.28363 5.06876 4.31897 2.91965 1.61267 1.37865 0.83180 0.84767 1.22370 1.56835 1.85682 2.35955 2.47491 2.78171 3.83468 4.86625 5.01922 5.11487 5.24534 5.34221 5.29846 5.40625 5.47952 5.46613 5.46519 5.48984 5.45086 5.43722 5.44354 5.45741 5.50138 5.55719 5.57441 5.65765 5.67885 5.53770 5.35832 5.02770 3.00426 1.45347 0.70442 0.52419 0.40920 0.40818 0.43311 0.58673 1.10189 3.22018 4.66145 5.17222 5.32389 5.39144 5.52466 5.53651 5.59166 5.85350 5.88435 6.60625 6.10993 6.12513 6.73247 7.12032 7.20841 7.14605
5.33209 5.21575 5.25077 4.86668 3.54910 2.07124 1.25446 1.41743 1.34729 1.45882 1.91125 2.60097 2.96944 3.28228 3.65045 4.30962 4.90679 5.11537 5.17485 5.30073 5.40144 5.40482 5.42582 5.55888 5.55997 5.56936 5.56700 5.48552 5.38415 5.37331 5.36064 5.40553 5.41646 5.47109 5.43773 5.51205 5.55086 5.53601 5.47454 5.37940 5.20647 4.73449 2.60187 1.32018 0.61402 0.44499 0.40372 0.42164 0.54854 0.71706 3.19473 5.12686 5.34712 5.42614 5.58061 5.77404 6.23024 6.47702 6.88098 6.91940 5.85603 5.40315 5.74333 6.89603 7.24114 7.30428
5.32383 5.25179 5.19191 4.38765 2.30921 1.39454 0.91932 1.49890 1.99528 2.50741 3.33323 4.29310 4.59606 4.64329 4.80916 5.09350 5.28605 5.32433 5.42217 5.50480 5.47899 5.41646 5.54334 5.62569 5.56343 5.59488 5.56762 5.50886 5.56610 5.67781 5.67477 5.64550 5.63095 5.69799 5.50577 5.38500 5.42900 5.54608 5.54955 5.47305 5.40684 5.29888 5.17683 4.67739 1.91704 0.69807 0.50327 0.42644 0.42810 0.46430 0.72007 4.66043 5.52014 5.71396 5.99136 6.19718 6.44496 6.85540 7.10688 6.47586 5.37352 5.42909 5.32900 6.12374 7.13206 7.28583
