mrvbf_slope0.8_pctl0.6.asc
NCOLS 410
NROWS 410
XLLCORNER 2398750.0000000000000000
YLLCORNER 2548750.0000000000000000
CELLSIZE 250.0000000000000000
NODATA_VALUE -99999.00000
[rows 232 to 260 of 410, columns 132 to 197 of 410]
0.62601 0.52768 0.55919 0.62744 0.79180 1.24210 1.21675 0.89113 0.79280 1.09329 1.38841 1.58453 1.86178 2.15226 2.44148 2.69257 3.28305 3.90886 4.27993 4.43677 4.65654 5.03512 5.42541 5.67168 5.65842 5.59417 5.66871 5.89700 5.99143 5.89720 5.65452 5.48971 5.47165 5.58278 5.80395 6.03094 6.05167 6.06510 6.02878 6.26099 6.42792 6.30669 5.91050 5.80098 5.83296 5.74276 5.67911 5.49554 5.29602 5.29120 5.35638 5.63486 5.87363 6.04636 5.58364 5.42820 5.52257 5.59075 5.81166 6.08031 6.07094 5.85486 5.54646 5.19457 5.09287 5.04678
0.65077 0.63926 0.66254 0.74042 0.82948 1.07511 1.23465 1.11541 1.06734 1.22555 1.37074 1.55237 1.94699 2.18344 2.28165 2.55729 3.03996 3.71871 4.13691 4.42667 4.77881 5.08312 5.40239 5.63212 5.60561 5.58847 5.72983 5.94418 6.04858 5.70776 5.46313 5.46073 5.60237 5.78794 5.88250 5.82365 5.97826 6.17656 5.91026 5.90905 6.09694 6.11124 5.74876 5.76113 5.90431 5.70253 5.53323 5.58977 5.53305 5.43881 5.44294 5.59424 5.89653 5.78694 5.32106 5.25688 5.38004 5.37286 5.49104 5.77624 5.85248 5.67578 5.49930 5.21724 5.01977 4.97477
0.54818 0.53008 0.60657 0.65844 0.66607 0.70494 0.93725 1.22438 1.32592 1.37068 1.40224 1.56859 2.18435 2.34148 2.15832 2.32310 2.71982 3.58621 3.99635 4.43335 4.95570 5.17698 5.42964 5.64043 5.61217 5.62047 5.77230 5.77877 5.83030 5.53824 5.43991 5.73785 5.93568 5.83714 5.71525 5.74656 6.02467 5.95443 5.72994 5.65824 5.65403 5.74090 5.62269 5.90617 6.01276 5.84017 5.39844 5.45766 5.91352 5.90095 5.54038 5.49316 5.79047 5.49771 5.15500 5.25975 5.39336 5.28040 5.21706 5.34281 5.48162 5.52560 5.49808 5.43461 5.29702 5.18200
0.39921 0.38421 0.43576 0.51041 0.56196 0.64094 0.83379 1.13167 1.35208 1.43568 1.45042 1.61961 2.32141 2.43662 2.39880 2.22534 2.60069 3.62799 4.17363 4.50152 4.99364 5.30847 5.56981 5.72494 5.65126 5.62675 5.69765 5.62921 5.60179 5.49275 5.58468 5.98067 5.78641 5.65250 5.75293 6.01568 6.22036 5.89666 5.84074 5.87691 5.64549 5.62373 5.74891 6.05009 6.22422 6.35916 5.73125 5.40392 5.58115 5.66607 5.47402 5.59354 5.96843 5.43519 5.10851 5.29299 5.54763 5.44123 5.24618 5.17872 5.27440 5.49487 5.55742 5.48332 5.42288 5.36418
0.35401 0.35062 0.34933 0.45518 0.58820 0.70654 0.92081 1.19159 1.36978 1.43404 1.49383 1.75610 2.35963 2.40054 2.35284 2.31883 2.65552 3.81522 4.37895 4.67496 5.10701 5.43764 5.70518 5.73796 5.59711 5.52302 5.55603 5.61790 5.63488 5.66896 5.87209 6.05872 5.73267 5.78986 6.15837 6.35836 6.20280 5.80445 5.83748 6.15326 5.96735 5.79094 5.93759 6.06542 6.46060 6.72840 6.38088 5.81418 5.66285 5.65749 5.63672 5.88264 6.11169 5.47646 5.12567 5.24115 5.54892 5.71574 5.51715 5.29824 5.20768 5.31464 5.59426 5.65628 5.51961 5.35305
0.47598 0.41272 0.46239 0.55341 0.64076 0.80599 1.08374 1.31088 1.42232 1.47751 1.59581 1.94198 2.32106 2.35134 2.32923 2.54305 3.10360 4.09537 4.45282 4.83815 5.29318 5.61010 5.85418 5.76932 5.50252 5.39147 5.51932 5.79467 5.96511 5.99423 6.04376 6.08681 5.77370 5.66722 5.74329 5.84592 5.75305 5.55177 5.69426 6.15152 6.19970 5.96387 5.80301 5.84943 6.32294 6.56968 6.50551 6.42238 6.14368 5.91682 5.68092 5.53425 5.73054 5.44353 5.17217 5.27914 5.47900 5.70195 5.82429 5.55703 5.27730 5.13009 5.33115 5.77264 5.85706 5.54526
0.59340 0.60658 0.62341 0.63456 0.72679 0.98055 1.24528 1.40341 1.46972 1.55510 1.80238 2.15782 2.32482 2.42763 2.59394 2.97332 3.73817 4.17295 4.51081 4.94606 5.34590 5.67798 5.97011 5.87873 5.49528 5.34232 5.54849 5.79863 5.93884 6.05413 5.93883 6.04003 6.00857 5.73838 5.66610 5.72852 5.68568 5.54212 5.66491 5.87609 6.09482 5.87390 5.71561 5.52638 5.71538 5.97395 6.09615 6.19385 6.13618 5.56719 5.16141 5.05867 5.17247 5.23155 5.22591 5.45748 5.47749 5.49578 5.71604 5.84824 5.51831 5.14457 5.00519 5.39200 5.77454 5.61420
0.58611 0.66892 0.73198 0.81276 0.99056 1.20517 1.37797 1.46406 1.54782 1.70843 2.04914 2.34071 2.39667 2.57716 2.92068 3.51225 3.95461 4.34529 4.69362 5.06615 5.31945 5.62375 6.00009 5.94609 5.52673 5.39634 5.65920 5.87446 6.17257 6.36832 6.12929 5.96545 6.02774 6.06808 6.06353 6.05674 5.89273 5.69823 5.87116 5.81990 6.04678 5.81630 5.84965 5.60460 5.55557 5.80544 6.02797 5.92704 5.74323 5.20886 5.03850 5.14101 5.04971 5.18929 5.46154 5.68953 5.59162 5.39082 5.47300 5.76541 5.79556 5.46176 5.02643 5.03750 5.37814 5.39202
0.58960 0.67107 0.93270 1.11821 1.18263 1.32799 1.44439 1.53619 1.66975 1.99491 2.35726 2.51933 2.58529 2.76548 3.36580 3.69511 4.29941 4.67740 4.98806 5.20830 5.32713 5.54865 5.91784 5.84726 5.47003 5.42408 5.77040 6.04394 6.40886 6.48066 6.11516 5.82705 6.00823 6.24661 6.21319 6.30652 6.10850 5.91080 6.12862 5.98882 6.18799 5.91356 5.94485 5.94109 5.69098 5.75758 5.89017 5.73311 5.58974 5.25992 5.26182 5.62549 5.43740 5.45412 5.65019 5.78303 5.82850 5.48896 5.41729 5.66950 5.78668 5.59814 5.31963 5.14155 5.23200 5.27689
0.62304 0.80380 1.14184 1.20684 1.28759 1.38792 1.51997 1.66637 2.01330 2.38986 2.58966 2.68829 2.78127 3.19621 3.72331 4.03472 4.61527 4.98057 5.20810 5.40122 5.43810 5.49586 5.74769 5.69883 5.40893 5.42682 5.75443 5.96599 6.39007 6.33004 5.84356 5.73032 6.14054 6.29048 6.24831 6.37300 6.13659 5.95081 6.21318 6.11091 6.29727 6.02943 6.01273 6.13916 5.70804 5.69057 5.54127 5.45318 5.54245 5.39935 5.38763 5.81665 5.84928 5.91101 5.75501 5.64458 5.78242 5.53552 5.43588 5.72591 5.89906 5.79667 5.68307 5.45538 5.35443 5.32590
0.73682 1.13095 1.23094 1.22119 1.34528 1.45582 1.61116 1.86840 2.36198 2.59743 2.71440 2.81457 3.08594 3.84306 4.28621 4.24604 4.56606 4.99210 5.33310 5.57327 5.62984 5.55141 5.64777 5.66975 5.45773 5.44985 5.71703 5.92167 6.32970 6.17431 5.76225 5.81768 6.31878 6.42769 6.40883 6.45562 6.17292 5.98369 6.24704 6.11584 6.27545 6.05909 6.10919 6.28858 5.80866 5.74996 5.46454 5.56834 5.59072 5.53063 5.50272 5.62879 5.64115 5.63165 5.72524 5.54952 5.67581 5.43085 5.31461 5.59275 5.78569 5.81583 5.77388 5.65729 5.57690 5.47193
1.18967 1.39726 1.30299 1.31150 1.43598 1.52351 1.67974 2.16481 2.57234 2.75296 2.90388 3.02819 3.46678 4.20600 4.43530 4.35961 4.59093 5.02513 5.39083 5.59933 5.69935 5.68449 5.69167 5.74827 5.62777 5.53228 5.66572 5.97559 6.26621 6.18906 5.82812 5.85016 6.26182 6.51200 6.63926 6.67072 6.44863 6.09659 6.01717 6.18152 6.21458 6.20430 6.27774 6.36952 6.21195 6.07465 5.84441 5.79378 5.96883 5.83703 5.61152 5.51621 5.67100 5.62251 5.54675 5.66131 5.82018 5.35042 5.20996 5.52917 5.70090 5.81312 5.88122 5.73683 5.68993 5.52129
1.43068 1.46083 1.43497 1.53162 1.56874 1.75979 2.01956 2.47251 2.71814 3.02381 3.32333 3.34638 3.77883 4.35322 4.17897 4.18957 4.50312 4.90126 5.27421 5.52779 5.66189 5.70835 5.66396 5.69941 5.72083 5.57168 5.57838 5.68059 5.82432 5.90550 5.86802 6.09073 6.39518 6.59448 6.75658 6.77424 6.70536 6.40514 6.13831 6.04391 6.04696 6.34288 6.37410 6.35798 6.54107 6.49873 6.30261 6.18598 6.39383 6.19920 5.82424 5.83723 6.18620 6.13459 5.81536 5.91591 5.74343 5.26855 5.20285 5.54690 5.80191 5.91356 5.85368 5.72636 5.72334 5.45812
1.47804 1.53903 1.60905 1.79576 1.98320 2.24624 2.44473 2.65521 3.00038 3.45258 3.73294 3.70873 4.13511 4.32993 4.06879 4.23228 4.48147 4.70037 4.97322 5.27733 5.48180 5.49856 5.42359 5.42666 5.51687 5.37667 5.33798 5.48669 5.61536 5.81297 6.10419 6.50993 6.67994 6.73529 6.79101 6.81602 6.85642 6.74330 6.39611 5.90500 5.94937 6.20456 6.34823 6.39425 6.61130 6.62993 6.67157 6.70625 6.74166 6.61879 6.37974 6.43950 6.51366 6.26320 5.88689 5.75850 5.53778 5.24572 5.28170 5.54378 5.63850 5.76438 5.76317 5.69335 5.67624 5.29516
1.37417 1.55798 1.80931 2.27138 2.46016 2.57462 2.67002 2.91715 3.68522 3.92074 4.04201 4.13297 4.38501 4.38513 4.06825 4.26964 4.47983 4.55822 4.67480 4.91264 5.16810 5.19289 5.08877 5.03756 5.12479 5.16998 5.13671 5.36791 5.61996 5.93463 6.34741 6.68804 6.83627 6.87953 6.84957 6.89837 6.90780 6.79044 6.36126 5.86964 6.03016 6.16086 6.37958 6.37694 6.42060 6.46811 6.58635 6.69912 6.66558 6.62072 6.60812 6.64291 6.50248 6.05989 5.78599 5.73156 5.59236 5.33794 5.32040 5.38816 5.43066 5.53436 5.65336 5.61143 5.53287 5.10996
1.18334 1.61512 2.26158 2.58541 2.78356 2.95545 3.02770 3.20740 3.60748 3.99745 4.23292 4.37719 4.50902 4.35583 3.87471 4.04977 4.35043 4.42060 4.47173 4.61771 4.87052 4.89181 4.74685 4.67209 4.67197 4.75127 4.81019 5.09340 5.40843 5.76174 6.30792 6.64162 6.79352 6.86674 6.87813 6.89288 6.87749 6.75875 6.35676 5.98639 6.12550 6.31820 6.45393 6.35312 6.24010 6.27372 6.35284 6.29775 6.13048 6.07405 6.18026 6.31448 6.35221 6.07833 5.71019 5.68507 5.71104 5.47901 5.33991 5.35286 5.42504 5.41444 5.48872 5.56486 5.41884 5.03541
1.47914 2.11258 2.57064 3.06173 3.61648 3.87213 3.57205 3.37305 3.40404 3.47973 3.70192 4.15629 4.42313 4.03656 3.49862 3.85757 4.28330 4.37175 4.39443 4.47976 4.65629 4.65469 4.56098 4.54868 4.52051 4.50211 4.57862 4.81633 5.07457 5.40135 5.99701 6.47779 6.67344 6.74438 6.72944 6.69361 6.70886 6.66640 6.30988 6.04464 6.20354 6.32339 6.31453 6.39384 6.21635 6.11199 6.03986 5.76154 5.57142 5.48063 5.51167 5.69872 5.94264 5.96095 5.70126 5.62674 5.70414 5.59656 5.42054 5.38876 5.24624 5.15983 5.22536 5.37417 5.30749 5.00767
2.16654 2.51678 3.15742 4.14162 4.35023 4.35551 4.09616 3.87882 3.82446 3.74177 3.66147 3.91897 4.37392 3.71422 3.53158 4.20350 4.51683 4.54820 4.51171 4.52809 4.64715 4.63315 4.63086 4.72570 4.71920 4.66140 4.71699 4.80799 4.89878 5.13551 5.59699 6.16430 6.43514 6.44936 6.30574 6.22398 6.29784 6.40684 6.20990 6.01336 6.12949 6.24833 6.11746 6.28918 6.36295 6.00331 5.61505 5.41594 5.34901 5.26747 5.19612 5.26539 5.43141 5.54432 5.49069 5.48869 5.56572 5.58176 5.36961 5.12403 4.91501 4.82767 4.78934 4.87928 4.98029 4.87384
2.66139 3.28894 4.33867 4.64478 4.69397 4.49673 4.43433 4.42030 4.38032 4.22739 3.76301 4.04974 4.43993 3.88980 3.83528 4.43247 4.95429 4.89713 4.73217 4.75495 4.94088 4.93056 5.02250 5.21491 5.31191 5.25603 5.23093 5.00427 4.94478 5.11791 5.41393 5.75247 5.94907 5.90973 5.83103 5.85316 5.93589 6.13186 6.23351 6.10842 6.10294 6.13438 6.01155 6.21862 6.32634 5.82495 5.37819 5.26470 5.33885 5.36436 5.25963 5.18265 5.22104 5.27638 5.25812 5.23347 5.23869 5.25387 5.13860 4.87941 4.74420 4.73788 4.73454 4.69835 4.76351 4.76013
3.94080 4.52343 4.86691 4.82853 4.67036 4.57204 4.68805 4.69288 4.47471 4.15811 3.94351 4.43828 4.38871 4.05330 4.13834 4.56177 5.17688 5.01384 4.82028 4.98856 5.33771 5.31018 5.32442 5.42058 5.48819 5.43247 5.40776 5.11896 5.06426 5.28122 5.48642 5.55178 5.57158 5.58205 5.68240 5.80022 5.84075 6.00317 6.34399 6.36533 6.19910 6.05627 6.14066 6.34656 6.22373 5.68458 5.24351 5.14538 5.33037 5.54572 5.48270 5.33346 5.28960 5.23290 5.12496 5.02776 4.97532 4.98460 4.97103 4.81646 4.74281 4.83108 4.98761 4.86313 4.80412 4.73953
4.56859 4.93624 4.83073 4.62540 4.62109 4.76720 4.89232 4.78791 4.57928 4.29614 4.14001 4.60024 4.31679 4.08661 4.31861 4.74178 5.23741 4.99162 4.87553 5.15211 5.36288 5.25271 5.32662 5.63998 5.81558 5.65261 5.55685 5.16251 5.17957 5.52245 5.66780 5.54242 5.48282 5.56277 5.77101 5.93555 5.89584 5.89668 6.23966 6.50389 6.41519 6.30178 6.35813 6.28219 5.90002 5.40523 5.07355 5.07799 5.34367 5.66068 5.63770 5.53371 5.48786 5.32512 5.11164 4.96596 4.89911 4.91041 4.98798 4.88710 4.83222 4.97569 5.09618 5.08243 4.91066 4.74300
4.59972 4.69153 4.55704 4.55149 4.76347 5.00364 4.84300 4.66808 4.67532 4.57949 4.30083 4.53108 4.20501 4.18621 4.49977 4.96619 5.23134 4.96327 4.85060 5.05479 5.04768 4.96462 5.05744 5.30720 5.66173 5.56981 5.45084 5.10043 5.24624 5.74017 5.78277 5.61345 5.58108 5.67266 5.87191 6.05546 5.91046 5.82872 6.13226 6.50308 6.51701 6.37376 6.19529 5.85038 5.39961 5.04922 4.92473 5.09030 5.41015 5.69800 5.64739 5.64089 5.67269 5.39808 5.11462 5.00328 5.01084 4.94304 5.04709 4.93504 4.85018 4.96351 5.06039 5.05672 4.93097 4.74476
4.65704 4.61287 4.66186 4.83919 4.90514 4.79690 4.57109 4.49219 4.51227 4.43575 4.41192 4.66113 4.26660 4.34425 4.67664 5.16204 5.33940 5.08435 4.86609 4.89403 4.90060 5.02792 5.13449 5.11161 5.42655 5.45105 5.24459 5.04295 5.35022 5.92065 5.80995 5.67992 5.73383 5.76604 5.84204 5.95123 5.85082 5.79197 6.00996 6.28769 6.22612 5.96054 5.66253 5.33992 5.04666 4.89610 4.95047 5.18566 5.43800 5.55829 5.53792 5.65005 5.71737 5.37389 5.07217 5.03220 5.11837 4.92745 4.93057 4.87633 4.83709 4.95408 5.14650 5.13099 4.99944 4.74240
5.15583 5.13022 5.26699 5.27940 4.91140 4.60945 4.48187 4.52916 4.61710 4.62252 4.87344 4.73234 4.34011 4.35459 4.67077 5.25233 5.54803 5.36350 5.14792 5.08795 5.19315 5.39704 5.26036 5.04636 5.19676 5.31965 5.15806 5.15316 5.62727 6.02079 5.73624 5.68878 5.93523 5.87935 5.84188 5.88582 5.82649 5.76401 5.82967 5.91585 5.76646 5.49563 5.25742 5.06386 4.95271 4.93627 5.05952 5.27081 5.37850 5.35021 5.41465 5.65065 5.67164 5.29325 4.99698 4.97204 5.05865 4.89978 4.81156 4.87545 4.96823 5.07560 5.12631 5.14977 5.04291 4.74157
5.65801 5.65510 5.63190 5.53945 5.08264 4.60127 4.43446 4.57019 4.75144 4.71566 4.97876 4.87774 4.41287 4.35381 4.64648 5.32878 5.70035 5.60703 5.49734 5.54051 5.70440 5.65371 5.21990 4.94157 5.13009 5.33749 5.13974 5.22973 5.81285 6.03419 5.66668 5.66497 5.97241 5.90531 5.86879 5.92563 5.91252 5.82639 5.76535 5.70005 5.50511 5.25116 5.07008 4.99654 4.98055 5.00222 5.11107 5.27384 5.27777 5.16405 5.23350 5.49007 5.48332 5.13329 4.91225 4.92767 5.02322 5.03114 4.95012 5.02954 5.18087 5.23400 5.18119 5.19340 5.10412 4.84448
6.33408 6.29254 6.03512 5.76049 5.50540 4.86019 4.46227 4.46735 4.72038 4.72857 4.87611 5.09398 4.46896 4.36061 4.66392 5.42960 5.59950 5.53643 5.52849 5.63487 5.75089 5.61949 5.23091 4.92085 5.06525 5.05742 4.81920 4.83983 5.43672 5.77037 5.61598 5.61163 5.70736 5.81941 5.92121 6.00132 6.03347 5.92830 5.78570 5.67046 5.42807 5.16706 5.04840 5.04437 5.04399 5.05140 5.13219 5.25419 5.21087 5.03192 4.97473 5.11175 5.12371 4.95025 4.91705 5.02001 5.09740 5.11949 5.13104 5.21764 5.26421 5.17353 5.03546 4.93843 4.83500 4.70405
6.83559 6.88344 6.72646 6.18190 5.65274 5.26453 4.76495 4.56264 4.76947 4.74499 4.89307 5.00261 4.52273 4.42786 4.69796 5.38601 5.46743 5.48631 5.65000 5.87480 5.97249 5.80646 5.41248 4.95907 4.83190 4.73164 4.78384 4.61860 4.94798 5.61048 5.76370 5.67250 5.74071 5.86983 5.98341 5.98925 5.94692 5.85228 5.77282 5.67713 5.41288 5.12244 5.07954 5.13791 5.12570 5.11796 5.18220 5.26898 5.21579 5.01366 4.85800 4.84450 4.87744 4.91934 5.06428 5.22547 5.24719 5.17707 5.16267 5.20469 5.16167 5.01429 4.84075 4.69641 4.60464 4.54212
7.04790 6.99147 6.92512 6.59740 5.88768 5.50019 5.03413 4.62486 4.65944 4.79407 5.02675 4.86363 4.63394 4.55186 4.75976 5.39252 5.54947 5.51183 5.80424 6.25375 6.37324 6.08039 5.56703 5.05609 4.73886 4.69099 4.90600 4.65178 4.72463 5.22865 5.71838 5.93238 5.87778 5.68406 5.55557 5.50897 5.52817 5.58289 5.60983 5.56079 5.41025 5.10128 4.98782 5.07492 5.14319 5.17211 5.20927 5.25495 5.24097 5.09591 4.91347 4.82019 4.85252 5.02892 5.26170 5.32549 5.28151 5.17810 5.11141 5.10631 5.05919 4.90617 4.73106 4.60208 4.54133 4.53269
6.99995 6.85029 6.60982 6.37216 5.95944 5.63479 5.08919 4.66420 4.66138 4.90065 4.73932 4.68199 4.76659 4.67035 4.79168 5.33820 5.60216 5.36848 5.42949 5.95543 6.18350 5.66726 5.33044 5.15823 4.94300 4.86762 4.84862 4.68532 4.72619 4.93558 5.16761 5.46075 5.43523 5.22948 5.12673 5.11835 5.19839 5.30374 5.35976 5.32019 5.19659 5.00908 4.93248 4.99561 5.09137 5.14723 5.16508 5.19362 5.23753 5.20772 5.07425 4.94287 4.91395 5.03009 5.22561 5.18928 5.08724 5.02930 5.00873 5.03323 5.01894 4.84117 4.62565 4.54358 4.56166 4.60264
