mrvbf_slope1_pctl0.7.asc
NCOLS 410
NROWS 410
XLLCORNER 2398750.0000000000000000
YLLCORNER 2548750.0000000000000000
CELLSIZE 250.0000000000000000
NODATA_VALUE -99999.00000
[rows 232 to 260 of 410, columns 330 to 395 of 410]
7.29302 7.21478 7.28613 7.43381 7.50307 7.53093 7.55134 7.55511 7.56641 7.57306 7.57900 7.58399 7.59152 7.59597 7.59608 7.59436 7.59637 7.59382 7.59266 7.59640 7.60260 7.60701 7.60260 7.58161 7.55082 7.52838 7.54171 7.57105 7.58624 7.59420 7.60271 7.60891 7.61235 7.61497 7.61582 7.61812 7.62531 7.63051 7.63273 7.63650 7.63829 7.63889 7.63887 7.63830 7.63711 7.63486 7.62985 7.62042 7.60934 7.59560 7.55400 7.41872 7.50588 7.51625 7.58983 7.60380 7.60027 7.58842 7.57173 7.52394 7.47821 7.53556 7.58386 7.60581 7.61695 7.61828
7.36715 7.31109 7.23912 7.24010 7.39785 7.47661 7.51415 7.53009 7.54693 7.56070 7.57272 7.57780 7.57969 7.58017 7.58120 7.58673 7.58989 7.59094 7.59101 7.58702 7.59225 7.59781 7.59620 7.58939 7.57651 7.54634 7.52409 7.53515 7.55867 7.56744 7.57101 7.57837 7.59045 7.59559 7.59218 7.58674 7.60589 7.61804 7.62343 7.62762 7.62942 7.63093 7.63153 7.63133 7.63021 7.62810 7.62370 7.61445 7.60409 7.58788 7.54805 7.43321 7.49159 7.52129 7.58466 7.59606 7.58781 7.55855 7.49440 7.44926 7.48856 7.56339 7.59028 7.59939 7.61029 7.60820
7.42017 7.38848 7.36337 7.19154 7.18640 7.32560 7.43172 7.48059 7.51111 7.54023 7.55869 7.56344 7.57246 7.57360 7.57507 7.58143 7.58561 7.58800 7.58702 7.58340 7.58708 7.58746 7.58938 7.58939 7.58874 7.57474 7.54942 7.52206 7.52455 7.52217 7.51538 7.52609 7.54500 7.55853 7.56403 7.57407 7.57864 7.59827 7.60709 7.61450 7.61648 7.61968 7.62121 7.62168 7.62019 7.61795 7.61521 7.60578 7.59202 7.57310 7.54771 7.46371 7.48534 7.51991 7.57164 7.57601 7.54960 7.47456 7.44672 7.49428 7.55393 7.58136 7.59381 7.60090 7.60409 7.60401
7.39540 7.42162 7.42508 7.35663 7.24418 7.24437 7.27879 7.35648 7.41209 7.48349 7.52534 7.54734 7.55614 7.55748 7.55832 7.57064 7.57891 7.57720 7.57893 7.57815 7.58369 7.58452 7.58843 7.58648 7.58746 7.57866 7.57250 7.55040 7.54186 7.53081 7.52275 7.51685 7.51118 7.51824 7.54173 7.55961 7.57584 7.58707 7.59171 7.59726 7.60079 7.60312 7.60456 7.60674 7.60726 7.60686 7.60211 7.59103 7.57844 7.56622 7.54956 7.50158 7.50753 7.54317 7.55759 7.52676 7.44776 7.43724 7.51965 7.55782 7.58157 7.59188 7.59761 7.60628 7.60921 7.61050
7.35942 7.36475 7.36781 7.39523 7.36482 7.37585 7.36169 7.32751 7.32774 7.35224 7.41561 7.49771 7.52521 7.53383 7.54308 7.55724 7.56280 7.55926 7.55658 7.56456 7.57315 7.57829 7.58413 7.58083 7.58035 7.57609 7.57360 7.57549 7.57545 7.57047 7.56600 7.56370 7.54563 7.52039 7.50699 7.53539 7.55955 7.56827 7.57801 7.58175 7.58541 7.58966 7.59124 7.59197 7.59389 7.59537 7.58787 7.57901 7.56990 7.55967 7.53593 7.51043 7.52798 7.52441 7.51220 7.42507 7.43473 7.52107 7.56145 7.57740 7.58959 7.59671 7.60279 7.60846 7.61357 7.61408
7.33528 7.29650 7.30204 7.36698 7.38994 7.41428 7.43642 7.42497 7.42652 7.40386 7.35816 7.39648 7.46418 7.49903 7.52330 7.54029 7.54768 7.55557 7.55143 7.54956 7.56646 7.57350 7.57874 7.57449 7.56488 7.57348 7.57553 7.57936 7.58085 7.57860 7.57637 7.57454 7.56742 7.55150 7.52057 7.51460 7.52969 7.52327 7.54068 7.55687 7.56448 7.57467 7.58018 7.58156 7.58243 7.58165 7.57599 7.56767 7.55752 7.54256 7.51098 7.51116 7.50881 7.46145 7.43149 7.44870 7.53519 7.56509 7.57425 7.58698 7.59424 7.59803 7.60340 7.60662 7.61147 7.61168
7.37089 7.31913 7.27952 7.27184 7.32082 7.39042 7.41613 7.44308 7.44401 7.44431 7.44678 7.39311 7.37069 7.41788 7.45760 7.48805 7.52321 7.54160 7.54710 7.53854 7.54332 7.55434 7.56435 7.56672 7.55958 7.56175 7.57011 7.57048 7.57200 7.57433 7.57226 7.57229 7.57218 7.56437 7.54588 7.52408 7.52263 7.51326 7.50145 7.51363 7.52542 7.53988 7.55279 7.56034 7.56339 7.55687 7.55056 7.53855 7.53285 7.51581 7.48451 7.46976 7.44467 7.46024 7.48050 7.51880 7.56279 7.57474 7.58495 7.59323 7.59469 7.59534 7.59805 7.60235 7.60713 7.60534
7.42344 7.38757 7.32180 7.26051 7.23842 7.30569 7.35725 7.39279 7.40080 7.41251 7.44468 7.42233 7.39050 7.40941 7.44032 7.43081 7.45035 7.48303 7.51106 7.53212 7.52328 7.53214 7.55544 7.56068 7.55568 7.54882 7.55442 7.55595 7.55794 7.56569 7.56429 7.56752 7.56796 7.56520 7.55869 7.53963 7.53494 7.53924 7.53131 7.52385 7.52037 7.51853 7.52753 7.52871 7.53350 7.52028 7.51530 7.50943 7.50280 7.48475 7.43220 7.38491 7.45377 7.51889 7.53326 7.55227 7.57399 7.58268 7.58957 7.59032 7.59087 7.59648 7.59689 7.59933 7.60278 7.60478
7.45083 7.43777 7.39172 7.32630 7.29350 7.30393 7.32597 7.33051 7.32281 7.34226 7.39496 7.41404 7.44459 7.45278 7.48429 7.47231 7.47074 7.46107 7.47488 7.51478 7.52649 7.52209 7.54651 7.54408 7.53455 7.52435 7.53297 7.52867 7.53010 7.54307 7.54505 7.55299 7.55674 7.55449 7.55185 7.54423 7.54189 7.54213 7.54230 7.54254 7.54612 7.54503 7.54056 7.53021 7.53005 7.52177 7.51184 7.50842 7.49149 7.44393 7.28655 7.37716 7.49025 7.54188 7.55713 7.55873 7.56653 7.57707 7.58612 7.58688 7.58377 7.59074 7.59623 7.60120 7.60425 7.60909
7.47078 7.45525 7.44535 7.39373 7.35168 7.35093 7.35849 7.36604 7.35585 7.34679 7.38760 7.42309 7.44763 7.45191 7.47672 7.48256 7.47368 7.48356 7.49438 7.51821 7.53355 7.52469 7.53650 7.52954 7.48930 7.44879 7.48551 7.45537 7.44154 7.48365 7.50424 7.52034 7.52781 7.52432 7.52676 7.53052 7.52694 7.53231 7.53892 7.54501 7.55153 7.55369 7.54983 7.54603 7.53960 7.52875 7.52127 7.51377 7.47713 7.32636 7.30269 7.46645 7.52351 7.55026 7.56286 7.57234 7.57752 7.57836 7.58532 7.58664 7.57773 7.57827 7.59364 7.60467 7.60705 7.61080
7.50045 7.47150 7.46299 7.43963 7.39901 7.37811 7.38919 7.42271 7.42733 7.41877 7.44161 7.45928 7.45357 7.42761 7.44394 7.46592 7.48548 7.49268 7.49714 7.52303 7.53338 7.53204 7.52730 7.50359 7.44010 7.44428 7.45578 7.44526 7.43190 7.40938 7.39857 7.43554 7.44348 7.43354 7.46294 7.49089 7.49992 7.50667 7.52290 7.52863 7.53549 7.54288 7.54386 7.54086 7.53912 7.52838 7.50158 7.46560 7.37636 7.25194 7.44246 7.52391 7.55022 7.55751 7.56589 7.57490 7.57445 7.57224 7.57812 7.57913 7.58036 7.57749 7.58465 7.59697 7.60035 7.60776
7.51240 7.49205 7.47226 7.45828 7.43513 7.41624 7.39925 7.41049 7.42702 7.45690 7.48586 7.48764 7.47071 7.43096 7.41619 7.43264 7.45742 7.47924 7.49456 7.51176 7.52092 7.52542 7.52470 7.51085 7.47669 7.45578 7.49298 7.50553 7.49781 7.46447 7.39439 7.38659 7.39521 7.37125 7.33542 7.35450 7.39522 7.43541 7.47990 7.49738 7.50625 7.51796 7.52478 7.52517 7.52156 7.49719 7.41599 7.25855 7.15888 7.33369 7.48677 7.54101 7.55202 7.55493 7.56384 7.56719 7.56923 7.57360 7.57713 7.58454 7.58335 7.58811 7.58889 7.59818 7.59788 7.59780
7.50782 7.49750 7.47282 7.45297 7.43668 7.43915 7.40294 7.37040 7.41828 7.47915 7.50216 7.49645 7.48273 7.44846 7.41738 7.41168 7.42094 7.43720 7.44686 7.45084 7.45494 7.47777 7.49806 7.50375 7.48507 7.46583 7.48792 7.48645 7.48839 7.49244 7.46253 7.44014 7.41810 7.37003 7.32453 7.23116 7.18456 7.19640 7.33564 7.40679 7.42475 7.46023 7.48058 7.48842 7.47480 7.37059 7.08171 7.04540 7.28427 7.44923 7.50134 7.53258 7.53322 7.53812 7.55213 7.55667 7.56435 7.57512 7.58222 7.58721 7.58826 7.58728 7.59152 7.59890 7.60044 7.59962
7.49639 7.49909 7.48047 7.45687 7.43235 7.42461 7.40412 7.34474 7.40248 7.48503 7.50175 7.49514 7.49608 7.47575 7.44807 7.43401 7.42991 7.43021 7.42869 7.41693 7.39741 7.39603 7.42293 7.43149 7.39210 7.41293 7.44297 7.46998 7.47858 7.47429 7.47265 7.45609 7.39933 7.39292 7.29848 7.26684 7.27655 7.10455 6.93687 6.94347 6.95014 7.20173 7.33652 7.36973 7.31394 7.01708 6.97985 7.24837 7.44346 7.49748 7.50178 7.51956 7.52483 7.53623 7.54096 7.55595 7.56283 7.57067 7.58354 7.58583 7.58664 7.58774 7.59055 7.60167 7.60368 7.60042
7.48983 7.50113 7.49420 7.47787 7.44887 7.42295 7.40993 7.35080 7.37126 7.46719 7.49613 7.49972 7.51341 7.50557 7.48709 7.47895 7.47710 7.47514 7.47263 7.46824 7.46154 7.43678 7.41610 7.39549 7.38401 7.41300 7.46496 7.48561 7.46945 7.45466 7.46515 7.44792 7.41248 7.31283 6.80570 7.07353 7.17185 7.19379 7.00075 6.60855 6.42563 6.19448 6.40370 6.59771 6.70519 6.88567 7.14904 7.38493 7.44148 7.50946 7.51600 7.52042 7.53470 7.53963 7.55005 7.55472 7.55851 7.56100 7.57802 7.58734 7.58278 7.58614 7.59466 7.59750 7.59983 7.59545
7.48032 7.49664 7.49655 7.47955 7.45083 7.43514 7.42235 7.37955 7.37832 7.45801 7.50323 7.51349 7.52576 7.52463 7.51234 7.50962 7.51502 7.52034 7.52310 7.52608 7.52869 7.51475 7.49770 7.49772 7.51358 7.50654 7.50963 7.51235 7.48639 7.44997 7.44342 7.42154 7.32119 6.94361 6.84610 6.80613 6.91896 6.93853 6.98009 6.71475 6.51821 6.13133 5.91650 6.03889 6.50872 7.20025 7.36372 7.36790 7.47828 7.52028 7.53080 7.53216 7.53729 7.55192 7.56503 7.56305 7.56123 7.55343 7.56338 7.57694 7.57777 7.58595 7.59367 7.59521 7.58991 7.58935
7.47115 7.48652 7.48449 7.46540 7.44484 7.43839 7.42959 7.38568 7.37570 7.45661 7.50928 7.51825 7.52891 7.52938 7.51893 7.51835 7.52962 7.54301 7.55041 7.55193 7.55259 7.55189 7.54809 7.54780 7.55116 7.54336 7.53255 7.52156 7.49764 7.46681 7.44905 7.43133 7.39067 7.32331 7.26557 7.31530 7.26446 7.06920 6.88309 6.82984 6.63773 6.68634 6.65645 6.56787 6.61534 7.02883 7.29322 7.35539 7.45920 7.50674 7.52703 7.54147 7.55242 7.56205 7.56985 7.56954 7.56830 7.55664 7.54766 7.55888 7.56146 7.57129 7.58004 7.58252 7.58274 7.58367
7.47224 7.48098 7.46879 7.44485 7.42989 7.42944 7.41675 7.33096 7.34891 7.46641 7.50579 7.51387 7.52415 7.52143 7.51335 7.51929 7.53913 7.55538 7.56289 7.56553 7.56755 7.56915 7.56872 7.56738 7.56403 7.55433 7.53992 7.52755 7.51543 7.50213 7.49443 7.48968 7.47820 7.45030 7.44699 7.47144 7.43234 7.35303 7.24565 7.24698 7.24976 7.20207 7.21165 7.14524 6.99168 6.97150 7.14734 7.26569 7.35678 7.44329 7.49654 7.52654 7.55092 7.55788 7.56006 7.56926 7.57869 7.57360 7.55640 7.55311 7.55638 7.57405 7.58529 7.58517 7.58831 7.58750
7.48090 7.48428 7.46279 7.42810 7.40492 7.40607 7.40585 7.33510 7.31108 7.42435 7.48052 7.50346 7.51083 7.50713 7.50919 7.52660 7.54978 7.56376 7.57072 7.57469 7.57711 7.57831 7.57835 7.57697 7.57172 7.55972 7.54639 7.54101 7.54409 7.54096 7.53793 7.53424 7.51773 7.47217 7.45538 7.47648 7.46189 7.44207 7.41959 7.41463 7.43434 7.43714 7.43006 7.41538 7.38310 7.32982 7.32500 7.37399 7.38802 7.42133 7.45795 7.48813 7.52679 7.55635 7.56668 7.56969 7.57508 7.57316 7.56581 7.55816 7.56815 7.57817 7.58710 7.59215 7.59273 7.58919
7.48914 7.49129 7.46799 7.42735 7.38728 7.37643 7.39399 7.39197 7.35837 7.39322 7.44883 7.48442 7.49221 7.49929 7.51516 7.53815 7.55679 7.56708 7.57370 7.57851 7.58164 7.58322 7.58340 7.58136 7.57494 7.56496 7.55569 7.55051 7.55133 7.55313 7.55204 7.54528 7.52927 7.48087 7.41908 7.43571 7.46472 7.46757 7.46005 7.46708 7.49218 7.50255 7.49861 7.49392 7.48558 7.45652 7.42565 7.43922 7.46586 7.49194 7.50108 7.50120 7.51558 7.55007 7.55847 7.55488 7.55489 7.55598 7.55882 7.56393 7.57363 7.57476 7.58300 7.58894 7.58742 7.58671
7.50095 7.50305 7.47837 7.43806 7.39005 7.36440 7.37650 7.39626 7.39330 7.39909 7.42729 7.45611 7.47982 7.50632 7.52958 7.54867 7.56058 7.56858 7.57486 7.57982 7.58346 7.58540 7.58551 7.58289 7.57764 7.57117 7.56289 7.55356 7.54762 7.54853 7.55074 7.54731 7.53038 7.47446 7.38828 7.42537 7.48263 7.48282 7.47655 7.48642 7.49953 7.51060 7.51932 7.52498 7.52228 7.50273 7.46788 7.45211 7.47697 7.51620 7.53212 7.52183 7.52316 7.54669 7.54216 7.53893 7.54770 7.55943 7.57060 7.57988 7.58438 7.58218 7.58523 7.58698 7.58664 7.59056
7.51588 7.51487 7.48557 7.44752 7.40369 7.37454 7.37491 7.38112 7.38115 7.38407 7.39802 7.42901 7.47935 7.51909 7.54004 7.55288 7.56212 7.56948 7.57549 7.58036 7.58409 7.58642 7.58716 7.58551 7.58161 7.57612 7.56878 7.55995 7.55161 7.54683 7.54569 7.54068 7.51806 7.46603 7.42409 7.44401 7.47486 7.47762 7.48058 7.48720 7.48620 7.49808 7.51685 7.52961 7.53244 7.52263 7.49203 7.46412 7.47498 7.51642 7.54055 7.53643 7.53608 7.54185 7.53286 7.53855 7.55431 7.56941 7.58225 7.58786 7.58868 7.59292 7.59788 7.59603 7.59469 7.60103
7.51066 7.50564 7.47873 7.44812 7.41977 7.40148 7.38615 7.36717 7.35742 7.36195 7.37054 7.40754 7.47544 7.52146 7.54133 7.55324 7.56238 7.56963 7.57552 7.58040 7.58430 7.58706 7.58853 7.58833 7.58599 7.58215 7.57730 7.57151 7.56341 7.55112 7.54072 7.53251 7.51263 7.47536 7.44503 7.44800 7.45387 7.45760 7.47479 7.49012 7.49231 7.49021 7.49800 7.51455 7.52287 7.51729 7.49779 7.48218 7.49012 7.51808 7.54153 7.55001 7.55418 7.54715 7.54014 7.54888 7.56139 7.57030 7.57988 7.58558 7.58929 7.59853 7.60556 7.60219 7.59859 7.60532
7.49632 7.48962 7.46753 7.44726 7.44222 7.44224 7.41253 7.35783 7.32210 7.32738 7.34308 7.38237 7.46248 7.51636 7.53890 7.55190 7.56149 7.56888 7.57485 7.57991 7.58412 7.58734 7.58934 7.59000 7.58916 7.58692 7.58352 7.57880 7.57015 7.55376 7.53768 7.52994 7.51907 7.48636 7.43458 7.41635 7.42514 7.44167 7.47699 7.50561 7.50700 7.47980 7.46846 7.49250 7.51281 7.50984 7.49716 7.49651 7.50663 7.52354 7.54546 7.56274 7.56815 7.55666 7.54818 7.55380 7.56158 7.56391 7.56993 7.57810 7.58751 7.59960 7.60760 7.60887 7.60215 7.60172
7.49956 7.49151 7.47061 7.46092 7.47320 7.47567 7.43559 7.35174 7.27773 7.29853 7.31888 7.35487 7.44625 7.50917 7.53505 7.54928 7.55949 7.56727 7.57354 7.57891 7.58350 7.58715 7.58962 7.59082 7.59064 7.58895 7.58579 7.58057 7.56998 7.55218 7.53582 7.52616 7.51064 7.47959 7.44721 7.41873 7.39937 7.42765 7.48457 7.51911 7.51243 7.45758 7.39770 7.42844 7.48568 7.50257 7.50291 7.50544 7.50844 7.52923 7.55558 7.57145 7.57107 7.55861 7.54927 7.55425 7.56265 7.56189 7.56041 7.56410 7.57506 7.59257 7.60483 7.61026 7.60697 7.60126
7.51310 7.50445 7.48427 7.48422 7.49238 7.47332 7.43128 7.33426 7.20733 7.26221 7.29563 7.32221 7.42921 7.50302 7.53040 7.54540 7.55639 7.56479 7.57156 7.57737 7.58241 7.58648 7.58940 7.59104 7.59123 7.58973 7.58652 7.58072 7.56851 7.55067 7.53601 7.52537 7.50832 7.48736 7.46232 7.42443 7.38711 7.40387 7.46730 7.50949 7.50697 7.42972 7.24638 7.23412 7.38297 7.46705 7.49886 7.50206 7.51019 7.54067 7.56052 7.56655 7.56586 7.55742 7.54811 7.55703 7.57121 7.57080 7.56470 7.55735 7.55808 7.57605 7.59701 7.60757 7.60772 7.60010
7.50846 7.50292 7.48489 7.48446 7.48147 7.45038 7.42124 7.32504 7.06731 7.11064 7.25864 7.30046 7.41109 7.49300 7.52372 7.54002 7.55201 7.56135 7.56891 7.57532 7.58083 7.58535 7.58869 7.59074 7.59121 7.58982 7.58659 7.58068 7.56826 7.55098 7.53800 7.52984 7.51635 7.49287 7.45569 7.40854 7.37823 7.37494 7.40480 7.44226 7.44712 7.38300 7.21200 7.04260 7.22801 7.41745 7.48705 7.50319 7.50839 7.52925 7.54163 7.54826 7.55490 7.55833 7.55134 7.55544 7.57020 7.57881 7.57759 7.56406 7.55008 7.55448 7.57968 7.60107 7.60834 7.60187
7.48142 7.48090 7.46879 7.46736 7.46341 7.44133 7.41907 7.34585 7.00137 7.00836 7.24544 7.29534 7.38554 7.47106 7.51209 7.53246 7.54607 7.55679 7.56548 7.57270 7.57879 7.58378 7.58755 7.58994 7.59066 7.58938 7.58624 7.58066 7.56937 7.55352 7.54209 7.53681 7.52757 7.50318 7.45460 7.36737 7.31375 7.34231 7.34536 7.31353 7.24050 7.29506 7.33198 7.02104 7.19127 7.41945 7.48840 7.50684 7.51022 7.51684 7.52540 7.53254 7.53882 7.54991 7.55997 7.55935 7.56433 7.57482 7.58051 7.57441 7.55720 7.54447 7.55926 7.58850 7.60618 7.60794
7.45554 7.45713 7.44994 7.45410 7.45876 7.45166 7.39848 7.25347 7.11313 7.23161 7.29134 7.29423 7.36048 7.43843 7.48905 7.51945 7.53795 7.55091 7.56115 7.56947 7.57628 7.58180 7.58598 7.58871 7.58963 7.58844 7.58538 7.58017 7.57020 7.55732 7.54980 7.54588 7.53661 7.51953 7.48813 7.41578 7.27125 7.29125 7.35762 7.31372 7.13919 6.98881 6.99661 7.06393 7.36262 7.49302 7.52011 7.51695 7.51369 7.51502 7.52107 7.52638 7.52940 7.53237 7.54665 7.56297 7.56909 7.57137 7.57323 7.57610 7.57154 7.55007 7.54711 7.57581 7.60147 7.60899
