mrvbf_slope0.6_pctl1.2.asc
NCOLS 410
NROWS 410
XLLCORNER 2398750.0000000000000000
YLLCORNER 2548750.0000000000000000
CELLSIZE 250.0000000000000000
NODATA_VALUE -99999.00000
[rows 145 to 173 of 410, columns 66 to 131 of 410]
5.36186 5.47418 5.58185 5.57465 5.57884 5.59560 5.53628 5.55183 5.53615 5.53231 5.55537 5.56983 5.58318 5.54378 5.41107 5.50744 5.63488 5.66248 5.58644 5.44438 5.49160 5.61122 5.57721 5.54271 5.56477 5.57184 5.60394 5.62484 5.63107 5.62063 5.58010 5.56148 5.60043 5.65889 5.67136 5.61692 5.55558 5.50116 5.46125 5.44501 5.45238 5.47107 5.48964 5.49700 5.49376 5.49762 5.52672 5.55239 5.54709 5.49810 5.36096 5.01059 4.66530 4.70674 5.00897 5.29475 5.39063 5.43125 5.50378 5.55286 5.56233 5.54764 5.53814 5.55223 5.57452 5.57775
5.45191 5.45860 5.54952 5.55265 5.53832 5.54440 5.47764 5.46701 5.52010 5.59549 5.59606 5.55945 5.52258 5.50549 5.47176 5.55574 5.59852 5.61512 5.60370 5.45763 5.34017 5.47962 5.55017 5.59947 5.61403 5.60879 5.61636 5.63644 5.64717 5.65603 5.61966 5.56613 5.57458 5.63345 5.66512 5.60923 5.53478 5.46323 5.40823 5.38709 5.40039 5.42531 5.44185 5.43421 5.40527 5.39607 5.42856 5.44840 5.42242 5.33433 5.11439 4.57221 4.05379 4.06768 4.46173 4.88410 5.07055 5.23904 5.36600 5.45473 5.49096 5.47301 5.45002 5.47131 5.51168 5.52547
5.55137 5.49649 5.55295 5.54941 5.51928 5.55217 5.53823 5.52047 5.57976 5.64766 5.64716 5.58868 5.52524 5.52250 5.57298 5.58569 5.59905 5.58487 5.57148 5.53003 5.35712 5.34244 5.52460 5.64073 5.66984 5.66348 5.61195 5.59623 5.61187 5.63952 5.64529 5.57291 5.53753 5.60078 5.65002 5.59623 5.50704 5.40901 5.32534 5.29650 5.32498 5.36294 5.37610 5.33710 5.23295 5.12286 5.09102 5.00605 4.76275 4.33733 3.66168 3.11177 2.93523 3.07337 3.54199 4.07005 4.38426 4.74241 4.91060 5.06906 5.16142 5.11471 5.08163 5.17216 5.27828 5.32850
5.61551 5.54734 5.55569 5.55496 5.54566 5.59322 5.62029 5.58633 5.60111 5.64727 5.65579 5.61940 5.59826 5.57332 5.61014 5.62461 5.59374 5.54862 5.56302 5.58030 5.48443 5.35032 5.46711 5.61334 5.68416 5.67767 5.58638 5.54217 5.58312 5.60031 5.62932 5.56690 5.50959 5.57419 5.63712 5.58838 5.48111 5.34149 5.20227 5.15252 5.20340 5.26550 5.27868 5.17021 4.84112 4.26920 3.72173 3.26069 2.92745 2.72393 2.59058 2.48393 2.41735 2.40162 2.43962 2.54821 2.74252 3.06450 3.35484 3.54373 3.62532 3.67280 3.86843 4.22755 4.56380 4.79910
5.64099 5.60950 5.57772 5.57138 5.57851 5.61965 5.64391 5.59673 5.59072 5.64054 5.65948 5.63783 5.62761 5.60526 5.62453 5.59773 5.55336 5.55252 5.59465 5.62253 5.57610 5.38748 5.38409 5.58177 5.66798 5.65517 5.55011 5.50890 5.59718 5.58344 5.60968 5.57205 5.49477 5.52845 5.60421 5.58263 5.46299 5.26960 5.03929 4.92612 4.99482 5.11102 5.13419 4.84412 3.99566 3.11254 2.75708 2.60688 2.47740 2.28889 2.03828 1.83044 1.71498 1.66179 1.67640 1.77273 1.93841 2.12100 2.23552 2.30354 2.37096 2.46350 2.64722 2.99259 3.49896 4.09727
5.61197 5.64810 5.62371 5.59825 5.59433 5.61941 5.62122 5.57861 5.58031 5.64319 5.69067 5.67601 5.64606 5.63278 5.60901 5.55529 5.55731 5.59665 5.63653 5.65235 5.59941 5.44751 5.38364 5.51656 5.58698 5.59274 5.52228 5.50840 5.58201 5.59226 5.62171 5.58392 5.48031 5.47073 5.55321 5.56464 5.44203 5.19171 4.84707 4.63008 4.70101 4.91385 4.93818 4.14599 3.02890 2.65093 2.44726 2.12571 1.71705 1.52508 1.48212 1.45245 1.41100 1.35490 1.36397 1.44935 1.57017 1.66052 1.70120 1.74317 1.83959 1.97137 2.10938 2.30102 2.69517 3.52110
5.57631 5.61822 5.63564 5.60899 5.59917 5.60830 5.58326 5.54081 5.55581 5.63252 5.71219 5.72365 5.68172 5.63672 5.57229 5.55642 5.59976 5.62352 5.63751 5.65656 5.62312 5.53511 5.44807 5.42381 5.42664 5.44198 5.44403 5.51910 5.58470 5.60760 5.64497 5.59238 5.44927 5.38484 5.48768 5.52566 5.40212 5.08380 4.60141 4.28034 4.35651 4.68765 4.60922 3.21064 2.65817 2.36167 1.75771 1.35992 1.31472 1.33059 1.36911 1.36694 1.29157 1.17359 1.08259 1.21257 1.51257 1.57101 1.51815 1.52135 1.56122 1.64080 1.74184 1.89281 2.17366 2.86416
5.58450 5.56864 5.56732 5.56644 5.59378 5.60885 5.54616 5.48545 5.52275 5.61875 5.71131 5.74713 5.68101 5.60851 5.56494 5.59412 5.61806 5.62279 5.61704 5.63981 5.65012 5.60472 5.53458 5.45406 5.38670 5.35748 5.38995 5.46912 5.51242 5.57009 5.63700 5.58853 5.39694 5.25933 5.39808 5.45364 5.31614 4.88105 4.20263 3.81192 3.96731 4.39076 3.77902 2.76049 2.46043 1.72639 1.21780 1.19135 1.23339 1.28235 1.33373 1.35735 1.26018 1.09670 0.98110 1.14305 1.55431 1.56460 1.39598 1.38977 1.43794 1.46800 1.50898 1.60134 1.79865 2.21166
5.62580 5.57944 5.50101 5.48062 5.56492 5.60196 5.48823 5.40019 5.49924 5.62151 5.71196 5.72900 5.65612 5.59463 5.58982 5.61648 5.63730 5.64975 5.62872 5.62320 5.65162 5.65041 5.60584 5.56048 5.52983 5.48642 5.46164 5.44278 5.38657 5.47705 5.60282 5.58583 5.36522 5.06669 5.16601 5.27574 5.12397 4.47628 3.60028 3.29474 3.63226 4.12368 3.06216 2.61182 2.09832 1.17291 1.06974 1.16954 1.29066 1.33765 1.26525 0.93328 0.60864 0.55430 0.52473 0.63986 1.07129 1.36907 1.36582 1.38716 1.41086 1.40229 1.43222 1.47058 1.55732 1.82678
5.60273 5.61499 5.51162 5.38695 5.50184 5.52524 5.34611 5.33021 5.52473 5.64802 5.72320 5.71896 5.64071 5.58120 5.58903 5.62134 5.65113 5.66778 5.64276 5.62001 5.63393 5.65802 5.65289 5.62708 5.60242 5.57678 5.55261 5.49778 5.30177 5.34838 5.56317 5.56648 5.29042 4.76060 4.70919 4.88394 4.71488 3.80710 3.03672 2.95201 3.45335 3.95964 2.80725 2.48512 1.55318 1.04770 1.10081 1.22152 1.30395 1.11815 0.59940 0.45001 0.32064 0.35070 0.34036 0.37101 0.37564 0.54842 1.36357 1.54061 1.52170 1.47212 1.44502 1.42555 1.45315 1.64632
5.48002 5.56839 5.54701 5.38960 5.40691 5.30004 5.18155 5.42024 5.59806 5.68528 5.73803 5.71869 5.64093 5.56720 5.54197 5.58486 5.60546 5.62658 5.60848 5.60198 5.62657 5.65033 5.65136 5.63412 5.60820 5.59075 5.58403 5.55286 5.35277 5.25787 5.46701 5.48118 5.10110 4.30808 3.98194 4.10569 3.92600 3.07732 2.72186 2.79005 3.35614 3.76768 2.70521 2.29362 1.27969 1.07865 1.15242 1.10788 0.72116 0.57146 0.41295 0.22185 0.12334 0.17898 0.18031 0.25467 0.22087 0.40100 0.91086 1.63230 1.61721 1.53558 1.45514 1.37402 1.35920 1.52893
5.42773 5.50280 5.55167 5.49090 5.35143 5.18224 5.37396 5.57398 5.66560 5.71470 5.73370 5.71089 5.65820 5.59026 5.52080 5.48619 5.52346 5.55386 5.55740 5.58513 5.62443 5.64035 5.64191 5.63848 5.61540 5.59141 5.57303 5.54514 5.44149 5.32542 5.34661 5.32694 4.85351 3.77540 3.09727 3.00102 2.94577 2.61767 2.57888 2.70843 3.23402 3.50305 2.64469 2.04951 1.21851 1.08325 1.12296 0.67781 0.49544 0.40040 0.22834 0.10462 0.09064 0.14169 0.18716 0.31496 0.38058 0.53772 0.84874 1.58270 1.64756 1.58233 1.44105 1.33941 1.28201 1.44171
5.50987 5.52509 5.55388 5.54544 5.40504 5.43111 5.58223 5.66528 5.70448 5.69828 5.67290 5.65546 5.65535 5.62564 5.56970 5.49004 5.39963 5.42378 5.51811 5.56991 5.59371 5.61060 5.62812 5.63780 5.62210 5.59403 5.56380 5.54036 5.51693 5.45727 5.34425 5.23924 4.73720 3.17211 2.36785 2.23036 2.39783 2.37211 2.48141 2.65143 3.06184 3.28217 2.60499 1.88712 1.20986 1.08292 0.89272 0.50018 0.35971 0.25819 0.11180 0.07617 0.12108 0.32906 0.54497 0.70921 0.76452 0.72335 0.71479 1.22924 1.59043 1.64359 1.40670 0.99721 1.03024 1.22154
5.50180 5.52926 5.53336 5.49291 5.48994 5.58689 5.66784 5.70192 5.67053 5.61614 5.56220 5.55044 5.57494 5.60875 5.60793 5.53853 5.33672 5.25220 5.43459 5.51650 5.52453 5.54779 5.56878 5.58153 5.59987 5.59165 5.56401 5.53979 5.53323 5.51578 5.40037 5.22856 4.60576 2.70241 1.79692 1.72501 2.11381 2.16815 2.38013 2.59529 2.85981 3.09495 2.59021 1.86033 1.32846 1.06109 0.57560 0.36321 0.20872 0.22642 0.20035 0.11709 0.30081 0.66895 0.81526 0.81000 0.76001 0.56265 0.49859 0.61625 1.41742 1.64957 1.10360 0.43568 0.56415 0.85354
5.48682 5.45026 5.44433 5.48471 5.57355 5.65247 5.68057 5.63844 5.56002 5.44372 5.36665 5.37834 5.38998 5.44165 5.49183 5.43650 5.12361 4.94994 5.20119 5.34295 5.34783 5.34906 5.35923 5.40423 5.49137 5.55566 5.55945 5.53734 5.52335 5.49468 5.39419 5.18559 4.57386 2.54063 1.37524 0.98029 1.70303 1.99375 2.24101 2.50533 2.70955 2.89062 2.58960 1.92576 1.55166 1.34547 0.55189 0.24671 0.11333 0.11029 0.13890 0.21967 0.45521 0.69876 0.69154 0.59019 0.52968 0.29071 0.25370 0.40547 0.77746 1.42837 0.77179 0.26238 0.29519 0.53638
5.35586 5.36974 5.44360 5.52168 5.60438 5.64370 5.60314 5.48588 5.26627 5.08368 5.15066 5.21290 5.05144 4.68810 4.48593 4.43117 4.20503 4.27831 4.63392 4.96138 5.01707 4.84512 4.66347 4.70002 4.97321 5.30116 5.38032 5.39022 5.39650 5.37333 5.25764 4.96942 4.11982 2.37580 0.90603 0.38544 0.79702 1.63250 2.01724 2.34156 2.58215 2.70803 2.56567 2.01299 1.70720 1.59758 0.97822 0.42414 0.23949 0.15310 0.26637 0.55649 0.45881 0.34082 0.31206 0.24594 0.30258 0.22498 0.18009 0.35955 0.61645 0.94642 0.41035 0.21339 0.29603 0.50124
4.90491 4.93333 5.08531 5.25252 5.46736 5.53463 5.41310 5.02779 4.73038 4.80024 5.00291 5.09871 4.83156 3.91119 3.32399 3.37476 3.71608 3.97905 4.29539 4.76578 4.94533 4.52738 3.92279 3.65566 3.57988 3.80146 3.96717 4.12127 4.28978 4.38107 4.37916 4.26988 3.44822 2.19497 0.62809 0.36421 0.45623 0.97340 1.61198 2.08765 2.39978 2.52904 2.43874 2.04357 1.80326 1.73935 1.58979 0.67319 0.52518 0.44959 0.52723 0.45169 0.16394 0.11034 0.14641 0.17829 0.25301 0.29970 0.33755 0.46645 0.55993 0.73558 0.49294 0.41115 0.63347 1.04739
4.73163 3.74344 3.31383 3.63399 4.45059 5.05784 4.79661 4.40190 4.48485 4.70690 4.85130 4.97280 4.83566 3.98530 3.70189 3.77990 4.32430 4.60657 4.79577 4.97550 5.18312 4.61864 3.81091 3.39944 2.95134 2.68805 2.67210 2.82705 3.00740 3.13372 3.28752 3.56702 3.39009 2.45094 0.97518 0.47187 0.77851 0.88072 0.85052 1.70971 2.13831 2.20085 2.09541 1.92328 1.82275 1.79336 1.72177 1.19285 0.68213 0.60839 0.50061 0.25064 0.08817 0.08663 0.14131 0.31672 0.48327 0.44487 0.40075 0.43383 0.54447 0.78745 1.21401 1.43271 1.73124 1.84283
5.06234 3.72819 2.99268 2.94816 3.34474 4.10288 4.29096 4.37839 4.62033 4.80481 4.77242 4.79822 4.96773 4.10065 4.18537 4.64985 4.89562 5.01521 4.98601 5.12481 5.29216 4.49085 3.79371 3.61317 2.99339 2.47036 2.36334 2.55934 2.82458 3.07767 3.32591 3.63418 3.86684 2.85098 2.07331 0.93115 0.90983 1.00871 0.53864 1.39913 1.84847 1.85928 1.81091 1.77974 1.75326 1.75289 1.67682 1.14077 0.70298 0.60495 0.46133 0.27997 0.14917 0.15732 0.30771 0.53849 0.59263 0.29990 0.19514 0.31594 0.64401 1.47990 1.65931 1.78427 2.11415 2.41818
5.11175 4.09897 4.06552 3.68150 3.64778 4.21769 4.64079 4.81513 4.94138 5.00541 4.71492 4.38146 4.45223 3.86841 3.90987 4.59857 4.73072 5.08098 5.11506 5.38403 5.40403 4.77814 3.51879 3.12115 3.08645 2.94323 2.92582 2.99725 3.21322 3.51469 3.64942 3.95862 4.50555 3.89047 2.52252 1.80872 1.24312 0.78486 0.68481 1.31564 1.71768 1.70821 1.64101 1.69246 1.75037 1.60121 1.36531 0.60566 0.49777 0.50627 0.45015 0.32338 0.24948 0.27839 0.42908 0.58208 0.58901 0.29895 0.23058 0.39898 1.13361 1.69697 1.73174 1.88079 2.35232 2.55658
4.65707 3.72144 4.41420 4.15711 4.34998 5.02959 5.23320 5.22947 5.17122 5.13764 4.85526 4.25081 3.92248 3.44052 3.74390 4.27672 3.97621 4.08282 4.78000 5.32531 5.00996 3.56543 2.72180 2.87490 3.60040 4.00274 3.96106 3.70838 3.52614 3.37644 3.43353 4.15761 4.79935 4.16043 2.84569 2.13384 1.66204 1.17215 0.79389 0.90497 1.35816 1.30612 1.11195 1.69447 2.24903 2.05165 1.19588 0.51692 0.47843 0.53027 0.49318 0.39442 0.35152 0.41927 0.51446 0.58973 0.59257 0.44497 0.39940 0.60427 1.61993 1.76942 1.81981 2.16792 2.51530 2.65308
2.92242 3.19235 4.50427 3.97171 4.78312 5.43029 5.48031 5.39612 5.17130 5.06058 5.04823 4.60019 4.27130 4.06912 4.47441 4.67775 4.16336 3.61776 3.88923 4.72871 3.71080 2.61133 2.63417 3.78738 4.71878 5.03729 4.67253 3.97052 3.56594 3.29499 3.47445 4.36528 4.16912 2.96605 2.47519 2.02090 1.66756 1.34480 0.72678 0.60285 0.59402 0.50755 0.48248 1.58240 2.24339 2.24447 1.74166 1.10651 0.64553 0.65185 0.55132 0.44747 0.48479 0.54937 0.58981 0.63232 0.64142 0.56263 0.57951 1.45581 1.76941 1.83444 1.95913 2.32204 2.57804 2.71107
2.08932 3.26080 3.77404 3.86440 5.02601 5.50253 5.55109 5.47278 5.10376 4.70432 4.83532 4.68875 4.51396 4.58440 4.33343 4.42563 4.49942 4.25517 3.79299 4.40293 3.26445 2.87199 3.98598 4.62998 4.72162 4.64665 4.18906 3.68445 3.61412 3.63121 3.86064 4.41779 3.36941 2.68000 2.37779 1.89456 1.57842 1.21627 0.61542 0.31410 0.19533 0.23156 0.34748 1.59126 2.36263 2.10992 2.27601 1.90881 1.58515 1.35460 0.72699 0.54073 0.58709 0.81553 1.13431 1.14813 1.18628 1.26477 1.46963 1.71254 1.86269 1.86490 1.91316 2.18927 2.49912 2.63590
4.04077 3.96377 3.29515 3.37073 4.52497 5.38629 5.52418 5.48280 5.02599 4.28554 4.37191 4.45589 4.04991 3.91715 3.94052 4.24044 4.69290 4.55152 4.07744 4.59947 3.76277 3.42379 3.92892 4.08383 4.03979 4.02104 3.80435 3.59801 3.86502 4.17329 4.38554 4.62866 3.18092 2.69866 2.54385 2.34665 2.10988 1.23472 0.45604 0.22491 0.17124 0.23925 0.47126 2.04577 2.29201 2.42641 2.53204 2.50817 2.36166 2.02527 1.64225 1.25957 1.48729 1.82362 1.90391 1.85502 1.77634 1.79131 2.04429 2.10657 1.82724 1.73216 1.73323 1.81020 2.16884 2.47219
4.79984 4.89245 3.62466 3.17657 4.01674 5.08807 5.30957 5.29474 4.82098 4.05317 4.12416 4.48773 4.24960 3.77894 3.81834 4.44673 4.85951 4.33453 3.83194 4.47505 4.52488 4.07078 4.24508 4.26877 4.39062 4.53930 4.16759 4.07789 4.57654 4.53417 4.16379 4.18916 3.08395 2.74159 2.68826 2.64070 2.41761 1.70712 0.61657 0.42130 0.36397 0.52014 1.56950 2.47539 2.50919 2.58458 2.65886 2.71067 2.70714 2.63086 2.44528 2.29291 2.24991 2.37404 2.40088 2.17089 2.09018 2.08379 1.80195 1.63464 1.48239 1.35144 1.39589 1.53691 1.69734 2.05847
4.93284 5.27955 4.16175 3.15278 3.92052 5.15290 5.32701 5.31906 5.14722 4.29020 3.97351 4.40584 4.82609 4.94762 4.94855 5.11329 5.14021 4.29324 3.34699 3.84221 4.65103 4.63092 4.96396 4.84513 4.71408 4.72161 4.33674 4.61534 4.68117 4.06255 3.51095 3.41066 3.11813 2.86069 2.78678 2.66743 2.48165 2.26147 2.13279 1.73044 1.11409 1.82781 2.51264 2.59656 2.63311 2.71645 2.80587 2.91352 2.97414 2.83269 2.69071 2.63128 2.68338 2.97019 2.72450 2.28995 1.93409 1.67517 1.32652 0.79832 0.61417 0.51589 0.53787 0.72341 1.39852 1.51460
4.95229 5.28448 4.47037 3.02342 3.65898 5.09837 5.37388 5.42917 5.35160 4.59501 3.89958 4.19971 4.81079 4.96021 5.08230 5.24485 4.99107 4.62265 3.32155 3.10693 3.40512 3.57419 4.27280 4.62713 4.71543 4.50175 4.56021 4.88526 4.19994 3.67471 3.51751 3.31489 3.63886 3.30050 2.91205 2.75748 2.68350 2.66953 2.69803 2.63521 2.54569 2.54567 2.64698 2.70167 2.76325 2.85397 3.03569 3.47518 3.07100 2.82074 2.68141 2.58877 2.50588 2.40316 2.07313 1.92483 1.73258 1.23338 0.61617 0.51846 0.44412 0.30117 0.32419 0.45195 0.61914 1.01821
5.08050 5.27746 4.57543 3.25028 3.53487 4.86810 5.39154 5.43281 5.40306 4.84686 4.14602 4.46243 5.07821 5.23262 5.39723 5.46977 5.19212 4.65127 4.26233 3.25559 3.02418 3.28758 3.37181 4.12312 5.04426 4.91582 4.91712 4.65815 3.59380 3.40871 3.55336 3.28221 3.74983 4.12150 3.47146 3.06217 2.97109 3.08843 3.22230 2.94065 2.79974 2.75591 2.77327 2.81696 2.88296 3.07207 3.48687 3.05140 2.84906 2.70368 2.52547 2.22185 1.72481 1.67682 1.62061 1.38000 1.06354 0.88315 0.57053 0.43905 0.29956 0.18348 0.23970 0.41086 0.50750 0.61167
5.14870 4.63791 4.15135 4.00452 3.97099 4.37338 4.85168 5.08075 5.09918 4.58579 4.32597 4.88652 5.32127 5.37925 5.43515 5.49383 5.42526 4.97275 4.45695 4.05970 3.63571 3.11840 3.11138 4.19135 5.19018 5.07422 4.73442 3.80494 3.06704 3.03709 3.17543 2.99687 3.16897 3.97719 4.18663 4.09024 3.79045 3.50285 3.38103 3.38503 3.07088 2.91158 2.88931 2.92265 3.09444 3.21903 2.96440 2.85728 2.71911 2.51350 1.93645 1.09402 0.69977 0.64174 0.57042 0.52638 0.64911 0.79274 0.50601 0.28630 0.17447 0.15116 0.20667 0.41501 0.49510 0.54294
