mrvbf_slope0.8_pctl0.7.asc
NCOLS 410
NROWS 410
XLLCORNER 2398750.0000000000000000
YLLCORNER 2548750.0000000000000000
CELLSIZE 250.0000000000000000
NODATA_VALUE -99999.00000
[rows 87 to 115 of 410, columns 132 to 197 of 410]
7.50423 7.51327 7.55273 7.57971 7.58716 7.58137 7.52871 7.28260 6.93820 7.15010 7.26750 7.45151 7.51595 7.55840 7.57238 7.54929 7.52069 7.51417 7.54183 7.55145 7.54611 7.55855 7.55663 7.56347 7.57758 7.58050 7.58069 7.57858 7.55266 7.54450 7.57694 7.59344 7.59809 7.59603 7.58367 7.56672 7.55808 7.56557 7.53551 7.52332 7.55045 7.55077 7.55600 7.54964 7.48551 7.23477 6.63722 6.17156 5.69596 5.67089 5.98767 7.21127 7.50024 7.53454 7.55564 7.55387 7.54295 7.55247 7.55733 7.54909 7.53241 7.51025 7.52806 7.53885 7.52707 7.54668
7.53974 7.52146 7.53312 7.56040 7.58345 7.58632 7.56743 7.48854 7.35036 7.17599 7.30620 7.38956 7.46021 7.52229 7.54675 7.53259 7.53533 7.54311 7.54719 7.56434 7.55131 7.56434 7.58075 7.58735 7.57122 7.55213 7.55859 7.56572 7.55403 7.55588 7.55680 7.58281 7.58671 7.58782 7.58249 7.56991 7.54354 7.54552 7.52678 7.54826 7.55023 7.55691 7.57180 7.56283 7.49627 7.33007 7.03903 6.86503 6.07527 6.30510 6.08013 6.76397 7.39877 7.50667 7.55372 7.56775 7.54506 7.55779 7.55867 7.54748 7.54934 7.54902 7.53887 7.53295 7.54010 7.54603
7.54884 7.54727 7.53547 7.54178 7.56524 7.57048 7.57807 7.57621 7.51604 7.41052 7.30641 7.39510 7.39950 7.46065 7.49444 7.53063 7.54724 7.56532 7.55414 7.57209 7.57396 7.56722 7.58702 7.58266 7.55163 7.55524 7.55172 7.56957 7.56028 7.54293 7.56775 7.57098 7.56845 7.57255 7.56905 7.56887 7.55036 7.55134 7.56611 7.56376 7.55377 7.57019 7.58011 7.57005 7.47511 6.96538 6.67551 6.68422 6.20644 6.33853 6.49334 6.76059 7.18121 7.47750 7.54360 7.56126 7.54244 7.52721 7.54606 7.55634 7.55476 7.56355 7.55089 7.54213 7.54230 7.54737
7.53146 7.56269 7.56301 7.54268 7.53999 7.53516 7.54053 7.56198 7.54107 7.47026 7.41518 7.51126 7.47351 7.43521 7.49300 7.54272 7.54360 7.54981 7.54943 7.55372 7.54337 7.52536 7.55491 7.55612 7.54455 7.54728 7.55471 7.57817 7.57449 7.56714 7.56890 7.56747 7.56244 7.54792 7.55036 7.56017 7.55575 7.56167 7.57402 7.56553 7.55485 7.56220 7.56029 7.54191 7.48647 7.03807 6.52901 6.39011 6.39662 6.82302 6.46343 6.58611 7.30418 7.48385 7.53428 7.55034 7.54205 7.50708 7.52170 7.54682 7.54876 7.55397 7.55278 7.54265 7.53404 7.55106
7.55204 7.56507 7.58410 7.56556 7.54657 7.53466 7.52553 7.53679 7.53734 7.50345 7.43587 7.48068 7.38065 7.42108 7.50430 7.52435 7.52123 7.52509 7.51869 7.47175 7.45364 7.40903 7.45573 7.48897 7.49827 7.52566 7.53200 7.55744 7.56771 7.57668 7.57582 7.56311 7.54858 7.55615 7.53066 7.55489 7.55391 7.54318 7.55514 7.55393 7.54994 7.55944 7.54996 7.53510 7.52660 7.41238 6.83708 6.25014 6.00140 6.11051 5.98098 6.19787 7.32367 7.50030 7.52619 7.53055 7.51690 7.50011 7.48623 7.53539 7.54821 7.54001 7.53809 7.53142 7.54315 7.55588
7.56952 7.57170 7.58775 7.58956 7.58101 7.57615 7.56156 7.54581 7.53677 7.51026 7.42869 7.35631 7.40232 7.47195 7.45955 7.52158 7.49075 7.48550 7.41217 7.44754 7.48410 7.28322 7.24287 7.40351 7.44854 7.48564 7.48290 7.49628 7.50598 7.53450 7.56741 7.56610 7.56442 7.55980 7.54737 7.56558 7.54867 7.53880 7.54931 7.56042 7.55414 7.55926 7.54988 7.55056 7.53541 7.49934 7.42757 7.01730 5.94801 5.81446 5.97271 6.82788 7.43027 7.50116 7.50788 7.50517 7.48755 7.51307 7.48991 7.51711 7.54010 7.54048 7.53921 7.52671 7.54862 7.54311
7.57612 7.57596 7.59881 7.61395 7.61553 7.61508 7.60352 7.58120 7.56033 7.53803 7.48986 7.36215 7.40961 7.49969 7.50443 7.49733 7.42102 7.43510 7.44704 7.48167 7.48061 7.36740 7.19306 7.41623 7.44198 7.46575 7.46205 7.43368 7.45263 7.49396 7.54628 7.54574 7.54078 7.54911 7.53281 7.54759 7.54086 7.53155 7.55079 7.54799 7.54347 7.54843 7.55987 7.56205 7.55582 7.53297 7.52051 7.41895 6.82737 5.93522 6.02771 6.50670 7.28130 7.46039 7.49566 7.50544 7.50923 7.52260 7.51109 7.52054 7.53924 7.56129 7.56356 7.54410 7.52683 7.50421
7.58366 7.57725 7.59493 7.61839 7.62896 7.62887 7.62030 7.60829 7.59334 7.58400 7.56081 7.46886 7.44976 7.53373 7.53494 7.38025 7.41570 7.45073 7.44602 7.47510 7.44381 7.33562 7.10109 7.23336 7.19848 7.34341 7.46358 7.46611 7.47591 7.48264 7.52271 7.51632 7.52852 7.52324 7.51505 7.54179 7.54482 7.54225 7.56428 7.55700 7.55131 7.55895 7.55008 7.54858 7.55733 7.54938 7.51976 7.46384 7.21615 6.16035 6.08965 6.12856 6.73046 7.33972 7.50151 7.52027 7.54147 7.52127 7.52575 7.52521 7.55125 7.56578 7.56518 7.55114 7.50902 7.38671
7.59139 7.56782 7.56896 7.59536 7.61730 7.62198 7.62085 7.61776 7.60994 7.60625 7.57865 7.48820 7.45196 7.53372 7.53598 7.42669 7.43871 7.38042 7.30645 7.33025 7.42822 7.27355 6.71401 6.50446 6.50846 6.85534 7.39143 7.48948 7.49266 7.49903 7.52464 7.53995 7.53612 7.53319 7.53898 7.52733 7.56031 7.57072 7.56476 7.56205 7.56461 7.55363 7.53518 7.53058 7.54752 7.53444 7.51131 7.45829 7.20554 6.68100 6.16179 6.35339 7.00722 6.98007 7.42538 7.49455 7.52974 7.51878 7.54051 7.53408 7.53818 7.53818 7.54918 7.54155 7.47680 7.33416
7.58335 7.56539 7.55062 7.56729 7.59431 7.60668 7.61566 7.61904 7.61699 7.61186 7.57942 7.49126 7.43856 7.47658 7.40015 7.06032 7.21538 7.16256 7.09761 6.97666 7.22825 7.21030 6.50891 6.40273 6.46403 6.42314 6.95610 7.40424 7.48875 7.51650 7.53879 7.54882 7.55573 7.55434 7.51881 7.54479 7.57113 7.55717 7.53514 7.53863 7.54802 7.54585 7.52415 7.53514 7.54817 7.53662 7.53989 7.49333 7.26279 6.90530 6.64250 6.57025 6.52348 7.26257 7.44554 7.43142 7.46467 7.49125 7.52462 7.54207 7.52688 7.52228 7.53358 7.51615 7.38878 7.40878
7.57449 7.57991 7.55571 7.55634 7.57980 7.59630 7.60519 7.61391 7.62066 7.61030 7.57867 7.52043 7.45859 7.41075 7.22613 7.03601 6.90551 6.69818 6.76216 6.71562 6.87466 7.15659 6.67196 6.84874 6.04411 6.23115 7.04623 7.37274 7.43941 7.52109 7.54445 7.54753 7.55188 7.54576 7.55371 7.55511 7.57000 7.54706 7.50759 7.46853 7.50574 7.52815 7.52597 7.53653 7.53733 7.55320 7.54060 7.48841 7.40393 7.09109 6.69454 6.73318 6.17251 6.98869 7.31948 7.13766 7.15567 7.31677 7.46249 7.49265 7.41596 7.48774 7.54232 7.53278 7.44513 7.35659
7.57699 7.58180 7.57401 7.56213 7.57268 7.58508 7.59369 7.61070 7.62293 7.60762 7.58550 7.55966 7.51466 7.46462 7.36639 7.11576 6.75625 6.48841 6.40959 6.52309 6.43885 6.64468 6.48755 6.40576 6.21564 6.86520 7.30431 7.45344 7.44913 7.48817 7.52856 7.48142 7.45845 7.45076 7.53224 7.56044 7.55711 7.53971 7.47488 7.48503 7.47110 7.48455 7.52583 7.53567 7.52819 7.54085 7.54561 7.51322 7.47224 7.40423 7.10372 6.22521 6.37079 5.96424 6.38056 6.34302 6.74407 6.57785 7.01858 7.18498 6.64229 7.29352 7.50735 7.50901 7.50588 7.42375
7.58087 7.57961 7.58631 7.56306 7.55464 7.57042 7.59426 7.61461 7.62442 7.61503 7.59457 7.57664 7.55637 7.52580 7.45486 7.25734 6.88493 6.59633 6.97730 6.91328 6.50524 6.78414 6.73186 6.63920 6.66266 7.06073 7.42038 7.50567 7.48720 7.46554 7.45567 7.40268 7.43366 7.36856 7.39433 7.51680 7.55756 7.53997 7.51218 7.48012 7.49652 7.48914 7.52072 7.53154 7.51191 7.51303 7.51565 7.50908 7.51720 7.47294 7.41989 6.95338 5.93131 6.09053 6.47574 6.11304 6.62070 6.75076 6.11629 6.28181 6.72870 6.71548 7.41852 7.50389 7.47233 7.38328
7.58848 7.58747 7.57331 7.55504 7.53864 7.56232 7.59513 7.61149 7.61760 7.61690 7.60577 7.58520 7.55751 7.51973 7.48763 7.45452 7.18337 6.58941 6.72475 6.63231 6.90988 7.16945 7.33104 7.06338 6.57154 6.92258 7.29664 7.39860 7.37792 7.29595 7.29842 7.34329 7.34157 7.25280 7.27214 7.43339 7.52783 7.54697 7.53498 7.52391 7.51050 7.50184 7.53155 7.52332 7.47384 7.46915 7.47312 7.50809 7.52233 7.48901 7.47535 7.40836 6.93212 6.14811 5.89386 5.90414 5.95063 6.13379 6.60774 6.32424 6.39003 7.26026 7.47014 7.47436 7.45707 7.42697
7.57467 7.57086 7.56048 7.55745 7.53233 7.55159 7.57592 7.59230 7.60174 7.60667 7.60524 7.59108 7.55781 7.51481 7.49741 7.48414 7.34519 7.10029 6.79778 6.79095 7.30904 7.45981 7.50398 7.38165 6.82503 6.69851 6.92992 7.07035 7.10528 7.15661 7.13139 7.25019 7.39463 7.28696 7.36780 7.34233 7.49899 7.53731 7.53592 7.53010 7.51904 7.51750 7.53136 7.51354 7.45063 7.43904 7.47086 7.48093 7.51187 7.45994 7.46213 7.47201 7.43873 7.25876 6.87445 6.10587 6.85279 7.03467 7.33251 7.24763 7.34955 7.51042 7.53430 7.49868 7.48912 7.47552
7.55461 7.54984 7.56130 7.55965 7.54242 7.54886 7.54480 7.54987 7.56855 7.58481 7.58844 7.58535 7.56630 7.52743 7.50008 7.49290 7.43073 7.27318 7.19739 7.33120 7.38226 7.45433 7.52491 7.50256 7.32074 7.01270 7.00717 7.13590 7.34119 7.34370 7.21148 7.35742 7.29092 7.41903 7.45551 7.40363 7.49872 7.52554 7.52577 7.52120 7.53693 7.52699 7.51448 7.48829 7.44636 7.42071 7.46134 7.49943 7.55080 7.53164 7.51756 7.52638 7.51908 7.48234 7.39808 7.25870 7.25342 6.82382 7.27829 7.02307 7.38016 7.50839 7.54368 7.50389 7.44799 7.47192
7.55327 7.54470 7.56888 7.57406 7.55217 7.52304 7.50675 7.49654 7.50628 7.53315 7.53776 7.54339 7.55179 7.54702 7.52547 7.51774 7.49663 7.44378 7.47379 7.48873 7.39057 7.41135 7.52095 7.50166 7.45502 7.39914 7.23916 7.31661 7.40686 7.36658 7.18103 7.10936 7.14471 7.32058 7.24668 7.23824 7.45959 7.52837 7.54396 7.54398 7.54511 7.53975 7.51403 7.48942 7.48169 7.48154 7.48637 7.47946 7.52168 7.52915 7.54093 7.53225 7.48821 7.47137 7.49072 7.46479 7.15442 6.42330 6.89441 7.00057 7.19350 7.40538 7.50704 7.52565 7.47741 7.50973
7.53287 7.54931 7.57883 7.57569 7.53516 7.50514 7.49843 7.47831 7.44467 7.43454 7.44204 7.47421 7.51235 7.54838 7.54518 7.53042 7.51187 7.48377 7.49492 7.46176 7.33605 7.41383 7.50815 7.49763 7.50433 7.49445 7.39511 7.24041 7.36171 7.29286 7.37024 7.09845 6.94871 6.90194 6.94581 7.34360 7.47558 7.54006 7.55983 7.55017 7.52942 7.51569 7.51891 7.51989 7.50427 7.46108 7.46019 7.50234 7.50305 7.50653 7.52897 7.53417 7.49963 7.46260 7.47671 7.38931 6.48804 5.94085 5.84611 5.73215 6.67469 7.20618 7.44675 7.50842 7.46494 7.49282
7.55258 7.56324 7.56486 7.54723 7.52377 7.52688 7.53416 7.51511 7.47232 7.43455 7.43333 7.44454 7.47082 7.51558 7.53189 7.50041 7.47815 7.46787 7.44381 7.39863 7.31254 7.43958 7.48756 7.49455 7.52172 7.51346 7.46175 7.42069 7.40593 7.40646 7.45382 7.33782 6.86726 7.04749 7.25966 7.36865 7.45074 7.51818 7.55068 7.54730 7.53194 7.49731 7.48301 7.51055 7.48752 7.45479 7.50730 7.50166 7.53030 7.53855 7.52901 7.52181 7.50761 7.49736 7.45191 7.40688 7.04611 6.01742 5.60108 5.51179 5.70123 7.04699 7.45594 7.45075 7.43951 7.43993
7.58446 7.57770 7.54561 7.51771 7.52249 7.54732 7.55819 7.54293 7.52657 7.52795 7.51710 7.49071 7.47285 7.49844 7.50824 7.48083 7.48522 7.48509 7.39159 7.29096 7.34133 7.46645 7.48612 7.48017 7.50007 7.49614 7.45080 7.42302 7.36867 7.36558 7.38618 7.24806 6.93580 6.94195 6.99525 6.91896 7.30457 7.48166 7.52941 7.53646 7.52362 7.50427 7.45399 7.46480 7.47716 7.51026 7.52610 7.52369 7.55562 7.56540 7.53790 7.49099 7.45800 7.46265 7.46077 7.41505 7.08899 5.79731 5.51862 5.39838 5.68146 7.12756 7.48333 7.45773 7.40200 7.44794
7.56478 7.55658 7.51449 7.48862 7.52083 7.55770 7.56619 7.55397 7.54541 7.54300 7.54015 7.52770 7.49799 7.51612 7.51181 7.49328 7.49769 7.44025 7.33545 7.30727 7.40978 7.48287 7.47324 7.42205 7.38403 7.34103 7.28316 7.28304 7.31026 7.33080 7.31695 6.93613 6.77929 7.10063 7.04437 6.46807 6.65887 7.32858 7.50309 7.52721 7.49466 7.49211 7.45821 7.46622 7.49884 7.50978 7.50991 7.51496 7.55218 7.55253 7.52510 7.47786 7.48731 7.44028 7.44951 7.40769 7.10435 5.84625 5.58974 5.53944 6.33124 7.33965 7.49163 7.50103 7.45263 7.43639
7.50605 7.48955 7.45534 7.45798 7.50554 7.54346 7.56721 7.56753 7.55859 7.55943 7.55242 7.52944 7.50393 7.53157 7.51761 7.49285 7.47400 7.38503 7.31455 7.40013 7.46854 7.47771 7.43990 7.37419 7.28849 7.20273 7.18874 7.29570 7.36397 7.35161 7.28046 7.10041 6.94618 6.88863 6.50738 6.08773 6.25531 6.75959 7.33954 7.48633 7.46639 7.46603 7.48270 7.49260 7.50271 7.50038 7.47948 7.49836 7.53708 7.53919 7.51852 7.49343 7.47743 7.48868 7.50724 7.47552 7.37691 6.89501 6.12238 6.04568 5.95511 6.82581 7.41266 7.49629 7.49909 7.50692
7.48647 7.45722 7.43034 7.44122 7.46269 7.48743 7.53790 7.56763 7.57317 7.57188 7.55411 7.52315 7.49717 7.53839 7.54481 7.49343 7.45810 7.34634 7.29087 7.41324 7.46632 7.46178 7.43047 7.41502 7.39911 7.38868 7.40584 7.44181 7.45502 7.40177 7.24520 6.97868 6.78196 6.79499 6.53653 6.02973 6.16982 6.52046 7.00894 7.37579 7.47541 7.44178 7.45612 7.51457 7.52667 7.51610 7.51307 7.52239 7.53145 7.53782 7.51858 7.49792 7.46667 7.48070 7.47094 7.45526 7.36895 7.13887 6.40031 5.69632 5.89544 6.02151 7.23995 7.47504 7.49041 7.51996
7.49525 7.48115 7.45432 7.44799 7.45235 7.43697 7.47419 7.53657 7.56491 7.56601 7.54671 7.52932 7.48123 7.50559 7.53518 7.45593 7.33028 7.26356 7.35437 7.43433 7.41314 7.36841 7.39448 7.46514 7.43916 7.39287 7.42564 7.48259 7.50346 7.47301 7.33219 6.94402 6.60422 6.72239 6.86442 6.33534 6.11492 6.35028 7.06889 7.38317 7.42011 7.44056 7.38239 7.47620 7.51728 7.52564 7.53111 7.53207 7.52357 7.51206 7.49065 7.47861 7.49345 7.45472 7.47293 7.49238 7.41908 7.00802 5.95539 5.88798 5.62831 6.60111 7.41780 7.49519 7.50503 7.51998
7.47401 7.45755 7.43612 7.45180 7.49340 7.46692 7.43347 7.47864 7.52961 7.54855 7.53621 7.52525 7.49876 7.48918 7.50209 7.37609 7.30545 7.37292 7.45157 7.43863 7.42168 7.32398 7.28428 7.41169 7.30240 7.27833 7.35490 7.45225 7.49330 7.47180 7.37258 7.17417 7.09090 7.13165 7.22510 7.05619 6.46274 6.77609 7.20143 7.45069 7.46008 7.36469 7.41373 7.40688 7.50247 7.52915 7.52419 7.52097 7.50661 7.51104 7.50847 7.49682 7.48242 7.46582 7.49423 7.49357 7.45269 7.35719 6.79595 6.03261 6.60259 7.37482 7.47900 7.51586 7.52794 7.52902
7.47322 7.43707 7.39568 7.42941 7.50421 7.51063 7.46899 7.44383 7.47372 7.50783 7.52112 7.52169 7.49826 7.49340 7.49172 7.36562 7.30556 7.43881 7.47359 7.46388 7.48817 7.41894 7.29552 7.38852 7.25079 7.29490 7.31283 7.42000 7.49209 7.46953 7.36827 7.28328 7.28659 7.08831 7.20501 7.17785 7.11502 6.84038 6.90727 7.35671 7.48343 7.44629 7.35448 7.45575 7.51542 7.52112 7.51647 7.50602 7.49158 7.48358 7.48342 7.47199 7.47170 7.48431 7.47446 7.49423 7.48181 7.47794 7.42707 7.26540 7.40287 7.48552 7.49168 7.50468 7.51718 7.51241
7.48609 7.42394 7.37595 7.41137 7.46148 7.49989 7.51599 7.47920 7.45474 7.46678 7.48831 7.50010 7.49289 7.49360 7.46686 7.36482 7.35672 7.45631 7.49017 7.47894 7.50518 7.46020 7.31165 7.33385 7.27577 7.31069 7.28378 7.41385 7.49421 7.51208 7.45110 7.31729 7.27096 7.14617 7.28259 7.22881 7.08607 6.56654 6.76987 7.03116 7.44773 7.50913 7.47311 7.51431 7.53012 7.52039 7.50066 7.47335 7.46349 7.45336 7.46188 7.46802 7.48700 7.47191 7.48707 7.50013 7.50321 7.49049 7.48615 7.48393 7.48452 7.48884 7.39032 7.45797 7.46936 7.41145
7.47872 7.39009 7.37385 7.39720 7.40326 7.43937 7.49708 7.51489 7.48151 7.45820 7.45534 7.46108 7.47449 7.48768 7.44585 7.39672 7.44771 7.50090 7.50955 7.47963 7.49535 7.49538 7.40893 7.31974 7.37965 7.33375 7.25017 7.37060 7.45070 7.50045 7.51346 7.43368 7.31499 7.27406 7.27039 7.23049 7.27397 6.89565 6.88703 7.20169 7.45220 7.51916 7.51077 7.51004 7.51321 7.49444 7.46979 7.45020 7.42770 7.42652 7.44934 7.46714 7.50686 7.49806 7.48784 7.49151 7.48409 7.48553 7.47835 7.48107 7.44316 7.14999 6.34870 7.14151 7.34564 7.26925
7.48446 7.42639 7.41593 7.40515 7.42118 7.41231 7.44486 7.50434 7.50036 7.46773 7.43803 7.42300 7.44017 7.48530 7.48680 7.46145 7.45798 7.47829 7.50635 7.49263 7.49815 7.51800 7.49224 7.43567 7.42252 7.29739 7.19839 7.31205 7.40097 7.43315 7.47775 7.47126 7.40075 7.31931 7.18569 7.21674 7.26947 7.10804 7.11271 7.33092 7.43529 7.50357 7.50928 7.49220 7.48528 7.46784 7.45484 7.44277 7.42289 7.43406 7.46009 7.48930 7.48886 7.49451 7.47323 7.48367 7.47414 7.48704 7.47202 7.39401 6.98323 5.85192 5.59928 6.01911 7.16466 7.14283
