mrvbf_slope1.2_pctl1.asc
NCOLS 410
NROWS 410
XLLCORNER 2398750.0000000000000000
YLLCORNER 2548750.0000000000000000
CELLSIZE 250.0000000000000000
NODATA_VALUE -99999.00000
[rows 348 to 376 of 410, columns 132 to 197 of 410]
7.47189 7.42946 7.43613 7.47815 7.48356 7.47480 7.48380 7.49128 7.48833 7.48788 7.48274 7.45577 7.43324 7.44374 7.44134 7.42077 7.41005 7.41822 7.40230 7.35729 7.33625 7.29113 7.27759 7.26780 7.22350 7.15262 7.09514 7.02692 6.90213 6.78852 6.57653 6.15794 5.83714 5.58057 4.78944 4.16791 3.87052 4.17736 5.02484 5.13229 5.11379 5.07060 4.92505 5.09597 5.89536 6.20261 6.11542 6.21964 6.45529 6.58662 6.62671 6.62884 6.56293 6.51277 6.67078 6.54162 6.48805 6.24145 6.07989 6.30252 6.39011 6.38867 6.42651 6.52869 6.67978 6.83786
7.45853 7.42987 7.44706 7.47730 7.47577 7.47645 7.48542 7.48538 7.48421 7.48299 7.46917 7.44515 7.44363 7.44450 7.44509 7.42473 7.39669 7.39527 7.38381 7.34921 7.28807 7.26917 7.25465 7.23469 7.20074 7.14068 7.06082 6.94869 6.78231 6.69572 6.58261 6.26256 5.82775 5.38481 4.41783 3.79828 3.71723 4.28496 4.94755 5.02236 5.15717 4.87606 4.97536 5.35191 6.04778 6.24637 6.16580 6.22132 6.37676 6.49408 6.57238 6.57022 6.44328 6.33380 6.51387 6.41943 6.30740 6.28866 5.94797 5.92359 6.16266 6.27950 6.44665 6.41343 6.52133 6.68871
7.46011 7.44073 7.44262 7.46039 7.46819 7.47779 7.48288 7.48181 7.47915 7.47199 7.45135 7.43197 7.43802 7.44049 7.43979 7.42232 7.39665 7.38751 7.36935 7.33145 7.29583 7.29087 7.26912 7.23214 7.18628 7.12248 7.00204 6.82286 6.66303 6.54441 6.31193 5.89679 5.49793 4.95140 3.98332 3.53209 3.72882 4.43432 4.71584 4.74896 5.09922 5.08365 5.19094 5.68045 6.12031 6.17520 6.09114 6.15848 6.27986 6.35325 6.38577 6.37396 6.35295 6.41531 6.46502 6.42997 6.27595 6.07947 5.70034 5.72097 5.85381 5.89231 6.12095 6.31539 6.58294 6.67343
7.46420 7.45093 7.44747 7.45370 7.46254 7.47214 7.47409 7.46899 7.45950 7.44550 7.42187 7.41050 7.42035 7.41824 7.41748 7.40494 7.39583 7.39086 7.37196 7.35012 7.33332 7.30884 7.27346 7.22201 7.15105 7.07723 6.96574 6.75383 6.44659 6.19451 5.91454 5.61916 5.11782 4.57033 3.73212 3.48183 3.81393 4.46067 4.36145 4.33837 4.81541 5.26030 5.45037 5.78949 6.01566 5.95799 5.87598 5.99220 6.14074 6.22129 6.16222 6.13339 6.28752 6.34725 6.41459 6.39669 6.32206 6.08232 5.76140 5.82508 5.84866 5.56541 5.85774 6.23698 6.38579 6.56475
7.46291 7.44623 7.44081 7.44416 7.45143 7.45736 7.45443 7.44253 7.42765 7.41532 7.40753 7.41100 7.41884 7.41282 7.40696 7.40312 7.40158 7.38866 7.37537 7.35555 7.32948 7.29617 7.25476 7.19886 7.11195 7.00288 6.88354 6.69132 6.34688 5.97981 5.61811 5.24894 4.91334 4.45556 3.66225 3.40802 3.74749 4.42995 4.34719 3.97061 4.19435 4.80368 5.26554 5.57560 5.69577 5.56040 5.44565 5.59333 5.81146 5.99907 5.92984 5.87863 6.14476 6.19009 6.23685 6.30427 6.25931 6.08419 5.73980 5.71004 6.00896 5.99236 6.18894 6.27695 6.22401 6.35841
7.46410 7.44302 7.42411 7.42086 7.42893 7.43295 7.42716 7.41658 7.41210 7.41510 7.42119 7.42233 7.41719 7.41276 7.40910 7.40268 7.39224 7.38133 7.36600 7.34215 7.31121 7.27340 7.22539 7.16240 7.07412 6.94025 6.75786 6.53342 6.24002 5.85850 5.43800 4.97823 4.68897 4.33103 3.67710 3.33428 3.51637 4.16190 4.47443 4.01297 3.93127 4.27268 4.69680 5.03731 5.14541 4.98407 4.85522 5.04258 5.27391 5.58110 5.70447 5.63000 5.80793 5.99673 5.96726 5.97686 6.02486 6.05353 5.86335 5.63507 5.94394 6.14907 6.27721 6.35355 6.41191 6.44544
7.46297 7.44847 7.43072 7.41840 7.41491 7.41211 7.40921 7.40910 7.41455 7.42190 7.42668 7.42504 7.41504 7.40567 7.39924 7.39134 7.37936 7.36504 7.34509 7.31682 7.28036 7.24048 7.18630 7.11308 7.01533 6.87850 6.66890 6.41101 6.09651 5.71243 5.31320 4.85075 4.42661 4.02004 3.60890 3.42443 3.48646 3.88501 4.23988 4.04266 3.93697 4.00580 4.12327 4.29464 4.39388 4.32959 4.31446 4.54040 4.76216 5.08980 5.37207 5.39197 5.44690 5.64521 5.76739 5.85632 5.93277 5.93647 6.02165 5.81955 5.86905 5.96733 6.10831 6.28121 6.46065 6.60616
7.45039 7.44592 7.43954 7.43044 7.42159 7.41396 7.41263 7.41522 7.41752 7.41600 7.41722 7.41777 7.41056 7.40018 7.38606 7.36872 7.35044 7.33404 7.31110 7.27244 7.23006 7.19045 7.13419 7.05051 6.93728 6.78866 6.58815 6.31376 6.01490 5.64565 5.20214 4.70002 4.13804 3.69153 3.49385 3.48637 3.58165 3.79868 4.10823 4.01487 3.85342 3.73971 3.70534 3.73136 3.78413 3.81577 3.88840 4.01105 4.17822 4.54033 4.72856 4.85872 5.06206 5.33399 5.49008 5.55225 5.73268 5.86548 5.91451 6.04725 6.06433 6.15087 6.29087 6.42480 6.48475 6.58786
7.42455 7.42662 7.42625 7.42545 7.42372 7.42004 7.41890 7.41788 7.41259 7.40322 7.40362 7.40330 7.39456 7.38160 7.35914 7.33415 7.31867 7.29680 7.27000 7.22855 7.17783 7.12480 7.06810 6.97194 6.84009 6.66906 6.45409 6.18020 5.84130 5.42246 4.93180 4.48251 3.99109 3.60015 3.41327 3.41065 3.53312 3.75236 3.79667 3.69429 3.61720 3.53295 3.49308 3.51462 3.56894 3.59239 3.56377 3.61275 3.67267 3.85565 4.05728 4.25454 4.46166 4.75677 5.03148 5.22473 5.49963 5.66223 5.76899 5.91320 6.11476 6.29177 6.39809 6.45219 6.42031 6.44023
7.37938 7.38574 7.38817 7.39837 7.40589 7.40411 7.40269 7.39806 7.39229 7.39032 7.39086 7.38280 7.36963 7.34951 7.31798 7.30116 7.29530 7.26913 7.23752 7.19729 7.12513 7.06220 6.99152 6.87574 6.72068 6.52166 6.27415 5.96157 5.59795 5.16024 4.67920 4.29746 3.91343 3.60236 3.40428 3.29691 3.36688 3.45407 3.35044 3.19251 3.16161 3.07585 3.17753 3.37147 3.50986 3.51255 3.43323 3.53896 3.59494 3.72286 3.90953 4.05434 4.18688 4.33604 4.53135 4.76477 5.02002 5.17227 5.43487 5.71326 5.74624 5.91200 6.10715 6.19687 6.18889 6.25946
7.33368 7.33876 7.33418 7.34159 7.35976 7.37080 7.37478 7.37446 7.37551 7.37490 7.36612 7.34727 7.32431 7.29586 7.27611 7.27841 7.27121 7.24160 7.19828 7.13701 7.06133 6.99741 6.90155 6.76011 6.57641 6.34382 6.06137 5.72103 5.33075 4.90984 4.45817 4.06851 3.73896 3.52860 3.36277 3.25237 2.95439 2.35395 2.21084 1.99173 2.05010 2.03668 2.21449 2.70031 3.20070 3.38606 3.48193 3.53602 3.67634 3.91080 4.03621 4.12064 4.20777 4.23803 4.30147 4.43912 4.63635 4.81241 4.98701 5.36158 5.50353 5.56799 5.69649 5.83610 5.96624 6.08133
7.30883 7.30166 7.29203 7.27566 7.27565 7.29612 7.30864 7.32951 7.34534 7.34212 7.31986 7.28380 7.25996 7.24940 7.25592 7.25825 7.23953 7.20036 7.13822 7.05902 6.99599 6.91995 6.79319 6.62199 6.40469 6.13406 5.81424 5.44963 5.05065 4.64609 4.23357 3.87572 3.62631 3.42489 3.18574 2.99718 2.24817 1.65653 2.06825 2.26662 2.63578 2.57717 2.42917 2.20026 2.60430 3.33352 3.54097 3.58355 3.73145 3.95275 4.07030 4.13812 4.19296 4.21545 4.23025 4.29704 4.43242 4.59542 4.68499 4.83433 5.15497 5.32362 5.45627 5.56160 5.76186 5.82964
7.29604 7.27602 7.26694 7.25116 7.21734 7.19708 7.19943 7.22761 7.27957 7.28412 7.24163 7.21214 7.21575 7.22491 7.23085 7.21844 7.18556 7.13406 7.05663 6.98762 6.92637 6.81940 6.66175 6.45689 6.20163 5.89354 5.53996 5.15381 4.74898 4.33115 3.95103 3.70566 3.55526 3.35741 3.04493 2.85352 2.20785 1.62669 2.22764 3.31277 3.34867 3.27352 3.31487 3.16428 2.90450 3.24252 3.52457 3.60032 3.68627 3.83402 3.93886 4.00576 4.06248 4.11663 4.15778 4.21413 4.31961 4.44205 4.51732 4.50692 4.60251 4.74265 4.98223 5.29058 5.45768 5.42473
7.28593 7.26415 7.24819 7.24252 7.22143 7.17423 7.11957 7.07264 7.13881 7.17668 7.14601 7.16216 7.18617 7.18815 7.17526 7.14983 7.11318 7.05449 6.97764 6.92142 6.83540 6.69404 6.50160 6.25815 5.96583 5.62834 5.25435 4.85866 4.43613 4.02263 3.74725 3.58953 3.43796 3.21121 3.01637 2.87585 2.36503 1.82049 2.51144 3.32418 3.42489 3.48171 3.39430 3.36272 3.27135 3.32697 3.47523 3.54666 3.58216 3.62797 3.69280 3.78950 3.89560 3.97851 4.03750 4.08901 4.15200 4.25268 4.34551 4.38262 4.40595 4.41519 4.57087 4.85914 5.02338 5.06521
7.26874 7.25731 7.23632 7.22318 7.20850 7.17379 7.11634 7.03168 7.01222 7.05001 7.07294 7.12221 7.13938 7.12704 7.09184 7.05943 7.02755 6.96539 6.90523 6.83930 6.71528 6.53522 6.30056 6.01778 5.69790 5.34792 4.97385 4.58070 4.15888 3.82921 3.64094 3.48647 3.26012 3.05561 2.94717 2.75336 2.25869 1.98005 2.68987 3.45859 3.60172 3.52154 3.53526 3.46750 3.40858 3.39965 3.46054 3.51788 3.52593 3.51772 3.55944 3.64648 3.76208 3.85208 3.89519 3.93517 3.97829 4.04313 4.13678 4.21850 4.29461 4.36144 4.43316 4.59261 4.75583 4.93533
7.22278 7.23682 7.23387 7.21994 7.20169 7.16977 7.12172 7.07950 7.06977 7.04147 7.02444 7.06280 7.07178 7.04039 6.98391 6.94469 6.91856 6.88009 6.82742 6.72217 6.55366 6.32575 6.04065 5.72009 5.39585 5.06174 4.70862 4.33326 3.96615 3.73697 3.57205 3.33148 3.06319 2.97552 2.76310 2.09626 1.77443 2.11342 3.13798 3.48638 3.63483 3.65492 3.60132 3.51333 3.45547 3.39772 3.43137 3.51382 3.54900 3.54811 3.54787 3.58368 3.66944 3.74170 3.77127 3.80201 3.84298 3.89600 3.97675 4.07533 4.16578 4.22272 4.25950 4.37324 4.59838 4.70182
7.15114 7.18122 7.22075 7.23354 7.21966 7.18828 7.12524 7.05692 7.07589 7.05851 7.03322 7.00490 6.97625 6.92824 6.85605 6.81788 6.82559 6.79955 6.71116 6.55551 6.33408 6.04306 5.67474 5.31383 5.03129 4.76770 4.46318 4.12972 3.83221 3.66996 3.50290 3.12157 2.83853 2.79953 2.34441 1.73433 1.98185 2.85453 3.24647 3.35903 3.50093 3.60083 3.59127 3.52627 3.46445 3.37142 3.36282 3.47866 3.56776 3.60820 3.58074 3.55998 3.59604 3.64307 3.68207 3.72302 3.75649 3.79814 3.86573 3.95034 4.03048 4.09129 4.12311 4.17660 4.33596 4.42776
7.09158 7.08332 7.16283 7.21020 7.20579 7.17894 7.09505 7.02256 7.04892 7.05050 6.99032 6.95027 6.90126 6.81239 6.72261 6.71880 6.73680 6.67392 6.53697 6.32388 6.02712 5.63571 5.24248 4.92313 4.65890 4.45348 4.22356 3.95354 3.73771 3.59924 3.37314 2.90335 2.70315 2.58694 2.09034 1.90296 2.56234 2.95122 2.74300 2.78787 3.18261 3.42370 3.51222 3.51762 3.49586 3.43306 3.34391 3.41831 3.52665 3.59208 3.58527 3.54982 3.54156 3.57390 3.62482 3.67969 3.71663 3.74478 3.78347 3.83033 3.88553 3.95096 3.99956 4.04817 4.12829 4.21783
7.05330 6.99301 7.07751 7.13121 7.12808 7.11036 7.01667 6.95517 6.95884 6.96062 6.92610 6.88919 6.78867 6.65903 6.58269 6.58889 6.58217 6.48267 6.29300 5.98186 5.54734 5.13786 4.87878 4.65393 4.39807 4.18632 3.99809 3.81236 3.67313 3.52639 3.13709 2.68984 2.57848 2.36930 1.94193 2.09090 2.48210 2.08399 1.49679 1.67580 2.31406 3.00258 3.27368 3.41321 3.48142 3.47043 3.43277 3.44322 3.50058 3.55412 3.56120 3.52863 3.50583 3.52524 3.56909 3.61860 3.66256 3.69544 3.71579 3.73577 3.76804 3.81837 3.87871 3.93564 3.99383 4.03399
7.03566 6.97819 7.00328 7.01806 6.98713 6.93373 6.85053 6.84045 6.75689 6.70271 6.69845 6.71821 6.62203 6.46219 6.36464 6.31111 6.27341 6.17654 5.93615 5.49756 5.04883 4.79061 4.59784 4.40840 4.20072 4.00833 3.84361 3.72017 3.61801 3.43522 2.86736 2.54145 2.40628 2.08583 1.96097 2.28458 2.08316 1.46865 1.21245 1.82122 1.85391 2.45370 2.79258 3.08540 3.32038 3.41098 3.46291 3.50927 3.52377 3.54417 3.53917 3.50319 3.47518 3.47070 3.49157 3.53546 3.59138 3.62430 3.63872 3.65497 3.68193 3.72147 3.77170 3.83104 3.87856 3.87753
7.03878 7.03235 7.02297 6.97339 6.86829 6.69519 6.56298 6.46979 6.41045 6.33416 6.28125 6.30041 6.30608 6.21506 6.11882 6.01332 5.88430 5.73503 5.48333 5.08913 4.77804 4.60858 4.36356 4.15843 4.01268 3.87179 3.74878 3.65537 3.54737 3.22907 2.67730 2.48023 2.22059 1.92610 2.28309 2.55599 2.02058 1.42372 1.97191 2.96294 2.67241 2.51017 2.54558 2.67506 2.94358 3.25342 3.42957 3.51057 3.53275 3.53674 3.51837 3.48860 3.45627 3.38756 3.36750 3.42132 3.49769 3.53350 3.55806 3.58390 3.61303 3.64916 3.69262 3.73774 3.76760 3.74724
7.03193 7.06654 7.05551 6.98034 6.84708 6.59391 6.31831 6.21152 6.16122 6.04806 5.97324 5.93680 5.96905 5.95751 5.91365 5.83662 5.65522 5.38195 5.09004 4.79401 4.54464 4.38118 4.15544 3.98402 3.86375 3.77002 3.68485 3.60248 3.44918 2.96741 2.62301 2.45291 2.18404 2.26631 2.59409 2.44350 1.58649 1.20071 2.88758 3.30822 3.30713 3.10425 2.80221 2.54823 2.68812 3.12862 3.38731 3.47562 3.51320 3.52116 3.50687 3.48639 3.43670 3.28628 3.20123 3.29896 3.40324 3.43466 3.47840 3.51721 3.54946 3.58806 3.62974 3.66184 3.67327 3.65982
7.09050 7.07017 7.02330 6.96543 6.86797 6.68218 6.47198 6.30464 6.17855 5.97632 5.77273 5.68461 5.70314 5.75291 5.74586 5.66635 5.47384 5.14780 4.76277 4.46384 4.26835 4.13698 3.98913 3.87484 3.77318 3.70132 3.63213 3.54357 3.32521 2.87945 2.68251 2.55651 2.37346 2.35161 2.49237 2.14727 1.45029 1.62818 3.02442 3.37916 3.43160 3.37153 3.19398 2.73289 2.55365 3.04873 3.41497 3.49112 3.51911 3.51872 3.50296 3.46920 3.38559 3.32850 3.20185 3.20669 3.33969 3.36104 3.39263 3.44072 3.48413 3.53200 3.57155 3.59594 3.60404 3.60566
7.04094 7.00897 6.97092 6.94681 6.90053 6.78892 6.66134 6.53153 6.40418 6.15144 5.73611 5.40846 5.30362 5.39738 5.49847 5.45056 5.23102 4.87738 4.43865 4.11897 4.04701 3.95975 3.85370 3.77039 3.69655 3.63322 3.55990 3.44359 3.18045 2.82797 2.71915 2.65999 2.49457 2.35685 2.39964 2.13987 1.57476 1.56727 3.02965 3.37491 3.44453 3.35277 3.06481 2.64240 2.66699 3.15814 3.42367 3.48907 3.51753 3.50835 3.47895 3.43747 3.37811 3.31881 3.29767 3.30449 3.31210 3.33942 3.32008 3.32828 3.40576 3.46647 3.50089 3.52602 3.54369 3.55844
6.94424 6.88692 6.87870 6.89730 6.89581 6.80454 6.71228 6.60938 6.50165 6.25407 5.73716 5.14117 4.85979 4.97660 5.16601 5.10732 4.83974 4.43631 4.07813 3.91210 3.86003 3.81316 3.74223 3.67639 3.61108 3.53833 3.43583 3.24308 2.95930 2.78200 2.72569 2.63556 2.47780 2.35796 2.27383 1.80729 1.66460 2.44674 3.20614 3.30245 3.33289 3.20133 2.87075 2.67265 2.88109 3.27167 3.42116 3.45956 3.48224 3.46599 3.39827 3.26770 3.14511 3.14686 3.19491 3.30405 3.32606 3.32675 3.23933 3.21938 3.29502 3.34907 3.39020 3.43561 3.47479 3.50631
6.76925 6.72515 6.71604 6.74122 6.78747 6.72443 6.63728 6.49953 6.38256 6.10604 5.64567 4.98807 4.48443 4.56168 4.71898 4.55838 4.26957 4.03734 3.89996 3.84000 3.77162 3.71988 3.65989 3.58864 3.50231 3.37765 3.20677 2.98910 2.82394 2.74602 2.68288 2.55687 2.41323 2.36310 2.05055 1.75131 2.21714 2.82604 3.05948 3.05588 2.95483 2.89974 2.78760 2.77264 3.02219 3.29061 3.39138 3.39440 3.39208 3.35823 3.16087 2.84109 2.69998 2.69752 2.75711 3.02322 3.26451 3.28680 3.19107 3.10509 3.09850 3.16206 3.23674 3.31851 3.39274 3.44915
6.69085 6.69586 6.61080 6.56403 6.61737 6.63266 6.56288 6.38778 6.16503 5.94353 5.67450 5.12822 4.36016 4.29304 4.27409 4.07700 3.95760 3.90191 3.84965 3.80305 3.72708 3.66039 3.58657 3.48396 3.34069 3.11974 2.93929 2.80396 2.73324 2.68885 2.59317 2.45821 2.44988 2.48601 2.28348 1.93021 2.10852 2.44498 2.78672 3.00277 2.76048 2.69002 2.72693 2.82311 3.09796 3.28079 3.31074 3.23004 3.14438 3.08844 2.83116 2.64558 2.65564 2.68285 2.62529 2.69754 3.02103 3.18386 3.11344 2.96438 2.89212 2.98490 3.10173 3.18536 3.28596 3.37663
6.78883 6.81807 6.68373 6.55205 6.54837 6.58528 6.51307 6.33245 6.10623 6.00284 5.82801 5.29983 4.60302 4.30438 4.08923 3.91432 3.85977 3.82729 3.78773 3.73483 3.66658 3.59352 3.49320 3.32051 3.08930 2.89522 2.76878 2.66386 2.60992 2.56344 2.47083 2.44528 2.49378 2.39185 2.09103 1.96790 2.06824 2.00249 2.40799 2.72730 2.81989 2.77431 2.78521 2.92063 3.17112 3.23624 3.12745 2.93061 2.80093 2.75764 2.70004 2.61902 2.71440 2.83448 2.65735 2.60364 2.78598 2.96365 2.93790 2.85780 2.78562 2.82596 2.96699 3.06037 3.13552 3.24690
6.84861 6.81350 6.71312 6.62771 6.55650 6.48373 6.34601 6.19846 6.11490 5.99345 5.75877 5.33520 4.94230 4.57881 4.15953 3.94740 3.82982 3.75988 3.71284 3.65714 3.58886 3.49250 3.31468 3.03428 2.82285 2.71971 2.62583 2.54461 2.48586 2.46447 2.46455 2.48851 2.38404 2.05076 2.05493 2.29652 2.30915 2.25091 2.37754 2.49162 2.70261 2.75075 2.89801 3.07348 3.18764 3.11988 2.88407 2.76353 2.70425 2.65518 2.63834 2.66271 2.71905 2.86937 2.72290 2.59887 2.67215 2.71758 2.70815 2.71949 2.75501 2.71873 2.79333 2.91316 2.94294 2.97545
