mrvbf_slope1.2_pctl1.2.asc
NCOLS 410
NROWS 410
XLLCORNER 2398750.0000000000000000
YLLCORNER 2548750.0000000000000000
CELLSIZE 250.0000000000000000
NODATA_VALUE -99999.00000
[rows 87 to 115 of 410, columns 330 to 395 of 410]
-99999.00000 -99999.00000 -99999.00000 -99999.00000 -99999.00000 -99999.00000 -99999.00000 -99999.00000 -99999.00000 -99999.00000 -99999.00000 -99999.00000 -99999.00000 -99999.00000 -99999.00000 -99999.00000 -99999.00000 -99999.00000 -99999.00000 -99999.00000 -99999.00000 -99999.00000 -99999.00000 -99999.00000 -99999.00000 -99999.00000 7.69949 7.66772 7.62480 7.60646 7.61354 7.60723 7.65434 7.67391 7.67004 7.65764 7.63439 7.61902 7.60489 7.55371 7.51106 7.42231 7.32174 7.21751 6.71376 7.14247 7.54332 7.61784 7.65174 7.67169 7.67972 7.68780 7.69358 7.69548 7.70144 7.70298 7.69916 7.70056 7.68289 7.65428 7.67111 7.65967 7.67961 7.66180 7.68539 7.70892
-99999.00000 -99999.00000 -99999.00000 -99999.00000 -99999.00000 -99999.00000 -99999.00000 -99999.00000 -99999.00000 -99999.00000 -99999.00000 -99999.00000 -99999.00000 -99999.00000 -99999.00000 -99999.00000 -99999.00000 -99999.00000 -99999.00000 -99999.00000 -99999.00000 -99999.00000 -99999.00000 -99999.00000 -99999.00000 -99999.00000 7.69208 7.66363 7.65377 7.65863 7.63784 7.66297 7.67970 7.68219 7.68270 7.67305 7.65636 7.63769 7.60758 7.52017 7.42378 7.33864 7.37058 7.41097 7.02528 7.08799 7.54448 7.62299 7.65469 7.66949 7.67829 7.68411 7.69433 7.70281 7.70722 7.70821 7.69726 7.70463 7.69322 7.69438 7.70817 7.69352 7.67088 7.68167 7.70602 7.70563
-99999.00000 -99999.00000 -99999.00000 -99999.00000 -99999.00000 -99999.00000 -99999.00000 -99999.00000 -99999.00000 -99999.00000 -99999.00000 -99999.00000 -99999.00000 -99999.00000 -99999.00000 -99999.00000 -99999.00000 -99999.00000 -99999.00000 -99999.00000 -99999.00000 -99999.00000 -99999.00000 -99999.00000 -99999.00000 -99999.00000 7.66773 7.65822 7.67429 7.68777 7.68353 7.68706 7.68973 7.68949 7.68484 7.68325 7.66779 7.62676 7.54803 7.45146 7.41423 7.37489 7.43308 7.41116 6.93623 7.07795 7.55671 7.62820 7.65556 7.66903 7.67455 7.68689 7.69261 7.70038 7.70748 7.70741 7.69949 7.69218 7.69632 7.71353 7.71579 7.71180 7.71003 7.71449 7.70995 7.71829
-99999.00000 -99999.00000 -99999.00000 -99999.00000 -99999.00000 -99999.00000 -99999.00000 -99999.00000 -99999.00000 -99999.00000 -99999.00000 -99999.00000 -99999.00000 -99999.00000 -99999.00000 -99999.00000 -99999.00000 -99999.00000 -99999.00000 -99999.00000 -99999.00000 -99999.00000 -99999.00000 -99999.00000 -99999.00000 -99999.00000 7.66660 7.67842 7.69914 7.70309 7.70099 7.69705 7.69292 7.69002 7.68868 7.68095 7.66359 7.61222 7.54763 7.50388 7.44070 7.41374 7.46542 7.36808 6.83207 7.29152 7.57704 7.63117 7.65575 7.67259 7.68125 7.68593 7.69467 7.69988 7.70455 7.70532 7.69881 7.69223 7.70623 7.71695 7.71708 7.71157 7.72199 7.72377 7.72346 7.72551
-99999.00000 -99999.00000 -99999.00000 -99999.00000 -99999.00000 -99999.00000 -99999.00000 -99999.00000 -99999.00000 -99999.00000 -99999.00000 -99999.00000 -99999.00000 -99999.00000 -99999.00000 -99999.00000 -99999.00000 -99999.00000 -99999.00000 -99999.00000 -99999.00000 -99999.00000 -99999.00000 -99999.00000 -99999.00000 7.70383 7.69370 7.70302 7.71189 7.71116 7.70905 7.70597 7.69825 7.69236 7.68670 7.67859 7.66238 7.62829 7.57811 7.48429 7.37084 7.42458 7.46996 7.34006 7.18478 7.47969 7.59320 7.63342 7.65774 7.67454 7.68505 7.68766 7.68817 7.69500 7.69714 7.69254 7.69806 7.69723 7.70149 7.70818 7.70736 7.71688 7.72299 7.72302 7.72236 7.72370
-99999.00000 -99999.00000 -99999.00000 -99999.00000 -99999.00000 -99999.00000 -99999.00000 -99999.00000 -99999.00000 -99999.00000 -99999.00000 -99999.00000 -99999.00000 -99999.00000 -99999.00000 -99999.00000 -99999.00000 -99999.00000 -99999.00000 -99999.00000 -99999.00000 -99999.00000 -99999.00000 -99999.00000 -99999.00000 7.70738 7.70806 7.71346 7.71331 7.70978 7.71011 7.70916 7.70275 7.69410 7.68732 7.67890 7.66344 7.63719 7.59090 7.49565 7.39506 7.42547 7.45721 7.37263 7.20132 7.45746 7.59098 7.63534 7.65972 7.67533 7.68312 7.68040 7.68219 7.68594 7.68818 7.67808 7.69191 7.69375 7.69590 7.69657 7.69951 7.71516 7.72142 7.72420 7.72090 7.72389
-99999.00000 -99999.00000 -99999.00000 -99999.00000 -99999.00000 -99999.00000 -99999.00000 -99999.00000 -99999.00000 -99999.00000 -99999.00000 -99999.00000 -99999.00000 -99999.00000 -99999.00000 -99999.00000 -99999.00000 -99999.00000 -99999.00000 -99999.00000 -99999.00000 -99999.00000 -99999.00000 -99999.00000 -99999.00000 7.70696 7.71023 7.71224 7.70954 7.70835 7.70662 7.70654 7.70197 7.69599 7.68930 7.68236 7.66813 7.64042 7.59668 7.54285 7.43086 7.36910 7.45328 7.33803 7.02293 7.42204 7.59221 7.63316 7.66024 7.67587 7.67966 7.67814 7.67916 7.68798 7.68108 7.67776 7.69273 7.69403 7.69042 7.69204 7.69475 7.70442 7.71678 7.72343 7.72105 7.72201
-99999.00000 -99999.00000 -99999.00000 -99999.00000 -99999.00000 -99999.00000 -99999.00000 -99999.00000 -99999.00000 -99999.00000 -99999.00000 -99999.00000 -99999.00000 -99999.00000 -99999.00000 -99999.00000 -99999.00000 -99999.00000 -99999.00000 -99999.00000 -99999.00000 -99999.00000 -99999.00000 -99999.00000 -99999.00000 7.70106 7.70259 7.70465 7.70308 7.70391 7.70486 7.70511 7.70301 7.69796 7.69125 7.68203 7.66862 7.64472 7.61122 7.56467 7.46566 7.30723 7.37082 7.02670 6.88176 7.50354 7.59767 7.63711 7.66050 7.67607 7.68098 7.68186 7.68520 7.69552 7.69503 7.68383 7.68187 7.68030 7.69095 7.68485 7.68852 7.70507 7.71737 7.72157 7.72134 7.72366
-99999.00000 -99999.00000 -99999.00000 -99999.00000 -99999.00000 -99999.00000 -99999.00000 -99999.00000 -99999.00000 -99999.00000 -99999.00000 -99999.00000 -99999.00000 -99999.00000 -99999.00000 -99999.00000 -99999.00000 -99999.00000 -99999.00000 -99999.00000 -99999.00000 -99999.00000 -99999.00000 -99999.00000 -99999.00000 7.70443 7.70510 7.70366 7.70229 7.70145 7.70041 7.70210 7.70115 7.69550 7.68901 7.68060 7.67026 7.64985 7.61796 7.57507 7.48333 7.22989 7.09344 6.64976 7.16667 7.54376 7.60750 7.63967 7.66236 7.67619 7.68015 7.68389 7.68992 7.69524 7.69734 7.70108 7.70158 7.68492 7.68109 7.68196 7.70225 7.70520 7.71691 7.72117 7.72170 7.72519
-99999.00000 -99999.00000 -99999.00000 -99999.00000 -99999.00000 -99999.00000 -99999.00000 -99999.00000 -99999.00000 -99999.00000 -99999.00000 -99999.00000 -99999.00000 -99999.00000 -99999.00000 -99999.00000 -99999.00000 -99999.00000 -99999.00000 -99999.00000 -99999.00000 -99999.00000 -99999.00000 -99999.00000 -99999.00000 7.70474 7.70939 7.71141 7.70765 7.70433 7.69932 7.69587 7.69901 7.69429 7.68633 7.67892 7.66908 7.65386 7.62562 7.57107 7.45458 7.04373 6.50998 6.76614 7.45164 7.56957 7.61211 7.64034 7.66217 7.67397 7.67518 7.68045 7.68682 7.69167 7.69511 7.70079 7.70804 7.70402 7.69328 7.69703 7.69936 7.70284 7.70766 7.71888 7.72266 7.72479
-99999.00000 -99999.00000 -99999.00000 -99999.00000 -99999.00000 -99999.00000 -99999.00000 -99999.00000 -99999.00000 -99999.00000 -99999.00000 -99999.00000 -99999.00000 -99999.00000 -99999.00000 -99999.00000 -99999.00000 -99999.00000 -99999.00000 -99999.00000 -99999.00000 -99999.00000 -99999.00000 -99999.00000 -99999.00000 7.70823 7.71032 7.71068 7.70787 7.70483 7.70188 7.69754 7.69781 7.69407 7.68485 7.67527 7.66478 7.65004 7.62501 7.57295 7.44164 6.92422 6.36091 7.00556 7.50033 7.58131 7.61701 7.64224 7.66419 7.67345 7.67384 7.67830 7.68553 7.68719 7.67943 7.69793 7.70952 7.70990 7.70871 7.70826 7.70358 7.70113 7.70837 7.71651 7.71558 7.71528
-99999.00000 -99999.00000 -99999.00000 -99999.00000 -99999.00000 -99999.00000 -99999.00000 -99999.00000 -99999.00000 -99999.00000 -99999.00000 -99999.00000 -99999.00000 -99999.00000 -99999.00000 -99999.00000 -99999.00000 -99999.00000 -99999.00000 -99999.00000 -99999.00000 -99999.00000 -99999.00000 -99999.00000 -99999.00000 7.71025 7.71010 7.70907 7.70665 7.70270 7.69909 7.69624 7.69562 7.69199 7.68538 7.67513 7.66210 7.64233 7.61471 7.55682 7.45662 7.23080 6.62381 6.74232 7.45972 7.57794 7.61994 7.64766 7.66472 7.67595 7.67912 7.68015 7.68118 7.68166 7.68788 7.69091 7.70748 7.70943 7.70563 7.70813 7.70723 7.70496 7.69928 7.70636 7.68319 7.68610
-99999.00000 -99999.00000 -99999.00000 -99999.00000 -99999.00000 -99999.00000 -99999.00000 -99999.00000 -99999.00000 -99999.00000 -99999.00000 -99999.00000 -99999.00000 -99999.00000 -99999.00000 -99999.00000 -99999.00000 -99999.00000 -99999.00000 -99999.00000 -99999.00000 -99999.00000 -99999.00000 -99999.00000 7.70314 7.70851 7.70887 7.70567 7.70264 7.69988 7.69623 7.69526 7.69425 7.69018 7.68522 7.67662 7.66282 7.64076 7.60588 7.55301 7.48349 7.35863 7.18134 6.83858 7.30976 7.56350 7.61942 7.64569 7.66514 7.67695 7.68330 7.68805 7.69021 7.68716 7.68861 7.69626 7.70417 7.69715 7.67889 7.69644 7.70209 7.69267 7.69859 7.69492 7.65938 7.66260
-99999.00000 -99999.00000 -99999.00000 -99999.00000 -99999.00000 -99999.00000 -99999.00000 -99999.00000 -99999.00000 -99999.00000 -99999.00000 -99999.00000 -99999.00000 -99999.00000 -99999.00000 -99999.00000 -99999.00000 -99999.00000 -99999.00000 -99999.00000 -99999.00000 -99999.00000 -99999.00000 -99999.00000 7.70212 7.70391 7.70632 7.70365 7.69760 7.69411 7.69436 7.69307 7.69220 7.68937 7.68288 7.67353 7.65930 7.63657 7.59742 7.56002 7.51982 7.42501 7.33642 7.06813 7.24241 7.55258 7.61503 7.64356 7.66331 7.67585 7.68372 7.68947 7.69280 7.69391 7.69791 7.69930 7.69425 7.67462 7.68455 7.67457 7.69964 7.70257 7.68306 7.66633 7.65873 7.66650
-99999.00000 -99999.00000 -99999.00000 -99999.00000 -99999.00000 -99999.00000 -99999.00000 -99999.00000 -99999.00000 -99999.00000 -99999.00000 -99999.00000 -99999.00000 -99999.00000 -99999.00000 -99999.00000 -99999.00000 -99999.00000 -99999.00000 -99999.00000 -99999.00000 -99999.00000 -99999.00000 -99999.00000 7.70398 7.70249 7.70327 7.70247 7.69777 7.69089 7.68945 7.68962 7.68896 7.68598 7.68013 7.66926 7.65237 7.63026 7.59261 7.55839 7.53364 7.47073 7.39637 7.20545 7.15675 7.52441 7.60739 7.63879 7.65970 7.67384 7.68300 7.68762 7.68799 7.69377 7.69928 7.70170 7.69975 7.69399 7.68076 7.69431 7.70579 7.70367 7.68722 7.69239 7.67533 7.70047
-99999.00000 -99999.00000 -99999.00000 -99999.00000 -99999.00000 -99999.00000 -99999.00000 -99999.00000 -99999.00000 -99999.00000 -99999.00000 -99999.00000 -99999.00000 -99999.00000 -99999.00000 -99999.00000 -99999.00000 -99999.00000 -99999.00000 -99999.00000 -99999.00000 -99999.00000 -99999.00000 -99999.00000 -99999.00000 7.69923 7.70092 7.70014 7.69703 7.69217 7.68772 7.68648 7.68525 7.68009 7.67498 7.66421 7.64760 7.62528 7.57508 7.53662 7.53712 7.51285 7.47116 7.41443 7.16522 7.42232 7.58927 7.63312 7.65491 7.67070 7.68070 7.68466 7.68997 7.69519 7.70014 7.70332 7.70378 7.70605 7.70406 7.71087 7.71228 7.71193 7.70445 7.69562 7.69885 7.71085
-99999.00000 -99999.00000 -99999.00000 -99999.00000 -99999.00000 -99999.00000 -99999.00000 -99999.00000 -99999.00000 -99999.00000 -99999.00000 -99999.00000 -99999.00000 -99999.00000 -99999.00000 -99999.00000 -99999.00000 -99999.00000 -99999.00000 -99999.00000 -99999.00000 -99999.00000 -99999.00000 -99999.00000 7.69902 7.69462 7.69701 7.69953 7.69596 7.69175 7.68814 7.68662 7.68358 7.68142 7.67523 7.66498 7.64668 7.61641 7.54846 7.50592 7.53066 7.52804 7.51171 7.49665 7.35530 7.38280 7.56474 7.62219 7.64967 7.66538 7.67691 7.68485 7.68813 7.69503 7.69999 7.70413 7.70502 7.70522 7.70828 7.70983 7.71183 7.71275 7.70983 7.69194 7.67464 7.69846
-99999.00000 -99999.00000 -99999.00000 -99999.00000 -99999.00000 -99999.00000 -99999.00000 -99999.00000 -99999.00000 -99999.00000 -99999.00000 -99999.00000 -99999.00000 -99999.00000 -99999.00000 -99999.00000 -99999.00000 -99999.00000 -99999.00000 -99999.00000 -99999.00000 -99999.00000 -99999.00000 -99999.00000 7.69668 7.69581 7.69489 7.69773 7.69530 7.69169 7.68830 7.68837 7.68485 7.68111 7.67632 7.66452 7.64091 7.59361 7.50564 7.48172 7.51514 7.51091 7.52005 7.54306 7.47285 7.42390 7.54620 7.60217 7.63895 7.65961 7.67342 7.68351 7.68865 7.69388 7.70012 7.70414 7.70726 7.70533 7.70683 7.70752 7.71003 7.70789 7.70169 7.67322 7.68658 7.67760
-99999.00000 -99999.00000 -99999.00000 -99999.00000 -99999.00000 -99999.00000 -99999.00000 -99999.00000 -99999.00000 -99999.00000 -99999.00000 -99999.00000 -99999.00000 -99999.00000 -99999.00000 -99999.00000 -99999.00000 -99999.00000 -99999.00000 -99999.00000 -99999.00000 -99999.00000 -99999.00000 7.69024 7.69224 7.69396 7.69474 7.69625 7.69611 7.69146 7.68617 7.68439 7.68560 7.68259 7.67487 7.65917 7.63379 7.58718 7.46810 7.40749 7.47940 7.51326 7.54515 7.56775 7.52995 7.49375 7.55552 7.58307 7.61810 7.65140 7.67060 7.68186 7.68900 7.69348 7.69834 7.70385 7.70766 7.70776 7.70716 7.71032 7.71207 7.70927 7.70334 7.69435 7.70004 7.69658
-99999.00000 -99999.00000 -99999.00000 -99999.00000 -99999.00000 -99999.00000 -99999.00000 -99999.00000 -99999.00000 -99999.00000 -99999.00000 -99999.00000 -99999.00000 -99999.00000 -99999.00000 -99999.00000 -99999.00000 -99999.00000 -99999.00000 -99999.00000 -99999.00000 -99999.00000 -99999.00000 7.69875 7.69765 7.69548 7.69379 7.69200 7.69344 7.69286 7.68670 7.68373 7.68442 7.68169 7.67351 7.65447 7.62542 7.57724 7.41891 7.30562 7.48449 7.55471 7.58153 7.59161 7.57417 7.54002 7.57823 7.59468 7.59672 7.63937 7.66087 7.67508 7.68404 7.69181 7.69588 7.70157 7.70549 7.70819 7.71009 7.71204 7.71273 7.71231 7.70575 7.68676 7.68953 7.68048
-99999.00000 -99999.00000 -99999.00000 -99999.00000 -99999.00000 -99999.00000 -99999.00000 -99999.00000 -99999.00000 -99999.00000 -99999.00000 -99999.00000 -99999.00000 -99999.00000 -99999.00000 -99999.00000 -99999.00000 -99999.00000 -99999.00000 -99999.00000 -99999.00000 -99999.00000 7.69750 7.69806 7.69843 7.69800 7.69613 7.69094 7.69019 7.69262 7.68880 7.68348 7.68340 7.67944 7.66849 7.64616 7.61262 7.55595 7.33870 7.28824 7.52466 7.57766 7.59696 7.60660 7.60171 7.56884 7.56323 7.58604 7.59733 7.63276 7.65561 7.67220 7.68060 7.68760 7.69348 7.69807 7.70191 7.70583 7.70913 7.71135 7.71191 7.71175 7.70915 7.70119 7.68003 7.69603
-99999.00000 -99999.00000 -99999.00000 -99999.00000 -99999.00000 -99999.00000 -99999.00000 -99999.00000 -99999.00000 -99999.00000 -99999.00000 -99999.00000 -99999.00000 -99999.00000 -99999.00000 -99999.00000 -99999.00000 -99999.00000 -99999.00000 -99999.00000 -99999.00000 -99999.00000 7.69785 7.69841 7.69712 7.69550 7.69586 7.69373 7.69246 7.69167 7.68895 7.68303 7.67996 7.67741 7.66371 7.63558 7.60202 7.54486 7.30014 7.29512 7.53739 7.58416 7.60110 7.61529 7.61862 7.60221 7.56682 7.55902 7.57961 7.62618 7.65834 7.67544 7.68266 7.68650 7.69092 7.69379 7.69852 7.70113 7.70476 7.70740 7.70918 7.71007 7.70858 7.70498 7.69696 7.70149
-99999.00000 -99999.00000 -99999.00000 -99999.00000 -99999.00000 -99999.00000 -99999.00000 -99999.00000 -99999.00000 -99999.00000 -99999.00000 -99999.00000 -99999.00000 -99999.00000 -99999.00000 -99999.00000 -99999.00000 -99999.00000 -99999.00000 -99999.00000 -99999.00000 -99999.00000 7.70051 7.69873 7.69782 7.69436 7.69151 7.69268 7.69535 7.69450 7.68966 7.68523 7.68042 7.67501 7.65923 7.62911 7.58856 7.50563 7.26629 7.35111 7.54252 7.59630 7.60853 7.61878 7.62409 7.60915 7.54360 7.53165 7.59520 7.62934 7.65921 7.67517 7.68424 7.68769 7.68891 7.69119 7.69233 7.69621 7.70238 7.70417 7.70394 7.70662 7.70525 7.70210 7.69689 7.68373
-99999.00000 -99999.00000 -99999.00000 -99999.00000 -99999.00000 -99999.00000 -99999.00000 -99999.00000 -99999.00000 -99999.00000 -99999.00000 -99999.00000 -99999.00000 -99999.00000 -99999.00000 -99999.00000 -99999.00000 -99999.00000 -99999.00000 -99999.00000 -99999.00000 7.69747 7.69901 7.69690 7.69713 7.69765 7.69289 7.68989 7.69103 7.69250 7.68883 7.68625 7.68258 7.67427 7.65519 7.61591 7.55063 7.43333 7.28075 7.41501 7.55931 7.60720 7.61258 7.61598 7.62249 7.61249 7.53049 7.53246 7.60198 7.63090 7.65824 7.67445 7.68410 7.68738 7.68817 7.68819 7.69113 7.69597 7.69915 7.69855 7.70198 7.70192 7.70136 7.69685 7.68427 7.68918
-99999.00000 -99999.00000 -99999.00000 -99999.00000 -99999.00000 -99999.00000 -99999.00000 -99999.00000 -99999.00000 -99999.00000 -99999.00000 -99999.00000 -99999.00000 -99999.00000 -99999.00000 -99999.00000 -99999.00000 -99999.00000 -99999.00000 -99999.00000 -99999.00000 7.69889 7.69824 7.69848 7.69940 7.69938 7.69512 7.69140 7.68928 7.68816 7.68786 7.68630 7.68238 7.67065 7.64491 7.58071 7.48927 7.41178 7.36274 7.48140 7.57941 7.61200 7.60905 7.60784 7.62070 7.60572 7.52388 7.53959 7.60336 7.62984 7.65703 7.67264 7.68226 7.68760 7.68683 7.69006 7.69472 7.69757 7.70012 7.69977 7.70050 7.70060 7.69904 7.69863 7.69430 7.68538
-99999.00000 -99999.00000 -99999.00000 -99999.00000 -99999.00000 -99999.00000 -99999.00000 -99999.00000 -99999.00000 -99999.00000 -99999.00000 -99999.00000 -99999.00000 -99999.00000 -99999.00000 -99999.00000 -99999.00000 -99999.00000 -99999.00000 -99999.00000 -99999.00000 7.69917 7.69830 7.69870 7.69885 7.69683 7.69518 7.69350 7.69082 7.68906 7.68636 7.68380 7.68058 7.66553 7.63501 7.56692 7.43754 7.34642 7.38732 7.51748 7.58511 7.61055 7.60151 7.59977 7.60829 7.56763 7.49647 7.56725 7.60268 7.62286 7.65618 7.67107 7.67974 7.68519 7.69000 7.69376 7.69640 7.69901 7.70039 7.70069 7.70067 7.69535 7.68750 7.70045 7.70306 7.70036
-99999.00000 -99999.00000 -99999.00000 -99999.00000 -99999.00000 -99999.00000 -99999.00000 -99999.00000 -99999.00000 -99999.00000 -99999.00000 -99999.00000 -99999.00000 -99999.00000 -99999.00000 -99999.00000 -99999.00000 -99999.00000 -99999.00000 -99999.00000 7.69832 7.69637 7.69538 7.69700 7.69650 7.69538 7.69685 7.69603 7.69073 7.68624 7.68572 7.68034 7.67613 7.66370 7.63873 7.58533 7.41992 7.11409 7.36271 7.52896 7.58678 7.60853 7.60270 7.58350 7.57757 7.52681 7.47778 7.55389 7.59108 7.63090 7.66071 7.67190 7.68074 7.68810 7.69538 7.69756 7.69749 7.69794 7.69987 7.69838 7.69403 7.67878 7.65854 7.68982 7.70326 7.70574
-99999.00000 -99999.00000 -99999.00000 -99999.00000 -99999.00000 -99999.00000 -99999.00000 -99999.00000 -99999.00000 -99999.00000 -99999.00000 -99999.00000 -99999.00000 -99999.00000 -99999.00000 -99999.00000 -99999.00000 -99999.00000 -99999.00000 -99999.00000 7.69781 7.69491 7.68931 7.69231 7.69499 7.69363 7.69699 7.69774 7.68997 7.68385 7.68244 7.67773 7.67186 7.65786 7.62650 7.56988 7.37696 7.14240 7.37854 7.52984 7.58007 7.59496 7.60212 7.57584 7.53792 7.46610 7.42645 7.49228 7.60194 7.64629 7.66725 7.67876 7.68631 7.69286 7.69798 7.70040 7.70118 7.69855 7.69590 7.69515 7.68852 7.66064 7.66846 7.66192 7.69464 7.70751
-99999.00000 -99999.00000 -99999.00000 -99999.00000 -99999.00000 -99999.00000 -99999.00000 -99999.00000 -99999.00000 -99999.00000 -99999.00000 -99999.00000 -99999.00000 -99999.00000 -99999.00000 -99999.00000 -99999.00000 -99999.00000 -99999.00000 -99999.00000 7.69275 7.69381 7.68837 7.68812 7.69054 7.69151 7.69433 7.69507 7.69289 7.68721 7.68747 7.68482 7.67515 7.66207 7.62754 7.57926 7.39738 7.19236 7.36268 7.50658 7.57241 7.58404 7.59415 7.57974 7.50362 7.43848 7.47981 7.58456 7.63348 7.65750 7.67137 7.68184 7.68845 7.69388 7.69769 7.70030 7.70097 7.70062 7.69595 7.69298 7.69349 7.68520 7.66891 7.68783 7.70058 7.70606
