mrvbf_slope0.7_pctl0.7.asc
NCOLS 410
NROWS 410
XLLCORNER 2398750.0000000000000000
YLLCORNER 2548750.0000000000000000
CELLSIZE 250.0000000000000000
NODATA_VALUE -99999.00000
[rows 203 to 231 of 410, columns 330 to 395 of 410]
6.37305 6.37901 6.40487 6.22777 6.25390 6.21978 6.09426 5.68299 5.19134 5.13432 5.32903 5.67545 5.74823 5.42963 5.36817 5.38978 4.68262 4.82116 4.73382 5.03315 4.71859 4.68137 4.61254 5.28931 6.20433 6.15216 5.34923 5.07843 5.57195 5.62963 6.10479 5.98122 5.42800 4.74818 4.68747 5.27784 5.38239 5.52498 5.75771 6.40350 6.88365 6.95962 6.87446 6.68443 6.28523 6.36312 6.09315 6.30442 5.79130 5.68637 6.31765 6.36339 6.14620 6.10599 6.38308 6.59274 6.76289 6.61557 6.17051 5.91844 6.06629 6.15627 5.76047 5.50706 5.93268 5.73992
6.28276 6.23267 6.30356 6.10041 5.92060 5.69555 5.38348 5.36446 5.36794 5.02493 5.34829 5.40830 5.69352 5.70025 5.61471 5.30207 4.72886 4.70658 5.08708 4.94934 5.14253 5.06731 5.21813 5.53885 6.07832 6.34553 6.01844 5.69361 6.09018 6.32331 6.59186 6.60080 6.28478 5.70203 5.58618 5.86174 5.86307 5.99978 6.35919 6.85257 7.08596 7.10050 6.90243 6.88690 6.76278 6.19980 5.79200 5.53624 4.83541 4.68610 5.34758 5.97280 5.92387 6.00546 6.20358 6.56222 6.82829 6.63123 6.20279 6.08439 6.25795 6.36614 5.73032 5.41734 5.69581 5.53481
5.99253 6.15279 6.11891 6.00913 5.65698 5.02221 4.45306 4.49365 5.00507 5.07766 5.03441 5.06485 5.25096 5.41531 5.28681 4.86162 4.70034 4.75621 5.09001 5.21834 5.22502 5.39751 5.42264 5.49199 5.65399 5.97375 6.24900 6.29229 6.27731 6.64596 6.75158 6.85419 6.82950 6.73314 6.43702 6.07376 6.12976 6.53955 6.82565 7.11145 7.18582 7.13047 6.99627 6.91399 6.89096 6.51389 5.83957 5.03098 4.59683 4.56032 4.59846 5.40186 5.71900 5.88647 5.96832 6.33738 6.69083 6.60399 6.28417 6.14172 6.31589 6.49658 5.92799 5.35567 5.33695 5.49635
5.86411 6.07418 5.94760 5.85094 5.27465 4.40043 4.15580 4.34015 4.48916 4.55971 4.69823 5.21376 5.39571 5.48020 5.30946 4.86618 4.63614 4.81960 4.79699 4.97185 4.86869 5.17887 5.37496 5.44837 5.57603 5.90228 6.42972 6.53318 6.35977 6.62693 6.83036 6.89356 6.96050 6.74536 6.32295 6.06472 6.31462 6.72986 7.02398 7.20489 7.19406 7.18423 7.13040 7.02119 6.91207 6.62122 6.26008 5.48090 4.72306 4.63285 4.51941 5.00959 5.61379 5.77125 6.03585 6.29210 6.49870 6.48494 6.18494 5.94760 5.76779 6.10325 5.92177 5.41582 5.37499 5.54699
5.94389 5.93819 5.75182 5.58141 4.87379 4.28279 4.43607 4.60604 4.65718 4.45671 4.59160 4.77454 5.11583 5.39475 5.37195 5.08041 4.66027 4.64085 4.79454 4.81245 4.77314 4.65650 4.99575 5.37649 5.65392 6.12184 6.35782 6.45990 6.19831 6.32419 6.50708 6.67339 6.77002 6.46722 6.19608 6.31675 6.63847 6.90529 7.12926 7.20052 7.20395 7.17122 7.03886 6.91111 6.82687 6.72596 6.52036 5.88252 4.98630 4.57938 4.49901 4.56741 5.34364 5.70741 6.13940 6.38318 6.46969 6.45402 6.08638 5.50809 5.09409 5.45606 5.73410 5.35511 5.35053 5.52768
5.95493 5.85485 5.60308 5.25370 4.51406 4.42786 4.53522 4.67619 4.60046 4.36128 4.42366 4.54919 5.18686 5.56236 5.44476 5.35522 4.98740 4.59567 4.68690 4.58124 4.58979 4.62878 4.68012 5.36231 5.90479 6.30302 6.36370 6.55637 6.09044 6.32709 6.39736 6.39927 6.29190 6.20053 6.37770 6.55829 6.77438 6.92982 7.01817 6.96687 6.89133 6.93350 6.94970 6.83434 6.73046 6.73552 6.45634 6.27659 5.47549 4.73721 4.56019 4.55384 5.09475 5.69176 6.18889 6.17329 6.53454 6.48233 5.69421 5.17500 5.19344 5.00657 5.35272 5.22546 5.25236 5.40843
5.82843 5.57047 5.25816 5.10833 4.53247 4.57609 4.56186 4.44344 4.55047 4.20872 4.33276 4.82486 5.44666 5.46210 5.63217 5.63542 5.34839 4.81436 4.51921 4.50718 4.49820 4.54702 5.10523 5.80532 6.14006 6.41160 6.28175 6.40775 6.19414 6.00368 6.13230 6.24828 6.25052 6.14192 6.16710 6.30887 6.56114 6.73156 6.87345 6.62439 6.26427 6.40853 6.77309 6.74446 6.63312 6.57170 6.12745 5.97037 5.77581 5.34965 4.68336 4.67828 4.68583 5.40970 5.76585 5.55526 5.96136 5.98740 5.53277 5.42770 5.06874 5.19577 4.91660 5.11469 5.28524 5.52644
5.49779 4.89684 4.55767 4.66747 4.39396 4.44681 4.42128 4.27858 4.27147 4.51662 4.63578 5.05460 5.36663 5.49826 5.61834 5.77707 5.49720 5.25875 4.86058 4.60232 4.58847 4.98569 5.63695 6.18134 6.29189 6.41850 6.28365 6.21681 6.23553 6.33310 6.27365 6.17917 6.11130 6.26883 6.44065 6.40467 6.24144 6.35313 6.51562 6.18512 6.18439 6.08089 6.11756 6.01005 5.97498 6.12129 5.84287 5.63727 5.60330 5.61571 5.05512 4.62976 4.77630 4.90078 5.20458 5.48606 5.34302 5.40833 5.44366 5.40606 5.41885 4.91596 4.68889 4.66597 5.15228 5.49586
4.72279 4.26142 4.43110 4.44928 4.27602 4.18359 4.46879 4.04446 4.12370 4.55067 4.91018 4.94142 5.09823 5.29970 5.42374 5.47781 5.26284 5.26206 5.35226 5.26573 5.30194 5.45043 5.71356 6.06213 6.05273 6.18444 6.23569 6.10066 6.07919 6.25198 6.28283 6.40261 6.30200 6.50065 6.77282 6.74120 6.56893 6.34487 6.44744 6.45090 6.09984 6.04142 5.92293 5.96731 6.05823 6.10142 5.80598 5.68853 5.77971 5.94270 5.54000 5.02553 4.74056 5.07118 5.16429 5.11924 5.36091 5.48307 5.27227 5.52030 5.47673 4.95484 4.70984 4.78670 5.31863 5.57565
4.07187 3.82048 4.24810 4.53170 4.60361 4.43056 4.39747 4.01287 4.25533 4.60970 4.69507 4.74996 4.95401 5.28830 5.35622 5.36310 5.22022 5.20669 5.38621 5.62320 5.63427 5.64851 5.82528 5.93599 5.97729 6.05475 6.09830 6.27741 6.05484 6.04560 5.95112 6.02903 6.07006 6.39707 6.70352 6.69298 6.60684 6.31084 6.44387 6.69471 6.52199 6.43344 6.06115 5.85192 5.82022 5.95913 5.82973 5.66966 5.63573 5.70424 5.63964 5.61053 5.41518 5.30870 5.47497 5.56202 5.56640 5.62002 5.61564 5.85777 5.65253 5.29262 5.08207 5.32099 5.19600 5.58957
3.81007 4.14455 4.20395 4.41195 4.60880 4.44691 4.37377 3.89082 4.51930 5.11144 5.26701 5.19705 5.01448 5.14927 5.20955 5.30343 5.25230 5.52931 5.70899 5.86712 5.77431 5.84807 5.96234 6.10430 5.97120 6.09831 6.13567 6.43866 6.36102 6.29034 6.31516 6.31504 6.09408 5.94699 6.10736 6.34175 6.26030 6.26485 6.53301 6.56420 6.62086 6.72914 6.51314 6.32453 6.27842 6.22721 6.03344 5.87328 5.67795 5.63518 5.64617 5.58407 5.50809 5.42410 5.45261 5.50540 5.56761 5.66225 5.63430 5.70444 5.67332 5.64658 5.46130 5.18045 4.76057 5.19537
4.16347 4.11498 4.21638 4.12834 4.26710 4.39802 4.13936 4.40999 4.96902 5.47705 5.64878 5.65680 5.54733 5.56561 5.54639 5.51628 5.37215 5.57419 5.54333 5.86520 6.00556 6.14462 6.16503 6.56531 6.43946 6.09761 6.11113 6.27012 6.17454 6.11294 5.95869 5.93990 5.85540 5.97506 5.82170 5.94130 6.21147 6.51971 6.53374 6.41003 6.59099 6.58690 6.56512 6.38759 6.20704 5.96927 5.74629 5.59933 5.56230 5.56602 5.54533 5.39440 5.39581 5.56021 5.76477 5.88210 5.98746 5.94984 5.81462 5.75355 5.72953 5.63314 5.20959 4.75366 4.71906 4.71632
4.20721 4.42579 4.12128 3.89824 4.23555 4.23963 4.42615 4.85447 5.41021 5.59639 5.69534 5.79401 5.80816 5.81916 5.73571 5.70046 5.62081 5.54363 5.58370 5.91201 6.08829 6.12878 6.18362 6.69502 6.82128 6.72481 6.61716 6.26014 6.36801 6.13798 6.14317 6.27559 5.92153 5.76184 5.83206 5.67165 5.95144 6.39179 6.31894 6.41540 6.54280 6.40685 6.20716 5.93957 5.68749 5.49562 5.46624 5.50434 5.66731 5.49878 5.42057 5.53633 5.71266 5.99704 6.29166 6.27021 6.20434 6.18510 6.00411 5.88874 5.89127 5.85323 5.48665 4.96999 4.72350 5.05453
4.45632 4.81560 4.69230 4.58511 4.32509 4.53152 4.87856 5.36388 5.55674 5.70430 5.84926 5.80265 5.78590 5.83245 5.84716 5.82187 5.78527 5.67496 5.71791 5.73375 5.99148 6.06348 5.95229 6.30371 6.51602 6.65258 6.70995 6.28320 6.38775 6.26096 6.16458 6.21230 6.22999 5.70827 5.54224 5.58982 5.72578 6.13940 6.22812 6.35461 6.52272 6.15263 5.81533 5.56987 5.40983 5.45957 5.63220 5.52156 5.48869 5.57759 5.65781 5.83883 6.15735 6.31967 6.39634 6.46145 6.34935 6.19086 5.98983 5.87838 5.93427 5.94221 5.84196 5.52425 5.31664 4.95327
4.73942 5.27224 5.28798 5.27242 4.98766 5.21226 5.43322 5.52000 5.61388 5.72184 5.80238 5.92069 5.86485 5.80228 5.84725 5.92019 5.95016 5.85146 5.68739 5.90365 6.12708 6.08763 5.73776 5.74706 5.95600 5.95662 6.22883 6.05407 6.23449 6.32340 6.37820 6.29770 5.93506 5.44882 5.41828 5.51522 5.69937 6.04304 6.11947 6.14284 6.26698 5.86901 5.59211 5.44166 5.44610 5.37576 5.48758 5.57536 5.70333 5.92114 6.09214 6.20121 6.33577 6.29129 6.38836 6.50520 6.51291 6.27774 5.87325 5.87553 6.01437 5.96100 5.93269 5.75419 5.46346 5.26921
5.27100 5.42184 5.39730 5.45404 5.55672 5.59032 5.62339 5.65720 5.70337 5.67998 5.63052 5.79260 5.80559 5.77038 5.80723 5.82594 5.71386 5.58446 5.59564 5.77034 5.84568 5.88976 5.83747 5.82226 5.99606 5.83517 5.71705 5.73391 5.81258 6.07042 6.30942 6.30141 5.97492 5.54124 5.21178 5.33124 5.40340 5.65085 5.82048 5.87230 5.99047 5.75574 5.48034 5.30174 5.26933 5.45380 5.71556 5.81644 6.15229 6.25221 6.28469 6.38065 6.34179 6.33892 6.27263 6.33312 6.27585 6.11434 5.81703 5.83038 5.87758 5.96968 5.94907 5.78750 5.38809 5.31345
5.42045 5.47450 5.50569 5.53764 5.62891 5.70904 5.70781 5.68149 5.70671 5.64604 5.58797 5.61165 5.76049 5.72434 5.71330 5.65762 5.42890 5.43101 5.39180 5.47860 5.62511 5.85142 5.97921 6.01930 6.31745 6.02913 5.81785 5.71639 5.71390 5.68949 5.80176 6.03384 5.98645 5.57165 5.37407 5.28055 5.46674 5.75134 5.87783 5.93389 5.93380 5.82407 5.61426 5.40208 5.32862 5.47134 5.54445 5.41289 5.62275 6.03085 6.16487 6.19194 6.21515 6.16348 5.98842 6.05414 5.97699 5.79584 5.77582 5.89027 5.92697 5.82047 5.73364 5.60991 5.34280 5.27756
5.50154 5.52877 5.58293 5.62200 5.71448 5.79263 5.76950 5.70590 5.71661 5.75949 5.62102 5.60778 5.76431 5.76031 5.71173 5.62100 5.39383 5.39607 5.36011 5.49546 5.62469 5.62309 5.96731 6.27837 6.40972 6.23570 5.96942 5.74186 5.61985 5.67876 5.54556 5.53917 5.60924 5.64721 5.68539 5.66098 5.75597 5.85101 5.85720 5.89720 5.84836 5.77722 5.71517 5.58371 5.51889 5.46549 5.24277 5.25154 5.11253 5.51182 5.84326 5.68974 5.83923 5.76122 5.74098 5.68829 5.70689 5.67765 5.80920 5.92247 5.74881 5.58945 5.53607 5.43540 5.29081 5.33591
5.63903 5.69809 5.70126 5.75980 5.80359 5.81388 5.78577 5.75775 5.69320 5.70725 5.62391 5.58378 5.72269 5.79050 5.71199 5.62823 5.50162 5.40757 5.53824 5.62932 5.51958 5.71638 6.19019 6.37922 6.24130 5.97625 5.69777 5.57502 5.42373 5.37167 5.35616 5.51606 5.64398 5.79962 5.95185 5.99704 5.98823 5.88429 5.87062 5.82262 5.81234 5.73223 5.66393 5.55542 5.43590 5.44938 5.32940 4.93376 5.13241 5.13726 5.47504 5.66329 5.56836 5.80232 5.62440 5.52797 5.63114 5.73157 5.88586 5.85054 5.61998 5.50962 5.44422 5.39623 5.42979 5.47472
5.65954 5.81229 5.82378 5.84202 5.84797 5.86865 5.81966 5.74193 5.64507 5.59840 5.60830 5.52667 5.50612 5.64449 5.77683 5.69258 5.56360 5.47267 5.63689 5.57370 5.63598 5.87631 6.20055 6.14506 5.88390 5.53322 5.48454 5.49750 5.41439 5.39890 5.50716 5.67738 5.79350 5.83712 5.86345 5.92310 5.96425 5.97720 5.94984 5.89280 5.91709 5.84196 5.76221 5.61349 5.40431 5.34331 5.34819 5.12357 4.86717 5.23183 5.38969 5.57765 5.73760 5.83630 5.64192 5.58287 5.55770 5.67918 5.75404 5.60655 5.53914 5.48242 5.44663 5.43696 5.52929 5.56610
5.65155 5.73934 5.71649 5.72857 5.70189 5.73071 5.75026 5.69083 5.67712 5.66505 5.68818 5.58578 5.47466 5.52382 5.68355 5.72079 5.58596 5.59593 5.53836 5.63120 5.56639 5.79667 5.99475 5.83671 5.49366 5.40796 5.54146 5.58959 5.58966 5.63779 5.75556 5.89793 5.98117 6.03952 6.10975 6.07794 6.15957 6.24325 6.19093 6.16384 6.12302 6.15083 6.13392 5.93106 5.58255 5.39266 5.34356 5.25848 5.01560 4.96826 5.00173 5.39585 5.67776 5.73152 5.58627 5.50379 5.52422 5.50486 5.51914 5.42123 5.47230 5.43108 5.54891 5.53971 5.51730 5.59897
5.54565 5.65892 5.66584 5.59771 5.58768 5.66518 5.68767 5.72658 5.70193 5.70825 5.67823 5.61063 5.54740 5.60060 5.61349 5.68593 5.66672 5.64811 5.64177 5.58726 5.65455 5.85710 5.88873 5.67825 5.41304 5.41569 5.57197 5.68051 5.75969 5.88056 5.95908 6.00506 6.15182 6.35173 6.38434 6.27752 6.49418 6.56803 6.58922 6.55389 6.42940 6.48829 6.46692 6.28138 5.93118 5.61538 5.49521 5.39987 5.13253 4.72358 4.87450 4.94547 5.45213 5.64878 5.62979 5.51472 5.41856 5.39158 5.44379 5.42522 5.37805 5.44096 5.49788 5.40361 5.54077 5.64547
5.41974 5.54441 5.61010 5.57497 5.53116 5.55656 5.61603 5.73405 5.79553 5.72743 5.61394 5.52896 5.52129 5.64325 5.64642 5.65876 5.68659 5.73091 5.76438 5.73329 5.69881 5.79316 5.83178 5.61184 5.38038 5.28762 5.38516 5.61172 5.89651 6.00726 6.07384 6.15043 6.22110 6.45617 6.37026 6.57793 6.75914 6.78723 6.80329 6.77440 6.70255 6.68663 6.61688 6.45373 6.21922 5.97637 5.78542 5.61032 5.35883 4.93679 4.65813 4.79054 5.34011 5.57695 5.56799 5.42188 5.34279 5.45075 5.45105 5.41928 5.38647 5.50876 5.49238 5.48384 5.56765 5.68312
5.21071 5.39639 5.48351 5.43887 5.40645 5.44072 5.54639 5.61168 5.68358 5.64612 5.59227 5.51609 5.46595 5.52352 5.56832 5.57447 5.63570 5.72651 5.80952 5.81553 5.75305 5.77900 5.84760 5.61522 5.47051 5.20816 5.23022 5.52735 5.86894 5.98822 6.11152 6.32837 6.47601 6.62579 6.63766 6.77202 6.85332 6.87040 6.87021 6.85439 6.82302 6.77454 6.70103 6.57640 6.38552 6.18964 6.02763 5.79751 5.50794 5.11261 4.66802 4.86635 5.04323 5.45426 5.55763 5.36489 5.39434 5.50473 5.56348 5.53146 5.39186 5.39226 5.40607 5.47174 5.57609 5.51133
5.09082 5.16589 5.28825 5.34423 5.30198 5.29492 5.42680 5.48103 5.50609 5.54683 5.50707 5.51528 5.51389 5.49732 5.50596 5.52438 5.53439 5.57713 5.68263 5.75610 5.74572 5.72625 5.71566 5.50170 5.39108 5.13983 5.19674 5.49849 5.79128 5.93977 6.07409 6.22014 6.42928 6.63566 6.74762 6.80418 6.84814 6.87553 6.88540 6.87719 6.85099 6.80774 6.74675 6.65772 6.51589 6.32453 6.15914 5.90574 5.60155 5.27958 4.80910 4.71751 5.08339 5.41328 5.50464 5.36548 5.48094 5.57719 5.50601 5.43333 5.28181 5.28753 5.30168 5.39021 5.56566 5.48944
4.81696 4.81327 4.92306 5.22427 5.21923 5.22817 5.28329 5.38980 5.45849 5.44140 5.54925 5.55556 5.56586 5.58210 5.50744 5.50327 5.54184 5.52088 5.55590 5.58536 5.64406 5.62815 5.49280 5.36686 5.09166 5.04588 5.29675 5.51882 5.76298 5.92553 6.07539 6.10753 6.24584 6.51917 6.67592 6.73865 6.79133 6.83039 6.85306 6.85552 6.83751 6.80185 6.74990 6.67985 6.57429 6.40909 6.17886 5.88441 5.61028 5.38889 5.05962 4.79781 5.05053 5.34236 5.49598 5.38269 5.43336 5.44738 5.31993 5.24838 5.08553 5.07103 5.23593 5.36749 5.43336 5.46410
4.55162 4.66843 4.73837 4.97419 5.08628 5.13867 5.14174 5.24462 5.37912 5.42079 5.52107 5.57669 5.58471 5.58986 5.52637 5.46713 5.50617 5.53319 5.55617 5.54145 5.55574 5.59630 5.43872 5.23657 4.99683 5.17816 5.38467 5.53204 5.74443 5.86314 5.93234 6.01502 6.13114 6.36938 6.49668 6.57529 6.64462 6.69806 6.73900 6.76158 6.76340 6.74651 6.70816 6.64757 6.55796 6.38990 6.12274 5.85328 5.60943 5.42513 5.16447 4.78601 4.83207 5.15120 5.42567 5.39108 5.36680 5.23616 5.20353 5.19488 4.92910 4.97598 5.22960 5.32997 5.40263 5.51161
4.23656 4.48356 4.63180 4.89498 5.00730 5.04541 5.10548 5.10473 5.20441 5.34885 5.41876 5.48300 5.57297 5.54604 5.54455 5.46756 5.44489 5.48099 5.53738 5.54781 5.55149 5.52686 5.39800 5.18173 4.95001 5.17226 5.37034 5.50473 5.64576 5.77330 5.83238 5.96379 6.03900 6.13620 6.19946 6.31994 6.40784 6.43520 6.54080 6.60966 6.62875 6.62752 6.60633 6.56234 6.48639 6.35083 6.12135 5.82283 5.55308 5.39878 5.09018 4.64680 4.72758 4.87110 5.32979 5.37584 5.38676 5.25425 5.27828 5.15513 4.81432 4.92575 5.24448 5.27226 5.43827 5.49697
3.97475 4.23273 4.50357 4.70584 4.80281 4.95097 5.08115 5.13637 5.18862 5.22502 5.32617 5.41140 5.45585 5.49316 5.51779 5.47161 5.42369 5.38019 5.41786 5.46340 5.51601 5.53021 5.42834 5.14774 4.88041 4.99593 5.17103 5.33915 5.45104 5.57090 5.66347 5.76230 5.74408 5.79408 5.86500 5.99498 6.07514 6.08005 6.23690 6.38601 6.45021 6.46400 6.45664 6.42864 6.37237 6.26710 6.06638 5.79448 5.53855 5.35532 5.01877 4.60889 4.73572 4.80679 5.32240 5.46349 5.48835 5.36522 5.27933 4.93644 4.69673 4.88845 5.24002 5.37616 5.50694 5.55952
