mrvbf_slope1_pctl1.4.asc
NCOLS 410
NROWS 410
XLLCORNER 2398750.0000000000000000
YLLCORNER 2548750.0000000000000000
CELLSIZE 250.0000000000000000
NODATA_VALUE -99999.00000
[rows 319 to 347 of 410, columns 132 to 197 of 410]
4.90957 4.92371 5.05548 5.13351 5.11769 4.99139 4.99231 5.00955 4.96666 4.94880 4.89639 4.89345 4.99025 4.96835 4.86795 4.78760 4.76028 4.75738 4.76641 4.79927 4.85593 4.83248 4.77696 4.78866 4.73462 4.67146 4.65865 4.65016 4.63949 4.64214 4.66107 4.68014 4.65824 4.61946 4.59574 4.60211 4.62370 4.58991 4.53568 4.51319 4.51560 4.48347 4.49084 4.48377 4.44532 4.43576 4.44969 4.48661 4.50755 4.50227 4.51435 4.54256 4.56397 4.56184 4.54343 4.52656 4.50109 4.46822 4.44557 4.42461 4.38413 4.35722 4.37240 4.41767 4.46183 4.48060
5.06603 5.00708 5.03094 5.06265 5.05856 4.98304 4.95089 5.02400 4.99731 5.01739 4.99994 4.94112 5.01779 4.98435 4.92467 4.86943 4.85154 4.85866 4.87485 4.82654 4.81241 4.83505 4.76416 4.74526 4.68506 4.62307 4.61952 4.63336 4.64118 4.66673 4.68355 4.67396 4.64086 4.60286 4.59505 4.65338 4.68273 4.62728 4.58346 4.58140 4.57811 4.54750 4.49471 4.48650 4.49779 4.50312 4.50792 4.50913 4.50965 4.51737 4.53362 4.55302 4.56110 4.54575 4.52339 4.50856 4.48928 4.45952 4.43940 4.42465 4.39187 4.38190 4.41751 4.46970 4.49300 4.49466
5.12238 5.14606 5.12544 5.13504 5.15289 5.11292 5.04053 5.12522 5.05551 5.03230 5.11993 5.04703 5.07254 5.03413 4.96602 4.92369 4.91319 4.89336 4.83822 4.82879 4.80762 4.75835 4.75025 4.69787 4.63254 4.59799 4.61970 4.66303 4.68734 4.71150 4.70832 4.67775 4.64540 4.63273 4.64703 4.66757 4.70752 4.66696 4.61569 4.59471 4.57957 4.57126 4.54715 4.52559 4.52615 4.51022 4.49753 4.50118 4.51384 4.53102 4.54301 4.54420 4.53716 4.52117 4.50618 4.50121 4.49456 4.46945 4.44027 4.41979 4.40623 4.42266 4.46872 4.48945 4.48798 4.50630
5.13290 5.28367 5.29690 5.29005 5.28494 5.17740 5.07264 5.14013 5.13434 5.03190 5.09039 5.08446 5.12806 5.07991 4.97473 4.92234 4.90603 4.87346 4.80375 4.80422 4.87223 4.77005 4.72592 4.65766 4.61250 4.62158 4.65727 4.68926 4.70807 4.73103 4.72274 4.69432 4.68207 4.67732 4.67070 4.70043 4.72856 4.70094 4.65140 4.62346 4.58874 4.55946 4.54787 4.53315 4.51186 4.49442 4.48768 4.49743 4.50978 4.52422 4.53765 4.53355 4.51000 4.49000 4.48889 4.49640 4.49538 4.47862 4.45155 4.43363 4.44625 4.47545 4.50983 4.49457 4.51221 4.53343
5.19853 5.29761 5.34355 5.33021 5.31825 5.21367 5.05154 5.05149 5.11330 5.05849 5.10079 5.10356 5.18384 5.14521 4.99536 4.91458 4.88732 4.82296 4.78408 4.85962 4.91779 4.76780 4.67336 4.64221 4.65222 4.68761 4.69127 4.68132 4.68270 4.69051 4.69329 4.69409 4.70820 4.71815 4.71026 4.73685 4.73138 4.68070 4.61727 4.58926 4.57555 4.55339 4.53784 4.53450 4.52041 4.49875 4.49006 4.48687 4.48998 4.49427 4.49535 4.49094 4.45992 4.44280 4.46579 4.49048 4.48820 4.47955 4.47939 4.49212 4.50840 4.50500 4.50470 4.49877 4.52255 4.52148
5.24747 5.32695 5.36001 5.30063 5.27856 5.25836 5.09860 4.97442 4.96744 5.00039 5.08684 5.08404 5.16395 5.19456 5.07403 4.95844 4.93184 4.88931 4.88074 4.94528 4.89594 4.73371 4.64872 4.65502 4.70763 4.73203 4.72801 4.70913 4.68795 4.65892 4.64769 4.65497 4.67309 4.68613 4.68797 4.71653 4.71407 4.65569 4.59086 4.57788 4.57424 4.54565 4.52233 4.53302 4.52442 4.49636 4.47809 4.47026 4.47029 4.46203 4.44383 4.41627 4.38280 4.39313 4.44355 4.48322 4.49549 4.50240 4.51395 4.51070 4.51418 4.50840 4.49741 4.50818 4.51570 4.46876
5.25825 5.33597 5.35137 5.26787 5.22925 5.23851 5.16682 5.01888 4.95079 4.97547 5.00159 4.93514 4.99323 5.11931 5.11944 5.02222 5.00449 5.00136 4.95846 4.88643 4.80279 4.68902 4.63718 4.66846 4.73768 4.76923 4.78928 4.77668 4.72469 4.65346 4.62762 4.62561 4.62931 4.65371 4.64451 4.64586 4.66870 4.64850 4.58870 4.54486 4.53806 4.51240 4.51409 4.52497 4.50382 4.48097 4.46794 4.46417 4.45877 4.44694 4.42522 4.39126 4.37845 4.41485 4.46339 4.49991 4.52285 4.53217 4.53361 4.52607 4.53221 4.52535 4.49925 4.48876 4.47288 4.38960
5.11206 5.21223 5.26127 5.21208 5.17317 5.14194 5.08725 5.02651 5.00692 4.96928 4.91275 4.78678 4.76535 4.91681 5.02870 4.97531 4.96609 4.93864 4.85333 4.76077 4.70388 4.65126 4.63762 4.67480 4.72952 4.74874 4.76727 4.78449 4.75782 4.67245 4.60430 4.58159 4.58201 4.61071 4.62865 4.59934 4.59129 4.59187 4.58039 4.53081 4.49199 4.48654 4.50545 4.49948 4.48675 4.47634 4.46617 4.45810 4.44658 4.43652 4.43333 4.43738 4.45303 4.47248 4.48529 4.52467 4.54344 4.53453 4.51804 4.49700 4.49688 4.47839 4.42723 4.37267 4.34357 4.30769
4.85195 4.96356 5.09584 5.13331 5.09940 5.02372 4.93459 4.88635 4.88175 4.88401 4.78938 4.69188 4.64438 4.72249 4.90378 4.90083 4.88324 4.84646 4.74756 4.69196 4.66603 4.64967 4.65256 4.67844 4.71143 4.71974 4.72319 4.73752 4.75869 4.72312 4.64248 4.57330 4.52847 4.54248 4.57207 4.57235 4.56040 4.53828 4.53034 4.50185 4.46759 4.47839 4.49018 4.48207 4.48541 4.47730 4.45338 4.43059 4.41497 4.41712 4.44570 4.48187 4.48714 4.49411 4.52490 4.55349 4.55204 4.52324 4.47685 4.44419 4.37898 4.33230 4.30201 4.24636 4.19663 4.24124
4.80170 4.85618 4.98344 5.03989 4.94418 4.82194 4.74281 4.71176 4.70412 4.75015 4.72221 4.66779 4.61814 4.63293 4.80354 4.82031 4.79342 4.76299 4.69024 4.66511 4.66750 4.67008 4.67307 4.68654 4.70707 4.71832 4.71275 4.69971 4.72065 4.73903 4.69852 4.63181 4.55479 4.51654 4.53317 4.53197 4.52597 4.52493 4.51751 4.49261 4.47930 4.47734 4.47538 4.47984 4.47643 4.45236 4.40784 4.37526 4.37319 4.40824 4.45707 4.48007 4.50288 4.53853 4.54719 4.54703 4.54017 4.51000 4.43883 4.34445 4.24945 4.25020 4.30964 4.29485 4.25061 4.23299
4.85013 4.87210 4.97287 4.96353 4.77858 4.67095 4.64009 4.64979 4.67382 4.70975 4.74578 4.69963 4.62491 4.60250 4.70878 4.72128 4.69484 4.66509 4.63688 4.64546 4.67481 4.69365 4.69128 4.68377 4.68489 4.70535 4.69203 4.66046 4.67018 4.68674 4.66400 4.61721 4.55690 4.51028 4.49489 4.48084 4.48960 4.51595 4.50377 4.47766 4.47938 4.49218 4.49010 4.46539 4.43300 4.37385 4.30904 4.30047 4.35330 4.43225 4.47590 4.46741 4.50190 4.53029 4.49856 4.48913 4.50410 4.47816 4.37211 4.24434 4.26161 4.31482 4.32551 4.31469 4.28317 4.32688
4.82313 4.88206 4.97049 4.83134 4.66872 4.61944 4.62258 4.65120 4.66449 4.69493 4.75299 4.71750 4.65805 4.58213 4.62282 4.63744 4.61212 4.59582 4.60468 4.63878 4.68295 4.71311 4.69255 4.66438 4.67555 4.70508 4.67893 4.62567 4.59565 4.58904 4.57292 4.54103 4.50037 4.46841 4.45360 4.45307 4.48132 4.50946 4.48095 4.46177 4.47343 4.50204 4.48794 4.44302 4.38907 4.27629 4.19834 4.26388 4.37359 4.43556 4.44114 4.47662 4.51894 4.48675 4.44308 4.42633 4.44095 4.42719 4.30679 4.23824 4.33168 4.31347 4.34982 4.36068 4.32954 4.30472
4.77782 4.86344 4.94384 4.73943 4.62412 4.61733 4.65781 4.67491 4.62381 4.63565 4.70626 4.68446 4.66451 4.60211 4.61115 4.64443 4.61423 4.60069 4.61387 4.64439 4.67926 4.71516 4.70700 4.65884 4.64239 4.64409 4.63704 4.62437 4.57703 4.54372 4.52400 4.50206 4.48103 4.46686 4.45173 4.45979 4.50012 4.51649 4.48887 4.47855 4.48125 4.48951 4.43768 4.37041 4.30785 4.23287 4.21529 4.30998 4.38569 4.39326 4.45192 4.50396 4.50448 4.45231 4.42683 4.40149 4.39232 4.34096 4.20901 4.23752 4.35227 4.34022 4.35214 4.24269 4.16600 4.15565
4.75782 4.86589 4.94622 4.71843 4.62078 4.64183 4.74837 4.79848 4.67442 4.60620 4.65462 4.67771 4.66186 4.64752 4.62654 4.67017 4.61976 4.62149 4.64816 4.65684 4.65305 4.67153 4.71144 4.69489 4.65545 4.63570 4.60392 4.57072 4.56414 4.55374 4.53811 4.51615 4.49528 4.48058 4.46114 4.48174 4.51698 4.51743 4.50044 4.49488 4.48686 4.47729 4.38411 4.31830 4.31600 4.31936 4.34037 4.36102 4.37066 4.43134 4.48026 4.45022 4.43507 4.43330 4.43330 4.38876 4.34454 4.15275 4.08770 4.23206 4.31327 4.31229 4.29381 4.14891 4.12472 4.12054
4.74085 4.88448 4.98088 4.72713 4.62180 4.65511 4.78531 4.81656 4.76205 4.67189 4.66118 4.74162 4.69183 4.69437 4.62769 4.63320 4.60323 4.60912 4.66200 4.66595 4.61734 4.60561 4.64269 4.69262 4.69198 4.66238 4.60296 4.53629 4.52948 4.56245 4.56530 4.53598 4.50573 4.48914 4.47169 4.48361 4.50129 4.51027 4.49581 4.48702 4.47961 4.44299 4.31775 4.29569 4.37733 4.40168 4.42508 4.43475 4.43732 4.47137 4.43248 4.39083 4.40421 4.41418 4.39845 4.33685 4.22132 4.05221 4.17610 4.27856 4.26930 4.27007 4.28435 4.09433 4.11140 4.20028
4.75145 4.92942 5.03697 4.75753 4.61631 4.64833 4.80179 4.80755 4.78930 4.77154 4.70675 4.77557 4.70264 4.69152 4.63131 4.59799 4.58222 4.61343 4.66836 4.65323 4.59140 4.56878 4.57387 4.60783 4.62256 4.59735 4.54138 4.49421 4.52810 4.57718 4.57757 4.53086 4.49508 4.48102 4.46210 4.45914 4.46451 4.47013 4.46220 4.43598 4.41241 4.36714 4.27207 4.31060 4.39717 4.40611 4.40194 4.42829 4.43484 4.44248 4.38272 4.38617 4.35156 4.32527 4.34303 4.34864 4.27605 4.14906 4.13128 4.16470 4.22816 4.23621 4.28874 4.07716 4.03514 4.13898
4.73342 4.89770 5.03500 4.78744 4.62203 4.64216 4.80002 4.83810 4.83923 4.80463 4.75688 4.80648 4.70167 4.68971 4.68601 4.63873 4.62446 4.65122 4.65571 4.63181 4.61046 4.58634 4.56600 4.55971 4.55459 4.53326 4.50400 4.51167 4.56281 4.58180 4.58105 4.53915 4.47350 4.44033 4.43482 4.44048 4.45480 4.44336 4.41509 4.38564 4.35908 4.30875 4.29799 4.36484 4.40687 4.41717 4.39640 4.39625 4.42120 4.39941 4.33969 4.33389 4.25770 4.25422 4.32961 4.34755 4.33060 4.21703 4.14715 4.09371 4.13802 4.16537 4.21596 4.13086 4.01300 4.01795
4.67642 4.78208 4.94278 4.77470 4.63016 4.65344 4.82000 4.84825 4.87659 4.86081 4.83647 4.83179 4.73474 4.67082 4.69253 4.70164 4.69991 4.71744 4.67663 4.66683 4.64074 4.65001 4.61308 4.56623 4.53569 4.52209 4.52304 4.54816 4.57630 4.57871 4.57201 4.54296 4.47654 4.40835 4.40358 4.41458 4.43809 4.44235 4.40182 4.37429 4.36135 4.33735 4.34348 4.36642 4.39231 4.39930 4.38350 4.37042 4.38051 4.37182 4.31933 4.26378 4.26781 4.26115 4.28389 4.31075 4.23370 4.11528 4.11137 4.02389 4.00450 4.06506 4.10612 4.18716 4.10355 4.02839
4.65105 4.69328 4.77633 4.69634 4.61897 4.65414 4.79563 4.83614 4.83076 4.80095 4.80904 4.78439 4.71507 4.67426 4.70227 4.72672 4.71912 4.72325 4.72014 4.70657 4.70080 4.68776 4.64593 4.59118 4.55781 4.54874 4.55337 4.56166 4.55438 4.54225 4.53146 4.50047 4.42762 4.38803 4.41751 4.40004 4.40726 4.42244 4.38630 4.36783 4.37313 4.36622 4.35323 4.33805 4.34461 4.32766 4.27711 4.26547 4.30207 4.34487 4.32304 4.24402 4.17302 4.20043 4.27426 4.26088 4.10030 4.02626 4.00911 3.88647 3.88523 3.91670 3.95342 4.11878 4.05321 3.82811
4.65370 4.69428 4.71664 4.66348 4.64144 4.69054 4.83836 4.92608 4.87109 4.78031 4.79306 4.75720 4.69547 4.70715 4.76110 4.76533 4.72358 4.69790 4.69399 4.69247 4.68025 4.66188 4.62723 4.59549 4.58945 4.58541 4.58009 4.56819 4.53811 4.50197 4.47597 4.43958 4.38759 4.40891 4.41550 4.38363 4.39828 4.40051 4.35327 4.32878 4.33816 4.33914 4.33262 4.34108 4.32106 4.27784 4.22191 4.22764 4.19952 4.25317 4.31743 4.28326 4.22157 4.21676 4.24961 4.24561 4.09894 3.99654 4.00882 3.91697 3.95826 3.85973 3.84565 4.01945 3.82427 3.70656
4.65180 4.75806 4.79998 4.75933 4.72557 4.76292 4.87405 4.84193 4.78797 4.79314 4.82795 4.77332 4.74695 4.77583 4.79198 4.80236 4.76037 4.71319 4.69411 4.67377 4.64156 4.63010 4.60459 4.57113 4.56543 4.57820 4.57884 4.55774 4.52225 4.48502 4.44936 4.41398 4.41622 4.44137 4.41415 4.38533 4.38906 4.37325 4.31581 4.25550 4.24287 4.25580 4.27196 4.29383 4.29108 4.23251 4.14875 4.16745 4.15523 4.11327 4.18338 4.12234 4.12516 4.12911 4.23246 4.20713 4.16864 4.02728 3.91351 3.89321 4.03187 3.86487 3.86385 3.85636 3.75027 3.78893
4.64576 4.79813 4.90879 4.81748 4.71872 4.75185 4.85915 4.80640 4.80352 4.84166 4.82538 4.76458 4.75306 4.79047 4.81249 4.80631 4.75898 4.69675 4.66850 4.62908 4.58672 4.59278 4.59819 4.56278 4.54143 4.54956 4.55372 4.53372 4.49874 4.47084 4.44439 4.41474 4.43703 4.44159 4.40087 4.38089 4.37566 4.35086 4.29718 4.22111 4.17342 4.17972 4.22619 4.26267 4.26096 4.20318 4.06877 4.00847 4.09045 4.07677 4.09859 4.13782 4.12473 4.14094 4.14081 4.13465 4.12015 4.07533 3.90906 3.84429 3.98359 3.90131 3.83411 3.84382 3.85970 3.84996
4.64764 4.73506 4.90332 4.89416 4.72224 4.70272 4.81635 4.77880 4.72155 4.71024 4.71484 4.71343 4.72838 4.77664 4.79676 4.76195 4.68208 4.62668 4.60685 4.57885 4.54490 4.53668 4.55304 4.53177 4.49987 4.50628 4.51142 4.49627 4.47542 4.44293 4.41267 4.40379 4.40858 4.41656 4.35935 4.32583 4.29978 4.25111 4.15789 4.04885 3.98390 4.02241 4.14296 4.23785 4.26157 4.21859 4.04040 3.87679 3.99409 4.08163 4.06323 4.11684 4.13031 4.09358 4.02563 3.99998 4.05324 4.06832 3.89779 3.81145 3.87127 3.95156 3.89460 3.92647 3.98051 3.94856
4.63635 4.63936 4.75538 4.90110 4.74989 4.66572 4.73635 4.77291 4.72742 4.69325 4.69737 4.69879 4.69420 4.71883 4.75137 4.69842 4.61399 4.57265 4.55196 4.55557 4.53846 4.50802 4.49314 4.44776 4.43073 4.46254 4.46250 4.43926 4.44572 4.42074 4.39169 4.39317 4.38061 4.37453 4.29501 4.22327 4.14129 3.94372 3.74341 3.63765 3.63161 3.71873 3.88605 4.06966 4.18869 4.17729 3.94711 3.78440 3.92263 4.04715 4.01371 3.99001 4.00834 3.95958 3.93444 3.95481 3.99813 4.02033 3.96640 3.87644 3.80969 3.91422 4.00825 4.01405 3.98859 3.95510
4.64823 4.62063 4.65379 4.81520 4.78762 4.66235 4.66926 4.74550 4.79890 4.79329 4.78179 4.74739 4.69716 4.65553 4.68394 4.64382 4.56124 4.53020 4.51916 4.51815 4.50857 4.49147 4.45613 4.40908 4.42883 4.46160 4.45890 4.42169 4.41041 4.41968 4.40697 4.36856 4.33247 4.31308 4.22068 4.05497 3.84036 3.60761 3.46672 3.38841 3.41823 3.51312 3.62248 3.77398 3.98113 4.05721 3.84638 3.71235 3.83049 3.98658 3.98261 3.91032 3.87653 3.86279 3.87919 3.89909 3.92693 4.00483 3.94808 3.88212 3.82321 3.84100 3.92030 4.00572 4.03816 3.99914
4.64829 4.60569 4.61153 4.74787 4.80480 4.66572 4.63477 4.71735 4.80548 4.78385 4.78036 4.72606 4.68410 4.61924 4.61316 4.59229 4.52992 4.52398 4.54644 4.50911 4.50396 4.49006 4.47275 4.47076 4.49798 4.48792 4.47778 4.43933 4.37648 4.40346 4.39432 4.29963 4.17898 4.13954 4.09485 3.85240 3.58374 3.37445 3.19686 3.11704 3.20855 3.36236 3.46375 3.57012 3.72768 3.84553 3.73034 3.64728 3.73361 3.89585 3.95361 3.93695 3.88439 3.85344 3.84752 3.79759 3.81194 3.90567 3.84556 3.81530 3.86689 3.86077 3.86155 3.91285 3.98753 4.02413
4.65240 4.57963 4.56810 4.67354 4.77574 4.65265 4.62122 4.71150 4.75657 4.76106 4.78191 4.69475 4.64141 4.63008 4.59215 4.56708 4.54053 4.55995 4.55913 4.53364 4.51332 4.52067 4.50737 4.49574 4.48732 4.50087 4.47887 4.40465 4.38832 4.34037 4.28538 4.12871 4.06283 3.97941 3.90574 3.66435 3.36957 2.98537 2.92241 3.06854 3.20539 3.25555 3.34126 3.46670 3.59485 3.66335 3.59806 3.58645 3.68761 3.81884 3.89275 3.93811 3.90426 3.86914 3.84491 3.75653 3.69800 3.70248 3.68032 3.73282 3.81298 3.85655 3.91078 3.91225 3.96888 4.02874
4.68828 4.58097 4.54499 4.62171 4.72121 4.64947 4.64316 4.72627 4.75169 4.77960 4.80495 4.71843 4.62661 4.63908 4.62530 4.59365 4.58565 4.60100 4.58529 4.54059 4.49871 4.50654 4.49294 4.48961 4.46332 4.46092 4.44573 4.38916 4.32100 4.32465 4.19445 4.05505 4.07421 3.92549 3.80625 3.52363 3.04902 2.68293 2.96113 3.32894 3.47391 3.38035 3.31710 3.43817 3.57292 3.62205 3.58029 3.61027 3.70800 3.78279 3.82005 3.85969 3.86769 3.86532 3.83209 3.81312 3.72247 3.66339 3.67143 3.72344 3.74414 3.78816 3.86126 3.90617 3.96326 3.99570
4.69133 4.58029 4.55533 4.62979 4.70015 4.65928 4.67665 4.75271 4.76046 4.77735 4.78709 4.70527 4.61535 4.62859 4.64337 4.61375 4.60424 4.62070 4.60468 4.55155 4.50777 4.48583 4.48527 4.48380 4.44852 4.41334 4.38823 4.34798 4.29280 4.26747 4.09443 3.95060 3.90545 3.78221 3.65317 3.36647 2.71825 2.60469 3.26586 3.50724 3.53799 3.51173 3.39362 3.47029 3.61153 3.67435 3.64536 3.68961 3.77971 3.81209 3.81784 3.82770 3.83673 3.85645 3.84236 3.77974 3.73828 3.71381 3.73718 3.75610 3.74100 3.75361 3.78786 3.83161 3.88770 3.93074
