mrvbf_slope0.9_pctl0.8.asc
NCOLS 410
NROWS 410
XLLCORNER 2398750.0000000000000000
YLLCORNER 2548750.0000000000000000
CELLSIZE 250.0000000000000000
NODATA_VALUE -99999.00000
[rows 174 to 202 of 410, columns 132 to 197 of 410]
2.52229 5.16714 5.85954 6.40117 6.46757 6.36848 6.24421 6.00377 6.09423 6.86216 7.29668 7.36124 7.25247 7.22506 7.25362 7.12772 7.22856 7.42487 7.48915 7.44337 7.32790 7.31969 7.37986 7.43370 7.46696 7.48288 7.47625 7.37719 7.32747 7.41309 7.43476 7.43233 7.46358 7.39140 7.29215 7.31166 7.42305 7.50091 7.53378 7.54069 7.53239 7.51472 7.42843 7.29909 7.29055 7.33651 7.31175 7.25038 7.23588 7.25693 7.27428 7.25593 7.24432 7.38980 7.40185 7.33598 7.39216 7.47536 7.51179 7.52049 7.54396 7.51823 7.50959 7.47253 7.43555 7.44988
2.94417 5.42267 5.99236 6.38556 6.40375 6.42782 6.56003 6.25446 6.03063 6.63738 7.25699 7.35921 7.26562 7.24959 7.33747 7.18424 7.14367 7.35059 7.46708 7.47657 7.41838 7.36054 7.34170 7.36474 7.42245 7.42413 7.39948 7.33301 7.40212 7.45147 7.45523 7.44963 7.46582 7.37551 7.27797 7.34009 7.45865 7.51568 7.52333 7.51040 7.50051 7.48406 7.37887 7.25642 7.30446 7.38483 7.38747 7.36383 7.38568 7.41981 7.42662 7.38384 7.32372 7.37357 7.33370 7.35370 7.37672 7.45170 7.51942 7.52818 7.53815 7.52224 7.51673 7.48725 7.44221 7.38247
3.89329 5.42835 5.89951 6.33656 6.39452 6.46478 6.62117 6.27734 6.01868 6.59960 7.24640 7.35451 7.25700 7.25092 7.36449 7.25078 7.13936 7.26693 7.39670 7.41637 7.41056 7.42394 7.38414 7.24926 7.23494 7.33634 7.38058 7.39794 7.46741 7.46471 7.46753 7.44368 7.45715 7.39535 7.31933 7.35235 7.44674 7.48542 7.46097 7.41648 7.39527 7.40296 7.31360 7.27530 7.37078 7.41421 7.38017 7.34825 7.41983 7.49007 7.47279 7.40614 7.39711 7.46182 7.43978 7.46993 7.42328 7.47046 7.52970 7.52861 7.52158 7.51514 7.51562 7.49776 7.48727 7.42939
4.90506 5.37790 5.74736 6.27918 6.41308 6.40962 6.38116 6.05985 6.01138 6.74923 7.26410 7.33607 7.22101 7.24514 7.32626 7.25033 7.21441 7.30207 7.36279 7.35652 7.36378 7.40707 7.40438 7.14820 7.08529 7.30192 7.41484 7.43046 7.46694 7.45801 7.47476 7.43820 7.43729 7.40277 7.38360 7.39603 7.42256 7.42604 7.37470 7.31209 7.23948 7.25319 7.24839 7.31524 7.42390 7.46115 7.42239 7.32722 7.38944 7.49530 7.46508 7.37838 7.39002 7.45585 7.43346 7.47709 7.44370 7.49404 7.52161 7.49818 7.47779 7.46772 7.49806 7.49975 7.49611 7.47231
5.25925 5.43965 5.70184 6.12687 6.33088 6.31015 6.20474 5.99921 6.31409 7.04857 7.28383 7.28362 7.19740 7.27420 7.26252 7.20497 7.27415 7.36986 7.38168 7.37519 7.36936 7.38499 7.42974 7.33463 7.07836 7.16826 7.31763 7.37718 7.42311 7.43722 7.47018 7.43803 7.41525 7.42265 7.45506 7.46854 7.44566 7.41549 7.37507 7.34748 7.31110 7.25789 7.29333 7.38690 7.45757 7.47580 7.46994 7.36549 7.35527 7.47802 7.45950 7.37770 7.41315 7.47323 7.43649 7.44654 7.45863 7.51159 7.51043 7.46590 7.47559 7.45264 7.47888 7.50799 7.51109 7.48013
5.16377 5.42480 5.69524 6.03106 6.26325 6.35153 6.36672 6.31812 6.65125 7.10100 7.21286 7.15187 7.14614 7.29943 7.28132 7.23402 7.28858 7.37368 7.40273 7.38524 7.38196 7.40472 7.41395 7.39892 7.34194 7.27606 7.28723 7.35436 7.40848 7.44748 7.48722 7.48110 7.46652 7.47791 7.49608 7.49630 7.47239 7.44662 7.43014 7.39701 7.36736 7.35189 7.37896 7.44747 7.46956 7.49730 7.50048 7.42012 7.35040 7.45355 7.46884 7.39064 7.40565 7.48169 7.47856 7.46433 7.50211 7.53877 7.52226 7.46476 7.45779 7.48721 7.49653 7.51832 7.51760 7.47681
4.78235 5.37998 5.64732 5.82205 5.98052 6.16729 6.36354 6.35953 6.49618 6.84978 6.93042 6.88694 7.04721 7.25148 7.27646 7.23204 7.23258 7.33712 7.42441 7.43269 7.40637 7.37659 7.33560 7.32169 7.33577 7.33820 7.32721 7.38140 7.43843 7.47286 7.48921 7.48119 7.47029 7.48249 7.48580 7.46168 7.43565 7.43449 7.43816 7.40714 7.33006 7.32456 7.39018 7.43099 7.47430 7.52078 7.51523 7.44837 7.35235 7.41607 7.46809 7.38145 7.35482 7.45199 7.50255 7.50671 7.52854 7.54140 7.52890 7.48452 7.46522 7.50154 7.51002 7.52442 7.52078 7.48368
4.58202 4.81741 5.39564 5.62004 5.75654 5.91208 6.13992 6.26891 6.36603 6.63089 6.74435 6.86772 7.08400 7.13189 7.12085 7.10517 7.20584 7.34759 7.40605 7.38457 7.32222 7.28030 7.27986 7.28641 7.29476 7.29574 7.32407 7.36968 7.43703 7.43512 7.38881 7.29525 7.23098 7.33029 7.39221 7.39729 7.39654 7.40626 7.36567 7.24662 7.16418 7.31542 7.40543 7.39660 7.45163 7.51770 7.49779 7.38719 7.28338 7.39670 7.46977 7.36952 7.26823 7.38979 7.47633 7.47411 7.48573 7.50211 7.49467 7.44785 7.43686 7.48002 7.49537 7.51481 7.51082 7.46873
5.27327 4.97688 5.36026 5.69776 5.95925 6.07630 6.20760 6.37549 6.53503 6.76535 6.88711 7.01874 7.08512 6.93914 6.92578 7.09729 7.26574 7.32610 7.27891 7.20425 7.18268 7.25639 7.32326 7.35040 7.32747 7.29906 7.31025 7.36855 7.38869 7.32022 7.20470 7.08242 7.08971 7.15960 7.31912 7.41189 7.44087 7.42899 7.32907 7.20544 7.27908 7.41831 7.43508 7.39649 7.42983 7.49405 7.44022 7.30182 7.31555 7.43174 7.48071 7.40919 7.22836 7.28249 7.39198 7.40842 7.42977 7.45653 7.45375 7.41223 7.43356 7.45438 7.46229 7.48900 7.47296 7.38060
5.33303 5.24351 5.33436 5.65215 6.00578 6.22863 6.31955 6.41676 6.66847 6.94692 6.97780 7.01266 6.92614 6.80596 6.98538 7.14596 7.13689 7.04399 6.96330 7.00712 7.15680 7.30354 7.36717 7.35055 7.30666 7.32075 7.35689 7.35237 7.32763 7.26049 7.23175 7.26562 7.31302 7.28926 7.33381 7.41225 7.43347 7.41662 7.36372 7.32509 7.31243 7.35040 7.37120 7.38389 7.45291 7.50182 7.43425 7.32066 7.33547 7.36336 7.38658 7.41539 7.35394 7.25273 7.28367 7.35186 7.40136 7.44420 7.46591 7.44731 7.47473 7.46187 7.45131 7.46541 7.40050 7.25942
5.26477 5.23887 5.26291 5.62944 6.09448 6.31130 6.32088 6.37554 6.69798 6.91824 6.85212 6.81691 6.59047 6.68905 7.10361 7.04761 6.78074 6.68453 6.78695 6.96851 7.14620 7.28202 7.33175 7.25305 7.23593 7.28492 7.30544 7.30754 7.30037 7.29369 7.33725 7.36278 7.37050 7.38134 7.37187 7.37592 7.38892 7.40676 7.42775 7.40032 7.36555 7.40652 7.42983 7.44695 7.50278 7.52329 7.48111 7.39566 7.36703 7.36012 7.34868 7.36763 7.43949 7.36629 7.28485 7.31616 7.37005 7.43241 7.48759 7.47276 7.48908 7.47241 7.45753 7.44786 7.33676 7.25640
5.02539 4.99746 5.27300 5.69370 6.05811 6.18622 6.20455 6.24787 6.59758 6.78364 6.65320 6.69450 6.25314 6.55830 7.06204 6.88551 6.73665 6.85092 6.95623 7.02175 7.07931 7.20339 7.19040 7.09452 7.22174 7.29299 7.28799 7.32321 7.31199 7.33563 7.39236 7.41865 7.42928 7.43979 7.40951 7.34842 7.34407 7.39745 7.44070 7.44137 7.44743 7.47548 7.47947 7.47765 7.50624 7.52190 7.50459 7.46069 7.44768 7.44734 7.43162 7.36092 7.37107 7.40290 7.38145 7.33400 7.32225 7.41205 7.48487 7.47440 7.49091 7.46637 7.45408 7.40921 7.29129 7.29556
4.09595 4.77678 5.35378 5.77298 6.01862 6.21816 6.18655 6.18026 6.48277 6.74795 6.60199 6.54015 6.20283 6.71631 7.09311 6.82561 6.78546 7.09202 7.18581 7.11089 7.04915 7.12792 6.99577 7.07135 7.25999 7.33118 7.36019 7.35263 7.33044 7.33088 7.36696 7.40039 7.44301 7.44875 7.41566 7.39362 7.40209 7.42373 7.44661 7.43652 7.40268 7.39170 7.37327 7.36349 7.42612 7.48193 7.46425 7.41410 7.43350 7.44628 7.44463 7.36401 7.29605 7.29596 7.32096 7.25614 7.23461 7.40850 7.45846 7.45263 7.47297 7.43849 7.44524 7.35827 7.25475 7.32714
3.34998 4.79370 5.46496 5.89258 6.08927 6.26792 6.19750 6.17992 6.47171 6.83552 6.72100 6.55389 6.42952 6.88796 7.16746 6.89754 6.68948 7.00646 7.24577 7.21497 7.10413 7.00169 6.99148 7.20149 7.27156 7.32947 7.37274 7.33568 7.25859 7.24188 7.31898 7.36229 7.41551 7.44404 7.42432 7.43744 7.44382 7.43777 7.46075 7.45467 7.39011 7.31630 7.29501 7.29425 7.31122 7.39335 7.37110 7.36794 7.44522 7.44003 7.45723 7.43178 7.34266 7.25598 7.17932 7.18485 7.35457 7.47818 7.48398 7.44391 7.42725 7.42871 7.44426 7.32824 7.17142 7.29093
3.37384 5.10748 5.60457 5.93318 6.13495 6.31795 6.17794 6.13643 6.42774 6.81961 6.87804 6.80242 6.60572 6.79860 7.13625 6.98569 6.65858 6.89021 7.20977 7.27750 7.21601 7.09505 7.16841 7.24977 7.24846 7.32724 7.35379 7.25100 7.08356 7.15921 7.30512 7.32811 7.38696 7.43899 7.43332 7.45556 7.43889 7.44250 7.46452 7.43096 7.37522 7.36894 7.37725 7.33287 7.33013 7.34350 7.29914 7.35715 7.38498 7.43951 7.49006 7.49189 7.46200 7.42792 7.36901 7.39267 7.47692 7.50611 7.49186 7.44833 7.41870 7.44572 7.44698 7.37271 7.17038 7.19465
3.63331 5.24086 5.65785 5.91588 6.13890 6.26351 6.11030 6.06096 6.33378 6.74750 6.89744 6.88808 6.66225 6.60792 6.93765 6.87261 6.58196 6.85809 7.11759 7.17939 7.19722 7.21855 7.25139 7.20986 7.20964 7.28536 7.22506 6.94300 6.84100 7.16444 7.30123 7.29046 7.35929 7.43372 7.42810 7.45521 7.43070 7.45047 7.46277 7.39943 7.36033 7.40917 7.37160 7.34261 7.35551 7.26537 7.23190 7.26652 7.31569 7.45328 7.50083 7.50852 7.50271 7.49437 7.48431 7.48878 7.48952 7.45086 7.38784 7.32589 7.33192 7.37690 7.34030 7.21867 7.06430 7.18816
4.47030 5.38178 5.74851 6.03079 6.20429 6.19659 6.01766 5.95682 6.19220 6.61588 6.77189 6.77820 6.65171 6.47084 6.67632 6.64591 6.67584 6.88466 6.95356 6.96390 6.96670 7.08600 7.25108 7.20090 7.13830 7.15817 7.03956 6.84532 7.07087 7.24372 7.22360 7.23605 7.36349 7.43630 7.41647 7.41376 7.41767 7.44395 7.44308 7.37496 7.35212 7.39669 7.38156 7.38539 7.31421 7.21701 7.22382 7.15398 7.21524 7.43243 7.48486 7.49805 7.50383 7.50142 7.49502 7.47362 7.40856 7.31521 7.26078 7.25862 7.27401 7.27432 7.11661 6.88293 6.87418 7.09454
5.10673 5.58921 5.89445 6.03965 6.09117 6.10022 5.90868 5.80157 5.99066 6.44919 6.64115 6.65154 6.61995 6.37933 6.46684 6.75327 6.71097 6.85514 6.98727 6.99394 6.80286 6.86560 7.21926 7.28705 7.21825 7.21117 7.19630 7.14397 7.19767 7.18425 7.14909 7.27374 7.40712 7.45528 7.43556 7.39974 7.41140 7.39863 7.36755 7.31031 7.33945 7.38617 7.40661 7.40040 7.30098 7.22321 7.24001 7.04338 7.13855 7.39693 7.45371 7.46528 7.46983 7.47094 7.45715 7.39258 7.29085 7.29026 7.34545 7.29265 7.29872 7.22285 6.91204 6.74278 6.82856 7.03433
5.43907 5.74098 5.94338 5.99092 5.92060 5.90558 5.79801 5.64729 5.74670 6.21179 6.43010 6.37870 6.41765 6.22239 6.13853 6.46876 6.72766 6.88502 7.04229 7.05733 6.80027 6.72142 7.12567 7.30298 7.33064 7.34976 7.33004 7.25043 7.18591 7.19286 7.26589 7.34301 7.41062 7.44994 7.43929 7.37811 7.31480 7.26612 7.20633 7.17038 7.26142 7.33680 7.40186 7.39270 7.20784 7.09381 7.16678 6.88793 6.95706 7.31595 7.39191 7.35984 7.36903 7.39491 7.37927 7.27412 7.22642 7.33346 7.35444 7.33461 7.35193 7.12090 6.71369 6.73230 6.89587 7.06143
5.39923 5.59801 5.72077 5.76064 5.70103 5.72941 5.77482 5.59578 5.58271 5.96873 6.14525 6.14009 6.31918 6.15360 5.87741 5.88582 6.10052 6.12993 6.25751 6.54976 6.63772 6.72227 7.12571 7.28804 7.35660 7.37171 7.35980 7.34208 7.31459 7.33964 7.37143 7.34360 7.35519 7.39474 7.38900 7.28839 7.19577 7.15607 7.12178 7.15382 7.20435 7.22085 7.33044 7.28368 6.93598 6.98031 7.13367 6.81959 6.65780 7.03242 7.14354 6.77698 6.89891 7.11185 7.11487 7.03610 7.17756 7.34881 7.35162 7.34198 7.32102 6.99453 6.61064 6.78676 7.09235 7.19183
4.68477 5.11361 5.32891 5.44947 5.51023 5.63923 5.76001 5.56716 5.53621 5.90685 6.04029 6.08900 6.38777 6.23403 5.79550 5.54070 5.54146 5.56735 5.66363 5.91966 6.47369 6.88712 7.08185 7.25103 7.30909 7.34243 7.35111 7.39547 7.40708 7.40268 7.37038 7.35254 7.31127 7.30752 7.31970 7.19583 7.03485 7.04567 7.12857 7.22016 7.18250 7.13444 7.25330 7.08008 6.81860 7.12046 7.23526 6.99104 6.71117 6.53021 6.44023 6.30531 6.40755 6.63986 6.71104 6.84887 7.13373 7.31280 7.35493 7.35739 7.32000 7.03363 6.70135 6.84102 7.13882 7.22497
2.77418 3.38116 4.24382 4.96954 5.33943 5.56241 5.61350 5.47381 5.52561 5.91004 6.06518 5.92643 6.05482 6.00233 5.64861 5.32475 5.38018 5.59041 5.77504 5.92231 6.42654 7.03770 7.13132 7.17124 7.30031 7.34640 7.33104 7.34599 7.36829 7.38009 7.36203 7.36336 7.31078 7.22168 7.16886 7.00384 6.81645 6.90360 7.11253 7.19043 7.03915 7.08495 7.26689 7.05447 6.88103 7.15070 7.27216 7.15450 7.16081 6.81253 6.37590 6.70557 6.64956 6.59599 6.66146 6.89734 7.07529 7.18647 7.32823 7.37930 7.33454 7.11994 6.83037 6.91898 7.10275 7.17384
1.76737 2.22418 2.66968 3.74997 4.97605 5.41961 5.45899 5.36096 5.45800 5.84583 6.09494 5.86098 5.76935 5.59636 5.22245 4.67734 5.12453 5.71007 6.09013 6.13964 6.46184 7.03940 7.23045 7.19711 7.29484 7.36795 7.36697 7.35626 7.36267 7.37148 7.36842 7.34833 7.29112 7.13466 6.92263 6.71299 6.67128 6.85138 7.07528 7.06674 6.82375 6.92931 7.11185 6.94539 6.91402 7.16879 7.25890 7.19279 7.21980 6.90165 6.57653 6.85472 6.80541 6.78979 6.90409 6.94949 6.88598 7.08394 7.30313 7.32213 7.26291 7.14048 6.98228 6.99600 7.19313 7.26368
0.94716 1.22810 1.63189 2.49832 3.88237 5.07178 5.27730 5.21034 5.27155 5.62774 5.96879 5.71739 5.50966 5.24858 4.34252 4.13740 4.57886 5.38394 5.93017 6.12752 6.48469 7.04874 7.22871 7.19490 7.30545 7.35550 7.36506 7.33931 7.36380 7.38385 7.34813 7.28403 7.20755 7.04027 6.79838 6.65171 6.68367 6.86495 7.04308 6.95131 6.62087 6.50395 6.64335 6.73741 6.96033 7.19057 7.23459 7.19523 7.18363 6.88317 6.78792 7.07926 7.08808 7.09559 7.11618 6.93426 6.74700 6.91954 7.08153 7.05153 7.08642 7.13245 7.09245 6.98686 7.15298 7.31926
0.66543 0.75273 1.06256 1.56313 2.55756 3.95539 4.87718 5.02434 5.10235 5.46572 5.84636 5.59834 5.41620 5.18334 4.20645 4.58488 4.73493 5.27319 5.77142 6.00915 6.49863 7.10382 7.19234 7.14727 7.25172 7.28481 7.29800 7.31710 7.37589 7.37917 7.30827 7.20663 7.11392 6.97560 6.82101 6.74352 6.74002 6.87906 6.98547 6.84503 6.62687 6.50352 6.65730 6.88335 7.06194 7.18279 7.20575 7.20139 7.16979 7.06322 7.10208 7.20411 7.24597 7.26754 7.26327 7.10706 6.81482 6.60768 6.65671 6.80826 6.96782 7.05971 7.07005 7.03684 7.18866 7.29544
0.56809 0.62999 0.82897 1.24442 1.81277 3.01805 4.34232 4.73095 4.87399 5.29299 5.65855 5.49034 5.35403 5.34428 5.24962 5.46525 5.54068 5.57995 5.72657 5.89418 6.58509 7.15989 7.13040 7.04409 7.19801 7.26038 7.25154 7.28134 7.35598 7.34095 7.23535 7.13975 7.08263 6.93323 6.75543 6.72308 6.73716 6.89222 6.98215 6.95795 6.90541 6.85247 7.05113 7.15916 7.16006 7.21160 7.17341 7.19656 7.23268 7.26179 7.27315 7.28409 7.31175 7.34021 7.32162 7.24758 7.12577 6.92280 6.85851 6.95661 7.00520 7.03137 7.05988 7.10750 7.21493 7.23904
0.51122 0.59865 0.78519 1.22001 1.56353 2.45565 3.86782 4.46102 4.54739 4.91693 5.36273 5.38860 5.37371 5.30608 4.81324 5.10332 5.11915 5.24050 5.53029 5.88270 6.78458 7.15656 6.98538 6.89423 7.13564 7.18579 7.19660 7.24651 7.29275 7.23206 7.11173 7.08281 7.09522 6.96735 6.57095 6.35087 6.61123 6.96934 7.12057 7.17750 7.10872 7.03455 7.12517 7.22352 7.23574 7.26361 7.26663 7.25778 7.28376 7.29863 7.30871 7.32500 7.33830 7.33386 7.29495 7.23197 7.20217 7.20634 7.18773 7.14062 7.08906 7.08087 7.12079 7.19422 7.24708 7.26572
0.44546 0.57455 0.73606 1.17432 1.51791 2.07307 3.37051 4.28840 4.44905 4.51016 4.97547 5.36072 5.54299 5.42344 4.87683 4.69292 5.10848 5.15292 5.46543 5.94283 6.91565 7.08089 6.78991 6.87099 7.14971 7.11863 7.16472 7.24186 7.22064 7.12526 7.03778 7.00756 6.93452 6.71583 6.32798 6.23208 6.70460 7.10962 7.25629 7.28660 7.21675 7.12291 7.07671 7.11964 7.21550 7.30155 7.31592 7.29295 7.26924 7.23583 7.23161 7.23883 7.25408 7.25482 7.22537 7.19553 7.16146 7.20423 7.22411 7.19704 7.15809 7.14835 7.18100 7.22661 7.26286 7.30951
0.44669 0.54632 0.67030 1.13011 1.49639 1.78266 2.71721 3.94577 4.57020 4.73601 4.93183 5.35396 5.69506 5.71011 5.36182 5.00359 5.22523 5.32340 5.55652 5.99101 6.88299 7.00653 6.77913 6.94513 7.19095 7.21230 7.19822 7.25763 7.20182 7.13292 7.06011 7.01024 6.89491 6.68225 6.50964 6.61257 6.88398 7.17918 7.31303 7.35101 7.32497 7.25913 7.19507 7.13266 7.15135 7.22095 7.26415 7.23316 7.18220 7.14850 7.14487 7.16193 7.19056 7.22063 7.23310 7.24008 7.21870 7.23116 7.24753 7.24073 7.22795 7.23035 7.24799 7.27349 7.30821 7.35941
