mrvbf_slope1.1_pctl1.2.asc
NCOLS 410
NROWS 410
XLLCORNER 2398750.0000000000000000
YLLCORNER 2548750.0000000000000000
CELLSIZE 250.0000000000000000
NODATA_VALUE -99999.00000
[rows 87 to 115 of 410, columns 330 to 395 of 410]
-99999.00000 -99999.00000 -99999.00000 -99999.00000 -99999.00000 -99999.00000 -99999.00000 -99999.00000 -99999.00000 -99999.00000 -99999.00000 -99999.00000 -99999.00000 -99999.00000 -99999.00000 -99999.00000 -99999.00000 -99999.00000 -99999.00000 -99999.00000 -99999.00000 -99999.00000 -99999.00000 -99999.00000 -99999.00000 -99999.00000 7.65668 7.61159 7.54951 7.52028 7.53064 7.51957 7.59155 7.62121 7.61613 7.59832 7.56353 7.54008 7.51757 7.41557 7.30520 7.02648 6.75494 6.54667 5.58710 6.41256 7.39724 7.54338 7.59485 7.62400 7.63482 7.64585 7.65354 7.65552 7.66403 7.66603 7.66043 7.66268 7.63860 7.60087 7.62432 7.60897 7.63535 7.61128 7.64319 7.67585
-99999.00000 -99999.00000 -99999.00000 -99999.00000 -99999.00000 -99999.00000 -99999.00000 -99999.00000 -99999.00000 -99999.00000 -99999.00000 -99999.00000 -99999.00000 -99999.00000 -99999.00000 -99999.00000 -99999.00000 -99999.00000 -99999.00000 -99999.00000 -99999.00000 -99999.00000 -99999.00000 -99999.00000 -99999.00000 -99999.00000 7.64617 7.60601 7.59196 7.59871 7.56813 7.60444 7.62908 7.63331 7.63527 7.62195 7.59795 7.57064 7.52286 7.32906 7.02621 6.78763 6.88186 7.01248 6.22003 6.32193 7.40070 7.55339 7.60065 7.62096 7.63294 7.64054 7.65509 7.66736 7.67345 7.67434 7.65798 7.66883 7.65303 7.65520 7.67496 7.65500 7.62464 7.63899 7.67220 7.67175
-99999.00000 -99999.00000 -99999.00000 -99999.00000 -99999.00000 -99999.00000 -99999.00000 -99999.00000 -99999.00000 -99999.00000 -99999.00000 -99999.00000 -99999.00000 -99999.00000 -99999.00000 -99999.00000 -99999.00000 -99999.00000 -99999.00000 -99999.00000 -99999.00000 -99999.00000 -99999.00000 -99999.00000 -99999.00000 -99999.00000 7.61198 7.59872 7.62139 7.64074 7.63447 7.63962 7.64386 7.64429 7.63860 7.63814 7.61624 7.55332 7.40109 7.11402 6.99775 6.88616 7.07505 7.00955 6.06202 6.30318 7.43019 7.56320 7.60276 7.62063 7.62755 7.64534 7.65288 7.66382 7.67420 7.67341 7.66150 7.65143 7.65775 7.68270 7.68627 7.68064 7.67824 7.68468 7.67836 7.69025
-99999.00000 -99999.00000 -99999.00000 -99999.00000 -99999.00000 -99999.00000 -99999.00000 -99999.00000 -99999.00000 -99999.00000 -99999.00000 -99999.00000 -99999.00000 -99999.00000 -99999.00000 -99999.00000 -99999.00000 -99999.00000 -99999.00000 -99999.00000 -99999.00000 -99999.00000 -99999.00000 -99999.00000 -99999.00000 -99999.00000 7.61084 7.62749 7.65725 7.66328 7.66020 7.65448 7.64879 7.64542 7.64489 7.63474 7.61002 7.52948 7.40064 7.28382 7.08493 7.00459 7.18264 6.87677 5.86260 6.67979 7.47459 7.56829 7.60316 7.62688 7.63846 7.64430 7.65643 7.66337 7.66988 7.67052 7.66070 7.65167 7.67205 7.68816 7.68866 7.68074 7.69601 7.69874 7.69834 7.70150
-99999.00000 -99999.00000 -99999.00000 -99999.00000 -99999.00000 -99999.00000 -99999.00000 -99999.00000 -99999.00000 -99999.00000 -99999.00000 -99999.00000 -99999.00000 -99999.00000 -99999.00000 -99999.00000 -99999.00000 -99999.00000 -99999.00000 -99999.00000 -99999.00000 -99999.00000 -99999.00000 -99999.00000 -99999.00000 7.66344 7.64922 7.66283 7.67641 7.67555 7.67256 7.66827 7.65713 7.64924 7.64207 7.63138 7.60861 7.55701 7.46955 7.22305 6.87030 7.04048 7.19827 6.79968 6.47425 7.21841 7.50662 7.57161 7.60653 7.63049 7.64516 7.64723 7.64656 7.65606 7.65870 7.65167 7.65982 7.65888 7.66541 7.67546 7.67470 7.68863 7.69790 7.69799 7.69708 7.69919
-99999.00000 -99999.00000 -99999.00000 -99999.00000 -99999.00000 -99999.00000 -99999.00000 -99999.00000 -99999.00000 -99999.00000 -99999.00000 -99999.00000 -99999.00000 -99999.00000 -99999.00000 -99999.00000 -99999.00000 -99999.00000 -99999.00000 -99999.00000 -99999.00000 -99999.00000 -99999.00000 -99999.00000 -99999.00000 7.66893 7.67018 7.67853 7.67864 7.67349 7.67440 7.67369 7.66452 7.65226 7.64337 7.63228 7.61061 7.57199 7.49515 7.25961 6.94147 7.04554 7.15857 6.88999 6.50170 7.14457 7.50119 7.57423 7.60976 7.63205 7.64230 7.63616 7.63772 7.64262 7.64558 7.63114 7.65115 7.65420 7.65776 7.65918 7.66362 7.68622 7.69577 7.70016 7.69524 7.69975
-99999.00000 -99999.00000 -99999.00000 -99999.00000 -99999.00000 -99999.00000 -99999.00000 -99999.00000 -99999.00000 -99999.00000 -99999.00000 -99999.00000 -99999.00000 -99999.00000 -99999.00000 -99999.00000 -99999.00000 -99999.00000 -99999.00000 -99999.00000 -99999.00000 -99999.00000 -99999.00000 -99999.00000 -99999.00000 7.66864 7.67363 7.67691 7.67311 7.67157 7.66927 7.66983 7.66367 7.65567 7.64694 7.63832 7.61849 7.57722 7.50600 7.39505 7.05581 6.87516 7.15126 6.79809 6.20152 7.02840 7.50290 7.56968 7.61041 7.63325 7.63698 7.63294 7.63346 7.64594 7.63554 7.63100 7.65266 7.65500 7.65064 7.65328 7.65714 7.67086 7.68898 7.69926 7.69576 7.69717
-99999.00000 -99999.00000 -99999.00000 -99999.00000 -99999.00000 -99999.00000 -99999.00000 -99999.00000 -99999.00000 -99999.00000 -99999.00000 -99999.00000 -99999.00000 -99999.00000 -99999.00000 -99999.00000 -99999.00000 -99999.00000 -99999.00000 -99999.00000 -99999.00000 -99999.00000 -99999.00000 -99999.00000 -99999.00000 7.66023 7.66262 7.66583 7.66372 7.66515 7.66692 7.66799 7.66590 7.65942 7.65064 7.63813 7.61935 7.58422 7.53248 7.44756 7.17336 6.71732 6.89424 6.20742 5.95536 7.29264 7.51272 7.57601 7.61074 7.63390 7.63945 7.63893 7.64284 7.65790 7.65641 7.63994 7.63758 7.63614 7.65168 7.64367 7.64874 7.67197 7.69012 7.69666 7.69646 7.69995
-99999.00000 -99999.00000 -99999.00000 -99999.00000 -99999.00000 -99999.00000 -99999.00000 -99999.00000 -99999.00000 -99999.00000 -99999.00000 -99999.00000 -99999.00000 -99999.00000 -99999.00000 -99999.00000 -99999.00000 -99999.00000 -99999.00000 -99999.00000 -99999.00000 -99999.00000 -99999.00000 -99999.00000 -99999.00000 7.66520 7.66641 7.66455 7.66276 7.66174 7.66048 7.66367 7.66334 7.65584 7.64742 7.63622 7.62235 7.59277 7.54436 7.47070 7.23392 6.55403 6.31965 5.46166 6.43628 7.40458 7.53034 7.57992 7.61393 7.63445 7.63841 7.64245 7.65052 7.65777 7.66026 7.66560 7.66617 7.64251 7.63781 7.63951 7.66797 7.67233 7.68969 7.69631 7.69720 7.70267
-99999.00000 -99999.00000 -99999.00000 -99999.00000 -99999.00000 -99999.00000 -99999.00000 -99999.00000 -99999.00000 -99999.00000 -99999.00000 -99999.00000 -99999.00000 -99999.00000 -99999.00000 -99999.00000 -99999.00000 -99999.00000 -99999.00000 -99999.00000 -99999.00000 -99999.00000 -99999.00000 -99999.00000 -99999.00000 7.66587 7.67315 7.67671 7.67119 7.66645 7.65917 7.65444 7.66038 7.65441 7.64356 7.63399 7.62083 7.59995 7.55825 7.46238 7.14014 6.22695 5.10413 5.72786 7.13946 7.46480 7.53798 7.58080 7.61379 7.63097 7.63071 7.63737 7.64601 7.65255 7.65719 7.66547 7.67657 7.67016 7.65477 7.66042 7.66398 7.66913 7.67623 7.69301 7.69896 7.70241
-99999.00000 -99999.00000 -99999.00000 -99999.00000 -99999.00000 -99999.00000 -99999.00000 -99999.00000 -99999.00000 -99999.00000 -99999.00000 -99999.00000 -99999.00000 -99999.00000 -99999.00000 -99999.00000 -99999.00000 -99999.00000 -99999.00000 -99999.00000 -99999.00000 -99999.00000 -99999.00000 -99999.00000 -99999.00000 7.67144 7.67500 7.67600 7.67197 7.66765 7.66355 7.65743 7.65898 7.65468 7.64170 7.62857 7.61429 7.59393 7.55766 7.46687 7.09736 6.01606 4.70839 6.16810 7.29839 7.48988 7.54657 7.58402 7.61739 7.63038 7.62891 7.63437 7.64437 7.64612 7.63454 7.66144 7.67938 7.67961 7.67763 7.67698 7.67021 7.66684 7.67741 7.68962 7.68821 7.68780
-99999.00000 -99999.00000 -99999.00000 -99999.00000 -99999.00000 -99999.00000 -99999.00000 -99999.00000 -99999.00000 -99999.00000 -99999.00000 -99999.00000 -99999.00000 -99999.00000 -99999.00000 -99999.00000 -99999.00000 -99999.00000 -99999.00000 -99999.00000 -99999.00000 -99999.00000 -99999.00000 -99999.00000 -99999.00000 7.67503 7.67513 7.67391 7.67051 7.66476 7.65963 7.65587 7.65598 7.65179 7.64317 7.62890 7.61052 7.58165 7.53971 7.43060 7.14667 6.55265 5.40373 5.67699 7.16566 7.48275 7.55244 7.59368 7.61859 7.63500 7.63768 7.63755 7.63809 7.63828 7.64711 7.65142 7.67631 7.67915 7.67325 7.67708 7.67581 7.67256 7.66454 7.67476 7.64255 7.64661
-99999.00000 -99999.00000 -99999.00000 -99999.00000 -99999.00000 -99999.00000 -99999.00000 -99999.00000 -99999.00000 -99999.00000 -99999.00000 -99999.00000 -99999.00000 -99999.00000 -99999.00000 -99999.00000 -99999.00000 -99999.00000 -99999.00000 -99999.00000 -99999.00000 -99999.00000 -99999.00000 -99999.00000 7.66425 7.67279 7.67371 7.66898 7.66466 7.66082 7.65565 7.65484 7.65437 7.64943 7.64358 7.63217 7.61255 7.57984 7.52437 7.42153 7.23370 6.84977 6.46115 5.86502 6.71847 7.45174 7.55300 7.59112 7.61991 7.63728 7.64531 7.65078 7.65241 7.64679 7.64857 7.65968 7.67146 7.66102 7.63558 7.66038 7.66862 7.65539 7.66383 7.65883 7.61048 7.61473
-99999.00000 -99999.00000 -99999.00000 -99999.00000 -99999.00000 -99999.00000 -99999.00000 -99999.00000 -99999.00000 -99999.00000 -99999.00000 -99999.00000 -99999.00000 -99999.00000 -99999.00000 -99999.00000 -99999.00000 -99999.00000 -99999.00000 -99999.00000 -99999.00000 -99999.00000 -99999.00000 -99999.00000 7.66310 7.66606 7.67019 7.66632 7.65729 7.65237 7.65325 7.65192 7.65167 7.64877 7.64029 7.62761 7.60746 7.57363 7.50938 7.43790 7.34320 7.04859 6.79186 6.25918 6.56843 7.42752 7.54679 7.58897 7.61766 7.63575 7.64660 7.65381 7.65709 7.65752 7.66298 7.66467 7.65712 7.62975 7.64381 7.63038 7.66544 7.66974 7.64268 7.62029 7.60987 7.62005
-99999.00000 -99999.00000 -99999.00000 -99999.00000 -99999.00000 -99999.00000 -99999.00000 -99999.00000 -99999.00000 -99999.00000 -99999.00000 -99999.00000 -99999.00000 -99999.00000 -99999.00000 -99999.00000 -99999.00000 -99999.00000 -99999.00000 -99999.00000 -99999.00000 -99999.00000 -99999.00000 -99999.00000 7.66655 7.66438 7.66589 7.66501 7.65802 7.64786 7.64612 7.64704 7.64703 7.64378 7.63633 7.62113 7.59670 7.56387 7.50102 7.43427 7.37950 7.19586 6.95811 6.49515 6.40548 7.35540 7.53397 7.58215 7.61227 7.63268 7.64557 7.65078 7.64967 7.65770 7.66555 7.66876 7.66556 7.65723 7.63888 7.65802 7.67467 7.67167 7.64876 7.65611 7.63251 7.66697
-99999.00000 -99999.00000 -99999.00000 -99999.00000 -99999.00000 -99999.00000 -99999.00000 -99999.00000 -99999.00000 -99999.00000 -99999.00000 -99999.00000 -99999.00000 -99999.00000 -99999.00000 -99999.00000 -99999.00000 -99999.00000 -99999.00000 -99999.00000 -99999.00000 -99999.00000 -99999.00000 -99999.00000 -99999.00000 7.65980 7.66270 7.66182 7.65734 7.65024 7.64388 7.64261 7.64164 7.63483 7.62847 7.61350 7.58967 7.55650 7.46707 7.38128 7.38758 7.32499 7.19792 7.01173 6.41773 7.03080 7.49986 7.57360 7.60493 7.62766 7.64167 7.64614 7.65322 7.66037 7.66734 7.67170 7.67202 7.67533 7.67228 7.68265 7.68483 7.68426 7.67325 7.66083 7.66510 7.68246
-99999.00000 -99999.00000 -99999.00000 -99999.00000 -99999.00000 -99999.00000 -99999.00000 -99999.00000 -99999.00000 -99999.00000 -99999.00000 -99999.00000 -99999.00000 -99999.00000 -99999.00000 -99999.00000 -99999.00000 -99999.00000 -99999.00000 -99999.00000 -99999.00000 -99999.00000 -99999.00000 -99999.00000 7.65983 7.65310 7.65700 7.66134 7.65609 7.64997 7.64491 7.64326 7.63947 7.63744 7.62941 7.61549 7.58932 7.54249 7.40843 7.29580 7.37025 7.36554 7.32082 7.27654 6.82874 6.90737 7.44932 7.55500 7.59695 7.61905 7.63545 7.64673 7.65065 7.66049 7.66749 7.67342 7.67432 7.67439 7.67904 7.68139 7.68448 7.68589 7.68144 7.65585 7.63186 7.66456
-99999.00000 -99999.00000 -99999.00000 -99999.00000 -99999.00000 -99999.00000 -99999.00000 -99999.00000 -99999.00000 -99999.00000 -99999.00000 -99999.00000 -99999.00000 -99999.00000 -99999.00000 -99999.00000 -99999.00000 -99999.00000 -99999.00000 -99999.00000 -99999.00000 -99999.00000 -99999.00000 -99999.00000 7.65648 7.65529 7.65408 7.65886 7.65542 7.65023 7.64553 7.64646 7.64194 7.63742 7.63180 7.61575 7.58097 7.50255 7.29312 7.22157 7.32721 7.31506 7.34140 7.40332 7.19599 7.03493 7.40629 7.51988 7.57944 7.61004 7.63003 7.64475 7.65169 7.65893 7.66811 7.67389 7.67838 7.67491 7.67714 7.67816 7.68203 7.67877 7.66976 7.63032 7.64837 7.63578
-99999.00000 -99999.00000 -99999.00000 -99999.00000 -99999.00000 -99999.00000 -99999.00000 -99999.00000 -99999.00000 -99999.00000 -99999.00000 -99999.00000 -99999.00000 -99999.00000 -99999.00000 -99999.00000 -99999.00000 -99999.00000 -99999.00000 -99999.00000 -99999.00000 -99999.00000 -99999.00000 7.64671 7.64991 7.65273 7.65417 7.65685 7.65708 7.65021 7.64255 7.64052 7.64360 7.64036 7.63001 7.60770 7.57050 7.49203 7.17568 6.97910 7.21687 7.32103 7.40585 7.45762 7.36598 7.26097 7.42800 7.48433 7.54523 7.59723 7.62590 7.64236 7.65256 7.65859 7.66553 7.67386 7.67960 7.67917 7.67801 7.68293 7.68566 7.68122 7.67242 7.65958 7.66751 7.66242
-99999.00000 -99999.00000 -99999.00000 -99999.00000 -99999.00000 -99999.00000 -99999.00000 -99999.00000 -99999.00000 -99999.00000 -99999.00000 -99999.00000 -99999.00000 -99999.00000 -99999.00000 -99999.00000 -99999.00000 -99999.00000 -99999.00000 -99999.00000 -99999.00000 -99999.00000 -99999.00000 7.66000 7.65850 7.65535 7.65299 7.65053 7.65315 7.65277 7.64370 7.63984 7.64209 7.63936 7.62852 7.60108 7.55795 7.47427 7.01496 6.69434 7.23372 7.42953 7.48547 7.50385 7.46868 7.39082 7.47652 7.50671 7.50861 7.57846 7.61071 7.63169 7.64476 7.65621 7.66186 7.67043 7.67629 7.68032 7.68317 7.68621 7.68719 7.68639 7.67628 7.64923 7.65292 7.64024
-99999.00000 -99999.00000 -99999.00000 -99999.00000 -99999.00000 -99999.00000 -99999.00000 -99999.00000 -99999.00000 -99999.00000 -99999.00000 -99999.00000 -99999.00000 -99999.00000 -99999.00000 -99999.00000 -99999.00000 -99999.00000 -99999.00000 -99999.00000 -99999.00000 -99999.00000 7.65804 7.65914 7.65998 7.65958 7.65692 7.64918 7.64839 7.65270 7.64731 7.63977 7.64080 7.63611 7.62087 7.58846 7.53733 7.42980 6.77769 6.65255 7.35499 7.47885 7.51377 7.52989 7.52061 7.45671 7.44460 7.49058 7.51012 7.56839 7.60286 7.62746 7.63960 7.64976 7.65835 7.66508 7.67079 7.67681 7.68199 7.68550 7.68624 7.68587 7.68172 7.66984 7.64007 7.66226
-99999.00000 -99999.00000 -99999.00000 -99999.00000 -99999.00000 -99999.00000 -99999.00000 -99999.00000 -99999.00000 -99999.00000 -99999.00000 -99999.00000 -99999.00000 -99999.00000 -99999.00000 -99999.00000 -99999.00000 -99999.00000 -99999.00000 -99999.00000 -99999.00000 -99999.00000 7.65884 7.65993 7.65817 7.65591 7.65679 7.65380 7.65221 7.65148 7.64784 7.63938 7.63567 7.63325 7.61383 7.57217 7.52018 7.40562 6.68001 6.66797 7.38834 7.49040 7.52001 7.54416 7.54957 7.52099 7.45230 7.43508 7.47730 7.55820 7.60773 7.63312 7.64318 7.64831 7.65462 7.65866 7.66576 7.66966 7.67525 7.67937 7.68215 7.68352 7.68113 7.67568 7.66399 7.67045
-99999.00000 -99999.00000 -99999.00000 -99999.00000 -99999.00000 -99999.00000 -99999.00000 -99999.00000 -99999.00000 -99999.00000 -99999.00000 -99999.00000 -99999.00000 -99999.00000 -99999.00000 -99999.00000 -99999.00000 -99999.00000 -99999.00000 -99999.00000 -99999.00000 -99999.00000 7.66329 7.66071 7.65952 7.65442 7.65033 7.65245 7.65712 7.65640 7.64927 7.64312 7.63674 7.62984 7.60742 7.56284 7.49673 7.29963 6.60123 6.81178 7.40023 7.51262 7.53273 7.54985 7.55842 7.53302 7.39971 7.36976 7.50718 7.56384 7.60967 7.63309 7.64610 7.65052 7.65178 7.65495 7.65653 7.66237 7.67185 7.67459 7.67425 7.67839 7.67630 7.67166 7.66418 7.64571
-99999.00000 -99999.00000 -99999.00000 -99999.00000 -99999.00000 -99999.00000 -99999.00000 -99999.00000 -99999.00000 -99999.00000 -99999.00000 -99999.00000 -99999.00000 -99999.00000 -99999.00000 -99999.00000 -99999.00000 -99999.00000 -99999.00000 -99999.00000 -99999.00000 7.65863 7.66119 7.65813 7.65872 7.65983 7.65271 7.64842 7.65052 7.65338 7.64821 7.64506 7.64053 7.62914 7.60185 7.54170 7.41664 7.06583 6.63323 7.00555 7.43940 7.53183 7.53972 7.54534 7.55567 7.53881 7.36710 7.37220 7.51984 7.56680 7.60845 7.63222 7.64618 7.65031 7.65092 7.65065 7.65501 7.66232 7.66716 7.66626 7.67150 7.67145 7.67069 7.66423 7.64668 7.65363
-99999.00000 -99999.00000 -99999.00000 -99999.00000 -99999.00000 -99999.00000 -99999.00000 -99999.00000 -99999.00000 -99999.00000 -99999.00000 -99999.00000 -99999.00000 -99999.00000 -99999.00000 -99999.00000 -99999.00000 -99999.00000 -99999.00000 -99999.00000 -99999.00000 7.66111 7.66029 7.66088 7.66262 7.66290 7.65644 7.65099 7.64807 7.64679 7.64696 7.64545 7.64058 7.62378 7.58591 7.47791 7.24612 6.99675 6.84634 7.22555 7.48201 7.53999 7.53384 7.53170 7.55285 7.52719 7.34993 7.39057 7.52259 7.56526 7.60665 7.62944 7.64335 7.65093 7.64912 7.65382 7.66086 7.66516 7.66905 7.66843 7.66954 7.66972 7.66746 7.66701 7.66097 7.64865
-99999.00000 -99999.00000 -99999.00000 -99999.00000 -99999.00000 -99999.00000 -99999.00000 -99999.00000 -99999.00000 -99999.00000 -99999.00000 -99999.00000 -99999.00000 -99999.00000 -99999.00000 -99999.00000 -99999.00000 -99999.00000 -99999.00000 -99999.00000 -99999.00000 7.66187 7.66071 7.66157 7.66207 7.65910 7.65679 7.65448 7.65070 7.64845 7.64488 7.64178 7.63804 7.61606 7.57051 7.45037 7.07759 6.79966 6.92060 7.33626 7.49303 7.53745 7.52086 7.51759 7.53203 7.45486 7.27204 7.45431 7.52148 7.55381 7.60530 7.62701 7.63948 7.64730 7.65433 7.65987 7.66379 7.66778 7.66984 7.67020 7.67012 7.66218 7.65099 7.66992 7.67397 7.67013
-99999.00000 -99999.00000 -99999.00000 -99999.00000 -99999.00000 -99999.00000 -99999.00000 -99999.00000 -99999.00000 -99999.00000 -99999.00000 -99999.00000 -99999.00000 -99999.00000 -99999.00000 -99999.00000 -99999.00000 -99999.00000 -99999.00000 -99999.00000 7.66074 7.65787 7.65652 7.65926 7.65869 7.65715 7.65968 7.65868 7.65079 7.64433 7.64415 7.63665 7.63133 7.61354 7.57717 7.48907 7.02063 6.29967 6.84642 7.36851 7.49647 7.53434 7.52334 7.48770 7.47577 7.35862 7.21467 7.42518 7.50036 7.56686 7.61254 7.62838 7.64124 7.65216 7.66336 7.66629 7.66578 7.66634 7.66933 7.66694 7.66042 7.63874 7.61101 7.65471 7.67452 7.67841
-99999.00000 -99999.00000 -99999.00000 -99999.00000 -99999.00000 -99999.00000 -99999.00000 -99999.00000 -99999.00000 -99999.00000 -99999.00000 -99999.00000 -99999.00000 -99999.00000 -99999.00000 -99999.00000 -99999.00000 -99999.00000 -99999.00000 -99999.00000 7.66036 7.65598 7.64764 7.65236 7.65670 7.65477 7.66019 7.66164 7.64988 7.64097 7.63934 7.63293 7.62507 7.60475 7.55740 7.45808 6.88557 6.34755 6.89514 7.37211 7.48377 7.51023 7.52303 7.47306 7.38774 7.17781 7.05004 7.26107 7.51973 7.59150 7.62306 7.63962 7.65045 7.66025 7.66808 7.67142 7.67218 7.66763 7.66345 7.66233 7.65265 7.61386 7.62492 7.61623 7.66205 7.68151
-99999.00000 -99999.00000 -99999.00000 -99999.00000 -99999.00000 -99999.00000 -99999.00000 -99999.00000 -99999.00000 -99999.00000 -99999.00000 -99999.00000 -99999.00000 -99999.00000 -99999.00000 -99999.00000 -99999.00000 -99999.00000 -99999.00000 -99999.00000 7.65287 7.65467 7.64654 7.64635 7.65020 7.65184 7.65633 7.65769 7.65461 7.64632 7.64736 7.64424 7.63049 7.61158 7.55928 7.47776 6.94922 6.44001 6.84955 7.30832 7.46951 7.49024 7.50914 7.48148 7.29451 7.08868 7.22239 7.48884 7.57245 7.60928 7.62935 7.64465 7.65417 7.66223 7.66778 7.67156 7.67220 7.67137 7.66384 7.65936 7.66020 7.64835 7.62591 7.65254 7.67111 7.67955
