mrvbf_slope0.8_pctl1.3.asc
NCOLS 410
NROWS 410
XLLCORNER 2398750.0000000000000000
YLLCORNER 2548750.0000000000000000
CELLSIZE 250.0000000000000000
NODATA_VALUE -99999.00000
[rows 87 to 115 of 410, columns 198 to 263 of 410]
7.42776 7.39493 7.36038 7.37809 7.39984 7.40433 7.38316 7.33771 7.33577 7.34328 7.31000 7.34360 7.37124 7.36084 7.36004 7.33191 7.33833 7.30488 7.25652 7.17827 7.17521 7.13312 7.06009 7.03136 7.07306 7.12682 7.21696 7.21767 7.22127 7.19342 -99999.00000 -99999.00000 -99999.00000 -99999.00000 -99999.00000 -99999.00000 -99999.00000 -99999.00000 -99999.00000 -99999.00000 -99999.00000 -99999.00000 -99999.00000 -99999.00000 -99999.00000 -99999.00000 -99999.00000 -99999.00000 -99999.00000 -99999.00000 -99999.00000 -99999.00000 -99999.00000 -99999.00000 -99999.00000 -99999.00000 -99999.00000 -99999.00000 -99999.00000 -99999.00000 -99999.00000 -99999.00000 -99999.00000 -99999.00000 -99999.00000 -99999.00000
7.46861 7.44019 7.40382 7.41321 7.44084 7.43012 7.39696 7.36920 7.30777 7.30491 7.33502 7.34297 7.34114 7.34131 7.33915 7.36623 7.37029 7.33949 7.31032 7.21775 7.15450 7.11006 7.09156 7.03932 7.03942 7.09422 7.20548 7.27863 7.27210 7.20295 7.10761 -99999.00000 -99999.00000 -99999.00000 -99999.00000 -99999.00000 -99999.00000 -99999.00000 -99999.00000 -99999.00000 -99999.00000 -99999.00000 -99999.00000 -99999.00000 -99999.00000 -99999.00000 -99999.00000 -99999.00000 -99999.00000 -99999.00000 -99999.00000 -99999.00000 -99999.00000 -99999.00000 -99999.00000 -99999.00000 -99999.00000 -99999.00000 -99999.00000 -99999.00000 -99999.00000 -99999.00000 -99999.00000 -99999.00000 -99999.00000 -99999.00000
7.46950 7.44742 7.44036 7.46521 7.45526 7.41807 7.38226 7.31694 7.33647 7.33040 7.32623 7.29754 7.30845 7.35865 7.35140 7.37701 7.37466 7.37478 7.35332 7.27423 7.20828 7.02766 6.97251 6.99825 7.04839 7.11771 7.20360 7.30013 7.30000 7.26986 7.17528 -99999.00000 -99999.00000 -99999.00000 -99999.00000 -99999.00000 -99999.00000 -99999.00000 -99999.00000 -99999.00000 -99999.00000 -99999.00000 -99999.00000 -99999.00000 -99999.00000 -99999.00000 -99999.00000 -99999.00000 -99999.00000 -99999.00000 -99999.00000 -99999.00000 -99999.00000 -99999.00000 -99999.00000 -99999.00000 -99999.00000 -99999.00000 -99999.00000 -99999.00000 -99999.00000 -99999.00000 -99999.00000 -99999.00000 -99999.00000 -99999.00000
7.48162 7.45752 7.45522 7.47007 7.45590 7.44005 7.39297 7.34008 7.33079 7.29233 7.31899 7.34814 7.34489 7.35442 7.36503 7.38574 7.36247 7.34821 7.30321 7.26642 7.24474 7.07492 6.91492 6.90167 6.96997 7.13041 7.21234 7.25409 7.28235 7.33201 7.28684 -99999.00000 -99999.00000 -99999.00000 -99999.00000 -99999.00000 -99999.00000 -99999.00000 -99999.00000 -99999.00000 -99999.00000 -99999.00000 -99999.00000 -99999.00000 -99999.00000 -99999.00000 -99999.00000 -99999.00000 -99999.00000 -99999.00000 -99999.00000 -99999.00000 -99999.00000 -99999.00000 -99999.00000 -99999.00000 -99999.00000 -99999.00000 -99999.00000 -99999.00000 -99999.00000 -99999.00000 -99999.00000 -99999.00000 -99999.00000 -99999.00000
7.48356 7.47015 7.46337 7.45010 7.44180 7.45749 7.43305 7.36656 7.35969 7.33653 7.35261 7.35958 7.33726 7.31390 7.37671 7.40352 7.38002 7.32173 7.23513 7.25457 7.17881 7.03835 6.95093 6.83036 6.96838 7.13397 7.17605 7.21803 7.32324 7.31979 7.30979 -99999.00000 -99999.00000 -99999.00000 -99999.00000 -99999.00000 -99999.00000 -99999.00000 -99999.00000 -99999.00000 -99999.00000 -99999.00000 -99999.00000 -99999.00000 -99999.00000 -99999.00000 -99999.00000 -99999.00000 -99999.00000 -99999.00000 -99999.00000 -99999.00000 -99999.00000 -99999.00000 -99999.00000 -99999.00000 -99999.00000 -99999.00000 -99999.00000 -99999.00000 -99999.00000 -99999.00000 -99999.00000 -99999.00000 -99999.00000 -99999.00000
7.42802 7.46441 7.46133 7.44219 7.43281 7.45211 7.43500 7.39627 7.39874 7.35475 7.35333 7.34175 7.34071 7.33222 7.37290 7.38824 7.35173 7.24077 7.22737 7.19322 7.12070 7.05317 7.02211 6.92844 7.01183 7.16034 7.18410 7.24669 7.30341 7.33418 7.32337 7.27755 -99999.00000 -99999.00000 -99999.00000 -99999.00000 -99999.00000 -99999.00000 -99999.00000 -99999.00000 -99999.00000 -99999.00000 -99999.00000 -99999.00000 -99999.00000 -99999.00000 -99999.00000 -99999.00000 -99999.00000 -99999.00000 -99999.00000 -99999.00000 -99999.00000 -99999.00000 -99999.00000 -99999.00000 -99999.00000 -99999.00000 -99999.00000 -99999.00000 -99999.00000 -99999.00000 -99999.00000 -99999.00000 -99999.00000 -99999.00000
7.28319 7.40252 7.45640 7.44507 7.44201 7.42144 7.42526 7.40293 7.38589 7.32657 7.32271 7.32829 7.36812 7.33476 7.36131 7.36297 7.26833 7.17155 7.22834 7.18638 7.15929 7.13683 7.09924 7.00014 7.06905 7.21437 7.22921 7.20705 7.24493 7.29934 7.27046 7.23228 -99999.00000 -99999.00000 -99999.00000 -99999.00000 -99999.00000 -99999.00000 -99999.00000 -99999.00000 -99999.00000 -99999.00000 -99999.00000 -99999.00000 -99999.00000 -99999.00000 -99999.00000 -99999.00000 -99999.00000 -99999.00000 -99999.00000 -99999.00000 -99999.00000 -99999.00000 -99999.00000 -99999.00000 -99999.00000 -99999.00000 -99999.00000 -99999.00000 -99999.00000 -99999.00000 -99999.00000 -99999.00000 -99999.00000 -99999.00000
7.25031 7.25103 7.41579 7.41757 7.40411 7.41707 7.38579 7.37887 7.32722 7.32040 7.34209 7.34393 7.32980 7.29705 7.34716 7.35606 7.21849 7.18130 7.24812 7.26158 7.20472 7.18728 7.16134 7.04751 7.09410 7.22224 7.25265 7.23293 7.20961 7.24537 7.19649 7.10390 -99999.00000 -99999.00000 -99999.00000 -99999.00000 -99999.00000 -99999.00000 -99999.00000 -99999.00000 -99999.00000 -99999.00000 -99999.00000 -99999.00000 -99999.00000 -99999.00000 -99999.00000 -99999.00000 -99999.00000 -99999.00000 -99999.00000 -99999.00000 -99999.00000 -99999.00000 -99999.00000 -99999.00000 -99999.00000 -99999.00000 -99999.00000 -99999.00000 -99999.00000 -99999.00000 -99999.00000 -99999.00000 -99999.00000 -99999.00000
7.06056 7.29030 7.36613 7.39228 7.39976 7.38552 7.35347 7.33748 7.32676 7.35842 7.35710 7.31648 7.29050 7.29657 7.30706 7.30405 7.19679 7.20336 7.27261 7.28153 7.20517 7.21577 7.25834 7.15055 7.10411 7.22612 7.28236 7.27330 7.28253 7.25962 7.26657 7.26719 -99999.00000 -99999.00000 -99999.00000 -99999.00000 -99999.00000 -99999.00000 -99999.00000 -99999.00000 -99999.00000 -99999.00000 -99999.00000 -99999.00000 -99999.00000 -99999.00000 -99999.00000 -99999.00000 -99999.00000 -99999.00000 -99999.00000 -99999.00000 -99999.00000 -99999.00000 -99999.00000 -99999.00000 -99999.00000 -99999.00000 -99999.00000 -99999.00000 -99999.00000 -99999.00000 -99999.00000 -99999.00000 -99999.00000 -99999.00000
7.08796 7.29854 7.31862 7.37336 7.37655 7.39786 7.33442 7.31162 7.35112 7.38799 7.37065 7.31215 7.28429 7.28744 7.29979 7.21639 7.20233 7.22304 7.23758 7.22218 7.22632 7.26536 7.25180 7.19093 7.12864 7.18926 7.25902 7.28963 7.32469 7.32333 7.32944 7.31857 7.24505 -99999.00000 -99999.00000 -99999.00000 -99999.00000 -99999.00000 -99999.00000 -99999.00000 -99999.00000 -99999.00000 -99999.00000 -99999.00000 -99999.00000 -99999.00000 -99999.00000 -99999.00000 -99999.00000 -99999.00000 -99999.00000 -99999.00000 -99999.00000 -99999.00000 -99999.00000 -99999.00000 -99999.00000 -99999.00000 -99999.00000 -99999.00000 -99999.00000 -99999.00000 -99999.00000 -99999.00000 -99999.00000 -99999.00000
7.26250 7.36576 7.33473 7.26345 7.35889 7.39588 7.38512 7.36752 7.35432 7.37989 7.34322 7.29886 7.36124 7.36494 7.31241 7.25665 7.18322 7.20097 7.22752 7.24071 7.23401 7.23285 7.18239 7.13075 7.12670 7.23782 7.27634 7.25732 7.28737 7.28258 7.29138 7.30231 7.22887 -99999.00000 -99999.00000 -99999.00000 -99999.00000 -99999.00000 -99999.00000 -99999.00000 -99999.00000 -99999.00000 -99999.00000 -99999.00000 -99999.00000 -99999.00000 -99999.00000 -99999.00000 -99999.00000 -99999.00000 -99999.00000 -99999.00000 -99999.00000 -99999.00000 -99999.00000 -99999.00000 -99999.00000 -99999.00000 -99999.00000 -99999.00000 -99999.00000 -99999.00000 -99999.00000 -99999.00000 -99999.00000 -99999.00000
7.14174 7.23159 7.34318 7.28876 7.32074 7.35587 7.39427 7.39977 7.38786 7.38678 7.34151 7.35511 7.38281 7.38930 7.33019 7.22329 7.21373 7.24907 7.22460 7.20879 7.14976 7.15898 7.17958 7.17680 7.21644 7.28915 7.28225 7.23418 7.24203 7.27512 7.25893 7.32638 7.26878 7.26855 -99999.00000 -99999.00000 -99999.00000 -99999.00000 -99999.00000 -99999.00000 -99999.00000 -99999.00000 -99999.00000 -99999.00000 -99999.00000 -99999.00000 -99999.00000 -99999.00000 -99999.00000 -99999.00000 -99999.00000 -99999.00000 -99999.00000 -99999.00000 -99999.00000 -99999.00000 -99999.00000 -99999.00000 -99999.00000 -99999.00000 -99999.00000 -99999.00000 -99999.00000 -99999.00000 -99999.00000 -99999.00000
7.12965 6.80296 7.11651 7.30539 7.33092 7.36162 7.38219 7.39178 7.38574 7.37508 7.36576 7.35695 7.38269 7.36508 7.30116 7.25766 7.27069 7.22253 7.16897 7.09280 7.15687 7.22289 7.24649 7.25050 7.26906 7.31326 7.30933 7.27263 7.24259 7.26435 7.28025 7.31146 7.29798 7.29662 7.23945 7.19536 -99999.00000 -99999.00000 -99999.00000 -99999.00000 -99999.00000 -99999.00000 -99999.00000 -99999.00000 -99999.00000 -99999.00000 -99999.00000 -99999.00000 -99999.00000 -99999.00000 -99999.00000 -99999.00000 -99999.00000 -99999.00000 -99999.00000 -99999.00000 -99999.00000 -99999.00000 -99999.00000 -99999.00000 -99999.00000 -99999.00000 -99999.00000 -99999.00000 -99999.00000 -99999.00000
6.97992 7.01648 6.93515 7.25195 7.36279 7.40457 7.37540 7.40180 7.37001 7.33134 7.35523 7.36785 7.34215 7.33260 7.33075 7.26744 7.22956 7.19937 7.13300 7.13877 7.25344 7.28871 7.27915 7.30476 7.19642 7.19108 7.26261 7.26367 7.22470 7.24852 7.29574 7.24380 7.28325 7.32624 7.27505 7.24087 7.22669 -99999.00000 -99999.00000 -99999.00000 -99999.00000 -99999.00000 -99999.00000 -99999.00000 -99999.00000 -99999.00000 -99999.00000 -99999.00000 -99999.00000 -99999.00000 -99999.00000 -99999.00000 -99999.00000 -99999.00000 -99999.00000 -99999.00000 -99999.00000 -99999.00000 -99999.00000 -99999.00000 -99999.00000 -99999.00000 -99999.00000 -99999.00000 -99999.00000 -99999.00000
7.17989 6.92804 7.20928 7.34407 7.36148 7.37516 7.40427 7.40656 7.36205 7.33858 7.31018 7.31468 7.29729 7.31151 7.32607 7.25569 7.16390 7.25502 7.23906 7.18547 7.23478 7.22252 7.28636 7.29175 7.18763 7.10169 7.14545 7.22512 7.20327 7.21614 7.23702 7.20094 7.26781 7.33322 7.30730 7.21623 7.19563 7.20860 7.23245 -99999.00000 -99999.00000 -99999.00000 -99999.00000 -99999.00000 -99999.00000 -99999.00000 -99999.00000 -99999.00000 -99999.00000 -99999.00000 -99999.00000 -99999.00000 -99999.00000 -99999.00000 -99999.00000 -99999.00000 -99999.00000 -99999.00000 -99999.00000 -99999.00000 -99999.00000 -99999.00000 -99999.00000 -99999.00000 -99999.00000 -99999.00000
7.26331 7.29960 7.39879 7.38286 7.35499 7.35812 7.37195 7.40353 7.33583 7.30198 7.29487 7.32175 7.29587 7.25432 7.24935 7.22852 7.18069 7.29382 7.26220 7.21264 7.22818 7.19004 7.19822 7.22100 7.13319 7.02279 7.02278 7.20592 7.20434 7.24072 7.21296 7.19055 7.20189 7.30370 7.32090 7.24701 7.26274 7.30662 7.26888 7.16338 -99999.00000 -99999.00000 -99999.00000 -99999.00000 -99999.00000 -99999.00000 -99999.00000 -99999.00000 -99999.00000 -99999.00000 -99999.00000 -99999.00000 -99999.00000 -99999.00000 -99999.00000 -99999.00000 -99999.00000 -99999.00000 -99999.00000 -99999.00000 -99999.00000 -99999.00000 -99999.00000 -99999.00000 -99999.00000 -99999.00000
7.38811 7.42116 7.43251 7.39149 7.37241 7.39758 7.39040 7.42363 7.36970 7.25575 7.28943 7.33822 7.29009 7.26407 7.22569 7.22042 7.21470 7.28656 7.28479 7.26096 7.20765 7.18258 7.16499 7.18081 7.10186 6.95843 7.10661 7.22225 7.18465 7.24766 7.20675 7.13284 7.10445 7.18464 7.23816 7.18485 7.21208 7.27445 7.23935 7.11297 6.97233 -99999.00000 -99999.00000 -99999.00000 -99999.00000 -99999.00000 -99999.00000 -99999.00000 -99999.00000 -99999.00000 -99999.00000 -99999.00000 -99999.00000 -99999.00000 -99999.00000 -99999.00000 -99999.00000 -99999.00000 -99999.00000 -99999.00000 -99999.00000 -99999.00000 -99999.00000 -99999.00000 -99999.00000 -99999.00000
7.32779 7.41641 7.41814 7.37755 7.38978 7.37791 7.34602 7.37420 7.38356 7.36048 7.30231 7.29649 7.22671 7.22018 7.30476 7.26818 7.28184 7.27284 7.23607 7.20631 7.19360 7.12700 7.05803 7.09109 7.15036 7.08004 7.11361 7.21102 7.20492 7.20351 7.16543 7.02349 7.05726 7.15218 7.20653 7.14105 7.15979 7.19835 7.13232 7.02884 6.99238 6.89196 -99999.00000 -99999.00000 -99999.00000 -99999.00000 -99999.00000 -99999.00000 -99999.00000 -99999.00000 -99999.00000 -99999.00000 -99999.00000 -99999.00000 -99999.00000 -99999.00000 -99999.00000 -99999.00000 -99999.00000 -99999.00000 -99999.00000 -99999.00000 -99999.00000 -99999.00000 -99999.00000 -99999.00000
7.32305 7.38193 7.36417 7.35459 7.33947 7.32563 7.34041 7.35728 7.38414 7.38024 7.35353 7.37063 7.31562 7.24114 7.30695 7.31922 7.31421 7.34490 7.29929 7.21378 7.10059 7.01753 6.97626 7.01459 7.08142 7.01003 7.07419 7.16355 7.19110 7.15310 7.04358 7.03274 7.06713 7.17792 7.24530 7.18798 7.16130 7.12081 7.09807 7.05023 7.04246 7.03915 7.06513 -99999.00000 -99999.00000 -99999.00000 -99999.00000 -99999.00000 -99999.00000 -99999.00000 -99999.00000 -99999.00000 -99999.00000 -99999.00000 -99999.00000 -99999.00000 -99999.00000 -99999.00000 -99999.00000 -99999.00000 -99999.00000 -99999.00000 -99999.00000 -99999.00000 -99999.00000 -99999.00000
7.26978 7.36563 7.34751 7.18200 7.03634 7.23281 7.33868 7.38093 7.37732 7.35231 7.38881 7.38382 7.36163 7.34730 7.32938 7.34514 7.34417 7.35965 7.34001 7.26574 7.14549 7.02188 6.94718 6.95803 7.03045 7.04172 6.94790 7.06703 7.15844 7.07976 7.04682 7.02700 7.09481 7.15910 7.15037 7.07931 7.07176 7.12282 7.12936 7.08847 7.06206 7.05918 6.97707 6.89760 -99999.00000 -99999.00000 -99999.00000 -99999.00000 -99999.00000 -99999.00000 -99999.00000 -99999.00000 -99999.00000 -99999.00000 -99999.00000 -99999.00000 -99999.00000 -99999.00000 -99999.00000 -99999.00000 -99999.00000 -99999.00000 -99999.00000 -99999.00000 -99999.00000 -99999.00000
7.28852 7.38541 7.34234 6.92731 6.99437 6.97668 7.32607 7.37695 7.38409 7.39791 7.37814 7.38211 7.38031 7.37860 7.36382 7.34032 7.31170 7.28145 7.29259 7.22602 7.21344 7.10626 7.02310 6.98592 6.98109 7.03680 6.96422 6.95092 7.02388 6.96555 6.88876 6.95091 7.08614 7.08081 7.01790 7.08063 7.01804 7.12995 7.11941 7.06099 7.03044 6.96909 6.98726 7.01243 6.97767 -99999.00000 -99999.00000 -99999.00000 -99999.00000 -99999.00000 -99999.00000 -99999.00000 -99999.00000 -99999.00000 -99999.00000 -99999.00000 -99999.00000 -99999.00000 -99999.00000 -99999.00000 -99999.00000 -99999.00000 -99999.00000 -99999.00000 -99999.00000 -99999.00000
7.37602 7.38424 7.37190 7.18996 6.92148 7.19363 7.36930 7.39074 7.38378 7.39463 7.39251 7.38869 7.39128 7.37485 7.32850 7.28085 7.21499 7.19085 7.26062 7.22111 7.26114 7.21485 7.15937 7.12522 7.02189 6.97452 6.97671 6.97412 7.07458 7.12155 7.03895 6.93429 6.95671 6.98084 6.96497 7.05925 7.06244 7.11834 7.10970 7.03385 6.93564 6.91394 6.97921 7.02698 6.98050 -99999.00000 -99999.00000 -99999.00000 -99999.00000 -99999.00000 -99999.00000 -99999.00000 -99999.00000 -99999.00000 -99999.00000 -99999.00000 -99999.00000 -99999.00000 -99999.00000 -99999.00000 -99999.00000 -99999.00000 -99999.00000 -99999.00000 -99999.00000 -99999.00000
7.41763 7.37029 7.37390 7.35389 7.27924 7.27162 7.31314 7.35582 7.38663 7.39971 7.40138 7.41194 7.39976 7.34140 7.26310 7.03601 6.99841 7.16055 7.25671 7.23523 7.25337 7.23102 7.21842 7.22977 7.16586 7.02902 6.95111 6.94714 7.02097 7.09967 7.11804 7.01261 6.83994 6.83651 6.85780 6.92106 7.04051 7.10992 7.11595 7.03663 6.98963 6.95950 7.00646 6.94381 6.88704 6.86449 6.88816 -99999.00000 -99999.00000 -99999.00000 -99999.00000 -99999.00000 -99999.00000 -99999.00000 -99999.00000 -99999.00000 -99999.00000 -99999.00000 -99999.00000 -99999.00000 -99999.00000 -99999.00000 -99999.00000 -99999.00000 -99999.00000 -99999.00000
7.41383 7.37667 7.37581 7.26703 7.04510 6.83112 7.12657 7.27009 7.36576 7.38895 7.36476 7.35972 7.35057 7.28032 7.07735 6.97641 7.11002 7.15000 7.13190 7.16310 7.21274 7.20602 7.27252 7.30044 7.23407 7.15936 7.03761 6.95475 7.00166 7.04657 7.00624 6.99968 6.86195 6.75042 6.79171 6.84101 6.95017 7.06668 7.06551 7.05490 6.98946 7.00485 6.94388 6.88641 6.86388 6.84769 6.89770 7.00444 7.03774 -99999.00000 -99999.00000 -99999.00000 -99999.00000 -99999.00000 -99999.00000 -99999.00000 -99999.00000 -99999.00000 -99999.00000 -99999.00000 -99999.00000 -99999.00000 -99999.00000 -99999.00000 -99999.00000 -99999.00000
7.39805 7.33338 7.37152 7.12852 6.69213 6.80824 6.83619 7.19505 7.28688 7.36212 7.35689 7.31260 7.24066 7.21580 7.16459 7.00112 6.97789 7.08392 7.10232 7.16639 7.14111 7.20367 7.26530 7.31025 7.24176 7.17906 7.13989 6.98378 6.97466 7.11174 7.04952 6.96913 6.94580 6.89106 6.78750 6.83369 6.94671 7.04257 6.96768 6.90140 6.93662 6.90322 6.88432 6.89897 6.94431 6.88362 6.88783 6.96626 6.96051 6.84440 6.73802 -99999.00000 -99999.00000 -99999.00000 -99999.00000 -99999.00000 -99999.00000 -99999.00000 -99999.00000 -99999.00000 -99999.00000 -99999.00000 -99999.00000 -99999.00000 -99999.00000 -99999.00000
7.24737 6.97345 7.23789 7.28664 6.89312 6.60775 6.81200 7.09359 7.28270 7.27979 7.28331 7.24220 7.24197 7.25103 7.20760 7.21350 7.22112 7.09165 7.14318 7.19449 7.18911 7.11225 7.19127 7.28979 7.24601 7.21378 7.11436 6.98979 6.98831 7.10399 7.05435 6.94157 6.94825 7.01130 6.96235 6.94364 6.99476 7.02947 6.91443 6.72626 6.75874 6.78448 6.82513 6.87838 6.89480 6.93173 6.98224 6.96018 6.90713 6.84224 6.74706 6.62904 -99999.00000 -99999.00000 -99999.00000 -99999.00000 -99999.00000 -99999.00000 -99999.00000 -99999.00000 -99999.00000 -99999.00000 -99999.00000 -99999.00000 -99999.00000 -99999.00000
6.84027 6.96575 6.84994 7.22613 7.15626 6.72454 7.03979 6.92592 7.19751 7.29967 7.27215 7.23602 7.31899 7.27378 7.29036 7.30679 7.29511 7.22299 7.23452 7.24521 7.11676 7.11595 7.23482 7.25598 7.23251 7.20478 7.06119 6.98100 6.96858 7.05862 7.01078 6.95357 6.87949 6.95325 6.94513 6.95989 7.05195 7.05647 6.92485 6.83295 6.71056 6.80332 6.84983 6.81707 6.77404 6.82253 6.94093 6.95934 6.87839 6.80511 6.79268 6.77570 6.67971 6.59183 -99999.00000 -99999.00000 -99999.00000 -99999.00000 -99999.00000 -99999.00000 -99999.00000 -99999.00000 -99999.00000 -99999.00000 -99999.00000 -99999.00000
6.87608 6.69646 6.99976 7.24264 7.17620 6.88742 6.91960 6.98928 7.25126 7.28765 7.22311 7.20955 7.22989 7.23363 7.33748 7.33323 7.27667 7.26241 7.29838 7.32773 7.21130 7.15890 7.21671 7.23484 7.19209 7.15789 7.08462 6.99952 6.90971 6.86974 7.00250 7.00594 6.86045 6.93611 7.01140 7.02752 7.00072 6.99478 6.93619 6.76965 6.82807 6.92448 6.91036 6.91483 6.81236 6.74683 6.78411 6.86099 6.93316 6.97585 7.01430 6.93125 6.79309 6.72477 6.71124 -99999.00000 -99999.00000 -99999.00000 -99999.00000 -99999.00000 -99999.00000 -99999.00000 -99999.00000 -99999.00000 -99999.00000 -99999.00000
6.78652 7.03893 7.17419 7.16991 6.96365 6.44298 6.61490 6.51802 7.02374 7.15807 7.23054 7.18866 7.18367 7.23410 7.30159 7.33570 7.33209 7.28260 7.30464 7.31021 7.23677 7.20384 7.16233 7.14386 7.20373 7.21063 7.17716 7.03787 6.92983 6.90466 7.00724 6.99770 6.93329 6.91884 6.94547 6.96679 6.92817 6.95264 6.93717 6.87989 6.99650 7.00449 6.96929 6.96752 6.97124 6.92371 6.87889 6.94834 7.03733 7.06633 7.01797 6.95068 6.88057 6.75318 6.71144 6.79129 6.84002 -99999.00000 -99999.00000 -99999.00000 -99999.00000 -99999.00000 -99999.00000 -99999.00000 -99999.00000 -99999.00000
