mrvbf_slope1.1_pctl1.5.asc
NCOLS 410
NROWS 410
XLLCORNER 2398750.0000000000000000
YLLCORNER 2548750.0000000000000000
CELLSIZE 250.0000000000000000
NODATA_VALUE -99999.00000
[rows 348 to 376 of 410, columns 264 to 329 of 410]
3.84088 3.84977 3.85749 3.85672 3.84662 3.84506 3.86758 3.89562 3.90561 3.89902 3.88416 3.86436 3.86387 3.87419 3.88052 3.88293 3.87933 3.87429 3.87541 3.87240 3.86188 3.84136 3.81798 3.79782 3.79178 3.77101 3.73541 3.69776 3.65005 3.58531 3.48392 3.28761 2.91312 2.59441 2.32126 1.97490 1.81096 1.66882 1.39153 1.22140 1.59876 1.41606 0.78048 0.49704 0.73829 1.58370 2.19587 2.46790 2.49518 2.21643 1.22729 0.45683 0.49453 1.10735 1.54099 1.06977 0.90495 1.64152 1.32307 0.38792 0.29802 0.58691 0.90493 1.42871 1.59329 1.68989
3.85861 3.85669 3.86931 3.86778 3.84784 3.84487 3.86561 3.88699 3.89213 3.88688 3.87277 3.86303 3.87315 3.88840 3.89356 3.89235 3.88102 3.86824 3.86629 3.86473 3.84941 3.82530 3.82454 3.79712 3.78255 3.75313 3.71896 3.68566 3.63985 3.57295 3.46851 3.26945 2.86816 2.56347 2.25839 1.83910 1.65476 1.48567 0.93934 0.68128 1.40909 0.95651 0.51296 0.39268 0.50288 1.07728 1.95972 2.36221 2.47892 2.15883 1.58739 0.80755 0.51607 0.42617 0.67179 0.56874 0.37138 0.99979 1.14499 0.28982 0.22498 0.58137 1.09775 1.58524 1.70706 1.83904
3.86234 3.85288 3.85273 3.84974 3.83292 3.83687 3.85983 3.86689 3.86395 3.86184 3.85854 3.85996 3.87511 3.89078 3.89491 3.88967 3.87748 3.86433 3.86027 3.85848 3.84192 3.83371 3.81197 3.79271 3.76284 3.73677 3.71536 3.68424 3.63775 3.57364 3.47340 3.25223 2.80969 2.53451 2.23211 1.84366 1.58657 1.32276 0.61229 0.58857 1.25244 0.76812 0.41320 0.49957 0.46465 1.05936 1.88080 2.24622 2.40894 2.04574 1.77788 1.63898 1.27069 0.61938 0.51653 0.43604 0.33085 0.71631 1.43584 0.69498 0.45650 0.96200 1.52469 1.67529 1.72309 1.84004
3.81044 3.81397 3.82856 3.83067 3.81421 3.82055 3.84128 3.84048 3.83907 3.83958 3.84523 3.85722 3.87350 3.88473 3.88673 3.87987 3.86940 3.85846 3.85482 3.85626 3.85126 3.83261 3.80677 3.77683 3.75210 3.73829 3.72235 3.68729 3.63547 3.56389 3.45280 3.19898 2.77074 2.53158 2.21576 1.83224 1.57901 1.36465 0.92702 0.82282 0.96023 0.75574 0.70409 1.12316 0.85148 1.15296 1.73575 2.03087 2.27163 1.87891 1.60406 1.32645 1.43111 1.42093 0.75043 0.33738 0.21884 0.51359 1.11615 1.29501 0.99648 1.13220 1.34005 1.38163 1.31588 1.52468
3.82595 3.83536 3.84614 3.84250 3.81828 3.81137 3.82158 3.82539 3.83013 3.83615 3.84645 3.86310 3.87927 3.88533 3.88306 3.87628 3.86465 3.85142 3.84550 3.84874 3.85462 3.83620 3.80469 3.77760 3.76169 3.74680 3.72255 3.68550 3.62857 3.54081 3.39446 3.08416 2.74567 2.55708 2.13952 1.53380 1.40274 1.47487 1.44599 0.96657 0.65850 0.53567 0.62459 0.96138 0.97746 0.92215 1.48041 1.88785 2.06295 1.91135 1.66054 0.83794 0.66830 1.20363 0.72583 0.33562 0.24061 0.29648 0.50154 1.19438 1.45584 1.37111 1.37095 0.73936 0.37388 0.60745
3.85068 3.85023 3.85827 3.86042 3.83854 3.82219 3.82206 3.82799 3.83716 3.84805 3.85727 3.86849 3.87869 3.88511 3.88005 3.87376 3.85823 3.84267 3.83524 3.84666 3.84115 3.82927 3.80514 3.78378 3.77523 3.74837 3.71877 3.67878 3.61063 3.50695 3.32320 2.95438 2.67766 2.51854 2.06418 1.20371 0.97354 1.27796 1.39813 0.86798 0.49454 0.47673 0.48470 0.70884 0.90135 0.49426 1.14902 1.84638 1.98574 1.89993 1.77307 1.19423 0.47339 0.56077 0.62973 0.81609 0.79542 0.45409 0.32249 0.64282 1.51118 1.55650 1.39881 0.39441 0.21112 0.41375
3.86907 3.86284 3.85572 3.85236 3.84561 3.83537 3.83495 3.84186 3.85291 3.86444 3.86772 3.86721 3.86878 3.87159 3.86943 3.86585 3.84977 3.83485 3.84016 3.84199 3.83295 3.82368 3.80826 3.79016 3.77850 3.74717 3.71675 3.66610 3.58294 3.46771 3.26353 2.87995 2.65078 2.53632 2.28893 1.67718 1.36078 1.58158 1.74689 1.49833 1.14417 1.19631 1.24010 0.98918 0.72272 0.52072 1.47639 1.87418 1.95629 1.80623 1.59936 1.58443 0.93037 0.53209 0.50299 0.79742 1.47604 0.84847 0.32662 0.46979 1.44934 1.63592 1.49808 0.64351 0.33643 0.49830
3.83171 3.83330 3.83061 3.83310 3.84095 3.84490 3.85123 3.86073 3.87190 3.88198 3.88269 3.87312 3.86089 3.86243 3.86702 3.86431 3.84592 3.82574 3.83478 3.84462 3.82709 3.82110 3.81398 3.79001 3.76645 3.73187 3.70034 3.63554 3.54042 3.43078 3.23548 2.86087 2.65903 2.59318 2.51772 2.33850 1.98002 1.84569 1.91912 1.92478 1.78449 1.75696 1.75185 1.56830 0.76919 0.42166 1.06095 1.82613 1.93329 1.64096 0.80978 0.82035 0.88742 0.62823 0.34166 0.46953 1.13409 1.57779 1.13868 1.21873 1.64741 1.79449 1.80969 1.58179 0.95429 1.14093
3.80584 3.80504 3.81076 3.82533 3.84099 3.85358 3.86677 3.87845 3.88555 3.89094 3.89280 3.88082 3.87506 3.87727 3.88150 3.87449 3.85480 3.81993 3.82126 3.83585 3.82257 3.82683 3.81543 3.77905 3.75407 3.70412 3.65435 3.58128 3.49521 3.40041 3.21764 2.86725 2.67523 2.63329 2.61110 2.53501 2.39560 2.23283 2.11189 2.14271 2.13242 1.91453 1.76488 1.47945 0.71557 0.34893 0.39161 1.66022 1.93349 1.83819 1.36654 0.47130 0.43395 0.28729 0.21808 0.29309 0.64083 1.16898 1.28163 1.62267 1.80574 2.08840 2.24529 2.17035 1.84995 1.77014
3.80445 3.80584 3.81419 3.82923 3.84347 3.85509 3.86868 3.88249 3.89085 3.89803 3.90117 3.89547 3.88359 3.88626 3.88961 3.87935 3.85825 3.82860 3.82626 3.83844 3.83188 3.82534 3.80989 3.76017 3.72065 3.68564 3.62289 3.56336 3.49696 3.38824 3.15203 2.83242 2.70597 2.67524 2.65535 2.60910 2.52417 2.39438 2.26767 2.28325 2.15010 1.80608 1.61269 1.29751 0.69221 0.47977 0.84310 1.61854 1.90342 1.92905 1.78006 1.32471 0.56969 0.26911 0.35284 0.57094 1.10341 1.27946 1.45422 1.65764 1.90840 2.25333 2.35707 2.22901 2.16263 2.27209
3.79479 3.81381 3.82759 3.83672 3.84366 3.84971 3.86078 3.87831 3.89156 3.89826 3.90023 3.89736 3.88997 3.89172 3.89194 3.88252 3.86342 3.83884 3.82809 3.83673 3.83722 3.82841 3.80401 3.76809 3.68942 3.65256 3.62858 3.59009 3.51882 3.37848 3.08818 2.82085 2.73762 2.71592 2.69940 2.65503 2.55872 2.42132 2.34389 2.32553 2.06758 1.64411 1.29133 0.74085 0.54132 0.42089 0.76401 1.05401 1.76875 1.89704 1.83566 1.70644 1.42923 0.47593 0.35941 0.60670 1.36683 1.54008 1.60942 1.72283 2.12491 2.37722 2.35268 2.13556 2.20734 2.39277
3.79425 3.82420 3.84096 3.84380 3.84395 3.84485 3.85025 3.86402 3.87869 3.88776 3.88853 3.88272 3.88001 3.88639 3.88918 3.88140 3.86528 3.84193 3.82028 3.81789 3.82682 3.81941 3.79295 3.75712 3.67546 3.63630 3.64329 3.59837 3.50038 3.31328 3.02901 2.84494 2.76815 2.74076 2.71835 2.67632 2.58022 2.43719 2.34361 2.27570 2.06707 1.65437 1.27694 0.80143 0.53671 0.39862 0.36982 0.54634 1.67733 1.83657 1.63071 1.66380 1.69617 1.45961 0.73710 1.11188 1.54013 1.67408 1.72117 1.81620 2.22846 2.43092 2.38178 2.13030 2.14622 2.34084
3.79844 3.82069 3.84132 3.84521 3.84407 3.84413 3.84832 3.85652 3.86640 3.87353 3.87476 3.87484 3.88314 3.89091 3.89402 3.88789 3.87399 3.85255 3.82588 3.80712 3.80709 3.80285 3.78926 3.72279 3.65599 3.64477 3.63303 3.57128 3.43938 3.23263 3.02589 2.87697 2.78120 2.73964 2.71161 2.67193 2.59834 2.49740 2.41020 2.34734 2.28031 2.06602 1.60904 1.37959 1.00674 0.79589 0.65801 0.59120 1.58529 1.74251 1.28939 1.38274 1.70096 1.75463 1.61091 1.68773 1.69265 1.68945 1.69259 1.80941 2.24035 2.38757 2.28999 2.11649 2.17275 2.31810
3.79683 3.80425 3.82134 3.83417 3.84103 3.84515 3.85237 3.86321 3.87090 3.87357 3.87443 3.87956 3.88955 3.89444 3.89668 3.89135 3.88066 3.86705 3.84604 3.81764 3.80062 3.79994 3.78118 3.72516 3.67546 3.64186 3.60032 3.51731 3.37508 3.20317 3.03980 2.87424 2.77314 2.73044 2.70238 2.66992 2.62650 2.55726 2.53030 2.51391 2.40803 2.20299 1.87802 1.71993 1.57230 1.25887 0.67714 0.35736 0.85731 1.39689 1.06812 0.84468 1.47723 1.03164 0.36997 0.51198 1.26474 1.53039 1.59909 1.67982 1.92627 2.19873 2.22569 2.22814 2.34166 2.39421
3.78965 3.78814 3.80217 3.82304 3.83823 3.84553 3.85538 3.87218 3.88400 3.88370 3.87749 3.87461 3.87835 3.88799 3.89563 3.89286 3.88217 3.87010 3.85381 3.83029 3.80695 3.79620 3.77675 3.73646 3.67987 3.62197 3.54645 3.43929 3.30594 3.17034 3.01324 2.85462 2.76630 2.71806 2.68423 2.66423 2.64076 2.59881 2.60351 2.61253 2.53349 2.35381 2.03789 1.81048 1.68993 1.35970 0.74279 0.47764 0.64918 0.70349 0.53563 0.49429 1.02177 0.60640 0.19377 0.31995 0.58294 1.18823 1.44477 1.57641 1.66130 1.84309 1.92237 2.08197 2.32424 2.40545
3.75400 3.76807 3.79646 3.82560 3.84041 3.84026 3.85138 3.87575 3.89070 3.88493 3.87378 3.87067 3.86969 3.87435 3.88635 3.88711 3.87629 3.86558 3.84346 3.82271 3.81253 3.80827 3.77189 3.73791 3.67298 3.61462 3.51546 3.36011 3.20530 3.09884 2.99464 2.85367 2.75696 2.70002 2.66289 2.64749 2.63412 2.63826 2.64742 2.65005 2.56743 2.30423 1.83962 1.54927 1.32843 1.03170 1.08153 0.90876 0.53990 0.47799 0.43295 0.38370 0.75185 0.42469 0.17486 0.31363 0.56906 0.92035 1.21372 1.36604 1.18228 1.21721 1.44579 1.79918 2.23501 2.40339
3.74265 3.77554 3.81217 3.83826 3.83686 3.83142 3.85273 3.88190 3.89297 3.88546 3.87116 3.87232 3.87596 3.86875 3.87411 3.87555 3.86488 3.84516 3.82221 3.80129 3.79741 3.79943 3.77185 3.73281 3.66316 3.58891 3.48702 3.28392 3.06250 3.04110 3.00213 2.84579 2.74724 2.68828 2.65205 2.64921 2.66832 2.67784 2.65953 2.62703 2.53647 2.30902 1.90504 1.30124 0.78326 0.85639 1.31553 1.39151 0.77944 0.45262 0.38962 0.32420 0.53379 0.38869 0.22021 0.46088 0.62318 0.79089 1.05882 1.25530 0.97546 0.93383 1.24367 1.61097 2.06645 2.39621
3.76625 3.80043 3.82700 3.83286 3.82402 3.83480 3.86505 3.88314 3.88718 3.88558 3.87534 3.87416 3.88091 3.87467 3.86949 3.86797 3.84897 3.82521 3.81319 3.80986 3.80524 3.79322 3.76693 3.71433 3.61808 3.51650 3.41504 3.23315 2.98872 2.97492 2.95324 2.82860 2.74347 2.67994 2.64459 2.67702 2.71744 2.70859 2.64065 2.57684 2.52225 2.31286 1.82154 1.07818 0.91152 1.15742 1.61093 1.68225 1.51251 1.08352 0.95022 0.72265 0.70527 0.52163 0.33504 0.63269 0.65869 0.67903 0.88450 1.30597 1.44554 1.39304 1.22362 1.43918 1.89058 2.42001
3.78570 3.81105 3.82561 3.82387 3.82297 3.84490 3.86727 3.86721 3.86438 3.86915 3.87264 3.87838 3.88115 3.87546 3.86320 3.84990 3.83099 3.82560 3.82883 3.80849 3.78330 3.77037 3.73658 3.65376 3.53500 3.41735 3.32216 3.18061 3.07210 2.97259 2.88371 2.81077 2.75351 2.69421 2.64755 2.64401 2.68718 2.68845 2.61278 2.61529 2.62750 2.53851 2.37350 1.93975 1.51801 1.62763 1.61071 1.45867 1.09805 0.99051 1.20263 1.11808 0.74231 0.46851 0.41746 0.62897 0.49304 0.55751 0.63773 0.99874 1.42016 1.51716 1.44664 1.50401 1.86126 2.43558
3.78401 3.80480 3.82735 3.82697 3.81932 3.83627 3.84606 3.83866 3.84113 3.85532 3.86629 3.87614 3.87397 3.86518 3.85318 3.83739 3.83013 3.83861 3.82013 3.77860 3.73330 3.70432 3.66303 3.56146 3.44143 3.35103 3.29204 3.17557 2.98320 2.91105 2.86794 2.84015 2.77681 2.72907 2.68860 2.65577 2.63762 2.64992 2.62438 2.58061 2.60556 2.55187 2.46569 2.27990 2.09891 1.94379 1.67381 1.29296 0.64282 0.75995 1.27296 1.40649 0.73961 0.41809 0.33876 0.31946 0.18976 0.32088 0.47100 0.59257 1.09982 1.41973 1.44057 1.50511 1.78576 2.42695
3.76755 3.80436 3.83630 3.84054 3.82538 3.82119 3.82231 3.82242 3.83548 3.85305 3.85709 3.85951 3.85473 3.84991 3.84721 3.83913 3.83690 3.83008 3.78523 3.72576 3.67010 3.60814 3.55381 3.46947 3.39367 3.36493 3.34752 3.26858 3.09079 2.92382 2.81621 2.77527 2.76535 2.75288 2.74550 2.74160 2.71710 2.71198 2.72952 2.71640 2.70528 2.67642 2.61740 2.53756 2.38554 2.06098 1.72783 1.51834 1.41141 1.42166 1.65958 1.61689 0.90132 0.49563 0.45157 0.27643 0.15330 0.19163 0.37586 0.54848 0.92229 1.39729 1.43180 1.37889 1.59784 2.38728
3.75681 3.80958 3.83679 3.84654 3.84746 3.83344 3.82940 3.83419 3.83820 3.83866 3.83500 3.83000 3.82555 3.83776 3.84346 3.84405 3.83523 3.81605 3.74625 3.69019 3.65401 3.57891 3.50317 3.45259 3.43395 3.43876 3.40051 3.22949 2.95385 2.78744 2.71491 2.69199 2.69037 2.70235 2.72157 2.73870 2.73262 2.72348 2.74752 2.77310 2.79384 2.77484 2.72328 2.65189 2.52246 2.14704 1.64678 1.21044 1.51094 1.67965 1.79945 1.68699 0.75770 0.38526 0.60853 0.57617 0.36052 0.31647 0.55220 0.72608 1.09396 1.22544 1.15404 1.14132 1.41289 2.32870
3.74540 3.79223 3.81787 3.83695 3.84847 3.84537 3.84068 3.84431 3.84276 3.82321 3.80372 3.77792 3.79571 3.83558 3.84867 3.83687 3.81164 3.77453 3.70103 3.66152 3.65273 3.61453 3.55550 3.52045 3.51590 3.49128 3.37434 3.04376 2.72846 2.62171 2.59653 2.59976 2.61682 2.63701 2.66489 2.69931 2.71339 2.73465 2.77213 2.79488 2.78497 2.73682 2.67303 2.61599 2.55327 2.40506 1.96494 1.68243 1.76753 1.84015 1.83553 1.68124 1.38758 0.70567 0.82777 0.60731 0.53104 0.59919 0.57577 0.58774 0.64089 0.64863 0.79463 1.04032 1.47326 2.31515
3.72763 3.75736 3.78270 3.80825 3.82769 3.81990 3.80383 3.80686 3.81945 3.82196 3.76431 3.73693 3.79846 3.82728 3.83977 3.81777 3.78229 3.71198 3.65498 3.64005 3.65334 3.65031 3.61713 3.58690 3.55713 3.48962 3.26090 2.79791 2.55688 2.47012 2.48565 2.52420 2.55311 2.57270 2.59140 2.62664 2.67295 2.71400 2.74356 2.74507 2.69735 2.61135 2.55159 2.53720 2.46463 2.50255 2.37376 2.05596 1.91724 1.87350 1.84619 1.74606 1.72856 1.71475 1.61089 0.80872 0.60091 0.41642 0.32388 0.32248 0.37090 0.55648 0.88380 1.27629 1.53061 2.26968
3.74700 3.74808 3.76071 3.77066 3.77932 3.77864 3.76848 3.76568 3.76352 3.76819 3.74996 3.78960 3.79850 3.81073 3.81249 3.77591 3.71545 3.66400 3.64108 3.64949 3.67126 3.67158 3.64734 3.61186 3.55466 3.45221 3.09740 2.65277 2.46102 2.41043 2.44807 2.47276 2.48470 2.50881 2.51303 2.52217 2.57755 2.64927 2.67894 2.65944 2.61796 2.58397 2.57932 2.53961 2.35762 2.32422 2.42835 2.26135 1.94084 1.86647 1.78827 1.63653 1.68490 1.81489 1.88234 1.78980 1.44345 0.44187 0.32455 0.36629 0.41562 0.69168 1.24030 1.48557 1.60735 2.20583
3.77493 3.76282 3.76306 3.75135 3.71916 3.72901 3.79410 3.80061 3.78658 3.78132 3.79095 3.79744 3.81028 3.80058 3.77693 3.73269 3.68795 3.66259 3.65911 3.67718 3.68685 3.67193 3.64493 3.60241 3.54007 3.41189 2.95624 2.58306 2.45137 2.43081 2.46132 2.43917 2.34701 2.31648 2.19756 2.15809 2.35423 2.52007 2.58750 2.57932 2.58644 2.56422 2.48227 2.35101 2.26818 2.08596 2.22373 2.29996 1.93488 1.82010 1.60731 1.14130 1.37063 1.66071 1.69648 1.66468 1.61487 1.39318 1.29305 1.11701 1.10756 1.41255 1.56491 1.59869 1.59951 2.12112
3.77867 3.77114 3.76797 3.75111 3.68088 3.71559 3.79987 3.82864 3.81187 3.79030 3.76072 3.76029 3.77912 3.76933 3.74289 3.71434 3.69390 3.68243 3.69061 3.70043 3.68607 3.65409 3.61509 3.55992 3.48947 3.36027 2.88962 2.57222 2.47679 2.44516 2.44069 2.33951 2.00378 1.52350 1.18382 1.30352 1.93828 2.34460 2.49119 2.49932 2.52173 2.48544 2.33421 1.92943 2.01500 1.79730 1.95802 2.22760 1.89172 1.75004 1.47675 0.86917 1.26199 1.31295 0.51062 0.49724 0.61549 0.64411 0.66072 0.78803 1.31484 1.53787 1.58452 1.51149 1.47136 2.08983
3.79214 3.78385 3.77565 3.75667 3.66631 3.69929 3.78976 3.79473 3.76215 3.73033 3.73053 3.75212 3.75849 3.74733 3.72992 3.71864 3.70911 3.71122 3.71472 3.69728 3.66197 3.61755 3.56497 3.49032 3.39755 3.26855 2.88240 2.60290 2.51097 2.45400 2.38419 2.12667 1.53670 1.13646 1.18348 1.33428 1.53211 2.19908 2.43435 2.45207 2.43153 2.32301 2.07437 1.72453 1.85989 2.03444 1.78671 2.07631 1.81338 1.47742 1.21974 1.32846 1.25029 0.66807 0.36728 0.22324 0.19138 0.22861 0.33583 0.49389 0.90093 1.39246 1.44632 1.35639 1.47692 2.13117
3.82822 3.80135 3.78779 3.75698 3.65285 3.69075 3.73604 3.72889 3.72594 3.74234 3.76998 3.77958 3.77402 3.75894 3.74095 3.73187 3.72937 3.72897 3.71186 3.67960 3.63891 3.59007 3.53568 3.47810 3.37422 3.22154 2.92362 2.64301 2.54042 2.48071 2.40003 2.06112 1.35106 1.26016 1.46863 1.82481 2.02163 2.19155 2.41698 2.34362 2.06557 1.88620 1.83630 1.88896 1.87643 1.82226 1.72730 1.97216 1.80169 1.44370 0.89694 1.04372 0.81762 0.75005 0.67303 0.27857 0.12196 0.11193 0.23346 0.45898 0.65542 1.11208 1.15463 1.27233 1.62160 2.21457
