mrvbf_slope0.7_pctl0.8.asc
NCOLS 410
NROWS 410
XLLCORNER 2398750.0000000000000000
YLLCORNER 2548750.0000000000000000
CELLSIZE 250.0000000000000000
NODATA_VALUE -99999.00000
[rows 319 to 347 of 410, columns 198 to 263 of 410]
4.14663 4.21185 4.18224 4.08516 4.00483 3.99677 4.08255 4.04878 4.12726 3.91970 3.80377 3.81827 3.89565 3.95487 3.52785 3.44245 3.63574 3.65082 3.43155 3.23425 3.26104 3.36578 3.44149 3.47763 3.44215 3.24351 2.91537 3.11222 3.37872 3.32938 3.13009 3.07531 3.39174 3.56986 3.11713 2.60802 2.63039 2.78867 2.78178 2.71393 2.74586 2.88480 3.14948 3.44001 3.58404 3.53766 3.44035 3.44742 3.44256 3.23933 3.09522 3.12222 3.14321 3.16572 3.10045 2.60972 2.88692 3.40964 3.35149 3.43928 3.57344 3.65296 3.65680 3.54217 3.60705 3.74229
4.22014 4.26654 4.23884 3.93230 3.70871 3.77583 3.89089 4.00959 3.92171 3.91380 4.01658 4.03239 4.16626 4.03977 3.54334 3.40717 3.59011 3.81386 3.63737 3.42238 3.33808 3.50961 3.67043 3.67420 3.59226 3.33141 2.88296 2.94497 3.42264 3.55296 3.18179 3.03753 3.42853 3.33119 2.66271 2.48018 2.67485 2.81277 2.90964 3.00556 3.10568 3.28201 3.49812 3.70385 3.78402 3.74590 3.57678 3.41141 3.56609 3.55094 3.49096 3.40900 3.31830 3.29133 3.11750 2.51136 2.68884 3.16973 3.28407 3.50669 3.70055 3.62653 3.53377 3.53217 3.64464 3.61754
4.27400 4.25443 4.08154 3.69580 3.62370 3.72113 3.66775 3.70461 3.68661 3.75038 3.92816 4.15371 4.18484 3.95689 3.65294 3.46493 3.49372 3.66993 3.81601 3.62425 3.43695 3.52945 3.79455 3.64762 3.37132 3.09539 2.95808 3.15312 3.45736 3.62168 3.17527 3.13967 3.52245 3.21771 2.55696 2.58308 3.04378 3.23888 3.32030 3.40742 3.49019 3.61117 3.74916 3.85856 4.01224 4.09492 3.87817 3.49357 3.55123 3.52987 3.55466 3.54412 3.52023 3.45900 3.25941 2.86373 2.74949 3.09748 3.39196 3.60142 3.62518 3.52151 3.51791 3.63755 3.77677 3.57742
4.27535 4.16542 4.00247 3.67777 3.56729 3.73337 3.80769 3.81419 3.93748 3.83553 3.81801 4.01239 4.08683 4.03035 3.77614 3.57897 3.50309 3.59290 3.80283 3.75367 3.50617 3.54217 3.67421 3.41998 3.18593 3.21963 3.37890 3.38547 3.36795 3.46919 3.24059 3.05047 3.40532 3.09244 2.51325 2.64483 3.26946 3.53435 3.59444 3.62816 3.69143 3.80357 3.90045 3.95746 4.09439 4.19197 3.94737 3.52585 3.49679 3.42594 3.45339 3.38940 3.49891 3.52707 3.42488 3.26398 3.15441 3.32984 3.50152 3.60501 3.55953 3.51294 3.56230 3.71007 3.70380 3.52929
4.10223 3.76786 3.76197 3.73675 3.54416 3.60962 3.92511 3.93438 4.00521 3.98464 3.85157 3.90378 4.06672 3.90913 3.64095 3.53787 3.53105 3.66265 3.89305 3.75620 3.59888 3.66223 3.55280 3.32515 3.33909 3.51149 3.56328 3.54122 3.37529 3.24093 3.26182 3.03336 3.32208 3.04265 2.51138 2.65586 3.18977 3.34703 3.39969 3.46818 3.55205 3.66650 3.86710 3.99229 4.08780 4.15864 3.92895 3.69081 3.51543 3.45496 3.40542 3.34648 3.29428 3.38945 3.44111 3.44855 3.37850 3.41712 3.46853 3.50822 3.54974 3.59222 3.57193 3.61299 3.61535 3.53490
3.70563 3.52866 3.49939 3.54787 3.48505 3.58296 3.93542 4.01003 4.18225 4.00905 3.82231 3.76178 3.92116 3.67059 3.54257 3.53986 3.64521 3.87533 4.04748 3.88249 3.79470 3.74416 3.48714 3.35626 3.47262 3.62782 3.67920 3.84718 3.65866 3.39521 3.21989 3.26398 3.52693 3.25892 2.68968 2.67783 3.10880 3.31549 3.44171 3.56274 3.64760 3.65410 3.70503 3.91585 4.05021 4.16568 4.07880 3.84889 3.66884 3.54638 3.44477 3.55250 3.40602 3.40035 3.39324 3.38303 3.33671 3.31554 3.42456 3.52178 3.62114 3.69416 3.73293 3.70922 3.70084 3.63712
3.53619 3.49990 3.49122 3.46731 3.49603 3.70581 3.90789 4.07665 4.18101 3.86166 3.77445 3.64714 3.72505 3.63026 3.62704 3.74511 3.90260 3.99735 3.97897 3.86673 3.86481 3.72056 3.48073 3.43305 3.58319 3.68346 3.69674 3.90468 4.00722 3.69407 3.46388 3.43641 3.46201 3.16233 2.82961 2.93289 3.32164 3.55028 3.81494 4.00920 4.02296 3.83646 3.65670 3.72744 3.87160 3.96651 3.98467 3.87927 3.73886 3.57113 3.35492 3.42246 3.48379 3.52951 3.46126 3.42139 3.39341 3.39921 3.53866 3.70072 3.82606 3.84125 3.82584 3.85052 3.86463 3.76424
3.49297 3.51929 3.66788 3.67208 3.71601 3.84237 3.88775 4.13035 4.00800 3.75702 3.80939 3.65401 3.68649 3.77437 3.78540 3.77548 3.76910 3.83095 3.85421 3.73815 3.77812 3.64554 3.46114 3.48204 3.66582 3.70657 3.75452 3.77872 3.83626 3.66737 3.49616 3.39641 3.15108 2.76543 2.67320 2.93438 3.28945 3.49816 3.73686 3.83325 3.79369 3.62745 3.47099 3.49055 3.53430 3.54544 3.56503 3.51335 3.46106 3.43502 3.27193 3.19897 3.24283 3.27253 3.25296 3.33174 3.34507 3.32627 3.45353 3.65270 3.87364 3.96897 4.00677 4.03013 3.95536 3.85709
3.53274 3.52996 3.67940 3.76245 3.79108 3.85590 3.94580 4.25637 4.00130 3.75919 3.90672 3.81824 3.81206 3.96513 3.98478 3.85119 3.66871 3.64305 3.72902 3.64815 3.71192 3.56801 3.40460 3.47897 3.61195 3.67212 3.70527 3.68603 3.52501 3.33697 3.14292 3.02569 2.75323 2.59318 2.67434 3.00238 3.16111 3.17980 3.28417 3.30972 3.28520 3.22354 3.19647 3.31172 3.35658 3.31904 3.28530 3.26030 3.29459 3.37713 3.33385 3.22162 3.15554 3.07419 2.98881 2.99326 3.04795 3.03579 3.15916 3.43858 3.67094 3.91101 4.03456 3.98732 3.81527 3.73654
3.67814 3.74540 3.83496 3.90020 3.84674 3.90436 4.08308 4.34863 4.20649 3.81947 3.73355 3.79534 3.90230 4.02082 4.11918 3.95381 3.61567 3.57264 3.66690 3.59268 3.65603 3.49336 3.34952 3.46780 3.51367 3.59590 3.68147 3.47592 3.18312 2.93231 2.71011 2.56336 2.57252 2.60161 2.84078 3.17051 3.24219 3.15012 3.08242 3.07287 3.05417 3.04084 3.16547 3.29223 3.30650 3.26920 3.23267 3.27593 3.34936 3.42589 3.44630 3.38458 3.32479 3.26587 3.23668 3.09856 2.97613 2.85112 2.91654 3.17568 3.50312 3.74437 3.87596 3.79259 3.66831 3.65167
3.81527 3.93048 4.11529 4.27626 4.24060 4.13823 4.31602 4.41636 4.36136 4.13773 3.86941 3.81209 3.85946 4.02090 4.00616 3.77611 3.56743 3.59598 3.69049 3.62205 3.66438 3.48373 3.39372 3.52730 3.48115 3.50722 3.50427 3.21834 2.92313 2.88348 2.80994 2.58970 2.63257 2.76720 3.07185 3.27779 3.36138 3.37611 3.34173 3.33849 3.30972 3.27376 3.32305 3.32893 3.30286 3.30523 3.33174 3.39609 3.44052 3.48548 3.50445 3.48335 3.46140 3.45020 3.44466 3.38968 3.25784 2.97725 2.80906 2.98326 3.39933 3.62772 3.66332 3.60766 3.58760 3.63247
3.73834 3.96029 4.09624 4.32661 4.30848 4.17097 4.23626 4.34779 4.35918 4.26270 4.09365 3.94650 3.84655 3.92025 3.86750 3.65356 3.58002 3.68644 3.71855 3.70858 3.73960 3.52358 3.46605 3.59006 3.48088 3.45357 3.34694 2.95444 2.89614 3.02778 3.09103 3.07004 3.00534 3.11936 3.27291 3.36790 3.44493 3.50353 3.54449 3.54273 3.48645 3.44922 3.41153 3.35256 3.32265 3.32085 3.35350 3.42923 3.48344 3.51979 3.52454 3.48993 3.46120 3.45571 3.46562 3.46487 3.39740 3.11207 2.76488 2.87088 3.32781 3.50024 3.48773 3.48615 3.52612 3.58204
3.67980 3.94956 4.11915 4.20284 3.93833 3.72243 3.72753 4.01756 4.18595 3.97993 3.72112 3.62626 3.65013 3.80557 3.75295 3.60999 3.59880 3.68919 3.66431 3.73444 3.75306 3.53691 3.45815 3.52953 3.43693 3.36775 3.11128 2.72941 2.91808 3.09670 3.25632 3.35564 3.31986 3.33057 3.39941 3.45966 3.49504 3.54264 3.60112 3.58911 3.51483 3.45853 3.39992 3.35057 3.34276 3.36278 3.40907 3.46646 3.53141 3.57804 3.55066 3.48117 3.43186 3.41088 3.41661 3.43268 3.40785 3.17266 2.69655 2.68378 3.13953 3.24631 3.26555 3.36754 3.43478 3.45625
3.65215 3.80764 4.00619 3.91225 3.65608 3.57437 3.53173 3.61410 3.81654 3.66353 3.50717 3.44580 3.51478 3.67486 3.70770 3.59627 3.59828 3.66090 3.58468 3.66192 3.79261 3.57077 3.41358 3.37330 3.37874 3.38009 2.98879 2.74026 3.03023 3.23300 3.38210 3.42350 3.40563 3.41773 3.49487 3.55109 3.53903 3.56733 3.62724 3.59418 3.49231 3.41216 3.36320 3.35679 3.40482 3.48527 3.54171 3.54090 3.61358 3.67817 3.57543 3.47087 3.41336 3.37199 3.35106 3.36575 3.39222 3.31476 2.87617 2.52401 2.63340 2.82469 3.04300 3.23465 3.33480 3.33230
3.69092 3.69700 3.84620 3.80357 3.60320 3.57729 3.56017 3.50552 3.60015 3.51899 3.39108 3.44060 3.46888 3.57222 3.70480 3.62487 3.60722 3.66164 3.56979 3.59902 3.86755 3.70182 3.49842 3.32811 3.26744 3.23825 2.68856 2.55906 3.10625 3.36003 3.42426 3.42383 3.42095 3.45410 3.53210 3.57275 3.54261 3.56012 3.62865 3.57481 3.44355 3.35793 3.34425 3.39916 3.49857 3.58840 3.56606 3.56161 3.70159 3.74342 3.56621 3.46222 3.42276 3.37504 3.32061 3.31887 3.37343 3.40030 3.25632 2.85502 2.66521 2.86935 3.10034 3.20760 3.29544 3.31404
3.67388 3.69829 3.76838 3.83340 3.64793 3.54439 3.56172 3.52934 3.52507 3.44460 3.39407 3.54751 3.53766 3.57104 3.76742 3.73986 3.67518 3.63979 3.56251 3.66670 3.97268 3.85362 3.64102 3.50502 3.40385 3.19631 2.44177 2.28922 3.13002 3.38879 3.40265 3.40092 3.41199 3.44897 3.49822 3.50854 3.47665 3.48281 3.54626 3.50193 3.36104 3.29888 3.35559 3.47637 3.59163 3.59355 3.51701 3.58193 3.82242 3.75254 3.53006 3.45647 3.47261 3.44750 3.36059 3.32391 3.39595 3.46286 3.39497 3.25371 3.18104 3.25109 3.32530 3.35018 3.37915 3.41344
3.62722 3.73334 3.66708 3.72752 3.79032 3.63386 3.56113 3.62265 3.54895 3.48332 3.52927 3.65027 3.61773 3.61572 3.78568 3.86929 3.79463 3.72389 3.64933 3.77440 3.80981 3.63358 3.53400 3.42006 3.20818 2.81077 2.28301 2.31918 3.21995 3.37086 3.35880 3.36849 3.39525 3.42861 3.44787 3.42724 3.37294 3.34079 3.37141 3.34850 3.23515 3.25801 3.41504 3.59328 3.66505 3.57414 3.48203 3.59531 3.91091 3.75123 3.50216 3.46308 3.55433 3.57606 3.43568 3.32429 3.41914 3.52023 3.44928 3.32565 3.25536 3.31485 3.38206 3.42291 3.47049 3.48492
3.55438 3.53017 3.54451 3.58513 3.72400 3.81745 3.63055 3.59563 3.57959 3.56029 3.63252 3.76612 3.67188 3.63686 3.75765 3.82284 3.68218 3.60447 3.52754 3.55782 3.54895 3.49311 3.45536 3.33125 3.05731 2.71719 2.45610 2.91657 3.29970 3.31440 3.32133 3.35907 3.40331 3.43173 3.42917 3.37992 3.28680 3.18420 3.14376 3.13048 3.14473 3.30031 3.51573 3.68627 3.64776 3.58456 3.50386 3.56377 3.84611 3.74726 3.51344 3.48934 3.61072 3.65268 3.44862 3.33494 3.46461 3.51395 3.46468 3.40009 3.30607 3.32765 3.39191 3.43760 3.49855 3.51440
3.33283 3.43345 3.52034 3.53936 3.62866 3.72231 3.61931 3.61194 3.60034 3.60143 3.68592 3.77213 3.67446 3.61254 3.66370 3.72569 3.60234 3.58255 3.52992 3.49623 3.51960 3.55035 3.53986 3.43685 3.24721 3.00159 2.95780 3.25354 3.30082 3.28114 3.32295 3.38954 3.44646 3.47754 3.47157 3.41806 3.32226 3.20148 3.13669 3.15199 3.25637 3.41483 3.54686 3.55122 3.54392 3.61201 3.60757 3.54588 3.67726 3.72940 3.57465 3.53312 3.60442 3.63742 3.46052 3.38015 3.48574 3.46378 3.40499 3.42353 3.40410 3.41636 3.45017 3.47454 3.50115 3.53857
3.40250 3.54435 3.55487 3.55332 3.68525 3.80720 3.75467 3.67093 3.57748 3.57831 3.71663 3.85306 3.73978 3.64080 3.62312 3.70468 3.60062 3.58381 3.63216 3.59850 3.62390 3.69622 3.63724 3.49198 3.30656 3.06042 3.10872 3.31831 3.30805 3.29678 3.36048 3.44376 3.51220 3.55239 3.55364 3.52440 3.48884 3.45560 3.44954 3.47597 3.51684 3.55678 3.46119 3.39383 3.53610 3.66375 3.66737 3.59988 3.63171 3.76171 3.71088 3.60366 3.57853 3.58874 3.45232 3.20937 3.21198 3.20368 3.24148 3.38068 3.42452 3.44779 3.48792 3.50683 3.50678 3.53486
3.55425 3.53532 3.49903 3.58927 3.85937 4.05080 3.84870 3.70021 3.56255 3.53592 3.65495 3.84479 3.77046 3.65261 3.58908 3.64486 3.56040 3.54826 3.61222 3.65649 3.66587 3.75754 3.68271 3.50114 3.28886 3.11250 3.17157 3.30067 3.31259 3.31919 3.39250 3.48361 3.56095 3.60655 3.61200 3.60650 3.63844 3.72695 3.76311 3.77311 3.68631 3.58373 3.33691 3.34100 3.62151 3.66731 3.63908 3.64967 3.65614 3.80992 3.86805 3.68945 3.54099 3.44107 3.38598 3.18908 2.98082 3.03770 3.23384 3.38524 3.42690 3.45290 3.49817 3.52203 3.52853 3.55333
3.55465 3.55241 3.58470 3.74987 4.07769 4.22208 4.09970 3.86046 3.61674 3.54669 3.63605 3.80866 3.72974 3.64265 3.60644 3.61912 3.56713 3.51237 3.56553 3.64972 3.62956 3.68479 3.59485 3.39698 3.19565 3.20503 3.32230 3.36853 3.35188 3.35081 3.40723 3.49075 3.57059 3.62280 3.62798 3.59638 3.55107 3.50925 3.49621 3.47911 3.41850 3.32148 3.24673 3.46857 3.79653 3.70652 3.65107 3.58683 3.65533 3.81651 3.84298 3.77026 3.58199 3.36747 3.24630 3.32265 3.29295 3.34802 3.44806 3.47750 3.47707 3.47648 3.47922 3.49925 3.53949 3.57920
3.67472 3.63759 3.59363 3.67879 3.94058 4.18774 4.19807 3.94586 3.66146 3.56968 3.62764 3.78982 3.70959 3.65908 3.64479 3.62131 3.58019 3.55187 3.57527 3.64322 3.58934 3.56436 3.44187 3.25355 3.24791 3.37481 3.44723 3.43425 3.39147 3.38402 3.43035 3.50805 3.59225 3.64829 3.63950 3.57045 3.48408 3.41832 3.41726 3.42392 3.40493 3.39373 3.48302 3.80049 4.07501 3.91462 3.67838 3.62137 3.69509 3.61712 3.55633 3.62400 3.60451 3.34999 3.10462 3.29545 3.47571 3.54080 3.56170 3.55687 3.57259 3.54461 3.49304 3.50461 3.54654 3.57055
3.67186 3.59021 3.56650 3.56774 3.69563 4.00183 4.11425 3.90079 3.66371 3.56265 3.57990 3.65969 3.63593 3.60294 3.61669 3.64503 3.62159 3.56123 3.57255 3.63820 3.56158 3.46710 3.34094 3.30383 3.38741 3.46884 3.49501 3.45673 3.41448 3.41265 3.45708 3.54108 3.65610 3.72441 3.68170 3.60133 3.55627 3.56961 3.61300 3.65040 3.67724 3.74957 3.91747 4.12675 4.10483 3.84004 3.65147 3.60037 3.53146 3.36988 3.32131 3.45430 3.52514 3.19557 2.93520 3.31632 3.53687 3.55872 3.54894 3.57633 3.63017 3.58836 3.54847 3.54470 3.55374 3.56190
3.72309 3.65460 3.65116 3.57078 3.63382 3.83884 3.90104 3.72919 3.58631 3.50223 3.52365 3.58639 3.59009 3.56111 3.56121 3.59015 3.57661 3.50245 3.55126 3.62598 3.55795 3.45163 3.39184 3.40619 3.46495 3.48346 3.46575 3.43285 3.41401 3.39199 3.43501 3.54173 3.70918 3.81818 3.77010 3.74508 3.80074 3.92485 3.99228 4.02654 4.06071 4.12211 4.18353 4.09206 3.80386 3.58098 3.54618 3.52549 3.42420 3.25899 3.24381 3.31055 3.45242 3.03573 2.96290 3.44535 3.53184 3.49781 3.51273 3.57375 3.58830 3.55129 3.55395 3.48924 3.53277 3.58926
3.85613 3.71104 3.69301 3.60586 3.60250 3.67724 3.68026 3.60116 3.50165 3.47027 3.52603 3.58684 3.61219 3.57043 3.53472 3.50390 3.44792 3.42971 3.54379 3.60807 3.54771 3.47882 3.46184 3.48459 3.50676 3.51079 3.49128 3.46762 3.39194 3.30975 3.35836 3.50284 3.63964 3.73695 3.79834 3.88245 3.94320 3.98707 4.02881 4.05567 4.06536 4.06317 4.03716 3.86273 3.58235 3.47762 3.54424 3.53042 3.43180 3.32005 3.34332 3.29705 3.42305 3.07331 3.18445 3.52642 3.51766 3.47125 3.52389 3.60199 3.58390 3.48725 3.42792 3.46493 3.59020 3.66429
3.83189 3.68633 3.67276 3.62799 3.58086 3.59176 3.60283 3.57937 3.51332 3.51419 3.57750 3.64031 3.65253 3.61065 3.58777 3.49229 3.38383 3.44313 3.54644 3.58130 3.55544 3.52435 3.52893 3.54642 3.57577 3.58240 3.53319 3.45765 3.31400 3.22671 3.33859 3.46879 3.53737 3.60169 3.69275 3.70462 3.62621 3.59101 3.60940 3.64344 3.66553 3.65489 3.62772 3.57779 3.44006 3.39250 3.44492 3.43326 3.46378 3.45330 3.43079 3.45969 3.48044 3.30017 3.37529 3.51664 3.52890 3.54172 3.58195 3.59988 3.60424 3.54328 3.51126 3.64977 3.77535 3.77894
3.72116 3.64271 3.67912 3.67774 3.64310 3.62506 3.63429 3.63696 3.53978 3.53966 3.62266 3.69448 3.68144 3.65875 3.62594 3.55858 3.53610 3.55564 3.57830 3.58889 3.60434 3.59759 3.58747 3.57409 3.56670 3.57020 3.51383 3.38805 3.18450 3.18190 3.36080 3.39802 3.46695 3.53514 3.54149 3.42164 3.27120 3.14471 3.10371 3.18466 3.25275 3.22080 3.16451 3.23278 3.27022 3.28111 3.31942 3.31340 3.42299 3.57010 3.54508 3.58242 3.56267 3.46247 3.51634 3.58584 3.60732 3.66077 3.65693 3.59208 3.54599 3.53752 3.60556 3.78255 3.90165 3.79441
3.72969 3.64558 3.65748 3.71868 3.71899 3.69465 3.67986 3.65701 3.53740 3.53415 3.63991 3.70134 3.70153 3.68090 3.65346 3.62339 3.61163 3.62960 3.63060 3.62357 3.64590 3.65935 3.62814 3.59807 3.58410 3.58321 3.51040 3.35212 3.20530 3.27394 3.32086 3.42731 3.49602 3.44910 3.24695 2.90769 2.67193 2.57073 2.61194 2.79585 2.93248 2.88984 2.85560 2.96870 3.23332 3.28274 3.33403 3.39463 3.42886 3.48795 3.49747 3.55949 3.56506 3.51342 3.60256 3.70534 3.74349 3.74838 3.67201 3.63023 3.56472 3.49815 3.54234 3.69065 3.84302 3.73306
