mrvbf_slope1.1_pctl1.5.asc
NCOLS 410
NROWS 410
XLLCORNER 2398750.0000000000000000
YLLCORNER 2548750.0000000000000000
CELLSIZE 250.0000000000000000
NODATA_VALUE -99999.00000
[rows 58 to 86 of 410, columns 0 to 65 of 410]
-99999.00000 -99999.00000 -99999.00000 -99999.00000 -99999.00000 7.81270 7.81424 7.81324 7.81362 7.81339 7.81295 7.81138 7.80651 7.79298 7.79365 7.78863 7.80279 7.80850 7.80730 7.80700 7.80886 7.81245 7.81272 7.80710 7.80137 7.80013 7.79486 7.78625 7.77843 7.77855 7.78447 7.78396 7.79006 7.79196 7.80195 7.80996 7.81091 7.80611 7.80072 7.79797 7.79346 7.78919 7.78587 7.78476 7.78393 7.78443 7.78851 7.79593 7.80296 7.80827 7.81046 7.80785 7.80191 7.80056 7.80508 7.80495 7.80224 7.80116 7.80264 7.80475 7.79726 7.79668 7.79986 7.80518 7.81007 7.80914
-99999.00000 -99999.00000 -99999.00000 -99999.00000 -99999.00000 7.80001 7.80334 7.80539 7.80711 7.81038 7.81199 7.81204 7.81043 7.80489 7.79644 7.79220 7.80325 7.80922 7.80937 7.80985 7.81300 7.81552 7.81413 7.80851 7.79913 7.78811 7.78895 7.79331 7.78582 7.77282 7.77528 7.79048 7.80254 7.80022 7.80410 7.80985 7.80876 7.80108 7.79786 7.79838 7.79650 7.79355 7.79325 7.79217 7.78992 7.78958 7.79245 7.79781 7.80287 7.80610 7.80649 7.80475 7.80401 7.80648 7.80662 7.80111 7.79454 7.78994 7.79621 7.80105 7.80297 7.80180 7.80500 7.80828 7.80911 7.80866
-99999.00000 -99999.00000 -99999.00000 -99999.00000 -99999.00000 7.78929 7.79157 7.79499 7.79668 7.80104 7.80551 7.80892 7.80953 7.80446 7.79555 7.78762 7.80064 7.81001 7.81303 7.81455 7.81618 7.81652 7.81401 7.80806 7.79769 7.78448 7.79138 7.80781 7.80442 7.78435 7.76446 7.77031 7.78861 7.79057 7.79621 7.80643 7.80618 7.79900 7.79974 7.80248 7.80273 7.80334 7.80277 7.79895 7.79580 7.79750 7.79996 7.79973 7.80040 7.80129 7.80145 7.80216 7.80526 7.80914 7.80632 7.79808 7.79182 7.78241 7.78389 7.79312 7.79473 7.80345 7.80431 7.80140 7.80019 7.80212
-99999.00000 -99999.00000 -99999.00000 -99999.00000 -99999.00000 7.79218 7.79366 7.79709 7.79824 7.79789 7.80015 7.80491 7.80757 7.80364 7.79549 7.79286 7.80028 7.80740 7.81218 7.81414 7.81517 7.81570 7.81364 7.80782 7.79828 7.78442 7.78605 7.80580 7.80447 7.78910 7.75245 7.74874 7.77976 7.78386 7.78653 7.80020 7.80574 7.79928 7.79900 7.80350 7.80419 7.80701 7.80747 7.80296 7.79813 7.80067 7.80248 7.79812 7.79607 7.79642 7.79826 7.80242 7.80768 7.81076 7.80696 7.79515 7.78784 7.78838 7.78316 7.78671 7.79007 7.79793 7.79682 7.79388 7.79321 7.79474
-99999.00000 -99999.00000 -99999.00000 -99999.00000 -99999.00000 7.79842 7.79943 7.80124 7.80214 7.80305 7.80160 7.80145 7.80604 7.80426 7.79765 7.80364 7.80433 7.80683 7.81198 7.81345 7.81400 7.81372 7.81267 7.80847 7.79990 7.78811 7.77635 7.79170 7.79866 7.78898 7.74828 7.74581 7.78482 7.78571 7.78247 7.79727 7.80708 7.79902 7.79404 7.79901 7.79985 7.80561 7.80922 7.80702 7.80258 7.80273 7.80138 7.79632 7.79382 7.79495 7.79974 7.80578 7.80973 7.81069 7.80859 7.80144 7.78939 7.79035 7.79570 7.79337 7.78868 7.79260 7.79247 7.79205 7.79316 7.79028
-99999.00000 -99999.00000 -99999.00000 -99999.00000 -99999.00000 7.80002 7.79828 7.79576 7.79568 7.79799 7.79880 7.80113 7.80400 7.79904 7.79437 7.80393 7.80493 7.80684 7.81239 7.81384 7.81513 7.81428 7.81188 7.80870 7.80042 7.78661 7.77072 7.78016 7.79639 7.78101 7.73845 7.75184 7.78546 7.78340 7.78277 7.79923 7.80843 7.79874 7.78689 7.79247 7.79540 7.80019 7.80807 7.80848 7.80578 7.80591 7.80262 7.79664 7.79435 7.79711 7.80322 7.80758 7.80897 7.80837 7.80673 7.80398 7.79713 7.79488 7.79988 7.79743 7.78984 7.79007 7.79349 7.79019 7.78847 7.78716
-99999.00000 -99999.00000 -99999.00000 -99999.00000 -99999.00000 7.79792 7.79465 7.79138 7.79480 7.80175 7.80316 7.80040 7.79887 7.79159 7.79635 7.79924 7.80276 7.80704 7.81181 7.81335 7.81576 7.81583 7.81267 7.80674 7.80025 7.79246 7.77698 7.76924 7.78366 7.77015 7.75199 7.77045 7.78603 7.78051 7.78626 7.80319 7.80902 7.80054 7.78408 7.78650 7.79662 7.79790 7.80409 7.80636 7.80378 7.80354 7.79954 7.79412 7.79335 7.79779 7.80380 7.80625 7.80551 7.80292 7.79963 7.79769 7.79573 7.79723 7.80086 7.79942 7.79327 7.78875 7.78812 7.78824 7.78540 7.78101
-99999.00000 -99999.00000 -99999.00000 -99999.00000 -99999.00000 7.79691 7.79342 7.79172 7.79759 7.80304 7.79816 7.78683 7.79028 7.79562 7.79145 7.79842 7.80356 7.80842 7.81118 7.81132 7.81393 7.81534 7.81300 7.80667 7.80254 7.79982 7.78714 7.78500 7.78832 7.78514 7.78366 7.78452 7.78950 7.78515 7.79271 7.80583 7.80940 7.80450 7.78885 7.78295 7.79422 7.79997 7.80352 7.80446 7.80075 7.80070 7.79802 7.79135 7.79029 7.79451 7.80013 7.80111 7.79578 7.78799 7.78668 7.78985 7.79380 7.79830 7.80104 7.80024 7.79598 7.79111 7.78742 7.78484 7.78466 7.78857
-99999.00000 -99999.00000 -99999.00000 -99999.00000 -99999.00000 7.79866 7.79296 7.79078 7.79724 7.80124 7.78491 7.78497 7.78586 7.79328 7.79726 7.79728 7.80474 7.81012 7.81195 7.81067 7.81120 7.81351 7.81328 7.80836 7.80444 7.80283 7.79660 7.79751 7.80153 7.80083 7.80054 7.80176 7.79819 7.79293 7.79804 7.80681 7.80943 7.80663 7.79579 7.78574 7.79152 7.79939 7.80305 7.80272 7.79792 7.79758 7.79916 7.79418 7.79192 7.79327 7.79470 7.79063 7.78002 7.77507 7.78158 7.78961 7.79593 7.80033 7.80208 7.80158 7.79877 7.79519 7.79255 7.79089 7.79153 7.79544
-99999.00000 -99999.00000 -99999.00000 -99999.00000 -99999.00000 7.79886 7.79138 7.79475 7.80045 7.80021 7.79144 7.78794 7.79041 7.79888 7.79755 7.80244 7.80661 7.81019 7.81227 7.81102 7.80982 7.81187 7.81313 7.81042 7.80702 7.80645 7.80307 7.80240 7.80609 7.80533 7.80574 7.80762 7.80268 7.79692 7.79967 7.80661 7.80933 7.80756 7.80155 7.79233 7.79199 7.79877 7.80240 7.80232 7.79742 7.79379 7.79601 7.79828 7.79817 7.79748 7.79446 7.78643 7.78030 7.78492 7.78811 7.79252 7.79801 7.80168 7.80283 7.80220 7.80035 7.79815 7.79691 7.79570 7.79472 7.79624
-99999.00000 -99999.00000 -99999.00000 -99999.00000 -99999.00000 7.79697 7.79341 7.79290 7.79998 7.80226 7.80111 7.79678 7.79920 7.80213 7.80073 7.80462 7.80660 7.80882 7.80966 7.80867 7.80858 7.81090 7.81224 7.81063 7.80811 7.80775 7.80476 7.80298 7.80605 7.80642 7.80446 7.80528 7.80309 7.79775 7.79802 7.80422 7.80824 7.80684 7.80195 7.79616 7.79528 7.80057 7.80409 7.80479 7.80210 7.79744 7.79647 7.80056 7.80309 7.80240 7.79858 7.79332 7.79120 7.79217 7.79194 7.79501 7.79982 7.80246 7.80286 7.80195 7.80031 7.79849 7.79740 7.79628 7.79384 7.79267
-99999.00000 -99999.00000 -99999.00000 -99999.00000 -99999.00000 7.79021 7.78894 7.79160 7.79742 7.79724 7.79870 7.80097 7.80303 7.80189 7.80280 7.80271 7.80276 7.80316 7.80414 7.80542 7.80620 7.80806 7.80992 7.80778 7.80478 7.80456 7.80186 7.80066 7.80481 7.80676 7.80316 7.80023 7.79950 7.79574 7.79545 7.80112 7.80564 7.80288 7.79506 7.79065 7.79386 7.79996 7.80411 7.80606 7.80553 7.80335 7.80061 7.80187 7.80447 7.80419 7.80169 7.79945 7.79748 7.79517 7.79523 7.79904 7.80209 7.80288 7.80235 7.80126 7.79970 7.79744 7.79543 7.79418 7.79168 7.78813
-99999.00000 -99999.00000 -99999.00000 -99999.00000 -99999.00000 7.78297 7.78310 7.78830 7.79454 7.79345 7.79259 7.79171 7.79522 7.80112 7.80110 7.79774 7.79481 7.79532 7.79742 7.79947 7.80163 7.80405 7.80561 7.80273 7.79944 7.79972 7.79718 7.79589 7.80146 7.80351 7.79521 7.78916 7.79132 7.78947 7.79110 7.79869 7.80308 7.79744 7.78972 7.79026 7.79507 7.79839 7.80121 7.80502 7.80576 7.80471 7.80266 7.80233 7.80354 7.80353 7.80254 7.80167 7.80020 7.79849 7.79948 7.80196 7.80277 7.80211 7.80058 7.79914 7.79805 7.79614 7.79298 7.79105 7.79018 7.78732
-99999.00000 -99999.00000 -99999.00000 -99999.00000 -99999.00000 7.77560 7.78722 7.78866 7.79393 7.79391 7.79054 7.78429 7.78123 7.78672 7.79723 7.79940 7.79676 7.79592 7.79668 7.79745 7.79678 7.79877 7.79950 7.79592 7.79329 7.79575 7.79450 7.79224 7.79769 7.79594 7.78484 7.78506 7.78479 7.78101 7.78627 7.79656 7.80097 7.79675 7.78761 7.78856 7.79668 7.79880 7.79889 7.80230 7.80381 7.80252 7.80136 7.80188 7.80272 7.80284 7.80235 7.80163 7.80080 7.80029 7.80113 7.80205 7.80172 7.79976 7.79737 7.79535 7.79396 7.79307 7.79133 7.78944 7.78928 7.79069
-99999.00000 -99999.00000 -99999.00000 -99999.00000 -99999.00000 7.77791 7.78414 7.79093 7.79290 7.79143 7.79044 7.78603 7.77138 7.77849 7.79509 7.80221 7.80368 7.80228 7.80032 7.79848 7.79500 7.79634 7.79531 7.79058 7.78641 7.78655 7.78703 7.79104 7.79841 7.79238 7.78570 7.79023 7.78526 7.77807 7.78181 7.79128 7.79567 7.79385 7.78737 7.78780 7.79615 7.79913 7.79860 7.80083 7.80174 7.80071 7.80091 7.80182 7.80233 7.80230 7.80185 7.80112 7.80063 7.80055 7.80089 7.80085 7.79929 7.79655 7.79395 7.79142 7.78899 7.78828 7.79072 7.79149 7.78903 7.78737
-99999.00000 -99999.00000 -99999.00000 -99999.00000 -99999.00000 7.78721 7.79422 7.79504 7.79306 7.79251 7.79383 7.78872 7.77448 7.77709 7.79276 7.80079 7.80464 7.80347 7.79719 7.78974 7.78558 7.78538 7.79025 7.78660 7.78108 7.77995 7.78297 7.79203 7.79649 7.79146 7.78659 7.78937 7.78895 7.78172 7.78035 7.78502 7.78842 7.78901 7.78764 7.79088 7.79674 7.79767 7.79799 7.80075 7.80085 7.80030 7.80101 7.80143 7.80165 7.80160 7.80128 7.80078 7.80035 7.80024 7.80016 7.79926 7.79684 7.79367 7.79092 7.78856 7.78653 7.78547 7.78812 7.79235 7.79236 7.78772
-99999.00000 -99999.00000 -99999.00000 -99999.00000 -99999.00000 7.79780 7.79887 7.79987 7.79706 7.79659 7.79455 7.78844 7.77858 7.77978 7.79024 7.79635 7.80128 7.80229 7.79513 7.78577 7.78524 7.78252 7.77880 7.77366 7.77181 7.77759 7.78454 7.79043 7.79097 7.78863 7.78488 7.78667 7.78923 7.78391 7.78257 7.78598 7.78927 7.79156 7.79255 7.79482 7.79578 7.79570 7.79794 7.80059 7.80016 7.79893 7.79951 7.80013 7.80042 7.80062 7.80058 7.80031 7.79995 7.79966 7.79925 7.79811 7.79526 7.79082 7.78752 7.78641 7.78704 7.78706 7.78532 7.78969 7.79352 7.79038
-99999.00000 -99999.00000 -99999.00000 -99999.00000 -99999.00000 7.79454 7.79487 7.79769 7.79704 7.79311 7.78988 7.78599 7.77659 7.77598 7.78681 7.79192 7.79555 7.79996 7.79731 7.78905 7.78368 7.77948 7.76968 7.76707 7.76868 7.76603 7.77406 7.77818 7.78089 7.78059 7.77835 7.78292 7.78579 7.78193 7.78261 7.78844 7.79344 7.79582 7.79593 7.79596 7.79528 7.79643 7.79890 7.79975 7.79895 7.79731 7.79738 7.79831 7.79874 7.79917 7.79943 7.79931 7.79908 7.79877 7.79816 7.79707 7.79483 7.78953 7.78408 7.78394 7.78766 7.78962 7.78552 7.78625 7.79002 7.78927
-99999.00000 -99999.00000 -99999.00000 -99999.00000 -99999.00000 7.79354 7.79417 7.79496 7.79393 7.78977 7.78941 7.78329 7.77572 7.77616 7.77973 7.78348 7.78555 7.79287 7.79586 7.79149 7.78637 7.77910 7.76739 7.77607 7.78078 7.75748 7.75176 7.76753 7.77750 7.77816 7.77841 7.78525 7.78463 7.77734 7.77845 7.78746 7.79353 7.79603 7.79626 7.79576 7.79611 7.79716 7.79808 7.79815 7.79712 7.79538 7.79536 7.79666 7.79707 7.79734 7.79779 7.79791 7.79782 7.79758 7.79700 7.79595 7.79412 7.78971 7.78261 7.78116 7.78622 7.79016 7.78741 7.78508 7.78584 7.78654
-99999.00000 -99999.00000 -99999.00000 -99999.00000 -99999.00000 7.79557 7.79543 7.79507 7.79430 7.79298 7.79431 7.78803 7.77940 7.78301 7.77771 7.77509 7.77162 7.77833 7.78769 7.78906 7.78245 7.76980 7.77280 7.78825 7.78584 7.75583 7.74175 7.76225 7.77288 7.77533 7.77893 7.78669 7.78444 7.77251 7.77505 7.78725 7.79250 7.79450 7.79517 7.79431 7.79393 7.79413 7.79521 7.79565 7.79479 7.79327 7.79326 7.79472 7.79538 7.79542 7.79586 7.79619 7.79615 7.79597 7.79559 7.79473 7.79323 7.79009 7.78243 7.77855 7.78361 7.78887 7.78838 7.78573 7.78423 7.78405
-99999.00000 -99999.00000 -99999.00000 -99999.00000 -99999.00000 7.78660 7.78716 7.79004 7.79104 7.79136 7.79220 7.78681 7.77968 7.77623 7.77276 7.76965 7.76387 7.76236 7.77200 7.77857 7.77212 7.76961 7.78601 7.79321 7.78762 7.76559 7.74357 7.75363 7.76346 7.76765 7.77557 7.78524 7.78188 7.76982 7.77460 7.78699 7.79069 7.79198 7.79250 7.79155 7.79099 7.79100 7.79134 7.79197 7.79170 7.79055 7.79053 7.79196 7.79308 7.79325 7.79371 7.79414 7.79405 7.79385 7.79362 7.79309 7.79191 7.78921 7.78178 7.77671 7.78083 7.78640 7.78791 7.78633 7.78416 7.78223
-99999.00000 -99999.00000 -99999.00000 -99999.00000 -99999.00000 7.77881 7.77970 7.78254 7.78296 7.78244 7.78263 7.78040 7.77615 7.77341 7.77141 7.76818 7.76878 7.75966 7.75948 7.76165 7.75931 7.77067 7.78639 7.78962 7.78503 7.77229 7.75118 7.75127 7.76093 7.76343 7.77288 7.78413 7.77854 7.77079 7.77592 7.78463 7.78787 7.78861 7.78898 7.78886 7.78769 7.78792 7.78815 7.78763 7.78714 7.78602 7.78587 7.78764 7.78943 7.79038 7.79125 7.79150 7.79086 7.79057 7.79092 7.79088 7.79017 7.78775 7.78000 7.77421 7.77807 7.78425 7.78736 7.78718 7.78509 7.78186
-99999.00000 -99999.00000 -99999.00000 -99999.00000 -99999.00000 7.77845 7.77776 7.77786 7.77783 7.77788 7.77891 7.77678 7.76985 7.76279 7.76021 7.76304 7.77510 7.76515 7.75554 7.74528 7.74798 7.76877 7.77961 7.77869 7.77192 7.75483 7.74151 7.75211 7.75731 7.75702 7.76753 7.78053 7.77604 7.77370 7.77335 7.77500 7.78077 7.78217 7.78235 7.78258 7.78266 7.78406 7.78339 7.77946 7.77726 7.77688 7.77783 7.78116 7.78411 7.78652 7.78823 7.78723 7.78394 7.78266 7.78504 7.78710 7.78738 7.78455 7.77530 7.77108 7.77714 7.78403 7.78797 7.78865 7.78663 7.78223
-99999.00000 -99999.00000 -99999.00000 -99999.00000 -99999.00000 7.77990 7.77790 7.77540 7.77491 7.77792 7.78099 7.77990 7.76733 7.74727 7.75266 7.74603 7.77267 7.76659 7.75328 7.74305 7.73345 7.74458 7.76248 7.75336 7.74079 7.72611 7.72591 7.73550 7.74061 7.74663 7.75944 7.77270 7.77276 7.77710 7.77238 7.76494 7.76327 7.76273 7.76326 7.76514 7.77074 7.77681 7.77373 7.76368 7.76319 7.76584 7.76956 7.77430 7.77769 7.78174 7.78472 7.78094 7.77520 7.77073 7.77078 7.77734 7.78059 7.77700 7.77048 7.77290 7.78018 7.78529 7.78723 7.78614 7.78455 7.78136
-99999.00000 -99999.00000 -99999.00000 -99999.00000 -99999.00000 7.77971 7.77756 7.77430 7.77084 7.77153 7.77782 7.78163 7.77344 7.75046 7.75902 7.74027 7.76844 7.76605 7.74882 7.73537 7.72943 7.72470 7.73422 7.72417 7.71248 7.70495 7.71456 7.72348 7.72960 7.73870 7.75597 7.76167 7.76669 7.77518 7.77155 7.76779 7.75687 7.74905 7.74881 7.75163 7.75620 7.76384 7.75830 7.75160 7.75814 7.76316 7.76745 7.76994 7.77206 7.77649 7.78017 7.77451 7.76913 7.76817 7.76682 7.77029 7.77648 7.77675 7.77613 7.77883 7.78175 7.78262 7.78077 7.77866 7.77762 7.77719
-99999.00000 -99999.00000 -99999.00000 -99999.00000 -99999.00000 7.77700 7.77761 7.77376 7.77248 7.77384 7.77471 7.77929 7.77306 7.74941 7.75235 7.73706 7.76053 7.76862 7.75822 7.74259 7.73743 7.73173 7.72300 7.71870 7.71301 7.71029 7.72058 7.73455 7.74674 7.75295 7.75861 7.75430 7.75713 7.76927 7.77138 7.76816 7.76323 7.76255 7.76158 7.75824 7.75157 7.75304 7.74796 7.75023 7.76335 7.76796 7.76984 7.76951 7.76997 7.77230 7.77395 7.76954 7.76863 7.77449 7.77571 7.77511 7.78034 7.78345 7.78182 7.77951 7.77829 7.77731 7.77673 7.77803 7.77652 7.77441
-99999.00000 -99999.00000 -99999.00000 -99999.00000 -99999.00000 7.77967 7.78032 7.77026 7.76942 7.77796 7.77672 7.77734 7.77449 7.76065 7.76018 7.75127 7.76055 7.77113 7.77172 7.75668 7.75259 7.75590 7.74016 7.72942 7.72767 7.73166 7.74030 7.75203 7.76450 7.76881 7.76616 7.75626 7.75348 7.76374 7.77421 7.77437 7.76702 7.76083 7.76563 7.76777 7.76142 7.75572 7.74876 7.75633 7.76868 7.77152 7.77128 7.77097 7.77199 7.77265 7.77114 7.76893 7.77212 7.77878 7.77736 7.77690 7.78235 7.78579 7.78527 7.78327 7.78115 7.77996 7.78131 7.78346 7.78190 7.77765
-99999.00000 -99999.00000 -99999.00000 -99999.00000 -99999.00000 7.78488 7.78232 7.76719 7.76897 7.77588 7.77306 7.76976 7.76660 7.75693 7.76636 7.75598 7.76374 7.77060 7.77306 7.76391 7.75716 7.76370 7.75155 7.74368 7.74461 7.74966 7.75504 7.76310 7.77014 7.77298 7.76995 7.76154 7.75695 7.76161 7.77195 7.77892 7.77697 7.76834 7.76805 7.77231 7.76788 7.75875 7.75013 7.76096 7.77084 7.77165 7.77100 7.77250 7.77548 7.77687 7.77494 7.77295 7.77558 7.77708 7.77431 7.77846 7.78417 7.78552 7.78579 7.78601 7.78562 7.78485 7.78490 7.78523 7.78450 7.78062
-99999.00000 -99999.00000 -99999.00000 -99999.00000 -99999.00000 7.78747 7.78466 7.77386 7.76705 7.76786 7.76186 7.75828 7.76153 7.75601 7.76102 7.76219 7.76897 7.77124 7.77082 7.76305 7.75869 7.76453 7.75291 7.74664 7.75019 7.75663 7.76420 7.76658 7.77048 7.77348 7.77040 7.76210 7.75760 7.76260 7.77044 7.77815 7.78014 7.77327 7.76784 7.76867 7.76330 7.75438 7.75673 7.76804 7.77091 7.76952 7.76949 7.77257 7.77686 7.77952 7.77751 7.77471 7.77639 7.77164 7.77311 7.78069 7.78306 7.78073 7.78019 7.78203 7.78467 7.78535 7.78533 7.78532 7.78512 7.78304
