mrvbf_slope0.5_pctl1.asc
NCOLS 410
NROWS 410
XLLCORNER 2398750.0000000000000000
YLLCORNER 2548750.0000000000000000
CELLSIZE 250.0000000000000000
NODATA_VALUE -99999.00000
[rows 290 to 318 of 410, columns 198 to 263 of 410]
1.97172 1.89599 1.77010 2.04753 2.47021 2.84057 3.02625 2.93424 2.70937 2.72974 2.73363 2.78654 3.05406 3.12995 2.96804 2.80486 2.74398 2.67353 2.43813 1.89201 1.47084 1.92967 2.33285 2.18977 1.85440 1.72822 1.71082 1.73676 1.91892 2.13091 2.25802 2.31551 2.07895 1.76958 1.65375 1.52264 1.53279 1.65659 1.76350 1.81893 1.78111 1.69705 1.59291 1.31002 1.33243 1.63401 1.82955 2.03274 2.11288 2.32747 2.40719 2.23157 2.26121 2.33031 2.35369 2.34140 2.42436 2.44848 2.44390 2.45845 2.53027 2.63002 2.60246 2.49552 2.42057 2.29975
1.56596 1.58188 1.63212 2.14925 2.57170 2.80422 2.70899 2.66423 2.65070 2.81111 2.87814 2.92744 3.00347 3.06453 3.11132 2.97383 2.83159 2.72486 2.56132 2.26859 1.86131 1.84687 2.04360 2.06675 1.92957 1.84536 1.61675 1.46632 1.81387 2.10240 2.30708 2.35676 2.02221 1.58550 1.47932 1.39560 1.34389 1.53071 1.70785 1.80334 1.78758 1.68731 1.51302 1.21893 1.07690 1.41922 1.58469 1.66164 1.92652 2.31764 2.30602 2.19474 2.34264 2.48055 2.39805 2.24608 2.37972 2.46168 2.48885 2.50810 2.57396 2.64907 2.57838 2.45862 2.38453 2.27736
1.03014 1.02935 1.23714 1.81265 2.31026 2.36722 2.23974 2.32114 2.47102 2.69436 2.81502 2.91677 2.81410 2.78228 2.82602 2.92937 3.01368 2.92426 2.72467 2.53596 2.26934 1.96793 1.89948 2.10404 2.08813 1.90220 1.83651 1.96207 2.08938 2.21423 2.35510 2.28009 2.02847 1.78256 1.67876 1.47166 1.40064 1.51247 1.68262 1.80022 1.81104 1.73107 1.58310 1.47227 1.24575 1.31335 1.43400 1.50995 1.75599 2.17537 2.13995 2.29835 2.19932 2.45106 2.46077 2.49638 2.46209 2.50174 2.51698 2.53610 2.62528 2.75168 2.63263 2.47461 2.39939 2.35119
1.04277 0.98667 0.98557 1.57932 2.01258 1.97160 1.90418 2.11494 2.31142 2.48061 2.61308 2.64613 2.64149 2.64769 2.65153 2.66753 2.69371 2.71127 2.68721 2.57275 2.32295 1.95635 1.87362 2.18467 2.08759 1.72611 1.83178 2.10256 2.24020 2.24798 2.22316 2.17920 2.20380 1.96776 1.73155 1.52163 1.50306 1.63151 1.74671 1.87528 1.89224 1.77248 1.64970 1.63018 1.48637 1.41130 1.48905 1.62209 1.78129 2.02875 2.21924 2.28031 2.23944 2.33666 2.47751 2.51886 2.57136 2.55441 2.49907 2.53660 2.65481 2.75175 2.66510 2.44861 2.26771 2.35221
1.88136 2.22439 1.55934 1.75384 1.85827 1.75835 1.81939 2.03709 2.09067 2.24119 2.39216 2.50951 2.60347 2.64051 2.63919 2.62377 2.61351 2.60838 2.58477 2.48384 2.23540 1.96508 1.98282 2.12676 1.93387 1.61983 1.91559 2.09780 2.16203 2.07457 1.93599 1.93560 2.13805 2.17439 1.83510 1.51758 1.38364 1.67683 1.81067 1.94481 1.94018 1.76189 1.62952 1.60152 1.52536 1.44675 1.49741 1.63167 1.79385 1.91814 1.90588 1.79911 1.86572 2.02569 2.20854 2.39125 2.57533 2.56914 2.50845 2.53782 2.60156 2.59931 2.53365 2.36570 2.26590 2.42307
1.96343 2.40678 2.13231 2.34144 1.89961 1.59792 2.04879 2.32691 2.21706 2.02801 2.23720 2.54197 2.72821 2.77664 2.76968 2.72698 2.67396 2.61062 2.53911 2.41400 2.21126 2.11435 2.13040 2.15081 1.92315 1.85406 2.01729 2.06437 2.02279 1.83171 1.67262 1.79962 2.03787 2.27333 1.96772 1.56339 1.25645 1.65151 1.77405 1.85696 1.83763 1.67162 1.47950 1.40153 1.39096 1.39758 1.45834 1.60455 1.83118 2.04983 1.93902 1.64877 1.72759 1.92755 2.02901 2.11126 2.43278 2.58804 2.55518 2.52520 2.54387 2.53515 2.48280 2.42023 2.43984 2.46810
2.12091 2.35837 2.19388 2.27196 1.99092 1.99308 2.56768 2.81084 2.65180 2.47861 2.48500 2.65983 2.87550 2.87773 2.88100 2.91035 2.80470 2.65702 2.52200 2.33629 2.21065 2.26059 2.28259 2.21166 2.16463 2.23092 2.10966 2.01815 1.90222 1.74145 1.84359 1.97673 2.04639 2.26815 2.06215 1.65188 1.30178 1.55838 1.69641 1.72700 1.69166 1.47449 1.01383 0.88676 1.01417 1.30697 1.47695 1.62037 1.94195 2.32559 2.29499 2.24921 2.25194 2.22071 2.16441 2.02650 2.28504 2.54473 2.60129 2.53589 2.52887 2.53820 2.54643 2.55661 2.54324 2.45663
2.19040 1.94497 2.22448 2.31507 2.26226 2.11182 2.28295 2.49224 2.49575 2.48483 2.52095 2.66721 2.89459 2.90711 2.81874 2.77149 2.71761 2.63029 2.49846 2.34632 2.32778 2.36955 2.36503 2.31477 2.30931 2.27831 2.19053 1.93801 1.75945 1.87936 2.15798 2.15000 2.09365 2.27906 2.10963 1.67318 1.26416 1.42826 1.71141 1.73553 1.60975 1.02105 0.83762 0.88665 0.94242 1.17366 1.53374 1.62340 1.95906 2.39682 2.46770 2.39737 2.52985 2.50524 2.38239 2.19919 2.18211 2.38587 2.50870 2.50691 2.48864 2.50766 2.53756 2.52874 2.49609 2.43311
2.28814 2.07975 1.98982 2.19782 2.27383 2.21977 2.37295 2.52858 2.52233 2.51536 2.60409 2.81448 3.12521 3.11486 2.89217 2.74348 2.64700 2.56167 2.45626 2.39004 2.43290 2.46256 2.43142 2.38201 2.22636 2.15493 2.15302 2.01620 1.91954 2.14089 2.40379 2.35594 2.18729 2.30860 2.15591 1.61638 0.98505 1.32583 1.94001 2.17823 2.04402 1.41763 1.21966 1.34168 1.04411 1.57512 1.79636 1.54296 1.88796 2.38047 2.53070 2.42382 2.53598 2.58194 2.54346 2.36931 2.18783 2.24044 2.34198 2.42400 2.42843 2.42309 2.40145 2.36858 2.35193 2.35671
1.82835 1.91873 1.96677 1.99805 2.03877 2.15165 2.33987 2.58186 2.62268 2.58711 2.63288 2.70958 2.76393 2.76092 2.69785 2.67388 2.58652 2.47003 2.39627 2.39570 2.42914 2.47554 2.46827 2.32477 2.02704 2.12014 2.30659 2.29029 2.19025 2.25585 2.41686 2.37209 2.28934 2.36008 2.16342 1.57425 0.75310 1.80451 2.19250 2.47018 2.58140 2.15655 1.54667 1.40820 1.60019 2.22381 2.10589 1.32765 1.72550 2.21560 2.30188 2.16815 2.42200 2.55894 2.61879 2.53617 2.36277 2.28818 2.31388 2.37055 2.37437 2.34930 2.27643 2.21380 2.17302 2.16605
1.45096 1.46779 1.47571 1.49574 1.56359 1.70516 1.87937 2.13048 2.28423 2.24307 2.20949 2.22036 2.28443 2.38200 2.42195 2.47240 2.45403 2.31944 2.31599 2.36849 2.37776 2.40338 2.34242 2.01135 1.74164 2.07409 2.31738 2.42347 2.33758 2.30577 2.42115 2.35470 2.40080 2.47034 2.16066 1.65231 1.13222 2.05030 2.44327 2.84622 3.14325 2.93468 2.50590 2.34599 2.54416 2.73303 2.33210 1.82672 1.70595 2.08606 2.07963 2.13180 2.29020 2.53508 2.68871 2.63272 2.61087 2.49122 2.43717 2.41487 2.38776 2.36110 2.30832 2.22207 2.12075 2.03567
1.61481 1.32906 0.96665 0.86326 1.14111 1.44912 1.59493 1.73678 1.78090 1.63370 1.50551 1.46269 1.54484 1.73804 1.96873 2.17272 2.23046 2.19185 2.24248 2.26539 2.26685 2.25212 2.07403 1.77830 1.69996 1.85965 1.90357 2.18586 2.26731 2.24314 2.35524 2.34528 2.47925 2.48218 2.13894 1.77106 1.81588 2.34206 2.64177 3.02007 3.33682 3.35427 3.15183 2.89926 2.78122 2.57439 2.42166 2.30087 2.18004 2.24382 2.27168 2.30150 2.27096 2.50512 2.67533 2.65161 2.64480 2.63805 2.57943 2.51665 2.47350 2.46550 2.46289 2.41249 2.27866 2.10030
1.99885 1.69995 1.46898 1.41058 1.38752 1.57148 1.68073 1.68210 1.56453 1.35257 1.22358 1.32140 1.48844 1.65358 1.89156 2.04835 2.10796 2.23067 2.27961 2.21915 2.17087 2.10912 1.94161 1.76763 1.69062 1.52440 1.22083 1.64657 1.71962 1.63145 1.71116 1.91452 2.30004 2.36786 2.10156 1.86242 2.09535 2.41314 2.45770 2.59406 3.06629 3.29071 2.93332 2.44044 2.16686 1.85766 1.62562 2.14090 2.39592 2.53181 2.46926 2.24790 1.94325 2.19322 2.38892 2.45656 2.53462 2.69424 2.74249 2.65730 2.60799 2.60570 2.63172 2.57682 2.42204 2.22761
2.23532 1.98027 2.01984 2.34303 2.27546 1.94543 1.86783 1.78980 1.70934 1.61317 1.67837 1.98229 2.17381 2.23642 2.22887 2.21147 2.27706 2.40790 2.35013 2.17260 2.09909 2.06081 1.95251 1.91907 1.92650 1.62897 1.47009 1.38301 1.14227 1.35149 1.32765 1.08118 1.95084 2.26781 2.19589 2.06850 2.21125 2.30876 2.21773 2.25749 2.56649 2.89555 2.51949 2.12330 1.49311 0.92944 0.81066 1.52114 2.40243 2.68138 2.45455 2.11647 1.46984 1.37184 1.71031 2.01995 2.38015 2.62758 2.81288 2.77595 2.80392 2.79084 2.80298 2.65809 2.47668 2.34448
2.41148 2.19254 2.29600 2.46296 2.37375 2.17021 1.92366 1.75083 1.68172 1.52807 1.82222 2.21808 2.36094 2.43202 2.42361 2.39573 2.45115 2.50367 2.40280 2.19520 2.21652 2.21985 2.14932 2.20543 2.32554 2.07558 1.76338 1.59683 1.56854 1.85809 1.83145 1.73115 2.04100 2.33385 2.36106 2.26447 2.24312 2.12653 1.98183 2.14702 2.30392 2.62701 2.67986 2.29523 1.59904 1.00069 0.91181 1.89191 2.51262 2.88296 2.52068 2.04763 1.50026 1.03991 1.03436 1.43269 2.13835 2.53190 2.88371 2.89536 2.79156 2.82747 2.75945 2.60182 2.48711 2.50945
2.47897 2.26498 2.28216 2.37109 2.30815 2.24448 1.94482 1.45394 1.05963 1.33776 2.09329 2.45532 2.58129 2.60394 2.60985 2.60033 2.56324 2.54633 2.52262 2.27510 2.15652 2.26726 2.25866 2.23871 2.18042 1.92020 1.63821 1.47121 1.46740 1.84587 2.04712 2.01635 2.14109 2.34326 2.37681 2.28720 2.28211 2.17454 1.97417 2.12550 2.26622 2.43509 2.56842 2.43516 2.15325 1.72496 1.64916 2.29306 2.71843 3.11775 2.57921 2.00667 1.06731 0.94537 0.93807 1.10356 1.87740 2.46973 2.83607 2.77533 2.60829 2.54719 2.52834 2.49313 2.47031 2.58476
2.55757 2.34571 2.23936 2.28316 2.37556 2.46919 2.25361 1.72104 1.64217 1.98055 2.24943 2.64405 3.00758 3.01935 2.96545 2.93280 2.71774 2.58137 2.45886 2.30130 2.28489 2.33513 2.24589 2.19900 1.99456 1.27258 0.72100 0.59708 0.79874 1.60195 1.87850 1.66350 1.69093 1.96684 1.98139 1.84503 2.00419 2.18784 2.05734 2.03738 2.15879 2.12834 2.12644 2.02176 1.84617 1.73891 1.72705 2.26881 2.65692 2.86658 2.37986 1.59745 0.70217 0.84656 0.84002 0.89683 1.74845 2.42508 2.58666 2.39864 2.21424 2.19926 2.30117 2.36795 2.32789 2.31953
2.77651 2.49743 2.34509 2.29876 2.32474 2.33443 2.24989 1.94282 2.02236 2.17304 2.46996 3.00573 3.32606 3.21245 3.08518 3.13485 2.91248 2.61647 2.44401 2.34717 2.48253 2.56941 2.42043 2.09920 1.71470 1.00163 0.61132 0.51126 0.54652 1.23407 1.59480 1.00810 1.13285 1.67345 1.63247 1.30935 1.57242 1.87631 1.84104 1.66897 1.78224 1.78127 1.66977 1.46609 1.34091 1.43579 1.17686 1.89425 2.43916 2.58199 2.09122 1.17147 0.60391 0.85189 0.69901 0.94469 1.82127 2.39068 2.31451 1.90008 1.65954 1.78923 1.99067 2.13026 2.07539 2.08507
2.68894 2.46139 2.33582 2.40071 2.50629 2.37936 2.23234 2.08447 2.27193 2.39426 2.65343 3.18629 3.25085 2.94943 2.83145 3.00623 2.95531 2.64261 2.52095 2.52227 2.58831 2.64761 2.57999 2.30119 1.93967 1.62265 1.35959 0.97872 0.82781 0.96918 1.02733 0.70603 0.75990 1.01050 0.94485 0.81341 0.94155 1.43889 1.31932 1.19002 1.50159 1.86007 1.87418 1.70853 1.76049 1.68184 1.26232 1.85533 2.36848 2.44881 1.96540 1.18247 0.63284 0.80852 0.71834 1.30666 1.94237 2.29841 2.05700 1.61556 1.68405 1.63214 1.70928 1.78765 1.85839 2.14855
2.34982 2.30694 2.29095 2.39444 2.38127 2.21810 2.02331 1.97024 2.26504 2.29686 2.47562 2.88954 2.87133 2.64161 2.65198 2.78768 2.91945 2.66476 2.53232 2.55921 2.62092 2.57530 2.41480 2.08667 1.71864 1.38053 1.28080 1.23698 0.97046 0.87467 0.72001 0.67555 0.71891 0.72311 0.68640 0.79514 0.80212 0.87025 0.81778 0.95675 1.46221 2.07126 2.19833 2.00962 1.95075 1.50473 1.46647 1.91512 2.23061 2.14303 1.76527 0.86489 0.59099 0.67820 0.73925 1.36023 1.87382 2.12868 1.94435 1.68811 2.03086 1.93305 1.60352 1.39605 1.70396 2.00741
2.24229 2.34290 2.29397 2.23716 2.08994 1.89258 1.75778 1.75059 1.84976 1.77187 2.02157 2.43276 2.54779 2.49946 2.59934 2.64134 2.81021 2.71678 2.56456 2.57085 2.66012 2.61078 2.37121 2.04012 1.59747 0.77412 0.58347 0.66127 0.75526 0.85558 0.74011 1.03614 1.16983 1.27472 1.44413 1.80313 1.73838 1.81614 1.68947 1.70667 1.47597 1.89457 1.80330 1.41282 1.74123 1.32377 1.20534 1.60700 1.86704 1.91198 1.62319 0.60888 0.48309 0.58661 0.64337 0.99280 1.76293 2.12421 2.01275 1.92850 2.36023 2.46491 2.17404 1.68101 1.74343 1.80495
2.04220 2.12017 2.11003 1.99577 1.84489 1.70648 1.60429 1.65079 1.71309 1.61477 1.69925 2.09618 2.33243 2.41172 2.55200 2.54682 2.62875 2.67224 2.63963 2.66466 2.72294 2.65708 2.43498 2.04862 1.54668 0.85809 0.47251 0.60423 0.79807 1.05739 0.68642 0.62511 0.85600 1.13945 1.12318 1.18550 1.45048 1.66297 1.52757 1.35346 1.85076 2.12644 1.89473 1.18647 1.39155 1.13368 0.69045 0.80708 1.61628 1.85086 1.73662 0.60961 0.44359 0.68877 0.55892 0.76546 1.74326 2.29261 2.19833 2.31871 2.61462 2.54941 2.33176 2.00130 1.90977 2.25903
1.71364 1.82527 1.87976 1.82239 1.76219 1.71209 1.72158 1.85584 2.13560 2.16470 1.94369 1.97683 2.13559 2.35572 2.51041 2.49510 2.51853 2.58293 2.67544 2.85829 2.90259 2.72304 2.59304 2.40503 1.90835 1.35300 0.52657 0.71288 1.68899 1.92288 1.71853 1.57783 1.74477 1.85355 1.79825 1.76806 1.98987 2.21171 2.26157 2.25065 2.37561 2.45611 2.15975 1.79343 1.44863 1.03255 0.74808 0.73479 1.51738 1.83894 1.89454 1.57652 0.65566 0.70627 0.61932 1.14879 1.95923 2.39533 2.39381 2.49875 2.47155 2.52341 2.57897 2.46973 2.63002 2.88797
1.91321 1.82614 1.83946 1.82061 1.82143 1.86956 2.08508 2.51679 2.66577 2.52063 2.18985 1.98543 2.08544 2.43747 2.64183 2.59750 2.55501 2.61215 2.71358 2.89701 2.87019 2.72266 2.64781 2.46329 2.13885 1.68285 0.94992 1.62905 2.33142 2.61602 2.38868 2.24233 2.37372 2.45315 2.36164 2.32281 2.42735 2.50358 2.45676 2.42125 2.44863 2.32231 1.97480 1.73985 1.45445 1.22267 1.34172 1.24170 1.55614 1.78904 1.85265 1.73642 1.47029 1.23685 1.00498 1.66832 2.25454 2.58233 2.57697 2.67215 2.67950 2.97430 3.26592 3.28660 3.38346 3.41962
2.42190 2.21666 2.04206 1.99382 2.07498 2.30765 2.74333 2.85734 2.90132 2.56112 1.91864 1.56111 1.83856 2.44770 2.81197 2.83244 2.65655 2.58409 2.73313 3.09815 3.08538 2.72616 2.52085 2.20040 1.82818 1.65991 1.75702 2.32816 2.78151 2.68972 2.31257 2.15675 2.34621 2.47879 2.34468 2.21388 2.25533 2.21597 2.08809 2.03882 2.19677 2.09892 1.75390 1.47814 1.33622 1.43119 1.74680 1.56541 1.53623 1.65985 1.68628 1.68639 1.84385 1.77236 0.98068 1.55953 2.20527 2.61289 2.70715 3.01065 3.13277 3.41331 3.47146 3.42607 3.51885 3.54586
2.55854 2.35061 2.21468 2.24408 2.54786 2.87824 3.00097 3.15348 3.09070 2.29949 1.41001 1.37454 1.51735 2.21722 2.73578 2.77244 2.48650 2.44618 2.66699 3.10371 3.16144 2.67249 2.30754 1.69726 1.41037 1.44361 1.89082 2.24212 2.41354 2.28994 1.95712 2.06240 2.23789 2.39375 2.01182 1.46002 1.67626 1.83682 1.67883 1.70840 1.97157 2.02160 1.66334 1.32635 1.22303 1.36975 1.57048 1.55450 1.38667 1.34859 1.44881 1.67719 2.05197 1.70547 0.93249 1.40960 2.09805 2.52440 2.63195 2.84992 3.00468 3.27599 3.04819 2.86620 3.26502 3.43925
2.53444 2.33445 2.33870 2.64023 2.92532 3.06155 3.14693 3.19918 3.02470 2.09880 1.22962 1.76738 1.64250 2.01942 2.50892 2.37814 1.96996 1.86146 2.33313 2.66227 2.80591 2.50254 1.92204 1.38113 1.63450 1.67226 1.67590 1.65029 1.86857 2.10085 2.07686 2.03723 2.34396 2.40813 1.89746 1.42793 1.89735 2.07727 1.75225 1.92909 2.21643 1.99908 1.66194 1.32831 1.22885 1.18618 1.25958 1.20874 0.98714 1.22250 1.66766 1.92435 2.29825 1.86040 1.19031 1.62574 2.21978 2.52541 2.57764 2.74078 2.70171 2.73514 2.55344 2.57580 2.77430 3.15420
2.46796 2.42376 2.53723 2.95129 3.01210 3.09075 2.89404 2.71365 2.74856 1.94773 1.40551 2.27989 1.92998 2.21311 2.37630 1.86982 1.63426 1.90047 1.77818 2.37880 2.61666 2.42137 1.89275 1.86547 2.05194 1.93227 1.72140 1.13387 1.05935 1.51456 1.94946 2.32589 2.49457 2.50132 2.22863 1.78519 1.76983 2.04066 2.06171 2.22206 2.23446 1.90419 1.67810 1.42451 1.10061 0.95505 0.86951 0.72348 0.65324 1.17963 1.78564 1.99720 2.24352 2.00468 1.57574 1.66351 2.15096 2.54196 2.56528 2.63718 2.51032 2.43701 2.38747 2.50888 2.67565 3.12743
2.58468 2.75935 2.72301 2.75699 2.90873 2.87348 2.62299 2.74146 2.73902 2.12466 1.83471 2.25438 2.29643 2.58124 2.16981 1.43252 1.86097 2.08487 1.58482 2.00833 2.40828 2.38783 2.17470 2.15550 1.96751 1.54433 1.04933 0.88326 0.80403 0.78951 1.03844 1.74945 2.37685 2.61719 2.36667 1.93858 1.73865 1.73237 1.75521 1.81459 1.83481 1.77330 1.66775 1.50977 1.17303 0.96058 0.76033 0.53423 0.53213 1.16896 1.67096 1.82426 1.81284 1.65418 1.40413 1.53260 1.97989 2.51793 2.44967 2.39408 2.31204 2.32713 2.43124 2.41177 2.59535 3.06649
