mrvbf_slope0.7_pctl1.asc
NCOLS 410
NROWS 410
XLLCORNER 2398750.0000000000000000
YLLCORNER 2548750.0000000000000000
CELLSIZE 250.0000000000000000
NODATA_VALUE -99999.00000
[rows 290 to 318 of 410, columns 264 to 329 of 410]
3.45944 3.49673 3.52295 3.60301 3.58897 3.42406 3.39101 3.42520 3.43729 3.44532 3.49912 3.61931 3.58078 3.51442 3.37488 3.37515 3.46146 3.47221 3.47783 3.51648 3.46468 3.40536 3.35274 3.36773 3.44360 3.36455 3.23774 3.20121 3.25802 3.32678 3.38080 3.42942 3.46423 3.48067 3.40082 3.42434 3.27571 3.11883 3.06579 2.89393 2.94538 3.05268 3.12374 3.29583 3.42221 3.32581 3.25215 3.47501 3.44029 3.57377 3.92465 3.89582 3.80242 3.80554 3.85870 3.87919 3.86299 3.83712 3.84731 3.86021 3.82690 3.79196 3.79172 3.86472 4.05509 4.17050
3.45519 3.49241 3.49156 3.54912 3.54954 3.51869 3.49925 3.51331 3.52482 3.51100 3.51852 3.61189 3.58068 3.54637 3.49345 3.44472 3.44599 3.45622 3.43693 3.40073 3.33706 3.32350 3.19415 3.07922 3.22859 3.24375 3.12861 3.18655 3.16880 3.33383 3.49656 3.59853 3.57046 3.40428 3.49092 3.55031 3.40116 3.22204 3.10999 3.18953 3.41491 3.53333 3.60172 3.68272 3.65968 3.50595 3.26307 3.18901 3.25166 3.53751 3.63928 3.57708 3.55523 3.59223 3.66791 3.74074 3.82269 3.90555 4.02454 4.12490 4.09817 3.93793 3.76854 3.64305 3.60773 3.63734
3.48099 3.45972 3.48133 3.51718 3.53351 3.56934 3.51680 3.45328 3.47464 3.53321 3.57595 3.65771 3.58780 3.53337 3.55726 3.51952 3.47882 3.52400 3.53464 3.46599 3.45496 3.47223 3.41052 3.24522 3.24004 3.32710 3.22555 3.38044 3.39712 3.42554 3.54757 3.66223 3.59339 3.52151 3.56568 3.55253 3.49303 3.40039 3.39505 3.55903 3.76537 3.86808 3.89726 3.83843 3.74317 3.67417 3.50047 3.27961 3.34405 3.50264 3.40112 3.31541 3.34667 3.46983 3.68291 3.95204 4.13995 4.24254 4.29848 4.29871 4.17871 3.94080 3.71913 3.55424 3.44485 3.41342
3.51890 3.50093 3.50629 3.51176 3.55685 3.58161 3.52019 3.44242 3.46688 3.54859 3.54154 3.54582 3.50583 3.50412 3.58126 3.55102 3.45606 3.46401 3.49919 3.51132 3.54518 3.56015 3.55035 3.42064 3.28821 3.33892 3.29283 3.49842 3.49931 3.46599 3.49136 3.49628 3.49849 3.55831 3.53291 3.55095 3.50128 3.49258 3.52809 3.68998 3.88555 3.96573 3.94645 3.81611 3.70895 3.70262 3.69894 3.61806 3.59351 3.47327 3.24359 3.13001 3.19576 3.40786 3.79626 4.19344 4.34237 4.37002 4.31221 4.16017 4.00535 3.87300 3.75361 3.67223 3.64850 3.69635
3.53493 3.51998 3.51787 3.52713 3.55804 3.54732 3.51516 3.49412 3.49634 3.52929 3.51493 3.48780 3.48420 3.55124 3.63709 3.61961 3.50226 3.42720 3.43553 3.49408 3.55958 3.54864 3.54693 3.50417 3.31638 3.29691 3.34512 3.55462 3.58333 3.54719 3.47683 3.43168 3.53637 3.53732 3.52215 3.53942 3.57932 3.56801 3.55690 3.63104 3.75877 3.82832 3.82198 3.75150 3.71926 3.78373 3.92239 3.98511 3.84230 3.52727 3.22028 3.06008 3.12918 3.37068 3.79117 4.18305 4.23771 4.12979 3.96097 3.83384 3.84115 3.88208 3.89902 3.93319 4.01384 4.11484
3.52686 3.53349 3.55930 3.59433 3.62171 3.54906 3.51601 3.53607 3.56882 3.57131 3.55988 3.55348 3.57463 3.66480 3.72140 3.66155 3.57092 3.49250 3.46821 3.45260 3.46879 3.48664 3.52409 3.55255 3.48633 3.39358 3.52795 3.64771 3.68042 3.65970 3.53411 3.48445 3.45701 3.46802 3.51011 3.64886 3.76002 3.69987 3.63922 3.62076 3.65706 3.69962 3.71539 3.73818 3.81916 3.94970 4.04101 4.00094 3.82529 3.56436 3.28888 3.08886 3.11972 3.36795 3.75614 4.00382 3.91144 3.73875 3.66734 3.73413 3.86916 3.99480 4.07539 4.13888 4.19944 4.23741
3.52376 3.57625 3.64061 3.64009 3.57544 3.51961 3.52613 3.57541 3.61583 3.59152 3.58069 3.60467 3.66511 3.72090 3.65999 3.56875 3.52387 3.44676 3.39524 3.39698 3.42907 3.47094 3.51840 3.54497 3.56193 3.56668 3.63915 3.67751 3.67651 3.63287 3.58038 3.51774 3.45433 3.43241 3.58193 3.70581 3.83030 3.78136 3.71641 3.67722 3.67672 3.70141 3.72608 3.79551 3.95109 4.08234 4.03115 3.87349 3.71609 3.56083 3.35442 3.14778 3.14628 3.40485 3.76553 3.81364 3.69460 3.64395 3.73526 3.90825 4.06870 4.15386 4.17099 4.15522 4.13872 4.12842
3.52414 3.60124 3.67824 3.60198 3.53429 3.54519 3.58903 3.61592 3.60154 3.59136 3.57074 3.56351 3.59038 3.59749 3.53644 3.48576 3.45932 3.37786 3.31903 3.35674 3.43449 3.50073 3.54089 3.56816 3.58164 3.59369 3.60760 3.63891 3.63339 3.58998 3.55750 3.51363 3.47299 3.49659 3.57778 3.61650 3.69808 3.75581 3.78054 3.80470 3.80181 3.80630 3.83044 3.89264 3.98072 4.01741 3.92380 3.77661 3.66104 3.56629 3.41345 3.23056 3.20854 3.43026 3.68274 3.70498 3.69488 3.80904 4.01858 4.17650 4.24739 4.19718 4.08315 3.99221 3.95350 3.94507
3.49211 3.56447 3.59630 3.54982 3.54909 3.57113 3.53352 3.55748 3.60194 3.63824 3.61517 3.55398 3.51220 3.48985 3.47580 3.49523 3.48408 3.46126 3.47406 3.44249 3.46411 3.53490 3.60775 3.65647 3.63366 3.59173 3.57105 3.57336 3.53360 3.54610 3.45469 3.53913 3.59153 3.61993 3.59180 3.56996 3.58125 3.64291 3.72731 3.85586 3.93855 3.93890 3.95133 3.94016 3.88681 3.86376 3.81295 3.73704 3.68652 3.64324 3.51403 3.34981 3.27775 3.37048 3.53672 3.69438 3.84143 3.98058 4.10092 4.13351 4.09604 3.99466 3.87536 3.79465 3.77884 3.81651
3.41929 3.48071 3.48945 3.46335 3.43210 3.35900 3.34492 3.49185 3.61554 3.71364 3.68002 3.57888 3.49382 3.46330 3.50989 3.56888 3.54349 3.54152 3.57734 3.52677 3.50015 3.54276 3.63345 3.71828 3.70478 3.61505 3.55618 3.53227 3.51003 3.47930 3.47674 3.57643 3.65284 3.68618 3.63133 3.57881 3.55294 3.57775 3.62560 3.74264 3.86456 3.88602 3.89702 3.86084 3.76727 3.70966 3.68726 3.67906 3.72280 3.73778 3.59990 3.43467 3.32049 3.31520 3.45082 3.69770 3.95122 3.93458 3.88104 3.85959 3.83885 3.79267 3.72663 3.68450 3.70043 3.77971
3.35859 3.39211 3.39583 3.37244 3.33389 3.29056 3.34355 3.41002 3.58163 3.70766 3.63586 3.54885 3.51033 3.51316 3.53257 3.58082 3.54522 3.53120 3.54953 3.50512 3.45891 3.49005 3.59867 3.71622 3.67346 3.60469 3.54256 3.48086 3.50415 3.48225 3.53250 3.57390 3.63779 3.72267 3.70884 3.63660 3.57588 3.55773 3.57350 3.61085 3.64986 3.65427 3.66660 3.65962 3.63745 3.61434 3.59132 3.58155 3.59551 3.58850 3.53861 3.45876 3.37870 3.33899 3.41159 3.57417 3.73570 3.74087 3.71803 3.72091 3.73409 3.72717 3.68701 3.66383 3.69369 3.79313
3.38005 3.38320 3.38749 3.37118 3.39852 3.43957 3.34676 3.41939 3.58990 3.61324 3.53599 3.51340 3.55493 3.59116 3.54749 3.52740 3.48503 3.46254 3.45103 3.39986 3.31668 3.33109 3.49546 3.63439 3.61158 3.57784 3.57083 3.48624 3.37545 3.38445 3.46522 3.56132 3.66333 3.78803 3.78053 3.70539 3.60124 3.55481 3.55305 3.52182 3.50678 3.51379 3.52484 3.53152 3.53315 3.53235 3.54740 3.55646 3.53517 3.51625 3.50432 3.48627 3.45512 3.39293 3.36678 3.43696 3.54081 3.64320 3.71837 3.74793 3.76839 3.76539 3.72380 3.69872 3.72747 3.84135
3.46087 3.46857 3.47881 3.46329 3.44838 3.41534 3.29541 3.35219 3.47343 3.45212 3.43572 3.51604 3.61812 3.65976 3.57643 3.50076 3.45211 3.42976 3.40602 3.33559 3.15518 3.03911 3.28314 3.50704 3.55958 3.57307 3.61603 3.54184 3.27987 3.40140 3.35432 3.49780 3.58146 3.70388 3.75261 3.75926 3.63483 3.55885 3.52230 3.48853 3.46319 3.46123 3.46685 3.48403 3.48029 3.44322 3.46370 3.54187 3.56824 3.55958 3.52063 3.46525 3.40379 3.32923 3.31396 3.38511 3.49553 3.64933 3.82238 3.88640 3.89786 3.86915 3.79571 3.74711 3.76487 3.86538
3.54841 3.56713 3.58093 3.58202 3.52784 3.42552 3.25420 3.19298 3.30909 3.34933 3.43748 3.53695 3.63023 3.64501 3.56759 3.51176 3.49534 3.48552 3.46667 3.42829 3.29573 3.01087 3.10347 3.39084 3.52741 3.59986 3.60874 3.55617 3.44298 3.43245 3.52024 3.51576 3.49364 3.57530 3.69177 3.76144 3.67438 3.57525 3.52254 3.50672 3.50021 3.48334 3.47671 3.50078 3.50713 3.45068 3.38315 3.45432 3.58955 3.62614 3.51426 3.39273 3.29800 3.26341 3.31535 3.40631 3.51243 3.67646 3.89015 3.97623 3.98931 3.92783 3.81462 3.74273 3.74086 3.81268
3.61291 3.59885 3.61966 3.66393 3.58919 3.51055 3.41851 3.33521 3.38023 3.45614 3.51564 3.54864 3.62462 3.59875 3.54345 3.54380 3.57669 3.56066 3.52660 3.51485 3.47426 3.25781 3.25523 3.40149 3.50375 3.56603 3.58389 3.55299 3.49319 3.48826 3.52374 3.55511 3.53491 3.47117 3.52240 3.60297 3.64656 3.59873 3.55944 3.55679 3.56581 3.54602 3.51896 3.52348 3.55259 3.54884 3.43820 3.39006 3.49350 3.55209 3.46881 3.32978 3.23158 3.25265 3.35297 3.42769 3.49425 3.60456 3.72136 3.76315 3.78842 3.78258 3.71924 3.66868 3.66445 3.71489
3.61211 3.61628 3.71147 3.75201 3.61001 3.56199 3.55821 3.52144 3.54389 3.55872 3.53706 3.54979 3.64377 3.56796 3.53874 3.58084 3.61561 3.58160 3.53955 3.53539 3.46168 3.36965 3.43038 3.45612 3.45393 3.52386 3.58155 3.52732 3.40102 3.30074 3.34098 3.45253 3.50737 3.52239 3.48504 3.48771 3.54758 3.59539 3.59778 3.60353 3.62354 3.60913 3.55691 3.50725 3.54235 3.58858 3.49296 3.37460 3.36278 3.37110 3.37273 3.28846 3.20313 3.22111 3.31540 3.35270 3.36701 3.41272 3.46778 3.51318 3.56953 3.60991 3.59706 3.57667 3.58083 3.61511
3.53260 3.57263 3.73963 3.79892 3.61970 3.58363 3.58694 3.57800 3.64098 3.59608 3.50502 3.49545 3.60413 3.54443 3.55398 3.59330 3.57000 3.59511 3.56283 3.57180 3.53712 3.48201 3.44783 3.37828 3.30588 3.43971 3.49177 3.35800 3.23278 3.19657 3.30833 3.37978 3.46469 3.59254 3.50553 3.43294 3.47833 3.57600 3.61158 3.60739 3.62336 3.63633 3.57326 3.50811 3.51520 3.53433 3.51158 3.43498 3.34007 3.28356 3.25755 3.28008 3.23882 3.18718 3.22560 3.23408 3.19827 3.18747 3.24884 3.34103 3.42717 3.48642 3.50195 3.50227 3.51177 3.53504
3.48705 3.46704 3.60443 3.75111 3.61834 3.59887 3.57844 3.61291 3.66075 3.58490 3.49097 3.38791 3.50559 3.53810 3.54898 3.56545 3.57356 3.62167 3.50918 3.44100 3.46377 3.38559 3.32797 3.22570 2.94299 3.11687 3.29697 3.27839 3.39863 3.42473 3.36137 3.35313 3.44922 3.57630 3.53441 3.40570 3.43490 3.55112 3.61285 3.60813 3.59981 3.60548 3.57949 3.53801 3.49553 3.46605 3.46178 3.46331 3.43145 3.30431 3.23128 3.33791 3.34613 3.29282 3.27535 3.21835 3.11380 3.04277 3.07868 3.17914 3.28494 3.36880 3.41227 3.43410 3.45412 3.47786
3.53797 3.44641 3.53615 3.72410 3.65649 3.60496 3.61931 3.71862 3.70863 3.57576 3.52249 3.40364 3.40316 3.57049 3.56978 3.57557 3.62318 3.58661 3.38704 3.39572 3.53135 3.53131 3.49810 3.42245 3.11383 3.00183 3.30980 3.44815 3.54492 3.49865 3.41983 3.38015 3.40675 3.53100 3.55053 3.44196 3.39473 3.48926 3.59440 3.62518 3.60231 3.57846 3.56778 3.55522 3.51228 3.48417 3.44568 3.42146 3.40908 3.26447 3.25760 3.40264 3.37965 3.35769 3.38069 3.28801 3.15718 3.05273 3.02533 3.05422 3.11577 3.21391 3.28633 3.33695 3.38749 3.43439
3.44512 3.43432 3.60125 3.79114 3.76466 3.66405 3.70941 3.83463 3.79723 3.60863 3.52367 3.52908 3.40302 3.50262 3.59041 3.61781 3.61643 3.53701 3.39501 3.45976 3.55714 3.57461 3.55696 3.50634 3.33695 3.36363 3.49107 3.58665 3.59785 3.54736 3.51656 3.45503 3.36647 3.40572 3.50421 3.43275 3.37739 3.44090 3.56082 3.63018 3.62132 3.57584 3.54383 3.53062 3.52762 3.54154 3.49577 3.41081 3.34224 3.24349 3.26904 3.36742 3.32416 3.32439 3.38016 3.32089 3.27711 3.20569 3.07683 3.00491 2.95957 2.99231 3.07941 3.18134 3.29213 3.39184
3.42196 3.46301 3.61478 3.72685 3.74284 3.68021 3.64960 3.70508 3.78942 3.68737 3.56024 3.56717 3.45386 3.42342 3.50277 3.52799 3.50099 3.46094 3.43026 3.52541 3.59381 3.60806 3.53366 3.40484 3.33222 3.49679 3.59945 3.64472 3.62701 3.59753 3.58239 3.53045 3.38550 3.26148 3.49316 3.36965 3.36324 3.43925 3.50587 3.56552 3.62075 3.60208 3.54995 3.51251 3.51030 3.51314 3.46785 3.38845 3.34866 3.31339 3.20351 3.12940 3.22665 3.27125 3.34177 3.36338 3.39212 3.37096 3.19724 3.04683 2.92131 2.83786 2.87226 2.99536 3.17508 3.35060
3.48608 3.37256 3.44937 3.54659 3.56362 3.51487 3.50729 3.56940 3.65321 3.64846 3.54200 3.55869 3.53449 3.44735 3.45002 3.49078 3.48155 3.42910 3.42599 3.49244 3.50206 3.48184 3.36314 3.26420 3.02664 3.39849 3.54881 3.61101 3.62772 3.61688 3.61536 3.59450 3.48196 3.27859 3.43947 3.44453 3.44818 3.47936 3.47806 3.47755 3.53695 3.60798 3.59268 3.54068 3.49053 3.44801 3.40483 3.35375 3.35547 3.35201 3.20787 3.03575 3.00170 3.21948 3.34162 3.42588 3.43419 3.37034 3.25509 3.12138 3.01561 2.88332 2.81047 2.85432 3.05296 3.31421
3.58134 3.49550 3.38048 3.40241 3.43290 3.44683 3.50806 3.53275 3.59932 3.60004 3.54882 3.61842 3.63164 3.59095 3.55411 3.58269 3.57722 3.50207 3.48379 3.51392 3.46609 3.40992 3.39946 3.40561 2.96727 3.14773 3.41141 3.52835 3.58100 3.59473 3.59372 3.58105 3.50256 3.34218 3.43396 3.48199 3.47702 3.52644 3.53395 3.48009 3.45132 3.54105 3.62012 3.59242 3.51604 3.42595 3.34748 3.29860 3.27166 3.27952 3.23006 3.17028 2.97169 3.09273 3.25477 3.37491 3.34988 3.19936 3.12096 3.05676 3.05168 2.94789 2.78759 2.75269 2.92906 3.25576
3.70847 3.57668 3.51718 3.43837 3.45468 3.54199 3.57992 3.58714 3.64587 3.63031 3.62363 3.65479 3.70428 3.65883 3.60530 3.61291 3.59566 3.53139 3.53815 3.57475 3.55272 3.53218 3.56702 3.54545 3.28693 3.13207 3.30855 3.45065 3.53155 3.57029 3.57350 3.55660 3.50035 3.44585 3.50548 3.48058 3.31849 3.38496 3.43213 3.44930 3.43848 3.48102 3.58879 3.61469 3.56670 3.47477 3.36002 3.28749 3.28488 3.30302 3.26723 3.18601 3.02484 3.01468 3.04038 3.12265 3.08242 2.96885 2.97438 2.92140 2.93316 2.84369 2.70281 2.68126 2.84171 3.18694
3.79409 3.60604 3.53114 3.51354 3.52340 3.55803 3.57834 3.61387 3.70391 3.65598 3.64062 3.62971 3.68473 3.63465 3.60307 3.59590 3.58335 3.53712 3.58702 3.62357 3.59944 3.57862 3.59407 3.58797 3.47121 3.29419 3.30349 3.41343 3.51255 3.57664 3.58031 3.52575 3.46195 3.46489 3.51344 3.32604 3.21501 3.36620 3.38591 3.37746 3.43191 3.49370 3.54923 3.56707 3.56988 3.53023 3.41597 3.27895 3.25108 3.31120 3.32187 3.19610 3.12999 3.14487 3.04149 2.96795 2.96947 2.94803 2.93382 2.78744 2.81378 2.82275 2.68208 2.63600 2.73417 3.03282
3.68811 3.52484 3.50403 3.57778 3.57992 3.54719 3.54513 3.60562 3.72055 3.65285 3.60338 3.63972 3.68043 3.65494 3.60796 3.59729 3.58287 3.55793 3.64671 3.63433 3.60523 3.58930 3.54220 3.49165 3.44079 3.29136 3.29394 3.41426 3.53396 3.60995 3.59578 3.51812 3.41285 3.39675 3.47187 3.37569 3.26631 3.44020 3.48722 3.45295 3.44672 3.44463 3.45140 3.45343 3.47960 3.49957 3.43284 3.26958 3.09774 3.08703 3.11397 3.04851 3.08904 3.22356 3.20722 3.09793 3.06081 2.99191 2.77344 2.67345 2.81424 2.85656 2.68671 2.60759 2.65338 2.83483
3.57820 3.50147 3.58780 3.60130 3.54435 3.50229 3.52751 3.61577 3.74449 3.69705 3.61340 3.63194 3.71229 3.70993 3.63444 3.62816 3.59942 3.58182 3.67567 3.65911 3.67960 3.70453 3.62506 3.52114 3.37655 3.31861 3.36958 3.48191 3.59577 3.63267 3.57600 3.52379 3.42772 3.31122 3.37902 3.42931 3.31317 3.41026 3.51116 3.49309 3.40839 3.31794 3.31626 3.29767 3.30373 3.33830 3.31382 3.18647 2.96283 2.82888 2.75913 2.68104 2.71284 2.88576 3.06516 3.11378 3.06970 2.95600 2.68874 2.59142 2.62416 2.67680 2.64354 2.57794 2.59157 2.65978
3.59305 3.53824 3.60805 3.55084 3.47587 3.48527 3.57102 3.67823 3.79927 3.76357 3.65932 3.64421 3.70309 3.71296 3.64315 3.62829 3.58011 3.57621 3.66792 3.65573 3.68980 3.74928 3.68652 3.60281 3.52090 3.48772 3.49895 3.57488 3.65673 3.61453 3.54075 3.52379 3.45252 3.26760 3.23930 3.42829 3.36325 3.35488 3.43319 3.42704 3.30288 3.20434 3.22544 3.20188 3.16310 3.16688 3.17129 3.11155 2.98042 2.80047 2.61331 2.44324 2.35910 2.50142 2.64941 2.82750 2.91486 2.75687 2.60399 2.51681 2.50279 2.55248 2.56216 2.52453 2.51506 2.53710
3.58711 3.55228 3.61934 3.52491 3.47224 3.55208 3.64250 3.69809 3.69577 3.70203 3.67874 3.65076 3.66330 3.66433 3.62661 3.58279 3.52500 3.56479 3.64368 3.63866 3.66748 3.68840 3.65366 3.60434 3.51564 3.45484 3.47817 3.56688 3.64647 3.57783 3.51473 3.51354 3.43190 3.19489 3.03365 3.34228 3.31348 3.23104 3.29404 3.30236 3.21195 3.21427 3.26318 3.24627 3.19127 3.15221 3.15905 3.18765 3.16350 2.96116 2.60977 2.34024 2.08469 2.18156 2.46201 2.62346 2.70794 2.63142 2.59219 2.49367 2.33533 2.36091 2.41972 2.38595 2.45456 2.50064
