mrvbf_slope0.8_pctl1.1.asc
NCOLS 410
NROWS 410
XLLCORNER 2398750.0000000000000000
YLLCORNER 2548750.0000000000000000
CELLSIZE 250.0000000000000000
NODATA_VALUE -99999.00000
[rows 203 to 231 of 410, columns 330 to 395 of 410]
6.91776 6.91911 6.93098 6.81680 6.82230 6.78103 6.67540 6.23633 5.53693 5.49187 5.65776 6.22253 6.31612 5.76740 5.68165 5.71208 5.06746 5.21938 5.12196 5.38818 5.11539 5.06352 4.94353 5.59475 6.77437 6.73024 5.66409 5.43066 6.02450 6.11705 6.69399 6.57188 5.75007 5.13790 5.05789 5.57827 5.70131 5.93291 6.30863 6.90940 7.16890 7.20231 7.16013 7.06365 6.81164 6.86787 6.65474 6.82867 6.32854 6.17945 6.83695 6.86661 6.70280 6.66739 6.87420 6.99920 7.08691 7.00569 6.71084 6.47517 6.61206 6.68059 6.27813 5.88237 6.47864 6.20489
6.85385 6.81729 6.85442 6.70005 6.52289 6.24076 5.73619 5.70849 5.71310 5.41725 5.67949 5.75147 6.23411 6.23861 6.09841 5.59884 5.11968 5.06885 5.41633 5.33352 5.46815 5.42008 5.52980 5.96898 6.66944 6.86678 6.61655 6.22558 6.68317 6.86172 7.02448 7.02856 6.83172 6.22561 6.03727 6.44026 6.44069 6.58771 6.87619 7.15071 7.25809 7.26423 7.17058 7.16079 7.09542 6.73996 6.32701 5.92631 5.23254 5.05733 5.64412 6.54082 6.48740 6.56877 6.73999 6.97645 7.11497 7.01125 6.73162 6.62981 6.75742 6.81970 6.23061 5.73937 6.17483 5.89009
6.61998 6.74811 6.70361 6.58309 6.16521 5.42107 4.76215 4.81196 5.40491 5.44749 5.41256 5.42184 5.54861 5.73484 5.57693 5.26117 5.07628 5.14001 5.42069 5.52272 5.53255 5.72892 5.76780 5.88364 6.16368 6.57251 6.80563 6.83622 6.82470 7.04871 7.10240 7.15039 7.13581 7.08518 6.92020 6.65288 6.70073 6.98279 7.13372 7.26593 7.29839 7.27330 7.21151 7.17083 7.15661 6.95717 6.38801 5.37891 4.88621 4.83606 4.91316 5.71790 6.22627 6.43568 6.52074 6.82965 7.04079 6.99170 6.78691 6.67384 6.79341 6.88850 6.45512 5.65670 5.62725 5.83209
6.48152 6.66890 6.52747 6.38399 5.59833 4.70634 4.58623 4.65625 4.78449 4.89240 5.11661 5.52708 5.71691 5.83749 5.59977 5.26547 4.97397 5.22075 5.19512 5.34727 5.27484 5.49842 5.69757 5.80787 6.02854 6.49090 6.92170 6.98213 6.87170 7.03242 7.13634 7.16552 7.19351 7.09023 6.84426 6.63876 6.83615 7.08168 7.22298 7.30440 7.29927 7.29341 7.26789 7.21782 7.16319 7.01436 6.78314 5.82934 5.08959 4.94834 4.79115 5.37608 6.05970 6.28545 6.57569 6.78932 6.92555 6.91474 6.70305 6.48810 6.27696 6.61553 6.43790 5.73315 5.67302 5.91604
6.55376 6.52451 6.28508 6.01176 5.31384 4.63228 4.72756 4.99263 5.06838 4.72242 4.92423 5.19199 5.44850 5.71886 5.68745 5.42423 5.02250 4.98336 5.19854 5.21566 5.17876 5.01116 5.37258 5.69792 6.15605 6.69604 6.86782 6.92760 6.73570 6.83109 6.95327 7.05011 7.10076 6.93250 6.74229 6.83162 7.02888 7.16346 7.26672 7.29881 7.29953 7.28299 7.22166 7.16080 7.11758 7.06556 6.94692 6.42954 5.34676 4.85698 4.76656 4.85664 5.63541 6.18955 6.65580 6.84097 6.89841 6.88626 6.60673 5.86021 5.42647 5.79135 6.21156 5.65179 5.64267 5.88470
6.53500 6.40278 6.05290 5.56975 4.83819 4.71914 4.85718 5.09170 4.94694 4.64890 4.68737 4.83610 5.50715 6.01327 5.80602 5.67346 5.36548 4.89856 5.06300 4.86244 4.87827 4.95532 5.04888 5.67797 6.48038 6.82576 6.86422 6.97730 6.62730 6.82142 6.87282 6.87591 6.80225 6.73385 6.86592 6.97863 7.09471 7.17007 7.21112 7.18626 7.14880 7.16834 7.17449 7.11761 7.06326 7.06434 6.90145 6.77312 5.82123 5.11925 4.83348 4.82882 5.42063 6.15884 6.68973 6.66073 6.92732 6.89560 6.13661 5.46634 5.48965 5.37193 5.64715 5.52421 5.54353 5.70381
6.35931 6.00251 5.57499 5.45638 4.85954 4.93229 4.89148 4.70281 4.84553 4.59391 4.64048 5.24794 5.81301 5.83850 6.12803 6.13186 5.66621 5.22701 4.76972 4.75496 4.74542 4.80431 5.44302 6.34935 6.68941 6.88921 6.80101 6.88108 6.71462 6.53301 6.65873 6.75859 6.76294 6.67643 6.70002 6.81082 6.97321 7.06586 7.13639 7.00486 6.76704 6.86989 7.08178 7.06564 7.00434 6.96786 6.65724 6.50851 6.28163 5.63961 5.03857 5.02858 5.03530 5.69887 6.23306 5.89512 6.45738 6.49303 5.88035 5.72131 5.39738 5.49347 5.31073 5.44251 5.57125 5.88569
5.87803 5.31902 4.90729 5.08830 4.68498 4.72358 4.69071 4.61354 4.61683 4.79437 5.00596 5.41576 5.69313 5.89839 6.10103 6.32788 5.89353 5.56697 5.26783 4.90248 4.87342 5.36085 6.10800 6.69543 6.79509 6.88644 6.79697 6.74392 6.75302 6.81773 6.76761 6.69208 6.63556 6.76929 6.89251 6.86966 6.75303 6.83371 6.93720 6.70359 6.70011 6.60800 6.64065 6.54009 6.50517 6.64466 6.36177 6.07844 6.02515 6.04346 5.39280 4.94029 5.15453 5.26582 5.47588 5.79474 5.60170 5.68852 5.74373 5.69171 5.71110 5.29339 5.07845 5.05692 5.46345 5.83490
5.15995 4.61929 4.71684 4.73002 4.62017 4.58637 4.73117 4.55029 4.57724 4.84854 5.31433 5.33687 5.44290 5.61117 5.77301 5.85908 5.56883 5.56840 5.66758 5.57053 5.60599 5.80397 6.22132 6.60807 6.60800 6.71706 6.75475 6.64404 6.62172 6.75950 6.77650 6.85800 6.78425 6.92033 7.07732 7.06040 6.96396 6.82046 6.88775 6.88858 6.62290 6.56642 6.44335 6.49144 6.58181 6.62093 6.31004 6.15006 6.27604 6.46041 5.91519 5.36592 5.10476 5.38805 5.44676 5.41126 5.62297 5.80007 5.53976 5.86410 5.79227 5.31102 5.09061 5.19067 5.59885 5.95707
4.55927 4.48743 4.60934 4.82932 4.95002 4.69632 4.67600 4.54882 4.61931 4.95386 5.09382 5.16243 5.34132 5.59768 5.67534 5.68255 5.52764 5.51569 5.71081 6.08483 6.10160 6.12546 6.36512 6.48880 6.52714 6.59583 6.63329 6.77649 6.59262 6.57975 6.47781 6.55251 6.58966 6.84918 7.03428 7.02760 6.97839 6.78765 6.87761 7.02254 6.92343 6.86676 6.57863 6.35832 6.32118 6.47915 6.33397 6.11614 6.06258 6.16309 6.06379 6.01634 5.70355 5.57050 5.77976 5.90904 5.92011 6.01505 6.01145 6.34132 6.06075 5.54888 5.39287 5.59339 5.48740 5.97426
4.48326 4.57403 4.58864 4.67983 4.95372 4.71382 4.66595 4.52077 4.79556 5.44172 5.56890 5.51240 5.38026 5.47390 5.52020 5.60848 5.55389 5.93432 6.20913 6.39999 6.29554 6.38527 6.50677 6.63445 6.50411 6.61873 6.65111 6.87611 6.82512 6.77344 6.78853 6.78654 6.60734 6.46354 6.62048 6.80424 6.74349 6.74542 6.92474 6.94190 6.97286 7.02929 6.90617 6.78195 6.74667 6.70580 6.54205 6.37674 6.11921 6.04582 6.05279 5.95963 5.84149 5.71239 5.75025 5.82702 5.92828 6.08028 6.03808 6.13458 6.07644 6.02617 5.74005 5.45970 5.14650 5.48280
4.57659 4.56426 4.59640 4.57394 4.61889 4.68053 4.58684 4.68853 5.34233 5.80547 6.06615 6.10292 5.95401 5.98449 5.95646 5.90918 5.68604 6.00133 5.94950 6.39443 6.53638 6.65676 6.67349 6.93883 6.86386 6.60392 6.61585 6.74797 6.67354 6.61857 6.46415 6.44270 6.34975 6.48669 6.31513 6.45340 6.69859 6.90935 6.91653 6.83632 6.94717 6.94194 6.92534 6.81320 6.68283 6.47399 6.21461 5.99517 5.93179 5.93587 5.90379 5.67643 5.68000 5.93060 6.22787 6.36621 6.47448 6.43554 6.28445 6.20331 6.15756 5.99683 5.46253 5.10351 5.07741 5.08562
4.59235 4.70164 4.57603 4.52249 4.61220 4.61494 4.69929 5.25380 5.71125 5.98505 6.14356 6.27514 6.29686 6.31116 6.22018 6.17979 6.06738 5.94152 6.00515 6.43467 6.59887 6.63325 6.67703 6.99844 7.06552 7.02133 6.96470 6.73239 6.80976 6.62988 6.62998 6.73642 6.41685 6.22706 6.31977 6.10285 6.45448 6.81860 6.76416 6.82891 6.90931 6.82172 6.67754 6.43859 6.13003 5.82723 5.77678 5.83325 6.09103 5.83003 5.71440 5.89286 6.15520 6.47549 6.71468 6.70114 6.65049 6.63161 6.47601 6.35964 6.35854 6.30155 5.77568 5.30053 5.07219 5.36216
4.73178 5.22051 5.08414 4.91110 4.64485 4.81338 5.26981 5.65420 5.92216 6.14013 6.32250 6.28637 6.26973 6.32061 6.33909 6.31829 6.28009 6.13171 6.19219 6.21517 6.50241 6.56779 6.46402 6.75651 6.89245 6.97112 7.00395 6.74208 6.81342 6.71947 6.63762 6.67498 6.69160 6.14243 5.88556 5.96096 6.16569 6.61557 6.68242 6.77568 6.88660 6.62663 6.29367 5.94751 5.69732 5.76638 6.03290 5.85628 5.80924 5.95417 6.07488 6.30423 6.60013 6.72102 6.77596 6.81769 6.74329 6.62531 6.45212 6.33892 6.39671 6.40149 6.28768 5.84909 5.57662 5.30420
5.14006 5.54514 5.55947 5.54826 5.34548 5.50573 5.73895 5.86988 6.01769 6.17222 6.27435 6.39486 6.34255 6.27811 6.32819 6.40660 6.44310 6.34075 6.13818 6.40384 6.60688 6.57764 6.20731 6.21928 6.45872 6.45750 6.69223 6.54448 6.69161 6.75407 6.78968 6.72824 6.40499 5.72899 5.68642 5.83353 6.12402 6.52505 6.59217 6.61083 6.70494 6.34823 5.97999 5.74513 5.75023 5.64909 5.80441 5.94090 6.13268 6.39057 6.54395 6.62825 6.72467 6.69822 6.76463 6.83533 6.83390 6.67742 6.32525 6.32561 6.46103 6.41121 6.38229 6.18011 5.76428 5.53814
5.54236 5.69962 5.68302 5.75740 5.89150 5.94656 6.00509 6.06585 6.13750 6.11649 6.05185 6.25416 6.26815 6.22988 6.27267 6.29834 6.16919 5.97311 5.99355 6.24300 6.33218 6.38018 6.32171 6.30319 6.48607 6.31395 6.15803 6.17430 6.26982 6.53843 6.73040 6.72107 6.43984 5.87766 5.46824 5.58814 5.68190 6.06330 6.28713 6.34493 6.46165 6.20391 5.80250 5.56989 5.53755 5.75968 6.14583 6.26889 6.59118 6.66339 6.68411 6.74915 6.72574 6.72331 6.67459 6.71430 6.66937 6.54164 6.25287 6.26545 6.31396 6.40248 6.38151 6.20896 5.66175 5.57934
5.69906 5.78233 5.83662 5.88693 6.00861 6.10882 6.12019 6.09922 6.13532 6.06066 5.98095 6.01567 6.20424 6.16298 6.15141 6.08314 5.74054 5.73208 5.67679 5.81092 6.03835 6.32751 6.45778 6.49469 6.73102 6.50001 6.27052 6.13362 6.13006 6.09795 6.24740 6.49706 6.45327 5.93274 5.64210 5.53954 5.77684 6.19182 6.33717 6.39302 6.38929 6.26950 5.99809 5.68651 5.59734 5.78319 5.89273 5.69149 5.99862 6.47461 6.58584 6.60592 6.62042 6.57527 6.42427 6.48520 6.41214 6.22011 6.19409 6.31546 6.34672 6.23433 6.13197 5.96875 5.60753 5.54318
5.81104 5.86542 5.94681 6.00253 6.11620 6.20276 6.18541 6.11885 6.13429 6.18563 6.01672 5.99977 6.19364 6.18990 6.13615 6.02224 5.68856 5.68322 5.63359 5.83223 6.02955 6.02521 6.43326 6.68780 6.77774 6.65667 6.42906 6.17234 6.00272 6.08860 5.88943 5.87945 5.98726 6.04335 6.09607 6.06211 6.18547 6.29434 6.30151 6.34184 6.28823 6.20369 6.12201 5.94118 5.84539 5.76856 5.51036 5.51409 5.39619 5.81990 6.27169 6.08046 6.25937 6.16266 6.14391 6.07895 6.10294 6.06300 6.21846 6.32824 6.14185 5.93402 5.85710 5.71657 5.55298 5.59704
5.97682 6.06354 6.07884 6.14701 6.19631 6.21131 6.18778 6.16226 6.09194 6.11134 6.00911 5.95606 6.13272 6.20664 6.12293 6.02100 5.84027 5.69860 5.88943 6.02646 5.86401 6.14379 6.60552 6.74002 6.64752 6.42901 6.11417 5.93777 5.70928 5.63883 5.61877 5.84268 6.03159 6.23011 6.38749 6.42740 6.41916 6.32051 6.30648 6.25414 6.24012 6.14247 6.04991 5.89459 5.72216 5.73914 5.59210 5.27573 5.41588 5.40981 5.75859 6.03605 5.89929 6.20972 5.98353 5.84622 5.99281 6.11767 6.27706 6.23745 5.96756 5.81399 5.72401 5.66292 5.70460 5.76426
5.98844 6.14691 6.17551 6.20111 6.21381 6.23981 6.20147 6.12739 6.01803 5.96097 5.97658 5.86609 5.83793 6.02676 6.17967 6.09020 5.92317 5.78870 6.02621 5.93744 6.02643 6.31382 6.59649 6.55620 6.32428 5.87232 5.79910 5.81698 5.69576 5.67356 5.82637 6.06899 6.21330 6.26360 6.29264 6.35355 6.39291 6.40465 6.37842 6.32113 6.34232 6.26145 6.16642 5.97166 5.67721 5.60334 5.60812 5.41374 5.21666 5.49076 5.64265 5.90485 6.12428 6.23736 6.00134 5.91892 5.88152 6.03814 6.12068 5.94047 5.84817 5.76993 5.72209 5.70954 5.83421 5.88541
5.95546 6.05062 6.04603 6.06755 6.04639 6.08327 6.11036 6.05151 6.04163 6.03182 6.06176 5.93667 5.78532 5.85468 6.06299 6.10897 5.94436 5.95949 5.87730 6.00890 5.91808 6.21448 6.41233 6.25892 5.80860 5.68773 5.87749 5.94387 5.94264 6.00829 6.15718 6.31319 6.39661 6.45186 6.51247 6.48740 6.55298 6.61415 6.57469 6.55190 6.51671 6.53144 6.50655 6.32504 5.91959 5.65761 5.59916 5.51605 5.33476 5.29782 5.31571 5.64922 6.03915 6.10570 5.91652 5.80023 5.82590 5.79751 5.81521 5.68620 5.75087 5.69740 5.85232 5.84127 5.81158 5.92256
5.82480 5.94555 5.96432 5.90314 5.89768 5.99258 6.02299 6.07090 6.05188 6.06473 6.03457 5.95594 5.87557 5.94650 5.96454 6.05470 6.03618 6.01670 6.01043 5.93796 6.02883 6.26326 6.29543 6.06045 5.69138 5.69466 5.91068 6.05243 6.14828 6.27883 6.35902 6.40675 6.53166 6.67676 6.70251 6.63267 6.77398 6.81591 6.82516 6.80185 6.72442 6.74952 6.71987 6.59014 6.30948 5.95291 5.78404 5.65780 5.41437 5.05273 5.21859 5.27140 5.72297 5.99139 5.96342 5.80716 5.67984 5.64664 5.70954 5.68588 5.62985 5.70466 5.77822 5.65864 5.83657 5.97423
5.66623 5.80930 5.87963 5.85269 5.81160 5.84816 5.92400 6.05735 6.12522 6.06581 5.94278 5.83774 5.82962 5.98470 5.99056 6.00794 6.04416 6.09885 6.13985 6.10899 6.07079 6.17934 6.22148 5.96224 5.64553 5.54109 5.64952 5.95389 6.27281 6.38233 6.44805 6.51572 6.57379 6.73381 6.68368 6.81457 6.91349 6.92747 6.93181 6.91395 6.87311 6.85315 6.80169 6.69731 6.53282 6.32873 6.13083 5.91901 5.60500 5.27079 4.95110 5.13254 5.58603 5.88676 5.87230 5.67948 5.58865 5.71326 5.71309 5.67346 5.63465 5.78550 5.76458 5.75392 5.86444 6.00985
5.45217 5.62965 5.72818 5.68209 5.65011 5.69344 5.82310 5.90569 5.99073 5.95690 5.90007 5.80838 5.74588 5.82255 5.88118 5.89090 5.96863 6.07536 6.16553 6.17749 6.11710 6.14652 6.21911 5.95361 5.75583 5.46419 5.48301 5.83152 6.23085 6.35290 6.46394 6.62419 6.72342 6.81481 6.83019 6.90582 6.94788 6.95874 6.95810 6.94686 6.92496 6.89145 6.84221 6.76356 6.63850 6.48895 6.33855 6.11442 5.77684 5.39308 4.96778 5.20914 5.34394 5.71593 5.84851 5.60771 5.64021 5.77538 5.84891 5.80774 5.63560 5.63587 5.65167 5.73185 5.86629 5.78347
5.35034 5.40874 5.51208 5.56867 5.53036 5.52638 5.66683 5.73518 5.76972 5.82155 5.77719 5.79312 5.79529 5.77683 5.78944 5.81429 5.82896 5.88536 6.01379 6.09740 6.09099 6.07114 6.06109 5.79134 5.64615 5.40471 5.45038 5.78362 6.13869 6.29335 6.41600 6.53185 6.67460 6.79740 6.86121 6.89919 6.92835 6.94622 6.95224 6.94601 6.92746 6.89731 6.85530 6.79668 6.70564 6.57211 6.42830 6.20477 5.88333 5.51735 5.15105 5.04189 5.37002 5.65845 5.77094 5.60293 5.73863 5.85627 5.76720 5.67764 5.52081 5.52599 5.53887 5.62857 5.84277 5.74841
5.12274 5.12432 5.21724 5.44757 5.44616 5.45660 5.50741 5.61672 5.69831 5.68098 5.81125 5.82499 5.84305 5.86527 5.77835 5.77482 5.82379 5.80071 5.84690 5.88592 5.95871 5.94109 5.77010 5.61280 5.36299 5.32864 5.53582 5.79916 6.09087 6.25841 6.39232 6.42538 6.53063 6.70622 6.79477 6.83773 6.87332 6.89922 6.91372 6.91453 6.90124 6.87578 6.83930 6.79077 6.72052 6.60819 6.43619 6.18420 5.88731 5.61845 5.34776 5.13666 5.34327 5.57456 5.75112 5.61586 5.67316 5.68846 5.55082 5.48813 5.37036 5.36112 5.47901 5.59855 5.67239 5.71002
4.79101 4.95078 5.03765 5.24896 5.33055 5.37351 5.37917 5.46498 5.59615 5.64501 5.76156 5.82856 5.84517 5.85548 5.78618 5.71788 5.76593 5.80030 5.83083 5.81666 5.83630 5.88665 5.69120 5.47495 5.28558 5.42500 5.62086 5.80186 6.04843 6.17712 6.25047 6.32630 6.42105 6.58312 6.66322 6.71557 6.76112 6.79766 6.82455 6.83800 6.83632 6.82113 6.79219 6.74937 6.68748 6.57790 6.38536 6.14575 5.87680 5.65032 5.41545 5.11994 5.16723 5.40909 5.65878 5.61855 5.59242 5.47317 5.44847 5.44195 5.25733 5.29224 5.46910 5.55563 5.63127 5.75954
4.59356 4.71153 4.89195 5.17235 5.26450 5.29370 5.34008 5.34211 5.42246 5.55553 5.63138 5.70555 5.81087 5.78747 5.78915 5.70461 5.68026 5.72363 5.79103 5.80691 5.81441 5.78655 5.63249 5.42240 5.24291 5.41390 5.59464 5.75129 5.91913 6.05897 6.12735 6.24525 6.31234 6.38974 6.44305 6.52697 6.58923 6.61809 6.68227 6.72003 6.73011 6.72513 6.70609 6.67219 6.61786 6.52487 6.35712 6.10029 5.80226 5.61399 5.35820 4.92876 5.04655 5.19510 5.54893 5.59426 5.60704 5.48303 5.50229 5.40767 5.15730 5.25115 5.47455 5.49960 5.66405 5.73489
4.53388 4.59149 4.72462 4.97276 5.08119 5.21155 5.31194 5.35567 5.39860 5.43055 5.52341 5.61283 5.66496 5.71032 5.74051 5.69351 5.64301 5.59772 5.64044 5.69371 5.75542 5.77177 5.65477 5.38872 5.17740 5.27347 5.40592 5.55397 5.67744 5.81777 5.92310 6.02471 6.02213 6.07785 6.14965 6.26237 6.33247 6.34754 6.46073 6.55264 6.58759 6.59390 6.58455 6.56035 6.51684 6.43817 6.28673 6.05056 5.77156 5.56228 5.30324 4.86695 5.05286 5.12852 5.53478 5.68414 5.71360 5.57722 5.49508 5.25157 5.02225 5.21713 5.46521 5.58784 5.73382 5.79930
