mrvbf_slope0.8_pctl1.3.asc
NCOLS 410
NROWS 410
XLLCORNER 2398750.0000000000000000
YLLCORNER 2548750.0000000000000000
CELLSIZE 250.0000000000000000
NODATA_VALUE -99999.00000
[rows 0 to 28 of 410, columns 0 to 65 of 410]
-99999.00000 -99999.00000 -99999.00000 -99999.00000 -99999.00000 -99999.00000 -99999.00000 -99999.00000 -99999.00000 -99999.00000 -99999.00000 -99999.00000 -99999.00000 -99999.00000 -99999.00000 -99999.00000 -99999.00000 -99999.00000 -99999.00000 -99999.00000 -99999.00000 -99999.00000 -99999.00000 -99999.00000 -99999.00000 -99999.00000 -99999.00000 -99999.00000 -99999.00000 -99999.00000 -99999.00000 -99999.00000 -99999.00000 -99999.00000 -99999.00000 -99999.00000 -99999.00000 -99999.00000 -99999.00000 -99999.00000 -99999.00000 -99999.00000 -99999.00000 -99999.00000 -99999.00000 -99999.00000 -99999.00000 -99999.00000 -99999.00000 -99999.00000 -99999.00000 -99999.00000 -99999.00000 -99999.00000 -99999.00000 -99999.00000 -99999.00000 -99999.00000 -99999.00000 -99999.00000 -99999.00000 -99999.00000 -99999.00000 -99999.00000 -99999.00000 -99999.00000
-99999.00000 -99999.00000 -99999.00000 -99999.00000 -99999.00000 -99999.00000 -99999.00000 -99999.00000 -99999.00000 -99999.00000 -99999.00000 -99999.00000 -99999.00000 -99999.00000 -99999.00000 -99999.00000 -99999.00000 -99999.00000 -99999.00000 -99999.00000 -99999.00000 -99999.00000 -99999.00000 -99999.00000 -99999.00000 -99999.00000 -99999.00000 -99999.00000 -99999.00000 -99999.00000 -99999.00000 -99999.00000 -99999.00000 -99999.00000 -99999.00000 -99999.00000 -99999.00000 -99999.00000 -99999.00000 -99999.00000 -99999.00000 -99999.00000 -99999.00000 -99999.00000 -99999.00000 -99999.00000 -99999.00000 -99999.00000 -99999.00000 -99999.00000 -99999.00000 -99999.00000 -99999.00000 -99999.00000 -99999.00000 -99999.00000 -99999.00000 -99999.00000 -99999.00000 -99999.00000 -99999.00000 -99999.00000 -99999.00000 -99999.00000 -99999.00000 -99999.00000
-99999.00000 -99999.00000 -99999.00000 -99999.00000 -99999.00000 -99999.00000 -99999.00000 -99999.00000 -99999.00000 -99999.00000 -99999.00000 -99999.00000 -99999.00000 -99999.00000 -99999.00000 -99999.00000 -99999.00000 -99999.00000 -99999.00000 -99999.00000 -99999.00000 -99999.00000 -99999.00000 -99999.00000 -99999.00000 -99999.00000 -99999.00000 -99999.00000 -99999.00000 -99999.00000 -99999.00000 -99999.00000 -99999.00000 -99999.00000 -99999.00000 -99999.00000 -99999.00000 -99999.00000 -99999.00000 -99999.00000 -99999.00000 -99999.00000 -99999.00000 -99999.00000 -99999.00000 -99999.00000 -99999.00000 -99999.00000 -99999.00000 -99999.00000 -99999.00000 -99999.00000 -99999.00000 -99999.00000 -99999.00000 -99999.00000 -99999.00000 -99999.00000 -99999.00000 -99999.00000 -99999.00000 -99999.00000 -99999.00000 -99999.00000 -99999.00000 -99999.00000
-99999.00000 -99999.00000 -99999.00000 -99999.00000 -99999.00000 -99999.00000 -99999.00000 -99999.00000 -99999.00000 -99999.00000 -99999.00000 -99999.00000 -99999.00000 -99999.00000 -99999.00000 -99999.00000 -99999.00000 -99999.00000 -99999.00000 -99999.00000 -99999.00000 -99999.00000 -99999.00000 -99999.00000 -99999.00000 -99999.00000 -99999.00000 -99999.00000 -99999.00000 -99999.00000 -99999.00000 -99999.00000 -99999.00000 -99999.00000 -99999.00000 -99999.00000 -99999.00000 -99999.00000 -99999.00000 -99999.00000 -99999.00000 -99999.00000 -99999.00000 -99999.00000 -99999.00000 -99999.00000 -99999.00000 -99999.00000 -99999.00000 -99999.00000 -99999.00000 -99999.00000 -99999.00000 -99999.00000 -99999.00000 -99999.00000 -99999.00000 -99999.00000 -99999.00000 -99999.00000 -99999.00000 -99999.00000 -99999.00000 -99999.00000 -99999.00000 -99999.00000
-99999.00000 -99999.00000 -99999.00000 -99999.00000 -99999.00000 -99999.00000 -99999.00000 -99999.00000 -99999.00000 -99999.00000 -99999.00000 -99999.00000 -99999.00000 -99999.00000 -99999.00000 -99999.00000 -99999.00000 -99999.00000 -99999.00000 -99999.00000 -99999.00000 -99999.00000 -99999.00000 -99999.00000 -99999.00000 -99999.00000 -99999.00000 -99999.00000 -99999.00000 -99999.00000 -99999.00000 -99999.00000 -99999.00000 -99999.00000 -99999.00000 -99999.00000 -99999.00000 -99999.00000 -99999.00000 -99999.00000 -99999.00000 -99999.00000 -99999.00000 -99999.00000 -99999.00000 -99999.00000 -99999.00000 -99999.00000 -99999.00000 -99999.00000 -99999.00000 -99999.00000 -99999.00000 -99999.00000 -99999.00000 -99999.00000 -99999.00000 -99999.00000 -99999.00000 -99999.00000 -99999.00000 -99999.00000 -99999.00000 -99999.00000 -99999.00000 -99999.00000
-99999.00000 -99999.00000 -99999.00000 -99999.00000 -99999.00000 7.66449 7.66866 7.68250 7.67864 7.62979 7.57813 7.65722 7.66832 7.61392 7.64991 7.67402 7.67264 7.68147 7.69263 7.66967 7.61838 7.56234 7.51818 7.46716 7.43524 7.50792 7.60279 7.59404 7.39001 7.11361 7.18713 7.44344 7.54135 7.53430 7.52596 7.57762 7.61314 7.62503 7.62619 7.62107 7.60386 7.61556 7.65416 7.69143 7.71397 7.73314 7.74521 7.74765 7.74637 7.74512 7.74556 7.74658 7.74163 7.72555 7.70919 7.70574 7.70837 7.70692 7.70650 7.70176 7.68290 7.66582 7.65824 7.66561 7.66559 7.62174
-99999.00000 -99999.00000 -99999.00000 -99999.00000 -99999.00000 7.66389 7.66691 7.67904 7.66210 7.61620 7.63127 7.65114 7.65094 7.64419 7.63277 7.66817 7.67467 7.67966 7.68144 7.65830 7.61172 7.56964 7.54684 7.51366 7.49052 7.52717 7.57574 7.58758 7.47696 7.24970 7.24921 7.46236 7.55776 7.56147 7.57796 7.61137 7.64152 7.64098 7.62388 7.64117 7.59629 7.61007 7.66198 7.70245 7.72411 7.73909 7.74498 7.74286 7.73462 7.72698 7.72981 7.73919 7.74123 7.72416 7.70374 7.69868 7.70148 7.69743 7.69423 7.69729 7.68891 7.66630 7.64655 7.65179 7.67067 7.63914
-99999.00000 -99999.00000 -99999.00000 -99999.00000 -99999.00000 7.65322 7.66100 7.67806 7.66657 7.64677 7.61113 7.65197 7.67030 7.63391 7.63732 7.66166 7.67149 7.67513 7.67358 7.65372 7.61478 7.59573 7.59682 7.57561 7.54307 7.52217 7.51145 7.53107 7.55233 7.40019 7.33303 7.48749 7.58552 7.61489 7.65539 7.66346 7.68314 7.66907 7.63046 7.62978 7.57908 7.61464 7.67675 7.71533 7.73374 7.74173 7.74109 7.72825 7.70119 7.68099 7.68873 7.71539 7.73504 7.72504 7.69989 7.68806 7.68940 7.68693 7.67934 7.67880 7.68681 7.67471 7.64758 7.64633 7.66519 7.66229
-99999.00000 -99999.00000 -99999.00000 -99999.00000 -99999.00000 7.63365 7.64362 7.67202 7.68301 7.66463 7.63177 7.63597 7.63611 7.60427 7.62183 7.64839 7.66300 7.67397 7.67872 7.66829 7.64033 7.62079 7.61969 7.60372 7.56867 7.52602 7.49023 7.47547 7.54583 7.46094 7.34513 7.48206 7.60748 7.65371 7.68035 7.66195 7.65330 7.63890 7.61722 7.57491 7.56923 7.62743 7.68516 7.71496 7.73349 7.74011 7.73124 7.70140 7.66997 7.66586 7.66702 7.68759 7.72123 7.72826 7.70026 7.67710 7.67427 7.67921 7.67695 7.66336 7.66082 7.65904 7.63178 7.63211 7.66028 7.66404
-99999.00000 -99999.00000 -99999.00000 -99999.00000 -99999.00000 7.62721 7.62624 7.65013 7.67817 7.66634 7.62845 7.62074 7.56032 7.56162 7.60713 7.64086 7.66488 7.68350 7.69363 7.69076 7.67362 7.65261 7.64276 7.62940 7.60292 7.58104 7.56231 7.48135 7.48248 7.52642 7.42417 7.48591 7.61005 7.66562 7.67181 7.64802 7.65348 7.66255 7.60237 7.55293 7.57402 7.63265 7.68047 7.70271 7.72430 7.73436 7.71966 7.68937 7.67676 7.68947 7.67641 7.68258 7.71792 7.73219 7.70491 7.67321 7.66210 7.67083 7.68360 7.66797 7.63976 7.61039 7.57989 7.60072 7.63226 7.63894
-99999.00000 -99999.00000 -99999.00000 -99999.00000 -99999.00000 7.64329 7.62544 7.62548 7.65610 7.65467 7.65421 7.58799 7.57556 7.60839 7.63535 7.66072 7.68391 7.70079 7.71156 7.71239 7.69950 7.68254 7.67705 7.67487 7.66507 7.66146 7.64224 7.55700 7.49503 7.52072 7.49985 7.51261 7.59951 7.65371 7.65723 7.64940 7.66809 7.65623 7.56908 7.53432 7.57916 7.63686 7.67275 7.68817 7.70819 7.72469 7.71389 7.69555 7.69359 7.69281 7.68294 7.69343 7.72441 7.73558 7.70959 7.67604 7.65884 7.66252 7.67485 7.67374 7.64350 7.60147 7.59044 7.62580 7.64767 7.64644
-99999.00000 -99999.00000 -99999.00000 -99999.00000 -99999.00000 7.64027 7.63333 7.60018 7.61466 7.62285 7.64303 7.61446 7.61046 7.63436 7.66745 7.68841 7.70529 7.71611 7.72178 7.72284 7.71083 7.69578 7.69555 7.70719 7.71527 7.71874 7.70317 7.64100 7.56666 7.54711 7.55888 7.56634 7.61062 7.65949 7.66311 7.66571 7.67949 7.62228 7.53249 7.54230 7.60825 7.65456 7.67652 7.68560 7.69717 7.71305 7.71072 7.70623 7.71151 7.70620 7.69977 7.70513 7.72318 7.73155 7.70997 7.68092 7.66358 7.66005 7.66181 7.65843 7.63944 7.60874 7.60100 7.63198 7.66470 7.67442
-99999.00000 -99999.00000 -99999.00000 -99999.00000 -99999.00000 7.59104 7.61720 7.57505 7.55400 7.62843 7.61897 7.61996 7.62948 7.63779 7.65750 7.68316 7.70381 7.71617 7.72132 7.71626 7.69660 7.68159 7.68716 7.70310 7.71587 7.73319 7.73754 7.71380 7.66582 7.63825 7.64561 7.63431 7.61047 7.62789 7.64145 7.65351 7.67436 7.59187 7.52100 7.57400 7.64809 7.68140 7.69062 7.69484 7.70159 7.71119 7.70823 7.70581 7.71185 7.71029 7.70514 7.70144 7.70768 7.71634 7.70723 7.68677 7.67084 7.66259 7.65803 7.64897 7.62890 7.59555 7.56680 7.58138 7.62793 7.66870
-99999.00000 -99999.00000 -99999.00000 -99999.00000 -99999.00000 7.52244 7.55835 7.59144 7.58147 7.59026 7.61618 7.63847 7.62369 7.65507 7.66525 7.68185 7.69613 7.70605 7.70850 7.69730 7.67827 7.67094 7.68551 7.70186 7.70494 7.72454 7.74642 7.74955 7.73404 7.71412 7.69865 7.67670 7.63589 7.61716 7.61077 7.61228 7.64489 7.56701 7.52830 7.60284 7.65930 7.68243 7.69019 7.69874 7.70942 7.71431 7.70126 7.69337 7.69461 7.69285 7.69252 7.69488 7.69811 7.70391 7.70463 7.68782 7.67236 7.66504 7.66276 7.65731 7.64429 7.62608 7.60193 7.58695 7.60291 7.63465
-99999.00000 -99999.00000 -99999.00000 -99999.00000 -99999.00000 7.42981 7.53154 7.61554 7.63956 7.62781 7.64373 7.64667 7.66675 7.67925 7.67690 7.69039 7.69846 7.69665 7.69017 7.67686 7.66635 7.67154 7.69395 7.71298 7.70489 7.70516 7.73167 7.75373 7.74921 7.72813 7.70910 7.70211 7.68172 7.64924 7.62011 7.59203 7.59849 7.57333 7.52660 7.56508 7.60210 7.63526 7.66082 7.68434 7.70494 7.70407 7.68837 7.68481 7.68808 7.68237 7.67480 7.67372 7.67412 7.67694 7.67958 7.67235 7.66421 7.66355 7.66936 7.67527 7.67513 7.66463 7.64530 7.63096 7.62431 7.62470
-99999.00000 -99999.00000 -99999.00000 -99999.00000 -99999.00000 7.49027 7.51026 7.53555 7.58832 7.64511 7.65170 7.67159 7.69790 7.69078 7.66810 7.67819 7.69413 7.67835 7.66819 7.66218 7.66468 7.68056 7.70513 7.72418 7.71535 7.69919 7.70893 7.72959 7.72322 7.70993 7.71059 7.71753 7.70898 7.68203 7.64872 7.60645 7.57510 7.59234 7.56107 7.54217 7.54793 7.57641 7.61412 7.65703 7.68679 7.68196 7.68019 7.69123 7.69314 7.66628 7.63786 7.63533 7.64739 7.66356 7.67277 7.66599 7.65653 7.65802 7.66825 7.67806 7.67544 7.66130 7.65169 7.65991 7.66427 7.65608
-99999.00000 -99999.00000 -99999.00000 -99999.00000 -99999.00000 7.53494 7.53881 7.53485 7.57763 7.63483 7.66373 7.68815 7.70603 7.70586 7.67320 7.65833 7.66873 7.65710 7.65711 7.66069 7.67307 7.69534 7.71543 7.72696 7.72622 7.71246 7.70186 7.70482 7.70037 7.70469 7.71907 7.72646 7.71745 7.70506 7.68148 7.64772 7.60034 7.57281 7.61011 7.60766 7.57473 7.55739 7.57016 7.61008 7.64060 7.65561 7.67854 7.69988 7.67774 7.62727 7.60412 7.62732 7.66324 7.68741 7.69504 7.68088 7.65668 7.65072 7.66119 7.67131 7.66862 7.66088 7.66591 7.67505 7.68411 7.69037
-99999.00000 -99999.00000 -99999.00000 -99999.00000 -99999.00000 7.54126 7.54421 7.53592 7.58245 7.59270 7.61078 7.65564 7.67935 7.69309 7.67895 7.65852 7.64473 7.64614 7.65764 7.66666 7.68566 7.70907 7.72167 7.72736 7.73145 7.73165 7.71969 7.71106 7.71266 7.72097 7.72432 7.72289 7.72040 7.71171 7.70299 7.68440 7.64779 7.59820 7.60602 7.64573 7.64827 7.59831 7.55287 7.55538 7.58946 7.63369 7.67697 7.68800 7.64142 7.59699 7.61034 7.66162 7.69971 7.71638 7.71625 7.69598 7.65892 7.64189 7.65534 7.67232 7.67334 7.66248 7.65804 7.66991 7.68600 7.68947
-99999.00000 -99999.00000 -99999.00000 -99999.00000 -99999.00000 7.50422 7.51278 7.53386 7.58316 7.56808 7.55116 7.55511 7.60203 7.65809 7.64622 7.64491 7.64952 7.64161 7.64407 7.66095 7.69061 7.71561 7.72709 7.73186 7.73398 7.73591 7.73499 7.73195 7.73172 7.73101 7.72351 7.72251 7.72777 7.71863 7.70548 7.69108 7.65418 7.62353 7.62068 7.63903 7.64835 7.63713 7.58544 7.51675 7.54843 7.61561 7.66679 7.66663 7.61375 7.59258 7.63814 7.69216 7.71884 7.72746 7.71591 7.68635 7.64282 7.62724 7.64863 7.67631 7.68672 7.67852 7.66314 7.65577 7.66469 7.65804
-99999.00000 -99999.00000 -99999.00000 -99999.00000 -99999.00000 7.45429 7.45623 7.46717 7.53553 7.54961 7.51873 7.42140 7.53695 7.62849 7.62388 7.61322 7.64346 7.64056 7.62016 7.64094 7.68636 7.71193 7.72376 7.72841 7.73134 7.73072 7.72912 7.72741 7.72519 7.72300 7.72249 7.72972 7.73578 7.72759 7.70973 7.69124 7.65875 7.64207 7.63962 7.63883 7.63925 7.64021 7.62495 7.55112 7.52405 7.57918 7.63383 7.64297 7.60207 7.60387 7.66004 7.70617 7.72382 7.71973 7.69718 7.65364 7.60839 7.60376 7.62840 7.65647 7.68415 7.69892 7.68722 7.65000 7.62820 7.63250
-99999.00000 -99999.00000 -99999.00000 -99999.00000 -99999.00000 7.49097 7.48848 7.43660 7.38128 7.48887 7.50650 7.37070 7.38555 7.53206 7.58971 7.63751 7.67472 7.65857 7.61021 7.61912 7.66997 7.68895 7.69297 7.69518 7.70746 7.71567 7.72208 7.72662 7.72739 7.72772 7.73135 7.73672 7.73405 7.72226 7.70653 7.68823 7.66409 7.65200 7.65184 7.65089 7.64472 7.63830 7.64519 7.62122 7.54962 7.55907 7.61528 7.62624 7.60832 7.62984 7.68072 7.71162 7.71420 7.69707 7.66297 7.61066 7.57427 7.57929 7.60010 7.61695 7.64890 7.68783 7.68889 7.64219 7.61353 7.64162
-99999.00000 -99999.00000 -99999.00000 -99999.00000 -99999.00000 7.56361 7.56981 7.55458 7.40194 7.33069 7.45223 7.52331 7.44365 7.53764 7.61424 7.65424 7.68049 7.65914 7.60177 7.59543 7.63286 7.63773 7.63747 7.64698 7.66871 7.69524 7.72236 7.73557 7.73997 7.74062 7.73771 7.73144 7.71586 7.69119 7.66892 7.65671 7.64713 7.64669 7.65193 7.65144 7.64001 7.62781 7.63968 7.65331 7.59572 7.57195 7.61665 7.62105 7.62772 7.66286 7.69168 7.69439 7.68171 7.65397 7.61522 7.57451 7.55447 7.56625 7.58925 7.59304 7.60678 7.64963 7.66676 7.63763 7.62822 7.65746
-99999.00000 -99999.00000 -99999.00000 -99999.00000 -99999.00000 7.59666 7.61068 7.62235 7.53746 7.36735 7.44726 7.53311 7.59287 7.60416 7.59246 7.62894 7.65227 7.62368 7.57070 7.57294 7.60288 7.61220 7.62116 7.62246 7.63168 7.67346 7.71796 7.73597 7.74149 7.74063 7.73129 7.71205 7.67887 7.64220 7.61775 7.60653 7.60329 7.61649 7.62999 7.63200 7.62140 7.60519 7.60609 7.62664 7.61265 7.57402 7.59095 7.61157 7.64585 7.67036 7.65525 7.63237 7.61738 7.60058 7.58217 7.56501 7.55528 7.57405 7.60988 7.60800 7.59907 7.62620 7.65181 7.65240 7.66019 7.67352
-99999.00000 -99999.00000 -99999.00000 -99999.00000 -99999.00000 7.58415 7.59458 7.61182 7.58207 7.46845 7.48382 7.55856 7.63658 7.64016 7.61732 7.62333 7.63389 7.57998 7.55427 7.58386 7.61671 7.64664 7.66311 7.62562 7.61368 7.66350 7.71254 7.72968 7.73354 7.73204 7.71818 7.68471 7.63909 7.60479 7.58716 7.56863 7.55533 7.56896 7.59320 7.60633 7.60217 7.58350 7.56592 7.56991 7.59086 7.60817 7.60320 7.62024 7.63709 7.61751 7.57790 7.55537 7.56003 7.57647 7.58363 7.58035 7.57737 7.59846 7.63884 7.63600 7.62024 7.63825 7.66811 7.68512 7.68632 7.68161
-99999.00000 -99999.00000 -99999.00000 -99999.00000 -99999.00000 7.55938 7.58081 7.61521 7.62108 7.57233 7.52463 7.61250 7.64414 7.62878 7.63673 7.64956 7.60439 7.52917 7.56805 7.62571 7.65780 7.67200 7.65875 7.62442 7.62788 7.67010 7.70128 7.71147 7.72013 7.72289 7.70913 7.66468 7.61217 7.58756 7.58690 7.57630 7.54901 7.54563 7.57290 7.59955 7.60433 7.58457 7.55009 7.51753 7.51980 7.56408 7.63041 7.62954 7.58382 7.52620 7.48841 7.49319 7.52810 7.57241 7.60079 7.60750 7.60129 7.61534 7.64975 7.64358 7.62469 7.64111 7.67587 7.69194 7.69114 7.68324
-99999.00000 -99999.00000 -99999.00000 -99999.00000 -99999.00000 7.56332 7.59549 7.63651 7.64933 7.63215 7.58988 7.64713 7.63338 7.61871 7.65640 7.65186 7.56563 7.55211 7.62000 7.66648 7.69284 7.68792 7.66125 7.64346 7.65979 7.67014 7.65585 7.65966 7.68629 7.70563 7.70200 7.65974 7.60378 7.57713 7.59431 7.62518 7.60081 7.57512 7.58675 7.61834 7.63325 7.61371 7.57154 7.51071 7.45960 7.48957 7.57929 7.61445 7.51044 7.41406 7.41986 7.47400 7.51657 7.56880 7.61493 7.63172 7.61548 7.61654 7.63877 7.62503 7.60448 7.63228 7.67853 7.69791 7.70265 7.69903
-99999.00000 -99999.00000 -99999.00000 -99999.00000 -99999.00000 7.58927 7.61191 7.64674 7.66466 7.65234 7.60784 7.64375 7.61464 7.60415 7.65301 7.63430 7.58332 7.58070 7.63731 7.68205 7.69415 7.68576 7.66829 7.66899 7.68447 7.64218 7.59443 7.58277 7.60977 7.65836 7.68022 7.66346 7.62533 7.58409 7.57268 7.61158 7.64660 7.62141 7.60746 7.63185 7.65552 7.63793 7.59910 7.54900 7.48083 7.43467 7.52015 7.59918 7.44911 7.32694 7.44337 7.52696 7.54875 7.58439 7.63083 7.65097 7.62328 7.61001 7.61924 7.59322 7.56822 7.61460 7.67703 7.70267 7.71318 7.71798
-99999.00000 -99999.00000 -99999.00000 -99999.00000 -99999.00000 7.60486 7.61689 7.64176 7.66138 7.64856 7.60653 7.60447 7.60747 7.63904 7.67552 7.63801 7.60050 7.59589 7.63008 7.66784 7.68080 7.66824 7.65830 7.67115 7.66734 7.60637 7.58529 7.56827 7.54788 7.58234 7.62326 7.64810 7.66454 7.63255 7.58233 7.57384 7.62696 7.63222 7.60151 7.62175 7.65979 7.64048 7.59364 7.56992 7.55607 7.45360 7.49757 7.60628 7.44323 7.30225 7.47289 7.55621 7.57945 7.61225 7.65277 7.66872 7.62735 7.59994 7.60911 7.58833 7.52633 7.57728 7.66380 7.69932 7.71323 7.72185
-99999.00000 -99999.00000 -99999.00000 -99999.00000 -99999.00000 7.60579 7.61203 7.62996 7.64825 7.64417 7.61955 7.61150 7.64075 7.68542 7.69637 7.65603 7.61453 7.59871 7.61046 7.62410 7.63623 7.62714 7.62805 7.65777 7.63941 7.60025 7.61268 7.63025 7.59640 7.57686 7.59101 7.61274 7.65075 7.67729 7.64219 7.58234 7.59255 7.60694 7.58471 7.63271 7.68313 7.67115 7.61626 7.57022 7.55910 7.49789 7.51632 7.61699 7.50225 7.35829 7.39348 7.48973 7.55886 7.61756 7.65777 7.66827 7.62624 7.58463 7.58898 7.61158 7.53488 7.54692 7.63853 7.68870 7.70819 7.71709
