mrvbf_slope1.4_pctl0.9.asc
NCOLS 410
NROWS 410
XLLCORNER 2398750.0000000000000000
YLLCORNER 2548750.0000000000000000
CELLSIZE 250.0000000000000000
NODATA_VALUE -99999.00000
[rows 319 to 347 of 410, columns 132 to 197 of 410]
7.66791 7.66825 7.67223 7.67375 7.67317 7.66951 7.66919 7.66937 7.66758 7.66655 7.66399 7.66348 7.66646 7.66511 7.66075 7.65559 7.65293 7.65219 7.65247 7.65424 7.65652 7.65489 7.65110 7.65110 7.64653 7.63904 7.63676 7.63514 7.63313 7.63341 7.63592 7.63769 7.63500 7.62917 7.62467 7.62608 7.62968 7.62407 7.61264 7.60796 7.60945 7.60294 7.60587 7.60553 7.59896 7.59834 7.60174 7.60857 7.61249 7.61287 7.61548 7.61948 7.62191 7.62217 7.62094 7.61958 7.61720 7.61382 7.61154 7.60949 7.60545 7.60327 7.60602 7.61197 7.61719 7.61948
7.67262 7.67082 7.67124 7.67178 7.67138 7.66890 7.66743 7.66941 7.66822 7.66838 7.66742 7.66503 7.66686 7.66532 7.66277 7.65997 7.65854 7.65829 7.65841 7.65556 7.65407 7.65464 7.64987 7.64784 7.64118 7.63041 7.62954 7.63222 7.63345 7.63690 7.63833 7.63693 7.63263 7.62613 7.62466 7.63349 7.63552 7.62985 7.62310 7.62289 7.62244 7.61732 7.60742 7.60666 7.60931 7.61044 7.61145 7.61226 7.61329 7.61529 7.61801 7.62048 7.62154 7.62073 7.61903 7.61785 7.61612 7.61318 7.61131 7.61014 7.60719 7.60700 7.61185 7.61778 7.62036 7.62094
7.67349 7.67373 7.67310 7.67300 7.67299 7.67187 7.66984 7.67135 7.66940 7.66835 7.66983 7.66772 7.66773 7.66624 7.66380 7.66182 7.66083 7.65945 7.65620 7.65495 7.65320 7.64947 7.64856 7.64309 7.63271 7.62472 7.62976 7.63696 7.63953 7.64122 7.64040 7.63728 7.63321 7.63123 7.63291 7.63472 7.63677 7.63359 7.62796 7.62493 7.62263 7.62130 7.61748 7.61399 7.61399 7.61176 7.61038 7.61165 7.61419 7.61701 7.61890 7.61957 7.61940 7.61833 7.61726 7.61716 7.61684 7.61467 7.61202 7.61039 7.60967 7.61231 7.61761 7.61997 7.62024 7.62195
7.67331 7.67542 7.67536 7.67498 7.67452 7.67264 7.67020 7.67116 7.67061 7.66785 7.66872 7.66802 7.66826 7.66672 7.66359 7.66133 7.66010 7.65805 7.65357 7.65309 7.65602 7.65023 7.64624 7.63754 7.62858 7.63046 7.63640 7.63997 7.64130 7.64237 7.64118 7.63855 7.63702 7.63616 7.63511 7.63682 7.63723 7.63512 7.63125 7.62811 7.62372 7.61940 7.61753 7.61520 7.61205 7.60975 7.60933 7.61144 7.61381 7.61617 7.61803 7.61820 7.61654 7.61498 7.61546 7.61677 7.61714 7.61604 7.61386 7.61261 7.61465 7.61806 7.62125 7.62055 7.62212 7.62346
7.67399 7.67515 7.67543 7.67500 7.67446 7.67274 7.66925 7.66883 7.66968 7.66805 7.66840 7.66786 7.66849 7.66722 7.66359 7.66055 7.65890 7.65517 7.65206 7.65573 7.65682 7.64972 7.64018 7.63496 7.63625 7.64033 7.64039 7.63897 7.63866 7.63892 7.63857 7.63804 7.63845 7.63848 7.63746 7.63783 7.63655 7.63340 7.62747 7.62368 7.62156 7.61825 7.61587 7.61528 7.61335 7.61062 7.60991 7.61016 7.61133 7.61261 7.61344 7.61364 7.61078 7.60950 7.61309 7.61639 7.61680 7.61656 7.61711 7.61873 7.62043 7.62067 7.62103 7.62095 7.62267 7.62245
7.67408 7.67490 7.67503 7.67415 7.67350 7.67277 7.66982 7.66633 7.66568 7.66614 7.66749 7.66688 7.66747 7.66710 7.66467 7.66138 7.65994 7.65781 7.65679 7.65778 7.65522 7.64678 7.63642 7.63698 7.64237 7.64383 7.64321 7.64126 7.63882 7.63523 7.63343 7.63385 7.63517 7.63576 7.63533 7.63613 7.63494 7.63095 7.62377 7.62173 7.62078 7.61672 7.61333 7.61482 7.61375 7.61038 7.60839 7.60800 7.60875 7.60853 7.60712 7.60452 7.60114 7.60353 7.61084 7.61598 7.61776 7.61885 7.62013 7.62031 7.62092 7.62092 7.62054 7.62150 7.62183 7.61922
7.67333 7.67416 7.67425 7.67318 7.67230 7.67183 7.67028 7.66703 7.66470 7.66485 7.66491 7.66267 7.66369 7.66530 7.66464 7.66228 7.66111 7.66009 7.65822 7.65531 7.65109 7.64217 7.63446 7.63860 7.64414 7.64553 7.64591 7.64465 7.64115 7.63426 7.63043 7.62977 7.62996 7.63229 7.63100 7.63063 7.63169 7.62939 7.62302 7.61646 7.61531 7.61138 7.61186 7.61344 7.61097 7.60828 7.60703 7.60715 7.60723 7.60669 7.60501 7.60175 7.60114 7.60681 7.61346 7.61775 7.62001 7.62091 7.62121 7.62106 7.62151 7.62141 7.62038 7.61997 7.61906 7.61326
7.67072 7.67219 7.67267 7.67183 7.67083 7.66970 7.66808 7.66624 7.66511 7.66368 7.66165 7.65560 7.65363 7.66033 7.66232 7.66061 7.65954 7.65785 7.65441 7.64916 7.64394 7.63706 7.63450 7.63908 7.64331 7.64417 7.64451 7.64437 7.64227 7.63586 7.62658 7.62234 7.62239 7.62677 7.62863 7.62475 7.62344 7.62318 7.62124 7.61394 7.60757 7.60710 7.61037 7.60988 7.60853 7.60752 7.60665 7.60625 7.60576 7.60567 7.60647 7.60809 7.61093 7.61392 7.61590 7.61969 7.62108 7.62079 7.62004 7.61897 7.61913 7.61830 7.61501 7.61079 7.60883 7.60631
7.66317 7.66698 7.66975 7.66994 7.66871 7.66655 7.66371 7.66155 7.66079 7.66031 7.65576 7.64703 7.63931 7.64937 7.65844 7.65779 7.65639 7.65408 7.64840 7.64300 7.63937 7.63662 7.63656 7.63919 7.64170 7.64186 7.64138 7.64143 7.64156 7.63880 7.63163 7.62075 7.61122 7.61471 7.62040 7.62038 7.61842 7.61478 7.61353 7.60893 7.60345 7.60585 7.60807 7.60735 7.60804 7.60722 7.60478 7.60285 7.60215 7.60376 7.60844 7.61344 7.61481 7.61611 7.61910 7.62096 7.62093 7.61969 7.61695 7.61474 7.60943 7.60561 7.60350 7.59892 7.59509 7.60060
7.66038 7.66283 7.66684 7.66752 7.66452 7.65939 7.65398 7.65080 7.64961 7.65318 7.65051 7.64387 7.63450 7.63716 7.65370 7.65384 7.65181 7.64918 7.64294 7.63947 7.63912 7.63887 7.63876 7.63968 7.64094 7.64115 7.64003 7.63829 7.63883 7.63841 7.63507 7.62893 7.61715 7.60942 7.61311 7.61309 7.61221 7.61217 7.61108 7.60730 7.60558 7.60576 7.60592 7.60681 7.60644 7.60377 7.59904 7.59622 7.59741 7.60314 7.61009 7.61339 7.61616 7.61918 7.61994 7.62010 7.61965 7.61814 7.61361 7.60549 7.59679 7.59793 7.60475 7.60425 7.60100 7.60033
7.66247 7.66321 7.66611 7.66514 7.65719 7.64693 7.64180 7.64295 7.64596 7.64954 7.65206 7.64764 7.63635 7.63110 7.64683 7.64726 7.64425 7.64030 7.63583 7.63657 7.63954 7.64080 7.64025 7.63917 7.63870 7.63962 7.63783 7.63430 7.63450 7.63456 7.63168 7.62636 7.61722 7.60825 7.60544 7.60317 7.60538 7.61020 7.60858 7.60485 7.60562 7.60778 7.60761 7.60462 7.60074 7.59390 7.58710 7.58756 7.59544 7.60638 7.61214 7.61179 7.61571 7.61817 7.61645 7.61622 7.61721 7.61549 7.60756 7.59593 7.59868 7.60473 7.60656 7.60642 7.60448 7.60903
7.66104 7.66333 7.66570 7.66034 7.64715 7.63870 7.63884 7.64328 7.64476 7.64796 7.65228 7.64913 7.64205 7.62657 7.63539 7.63742 7.63247 7.62870 7.63015 7.63545 7.63999 7.64192 7.64011 7.63688 7.63730 7.63888 7.63610 7.62980 7.62500 7.62359 7.62047 7.61435 7.60611 7.59979 7.59737 7.59797 7.60377 7.60875 7.60486 7.60236 7.60470 7.60856 7.60677 7.60143 7.59508 7.58231 7.57479 7.58382 7.59834 7.60677 7.60787 7.61240 7.61645 7.61460 7.61135 7.61058 7.61240 7.61143 7.60153 7.59594 7.60563 7.60488 7.60882 7.61033 7.60862 7.60742
7.65842 7.66234 7.66472 7.65469 7.64030 7.63857 7.64481 7.64662 7.63824 7.63995 7.64855 7.64583 7.64291 7.63181 7.63336 7.63833 7.63293 7.62989 7.63189 7.63602 7.63935 7.64163 7.64070 7.63577 7.63310 7.63273 7.63136 7.62924 7.62171 7.61518 7.61106 7.60650 7.60229 7.59969 7.59728 7.59937 7.60654 7.60924 7.60596 7.60489 7.60558 7.60653 7.60031 7.59213 7.58532 7.57791 7.57743 7.58978 7.59995 7.60127 7.60879 7.61430 7.61481 7.61134 7.60976 7.60818 7.60797 7.60401 7.59258 7.59635 7.60745 7.60733 7.60901 7.60066 7.59478 7.59487
7.65695 7.66213 7.66449 7.65283 7.63994 7.64303 7.65372 7.65639 7.64592 7.63407 7.64241 7.64492 7.64248 7.64006 7.63631 7.64124 7.63395 7.63362 7.63664 7.63721 7.63649 7.63787 7.64019 7.63842 7.63422 7.63140 7.62665 7.62078 7.61926 7.61695 7.61367 7.60927 7.60514 7.60237 7.59923 7.60305 7.60830 7.60879 7.60712 7.60660 7.60566 7.60436 7.59327 7.58587 7.58676 7.58850 7.59242 7.59615 7.59807 7.60578 7.61126 7.60930 7.60873 7.60933 7.60991 7.60681 7.60358 7.58644 7.58130 7.59622 7.60431 7.60506 7.60436 7.59249 7.59141 7.59206
7.65561 7.66255 7.66503 7.65344 7.64036 7.64503 7.65589 7.65708 7.65344 7.64485 7.64304 7.65043 7.64569 7.64534 7.63657 7.63679 7.63130 7.63181 7.63802 7.63787 7.63172 7.62937 7.63382 7.63716 7.63608 7.63295 7.62603 7.61413 7.61262 7.61792 7.61734 7.61241 7.60702 7.60393 7.60114 7.60322 7.60593 7.60720 7.60578 7.60481 7.60382 7.59977 7.58504 7.58356 7.59404 7.59792 7.60177 7.60418 7.60547 7.60925 7.60650 7.60325 7.60559 7.60721 7.60659 7.60201 7.59224 7.57697 7.59042 7.60055 7.60064 7.60155 7.60364 7.58769 7.59051 7.59946
7.65623 7.66369 7.66574 7.65543 7.63960 7.64416 7.65650 7.65614 7.65446 7.65313 7.64774 7.65212 7.64636 7.64484 7.63711 7.63097 7.62738 7.63269 7.63865 7.63658 7.62739 7.62254 7.62322 7.62834 7.62934 7.62541 7.61553 7.60533 7.61240 7.61914 7.61800 7.61145 7.60529 7.60263 7.59963 7.59946 7.60063 7.60170 7.60093 7.59789 7.59530 7.59031 7.57990 7.58564 7.59616 7.59839 7.59939 7.60309 7.60465 7.60609 7.60137 7.60269 7.60035 7.59884 7.60150 7.60284 7.59751 7.58712 7.58666 7.59074 7.59725 7.59881 7.60393 7.58649 7.58351 7.59448
7.65483 7.66234 7.66514 7.65689 7.64078 7.64335 7.65610 7.65718 7.65639 7.65442 7.65114 7.65316 7.64588 7.64436 7.64334 7.63752 7.63494 7.63766 7.63742 7.63398 7.63040 7.62597 7.62181 7.62023 7.61885 7.61431 7.60799 7.60949 7.61759 7.61872 7.61725 7.61192 7.60165 7.59607 7.59532 7.59644 7.59873 7.59758 7.59430 7.59104 7.58843 7.58332 7.58322 7.59164 7.59679 7.59894 7.59841 7.59950 7.60263 7.60164 7.59694 7.59744 7.59097 7.59180 7.60003 7.60235 7.60170 7.59351 7.58858 7.58478 7.58977 7.59309 7.59825 7.59212 7.58215 7.58393
7.64987 7.65725 7.66271 7.65593 7.64218 7.64487 7.65663 7.65720 7.65737 7.65626 7.65464 7.65368 7.64810 7.64218 7.64357 7.64345 7.64247 7.64271 7.63895 7.63721 7.63382 7.63388 7.62904 7.62143 7.61528 7.61224 7.61208 7.61575 7.61826 7.61730 7.61518 7.61111 7.60177 7.59100 7.59052 7.59244 7.59585 7.59660 7.59212 7.58933 7.58848 7.58660 7.58822 7.59156 7.59500 7.59670 7.59651 7.59643 7.59831 7.59851 7.59477 7.59050 7.59193 7.59234 7.59566 7.59902 7.59382 7.58492 7.58580 7.57887 7.57789 7.58475 7.58945 7.59708 7.59151 7.58601
7.64711 7.65092 7.65626 7.65026 7.64052 7.64490 7.65520 7.65628 7.65517 7.65327 7.65298 7.65111 7.64630 7.64221 7.64391 7.64462 7.64324 7.64248 7.64124 7.63938 7.63794 7.63594 7.63178 7.62498 7.61927 7.61705 7.61689 7.61697 7.61514 7.61268 7.61019 7.60521 7.59396 7.58796 7.59222 7.59009 7.59132 7.59333 7.58963 7.58807 7.58921 7.58920 7.58880 7.58837 7.59007 7.58961 7.58592 7.58600 7.59065 7.59545 7.59465 7.58855 7.58269 7.58649 7.59455 7.59469 7.58249 7.57718 7.57687 7.56440 7.56504 7.56993 7.57529 7.59183 7.58752 7.56212
7.64740 7.65089 7.65218 7.64683 7.64379 7.64856 7.65653 7.65862 7.65626 7.65181 7.65177 7.64922 7.64434 7.64457 7.64672 7.64585 7.64283 7.64018 7.63886 7.63770 7.63583 7.63343 7.62944 7.62502 7.62311 7.62126 7.61927 7.61674 7.61233 7.60652 7.60189 7.59581 7.58775 7.59078 7.59141 7.58753 7.58942 7.58980 7.58512 7.58310 7.58479 7.58572 7.58608 7.58786 7.58716 7.58439 7.58044 7.58228 7.58095 7.58704 7.59336 7.59175 7.58747 7.58814 7.59220 7.59300 7.58260 7.57473 7.57711 7.56877 7.57427 7.56294 7.56190 7.58363 7.56080 7.53082
7.64717 7.65494 7.65674 7.65422 7.65158 7.65327 7.65717 7.65552 7.65240 7.65202 7.65261 7.64952 7.64733 7.64769 7.64714 7.64619 7.64369 7.64041 7.63818 7.63574 7.63215 7.63006 7.62645 7.62140 7.61961 7.61965 7.61798 7.61459 7.60942 7.60337 7.59737 7.59165 7.59159 7.59396 7.59039 7.58693 7.58718 7.58556 7.58016 7.57477 7.57453 7.57692 7.57960 7.58272 7.58358 7.57972 7.57354 7.57666 7.57692 7.57446 7.58195 7.57783 7.57923 7.58076 7.59036 7.58954 7.58759 7.57760 7.56763 7.56630 7.58150 7.56390 7.56492 7.56501 7.54382 7.55383
7.64650 7.65637 7.65983 7.65660 7.65078 7.65230 7.65615 7.65358 7.65268 7.65326 7.65176 7.64847 7.64698 7.64740 7.64672 7.64508 7.64249 7.63860 7.63565 7.63139 7.62567 7.62548 7.62479 7.61963 7.61570 7.61554 7.61444 7.61091 7.60546 7.60061 7.59604 7.59131 7.59322 7.59246 7.58763 7.58490 7.58356 7.58076 7.57614 7.57009 7.56696 7.56898 7.57452 7.57891 7.57994 7.57644 7.56616 7.56196 7.57109 7.57130 7.57457 7.57908 7.57931 7.58180 7.58297 7.58365 7.58355 7.58106 7.56720 7.55999 7.57709 7.56898 7.55998 7.56267 7.56605 7.56471
7.64664 7.65295 7.65907 7.65860 7.65061 7.64870 7.65409 7.65183 7.64780 7.64639 7.64599 7.64507 7.64501 7.64597 7.64509 7.64265 7.63792 7.63252 7.62942 7.62507 7.61919 7.61711 7.61859 7.61462 7.60882 7.60898 7.60858 7.60542 7.60148 7.59604 7.59106 7.58914 7.58880 7.58821 7.58161 7.57721 7.57329 7.56776 7.55975 7.55117 7.54691 7.55294 7.56562 7.57479 7.57795 7.57605 7.56331 7.54811 7.56218 7.57114 7.57111 7.57639 7.57848 7.57725 7.57334 7.57240 7.57798 7.57994 7.56582 7.55477 7.56456 7.57481 7.56883 7.57377 7.58060 7.57782
7.64540 7.64518 7.65334 7.65812 7.65185 7.64524 7.64984 7.65097 7.64775 7.64467 7.64424 7.64350 7.64227 7.64265 7.64256 7.63896 7.63157 7.62554 7.62160 7.62126 7.61781 7.61205 7.60881 7.60000 7.59659 7.60179 7.60106 7.59672 7.59672 7.59231 7.58757 7.58678 7.58424 7.58202 7.57305 7.56454 7.55481 7.53466 7.50695 7.48491 7.48719 7.51163 7.53911 7.55897 7.56964 7.57057 7.55406 7.53588 7.55470 7.56698 7.56607 7.56552 7.56826 7.56552 7.56453 7.56779 7.57284 7.57571 7.57238 7.56409 7.55466 7.57054 7.58078 7.58220 7.58075 7.57808
7.64643 7.64304 7.64590 7.65488 7.65315 7.64465 7.64469 7.64900 7.65043 7.64928 7.64782 7.64536 7.64172 7.63779 7.63858 7.63458 7.62440 7.61855 7.61594 7.61510 7.61276 7.60915 7.60223 7.59312 7.59657 7.60146 7.60012 7.59370 7.59120 7.59119 7.58819 7.58259 7.57750 7.57374 7.56296 7.54488 7.51736 7.46215 7.39546 7.35748 7.38474 7.44287 7.48975 7.52541 7.55117 7.55924 7.54239 7.52299 7.54356 7.56035 7.56201 7.55735 7.55519 7.55491 7.55802 7.56146 7.56556 7.57316 7.57001 7.56435 7.55658 7.55998 7.57157 7.58092 7.58450 7.58227
7.64626 7.64124 7.64130 7.65141 7.65318 7.64463 7.64108 7.64683 7.64976 7.64806 7.64686 7.64349 7.64009 7.63380 7.63231 7.62904 7.61914 7.61746 7.62013 7.61352 7.61195 7.60891 7.60526 7.60423 7.60728 7.60461 7.60181 7.59542 7.58575 7.58795 7.58500 7.57368 7.56002 7.55531 7.54756 7.51624 7.44060 7.31268 7.23522 7.23077 7.29060 7.36381 7.41682 7.47257 7.51912 7.53847 7.52440 7.50614 7.52805 7.55089 7.55779 7.55832 7.55507 7.55300 7.55347 7.54753 7.55079 7.56334 7.55778 7.55403 7.56280 7.56256 7.56304 7.57089 7.57975 7.58384
7.64640 7.63793 7.63544 7.64636 7.65134 7.64308 7.63934 7.64583 7.64710 7.64624 7.64587 7.64086 7.63609 7.63422 7.62944 7.62543 7.62077 7.62249 7.62131 7.61707 7.61316 7.61320 7.61017 7.60733 7.60489 7.60485 7.60050 7.58973 7.58635 7.57927 7.57185 7.55353 7.54631 7.53620 7.52307 7.46722 7.26456 7.03234 7.11306 7.24740 7.32431 7.33438 7.34933 7.41571 7.48332 7.50702 7.48677 7.48175 7.51737 7.54140 7.55109 7.55654 7.55560 7.55370 7.55219 7.53890 7.52217 7.52322 7.51147 7.53288 7.55345 7.56141 7.56935 7.57040 7.57739 7.58290
7.64849 7.63823 7.63202 7.64147 7.64809 7.64237 7.64118 7.64582 7.64597 7.64586 7.64524 7.64115 7.63412 7.63414 7.63187 7.62786 7.62583 7.62568 7.62309 7.61736 7.61031 7.61037 7.60724 7.60563 7.60082 7.59896 7.59520 7.58682 7.57719 7.57594 7.56071 7.54433 7.54601 7.52636 7.50111 7.37118 6.96599 6.84987 7.15630 7.37813 7.44322 7.40270 7.35138 7.39647 7.47340 7.49388 7.47738 7.49093 7.52083 7.53547 7.54228 7.54833 7.55073 7.55194 7.54947 7.54789 7.52888 7.50083 7.50307 7.52759 7.53449 7.54739 7.56212 7.56901 7.57565 7.57902
7.64815 7.63819 7.63403 7.64202 7.64626 7.64269 7.64318 7.64597 7.64522 7.64455 7.64334 7.63940 7.63243 7.63241 7.63200 7.62861 7.62642 7.62566 7.62312 7.61763 7.61116 7.60695 7.60570 7.60390 7.59800 7.59199 7.58714 7.58064 7.57274 7.56803 7.54843 7.52965 7.52302 7.49757 7.44733 7.18170 6.64722 6.85004 7.32612 7.45022 7.46418 7.45413 7.39013 7.41599 7.48744 7.50750 7.50113 7.51400 7.53101 7.53729 7.54015 7.54304 7.54561 7.54916 7.54905 7.54096 7.53182 7.52327 7.53102 7.53656 7.53114 7.53520 7.54598 7.55667 7.56645 7.57226
