mrvbf_slope0.6_pctl1.2.asc
NCOLS 410
NROWS 410
XLLCORNER 2398750.0000000000000000
YLLCORNER 2548750.0000000000000000
CELLSIZE 250.0000000000000000
NODATA_VALUE -99999.00000
[rows 290 to 318 of 410, columns 132 to 197 of 410]
4.33672 4.15923 4.17510 4.11271 4.24467 4.31017 4.28922 4.39637 4.41789 4.39323 4.30597 4.25692 4.37220 4.50627 4.55683 4.54968 4.53866 4.53310 4.55607 4.54734 4.50685 4.48448 4.46376 4.47900 4.45957 4.41955 4.42391 4.45348 4.36478 4.14727 4.02915 4.04051 4.01848 3.95772 3.98755 4.19450 4.18979 3.99945 3.98987 4.00241 3.83309 3.59933 3.35060 3.04023 2.49644 1.57160 0.56613 0.47361 0.97993 1.21943 1.48349 2.71247 3.34510 3.23939 3.24507 3.47519 3.57319 3.41770 3.25011 3.33776 3.32841 3.13065 3.12999 3.07690 3.05103 2.98590
4.37748 4.35708 4.03736 3.90810 3.98178 4.12541 4.33401 4.32897 4.37548 4.38240 4.30404 4.22140 4.34698 4.49352 4.55271 4.57070 4.58301 4.57593 4.58048 4.56741 4.53573 4.50095 4.46631 4.43697 4.38030 4.25080 4.14645 4.15257 4.05937 3.94479 3.97758 4.03053 4.00503 3.89511 3.77585 3.90988 4.11530 3.92095 3.84482 3.92333 3.79050 3.45173 3.08833 2.71395 2.31788 1.34282 0.77035 0.79386 1.46825 1.89435 2.23656 2.95243 3.41184 3.38286 3.20125 3.38930 3.62888 3.44154 3.27664 3.34351 3.25374 3.03732 3.00203 2.78330 2.65895 2.52284
4.29608 4.24610 3.99060 3.96842 3.85317 3.99818 4.27706 4.32415 4.32470 4.32337 4.30977 4.11606 4.30106 4.47396 4.53459 4.57323 4.58981 4.58561 4.57783 4.55933 4.52924 4.49182 4.45941 4.41045 4.29844 4.19502 4.14007 4.05292 4.03480 4.06267 4.11501 4.15153 4.11923 3.96967 3.69758 3.62213 3.78049 3.76791 3.79087 3.82693 3.59129 3.26452 2.95762 2.89443 3.10953 3.04930 2.34890 1.82023 2.20739 2.71277 3.09155 3.19306 3.44611 3.45269 3.25687 3.38583 3.59715 3.48214 3.34788 3.33035 3.15917 2.88367 2.69219 2.40363 2.16239 1.98126
4.33135 4.35806 4.14586 4.11964 3.98708 4.14177 4.21821 4.30576 4.27420 4.30553 4.20231 4.19020 4.24001 4.40453 4.48801 4.54971 4.57280 4.58015 4.56911 4.53213 4.47753 4.42280 4.40233 4.40924 4.29433 4.12935 4.15947 4.24795 4.26063 4.26175 4.24708 4.24729 4.21885 4.06866 3.75391 3.52409 3.49755 3.52532 3.64312 3.82551 3.52689 3.13473 2.87005 3.15040 3.44046 3.45718 3.41495 3.37896 3.39136 3.41586 3.46308 3.40245 3.46932 3.38838 3.30872 3.50669 3.54115 3.46279 3.43256 3.36922 3.10715 2.82613 2.68704 2.46193 2.22882 2.40194
4.42746 4.48410 4.35620 4.27100 4.19556 4.29184 4.33967 4.29484 4.33869 4.37045 4.25809 4.32609 4.29204 4.37938 4.42989 4.49069 4.54558 4.56869 4.55411 4.49459 4.40299 4.30272 4.23216 4.22573 4.19487 4.10745 4.15517 4.30216 4.37573 4.35651 4.27372 4.21225 4.18491 4.09005 3.85965 3.60597 3.47788 3.40955 3.40279 3.56450 3.45469 3.11056 2.93886 3.25161 3.51349 3.60775 3.90565 4.06526 4.04461 3.91595 3.66791 3.50751 3.47726 3.39339 3.34744 3.50997 3.46377 3.43443 3.44647 3.32187 3.05796 2.92990 2.93632 2.69962 2.33106 2.57548
4.50594 4.50301 4.42294 4.37343 4.29695 4.31226 4.33707 4.32872 4.37943 4.42948 4.32487 4.30289 4.40539 4.42411 4.40432 4.44132 4.50520 4.50632 4.47914 4.40768 4.29817 4.20778 4.15088 4.09467 4.05078 4.04563 4.14627 4.29721 4.40360 4.40235 4.27900 4.11463 4.03639 4.03906 4.00651 3.84455 3.67734 3.54733 3.40096 3.37292 3.35221 3.14040 3.05757 3.30301 3.52915 3.48863 3.74603 4.13277 4.19828 3.91938 3.54385 3.34654 3.26166 3.26991 3.26221 3.42794 3.40013 3.34457 3.26375 3.09047 2.95504 2.98050 3.11179 3.00690 2.64924 2.62795
4.53028 4.44265 4.34799 4.25799 4.18623 4.09470 4.11020 4.26865 4.38549 4.35208 4.21658 4.15845 4.26826 4.30049 4.35217 4.42336 4.46321 4.45564 4.40068 4.27729 4.16356 4.16721 4.24090 4.19220 4.09479 4.03366 4.07899 4.20266 4.31515 4.39028 4.31249 4.06553 3.90278 3.95593 4.10826 4.12950 4.01603 3.91863 3.64870 3.47277 3.45169 3.32924 3.18718 3.22100 3.42000 3.37478 3.38228 3.58467 3.67688 3.43146 3.20599 3.07402 2.96970 2.96035 3.05518 3.23870 3.23142 3.11650 3.00315 2.96637 2.95342 2.99817 3.09070 3.08225 2.99448 2.96666
4.48553 4.37847 4.30921 4.08772 3.83858 3.62844 3.66109 4.00174 4.24289 3.99996 3.83467 3.81634 3.93975 4.13759 4.27191 4.41755 4.46611 4.46340 4.37034 4.16192 4.03823 4.12172 4.28358 4.30471 4.18912 4.07368 4.05790 4.09811 4.14540 4.26031 4.25250 3.98327 3.80334 3.90062 4.07711 4.15592 4.12494 4.04202 3.91042 3.74844 3.71694 3.61633 3.33638 3.06672 3.02257 3.26940 3.24985 3.20974 3.24668 3.10538 3.08124 3.15561 3.08803 3.07677 3.19094 3.29408 3.28356 3.19490 3.14471 3.16253 3.15758 3.19077 3.28417 3.26531 3.20193 3.16273
4.43573 4.37202 4.26459 4.00234 3.62019 3.46328 3.43148 3.64911 3.86799 3.52160 3.54509 3.63693 3.77239 4.03500 4.12922 4.27588 4.41787 4.42320 4.29142 4.01702 3.90519 4.08716 4.30013 4.32144 4.18813 4.09753 4.13364 4.10611 4.03239 4.00166 3.86695 3.66482 3.63730 3.81642 4.01369 4.08013 4.10174 4.05325 3.95771 3.78257 3.70770 3.72320 3.57121 3.25500 2.86109 2.87018 3.21915 3.13428 3.09713 3.17005 3.30564 3.45076 3.41899 3.42646 3.48328 3.50483 3.48065 3.42869 3.40672 3.40980 3.36723 3.27004 3.20298 3.13902 3.02717 2.99849
4.41347 4.35954 4.13032 3.93303 3.77276 3.77877 3.48924 3.52672 3.59013 3.47704 3.64592 3.72445 3.80584 3.97575 3.99284 3.93699 4.04133 4.00415 3.84469 3.69309 3.74315 4.09273 4.36804 4.37250 4.17459 3.98790 4.09245 4.10241 4.06491 3.88559 3.60826 3.49774 3.55308 3.64023 3.63727 3.64976 3.80558 3.79448 3.57622 3.44832 3.34398 3.28982 3.40380 3.33010 2.93763 2.66843 2.82691 3.11696 3.24392 3.39081 3.48317 3.58302 3.56906 3.61799 3.59478 3.58600 3.58749 3.49819 3.45359 3.47475 3.42890 3.33734 3.16301 2.78167 2.49555 2.43107
4.40899 4.34616 4.07445 3.97676 4.07628 3.94975 3.60042 3.75387 3.78401 3.64495 4.03948 4.02550 4.00478 4.17536 4.17251 3.94661 3.78306 3.65388 3.59774 3.60078 3.72684 4.02914 4.31295 4.42987 4.34181 4.07108 3.90179 3.91186 3.90965 3.74465 3.59862 3.60792 3.65115 3.56645 3.37271 3.27984 3.47235 3.49846 3.26939 3.25346 3.07200 2.66825 2.54988 2.52752 2.44915 2.50242 2.61410 2.93082 3.27015 3.43767 3.45367 3.50849 3.56942 3.64600 3.56534 3.51087 3.54355 3.48028 3.37323 3.31782 3.24108 3.24138 2.95465 2.41921 2.06724 2.05946
4.41547 4.29373 3.99492 3.94430 4.16512 4.00588 3.72875 3.96968 4.07935 3.88068 4.16239 4.17462 4.18571 4.37516 4.40001 4.28587 4.00764 3.80664 3.87182 3.94532 3.88266 3.83630 4.07112 4.34017 4.39035 4.27801 4.02411 3.88989 3.74609 3.53244 3.51036 3.63938 3.62897 3.46147 3.23502 3.04959 3.17865 3.23850 3.07610 3.20577 2.89565 2.33137 1.96815 1.86132 1.86033 2.18828 2.49851 2.83666 3.20581 3.34552 3.25400 3.28124 3.40515 3.40856 3.25490 3.14501 3.25922 3.35560 3.14510 2.90107 2.74847 2.63036 2.40848 2.06601 1.91717 2.18079
4.35404 4.31783 3.93255 3.84126 4.07957 4.10923 3.72455 3.82053 4.19985 4.10621 4.28583 4.29890 4.31054 4.44939 4.49111 4.41652 4.18537 4.08276 3.93218 3.82780 3.78285 3.67090 3.66988 3.88002 4.02288 4.05113 3.88333 3.63543 3.42864 3.29450 3.44021 3.69890 3.61229 3.26339 2.99094 3.03597 2.81882 2.83978 3.03515 2.97920 2.59810 2.13394 1.84385 1.51362 1.50686 2.11083 2.64537 3.08745 3.10901 3.17928 3.00631 2.82695 2.85703 2.80508 2.68693 2.67710 2.73602 2.87831 2.74527 2.63115 2.60267 2.43907 2.14922 1.95869 2.16654 2.54362
4.31908 4.32458 3.85995 3.64904 3.90586 4.13340 3.81852 3.82467 4.21273 4.14770 4.36583 4.34879 4.35812 4.47085 4.51176 4.48692 4.36636 4.17921 4.11797 3.80855 3.65620 3.71688 3.57268 3.48813 3.46554 3.46662 3.40368 3.22141 2.96351 2.85842 3.12868 3.51811 3.69745 3.30633 2.96696 3.04748 2.65664 2.59722 2.95949 2.84244 2.45865 1.96536 1.84305 2.23325 2.35742 2.41400 2.68084 2.92466 2.97231 2.78950 2.72124 2.60243 2.46977 2.41125 2.43461 2.51189 2.51552 2.54638 2.54659 2.64642 2.72324 2.55266 2.33485 2.31117 2.58016 2.90918
4.34857 4.35377 3.81567 3.53767 3.80881 4.07525 3.85316 3.85092 4.11967 4.13361 4.33622 4.29802 4.35141 4.48558 4.51826 4.50542 4.44777 4.29123 4.03170 3.73410 3.69771 3.90619 3.87046 3.58051 3.38982 3.26377 3.17806 2.99437 2.61047 2.34260 2.47317 3.01547 3.40073 3.06712 2.65895 2.65154 2.28411 2.28774 2.48421 2.27504 2.00662 1.73608 1.83871 2.59719 2.63100 2.64407 2.36849 2.11943 2.21417 2.37679 2.64668 2.67142 2.43079 2.31800 2.41675 2.53864 2.52614 2.47233 2.49642 2.79065 2.88282 2.56623 2.42045 2.57154 2.99772 3.20883
4.36526 4.26662 3.70624 3.54016 3.86698 4.04819 3.95113 3.98491 4.14379 4.21671 4.31822 4.30435 4.37115 4.49089 4.51535 4.50528 4.42311 4.15989 3.86105 3.79598 3.95996 4.00158 3.97272 3.82678 3.67869 3.45812 3.27890 3.06885 2.70122 2.66855 2.52554 2.78489 3.22717 2.79693 2.40741 2.47379 2.37800 2.36966 2.28638 1.90160 1.55719 1.27953 1.64432 2.32103 2.44904 2.60539 2.03181 1.42646 1.58898 2.33507 2.90388 2.90108 2.60781 2.55230 2.69439 2.82703 2.82020 2.65592 2.56676 2.69615 2.93880 2.58007 2.39901 2.65308 3.23361 3.32904
4.28440 4.07947 3.74241 3.75561 3.93247 4.12018 4.18844 4.17477 4.20967 4.37998 4.39323 4.33065 4.35042 4.47328 4.52461 4.50453 4.39670 4.11090 3.80800 3.88184 4.15563 4.14547 3.91260 3.74547 3.65731 3.55601 3.45488 3.32688 3.21335 3.20153 2.60156 2.90294 3.18073 2.76856 2.54315 2.85008 3.06681 3.03988 2.81842 2.27076 1.66093 1.68857 2.29770 2.61732 2.70726 2.95465 2.42480 2.18321 2.23494 2.59162 3.06171 3.05540 2.63263 2.65843 2.97187 2.99196 3.01968 2.82217 2.63326 2.59553 2.77627 2.58238 2.47601 2.74679 3.29658 3.36331
4.15535 4.01564 3.86325 4.02936 4.18035 4.32405 4.36975 4.28644 4.18870 4.31768 4.32352 4.24072 4.17976 4.33060 4.44219 4.43992 4.41201 4.24403 3.78648 3.73250 4.07024 4.22675 4.09678 3.75099 3.50224 3.39329 3.43946 3.46898 3.46718 3.36352 2.99231 3.26488 3.26595 2.81317 2.66545 2.99791 3.21207 3.15185 2.93638 2.53360 1.95929 2.25892 2.92416 2.74065 2.94873 3.23945 2.84138 2.38094 2.42575 2.81224 3.23996 3.09459 2.56583 2.57841 2.97733 2.83283 2.64432 2.55668 2.63298 2.52570 2.66238 2.66558 2.63739 2.83951 3.24741 3.38480
4.00433 3.91830 3.86852 4.04813 4.21451 4.35899 4.38442 4.34158 4.15262 4.07194 4.16811 4.15283 4.02534 4.03600 4.18475 4.26327 4.30945 4.21443 3.74408 3.67354 4.04165 4.17549 4.20131 3.95487 3.52518 3.19766 3.20512 3.41581 3.49388 3.35336 2.95723 3.14148 3.23497 2.96214 2.81072 2.77037 2.79140 2.76311 2.54838 2.23672 1.79317 1.46963 2.45248 2.86604 3.32156 3.60507 3.36207 2.85337 2.81773 3.05703 2.91689 2.60238 2.43339 2.68964 3.01011 2.65727 2.35670 2.28598 2.51606 2.59312 2.75189 2.82591 2.69665 2.79460 3.01074 3.22106
3.96511 3.85924 3.77512 3.80432 3.86606 4.07808 4.32462 4.34350 4.24140 3.92730 3.89474 4.14391 4.08813 3.92951 3.93610 3.97388 3.96628 3.96113 3.75155 3.66325 3.96441 4.13404 4.05112 3.68724 3.35547 3.00620 3.15518 3.44545 3.53382 3.44576 2.92677 2.72802 2.99260 3.13537 3.14878 3.00268 3.02440 2.98431 2.72958 2.44871 2.14731 1.94953 2.70653 3.17789 3.45344 3.46871 3.23984 3.04736 2.84565 2.51308 2.29014 2.24967 2.48561 2.79033 2.74955 2.47381 2.33469 2.38044 2.38667 2.45274 2.64888 2.65156 2.54623 2.60454 2.66062 2.66713
4.08631 3.86157 3.69813 3.68870 3.69226 3.75257 4.09640 4.29830 4.09531 3.86726 3.83737 4.11192 4.18404 4.08216 3.99738 3.93146 3.82230 3.72226 3.70190 3.69762 3.97378 4.03538 3.69467 3.39800 3.12525 3.07108 3.34748 3.51632 3.61102 3.67706 3.35139 2.73056 2.56891 2.82488 3.00132 3.12829 3.34880 3.24165 2.70974 2.38076 2.15860 2.14001 2.75128 2.98066 2.97264 2.81535 2.60242 2.58135 2.40644 2.08841 1.98241 2.08869 2.30901 2.48169 2.48094 2.32093 2.41190 2.72852 2.63619 2.39511 2.40699 2.42779 2.42094 2.51512 2.54464 2.47922
4.21116 3.87780 3.70524 3.77129 3.77460 3.66377 3.87723 4.09172 3.89482 3.93082 3.89412 4.05291 4.23797 4.25990 4.21645 4.13418 4.04658 3.85991 3.77861 3.88656 3.97482 3.73828 3.46587 3.24176 3.15697 3.32382 3.52981 3.56628 3.65140 3.80206 3.58375 3.13481 2.74620 2.54541 2.49389 2.55870 2.85463 2.80523 2.43345 2.23299 2.16578 2.47590 3.10675 3.20609 2.95167 2.75318 2.77233 2.75798 2.55062 2.34808 2.42625 2.35806 2.20037 2.20850 2.36821 2.30775 2.46826 2.86635 2.90632 2.74150 2.47596 2.43341 2.48293 2.54279 2.56644 2.47235
4.25606 3.92945 3.78913 3.91048 3.92760 3.79418 3.87944 3.87722 3.86441 4.05719 3.94111 4.05431 4.23762 4.30696 4.36240 4.32956 4.27125 4.19368 4.09829 3.98017 3.75197 3.55039 3.40864 3.27081 3.26853 3.40477 3.51634 3.53926 3.56118 3.65655 3.54684 3.44759 3.33534 2.96563 2.49056 2.14670 2.39006 2.62075 2.40692 2.43504 2.74597 3.16566 3.31527 3.25935 3.20295 3.11403 2.89447 2.84232 2.55411 2.38083 2.45403 2.50436 2.48274 2.48361 2.57185 2.61532 2.85694 3.03960 3.14258 3.25245 3.05189 2.74176 2.64302 2.61014 2.61976 2.54147
4.29042 4.00969 3.89402 4.04134 4.11646 4.08546 4.12968 3.96862 3.99031 3.95157 3.96764 4.06018 4.11689 4.18438 4.33652 4.38790 4.34431 4.29164 4.18871 3.82692 3.58880 3.52570 3.47566 3.31310 3.23196 3.28923 3.35770 3.51873 3.52821 3.49336 3.50671 3.48893 3.52264 3.12146 2.58118 2.28522 2.15758 2.43969 2.45178 2.63625 3.06338 3.33173 3.40890 3.32025 3.28152 3.32652 3.24799 3.05122 2.51827 2.18225 2.19679 2.49440 2.76322 2.91641 2.83108 2.96866 3.07656 3.17095 3.27589 3.39677 3.26621 2.90750 2.67414 2.62192 2.69512 2.72603
4.32013 4.07979 3.93418 4.12135 4.24059 4.24069 4.26922 4.13373 4.20198 4.14056 3.96723 4.10401 4.06056 3.98384 4.14477 4.32632 4.37344 4.29682 4.02994 3.65139 3.50788 3.51563 3.51596 3.30439 3.03865 3.12528 3.24572 3.39156 3.56443 3.52266 3.46700 3.47179 3.46135 3.08267 2.69677 3.00644 2.52010 2.52063 2.69135 2.79476 2.92021 2.93874 3.08890 3.04403 2.97648 2.98994 3.04272 2.63495 2.26362 2.10065 2.23410 2.49120 2.67876 2.87484 2.87038 2.91554 2.98329 3.09737 3.09279 3.30934 3.30363 2.88467 2.59013 2.58813 2.79181 3.02048
4.18079 4.07812 3.87924 4.03730 4.20150 4.22025 4.34421 4.24050 4.23320 4.25850 4.19170 4.25255 4.13611 3.89200 3.91091 4.12809 4.22292 4.08483 3.76793 3.50677 3.41097 3.46706 3.51384 3.35911 2.90153 3.08072 3.33810 3.38290 3.51493 3.52308 3.37243 3.35929 3.42769 3.25724 3.02694 3.12143 3.17290 3.16513 3.17756 2.83780 2.76711 2.84265 3.04957 3.07758 3.01557 2.83665 2.79626 2.44125 2.38212 2.46545 2.34273 2.38921 2.70058 2.80056 2.91323 2.98976 3.09722 3.16096 3.10885 3.20784 3.11390 2.74358 2.54765 2.58154 2.92499 3.22445
3.93227 3.92572 3.77127 3.95920 4.13282 4.10787 4.27612 4.26367 4.27531 4.28802 4.27237 4.30306 4.15942 3.88532 3.75648 3.84166 3.79436 3.66876 3.53294 3.35946 3.34561 3.48497 3.50565 3.49752 3.23646 3.13937 3.42645 3.51353 3.56779 3.49566 3.35334 3.37359 3.50689 3.50418 3.29533 3.18526 3.23377 3.30147 3.28640 2.87759 2.60395 2.70973 2.85000 2.81547 2.64540 2.54614 2.45956 2.24669 2.39068 2.57891 2.34509 2.35046 2.79035 3.00207 3.06396 3.08725 3.12512 3.11470 3.12825 3.09008 2.83060 2.63432 2.57378 2.68394 3.04858 3.26029
3.70959 3.75023 3.73916 3.97795 4.14044 4.03739 4.14454 4.17523 4.19615 4.17476 4.17253 4.16792 4.02846 3.86888 3.65607 3.60963 3.54583 3.46843 3.34160 3.25376 3.39472 3.55746 3.56247 3.59955 3.48655 3.40469 3.52068 3.62103 3.59332 3.44593 3.31185 3.38443 3.56029 3.57875 3.49266 3.36369 3.39384 3.42214 3.36497 3.11880 2.84340 2.72334 2.90517 2.87067 2.70297 2.61127 2.27399 1.97906 2.28300 2.42367 2.32412 2.52731 2.98584 3.25144 3.26336 3.21757 3.14620 3.06010 3.04961 2.87331 2.71457 2.61842 2.59744 2.73863 3.00381 3.11475
3.61453 3.68107 3.82352 4.00826 4.09077 3.96161 4.04524 4.05372 3.98371 3.91110 3.83797 3.86481 3.88374 3.85340 3.64490 3.54128 3.48813 3.43416 3.35934 3.39079 3.53198 3.61311 3.60608 3.67661 3.57961 3.47170 3.48545 3.46743 3.40070 3.30169 3.25361 3.39851 3.42882 3.37404 3.28837 3.02860 3.02653 2.95081 2.68823 2.46724 2.47464 2.55362 2.94987 2.84968 2.51190 2.33759 2.16185 2.18767 2.44889 2.46223 2.50073 2.78071 3.15212 3.32063 3.29436 3.24722 3.14076 3.00717 2.93547 2.80219 2.68854 2.60601 2.61534 2.77275 2.99889 3.11695
