mrvbf_slope0.7_pctl1.5.asc
NCOLS 410
NROWS 410
XLLCORNER 2398750.0000000000000000
YLLCORNER 2548750.0000000000000000
CELLSIZE 250.0000000000000000
NODATA_VALUE -99999.00000
[rows 348 to 376 of 410, columns 0 to 65 of 410]
-99999.00000 -99999.00000 -99999.00000 -99999.00000 -99999.00000 3.08920 3.22119 2.92189 3.16254 3.50048 3.63019 3.68093 3.65964 3.56940 3.53246 3.57346 3.61178 3.59386 3.56031 3.52966 3.52425 3.43688 3.42602 3.36923 3.32433 3.35363 3.40704 3.48232 3.54726 3.56182 3.53374 3.49654 3.51923 3.44707 3.18559 3.35898 3.30256 3.33004 3.38449 3.45164 3.48409 3.41162 3.18222 3.12234 3.18001 3.02448 2.79960 2.62957 2.57166 2.72766 2.86536 2.96744 2.98130 3.04148 3.15752 3.15502 2.93867 3.07573 3.34385 3.36554 3.30205 3.25408 3.25756 3.26833 3.09508 2.90379
-99999.00000 -99999.00000 -99999.00000 -99999.00000 -99999.00000 3.04761 2.95260 2.67064 3.04429 3.41148 3.57549 3.64123 3.65109 3.59054 3.49594 3.52974 3.58635 3.56693 3.54794 3.54182 3.58092 3.53253 3.50683 3.35781 3.17705 3.21696 3.29368 3.38349 3.46495 3.52291 3.53186 3.47100 3.45693 3.29837 3.15495 3.40230 3.32648 3.35562 3.42232 3.46013 3.47491 3.43216 3.26846 3.03818 2.93621 2.78813 2.66153 2.62041 2.89139 3.15153 3.23448 3.22848 3.24028 3.18068 3.10450 3.04712 2.93979 3.07553 3.24384 3.23181 3.20724 3.24258 3.23279 3.21331 3.10788 2.96275
-99999.00000 -99999.00000 -99999.00000 -99999.00000 -99999.00000 2.28122 2.31027 2.61139 3.07016 3.25517 3.41252 3.54250 3.60451 3.56839 3.45201 3.47130 3.56241 3.57609 3.56254 3.58342 3.56477 3.59620 3.57828 3.48053 3.47885 3.46872 3.42375 3.40925 3.42906 3.46065 3.50917 3.35940 3.21726 3.01279 3.15834 3.36150 3.35135 3.42814 3.47840 3.47219 3.47009 3.44228 3.37490 3.22724 3.11874 3.05107 3.06668 3.25243 3.32081 3.34833 3.34835 3.35822 3.34800 3.23947 3.12967 3.02058 3.06947 3.18256 3.22457 3.22852 3.27245 3.33740 3.31639 3.25110 3.12672 3.00768
-99999.00000 -99999.00000 -99999.00000 -99999.00000 -99999.00000 0.76640 1.95624 2.85478 3.19434 3.14200 3.12022 3.30481 3.46039 3.38902 3.26362 3.41371 3.53434 3.56445 3.59961 3.59094 3.58690 3.59301 3.56907 3.52435 3.53566 3.54263 3.46898 3.46302 3.48861 3.47797 3.46051 3.23489 3.09804 3.18835 3.41033 3.49136 3.45874 3.46556 3.49602 3.47430 3.47697 3.45503 3.43295 3.41004 3.40126 3.39839 3.39076 3.36739 3.38006 3.40829 3.30590 3.30668 3.20731 3.18628 2.99936 3.00062 3.22727 3.30330 3.27617 3.27953 3.30928 3.31969 3.33254 3.23471 3.10180 3.01029
-99999.00000 -99999.00000 -99999.00000 -99999.00000 -99999.00000 0.81696 1.78969 2.32285 2.86184 3.09771 3.01561 2.94601 3.13038 3.10147 3.18556 3.42779 3.52439 3.56724 3.63026 3.60569 3.58128 3.59364 3.59361 3.50561 3.44119 3.51095 3.33535 3.46624 3.54534 3.50987 3.41757 3.29464 3.36679 3.45317 3.53053 3.56033 3.54292 3.51482 3.48633 3.48464 3.48489 3.46733 3.45689 3.50214 3.52636 3.50770 3.49449 3.48001 3.42212 3.40884 3.29436 3.34894 3.23010 3.13792 3.01303 3.07500 3.28778 3.34132 3.27005 3.21115 3.20369 3.24728 3.21210 3.06128 3.00167 3.03189
-99999.00000 -99999.00000 -99999.00000 -99999.00000 -99999.00000 1.70377 1.50721 1.82962 2.44170 3.01950 3.00249 2.71158 2.70254 2.96106 3.31398 3.49115 3.53403 3.56984 3.63227 3.64626 3.62089 3.59678 3.55713 3.51212 3.41990 3.51610 3.47814 3.48847 3.57965 3.55949 3.49420 3.49015 3.49301 3.54682 3.57271 3.58711 3.58255 3.55213 3.48778 3.49086 3.48336 3.48136 3.45962 3.49463 3.54616 3.55546 3.56604 3.55918 3.49663 3.39730 3.36682 3.43282 3.35844 3.18559 3.13170 3.17604 3.29652 3.26051 3.09652 2.93900 2.81794 2.82387 2.78427 2.70474 2.74735 2.90109
-99999.00000 -99999.00000 -99999.00000 -99999.00000 -99999.00000 2.54499 2.38218 2.10869 2.29908 2.66162 2.76118 2.70850 2.73476 3.19543 3.49694 3.54237 3.53786 3.55774 3.62348 3.65715 3.61899 3.58235 3.55056 3.49091 3.47173 3.54866 3.53949 3.58808 3.60088 3.59797 3.58512 3.57692 3.54848 3.54635 3.56098 3.57273 3.56256 3.51195 3.49095 3.49916 3.51662 3.52649 3.46922 3.47123 3.53275 3.55649 3.56520 3.55628 3.51530 3.41962 3.38037 3.39634 3.37605 3.28310 3.20494 3.16209 3.16648 2.97010 2.76268 2.63171 2.49512 2.44196 2.39969 2.35226 2.33971 2.43744
-99999.00000 -99999.00000 -99999.00000 -99999.00000 -99999.00000 2.63743 2.56574 2.50475 2.50435 2.57979 2.83199 3.13377 3.19818 3.33597 3.51178 3.55958 3.54178 3.53734 3.61453 3.67747 3.62813 3.56197 3.54699 3.57391 3.59996 3.60542 3.60860 3.62867 3.63671 3.63957 3.61505 3.54676 3.49148 3.52383 3.52916 3.52237 3.51081 3.47494 3.51700 3.55202 3.57833 3.56613 3.50993 3.45709 3.47524 3.49053 3.49750 3.49543 3.46435 3.35225 3.20300 3.12219 3.09566 3.04587 2.95278 2.83176 2.74550 2.59853 2.46872 2.37443 2.29872 2.27424 2.17204 2.05337 1.90976 2.08651
-99999.00000 -99999.00000 -99999.00000 -99999.00000 -99999.00000 2.86341 2.84313 2.84259 2.90045 2.99906 3.15809 3.20209 3.16138 3.35810 3.54684 3.56290 3.49570 3.49402 3.60833 3.68822 3.67153 3.58832 3.51864 3.54131 3.58680 3.58710 3.61373 3.63727 3.63857 3.63629 3.60585 3.53791 3.49714 3.53009 3.52601 3.49260 3.45949 3.47726 3.53245 3.57592 3.60993 3.60013 3.56093 3.48297 3.44263 3.42142 3.39938 3.36449 3.27375 3.09443 2.89742 2.76117 2.68759 2.64299 2.58753 2.50675 2.41972 2.31263 2.21283 2.17863 2.14906 2.08884 1.91615 1.74377 1.85354 2.50766
-99999.00000 -99999.00000 -99999.00000 -99999.00000 -99999.00000 3.08271 3.07250 3.04145 3.12033 3.28642 3.29493 3.17997 3.03905 3.28974 3.51963 3.51381 3.48230 3.40764 3.52242 3.65173 3.68126 3.63299 3.56024 3.50245 3.49645 3.56495 3.61428 3.63617 3.62475 3.61236 3.60290 3.55043 3.41526 3.45281 3.51504 3.50186 3.45660 3.46033 3.50194 3.56271 3.61721 3.61620 3.57167 3.53121 3.48688 3.42424 3.33825 3.22351 3.05181 2.85866 2.70963 2.57884 2.46338 2.38514 2.33321 2.26093 2.17422 2.08505 2.04827 2.05341 2.00682 1.83389 1.62886 1.63844 2.01853 2.46060
-99999.00000 -99999.00000 -99999.00000 -99999.00000 -99999.00000 3.05670 3.11857 3.10094 3.12404 3.25805 3.31006 3.20331 2.97688 3.10767 3.43818 3.43675 3.46305 3.39110 3.47601 3.60519 3.62704 3.59698 3.56940 3.54402 3.49796 3.51581 3.56531 3.58127 3.59592 3.57578 3.56547 3.49751 3.35741 3.34202 3.50516 3.53093 3.49891 3.46275 3.43532 3.51270 3.60184 3.61928 3.57752 3.53903 3.51727 3.44524 3.30550 3.13916 2.96460 2.80356 2.71092 2.56789 2.39466 2.27109 2.21503 2.14261 2.04927 1.95993 1.98118 2.13258 2.26051 2.24582 2.28788 2.17078 2.07384 2.58011
-99999.00000 -99999.00000 -99999.00000 -99999.00000 -99999.00000 2.90362 2.98274 3.00265 3.16270 3.16176 3.22809 3.18770 2.93749 2.90609 3.31437 3.29873 3.26889 3.29544 3.48906 3.59062 3.55961 3.51871 3.49757 3.50069 3.52564 3.54795 3.56420 3.52682 3.54629 3.56338 3.54554 3.45208 3.33278 3.50915 3.55388 3.55889 3.55690 3.51289 3.40356 3.45589 3.56993 3.59954 3.57343 3.53396 3.47173 3.36650 3.21739 3.09335 3.00511 2.90573 2.86031 2.79057 2.71994 2.63110 2.42439 2.24985 2.06612 1.95896 2.05460 2.40420 2.65293 2.89185 3.10615 2.86756 2.30620 2.44957
-99999.00000 -99999.00000 -99999.00000 -99999.00000 -99999.00000 2.89495 2.91043 2.92991 3.06395 3.16867 3.16997 3.13009 2.92567 2.76322 2.92188 2.95618 3.03773 3.34334 3.54031 3.55207 3.48197 3.43814 3.39792 3.38564 3.44051 3.52731 3.58300 3.54163 3.50623 3.53339 3.53262 3.48085 3.49757 3.56145 3.54312 3.56372 3.58658 3.54247 3.42450 3.42500 3.52187 3.53293 3.53762 3.51606 3.39199 3.19070 3.08708 3.06463 3.11497 3.07533 3.09023 3.18914 3.24578 3.11590 2.77151 2.46363 2.27746 2.20627 2.28807 2.49912 2.60218 2.74162 3.05565 3.15539 2.84487 2.60716
-99999.00000 -99999.00000 -99999.00000 -99999.00000 -99999.00000 2.67780 2.83955 2.85893 2.96013 3.10052 3.09002 3.01921 2.87712 2.76786 2.68638 2.78636 3.14261 3.46326 3.56052 3.51452 3.36238 3.24123 3.20263 3.19130 3.22534 3.35070 3.51527 3.56460 3.52235 3.50126 3.48334 3.44836 3.48642 3.54680 3.54841 3.53969 3.57641 3.55492 3.46989 3.39480 3.42182 3.40305 3.44127 3.43662 3.24965 2.99342 3.01472 3.09422 3.11613 3.13382 3.27379 3.38763 3.35024 3.12682 2.77464 2.55985 2.47761 2.44090 2.48464 2.56755 2.59982 2.59394 2.84391 3.15861 3.08958 2.90269
-99999.00000 -99999.00000 -99999.00000 -99999.00000 -99999.00000 2.32764 2.63291 2.81602 2.87402 2.95822 2.94494 2.86643 2.82038 2.72066 2.67943 2.78787 3.09886 3.37134 3.46616 3.42615 3.18563 2.95345 2.90920 2.96788 2.96060 2.97962 3.29199 3.51778 3.54404 3.52395 3.47632 3.40589 3.43063 3.52647 3.54289 3.57007 3.58505 3.55065 3.50002 3.38531 3.26155 3.19109 3.19259 3.19157 3.02375 2.89276 3.04245 3.18295 3.13822 3.24405 3.41105 3.45539 3.35031 3.07440 2.80494 2.81930 2.91548 2.96822 3.00546 2.98024 2.91790 2.74285 2.79145 3.10426 3.07421 2.94746
-99999.00000 -99999.00000 -99999.00000 -99999.00000 -99999.00000 2.24942 2.44847 2.66761 2.79774 2.85006 2.78826 2.67254 2.65100 2.68521 2.72800 2.83015 2.95871 3.06090 3.13523 3.13173 2.92425 2.74953 2.69856 2.81033 2.84987 2.71083 2.82523 3.20250 3.40895 3.50521 3.48583 3.38490 3.37230 3.50442 3.55251 3.59277 3.59418 3.55788 3.46958 3.34450 3.19044 3.10165 2.95951 2.91275 2.88612 2.97421 3.16343 3.25866 3.26289 3.33653 3.41971 3.44623 3.32178 3.12431 3.03184 3.10122 3.24047 3.32803 3.34864 3.25891 3.10643 2.93641 2.92598 3.00664 2.92302 3.03355
-99999.00000 -99999.00000 -99999.00000 -99999.00000 -99999.00000 2.47718 2.48427 2.58791 2.66382 2.71057 2.68326 2.63431 2.58487 2.62917 2.73745 2.87546 2.92381 2.89391 2.85751 2.81037 2.72148 2.61479 2.56661 2.68642 2.90043 2.69664 2.65290 2.83122 3.17351 3.43362 3.47684 3.40310 3.37694 3.46900 3.55497 3.57953 3.57903 3.52179 3.38012 3.24833 3.20192 3.19419 3.04347 2.98478 2.95192 3.10240 3.29525 3.32163 3.36931 3.34767 3.42730 3.44015 3.33176 3.22010 3.18464 3.23689 3.34927 3.40024 3.36220 3.27393 3.17557 3.09346 2.98388 2.87879 3.09379 3.13035
-99999.00000 -99999.00000 -99999.00000 -99999.00000 -99999.00000 2.70389 2.66026 2.64847 2.65016 2.62778 2.61299 2.59313 2.57924 2.62665 2.73298 2.83692 2.85371 2.82026 2.75860 2.67304 2.56682 2.44349 2.42284 2.64525 3.00388 2.84351 2.66947 2.78131 3.03967 3.35514 3.45306 3.41309 3.39855 3.44067 3.49634 3.53100 3.52225 3.39467 3.23481 3.07910 3.20141 3.29232 3.26835 3.22076 3.11008 3.17334 3.38666 3.37974 3.36481 3.38951 3.46358 3.42152 3.33640 3.27698 3.27150 3.33476 3.40417 3.38795 3.30930 3.22934 3.19894 3.16326 3.09610 3.13818 3.20014 3.29192
-99999.00000 -99999.00000 -99999.00000 -99999.00000 -99999.00000 2.75547 2.74807 2.77005 2.72958 2.64062 2.59456 2.57348 2.58774 2.64874 2.72542 2.77070 2.77104 2.73819 2.64769 2.51884 2.31303 1.96467 2.03744 2.51506 2.91589 2.88768 2.56144 2.59076 2.89882 3.29663 3.36566 3.36491 3.39283 3.43023 3.43991 3.45412 3.44350 3.27938 2.93952 2.88540 3.31309 3.39434 3.39233 3.34166 3.25047 3.17945 3.30038 3.36525 3.37510 3.43678 3.41148 3.25150 3.25530 3.30245 3.34292 3.41205 3.43170 3.38078 3.31224 3.25873 3.22332 3.16867 3.19237 3.33615 3.39682 3.43644
-99999.00000 -99999.00000 -99999.00000 -99999.00000 -99999.00000 2.71676 2.76339 2.82889 2.77046 2.67002 2.60290 2.55560 2.57602 2.65257 2.70310 2.69851 2.66304 2.58649 2.38887 2.00130 1.45851 0.79442 1.02683 1.90288 2.48005 2.66295 2.46031 2.50925 2.70418 2.90777 3.08159 3.23930 3.32237 3.38924 3.37699 3.30983 3.17292 2.93849 2.82867 3.02047 3.26858 3.38208 3.42425 3.39735 3.32380 3.15870 3.19141 3.24180 3.28103 3.34996 3.10189 2.88266 3.06875 3.29940 3.40332 3.45104 3.42427 3.38666 3.35675 3.33589 3.31803 3.30572 3.37758 3.45430 3.49772 3.49483
-99999.00000 -99999.00000 -99999.00000 -99999.00000 -99999.00000 2.73408 2.78212 2.81853 2.73238 2.67499 2.63081 2.52450 2.54200 2.62358 2.63428 2.57682 2.44859 2.06616 1.58705 1.09634 0.58866 0.51147 0.57505 0.93118 1.90517 2.47954 2.52452 2.46999 2.55956 2.65560 2.75672 2.88094 2.99129 3.06922 3.04996 2.97994 2.96510 2.93678 2.93442 3.18338 3.31344 3.37296 3.40478 3.42466 3.29369 3.18237 3.17020 3.11910 3.09286 2.98124 2.66811 2.73992 2.92756 3.23350 3.38504 3.41585 3.42194 3.42830 3.42476 3.40718 3.40425 3.43043 3.47551 3.52162 3.53805 3.52462
-99999.00000 -99999.00000 -99999.00000 -99999.00000 -99999.00000 2.70489 2.73100 2.74504 2.70757 2.66264 2.63014 2.48105 2.48527 2.56094 2.51049 2.29188 1.81188 1.45706 0.63344 0.46613 0.35862 0.42600 0.47933 0.67738 1.48153 2.22368 2.54333 2.56326 2.57460 2.60951 2.63127 2.64757 2.69011 2.73111 2.74250 2.81796 2.98806 3.09413 3.17024 3.14216 3.29826 3.31155 3.33347 3.35960 3.23136 3.09454 3.19092 3.17566 2.91352 2.61992 2.64707 3.04822 2.95492 3.05884 3.28497 3.40524 3.44878 3.45852 3.43485 3.39447 3.39603 3.44660 3.49977 3.52719 3.51177 3.48545
-99999.00000 -99999.00000 -99999.00000 -99999.00000 -99999.00000 2.63363 2.63836 2.65412 2.67647 2.64377 2.58746 2.46006 2.36948 2.40442 2.10782 1.72209 1.43369 0.71301 0.45383 0.27302 0.25134 0.36493 0.43041 0.67548 1.42035 1.90490 2.36505 2.50961 2.58445 2.61217 2.56333 2.53180 2.55835 2.59925 2.64555 2.78472 3.06680 3.23508 3.15442 3.21044 3.19136 3.15960 3.21597 3.21075 3.03984 2.79576 2.74078 2.70486 2.55950 2.52516 2.74262 2.97894 2.78296 2.88390 3.23818 3.42518 3.45200 3.38114 3.26893 3.23764 3.26654 3.37161 3.45158 3.45947 3.40983 3.38412
-99999.00000 -99999.00000 -99999.00000 -99999.00000 -99999.00000 2.60264 2.55411 2.51064 2.54635 2.56823 2.48709 2.39630 2.09182 1.94195 1.75195 1.34380 0.90933 0.65565 0.36742 0.44985 0.51820 0.43574 0.44200 0.79641 1.52578 1.75420 1.94061 2.14571 2.35959 2.45182 2.40864 2.39226 2.43284 2.48776 2.54944 2.65149 2.88083 3.12140 3.16757 3.27013 2.97105 2.94168 3.15021 3.18943 2.97179 2.60240 2.52237 2.46791 2.39192 2.52067 2.63472 2.59135 2.39333 2.64462 3.07895 3.31528 3.29920 3.07354 2.93783 2.97086 3.01562 3.17254 3.27732 3.27529 3.26212 3.28034
-99999.00000 -99999.00000 -99999.00000 -99999.00000 -99999.00000 2.62031 2.53093 2.31803 2.20477 2.19663 1.99360 1.93459 1.75890 1.66514 1.52343 1.17831 0.70938 0.60881 0.48578 0.72642 0.61625 0.62252 0.90001 1.51477 1.74917 1.75615 1.68646 1.73385 1.94877 2.10154 2.11771 2.14491 2.27639 2.38008 2.42976 2.50585 2.70007 3.00594 3.19798 3.20945 2.95584 2.84859 3.15915 3.27877 3.17752 3.00924 2.80640 2.72751 2.73643 2.93726 2.95457 2.45911 2.32432 2.29927 2.29658 2.47315 2.62065 2.53097 2.73096 2.76957 2.79761 2.90802 3.02797 3.09277 3.18532 3.25111
-99999.00000 -99999.00000 -99999.00000 -99999.00000 -99999.00000 2.64167 2.50470 2.26409 1.76047 1.52480 1.41255 1.50848 1.51959 1.47054 1.43754 1.18779 0.49919 0.24178 0.26167 0.69717 1.26133 1.53225 1.70025 1.95255 2.09606 1.91733 1.46704 1.40267 1.78842 2.00278 2.02991 2.11338 2.30286 2.43421 2.47138 2.49822 2.61112 2.89584 3.21695 3.27194 2.91314 2.74912 3.10183 3.28401 3.20762 3.17316 3.28634 3.29046 3.23417 3.21502 3.05040 2.78908 2.69821 1.87063 1.38277 1.62763 1.78703 2.18413 2.83708 2.78136 2.67974 2.71957 2.87567 3.04428 3.19386 3.30321
-99999.00000 -99999.00000 -99999.00000 -99999.00000 -99999.00000 2.63274 2.44489 2.05008 1.56612 1.27763 1.35813 1.38624 1.42362 1.48218 1.34070 0.96034 0.61777 0.36439 0.31117 0.59874 1.50731 1.78938 1.93346 2.16828 2.33275 2.24009 2.12190 1.85344 2.01794 2.26604 2.37347 2.34089 2.41747 2.50168 2.49099 2.49230 2.62975 2.86092 3.18409 3.25212 2.78658 2.57311 2.70864 3.02980 2.97873 3.13779 3.36439 3.31791 3.27847 3.30961 3.27298 3.11042 2.35660 0.69032 0.33661 0.29048 0.56817 1.98947 2.94482 2.84919 2.69024 2.68608 2.83196 3.05206 3.23716 3.35349
-99999.00000 -99999.00000 -99999.00000 -99999.00000 -99999.00000 2.51471 2.24193 1.78777 1.54078 1.34066 1.35448 1.39444 1.39064 1.29411 0.60371 0.55290 0.81642 0.81913 0.72096 1.07619 1.57656 1.72261 1.82204 1.99765 2.23492 2.19208 2.17332 2.09464 2.17670 2.33469 2.37212 2.32805 2.36525 2.43759 2.45868 2.52867 2.67984 2.88868 3.14552 3.18541 2.74382 2.45520 2.28359 2.42943 2.27059 2.92213 3.23469 3.25642 3.33686 3.43670 3.40471 3.09863 1.98285 1.27148 0.84354 0.59216 1.08567 2.68484 3.14983 2.98631 2.83102 2.82983 2.93117 3.09924 3.25069 3.35047
-99999.00000 -99999.00000 -99999.00000 -99999.00000 -99999.00000 2.23385 1.94659 1.73769 1.58866 1.28996 0.92201 0.86437 0.76743 0.68548 0.45329 0.32782 0.49459 0.86456 1.47253 1.83429 1.84913 1.80271 1.79035 1.83308 1.88536 1.75763 1.72611 1.88903 2.11930 2.26441 2.26902 2.23931 2.31959 2.41915 2.47113 2.56208 2.70813 2.89174 3.06114 3.09704 2.82264 2.63010 2.43219 1.96061 1.96356 2.93080 3.14331 3.21825 3.31439 3.42512 3.40242 3.21517 2.91224 2.61849 1.69729 2.23210 2.85857 3.15096 3.15166 3.17577 3.11779 3.06314 3.06691 3.15003 3.24875 3.33113
