mrvbf_slope0.8_pctl0.5.asc
NCOLS 410
NROWS 410
XLLCORNER 2398750.0000000000000000
YLLCORNER 2548750.0000000000000000
CELLSIZE 250.0000000000000000
NODATA_VALUE -99999.00000
[rows 232 to 260 of 410, columns 330 to 395 of 410]
4.97431 4.84297 4.96050 5.41755 5.96776 6.35106 6.68095 6.71077 6.88981 6.98288 7.05988 7.11817 7.20339 7.24552 7.23748 7.21009 7.22712 7.19219 7.17363 7.21239 7.27511 7.31821 7.27437 7.02084 6.54497 6.20657 6.40131 6.87134 7.08839 7.18142 7.26929 7.32330 7.34556 7.35889 7.35761 7.36945 7.41609 7.44609 7.45541 7.47695 7.48764 7.49052 7.49107 7.48949 7.48532 7.47607 7.45023 7.39550 7.32509 7.21274 6.62230 5.41242 5.97227 6.12000 7.13254 7.27270 7.24213 7.12206 6.91099 6.19096 5.73056 6.35270 7.06459 7.29349 7.37672 7.37691
5.16379 5.01618 4.87981 4.88141 5.26501 5.70214 6.11375 6.33042 6.60074 6.82479 7.00731 7.06538 7.07710 7.07173 7.07598 7.14137 7.17401 7.18059 7.17553 7.11993 7.18042 7.24165 7.22318 7.14391 6.96995 6.48630 6.15468 6.31269 6.69235 6.83381 6.88521 6.99107 7.14930 7.20157 7.15190 7.08104 7.28404 7.38158 7.41662 7.44315 7.45160 7.46093 7.46539 7.46450 7.45844 7.44815 7.42561 7.36628 7.29453 7.13651 6.53967 5.46804 5.83748 6.17503 7.07774 7.21321 7.13151 6.71780 5.86188 5.54882 5.81369 6.79222 7.15043 7.23380 7.32502 7.30120
5.37197 5.24655 5.16330 4.81419 4.80879 5.04878 5.41230 5.73371 6.06552 6.52549 6.84212 6.88543 7.01441 7.01001 7.01741 7.10033 7.14839 7.17190 7.15071 7.09496 7.13840 7.13881 7.16093 7.16300 7.16335 6.96778 6.55321 6.13652 6.17089 6.13889 6.05211 6.19294 6.47841 6.69674 6.78057 6.93052 6.99160 7.22918 7.31075 7.37100 7.38178 7.40457 7.41497 7.41857 7.40791 7.39421 7.38146 7.31042 7.18182 6.94578 6.54897 5.62319 5.78377 6.15006 6.91589 6.98976 6.58754 5.70054 5.53334 5.86657 6.66287 7.06068 7.19227 7.25228 7.27493 7.27019
5.26241 5.39764 5.42959 5.14715 4.89102 4.89096 4.95035 5.13073 5.32045 5.76069 6.29613 6.67200 6.79706 6.78561 6.77823 6.97526 7.09326 7.05235 7.06848 7.04772 7.11950 7.12408 7.17196 7.14519 7.16273 7.04300 6.95455 6.58715 6.44684 6.27385 6.15830 6.08038 6.01099 6.09896 6.44177 6.73343 6.98566 7.13502 7.18377 7.24027 7.27165 7.29053 7.30173 7.32141 7.32702 7.32682 7.28801 7.17744 7.02877 6.86357 6.60047 5.92944 5.99596 6.48719 6.72502 6.24615 5.53652 5.48532 6.16093 6.74805 7.08927 7.19071 7.23367 7.30638 7.32485 7.33117
5.13785 5.16451 5.18285 5.29313 5.17714 5.21165 5.15818 5.05797 5.05674 5.11987 5.33651 5.91562 6.29373 6.41250 6.55409 6.79552 6.87380 6.79266 6.73457 6.86260 6.99360 7.06346 7.14106 7.09092 7.08385 7.02280 6.98824 7.02458 7.03118 6.95451 6.88306 6.84746 6.53302 6.14082 5.97384 6.36189 6.76482 6.90346 7.04755 7.09165 7.13327 7.18136 7.19541 7.20124 7.22364 7.24458 7.16089 7.05416 6.93684 6.79210 6.40190 6.03981 6.27764 6.22369 6.06301 5.42952 5.47248 6.18632 6.82435 7.04800 7.18230 7.24039 7.28724 7.32961 7.36641 7.36601
5.06920 4.98200 4.99999 5.18761 5.27550 5.38371 5.50311 5.42136 5.41926 5.30281 5.13917 5.26380 5.61043 5.93201 6.26213 6.53930 6.64990 6.77560 6.67892 6.63282 6.91885 7.02265 7.09487 7.02431 6.86975 7.00810 7.04333 7.10869 7.13827 7.10544 7.07374 7.05051 6.93634 6.66061 6.16100 6.08120 6.29678 6.19971 6.46955 6.74237 6.86500 7.02285 7.09917 7.11377 7.12447 7.11671 7.04294 6.92860 6.78096 6.54217 6.06596 6.07130 6.03877 5.61291 5.45533 5.54133 6.40555 6.89585 7.01254 7.16400 7.22787 7.25291 7.29592 7.31815 7.35453 7.35225
5.17665 5.03420 4.95131 4.94005 5.05194 5.27883 5.39339 5.55076 5.54386 5.53265 5.53615 5.25809 5.17799 5.35153 5.56237 5.80502 6.25327 6.56034 6.64183 6.46815 6.54192 6.72833 6.89516 6.93078 6.80786 6.84610 6.99215 7.00060 7.02738 7.06788 7.03376 7.03934 7.04822 6.92099 6.59441 6.23514 6.21498 6.08418 5.94160 6.08891 6.25343 6.48141 6.69968 6.82717 6.87838 6.76971 6.66946 6.47684 6.40423 6.15740 5.79877 5.67678 5.51821 5.60831 5.75408 6.16557 6.86451 7.02970 7.14903 7.23002 7.23008 7.22750 7.24890 7.28473 7.32285 7.30380
5.39427 5.24528 5.04540 4.91735 4.88182 5.01493 5.15583 5.28262 5.31141 5.35928 5.53587 5.39322 5.24945 5.32037 5.46543 5.41198 5.51698 5.75660 6.06714 6.38414 6.23150 6.36757 6.77081 6.86236 6.77349 6.65278 6.76068 6.79270 6.83075 6.97563 6.94656 7.00870 7.02534 6.98558 6.87333 6.52358 6.44392 6.52041 6.38097 6.25977 6.20644 6.17912 6.31182 6.32892 6.40548 6.20239 6.13735 6.07062 6.00388 5.81790 5.46031 5.27457 5.57227 6.19086 6.39249 6.69285 7.02748 7.12986 7.19976 7.19413 7.19113 7.24420 7.24261 7.26156 7.28917 7.30331
5.55246 5.48594 5.26726 5.05947 4.98449 5.00993 5.06435 5.07462 5.05261 5.10280 5.27764 5.35606 5.51749 5.56106 5.82117 5.68653 5.66466 5.58989 5.69214 6.12859 6.30129 6.22601 6.63809 6.59273 6.42637 6.26181 6.41368 6.34529 6.37376 6.61566 6.65275 6.81221 6.89574 6.85672 6.81180 6.66307 6.61857 6.61987 6.61694 6.61516 6.67556 6.64956 6.56472 6.38506 6.38348 6.25704 6.12380 6.09923 5.90603 5.52860 5.03036 5.25023 5.85738 6.55983 6.79267 6.79527 6.90561 7.04942 7.15783 7.15819 7.11416 7.18923 7.24122 7.28368 7.30633 7.34332
5.70426 5.59357 5.54629 5.27869 5.13299 5.13389 5.15781 5.18031 5.14375 5.11417 5.24709 5.40042 5.54015 5.56077 5.75549 5.79610 5.69848 5.78124 5.88778 6.19780 6.44548 6.28409 6.48219 6.36128 5.82554 5.51885 5.79268 5.56001 5.48117 5.78649 6.02419 6.27270 6.41375 6.35608 6.40853 6.48465 6.41051 6.50286 6.61896 6.72508 6.84197 6.87044 6.78458 6.71180 6.60185 6.42661 6.33324 6.24740 5.78661 5.11227 5.06135 5.66450 6.28011 6.69994 6.88460 7.01153 7.07072 7.07168 7.15268 7.16097 7.04445 7.04756 7.22018 7.31919 7.33421 7.36076
6.04643 5.72144 5.67058 5.51229 5.30207 5.22133 5.26550 5.42242 5.43973 5.38494 5.50962 5.63239 5.58213 5.41622 5.50570 5.65545 5.82746 5.89326 5.93428 6.30241 6.47465 6.43619 6.34627 5.99395 5.47297 5.49521 5.56521 5.50368 5.43484 5.33613 5.29651 5.46339 5.51225 5.46124 5.65507 5.93811 6.05771 6.14854 6.41877 6.50453 6.61921 6.75401 6.75770 6.69678 6.69779 6.52782 6.09179 5.70334 5.25153 4.96577 5.52011 6.32231 6.73949 6.82624 6.93871 7.05612 7.03486 6.99443 7.06727 7.07395 7.08413 7.04398 7.12767 7.25342 7.28087 7.34057
6.23649 5.94620 5.74443 5.64094 5.48610 5.38444 5.30374 5.35317 5.43287 5.62453 5.90786 5.91810 5.72404 5.43585 5.35985 5.44046 5.59131 5.76728 5.92449 6.15235 6.29116 6.35864 6.33634 6.11024 5.72288 5.56735 5.89344 6.06543 5.97441 5.64726 5.28322 5.25902 5.29577 5.21750 5.11849 5.17491 5.31615 5.51005 5.87680 6.09768 6.21872 6.41590 6.53983 6.54682 6.50926 6.08661 5.41206 4.97497 4.83805 5.12962 5.85595 6.61800 6.76851 6.78795 6.91632 6.95149 6.96844 7.02084 7.06054 7.14676 7.12634 7.17602 7.18033 7.26936 7.26300 7.25935
6.16536 6.01942 5.74303 5.58748 5.48805 5.51728 5.31833 5.18775 5.38458 5.83797 6.13434 6.02429 5.84334 5.54222 5.36665 5.33975 5.38107 5.46324 5.51769 5.54073 5.56617 5.74535 5.96341 6.03557 5.81213 5.64339 5.84710 5.83692 5.86711 5.92939 5.64763 5.50733 5.40236 5.22225 5.09960 4.91995 4.85801 4.87530 5.14612 5.40323 5.49355 5.75254 5.97721 6.08257 5.88548 5.24865 4.76103 4.73309 5.02157 5.57060 6.02016 6.45977 6.44426 6.51053 6.73290 6.79462 6.90430 7.05070 7.13326 7.18406 7.18847 7.17189 7.21295 7.28049 7.29074 7.28072
6.00337 6.04702 5.82251 5.61465 5.45765 5.42386 5.32437 5.10657 5.31026 5.90939 6.11381 5.99530 6.00273 5.76297 5.53778 5.45136 5.42748 5.42729 5.41813 5.36110 5.28060 5.27619 5.38970 5.43207 5.26506 5.34756 5.49724 5.68650 5.76899 5.73835 5.73845 5.62031 5.32308 5.31299 5.04355 4.98834 5.01746 4.78054 4.66259 4.66767 4.67234 4.90422 5.18580 5.28858 5.10962 4.71196 4.68730 4.95810 5.55209 6.00529 6.02532 6.25217 6.31817 6.48813 6.55457 6.79248 6.89005 6.99592 7.15815 7.17468 7.17605 7.18231 7.20787 7.31092 7.32482 7.29370
5.92768 6.08648 5.99815 5.81549 5.56930 5.41560 5.35467 5.12529 5.18964 5.71356 6.02623 6.05832 6.26486 6.13067 5.87781 5.78663 5.76379 5.73988 5.71319 5.67365 5.62017 5.46128 5.35993 5.27740 5.23798 5.34920 5.64607 5.83631 5.68915 5.58357 5.67440 5.56324 5.38140 5.06534 4.59593 4.74497 4.85164 4.89148 4.70681 4.53468 4.48146 4.41619 4.47418 4.53002 4.56390 4.63652 4.82605 5.29398 5.53680 6.16748 6.22592 6.27173 6.48441 6.55197 6.71391 6.77901 6.82884 6.85771 7.09584 7.20236 7.13789 7.17102 7.25685 7.27956 7.29804 7.25428
5.82450 6.02965 6.03968 5.83999 5.58822 5.49405 5.42562 5.22483 5.21592 5.63703 6.13943 6.28038 6.48764 6.45270 6.22210 6.16951 6.24670 6.32486 6.36228 6.41043 6.45817 6.20859 5.96429 5.96455 6.18990 6.08417 6.13281 6.18306 5.84928 5.55204 5.51830 5.40830 5.07562 4.65715 4.61164 4.59534 4.64695 4.66153 4.69256 4.57048 4.50834 4.39639 4.32441 4.36407 4.50063 4.90387 5.24597 5.23493 5.82826 6.35247 6.48049 6.46881 6.53451 6.76634 6.96640 6.91912 6.87859 6.74519 6.89391 7.08131 7.08384 7.17779 7.25609 7.26594 7.20753 7.19977
5.73678 5.90276 5.88604 5.69987 5.55015 5.52364 5.47641 5.25173 5.20820 5.63225 6.25819 6.37511 6.55287 6.54092 6.32927 6.30289 6.48559 6.72318 6.85088 6.86614 6.87249 6.85648 6.77952 6.77729 6.85596 6.70114 6.49944 6.31420 5.97271 5.67091 5.55011 5.45353 5.27923 5.08205 4.96560 5.07428 4.97758 4.74372 4.63245 4.61170 4.54160 4.56000 4.54988 4.51928 4.53199 4.72250 5.05308 5.19719 5.66592 6.15056 6.43110 6.64491 6.80468 6.94097 7.04381 7.02325 6.99365 6.80363 6.65465 6.82699 6.86144 6.99884 7.10848 7.13455 7.13462 7.14385
5.75346 5.84409 5.72409 5.54064 5.45809 5.47226 5.40592 5.07212 5.12157 5.73354 6.22236 6.31299 6.47478 6.40014 6.24255 6.32245 6.65856 6.93931 7.04919 7.07411 7.09780 7.12355 7.11487 7.09387 7.03774 6.86463 6.60624 6.39631 6.20946 6.03049 5.94478 5.90362 5.79659 5.57670 5.56452 5.79191 5.51161 5.18983 4.95175 4.96381 4.97756 4.90398 4.92245 4.83214 4.69510 4.67993 4.82138 4.98636 5.19372 5.54321 5.98637 6.39377 6.78661 6.87669 6.89366 7.02389 7.15226 7.07081 6.80148 6.74457 6.79150 7.04356 7.17778 7.17133 7.20339 7.19257
5.84917 5.88722 5.67497 5.43900 5.32926 5.34715 5.35431 5.08619 5.02170 5.42902 5.87231 6.16019 6.25272 6.17168 6.18599 6.45770 6.86463 7.08786 7.17094 7.20596 7.22573 7.23484 7.23110 7.20797 7.12602 6.93550 6.71134 6.62291 6.68634 6.64393 6.61116 6.57962 6.31278 5.74018 5.61317 5.81155 5.69519 5.56577 5.44724 5.43322 5.56184 5.59020 5.54680 5.46000 5.30790 5.13185 5.11494 5.25295 5.29553 5.42777 5.63149 5.88134 6.37966 6.85774 7.00591 7.03888 7.10905 7.07184 6.95438 6.83018 6.97342 7.10185 7.20150 7.25040 7.25295 7.21399
5.94826 5.97640 5.72681 5.43865 5.25476 5.22099 5.30225 5.29379 5.15862 5.28368 5.58635 5.91331 5.98922 6.06751 6.29267 6.68445 7.00552 7.14982 7.21830 7.25923 7.28124 7.28753 7.28061 7.24758 7.15849 7.01427 6.86973 6.78776 6.80781 6.84943 6.85324 6.76864 6.50716 5.82054 5.39936 5.48986 5.70070 5.73808 5.68139 5.75017 6.05629 6.23255 6.16099 6.08839 5.97148 5.66767 5.46378 5.53641 5.71773 5.96325 6.05005 6.03175 6.21382 6.75761 6.88301 6.81362 6.80516 6.81471 6.85187 6.92255 7.05244 7.06139 7.15722 7.21843 7.19999 7.19070
6.11245 6.14531 5.83696 5.50804 5.26799 5.17809 5.23046 5.31986 5.30194 5.31925 5.45535 5.64220 5.85310 6.18891 6.57098 6.90676 7.08661 7.17793 7.23626 7.27715 7.30325 7.31030 7.29891 7.25931 7.19123 7.10512 6.98559 6.83997 6.74523 6.76696 6.82280 6.80121 6.52529 5.75914 5.27257 5.43409 5.87167 5.87420 5.80541 5.91084 6.07712 6.24445 6.39788 6.51480 6.46990 6.13194 5.72892 5.60571 5.80421 6.29800 6.53740 6.32322 6.32935 6.70424 6.61836 6.55821 6.69530 6.87525 7.03140 7.14380 7.18767 7.15559 7.18550 7.20112 7.19560 7.23314
6.36350 6.34790 5.92680 5.57728 5.32958 5.21517 5.22515 5.25653 5.25728 5.26368 5.31430 5.46355 5.86677 6.44594 6.81431 7.01098 7.12366 7.19734 7.24979 7.28734 7.31193 7.32209 7.31730 7.28929 7.24032 7.17266 7.07526 6.94585 6.81453 6.73982 6.73475 6.67593 6.30473 5.68898 5.42676 5.54383 5.78974 5.80931 5.83094 5.89575 5.88104 6.02144 6.30084 6.53477 6.59849 6.41882 5.95875 5.68565 5.77497 6.27729 6.66999 6.55956 6.53811 6.62519 6.47193 6.55847 6.80967 7.03084 7.18900 7.24006 7.23698 7.27188 7.31162 7.29156 7.27722 7.32893
6.29010 6.20994 5.85474 5.58457 5.41230 5.32905 5.27092 5.20392 5.17331 5.18789 5.21111 5.35729 5.84391 6.53618 6.88136 7.03685 7.13881 7.20910 7.25840 7.29383 7.31765 7.33100 7.33437 7.32331 7.29298 7.24992 7.19513 7.12476 7.01275 6.81960 6.65180 6.53111 6.22381 5.77819 5.55065 5.57606 5.61512 5.63426 5.76802 5.91780 5.94038 5.91811 6.01490 6.25677 6.40097 6.30774 6.02125 5.84239 5.92256 6.28782 6.66360 6.78425 6.83891 6.71548 6.59467 6.73365 6.92597 7.04615 7.16175 7.21806 7.24786 7.32794 7.37888 7.34612 7.31470 7.36481
6.08463 5.99456 5.74818 5.58228 5.55572 5.57441 5.39956 5.17201 5.06834 5.08518 5.12651 5.25431 5.72763 6.46765 6.85906 7.03156 7.14000 7.21181 7.26081 7.29607 7.32107 7.33757 7.34581 7.34452 7.33173 7.30946 7.27823 7.23130 7.12198 6.87169 6.60527 6.49406 6.34146 5.90069 5.49113 5.40088 5.44418 5.53098 5.78918 6.10712 6.12148 5.80911 5.71399 5.96072 6.24884 6.19719 6.01431 6.00099 6.12438 6.36414 6.71679 6.98415 7.05350 6.87175 6.73045 6.81611 6.92986 6.95655 7.03586 7.13626 7.23671 7.34564 7.40242 7.40048 7.34705 7.34140
6.14915 6.03494 5.78963 5.70153 5.84366 5.91492 5.54920 5.15321 4.96472 5.01622 5.06448 5.16144 5.60319 6.36300 6.81234 7.00907 7.12733 7.20456 7.25659 7.29395 7.32157 7.34128 7.35291 7.35629 7.35079 7.33526 7.30886 7.25603 7.12179 6.85083 6.57991 6.43333 6.20523 5.82949 5.57364 5.41747 5.33194 5.45907 5.87385 6.30797 6.19056 5.63052 5.32773 5.46662 5.90664 6.11470 6.10223 6.12000 6.14539 6.44993 6.88030 7.10980 7.09363 6.90389 6.75125 6.82548 6.94754 6.93131 6.90597 6.95660 7.09996 7.28805 7.38811 7.41687 7.38631 7.34249
6.39703 6.24935 5.95986 5.96863 6.11644 5.88240 5.51991 5.10029 4.84442 4.94241 5.01279 5.06975 5.49631 6.29341 6.76579 6.96906 7.10008 7.18627 7.24453 7.28668 7.31873 7.34180 7.35659 7.36302 7.35995 7.34550 7.31859 7.25884 7.10349 6.83134 6.58980 6.42317 6.17039 5.91636 5.69032 5.45211 5.29124 5.35727 5.72673 6.17201 6.11521 5.48303 4.97437 4.94881 5.28769 5.73762 6.06304 6.07906 6.17076 6.64342 6.96151 7.03969 7.02121 6.88785 6.73713 6.87273 7.07021 7.06015 6.97376 6.86529 6.87454 7.11500 7.32781 7.40397 7.39575 7.33896
6.34144 6.25053 5.98666 5.99024 5.96972 5.65074 5.45973 5.07698 4.69829 4.73830 4.93856 5.01988 5.40137 6.15927 6.67382 6.90698 7.05508 7.15561 7.22465 7.27435 7.31175 7.33902 7.35697 7.36591 7.36427 7.35019 7.32306 7.26218 7.10465 6.84250 6.62954 6.50211 6.29471 5.98148 5.63877 5.37869 5.26671 5.25862 5.36925 5.54773 5.58059 5.32818 4.94719 4.76205 4.94876 5.43503 5.92748 6.10036 6.15136 6.45580 6.65328 6.75712 6.85970 6.90689 6.79257 6.85475 7.06115 7.16348 7.14641 6.96872 6.76275 6.82846 7.16005 7.35963 7.40556 7.35717
5.95679 5.95180 5.81382 5.80563 5.77605 5.59076 5.45772 5.14704 4.65384 4.66080 4.91788 5.01295 5.28721 5.87184 6.46969 6.80324 6.98745 7.11006 7.19578 7.25648 7.30074 7.33279 7.35405 7.36489 7.36434 7.35073 7.32412 7.26726 7.12597 6.89031 6.70417 6.62356 6.48004 6.11419 5.62941 5.22268 5.08483 5.16661 5.17668 5.09408 4.96996 5.09218 5.17259 4.76068 4.91211 5.45181 5.94174 6.15152 6.18458 6.27266 6.39972 6.51017 6.60726 6.78182 6.93104 6.91695 6.98781 7.12080 7.18340 7.11018 6.87632 6.68645 6.90537 7.25443 7.39784 7.40397
5.69667 5.71163 5.65092 5.69502 5.75402 5.70565 5.35391 4.92076 4.74078 4.89825 5.02017 5.01506 5.19627 5.57888 6.09122 6.57537 6.87629 7.04619 7.15574 7.23197 7.28558 7.32333 7.34776 7.36031 7.36065 7.34730 7.32114 7.26783 7.14334 6.95705 6.83953 6.78004 6.62981 6.35653 5.93807 5.41167 4.99646 5.04524 5.22247 5.10266 4.83984 4.73648 4.75300 4.80277 5.25609 6.00178 6.35197 6.29275 6.23996 6.25688 6.34583 6.42565 6.46774 6.50813 6.73215 6.97620 7.05500 7.08248 7.10364 7.13503 7.07889 6.77860 6.73593 7.12574 7.36896 7.41804
