mrvbf_slope0.8_pctl0.8.asc
NCOLS 410
NROWS 410
XLLCORNER 2398750.0000000000000000
YLLCORNER 2548750.0000000000000000
CELLSIZE 250.0000000000000000
NODATA_VALUE -99999.00000
[rows 0 to 28 of 410, columns 66 to 131 of 410]
-99999.00000 -99999.00000 -99999.00000 -99999.00000 -99999.00000 -99999.00000 -99999.00000 -99999.00000 -99999.00000 -99999.00000 -99999.00000 -99999.00000 -99999.00000 -99999.00000 -99999.00000 -99999.00000 -99999.00000 -99999.00000 -99999.00000 -99999.00000 -99999.00000 -99999.00000 -99999.00000 -99999.00000 -99999.00000 -99999.00000 -99999.00000 -99999.00000 -99999.00000 -99999.00000 -99999.00000 -99999.00000 -99999.00000 -99999.00000 -99999.00000 -99999.00000 -99999.00000 -99999.00000 -99999.00000 -99999.00000 -99999.00000 -99999.00000 -99999.00000 -99999.00000 -99999.00000 -99999.00000 -99999.00000 -99999.00000 -99999.00000 -99999.00000 -99999.00000 -99999.00000 -99999.00000 -99999.00000 -99999.00000 -99999.00000 -99999.00000 -99999.00000 -99999.00000 -99999.00000 -99999.00000 -99999.00000 -99999.00000 -99999.00000 -99999.00000 -99999.00000
-99999.00000 -99999.00000 -99999.00000 -99999.00000 -99999.00000 -99999.00000 -99999.00000 -99999.00000 -99999.00000 -99999.00000 -99999.00000 -99999.00000 -99999.00000 -99999.00000 -99999.00000 -99999.00000 -99999.00000 -99999.00000 -99999.00000 -99999.00000 -99999.00000 -99999.00000 -99999.00000 -99999.00000 -99999.00000 -99999.00000 -99999.00000 -99999.00000 -99999.00000 -99999.00000 -99999.00000 -99999.00000 -99999.00000 -99999.00000 -99999.00000 -99999.00000 -99999.00000 -99999.00000 -99999.00000 -99999.00000 -99999.00000 -99999.00000 -99999.00000 -99999.00000 -99999.00000 -99999.00000 -99999.00000 -99999.00000 -99999.00000 -99999.00000 -99999.00000 -99999.00000 -99999.00000 -99999.00000 -99999.00000 -99999.00000 -99999.00000 -99999.00000 -99999.00000 -99999.00000 -99999.00000 -99999.00000 -99999.00000 -99999.00000 -99999.00000 -99999.00000
-99999.00000 -99999.00000 -99999.00000 -99999.00000 -99999.00000 -99999.00000 -99999.00000 -99999.00000 -99999.00000 -99999.00000 -99999.00000 -99999.00000 -99999.00000 -99999.00000 -99999.00000 -99999.00000 -99999.00000 -99999.00000 -99999.00000 -99999.00000 -99999.00000 -99999.00000 -99999.00000 -99999.00000 -99999.00000 -99999.00000 -99999.00000 -99999.00000 -99999.00000 -99999.00000 -99999.00000 -99999.00000 -99999.00000 -99999.00000 -99999.00000 -99999.00000 -99999.00000 -99999.00000 -99999.00000 -99999.00000 -99999.00000 -99999.00000 -99999.00000 -99999.00000 -99999.00000 -99999.00000 -99999.00000 -99999.00000 -99999.00000 -99999.00000 -99999.00000 -99999.00000 -99999.00000 -99999.00000 -99999.00000 -99999.00000 -99999.00000 -99999.00000 -99999.00000 -99999.00000 -99999.00000 -99999.00000 -99999.00000 -99999.00000 -99999.00000 -99999.00000
-99999.00000 -99999.00000 -99999.00000 -99999.00000 -99999.00000 -99999.00000 -99999.00000 -99999.00000 -99999.00000 -99999.00000 -99999.00000 -99999.00000 -99999.00000 -99999.00000 -99999.00000 -99999.00000 -99999.00000 -99999.00000 -99999.00000 -99999.00000 -99999.00000 -99999.00000 -99999.00000 -99999.00000 -99999.00000 -99999.00000 -99999.00000 -99999.00000 -99999.00000 -99999.00000 -99999.00000 -99999.00000 -99999.00000 -99999.00000 -99999.00000 -99999.00000 -99999.00000 -99999.00000 -99999.00000 -99999.00000 -99999.00000 -99999.00000 -99999.00000 -99999.00000 -99999.00000 -99999.00000 -99999.00000 -99999.00000 -99999.00000 -99999.00000 -99999.00000 -99999.00000 -99999.00000 -99999.00000 -99999.00000 -99999.00000 -99999.00000 -99999.00000 -99999.00000 -99999.00000 -99999.00000 -99999.00000 -99999.00000 -99999.00000 -99999.00000 -99999.00000
-99999.00000 -99999.00000 -99999.00000 -99999.00000 -99999.00000 -99999.00000 -99999.00000 -99999.00000 -99999.00000 -99999.00000 -99999.00000 -99999.00000 -99999.00000 -99999.00000 -99999.00000 -99999.00000 -99999.00000 -99999.00000 -99999.00000 -99999.00000 -99999.00000 -99999.00000 -99999.00000 -99999.00000 -99999.00000 -99999.00000 -99999.00000 -99999.00000 -99999.00000 -99999.00000 -99999.00000 -99999.00000 -99999.00000 -99999.00000 -99999.00000 -99999.00000 -99999.00000 -99999.00000 -99999.00000 -99999.00000 -99999.00000 -99999.00000 -99999.00000 -99999.00000 -99999.00000 -99999.00000 -99999.00000 -99999.00000 -99999.00000 -99999.00000 -99999.00000 -99999.00000 -99999.00000 -99999.00000 -99999.00000 -99999.00000 -99999.00000 -99999.00000 -99999.00000 -99999.00000 -99999.00000 -99999.00000 -99999.00000 -99999.00000 -99999.00000 -99999.00000
7.63178 7.67092 7.66529 7.63367 7.62612 7.64281 7.66216 7.66514 7.67268 7.68427 7.68039 7.65381 7.60466 7.59776 7.61667 7.62778 7.64709 7.63491 7.59990 7.63493 7.68618 7.69793 7.70341 7.69468 7.69542 7.67551 7.63761 7.58561 7.59435 7.53080 6.63068 5.97318 6.06051 6.68640 7.53216 7.63123 7.60200 7.38796 7.05026 7.48299 7.65777 7.69494 7.66738 7.61506 7.51830 7.52309 7.65106 7.69973 7.70605 7.70764 7.71212 7.70402 7.69207 7.68125 7.65489 7.60625 7.57529 7.19627 6.47866 6.58486 7.41440 7.63579 7.66799 7.66902 7.68368 7.68472
7.63351 7.67326 7.68465 7.65042 7.62955 7.64620 7.66058 7.66177 7.67368 7.67883 7.67942 7.67981 7.64367 7.62337 7.63603 7.64259 7.64634 7.65722 7.64819 7.66077 7.68011 7.69788 7.69428 7.68339 7.68668 7.68814 7.66134 7.62459 7.62300 7.61685 7.46876 6.70814 7.27275 7.41278 7.58060 7.64022 7.65073 7.59236 7.48536 7.61247 7.68340 7.68729 7.67686 7.62145 7.58833 7.60850 7.64890 7.69348 7.70063 7.69570 7.70249 7.70219 7.69236 7.68455 7.66339 7.62201 7.50405 6.67719 6.47627 6.57890 7.22234 7.61433 7.67798 7.69025 7.70606 7.70232
7.64798 7.66661 7.68669 7.66733 7.63304 7.63539 7.66139 7.68149 7.68212 7.68276 7.69458 7.70215 7.69058 7.67073 7.67623 7.67582 7.66197 7.64558 7.66973 7.68376 7.69001 7.69077 7.68164 7.63143 7.66307 7.69897 7.69355 7.67699 7.65305 7.61286 7.57219 7.28112 7.48236 7.31129 7.54223 7.63559 7.64964 7.65974 7.64971 7.66823 7.67369 7.66954 7.66405 7.66132 7.63009 7.63462 7.68307 7.70989 7.70511 7.69152 7.68251 7.68677 7.69246 7.67919 7.66048 7.61910 7.43409 6.62051 6.43167 6.57390 7.47817 7.64567 7.67993 7.69281 7.70602 7.70357
7.64633 7.65074 7.66149 7.63631 7.60649 7.63382 7.67445 7.68914 7.68822 7.69036 7.69836 7.70426 7.70747 7.70009 7.69714 7.68898 7.68943 7.67513 7.66227 7.67586 7.68631 7.65708 7.60436 7.48412 7.55001 7.66088 7.68191 7.67125 7.65492 7.63507 7.62044 7.55772 7.59244 7.45654 7.59907 7.65317 7.65573 7.66457 7.66966 7.66560 7.63879 7.56592 7.57647 7.65317 7.67794 7.67808 7.69746 7.70286 7.71008 7.69567 7.66129 7.66971 7.67692 7.69608 7.68209 7.63314 7.56790 7.32017 6.74392 7.31469 7.60960 7.65100 7.66972 7.69810 7.70804 7.70143
7.62912 7.63579 7.64118 7.61861 7.62211 7.66027 7.67505 7.68387 7.69066 7.68215 7.68490 7.69611 7.70031 7.68913 7.68373 7.68015 7.69420 7.68981 7.67233 7.67882 7.68427 7.62259 7.50476 7.49544 7.47192 7.61962 7.68098 7.69756 7.68852 7.67085 7.60155 7.38598 7.45402 7.03258 7.52116 7.65018 7.66054 7.66443 7.65915 7.63790 7.52863 7.33223 7.44480 7.57803 7.66727 7.69314 7.69769 7.71174 7.71350 7.69764 7.66059 7.65593 7.67611 7.70407 7.69270 7.64405 7.61420 7.57257 7.50101 7.61056 7.65114 7.66049 7.66707 7.68683 7.70810 7.69874
7.63300 7.64010 7.65455 7.65250 7.65652 7.67019 7.67770 7.69748 7.71191 7.69886 7.67844 7.67426 7.67824 7.67181 7.66304 7.67185 7.68115 7.67282 7.67714 7.69525 7.67844 7.67247 7.60792 7.55626 7.58181 7.66771 7.70269 7.70911 7.69738 7.67810 7.64646 7.52847 7.03972 7.28296 7.23120 7.59309 7.67343 7.67539 7.66817 7.61757 7.38032 7.30114 7.35141 7.53258 7.66004 7.69722 7.70447 7.71074 7.72072 7.70842 7.68256 7.66497 7.69090 7.70488 7.67578 7.66014 7.63572 7.65134 7.66246 7.68717 7.69052 7.68041 7.67963 7.68814 7.69104 7.70725
7.65645 7.65689 7.67601 7.68685 7.67653 7.67826 7.69532 7.71818 7.72638 7.71835 7.69876 7.67131 7.65100 7.64764 7.65596 7.66266 7.67114 7.67924 7.69136 7.70787 7.69144 7.64932 7.62771 7.62142 7.62548 7.68245 7.69045 7.70702 7.70345 7.67974 7.65752 7.63095 7.51106 7.07773 7.16736 7.55220 7.66540 7.68354 7.67372 7.63693 7.43689 7.24834 7.37859 7.57211 7.66499 7.69027 7.70413 7.70915 7.71679 7.71344 7.69846 7.68367 7.69687 7.70709 7.68568 7.68266 7.67269 7.68237 7.67751 7.68673 7.69845 7.70306 7.69407 7.70376 7.69085 7.70320
7.66897 7.66954 7.68556 7.69920 7.69255 7.69248 7.70668 7.71866 7.72141 7.71891 7.70999 7.68517 7.64099 7.62126 7.64048 7.65837 7.67745 7.69290 7.69166 7.68942 7.69056 7.66152 7.58970 7.54358 7.63211 7.67795 7.69534 7.70799 7.69397 7.68609 7.68654 7.66723 7.59164 7.28260 7.40203 7.32504 7.61758 7.68296 7.67790 7.67166 7.59837 7.44456 7.53373 7.64040 7.67220 7.68968 7.69846 7.70363 7.71233 7.71217 7.69418 7.69823 7.69302 7.70128 7.68875 7.68866 7.68975 7.70339 7.69223 7.69386 7.69509 7.70515 7.69028 7.68959 7.67605 7.67545
7.65039 7.66870 7.68743 7.68634 7.67531 7.67425 7.68469 7.69581 7.69796 7.69857 7.69621 7.67603 7.63323 7.61361 7.63619 7.66268 7.66767 7.69150 7.69217 7.67382 7.68033 7.62182 7.37360 7.14828 7.43793 7.64058 7.70666 7.71103 7.69528 7.70291 7.70047 7.68794 7.65396 7.54922 7.30100 7.42059 7.61786 7.67582 7.67860 7.66957 7.65449 7.62622 7.63246 7.67031 7.67460 7.68911 7.69544 7.70080 7.71087 7.70971 7.70608 7.69861 7.68972 7.69600 7.69063 7.69519 7.70136 7.69332 7.69168 7.69660 7.70307 7.69735 7.70061 7.68141 7.67564 7.67452
7.63022 7.65634 7.66828 7.64524 7.62949 7.62981 7.63727 7.64824 7.65660 7.66825 7.67914 7.67322 7.64628 7.62473 7.63346 7.66045 7.64622 7.65771 7.67766 7.67337 7.68248 7.61754 7.25250 7.07384 7.29566 7.56978 7.66555 7.69287 7.69469 7.69399 7.69779 7.68778 7.67147 7.61878 7.49789 7.51122 7.50011 7.59674 7.66268 7.66831 7.65713 7.65440 7.64808 7.61391 7.63917 7.66064 7.66297 7.67606 7.70053 7.70368 7.70057 7.69630 7.68458 7.67533 7.67030 7.68154 7.68570 7.68004 7.69223 7.70127 7.70158 7.70188 7.70039 7.68862 7.68109 7.65054
7.64345 7.63279 7.61776 7.60467 7.60892 7.61451 7.61666 7.62256 7.63659 7.65666 7.67912 7.69144 7.66911 7.63367 7.61411 7.62395 7.64467 7.64847 7.66283 7.67968 7.67103 7.64614 7.56356 7.32204 7.50390 7.58633 7.62523 7.67391 7.69992 7.68971 7.67633 7.67304 7.66326 7.61890 7.52153 7.51081 7.37819 7.39663 7.57007 7.59379 7.62605 7.64747 7.55608 7.34119 7.51849 7.57176 7.62947 7.64750 7.68065 7.69754 7.69504 7.69497 7.68703 7.68448 7.65241 7.64945 7.66252 7.67436 7.68389 7.69388 7.69668 7.69319 7.68446 7.67597 7.68141 7.66379
7.67175 7.62414 7.57967 7.59043 7.63054 7.64361 7.64211 7.64193 7.64934 7.66138 7.67815 7.69286 7.67629 7.64148 7.60754 7.59896 7.61264 7.63654 7.65249 7.66860 7.66695 7.66366 7.63262 7.57269 7.52418 7.59483 7.62836 7.68335 7.69336 7.68387 7.68403 7.67237 7.66116 7.62151 7.41194 7.32411 7.50839 7.32973 7.14571 7.13939 7.44363 7.56681 7.36616 7.38539 7.08110 7.36268 7.54879 7.64194 7.67614 7.67801 7.68813 7.69092 7.68607 7.68605 7.65957 7.63904 7.64611 7.65830 7.66082 7.65449 7.66293 7.67071 7.67826 7.67561 7.67999 7.68151
7.67333 7.62808 7.57795 7.58021 7.62713 7.66901 7.67890 7.67058 7.66134 7.65809 7.66356 7.67670 7.68463 7.66848 7.63129 7.60420 7.60537 7.63289 7.64822 7.66495 7.68237 7.68070 7.64431 7.54718 7.53768 7.51750 7.63314 7.69485 7.68585 7.67905 7.68440 7.67338 7.67200 7.66302 7.58376 7.36885 7.39233 7.29122 7.02991 7.08241 7.13836 7.50076 7.53722 7.20599 7.05647 7.30805 7.43480 7.61479 7.66773 7.67777 7.68132 7.69183 7.67591 7.66165 7.66700 7.66223 7.65850 7.65466 7.66352 7.65477 7.65590 7.65985 7.67302 7.66662 7.66180 7.66889
7.65197 7.64094 7.60264 7.57842 7.59882 7.64880 7.69033 7.68917 7.66604 7.65157 7.65273 7.67199 7.69847 7.70169 7.67362 7.63562 7.61353 7.61797 7.64228 7.66901 7.67641 7.65965 7.59136 7.43621 7.43588 7.44593 7.58832 7.68559 7.69271 7.66992 7.66397 7.67289 7.68046 7.66568 7.65518 7.62470 7.61762 7.61531 7.53204 7.17891 7.39516 7.60019 7.60377 7.33509 7.31321 7.29250 7.45101 7.63215 7.67515 7.68429 7.68747 7.68810 7.68841 7.67169 7.65912 7.66741 7.67690 7.68134 7.68148 7.67611 7.68187 7.66600 7.65987 7.64964 7.64662 7.66038
7.63767 7.65280 7.63399 7.59512 7.58606 7.62236 7.67587 7.69433 7.66723 7.64856 7.64968 7.67035 7.70007 7.71564 7.70492 7.67436 7.63714 7.61480 7.62313 7.64270 7.65725 7.63050 7.45312 7.42782 7.51963 7.48790 7.43552 7.60053 7.67307 7.67624 7.66908 7.66853 7.65892 7.64790 7.62214 7.66708 7.68382 7.68640 7.65757 7.59554 7.62930 7.66499 7.65270 7.53501 7.21704 7.43376 7.48603 7.62489 7.67604 7.68548 7.68080 7.67816 7.67911 7.66427 7.66787 7.67080 7.66878 7.68389 7.68304 7.68643 7.68641 7.69159 7.67204 7.64952 7.64853 7.64579
7.63748 7.64926 7.65845 7.62223 7.58633 7.60058 7.65693 7.68700 7.66414 7.65066 7.65460 7.66636 7.68552 7.70701 7.71574 7.70198 7.66708 7.62334 7.60386 7.61449 7.64267 7.64338 7.49486 7.39029 7.46646 7.28365 7.43586 7.45264 7.57410 7.64121 7.62712 7.64694 7.62290 7.52609 7.38471 7.55994 7.65245 7.68034 7.67444 7.66453 7.67921 7.68471 7.67858 7.62583 7.49444 7.42900 7.51332 7.57355 7.63782 7.60972 7.62416 7.65096 7.65036 7.65728 7.65977 7.65561 7.65924 7.65600 7.67957 7.69160 7.68992 7.69322 7.68257 7.67681 7.67868 7.66646
7.65276 7.65528 7.67032 7.63685 7.58541 7.58839 7.64876 7.67331 7.65802 7.65878 7.67082 7.67059 7.66904 7.68300 7.70443 7.71102 7.69021 7.63941 7.59754 7.59756 7.62773 7.65957 7.62879 7.53987 7.57764 7.47622 7.33761 7.33650 7.37527 7.54454 7.41110 7.52410 7.51763 7.14318 7.30616 7.30149 7.54840 7.64652 7.63073 7.66185 7.67406 7.67209 7.68179 7.66588 7.60890 7.53402 7.48737 7.36695 7.55976 7.43024 7.47035 7.57656 7.56948 7.60110 7.58716 7.63667 7.64495 7.65503 7.68078 7.68854 7.67770 7.67859 7.68667 7.69710 7.69231 7.68008
7.66933 7.66744 7.67446 7.63838 7.58759 7.59068 7.64993 7.66514 7.65633 7.66994 7.68997 7.68482 7.67547 7.67033 7.68314 7.70279 7.69844 7.65437 7.60642 7.59186 7.60990 7.63983 7.66303 7.66318 7.66024 7.60199 7.49109 7.25160 7.48976 7.58943 7.45665 7.17538 7.40342 7.41641 7.10082 7.33367 7.33710 7.52830 7.47926 7.58317 7.64662 7.66308 7.67023 7.67264 7.66054 7.57239 7.30784 7.47310 7.54921 7.32538 7.04555 7.39237 7.26848 7.38100 7.14385 7.51729 7.63964 7.67055 7.67838 7.68665 7.67366 7.66417 7.67198 7.68633 7.68922 7.68507
7.67751 7.67606 7.67713 7.64588 7.59044 7.58749 7.64762 7.66298 7.65512 7.67146 7.68952 7.69218 7.69509 7.68078 7.67558 7.69029 7.69810 7.66949 7.62482 7.59689 7.59230 7.60566 7.63480 7.66934 7.67802 7.66820 7.62893 7.52804 7.33382 7.48602 7.34330 7.43343 7.51199 7.48949 7.49421 7.19468 7.28926 7.29819 7.42246 7.40432 7.59576 7.66031 7.66407 7.68346 7.67766 7.63571 7.52518 7.35079 7.51293 7.16541 7.33453 7.52610 7.40275 7.47625 7.11318 7.10548 7.54688 7.64632 7.67494 7.68418 7.67282 7.66158 7.66635 7.66093 7.66215 7.67976
7.67884 7.67999 7.68055 7.65380 7.59294 7.57987 7.64181 7.65538 7.64588 7.66157 7.67822 7.68383 7.69504 7.69367 7.67880 7.68157 7.69545 7.68709 7.65008 7.61309 7.58969 7.58047 7.59115 7.62157 7.64944 7.66748 7.65653 7.63672 7.59425 7.57567 7.50038 7.53621 7.61028 7.62222 7.62213 7.48586 6.88875 7.32414 6.99396 7.50495 7.60112 7.63832 7.66824 7.67572 7.66506 7.64698 7.64141 7.59739 7.62693 7.53451 7.42152 7.54961 7.31303 7.33846 6.98955 7.27383 7.46248 7.56699 7.64219 7.67426 7.68039 7.67046 7.66655 7.66337 7.65937 7.66053
7.69180 7.69099 7.68756 7.65354 7.59881 7.59058 7.64274 7.64919 7.63885 7.65714 7.67343 7.67241 7.68214 7.69496 7.67808 7.67571 7.69431 7.70281 7.68222 7.65173 7.62411 7.59884 7.57983 7.58724 7.60615 7.62365 7.62228 7.62964 7.65878 7.64118 7.58604 7.62687 7.65473 7.65844 7.64413 7.61418 7.48154 7.36708 7.26946 7.55149 7.52524 7.60732 7.67211 7.67505 7.65699 7.65195 7.67891 7.67671 7.66238 7.64148 7.60760 7.62990 7.58518 7.56794 7.44751 7.37424 7.40603 7.45443 7.58362 7.65852 7.67907 7.66756 7.66596 7.65997 7.65298 7.66702
7.70975 7.70029 7.68136 7.64123 7.59787 7.60719 7.65718 7.65694 7.64690 7.66850 7.68365 7.67261 7.66916 7.67624 7.67004 7.67621 7.69878 7.71224 7.70566 7.69132 7.67364 7.65128 7.61974 7.60483 7.60784 7.60834 7.60423 7.61033 7.63314 7.64772 7.63183 7.64952 7.67180 7.66450 7.63811 7.57249 7.46207 7.27671 7.37779 7.55623 7.56895 7.56836 7.64803 7.63758 7.65436 7.67589 7.68043 7.68707 7.67520 7.66551 7.66328 7.65224 7.64307 7.62507 7.54425 7.36364 7.18115 7.50857 7.56023 7.63549 7.66838 7.67735 7.67248 7.65780 7.66417 7.68051
7.71137 7.68776 7.64279 7.58578 7.56053 7.60966 7.66839 7.66036 7.65131 7.67407 7.69603 7.68764 7.67332 7.66845 7.67278 7.69007 7.71061 7.71759 7.71134 7.70112 7.69074 7.67825 7.65725 7.63769 7.62251 7.61013 7.61784 7.62848 7.63844 7.65098 7.64808 7.66965 7.67811 7.65059 7.54231 7.27282 7.38263 7.32928 7.34553 7.53180 7.54073 7.60593 7.60270 7.52332 7.59937 7.66866 7.68705 7.69121 7.67449 7.66946 7.65737 7.65805 7.65384 7.58644 7.35171 7.39339 6.86352 7.33925 7.58068 7.66241 7.67456 7.68154 7.67491 7.66358 7.65679 7.66774
7.70344 7.66112 7.59511 7.54739 7.56768 7.62601 7.65935 7.64793 7.64158 7.66258 7.69307 7.70313 7.69404 7.68824 7.69467 7.70962 7.71708 7.71072 7.69510 7.67545 7.66332 7.66118 7.66085 7.65526 7.63419 7.61312 7.61461 7.63036 7.64612 7.66104 7.67055 7.68170 7.67203 7.59651 7.18414 6.88751 6.86328 7.08751 7.48528 7.59487 7.61237 7.63163 7.52955 7.54618 7.50616 7.62889 7.67708 7.69101 7.68738 7.67440 7.66491 7.65585 7.64854 7.60392 7.45644 7.31281 7.34294 7.33125 7.57759 7.65966 7.66978 7.67408 7.67199 7.66073 7.66230 7.66834
