mrvbf_slope0.7_pctl1.4.asc
NCOLS 410
NROWS 410
XLLCORNER 2398750.0000000000000000
YLLCORNER 2548750.0000000000000000
CELLSIZE 250.0000000000000000
NODATA_VALUE -99999.00000
[rows 87 to 115 of 410, columns 132 to 197 of 410]
6.67094 6.69436 6.85024 7.01191 7.05829 7.01928 6.74385 6.44381 6.23944 6.35971 6.42527 6.56849 6.69064 6.86947 6.95371 6.81586 6.70103 6.68152 6.77846 6.82263 6.79538 6.85884 6.84717 6.88545 6.97600 6.99527 6.99526 6.97918 6.82123 6.78131 6.96466 7.08232 7.11650 7.10002 7.00770 6.89343 6.84162 6.88344 6.73142 6.68663 6.79681 6.79707 6.82373 6.78964 6.58944 6.34247 5.92269 5.73943 5.62686 5.60819 5.69152 6.31052 6.61691 6.71582 6.81306 6.80268 6.74810 6.79505 6.82200 6.77629 6.70156 6.63033 6.68428 6.72593 6.67979 6.76100
6.78733 6.71739 6.75850 6.88911 7.03385 7.05007 6.92719 6.63495 6.48466 6.37366 6.44715 6.50465 6.57664 6.70659 6.80235 6.74150 6.75293 6.78677 6.80415 6.89301 6.81976 6.89086 6.99826 7.04708 6.93176 6.81783 6.85175 6.89291 6.82542 6.83463 6.83885 7.00304 7.03038 7.03773 6.99794 6.91080 6.76589 6.77326 6.69693 6.78440 6.79358 6.82793 6.91815 6.86023 6.60807 6.41226 6.18372 6.06044 5.71937 5.77050 5.70971 5.97371 6.46662 6.62544 6.80090 6.88491 6.75555 6.82351 6.82806 6.76552 6.77434 6.77216 6.72383 6.69924 6.72823 6.75530
6.82740 6.81902 6.76593 6.79220 6.91520 6.94558 6.99240 6.97967 6.70134 6.52903 6.44799 6.50892 6.51056 6.57503 6.63202 6.73401 6.80588 6.90166 6.83549 6.93930 6.95143 6.90893 7.04149 7.01181 6.81423 6.83269 6.81254 6.91630 6.85714 6.76808 6.90049 6.92025 6.90294 6.92831 6.90436 6.90229 6.79513 6.79904 6.88337 6.86877 6.80980 6.90875 6.97596 6.90419 6.56595 6.12743 5.92901 5.93329 5.74472 5.78070 5.82843 5.96393 6.26990 6.56248 6.74963 6.84292 6.74143 6.67952 6.75759 6.81179 6.80135 6.85418 6.77843 6.73502 6.73556 6.75942
6.75097 6.89974 6.90070 6.79447 6.78204 6.76100 6.78248 6.88983 6.78367 6.59639 6.53104 6.67875 6.59624 6.54341 6.62782 6.78050 6.78396 6.81042 6.80661 6.82766 6.77769 6.70848 6.83145 6.83790 6.77842 6.79137 6.82927 6.98133 6.94881 6.89600 6.90578 6.89565 6.86400 6.78495 6.79529 6.84701 6.82118 6.85439 6.93498 6.87751 6.81322 6.85502 6.84209 6.74792 6.58330 6.17296 5.84736 5.79029 5.79509 6.01693 5.81350 5.86135 6.36873 6.57281 6.70940 6.78037 6.73848 6.61682 6.65786 6.75869 6.76697 6.79371 6.78600 6.73470 6.69842 6.77599
6.84264 6.91600 7.03436 6.91367 6.81037 6.75740 6.72233 6.76398 6.76462 6.65434 6.54559 6.60896 6.49603 6.52852 6.65120 6.70592 6.69369 6.70430 6.68245 6.57965 6.55377 6.50285 6.55199 6.60392 6.62285 6.70040 6.72283 6.84623 6.90637 6.96328 6.95199 6.86661 6.78681 6.82469 6.70840 6.81536 6.80907 6.75540 6.81397 6.80664 6.78496 6.83649 6.78344 6.71659 6.68306 6.47675 6.01467 5.74703 5.69469 5.71757 5.68816 5.72901 6.38148 6.60853 6.67845 6.68961 6.64221 6.59730 6.56729 6.70477 6.76249 6.72160 6.71239 6.68552 6.73444 6.80021
6.94224 6.95960 7.05925 7.07009 7.01170 6.97986 6.88776 6.80286 6.76115 6.66906 6.53242 6.46959 6.50976 6.59109 6.56787 6.69332 6.61304 6.60143 6.50520 6.54421 6.59636 6.39363 6.35994 6.48764 6.53667 6.59392 6.58756 6.61333 6.63473 6.72441 6.89487 6.88342 6.87164 6.84305 6.77627 6.87586 6.78034 6.73457 6.78154 6.84125 6.80486 6.83356 6.78097 6.78362 6.71354 6.60323 6.48923 6.12834 5.68183 5.65221 5.68528 5.98426 6.48975 6.60922 6.61904 6.60845 6.56857 6.62767 6.57160 6.63761 6.72122 6.72132 6.71458 6.66557 6.75780 6.73253
6.98271 6.98116 7.13403 7.23642 7.24798 7.24840 7.17124 7.01222 6.87705 6.76275 6.61704 6.46826 6.51068 6.64195 6.64754 6.62595 6.51204 6.52609 6.54091 6.59339 6.58623 6.45315 6.31453 6.49747 6.52555 6.55700 6.55032 6.51232 6.53516 6.60323 6.77256 6.76853 6.74584 6.78390 6.71219 6.77443 6.74275 6.70454 6.78733 6.77212 6.74946 6.77231 6.83532 6.84750 6.80971 6.70192 6.66220 6.47499 5.98545 5.67774 5.69524 5.81656 6.32984 6.52450 6.58583 6.60602 6.61488 6.65318 6.61819 6.64517 6.71426 6.83194 6.84500 6.73333 6.66295 6.59862
7.03092 6.98594 7.10646 7.26597 7.33068 7.32955 7.27784 7.20085 7.09694 7.03286 6.87584 6.57569 6.54902 6.73807 6.74058 6.47351 6.50316 6.54171 6.53529 6.57539 6.52845 6.42152 6.23785 6.33629 6.30974 6.42413 6.54939 6.55227 6.56716 6.57835 6.67557 6.65604 6.69595 6.67811 6.65230 6.74630 6.75922 6.74675 6.86210 6.81764 6.78564 6.82837 6.77851 6.76977 6.81692 6.77411 6.65401 6.53103 6.27170 5.72135 5.70696 5.71350 5.91490 6.37869 6.59632 6.64479 6.72346 6.64717 6.66019 6.65743 6.76886 6.85758 6.85290 6.76638 6.60613 6.42075
7.08317 6.92358 6.92920 7.10831 7.25810 7.28453 7.27596 7.25796 7.21100 7.19807 6.99253 6.60619 6.54741 6.73264 6.74227 6.51561 6.52570 6.46436 6.40028 6.41621 6.50710 6.36565 5.96286 5.85371 5.86280 6.06856 6.46301 6.59025 6.59587 6.60920 6.68000 6.73891 6.72438 6.71328 6.73487 6.68887 6.83941 6.90381 6.86378 6.84553 6.86153 6.79617 6.70737 6.68842 6.76166 6.70179 6.62423 6.51819 6.25580 5.89048 5.72164 5.76724 6.08951 6.06554 6.46674 6.57533 6.67336 6.63634 6.71512 6.68773 6.70338 6.70252 6.75355 6.71613 6.53445 6.36032
7.02772 6.90715 6.82263 6.91576 7.09933 7.18452 7.24294 7.26401 7.25434 7.23402 6.99376 6.60920 6.52679 6.58043 6.48919 6.24271 6.33807 6.28980 6.23417 6.14060 6.32535 6.30895 5.85224 5.81413 5.84340 5.82187 6.11421 6.46953 6.58503 6.65208 6.73196 6.77934 6.81822 6.81168 6.66228 6.75850 6.90701 6.81973 6.71197 6.72293 6.76457 6.75379 6.66394 6.70429 6.76343 6.70825 6.72268 6.57691 6.30189 6.01494 5.87075 5.84419 5.82349 6.29357 6.49010 6.46999 6.51656 6.56356 6.65087 6.71829 6.65869 6.64246 6.68067 6.62067 6.41303 6.43644
6.96931 6.99974 6.84715 6.84904 6.99554 7.11176 7.17237 7.23099 7.27707 7.21512 6.98380 6.68156 6.54904 6.49226 6.34666 6.21692 6.11192 5.96287 5.99225 5.95880 6.05667 6.26099 5.93666 6.05239 5.72072 5.75678 6.16561 6.43344 6.50515 6.66378 6.75522 6.77075 6.79466 6.76474 6.80236 6.80848 6.89824 6.76484 6.62079 6.53915 6.60980 6.67635 6.66795 6.70820 6.71027 6.78788 6.72242 6.56348 6.44008 6.14458 5.89044 5.91495 5.72609 6.06113 6.34000 6.16494 6.17870 6.33260 6.50742 6.56186 6.44677 6.55523 6.71558 6.67427 6.47938 6.37400
6.98497 7.01241 6.95631 6.87983 6.94563 7.03028 7.08992 7.21010 7.29268 7.19119 7.03051 6.85575 6.65932 6.55342 6.44550 6.25150 5.99651 5.84638 5.81211 5.85540 5.82102 5.91719 5.84837 5.81403 5.75324 6.03210 6.36655 6.52104 6.51494 6.57852 6.68744 6.56785 6.53161 6.51991 6.69995 6.83549 6.81518 6.72681 6.54851 6.56369 6.53660 6.55878 6.66519 6.70256 6.67155 6.72236 6.74333 6.62007 6.52986 6.43504 6.14462 5.73197 5.76783 5.68164 5.76628 5.75300 5.89296 5.82105 6.05947 6.19971 5.85702 6.31563 6.59478 6.59596 6.58679 6.44668
7.00976 6.99777 7.04025 6.88306 6.83309 6.92717 7.09569 7.24257 7.30809 7.24540 7.09680 6.96590 6.83419 6.69152 6.53410 6.34401 6.06465 5.89016 6.12103 6.07741 5.85052 5.99978 5.96628 5.90545 5.91022 6.16317 6.47696 6.61642 6.57591 6.53895 6.52503 6.46212 6.49590 6.42362 6.44615 6.64165 6.81458 6.72338 6.62407 6.55053 6.58176 6.56477 6.64521 6.68333 6.61640 6.61853 6.62541 6.60704 6.62856 6.52666 6.44819 6.01952 5.67165 5.70357 5.79705 5.70793 5.84022 5.89316 5.70228 5.73611 5.88616 5.88513 6.43902 6.57902 6.51285 6.39022
7.06159 7.05206 6.94897 6.83434 6.75187 6.87397 7.10634 7.23203 7.27516 7.26628 7.18454 7.02749 6.83842 6.66855 6.58535 6.52850 6.27196 5.88124 5.95269 5.90744 6.08086 6.26906 6.39163 6.16362 5.86033 6.05543 6.35139 6.45165 6.43237 6.35706 6.35813 6.39675 6.39249 6.30908 6.32160 6.48174 6.67272 6.75450 6.69831 6.65568 6.61350 6.59011 6.68171 6.65032 6.52990 6.52136 6.52841 6.60345 6.64510 6.55498 6.52638 6.42807 5.99361 5.71001 5.66179 5.66452 5.67364 5.70678 5.82759 5.74334 5.75964 6.25620 6.50798 6.51348 6.48291 6.43819
6.96763 6.93938 6.86752 6.84583 6.72297 6.81039 6.96330 7.08884 7.16512 7.20490 7.19024 7.07435 6.83782 6.65044 6.60386 6.57497 6.40301 6.19527 5.98552 5.98360 6.36991 6.53164 6.61258 6.42999 5.98485 5.91258 6.05051 6.15378 6.18148 6.22166 6.19997 6.29812 6.43513 6.32628 6.40255 6.37476 6.58540 6.70800 6.70051 6.67575 6.63609 6.63030 6.67812 6.61651 6.48978 6.47318 6.52200 6.54304 6.61590 6.50382 6.50204 6.51611 6.46306 6.25141 5.94515 5.69898 5.93639 6.05718 6.32673 6.23235 6.34126 6.59075 6.66975 6.55977 6.53699 6.50914
6.84666 6.81762 6.87208 6.85715 6.76369 6.79413 6.77300 6.79861 6.91452 7.03957 7.06485 7.03422 6.89072 6.69002 6.60713 6.59007 6.48870 6.33004 6.26280 6.38031 6.43064 6.51786 6.67389 6.60421 6.36172 6.09792 6.09176 6.19055 6.37561 6.37691 6.25087 6.38874 6.32115 6.45508 6.50320 6.43409 6.58198 6.65920 6.65842 6.64159 6.69987 6.65949 6.61744 6.55191 6.48000 6.44545 6.50373 6.57939 6.76412 6.67358 6.62086 6.64697 6.62353 6.53141 6.40171 6.24046 6.23679 5.92288 6.26238 6.02690 6.37059 6.58245 6.70821 6.57050 6.46177 6.49921
6.83232 6.78901 6.91999 6.94883 6.81064 6.68127 6.63045 6.60394 6.62734 6.71751 6.73529 6.75892 6.80072 6.77413 6.67976 6.65324 6.59464 6.50092 6.54645 6.57453 6.43390 6.45770 6.65723 6.59972 6.50957 6.43621 6.27295 6.34523 6.44130 6.39413 6.21174 6.14933 6.17740 6.34029 6.26574 6.25696 6.50419 6.66694 6.73253 6.73107 6.73534 6.70898 6.61336 6.55112 6.53463 6.53403 6.54452 6.53337 6.63677 6.66097 6.70550 6.66635 6.53974 6.50595 6.54360 6.49269 6.13044 5.76313 5.94033 5.99807 6.15267 6.39619 6.57449 6.63212 6.50960 6.57991
6.73073 6.80556 6.98486 6.95970 6.72666 6.62454 6.60659 6.56328 6.50918 6.49461 6.50320 6.55121 6.63656 6.77997 6.76263 6.69592 6.63177 6.56296 6.58655 6.52207 6.37165 6.45503 6.61497 6.58726 6.60304 6.57908 6.42554 6.26311 6.38480 6.31028 6.39124 6.12929 6.01874 5.98897 6.01723 6.35816 6.52899 6.71347 6.81958 6.76188 6.66570 6.61687 6.62579 6.62824 6.58160 6.49463 6.49435 6.57753 6.57853 6.58601 6.65321 6.67146 6.56257 6.48808 6.51115 6.37808 5.77334 5.66241 5.64276 5.60768 5.82284 6.15311 6.45067 6.57469 6.48391 6.53611
6.81906 6.87842 6.88635 6.78239 6.68013 6.69075 6.72041 6.64918 6.54818 6.49082 6.48801 6.50184 6.54123 6.64296 6.70023 6.59894 6.55009 6.53089 6.49290 6.43438 6.34110 6.48347 6.56272 6.57706 6.65592 6.63052 6.51290 6.45221 6.43224 6.43148 6.49626 6.34787 5.96056 6.08245 6.26925 6.38512 6.48938 6.63141 6.76716 6.74804 6.67352 6.56513 6.53254 6.59702 6.53970 6.48105 6.58690 6.57388 6.65934 6.69069 6.65021 6.62334 6.58002 6.55320 6.46428 6.39628 6.01620 5.67434 5.54491 5.44937 5.59126 6.00453 6.46202 6.45251 6.43693 6.43719
7.02836 6.97931 6.77427 6.65855 6.67379 6.78343 6.84846 6.75824 6.68480 6.68979 6.64988 6.57778 6.54164 6.59360 6.61808 6.55332 6.56146 6.56181 6.42307 6.31402 6.36432 6.52187 6.55765 6.54436 6.58997 6.58170 6.49309 6.45223 6.38276 6.37741 6.40023 6.24562 5.99179 5.99938 6.04153 6.00042 6.31750 6.54082 6.67070 6.69614 6.64023 6.57917 6.47769 6.49421 6.51571 6.59128 6.64234 6.63650 6.77891 6.83855 6.68368 6.53777 6.47513 6.48129 6.47473 6.40290 6.03951 5.62489 5.45981 5.28972 5.58135 6.05944 6.51206 6.45920 6.37540 6.44443
6.88888 6.83896 6.64775 6.57950 6.66688 6.84751 6.90321 6.81597 6.76595 6.75307 6.73901 6.68375 6.59071 6.64013 6.62597 6.57668 6.58832 6.48236 6.35549 6.32387 6.43805 6.55079 6.52972 6.44958 6.40074 6.34960 6.28485 6.28270 6.31028 6.33155 6.31389 5.98019 5.89461 6.09795 6.05663 5.78931 5.85667 6.33065 6.58233 6.65411 6.55591 6.54699 6.48072 6.49303 6.55903 6.58693 6.58728 6.60258 6.75624 6.75640 6.63064 6.50734 6.52572 6.44098 6.45160 6.38662 6.04279 5.63504 5.52544 5.47415 5.72440 6.28314 6.52856 6.54575 6.44628 6.42056
6.62276 6.58125 6.51795 6.52077 6.61747 6.76262 6.91245 6.90765 6.84124 6.84626 6.80263 6.68796 6.60333 6.69432 6.64178 6.57310 6.53449 6.40725 6.32686 6.42296 6.52143 6.53664 6.47146 6.38551 6.28833 6.19929 6.18294 6.28905 6.36577 6.34971 6.26665 6.08960 5.97475 5.93913 5.78834 5.70052 5.73320 5.88359 6.32684 6.53508 6.49608 6.49295 6.52224 6.54230 6.56580 6.55891 6.51209 6.55277 6.67796 6.68629 6.60537 6.53632 6.50240 6.52400 6.56766 6.49490 6.33610 5.89656 5.68684 5.67262 5.65418 5.85806 6.37794 6.53049 6.53576 6.55610
6.57291 6.51875 6.47907 6.49246 6.52369 6.56881 6.73025 6.91435 6.95503 6.94146 6.81208 6.66171 6.58390 6.72274 6.75551 6.57201 6.50338 6.35726 6.29499 6.43483 6.51320 6.50341 6.45395 6.43180 6.40983 6.39507 6.41526 6.46452 6.48522 6.40663 6.22059 5.98994 5.88002 5.88399 5.79075 5.68498 5.71153 5.78857 6.00625 6.36013 6.50805 6.45073 6.47130 6.59795 6.63830 6.60039 6.58994 6.61908 6.65223 6.67930 6.60292 6.54335 6.47845 6.50458 6.48181 6.45132 6.31716 6.05158 5.73614 5.58339 5.64060 5.66476 6.14180 6.47906 6.51159 6.59232
6.59052 6.55871 6.50973 6.49857 6.50389 6.48061 6.53833 6.72209 6.89850 6.90272 6.76887 6.68373 6.54628 6.60233 6.70687 6.49659 6.33526 6.26166 6.35887 6.45926 6.42848 6.37101 6.40168 6.50309 6.46014 6.39623 6.43821 6.53189 6.58179 6.51222 6.31103 5.96112 5.80980 5.84848 5.90919 5.73963 5.69864 5.74372 6.03537 6.36142 6.41343 6.44481 6.36311 6.50325 6.60327 6.63099 6.65123 6.65445 6.62039 6.58115 6.52350 6.49668 6.52907 6.45307 6.48270 6.52208 6.38516 5.94687 5.65367 5.63866 5.54147 5.77704 6.37409 6.51998 6.54487 6.58952
6.54239 6.51283 6.47917 6.50077 6.57792 6.52367 6.47098 6.54268 6.68971 6.78647 6.71582 6.66635 6.58221 6.55890 6.58868 6.38461 6.30153 6.37697 6.48268 6.46134 6.43568 6.31283 6.26622 6.41772 6.28259 6.25450 6.34079 6.47266 6.55167 6.50485 6.35538 6.13168 6.05446 6.08504 6.17307 6.01822 5.76526 5.86085 6.14038 6.45526 6.47098 6.33297 6.39928 6.38840 6.55791 6.64281 6.62260 6.61050 6.56405 6.57655 6.56723 6.53393 6.50046 6.46782 6.52520 6.52138 6.43634 6.28415 5.83685 5.66618 5.77572 6.30258 6.48031 6.57442 6.61587 6.61916
6.53801 6.47817 6.42273 6.46460 6.60307 6.62079 6.52331 6.48041 6.52908 6.60944 6.65296 6.65277 6.57815 6.56521 6.56010 6.36666 6.29526 6.46005 6.51751 6.49864 6.54590 6.42589 6.27063 6.38176 6.21682 6.26345 6.28235 6.41907 6.54675 6.49678 6.34674 6.24410 6.24136 6.04380 6.14357 6.11361 6.05438 5.88285 5.91570 6.31254 6.51279 6.44287 6.31070 6.45704 6.59264 6.61122 6.59476 6.56188 6.52274 6.50282 6.50079 6.47514 6.47403 6.50002 6.47815 6.51975 6.48958 6.48067 6.38410 6.15165 6.34150 6.49197 6.50673 6.53913 6.57504 6.55935
6.56180 6.45590 6.39417 6.43633 6.50870 6.58872 6.63465 6.53803 6.49234 6.51219 6.55549 6.58355 6.56265 6.56278 6.50616 6.36056 6.34863 6.48413 6.54941 6.52440 6.58575 6.48604 6.28217 6.30627 6.23583 6.27423 6.24056 6.40597 6.55069 6.59687 6.46042 6.28199 6.21892 6.08509 6.22060 6.15712 6.02345 5.78633 5.84985 5.98368 6.44105 6.57459 6.48606 6.58850 6.64842 6.60937 6.54616 6.48030 6.45934 6.43850 6.45282 6.46320 6.50259 6.46950 6.50110 6.53161 6.53857 6.50463 6.49315 6.48699 6.48788 6.49607 6.31340 6.42783 6.44982 6.34778
6.54290 6.40767 6.38634 6.41355 6.42017 6.46962 6.57777 6.62747 6.53867 6.49374 6.48811 6.49689 6.52022 6.54622 6.46754 6.39649 6.46756 6.57413 6.59782 6.52311 6.55656 6.55556 6.40078 6.28247 6.35717 6.29567 6.19447 6.34017 6.45749 6.55899 6.59479 6.42648 6.25940 6.20539 6.19798 6.15082 6.19779 5.89945 5.89405 6.11412 6.44433 6.60658 6.57641 6.57310 6.58327 6.52806 6.47082 6.43168 6.39029 6.38647 6.42499 6.45753 6.55176 6.52532 6.49912 6.50673 6.48806 6.49047 6.47359 6.47697 6.39876 6.01145 5.71460 5.99876 6.23114 6.13207
6.55244 6.45103 6.43517 6.41916 6.43949 6.42621 6.47259 6.59295 6.58101 6.50744 6.45639 6.43263 6.45694 6.53834 6.54000 6.48983 6.48197 6.51863 6.58570 6.54914 6.56165 6.61901 6.54339 6.43446 6.41371 6.24338 6.13119 6.25710 6.37446 6.42272 6.50201 6.48644 6.36741 6.25268 6.09929 6.12976 6.18789 6.02785 6.02605 6.25495 6.41021 6.55432 6.56975 6.52096 6.50310 6.46411 6.43757 6.41387 6.37692 6.39454 6.44132 6.50366 6.50044 6.51300 6.46275 6.48503 6.46374 6.49197 6.45507 6.30884 5.89166 5.62242 5.51278 5.65464 6.00591 5.98700
