mrvbf_slope1.1_pctl1.1.asc
NCOLS 410
NROWS 410
XLLCORNER 2398750.0000000000000000
YLLCORNER 2548750.0000000000000000
CELLSIZE 250.0000000000000000
NODATA_VALUE -99999.00000
[rows 319 to 347 of 410, columns 0 to 65 of 410]
-99999.00000 -99999.00000 -99999.00000 -99999.00000 -99999.00000 7.49131 7.48617 7.45617 7.41697 7.40884 7.39096 7.34793 7.36918 7.42490 7.44707 7.45482 7.44841 7.44046 7.43324 7.42801 7.44195 7.44828 7.44412 7.39462 7.31689 7.29918 7.32332 7.32208 7.24566 7.20450 7.24416 7.32885 7.34512 7.31813 7.22786 7.26324 7.32212 7.34793 7.34746 7.29278 7.19767 7.18958 7.27511 7.36088 7.40660 7.40918 7.38448 7.36293 7.36063 7.35226 7.33526 7.31415 7.32123 7.34614 7.32010 7.31035 7.32729 7.31444 7.30214 7.28829 7.29577 7.34782 7.39481 7.42256 7.43403 7.43897
-99999.00000 -99999.00000 -99999.00000 -99999.00000 -99999.00000 7.46973 7.46516 7.43566 7.41249 7.41787 7.40798 7.35089 7.32159 7.36543 7.41285 7.43921 7.44300 7.43507 7.43142 7.44266 7.44017 7.45282 7.43662 7.36276 7.34986 7.33343 7.31187 7.27879 7.18502 7.18152 7.28527 7.34978 7.34498 7.33226 7.30771 7.29903 7.30956 7.34501 7.35252 7.27262 7.18323 7.20040 7.30044 7.38464 7.41633 7.40944 7.39235 7.38833 7.39467 7.39517 7.39233 7.37111 7.35766 7.36995 7.35818 7.36176 7.38778 7.37928 7.36606 7.36246 7.37338 7.38871 7.40105 7.41306 7.40978 7.40456
-99999.00000 -99999.00000 -99999.00000 -99999.00000 -99999.00000 7.39918 7.39345 7.34225 7.37776 7.42914 7.43437 7.40760 7.37857 7.36678 7.38245 7.40796 7.42275 7.42926 7.42735 7.43057 7.45046 7.46338 7.45522 7.39873 7.31141 7.36374 7.37353 7.33240 7.10999 7.07571 7.30172 7.34611 7.31835 7.26672 7.28427 7.31316 7.24277 7.28384 7.31671 7.27260 7.22139 7.26370 7.36276 7.41614 7.42571 7.41008 7.39532 7.40040 7.41490 7.41967 7.41224 7.38987 7.37761 7.38953 7.38110 7.35915 7.37598 7.39057 7.38604 7.38693 7.38588 7.38755 7.37924 7.36733 7.35435 7.36142
-99999.00000 -99999.00000 -99999.00000 -99999.00000 -99999.00000 7.25386 7.19954 7.19450 7.30948 7.38934 7.40668 7.39964 7.41776 7.42730 7.40171 7.39556 7.40340 7.41009 7.42420 7.44154 7.45783 7.46353 7.46070 7.43913 7.37377 7.36716 7.36682 7.31503 7.26181 7.26745 7.32131 7.33253 7.33060 7.23165 7.18583 7.13688 7.14790 7.25257 7.31081 7.30357 7.28074 7.32433 7.39916 7.42644 7.42944 7.40857 7.39023 7.39968 7.41811 7.42017 7.40636 7.37954 7.36658 7.37706 7.37412 7.34808 7.34388 7.35838 7.35425 7.35437 7.36021 7.34465 7.32110 7.29876 7.30996 7.33931
-99999.00000 -99999.00000 -99999.00000 -99999.00000 -99999.00000 7.25348 7.22478 7.29172 7.29974 7.33599 7.39353 7.41218 7.44038 7.44883 7.43592 7.41338 7.40247 7.39385 7.39451 7.42221 7.44964 7.45669 7.45230 7.42831 7.39901 7.41861 7.38099 7.39237 7.39107 7.38954 7.38109 7.35153 7.34926 7.29685 7.22227 7.20335 7.26962 7.29629 7.32664 7.32469 7.32593 7.33777 7.37913 7.41426 7.42901 7.40450 7.37957 7.39191 7.40833 7.40044 7.38045 7.34408 7.30133 7.28120 7.27360 7.25970 7.27080 7.29344 7.29447 7.27921 7.26934 7.24062 7.23725 7.24572 7.30151 7.34084
-99999.00000 -99999.00000 -99999.00000 -99999.00000 -99999.00000 7.35286 7.36980 7.38627 7.34491 7.31757 7.35704 7.41209 7.44096 7.44817 7.45209 7.44075 7.42623 7.41254 7.39398 7.39611 7.42864 7.44270 7.42834 7.38267 7.37705 7.42647 7.39770 7.39905 7.36973 7.39332 7.39096 7.37687 7.36460 7.34963 7.33423 7.32792 7.30792 7.33201 7.31870 7.32035 7.35166 7.36146 7.36978 7.38918 7.41456 7.40166 7.37251 7.37012 7.37433 7.35793 7.33293 7.29150 7.21779 7.13003 7.10862 7.15370 7.19661 7.23005 7.24488 7.22372 7.16608 7.16153 7.18213 7.21349 7.27701 7.32851
-99999.00000 -99999.00000 -99999.00000 -99999.00000 -99999.00000 7.35121 7.37602 7.39764 7.38065 7.34184 7.34306 7.38768 7.42460 7.42903 7.43957 7.44298 7.43251 7.41417 7.39639 7.39828 7.41541 7.41296 7.36231 7.31401 7.35218 7.39500 7.36992 7.34860 7.37538 7.36121 7.36972 7.37360 7.35818 7.37050 7.36862 7.35219 7.31493 7.31364 7.30917 7.33622 7.32912 7.36243 7.39062 7.38048 7.39319 7.40155 7.37534 7.35302 7.33542 7.31443 7.28826 7.23585 7.11495 7.02390 7.03480 7.11034 7.16410 7.19311 7.20566 7.18442 7.15656 7.18232 7.20605 7.23393 7.21827 7.27170
-99999.00000 -99999.00000 -99999.00000 -99999.00000 -99999.00000 7.30458 7.33246 7.37388 7.39695 7.37358 7.35323 7.35158 7.38885 7.40085 7.40981 7.41607 7.40935 7.39610 7.38958 7.40070 7.40986 7.37610 7.31100 7.31680 7.36247 7.34518 7.35906 7.37688 7.40506 7.34854 7.33284 7.30626 7.28899 7.34422 7.36360 7.35389 7.31974 7.30090 7.32161 7.35370 7.33299 7.33872 7.35507 7.36203 7.38084 7.38918 7.36596 7.33594 7.29983 7.25727 7.22122 7.14509 6.94551 6.94368 7.01459 7.08659 7.14471 7.17361 7.16753 7.14778 7.16673 7.22111 7.26277 7.28166 7.20372 7.19678
-99999.00000 -99999.00000 -99999.00000 -99999.00000 -99999.00000 7.29062 7.32289 7.35628 7.38673 7.38791 7.36958 7.35898 7.34867 7.37085 7.37721 7.38179 7.38288 7.38203 7.38984 7.40538 7.40278 7.35507 7.33269 7.31601 7.30761 7.33596 7.36998 7.37275 7.37287 7.25642 7.23870 7.17490 7.14988 7.23812 7.31448 7.30548 7.25962 7.22397 7.27828 7.32998 7.33802 7.33957 7.34869 7.35575 7.36490 7.35754 7.32913 7.29017 7.21030 7.04024 6.93433 6.91544 6.80274 6.94786 7.02113 7.06686 7.11857 7.13834 7.12350 7.12199 7.17040 7.23908 7.28597 7.28085 7.20033 7.11816
-99999.00000 -99999.00000 -99999.00000 -99999.00000 -99999.00000 7.27915 7.31039 7.32689 7.34992 7.37127 7.34633 7.34644 7.35344 7.35089 7.34955 7.35619 7.36392 7.37133 7.38598 7.39841 7.39585 7.37521 7.33224 7.35347 7.34864 7.33489 7.32732 7.34062 7.31268 7.21125 7.17281 7.17775 7.03587 7.04915 7.16541 7.09701 6.96842 6.92903 7.16621 7.28828 7.30006 7.30967 7.33146 7.32802 7.31784 7.30355 7.26762 7.20773 7.03265 6.79929 6.78199 6.88994 6.98035 7.11557 7.11613 7.10844 7.12654 7.12952 7.10633 7.09515 7.13376 7.19568 7.24733 7.19791 7.11066 7.00689
-99999.00000 -99999.00000 -99999.00000 -99999.00000 -99999.00000 7.26430 7.25793 7.21844 7.21513 7.28047 7.21307 7.25150 7.31775 7.30937 7.30891 7.32616 7.33893 7.34713 7.36268 7.36221 7.35061 7.31463 7.24823 7.27772 7.25885 7.11464 6.95609 7.11183 7.26987 7.19103 7.14279 7.20685 7.06256 6.93188 7.00427 6.88641 6.66087 6.53208 6.84782 7.19709 7.25277 7.16631 7.19697 7.22344 7.22728 7.23207 7.21046 7.13044 6.93990 6.88165 6.97707 7.03050 7.18954 7.26972 7.25216 7.21339 7.19328 7.17806 7.12463 7.05232 7.02772 7.05465 7.09206 6.99614 6.95941 6.90616
-99999.00000 -99999.00000 -99999.00000 -99999.00000 -99999.00000 7.24153 7.17989 6.98180 6.78826 7.12876 7.13793 7.17683 7.24796 7.20930 7.21009 7.25645 7.28147 7.26860 7.28566 7.25752 7.14903 6.98234 6.99225 7.13415 7.11310 6.86580 6.50524 6.58933 7.11589 7.09477 7.07713 7.14559 7.18605 7.08647 7.07763 6.98327 6.83847 6.68992 6.64497 7.09308 7.19914 7.11489 7.08000 7.10290 7.12309 7.14062 7.14246 7.06552 6.92383 6.96866 7.11734 7.15561 7.28422 7.32425 7.31999 7.28729 7.25101 7.21388 7.11937 7.03641 6.99235 6.95758 6.94629 6.92879 7.01666 7.02781
-99999.00000 -99999.00000 -99999.00000 -99999.00000 -99999.00000 7.19794 7.08440 6.84221 6.78054 6.85054 7.10570 7.18308 7.16673 7.15083 7.18063 7.19682 7.22044 7.20787 7.17041 7.05988 6.82657 6.76988 6.98980 7.09115 7.04575 6.91856 6.99762 6.54201 7.02418 7.12149 7.09497 7.14383 7.26353 7.22193 7.19894 7.16064 7.05358 6.65307 6.85086 7.12211 7.16091 7.15104 7.08778 7.01637 6.98904 7.00621 7.04837 7.05389 7.03829 7.11766 7.23076 7.24367 7.31090 7.34160 7.33456 7.30788 7.26279 7.19283 7.08113 7.08340 7.10376 7.06085 7.05974 7.11266 7.19665 7.19854
-99999.00000 -99999.00000 -99999.00000 -99999.00000 -99999.00000 7.14938 7.10952 7.04720 6.94070 6.89119 7.13743 7.16125 7.17386 7.17839 7.23182 7.21896 7.20151 7.18288 7.06166 6.83317 6.68140 6.78194 6.89372 6.95051 6.95654 6.95376 6.89525 6.53987 7.17039 7.21757 7.12181 7.14178 7.26002 7.22864 7.20542 7.21421 7.11402 6.90600 6.93643 7.01801 7.04643 7.07646 7.04561 6.94952 6.87284 6.85879 6.94216 7.07813 7.17519 7.21047 7.24002 7.28659 7.33052 7.34190 7.31772 7.27735 7.22016 7.13660 7.08105 7.15457 7.20333 7.19100 7.20343 7.22457 7.24246 7.25271
-99999.00000 -99999.00000 -99999.00000 -99999.00000 -99999.00000 7.07147 7.09820 7.15432 7.13997 7.06488 7.05858 7.04462 6.97683 6.94986 7.15136 7.22569 7.16733 7.02778 6.80935 6.59841 6.50338 6.46793 6.35504 6.41241 6.73473 6.89883 6.55195 6.38499 7.02360 7.13052 7.04495 7.03516 7.13135 7.14841 7.15453 7.15743 7.09409 6.88591 6.71853 6.79591 6.92771 7.04682 7.05963 6.95676 6.84154 6.75624 6.81450 7.03632 7.21826 7.26824 7.28543 7.31715 7.33466 7.31529 7.26105 7.19961 7.14702 7.09960 7.10449 7.17403 7.20717 7.22351 7.23599 7.20609 7.18135 7.21756
-99999.00000 -99999.00000 -99999.00000 -99999.00000 -99999.00000 6.72859 6.87362 7.06039 7.08860 7.08798 7.04746 6.92094 6.49708 6.41108 6.91908 7.19964 7.09940 6.86401 6.72032 6.68172 6.46330 6.16998 5.91662 5.99436 6.54816 6.93093 6.74386 5.99116 6.61661 6.98492 6.97744 6.88900 6.96672 7.15067 7.20892 7.20291 7.12068 6.89177 6.72787 6.79627 6.94687 7.10754 7.13113 6.98435 6.83872 6.72454 6.65181 6.78987 7.09313 7.24674 7.29009 7.30145 7.28912 7.23818 7.16949 7.12500 7.10897 7.10981 7.14095 7.18196 7.17285 7.18192 7.18596 7.14956 7.13725 7.16040
-99999.00000 -99999.00000 -99999.00000 -99999.00000 -99999.00000 5.55822 6.40443 6.83347 7.05783 7.14802 7.11938 6.93003 6.61918 6.68418 6.68874 7.12835 7.04293 6.92805 6.99505 6.89159 6.39014 6.18724 6.42791 6.27304 6.53853 6.95688 7.02748 6.59678 6.41005 6.88236 7.02189 6.76926 6.86282 7.21207 7.27040 7.29049 7.24024 7.12319 7.05859 7.02025 7.03560 7.12882 7.14561 6.92967 6.83095 6.82612 6.64299 6.39242 6.61260 7.00888 7.14904 7.18562 7.17745 7.14588 7.12120 7.11987 7.13651 7.16327 7.20207 7.23565 7.21280 7.16657 7.15456 7.16641 7.17750 7.17348
-99999.00000 -99999.00000 -99999.00000 -99999.00000 -99999.00000 5.86858 6.37138 6.69050 6.92631 7.08499 7.13432 7.05161 6.92837 6.82127 6.88321 7.17083 7.12798 7.02693 6.98012 6.78194 6.14085 6.37007 7.01722 6.73693 6.63991 6.99306 7.13778 6.99955 6.71562 6.79735 7.01538 6.89132 6.86591 7.09754 7.22914 7.28594 7.25903 7.21833 7.26129 7.19007 7.11844 7.16121 7.13408 6.88406 6.89772 7.03805 6.98767 6.67354 6.41711 6.66377 6.91590 7.03492 7.09207 7.13490 7.15612 7.16648 7.19043 7.22763 7.26841 7.30005 7.29365 7.24172 7.20244 7.19792 7.15635 7.14612
-99999.00000 -99999.00000 -99999.00000 -99999.00000 -99999.00000 5.76426 6.24656 6.43322 6.69949 6.88898 7.03550 7.07615 7.06111 6.99552 7.01833 7.18654 7.19867 7.10757 6.96004 6.55824 6.14665 6.63831 7.15227 6.91748 6.78861 7.06381 7.18480 7.11374 6.94176 6.86181 7.04221 7.16985 7.06012 7.13401 7.24647 7.28777 7.25804 7.23341 7.28627 7.25264 7.19439 7.23100 7.17601 6.96416 6.98717 7.16936 7.22991 7.11111 6.92395 6.86985 6.94431 7.02661 7.11548 7.19621 7.21731 7.20944 7.23064 7.27567 7.31200 7.32770 7.32696 7.29727 7.24895 7.20781 7.13005 7.10106
-99999.00000 -99999.00000 -99999.00000 -99999.00000 -99999.00000 5.94816 6.10057 6.70078 6.66179 6.57095 6.72806 6.85663 6.90906 6.87953 6.78409 7.01716 7.11440 7.05315 6.77213 6.45804 6.34007 6.79210 7.14374 6.89078 6.88798 7.14568 7.16039 7.05236 6.97455 6.91392 7.01283 7.19931 7.20699 7.21465 7.28581 7.29176 7.23933 7.22014 7.27551 7.25783 7.19948 7.25255 7.22778 6.99309 6.96387 7.17578 7.25224 7.21222 7.17891 7.16052 7.13469 7.12653 7.17013 7.24320 7.25195 7.22449 7.25089 7.30089 7.33341 7.33910 7.33044 7.29792 7.25120 7.22919 7.17751 7.15670
-99999.00000 -99999.00000 -99999.00000 -99999.00000 -99999.00000 6.24821 6.55669 6.75878 6.71040 6.43998 6.37075 6.52297 6.67538 6.71631 6.59580 6.69581 6.96669 6.98076 6.70037 6.58272 6.38793 6.64900 6.98257 6.71191 6.98406 7.18108 7.03677 6.87108 6.83404 6.75456 6.87523 7.09478 7.06145 7.04852 7.21268 7.25215 7.19252 7.17380 7.23870 7.22157 7.14724 7.24649 7.28644 7.08183 6.87285 7.09884 7.23229 7.26030 7.28036 7.28336 7.25658 7.22449 7.19903 7.23738 7.24964 7.20868 7.24798 7.29590 7.32614 7.33502 7.32607 7.28522 7.24441 7.25607 7.21553 7.18558
-99999.00000 -99999.00000 -99999.00000 -99999.00000 -99999.00000 6.37476 6.57366 6.69703 6.79674 6.74017 6.50968 6.52358 6.67423 6.71213 6.58535 6.60389 6.86236 6.99909 6.94841 6.61224 6.14292 6.19210 6.68401 6.64720 7.05039 7.07317 6.76298 6.76498 6.75389 6.55601 6.50102 6.56245 6.48486 6.95141 7.04131 7.14086 7.10338 7.10336 7.18350 7.14222 7.07577 7.21669 7.29270 7.20738 6.95712 7.05368 7.24120 7.30233 7.31406 7.30365 7.28830 7.26033 7.19737 7.21166 7.23770 7.16007 7.18959 7.26196 7.29511 7.30198 7.29376 7.26702 7.25897 7.28521 7.24680 7.18656
-99999.00000 -99999.00000 -99999.00000 -99999.00000 -99999.00000 6.44146 6.61217 6.77433 6.83184 6.69880 6.72790 6.78625 6.85456 6.82133 6.64308 6.53367 6.69735 6.97778 7.12671 6.99431 6.53863 6.21920 6.49126 6.86427 7.02202 6.74107 6.54664 6.85405 6.88458 6.72558 6.54546 6.40979 6.52070 6.71705 7.07007 7.09072 6.96819 6.96931 7.04890 6.97122 6.88688 7.08780 7.20484 7.12326 6.90395 7.07409 7.23703 7.27295 7.27170 7.26657 7.26440 7.24969 7.15057 7.11897 7.13979 7.02771 7.14302 7.21700 7.24035 7.25607 7.25887 7.25856 7.27326 7.29259 7.25775 7.16467
-99999.00000 -99999.00000 -99999.00000 -99999.00000 -99999.00000 6.44942 6.63936 6.71883 6.68985 6.81048 6.60229 6.93241 7.03008 7.00562 6.84752 6.57287 6.48962 6.72449 7.02197 7.06907 6.96821 6.75853 6.75555 6.95264 6.74497 6.46868 6.67749 6.93811 6.96601 6.96285 6.92805 6.78281 6.71261 6.91090 7.12538 7.00882 6.80790 6.77619 6.81927 6.69376 6.45540 6.60160 6.76451 6.59899 6.75461 7.10723 7.16584 7.16116 7.16791 7.19017 7.19970 7.17878 7.08103 7.04541 7.07515 7.04506 7.19412 7.19331 7.20526 7.24163 7.26247 7.27826 7.28860 7.28568 7.24640 7.16395
-99999.00000 -99999.00000 -99999.00000 -99999.00000 -99999.00000 6.33927 6.56432 6.75566 6.71430 6.60333 6.70742 6.85969 7.02568 7.06685 7.02716 6.80477 6.51932 6.43389 6.62512 6.88895 7.02295 6.83724 6.52620 6.49118 6.57017 6.74414 6.94517 6.96995 6.92444 6.96197 6.99655 6.86206 6.80806 6.96621 7.11171 6.92681 6.67267 6.64548 6.75268 6.67531 6.41812 6.26876 6.40253 6.62517 6.98932 7.09356 7.05079 7.02690 7.05851 7.12005 7.14606 7.08221 7.06440 6.99033 7.07693 7.07232 7.14833 7.17759 7.22515 7.27541 7.30263 7.31453 7.30893 7.28361 7.23905 7.17992
-99999.00000 -99999.00000 -99999.00000 -99999.00000 -99999.00000 6.20564 6.49415 6.79206 6.71321 6.64201 6.92586 6.89407 6.99368 7.01857 6.98455 6.97820 6.80992 6.60132 6.54367 6.72701 6.92601 6.41842 6.10740 6.47734 6.92538 7.04699 6.90267 6.72710 6.68361 6.85773 6.83922 6.76534 6.99165 7.09465 7.08396 6.89344 6.61258 6.62297 6.89791 6.94009 6.78221 6.65969 6.78022 7.01301 7.12494 7.10724 7.01218 7.00584 7.03921 7.08190 7.13783 7.05202 7.05881 6.89649 6.89873 6.94034 7.07336 7.18775 7.24786 7.30512 7.33440 7.33832 7.31784 7.27643 7.22689 7.17748
-99999.00000 -99999.00000 -99999.00000 -99999.00000 -99999.00000 6.18682 6.40993 6.50267 6.37719 6.54468 6.99079 7.06612 7.08403 7.05725 6.93388 6.97101 6.96695 6.82535 6.70104 6.61317 6.67957 6.26529 6.16273 6.40873 6.83639 6.97618 6.88816 6.77620 6.93184 7.08270 6.88442 6.73997 6.96163 7.09110 7.03123 6.80613 6.57602 6.65670 6.94476 7.11452 7.04300 6.93659 6.97608 7.07953 7.15923 7.13077 7.02519 7.05165 7.07027 7.05196 7.09188 7.02797 7.02921 6.90390 6.83186 6.99457 7.12530 7.17462 7.22410 7.30763 7.34268 7.34325 7.31616 7.25929 7.18681 7.12229
-99999.00000 -99999.00000 -99999.00000 -99999.00000 -99999.00000 6.29433 6.40842 6.07242 5.88197 6.44662 6.96870 7.10111 7.11813 7.02010 6.89624 6.90760 6.96609 6.86427 6.64130 6.54040 6.38872 6.60347 6.55266 6.51427 6.77417 6.99149 7.08293 7.09079 7.11301 7.14484 7.00436 6.64608 6.73797 6.91300 6.70606 6.34166 6.66438 6.78680 6.93914 7.11242 7.12578 7.00788 6.93018 7.03790 7.16703 7.15576 7.05437 7.00926 7.02154 6.95962 6.91117 6.95324 7.04167 7.05320 7.05659 7.12740 7.11273 7.10166 7.23198 7.31837 7.33864 7.33277 7.30633 7.24299 7.13240 7.04598
-99999.00000 -99999.00000 -99999.00000 -99999.00000 -99999.00000 6.01917 6.22933 5.63931 5.58650 6.44214 6.91616 7.06143 7.07338 6.87726 6.77241 6.85215 6.92126 6.84564 6.67523 6.58736 6.24963 6.29682 6.48399 6.60015 6.86432 6.96023 6.97656 7.02819 7.10966 7.11965 6.96513 6.87668 6.77868 6.79731 6.25954 6.23755 6.69425 6.81698 6.90974 7.06244 7.12402 7.01943 6.81273 6.93818 7.11262 7.07488 6.94951 6.84885 6.73813 6.66161 6.68676 6.87735 6.98726 7.05338 7.15187 7.15838 7.02655 7.06407 7.25514 7.30925 7.30562 7.28101 7.26490 7.22732 7.09673 6.99503
