mrvbf_slope0.5_pctl1.4.asc
NCOLS 410
NROWS 410
XLLCORNER 2398750.0000000000000000
YLLCORNER 2548750.0000000000000000
CELLSIZE 250.0000000000000000
NODATA_VALUE -99999.00000
[rows 145 to 173 of 410, columns 66 to 131 of 410]
1.52722 2.57792 3.99241 3.84910 3.89044 4.17865 3.22695 3.52558 3.35230 3.34107 3.66233 3.88162 4.09024 3.51899 2.48423 2.65835 4.85510 5.17130 3.97643 2.33313 2.98510 4.58788 4.06118 3.60664 3.88919 3.98309 4.48826 4.80979 4.90008 4.74766 3.96526 3.47846 4.20253 5.16398 5.28350 4.58163 3.42532 2.81651 2.74495 2.87747 3.04588 3.24512 3.45809 3.59696 3.64295 3.75370 4.15984 4.61792 4.72140 4.18642 3.23348 2.77564 2.64604 2.59231 2.61187 2.83458 3.09607 3.27475 3.89021 4.53908 4.59275 4.21391 3.92788 4.06291 4.41701 4.43860
1.75722 2.41204 3.46023 3.49805 3.20578 3.10219 2.30351 2.53152 3.12985 4.29201 4.31593 3.76526 3.33034 3.15678 2.79130 3.51690 4.29097 4.58273 4.36367 2.14053 2.30000 3.00009 3.71613 4.45512 4.67915 4.60661 4.71439 4.98022 5.10386 5.19499 4.76219 3.75117 3.79788 4.88950 5.25903 4.50573 3.17430 2.64172 2.64074 2.77498 2.93482 3.11252 3.26713 3.30420 3.24708 3.27704 3.52831 3.84760 3.85226 3.38614 2.92626 2.70566 2.59374 2.53132 2.52174 2.56668 2.63146 2.80395 3.12758 3.66072 3.93704 3.52611 3.14997 3.16810 3.50810 3.62670
3.12654 2.65897 3.53557 3.47617 2.93169 3.10115 2.82719 2.69906 3.99128 5.05072 5.04513 4.22484 3.36373 3.34173 3.98020 4.16067 4.37286 4.10561 3.73326 2.94525 1.82501 2.35240 3.44979 5.03415 5.28402 5.24240 4.68615 4.45095 4.68457 5.04511 5.11438 4.00926 3.25421 4.35277 5.15318 4.33428 2.92812 2.51165 2.55562 2.69413 2.84866 3.00687 3.11402 3.08372 2.97919 2.92703 2.93473 2.91020 2.83051 2.74626 2.64817 2.53157 2.41755 2.37043 2.39753 2.44084 2.47246 2.54363 2.58325 2.64917 2.68609 2.54949 2.40339 2.31716 2.28973 2.23774
4.50939 3.31004 3.60359 3.59002 3.34115 4.07015 4.62078 3.99896 4.37975 5.04897 5.13162 4.70856 4.40205 4.02338 4.59313 4.80225 4.32480 3.50343 3.57937 3.97929 2.43314 1.89957 3.00027 4.72801 5.38516 5.34945 4.35199 3.71921 4.29089 4.55768 4.96036 4.00930 3.04583 3.94867 5.06089 4.31217 2.81232 2.45555 2.51564 2.64742 2.78557 2.91725 2.99496 2.93609 2.84041 2.78023 2.73358 2.67591 2.59555 2.47682 2.27978 2.03065 1.89828 1.83795 1.87329 1.99464 2.11541 2.21911 2.27259 2.27936 2.24229 2.14404 2.01108 1.91522 1.85719 1.79004
4.93518 4.47126 3.97472 3.87091 3.94143 4.63022 4.99233 4.25310 4.24673 4.98531 5.16997 4.96554 4.84924 4.54869 4.81705 4.43589 3.69007 3.52288 4.28378 4.78721 4.02122 1.86448 2.61383 4.31271 5.31584 5.21827 3.89032 3.41685 4.55240 4.35906 4.74016 4.17542 3.10631 3.35340 4.67112 4.33750 2.81830 2.44861 2.50979 2.62925 2.74729 2.85500 2.91351 2.84009 2.75027 2.65357 2.52966 2.33332 1.99645 1.65759 1.48772 1.40217 1.35185 1.33939 1.40182 1.53699 1.66356 1.75203 1.80128 1.79551 1.77643 1.72390 1.69684 1.69507 1.69239 1.64849
4.54336 5.04431 4.74366 4.33601 4.21992 4.64559 4.68562 3.96949 4.13148 5.03063 5.37978 5.30404 5.07492 4.93297 4.63344 3.82870 3.75138 4.38576 4.98418 5.15726 4.48698 2.38945 2.58927 3.52063 4.44330 4.52977 3.61762 3.47652 4.38110 4.53849 4.93025 4.42563 3.12492 2.92196 3.89862 4.13836 2.79640 2.44911 2.51855 2.63068 2.73480 2.82691 2.86524 2.76522 2.63024 2.37871 1.75603 1.26865 1.12842 1.12878 1.13600 1.09193 1.00596 0.88718 0.90758 1.08766 1.34779 1.49702 1.52418 1.50128 1.49629 1.50648 1.51271 1.49556 1.46124 1.46030
4.04012 4.69097 4.92551 4.51099 4.32539 4.48600 4.04524 3.36695 3.82522 4.93359 5.47237 5.50096 5.34525 4.99561 4.14890 3.88715 4.51632 4.85291 5.02182 5.20804 4.87414 3.60744 2.91406 2.88640 2.96023 3.06250 3.08338 3.63546 4.46729 4.78307 5.19357 4.60758 3.01713 2.60289 3.12606 3.63394 2.68343 2.43064 2.52665 2.63639 2.73263 2.81380 2.82330 2.68130 2.39808 1.35151 0.85514 0.81463 0.84928 0.88712 0.94909 0.94597 0.83584 0.68657 0.56778 0.69169 1.23777 1.36483 1.24073 1.23145 1.25851 1.28032 1.23817 1.17322 1.11885 1.16811
4.23718 3.98384 3.93291 3.79219 4.27865 4.53948 3.44724 2.71303 3.51170 4.79115 5.47695 5.55651 5.35110 4.68052 4.09820 4.49162 4.82188 4.88327 4.81664 5.08423 5.18084 4.68939 3.75297 3.05540 2.75493 2.70967 2.85139 3.26398 3.63235 4.32275 5.15260 4.60996 2.86160 2.41362 2.61040 2.96989 2.50371 2.38935 2.51430 2.63012 2.72764 2.79950 2.76150 2.56275 1.69997 0.71393 0.66943 0.70262 0.75480 0.82056 0.88839 0.92626 0.80350 0.64841 0.54077 0.67214 1.34846 1.36362 0.96502 0.95315 1.04640 1.05627 1.01470 0.96441 0.93823 1.03970
4.85129 4.19749 3.21726 2.65005 3.83287 4.47462 2.75653 2.28088 3.42381 4.85139 5.48622 5.52513 5.20136 4.52836 4.47196 4.82949 5.06995 5.18693 4.98535 4.93591 5.21354 5.21099 4.75673 4.15575 3.77684 3.35946 3.20100 3.12149 2.93057 3.41098 4.82150 4.63815 2.82936 2.32864 2.15469 2.34261 2.31074 2.32438 2.47426 2.60822 2.72070 2.78860 2.69653 2.36504 0.91308 0.59062 0.59958 0.67024 0.80343 0.86936 0.78717 0.63045 0.52476 0.46348 0.43106 0.54915 0.82366 0.99822 0.89134 0.93246 0.99019 0.95813 0.97073 0.95205 0.94088 1.15344
4.56449 4.73125 3.42618 2.10573 2.98057 3.35853 1.99280 2.50902 3.72077 5.15264 5.52457 5.50703 5.08530 4.38751 4.49851 4.91895 5.22058 5.33991 5.15117 4.92500 5.08061 5.28317 5.25943 5.04765 4.77762 4.45358 4.15234 3.57576 2.70918 2.92819 4.35498 4.44743 2.72779 2.25530 1.85504 1.96995 2.13733 2.22301 2.40566 2.57770 2.71711 2.78181 2.62883 2.01084 0.76982 0.59981 0.61917 0.70811 0.82469 0.67705 0.49879 0.37329 0.26212 0.28046 0.27053 0.28709 0.29286 0.44801 0.89241 1.28093 1.24175 1.12225 1.04707 0.96826 0.96509 1.26898
3.20883 4.13177 3.87973 2.53823 2.36893 2.04061 2.21238 3.16359 4.60705 5.41094 5.56441 5.51387 5.10688 4.25082 3.98075 4.49181 4.76782 5.02221 4.81598 4.74172 5.03256 5.24898 5.26430 5.13294 4.87103 4.66827 4.59977 4.22312 2.90635 2.80463 3.45876 3.56267 2.58010 2.17076 1.57844 1.63827 1.90396 2.03588 2.27749 2.54440 2.71396 2.76950 2.55178 1.67574 0.76788 0.64695 0.65456 0.62802 0.52992 0.48736 0.34345 0.17743 0.08585 0.12853 0.12165 0.17520 0.14493 0.31600 0.60259 1.47831 1.44811 1.26945 1.07789 0.89552 0.86021 1.19417
2.56471 3.46701 3.99170 3.39504 2.65389 2.51107 3.08150 4.31620 5.31779 5.52295 5.56120 5.50421 5.26692 4.56678 3.83252 3.59243 3.85842 4.17031 4.21601 4.56965 5.04685 5.19974 5.21704 5.19451 4.98394 4.72137 4.50075 4.17559 3.34498 2.97357 3.02083 2.94535 2.50209 2.06833 1.23921 1.15595 1.45462 1.67843 2.06653 2.50512 2.70506 2.74947 2.46981 1.61240 0.75672 0.65468 0.64005 0.49695 0.40182 0.32901 0.18759 0.07889 0.05615 0.09075 0.12771 0.23640 0.29754 0.46192 0.62034 1.38646 1.50203 1.36456 1.01859 0.84270 0.78368 1.06663
3.41157 3.67981 4.02946 3.95289 3.15536 3.29657 4.43390 5.32305 5.50009 5.47633 5.36875 5.26766 5.27833 5.02655 4.36437 3.65834 3.26630 3.32409 3.86508 4.43613 4.74684 4.95679 5.14497 5.23137 5.08801 4.78715 4.43193 4.17165 3.94795 3.50959 3.06240 2.84091 2.50153 1.93399 0.83729 0.64817 0.92312 1.18550 1.75381 2.45073 2.68831 2.73259 2.39991 1.63330 0.73101 0.64213 0.55715 0.40416 0.28399 0.21037 0.08310 0.04800 0.08604 0.27056 0.49333 0.67645 0.72914 0.66749 0.60766 0.80954 1.38911 1.49259 0.90688 0.54466 0.61227 0.77151
3.47738 3.78355 3.84994 3.56701 3.57885 4.50202 5.34183 5.49636 5.36693 4.91390 4.26709 4.15397 4.45832 4.91150 4.92970 4.10155 3.15140 2.95471 3.40340 3.92214 4.00137 4.26285 4.53457 4.70562 4.93701 4.83482 4.49524 4.22624 4.17735 4.02031 3.29819 2.87943 2.50515 1.84599 0.58044 0.38887 0.61811 0.86643 1.44956 2.35568 2.65180 2.71854 2.37217 1.68343 0.86054 0.61676 0.46631 0.28500 0.15507 0.18044 0.15682 0.08061 0.24463 0.63835 0.80144 0.78981 0.73301 0.50238 0.42334 0.53584 1.14744 1.51712 0.72154 0.31882 0.44054 0.58686
3.46037 3.30136 3.32389 3.55337 4.34986 5.25113 5.43010 5.16198 4.25704 3.47820 3.28142 3.31272 3.34385 3.50647 3.77389 3.49548 2.86843 2.64131 2.84832 3.12805 3.14056 3.16037 3.20096 3.36460 3.85536 4.55838 4.61467 4.34022 4.19545 3.93072 3.35072 2.88005 2.53633 1.93963 0.64392 0.27807 0.43483 0.75319 1.18007 2.13886 2.56170 2.68254 2.37243 1.77378 1.33759 0.92072 0.46401 0.18529 0.07574 0.06900 0.08978 0.16338 0.38308 0.66840 0.66340 0.54580 0.46726 0.21224 0.18176 0.32257 0.72089 1.16252 0.72658 0.16280 0.18787 0.40616
2.93662 3.05597 3.35565 3.84093 4.81938 5.25536 4.83132 3.66862 3.12180 2.95206 3.00441 3.06939 2.92256 2.72023 2.60885 2.52268 2.33883 2.18781 2.20960 2.47990 2.55660 2.37151 2.23524 2.34637 2.67367 3.17943 3.40928 3.44418 3.46285 3.36450 3.05953 2.74168 2.48243 1.91883 0.62827 0.20787 0.34438 0.69381 0.92017 1.81358 2.34749 2.56593 2.32125 1.84428 1.61413 1.43408 0.64056 0.34764 0.18637 0.10898 0.21448 0.50890 0.38996 0.27379 0.24250 0.17244 0.21578 0.13947 0.11437 0.28279 0.54834 0.77737 0.30110 0.12308 0.19071 0.35303
2.30031 2.49669 2.72178 2.97502 3.55949 4.06900 3.39125 2.90458 2.75835 2.76542 2.87029 2.94869 2.76207 2.39062 2.01986 1.93211 1.91891 1.79562 1.81383 2.31706 2.56075 2.11278 1.63277 1.64478 1.89684 2.18246 2.29177 2.39808 2.50312 2.56438 2.57812 2.55913 2.40140 1.73481 0.50854 0.19421 0.28137 0.60813 0.75037 1.59642 1.98283 2.23120 2.06288 1.85575 1.74869 1.66243 1.43302 0.56674 0.46054 0.39078 0.48355 0.40465 0.11323 0.06766 0.08843 0.11141 0.17181 0.21262 0.25647 0.38566 0.47729 0.64021 0.38065 0.30326 0.47265 0.52812
2.10067 1.92797 1.93632 2.22047 2.56227 2.86554 2.74998 2.61947 2.60523 2.65332 2.72464 2.82001 2.72370 2.20744 1.55351 1.50808 2.06336 2.08900 2.20595 2.60014 2.98171 2.19636 1.17491 1.02651 1.20371 1.57238 1.62191 1.72206 1.94581 2.17474 2.33867 2.46055 2.42662 1.87256 0.51524 0.31848 0.30208 0.36497 0.49846 1.43053 1.83370 1.87182 1.82992 1.80141 1.77051 1.73728 1.63746 0.84439 0.61061 0.54774 0.44204 0.19869 0.05435 0.05031 0.09499 0.24943 0.41224 0.35567 0.31509 0.34941 0.46321 0.61660 0.81520 1.14318 1.63833 1.59457
2.35020 1.09332 0.66943 0.97042 2.00563 2.44894 2.52538 2.53238 2.57457 2.62490 2.60161 2.66244 2.80533 2.23458 1.91609 2.27473 2.61531 2.75943 2.69319 2.94257 3.24390 2.29962 1.28301 1.00233 0.89764 0.80457 0.73001 0.89603 1.26582 1.84810 2.26648 2.49119 2.54168 2.24321 1.24208 0.54400 0.44709 0.28451 0.26672 0.98443 1.74048 1.72638 1.65793 1.64460 1.65429 1.67426 1.56802 0.78937 0.60656 0.52955 0.38352 0.21373 0.10140 0.11062 0.24496 0.48241 0.53288 0.20824 0.12255 0.24025 0.57507 1.21098 1.53660 1.71088 1.89405 1.99920
2.38961 1.17277 0.97267 1.10237 1.61283 2.38394 2.59708 2.68256 2.73069 2.76598 2.51926 2.39171 2.45174 2.12165 1.77822 2.23811 2.47525 2.91211 2.96633 3.47947 3.57834 2.60751 1.64293 0.80104 0.72346 0.64713 0.61904 0.80358 1.32158 2.08616 2.41649 2.58125 2.67661 2.54255 1.99576 1.52864 0.77144 0.43313 0.27402 0.84592 1.60487 1.55607 1.33478 1.22845 1.25736 1.26490 0.97975 0.46420 0.37374 0.39434 0.35569 0.23975 0.17905 0.20810 0.35499 0.51989 0.52165 0.21311 0.15811 0.31504 0.77097 1.59439 1.63341 1.72157 1.94024 2.26197
2.01875 1.18235 1.01911 1.23713 1.99492 2.76989 3.04041 3.05662 2.98422 2.93868 2.62113 2.25236 2.12609 1.70210 1.12674 1.63496 1.62187 2.04043 2.63095 3.35363 2.88814 1.93534 1.26521 0.72321 0.73312 0.78206 0.83331 1.00603 1.48423 2.02154 2.44718 2.64827 2.78470 2.61515 2.25907 1.88176 1.48639 0.70432 0.39032 0.57663 1.00082 0.89068 0.64600 0.64241 0.96140 0.93098 0.73933 0.38316 0.36039 0.42711 0.39644 0.29864 0.26418 0.33930 0.43985 0.51625 0.51612 0.35824 0.30851 0.49688 1.47687 1.69362 1.67860 1.75908 2.16335 2.45047
1.59974 0.78553 0.98686 1.15037 2.46172 3.46269 3.70723 3.38666 3.01434 2.87887 2.85202 2.40374 2.17267 1.76184 1.76706 2.02899 1.31871 0.97315 1.96091 2.62357 2.00057 0.91825 0.57981 0.76608 1.51050 2.20950 1.59673 1.23436 1.62462 2.12408 2.51778 2.71446 2.68334 2.47434 2.00939 1.75677 1.45656 0.89505 0.51295 0.51102 0.51472 0.40466 0.33894 0.43869 0.86584 1.14137 1.46296 0.70549 0.50006 0.56042 0.46197 0.34741 0.39336 0.47165 0.51620 0.54067 0.53901 0.46177 0.43734 1.15032 1.69480 1.72327 1.70465 1.84872 2.33006 2.53634
0.43807 0.52719 0.72004 1.51936 2.68736 3.88404 4.34982 3.68402 2.97327 2.64299 2.65722 2.44535 2.28808 2.33975 2.04690 1.92497 1.71126 1.31332 1.81968 2.39213 1.74016 0.41071 0.84197 1.58118 1.72553 1.60460 1.25445 1.39066 2.04812 2.46955 2.63207 2.75471 2.62086 2.34932 1.33063 0.90045 0.88832 0.77196 0.52369 0.21183 0.11465 0.13810 0.22707 0.45759 1.15701 0.72423 1.69554 1.65108 1.38593 0.98094 0.58600 0.43467 0.47707 0.67002 0.83661 0.76515 0.76041 0.81213 1.13513 1.54899 1.65981 1.68303 1.67874 1.78839 2.14937 2.44485
0.38121 0.50128 0.62837 1.20003 2.32366 3.34226 4.05342 3.74796 2.93388 2.47718 2.29273 2.13787 1.61118 1.79789 1.81743 1.79367 2.09546 1.98166 2.01044 2.52692 1.97208 0.79114 1.06703 1.28628 1.39812 1.48513 1.62953 2.06967 2.52042 2.68110 2.76518 2.82960 2.63037 2.37986 1.81017 1.01599 0.67751 0.51547 0.34201 0.13752 0.09569 0.14892 0.35049 0.76403 1.03544 1.45757 2.14826 2.15882 1.95259 1.81604 1.49259 0.76274 1.22955 1.78254 1.88307 1.82158 1.71128 1.69169 1.73877 1.71648 1.57764 1.59902 1.60611 1.63149 1.72513 2.02382
0.80030 0.99839 0.64678 0.87155 2.01194 2.89396 3.22040 3.22647 2.82768 2.40816 2.13293 2.12991 1.43883 0.90287 0.99139 1.50409 2.13273 1.53344 1.86964 2.44331 2.53010 2.18295 2.17053 2.25962 2.46825 2.63527 2.54630 2.62201 2.81467 2.81995 2.76138 2.77659 2.65176 2.47848 2.30098 2.00868 1.20286 0.51354 0.42114 0.31339 0.26435 0.41790 0.66723 1.71087 1.86846 2.26836 2.49477 2.58973 2.58935 2.46775 2.06044 1.68483 1.81595 2.01740 2.04461 1.95943 1.87576 1.79972 1.68352 1.49982 1.22208 0.98808 1.05374 1.30483 1.49857 1.49697
1.23208 1.99358 0.72613 0.79362 1.96977 2.99027 3.27108 3.28353 3.09405 2.58785 2.13944 2.08923 2.28506 2.25628 2.14877 2.59200 2.68740 1.16705 1.54807 2.10968 2.65892 2.70361 2.99488 2.91365 2.85094 2.87784 2.74705 2.86896 2.90078 2.76004 2.70816 2.71808 2.69177 2.61193 2.52905 2.33310 1.67547 1.23824 1.61685 1.41782 0.67909 0.69218 1.90519 2.26318 2.39982 2.59405 2.72699 2.82009 2.83156 2.74702 2.55747 2.43995 2.49522 2.53945 2.36345 1.98820 1.87522 1.56331 0.92776 0.60954 0.53058 0.42578 0.44927 0.57030 1.03635 1.10261
1.40686 2.03958 0.76641 0.69618 1.95514 2.96531 3.38489 3.54652 3.38269 2.77007 2.35408 2.05963 2.38637 2.41368 2.65948 3.10939 2.51156 1.55855 0.62985 1.80157 1.98328 2.02407 2.60121 2.84971 2.92365 2.85150 2.88903 3.02944 2.80568 2.72973 2.72117 2.72507 2.77343 2.75007 2.68264 2.59208 2.50552 2.50388 2.55100 2.46138 2.23251 2.10592 2.41526 2.54929 2.66538 2.79384 2.88258 2.91566 2.87492 2.74711 2.54616 2.36433 2.16872 2.03914 1.93877 1.90436 1.66400 0.82834 0.47685 0.42544 0.35396 0.21370 0.23162 0.35602 0.50300 0.55762
1.57838 2.06728 0.82891 0.61202 1.95560 2.82080 3.44704 3.57755 3.51123 2.93654 2.57660 2.56008 2.98546 3.17745 3.50806 3.80776 3.08814 1.91778 1.25164 0.91240 0.80972 1.23541 2.23339 2.70489 3.16096 3.07669 3.06963 2.93956 2.72920 2.69980 2.72831 2.72763 2.79897 2.84452 2.81496 2.78660 2.77757 2.80461 2.83084 2.79412 2.71631 2.65493 2.67719 2.74373 2.83266 2.90688 2.93573 2.90214 2.79426 2.58694 2.22209 1.61106 1.34675 1.57236 1.51391 1.12605 0.75490 0.68424 0.48533 0.34783 0.21409 0.11427 0.15897 0.31775 0.41064 0.45493
1.63546 0.98846 0.75925 1.07300 2.19041 2.62453 2.90838 3.09530 3.13128 2.84556 2.70583 2.95213 3.38984 3.49802 3.66252 3.99064 3.63770 2.82582 1.73451 1.19988 1.04247 1.13064 2.21670 2.74437 3.32082 3.20263 2.98578 2.74794 2.63064 2.60863 2.65950 2.67410 2.75420 2.85282 2.88903 2.90131 2.90107 2.89812 2.89987 2.90793 2.88653 2.85141 2.84018 2.87258 2.91905 2.93367 2.90084 2.80930 2.61225 2.19085 1.29535 0.63400 0.50597 0.53677 0.49035 0.43947 0.55696 0.70939 0.41764 0.19489 0.10272 0.08346 0.13373 0.32256 0.39708 0.43891
