mrvbf_slope0.8_pctl0.9.asc
NCOLS 410
NROWS 410
XLLCORNER 2398750.0000000000000000
YLLCORNER 2548750.0000000000000000
CELLSIZE 250.0000000000000000
NODATA_VALUE -99999.00000
[rows 174 to 202 of 410, columns 132 to 197 of 410]
1.82515 2.99695 5.28210 5.53705 5.54260 5.50493 5.45923 5.34816 5.39441 5.64757 6.13262 6.30975 5.98723 5.92958 5.97007 5.79659 5.91829 6.49964 6.89258 6.58369 6.11249 6.08523 6.26807 6.50455 6.69317 6.79358 6.74480 6.23661 6.08073 6.37535 6.47702 6.46577 6.63980 6.27560 5.98644 6.02654 6.40754 6.88377 7.11184 7.14836 7.09061 6.97247 6.42238 5.98680 5.96849 6.07616 6.01261 5.89428 5.87190 5.90368 5.93303 5.90163 5.88401 6.24208 6.29067 6.07324 6.25643 6.68280 6.93145 6.99301 7.15204 6.97628 6.91531 6.66099 6.44375 6.52208
2.13155 3.83062 5.38909 5.52717 5.51954 5.52077 5.55499 5.45521 5.35701 5.56451 6.03086 6.30627 6.01313 5.97140 6.17229 5.85578 5.80698 6.19160 6.74559 6.79847 6.44694 6.20387 6.13928 6.20805 6.44309 6.44595 6.32683 6.09556 6.32965 6.57447 6.59241 6.56314 6.65098 6.21172 5.95368 6.09468 6.60126 6.99314 7.03880 6.94074 6.87293 6.76340 6.20812 5.90259 5.99385 6.23124 6.23898 6.15091 6.22636 6.37131 6.40408 6.21692 6.03287 6.17929 6.06091 6.11914 6.19631 6.53916 6.98758 7.04913 7.11784 7.00771 6.96961 6.75996 6.47692 6.20172
2.41852 3.84334 5.30305 5.50657 5.51442 5.52989 5.57194 5.45911 5.34447 5.55009 6.00743 6.29131 5.99543 5.97440 6.26634 5.95479 5.79937 5.97729 6.36105 6.45200 6.41555 6.47046 6.28404 5.92470 5.89853 6.10852 6.25020 6.31540 6.68266 6.65710 6.67072 6.52778 6.59776 6.28377 6.03836 6.12650 6.52714 6.77130 6.60677 6.36346 6.27005 6.30426 6.01189 5.93081 6.17583 6.35316 6.20560 6.09735 6.36876 6.78730 6.66808 6.30407 6.26525 6.59642 6.46879 6.64777 6.38978 6.65482 7.06329 7.05587 7.00642 6.96046 6.96532 6.83672 6.76397 6.40566
2.77359 3.60151 5.08734 5.48371 5.51821 5.50984 5.49419 5.36343 5.33444 5.59480 6.04973 6.22508 5.92828 5.96327 6.13948 5.95211 5.88822 6.05223 6.22768 6.20866 6.23403 6.39200 6.37122 5.79072 5.73395 6.01736 6.40043 6.47271 6.68373 6.61826 6.72106 6.49557 6.48545 6.31364 6.23270 6.27938 6.39691 6.41228 6.19095 6.00737 5.87012 5.89034 5.88154 6.00999 6.39686 6.61126 6.38471 6.03585 6.23508 6.82397 6.62035 6.19288 6.23455 6.55933 6.43613 6.69714 6.49896 6.81741 7.01205 6.84555 6.70326 6.63490 6.84056 6.85397 6.82951 6.66217
3.24788 3.89684 4.98601 5.41856 5.48873 5.47408 5.42911 5.32282 5.46011 5.75378 6.10846 6.06775 5.88746 6.01856 5.98218 5.87619 5.99218 6.26302 6.30077 6.27292 6.25096 6.29970 6.50187 6.10868 5.72520 5.80157 6.04902 6.23092 6.42882 6.49898 6.69494 6.49700 6.37740 6.40732 6.58194 6.66513 6.52098 6.36032 6.19056 6.09914 6.00117 5.89372 5.95814 6.22730 6.58276 6.70171 6.66228 6.14434 6.11334 6.70679 6.58834 6.18763 6.33039 6.67069 6.44975 6.50982 6.58668 6.94647 6.93918 6.63209 6.68964 6.54300 6.70864 6.91850 6.94501 6.71778
3.07112 3.84340 4.97086 5.36616 5.46269 5.48507 5.48297 5.46119 5.56108 5.80521 5.94206 5.83058 5.81651 6.07641 6.02041 5.91923 6.02326 6.28003 6.39756 6.31267 6.29323 6.38454 6.42265 6.34473 6.12423 5.95637 5.97583 6.14952 6.35838 6.56108 6.81871 6.77098 6.66878 6.73773 6.86598 6.86873 6.69629 6.53215 6.44143 6.27963 6.16122 6.10633 6.19581 6.52152 6.65643 6.85231 6.88227 6.36604 6.09441 6.55111 6.64749 6.23326 6.29376 6.73220 6.70649 6.61514 6.87739 7.13845 7.02291 6.62057 6.57483 6.76921 6.83661 7.00120 7.00049 6.69734
2.76571 3.67300 4.84535 5.17895 5.31714 5.41180 5.47890 5.47125 5.50956 5.62653 5.65874 5.63326 5.72176 5.96523 6.00964 5.91429 5.91025 6.14929 6.52022 6.55839 6.40479 6.26405 6.11458 6.06937 6.10461 6.10686 6.07045 6.24687 6.51907 6.73383 6.84400 6.77688 6.69518 6.77846 6.80221 6.62990 6.46913 6.46452 6.48953 6.32311 6.03972 6.02312 6.23553 6.42582 6.68909 7.02857 6.99652 6.52053 6.09607 6.34788 6.64356 6.19491 6.09975 6.53734 6.88616 6.91097 7.07055 7.16294 7.07572 6.75035 6.61970 6.87611 6.94144 7.05624 7.03715 6.75279
2.69815 2.80408 3.78811 4.74400 5.06150 5.24693 5.38759 5.43552 5.46485 5.54351 5.57715 5.62143 5.74815 5.78839 5.77235 5.75445 5.86655 6.18676 6.43452 6.32061 6.08729 5.97723 5.97170 5.98134 5.99556 5.99334 6.06018 6.20230 6.52133 6.50095 6.26223 5.97228 5.85555 6.05157 6.26091 6.27990 6.27432 6.31750 6.14950 5.86512 5.76379 5.99924 6.30151 6.26592 6.54965 7.00551 6.85968 6.21472 5.92370 6.25715 6.65626 6.15040 5.89285 6.22036 6.70100 6.68015 6.76056 6.88150 6.82622 6.50913 6.44639 6.72216 6.83591 6.99200 6.97348 6.65325
3.36966 2.92137 3.67660 4.96043 5.29747 5.36023 5.41410 5.46973 5.51519 5.58711 5.63235 5.70171 5.74743 5.64586 5.63749 5.74499 5.97086 6.12169 5.99003 5.85089 5.81854 5.92924 6.08452 6.16611 6.08285 6.00034 6.02296 6.20197 6.27952 6.03559 5.81763 5.70132 5.70546 5.76256 6.01592 6.35000 6.50759 6.43406 6.03305 5.80690 5.92193 6.36740 6.45589 6.26836 6.43041 6.83414 6.47203 5.95727 5.98766 6.42087 6.73109 6.31156 5.82971 5.91257 6.22608 6.29788 6.40482 6.56280 6.54468 6.31579 6.42685 6.55136 6.60292 6.79818 6.68660 6.17321
3.61647 3.32593 3.61243 4.83996 5.32833 5.43111 5.45486 5.48015 5.55641 5.67292 5.68076 5.69579 5.63943 5.58577 5.66576 5.79053 5.77695 5.69562 5.64590 5.66827 5.78694 6.04154 6.25475 6.17457 6.02697 6.05904 6.17049 6.14721 6.06181 5.90184 5.85123 5.90487 6.00360 5.94620 6.05300 6.35229 6.46349 6.36529 6.13748 6.02335 6.00035 6.11108 6.17146 6.21461 6.56124 6.89505 6.43833 5.99740 6.03464 6.12098 6.21328 6.34730 6.09521 5.85954 5.90955 6.07613 6.26214 6.48666 6.62596 6.50665 6.68933 6.60237 6.53335 6.62994 6.25644 5.85444
3.47538 3.34715 3.43883 4.76911 5.37972 5.46153 5.45162 5.46234 5.56442 5.65360 5.61158 5.59196 5.51356 5.54298 5.74999 5.70153 5.57061 5.53779 5.56942 5.64392 5.77402 5.98967 6.12409 5.91274 5.87683 5.96755 6.01180 6.01195 5.98887 5.96787 6.07820 6.15694 6.17993 6.21818 6.17688 6.18881 6.23823 6.31550 6.42077 6.28661 6.15887 6.31983 6.42771 6.52327 6.90985 7.06379 6.74284 6.24342 6.12985 6.10568 6.07150 6.14095 6.47187 6.13245 5.91221 5.97602 6.13390 6.41769 6.78430 6.67868 6.79937 6.67922 6.57596 6.51542 6.02076 5.84553
3.07910 3.00818 3.48977 4.93625 5.35264 5.40358 5.39999 5.41033 5.52666 5.58723 5.53468 5.54482 5.40129 5.50015 5.71399 5.61051 5.55202 5.59062 5.63609 5.67136 5.70944 5.83935 5.81621 5.71321 5.85203 5.98581 5.96811 6.05564 6.01793 6.07970 6.28972 6.41148 6.46154 6.51842 6.34181 6.09089 6.07467 6.27257 6.49802 6.50084 6.53709 6.72055 6.74619 6.72968 6.94442 7.06731 6.92759 6.60098 6.51514 6.51227 6.41714 6.10575 6.14598 6.28003 6.18606 6.02375 5.99015 6.31239 6.76874 6.69961 6.82237 6.64244 6.55574 6.29627 5.90669 5.91496
2.65097 2.87365 3.74462 5.08566 5.32027 5.41416 5.38768 5.37638 5.48569 5.57149 5.51491 5.49220 5.37573 5.54590 5.74009 5.58318 5.56481 5.72564 5.82495 5.73589 5.68393 5.74589 5.64653 5.69251 5.91752 6.09392 6.19305 6.15623 6.07153 6.06386 6.17925 6.31598 6.54931 6.57866 6.37525 6.26342 6.29856 6.40582 6.53825 6.47266 6.29053 6.23731 6.15953 6.12168 6.39748 6.76396 6.63076 6.33115 6.43363 6.50662 6.49529 6.11080 5.92588 5.92782 5.98673 5.85472 5.82121 6.29581 6.58815 6.56149 6.69858 6.46383 6.50127 6.08356 5.83623 5.98826
2.55519 2.91452 4.18045 5.23612 5.35975 5.43249 5.38915 5.37200 5.47953 5.61012 5.55328 5.49301 5.45191 5.60915 5.82136 5.60929 5.52924 5.66057 5.92320 5.86000 5.72438 5.64924 5.64133 5.82201 5.93987 6.08849 6.25251 6.09729 5.89380 5.85910 6.01993 6.15373 6.38860 6.55198 6.42766 6.49922 6.53382 6.49141 6.63841 6.59246 6.23138 5.98182 5.92937 5.92552 5.96231 6.23246 6.14069 6.13168 6.50843 6.47546 6.57932 6.41891 6.03736 5.84496 5.74683 5.75375 6.07689 6.72827 6.77576 6.50891 6.40485 6.40393 6.50114 5.98940 5.72688 5.89897
2.59334 3.23979 4.72469 5.26506 5.38007 5.45095 5.37657 5.34620 5.46221 5.60442 5.62203 5.57825 5.50410 5.56921 5.78240 5.65205 5.51577 5.59767 5.85789 5.98435 5.85550 5.71177 5.78088 5.89925 5.89138 6.08186 6.17348 5.88262 5.68426 5.74843 5.98259 6.04195 6.25165 6.52603 6.48915 6.62622 6.51105 6.52675 6.67262 6.44561 6.16889 6.14127 6.17102 6.01753 6.00793 6.04564 5.92806 6.08767 6.19484 6.47407 6.82696 6.84751 6.62002 6.39798 6.12173 6.21851 6.72472 6.95675 6.84391 6.52789 6.34853 6.51343 6.53785 6.14045 5.72183 5.74694
2.65916 3.49379 4.85927 5.23589 5.37742 5.42541 5.33773 5.29842 5.42537 5.57313 5.63605 5.61883 5.51984 5.49975 5.62642 5.59246 5.48873 5.58116 5.74007 5.80639 5.82597 5.85343 5.90641 5.82989 5.82499 5.96307 5.84010 5.60227 5.56111 5.75294 5.97321 5.94503 6.14039 6.49835 6.46660 6.63329 6.46654 6.58459 6.67046 6.27862 6.11229 6.32134 6.14857 6.04502 6.08611 5.85830 5.80396 5.85849 5.96233 6.56642 6.93361 6.99855 6.94997 6.88107 6.79478 6.82819 6.83270 6.54581 6.19894 5.98322 5.99691 6.15274 6.02591 5.77528 5.63599 5.73686
2.83604 3.88984 5.03593 5.32339 5.40839 5.39258 5.27510 5.21714 5.36167 5.52143 5.57392 5.56766 5.51412 5.45069 5.51660 5.50565 5.51454 5.58995 5.62068 5.62383 5.62323 5.69890 5.90546 5.81515 5.73668 5.75370 5.65305 5.56071 5.67296 5.86152 5.82572 5.83966 6.15517 6.52004 6.40308 6.37916 6.39057 6.54985 6.54351 6.17087 6.08274 6.26134 6.18994 6.20521 5.96171 5.78095 5.78897 5.70959 5.77571 6.44783 6.84239 6.93664 6.97741 6.95977 6.90524 6.72257 6.29582 5.95289 5.83893 5.83340 5.85919 5.86081 5.66951 5.54821 5.54457 5.65257
3.24157 4.67096 5.22650 5.32407 5.34458 5.33926 5.17876 5.03859 5.23422 5.46012 5.52183 5.51818 5.50184 5.41450 5.44329 5.53857 5.52114 5.57379 5.63674 5.63785 5.54819 5.57110 5.84755 5.97897 5.83456 5.81932 5.79498 5.73422 5.79705 5.77864 5.73274 5.90398 6.35870 6.66281 6.51687 6.30279 6.36073 6.29120 6.14715 5.96039 6.04050 6.21502 6.31326 6.28123 5.92797 5.78620 5.80995 5.62515 5.69131 6.26839 6.64101 6.71417 6.73829 6.75039 6.62893 6.22289 5.89244 5.89078 6.03551 5.89487 5.90909 5.77605 5.55574 5.49753 5.52476 5.61224
4.09582 5.05637 5.27719 5.28916 5.21128 5.18512 5.04055 4.73975 4.94127 5.36010 5.44367 5.41808 5.42860 5.34630 5.30361 5.43988 5.52668 5.58688 5.67455 5.67966 5.54322 5.51465 5.72608 6.02311 6.09807 6.15675 6.07834 5.88096 5.78185 5.78410 5.89190 6.08708 6.38301 6.63580 6.55320 6.20418 5.98018 5.86675 5.77063 5.72757 5.85148 6.02963 6.29532 6.25014 5.76416 5.65529 5.71591 5.54940 5.57710 5.97137 6.26944 6.10993 6.14522 6.26926 6.18524 5.85868 5.77857 5.99910 6.06650 6.00147 6.06438 5.66650 5.48445 5.48982 5.54512 5.62475
3.91854 4.70866 4.99588 5.02862 4.88644 4.93434 5.00574 4.60429 4.56743 5.20352 5.31662 5.30744 5.38802 5.30868 5.10400 5.11601 5.27904 5.29319 5.35155 5.45550 5.48329 5.51093 5.72375 5.98082 6.19870 6.25167 6.19258 6.11860 6.02202 6.09109 6.20547 6.09150 6.12732 6.29654 6.26804 5.91798 5.75903 5.71322 5.68023 5.70754 5.76220 5.78299 6.00875 5.88847 5.56704 5.58613 5.68201 5.52056 5.46909 5.61153 5.69235 5.50468 5.54759 5.66304 5.66351 5.60916 5.71680 6.05122 6.05722 6.02440 5.96549 5.58437 5.44892 5.50254 5.64266 5.73181
2.92193 3.31477 3.79814 4.17127 4.35691 4.74170 4.98983 4.52482 4.43419 5.14446 5.25035 5.27390 5.41661 5.34978 5.00193 4.49763 4.51368 4.59191 4.81300 5.14691 5.42468 5.56980 5.68241 5.89446 6.02955 6.13391 6.16361 6.35582 6.40895 6.37395 6.20615 6.12486 5.98467 5.97041 6.00722 5.76039 5.61907 5.62455 5.68392 5.78486 5.73354 5.68425 5.82987 5.64034 5.51808 5.66856 5.79622 5.58584 5.48030 5.42522 5.39722 5.35228 5.38625 5.45699 5.47800 5.52282 5.67276 5.94317 6.07137 6.07979 5.96241 5.60132 5.47111 5.51659 5.67530 5.76886
2.52765 2.64138 2.81906 3.26334 3.88002 4.56679 4.68473 4.24949 4.40485 5.14723 5.26515 5.14459 5.24796 5.21222 4.74332 3.99308 4.11111 4.64147 4.98040 5.13877 5.40274 5.64917 5.72583 5.76796 6.00470 6.14961 6.08831 6.13414 6.21683 6.26187 6.17130 6.17015 5.98431 5.79723 5.72864 5.59984 5.51730 5.55008 5.66898 5.74550 5.61345 5.64210 5.85656 5.62001 5.53602 5.69191 5.85912 5.69426 5.70188 5.50847 5.36994 5.47346 5.45569 5.43857 5.45788 5.53734 5.62613 5.72063 5.98552 6.18062 6.00869 5.65604 5.50870 5.54213 5.64141 5.70152
1.53236 1.85340 2.37469 2.69062 3.35953 4.19203 4.24618 3.95870 4.21298 5.07630 5.28424 5.07382 4.95278 4.61179 3.84600 3.59278 3.78586 4.87000 5.25345 5.27596 5.40960 5.64770 5.85984 5.80097 5.98906 6.24377 6.22796 6.17219 6.19156 6.22257 6.20281 6.11743 5.93724 5.69258 5.55736 5.47838 5.46419 5.52588 5.63914 5.63085 5.51243 5.55344 5.65933 5.55897 5.54483 5.70706 5.83125 5.73208 5.76883 5.53722 5.42771 5.51910 5.50095 5.49503 5.53711 5.55570 5.52782 5.62777 5.92186 5.97148 5.82931 5.67032 5.56677 5.57313 5.72335 5.82429
0.72229 0.94060 1.35736 2.12207 2.75522 3.54107 3.82394 3.70719 3.81087 4.68690 5.19324 4.86224 4.37736 3.86223 3.49068 3.43054 3.57337 4.13578 5.12807 5.26246 5.41261 5.65218 5.85547 5.79529 6.01918 6.19207 6.22430 6.10704 6.19956 6.29336 6.12488 5.92257 5.77849 5.61767 5.50433 5.45383 5.46385 5.52789 5.61552 5.56277 5.44012 5.40211 5.44626 5.47628 5.56119 5.72892 5.78742 5.73178 5.71781 5.52556 5.49025 5.62521 5.63121 5.63662 5.65301 5.54453 5.47387 5.53683 5.62260 5.60185 5.62428 5.66040 5.62816 5.56413 5.67576 5.95240
0.57747 0.62037 0.77854 1.34950 2.16647 2.82787 3.38944 3.52826 3.62169 4.25008 5.07192 4.60573 4.14203 3.79719 3.44462 3.56379 3.62250 3.95411 4.94439 5.18004 5.41266 5.69721 5.79468 5.73206 5.88468 5.95392 5.98212 6.03227 6.26851 6.28615 5.99287 5.77730 5.67168 5.57786 5.50928 5.48068 5.47855 5.52975 5.57804 5.51327 5.43676 5.39585 5.44547 5.52460 5.61372 5.71681 5.74308 5.73622 5.69880 5.61045 5.63707 5.73767 5.79988 5.84159 5.83651 5.64042 5.49242 5.42335 5.43853 5.48864 5.55296 5.60301 5.60877 5.58686 5.70960 5.88578
0.50023 0.54743 0.64121 0.94389 1.55891 2.42162 3.07638 3.34176 3.46932 3.86859 4.76247 4.32308 4.01268 4.00705 3.87981 4.29535 4.49011 4.58197 4.87043 5.07551 5.43887 5.75863 5.71614 5.63767 5.78935 5.89574 5.87125 5.93238 6.18151 6.11572 5.82522 5.69520 5.64459 5.55384 5.48086 5.46887 5.47254 5.53054 5.57128 5.55752 5.53258 5.50995 5.60744 5.69462 5.69132 5.75027 5.70091 5.72674 5.77627 5.82624 5.84795 5.86986 5.93860 6.03340 5.97684 5.80277 5.65195 5.53000 5.50335 5.54471 5.56848 5.58207 5.59825 5.63041 5.73920 5.77154
0.44284 0.53967 0.65389 0.92805 1.41485 2.02592 2.82248 3.19064 3.30440 3.52626 4.01415 4.07565 4.05318 3.94459 3.62308 3.77728 3.80314 3.92131 4.48209 5.05351 5.51043 5.75085 5.60054 5.54991 5.70966 5.76594 5.77657 5.85536 5.95862 5.82098 5.66731 5.64256 5.65417 5.56852 5.41131 5.33076 5.42320 5.56180 5.66044 5.71707 5.64677 5.59263 5.65874 5.77300 5.78750 5.83415 5.83686 5.81758 5.87085 5.90635 5.93164 5.97752 6.02026 6.00549 5.89337 5.76972 5.72862 5.73629 5.71280 5.66118 5.61686 5.60954 5.63859 5.71075 5.78421 5.81413
0.37063 0.51704 0.65567 0.89897 1.37368 1.76055 2.57645 3.08397 3.23738 3.33978 3.58683 4.02287 4.46630 4.17100 3.64922 3.60752 3.79569 3.84108 4.33267 5.09719 5.56794 5.66769 5.50493 5.53531 5.72313 5.68876 5.73411 5.84595 5.80358 5.67956 5.60775 5.58780 5.54756 5.45710 5.31464 5.27308 5.44987 5.65012 5.83673 5.89699 5.75944 5.65129 5.61368 5.64578 5.75029 5.91958 5.95839 5.89271 5.83769 5.77503 5.76689 5.77673 5.80150 5.80192 5.75315 5.71281 5.67465 5.72539 5.75446 5.71606 5.67043 5.65941 5.69177 5.74886 5.80680 5.90855
0.36806 0.48525 0.61259 0.85774 1.33875 1.59530 2.25603 2.87769 3.27490 3.41504 3.55565 4.01641 4.80970 4.82053 4.06236 3.72317 3.89783 4.04080 4.52757 5.12490 5.54510 5.60976 5.49576 5.56694 5.77466 5.80545 5.77964 5.87873 5.77306 5.68509 5.62070 5.58622 5.52453 5.43950 5.37688 5.41289 5.51442 5.71855 5.97437 6.09521 5.99151 5.82246 5.72016 5.65212 5.66840 5.75106 5.82502 5.76897 5.69877 5.66232 5.65785 5.67342 5.70392 5.74229 5.76010 5.77077 5.73768 5.75599 5.78274 5.77059 5.74931 5.75163 5.77844 5.82392 5.90212 6.06768
