mrvbf_slope1_pctl1.3.asc
NCOLS 410
NROWS 410
XLLCORNER 2398750.0000000000000000
YLLCORNER 2548750.0000000000000000
CELLSIZE 250.0000000000000000
NODATA_VALUE -99999.00000
[rows 348 to 376 of 410, columns 66 to 131 of 410]
4.57304 4.69061 4.39993 4.23100 4.36826 4.49876 4.57985 4.59212 4.82231 4.86281 4.82385 4.69627 4.59629 4.66686 4.80846 4.83322 4.88240 5.05410 5.05067 4.89844 4.71900 4.72641 4.64333 4.64122 4.67751 4.65256 4.70532 4.91785 4.93569 4.87024 4.79852 4.62155 4.44653 4.53287 4.62816 4.57105 4.52463 4.53553 4.54728 4.61011 4.69548 4.73780 4.67946 4.59822 4.58063 4.62185 4.72070 4.81668 4.85355 4.84907 4.81996 4.82545 4.89668 4.99021 5.02898 4.95964 4.85054 4.75544 4.66953 4.70808 4.88881 4.94809 4.90030 4.94119 5.01718 4.95137
4.50112 4.57365 4.63560 4.45528 4.67203 4.75235 4.71209 4.64279 4.85596 4.89759 4.73719 4.62346 4.41656 4.56974 4.83343 4.87698 4.90289 4.93922 4.91828 4.97477 4.82393 4.73963 4.66142 4.69242 4.77350 4.64168 4.62052 4.77017 4.91695 4.94857 4.79701 4.57679 4.51719 4.72930 4.76981 4.67263 4.59841 4.55293 4.55447 4.59854 4.65991 4.69517 4.67869 4.61457 4.56663 4.55130 4.57603 4.65730 4.76096 4.80243 4.75972 4.74811 4.77275 4.83016 4.85989 4.81785 4.76821 4.74049 4.69324 4.73608 4.91436 4.93850 4.91890 4.99944 5.03090 4.87290
4.51203 4.61552 4.76628 4.48867 4.68616 4.82411 4.76850 4.79154 4.99197 4.94517 4.79615 4.56649 4.36031 4.50632 4.56624 4.50424 4.56221 4.73657 4.74181 4.77691 4.75418 4.69504 4.67453 4.79824 4.90044 4.71102 4.61934 4.66212 4.76380 4.83874 4.77474 4.61704 4.53433 4.59655 4.54910 4.47387 4.44239 4.44407 4.46218 4.49053 4.57137 4.67716 4.69937 4.61382 4.53911 4.48548 4.46267 4.51237 4.60473 4.69560 4.66698 4.68414 4.71930 4.73301 4.70647 4.70395 4.76798 4.77661 4.71305 4.75377 4.91714 4.92054 4.89061 4.97633 4.98778 4.83680
4.51781 4.64651 4.61493 4.48967 4.82845 4.96670 4.78497 4.76405 4.87004 4.84387 4.73186 4.54566 4.35479 4.45463 4.45154 4.53917 4.51244 4.58814 4.58894 4.58146 4.59831 4.63635 4.77316 4.94942 4.97913 4.78582 4.65231 4.62281 4.65820 4.70643 4.71220 4.64732 4.56232 4.56447 4.53935 4.51923 4.48322 4.42709 4.38500 4.38278 4.47193 4.59656 4.58975 4.55428 4.52584 4.50541 4.47130 4.45331 4.49009 4.54807 4.56326 4.64605 4.71786 4.69167 4.64985 4.66610 4.72028 4.71925 4.66745 4.70340 4.84950 4.86626 4.85636 4.93960 4.94691 4.82859
4.60402 4.68367 4.60867 4.56960 4.82881 4.73314 4.70047 4.68470 4.81531 4.82144 4.74515 4.62534 4.45787 4.58972 4.65577 4.78811 4.73590 4.58347 4.50947 4.50541 4.58005 4.74982 4.96753 5.09400 5.02406 4.80916 4.66123 4.60919 4.62246 4.65588 4.69442 4.73844 4.75053 4.76538 4.71321 4.64973 4.63199 4.52468 4.39841 4.34467 4.39863 4.48897 4.50500 4.52117 4.52647 4.55088 4.53012 4.46848 4.44610 4.45387 4.51057 4.60744 4.63146 4.63935 4.65476 4.69462 4.72115 4.69888 4.63513 4.65324 4.75161 4.79096 4.83525 4.90492 4.90510 4.82451
4.63853 4.74562 4.72670 4.58750 4.71343 4.72443 4.87260 4.76570 4.84808 4.89613 4.85783 4.60588 4.63022 4.73264 4.78756 4.74728 4.68794 4.56806 4.57135 4.59723 4.64602 4.82365 5.06231 5.12149 4.96143 4.74504 4.64415 4.61454 4.62757 4.64826 4.65976 4.68541 4.76753 4.89357 4.84212 4.69266 4.65249 4.63527 4.47218 4.39041 4.43266 4.47659 4.48742 4.49997 4.49446 4.50764 4.51980 4.48595 4.45379 4.45657 4.49365 4.50131 4.52753 4.60323 4.66504 4.70541 4.73095 4.68087 4.62451 4.65305 4.68474 4.72474 4.80394 4.84536 4.85104 4.82514
4.35336 4.43845 4.45469 4.42809 4.56414 4.81323 4.97663 4.90255 4.84655 4.97610 4.93163 4.76252 4.74999 4.75185 4.68140 4.65743 4.65414 4.64142 4.73567 4.71016 4.64133 4.82332 5.13309 5.08174 4.79482 4.63350 4.63307 4.63799 4.66050 4.67126 4.64157 4.61010 4.66436 4.84202 4.91253 4.78395 4.65005 4.55620 4.47534 4.47476 4.52678 4.52415 4.48362 4.48277 4.48563 4.49354 4.50283 4.48120 4.46512 4.46939 4.43733 4.41538 4.49744 4.56463 4.58467 4.61647 4.66883 4.64572 4.60404 4.62034 4.61000 4.61836 4.69322 4.76940 4.79379 4.79155
4.34483 4.39057 4.39378 4.35573 4.45297 4.69255 4.87880 4.95757 4.89389 4.97346 5.05657 5.01914 4.85423 4.78667 4.63485 4.75534 4.85083 4.83668 4.80094 4.61472 4.59339 4.89684 5.15424 4.95350 4.60524 4.55631 4.58983 4.60874 4.69766 4.73823 4.67351 4.58810 4.56203 4.68081 4.86098 4.88749 4.72915 4.54581 4.51216 4.58127 4.56405 4.48837 4.44120 4.46315 4.48792 4.52667 4.53574 4.48493 4.46056 4.43962 4.37415 4.35393 4.41749 4.47266 4.50889 4.52808 4.61330 4.64531 4.58735 4.56022 4.54638 4.54197 4.56310 4.64222 4.70942 4.72466
4.61217 4.68978 4.66644 4.54453 4.57315 4.67719 4.83414 4.87022 4.83995 4.96067 5.19249 5.21569 4.99300 4.82387 4.78724 4.83518 4.75120 4.64176 4.57183 4.45290 4.67574 5.07985 5.09928 4.75136 4.47746 4.58049 4.48600 4.56208 4.75423 4.79191 4.70202 4.62249 4.55392 4.58644 4.72628 4.76903 4.61178 4.43794 4.41491 4.48296 4.49653 4.44979 4.44924 4.46208 4.45993 4.51391 4.53875 4.50277 4.48034 4.44792 4.37291 4.29141 4.31031 4.40199 4.44748 4.44441 4.51154 4.59187 4.59295 4.55660 4.52519 4.51004 4.50170 4.53276 4.58856 4.61959
4.60213 4.76967 4.71735 4.70247 4.69905 4.61516 4.65045 4.74026 4.84045 5.06847 5.31372 5.22383 4.97132 4.84872 4.97423 4.75765 4.58080 4.59024 4.52370 4.60877 4.96607 5.07672 4.79839 4.46950 4.39462 4.56068 4.46494 4.60021 4.74485 4.66992 4.63896 4.65116 4.59472 4.59744 4.68019 4.66356 4.47999 4.34189 4.31421 4.40678 4.51844 4.53061 4.55885 4.51046 4.46250 4.47033 4.50356 4.53618 4.52228 4.50452 4.42779 4.32984 4.30141 4.35243 4.39424 4.35811 4.35891 4.46456 4.51867 4.51205 4.50479 4.49932 4.47890 4.49027 4.51011 4.52301
4.67491 4.87526 4.82657 4.71476 4.55266 4.43994 4.63192 4.84957 5.00561 5.17450 5.29378 5.10092 4.88588 4.91689 5.00102 4.65211 4.41335 4.41178 4.51050 4.66011 4.88615 4.70451 4.27839 4.14507 4.26695 4.39362 4.32014 4.42742 4.54601 4.49724 4.52164 4.57053 4.60120 4.65870 4.69941 4.66613 4.48389 4.43833 4.44272 4.40874 4.51164 4.58422 4.57760 4.57833 4.53935 4.45707 4.45045 4.49235 4.54447 4.53881 4.45649 4.40577 4.35027 4.36071 4.41303 4.37730 4.30104 4.33434 4.41267 4.44840 4.48549 4.47491 4.44415 4.45695 4.47246 4.47370
4.44307 4.61377 4.72597 4.56844 4.39539 4.38161 4.66017 4.90384 5.00105 5.03118 5.02982 4.85910 4.76448 4.90512 4.90905 4.63815 4.39724 4.26105 4.23195 4.29390 4.41577 4.23479 4.04295 4.15717 4.30633 4.33499 4.24398 4.34247 4.51340 4.49974 4.44321 4.43956 4.59855 4.70393 4.67584 4.66038 4.53288 4.44938 4.52235 4.40720 4.41224 4.52277 4.59990 4.62600 4.57058 4.48252 4.39694 4.43897 4.56047 4.51132 4.46631 4.46116 4.38201 4.39390 4.47564 4.46318 4.38008 4.31196 4.35416 4.40344 4.43998 4.42186 4.39229 4.40052 4.43928 4.45565
4.39882 4.56796 4.65382 4.56324 4.36395 4.24642 4.42436 4.71093 4.91083 4.93661 4.82921 4.71034 4.72670 4.85872 4.82736 4.79334 4.68859 4.51563 4.34917 4.22382 4.21220 4.17758 4.22064 4.42320 4.58798 4.50673 4.30061 4.36313 4.65059 4.60951 4.43850 4.41573 4.62872 4.63135 4.55747 4.54054 4.49985 4.38716 4.41484 4.38012 4.33580 4.38231 4.47771 4.57567 4.54924 4.50217 4.39831 4.34478 4.44516 4.48420 4.48259 4.48297 4.39422 4.42066 4.52357 4.48748 4.42375 4.35290 4.36346 4.41217 4.43487 4.40186 4.36582 4.35867 4.39987 4.43779
4.48264 4.69580 4.81495 4.75794 4.56999 4.41063 4.44294 4.68105 4.95584 5.01571 4.83431 4.72842 4.78280 4.93760 4.96194 5.01801 5.03912 4.95844 4.79664 4.56304 4.40940 4.44186 4.51700 4.58462 4.72133 4.45321 4.28222 4.48481 4.80142 4.72335 4.56957 4.53493 4.61291 4.50088 4.42985 4.44959 4.42438 4.33058 4.41890 4.45086 4.41218 4.38889 4.36844 4.40324 4.47422 4.47715 4.43588 4.33013 4.33530 4.45526 4.49842 4.50409 4.41633 4.44091 4.51910 4.45985 4.44652 4.42041 4.40743 4.45472 4.48501 4.45232 4.39181 4.33882 4.36168 4.41420
4.49871 4.73766 4.78114 4.77141 4.67434 4.54112 4.53991 4.73744 5.03498 5.04960 4.84495 4.80347 4.92510 5.12538 5.14857 5.18586 5.23597 5.19313 5.11311 5.00376 4.86886 4.76935 4.79950 4.62317 4.58460 4.40740 4.42021 4.69561 4.89158 4.82258 4.70406 4.65658 4.60740 4.40026 4.33875 4.41404 4.47766 4.41579 4.53586 4.56348 4.52310 4.52180 4.46378 4.38112 4.38648 4.38941 4.42444 4.38434 4.30318 4.35895 4.47799 4.50979 4.44807 4.43406 4.47132 4.42739 4.44697 4.41097 4.40019 4.47515 4.50785 4.47578 4.43280 4.34554 4.32343 4.37252
4.51496 4.54867 4.60398 4.70870 4.59647 4.49341 4.54663 4.79162 5.12590 4.99438 4.82574 4.92136 5.07565 5.21053 5.27420 5.37314 5.44510 5.43089 5.37745 5.29672 5.12026 4.94755 4.95496 4.82002 4.68296 4.59180 4.64092 4.75336 4.74570 4.69628 4.62593 4.61370 4.52044 4.33275 4.36089 4.35048 4.51835 4.48218 4.48646 4.61465 4.56633 4.55078 4.55153 4.53508 4.48111 4.43561 4.40142 4.28559 4.20690 4.34413 4.48387 4.48352 4.51804 4.47991 4.47247 4.43483 4.42816 4.33942 4.37245 4.48972 4.49358 4.44314 4.42202 4.35590 4.29533 4.30626
4.52583 4.40644 4.43851 4.48724 4.49034 4.47666 4.55356 4.84059 5.12492 4.89360 4.83141 5.08442 5.19286 5.17784 5.28641 5.47190 5.50471 5.51889 5.49607 5.42662 5.24338 4.93942 4.81718 4.87285 4.89962 4.83517 4.82464 4.76527 4.70321 4.68512 4.55409 4.52517 4.49387 4.36190 4.48017 4.34397 4.51036 4.58425 4.51250 4.55553 4.47022 4.46289 4.55009 4.54916 4.49422 4.48009 4.37878 4.20730 4.19437 4.36094 4.50785 4.50393 4.50704 4.53759 4.49646 4.45985 4.43572 4.29923 4.29343 4.41361 4.41550 4.38257 4.39871 4.36547 4.29834 4.26355
4.66796 4.24248 4.16707 4.42689 4.60368 4.55942 4.56779 4.83176 5.00537 4.77586 4.78086 5.05888 5.11529 5.09749 5.27248 5.45307 5.51352 5.49197 5.50738 5.42786 5.19241 4.98577 4.71398 4.65265 4.71017 4.79234 4.91121 4.90414 4.88548 4.85762 4.65820 4.58013 4.54484 4.50237 4.59252 4.39812 4.41501 4.45956 4.42111 4.46121 4.36656 4.32523 4.49687 4.61053 4.54487 4.45505 4.39128 4.27428 4.18562 4.22405 4.36437 4.44881 4.47922 4.50741 4.50469 4.47543 4.45344 4.32911 4.15935 4.17665 4.25032 4.30374 4.36176 4.35602 4.30075 4.25151
4.79375 4.28114 4.15318 4.33400 4.43084 4.39678 4.41811 4.59876 4.74634 4.63579 4.62073 4.97783 5.04921 5.01985 5.21965 5.43503 5.43567 5.39474 5.42767 5.39641 5.16280 4.94626 4.75625 4.58786 4.53680 4.63159 4.85523 4.97240 4.93146 4.87931 4.80051 4.80597 4.68006 4.64905 4.73914 4.52832 4.40868 4.40762 4.43585 4.49326 4.39199 4.20919 4.27024 4.50518 4.62048 4.53634 4.45805 4.42011 4.30637 4.22814 4.29339 4.39007 4.38507 4.41923 4.49760 4.50524 4.43660 4.33997 4.20307 4.10123 4.14105 4.23295 4.28131 4.28233 4.26196 4.23178
5.10024 4.61793 4.23198 4.22143 4.26843 4.20860 4.20769 4.22512 4.26202 4.33735 4.59700 4.95364 5.00795 4.93904 5.14977 5.37361 5.29883 5.14957 5.14947 5.25609 5.09683 4.83331 4.76290 4.63862 4.43530 4.50837 4.80262 4.98820 4.93477 4.86145 4.85471 4.93079 4.76061 4.69383 4.78671 4.68476 4.57366 4.55696 4.56402 4.57784 4.49724 4.27890 4.11950 4.27453 4.52608 4.52912 4.41201 4.39303 4.34573 4.26074 4.31057 4.41483 4.41763 4.39945 4.44912 4.42868 4.35627 4.31934 4.31784 4.29771 4.26242 4.26145 4.22621 4.20045 4.20686 4.19466
5.26736 5.02717 4.67280 4.48107 4.34834 4.21854 4.11666 4.04998 4.05069 4.20618 4.67824 5.01464 4.92953 4.75647 4.94153 5.19879 5.06939 4.95456 4.88233 4.95366 4.98432 4.81595 4.76080 4.68954 4.40873 4.44310 4.71631 4.82933 4.70004 4.61077 4.62464 4.80441 4.76300 4.68834 4.78536 4.79271 4.76020 4.76946 4.70126 4.64850 4.60740 4.45527 4.20543 4.15919 4.32404 4.30997 4.27304 4.27311 4.17762 4.12981 4.28201 4.40331 4.38042 4.40687 4.39410 4.30012 4.29527 4.35055 4.38761 4.37393 4.37725 4.36265 4.28862 4.22836 4.19129 4.16626
5.15834 5.08153 4.99753 4.84471 4.58537 4.36206 4.22691 4.21035 4.22968 4.34242 4.74842 5.05597 5.01244 4.71959 4.66102 4.85173 4.82359 4.79789 4.82717 4.79943 4.92282 4.94262 4.78635 4.72379 4.45543 4.34452 4.43816 4.45363 4.41803 4.46874 4.47752 4.64976 4.80910 4.70114 4.75440 4.81680 4.81819 4.87920 4.76122 4.70422 4.68249 4.50348 4.31628 4.29729 4.32908 4.30478 4.33750 4.21921 4.02674 4.07530 4.25712 4.36784 4.32220 4.32515 4.28955 4.27496 4.38415 4.37601 4.35940 4.35935 4.35281 4.31481 4.27774 4.25450 4.16434 4.12057
4.91190 4.84838 4.86710 4.89812 4.80254 4.62649 4.58894 4.59991 4.38691 4.42718 4.86396 5.14517 5.13476 5.01996 4.75624 4.66202 4.63612 4.73345 4.83865 4.76614 4.79955 4.91781 4.78446 4.63276 4.43827 4.26469 4.22704 4.25307 4.37625 4.51881 4.46170 4.59679 4.87076 4.68826 4.69482 4.82979 4.80829 4.87265 4.74479 4.74726 4.68398 4.47387 4.38386 4.45112 4.45711 4.43473 4.33283 4.25334 4.10751 4.08706 4.22045 4.22898 4.17132 4.22024 4.30265 4.38107 4.38049 4.32236 4.31050 4.33917 4.34505 4.28079 4.21257 4.20349 4.12499 4.08558
4.77269 4.72266 4.69475 4.72612 4.75390 4.73993 4.76459 4.83727 4.63709 4.41365 4.68952 5.20635 5.28244 5.23268 5.11898 4.89174 4.82846 4.92971 4.94564 4.78220 4.63679 4.63293 4.55486 4.42930 4.44694 4.35266 4.31007 4.35295 4.44551 4.46142 4.40167 4.57699 4.87453 4.71042 4.66347 4.84531 4.83803 4.81157 4.76033 4.81560 4.66898 4.49888 4.42221 4.44237 4.44305 4.38493 4.29438 4.31881 4.25863 4.22061 4.31971 4.26264 4.26964 4.28642 4.39717 4.42835 4.32223 4.28394 4.26206 4.17852 4.18608 4.25105 4.21291 4.15958 4.10745 4.12876
4.82583 4.86280 4.81497 4.77342 4.73049 4.69419 4.68678 4.66851 4.35599 4.31736 4.89882 5.32170 5.42385 5.41562 5.29668 5.11661 5.07491 5.13125 5.10356 4.91699 4.62311 4.41006 4.38393 4.38727 4.61193 4.61442 4.58175 4.56421 4.51167 4.42943 4.37833 4.50178 4.74181 4.74103 4.73829 4.83996 4.92484 4.85694 4.87565 4.80833 4.71430 4.62599 4.45857 4.36208 4.35771 4.25218 4.21131 4.25048 4.28914 4.32992 4.36477 4.34251 4.29145 4.27511 4.36477 4.35344 4.30720 4.28051 4.16757 4.16975 4.07798 4.11071 4.16794 4.16884 4.15402 4.07716
5.03685 5.14366 5.11780 5.06850 4.96828 4.86160 4.74016 4.57132 4.28108 4.34809 4.85718 5.22964 5.40116 5.43500 5.37367 5.21352 5.06581 5.06230 5.05241 4.93781 4.72658 4.50174 4.40000 4.57955 4.82160 4.75154 4.64213 4.59252 4.59264 4.50875 4.40321 4.43177 4.60566 4.79271 4.90555 4.87148 4.84809 4.84460 4.87995 4.78272 4.77371 4.70834 4.50407 4.32269 4.24117 4.16247 4.04450 4.13755 4.25457 4.34277 4.32097 4.27191 4.22144 4.22322 4.29017 4.29512 4.29198 4.26808 4.24402 4.18117 4.15372 4.10444 4.09816 4.10935 4.06721 3.97973
5.17131 5.29279 5.36342 5.34340 5.23731 5.05191 4.76386 4.52463 4.39074 4.52306 4.66399 4.84150 5.18435 5.30659 5.24703 5.08882 4.86319 4.93045 4.98124 4.81312 4.67508 4.65537 4.61537 4.72851 4.81522 4.67964 4.56483 4.60552 4.70450 4.60761 4.44908 4.41784 4.54274 4.77610 4.98494 4.94353 4.75353 4.69288 4.70517 4.68627 4.74492 4.63758 4.43412 4.27586 4.09459 3.94395 3.88318 4.03663 4.19148 4.26251 4.19997 4.15930 4.10187 4.04264 4.10294 4.22842 4.22072 4.26101 4.28315 4.25187 4.22321 4.12226 4.03645 3.99457 3.94811 3.90413
5.15193 5.30847 5.46618 5.46982 5.38416 5.08461 4.76900 4.53665 4.56929 4.86635 4.70680 4.53298 4.70560 4.90998 4.78799 4.59075 4.51967 4.60369 4.75111 4.62486 4.52661 4.63779 4.70162 4.72685 4.70960 4.56511 4.46056 4.55788 4.68920 4.63376 4.53224 4.46393 4.51424 4.66319 4.90703 4.97721 4.66404 4.51296 4.56407 4.51748 4.58096 4.49937 4.33051 4.24877 4.08077 3.74992 3.67954 3.76083 3.85764 3.98007 4.00049 4.04786 4.08752 4.02647 4.01339 4.13367 4.22378 4.24601 4.23603 4.25325 4.20136 4.07385 3.97524 3.91918 3.89098 3.88776
5.09319 5.26534 5.45977 5.50601 5.44048 5.11482 4.84648 4.70828 4.63733 4.94181 4.79109 4.47563 4.25427 4.29139 4.34840 4.39046 4.51798 4.44376 4.46022 4.37355 4.45538 4.64704 4.73589 4.73843 4.67017 4.50339 4.36313 4.39831 4.59818 4.55532 4.52294 4.53732 4.54573 4.57292 4.76697 4.91982 4.59417 4.41798 4.58651 4.49699 4.51463 4.43628 4.30438 4.26921 4.11783 3.72979 3.58517 3.65567 3.73230 3.83755 3.92934 4.05164 4.10890 4.05676 4.02897 4.11551 4.20071 4.18015 4.14159 4.14402 4.07615 3.99839 3.93455 3.88721 3.87373 3.89520
