mrvbf_slope0.9_pctl1.1.asc
NCOLS 410
NROWS 410
XLLCORNER 2398750.0000000000000000
YLLCORNER 2548750.0000000000000000
CELLSIZE 250.0000000000000000
NODATA_VALUE -99999.00000
[rows 0 to 28 of 410, columns 132 to 197 of 410]
-99999.00000 -99999.00000 -99999.00000 -99999.00000 -99999.00000 -99999.00000 -99999.00000 -99999.00000 -99999.00000 -99999.00000 -99999.00000 -99999.00000 -99999.00000 -99999.00000 -99999.00000 -99999.00000 -99999.00000 -99999.00000 -99999.00000 -99999.00000 -99999.00000 -99999.00000 -99999.00000 -99999.00000 -99999.00000 -99999.00000 -99999.00000 -99999.00000 -99999.00000 -99999.00000 -99999.00000 -99999.00000 -99999.00000 -99999.00000 -99999.00000 -99999.00000 -99999.00000 -99999.00000 -99999.00000 -99999.00000 -99999.00000 -99999.00000 -99999.00000 -99999.00000 -99999.00000 -99999.00000 -99999.00000 -99999.00000 -99999.00000 -99999.00000 -99999.00000 -99999.00000 -99999.00000 -99999.00000 -99999.00000 -99999.00000 -99999.00000 -99999.00000 -99999.00000 -99999.00000 -99999.00000 -99999.00000 -99999.00000 -99999.00000 -99999.00000 -99999.00000
-99999.00000 -99999.00000 -99999.00000 -99999.00000 -99999.00000 -99999.00000 -99999.00000 -99999.00000 -99999.00000 -99999.00000 -99999.00000 -99999.00000 -99999.00000 -99999.00000 -99999.00000 -99999.00000 -99999.00000 -99999.00000 -99999.00000 -99999.00000 -99999.00000 -99999.00000 -99999.00000 -99999.00000 -99999.00000 -99999.00000 -99999.00000 -99999.00000 -99999.00000 -99999.00000 -99999.00000 -99999.00000 -99999.00000 -99999.00000 -99999.00000 -99999.00000 -99999.00000 -99999.00000 -99999.00000 -99999.00000 -99999.00000 -99999.00000 -99999.00000 -99999.00000 -99999.00000 -99999.00000 -99999.00000 -99999.00000 -99999.00000 -99999.00000 -99999.00000 -99999.00000 -99999.00000 -99999.00000 -99999.00000 -99999.00000 -99999.00000 -99999.00000 -99999.00000 -99999.00000 -99999.00000 -99999.00000 -99999.00000 -99999.00000 -99999.00000 -99999.00000
-99999.00000 -99999.00000 -99999.00000 -99999.00000 -99999.00000 -99999.00000 -99999.00000 -99999.00000 -99999.00000 -99999.00000 -99999.00000 -99999.00000 -99999.00000 -99999.00000 -99999.00000 -99999.00000 -99999.00000 -99999.00000 -99999.00000 -99999.00000 -99999.00000 -99999.00000 -99999.00000 -99999.00000 -99999.00000 -99999.00000 -99999.00000 -99999.00000 -99999.00000 -99999.00000 -99999.00000 -99999.00000 -99999.00000 -99999.00000 -99999.00000 -99999.00000 -99999.00000 -99999.00000 -99999.00000 -99999.00000 -99999.00000 -99999.00000 -99999.00000 -99999.00000 -99999.00000 -99999.00000 -99999.00000 -99999.00000 -99999.00000 -99999.00000 -99999.00000 -99999.00000 -99999.00000 -99999.00000 -99999.00000 -99999.00000 -99999.00000 -99999.00000 -99999.00000 -99999.00000 -99999.00000 -99999.00000 -99999.00000 -99999.00000 -99999.00000 -99999.00000
-99999.00000 -99999.00000 -99999.00000 -99999.00000 -99999.00000 -99999.00000 -99999.00000 -99999.00000 -99999.00000 -99999.00000 -99999.00000 -99999.00000 -99999.00000 -99999.00000 -99999.00000 -99999.00000 -99999.00000 -99999.00000 -99999.00000 -99999.00000 -99999.00000 -99999.00000 -99999.00000 -99999.00000 -99999.00000 -99999.00000 -99999.00000 -99999.00000 -99999.00000 -99999.00000 -99999.00000 -99999.00000 -99999.00000 -99999.00000 -99999.00000 -99999.00000 -99999.00000 -99999.00000 -99999.00000 -99999.00000 -99999.00000 -99999.00000 -99999.00000 -99999.00000 -99999.00000 -99999.00000 -99999.00000 -99999.00000 -99999.00000 -99999.00000 -99999.00000 -99999.00000 -99999.00000 -99999.00000 -99999.00000 -99999.00000 -99999.00000 -99999.00000 -99999.00000 -99999.00000 -99999.00000 -99999.00000 -99999.00000 -99999.00000 -99999.00000 -99999.00000
-99999.00000 -99999.00000 -99999.00000 -99999.00000 -99999.00000 -99999.00000 -99999.00000 -99999.00000 -99999.00000 -99999.00000 -99999.00000 -99999.00000 -99999.00000 -99999.00000 -99999.00000 -99999.00000 -99999.00000 -99999.00000 -99999.00000 -99999.00000 -99999.00000 -99999.00000 -99999.00000 -99999.00000 -99999.00000 -99999.00000 -99999.00000 -99999.00000 -99999.00000 -99999.00000 -99999.00000 -99999.00000 -99999.00000 -99999.00000 -99999.00000 -99999.00000 -99999.00000 -99999.00000 -99999.00000 -99999.00000 -99999.00000 -99999.00000 -99999.00000 -99999.00000 -99999.00000 -99999.00000 -99999.00000 -99999.00000 -99999.00000 -99999.00000 -99999.00000 -99999.00000 -99999.00000 -99999.00000 -99999.00000 -99999.00000 -99999.00000 -99999.00000 -99999.00000 -99999.00000 -99999.00000 -99999.00000 -99999.00000 -99999.00000 -99999.00000 -99999.00000
7.75723 7.73648 7.75353 7.76087 7.76103 7.76523 7.77036 7.76135 7.74192 7.73995 7.74339 7.75524 7.75646 7.74373 7.74367 7.74961 7.75968 7.75866 7.74976 7.73917 7.74229 7.75533 7.74754 7.71143 -99999.00000 -99999.00000 -99999.00000 -99999.00000 -99999.00000 -99999.00000 -99999.00000 -99999.00000 -99999.00000 -99999.00000 -99999.00000 -99999.00000 -99999.00000 -99999.00000 -99999.00000 -99999.00000 -99999.00000 -99999.00000 -99999.00000 -99999.00000 -99999.00000 -99999.00000 -99999.00000 -99999.00000 -99999.00000 -99999.00000 -99999.00000 -99999.00000 -99999.00000 -99999.00000 -99999.00000 -99999.00000 -99999.00000 -99999.00000 -99999.00000 -99999.00000 -99999.00000 -99999.00000 -99999.00000 -99999.00000 -99999.00000 -99999.00000
7.76056 7.74341 7.75594 7.76481 7.76033 7.76719 7.76859 7.76251 7.74974 7.74818 7.75106 7.75580 7.75393 7.75331 7.75549 7.75750 7.76035 7.75895 7.75451 7.74618 7.73973 7.74514 7.74713 7.71685 7.65218 -99999.00000 -99999.00000 -99999.00000 -99999.00000 -99999.00000 -99999.00000 -99999.00000 -99999.00000 -99999.00000 -99999.00000 -99999.00000 -99999.00000 -99999.00000 -99999.00000 -99999.00000 -99999.00000 -99999.00000 -99999.00000 -99999.00000 -99999.00000 -99999.00000 -99999.00000 -99999.00000 -99999.00000 -99999.00000 -99999.00000 -99999.00000 -99999.00000 -99999.00000 -99999.00000 -99999.00000 -99999.00000 -99999.00000 -99999.00000 -99999.00000 -99999.00000 -99999.00000 -99999.00000 -99999.00000 -99999.00000 -99999.00000
7.75434 7.74549 7.75060 7.76027 7.75992 7.76970 7.77319 7.76806 7.76382 7.75754 7.74928 7.75082 7.75467 7.74962 7.75244 7.75510 7.75729 7.75745 7.75419 7.74682 7.73638 7.73564 7.74594 7.72522 7.62122 7.56822 7.63481 7.66074 -99999.00000 -99999.00000 -99999.00000 -99999.00000 -99999.00000 -99999.00000 -99999.00000 -99999.00000 -99999.00000 -99999.00000 -99999.00000 -99999.00000 -99999.00000 -99999.00000 -99999.00000 -99999.00000 -99999.00000 -99999.00000 -99999.00000 -99999.00000 -99999.00000 -99999.00000 -99999.00000 -99999.00000 -99999.00000 -99999.00000 -99999.00000 -99999.00000 -99999.00000 -99999.00000 -99999.00000 -99999.00000 -99999.00000 -99999.00000 -99999.00000 -99999.00000 -99999.00000 -99999.00000
7.76214 7.74885 7.74981 7.75238 7.75490 7.76149 7.76822 7.76563 7.76197 7.75378 7.73957 7.74686 7.75082 7.74745 7.75238 7.75812 7.75499 7.75504 7.75212 7.74216 7.74217 7.73352 7.72824 7.72293 7.65949 7.57217 7.58618 7.57813 7.45430 7.53811 7.64992 -99999.00000 -99999.00000 -99999.00000 -99999.00000 -99999.00000 -99999.00000 -99999.00000 -99999.00000 -99999.00000 -99999.00000 -99999.00000 -99999.00000 -99999.00000 -99999.00000 -99999.00000 -99999.00000 -99999.00000 -99999.00000 -99999.00000 -99999.00000 -99999.00000 -99999.00000 -99999.00000 -99999.00000 -99999.00000 -99999.00000 -99999.00000 -99999.00000 -99999.00000 -99999.00000 -99999.00000 -99999.00000 -99999.00000 -99999.00000 -99999.00000
7.76805 7.76902 7.76057 7.75155 7.75264 7.75850 7.76462 7.76653 7.76352 7.75709 7.73747 7.73858 7.74657 7.75125 7.75961 7.76253 7.75763 7.75734 7.75953 7.74719 7.73898 7.73567 7.73072 7.72123 7.70552 7.63714 7.53277 7.53086 7.54946 7.62857 7.67370 7.66628 7.63059 -99999.00000 -99999.00000 -99999.00000 -99999.00000 -99999.00000 -99999.00000 -99999.00000 -99999.00000 -99999.00000 -99999.00000 -99999.00000 -99999.00000 -99999.00000 -99999.00000 -99999.00000 -99999.00000 -99999.00000 -99999.00000 -99999.00000 -99999.00000 -99999.00000 -99999.00000 -99999.00000 -99999.00000 -99999.00000 -99999.00000 -99999.00000 -99999.00000 -99999.00000 -99999.00000 -99999.00000 -99999.00000 -99999.00000
7.77162 7.77430 7.76766 7.75591 7.75694 7.75903 7.75731 7.76477 7.76004 7.75206 7.73612 7.73859 7.74686 7.75114 7.75590 7.75993 7.75511 7.75664 7.76456 7.75916 7.74911 7.74053 7.73012 7.72792 7.70928 7.64256 7.59912 7.56652 7.59547 7.62735 7.68053 7.66045 7.57859 7.46605 7.57749 -99999.00000 -99999.00000 -99999.00000 -99999.00000 -99999.00000 -99999.00000 -99999.00000 -99999.00000 -99999.00000 -99999.00000 -99999.00000 -99999.00000 -99999.00000 -99999.00000 -99999.00000 -99999.00000 -99999.00000 -99999.00000 -99999.00000 -99999.00000 -99999.00000 -99999.00000 -99999.00000 -99999.00000 -99999.00000 -99999.00000 -99999.00000 -99999.00000 -99999.00000 -99999.00000 -99999.00000
7.77211 7.77419 7.76630 7.75739 7.75355 7.75412 7.74798 7.75566 7.75789 7.74349 7.73616 7.74302 7.74677 7.74681 7.74979 7.75134 7.75293 7.75269 7.75996 7.76127 7.75963 7.75388 7.73870 7.73066 7.72378 7.67390 7.58561 7.58619 7.60614 7.60649 7.62650 7.64598 7.62186 7.49734 7.47129 7.59943 7.65767 -99999.00000 -99999.00000 -99999.00000 -99999.00000 -99999.00000 -99999.00000 -99999.00000 -99999.00000 -99999.00000 -99999.00000 -99999.00000 -99999.00000 -99999.00000 -99999.00000 -99999.00000 -99999.00000 -99999.00000 -99999.00000 -99999.00000 -99999.00000 -99999.00000 -99999.00000 -99999.00000 -99999.00000 -99999.00000 -99999.00000 -99999.00000 -99999.00000 -99999.00000
7.75664 7.76135 7.75180 7.75720 7.75229 7.74656 7.74576 7.74696 7.75016 7.74079 7.73941 7.74050 7.74014 7.74083 7.74386 7.74200 7.73355 7.74149 7.75166 7.75663 7.75381 7.75208 7.73848 7.72783 7.73096 7.72231 7.66190 7.57521 7.57182 7.60418 7.59074 7.60444 7.61605 7.56650 7.50962 7.51111 7.62244 7.66810 7.65920 -99999.00000 -99999.00000 -99999.00000 -99999.00000 -99999.00000 -99999.00000 -99999.00000 -99999.00000 -99999.00000 -99999.00000 -99999.00000 -99999.00000 -99999.00000 -99999.00000 -99999.00000 -99999.00000 -99999.00000 -99999.00000 -99999.00000 -99999.00000 -99999.00000 -99999.00000 -99999.00000 -99999.00000 -99999.00000 -99999.00000 -99999.00000
7.73459 7.73274 7.74614 7.74822 7.75767 7.75148 7.75273 7.75691 7.74853 7.74531 7.73730 7.74147 7.74420 7.74454 7.73842 7.70236 7.66271 7.70261 7.73155 7.74277 7.74795 7.75054 7.73738 7.72877 7.73598 7.73822 7.72220 7.67189 7.58202 7.57823 7.62486 7.58426 7.56471 7.56504 7.59239 7.55575 7.58988 7.64402 7.66205 7.65929 -99999.00000 -99999.00000 -99999.00000 -99999.00000 -99999.00000 -99999.00000 -99999.00000 -99999.00000 -99999.00000 -99999.00000 -99999.00000 -99999.00000 -99999.00000 -99999.00000 -99999.00000 -99999.00000 -99999.00000 -99999.00000 -99999.00000 -99999.00000 -99999.00000 -99999.00000 -99999.00000 -99999.00000 -99999.00000 -99999.00000
7.74452 7.73196 7.73176 7.75545 7.76540 7.76019 7.75930 7.74934 7.74415 7.74391 7.73671 7.74281 7.74430 7.74123 7.71978 7.66758 7.67633 7.66312 7.71182 7.73606 7.74712 7.74918 7.74347 7.73441 7.73565 7.74031 7.73566 7.72545 7.68171 7.61035 7.58818 7.63603 7.60268 7.53393 7.55046 7.58542 7.58658 7.59183 7.63781 7.64634 7.60674 7.55815 -99999.00000 -99999.00000 -99999.00000 -99999.00000 -99999.00000 -99999.00000 -99999.00000 -99999.00000 -99999.00000 -99999.00000 -99999.00000 -99999.00000 -99999.00000 -99999.00000 -99999.00000 -99999.00000 -99999.00000 -99999.00000 -99999.00000 -99999.00000 -99999.00000 -99999.00000 -99999.00000 -99999.00000
7.74671 7.75160 7.75121 7.75079 7.75874 7.75349 7.75343 7.72816 7.71596 7.72798 7.73590 7.74553 7.74495 7.74330 7.73395 7.70563 7.67662 7.71431 7.73052 7.73335 7.74412 7.74517 7.74616 7.74266 7.74383 7.74140 7.73895 7.73840 7.72632 7.66423 7.54855 7.57367 7.48754 7.51171 7.55743 7.64184 7.64270 7.58994 7.60936 7.61970 7.62667 7.62206 7.62876 -99999.00000 -99999.00000 -99999.00000 -99999.00000 -99999.00000 -99999.00000 -99999.00000 -99999.00000 -99999.00000 -99999.00000 -99999.00000 -99999.00000 -99999.00000 -99999.00000 -99999.00000 -99999.00000 -99999.00000 -99999.00000 -99999.00000 -99999.00000 -99999.00000 -99999.00000 -99999.00000
7.75445 7.75402 7.75513 7.74879 7.75036 7.74964 7.73904 7.71464 7.69134 7.70760 7.73985 7.74572 7.74168 7.74305 7.74214 7.73338 7.72859 7.74987 7.74776 7.74484 7.74295 7.74487 7.74432 7.73968 7.73978 7.73947 7.74200 7.74179 7.73650 7.70581 7.61367 7.43870 7.52994 7.46599 7.62287 7.68150 7.65715 7.58278 7.57223 7.59833 7.62647 7.64492 7.65076 7.64289 7.61026 -99999.00000 -99999.00000 -99999.00000 -99999.00000 -99999.00000 -99999.00000 -99999.00000 -99999.00000 -99999.00000 -99999.00000 -99999.00000 -99999.00000 -99999.00000 -99999.00000 -99999.00000 -99999.00000 -99999.00000 -99999.00000 -99999.00000 -99999.00000 -99999.00000
7.75152 7.75166 7.74608 7.73365 7.74196 7.72859 7.72840 7.69637 7.69909 7.71524 7.74105 7.73701 7.73795 7.74084 7.73927 7.74256 7.74688 7.75681 7.75482 7.75100 7.75035 7.75100 7.74094 7.73887 7.73830 7.73437 7.73879 7.73560 7.73695 7.71983 7.69388 7.61644 7.51928 7.60895 7.63613 7.63915 7.62902 7.62624 7.56232 7.56771 7.56974 7.60154 7.63668 7.60974 7.56224 7.56230 7.52383 -99999.00000 -99999.00000 -99999.00000 -99999.00000 -99999.00000 -99999.00000 -99999.00000 -99999.00000 -99999.00000 -99999.00000 -99999.00000 -99999.00000 -99999.00000 -99999.00000 -99999.00000 -99999.00000 -99999.00000 -99999.00000 -99999.00000
7.74794 7.74804 7.75052 7.74558 7.73907 7.73231 7.72179 7.68535 7.69290 7.72980 7.74227 7.73888 7.74140 7.73895 7.74413 7.74882 7.75181 7.75946 7.76080 7.75285 7.75031 7.74842 7.73882 7.74090 7.74337 7.74423 7.74120 7.72901 7.72608 7.71817 7.71705 7.71287 7.67099 7.64933 7.62822 7.56321 7.60545 7.62564 7.61133 7.62477 7.59787 7.57934 7.59568 7.57969 7.54422 7.52810 7.57621 7.53048 7.44748 -99999.00000 -99999.00000 -99999.00000 -99999.00000 -99999.00000 -99999.00000 -99999.00000 -99999.00000 -99999.00000 -99999.00000 -99999.00000 -99999.00000 -99999.00000 -99999.00000 -99999.00000 -99999.00000 -99999.00000
7.74548 7.75108 7.75364 7.75232 7.74046 7.73053 7.69796 7.69991 7.68322 7.71837 7.73880 7.73954 7.74447 7.73794 7.74543 7.74831 7.74892 7.75511 7.75686 7.75529 7.75354 7.74644 7.74590 7.74257 7.74208 7.74430 7.74037 7.74027 7.73615 7.73472 7.73484 7.73091 7.71850 7.67612 7.56751 7.57637 7.54837 7.60658 7.63064 7.63527 7.65373 7.63905 7.62285 7.62094 7.57682 7.54622 7.58741 7.58542 7.56638 7.63680 7.67737 -99999.00000 -99999.00000 -99999.00000 -99999.00000 -99999.00000 -99999.00000 -99999.00000 -99999.00000 -99999.00000 -99999.00000 -99999.00000 -99999.00000 -99999.00000 -99999.00000 -99999.00000
7.74191 7.75183 7.74410 7.74603 7.74600 7.74136 7.72386 7.69240 7.69994 7.69739 7.71706 7.72249 7.73745 7.73493 7.72917 7.72987 7.74004 7.74887 7.75200 7.75186 7.75469 7.75359 7.74855 7.74570 7.73823 7.73812 7.74642 7.75119 7.74948 7.74674 7.73890 7.73182 7.72562 7.71399 7.64960 7.56669 7.62753 7.59501 7.61034 7.63328 7.66498 7.65868 7.65997 7.65449 7.59571 7.55329 7.58592 7.59474 7.60400 7.60459 7.65358 7.66290 -99999.00000 -99999.00000 -99999.00000 -99999.00000 -99999.00000 -99999.00000 -99999.00000 -99999.00000 -99999.00000 -99999.00000 -99999.00000 -99999.00000 -99999.00000 -99999.00000
7.74608 7.75202 7.74380 7.74240 7.74235 7.74154 7.74180 7.71868 7.69687 7.70502 7.71573 7.71402 7.71749 7.73154 7.71867 7.71805 7.72501 7.74242 7.74885 7.75011 7.75044 7.74964 7.74537 7.73628 7.73107 7.73792 7.75022 7.75508 7.75262 7.74816 7.74383 7.73925 7.73638 7.72710 7.69940 7.65618 7.66559 7.57835 7.57330 7.54833 7.62231 7.63554 7.64746 7.63982 7.62383 7.55833 7.56623 7.58850 7.57737 7.56741 7.60914 7.63151 7.55823 7.46790 -99999.00000 -99999.00000 -99999.00000 -99999.00000 -99999.00000 -99999.00000 -99999.00000 -99999.00000 -99999.00000 -99999.00000 -99999.00000 -99999.00000
7.74247 7.74603 7.75009 7.74467 7.74894 7.74752 7.74657 7.72988 7.70160 7.68941 7.71435 7.71906 7.71255 7.72277 7.71899 7.71899 7.72631 7.73305 7.73406 7.73995 7.74801 7.74564 7.74452 7.73837 7.72847 7.73217 7.74267 7.74736 7.75008 7.75115 7.75210 7.74675 7.74046 7.71798 7.68800 7.62716 7.64099 7.61032 7.52875 7.58499 7.57512 7.56549 7.60295 7.54956 7.59864 7.58508 7.54255 7.56715 7.55429 7.57781 7.52992 7.56665 7.54070 7.50484 7.38941 -99999.00000 -99999.00000 -99999.00000 -99999.00000 -99999.00000 -99999.00000 -99999.00000 -99999.00000 -99999.00000 -99999.00000 -99999.00000
7.74844 7.74254 7.74693 7.73963 7.74237 7.74165 7.73513 7.73852 7.72645 7.69861 7.69805 7.70157 7.71668 7.73203 7.72012 7.72467 7.73831 7.73374 7.73207 7.72959 7.74006 7.74527 7.74787 7.74202 7.72301 7.71901 7.73465 7.73947 7.75022 7.74753 7.74634 7.74271 7.73634 7.71716 7.70323 7.66399 7.61212 7.64496 7.59354 7.57399 7.56091 7.58637 7.61968 7.57573 7.54038 7.56914 7.52647 7.52139 7.50987 7.49214 7.46263 7.45653 7.45089 7.44113 7.52224 7.60687 -99999.00000 -99999.00000 -99999.00000 -99999.00000 -99999.00000 -99999.00000 -99999.00000 -99999.00000 -99999.00000 -99999.00000
7.75171 7.75104 7.75107 7.74104 7.74043 7.74161 7.74041 7.74734 7.74903 7.73874 7.72291 7.70887 7.72798 7.73103 7.73774 7.73578 7.74098 7.73336 7.72874 7.73138 7.74574 7.74779 7.74314 7.74107 7.73424 7.72929 7.73611 7.74546 7.74950 7.74550 7.73579 7.73381 7.73010 7.70952 7.70079 7.70932 7.68942 7.67041 7.60869 7.52946 7.50582 7.52082 7.60946 7.54987 7.52781 7.46853 7.53100 7.50285 7.42945 7.22187 6.96655 7.13721 7.24587 7.46197 7.59645 7.61043 7.63823 -99999.00000 -99999.00000 -99999.00000 -99999.00000 -99999.00000 -99999.00000 -99999.00000 -99999.00000 -99999.00000
7.75335 7.75695 7.75410 7.73690 7.73522 7.74053 7.74211 7.74202 7.75100 7.75237 7.74326 7.73477 7.73149 7.73361 7.74917 7.74758 7.73586 7.74536 7.73953 7.73541 7.73930 7.74386 7.74435 7.73736 7.73367 7.73614 7.74251 7.74624 7.74600 7.74245 7.73465 7.73071 7.72740 7.69500 7.68993 7.70827 7.70708 7.68225 7.60073 7.44943 7.47971 7.47290 7.56832 7.57170 7.42303 7.28032 7.37153 7.43439 7.35862 6.90093 6.53037 6.90581 7.32100 7.54160 7.61093 7.64454 7.64990 7.67506 7.68896 -99999.00000 -99999.00000 -99999.00000 -99999.00000 -99999.00000 -99999.00000 -99999.00000
7.75645 7.74611 7.74200 7.73813 7.73938 7.74321 7.74026 7.72548 7.72894 7.74481 7.73707 7.72361 7.72079 7.72473 7.74500 7.74430 7.72163 7.73730 7.73279 7.73024 7.73359 7.73927 7.74045 7.73299 7.73739 7.74431 7.74737 7.74549 7.74346 7.74297 7.73436 7.72638 7.70231 7.64711 7.67284 7.67896 7.66712 7.67105 7.63610 7.56820 7.46422 7.47114 7.45561 7.53282 7.39903 7.34028 7.42630 7.32233 6.92129 6.76395 6.75094 6.84072 7.48102 7.61718 7.65277 7.65712 7.67211 7.68298 7.69255 7.69560 -99999.00000 -99999.00000 -99999.00000 -99999.00000 -99999.00000 -99999.00000
7.75391 7.74844 7.72613 7.73236 7.73176 7.74277 7.73317 7.71118 7.68093 7.70706 7.72373 7.71109 7.71077 7.72277 7.73616 7.70773 7.65706 7.69498 7.72600 7.73201 7.73544 7.73171 7.72875 7.73156 7.74548 7.74890 7.75072 7.74784 7.74699 7.74467 7.74078 7.72417 7.67287 7.65381 7.63211 7.64324 7.64346 7.63244 7.65350 7.64131 7.52591 7.33899 7.38047 7.33579 7.53348 7.53760 7.47751 7.07883 7.02454 7.33188 7.13547 7.05097 7.55171 7.63947 7.65835 7.66972 7.67619 7.68702 7.69433 7.70272 7.70980 7.71015 -99999.00000 -99999.00000 -99999.00000 -99999.00000
7.75389 7.74879 7.73614 7.72874 7.73958 7.73734 7.73247 7.68691 7.68887 7.67256 7.70473 7.71271 7.70144 7.71972 7.72552 7.66580 7.66973 7.65449 7.71616 7.73025 7.73092 7.73423 7.73220 7.74008 7.74644 7.75016 7.74968 7.74872 7.74709 7.74789 7.74084 7.72539 7.68692 7.65512 7.67930 7.68449 7.63924 7.67078 7.67978 7.63975 7.50434 7.35134 7.29966 6.97136 7.41822 7.56995 7.50381 7.11135 7.44043 7.48895 7.23955 6.88629 7.54981 7.63871 7.66410 7.68363 7.67586 7.66745 7.68393 7.70704 7.71256 7.70523 7.68536 -99999.00000 -99999.00000 -99999.00000
