mrvbf_slope0.7_pctl1.asc
NCOLS 410
NROWS 410
XLLCORNER 2398750.0000000000000000
YLLCORNER 2548750.0000000000000000
CELLSIZE 250.0000000000000000
NODATA_VALUE -99999.00000
[rows 232 to 260 of 410, columns 66 to 131 of 410]
5.13156 4.99357 4.78831 4.62470 4.52436 4.38472 4.23588 4.32412 4.55736 4.43994 4.38380 4.49535 4.50882 4.45118 4.51454 4.62462 4.50170 4.27997 4.37554 4.43834 4.22410 4.19848 4.58180 4.73025 4.67235 4.60052 4.53115 4.47765 4.59279 4.57603 4.45110 4.28409 4.24340 4.19025 4.22173 4.47558 4.58329 4.45415 4.28299 4.09275 3.69664 3.49345 3.40689 3.11789 2.66121 2.16250 1.53571 1.33653 1.05321 0.78254 0.67395 0.53354 0.45768 0.49112 0.38299 0.46050 0.80825 1.52414 1.66138 1.64280 1.61917 1.67112 1.72424 1.58961 1.38184 0.79367
5.13638 5.05633 4.83577 4.70092 4.65175 4.53471 4.33007 4.25922 4.36216 4.30621 4.33457 4.47968 4.59949 4.66607 4.68067 4.62178 4.54779 4.43810 4.44832 4.50882 4.44965 4.19413 4.39512 4.59557 4.70671 4.70954 4.58908 4.43103 4.48805 4.47303 4.48072 4.42292 4.30822 4.34721 4.55624 4.69572 4.77220 4.69074 4.36926 4.12979 3.84714 3.56384 3.37935 3.17349 2.73777 2.35498 1.55021 1.08939 0.70551 0.59699 0.51044 0.52308 0.65186 0.67163 0.49486 0.50700 0.99283 1.67935 1.82552 1.80359 1.74694 1.68304 1.50162 0.99487 0.65778 0.58993
4.97744 4.91537 4.74598 4.70221 4.68471 4.56386 4.42978 4.36563 4.29795 4.25272 4.33909 4.50117 4.61208 4.59388 4.53206 4.56059 4.57653 4.57276 4.56273 4.58414 4.59236 4.33082 4.29884 4.43422 4.60264 4.71962 4.61840 4.44002 4.42108 4.49865 4.62089 4.70992 4.58686 4.59646 4.74218 4.86565 4.93414 4.77296 4.37637 4.08444 3.84969 3.52609 3.40840 3.24496 2.78937 2.48812 1.60431 0.90702 0.55736 0.45136 0.38497 0.43259 0.70022 0.69247 0.50145 0.55559 1.43161 1.81864 1.94884 1.87989 1.79198 1.67028 1.32395 0.68404 0.52626 0.47900
4.74868 4.72716 4.63892 4.65036 4.61698 4.49255 4.42335 4.39211 4.32269 4.31412 4.41528 4.56675 4.60136 4.45364 4.39938 4.53135 4.52323 4.43400 4.44664 4.46141 4.39246 4.16812 4.26291 4.42775 4.54330 4.63754 4.60352 4.45690 4.43704 4.59737 4.79289 4.88763 4.82926 4.72590 4.75841 4.93075 4.95643 4.65542 4.26268 4.04776 3.84896 3.51127 3.41081 3.15779 2.77982 2.60228 1.91319 1.08357 0.61076 0.46846 0.40757 0.49332 0.75617 0.84519 0.63303 1.03087 1.63331 1.97899 2.15461 1.90752 1.76973 1.61889 1.27703 0.68081 0.50511 0.36684
4.64335 4.61962 4.58219 4.62483 4.61715 4.50198 4.39036 4.39074 4.44267 4.50586 4.61529 4.69333 4.69646 4.49134 4.26352 4.30545 4.28765 4.30955 4.29230 4.43845 4.12618 4.04701 4.26052 4.48182 4.55464 4.58164 4.61724 4.52092 4.47154 4.62341 4.83753 4.88099 4.87401 4.83572 4.74238 4.81824 4.86438 4.55169 4.23964 4.12579 4.04541 3.66873 3.53057 3.32735 2.91978 2.72657 2.39080 1.52380 0.97095 0.56910 0.51750 0.59584 0.97302 1.31881 1.21987 1.33364 1.50464 1.84765 2.03921 1.84425 1.71004 1.52758 1.19125 0.75914 0.58280 0.36214
4.68064 4.60943 4.58181 4.65239 4.71256 4.66814 4.55772 4.54002 4.65342 4.76434 4.75082 4.69767 4.70450 4.58586 4.34074 4.26684 4.34174 4.29843 4.27221 4.38215 4.01650 4.14238 4.32972 4.51904 4.61655 4.59086 4.64495 4.55521 4.42950 4.55152 4.82814 4.90735 4.84734 4.77592 4.72261 4.73550 4.70880 4.50387 4.29789 4.22956 4.15120 3.83749 3.81107 3.68680 3.17284 2.83443 2.63051 2.11147 1.39297 0.86508 0.72393 0.80724 1.35716 1.58208 1.57804 1.58038 1.64457 1.70428 1.76238 1.75143 1.63128 1.37887 1.08627 0.85360 0.65309 0.49203
4.69448 4.59290 4.57412 4.66134 4.73890 4.78823 4.74182 4.70061 4.78937 4.77981 4.60321 4.47245 4.47611 4.42684 4.34511 4.27612 4.31505 4.30683 4.33561 4.21113 4.01480 4.36081 4.43824 4.56672 4.67662 4.58243 4.58446 4.48404 4.35650 4.47321 4.71308 4.75739 4.66460 4.62770 4.64408 4.44974 4.36557 4.28809 4.24570 4.30753 4.25864 3.96928 3.97556 3.95755 3.52713 3.03541 2.77406 2.55982 2.09356 1.63594 1.49293 1.45170 1.62242 1.72621 1.77249 1.77638 1.78030 1.71151 1.65170 1.54426 1.41189 1.25291 1.06835 0.75993 0.61841 0.47846
4.65086 4.58610 4.60331 4.63145 4.62253 4.71638 4.76995 4.76033 4.79839 4.61780 4.45329 4.38678 4.38440 4.39829 4.37568 4.22336 4.20423 4.29429 4.37461 4.19428 4.17579 4.48324 4.48078 4.60025 4.63393 4.48633 4.46536 4.39660 4.23862 4.28679 4.38107 4.38296 4.39334 4.41267 4.43506 4.23726 4.15410 4.06420 4.08354 4.25853 4.23560 3.95391 3.96322 4.01956 3.56258 3.18379 2.91635 2.77042 2.59311 2.43739 2.32917 2.23736 2.12546 2.02105 2.00268 1.88703 1.77307 1.65966 1.47686 0.94978 0.85109 0.87030 0.81246 0.73071 0.60191 0.42459
4.70808 4.68413 4.69163 4.64588 4.53814 4.55033 4.61146 4.63421 4.65429 4.52950 4.44316 4.52415 4.57682 4.63413 4.54975 4.38045 4.27199 4.26329 4.36353 4.36514 4.36930 4.48345 4.54087 4.68743 4.58065 4.39918 4.40953 4.45602 4.28248 4.22313 4.25810 4.29561 4.35721 4.34461 4.28340 4.25388 4.26583 4.22915 4.23203 4.33506 4.40463 4.07375 3.82328 3.74348 3.46870 3.38714 3.08299 2.94205 2.80152 2.71410 2.64070 2.58842 2.52984 2.40893 2.11606 1.81571 1.61163 1.36225 1.02181 0.70903 0.62889 0.58088 0.58645 0.61266 0.51112 0.41620
4.73003 4.76963 4.64402 4.60171 4.52154 4.49040 4.52793 4.54338 4.53430 4.51818 4.55999 4.68005 4.84283 4.83353 4.68992 4.55141 4.45230 4.38846 4.43457 4.54860 4.49573 4.54701 4.64859 4.68748 4.48910 4.35648 4.43678 4.61075 4.46581 4.38877 4.43530 4.51287 4.54833 4.49556 4.41192 4.50247 4.54561 4.55300 4.36952 4.38880 4.54198 4.38338 4.05330 3.76825 3.64939 3.63516 3.23326 3.05890 3.03921 2.89486 2.81729 2.76418 2.68418 2.51138 2.13772 1.67446 1.27549 0.83518 0.68856 0.62982 0.56205 0.44710 0.35935 0.36699 0.34779 0.37282
4.62818 4.76778 4.59840 4.55151 4.60672 4.56199 4.57610 4.59052 4.56229 4.60720 4.76857 4.82136 4.90737 4.92811 4.74843 4.60730 4.54186 4.50454 4.47116 4.48047 4.48799 4.51372 4.49797 4.45696 4.36927 4.36559 4.49909 4.71238 4.64994 4.57119 4.61423 4.71552 4.77160 4.66723 4.65895 4.72922 4.68397 4.59067 4.47651 4.58966 4.74866 4.53832 4.22402 3.89982 3.77742 3.65883 3.24530 2.98678 3.02067 3.13725 2.90693 2.85537 2.74514 2.54531 2.15854 1.58074 1.05657 0.76710 0.69217 0.61247 0.51280 0.35638 0.28749 0.29139 0.39976 0.53767
4.50959 4.63571 4.60613 4.62348 4.77815 4.71714 4.73366 4.78516 4.74591 4.73724 4.83562 4.90833 4.89827 4.98469 4.76749 4.63730 4.63588 4.60913 4.46906 4.35622 4.34086 4.37290 4.35240 4.33482 4.36119 4.44170 4.59980 4.80884 4.76197 4.65256 4.66867 4.80086 4.79223 4.68963 4.68340 4.76560 4.78552 4.70565 4.65193 4.75842 4.74184 4.41881 4.12034 3.89932 3.81329 3.69543 3.32924 2.95853 2.89302 3.01631 3.04714 2.88977 2.77056 2.58059 2.25821 1.66163 1.23283 0.81501 0.69750 0.58160 0.46050 0.36006 0.29798 0.34041 0.47217 0.65199
4.52818 4.62183 4.76724 4.78864 4.82342 4.84752 4.92550 5.01807 4.96022 4.80670 4.79039 4.93508 4.88795 4.92069 4.76031 4.67974 4.70867 4.57676 4.42729 4.34319 4.35558 4.39541 4.38481 4.38501 4.44586 4.55563 4.72365 4.86990 4.76253 4.65390 4.71688 4.89084 4.78483 4.75469 4.65650 4.69455 4.77144 4.73436 4.66555 4.70081 4.53187 4.25145 4.03947 3.93599 3.96277 3.96070 3.64011 3.13922 2.85370 2.88690 2.97649 2.90381 2.77965 2.63241 2.42278 1.86564 1.37393 0.91729 0.72562 0.57498 0.48276 0.45088 0.42075 0.49400 0.62595 0.78521
4.61332 4.66234 4.87329 4.94914 4.93056 4.97908 5.06672 5.06853 4.99056 4.89247 4.73570 4.83720 4.91085 4.88478 4.80444 4.72308 4.63068 4.48585 4.40899 4.41609 4.46075 4.51512 4.48198 4.45965 4.49531 4.59932 4.75164 4.83318 4.71264 4.63809 4.77066 5.01136 4.88007 4.79108 4.73865 4.64072 4.61947 4.58091 4.54715 4.60141 4.41987 4.21095 4.11954 4.15331 4.25727 4.33407 4.01650 3.57074 2.93123 2.84086 2.99789 2.89806 2.79170 2.70983 2.58097 2.18709 1.52939 1.15651 0.86132 0.67290 0.57703 0.60579 0.56302 0.58091 0.74226 0.98220
4.64139 4.66252 4.86201 5.06005 5.08659 5.12402 5.17667 5.12042 5.01600 4.88460 4.73865 4.86251 5.06331 4.98446 4.92118 4.75092 4.55833 4.45823 4.43867 4.46575 4.48250 4.51921 4.46220 4.46614 4.50110 4.56403 4.67586 4.72635 4.65097 4.62583 4.81264 5.08826 4.94176 4.79199 4.77566 4.67692 4.62736 4.57270 4.48935 4.50710 4.40034 4.31038 4.34249 4.45868 4.43101 4.49803 4.20047 3.95814 3.43767 2.86321 2.95924 2.89511 2.83807 2.84227 2.70190 2.40356 1.75857 1.44473 1.27527 0.90015 0.65799 0.64866 0.52340 0.46297 0.53508 0.67741
4.61352 4.71935 4.95011 5.14456 5.20763 5.22874 5.22713 5.16597 5.05277 4.84885 4.76836 4.96539 5.15063 5.09630 4.91581 4.69048 4.54470 4.48446 4.49422 4.52349 4.46841 4.43406 4.42317 4.49376 4.55506 4.58169 4.59168 4.59849 4.58499 4.63603 4.87323 5.06681 4.86757 4.74465 4.78202 4.81772 4.81481 4.74951 4.59106 4.52627 4.50211 4.51151 4.60246 4.59573 4.63932 4.62590 4.36185 4.19799 3.80950 3.07357 3.20851 3.04770 2.95336 3.00732 2.90144 2.53331 1.90352 1.46788 1.43065 1.20959 0.79804 0.64937 0.52759 0.41079 0.44918 0.49745
4.73844 4.91130 5.09234 5.18835 5.21242 5.21958 5.21727 5.17195 5.03902 4.82536 4.79933 4.98810 5.05883 4.96816 4.78076 4.63901 4.54931 4.51970 4.56767 4.63913 4.53773 4.45010 4.48526 4.58739 4.63730 4.59496 4.52163 4.50038 4.54445 4.69918 4.94813 4.91752 4.76962 4.76606 4.86114 4.96937 4.99427 4.94051 4.83363 4.71756 4.71958 4.71488 4.79543 4.77799 4.80374 4.66241 4.44366 4.26295 3.86897 3.44361 3.69778 3.22016 3.03025 3.04169 2.97101 2.60252 2.23572 1.71397 1.53702 1.42734 1.07795 0.72429 0.58409 0.51463 0.54130 0.59040
4.86229 5.07785 5.14996 5.14486 5.11995 5.12127 5.12306 5.09346 4.98383 4.79871 4.69567 4.72891 4.73086 4.66877 4.63639 4.63369 4.55458 4.52751 4.61390 4.67184 4.58481 4.54695 4.60658 4.63656 4.60825 4.55727 4.47160 4.45776 4.57988 4.83190 4.90379 4.77922 4.76898 4.87254 4.99364 5.05007 5.05374 5.03977 5.02368 5.02632 4.98976 4.81626 4.78530 4.85049 4.78428 4.67957 4.50695 4.17781 3.83221 3.75461 3.99644 3.29787 3.04488 3.15317 3.04260 2.74588 2.57133 2.25264 1.89725 1.66879 1.50319 1.30361 0.98016 0.75441 0.88324 1.19950
4.67618 4.95277 5.04781 4.95346 4.91469 4.95721 4.97803 4.96606 4.92810 4.70877 4.50492 4.46155 4.50119 4.53408 4.57331 4.63625 4.57146 4.52704 4.62888 4.65928 4.61073 4.66753 4.69413 4.55212 4.53893 4.56006 4.49688 4.48602 4.64401 4.86771 4.78500 4.73634 4.85697 5.02568 5.11545 5.13258 5.16591 5.16660 5.08978 5.08044 5.07820 4.91960 4.82530 4.81196 4.74466 4.72128 4.50914 4.26191 4.16065 4.18096 4.25217 3.75725 3.12068 3.20900 3.44927 3.45240 3.03535 2.76638 2.47398 2.16027 1.91692 1.74467 1.59359 1.53422 1.62112 1.75931
4.61434 4.74477 4.75831 4.65787 4.68001 4.75905 4.80847 4.83884 4.77514 4.53273 4.37171 4.35669 4.45976 4.57444 4.59122 4.63626 4.64925 4.56053 4.57980 4.60794 4.65677 4.79624 4.65061 4.51565 4.58007 4.67396 4.57861 4.50685 4.59079 4.71376 4.69259 4.75685 4.94065 5.04889 5.09829 5.15703 5.17065 5.08543 4.93228 4.93872 5.06661 5.09166 5.01321 4.91001 4.91642 4.96936 4.72377 4.51342 4.39273 4.28224 4.20466 4.18456 3.53792 3.22299 3.55906 3.80818 3.91771 3.98025 3.49257 2.72405 2.56801 2.44711 2.29366 2.25790 2.31214 2.36459
4.65289 4.64718 4.57156 4.54852 4.57973 4.61563 4.66120 4.69276 4.63139 4.41001 4.33993 4.44003 4.49927 4.68448 4.68959 4.63857 4.69284 4.58517 4.55539 4.58177 4.69888 4.82129 4.62911 4.51485 4.59095 4.68361 4.63987 4.55316 4.55812 4.60839 4.64865 4.75778 4.84834 4.83951 4.90690 5.01325 4.97815 4.79297 4.69229 4.75411 4.93698 5.13555 5.12166 5.08062 5.11070 5.20680 5.08673 4.79458 4.49577 4.29084 4.20716 4.17578 4.08947 3.48314 3.33051 3.76209 4.20479 4.16530 3.73934 3.42149 3.34676 3.06575 2.95360 3.00220 2.95053 2.74419
4.65132 4.57648 4.55649 4.61216 4.59096 4.57391 4.58509 4.52858 4.47623 4.35780 4.37135 4.49851 4.51457 4.67434 4.70262 4.66830 4.62159 4.53563 4.52591 4.60625 4.76581 4.69053 4.59102 4.59363 4.64510 4.73938 4.71601 4.69804 4.66191 4.60945 4.64047 4.74084 4.74049 4.71300 4.77927 4.90247 4.83799 4.68890 4.71111 4.69824 4.79637 4.91730 4.90655 4.94101 5.04481 5.21365 5.21118 4.92440 4.53357 4.39137 4.31338 4.25501 4.35944 4.13750 3.64391 3.62007 4.05519 4.20036 4.18769 4.17568 3.91488 4.00894 4.14974 4.17589 3.91717 3.28824
4.59767 4.59816 4.65686 4.70586 4.61653 4.59625 4.58800 4.48546 4.38674 4.32178 4.44354 4.53194 4.51108 4.60249 4.71014 4.65617 4.55316 4.50799 4.55049 4.68749 4.68757 4.60549 4.62454 4.68911 4.73792 4.70693 4.77019 4.89565 4.80705 4.67077 4.71402 4.85355 4.83454 4.82257 4.76830 4.85482 4.82100 4.74744 4.84653 4.72369 4.76450 4.72653 4.76012 4.78111 4.86080 5.07265 5.13291 4.78984 4.46925 4.44609 4.32166 4.34568 4.37481 3.99018 3.61733 3.83108 4.24360 4.43265 4.47666 4.34856 4.33851 4.50331 4.49199 4.36936 4.32793 4.04134
4.64290 4.69809 4.76279 4.70436 4.59893 4.58242 4.54849 4.46045 4.39165 4.36345 4.44803 4.50126 4.50295 4.55499 4.63016 4.60056 4.53814 4.54933 4.66138 4.73014 4.61759 4.67648 4.83701 4.85357 4.82555 4.74742 4.87689 5.02792 4.84960 4.76997 4.76005 4.86816 4.90555 4.84210 4.81306 4.84481 4.79935 4.75278 4.89170 4.76525 4.71061 4.69863 4.77060 4.70194 4.77097 4.89684 4.83360 4.54381 4.45453 4.56918 4.38471 4.38726 4.33469 4.03547 4.04256 4.30065 4.46662 4.53173 4.54241 4.50783 4.57352 4.67691 4.50998 4.42203 4.48045 4.40049
4.74789 4.76184 4.71983 4.62298 4.53915 4.51019 4.49031 4.40506 4.37229 4.41728 4.45768 4.47550 4.50956 4.57424 4.63398 4.57824 4.55763 4.64292 4.77710 4.65473 4.63047 4.82056 5.03420 5.00421 4.86640 4.79067 4.92950 5.13439 5.06236 4.86659 4.88780 5.03910 5.00910 4.87313 4.79397 4.76132 4.75162 4.75534 4.87935 4.85499 4.74435 4.69434 4.63790 4.63427 4.73005 4.65589 4.54414 4.46863 4.54246 4.56990 4.45365 4.51919 4.46607 4.21698 4.37063 4.49448 4.57364 4.74532 4.77993 4.75370 4.73573 4.67119 4.51010 4.53627 4.53992 4.54472
4.74022 4.69945 4.61853 4.55659 4.50529 4.47598 4.45579 4.39174 4.39715 4.45528 4.46426 4.43262 4.48192 4.55957 4.61044 4.55965 4.59824 4.72747 4.70148 4.61730 4.71068 4.97493 5.08653 4.92844 4.73321 4.74482 4.98114 5.17487 5.19585 5.10709 5.10001 5.06885 4.84023 4.71625 4.70929 4.69917 4.74735 4.81700 4.90059 4.88665 4.73131 4.60621 4.52604 4.56361 4.56700 4.45454 4.45821 4.52121 4.59515 4.49905 4.51013 4.65484 4.47876 4.31459 4.47705 4.61601 4.62682 4.80401 4.83302 4.73494 4.70359 4.70966 4.58584 4.66216 4.61981 4.71106
4.64538 4.62351 4.55281 4.54747 4.55921 4.53582 4.52450 4.45833 4.45322 4.49624 4.49414 4.41166 4.43842 4.50593 4.55468 4.56158 4.66320 4.70571 4.62588 4.63054 4.80397 5.04149 4.97748 4.72473 4.61639 4.62528 4.90136 5.13001 5.14815 5.10803 5.06176 4.92798 4.70016 4.63986 4.68495 4.68279 4.74330 4.82188 4.82605 4.73883 4.61735 4.56775 4.47170 4.44210 4.41366 4.43800 4.56081 4.56961 4.50027 4.47746 4.62143 4.68663 4.51847 4.44307 4.52117 4.64596 4.73807 4.91917 4.94096 4.89787 4.81406 4.85144 4.66620 4.69309 4.69198 4.81026
4.55108 4.55693 4.53246 4.57994 4.62934 4.60710 4.61116 4.50009 4.45268 4.49308 4.54124 4.44535 4.43284 4.48538 4.54498 4.61297 4.72399 4.67173 4.60690 4.64695 4.83035 5.00051 4.82658 4.64198 4.62028 4.55494 4.74386 4.95130 4.90556 4.80058 4.74929 4.67795 4.57925 4.57559 4.62381 4.62503 4.69252 4.78853 4.71508 4.62898 4.58952 4.64245 4.58147 4.49005 4.48481 4.58645 4.53500 4.46518 4.50132 4.59942 4.72598 4.82371 4.66804 4.52138 4.52047 4.67865 4.84472 5.01942 5.00789 4.97655 4.94305 4.98087 4.81041 4.75811 4.83573 5.00903
4.52977 4.52870 4.56547 4.63851 4.63974 4.62448 4.65309 4.52751 4.42854 4.44711 4.55311 4.47011 4.44515 4.49645 4.55452 4.64000 4.70612 4.63682 4.60460 4.66053 4.81848 4.89947 4.75434 4.66064 4.66128 4.56659 4.63112 4.70818 4.63845 4.56763 4.55388 4.55335 4.53158 4.56042 4.59681 4.58234 4.63729 4.77073 4.65623 4.61354 4.65212 4.79184 4.79703 4.68316 4.68769 4.66221 4.50412 4.49374 4.55028 4.56458 4.66442 4.73598 4.60497 4.60284 4.58988 4.69498 4.84704 4.90657 4.84934 4.88446 4.84941 4.82917 4.85461 4.93583 4.96244 5.03187
