mrvbf_slope1_pctl1.4.asc
NCOLS 410
NROWS 410
XLLCORNER 2398750.0000000000000000
YLLCORNER 2548750.0000000000000000
CELLSIZE 250.0000000000000000
NODATA_VALUE -99999.00000
[rows 87 to 115 of 410, columns 198 to 263 of 410]
7.66969 7.66310 7.65683 7.65960 7.66303 7.66340 7.65930 7.65152 7.65082 7.65165 7.64651 7.65077 7.65418 7.65208 7.65137 7.64685 7.64711 7.64213 7.63568 7.62648 7.62529 7.62031 7.61275 7.60969 7.61359 7.61883 7.62798 7.62789 7.62796 7.62453 -99999.00000 -99999.00000 -99999.00000 -99999.00000 -99999.00000 -99999.00000 -99999.00000 -99999.00000 -99999.00000 -99999.00000 -99999.00000 -99999.00000 -99999.00000 -99999.00000 -99999.00000 -99999.00000 -99999.00000 -99999.00000 -99999.00000 -99999.00000 -99999.00000 -99999.00000 -99999.00000 -99999.00000 -99999.00000 -99999.00000 -99999.00000 -99999.00000 -99999.00000 -99999.00000 -99999.00000 -99999.00000 -99999.00000 -99999.00000 -99999.00000 -99999.00000
7.67747 7.67119 7.66382 7.66522 7.66999 7.66748 7.66105 7.65593 7.64620 7.64560 7.64948 7.65005 7.64922 7.64869 7.64782 7.65096 7.65082 7.64594 7.64139 7.63007 7.62270 7.61750 7.61503 7.60978 7.60972 7.61503 7.62615 7.63405 7.63316 7.62507 7.61441 -99999.00000 -99999.00000 -99999.00000 -99999.00000 -99999.00000 -99999.00000 -99999.00000 -99999.00000 -99999.00000 -99999.00000 -99999.00000 -99999.00000 -99999.00000 -99999.00000 -99999.00000 -99999.00000 -99999.00000 -99999.00000 -99999.00000 -99999.00000 -99999.00000 -99999.00000 -99999.00000 -99999.00000 -99999.00000 -99999.00000 -99999.00000 -99999.00000 -99999.00000 -99999.00000 -99999.00000 -99999.00000 -99999.00000 -99999.00000 -99999.00000
7.67704 7.67201 7.67019 7.67470 7.67220 7.66463 7.65788 7.64723 7.64988 7.64869 7.64767 7.64331 7.64423 7.65046 7.64889 7.65180 7.65074 7.64983 7.64593 7.63556 7.62745 7.60911 7.60316 7.60526 7.60994 7.61668 7.62535 7.63590 7.63591 7.63209 7.62096 -99999.00000 -99999.00000 -99999.00000 -99999.00000 -99999.00000 -99999.00000 -99999.00000 -99999.00000 -99999.00000 -99999.00000 -99999.00000 -99999.00000 -99999.00000 -99999.00000 -99999.00000 -99999.00000 -99999.00000 -99999.00000 -99999.00000 -99999.00000 -99999.00000 -99999.00000 -99999.00000 -99999.00000 -99999.00000 -99999.00000 -99999.00000 -99999.00000 -99999.00000 -99999.00000 -99999.00000 -99999.00000 -99999.00000 -99999.00000 -99999.00000
7.67898 7.67341 7.67253 7.67507 7.67172 7.66812 7.65903 7.65003 7.64843 7.64281 7.64610 7.64958 7.64855 7.64931 7.65018 7.65237 7.64844 7.64572 7.63930 7.63410 7.63049 7.61307 7.59689 7.59515 7.60188 7.61734 7.62571 7.63028 7.63335 7.63917 7.63308 -99999.00000 -99999.00000 -99999.00000 -99999.00000 -99999.00000 -99999.00000 -99999.00000 -99999.00000 -99999.00000 -99999.00000 -99999.00000 -99999.00000 -99999.00000 -99999.00000 -99999.00000 -99999.00000 -99999.00000 -99999.00000 -99999.00000 -99999.00000 -99999.00000 -99999.00000 -99999.00000 -99999.00000 -99999.00000 -99999.00000 -99999.00000 -99999.00000 -99999.00000 -99999.00000 -99999.00000 -99999.00000 -99999.00000 -99999.00000 -99999.00000
7.67871 7.67538 7.67356 7.67040 7.66827 7.67085 7.66562 7.65353 7.65223 7.64844 7.65027 7.65065 7.64697 7.64330 7.65122 7.65407 7.64999 7.64171 7.63099 7.63218 7.62344 7.60915 7.60009 7.58692 7.60129 7.61723 7.62156 7.62585 7.63779 7.63694 7.63506 -99999.00000 -99999.00000 -99999.00000 -99999.00000 -99999.00000 -99999.00000 -99999.00000 -99999.00000 -99999.00000 -99999.00000 -99999.00000 -99999.00000 -99999.00000 -99999.00000 -99999.00000 -99999.00000 -99999.00000 -99999.00000 -99999.00000 -99999.00000 -99999.00000 -99999.00000 -99999.00000 -99999.00000 -99999.00000 -99999.00000 -99999.00000 -99999.00000 -99999.00000 -99999.00000 -99999.00000 -99999.00000 -99999.00000 -99999.00000 -99999.00000
7.66609 7.67352 7.67252 7.66822 7.66589 7.66915 7.66533 7.65792 7.65798 7.65056 7.64980 7.64759 7.64689 7.64517 7.65008 7.65129 7.64560 7.63166 7.62953 7.62525 7.61734 7.61018 7.60663 7.59712 7.60514 7.61938 7.62191 7.62847 7.63479 7.63812 7.63580 7.62949 -99999.00000 -99999.00000 -99999.00000 -99999.00000 -99999.00000 -99999.00000 -99999.00000 -99999.00000 -99999.00000 -99999.00000 -99999.00000 -99999.00000 -99999.00000 -99999.00000 -99999.00000 -99999.00000 -99999.00000 -99999.00000 -99999.00000 -99999.00000 -99999.00000 -99999.00000 -99999.00000 -99999.00000 -99999.00000 -99999.00000 -99999.00000 -99999.00000 -99999.00000 -99999.00000 -99999.00000 -99999.00000 -99999.00000 -99999.00000
7.64056 7.66056 7.67094 7.66823 7.66714 7.66271 7.66296 7.65856 7.65529 7.64591 7.64493 7.64519 7.65017 7.64496 7.64787 7.64722 7.63483 7.62366 7.62903 7.62403 7.62067 7.61782 7.61367 7.60389 7.61027 7.62432 7.62607 7.62362 7.62731 7.63304 7.62813 7.62291 -99999.00000 -99999.00000 -99999.00000 -99999.00000 -99999.00000 -99999.00000 -99999.00000 -99999.00000 -99999.00000 -99999.00000 -99999.00000 -99999.00000 -99999.00000 -99999.00000 -99999.00000 -99999.00000 -99999.00000 -99999.00000 -99999.00000 -99999.00000 -99999.00000 -99999.00000 -99999.00000 -99999.00000 -99999.00000 -99999.00000 -99999.00000 -99999.00000 -99999.00000 -99999.00000 -99999.00000 -99999.00000 -99999.00000 -99999.00000
7.63587 7.63631 7.66254 7.66247 7.65959 7.66144 7.65555 7.65404 7.64583 7.64451 7.64706 7.64679 7.64431 7.63948 7.64536 7.64557 7.62866 7.62415 7.63055 7.63126 7.62480 7.62248 7.61942 7.60816 7.61236 7.62479 7.62806 7.62590 7.62284 7.62601 7.61885 7.60721 -99999.00000 -99999.00000 -99999.00000 -99999.00000 -99999.00000 -99999.00000 -99999.00000 -99999.00000 -99999.00000 -99999.00000 -99999.00000 -99999.00000 -99999.00000 -99999.00000 -99999.00000 -99999.00000 -99999.00000 -99999.00000 -99999.00000 -99999.00000 -99999.00000 -99999.00000 -99999.00000 -99999.00000 -99999.00000 -99999.00000 -99999.00000 -99999.00000 -99999.00000 -99999.00000 -99999.00000 -99999.00000 -99999.00000 -99999.00000
7.61204 7.64181 7.65341 7.65744 7.65831 7.65547 7.64994 7.64718 7.64528 7.64935 7.64862 7.64250 7.63861 7.63889 7.63963 7.63850 7.62577 7.62589 7.63259 7.63290 7.62450 7.62507 7.62885 7.61779 7.61297 7.62487 7.63079 7.62982 7.63067 7.62732 7.62720 7.62664 -99999.00000 -99999.00000 -99999.00000 -99999.00000 -99999.00000 -99999.00000 -99999.00000 -99999.00000 -99999.00000 -99999.00000 -99999.00000 -99999.00000 -99999.00000 -99999.00000 -99999.00000 -99999.00000 -99999.00000 -99999.00000 -99999.00000 -99999.00000 -99999.00000 -99999.00000 -99999.00000 -99999.00000 -99999.00000 -99999.00000 -99999.00000 -99999.00000 -99999.00000 -99999.00000 -99999.00000 -99999.00000 -99999.00000 -99999.00000
7.61508 7.64265 7.64554 7.65373 7.65386 7.65692 7.64662 7.64302 7.64821 7.65309 7.64999 7.64138 7.63730 7.63723 7.63818 7.62791 7.62581 7.62739 7.62835 7.62627 7.62625 7.62984 7.62803 7.62148 7.61496 7.62074 7.62783 7.63111 7.63511 7.63469 7.63499 7.63317 7.62387 -99999.00000 -99999.00000 -99999.00000 -99999.00000 -99999.00000 -99999.00000 -99999.00000 -99999.00000 -99999.00000 -99999.00000 -99999.00000 -99999.00000 -99999.00000 -99999.00000 -99999.00000 -99999.00000 -99999.00000 -99999.00000 -99999.00000 -99999.00000 -99999.00000 -99999.00000 -99999.00000 -99999.00000 -99999.00000 -99999.00000 -99999.00000 -99999.00000 -99999.00000 -99999.00000 -99999.00000 -99999.00000 -99999.00000
7.63661 7.65250 7.64741 7.63705 7.65048 7.65596 7.65373 7.65052 7.64808 7.65129 7.64554 7.63910 7.64698 7.64678 7.63919 7.63185 7.62327 7.62453 7.62676 7.62769 7.62661 7.62612 7.62061 7.61506 7.61429 7.62534 7.62923 7.62694 7.63008 7.62915 7.62974 7.63068 7.62163 -99999.00000 -99999.00000 -99999.00000 -99999.00000 -99999.00000 -99999.00000 -99999.00000 -99999.00000 -99999.00000 -99999.00000 -99999.00000 -99999.00000 -99999.00000 -99999.00000 -99999.00000 -99999.00000 -99999.00000 -99999.00000 -99999.00000 -99999.00000 -99999.00000 -99999.00000 -99999.00000 -99999.00000 -99999.00000 -99999.00000 -99999.00000 -99999.00000 -99999.00000 -99999.00000 -99999.00000 -99999.00000 -99999.00000
7.62053 7.63247 7.64815 7.63995 7.64417 7.64906 7.65460 7.65488 7.65248 7.65177 7.64476 7.64615 7.64944 7.64950 7.64088 7.62763 7.62595 7.62902 7.62594 7.62394 7.61762 7.61818 7.61990 7.61924 7.62299 7.63047 7.62938 7.62384 7.62435 7.62771 7.62538 7.63308 7.62569 7.62526 -99999.00000 -99999.00000 -99999.00000 -99999.00000 -99999.00000 -99999.00000 -99999.00000 -99999.00000 -99999.00000 -99999.00000 -99999.00000 -99999.00000 -99999.00000 -99999.00000 -99999.00000 -99999.00000 -99999.00000 -99999.00000 -99999.00000 -99999.00000 -99999.00000 -99999.00000 -99999.00000 -99999.00000 -99999.00000 -99999.00000 -99999.00000 -99999.00000 -99999.00000 -99999.00000 -99999.00000 -99999.00000
7.61894 7.57965 7.61829 7.64175 7.64507 7.64935 7.65216 7.65317 7.65169 7.64955 7.64766 7.64588 7.64887 7.64573 7.63678 7.63097 7.63164 7.62578 7.61983 7.61185 7.61789 7.62437 7.62653 7.62658 7.62823 7.63273 7.63183 7.62742 7.62382 7.62587 7.62729 7.63058 7.62851 7.62788 7.62064 7.61505 -99999.00000 -99999.00000 -99999.00000 -99999.00000 -99999.00000 -99999.00000 -99999.00000 -99999.00000 -99999.00000 -99999.00000 -99999.00000 -99999.00000 -99999.00000 -99999.00000 -99999.00000 -99999.00000 -99999.00000 -99999.00000 -99999.00000 -99999.00000 -99999.00000 -99999.00000 -99999.00000 -99999.00000 -99999.00000 -99999.00000 -99999.00000 -99999.00000 -99999.00000 -99999.00000
7.60155 7.60627 7.59706 7.63398 7.64931 7.65570 7.65050 7.65430 7.64881 7.64272 7.64564 7.64689 7.64277 7.64092 7.64001 7.63165 7.62677 7.62299 7.61577 7.61597 7.62758 7.63119 7.62973 7.63226 7.61977 7.61886 7.62610 7.62579 7.62127 7.62348 7.62844 7.62197 7.62601 7.63073 7.62391 7.61926 7.61702 -99999.00000 -99999.00000 -99999.00000 -99999.00000 -99999.00000 -99999.00000 -99999.00000 -99999.00000 -99999.00000 -99999.00000 -99999.00000 -99999.00000 -99999.00000 -99999.00000 -99999.00000 -99999.00000 -99999.00000 -99999.00000 -99999.00000 -99999.00000 -99999.00000 -99999.00000 -99999.00000 -99999.00000 -99999.00000 -99999.00000 -99999.00000 -99999.00000 -99999.00000
7.62494 7.59572 7.62832 7.64620 7.64846 7.65020 7.65462 7.65455 7.64702 7.64316 7.63883 7.63904 7.63632 7.63770 7.63902 7.62987 7.61931 7.62861 7.62635 7.62028 7.62510 7.62336 7.63003 7.63020 7.61828 7.60910 7.61325 7.62105 7.61840 7.61935 7.62113 7.61655 7.62346 7.63079 7.62696 7.61551 7.61264 7.61371 7.61622 -99999.00000 -99999.00000 -99999.00000 -99999.00000 -99999.00000 -99999.00000 -99999.00000 -99999.00000 -99999.00000 -99999.00000 -99999.00000 -99999.00000 -99999.00000 -99999.00000 -99999.00000 -99999.00000 -99999.00000 -99999.00000 -99999.00000 -99999.00000 -99999.00000 -99999.00000 -99999.00000 -99999.00000 -99999.00000 -99999.00000 -99999.00000
7.63499 7.63976 7.65469 7.65165 7.64664 7.64670 7.64860 7.65346 7.64249 7.63743 7.63616 7.63941 7.63553 7.62990 7.62896 7.62619 7.62052 7.63274 7.62852 7.62264 7.62383 7.61937 7.61978 7.62175 7.61214 7.60066 7.60040 7.61843 7.61788 7.62132 7.61789 7.61484 7.61536 7.62644 7.62794 7.61859 7.61993 7.62462 7.61991 7.60864 -99999.00000 -99999.00000 -99999.00000 -99999.00000 -99999.00000 -99999.00000 -99999.00000 -99999.00000 -99999.00000 -99999.00000 -99999.00000 -99999.00000 -99999.00000 -99999.00000 -99999.00000 -99999.00000 -99999.00000 -99999.00000 -99999.00000 -99999.00000 -99999.00000 -99999.00000 -99999.00000 -99999.00000 -99999.00000 -99999.00000
7.65296 7.65833 7.66001 7.65225 7.64851 7.65251 7.65101 7.65625 7.64702 7.63076 7.63483 7.64112 7.63409 7.63034 7.62534 7.62449 7.62360 7.63153 7.63065 7.62729 7.62103 7.61799 7.61579 7.61697 7.60858 7.59375 7.60825 7.61945 7.61522 7.62133 7.61662 7.60829 7.60460 7.61248 7.61786 7.61169 7.61420 7.62032 7.61597 7.60318 7.58954 -99999.00000 -99999.00000 -99999.00000 -99999.00000 -99999.00000 -99999.00000 -99999.00000 -99999.00000 -99999.00000 -99999.00000 -99999.00000 -99999.00000 -99999.00000 -99999.00000 -99999.00000 -99999.00000 -99999.00000 -99999.00000 -99999.00000 -99999.00000 -99999.00000 -99999.00000 -99999.00000 -99999.00000 -99999.00000
7.64242 7.65682 7.65662 7.64863 7.65050 7.64846 7.64326 7.64749 7.64861 7.64464 7.63598 7.63479 7.62546 7.62425 7.63457 7.62953 7.63092 7.62940 7.62466 7.62087 7.61891 7.61176 7.60465 7.60745 7.61281 7.60556 7.60840 7.61756 7.61655 7.61602 7.61178 7.59697 7.59959 7.60870 7.61398 7.60696 7.60847 7.61173 7.60483 7.59471 7.59080 7.58076 -99999.00000 -99999.00000 -99999.00000 -99999.00000 -99999.00000 -99999.00000 -99999.00000 -99999.00000 -99999.00000 -99999.00000 -99999.00000 -99999.00000 -99999.00000 -99999.00000 -99999.00000 -99999.00000 -99999.00000 -99999.00000 -99999.00000 -99999.00000 -99999.00000 -99999.00000 -99999.00000 -99999.00000
7.64090 7.64990 7.64606 7.64351 7.64116 7.63950 7.64186 7.64426 7.64810 7.64706 7.64261 7.64470 7.63637 7.62628 7.63432 7.63555 7.63446 7.63771 7.63129 7.62109 7.60909 7.60056 7.59613 7.59946 7.60540 7.59826 7.60397 7.61202 7.61426 7.61026 7.59938 7.59779 7.60051 7.61091 7.61729 7.61103 7.60793 7.60357 7.60089 7.59594 7.59458 7.59360 7.59509 -99999.00000 -99999.00000 -99999.00000 -99999.00000 -99999.00000 -99999.00000 -99999.00000 -99999.00000 -99999.00000 -99999.00000 -99999.00000 -99999.00000 -99999.00000 -99999.00000 -99999.00000 -99999.00000 -99999.00000 -99999.00000 -99999.00000 -99999.00000 -99999.00000 -99999.00000 -99999.00000
7.63261 7.64644 7.64280 7.61871 7.60075 7.62585 7.64104 7.64737 7.64642 7.64222 7.64735 7.64612 7.64232 7.63977 7.63680 7.63852 7.63783 7.63902 7.63559 7.62617 7.61300 7.60046 7.59274 7.59340 7.59986 7.60050 7.59127 7.60209 7.61004 7.60251 7.59909 7.59684 7.60278 7.60843 7.60712 7.59990 7.59880 7.60298 7.60288 7.59857 7.59557 7.59461 7.58694 7.57917 -99999.00000 -99999.00000 -99999.00000 -99999.00000 -99999.00000 -99999.00000 -99999.00000 -99999.00000 -99999.00000 -99999.00000 -99999.00000 -99999.00000 -99999.00000 -99999.00000 -99999.00000 -99999.00000 -99999.00000 -99999.00000 -99999.00000 -99999.00000 -99999.00000 -99999.00000
7.63473 7.64924 7.64175 7.58870 7.59544 7.59443 7.63857 7.64613 7.64686 7.64861 7.64510 7.64526 7.64451 7.64376 7.64108 7.63729 7.63303 7.62879 7.62956 7.62145 7.61948 7.60814 7.59963 7.59559 7.59465 7.59930 7.59216 7.59052 7.59689 7.59115 7.58332 7.58899 7.60099 7.60024 7.59404 7.59939 7.59309 7.60290 7.60132 7.59553 7.59221 7.58621 7.58721 7.58867 7.58498 -99999.00000 -99999.00000 -99999.00000 -99999.00000 -99999.00000 -99999.00000 -99999.00000 -99999.00000 -99999.00000 -99999.00000 -99999.00000 -99999.00000 -99999.00000 -99999.00000 -99999.00000 -99999.00000 -99999.00000 -99999.00000 -99999.00000 -99999.00000 -99999.00000
7.64751 7.64845 7.64612 7.62013 7.58716 7.61946 7.64456 7.64766 7.64615 7.64743 7.64670 7.64567 7.64559 7.64257 7.63540 7.62876 7.62053 7.61755 7.62525 7.62035 7.62424 7.61859 7.61233 7.60836 7.59807 7.59307 7.59273 7.59201 7.60048 7.60401 7.59647 7.58663 7.58831 7.59020 7.58847 7.59671 7.59654 7.60113 7.59980 7.59250 7.58308 7.58058 7.58591 7.58921 7.58460 -99999.00000 -99999.00000 -99999.00000 -99999.00000 -99999.00000 -99999.00000 -99999.00000 -99999.00000 -99999.00000 -99999.00000 -99999.00000 -99999.00000 -99999.00000 -99999.00000 -99999.00000 -99999.00000 -99999.00000 -99999.00000 -99999.00000 -99999.00000 -99999.00000
7.65397 7.64548 7.64591 7.64247 7.63090 7.62927 7.63548 7.64164 7.64588 7.64749 7.64739 7.64865 7.64629 7.63694 7.62585 7.59931 7.59507 7.61292 7.62399 7.62123 7.62289 7.61989 7.61796 7.61835 7.61126 7.59779 7.58993 7.58902 7.59519 7.60135 7.60215 7.59271 7.57630 7.57559 7.57745 7.58327 7.59383 7.59957 7.59957 7.59205 7.58736 7.58413 7.58760 7.58159 7.57593 7.57338 7.57530 -99999.00000 -99999.00000 -99999.00000 -99999.00000 -99999.00000 -99999.00000 -99999.00000 -99999.00000 -99999.00000 -99999.00000 -99999.00000 -99999.00000 -99999.00000 -99999.00000 -99999.00000 -99999.00000 -99999.00000 -99999.00000 -99999.00000
7.65260 7.64594 7.64565 7.62967 7.60259 7.57566 7.61111 7.62910 7.64206 7.64511 7.64118 7.64002 7.63817 7.62778 7.60281 7.59082 7.60570 7.61075 7.60916 7.61259 7.61772 7.61654 7.62334 7.62565 7.61779 7.60963 7.59761 7.58933 7.59306 7.59633 7.59216 7.59084 7.57781 7.56564 7.56993 7.57478 7.58490 7.59483 7.59427 7.59279 7.58658 7.58732 7.58150 7.57581 7.57325 7.57132 7.57575 7.58497 7.58748 -99999.00000 -99999.00000 -99999.00000 -99999.00000 -99999.00000 -99999.00000 -99999.00000 -99999.00000 -99999.00000 -99999.00000 -99999.00000 -99999.00000 -99999.00000 -99999.00000 -99999.00000 -99999.00000 -99999.00000
7.64921 7.63857 7.64436 7.61263 7.55783 7.57303 7.57583 7.61898 7.63049 7.64049 7.63938 7.63269 7.62276 7.61907 7.61229 7.59366 7.59170 7.60382 7.60591 7.61250 7.60934 7.61552 7.62188 7.62642 7.61818 7.61116 7.60669 7.59159 7.59020 7.60145 7.59534 7.58767 7.58491 7.57950 7.56891 7.57341 7.58380 7.59177 7.58490 7.57840 7.58110 7.57759 7.57540 7.57631 7.57994 7.57421 7.57426 7.58101 7.58005 7.56847 7.55618 -99999.00000 -99999.00000 -99999.00000 -99999.00000 -99999.00000 -99999.00000 -99999.00000 -99999.00000 -99999.00000 -99999.00000 -99999.00000 -99999.00000 -99999.00000 -99999.00000 -99999.00000
7.62623 7.59406 7.62528 7.63154 7.58642 7.54266 7.57334 7.60653 7.62923 7.62856 7.62859 7.62291 7.62243 7.62316 7.61755 7.61812 7.61896 7.60465 7.60992 7.61502 7.61383 7.60489 7.61281 7.62344 7.61798 7.61405 7.60375 7.59157 7.59096 7.60043 7.59531 7.58478 7.58466 7.58934 7.58492 7.58308 7.58724 7.58984 7.57939 7.55946 7.56290 7.56531 7.56906 7.57374 7.57491 7.57792 7.58202 7.57981 7.57462 7.56787 7.55696 7.54052 -99999.00000 -99999.00000 -99999.00000 -99999.00000 -99999.00000 -99999.00000 -99999.00000 -99999.00000 -99999.00000 -99999.00000 -99999.00000 -99999.00000 -99999.00000 -99999.00000
7.57736 7.59374 7.58142 7.62364 7.61552 7.56499 7.60147 7.58771 7.61792 7.63040 7.62638 7.62149 7.63191 7.62570 7.62752 7.62924 7.62735 7.61843 7.61932 7.62003 7.60531 7.60454 7.61703 7.61899 7.61594 7.61253 7.59804 7.59011 7.58857 7.59607 7.59111 7.58537 7.57799 7.58407 7.58294 7.58390 7.59125 7.59130 7.57969 7.57056 7.55676 7.56671 7.57086 7.56730 7.56250 7.56713 7.57775 7.57902 7.57133 7.56351 7.56161 7.55929 7.54768 7.53542 -99999.00000 -99999.00000 -99999.00000 -99999.00000 -99999.00000 -99999.00000 -99999.00000 -99999.00000 -99999.00000 -99999.00000 -99999.00000 -99999.00000
7.58380 7.56078 7.59895 7.62484 7.61710 7.58640 7.58902 7.59529 7.62386 7.62797 7.61942 7.61767 7.62004 7.62037 7.63295 7.63192 7.62447 7.62233 7.62617 7.62926 7.61482 7.60852 7.61449 7.61614 7.61119 7.60728 7.59975 7.59131 7.58235 7.57804 7.58986 7.58941 7.57569 7.58210 7.58794 7.58885 7.58634 7.58547 7.58002 7.56340 7.56908 7.57758 7.57590 7.57587 7.56591 7.55856 7.56219 7.56947 7.57568 7.57898 7.58180 7.57420 7.56071 7.55301 7.55107 -99999.00000 -99999.00000 -99999.00000 -99999.00000 -99999.00000 -99999.00000 -99999.00000 -99999.00000 -99999.00000 -99999.00000 -99999.00000
7.57507 7.60316 7.61699 7.61616 7.59475 7.51058 7.54825 7.52582 7.59797 7.61162 7.61967 7.61470 7.61422 7.61993 7.62766 7.63146 7.63059 7.62408 7.62625 7.62636 7.61699 7.61285 7.60813 7.60610 7.61182 7.61184 7.60788 7.59435 7.58378 7.58094 7.58970 7.58817 7.58192 7.58006 7.58184 7.58315 7.57941 7.58110 7.57937 7.57386 7.58356 7.58383 7.58052 7.57994 7.57983 7.57538 7.57092 7.57675 7.58382 7.58571 7.58127 7.57508 7.56835 7.55551 7.55049 7.55844 7.56269 -99999.00000 -99999.00000 -99999.00000 -99999.00000 -99999.00000 -99999.00000 -99999.00000 -99999.00000 -99999.00000
