mrvbf_slope0.7_pctl0.9.asc
NCOLS 410
NROWS 410
XLLCORNER 2398750.0000000000000000
YLLCORNER 2548750.0000000000000000
CELLSIZE 250.0000000000000000
NODATA_VALUE -99999.00000
[rows 203 to 231 of 410, columns 264 to 329 of 410]
5.18106 5.22859 5.20013 4.93557 4.85513 5.10083 5.20543 5.20514 5.23785 5.34269 5.29090 5.26897 5.26500 5.30510 5.30884 5.33518 5.29593 5.24411 5.18484 5.07962 5.09292 5.19208 5.05375 4.75745 4.71038 4.48855 3.21911 2.81141 3.66076 3.83763 4.28249 4.49928 4.53992 4.45530 4.43264 4.16163 4.33821 4.47067 4.57815 4.81998 4.38455 4.01586 2.89462 3.84064 4.70620 4.91464 5.21499 5.25529 5.38652 5.41791 5.44810 5.34246 5.07289 5.08540 5.35998 5.47289 5.63329 6.00986 6.12456 5.94902 6.14786 6.19301 6.14268 5.97388 5.98517 5.98987
5.08575 5.04055 5.16873 4.99210 4.76770 4.80115 5.06371 5.25969 5.32303 5.29581 5.25621 5.26859 5.23568 5.28603 5.27407 5.34074 5.35191 5.28592 5.21854 5.13378 5.23030 5.19347 4.90375 4.80580 4.62523 4.68395 4.34371 3.19693 3.44697 3.26641 3.57140 3.85875 3.68384 4.00967 4.26748 4.14730 4.32912 4.43243 4.27273 4.45737 4.79598 4.45873 3.94263 4.21829 4.81479 5.05616 5.09090 5.27087 5.39977 5.46704 5.37559 5.32957 5.25862 4.96584 5.29842 5.49632 5.70948 5.89839 6.02221 5.86934 6.07179 6.10267 6.14984 6.00262 5.95347 5.79360
5.06528 4.99265 5.08270 5.03769 4.82331 4.75780 4.84006 5.15604 5.27217 5.23674 5.23147 5.34489 5.29370 5.22806 5.30942 5.33685 5.28352 5.21970 5.22231 5.19494 5.24745 5.28409 5.07766 4.76235 4.89634 4.98113 4.81127 4.55667 4.48469 4.21852 3.78902 3.79587 3.92337 4.36119 4.53221 4.53261 4.78030 4.64031 3.98276 4.38550 4.89631 4.51106 3.81275 3.91871 4.77524 5.07111 5.02404 5.32210 5.35743 5.48542 5.41772 5.39302 5.28710 4.90900 5.02942 5.49027 5.76091 5.81344 5.82099 5.82410 6.05923 6.00410 6.09055 6.01533 5.78270 5.67532
5.03536 4.94913 5.03459 5.06999 4.88973 4.78150 4.78292 4.97243 5.22229 5.16857 5.24716 5.33046 5.34649 5.29947 5.27520 5.21892 5.22400 5.22464 5.17252 5.19753 5.20474 5.20663 5.11065 5.11520 5.17950 5.19710 5.08545 5.06875 4.94529 4.73712 4.56999 4.58185 4.64695 4.74935 4.97405 4.92628 5.20667 4.89272 4.22915 4.25739 4.85464 4.63386 4.11460 4.29259 4.84112 5.10381 5.04475 5.24691 5.26376 5.30935 5.24377 5.27316 5.29283 5.06613 4.89248 5.39223 5.71438 5.81363 5.81839 5.97966 6.04476 5.98610 5.96073 5.85968 5.69648 5.63820
5.15889 4.95298 5.10599 5.12607 4.98140 4.77363 4.71993 4.85154 5.11170 5.15969 5.21358 5.26380 5.28252 5.30913 5.15692 5.01939 5.16562 5.22445 5.23620 5.27862 5.19165 5.13801 5.19004 5.23960 5.19939 5.27214 5.16225 5.13156 5.12272 5.05413 5.00187 4.98461 4.93882 4.94796 5.14144 5.11228 5.19521 4.82363 4.22032 4.27373 4.90493 4.96742 4.37145 4.39615 4.72713 4.71240 4.62893 4.74842 4.69429 4.72670 4.83153 5.09851 5.25597 5.13594 4.88649 5.31115 5.59861 5.77418 5.73873 5.75732 5.88487 5.90904 5.91412 5.83076 5.68861 5.60716
5.24918 5.03819 5.13201 5.11825 5.04320 4.81333 4.73165 4.73400 4.89174 5.13878 5.22855 5.18905 5.22652 5.19146 4.99142 5.02227 5.13759 5.21006 5.15105 5.20492 5.05498 5.09676 5.10560 5.13556 5.14841 5.24006 5.24358 5.19815 5.23755 5.19902 5.16091 5.03312 4.99782 5.04652 5.12940 5.03931 4.98544 4.68899 4.00176 4.23394 4.78244 4.95433 4.44597 4.39071 4.22371 4.15187 3.97365 4.31842 4.15551 4.27185 4.41496 4.74522 5.17997 5.28279 4.96942 5.14185 5.46053 5.58166 5.63652 5.62629 5.65400 5.72115 5.90426 5.79326 5.69044 5.63180
5.06688 4.90638 5.02333 5.02940 4.95036 4.83358 4.90237 4.83462 4.78101 4.92059 5.15614 5.20668 5.21799 5.08507 4.97157 5.17416 5.17970 5.20821 5.21984 5.06275 5.08251 5.08074 4.94891 5.00821 5.02447 5.19107 5.14826 5.25118 5.28221 5.23738 5.10687 5.10482 5.13409 5.10280 5.07648 4.97384 4.77255 4.52055 3.53750 3.85118 4.45221 4.58944 4.42738 4.37425 3.59195 3.90051 4.30971 4.48441 4.38673 4.17661 4.05865 4.20762 4.65943 5.16520 4.99662 5.16570 5.39919 5.44436 5.56950 5.61809 5.62168 5.65802 5.69691 5.77338 5.62186 5.57232
4.95903 4.90033 4.86661 4.95847 4.78696 4.79754 4.96685 4.97305 4.84494 4.79402 4.91082 5.05517 5.05773 4.97993 5.02711 5.16505 5.05839 4.98409 5.13762 5.11228 5.13894 5.10938 5.02060 5.03084 5.09849 5.19569 5.21069 5.20503 5.24187 5.20919 5.18090 5.02339 5.14050 5.20429 5.15234 4.84238 4.74173 4.36724 2.97606 3.51622 3.98245 4.02116 3.97914 4.09389 3.86350 4.00237 4.38632 4.61548 4.49791 4.61815 4.54914 4.23395 4.32019 4.74967 4.83320 4.91599 5.20655 5.09782 5.20446 5.48438 5.59207 5.57581 5.55824 5.62269 5.52314 5.45586
5.01983 4.85256 4.91687 4.98695 4.70537 4.61526 4.70293 4.63532 4.52881 4.51095 4.67251 4.94802 4.95471 4.84309 4.93612 4.98788 4.79118 4.95416 4.88505 5.01479 5.01859 5.13439 5.15711 5.03291 5.13865 5.21038 5.23618 5.18643 5.18072 5.20173 5.13248 5.07260 5.22161 5.20287 5.07464 4.90463 4.73629 4.37769 2.76819 3.18440 4.20500 4.00734 3.95369 4.32739 4.01099 4.10296 4.59503 4.85904 4.82520 4.87428 4.89016 4.62769 4.28448 4.41757 4.60535 4.63452 4.60312 4.36460 4.43697 4.86671 5.40549 5.41259 5.41701 5.44927 5.41075 5.24609
4.91026 4.87882 5.01413 4.96710 4.63584 4.45824 4.40416 4.33336 4.28986 4.39392 4.49666 4.64413 4.82902 4.77035 4.79171 4.78901 4.74400 4.92842 4.94108 5.00270 4.92895 5.10020 4.99136 4.86213 4.94682 5.03996 5.14898 5.09457 5.11330 5.15967 5.13260 5.01585 5.12101 5.20865 5.07065 4.88598 4.76547 4.50628 3.35833 2.80762 3.99065 3.89340 4.44586 4.38410 4.02364 4.41734 4.31631 4.51653 4.52881 4.51122 4.80175 4.76404 4.36393 3.94706 4.34874 4.47668 4.13776 4.06999 4.14566 4.44438 5.01678 5.26259 5.27234 5.39360 5.28291 4.68152
4.49690 4.53183 4.71420 4.70978 4.43021 4.14018 4.06831 4.14319 4.32238 4.48266 4.44850 4.44221 4.53079 4.61467 4.72329 4.68689 4.68548 4.73981 4.68157 4.79469 4.99794 4.89398 4.68581 4.74726 4.69967 4.82960 4.94700 4.99563 4.97047 4.97253 4.79220 4.78600 4.89897 5.18473 5.14335 4.94894 4.76039 4.67762 4.30742 3.16066 3.71054 3.98250 4.33854 4.30417 4.39225 4.40311 4.41437 4.38573 4.11016 4.31023 4.50561 4.70961 4.44823 4.23388 4.38795 4.55168 4.56835 4.40954 4.34611 4.39233 4.68690 4.96692 4.96261 4.82467 4.78437 4.33636
4.05100 4.07015 4.31835 4.40205 4.00900 3.63045 3.78265 4.09699 4.36188 4.48575 4.43251 4.27468 4.23480 4.33919 4.41557 4.41205 4.47209 4.54994 4.57798 4.71047 4.86437 4.71876 4.64822 4.64919 4.59796 4.68693 4.77607 4.84769 4.91527 4.73019 4.68356 4.66495 4.82068 5.18125 5.22581 5.07088 4.86516 4.70926 4.48955 3.57771 3.64676 4.18405 3.89565 4.25616 4.46157 4.54550 4.56174 4.48892 4.12308 4.00681 4.38224 4.65173 4.44733 4.47735 4.70171 5.11510 5.21158 4.81032 4.48016 4.28718 4.44267 4.66801 4.55944 4.34450 4.50500 4.20483
3.58222 3.44027 3.59693 3.83889 3.30259 3.23743 3.66001 4.07566 4.28567 4.37162 4.33343 4.15552 4.12350 4.23528 4.22897 4.01642 4.02762 4.29569 4.46133 4.58138 4.59230 4.52532 4.59899 4.65787 4.56977 4.61218 4.59660 4.60805 4.75523 4.71535 4.64182 4.70357 5.00115 5.20036 5.19426 5.05005 4.93053 4.77155 4.55829 3.89951 3.42466 4.01571 3.64983 4.19171 3.98983 4.16693 4.49689 4.51170 4.42307 4.00046 4.13661 4.48971 4.45897 4.46507 4.87439 5.23241 5.10041 4.74528 4.30409 4.31737 4.34538 4.57703 4.43799 4.49262 4.42289 4.43548
3.57236 3.25308 2.99620 2.97662 2.85559 3.24952 3.91799 4.24821 4.34911 4.39888 4.42262 4.37933 4.37292 4.43375 4.38561 4.12468 3.85614 4.10832 4.40388 4.51378 4.47956 4.39092 4.43351 4.51644 4.38324 4.33532 4.33586 4.46446 4.61742 4.68462 4.67191 4.81158 5.05412 5.09076 5.01359 4.99008 4.90665 4.79317 4.69572 4.42806 3.60120 3.76495 4.05467 3.77988 4.01859 4.35748 4.45704 4.54471 4.37318 4.23207 3.83512 4.11015 3.98275 4.40289 4.67957 4.82825 4.69500 4.54667 4.06817 3.95165 4.26183 4.62496 4.61500 4.26311 4.08220 3.81622
4.11672 3.96362 3.41814 3.13582 3.42237 4.09797 4.39585 4.49737 4.48590 4.48106 4.55792 4.50612 4.49358 4.56499 4.48781 4.38929 4.30961 4.29221 4.47182 4.57622 4.53696 4.46281 4.48146 4.52841 4.39778 4.28640 4.21963 4.30401 4.45079 4.53720 4.57891 4.66326 4.84993 4.89090 4.85639 4.92078 4.92511 4.79193 4.73273 4.55804 4.04393 3.56193 3.90047 4.21264 4.32085 4.34985 4.50097 4.44011 4.36357 4.08405 4.44081 4.52608 4.38236 4.25905 4.25180 4.40945 4.56083 4.56824 4.22106 3.60751 3.86459 4.27912 4.46753 4.10473 3.73730 4.01752
4.50002 4.48632 4.34621 4.26074 4.42106 4.54345 4.61373 4.61813 4.54402 4.51234 4.60854 4.60484 4.59405 4.72978 4.64664 4.48230 4.45364 4.40059 4.47065 4.54733 4.50113 4.48656 4.55125 4.53500 4.38718 4.31201 4.28078 4.17786 4.22495 4.34346 4.41513 4.49441 4.63786 4.69898 4.86132 4.89602 4.85548 4.77181 4.71563 4.66430 4.44636 3.96593 3.55531 3.68485 3.95374 4.30243 4.46126 4.48236 4.35570 4.30552 4.51145 4.61247 4.55247 4.47055 4.29512 4.28736 4.50880 4.53659 4.39417 3.55940 3.48379 3.75552 4.03017 4.26464 4.14235 4.59538
4.60597 4.46964 4.41929 4.47472 4.65667 4.76570 4.74563 4.69544 4.62754 4.50595 4.45648 4.41024 4.44158 4.61701 4.65697 4.55667 4.49543 4.36329 4.38207 4.47413 4.47016 4.52334 4.64801 4.47579 4.25106 4.23079 4.31781 4.17816 3.94079 3.96363 4.00531 4.16971 4.40933 4.55480 4.65236 4.71510 4.70644 4.70330 4.70843 4.76542 4.60468 4.49441 4.29437 4.01375 3.99401 4.20346 4.39613 4.41557 4.30546 4.28692 4.53416 4.66488 4.64395 4.69083 4.64251 4.50501 4.45282 4.45089 4.55274 4.34740 3.64156 3.90090 4.46311 4.64375 4.70959 5.06323
4.51522 4.45142 4.41875 4.34018 4.52327 4.69421 4.74427 4.71284 4.74857 4.58535 4.47049 4.41362 4.24670 4.30032 4.35942 4.31045 4.25113 4.03299 3.87589 3.99873 4.18410 4.44629 4.59566 4.37451 3.98534 4.05741 4.21958 4.19745 3.97610 3.71685 3.61956 3.72049 4.15352 4.35070 4.33191 4.44167 4.56768 4.64775 4.72513 4.77673 4.69299 4.67805 4.59568 4.56647 4.52607 4.40175 4.35742 4.47124 4.33610 4.41656 4.64006 4.83709 4.92143 4.97075 4.97056 4.70466 4.53267 4.43627 4.46638 4.60828 4.54214 4.62071 4.75713 4.89151 5.11542 5.26676
4.46881 4.54386 4.55148 4.34187 4.38083 4.60548 4.71795 4.71286 4.81695 4.71765 4.61445 4.57673 4.36393 4.12394 4.08655 4.01489 3.95750 3.66502 3.33463 3.23479 3.35267 3.88052 4.36470 4.22151 3.51757 3.58956 3.97703 4.20044 4.24965 4.15324 3.90571 3.87343 4.23735 4.40258 4.33450 4.26986 4.44861 4.62118 4.72864 4.73931 4.75217 4.75250 4.68773 4.68661 4.72651 4.59758 4.44872 4.50166 4.40814 4.51834 4.78497 4.95164 5.04258 5.08873 5.10467 4.89302 4.65615 4.50206 4.48051 4.55682 4.61391 4.75351 4.83749 4.92076 5.12618 5.29501
4.48589 4.52423 4.43534 4.29618 4.38763 4.54130 4.60819 4.67158 4.79361 4.72143 4.60190 4.57662 4.48693 4.31962 4.16618 4.07141 4.05849 3.94991 3.77176 3.63380 3.32911 3.06196 3.71128 3.80439 2.93609 3.19729 4.08161 4.35347 4.41872 4.35201 3.90770 3.78453 4.37565 4.51284 4.45558 4.44220 4.41471 4.54047 4.64340 4.64234 4.67297 4.65047 4.65645 4.67131 4.70350 4.63678 4.44725 4.46098 4.42195 4.61244 4.83340 4.95030 4.91727 5.08942 5.07786 4.88766 4.68958 4.54910 4.48001 4.47593 4.59912 4.63710 4.79222 4.90272 5.13487 5.26446
4.28705 4.16389 4.00286 4.05841 4.35123 4.52856 4.60773 4.66907 4.70213 4.65581 4.52054 4.47017 4.46551 4.41014 4.31520 4.25715 4.29471 4.32128 4.27714 4.18505 3.89718 2.98797 2.69225 2.68138 2.69121 3.81263 4.39927 4.56356 4.51519 4.33298 3.76766 3.84863 4.45454 4.62361 4.54354 4.54892 4.47324 4.48032 4.48731 4.46049 4.45254 4.43680 4.44414 4.50833 4.45213 4.24596 3.63040 3.42686 3.85727 4.53145 4.70821 4.82515 4.86397 4.98838 5.01430 4.95489 4.77298 4.56776 4.44791 4.44612 4.49396 4.63681 4.68670 4.88764 5.05596 5.27885
3.79786 3.85460 4.01468 4.23380 4.37135 4.51287 4.69797 4.73624 4.70282 4.66114 4.47999 4.34105 4.35213 4.38515 4.34009 4.35116 4.39792 4.42109 4.39931 4.31629 4.18552 3.75926 2.93976 2.92891 3.85114 4.38905 4.55147 4.66130 4.58080 4.42782 3.93950 3.59317 4.33244 4.55270 4.49172 4.54352 4.52233 4.50137 4.41269 4.32397 4.29926 4.24142 4.05927 3.73670 3.03698 2.44425 2.28152 3.09093 2.67583 4.27510 4.57239 4.64029 4.68049 4.82096 5.07128 4.97858 4.89435 4.68746 4.47681 4.36554 4.44887 4.54211 4.66330 4.83544 5.00616 5.19578
3.93632 4.24346 4.41456 4.50820 4.48977 4.53828 4.70155 4.76551 4.66662 4.52708 4.34719 4.19468 4.30051 4.38212 4.39690 4.49000 4.50098 4.48300 4.46261 4.40946 4.32907 4.25955 4.14631 4.20929 4.41236 4.52923 4.63186 4.72134 4.61697 4.51699 4.26831 3.53884 4.02206 4.43863 4.49001 4.56997 4.58331 4.53746 4.44301 4.42625 4.42516 4.27814 3.35960 2.31263 2.29086 2.47719 2.55866 2.71821 2.61991 3.29597 4.24538 4.50811 4.65351 4.78258 4.91026 5.03978 4.95236 4.80648 4.59840 4.40230 4.32362 4.46776 4.59639 4.68063 4.84720 5.03747
4.28171 4.37707 4.47934 4.56567 4.51615 4.58505 4.76042 4.66429 4.48885 4.35683 4.20917 4.27333 4.42749 4.45754 4.49631 4.61910 4.66431 4.61316 4.57178 4.53434 4.48848 4.46124 4.46638 4.49145 4.52884 4.58025 4.65983 4.68712 4.60223 4.55096 4.43482 3.88915 3.80995 4.38288 4.55251 4.61779 4.65653 4.56352 4.53192 4.53304 4.46254 4.04749 2.75915 2.28931 2.54273 3.00278 3.71781 3.31637 2.89975 2.62515 2.57937 3.64505 4.48423 4.71196 4.85801 4.93807 4.92777 4.82815 4.73810 4.55653 4.34373 4.33314 4.46489 4.60158 4.72416 4.89821
4.46097 4.44253 4.44429 4.57114 4.57367 4.62025 4.68294 4.52200 4.38962 4.33072 4.33307 4.44431 4.50106 4.51092 4.56931 4.70201 4.84095 4.81378 4.75525 4.71723 4.68793 4.65297 4.63362 4.63105 4.63789 4.67507 4.72547 4.67256 4.58003 4.54802 4.50682 4.26094 3.93165 4.24485 4.49864 4.65085 4.63206 4.59431 4.62702 4.54127 4.40766 3.98109 2.84478 2.49668 2.71012 3.20201 3.98326 3.85975 3.56519 3.51628 2.89622 2.63811 3.81846 4.53556 4.70848 4.80571 4.91027 4.94229 4.84237 4.67275 4.50654 4.33268 4.36813 4.46993 4.58750 4.72480
4.56792 4.62368 4.51170 4.51784 4.58332 4.56231 4.56294 4.47589 4.37854 4.36532 4.43416 4.49737 4.51836 4.55340 4.63889 4.78029 4.93891 5.00323 4.98964 4.94954 4.90373 4.87608 4.85107 4.81936 4.80783 4.82824 4.80840 4.67860 4.58042 4.55205 4.54080 4.45376 4.28345 4.23564 4.38588 4.55106 4.58749 4.61051 4.61219 4.53496 4.45140 4.27383 3.18227 2.54284 2.72729 3.07178 3.12704 3.06392 3.33919 3.73435 3.63853 3.13099 3.36298 4.38505 4.58044 4.71094 4.92173 4.94908 4.78588 4.66124 4.59430 4.46550 4.31329 4.26261 4.38913 4.56056
4.52369 4.70129 4.58992 4.47704 4.52473 4.51809 4.50508 4.47544 4.35700 4.34961 4.44972 4.49799 4.53618 4.60941 4.72920 4.88429 5.01040 5.06484 5.07437 5.05573 5.03172 5.02319 5.01886 4.99446 4.97778 4.95468 4.83300 4.68264 4.59472 4.57029 4.56179 4.50889 4.43260 4.36327 4.35377 4.46373 4.56238 4.59203 4.59732 4.61493 4.50658 4.31034 3.69570 2.67382 2.77906 3.20611 2.93326 3.16677 3.36644 3.57269 4.15370 3.36547 3.22478 4.23992 4.53254 4.65237 4.81000 4.84414 4.73108 4.67080 4.60931 4.56589 4.47614 4.40474 4.05540 4.30046
4.26003 4.49289 4.50643 4.38043 4.37717 4.46587 4.47601 4.44146 4.36150 4.37354 4.45292 4.50382 4.57760 4.69238 4.84797 5.00378 5.09008 5.13516 5.15909 5.16355 5.15890 5.13821 5.09359 5.06836 5.06680 4.99562 4.83233 4.69172 4.61585 4.59318 4.58379 4.53607 4.47214 4.41956 4.36806 4.40920 4.54240 4.60914 4.72452 4.76497 4.58147 4.38880 3.90902 2.99570 3.07351 3.53163 3.37977 3.26286 3.38750 4.05563 4.27197 3.56956 3.20353 3.91109 4.49188 4.67005 4.79619 4.84624 4.77388 4.71008 4.67044 4.60591 4.53604 4.52748 4.37239 3.96707
3.82494 3.98254 4.04033 4.02048 4.23205 4.42953 4.46342 4.44350 4.42770 4.43113 4.47220 4.54579 4.66816 4.80978 4.96567 5.09210 5.15960 5.20015 5.21844 5.21999 5.20983 5.16960 5.10167 5.07706 5.08047 4.98203 4.82652 4.70425 4.63528 4.61142 4.60704 4.57145 4.49895 4.44167 4.39228 4.37632 4.48860 4.65534 4.81737 4.75332 4.55946 4.39856 4.02901 3.22460 3.15879 3.55458 3.58916 3.48736 3.84101 4.43015 4.35324 3.54650 3.14046 3.83696 4.48818 4.63608 4.78682 4.86820 4.84180 4.80952 4.72591 4.68389 4.59978 4.53162 4.50007 4.20208
