mrvbf_slope1_pctl0.9.asc
NCOLS 410
NROWS 410
XLLCORNER 2398750.0000000000000000
YLLCORNER 2548750.0000000000000000
CELLSIZE 250.0000000000000000
NODATA_VALUE -99999.00000
[rows 174 to 202 of 410, columns 132 to 197 of 410]
4.81972 5.88974 6.96803 7.27931 7.31567 7.29394 7.25714 7.14654 7.20059 7.43311 7.52414 7.54379 7.51797 7.51262 7.52036 7.49257 7.51530 7.57027 7.59479 7.57789 7.54138 7.53954 7.55746 7.57590 7.58887 7.59562 7.59311 7.55781 7.54312 7.57000 7.57797 7.57686 7.58903 7.56272 7.53370 7.53906 7.57372 7.60493 7.62043 7.62440 7.62044 7.61156 7.57571 7.53537 7.53296 7.54545 7.53844 7.52236 7.51863 7.52368 7.52794 7.52301 7.51978 7.56122 7.56515 7.54345 7.56108 7.59326 7.60991 7.61401 7.62565 7.61278 7.60851 7.59158 7.57641 7.58195
5.15270 6.20909 7.06426 7.27500 7.29572 7.31060 7.35321 7.26604 7.16698 7.38407 7.51425 7.54225 7.52025 7.51749 7.54097 7.50428 7.49565 7.54635 7.58541 7.58978 7.56875 7.55063 7.54546 7.55253 7.57158 7.57249 7.56432 7.54409 7.56562 7.58363 7.58528 7.58277 7.58975 7.55737 7.52972 7.54678 7.58682 7.61115 7.61523 7.60950 7.60471 7.59701 7.55831 7.52404 7.53632 7.55964 7.56054 7.55319 7.56010 7.57173 7.57411 7.55920 7.54068 7.55558 7.54289 7.54855 7.55553 7.58285 7.61318 7.61736 7.62217 7.61425 7.61143 7.59767 7.57874 7.55724
5.46846 6.24014 7.00977 7.25881 7.29085 7.31951 7.36679 7.27386 7.16067 7.37440 7.51097 7.54005 7.51727 7.51681 7.54773 7.51888 7.49410 7.52351 7.56005 7.56658 7.56513 7.57043 7.55762 7.52084 7.51762 7.54424 7.55767 7.56351 7.58895 7.58832 7.58966 7.58016 7.58586 7.56350 7.54048 7.55006 7.58201 7.59775 7.58772 7.57090 7.56349 7.56578 7.53872 7.52851 7.55509 7.56920 7.55805 7.54826 7.57158 7.59962 7.59214 7.56641 7.56318 7.58732 7.57833 7.59046 7.57135 7.59021 7.61768 7.61704 7.61353 7.61033 7.61038 7.60193 7.59701 7.57343
5.74771 6.16862 6.86971 7.23688 7.29445 7.30208 7.30127 7.17930 7.15669 7.40719 7.51382 7.53433 7.50805 7.51452 7.53632 7.51804 7.51012 7.53177 7.54889 7.54674 7.54883 7.56386 7.56350 7.49689 7.48371 7.53433 7.56815 7.57403 7.58812 7.58507 7.59206 7.57777 7.57768 7.56553 7.55929 7.56343 7.57266 7.57393 7.55658 7.53821 7.51952 7.52280 7.52156 7.53882 7.57254 7.58640 7.57205 7.54177 7.56061 7.60165 7.58842 7.55651 7.56038 7.58453 7.57537 7.59302 7.57860 7.60011 7.61310 7.60186 7.59267 7.58837 7.60176 7.60236 7.60048 7.59003
6.00122 6.29160 6.81192 7.17226 7.26618 7.26891 7.23845 7.14491 7.28986 7.46536 7.51682 7.52054 7.50220 7.52101 7.51936 7.50680 7.52358 7.54968 7.55388 7.55198 7.55013 7.55582 7.57139 7.54205 7.48177 7.50167 7.53826 7.55577 7.57122 7.57656 7.58955 7.57711 7.56892 7.57187 7.58426 7.58969 7.58074 7.56969 7.55622 7.54770 7.53738 7.52363 7.53266 7.55984 7.58510 7.59242 7.58988 7.55280 7.54928 7.59354 7.58556 7.55590 7.56807 7.59130 7.57626 7.57977 7.58424 7.60774 7.60703 7.58693 7.59131 7.58163 7.59271 7.60556 7.60666 7.59288
5.91922 6.26887 6.80069 7.11941 7.23975 7.28105 7.29442 7.28565 7.38032 7.47419 7.50061 7.49063 7.49064 7.52671 7.52330 7.51276 7.52639 7.55002 7.55966 7.55452 7.55388 7.56173 7.56522 7.56065 7.54384 7.52658 7.52967 7.54831 7.56557 7.57974 7.59583 7.59351 7.58770 7.59273 7.60044 7.60041 7.59047 7.58022 7.57382 7.56235 7.55302 7.54854 7.55694 7.58086 7.58979 7.60146 7.60237 7.57063 7.54749 7.58292 7.58906 7.55988 7.56508 7.59434 7.59313 7.58680 7.60316 7.62047 7.61244 7.58634 7.58343 7.59598 7.60001 7.60963 7.60891 7.59095
5.70644 6.19093 6.72512 6.96521 7.10407 7.21200 7.29186 7.29792 7.34184 7.42481 7.44362 7.43659 7.46971 7.51434 7.52120 7.51150 7.51216 7.53887 7.56560 7.56901 7.56093 7.55211 7.54067 7.53723 7.54146 7.54248 7.53974 7.55588 7.57531 7.58867 7.59567 7.59287 7.58875 7.59377 7.59510 7.58559 7.57578 7.57512 7.57607 7.56534 7.54203 7.54052 7.56028 7.57438 7.59135 7.61156 7.60841 7.58070 7.54780 7.56826 7.58833 7.55646 7.54819 7.58169 7.60293 7.60508 7.61517 7.62097 7.61497 7.59467 7.58627 7.60190 7.60551 7.61152 7.60927 7.59314
5.63638 5.71600 6.23377 6.70223 6.91546 7.07106 7.20909 7.26720 7.30439 7.37743 7.40496 7.43206 7.47647 7.48737 7.48589 7.48315 7.50525 7.54082 7.55827 7.55234 7.53535 7.52502 7.52530 7.52734 7.52984 7.53045 7.53827 7.55161 7.57370 7.57353 7.55844 7.53160 7.51556 7.54146 7.56022 7.56196 7.56176 7.56490 7.55205 7.51994 7.50032 7.53730 7.56479 7.56140 7.58133 7.60988 7.60074 7.55861 7.52796 7.56119 7.58857 7.55209 7.52354 7.55887 7.59089 7.59017 7.59511 7.60220 7.59878 7.57908 7.57461 7.59194 7.59838 7.60638 7.60381 7.58616
6.02603 5.79447 6.17672 6.81945 7.08322 7.16606 7.23500 7.30007 7.34937 7.40529 7.43293 7.46090 7.47568 7.44770 7.44554 7.48071 7.51830 7.53380 7.52236 7.50544 7.50110 7.51823 7.53522 7.54300 7.53744 7.53056 7.53385 7.55032 7.55670 7.53745 7.50914 7.48239 7.48394 7.49917 7.53806 7.56614 7.57628 7.57221 7.54103 7.50927 7.52684 7.56860 7.57460 7.56060 7.57220 7.59875 7.57688 7.53278 7.53647 7.57353 7.59288 7.56475 7.51277 7.52700 7.55913 7.56462 7.57220 7.58237 7.58117 7.56537 7.57298 7.58087 7.58391 7.59460 7.58744 7.55417
6.08766 6.00770 6.14069 6.75496 7.10833 7.22752 7.27217 7.31064 7.37889 7.43956 7.44933 7.45856 7.44328 7.41990 7.45670 7.49003 7.48871 7.47009 7.45432 7.46351 7.49453 7.52827 7.54527 7.54171 7.53102 7.53519 7.54542 7.54463 7.53828 7.52157 7.51498 7.52330 7.53564 7.52954 7.54163 7.56571 7.57319 7.56759 7.55059 7.53887 7.53426 7.54460 7.55168 7.55598 7.58081 7.60166 7.57416 7.53763 7.54185 7.54994 7.55666 7.56605 7.54605 7.51856 7.52690 7.54604 7.56175 7.57711 7.58557 7.57797 7.58885 7.58335 7.57904 7.58433 7.56036 7.51989
5.98316 6.00226 6.04665 6.72111 7.15100 7.25360 7.27116 7.29751 7.38386 7.43292 7.42364 7.41886 7.37083 7.39397 7.47957 7.46866 7.41493 7.39512 7.41788 7.45504 7.49132 7.52189 7.53482 7.51658 7.51320 7.52529 7.53089 7.53184 7.53040 7.52913 7.54105 7.54876 7.55140 7.55494 7.55222 7.55360 7.55781 7.56377 7.57112 7.56127 7.54902 7.56283 7.57169 7.57825 7.60139 7.61044 7.59225 7.56018 7.55093 7.54868 7.54481 7.54985 7.57470 7.54940 7.52629 7.53514 7.55108 7.57222 7.59409 7.58759 7.59427 7.58703 7.58095 7.57692 7.54024 7.51879
5.77868 5.80628 6.06536 6.81492 7.13323 7.20900 7.22964 7.25494 7.36008 7.40500 7.38064 7.39212 7.27271 7.36222 7.46979 7.43459 7.40499 7.42987 7.45143 7.46491 7.47695 7.50334 7.50118 7.48163 7.50925 7.52652 7.52579 7.53509 7.53265 7.53942 7.55639 7.56555 7.56973 7.57374 7.56363 7.54479 7.54361 7.56010 7.57521 7.57543 7.57768 7.58895 7.59069 7.59005 7.60210 7.60869 7.60148 7.58338 7.57829 7.57809 7.57217 7.54815 7.55075 7.56087 7.55370 7.53933 7.53600 7.56424 7.59232 7.58739 7.59420 7.58386 7.57903 7.56251 7.52738 7.52838
5.46335 5.69568 6.18900 6.90516 7.11279 7.21931 7.22088 7.22814 7.33027 7.39582 7.36772 7.35551 7.25372 7.39760 7.47472 7.42135 7.41477 7.47715 7.49714 7.48221 7.47023 7.48675 7.46056 7.47620 7.51729 7.53540 7.54360 7.54203 7.53669 7.53751 7.54829 7.55909 7.57388 7.57637 7.56506 7.55795 7.56088 7.56838 7.57676 7.57314 7.56133 7.55782 7.55203 7.54904 7.56978 7.59112 7.58420 7.56531 7.57230 7.57719 7.57651 7.54893 7.52915 7.52867 7.53529 7.51769 7.51217 7.56243 7.58068 7.57761 7.58581 7.57239 7.57505 7.54576 7.51771 7.53645
5.20583 5.70135 6.39486 7.00519 7.14676 7.23454 7.22269 7.22600 7.32509 7.41052 7.39212 7.35759 7.32695 7.43207 7.48906 7.43552 7.39343 7.45918 7.50953 7.50355 7.48052 7.46035 7.45888 7.50277 7.51932 7.53421 7.54604 7.53669 7.51815 7.51474 7.53434 7.54676 7.56375 7.57397 7.56721 7.57212 7.57467 7.57266 7.58134 7.57919 7.55681 7.53499 7.52940 7.52926 7.53379 7.55810 7.55096 7.54961 7.57598 7.57396 7.58079 7.57112 7.54209 7.51854 7.49973 7.50053 7.54471 7.58839 7.59046 7.57363 7.56752 7.56845 7.57390 7.53659 7.49789 7.52627
5.20445 5.88148 6.65003 7.03502 7.16573 7.24778 7.21228 7.20595 7.31058 7.40415 7.42070 7.40976 7.37015 7.41276 7.48131 7.45227 7.38573 7.43517 7.50057 7.51689 7.50351 7.47825 7.49430 7.51294 7.51321 7.53284 7.54010 7.51518 7.47941 7.49548 7.53000 7.53629 7.55372 7.57134 7.56938 7.57783 7.57195 7.57359 7.58196 7.56986 7.55157 7.54976 7.55237 7.53936 7.53860 7.54236 7.53009 7.54620 7.55448 7.57322 7.59325 7.59359 7.58159 7.56891 7.54929 7.55659 7.58729 7.59909 7.59297 7.57538 7.56451 7.57398 7.57342 7.54857 7.49734 7.50262
5.31222 6.02107 6.73960 7.02750 7.16566 7.22690 7.18094 7.16916 7.28034 7.38640 7.42104 7.42389 7.38128 7.37062 7.44051 7.42854 7.36674 7.42771 7.48014 7.49383 7.49842 7.50381 7.51195 7.50313 7.50366 7.52172 7.50813 7.45000 7.42912 7.49560 7.52815 7.52555 7.54465 7.56870 7.56659 7.57676 7.56824 7.57576 7.58032 7.55851 7.54648 7.56187 7.55003 7.54155 7.54522 7.52115 7.51299 7.52127 7.53388 7.57777 7.59621 7.59919 7.59677 7.59331 7.58943 7.59123 7.59148 7.57611 7.55385 7.53520 7.53701 7.54993 7.53863 7.50772 7.47447 7.50060
5.57620 6.23956 6.85806 7.09454 7.18785 7.19883 7.13258 7.10997 7.22905 7.35501 7.39381 7.39980 7.37693 7.33657 7.38621 7.38010 7.38730 7.43188 7.44640 7.44917 7.45034 7.47484 7.51098 7.50032 7.48738 7.49221 7.46807 7.42871 7.47439 7.51239 7.50801 7.51153 7.54531 7.56882 7.56189 7.56142 7.56325 7.57245 7.57211 7.55018 7.54349 7.55710 7.55242 7.55357 7.53314 7.50916 7.51070 7.49499 7.50857 7.56873 7.58760 7.59342 7.59596 7.59480 7.59215 7.58408 7.56054 7.53214 7.51789 7.51740 7.52124 7.52098 7.48510 7.43795 7.43602 7.47983
5.90032 6.61608 6.98618 7.09730 7.13708 7.15417 7.06342 6.99330 7.13447 7.31113 7.36324 7.37059 7.36723 7.31056 7.33603 7.40236 7.39487 7.42519 7.45212 7.45425 7.41683 7.43010 7.50282 7.51936 7.50401 7.50297 7.50007 7.48858 7.50012 7.49719 7.49055 7.52021 7.55793 7.57442 7.56796 7.55644 7.56036 7.55630 7.54702 7.53131 7.53927 7.55304 7.55951 7.55739 7.52903 7.51007 7.51388 7.47169 7.49122 7.55518 7.57341 7.57829 7.58039 7.58059 7.57595 7.55455 7.52555 7.52525 7.54004 7.52558 7.52687 7.50793 7.44355 7.40927 7.42642 7.46686
6.34221 6.81519 7.01151 7.06448 7.03876 7.04226 6.97265 6.81635 6.94736 7.23514 7.30936 7.30099 7.31560 7.25950 7.23056 7.33545 7.39551 7.42886 7.46093 7.46546 7.41570 7.39974 7.48201 7.52236 7.53041 7.53637 7.53164 7.51141 7.49642 7.49890 7.51709 7.53772 7.55822 7.57148 7.56816 7.54894 7.53139 7.51927 7.50552 7.49763 7.51843 7.53791 7.55701 7.55395 7.50603 7.48156 7.49688 7.44054 7.45410 7.53069 7.55127 7.54277 7.54538 7.55274 7.54840 7.52068 7.50930 7.53609 7.54191 7.53614 7.54030 7.48520 7.40322 7.40681 7.43932 7.47181
6.29224 6.62611 6.80878 6.88073 6.84013 6.88577 6.94417 6.73601 6.72495 7.12157 7.21306 7.21786 7.28446 7.23129 7.09123 7.09802 7.21453 7.22957 7.27820 7.36006 7.38070 7.39915 7.48120 7.51799 7.53655 7.54171 7.53883 7.53428 7.52747 7.53498 7.54460 7.53701 7.54067 7.55269 7.55086 7.52363 7.50219 7.49375 7.48677 7.49358 7.50461 7.50832 7.53543 7.52330 7.44946 7.45828 7.48930 7.42670 7.39329 7.46801 7.48998 7.41768 7.44155 7.48321 7.48406 7.46844 7.49768 7.53946 7.54039 7.53751 7.53122 7.45927 7.38082 7.41764 7.47766 7.49874
5.67497 5.91695 6.17580 6.40572 6.54325 6.76519 6.91822 6.68561 6.64238 7.07807 7.16151 7.19285 7.29833 7.25378 7.02414 6.68461 6.68474 6.73295 6.88562 7.12520 7.34139 7.43204 7.47127 7.50846 7.52330 7.53262 7.53532 7.54910 7.55338 7.55259 7.54331 7.53876 7.52807 7.52739 7.53022 7.50108 7.46826 7.47051 7.48734 7.50712 7.49914 7.48899 7.51526 7.47783 7.42592 7.48606 7.51084 7.46000 7.40441 7.36448 7.34221 7.30436 7.33324 7.38833 7.40341 7.43116 7.48763 7.52886 7.54051 7.54110 7.53024 7.46652 7.40017 7.42815 7.48698 7.50614
4.36526 5.13578 5.48375 5.80653 6.21342 6.62239 6.72835 6.51322 6.62209 7.07332 7.16803 7.10497 7.17647 7.15218 6.86191 6.24434 6.35092 6.77743 7.01330 7.12786 7.32867 7.46097 7.48050 7.48950 7.52025 7.53297 7.52923 7.53390 7.54080 7.54485 7.54021 7.54102 7.52709 7.50593 7.49426 7.46117 7.42512 7.44220 7.48303 7.49948 7.46909 7.47828 7.51740 7.47222 7.43814 7.49180 7.51889 7.49240 7.49320 7.42437 7.32518 7.40197 7.39003 7.37846 7.39268 7.44003 7.47496 7.49827 7.53218 7.54624 7.53321 7.48337 7.42598 7.44306 7.47933 7.49459
2.05837 2.52011 4.00791 5.27682 5.79097 6.32296 6.44780 6.30043 6.49365 7.02070 7.17460 7.05601 6.98632 6.78321 6.08913 5.61535 5.94300 6.94577 7.20882 7.23431 7.33714 7.46044 7.50127 7.49436 7.51813 7.53814 7.53863 7.53625 7.53859 7.54164 7.54114 7.53564 7.52090 7.48626 7.44470 7.40361 7.39515 7.43125 7.47446 7.47321 7.42670 7.44719 7.48286 7.45039 7.44426 7.49503 7.51515 7.50011 7.50562 7.44145 7.37476 7.43161 7.42178 7.41861 7.44071 7.44952 7.43744 7.47611 7.52429 7.52929 7.51449 7.48709 7.45521 7.45772 7.49786 7.51447
1.05656 1.33366 1.88321 3.41696 5.30233 5.84661 6.11887 6.06894 6.16581 6.78964 7.10460 6.92482 6.63104 6.14418 5.46933 5.35611 5.55523 6.37836 7.12928 7.22840 7.34183 7.46132 7.50006 7.49317 7.52001 7.53378 7.53714 7.53084 7.53806 7.54399 7.53435 7.51816 7.50057 7.46640 7.41980 7.39017 7.39693 7.43292 7.46711 7.45007 7.38489 7.35857 7.38981 7.40923 7.45279 7.49907 7.50894 7.50014 7.49745 7.43745 7.41871 7.47516 7.47670 7.47796 7.48177 7.44629 7.40967 7.44334 7.47483 7.46892 7.47573 7.48479 7.47647 7.45567 7.48904 7.52775
0.69116 0.81227 1.16614 1.73330 3.58123 5.32346 5.73622 5.87107 5.95781 6.51730 7.01596 6.77035 6.45293 6.05921 5.40347 5.56443 5.63081 6.17095 7.01382 7.17509 7.34411 7.47125 7.49111 7.48214 7.50622 7.51484 7.51875 7.52416 7.54015 7.54110 7.52290 7.49943 7.48000 7.45290 7.42320 7.40798 7.40760 7.43496 7.45556 7.42932 7.38576 7.35828 7.39241 7.43740 7.47198 7.49683 7.50196 7.50099 7.49408 7.47212 7.47981 7.50106 7.51027 7.51489 7.51325 7.47961 7.42276 7.38009 7.39044 7.42102 7.45175 7.46953 7.47158 7.46508 7.49628 7.52131
0.56752 0.64562 0.90835 1.33581 2.07988 4.54576 5.47639 5.67353 5.77265 6.20950 6.82754 6.58959 6.34061 6.32686 6.16410 6.56535 6.70973 6.78467 6.97170 7.11024 7.36315 7.48174 7.47694 7.46004 7.49325 7.50816 7.50673 7.51439 7.53356 7.52976 7.50468 7.48429 7.47261 7.44382 7.40965 7.40331 7.40666 7.43721 7.45482 7.45052 7.44060 7.43062 7.46852 7.49038 7.49121 7.50255 7.49450 7.49947 7.50741 7.51398 7.51659 7.51924 7.52601 7.53286 7.52736 7.50911 7.48275 7.44301 7.43044 7.44903 7.45830 7.46344 7.46913 7.47877 7.50166 7.50741
0.50475 0.60386 0.84819 1.31302 1.65306 3.26084 5.25537 5.53851 5.59549 5.80714 6.34011 6.40114 6.38384 6.26801 5.71793 5.94721 5.95972 6.14256 6.70401 7.10362 7.40379 7.48046 7.44633 7.42916 7.47901 7.49038 7.49341 7.50531 7.51667 7.50285 7.47765 7.47187 7.47383 7.44919 7.37106 7.31771 7.38075 7.45166 7.48159 7.49351 7.47964 7.46522 7.48303 7.50378 7.50706 7.51378 7.51472 7.51271 7.51875 7.52225 7.52474 7.52894 7.53239 7.53101 7.52081 7.50565 7.49855 7.49887 7.49453 7.48466 7.47436 7.47285 7.48100 7.49657 7.50865 7.51334
0.43009 0.57875 0.77475 1.27686 1.58079 2.40433 4.90679 5.45320 5.54494 5.57972 5.85611 6.35137 6.69150 6.49300 5.76555 5.62785 5.96534 6.02435 6.58955 7.14122 7.42849 7.46430 7.40574 7.42383 7.48113 7.47486 7.48544 7.50336 7.49908 7.47924 7.46218 7.45647 7.44263 7.40070 7.31072 7.28225 7.39980 7.47840 7.51028 7.51803 7.50235 7.48273 7.47360 7.48228 7.50249 7.52238 7.52601 7.52040 7.51468 7.50697 7.50602 7.50770 7.51121 7.51130 7.50441 7.49758 7.49004 7.49876 7.50276 7.49673 7.48850 7.48652 7.49349 7.50366 7.51225 7.52399
0.42729 0.54713 0.68731 1.23668 1.55788 1.98956 3.90906 5.29712 5.58621 5.68741 5.82238 6.33891 6.88712 6.92168 6.38510 5.86756 6.14551 6.31915 6.76263 7.16787 7.42225 7.44826 7.40302 7.43808 7.48917 7.49421 7.49159 7.50605 7.49403 7.47995 7.46568 7.45621 7.43459 7.39353 7.35669 7.37987 7.43411 7.49209 7.52345 7.53433 7.52803 7.51207 7.49781 7.48478 7.48871 7.50364 7.51332 7.50610 7.49486 7.48770 7.48693 7.49051 7.49662 7.50320 7.50593 7.50739 7.50241 7.50502 7.50855 7.50687 7.50391 7.50443 7.50852 7.51465 7.52341 7.53734
