mrvbf_slope1_pctl0.6.asc
NCOLS 410
NROWS 410
XLLCORNER 2398750.0000000000000000
YLLCORNER 2548750.0000000000000000
CELLSIZE 250.0000000000000000
NODATA_VALUE -99999.00000
[rows 29 to 57 of 410, columns 66 to 131 of 410]
7.81119 7.79659 7.77051 7.75907 7.77680 7.79677 7.79978 7.79268 7.78962 7.79458 7.80464 7.81193 7.81416 7.81445 7.81503 7.81491 7.81266 7.80755 7.79847 7.78985 7.78739 7.79056 7.79674 7.80034 7.79332 7.78274 7.77671 7.78131 7.79078 7.79910 7.80412 7.80472 7.79888 7.77358 7.67419 7.60827 7.64758 7.62968 7.65873 7.76774 7.79847 7.80045 7.77660 7.73774 7.77401 7.79592 7.80111 7.80430 7.80606 7.80405 7.79900 7.79412 7.79006 7.76673 7.70221 7.70711 7.65713 7.73904 7.78515 7.79652 7.80143 7.80154 7.80004 7.79356 7.79415 7.79733
7.81045 7.80297 7.78002 7.76156 7.77133 7.79235 7.80052 7.79515 7.79120 7.79368 7.80200 7.81050 7.81504 7.81619 7.81488 7.81226 7.80798 7.79864 7.78604 7.78060 7.78333 7.78764 7.79425 7.80143 7.79735 7.78519 7.77490 7.77576 7.79006 7.79758 7.80098 7.80446 7.80078 7.77767 7.72891 7.69319 7.64571 7.68213 7.68885 7.77230 7.80175 7.80518 7.80141 7.79072 7.79933 7.79868 7.80078 7.80235 7.80099 7.79990 7.79741 7.79526 7.79468 7.78175 7.75376 7.68788 7.72151 7.77961 7.79717 7.79870 7.79938 7.80148 7.80111 7.79218 7.79128 7.79540
7.79994 7.80534 7.79368 7.77271 7.77096 7.78750 7.79869 7.79609 7.79236 7.79403 7.80182 7.81049 7.81485 7.81466 7.81174 7.80756 7.80077 7.78679 7.77514 7.77630 7.78278 7.78459 7.78881 7.79903 7.80083 7.78805 7.77514 7.77501 7.78580 7.79168 7.79619 7.80289 7.79760 7.76069 7.67335 7.68679 7.70284 7.67741 7.69264 7.77218 7.80187 7.80417 7.80250 7.80427 7.79525 7.79394 7.79101 7.79410 7.79698 7.79776 7.79530 7.79277 7.79310 7.79001 7.77668 7.71526 7.70053 7.75120 7.77031 7.78766 7.79111 7.79462 7.79831 7.79551 7.79328 7.79708
7.78176 7.79563 7.79990 7.78418 7.77644 7.78753 7.79583 7.79355 7.79154 7.79512 7.80420 7.81211 7.81420 7.81146 7.80606 7.79833 7.78769 7.77523 7.77148 7.77813 7.78605 7.78166 7.78251 7.79597 7.80319 7.79105 7.77484 7.77368 7.78333 7.79249 7.79343 7.79174 7.79113 7.77415 7.70432 7.63864 7.67102 7.67748 7.75734 7.79101 7.79715 7.77765 7.78242 7.77663 7.76948 7.78205 7.79171 7.79564 7.79764 7.79530 7.79225 7.79152 7.78909 7.78640 7.75574 7.69662 7.69160 7.66798 7.68091 7.72909 7.77251 7.78389 7.79451 7.79580 7.79483 7.79416
7.77520 7.78337 7.79968 7.79003 7.78295 7.78926 7.79192 7.79012 7.79235 7.80010 7.80899 7.81351 7.81176 7.80535 7.79647 7.78715 7.77855 7.77375 7.77589 7.78497 7.79225 7.78160 7.77761 7.79122 7.80169 7.79283 7.77635 7.77494 7.78484 7.78969 7.79039 7.79168 7.79467 7.78641 7.76406 7.70663 7.72732 7.72647 7.78012 7.78879 7.75477 7.68377 7.73298 7.69837 7.71883 7.75764 7.78891 7.79726 7.79756 7.79452 7.79715 7.79370 7.79425 7.79047 7.77582 7.74350 7.68476 7.64512 7.67674 7.61812 7.72202 7.77254 7.78355 7.79042 7.79169 7.79433
7.76572 7.77996 7.79812 7.79353 7.79106 7.79204 7.79212 7.79455 7.80086 7.80801 7.81263 7.81252 7.80657 7.79698 7.78857 7.78299 7.77942 7.77904 7.78333 7.79218 7.79667 7.78488 7.77517 7.78219 7.79352 7.79265 7.78259 7.77805 7.78208 7.78595 7.78726 7.79027 7.79493 7.78916 7.78361 7.76329 7.74377 7.76793 7.78729 7.76807 7.66045 7.65799 7.70533 7.66419 7.66890 7.72722 7.77873 7.79251 7.79427 7.79404 7.79544 7.79853 7.79889 7.79722 7.79103 7.78157 7.76593 7.72679 7.62239 7.66786 7.66010 7.75022 7.77655 7.78079 7.78670 7.79567
7.76701 7.78338 7.78725 7.79108 7.79984 7.80164 7.80290 7.80623 7.81013 7.81258 7.81301 7.80919 7.80022 7.79119 7.78686 7.78513 7.78455 7.78546 7.78956 7.79715 7.80078 7.79146 7.77995 7.77590 7.78273 7.79112 7.79310 7.78585 7.78121 7.78076 7.78396 7.78594 7.78742 7.79307 7.79265 7.78944 7.78140 7.78967 7.77533 7.75650 7.68205 7.62932 7.66881 7.65765 7.68678 7.74838 7.78136 7.79339 7.79688 7.79677 7.79500 7.79460 7.79261 7.79744 7.79319 7.78915 7.79256 7.78521 7.72412 7.65457 7.72361 7.75403 7.77619 7.77839 7.78187 7.78519
7.78030 7.77080 7.76652 7.78069 7.79746 7.80685 7.81038 7.81148 7.81228 7.81240 7.81052 7.80452 7.79527 7.78961 7.78865 7.78926 7.78958 7.78958 7.79184 7.79819 7.80390 7.79941 7.79036 7.78190 7.78033 7.78897 7.79952 7.79491 7.78563 7.77945 7.77966 7.78386 7.78358 7.78870 7.79638 7.79820 7.78972 7.76746 7.72228 7.73104 7.73619 7.69950 7.74171 7.74395 7.74600 7.76443 7.78136 7.79202 7.79660 7.79814 7.79744 7.79415 7.79306 7.79761 7.79443 7.79318 7.79323 7.79456 7.78029 7.74756 7.75589 7.77188 7.77358 7.77898 7.77983 7.76426
7.76563 7.74825 7.75519 7.77156 7.78390 7.79770 7.80538 7.80786 7.80897 7.80891 7.80633 7.79921 7.79242 7.79096 7.79229 7.79307 7.79176 7.78910 7.78815 7.79136 7.79759 7.80193 7.80017 7.79390 7.78665 7.78625 7.79663 7.80061 7.79316 7.78369 7.77861 7.78133 7.78421 7.78586 7.79144 7.79350 7.78139 7.72742 7.72573 7.69814 7.73349 7.75577 7.76764 7.77660 7.76757 7.76579 7.78293 7.79545 7.79852 7.79377 7.79310 7.79339 7.79633 7.79824 7.79961 7.79767 7.79369 7.79576 7.79338 7.78422 7.77157 7.77453 7.77982 7.77915 7.76730 7.76190
7.75055 7.74161 7.76629 7.77633 7.77759 7.78307 7.78839 7.79550 7.80070 7.80172 7.79885 7.79419 7.79295 7.79502 7.79710 7.79538 7.79102 7.78582 7.78189 7.78175 7.78640 7.79311 7.79759 7.79761 7.79260 7.78853 7.79348 7.80168 7.80039 7.79147 7.78147 7.77797 7.78051 7.78402 7.78680 7.78832 7.78679 7.75259 7.67689 7.71659 7.74802 7.77159 7.76957 7.77902 7.76790 7.77246 7.78644 7.79532 7.79389 7.78938 7.78986 7.79137 7.79615 7.79546 7.79576 7.79613 7.79354 7.79567 7.79717 7.79240 7.78707 7.78594 7.78899 7.78670 7.77425 7.73402
7.75335 7.74151 7.76263 7.78161 7.78743 7.78233 7.77783 7.78250 7.79103 7.79516 7.79489 7.79491 7.79711 7.80051 7.80075 7.79690 7.79287 7.78777 7.78170 7.77747 7.77890 7.78436 7.78958 7.79404 7.79642 7.79304 7.79192 7.79931 7.80429 7.79937 7.78831 7.77798 7.77613 7.78049 7.78285 7.78280 7.78094 7.73205 7.62367 7.64198 7.64488 7.72559 7.76213 7.76816 7.77402 7.77887 7.78876 7.79273 7.78712 7.77287 7.77236 7.78399 7.79365 7.79455 7.78952 7.79138 7.79179 7.79815 7.79968 7.79324 7.79500 7.79599 7.79385 7.79526 7.78250 7.73340
7.77248 7.75006 7.75240 7.76936 7.78281 7.78724 7.79024 7.78726 7.79290 7.79828 7.79969 7.80024 7.80224 7.80388 7.80171 7.80078 7.79959 7.79660 7.79154 7.78441 7.77913 7.78121 7.78445 7.78913 7.79642 7.79516 7.79008 7.79593 7.80432 7.80256 7.79420 7.78028 7.77393 7.78098 7.78692 7.78403 7.75638 7.65001 7.60243 7.55221 7.53294 7.64003 7.74422 7.75292 7.77173 7.78332 7.78739 7.78457 7.76614 7.73520 7.74369 7.76134 7.78257 7.78641 7.79048 7.78851 7.78890 7.79491 7.79831 7.79502 7.79548 7.79305 7.79454 7.79920 7.78984 7.75968
7.78953 7.77279 7.75976 7.76197 7.76892 7.77349 7.77684 7.78581 7.79549 7.80163 7.80357 7.80376 7.80456 7.80339 7.80349 7.80546 7.80507 7.80345 7.80103 7.79637 7.78835 7.78410 7.78376 7.78330 7.78883 7.79434 7.78800 7.79167 7.80134 7.80147 7.79410 7.77745 7.76870 7.77787 7.78848 7.79086 7.77587 7.71254 7.54486 7.49843 7.51888 7.58380 7.69055 7.63965 7.72616 7.77274 7.78356 7.77626 7.75063 7.73860 7.74783 7.75378 7.78040 7.78488 7.79077 7.79102 7.79231 7.79300 7.79835 7.79344 7.79347 7.79133 7.78990 7.79671 7.79484 7.77296
7.77977 7.78811 7.77723 7.76935 7.76826 7.77043 7.77541 7.78164 7.78751 7.79241 7.79610 7.79985 7.80354 7.80245 7.80423 7.80697 7.80698 7.80607 7.80486 7.80280 7.79832 7.79236 7.78834 7.78138 7.78085 7.79281 7.78839 7.78789 7.79580 7.79632 7.78580 7.76674 7.76281 7.77569 7.78822 7.79467 7.78493 7.76300 7.68133 7.56603 7.52160 7.58980 7.62954 7.57121 7.61209 7.74637 7.77869 7.77268 7.75592 7.75666 7.76647 7.77568 7.78376 7.78501 7.78627 7.78544 7.79318 7.79340 7.79877 7.79276 7.79322 7.79022 7.78969 7.79205 7.79167 7.76185
7.75502 7.78805 7.79278 7.78302 7.77849 7.77976 7.78318 7.78409 7.78476 7.78583 7.78828 7.79341 7.79968 7.80133 7.80408 7.80646 7.80623 7.80521 7.80438 7.80379 7.80235 7.79891 7.79364 7.78436 7.78022 7.78833 7.79139 7.78691 7.78651 7.78431 7.77275 7.76173 7.76805 7.78165 7.78559 7.79238 7.78977 7.77837 7.74686 7.65478 7.56302 7.66881 7.70206 7.58024 7.62723 7.75340 7.77770 7.76439 7.74910 7.77012 7.78003 7.77448 7.78190 7.78841 7.78397 7.79056 7.78920 7.79155 7.79766 7.79490 7.79699 7.79251 7.78560 7.78810 7.79294 7.78683
7.73615 7.77043 7.79417 7.79501 7.78599 7.78644 7.79157 7.79092 7.78936 7.78687 7.78564 7.79019 7.79746 7.80129 7.80401 7.80428 7.80198 7.79827 7.79622 7.79704 7.79857 7.79842 7.79511 7.78915 7.78463 7.78720 7.79307 7.78982 7.78200 7.77726 7.77344 7.77527 7.77656 7.77275 7.77620 7.78129 7.78310 7.78157 7.75525 7.66783 7.66078 7.63633 7.71054 7.64695 7.72497 7.77856 7.77169 7.74938 7.72284 7.74363 7.77209 7.76514 7.77963 7.78692 7.79001 7.79605 7.79194 7.79131 7.79318 7.79288 7.79175 7.78750 7.78596 7.79022 7.79525 7.79407
7.73894 7.76191 7.78870 7.79349 7.78161 7.78361 7.78991 7.79388 7.79267 7.78731 7.78489 7.78991 7.79769 7.80190 7.80251 7.79867 7.79074 7.78283 7.78162 7.78616 7.79165 7.79579 7.79696 7.79433 7.78961 7.78730 7.78867 7.78871 7.78615 7.78490 7.78725 7.79010 7.78265 7.77746 7.78096 7.77556 7.77108 7.77875 7.77903 7.74119 7.67956 7.71914 7.74180 7.74373 7.76473 7.77055 7.76382 7.70128 7.60972 7.70552 7.76839 7.77298 7.77845 7.78944 7.79341 7.79563 7.79344 7.79132 7.79070 7.78937 7.78677 7.78679 7.78944 7.79610 7.79507 7.79201
7.75114 7.77003 7.78354 7.78157 7.77744 7.77680 7.78444 7.79293 7.78895 7.78221 7.78191 7.78902 7.79744 7.80117 7.79938 7.79134 7.78118 7.77805 7.78065 7.78388 7.78909 7.79489 7.79894 7.79805 7.79319 7.78803 7.78451 7.78348 7.78565 7.79008 7.79408 7.79475 7.79038 7.78931 7.79102 7.77938 7.76385 7.76643 7.78087 7.77249 7.74931 7.74928 7.75786 7.76396 7.74144 7.70397 7.70869 7.61958 7.57753 7.60524 7.74094 7.77309 7.78784 7.79427 7.79402 7.79232 7.79244 7.79265 7.79083 7.78992 7.79394 7.79663 7.79707 7.79488 7.79352 7.78862
7.76528 7.77169 7.77533 7.77658 7.77610 7.77645 7.78017 7.78615 7.78114 7.77522 7.77763 7.78632 7.79417 7.79924 7.79932 7.79065 7.77935 7.77988 7.78594 7.78726 7.79005 7.79415 7.79785 7.79870 7.79578 7.79060 7.78443 7.77993 7.78103 7.78638 7.79214 7.79559 7.79390 7.79020 7.79094 7.78375 7.76427 7.75444 7.76784 7.78004 7.77419 7.75953 7.76774 7.74363 7.67557 7.68283 7.63113 7.58852 7.61447 7.60269 7.73287 7.77800 7.78562 7.78769 7.78760 7.78902 7.79070 7.78996 7.79052 7.79400 7.79705 7.79694 7.79462 7.79218 7.78694 7.77044
7.76983 7.76547 7.76428 7.76473 7.76372 7.76514 7.77878 7.77764 7.77271 7.76818 7.77274 7.78159 7.78802 7.79586 7.80032 7.79688 7.78529 7.77757 7.78186 7.78781 7.79187 7.79351 7.79394 7.79445 7.79434 7.79241 7.78723 7.78005 7.77882 7.78387 7.78962 7.79397 7.79620 7.79160 7.78885 7.78577 7.76984 7.74614 7.74900 7.77082 7.77708 7.77348 7.77082 7.76460 7.71563 7.64161 7.63233 7.62707 7.57000 7.64826 7.74282 7.77521 7.77747 7.78016 7.78254 7.78789 7.78766 7.78763 7.79119 7.79276 7.79323 7.79318 7.78515 7.76654 7.76665 7.71783
7.78180 7.77201 7.76411 7.75835 7.75575 7.75499 7.75986 7.77360 7.76567 7.76007 7.76673 7.77505 7.77904 7.78985 7.79911 7.80023 7.79490 7.78555 7.78431 7.78879 7.79076 7.78890 7.78706 7.78651 7.78653 7.78602 7.78223 7.77406 7.77218 7.78206 7.78985 7.79199 7.79416 7.79211 7.78704 7.78069 7.77167 7.75751 7.74025 7.75736 7.77120 7.77461 7.77132 7.76984 7.75081 7.70782 7.69491 7.69464 7.64420 7.73109 7.76307 7.77561 7.78064 7.78241 7.78227 7.78826 7.79127 7.79175 7.78782 7.78916 7.79040 7.78170 7.74128 7.67087 7.70064 7.71813
7.79151 7.78389 7.77253 7.76274 7.75968 7.75937 7.75731 7.76994 7.75672 7.75176 7.76277 7.77274 7.77071 7.78166 7.79655 7.79990 7.79612 7.78634 7.77903 7.77913 7.78049 7.78080 7.78070 7.78040 7.77943 7.77653 7.76951 7.76038 7.76459 7.77953 7.79012 7.79088 7.78986 7.78984 7.78591 7.77663 7.77240 7.77254 7.74890 7.75559 7.76918 7.76900 7.77549 7.77562 7.76019 7.73793 7.67147 7.67814 7.66824 7.75434 7.77473 7.78112 7.78663 7.78435 7.78869 7.78729 7.79136 7.79354 7.78936 7.78610 7.78532 7.75508 7.65494 7.68713 7.66381 7.72050
7.78971 7.78378 7.77578 7.76967 7.76253 7.75279 7.75607 7.76919 7.75090 7.74843 7.76721 7.77864 7.76861 7.77439 7.79146 7.79579 7.78914 7.77346 7.76709 7.77140 7.77545 7.77849 7.78047 7.78130 7.78078 7.77693 7.76865 7.76416 7.77048 7.77610 7.78689 7.78964 7.78537 7.78484 7.78170 7.77135 7.77179 7.77463 7.75900 7.75692 7.76663 7.77234 7.77521 7.77842 7.77331 7.76302 7.72534 7.67594 7.73116 7.75171 7.77182 7.77594 7.77929 7.77920 7.78374 7.78323 7.78305 7.78138 7.78710 7.78380 7.77668 7.72985 7.65260 7.64128 7.73029 7.75729
7.78532 7.77972 7.77563 7.77501 7.76245 7.74546 7.75868 7.76524 7.74568 7.75107 7.77411 7.77889 7.77252 7.77360 7.77929 7.78370 7.77963 7.76656 7.76942 7.77754 7.78136 7.78448 7.78724 7.78870 7.78879 7.78548 7.77857 7.77637 7.77563 7.77746 7.78912 7.78738 7.77928 7.77997 7.77817 7.77108 7.77150 7.77535 7.77060 7.76325 7.76169 7.76819 7.77587 7.78090 7.78200 7.77757 7.76277 7.74398 7.72398 7.66129 7.72637 7.76659 7.76690 7.74816 7.76229 7.76575 7.75115 7.75046 7.77255 7.77847 7.74901 7.69912 7.69592 7.68842 7.75876 7.75542
7.78231 7.77731 7.77544 7.77786 7.76683 7.74896 7.75824 7.76706 7.74569 7.75118 7.76337 7.76795 7.77465 7.78097 7.77485 7.77824 7.78292 7.77105 7.76649 7.77658 7.78658 7.79002 7.79063 7.78903 7.78621 7.78316 7.77916 7.77765 7.77734 7.78405 7.79059 7.78189 7.77416 7.78121 7.77882 7.77375 7.77591 7.78041 7.77953 7.77120 7.75966 7.76412 7.77405 7.77393 7.77551 7.78070 7.78087 7.74861 7.66373 7.67474 7.65321 7.73852 7.72390 7.65023 7.71827 7.71061 7.68833 7.72861 7.74765 7.74535 7.70592 7.70955 7.69986 7.74873 7.77366 7.76870
7.77798 7.77599 7.77743 7.78142 7.77100 7.75676 7.76019 7.77018 7.75590 7.74594 7.75366 7.76479 7.77239 7.77140 7.76354 7.76851 7.77720 7.77235 7.76135 7.76459 7.77894 7.78220 7.77972 7.77727 7.77615 7.77531 7.77363 7.77546 7.78087 7.78709 7.78719 7.77805 7.77616 7.78451 7.78212 7.77887 7.78230 7.78747 7.78596 7.77667 7.76550 7.76206 7.76189 7.76149 7.76989 7.77389 7.78339 7.77544 7.73015 7.66075 7.72824 7.74296 7.65547 7.66720 7.63760 7.59489 7.58754 7.67165 7.73698 7.70476 7.69102 7.62609 7.70468 7.76232 7.76674 7.76323
7.77275 7.77388 7.78173 7.78639 7.77558 7.76434 7.76247 7.76321 7.76292 7.76282 7.76731 7.77324 7.77363 7.76953 7.76461 7.76964 7.77579 7.77837 7.76891 7.75930 7.76607 7.77044 7.77209 7.77476 7.77933 7.77889 7.77447 7.77491 7.78032 7.78606 7.78468 7.77997 7.78065 7.78292 7.78221 7.78247 7.78621 7.79089 7.78904 7.77995 7.76902 7.76081 7.75830 7.75824 7.76116 7.77259 7.77953 7.78204 7.77211 7.75049 7.76847 7.74950 7.71071 7.61717 7.61017 7.57756 7.56835 7.63811 7.74441 7.72618 7.58774 7.57654 7.61507 7.73787 7.76297 7.75939
7.77534 7.78032 7.78461 7.78666 7.77884 7.76812 7.76037 7.75016 7.74566 7.74839 7.74798 7.74667 7.75161 7.76075 7.75678 7.75842 7.76191 7.76813 7.77325 7.77187 7.76866 7.77285 7.77876 7.78353 7.78867 7.78675 7.78119 7.77819 7.77886 7.78142 7.78231 7.78231 7.78301 7.78182 7.78198 7.78434 7.78765 7.79065 7.78925 7.78093 7.76840 7.75677 7.75009 7.74850 7.75232 7.76427 7.77300 7.77678 7.77878 7.77961 7.77940 7.76387 7.74010 7.73161 7.72003 7.63508 7.59885 7.70949 7.75234 7.74738 7.63485 7.58381 7.63385 7.74352 7.76606 7.76488
7.77406 7.77265 7.77856 7.78431 7.78049 7.76875 7.75687 7.74801 7.74478 7.74430 7.74492 7.74716 7.74292 7.74980 7.75867 7.76320 7.76856 7.76741 7.76814 7.77224 7.77928 7.78425 7.78944 7.79149 7.79093 7.78940 7.78628 7.78300 7.78014 7.77910 7.78058 7.78374 7.78518 7.78414 7.78527 7.78738 7.78934 7.78992 7.78715 7.77911 7.76772 7.75631 7.74649 7.73727 7.72994 7.73464 7.76140 7.76964 7.77570 7.77620 7.77754 7.77307 7.76852 7.76745 7.75909 7.69722 7.60577 7.67390 7.74941 7.76052 7.72001 7.65491 7.71737 7.76638 7.77272 7.77171
