mrvbf_slope1.2_pctl0.9.asc
NCOLS 410
NROWS 410
XLLCORNER 2398750.0000000000000000
YLLCORNER 2548750.0000000000000000
CELLSIZE 250.0000000000000000
NODATA_VALUE -99999.00000
[rows 29 to 57 of 410, columns 0 to 65 of 410]
-99999.00000 -99999.00000 -99999.00000 -99999.00000 -99999.00000 7.84188 7.84264 7.84532 7.84769 7.84734 7.84476 7.84717 7.84620 7.85176 7.85567 7.85290 7.84566 7.84085 7.84045 7.83509 7.82907 7.82636 7.83427 7.84479 7.84337 7.84089 7.84430 7.85011 7.85046 7.84773 7.84560 7.84230 7.84169 7.84963 7.85282 7.84414 7.83782 7.83806 7.84154 7.85148 7.85497 7.85440 7.84977 7.84067 7.83787 7.83206 7.82600 7.83767 7.83290 7.81613 7.80903 7.81447 7.82806 7.84124 7.84446 7.84628 7.84292 7.83450 7.82951 7.83356 7.83526 7.83218 7.83980 7.84830 7.85162 7.85281
-99999.00000 -99999.00000 -99999.00000 -99999.00000 -99999.00000 7.84089 7.84189 7.84486 7.84746 7.84854 7.84819 7.84466 7.84489 7.84582 7.85116 7.85280 7.84923 7.84471 7.84145 7.83367 7.82969 7.82859 7.83145 7.83595 7.83810 7.83952 7.84264 7.84740 7.85038 7.85127 7.85126 7.84897 7.84152 7.84329 7.85132 7.85053 7.84469 7.84431 7.85022 7.85469 7.85493 7.85379 7.85156 7.84591 7.84306 7.84044 7.82644 7.82857 7.84150 7.83111 7.82240 7.81966 7.82252 7.83029 7.83423 7.83816 7.83831 7.83325 7.82779 7.83148 7.84190 7.83979 7.83778 7.84472 7.85017 7.85145
-99999.00000 -99999.00000 -99999.00000 -99999.00000 -99999.00000 7.84150 7.84296 7.84690 7.85028 7.85217 7.85104 7.84500 7.84471 7.84669 7.84988 7.85170 7.84713 7.84630 7.84316 7.84577 7.84758 7.84658 7.84222 7.83586 7.83523 7.83721 7.84064 7.84458 7.84722 7.84978 7.85092 7.85120 7.84561 7.84242 7.84821 7.85280 7.85211 7.85212 7.85343 7.85339 7.85172 7.84869 7.84462 7.84113 7.84260 7.84254 7.83110 7.82813 7.83859 7.84252 7.83630 7.82797 7.81474 7.81214 7.82120 7.82143 7.82883 7.83205 7.82937 7.82939 7.83854 7.84205 7.83807 7.84192 7.84655 7.84581
-99999.00000 -99999.00000 -99999.00000 -99999.00000 -99999.00000 7.84218 7.84540 7.85079 7.85229 7.85014 7.85172 7.85070 7.84809 7.85144 7.85057 7.85040 7.85077 7.84882 7.84979 7.85170 7.85424 7.85331 7.84832 7.84068 7.83614 7.83476 7.83729 7.84122 7.84407 7.84676 7.84740 7.85041 7.84693 7.84361 7.84652 7.85189 7.85327 7.85158 7.84894 7.84589 7.84229 7.83727 7.83370 7.83522 7.83898 7.83709 7.82983 7.83065 7.83861 7.84360 7.84259 7.83732 7.81746 7.79547 7.79696 7.80586 7.82749 7.83387 7.82869 7.82383 7.83097 7.84003 7.83695 7.84123 7.84192 7.83804
-99999.00000 -99999.00000 -99999.00000 -99999.00000 -99999.00000 7.84229 7.84746 7.85268 7.84944 7.84528 7.84739 7.84899 7.84764 7.84575 7.84536 7.84480 7.84506 7.84218 7.84527 7.84886 7.85200 7.85333 7.85199 7.84660 7.84031 7.83499 7.83311 7.83583 7.83885 7.84009 7.84056 7.84471 7.84668 7.84600 7.84646 7.84978 7.85008 7.84770 7.84508 7.84127 7.83670 7.83248 7.83141 7.83275 7.83192 7.82755 7.82531 7.83150 7.83939 7.83943 7.83875 7.83822 7.83386 7.81781 7.80851 7.82686 7.83802 7.83887 7.83076 7.82030 7.82097 7.83066 7.83400 7.84124 7.83899 7.83810
-99999.00000 -99999.00000 -99999.00000 -99999.00000 -99999.00000 7.84442 7.84678 7.84893 7.84310 7.84562 7.84013 7.84428 7.84231 7.83736 7.83719 7.83927 7.83992 7.83749 7.83862 7.84256 7.84636 7.84886 7.85237 7.85093 7.84543 7.84114 7.83580 7.83523 7.83714 7.83698 7.83565 7.83941 7.84621 7.84942 7.84872 7.84872 7.84834 7.84720 7.84604 7.84383 7.84003 7.83668 7.83586 7.83393 7.82605 7.81583 7.81678 7.82821 7.83560 7.83604 7.83802 7.83776 7.83524 7.83525 7.83543 7.83873 7.84171 7.83964 7.83691 7.82829 7.81988 7.82065 7.82876 7.83618 7.83393 7.83227
-99999.00000 -99999.00000 -99999.00000 -99999.00000 -99999.00000 7.84166 7.84392 7.84665 7.84217 7.83608 7.83903 7.84270 7.84174 7.84280 7.84177 7.84293 7.84237 7.84049 7.84021 7.84098 7.84341 7.84254 7.84907 7.85255 7.84994 7.84681 7.84401 7.84170 7.84187 7.84135 7.83927 7.83965 7.84444 7.84965 7.85048 7.85009 7.84919 7.84872 7.84776 7.84533 7.84086 7.83649 7.83610 7.83621 7.82701 7.80912 7.80497 7.81972 7.83044 7.83226 7.83388 7.83327 7.83030 7.83020 7.83304 7.83511 7.83194 7.82402 7.82932 7.83954 7.83404 7.82845 7.83015 7.83194 7.82956 7.82788
-99999.00000 -99999.00000 -99999.00000 -99999.00000 -99999.00000 7.83582 7.83875 7.84510 7.84756 7.84197 7.84668 7.84714 7.84551 7.84518 7.84609 7.84833 7.84699 7.84629 7.84618 7.84366 7.84455 7.84166 7.84499 7.85192 7.85134 7.84936 7.84769 7.84574 7.84528 7.84495 7.84311 7.84269 7.84354 7.84533 7.84728 7.84954 7.84946 7.84920 7.84889 7.84682 7.84151 7.83383 7.83139 7.83577 7.83514 7.81876 7.80421 7.81583 7.82896 7.82871 7.82647 7.82412 7.82301 7.82488 7.82899 7.83000 7.82269 7.81958 7.81837 7.82998 7.84081 7.84171 7.84149 7.84066 7.83774 7.83637
-99999.00000 -99999.00000 -99999.00000 -99999.00000 -99999.00000 7.83540 7.83434 7.83965 7.84814 7.84901 7.85057 7.84928 7.84680 7.84472 7.84556 7.84723 7.84532 7.84586 7.84808 7.84443 7.84241 7.84161 7.84536 7.85172 7.85294 7.84997 7.84477 7.84078 7.83980 7.84380 7.84249 7.84508 7.84629 7.84547 7.84502 7.84527 7.84650 7.84714 7.84789 7.84778 7.84416 7.83471 7.82784 7.83250 7.83945 7.83051 7.81433 7.82178 7.83220 7.82732 7.82170 7.81800 7.81862 7.82384 7.83043 7.83242 7.82785 7.83080 7.82470 7.82512 7.83360 7.84012 7.84283 7.84370 7.84378 7.83966
-99999.00000 -99999.00000 -99999.00000 -99999.00000 -99999.00000 7.84151 7.83661 7.83680 7.84561 7.85024 7.85115 7.85067 7.84926 7.84806 7.84810 7.84776 7.84394 7.84338 7.84733 7.84377 7.83957 7.84044 7.84502 7.85037 7.85194 7.84887 7.83928 7.83424 7.83541 7.84142 7.83930 7.84440 7.84731 7.84770 7.84462 7.84160 7.84260 7.84445 7.84569 7.84683 7.84595 7.83820 7.82831 7.82943 7.83773 7.83509 7.82279 7.82906 7.83532 7.82794 7.82321 7.82137 7.82123 7.82563 7.83372 7.83900 7.83577 7.83230 7.83240 7.83091 7.83082 7.83234 7.83574 7.83789 7.83972 7.83864
-99999.00000 -99999.00000 -99999.00000 -99999.00000 -99999.00000 7.84261 7.83799 7.83770 7.84487 7.84901 7.85029 7.85111 7.85054 7.84944 7.84813 7.84611 7.84097 7.84003 7.84469 7.84182 7.83650 7.83710 7.84271 7.84879 7.85151 7.84993 7.84023 7.83043 7.83410 7.84117 7.84051 7.84309 7.84582 7.84660 7.84239 7.83874 7.84028 7.84385 7.84409 7.84512 7.84622 7.84221 7.83198 7.82799 7.83544 7.83654 7.82843 7.83457 7.83845 7.82951 7.82674 7.82952 7.82491 7.82546 7.83477 7.84142 7.84062 7.83761 7.83745 7.83360 7.83049 7.83029 7.83232 7.83386 7.83463 7.83778
-99999.00000 -99999.00000 -99999.00000 -99999.00000 -99999.00000 7.83935 7.83785 7.84105 7.84581 7.84527 7.84596 7.84851 7.84804 7.84545 7.84069 7.83569 7.83258 7.83695 7.84264 7.83939 7.83394 7.83364 7.83949 7.84657 7.85035 7.85076 7.84653 7.83753 7.83567 7.83876 7.83755 7.84111 7.84451 7.84454 7.84059 7.83693 7.83824 7.84290 7.84250 7.84418 7.84663 7.84480 7.83604 7.82855 7.83375 7.83279 7.82697 7.83542 7.83830 7.82844 7.82202 7.82715 7.82743 7.82833 7.83705 7.84166 7.83884 7.83349 7.83057 7.82869 7.82921 7.83145 7.83352 7.83397 7.83229 7.83531
-99999.00000 -99999.00000 -99999.00000 -99999.00000 -99999.00000 7.83844 7.83973 7.84242 7.84415 7.84168 7.84023 7.84286 7.84237 7.83439 7.82608 7.82391 7.82851 7.83659 7.84078 7.83722 7.83260 7.83184 7.83525 7.84125 7.84641 7.84934 7.84651 7.84021 7.83979 7.84087 7.84092 7.84146 7.84392 7.84331 7.83990 7.83612 7.83551 7.83870 7.84166 7.84500 7.84712 7.84554 7.83768 7.83026 7.83204 7.82511 7.82522 7.83738 7.83980 7.83266 7.82454 7.82665 7.83730 7.83589 7.83815 7.83904 7.83331 7.82710 7.82466 7.82495 7.82841 7.83322 7.83566 7.83400 7.82970 7.83236
-99999.00000 -99999.00000 -99999.00000 -99999.00000 -99999.00000 7.83796 7.83815 7.84021 7.84088 7.84136 7.83903 7.83703 7.83023 7.81750 7.81581 7.82269 7.83079 7.83694 7.83847 7.83590 7.83220 7.83082 7.83314 7.83664 7.84178 7.84546 7.84178 7.83671 7.83704 7.83550 7.83568 7.83847 7.84313 7.84397 7.84080 7.83704 7.83514 7.83733 7.84206 7.84578 7.84701 7.84579 7.84076 7.83528 7.83100 7.82608 7.83500 7.84369 7.84352 7.83717 7.82691 7.82418 7.83387 7.83567 7.83845 7.83864 7.83213 7.82758 7.82834 7.82677 7.82717 7.83404 7.83768 7.83438 7.82677 7.82435
-99999.00000 -99999.00000 -99999.00000 -99999.00000 -99999.00000 7.83880 7.83577 7.83457 7.83870 7.84282 7.84243 7.83478 7.81962 7.81195 7.82115 7.83063 7.83498 7.83543 7.83574 7.83637 7.83382 7.83024 7.82854 7.82866 7.83689 7.84380 7.83888 7.83102 7.83234 7.83461 7.83763 7.83378 7.83644 7.84226 7.84146 7.83887 7.83692 7.83768 7.84148 7.84506 7.84621 7.84579 7.84416 7.84170 7.83659 7.83697 7.84382 7.84626 7.84339 7.83298 7.81892 7.81990 7.82924 7.83162 7.83833 7.83988 7.83343 7.83170 7.83537 7.82903 7.82649 7.83618 7.83776 7.83378 7.82681 7.81687
-99999.00000 -99999.00000 -99999.00000 -99999.00000 -99999.00000 7.83940 7.83494 7.83085 7.83427 7.84107 7.84242 7.83333 7.81930 7.82092 7.83406 7.83720 7.83447 7.83149 7.83537 7.83897 7.83695 7.82968 7.81962 7.82309 7.83877 7.84412 7.84130 7.82949 7.82693 7.83196 7.83587 7.83776 7.83297 7.83471 7.84159 7.84080 7.83869 7.83810 7.84003 7.84289 7.84424 7.84451 7.84502 7.84515 7.84196 7.84154 7.84376 7.84556 7.84370 7.83457 7.81981 7.81118 7.81520 7.82602 7.83570 7.83721 7.83296 7.83308 7.83521 7.83010 7.83178 7.83957 7.83702 7.83285 7.83030 7.81844
-99999.00000 -99999.00000 -99999.00000 -99999.00000 -99999.00000 7.84045 7.83785 7.83258 7.82956 7.83574 7.83973 7.83461 7.82388 7.82152 7.83029 7.83269 7.83063 7.83375 7.84014 7.84114 7.83878 7.83084 7.81625 7.81780 7.83453 7.84037 7.83822 7.82838 7.82573 7.83125 7.83417 7.83801 7.83626 7.83278 7.83645 7.84221 7.84059 7.83800 7.83806 7.84010 7.84174 7.84259 7.84364 7.84378 7.83933 7.83305 7.83225 7.83803 7.84258 7.84085 7.83203 7.82143 7.82172 7.82912 7.83309 7.83281 7.83124 7.83128 7.83169 7.83318 7.83322 7.83745 7.83624 7.83500 7.83344 7.82331
-99999.00000 -99999.00000 -99999.00000 -99999.00000 -99999.00000 7.84290 7.84174 7.83755 7.83238 7.83251 7.83351 7.83633 7.83077 7.82527 7.82747 7.83167 7.83505 7.83998 7.84264 7.84179 7.83926 7.83316 7.81976 7.80969 7.81926 7.83117 7.82617 7.81857 7.82158 7.82855 7.83216 7.83612 7.83654 7.83207 7.83129 7.83708 7.83945 7.83678 7.83589 7.83812 7.84031 7.84144 7.84282 7.84326 7.83794 7.82964 7.82740 7.82908 7.83627 7.84066 7.83796 7.83229 7.83470 7.83716 7.83454 7.83094 7.83036 7.82854 7.82511 7.82865 7.83520 7.83784 7.83982 7.83900 7.83176 7.82148
-99999.00000 -99999.00000 -99999.00000 -99999.00000 -99999.00000 7.84401 7.84203 7.83992 7.83848 7.83531 7.83070 7.82906 7.83336 7.83545 7.83411 7.83667 7.84064 7.84200 7.84185 7.84068 7.83761 7.83314 7.82498 7.81303 7.80807 7.81551 7.81350 7.81340 7.82023 7.82521 7.83058 7.83518 7.83664 7.83380 7.82812 7.82680 7.83722 7.83503 7.83446 7.83747 7.83943 7.84049 7.84180 7.84130 7.83530 7.82853 7.83142 7.82629 7.82994 7.83565 7.82771 7.82177 7.82362 7.83330 7.83847 7.83296 7.83076 7.82757 7.82681 7.82149 7.82844 7.83776 7.84071 7.83879 7.83225 7.82693
-99999.00000 -99999.00000 -99999.00000 -99999.00000 -99999.00000 7.84336 7.84281 7.84239 7.84176 7.83870 7.83523 7.82593 7.82746 7.83607 7.83869 7.83936 7.84036 7.83871 7.83675 7.83601 7.83454 7.83293 7.82889 7.82039 7.81371 7.81112 7.81545 7.81630 7.81937 7.82489 7.83155 7.83646 7.83784 7.83706 7.83172 7.82303 7.83031 7.83292 7.83319 7.83485 7.83584 7.83766 7.83776 7.83396 7.82958 7.82172 7.81953 7.81939 7.82575 7.82198 7.81371 7.81643 7.81521 7.82122 7.83354 7.83808 7.83595 7.83666 7.83704 7.83053 7.82669 7.83387 7.83793 7.83806 7.83631 7.83350
-99999.00000 -99999.00000 -99999.00000 -99999.00000 -99999.00000 7.84380 7.84425 7.84378 7.84208 7.83924 7.82896 7.80913 7.82538 7.83027 7.83722 7.83723 7.83607 7.83496 7.83343 7.83279 7.83393 7.83416 7.83149 7.82549 7.81970 7.81649 7.81927 7.81903 7.82269 7.82714 7.83138 7.83554 7.83688 7.83584 7.83263 7.82383 7.82609 7.83218 7.83017 7.82961 7.82824 7.83091 7.83051 7.82663 7.83100 7.83088 7.82041 7.82221 7.82217 7.81177 7.81422 7.82562 7.82161 7.81681 7.82613 7.83434 7.83243 7.83191 7.83595 7.83595 7.83331 7.83365 7.83639 7.83821 7.83956 7.83912
-99999.00000 -99999.00000 -99999.00000 -99999.00000 -99999.00000 7.84173 7.84260 7.84247 7.84020 7.83564 7.81407 7.80687 7.81288 7.82974 7.83493 7.83415 7.83289 7.83384 7.83534 7.83428 7.83536 7.83567 7.83332 7.82951 7.82459 7.82236 7.82687 7.82510 7.82844 7.82844 7.82824 7.83269 7.83633 7.83611 7.83354 7.82742 7.82682 7.83032 7.83212 7.82964 7.82417 7.82183 7.82203 7.82551 7.83145 7.83070 7.82415 7.82091 7.81252 7.81192 7.82409 7.83278 7.82754 7.81980 7.81886 7.82532 7.82432 7.83181 7.83292 7.83790 7.83775 7.83456 7.83609 7.83830 7.83994 7.84047
-99999.00000 -99999.00000 -99999.00000 -99999.00000 -99999.00000 7.83744 7.83836 7.83794 7.83592 7.83311 7.81359 7.80510 7.81251 7.82752 7.83084 7.83114 7.83199 7.83419 7.83573 7.83485 7.83497 7.83555 7.83324 7.83139 7.82799 7.82462 7.82739 7.82438 7.82817 7.82707 7.82325 7.82851 7.83481 7.83558 7.83441 7.83146 7.82732 7.82479 7.82473 7.82650 7.83088 7.82841 7.82858 7.83227 7.82954 7.82672 7.81890 7.81116 7.81356 7.82289 7.83071 7.83411 7.83214 7.82805 7.82368 7.82085 7.82002 7.82436 7.82321 7.83185 7.83654 7.83748 7.83654 7.83822 7.83895 7.83891
-99999.00000 -99999.00000 -99999.00000 -99999.00000 -99999.00000 7.83647 7.83773 7.83620 7.83373 7.83267 7.82905 7.81484 7.82523 7.83015 7.82958 7.82901 7.83121 7.83417 7.83514 7.83471 7.83318 7.83410 7.83183 7.83076 7.83024 7.82420 7.82212 7.82137 7.82051 7.82452 7.81802 7.82155 7.82962 7.83037 7.83023 7.82921 7.82732 7.82794 7.82695 7.82510 7.82516 7.83062 7.83501 7.83470 7.82810 7.82095 7.81557 7.81748 7.82555 7.83183 7.83264 7.83403 7.83550 7.83402 7.83210 7.82835 7.82142 7.81999 7.81665 7.82462 7.83199 7.83512 7.83870 7.83880 7.83816 7.83723
-99999.00000 -99999.00000 -99999.00000 -99999.00000 -99999.00000 7.83733 7.83931 7.83826 7.83448 7.82881 7.83175 7.82806 7.83393 7.83523 7.83183 7.82931 7.83041 7.83311 7.83521 7.83454 7.83019 7.82900 7.82887 7.83103 7.83188 7.82880 7.82293 7.82467 7.81865 7.82619 7.81898 7.81315 7.81880 7.82191 7.82561 7.82733 7.82806 7.82964 7.82776 7.82378 7.82166 7.82584 7.83168 7.83185 7.82643 7.82028 7.81816 7.82329 7.82994 7.83274 7.83457 7.83551 7.83676 7.83520 7.83445 7.83308 7.82707 7.82650 7.82288 7.82579 7.83233 7.83595 7.83850 7.83833 7.83735 7.83599
-99999.00000 -99999.00000 -99999.00000 -99999.00000 -99999.00000 7.83785 7.83950 7.83880 7.83474 7.82769 7.83261 7.83133 7.83391 7.83408 7.83155 7.83063 7.83141 7.83279 7.83496 7.83369 7.82791 7.82571 7.82741 7.83064 7.83160 7.82647 7.82229 7.81803 7.81868 7.82739 7.82630 7.80902 7.80947 7.81692 7.82383 7.82764 7.82890 7.82900 7.82740 7.82569 7.82292 7.82288 7.82763 7.82808 7.82522 7.82285 7.82306 7.82675 7.83166 7.83499 7.83695 7.83483 7.83251 7.83071 7.83090 7.83451 7.83019 7.82562 7.82403 7.82918 7.83531 7.83641 7.83626 7.83552 7.83497 7.83377
-99999.00000 -99999.00000 -99999.00000 -99999.00000 -99999.00000 7.83715 7.83871 7.83879 7.83441 7.83203 7.83275 7.83249 7.83004 7.82798 7.82864 7.83203 7.83397 7.83391 7.83532 7.83275 7.82860 7.82924 7.82987 7.82995 7.82949 7.82588 7.82310 7.81458 7.82161 7.82607 7.82583 7.80997 7.80886 7.81687 7.82430 7.82981 7.83173 7.83152 7.83064 7.82919 7.82484 7.82310 7.82537 7.82511 7.82412 7.82441 7.82623 7.82974 7.83369 7.83574 7.83510 7.83085 7.82969 7.82884 7.82569 7.83077 7.83276 7.83044 7.83096 7.83396 7.83042 7.82764 7.82826 7.83131 7.83347 7.83189
-99999.00000 -99999.00000 -99999.00000 -99999.00000 -99999.00000 7.83624 7.83778 7.83804 7.83511 7.83441 7.83353 7.83147 7.82640 7.81743 7.82227 7.82999 7.83476 7.83470 7.83490 7.83146 7.83012 7.83419 7.83412 7.83123 7.82990 7.83107 7.82718 7.82711 7.82930 7.82532 7.81988 7.81666 7.81390 7.81648 7.82427 7.83177 7.83429 7.83414 7.83278 7.83026 7.82652 7.82440 7.82331 7.82199 7.82180 7.82327 7.82584 7.82936 7.83277 7.83450 7.83419 7.83211 7.83013 7.82561 7.82367 7.82987 7.83401 7.83462 7.83472 7.83242 7.82663 7.82578 7.82605 7.83067 7.83474 7.83228
-99999.00000 -99999.00000 -99999.00000 -99999.00000 -99999.00000 7.83645 7.83760 7.83752 7.83675 7.83596 7.83469 7.82995 7.82193 7.82210 7.81377 7.82535 7.83373 7.83484 7.83457 7.83310 7.83160 7.83465 7.83563 7.83222 7.83024 7.83323 7.83006 7.82680 7.82753 7.82275 7.81581 7.81647 7.81710 7.81784 7.82665 7.83407 7.83561 7.83461 7.83248 7.82976 7.82655 7.82462 7.82156 7.81946 7.81911 7.82037 7.82334 7.82765 7.83164 7.83450 7.83608 7.83517 7.82974 7.82448 7.82752 7.83308 7.83487 7.83513 7.83554 7.83345 7.82705 7.82752 7.82961 7.83066 7.83436 7.83320
