mrvbf_slope1_pctl0.9.asc
NCOLS 410
NROWS 410
XLLCORNER 2398750.0000000000000000
YLLCORNER 2548750.0000000000000000
CELLSIZE 250.0000000000000000
NODATA_VALUE -99999.00000
[rows 116 to 144 of 410, columns 330 to 395 of 410]
-99999.00000 -99999.00000 -99999.00000 -99999.00000 -99999.00000 -99999.00000 -99999.00000 -99999.00000 -99999.00000 -99999.00000 -99999.00000 -99999.00000 -99999.00000 -99999.00000 -99999.00000 -99999.00000 -99999.00000 -99999.00000 -99999.00000 -99999.00000 7.63193 7.63758 7.63404 7.63729 7.62921 7.63827 7.64663 7.65153 7.64783 7.63884 7.63931 7.63456 7.62380 7.60055 7.52447 7.40415 6.45496 5.18612 5.74984 6.79132 7.34848 7.42764 7.40978 7.35503 7.19729 7.37157 7.47626 7.53836 7.57698 7.61253 7.63329 7.64941 7.66069 7.66715 7.66787 7.67359 7.67176 7.67492 7.66365 7.66125 7.67005 7.67023 7.66880 7.68434 7.68663 7.68657
-99999.00000 -99999.00000 -99999.00000 -99999.00000 -99999.00000 -99999.00000 -99999.00000 -99999.00000 -99999.00000 -99999.00000 -99999.00000 -99999.00000 -99999.00000 -99999.00000 -99999.00000 -99999.00000 -99999.00000 -99999.00000 -99999.00000 7.57054 7.61778 7.62912 7.61914 7.62317 7.62897 7.63372 7.64915 7.64554 7.64315 7.64324 7.64940 7.63932 7.62308 7.59642 7.54171 7.41244 6.74210 4.99313 4.84134 6.43147 7.28394 7.45964 7.46108 7.39822 7.44115 7.51925 7.55189 7.57038 7.58875 7.61929 7.63802 7.65329 7.65701 7.65775 7.66466 7.67027 7.66591 7.66002 7.65515 7.66966 7.66943 7.66751 7.67081 7.67351 7.67289 7.68094
-99999.00000 -99999.00000 -99999.00000 -99999.00000 -99999.00000 -99999.00000 -99999.00000 -99999.00000 -99999.00000 -99999.00000 -99999.00000 -99999.00000 -99999.00000 -99999.00000 -99999.00000 -99999.00000 -99999.00000 -99999.00000 -99999.00000 7.58557 7.61602 7.63331 7.62102 7.60918 7.61600 7.63899 7.64765 7.64955 7.64604 7.64751 7.65230 7.64273 7.62651 7.60642 7.56305 7.47299 7.00709 4.63229 3.26966 5.89113 7.23554 7.42326 7.44723 7.43466 7.50174 7.54831 7.56975 7.58718 7.60190 7.62606 7.64289 7.65526 7.65660 7.66147 7.66580 7.66718 7.66141 7.66086 7.66973 7.67481 7.67295 7.67920 7.68196 7.67301 7.67024 7.68643
-99999.00000 -99999.00000 -99999.00000 -99999.00000 -99999.00000 -99999.00000 -99999.00000 -99999.00000 -99999.00000 -99999.00000 -99999.00000 -99999.00000 -99999.00000 -99999.00000 -99999.00000 -99999.00000 -99999.00000 -99999.00000 -99999.00000 7.57790 7.60414 7.62058 7.61745 7.62027 7.62817 7.64351 7.65081 7.65136 7.65487 7.65401 7.65009 7.63928 7.62104 7.60681 7.57323 7.51729 7.32486 5.37296 2.25964 5.01349 7.14270 7.38772 7.40250 7.44619 7.52359 7.56340 7.58247 7.60041 7.61386 7.62869 7.64125 7.65148 7.65881 7.66578 7.66455 7.65840 7.66216 7.67672 7.68387 7.68530 7.67998 7.68015 7.68195 7.66863 7.67313 7.68646
-99999.00000 -99999.00000 -99999.00000 -99999.00000 -99999.00000 -99999.00000 -99999.00000 -99999.00000 -99999.00000 -99999.00000 -99999.00000 -99999.00000 -99999.00000 -99999.00000 -99999.00000 -99999.00000 -99999.00000 -99999.00000 -99999.00000 7.60879 7.62431 7.62718 7.62596 7.62514 7.63631 7.64672 7.65059 7.65156 7.65978 7.65806 7.65310 7.63897 7.61812 7.59927 7.58257 7.54130 7.43497 6.57346 2.27638 3.26520 6.80506 7.33060 7.36643 7.46339 7.53745 7.57165 7.59148 7.60644 7.61747 7.62564 7.63888 7.64685 7.65523 7.65753 7.66010 7.66305 7.67383 7.68088 7.68279 7.67611 7.68475 7.68442 7.68156 7.67596 7.67580 7.67445
-99999.00000 -99999.00000 -99999.00000 -99999.00000 -99999.00000 -99999.00000 -99999.00000 -99999.00000 -99999.00000 -99999.00000 -99999.00000 -99999.00000 -99999.00000 -99999.00000 -99999.00000 -99999.00000 -99999.00000 -99999.00000 -99999.00000 7.62158 7.62923 7.63528 7.62981 7.63126 7.64341 7.64906 7.65000 7.65023 7.65599 7.65667 7.64881 7.63526 7.61960 7.60456 7.59346 7.54194 7.42195 6.79875 3.03605 2.73972 6.28195 7.19859 7.27948 7.43666 7.53880 7.57302 7.59276 7.60357 7.60801 7.61588 7.62329 7.62943 7.64554 7.64448 7.65062 7.66644 7.67749 7.67914 7.66432 7.64727 7.66146 7.67637 7.68445 7.68372 7.67493 7.67424
-99999.00000 -99999.00000 -99999.00000 -99999.00000 -99999.00000 -99999.00000 -99999.00000 -99999.00000 -99999.00000 -99999.00000 -99999.00000 -99999.00000 -99999.00000 -99999.00000 -99999.00000 -99999.00000 -99999.00000 -99999.00000 7.63144 7.62851 7.63280 7.63488 7.63007 7.63872 7.64450 7.64090 7.64946 7.64080 7.65250 7.64641 7.63927 7.63399 7.62545 7.60888 7.59268 7.53581 7.46114 7.05011 4.30024 2.07969 5.36077 6.99732 7.21654 7.33781 7.51038 7.56285 7.58646 7.59655 7.60125 7.61485 7.59472 7.57290 7.61972 7.64483 7.63328 7.64688 7.66883 7.67050 7.64351 7.64628 7.63861 7.67094 7.67865 7.68632 7.68365 7.68639
-99999.00000 -99999.00000 -99999.00000 -99999.00000 -99999.00000 -99999.00000 -99999.00000 -99999.00000 -99999.00000 -99999.00000 -99999.00000 -99999.00000 -99999.00000 -99999.00000 -99999.00000 -99999.00000 -99999.00000 -99999.00000 7.61944 7.62483 7.63101 7.62314 7.62388 7.62677 7.63772 7.64265 7.64720 7.63386 7.63076 7.63685 7.64310 7.63335 7.62348 7.59667 7.58209 7.55753 7.46557 7.32072 5.91745 1.95011 3.81414 6.82132 7.22717 7.32256 7.49014 7.55398 7.57517 7.58498 7.60227 7.58271 7.53601 7.57926 7.58365 7.62686 7.63814 7.64392 7.65654 7.66830 7.66213 7.64633 7.66255 7.66890 7.67778 7.68654 7.69108 7.69124
-99999.00000 -99999.00000 -99999.00000 -99999.00000 -99999.00000 -99999.00000 -99999.00000 -99999.00000 -99999.00000 -99999.00000 -99999.00000 -99999.00000 -99999.00000 -99999.00000 -99999.00000 -99999.00000 -99999.00000 -99999.00000 7.61522 7.62115 7.62781 7.61477 7.60655 7.61094 7.62659 7.64289 7.64699 7.64162 7.62477 7.62795 7.63977 7.63205 7.61997 7.59523 7.58328 7.56234 7.51184 7.43137 6.83532 2.92143 2.89297 6.34740 7.09336 7.25720 7.47132 7.53431 7.55799 7.57302 7.58411 7.54629 7.56654 7.55084 7.61654 7.64503 7.64938 7.64747 7.65899 7.66854 7.67585 7.66976 7.67635 7.67635 7.68291 7.67933 7.68351 7.68598
-99999.00000 -99999.00000 -99999.00000 -99999.00000 -99999.00000 -99999.00000 -99999.00000 -99999.00000 -99999.00000 -99999.00000 -99999.00000 -99999.00000 -99999.00000 -99999.00000 -99999.00000 -99999.00000 -99999.00000 -99999.00000 7.58346 7.59049 7.59690 7.60461 7.59984 7.60588 7.62062 7.64211 7.64989 7.64770 7.63851 7.63954 7.64118 7.63299 7.60974 7.59392 7.59071 7.57202 7.52221 7.42354 6.84195 3.87891 3.37646 6.00759 6.78012 7.13784 7.44454 7.52040 7.54920 7.57860 7.58569 7.58631 7.55358 7.60554 7.64060 7.65177 7.65116 7.65308 7.65064 7.63938 7.66088 7.67071 7.67844 7.68269 7.67994 7.68132 7.68225 7.67948
-99999.00000 -99999.00000 -99999.00000 -99999.00000 -99999.00000 -99999.00000 -99999.00000 -99999.00000 -99999.00000 -99999.00000 -99999.00000 -99999.00000 -99999.00000 -99999.00000 -99999.00000 -99999.00000 -99999.00000 -99999.00000 7.57851 7.57879 7.58047 7.57566 7.60035 7.61688 7.63214 7.63929 7.64659 7.64981 7.64349 7.63984 7.64221 7.63430 7.62106 7.60654 7.59080 7.57903 7.53945 7.45617 7.14551 5.03935 3.05105 5.24744 6.37644 7.06934 7.42251 7.52563 7.55822 7.57249 7.56830 7.57208 7.60156 7.63658 7.64634 7.64427 7.65010 7.64969 7.61973 7.61047 7.63851 7.67166 7.68251 7.68059 7.68083 7.68152 7.68247 7.68538
-99999.00000 -99999.00000 -99999.00000 -99999.00000 -99999.00000 -99999.00000 -99999.00000 -99999.00000 -99999.00000 -99999.00000 -99999.00000 -99999.00000 -99999.00000 -99999.00000 -99999.00000 -99999.00000 -99999.00000 7.54592 7.58853 7.60812 7.60696 7.58619 7.59021 7.61679 7.63602 7.63966 7.64024 7.65016 7.65112 7.64538 7.63857 7.62789 7.61949 7.60955 7.59453 7.58246 7.54757 7.48278 7.29074 5.82786 3.07162 4.06485 6.13060 7.18396 7.44020 7.52665 7.53208 7.54902 7.55141 7.57501 7.60625 7.62181 7.63909 7.65246 7.65130 7.62416 7.60744 7.62002 7.63021 7.66249 7.67778 7.67783 7.67547 7.68456 7.68898 7.68901
-99999.00000 -99999.00000 -99999.00000 -99999.00000 -99999.00000 -99999.00000 -99999.00000 -99999.00000 -99999.00000 -99999.00000 -99999.00000 -99999.00000 -99999.00000 -99999.00000 -99999.00000 -99999.00000 -99999.00000 7.59710 7.60641 7.61472 7.61491 7.60309 7.60176 7.62367 7.64246 7.64971 7.64590 7.64940 7.65693 7.65603 7.64696 7.63519 7.61808 7.59829 7.59319 7.58853 7.54007 7.46076 7.28639 6.03532 2.69526 3.23345 6.13951 7.27037 7.46754 7.53737 7.55232 7.54800 7.56919 7.56628 7.60350 7.59426 7.59249 7.63419 7.64229 7.63169 7.63613 7.63089 7.64858 7.66084 7.66244 7.67078 7.67534 7.68592 7.68924 7.68768
-99999.00000 -99999.00000 -99999.00000 -99999.00000 -99999.00000 -99999.00000 -99999.00000 -99999.00000 -99999.00000 -99999.00000 -99999.00000 -99999.00000 -99999.00000 -99999.00000 -99999.00000 -99999.00000 7.60794 7.60878 7.60201 7.60540 7.61202 7.60832 7.61852 7.63244 7.63866 7.64043 7.64121 7.64935 7.65436 7.65333 7.64833 7.63038 7.61532 7.59814 7.58548 7.58152 7.54475 7.44009 7.16266 5.66484 1.73933 2.98405 6.42770 7.33503 7.48124 7.54535 7.56250 7.56167 7.57116 7.58023 7.58473 7.57262 7.59579 7.60189 7.64334 7.65876 7.66715 7.65805 7.65584 7.64857 7.64917 7.66774 7.68382 7.69086 7.68729 7.68207
-99999.00000 -99999.00000 -99999.00000 -99999.00000 -99999.00000 -99999.00000 -99999.00000 -99999.00000 -99999.00000 -99999.00000 -99999.00000 -99999.00000 -99999.00000 -99999.00000 -99999.00000 7.59062 7.60743 7.61550 7.60191 7.59950 7.60902 7.61302 7.62586 7.63297 7.63181 7.62811 7.64321 7.65249 7.65393 7.64578 7.63682 7.62997 7.60877 7.58577 7.57324 7.56649 7.51390 7.34323 6.52429 2.39384 1.56985 4.92313 6.93305 7.38804 7.49778 7.55272 7.55514 7.53382 7.57452 7.56593 7.59140 7.58885 7.59206 7.62170 7.64607 7.65391 7.66136 7.64257 7.65220 7.64352 7.64160 7.66160 7.68307 7.69076 7.68399 7.68384
-99999.00000 -99999.00000 -99999.00000 -99999.00000 -99999.00000 -99999.00000 -99999.00000 -99999.00000 -99999.00000 -99999.00000 -99999.00000 -99999.00000 -99999.00000 -99999.00000 -99999.00000 7.59476 7.60978 7.61523 7.60866 7.60464 7.60604 7.61376 7.62142 7.63164 7.63557 7.62553 7.63544 7.65160 7.65524 7.64593 7.63713 7.62698 7.59382 7.57274 7.56249 7.53432 7.42348 6.94427 4.91492 0.82659 1.89024 5.91773 7.17094 7.41078 7.51802 7.56098 7.57038 7.56711 7.56445 7.59636 7.60002 7.61804 7.59641 7.61590 7.64327 7.65272 7.64392 7.63636 7.64574 7.64412 7.65135 7.66034 7.67703 7.68087 7.66794 7.67900
-99999.00000 -99999.00000 -99999.00000 -99999.00000 -99999.00000 -99999.00000 -99999.00000 -99999.00000 -99999.00000 -99999.00000 -99999.00000 -99999.00000 -99999.00000 -99999.00000 7.55300 7.57157 7.58604 7.60109 7.60901 7.60776 7.60270 7.61577 7.62681 7.63399 7.63757 7.62817 7.63478 7.64977 7.65404 7.64844 7.63069 7.61157 7.58858 7.57319 7.55378 7.50707 7.30703 6.09419 0.88162 0.98775 4.29840 6.85661 7.32419 7.46618 7.53467 7.57304 7.58102 7.58777 7.59986 7.62117 7.62662 7.62686 7.63981 7.63714 7.63646 7.63790 7.63483 7.64646 7.62450 7.62115 7.65193 7.65681 7.67386 7.67027 7.67162 7.66898
-99999.00000 -99999.00000 -99999.00000 -99999.00000 -99999.00000 -99999.00000 -99999.00000 -99999.00000 -99999.00000 -99999.00000 -99999.00000 -99999.00000 -99999.00000 -99999.00000 7.51809 7.57027 7.56934 7.58255 7.60336 7.60904 7.59986 7.60758 7.62147 7.62942 7.63052 7.63363 7.64023 7.64652 7.64759 7.64124 7.62438 7.60420 7.58378 7.56462 7.53399 7.46775 7.20148 5.63963 0.54912 1.29161 5.64839 7.14978 7.40218 7.50673 7.55561 7.58069 7.58599 7.59400 7.61640 7.62582 7.62922 7.64650 7.66014 7.65545 7.65306 7.64210 7.63948 7.63427 7.64581 7.62670 7.64631 7.65305 7.67561 7.67081 7.66109 7.67838
-99999.00000 -99999.00000 -99999.00000 -99999.00000 -99999.00000 -99999.00000 -99999.00000 -99999.00000 -99999.00000 -99999.00000 -99999.00000 -99999.00000 -99999.00000 6.74940 7.32922 7.53461 7.57003 7.57911 7.58851 7.59512 7.60052 7.60729 7.61813 7.62735 7.63218 7.64366 7.64506 7.64445 7.63980 7.62890 7.61848 7.60139 7.57733 7.55020 7.51864 7.43799 7.04378 4.41876 0.66154 1.65325 6.19306 7.25303 7.44734 7.52819 7.56204 7.57627 7.58256 7.59579 7.61812 7.62560 7.63550 7.65254 7.65066 7.62698 7.63568 7.64675 7.64578 7.65836 7.66539 7.64318 7.65563 7.65972 7.67347 7.67426 7.67779 7.68935
-99999.00000 -99999.00000 -99999.00000 -99999.00000 -99999.00000 -99999.00000 -99999.00000 -99999.00000 -99999.00000 -99999.00000 -99999.00000 -99999.00000 -99999.00000 6.90732 7.25157 7.47199 7.53581 7.56088 7.57805 7.58710 7.59474 7.60451 7.62091 7.62878 7.63094 7.64300 7.64514 7.64165 7.62946 7.61878 7.61523 7.59693 7.56511 7.54476 7.51486 7.35541 6.24142 0.70362 0.93045 4.22211 6.83429 7.32899 7.48145 7.54409 7.57019 7.58221 7.59194 7.59054 7.61011 7.62962 7.63898 7.64498 7.62580 7.62377 7.62212 7.65193 7.64944 7.65877 7.65698 7.64384 7.66977 7.66985 7.66899 7.67173 7.67787 7.69001
-99999.00000 -99999.00000 -99999.00000 -99999.00000 -99999.00000 -99999.00000 -99999.00000 -99999.00000 -99999.00000 -99999.00000 -99999.00000 -99999.00000 -99999.00000 7.40374 7.44383 7.45371 7.47008 7.52853 7.57067 7.58349 7.59585 7.60964 7.61550 7.61819 7.62622 7.63670 7.64376 7.63743 7.61836 7.61012 7.61655 7.59827 7.56079 7.55145 7.52272 7.24922 5.53906 0.59000 1.21352 5.39855 7.06862 7.39676 7.50336 7.55014 7.57714 7.59345 7.59933 7.59542 7.59499 7.62333 7.63829 7.64672 7.64718 7.62825 7.64446 7.66118 7.64723 7.64536 7.64315 7.65054 7.67510 7.67354 7.66304 7.66588 7.67633 7.68428
-99999.00000 -99999.00000 -99999.00000 -99999.00000 -99999.00000 -99999.00000 -99999.00000 -99999.00000 -99999.00000 -99999.00000 -99999.00000 -99999.00000 7.47086 7.50406 7.52646 7.48463 7.45644 7.50915 7.56632 7.58738 7.59751 7.60496 7.61068 7.61421 7.62303 7.62960 7.63563 7.63036 7.61667 7.61072 7.60606 7.58144 7.54129 7.51599 7.48361 7.21898 5.86631 0.85650 1.43503 5.74477 7.18993 7.43604 7.52290 7.56160 7.58082 7.59804 7.60614 7.60805 7.60288 7.60107 7.61551 7.64021 7.65163 7.65840 7.66482 7.67052 7.66030 7.64307 7.62661 7.65146 7.67404 7.66088 7.65503 7.66802 7.67823 7.67718
-99999.00000 -99999.00000 -99999.00000 -99999.00000 -99999.00000 -99999.00000 -99999.00000 -99999.00000 -99999.00000 -99999.00000 -99999.00000 -99999.00000 7.53385 7.52800 7.55412 7.54110 7.49260 7.50705 7.55644 7.57634 7.59493 7.60691 7.61236 7.60665 7.61745 7.62329 7.62286 7.61284 7.60625 7.59494 7.58633 7.56395 7.52907 7.51256 7.45570 6.98530 4.28237 0.74079 1.63206 6.05159 7.27499 7.45762 7.53130 7.56820 7.58421 7.60264 7.61423 7.62144 7.62354 7.61882 7.61985 7.63051 7.64309 7.65462 7.66332 7.66543 7.66593 7.65947 7.63213 7.64986 7.66367 7.64762 7.65044 7.66669 7.67223 7.67012
-99999.00000 -99999.00000 -99999.00000 -99999.00000 -99999.00000 -99999.00000 -99999.00000 -99999.00000 -99999.00000 -99999.00000 -99999.00000 -99999.00000 7.61037 7.58218 7.58532 7.56083 7.50890 7.52023 7.55387 7.56711 7.58508 7.60076 7.60375 7.60235 7.61954 7.61505 7.60260 7.60496 7.61241 7.58604 7.57542 7.55449 7.53393 7.51533 7.40791 6.40309 0.84276 0.95778 3.36074 6.67042 7.31864 7.47229 7.53679 7.57464 7.58638 7.60304 7.61876 7.62774 7.63707 7.63858 7.64251 7.64319 7.64741 7.65068 7.66022 7.66502 7.64855 7.63359 7.61606 7.62651 7.62864 7.63088 7.65489 7.66665 7.66851 7.66985
-99999.00000 -99999.00000 -99999.00000 -99999.00000 -99999.00000 -99999.00000 -99999.00000 -99999.00000 -99999.00000 -99999.00000 -99999.00000 7.63307 7.62953 7.61421 7.58658 7.56298 7.48654 7.49271 7.54111 7.56559 7.58551 7.59883 7.59938 7.60562 7.61349 7.60880 7.60704 7.60578 7.58980 7.56692 7.56832 7.55666 7.53596 7.49893 7.36510 6.13638 0.62004 1.27747 4.95970 6.91028 7.32653 7.48123 7.54407 7.57768 7.59348 7.60562 7.62203 7.63372 7.64431 7.64859 7.65500 7.66066 7.66324 7.66601 7.66576 7.66509 7.64699 7.59072 7.57911 7.55187 7.58074 7.63377 7.65844 7.66100 7.66043 7.66589
-99999.00000 -99999.00000 -99999.00000 -99999.00000 -99999.00000 -99999.00000 -99999.00000 -99999.00000 -99999.00000 -99999.00000 -99999.00000 7.64390 7.63721 7.60454 7.58452 7.56784 7.46900 7.46160 7.53082 7.55456 7.57325 7.58842 7.59650 7.60742 7.61016 7.61516 7.61279 7.58849 7.56397 7.57287 7.57313 7.55241 7.51206 7.46402 7.32429 6.14162 0.66562 1.33610 5.11215 6.93559 7.32304 7.47822 7.54360 7.57389 7.59405 7.60914 7.62149 7.63097 7.64026 7.64879 7.65340 7.65904 7.66863 7.67172 7.67361 7.67105 7.66060 7.63358 7.54855 7.56452 7.54082 7.62470 7.64764 7.65046 7.65805 7.66202
-99999.00000 -99999.00000 -99999.00000 -99999.00000 -99999.00000 -99999.00000 -99999.00000 -99999.00000 -99999.00000 -99999.00000 -99999.00000 7.64526 7.63329 7.59304 7.58683 7.58213 7.48970 7.44183 7.50373 7.53158 7.54628 7.57038 7.59171 7.60685 7.61139 7.60956 7.59590 7.58254 7.58579 7.58396 7.56259 7.52855 7.49939 7.46431 7.31955 6.22758 0.64701 1.13338 4.47701 6.77517 7.33754 7.46726 7.53640 7.57504 7.59146 7.60669 7.61948 7.62764 7.62976 7.63861 7.64856 7.65806 7.66250 7.67400 7.67382 7.67348 7.67217 7.63366 7.54988 7.57949 7.51997 7.60566 7.62918 7.62943 7.64744 7.66203
-99999.00000 -99999.00000 -99999.00000 -99999.00000 -99999.00000 -99999.00000 -99999.00000 -99999.00000 -99999.00000 -99999.00000 -99999.00000 7.64073 7.62054 7.58689 7.57302 7.59080 7.54087 7.48188 7.46065 7.48310 7.50058 7.53758 7.58395 7.60538 7.60717 7.60221 7.59217 7.58740 7.58873 7.57453 7.54549 7.52843 7.52331 7.48325 7.32725 6.29436 0.71745 1.04809 3.88952 6.28772 7.28831 7.47646 7.52889 7.57235 7.59258 7.60273 7.61599 7.62376 7.63015 7.64148 7.65450 7.66479 7.66743 7.67089 7.66222 7.67179 7.65660 7.58156 7.47770 7.49065 7.46489 7.58704 7.62514 7.63541 7.63614 7.64847
-99999.00000 -99999.00000 -99999.00000 -99999.00000 -99999.00000 -99999.00000 -99999.00000 -99999.00000 -99999.00000 -99999.00000 7.64343 7.63761 7.62051 7.58116 7.55222 7.59221 7.56663 7.54758 7.50390 7.46945 7.43007 7.48110 7.56949 7.59503 7.60007 7.60150 7.59056 7.57898 7.57626 7.56641 7.55161 7.54812 7.54193 7.48263 7.26389 5.99572 0.81603 1.31098 5.00383 6.38555 7.05220 7.44571 7.52047 7.55917 7.58132 7.60045 7.61212 7.62289 7.63437 7.64854 7.65691 7.65342 7.66388 7.63583 7.60336 7.63904 7.62087 7.54737 7.51544 7.40846 7.51530 7.60636 7.63928 7.64592 7.64897 7.65326
