mrvbf_slope0.7_pctl0.8.asc
NCOLS 410
NROWS 410
XLLCORNER 2398750.0000000000000000
YLLCORNER 2548750.0000000000000000
CELLSIZE 250.0000000000000000
NODATA_VALUE -99999.00000
[rows 174 to 202 of 410, columns 66 to 131 of 410]
5.52321 5.47468 5.53740 5.59478 5.60340 5.51669 5.47613 5.50236 5.55028 5.54656 5.54922 5.59810 5.60672 5.57903 5.55686 5.59405 5.65939 5.63261 5.52775 5.47970 5.44125 4.92317 5.04383 5.48935 5.51787 5.36384 5.17219 4.90305 4.42722 4.67442 4.95628 4.67232 4.72482 5.05721 5.22313 5.30009 5.17695 4.89724 4.84279 5.04939 4.94024 4.35326 4.02478 4.14833 4.16487 3.42369 2.89379 2.75061 2.61460 2.33434 1.40775 0.72408 0.61474 0.61632 0.53551 0.53152 0.72590 1.08745 0.59030 0.46775 0.39148 0.34340 0.45674 0.56961 0.64486 0.82751
5.55384 5.58464 5.73168 5.81466 5.72105 5.59143 5.53870 5.50831 5.54987 5.60758 5.59734 5.58004 5.52407 5.44567 5.47944 5.50043 5.55239 5.60886 5.56471 5.48770 5.44629 4.79253 4.90819 5.36930 5.11254 4.43185 4.19929 4.09744 4.11198 4.61957 4.67339 4.44122 4.58354 4.43848 4.58428 4.87211 4.53528 4.24425 3.93660 3.98278 3.62938 3.10901 2.94228 2.92832 2.91516 2.82062 2.72374 2.60917 2.40470 1.50606 0.68128 0.48511 0.48995 0.53490 0.45066 0.48002 0.68743 1.43292 0.71003 0.53234 0.48247 0.49114 0.54329 0.62430 0.72072 1.08255
5.63235 5.66668 5.91364 6.00890 5.76535 5.64244 5.62471 5.54809 5.53626 5.59626 5.64296 5.64283 5.58571 5.40881 5.36742 5.51503 5.53687 5.58169 5.58886 5.49861 5.38034 4.70401 4.47639 4.59763 3.88841 3.71764 3.93431 3.86418 4.10800 4.46176 4.11386 4.21790 4.11827 3.58562 3.43063 3.79475 3.85658 3.51164 3.35576 3.28419 2.94914 2.84150 2.79261 2.76187 2.74143 2.67387 2.58152 2.45722 1.87882 1.14686 0.54976 0.38237 0.43032 0.49337 0.48606 0.54158 1.01789 1.67843 1.32298 0.70110 0.60552 0.64071 0.73228 0.91895 1.22494 1.59252
5.60023 5.64049 5.92338 6.07380 5.76267 5.62428 5.61514 5.56223 5.53055 5.53971 5.53858 5.58117 5.63938 5.50825 5.37467 5.46523 5.52071 5.55933 5.57039 5.49870 5.35039 4.87930 4.66860 3.85882 3.51623 3.86163 4.21361 4.13305 4.15765 3.91473 3.44072 3.54851 3.10193 2.96857 2.85823 2.92147 3.12360 3.07742 2.99930 2.93964 2.79588 2.71090 2.67032 2.64819 2.60214 2.53213 2.36023 1.87486 1.53602 1.16029 0.75455 0.59439 0.56530 0.70538 0.67942 0.85477 1.51997 1.68218 1.57914 1.40875 1.25484 1.47070 1.63849 1.65764 1.96735 2.32664
5.57468 5.63712 5.96071 6.06500 5.70844 5.57066 5.57256 5.55870 5.53583 5.51937 5.43902 5.42083 5.50983 5.54941 5.46379 5.44286 5.49987 5.52838 5.52232 5.47407 5.34086 4.85886 4.10150 3.57815 3.76991 4.35963 4.52476 4.56506 4.44074 3.80760 2.97358 2.83820 2.83814 2.91339 2.75708 2.71784 2.74353 2.74457 2.74103 2.72254 2.62593 2.42754 2.34250 2.46443 2.43895 2.23300 1.67368 1.49330 1.34459 1.16183 1.09737 1.18246 1.17211 1.35198 1.14268 1.47878 1.72196 1.75934 1.73718 1.71349 1.72029 1.86553 2.18686 2.38334 2.48610 2.53823
5.57059 5.65723 5.97339 6.02150 5.67103 5.52781 5.55448 5.57947 5.55176 5.52431 5.46690 5.36477 5.32966 5.46681 5.50456 5.48240 5.52273 5.53800 5.46379 5.15812 4.61710 4.07547 3.83475 4.00412 4.37726 4.63522 4.67172 4.83518 4.69880 3.94893 3.05129 2.85595 3.07915 3.12081 2.77579 2.65143 2.60593 2.54029 2.41195 2.19433 1.86801 1.51920 1.36853 1.61655 1.80194 1.63400 1.49060 1.37121 1.02157 0.64260 0.62453 0.79976 1.13573 1.21538 1.01427 1.52446 1.77172 1.84059 1.92024 2.00296 2.03472 2.17117 2.41390 2.54364 2.57450 2.55442
5.56581 5.62721 5.87637 5.98584 5.68940 5.52078 5.53617 5.64337 5.62315 5.59586 5.55636 5.45945 5.23567 5.23120 5.36989 5.40381 5.48589 5.53651 5.40229 4.52702 3.92961 4.23965 4.57987 4.74711 4.72140 4.64546 4.35604 4.47983 4.40156 3.64112 3.39022 3.20731 3.41042 3.14115 2.75487 2.61677 2.50772 2.23926 1.64754 1.39795 1.01194 0.85667 1.05647 1.28309 1.50341 1.47622 1.43105 1.30025 0.65104 0.46125 0.42213 0.56816 0.85965 1.18638 0.98291 1.44842 1.73593 1.79981 1.81693 1.89511 1.99669 2.17549 2.42285 2.56963 2.61664 2.53707
5.58298 5.56491 5.67230 5.80282 5.65497 5.50976 5.53412 5.66195 5.67162 5.68067 5.58159 5.50798 5.29226 4.91249 4.86365 5.02581 5.29180 5.43044 5.29878 4.08437 3.81227 4.88894 5.04192 5.02792 4.89367 4.66359 3.98062 3.75816 3.34241 2.62601 2.57146 2.86644 3.19780 2.90942 2.67737 2.55831 2.29726 1.65927 0.87472 0.56911 0.57209 0.69739 1.14033 1.19289 1.13172 1.03501 1.19211 1.15152 0.61096 0.38738 0.36818 0.49529 0.61097 0.94558 1.25147 1.47650 1.65677 1.70162 1.68201 1.66242 1.69212 1.87301 2.37780 2.60035 2.66294 2.62319
5.66704 5.57038 5.56321 5.60680 5.57324 5.50579 5.56636 5.64711 5.67262 5.70404 5.56154 5.46740 5.36528 5.04865 4.76791 4.84976 5.00326 5.26243 5.13856 4.03326 4.03358 4.96934 5.13525 5.11429 5.04804 4.62291 3.65591 2.88065 2.01416 1.66124 1.61110 2.15789 2.62374 2.72244 2.60546 2.34428 1.67567 1.04792 0.55715 0.44342 0.46248 0.66218 1.02792 1.09720 0.75017 0.60291 0.87808 1.29224 0.73534 0.41789 0.39097 0.47837 0.56954 0.73598 1.21969 1.46502 1.55503 1.57607 1.58614 1.53744 1.51988 1.64602 2.02383 2.51284 2.64908 2.69137
5.74480 5.66990 5.58246 5.57427 5.59092 5.56882 5.61282 5.65213 5.65727 5.64278 5.51656 5.44051 5.41288 5.31391 5.12370 4.92843 4.78642 5.01153 4.71552 4.06039 4.44044 4.95748 5.03810 5.04017 4.63844 3.65205 2.79557 1.79176 0.74972 0.55495 0.70297 1.38542 2.19117 2.59945 2.41673 1.70569 1.31684 0.70537 0.53184 0.44419 0.49065 0.67029 0.78213 0.79855 0.59667 0.44243 0.62967 1.52441 1.41490 0.64253 0.50362 0.59140 0.67420 0.79684 1.11997 1.37820 1.43753 1.44191 1.43190 1.29312 0.98256 1.17624 1.66158 2.09835 2.54671 2.67955
5.68344 5.74016 5.69250 5.64955 5.69430 5.63768 5.61571 5.66235 5.64657 5.59481 5.50593 5.45916 5.43519 5.41472 5.33409 5.05629 4.76273 4.75146 4.43731 4.33292 4.74721 5.03316 5.19199 5.11664 4.42335 3.19347 1.93433 1.39170 0.39606 0.33140 0.51408 1.00196 1.80222 2.35440 1.91402 1.38182 0.97665 0.67903 0.54848 0.49039 0.68473 0.69570 0.68137 0.72986 0.57252 0.46394 0.59830 1.53533 1.68832 1.37357 0.94371 0.88154 0.81965 0.76589 0.78082 1.00367 1.25049 1.30813 1.11214 0.73484 0.60957 0.60671 0.85526 1.60596 2.23649 2.60797
5.67623 5.74002 5.73784 5.71058 5.77329 5.71290 5.62121 5.64807 5.66525 5.61131 5.55025 5.49046 5.40649 5.35466 5.40780 5.24485 5.03461 4.82157 4.67500 4.84327 5.05886 5.23356 5.31252 4.95120 4.05189 3.06959 1.78518 0.71524 0.27224 0.25593 0.44691 0.78161 1.57309 1.91813 1.69499 1.06464 0.89125 0.61063 0.51728 0.51858 0.72768 0.57405 0.59270 0.75877 0.60151 0.60010 0.79910 1.48370 1.71564 1.62906 1.26976 0.88456 0.67246 0.58825 0.62280 0.69689 1.01134 1.28999 0.79740 0.52903 0.47858 0.49947 0.57680 0.99871 1.67679 2.43587
5.70284 5.77070 5.76162 5.80362 5.84698 5.72202 5.62875 5.63435 5.67562 5.66648 5.62237 5.54758 5.43010 5.22997 5.21927 5.26760 5.32128 5.12737 4.97196 5.10732 5.23779 5.34606 5.32354 4.89409 4.08634 2.89508 1.84051 0.63967 0.32317 0.33412 0.54006 0.87529 1.40921 1.77192 1.86486 1.39065 1.14505 0.76435 0.63694 0.66978 0.63707 0.52885 0.58605 0.70722 0.61226 0.60919 0.89997 1.44427 1.48527 1.23802 0.81064 0.72331 0.62156 0.53622 0.58306 0.65577 0.86912 1.30899 0.63149 0.42257 0.40632 0.46389 0.57254 0.68847 1.22212 1.96108
5.69771 5.76513 5.87983 5.90295 5.74164 5.62037 5.59658 5.64144 5.70646 5.73788 5.71283 5.63071 5.54227 5.40543 5.26196 5.29290 5.27722 5.22733 5.22095 5.29646 5.36639 5.42161 5.29018 4.81017 4.09013 2.89211 1.90955 1.18432 0.62452 0.63259 0.94870 0.93680 1.18179 1.67461 2.12022 1.66921 1.35870 0.95043 0.76748 0.73191 0.65649 0.55762 0.52617 0.50029 0.57910 0.59133 0.73906 1.38407 0.86522 0.55584 0.46379 0.54081 0.61343 0.55636 0.56831 0.62649 0.98691 1.34329 0.74014 0.46516 0.43272 0.47930 0.58410 0.63496 0.89834 1.63790
5.67200 5.74828 5.95601 5.80804 5.62714 5.58028 5.61051 5.68000 5.76484 5.81847 5.79076 5.72684 5.64788 5.52465 5.41473 5.35580 5.32028 5.28834 5.33965 5.44081 5.48284 5.47438 5.25403 4.67250 3.94988 3.03152 1.96303 1.56193 1.03792 0.83165 0.94648 0.65406 0.85765 1.53800 2.03688 1.80449 1.47887 0.92994 0.74999 0.72418 0.66454 0.55300 0.49659 0.51942 0.51393 0.57290 0.76881 1.43403 0.69202 0.45347 0.41699 0.43416 0.60981 0.67148 0.64883 0.76000 1.29265 1.40479 1.03171 0.65562 0.50562 0.51314 0.54461 0.60809 0.76701 1.57841
5.65604 5.75832 5.92223 5.70773 5.58166 5.58937 5.66251 5.71572 5.76606 5.82181 5.81856 5.77999 5.67057 5.53220 5.43857 5.40185 5.39031 5.34819 5.32844 5.39185 5.46480 5.47390 5.19942 4.48652 3.73366 2.59580 1.85861 1.06360 0.71236 0.57295 0.53676 0.57937 0.63793 1.36787 1.92737 1.91531 1.52956 0.68237 0.53760 0.65743 0.82309 0.57517 0.52279 0.54345 0.56807 0.66337 1.09496 1.42299 0.84353 0.55429 0.45553 0.49922 0.66110 0.76556 0.81850 1.20239 1.49209 1.57001 1.40765 0.77483 0.54991 0.50636 0.52460 0.60194 0.80211 1.68050
5.65321 5.77539 5.85515 5.65727 5.56337 5.58761 5.67545 5.69892 5.69899 5.71672 5.71148 5.69939 5.61910 5.50689 5.43356 5.42890 5.45628 5.42052 5.35669 5.35324 5.40752 5.44100 5.13011 4.24857 3.27391 1.94075 1.31489 0.49867 0.42248 0.49519 0.56211 0.60347 0.90000 1.49354 1.97057 2.11817 1.68128 0.67616 0.49827 0.62269 0.85876 0.67819 0.59743 0.59298 0.67701 1.01782 1.43854 1.49912 1.05606 0.63310 0.53954 0.56315 0.65649 0.76995 1.10078 1.39521 1.52442 1.64428 1.56649 0.97001 0.59003 0.54884 0.56254 0.71371 1.39941 2.34549
5.64433 5.77692 5.78439 5.61428 5.54073 5.56541 5.62979 5.62988 5.59095 5.57273 5.56314 5.55859 5.52864 5.46747 5.43907 5.47620 5.52067 5.48665 5.40325 5.35046 5.35963 5.38710 5.13181 4.11489 2.53111 1.75219 0.49221 0.29533 0.32652 0.47408 0.72336 1.05032 1.24860 1.61294 2.13462 2.30809 1.89392 1.42457 0.75821 0.88038 0.96471 0.95454 0.79890 0.75397 1.01013 1.34047 1.54242 1.48975 0.95082 0.59772 0.52912 0.58958 0.65676 0.84690 1.23910 1.41327 1.52597 1.64555 1.54556 1.09683 0.71142 0.66059 0.78637 1.51680 2.29042 2.59195
5.58866 5.68301 5.66598 5.55488 5.51026 5.53294 5.56033 5.54652 5.51167 5.47877 5.45825 5.44665 5.44058 5.44085 5.45612 5.50745 5.55767 5.52950 5.44475 5.36352 5.34582 5.36479 5.20235 4.07274 2.63050 1.78032 0.51375 0.30498 0.36384 0.57295 0.98911 1.27854 1.39532 1.81308 2.40360 2.43146 2.02439 1.72729 1.51306 1.47669 1.26094 1.12661 1.08374 1.14912 1.29971 1.48395 1.60270 1.46785 0.83247 0.56080 0.52458 0.59381 0.66742 0.85566 1.15853 1.37456 1.47572 1.56671 1.50735 1.28938 1.08789 1.18952 1.79134 2.46471 2.57810 2.68666
5.49326 5.52375 5.52276 5.46810 5.45663 5.47626 5.48212 5.47735 5.46878 5.44020 5.40941 5.38403 5.39190 5.42889 5.46012 5.49990 5.49841 5.46919 5.44054 5.39291 5.36298 5.38316 5.20775 4.19257 3.29849 1.94013 0.75596 0.47442 0.49176 0.76199 1.18036 1.31119 1.60283 2.24155 2.58727 2.45433 2.23905 1.80616 1.69896 1.67951 1.55002 1.25473 1.04091 1.34664 1.44522 1.56386 1.66807 1.58613 1.05551 0.61625 0.57826 0.62794 0.72406 0.94864 1.20927 1.40558 1.54079 1.71877 1.98659 2.06324 2.15550 2.44167 2.64872 2.71083 2.66663 2.70567
5.42835 5.40510 5.40041 5.35735 5.35284 5.38932 5.42058 5.43939 5.43505 5.40695 5.36879 5.33018 5.34623 5.40707 5.44294 5.45183 5.42219 5.39745 5.40585 5.40489 5.41871 5.45326 5.27634 4.62970 4.11848 3.09103 1.79166 0.83190 0.69182 0.97151 1.22880 1.48990 2.03481 2.50925 2.56611 2.45622 2.18564 1.67792 1.71631 1.77264 1.69633 1.44598 1.11626 1.33179 1.52427 1.62088 1.68513 1.62204 1.35702 0.75507 0.65772 0.67809 0.87039 1.29141 1.42659 1.51381 1.83162 2.34808 2.58565 2.63087 2.67491 2.72856 2.74328 2.72077 2.64739 2.62097
5.40864 5.33777 5.26562 5.24964 5.31056 5.37293 5.39515 5.40113 5.38720 5.37954 5.36286 5.33675 5.34996 5.40464 5.44098 5.43004 5.40756 5.39365 5.40658 5.44391 5.49002 5.51514 5.37145 5.01618 4.77762 4.25623 2.90687 1.79805 1.27653 1.31397 1.62733 2.10580 2.48244 2.65211 2.51562 2.33729 1.66750 1.28653 1.43736 1.69977 1.73178 1.56870 1.17619 1.14580 1.53270 1.62902 1.69275 1.66970 1.56199 1.36908 1.18600 1.12875 1.32073 1.52120 1.59449 1.86284 2.37742 2.61241 2.74280 2.78690 2.73168 2.68976 2.62650 2.54406 2.40488 2.17344
5.42569 5.36715 5.32861 5.36597 5.40818 5.42010 5.39654 5.37874 5.39148 5.43315 5.44848 5.46206 5.43948 5.44318 5.46369 5.45802 5.44081 5.45202 5.47637 5.52262 5.57308 5.54582 5.44873 5.28981 5.12643 4.75339 3.87322 3.16555 2.44656 2.39775 2.53126 2.72301 2.90770 2.70431 2.44063 1.83059 1.08236 0.68594 0.59845 1.36987 1.61106 1.26897 0.80847 1.02470 1.46351 1.50562 1.64171 1.73762 1.74863 1.75005 1.68852 1.67879 1.68418 1.73564 1.99128 2.42168 2.62966 2.76120 2.76904 2.67500 2.53234 2.31999 2.08630 1.73667 1.46486 1.18794
5.46651 5.48227 5.50890 5.49702 5.47269 5.43984 5.41257 5.41578 5.46397 5.52984 5.54880 5.54761 5.54243 5.51324 5.50962 5.50797 5.50779 5.54633 5.55577 5.57146 5.61391 5.57988 5.50238 5.41046 5.28833 4.96413 4.46046 3.99916 3.69835 3.51803 3.42938 3.54400 3.43155 2.71533 2.39875 1.72425 0.75996 0.44900 0.43342 0.70870 1.32056 0.74311 0.52841 0.68069 0.96969 1.26005 1.55904 1.74380 1.88319 2.07270 1.92765 1.79683 1.87187 2.17052 2.48882 2.66431 2.74120 2.69478 2.60794 2.36550 1.73565 1.38020 1.29295 1.08459 0.83961 0.67583
5.47520 5.52644 5.54787 5.49761 5.45702 5.43235 5.44802 5.50049 5.55890 5.60196 5.62714 5.59945 5.61024 5.58636 5.57874 5.58102 5.58740 5.63383 5.58540 5.61645 5.68808 5.64446 5.55568 5.44697 5.35547 5.26703 5.19288 4.80064 4.40207 4.39993 4.43003 4.11832 3.47116 2.73279 2.44231 2.12367 0.83891 0.42787 0.40983 0.62607 1.15156 0.73910 0.56282 0.60490 0.66670 1.06664 1.45038 1.58790 1.64192 1.75726 1.86988 1.77775 1.85928 2.22220 2.45754 2.54337 2.54930 2.43558 2.11157 1.63295 1.23620 1.13982 0.95823 0.72765 0.66681 0.60332
5.45082 5.44770 5.48600 5.47122 5.45111 5.46732 5.51367 5.55419 5.58766 5.64913 5.67175 5.62738 5.61798 5.64531 5.65889 5.66181 5.63349 5.64085 5.61981 5.68341 5.76246 5.69309 5.59401 5.51945 5.45006 5.43079 5.43873 5.30033 5.00197 4.75134 4.69208 4.44318 3.63314 2.81012 2.51895 2.37621 1.14948 0.58428 0.50560 0.80917 1.34117 1.15162 1.04868 0.98075 0.88839 1.01134 1.35509 1.00970 0.72321 0.76994 1.11186 1.47687 1.76765 1.98158 2.13309 2.14626 1.99294 1.88161 1.59582 1.31242 0.82198 0.81103 0.76435 0.64450 0.59136 0.53327
5.51283 5.47884 5.50123 5.52956 5.50182 5.52618 5.57663 5.57084 5.56560 5.57233 5.58883 5.60518 5.63930 5.68611 5.68205 5.66417 5.63142 5.61499 5.63403 5.68645 5.79881 5.77994 5.64897 5.55484 5.51221 5.50719 5.48593 5.42432 5.30856 5.10122 4.90255 4.54618 3.94917 3.07654 2.58476 2.19881 1.64640 1.38335 1.07708 1.36175 1.46575 1.42499 1.53948 1.62585 1.48837 1.12687 0.77187 0.59139 0.52448 0.50345 0.56138 0.96066 1.92438 2.22412 2.15629 1.96068 1.60789 1.76881 1.66263 1.09568 0.64270 0.64936 0.68717 0.60445 0.50934 0.43054
5.54681 5.56326 5.59756 5.63782 5.54938 5.51204 5.56041 5.59471 5.56238 5.56092 5.57494 5.62205 5.67982 5.65740 5.62785 5.62970 5.64957 5.63472 5.65865 5.76195 5.85257 5.83950 5.73918 5.60730 5.52636 5.50409 5.46181 5.42868 5.38632 5.31709 5.06248 4.62620 4.22116 3.44104 2.79352 2.48410 2.23379 2.25864 1.85375 1.81911 1.54852 1.55784 1.71444 1.77423 1.63659 1.32120 0.70908 0.49840 0.50433 0.45534 0.53306 1.05076 2.40884 2.55740 2.49905 2.43094 2.40071 2.24773 2.06243 0.99227 0.58124 0.62001 0.66672 0.57478 0.43709 0.37780
5.53222 5.60603 5.69868 5.75362 5.63110 5.52679 5.50286 5.53325 5.56147 5.60147 5.59956 5.61356 5.57566 5.51803 5.51046 5.52244 5.56392 5.61465 5.69131 5.78099 5.79191 5.77125 5.76930 5.68041 5.56749 5.51149 5.48301 5.48747 5.45041 5.36331 5.15716 4.74265 4.40080 3.71481 3.26550 2.78946 2.60878 2.52632 2.43030 2.46866 2.20149 2.17388 2.05990 1.75560 1.54742 1.37826 0.81647 0.55354 0.46981 0.51286 0.63213 1.68440 2.60110 2.75883 2.77018 2.76846 2.62015 2.70239 2.41354 1.29062 0.67083 0.62595 0.61446 0.53311 0.42874 0.38076
