mrvbf_slope0.7_pctl0.9.asc
NCOLS 410
NROWS 410
XLLCORNER 2398750.0000000000000000
YLLCORNER 2548750.0000000000000000
CELLSIZE 250.0000000000000000
NODATA_VALUE -99999.00000
[rows 290 to 318 of 410, columns 330 to 395 of 410]
4.22883 4.03782 3.86316 3.98820 4.19815 4.31232 4.29698 4.18377 4.01492 3.89101 3.88095 4.01965 4.19812 4.29357 4.33222 4.33167 4.31947 4.35001 4.41152 4.45361 4.48375 4.51936 4.55391 4.58809 4.61848 4.63504 4.64397 4.64404 4.63455 4.64116 4.66144 4.67836 4.71270 4.77522 4.76398 4.70189 4.67243 4.67907 4.72735 4.79302 4.74096 4.64130 4.58388 4.58453 4.62152 4.62104 4.63082 4.72579 4.94375 5.11714 5.17115 5.12182 5.00271 4.85319 4.70124 4.57322 4.35484 3.89254 4.08772 4.45007 4.56488 4.56829 4.56801 4.57471 4.57372 4.56545
3.79327 3.74296 3.85858 4.10287 4.29903 4.36704 4.29819 4.13622 3.95167 3.85494 3.90333 4.07505 4.24899 4.32551 4.34055 4.33127 4.31285 4.33066 4.39016 4.45038 4.50098 4.53749 4.55573 4.56568 4.58176 4.59669 4.60432 4.60459 4.60588 4.62181 4.63991 4.64507 4.66858 4.72133 4.71378 4.67983 4.67746 4.71341 4.78923 4.81482 4.71786 4.62531 4.55898 4.56368 4.60875 4.60738 4.64370 4.78140 4.98939 5.11642 5.15127 5.05914 4.91794 4.76455 4.63802 4.47696 3.88030 3.62698 4.13969 4.41981 4.58966 4.63488 4.61331 4.57666 4.54507 4.53468
3.68228 3.85338 4.07747 4.28349 4.39248 4.38912 4.27802 4.09382 3.90808 3.83878 3.92958 4.13619 4.31673 4.36694 4.34733 4.30712 4.27299 4.28067 4.34754 4.43946 4.51775 4.55966 4.56896 4.56905 4.57831 4.59211 4.60055 4.60309 4.61223 4.63460 4.65004 4.63827 4.64400 4.67824 4.68900 4.69098 4.71153 4.75428 4.77400 4.72932 4.67591 4.60640 4.52376 4.53721 4.58935 4.60221 4.67698 4.84670 5.02508 5.11466 5.09999 4.97006 4.80203 4.67448 4.57921 4.42647 4.12007 4.08450 4.38993 4.52207 4.59504 4.63572 4.63993 4.60089 4.54434 4.51775
3.98667 4.16839 4.32210 4.41141 4.40406 4.32643 4.20456 4.04930 3.89856 3.85977 3.97305 4.19596 4.36988 4.40061 4.37208 4.30104 4.22445 4.21219 4.29489 4.42369 4.52364 4.57199 4.58806 4.59773 4.60998 4.62091 4.62731 4.63197 4.64640 4.67420 4.68577 4.66182 4.65395 4.66891 4.69750 4.73817 4.76842 4.74344 4.70003 4.65727 4.61245 4.54968 4.50809 4.55216 4.58005 4.61896 4.72982 4.90317 5.04007 5.10628 5.02807 4.85935 4.70824 4.62548 4.56348 4.48677 4.38374 4.36189 4.48754 4.60213 4.61445 4.62078 4.64054 4.62904 4.54733 4.49690
4.29121 4.36918 4.41065 4.37633 4.29101 4.18825 4.09350 4.00845 3.94902 3.96189 4.06364 4.23340 4.36516 4.40625 4.40567 4.33793 4.21756 4.17634 4.25173 4.38982 4.50302 4.57079 4.60717 4.63468 4.65927 4.66962 4.66903 4.67292 4.69411 4.73181 4.73277 4.70486 4.69015 4.69223 4.72166 4.77422 4.76604 4.70137 4.65805 4.62805 4.59218 4.54981 4.55158 4.57107 4.58440 4.66102 4.79749 4.94503 5.04013 5.06621 4.94960 4.77851 4.66590 4.60842 4.57802 4.55149 4.48479 4.44578 4.50107 4.58211 4.61805 4.62180 4.63129 4.64283 4.54076 4.46249
4.33189 4.33753 4.31360 4.24232 4.15341 4.07797 4.03409 4.03385 4.08147 4.14029 4.18791 4.25266 4.33727 4.40013 4.41845 4.36147 4.26387 4.21417 4.24916 4.35073 4.46362 4.54715 4.59480 4.61847 4.64760 4.66572 4.67916 4.69795 4.73821 4.78587 4.76334 4.74901 4.73917 4.72676 4.72808 4.72925 4.70224 4.66714 4.64575 4.63596 4.61904 4.59472 4.57771 4.56735 4.61620 4.72743 4.86212 4.95809 5.01666 5.00253 4.88666 4.73590 4.64416 4.59437 4.58056 4.58044 4.52976 4.48836 4.50116 4.54922 4.60653 4.63146 4.61586 4.62331 4.53391 4.43821
4.22070 4.21228 4.19442 4.16001 4.11992 4.09158 4.09659 4.15576 4.25054 4.29329 4.27724 4.27097 4.31908 4.37962 4.39835 4.36225 4.30783 4.27549 4.28129 4.33332 4.41953 4.49907 4.55873 4.60549 4.63416 4.63835 4.65093 4.68271 4.73502 4.75871 4.73890 4.73219 4.72733 4.71815 4.69877 4.68018 4.66542 4.65656 4.65840 4.66487 4.65636 4.61231 4.55611 4.56805 4.65475 4.77347 4.87678 4.92165 4.93928 4.92115 4.83921 4.71892 4.62905 4.57044 4.57857 4.59534 4.55007 4.51919 4.51726 4.54089 4.58602 4.61462 4.61260 4.62593 4.54993 4.46849
4.09092 4.13097 4.17168 4.19885 4.20127 4.18917 4.20221 4.27472 4.35132 4.34338 4.30892 4.28754 4.30327 4.33801 4.35512 4.34951 4.33613 4.32825 4.32361 4.33094 4.37414 4.44690 4.53681 4.61714 4.65052 4.63453 4.62911 4.65538 4.69782 4.71155 4.69790 4.68734 4.67602 4.66611 4.66221 4.66225 4.66331 4.66976 4.68237 4.68683 4.66212 4.61161 4.56552 4.58243 4.66423 4.75479 4.78294 4.78820 4.79349 4.81799 4.80056 4.71802 4.62411 4.56285 4.55470 4.56860 4.56281 4.55336 4.54626 4.55026 4.57066 4.58787 4.60843 4.63366 4.57019 4.50974
4.03801 4.14266 4.24299 4.30844 4.30506 4.24443 4.17507 4.15977 4.20313 4.25181 4.28560 4.28662 4.28091 4.29032 4.30709 4.32273 4.33226 4.33923 4.33597 4.32456 4.34503 4.42024 4.53406 4.63331 4.67688 4.65154 4.62818 4.63716 4.65775 4.66533 4.66153 4.65820 4.65664 4.65763 4.66645 4.67999 4.68865 4.69720 4.70200 4.69121 4.65874 4.61819 4.58375 4.58491 4.64082 4.67828 4.66413 4.65790 4.66142 4.69605 4.70027 4.66281 4.58555 4.53050 4.53531 4.56133 4.58511 4.59311 4.57880 4.56180 4.55893 4.56355 4.58152 4.59437 4.55608 4.51831
4.04868 4.20024 4.33005 4.39083 4.35747 4.24678 4.09222 3.98939 4.02290 4.12382 4.20187 4.23330 4.24781 4.25518 4.26115 4.27557 4.28703 4.28821 4.28440 4.29838 4.35362 4.43450 4.53192 4.61946 4.67147 4.67026 4.64485 4.63366 4.63551 4.64208 4.65418 4.66844 4.67858 4.69091 4.70362 4.71665 4.71554 4.71071 4.69765 4.66952 4.63052 4.58929 4.55022 4.53492 4.58399 4.59917 4.58871 4.57511 4.56879 4.57914 4.57948 4.55736 4.50768 4.47985 4.51346 4.56958 4.62009 4.64528 4.62276 4.58417 4.55791 4.55020 4.55380 4.54732 4.51194 4.48502
4.08487 4.23766 4.34412 4.37966 4.36429 4.28375 4.14443 4.01114 3.97836 4.01604 4.07717 4.15448 4.22135 4.23886 4.22101 4.20894 4.20495 4.19943 4.21341 4.27979 4.38860 4.47901 4.53310 4.58054 4.62911 4.66683 4.66239 4.64725 4.64960 4.66626 4.69271 4.70676 4.68324 4.66950 4.67125 4.67809 4.67623 4.66913 4.65731 4.63621 4.60636 4.56416 4.49582 4.42843 4.49588 4.53551 4.53354 4.48027 4.45978 4.45971 4.48688 4.50021 4.47577 4.44659 4.49162 4.57355 4.64500 4.69626 4.68243 4.63908 4.60397 4.57545 4.53434 4.48543 4.42962 4.40086
4.12373 4.22271 4.26736 4.28141 4.28312 4.28266 4.25979 4.16638 4.01873 3.94418 3.98172 4.10832 4.21485 4.22447 4.16964 4.12368 4.10027 4.09225 4.14795 4.28523 4.43298 4.52622 4.55769 4.57192 4.59911 4.63452 4.66103 4.68130 4.70026 4.71858 4.70691 4.65746 4.61256 4.60019 4.61079 4.62648 4.63310 4.63124 4.62521 4.61515 4.59948 4.56841 4.51106 4.42583 4.40510 4.46172 4.43927 4.36487 4.36747 4.39868 4.46338 4.49780 4.45503 4.44555 4.53259 4.58141 4.63964 4.70872 4.73422 4.70038 4.65954 4.60126 4.49824 4.35402 4.24385 4.21916
4.12446 4.18573 4.16591 4.12629 4.09361 4.09234 4.12410 4.11391 3.99425 3.93760 3.99429 4.12636 4.22031 4.20727 4.11940 4.02718 3.97594 3.97622 4.08129 4.29019 4.45563 4.52954 4.56157 4.58589 4.59118 4.61683 4.66781 4.72810 4.75050 4.71674 4.64336 4.58281 4.56018 4.56870 4.58701 4.60755 4.61894 4.61729 4.60993 4.60380 4.59391 4.56956 4.53606 4.46258 4.34135 4.34188 4.33221 4.38396 4.42571 4.43303 4.46087 4.47868 4.47492 4.52863 4.59537 4.59628 4.64168 4.71711 4.73836 4.69686 4.63162 4.53004 4.32009 4.01492 3.85374 3.87242
4.06182 4.14591 4.12737 4.03964 3.95280 3.89441 3.86149 3.85627 3.89266 3.97368 4.09075 4.21173 4.27029 4.22739 4.10477 3.95816 3.86875 3.87244 3.99982 4.24249 4.43453 4.51018 4.53777 4.55940 4.58335 4.62559 4.69045 4.74681 4.72767 4.65795 4.58127 4.54335 4.57342 4.59279 4.59973 4.61805 4.63062 4.61967 4.60236 4.59214 4.58485 4.57096 4.54485 4.47022 4.35086 4.33309 4.39472 4.49349 4.51247 4.48533 4.48080 4.49092 4.52262 4.58382 4.60244 4.60017 4.65248 4.71473 4.70626 4.64019 4.53686 4.30227 3.80431 3.41257 3.28824 3.38042
3.94100 4.06695 4.14086 4.10465 4.00317 3.89904 3.81430 3.78934 3.86296 4.00088 4.15830 4.29303 4.34942 4.30258 4.15568 3.94398 3.80640 3.79570 3.91291 4.16105 4.38694 4.48863 4.53170 4.56262 4.60239 4.65803 4.72135 4.73344 4.67839 4.61108 4.55883 4.56223 4.61681 4.63041 4.62333 4.64256 4.65387 4.62467 4.59751 4.58395 4.58155 4.58027 4.56568 4.53360 4.50795 4.49210 4.51620 4.55885 4.55547 4.52367 4.51072 4.52314 4.55458 4.58946 4.58048 4.58830 4.64687 4.69411 4.66029 4.56387 4.33189 3.70477 3.11107 2.79314 2.68803 2.84082
3.78213 3.88433 4.02528 4.14880 4.15211 4.07081 3.96710 3.91133 3.94127 4.03792 4.16503 4.28453 4.35227 4.35530 4.24263 3.97799 3.77913 3.74838 3.84412 4.08260 4.34446 4.48512 4.55608 4.59832 4.64225 4.69543 4.73405 4.70837 4.64278 4.58868 4.57009 4.59335 4.63607 4.64278 4.64032 4.66287 4.65329 4.61880 4.60260 4.59913 4.60303 4.60842 4.60450 4.60071 4.60893 4.59453 4.59008 4.59744 4.58220 4.55563 4.54234 4.55150 4.56976 4.57883 4.55968 4.56321 4.61904 4.66053 4.60673 4.43014 3.78018 2.98682 2.52181 2.20197 2.20000 2.51529
3.64477 3.67963 3.74091 3.85771 4.00923 4.11540 4.11777 4.08717 4.06255 4.08169 4.14095 4.21054 4.26169 4.28228 4.21797 3.98197 3.78120 3.74209 3.81919 4.04063 4.32632 4.49484 4.58443 4.63301 4.67400 4.71411 4.72877 4.69278 4.62609 4.58059 4.58015 4.61224 4.65416 4.65847 4.65544 4.66191 4.63671 4.61704 4.62563 4.64197 4.64495 4.64116 4.63051 4.62406 4.63011 4.62114 4.60918 4.60437 4.59586 4.58661 4.57787 4.57697 4.57829 4.56963 4.54748 4.54332 4.58666 4.61406 4.52009 4.06904 3.04297 2.41898 1.95327 1.82738 2.03604 2.57212
3.55998 3.55681 3.56104 3.59753 3.69446 3.83326 3.95383 4.04470 4.08192 4.08668 4.10147 4.12493 4.15484 4.17403 4.12330 3.95438 3.80600 3.77130 3.83837 4.03332 4.30921 4.49068 4.58900 4.64541 4.68578 4.71495 4.71909 4.68427 4.61995 4.57582 4.57571 4.60703 4.64999 4.65786 4.64515 4.63834 4.63026 4.63527 4.65807 4.68485 4.68503 4.65998 4.63627 4.62647 4.63156 4.62724 4.61409 4.60677 4.60969 4.61596 4.61168 4.60167 4.58767 4.56687 4.54510 4.53757 4.55128 4.53459 4.30204 3.36564 2.51552 1.89632 1.67304 1.73491 2.18927 3.02220
3.51509 3.49770 3.48025 3.48538 3.53417 3.61593 3.71952 3.84250 3.95567 4.02059 4.05056 4.06180 4.07771 4.09768 4.06963 3.95252 3.83538 3.80789 3.87315 4.05000 4.30037 4.48198 4.58459 4.64344 4.68534 4.70937 4.71044 4.67669 4.61305 4.56654 4.56034 4.58402 4.62088 4.63832 4.63569 4.63439 4.64334 4.66543 4.69283 4.70381 4.68567 4.65612 4.63848 4.63900 4.65260 4.66006 4.65435 4.64711 4.64206 4.64036 4.63362 4.62235 4.60242 4.57638 4.55503 4.54405 4.52500 4.41416 3.84568 2.84715 2.06949 1.69617 1.66232 1.92755 2.67326 3.23002
3.49499 3.48008 3.45816 3.44129 3.44799 3.49495 3.56759 3.66201 3.78767 3.91750 4.01362 4.05957 4.06596 4.06768 4.04302 3.95107 3.85538 3.84043 3.91088 4.08032 4.30411 4.47601 4.58005 4.63984 4.68176 4.70254 4.70101 4.66651 4.60061 4.55158 4.54227 4.56372 4.60635 4.63830 4.64876 4.65694 4.67331 4.69950 4.72537 4.71640 4.67436 4.64510 4.64215 4.66248 4.69817 4.72208 4.72086 4.70160 4.66051 4.63165 4.62824 4.63185 4.62064 4.59605 4.57298 4.55178 4.49537 4.22942 3.38615 2.47935 1.83427 1.71245 1.83921 2.32121 2.56551 2.25363
3.49406 3.48768 3.46780 3.42574 3.37307 3.38716 3.45494 3.54721 3.67639 3.85012 4.02162 4.12177 4.11882 4.07378 4.01100 3.92712 3.86804 3.87628 3.95365 4.11544 4.31218 4.47042 4.57439 4.63421 4.67613 4.69535 4.69035 4.65424 4.58838 4.53963 4.53152 4.55453 4.60394 4.65388 4.68005 4.69526 4.71418 4.73375 4.73796 4.70403 4.66314 4.64398 4.65565 4.69865 4.75031 4.72583 4.68580 4.65020 4.61527 4.60407 4.61867 4.63795 4.64398 4.62769 4.59353 4.54278 4.42361 3.97401 3.05118 2.17232 1.79916 1.82266 2.17707 2.49653 1.99428 3.48544
3.50058 3.49017 3.46035 3.37332 3.25939 3.24172 3.33540 3.46988 3.62460 3.83585 4.06070 4.18164 4.16664 4.07549 3.97514 3.90910 3.89644 3.93260 4.01561 4.15022 4.31122 4.46044 4.56515 4.62638 4.66930 4.68795 4.68189 4.64592 4.58113 4.53231 4.52581 4.54929 4.59750 4.65618 4.70446 4.72264 4.73829 4.75136 4.73581 4.69311 4.65863 4.64934 4.67610 4.73106 4.72233 4.67657 4.64641 4.62246 4.60679 4.62516 4.65693 4.67889 4.68406 4.66351 4.60491 4.51779 4.32306 3.74988 2.80431 2.01114 1.80774 1.90476 2.43145 3.05689 2.59121 2.87392
3.45516 3.44406 3.42015 3.27355 3.08333 3.05117 3.20282 3.41943 3.61531 3.84420 4.06260 4.16157 4.12140 4.02580 3.94443 3.91961 3.94370 3.99560 4.07001 4.17451 4.30757 4.44944 4.55509 4.61811 4.66149 4.68038 4.67479 4.64083 4.57807 4.52724 4.51774 4.54088 4.59004 4.65181 4.70080 4.72405 4.74864 4.75974 4.72902 4.68616 4.65582 4.65366 4.69022 4.71958 4.68095 4.65440 4.64712 4.64364 4.65371 4.69790 4.74031 4.74795 4.70868 4.64962 4.58062 4.48093 4.24653 3.64764 2.65360 1.97785 1.83254 1.97795 2.50682 1.75857 0.74398 0.58664
3.37495 3.35700 3.37548 3.15581 2.89926 2.87787 3.07541 3.38881 3.62477 3.82315 3.97038 4.08792 4.02179 3.94526 3.91496 3.94155 3.99102 4.03842 4.09343 4.17950 4.30017 4.43900 4.54623 4.60968 4.65233 4.67278 4.66945 4.63784 4.57425 4.51880 4.50700 4.53067 4.58133 4.64459 4.68940 4.72324 4.76140 4.77070 4.73062 4.68594 4.65529 4.65249 4.68339 4.68415 4.66426 4.66841 4.68418 4.67963 4.67609 4.71546 4.74372 4.72478 4.66398 4.60357 4.54360 4.44686 4.21528 3.64298 2.64230 2.01704 1.89207 2.11646 1.79537 0.67929 0.47324 0.45634
3.25715 3.26329 3.32306 3.04605 2.80088 2.79471 2.97973 3.32321 3.57547 3.76505 3.87139 3.96329 3.94432 3.89277 3.87158 3.90537 3.95936 4.00740 4.06444 4.15697 4.28462 4.42862 4.53755 4.59952 4.64020 4.66438 4.66554 4.63726 4.57375 4.50999 4.49017 4.51380 4.56473 4.62627 4.67370 4.70805 4.73752 4.75628 4.73652 4.69681 4.66586 4.65561 4.66777 4.67468 4.68476 4.70983 4.69771 4.65343 4.61868 4.63075 4.65655 4.65269 4.61049 4.56356 4.51386 4.42840 4.23063 3.73658 2.81666 2.17445 2.05423 2.08023 0.92711 0.56726 0.39716 0.43977
3.04787 3.12874 3.19064 2.93231 2.75933 2.76052 2.90367 3.20512 3.47100 3.64929 3.77258 3.85354 3.89198 3.84914 3.80247 3.80326 3.83918 3.89606 3.98069 4.10640 4.26116 4.41419 4.52312 4.58374 4.62289 4.65169 4.66030 4.63956 4.58453 4.50759 4.45515 4.47010 4.53503 4.60775 4.65931 4.68671 4.70527 4.72739 4.73877 4.71405 4.68677 4.67685 4.68691 4.70133 4.72122 4.71325 4.66415 4.62923 4.60120 4.58347 4.59857 4.60360 4.57843 4.54530 4.50377 4.43503 4.28685 3.91859 3.16342 2.47717 2.32500 2.02229 0.65949 0.48059 0.32007 0.33036
2.75091 2.84937 2.90952 2.79290 2.71113 2.71817 2.81947 3.05350 3.32029 3.48661 3.60282 3.70435 3.73949 3.73580 3.72098 3.71924 3.73698 3.78230 3.87489 4.03804 4.22795 4.37557 4.48144 4.54734 4.59194 4.62983 4.65186 4.64560 4.60384 4.51319 4.40434 4.40318 4.50366 4.59151 4.62982 4.64660 4.66704 4.69281 4.71715 4.71788 4.69928 4.69622 4.71552 4.71670 4.70369 4.67134 4.64231 4.64133 4.64627 4.61076 4.59817 4.59578 4.57875 4.54998 4.51323 4.46203 4.36510 4.13616 3.61787 2.96611 2.72820 2.52046 0.77926 0.51487 0.32900 0.33991
2.60146 2.65412 2.67515 2.66259 2.64896 2.65962 2.71886 2.86123 3.06925 3.25550 3.39894 3.50264 3.56471 3.61590 3.64700 3.65946 3.67124 3.70344 3.78285 3.95001 4.14932 4.27641 4.38090 4.46744 4.53424 4.59053 4.63296 4.64603 4.61670 4.52923 4.35797 4.31957 4.48577 4.55952 4.56881 4.58982 4.62232 4.65572 4.68081 4.68236 4.66998 4.66614 4.67102 4.66776 4.66014 4.65140 4.65115 4.67164 4.69936 4.66050 4.63336 4.61746 4.59548 4.56574 4.53304 4.49738 4.44308 4.32693 4.04604 3.58111 3.24389 3.25581 1.71779 0.59110 0.39818 0.37658
2.56483 2.58588 2.58022 2.58079 2.59168 2.60608 2.63466 2.68932 2.78070 2.90718 3.07918 3.26962 3.42471 3.52855 3.58813 3.61426 3.62968 3.65703 3.71786 3.83234 3.98466 4.11279 4.22778 4.33984 4.43798 4.52118 4.59175 4.63383 4.62847 4.55577 4.36852 4.27892 4.45537 4.48874 4.49930 4.54724 4.59257 4.62471 4.64091 4.64170 4.63636 4.63442 4.63914 4.64491 4.65028 4.66072 4.67696 4.70045 4.72734 4.70133 4.67082 4.64531 4.61666 4.58586 4.55742 4.53422 4.50848 4.45871 4.33321 4.09228 3.81564 3.67388 3.31656 1.16355 0.54198 0.46287
