mrvbf_slope0.7_pctl0.9.asc
NCOLS 410
NROWS 410
XLLCORNER 2398750.0000000000000000
YLLCORNER 2548750.0000000000000000
CELLSIZE 250.0000000000000000
NODATA_VALUE -99999.00000
[rows 319 to 347 of 410, columns 330 to 395 of 410]
2.56615 2.57331 2.54851 2.53804 2.55137 2.56626 2.58130 2.59796 2.62518 2.67686 2.79394 3.01653 3.28514 3.45558 3.54069 3.58189 3.60734 3.63832 3.68606 3.75704 3.85742 3.97336 4.09343 4.21335 4.32467 4.42540 4.51951 4.59554 4.62182 4.56992 4.43861 4.36059 4.42556 4.45483 4.49702 4.55766 4.58694 4.60092 4.60605 4.60770 4.60988 4.61647 4.63616 4.65818 4.66899 4.68297 4.70316 4.72223 4.73713 4.72740 4.69962 4.66876 4.63639 4.60609 4.58185 4.56780 4.55942 4.54277 4.49361 4.38744 4.21985 4.01092 3.77826 2.97781 1.19979 0.77083
2.39287 2.50244 2.51956 2.51971 2.52763 2.53169 2.53921 2.54618 2.55034 2.57548 2.66224 2.86817 3.16596 3.38770 3.50166 3.56181 3.60097 3.63823 3.68093 3.73572 3.81228 3.90991 4.01937 4.13092 4.24077 4.33921 4.43200 4.52557 4.58641 4.57498 4.50677 4.46799 4.48078 4.50755 4.55951 4.60194 4.59479 4.58496 4.58143 4.58463 4.59443 4.61207 4.64394 4.68169 4.69890 4.70667 4.71865 4.73218 4.74265 4.74004 4.71814 4.68628 4.65322 4.62488 4.60451 4.59666 4.59832 4.59731 4.57803 4.52924 4.43788 4.27453 3.98716 3.44368 2.48078 1.71511
1.85917 2.13656 2.35684 2.45224 2.47558 2.47434 2.47733 2.49266 2.50416 2.53432 2.61394 2.78816 3.06179 3.31745 3.46630 3.55026 3.60772 3.65538 3.69887 3.74776 3.81624 3.90661 4.00731 4.10590 4.20439 4.29633 4.37696 4.45898 4.53670 4.57324 4.56309 4.54971 4.55314 4.57724 4.61657 4.62436 4.59603 4.57536 4.56783 4.57230 4.58709 4.61047 4.64381 4.68395 4.71702 4.72827 4.73361 4.74179 4.75014 4.74856 4.72954 4.69886 4.66745 4.64206 4.62494 4.62080 4.62825 4.63639 4.63097 4.60336 4.55064 4.45026 4.23604 3.76353 3.06585 2.37664
1.56416 1.66403 1.84903 2.11145 2.25120 2.34202 2.38622 2.42906 2.46425 2.50677 2.57458 2.70842 2.95442 3.24448 3.43487 3.54196 3.61805 3.68349 3.73989 3.79148 3.85822 3.94714 4.04487 4.13297 4.21386 4.29613 4.36853 4.43432 4.50225 4.56129 4.59810 4.60911 4.61459 4.63120 4.64228 4.61974 4.59011 4.57080 4.56395 4.56937 4.58526 4.60917 4.63997 4.67562 4.71331 4.73964 4.75085 4.75626 4.76018 4.75696 4.73958 4.71105 4.68204 4.65949 4.64461 4.64184 4.65135 4.66442 4.66694 4.64801 4.60912 4.54437 4.42441 4.16325 3.69572 3.12097
1.45940 1.51527 1.58498 1.69126 1.81646 2.01698 2.20919 2.33986 2.41044 2.44366 2.48547 2.58939 2.82320 3.15686 3.39810 3.52858 3.61842 3.70000 3.77651 3.84320 3.91594 4.00178 4.09075 4.17261 4.24460 4.31552 4.38050 4.43776 4.49284 4.54734 4.59594 4.62976 4.64369 4.64377 4.62940 4.60583 4.58402 4.57028 4.56630 4.57279 4.58807 4.60986 4.63692 4.66737 4.70104 4.73340 4.75698 4.76763 4.77047 4.76637 4.75120 4.72564 4.69918 4.67904 4.66556 4.66245 4.67094 4.68486 4.69140 4.67674 4.64282 4.59144 4.51632 4.38843 4.16962 3.87965
1.44911 1.45120 1.48960 1.53146 1.59909 1.69499 1.84157 2.07838 2.28811 2.33196 2.38019 2.49663 2.70799 3.05594 3.34686 3.50041 3.59963 3.68907 3.77572 3.85455 3.93770 4.03175 4.12224 4.20072 4.27064 4.33684 4.39696 4.44852 4.49497 4.53859 4.57857 4.60938 4.62387 4.62200 4.60962 4.59408 4.58019 4.57208 4.57120 4.57865 4.59326 4.61289 4.63638 4.66228 4.69089 4.72103 4.74978 4.76947 4.77784 4.77657 4.76511 4.74345 4.71967 4.70151 4.68888 4.68450 4.69004 4.70114 4.70723 4.69470 4.66406 4.61988 4.56311 4.48722 4.38065 4.25356
1.42687 1.41902 1.35635 1.38747 1.47113 1.56690 1.67997 1.73937 1.95910 2.16517 2.26768 2.42059 2.60610 2.91998 3.26434 3.45027 3.56324 3.65629 3.74045 3.81840 3.90534 4.01268 4.12226 4.21498 4.29031 4.35521 4.41199 4.45992 4.50104 4.53674 4.56789 4.59131 4.60326 4.60349 4.59619 4.58685 4.57876 4.57509 4.57683 4.58503 4.59900 4.61706 4.63798 4.66050 4.68494 4.71110 4.73868 4.76312 4.77958 4.78548 4.78043 4.76453 4.74451 4.72857 4.71673 4.71073 4.71233 4.71858 4.72120 4.70868 4.68060 4.64156 4.59419 4.53879 4.47304 4.40839
1.28895 1.38082 1.32432 1.29599 1.35022 1.45325 1.56763 1.61051 1.66718 1.92117 2.11218 2.29872 2.50171 2.75354 3.14055 3.38731 3.52380 3.61654 3.69275 3.76802 3.86014 3.98185 4.11357 4.22507 4.30752 4.37081 4.42344 4.46828 4.50669 4.53848 4.56434 4.58247 4.59174 4.59269 4.58830 4.58267 4.57824 4.57751 4.58122 4.59017 4.60380 4.62082 4.64013 4.66054 4.68228 4.70544 4.73066 4.75586 4.77767 4.79169 4.79531 4.78769 4.77380 4.76139 4.75087 4.74329 4.74046 4.74072 4.73853 4.72491 4.69905 4.66433 4.62311 4.57768 4.52774 4.48247
1.10696 1.29160 1.43625 1.43974 1.40055 1.42097 1.40020 1.42736 1.46266 1.60736 1.85316 2.14917 2.43965 2.65865 3.01319 3.31870 3.48452 3.58384 3.66119 3.74026 3.84297 3.98208 4.13046 4.24936 4.32943 4.38554 4.43103 4.47154 4.50785 4.53817 4.56180 4.57714 4.58455 4.58560 4.58287 4.57954 4.57748 4.57877 4.58399 4.59370 4.60733 4.62371 4.64189 4.66089 4.68094 4.70222 4.72564 4.75037 4.77468 4.79493 4.80782 4.81133 4.80795 4.80290 4.79617 4.78775 4.77970 4.77234 4.76367 4.74767 4.72322 4.69177 4.65441 4.61395 4.57041 4.52997
1.08315 1.22246 1.39526 1.46868 1.42053 1.39317 1.27323 1.21625 1.25706 1.41599 1.65191 1.96252 2.36055 2.55996 2.78857 3.16452 3.42395 3.55536 3.64791 3.74109 3.86580 4.03039 4.18351 4.28657 4.34891 4.39237 4.43013 4.46678 4.50180 4.53215 4.55579 4.57066 4.57760 4.57904 4.57759 4.57596 4.57562 4.57839 4.58482 4.59530 4.60912 4.62515 4.64251 4.66053 4.67954 4.69979 4.72220 4.74662 4.77227 4.79653 4.81704 4.83227 4.84369 4.85290 4.85654 4.85089 4.83743 4.81986 4.80177 4.78113 4.75678 4.72725 4.69073 4.65080 4.60865 4.56807
1.15683 1.29221 1.40995 1.38107 1.28528 1.21465 1.15814 1.12441 1.19318 1.34507 1.56069 1.72195 2.02117 2.36235 2.56072 2.85543 3.29266 3.51411 3.63855 3.76121 3.92794 4.10529 4.22859 4.29386 4.33662 4.37489 4.41294 4.45120 4.48796 4.52012 4.54527 4.56123 4.56894 4.57137 4.57131 4.57127 4.57249 4.57660 4.58417 4.59543 4.60955 4.62532 4.64196 4.65915 4.67740 4.69710 4.71917 4.74366 4.77008 4.79659 4.82220 4.84743 4.87547 4.90699 4.93382 4.94109 4.92353 4.89142 4.85850 4.82930 4.80355 4.77557 4.73713 4.69200 4.64625 4.60320
1.36660 1.46161 1.41672 1.24347 1.12793 1.15382 1.18907 1.22104 1.26873 1.37955 1.56432 1.65674 1.75676 2.07897 2.40800 2.64097 3.08634 3.45491 3.62172 3.77469 3.95429 4.06180 4.13374 4.19620 4.25705 4.31653 4.37180 4.42212 4.46646 4.50338 4.53153 4.54955 4.55874 4.56249 4.56386 4.56534 4.56808 4.57357 4.58232 4.59435 4.60872 4.62417 4.64006 4.65646 4.67404 4.69341 4.71560 4.74034 4.76679 4.79386 4.82202 4.85381 4.89455 4.94820 5.00998 5.05145 5.03703 4.98804 4.93626 4.89513 4.86690 4.84168 4.79955 4.74072 4.68378 4.63529
1.46158 1.53814 1.38942 1.22022 0.99948 1.10022 1.34377 1.41603 1.36236 1.42985 1.61811 1.91848 1.99865 2.04723 2.29913 2.54561 2.89821 3.38459 3.59012 3.71808 3.81048 3.87759 3.95202 4.03958 4.13346 4.22631 4.30969 4.38084 4.43863 4.48357 4.51624 4.53685 4.54765 4.55273 4.55545 4.55840 4.56272 4.56976 4.57982 4.59268 4.60723 4.62220 4.63724 4.65271 4.66949 4.68852 4.71070 4.73494 4.76007 4.78631 4.81570 4.85174 4.89933 4.96314 5.04437 5.12063 5.12394 5.07294 5.01447 4.96934 4.94361 4.92607 4.88316 4.80087 4.72324 4.66522
1.18129 1.25075 1.18289 1.22947 1.13251 1.10083 1.28683 1.41452 1.41132 1.45079 1.58980 1.89564 2.11183 2.07766 2.22845 2.49282 2.79695 3.31399 3.54003 3.63521 3.69245 3.74564 3.81324 3.90200 4.00809 4.12370 4.23423 4.32991 4.40532 4.46114 4.49986 4.52358 4.53598 4.54221 4.54613 4.55049 4.55651 4.56527 4.57685 4.59067 4.60539 4.61982 4.63380 4.64804 4.66367 4.68170 4.70238 4.72404 4.74650 4.77169 4.80253 4.84278 4.89461 4.95763 5.02609 5.08357 5.09928 5.08067 5.05134 5.03140 5.02657 5.01925 4.96958 4.85870 4.75907 4.69042
0.90227 0.90860 0.84993 0.94536 1.10852 1.12363 1.18881 1.37703 1.45369 1.45343 1.51173 1.73198 2.05836 2.05915 2.17378 2.45432 2.73319 3.21651 3.46785 3.56409 3.61993 3.67155 3.73345 3.81257 3.91118 4.02975 4.15603 4.27344 4.36803 4.43665 4.48269 4.50995 4.52387 4.53095 4.53586 4.54165 4.54955 4.56035 4.57376 4.58877 4.60382 4.61773 4.63052 4.64325 4.65728 4.67314 4.69021 4.70726 4.72641 4.75089 4.78406 4.83064 4.88961 4.95293 5.00478 5.03147 5.03208 5.02584 5.02903 5.04909 5.07481 5.06191 4.98520 4.87730 4.77941 4.70767
0.71062 0.78214 0.79345 0.75973 0.85698 0.99564 1.11903 1.35629 1.44103 1.43660 1.47692 1.60816 1.87553 2.02285 2.19518 2.42790 2.65057 3.05066 3.37036 3.50055 3.56524 3.61940 3.68205 3.75530 3.84282 3.95301 4.08243 4.21463 4.32776 4.41055 4.46496 4.49610 4.51127 4.51880 4.52445 4.53170 4.54175 4.55495 4.57057 4.58715 4.60291 4.61659 4.62829 4.63939 4.65127 4.66387 4.67618 4.68814 4.70385 4.72748 4.76316 4.81737 4.88869 4.96203 5.00989 5.01712 4.99086 4.97198 4.98388 5.01216 5.02997 5.00708 4.93380 4.84759 4.77226 4.71102
0.76065 0.86407 0.76845 0.76007 0.83651 0.97314 1.14759 1.32836 1.38143 1.39988 1.47750 1.55820 1.70708 2.00264 2.24233 2.42312 2.59855 2.90784 3.25921 3.43718 3.51400 3.57397 3.64385 3.71518 3.79440 3.89311 4.01538 4.15367 4.28410 4.38324 4.44752 4.48266 4.49846 4.50582 4.51197 4.52079 4.53334 4.54942 4.56773 4.58642 4.60344 4.61743 4.62844 4.63800 4.64747 4.65721 4.66632 4.67514 4.68866 4.71132 4.74703 4.80303 4.88234 4.97370 5.03666 5.03634 4.98263 4.94128 4.93812 4.95420 4.95676 4.93070 4.87222 4.80169 4.74529 4.69945
1.05587 1.19292 1.01480 1.03925 1.21254 1.21606 1.23724 1.38423 1.43403 1.42647 1.48599 1.56473 1.72753 2.07263 2.28022 2.43921 2.59589 2.84757 3.14312 3.34248 3.44995 3.53887 3.61422 3.68318 3.76125 3.84886 3.95435 4.08934 4.23585 4.35488 4.43112 4.47014 4.48558 4.49207 4.49850 4.50902 4.52452 4.54402 4.56558 4.58696 4.60596 4.62124 4.63252 4.64099 4.64799 4.65591 4.66527 4.67532 4.68895 4.70910 4.73721 4.78160 4.85394 4.95490 5.03653 5.04336 4.98870 4.92616 4.89046 4.87946 4.86516 4.84038 4.80656 4.75951 4.71447 4.67921
1.36825 1.33001 1.31058 1.43336 1.43363 1.33432 1.41849 1.52190 1.51093 1.46925 1.50816 1.57009 1.78631 2.20500 2.40252 2.52331 2.68090 2.89453 3.09549 3.26684 3.42113 3.53990 3.59094 3.65385 3.73533 3.80856 3.89350 4.02138 4.18375 4.32673 4.41698 4.45907 4.47285 4.47783 4.48450 4.49719 4.51647 4.54011 4.56537 4.58979 4.61137 4.62894 4.64162 4.64952 4.65350 4.65974 4.67282 4.69290 4.71732 4.72749 4.73092 4.75517 4.82612 4.94995 5.04577 5.05283 4.99108 4.90105 4.83487 4.79895 4.77295 4.75341 4.73991 4.71944 4.68627 4.65944
1.23448 1.34092 1.45185 1.51792 1.48042 1.42956 1.45003 1.52744 1.53550 1.49848 1.51923 1.56549 1.84660 2.31770 2.53111 2.71676 2.88736 3.01708 3.14439 3.28917 3.44186 3.53959 3.57197 3.62472 3.69441 3.75465 3.83040 3.95490 4.13406 4.30270 4.40620 4.44904 4.45998 4.46341 4.47082 4.48679 4.51100 4.53936 4.56830 4.59563 4.61992 4.64047 4.65568 4.66413 4.66508 4.66941 4.68480 4.71795 4.77477 4.75666 4.72853 4.74203 4.82081 4.97013 5.06616 5.03492 4.94647 4.84894 4.77833 4.73436 4.71051 4.69753 4.68933 4.68073 4.66592 4.65309
0.75051 0.97151 1.18776 1.29684 1.35960 1.46635 1.52133 1.56073 1.54053 1.51259 1.52031 1.59906 1.99083 2.42647 2.69504 3.05330 3.10730 3.11937 3.20702 3.33387 3.44850 3.51682 3.55342 3.59714 3.64887 3.70939 3.77906 3.89865 4.09466 4.28630 4.39756 4.43789 4.44629 4.44972 4.45984 4.48130 4.51175 4.54467 4.57640 4.60567 4.63208 4.65570 4.67398 4.68384 4.68502 4.68778 4.69797 4.71755 4.74161 4.73965 4.73183 4.75198 4.83161 4.97930 5.06832 4.98765 4.87350 4.79174 4.73913 4.70322 4.68566 4.67726 4.67009 4.66436 4.66437 4.66829
0.61498 0.72549 0.84016 1.01163 1.20965 1.44636 1.58017 1.59794 1.50964 1.47997 1.50658 1.64764 2.14514 2.49447 2.78587 3.16408 3.19111 3.18180 3.25154 3.35927 3.44668 3.50374 3.55293 3.60397 3.65244 3.69572 3.74942 3.86897 4.08174 4.28005 4.38521 4.42157 4.43179 4.43964 4.45590 4.48495 4.52155 4.55778 4.59086 4.62054 4.64795 4.67460 4.69766 4.71190 4.71335 4.71131 4.71156 4.71172 4.71385 4.72341 4.74342 4.78155 4.85863 4.98616 5.05182 4.94090 4.81528 4.74777 4.71657 4.70017 4.69380 4.69146 4.68812 4.68427 4.68838 4.69728
0.67600 0.67689 0.69914 0.82308 0.98700 1.26889 1.41956 1.41990 1.26533 1.28689 1.45797 1.75622 2.30910 2.52893 2.65939 2.93100 3.15296 3.25655 3.32728 3.40124 3.46398 3.51037 3.55753 3.61202 3.65354 3.68205 3.74094 3.87826 4.09910 4.26959 4.35617 4.39628 4.41831 4.43724 4.46263 4.49903 4.54024 4.57884 4.61196 4.64035 4.66734 4.69635 4.72663 4.75084 4.75187 4.74210 4.73405 4.72687 4.72694 4.74156 4.77272 4.82717 4.90642 5.00261 5.02339 4.90480 4.77787 4.71820 4.70373 4.71425 4.73377 4.74350 4.74527 4.73973 4.73413 4.72480
0.78863 0.77976 0.87826 0.84105 0.87027 1.23154 1.40791 1.23805 0.88837 0.93738 1.39872 1.87825 2.41263 2.52692 2.52169 2.61770 3.03547 3.32633 3.43697 3.48260 3.51010 3.53370 3.55864 3.59077 3.62136 3.66235 3.74907 3.91503 4.09614 4.21058 4.29539 4.36182 4.40955 4.44601 4.48079 4.52144 4.56549 4.60637 4.63930 4.66528 4.68998 4.71889 4.75530 4.79434 4.80260 4.78942 4.77978 4.77827 4.78921 4.81105 4.84341 4.89455 4.96689 5.02881 5.00009 4.87674 4.75633 4.70328 4.70022 4.73611 4.79927 4.80700 4.78107 4.74955 4.73191 4.71276
1.14116 1.22851 1.23907 1.21653 1.32261 1.52837 1.49273 1.11561 0.79652 0.92975 1.42930 1.94666 2.44582 2.49734 2.40504 2.38505 2.80034 3.30629 3.50076 3.56340 3.56750 3.57019 3.56941 3.57408 3.59353 3.64644 3.75049 3.87752 3.97443 4.08327 4.21175 4.32738 4.40926 4.46501 4.50698 4.54803 4.59080 4.63197 4.66767 4.69312 4.71508 4.74151 4.77741 4.82119 4.85055 4.85293 4.85312 4.86775 4.89676 4.92424 4.95113 4.98331 5.02428 5.03779 4.97504 4.85072 4.74237 4.69758 4.70321 4.75156 4.80695 4.77903 4.74383 4.71510 4.68720 4.65648
1.29452 1.35578 1.40706 1.42664 1.43839 1.51344 1.50401 1.35018 1.06466 1.11888 1.55324 2.13228 2.55825 2.55843 2.37687 2.03888 2.20708 3.04196 3.44986 3.56703 3.61654 3.63186 3.61155 3.58967 3.58632 3.61935 3.67776 3.72697 3.81158 3.95608 4.13845 4.30411 4.41653 4.48812 4.53581 4.57478 4.61198 4.64909 4.68643 4.71699 4.73990 4.76378 4.79415 4.83301 4.87541 4.90836 4.92661 4.94786 4.97651 5.00011 5.01744 5.03800 5.05330 5.03159 4.95627 4.83449 4.73316 4.69339 4.70598 4.76058 4.77464 4.73657 4.72353 4.71596 4.66344 4.60850
1.39009 1.50871 1.46523 1.46261 1.46041 1.40559 1.33611 1.29883 1.16997 1.24870 1.68058 2.47739 2.73226 2.73282 2.57947 2.19765 1.60391 1.83174 3.08399 3.45416 3.65223 3.73760 3.68964 3.64170 3.61802 3.61458 3.63333 3.67285 3.75746 3.90946 4.11445 4.30293 4.42947 4.50933 4.56242 4.60126 4.63180 4.66080 4.69345 4.72833 4.75872 4.78210 4.80608 4.83658 4.88130 4.93318 4.97039 4.99513 5.01623 5.03336 5.04575 5.05862 5.05662 5.02209 4.94874 4.83112 4.72810 4.68769 4.70300 4.75602 4.73901 4.71826 4.73757 4.73930 4.65277 4.57053
1.32726 1.38217 1.35691 1.51082 1.55816 1.36643 1.26129 1.27984 1.22457 1.31959 2.03780 2.66386 2.87951 2.98934 2.81677 2.59458 2.01904 1.38604 2.04089 3.34303 3.66399 3.82121 3.77828 3.71947 3.69665 3.68959 3.70487 3.74727 3.80787 3.94738 4.14625 4.32439 4.44587 4.52513 4.58117 4.62309 4.65162 4.67430 4.70112 4.73413 4.76835 4.79527 4.81828 4.84409 4.88241 4.93674 4.98752 5.02136 5.04330 5.05774 5.06463 5.06715 5.05254 5.01531 4.94549 4.83201 4.72936 4.68737 4.69592 4.72640 4.71369 4.71744 4.74809 4.72440 4.62687 4.53360
1.48178 1.25068 1.05543 1.34081 1.50290 1.43595 1.43650 1.44474 1.39115 1.58715 2.45464 2.78504 3.02176 3.32504 3.25811 2.94529 2.55539 1.97260 1.90581 3.16523 3.61647 3.82312 3.84948 3.81296 3.81867 3.85065 3.88263 3.89414 3.92171 4.03206 4.20051 4.35314 4.46125 4.53503 4.59065 4.63506 4.66810 4.68892 4.71015 4.73790 4.77125 4.80466 4.83235 4.85654 4.88602 4.93209 4.98735 5.02865 5.05449 5.06855 5.07243 5.06764 5.04852 5.01244 4.94407 4.83610 4.74069 4.69902 4.69409 4.69788 4.70342 4.72445 4.73368 4.67356 4.58438 4.49859
