mrvbf_slope0.6_pctl1.asc
NCOLS 410
NROWS 410
XLLCORNER 2398750.0000000000000000
YLLCORNER 2548750.0000000000000000
CELLSIZE 250.0000000000000000
NODATA_VALUE -99999.00000
[rows 232 to 260 of 410, columns 198 to 263 of 410]
3.85046 4.29778 4.38273 4.43610 4.44525 4.36553 4.15303 4.06563 4.24852 4.26910 4.18608 4.15175 4.08839 4.03687 4.16361 3.91259 3.95891 4.19150 4.27941 4.30070 4.06363 3.87399 3.73716 3.54378 3.40207 3.14558 3.21463 3.50006 3.62429 3.77917 3.85423 3.64207 3.63516 3.63429 3.64538 3.72027 4.07174 4.29607 3.80571 3.26002 2.96765 2.62941 2.51941 2.73974 2.82943 3.12390 2.61367 2.32076 2.40221 2.60475 2.82383 3.02066 3.14707 3.33270 3.59137 3.65565 3.73462 3.86342 3.98941 4.10310 4.06616 4.01029 3.89797 3.62736 3.14713 2.86013
3.52421 3.76035 3.98969 4.11509 4.16570 4.17583 4.05811 4.03434 4.13068 4.02202 3.94691 3.90574 3.83309 3.76563 3.74625 3.40059 3.35218 3.42875 3.59833 3.67697 3.52921 3.64790 3.65973 3.42870 3.43936 3.55745 3.71222 3.81541 3.55092 3.57473 3.67120 3.52125 3.72905 3.87585 3.78212 3.52560 3.70931 3.89788 3.26810 2.93045 2.73236 2.54998 2.63214 2.84082 2.63583 2.70244 2.45240 2.33790 2.41797 2.58238 2.85687 3.15582 3.43166 3.77190 4.06336 4.08185 4.14333 4.23912 4.27627 4.28813 4.30543 4.30002 4.23536 4.00084 3.55613 3.23218
3.75310 3.72169 3.88811 4.00715 4.03263 4.17375 4.08679 3.82386 3.70862 3.50065 3.28347 3.13150 3.02530 2.98748 3.02506 2.92178 2.92883 2.94106 2.93510 2.90997 2.89147 3.20023 3.63735 3.38972 3.38894 3.74910 4.11415 4.08224 3.65199 3.44598 3.46706 3.44089 3.75446 4.07169 3.77744 3.50028 3.65272 3.60530 3.06734 2.88455 2.87962 2.85926 3.10116 3.19493 2.82091 2.62854 2.51314 2.43133 2.48292 2.69362 3.05291 3.45333 3.82443 4.12522 4.18328 4.21766 4.30477 4.37852 4.38505 4.38217 4.39938 4.38711 4.34104 4.25682 3.99123 3.62375
4.24437 4.23610 4.23692 4.29323 4.22569 4.20135 3.89983 3.41926 3.40463 3.35721 3.15992 2.99019 2.88929 2.83375 2.94032 3.12322 3.26621 3.29087 3.03587 2.82608 2.84387 2.92512 3.31859 3.41928 3.48423 3.78828 4.01346 4.09758 3.88553 3.54830 3.35229 3.43415 3.79816 4.00504 3.74489 3.54200 3.60776 3.35869 2.99427 3.02325 3.09120 3.03690 3.20810 3.37642 3.09544 2.83223 2.65408 2.54110 2.66165 3.00078 3.41380 3.83719 4.07904 4.17094 4.20342 4.26791 4.34425 4.38746 4.40140 4.40822 4.42174 4.42658 4.39269 4.34160 4.23155 4.01842
4.22152 4.27522 4.30235 4.33678 4.31334 4.22955 3.63033 3.16628 3.33618 3.59977 3.63950 3.57696 3.46615 3.25989 3.38195 3.79908 3.65463 3.48127 3.35931 3.24887 3.34243 3.11266 3.29551 3.73947 3.80951 3.79257 3.78183 3.73261 3.78899 3.77201 3.58563 3.65638 3.85361 3.93068 3.75829 3.56758 3.61836 3.27404 3.09499 3.33667 3.33252 3.00466 2.99615 3.28012 3.25398 3.02676 2.79570 2.71061 2.95440 3.40115 3.78008 3.99456 4.12070 4.15232 4.12869 4.13338 4.18241 4.23750 4.27023 4.28324 4.30905 4.35641 4.37753 4.37728 4.30220 4.12034
4.32357 4.34941 4.39728 4.42239 4.38353 4.08050 3.40361 3.11904 3.44497 3.96007 4.15237 4.10799 4.01253 3.71887 3.59413 3.89753 3.92222 3.49111 3.17978 3.28680 3.51959 3.25350 3.37808 3.91728 4.04840 3.96517 3.93238 3.71738 3.48952 3.54098 3.72970 3.83888 3.86701 3.99986 3.84939 3.54706 3.52200 3.24191 3.23190 3.56417 3.51868 3.07461 2.83224 3.07808 3.27495 3.16402 2.99592 3.02283 3.36851 3.79771 4.03180 4.07467 4.05322 3.91779 3.80790 3.79769 3.84939 3.91991 3.97009 3.99343 4.01947 4.08586 4.18698 4.29820 4.34152 4.19941
4.39721 4.43299 4.46531 4.40661 4.26159 3.94867 3.43516 3.27716 3.72084 4.13214 4.11379 4.05861 3.92665 3.87045 3.72960 3.82272 3.60967 3.02989 2.80280 3.11274 3.31155 3.08491 3.21318 3.61713 3.69045 3.71460 3.89212 3.83711 3.44255 3.42069 3.80058 3.87981 3.97583 4.04823 3.84057 3.53739 3.40385 3.30539 3.33236 3.52156 3.46148 3.14312 2.84091 2.94053 3.19594 3.24211 3.19115 3.26016 3.53142 3.92784 4.10857 4.04392 3.79171 3.59398 3.54513 3.56961 3.61178 3.66239 3.71744 3.75190 3.76217 3.80240 3.95014 4.15790 4.32746 4.31202
4.26614 4.22370 4.21803 4.14690 4.13503 4.05239 3.68052 3.52879 3.80115 3.98292 4.09863 4.21599 4.08054 3.96515 3.97381 3.83676 3.16164 2.68318 2.76261 3.12893 3.19528 2.92117 3.03149 3.30840 3.30791 3.28739 3.37111 3.35889 3.14448 3.33823 3.68025 3.70085 3.71863 3.73882 3.62713 3.43391 3.33862 3.36667 3.30652 3.27187 3.17966 3.09241 2.94268 2.85790 3.03190 3.17113 3.24168 3.39510 3.63985 3.98178 4.09614 3.86130 3.55055 3.46019 3.57395 3.63669 3.65347 3.68261 3.75525 3.81715 3.83450 3.83414 3.90330 4.06293 4.27826 4.38326
4.09835 3.91801 3.77884 3.81184 4.05162 4.21468 3.96781 3.73542 3.86365 4.07924 4.30567 4.41455 4.34843 4.18133 4.04311 3.49290 2.82065 2.63071 2.89013 3.24359 3.19591 2.85953 2.99508 3.30143 3.19874 3.12513 3.16024 3.23672 3.24115 3.51545 3.74306 3.66944 3.57524 3.54238 3.45970 3.35976 3.34719 3.42156 3.16941 3.01071 2.95792 2.97669 3.03095 2.77369 2.86882 3.10360 3.27773 3.46676 3.73433 4.01458 4.03878 3.74473 3.48573 3.51387 3.80408 3.93759 3.93558 3.94957 4.01627 4.09497 4.11345 4.05059 3.95531 4.00263 4.18431 4.34911
4.03859 3.86350 3.72426 3.72308 3.84030 4.15203 4.15077 3.88542 3.98229 4.24974 4.38986 4.33449 4.13963 3.96358 3.72843 3.04107 2.52035 2.50976 2.88894 3.24180 3.10060 2.64666 2.75615 3.14773 2.96905 2.99302 3.05881 3.28751 3.42303 3.75328 4.01349 3.87951 3.63635 3.43825 3.33623 3.29629 3.26628 3.26089 2.91036 2.82347 2.89818 2.82043 2.76671 2.73069 3.00287 3.18685 3.35409 3.58093 3.74820 3.86722 3.92520 3.69628 3.50561 3.56124 3.85036 4.13897 4.21780 4.20320 4.19448 4.17750 4.06417 3.92815 3.89688 3.98955 4.15958 4.32742
4.11756 4.00912 3.96854 3.89740 3.71591 3.94155 4.21656 3.95682 3.92910 4.21228 4.25272 4.00613 3.75546 3.60578 3.28966 2.71681 2.44247 2.52757 2.83756 3.03783 2.83038 2.37318 2.33511 2.58928 2.78403 3.13264 3.08966 3.14203 3.48280 3.84963 4.02887 3.87108 3.58999 3.36537 3.27536 3.15381 2.99494 2.81972 2.67207 2.73422 2.88243 2.81767 2.71914 2.96598 3.21146 3.28519 3.39492 3.58488 3.66353 3.63428 3.62332 3.55402 3.50647 3.61698 3.87015 4.16855 4.32120 4.22295 4.05979 3.90147 3.75211 3.69258 3.79892 4.01381 4.22305 4.33254
4.10624 4.03013 4.07476 3.89632 3.57386 3.84346 4.19735 3.86585 3.68630 3.94684 4.02724 3.83579 3.69005 3.57741 3.13554 2.71245 2.59700 2.44791 2.51416 2.60625 2.58478 2.40270 2.27290 2.47928 3.16021 3.57174 3.50220 3.30941 3.43320 3.79351 4.06370 3.79404 3.45536 3.35382 3.27290 3.05438 2.78123 2.60001 2.58742 2.73926 2.87072 2.87731 2.91006 3.13536 3.24618 3.28420 3.36355 3.50011 3.55472 3.48295 3.40883 3.38246 3.45645 3.62827 3.87344 4.13893 4.25634 4.06712 3.81142 3.65287 3.61420 3.70974 3.87952 4.05354 4.24229 4.36061
3.92748 3.84228 3.91313 3.61151 3.29643 3.60437 3.90319 3.43233 3.28917 3.57837 3.81492 3.78869 3.44113 3.06745 2.70068 2.55637 2.53078 2.17111 1.99025 2.30329 2.73117 2.77097 2.57379 2.78714 3.22706 3.66002 3.74192 3.64064 3.49240 3.70249 4.10053 4.00132 3.56203 3.28669 3.02225 2.81338 2.73212 2.63664 2.65795 2.81560 2.92586 3.04130 3.10174 3.13172 3.15519 3.18815 3.30528 3.49745 3.57651 3.50395 3.39606 3.31196 3.34885 3.50438 3.74087 3.98853 4.04669 3.83658 3.62226 3.55511 3.68062 3.97825 4.15898 4.19780 4.21532 4.27701
3.60342 3.60791 3.70699 3.28189 2.80965 3.00507 3.16125 2.83399 2.89189 3.20838 3.36590 3.26317 2.94319 2.57671 2.26051 2.10880 1.93421 1.80233 1.97074 2.48565 2.98729 3.00418 2.65548 2.74982 3.11494 3.61605 3.91430 3.76705 3.52145 3.55106 3.82842 3.89424 3.68917 3.39169 3.01381 2.63186 2.60844 2.75574 2.87762 2.92303 3.02772 3.18525 3.23004 3.19056 3.13099 3.11791 3.28926 3.62690 3.74594 3.63133 3.48881 3.34284 3.30149 3.41078 3.60728 3.77617 3.76461 3.61119 3.49935 3.53995 3.83289 4.23760 4.37393 4.38278 4.33837 4.31961
3.38694 3.55512 3.68866 3.28568 2.62660 2.56975 2.67262 2.62409 2.85063 3.09405 3.13256 2.80774 2.50916 2.29036 2.06439 1.91504 1.77583 1.77549 2.04898 2.52814 3.04197 3.09650 2.93186 2.80311 2.92798 3.29709 3.69702 3.61090 3.42162 3.28880 3.31852 3.34733 3.30321 3.04819 2.63519 2.49780 2.72258 2.91836 3.00790 2.97948 3.05653 3.21705 3.32188 3.33020 3.24345 3.17878 3.24717 3.58207 3.91499 3.65305 3.37004 3.30165 3.37907 3.48327 3.58339 3.61664 3.54407 3.45098 3.43158 3.55218 3.91074 4.30258 4.44189 4.45550 4.44646 4.44383
3.36539 3.46321 3.51697 3.43750 3.13620 2.77146 2.82693 2.95732 3.26908 3.24376 3.15107 2.66110 2.44409 2.39630 2.27552 2.06486 1.94543 2.01854 2.24872 2.73201 3.07614 3.05411 3.05149 2.96969 2.97663 3.25380 3.64545 3.57436 3.40258 3.18183 3.02319 2.97069 2.88172 2.67908 2.54932 2.62471 2.81239 2.89051 2.96198 3.02517 3.14964 3.31156 3.45470 3.51082 3.39508 3.33008 3.25613 3.46709 4.00727 3.81016 3.27668 3.12977 3.50691 3.70730 3.65285 3.52993 3.40648 3.35651 3.39915 3.54063 3.86264 4.23436 4.36825 4.40009 4.39818 4.42805
3.37357 3.34702 3.30347 3.43107 3.55724 3.35962 3.51409 3.48799 3.44417 3.29017 2.98768 2.56211 2.53725 2.50259 2.27159 1.89972 1.85191 2.24116 2.75158 3.04314 3.05037 2.96793 3.03353 3.00350 2.91740 3.14699 3.52016 3.39271 3.26488 3.16127 3.02104 2.88846 2.74853 2.67945 2.70490 2.78485 2.83642 2.89488 3.00544 3.16481 3.31690 3.44478 3.60085 3.73639 3.54242 3.38796 3.35185 3.51073 4.07245 3.99705 3.34217 3.03923 3.50461 3.93153 3.75852 3.50299 3.34977 3.32804 3.40518 3.52898 3.71576 3.96373 4.13527 4.23759 4.31998 4.31679
3.28186 3.19302 3.11461 3.24873 3.34334 3.35963 3.80133 3.59547 3.26597 2.99024 2.67682 2.40727 2.37786 2.14123 1.92877 1.76750 1.88176 2.31216 2.80615 2.96640 2.87151 2.80536 2.88033 2.94781 2.89610 2.90550 3.10446 3.10659 3.10530 3.10316 3.05599 2.95422 2.84117 2.90701 2.92377 2.90595 2.98144 3.08242 3.22555 3.40293 3.52695 3.57358 3.62750 3.73704 3.75653 3.58663 3.54374 3.93875 4.25600 4.06789 3.44857 3.09821 3.41847 3.97395 3.81495 3.49862 3.35207 3.35521 3.45133 3.55887 3.62821 3.69364 3.79460 3.95506 4.12545 4.23263
3.15897 3.05996 2.95768 3.05997 3.18514 3.07312 3.50630 3.14534 2.77389 2.52978 2.40585 2.27002 2.17074 1.96688 1.80986 1.85927 1.93841 2.24262 2.75313 2.87771 2.72689 2.73075 2.79289 2.83559 2.86550 2.88457 2.92931 2.99108 3.01870 2.91767 3.00522 3.05687 3.08678 3.19947 3.17778 3.18506 3.28393 3.31021 3.38867 3.58535 3.69732 3.68306 3.60710 3.73730 4.07090 4.08957 4.07068 4.21452 4.29835 4.02903 3.41542 3.05830 3.40331 3.96640 3.79748 3.49359 3.38320 3.41595 3.53003 3.62946 3.62569 3.57864 3.55533 3.58741 3.74135 3.96577
3.07240 2.97893 2.94970 3.10048 3.06071 2.90482 3.31444 2.77096 2.52509 2.42957 2.32842 2.28038 2.18644 2.11220 1.99833 1.88585 1.87533 2.27553 2.80601 2.90886 2.74584 2.77939 2.87410 2.86660 2.88843 3.01758 3.11993 3.10129 2.88794 2.88064 3.02676 3.13804 3.30661 3.48349 3.44508 3.38007 3.35793 3.28265 3.22959 3.29463 3.44637 3.63927 3.61278 3.69119 4.12881 4.29424 4.11849 3.87338 4.02372 3.89787 3.26632 2.92750 3.48780 3.96015 3.72232 3.48278 3.41710 3.47791 3.63815 3.76908 3.69935 3.56872 3.46211 3.38209 3.39791 3.54549
2.99897 2.89187 2.97028 3.15198 2.84297 2.64910 2.91186 2.55999 2.41395 2.54775 2.54557 2.45559 2.34228 2.20002 2.02439 1.85522 1.88938 2.31082 2.73412 2.81954 2.79946 2.93067 3.04418 3.00597 2.96453 3.02285 3.16523 3.08546 2.86824 3.00573 3.09677 3.17265 3.39057 3.69127 3.77044 3.58529 3.52118 3.40927 3.27905 3.19412 3.25479 3.48629 3.59730 3.57114 3.85902 4.02383 3.59471 3.40509 3.48979 3.62231 3.15393 2.98351 3.66105 4.00298 3.70652 3.48206 3.41653 3.49035 3.70921 3.94715 3.80627 3.60671 3.46911 3.36702 3.29911 3.37805
3.00605 2.94173 3.04366 3.17543 2.82428 2.33711 2.39158 2.36494 2.47026 2.80490 2.91966 2.68656 2.41061 2.10134 1.86091 1.68089 1.73822 2.09539 2.34878 2.49240 2.74381 3.04535 3.14140 3.03681 2.93484 2.94074 3.02089 2.92474 2.84922 2.99387 3.12828 3.23152 3.37141 3.60412 3.83241 3.71358 3.77112 3.76301 3.63379 3.50336 3.34009 3.29650 3.48053 3.52167 3.64250 3.63035 3.31281 3.18079 3.12854 3.30137 3.17133 3.30603 3.76621 4.01607 3.78433 3.53230 3.40620 3.45489 3.68742 4.01025 3.79399 3.60114 3.51617 3.44795 3.34581 3.34594
3.01173 3.11183 3.27041 3.30386 3.08296 2.69705 2.44394 2.54184 2.88641 3.29331 3.08332 2.66507 2.31406 1.94768 1.70240 1.49287 1.55929 1.80385 1.84551 2.06339 2.55729 3.02200 3.08770 2.92427 2.77842 2.75194 2.77160 2.72559 2.73526 2.88452 3.12728 3.30500 3.35876 3.50641 3.65062 3.67653 3.69596 3.86367 3.94357 3.81276 3.51885 3.32329 3.34626 3.39123 3.55172 3.41235 3.15886 3.22534 3.19970 3.31812 3.46571 3.64031 3.84288 3.86830 3.73074 3.59503 3.43011 3.42579 3.63900 3.96497 3.72229 3.54281 3.54549 3.50368 3.34623 3.26754
2.80681 2.80928 3.16540 3.31368 3.29844 3.33060 3.23702 3.24645 3.52339 3.57100 3.04822 2.54313 2.17304 1.81679 1.55804 1.39671 1.58053 1.74825 1.50166 1.74279 2.24410 2.80085 2.96565 2.80198 2.61964 2.54546 2.52476 2.51061 2.56370 2.76447 3.06696 3.20321 3.24029 3.45675 3.60147 3.56153 3.64898 3.70333 3.76091 3.68684 3.62146 3.57094 3.46867 3.55420 3.74380 3.46041 3.01861 2.88435 3.07153 3.40612 3.62494 3.77179 3.82625 3.68850 3.51388 3.48571 3.41845 3.42037 3.63817 3.96993 3.68584 3.47675 3.51211 3.56278 3.39220 3.22867
2.91197 2.56093 2.70709 3.00880 3.24102 3.36558 3.59154 3.74457 3.64039 3.34569 2.84230 2.44566 2.11475 1.76730 1.48796 1.33153 1.73483 2.09195 1.50753 1.48514 1.99773 2.67348 2.96825 2.70422 2.46748 2.37277 2.33743 2.33859 2.43244 2.70043 2.99300 3.04963 3.05585 3.31110 3.54182 3.47092 3.47818 3.53036 3.56892 3.44458 3.40452 3.49061 3.56334 3.76649 4.09005 3.91149 3.41949 3.08742 3.12068 3.23765 3.33990 3.53376 3.67178 3.54397 3.46742 3.41596 3.43946 3.49128 3.66181 3.94243 3.72211 3.44777 3.41147 3.54934 3.50520 3.36077
2.82083 2.57457 2.59349 2.83071 3.24840 3.34449 3.44552 3.54533 3.16382 2.91339 2.67206 2.43392 2.13310 1.83338 1.52176 1.29658 1.94541 2.86614 2.15138 1.50826 1.89806 2.66415 2.99752 2.61489 2.38416 2.31616 2.36638 2.47725 2.63723 2.84866 3.04976 3.15919 3.02617 3.02943 3.14945 3.09398 3.17290 3.28516 3.33358 3.16879 3.20498 3.34359 3.40830 3.49671 3.81266 4.09093 3.71515 3.49267 3.51663 3.37601 3.16369 3.16753 3.30819 3.24149 3.33590 3.43817 3.52520 3.50922 3.47915 3.56930 3.59895 3.42667 3.32212 3.45416 3.46069 3.44818
2.59046 2.64294 2.81720 3.14829 3.36509 3.43314 3.42396 3.10014 2.84401 2.81367 2.74821 2.58151 2.34227 2.05830 1.67138 1.26604 1.95905 3.21185 2.72145 1.86159 1.94683 2.66473 2.89642 2.55476 2.62892 2.78173 2.93382 3.11600 3.14723 2.96145 3.08386 3.47375 3.45841 3.21014 3.05137 3.00723 3.04238 2.99803 2.93555 2.86871 3.10365 3.32733 3.41727 3.44528 3.57781 3.76321 3.52125 3.40989 3.44135 3.42726 2.86021 2.26294 2.44404 2.38206 2.47512 2.77629 3.14329 3.33580 3.25062 3.13790 3.15549 3.15406 3.11293 3.29504 3.33820 3.43187
2.84130 2.92319 3.05450 3.26229 3.35435 3.40675 3.24944 2.88072 2.86032 2.97209 3.03545 2.94652 2.64253 2.24631 1.87879 1.48937 1.46959 2.04220 2.06009 1.95450 2.31537 3.13800 3.17730 2.59794 2.82514 3.33547 3.16399 2.93330 2.89785 3.01424 3.38213 3.83394 3.78833 3.55522 3.31781 3.27133 3.26558 3.07604 2.89122 3.02062 3.04795 2.99965 3.21997 3.44199 3.66779 3.57708 3.43854 3.42880 3.32461 3.26003 2.31046 1.47795 2.44622 2.51770 2.04323 2.10585 2.85874 3.33925 3.34257 3.17083 3.08134 3.06939 3.06223 3.18533 3.12530 3.29337
3.09091 3.00352 3.01961 3.00139 3.01961 3.14590 3.03872 2.75911 2.81132 3.02110 3.21118 3.26135 2.91640 2.46867 2.13397 2.04057 2.09613 2.33450 2.52774 2.55407 2.93472 3.79178 3.70161 2.84415 2.81021 3.46403 3.05144 2.86817 3.12107 3.43854 3.84420 4.08687 4.00721 3.69189 3.46104 3.47623 3.51748 3.42494 3.37887 3.46956 3.19267 2.94635 3.15372 3.47190 3.71918 3.55469 3.43423 3.50560 3.35315 3.18082 2.29221 1.73529 3.06771 3.40464 3.18636 2.60283 2.84024 3.36993 3.45569 3.39601 3.34169 3.18893 3.09105 3.11460 2.89215 3.09570
