mrvbf_slope1.2_pctl1.5.asc
NCOLS 410
NROWS 410
XLLCORNER 2398750.0000000000000000
YLLCORNER 2548750.0000000000000000
CELLSIZE 250.0000000000000000
NODATA_VALUE -99999.00000
[rows 29 to 57 of 410, columns 66 to 131 of 410]
7.85245 7.84698 7.83560 7.83007 7.83801 7.84631 7.84720 7.84418 7.84274 7.84459 7.84830 7.85062 7.85118 7.85110 7.85103 7.85068 7.84967 7.84777 7.84432 7.84070 7.83948 7.84059 7.84286 7.84394 7.84097 7.83636 7.83351 7.83524 7.83894 7.84211 7.84399 7.84404 7.84152 7.83043 7.77755 7.73693 7.75846 7.74730 7.76612 7.82631 7.83960 7.84024 7.82913 7.80837 7.82741 7.83747 7.83935 7.84032 7.84071 7.83975 7.83757 7.83536 7.83347 7.82251 7.78762 7.79007 7.75973 7.80703 7.82994 7.83454 7.83618 7.83598 7.83517 7.83238 7.83238 7.83341
7.85178 7.84889 7.83934 7.83071 7.83502 7.84400 7.84707 7.84473 7.84290 7.84371 7.84681 7.84965 7.85086 7.85097 7.85031 7.84915 7.84745 7.84397 7.83877 7.83626 7.83724 7.83886 7.84134 7.84385 7.84205 7.83692 7.83223 7.83236 7.83807 7.84094 7.84228 7.84338 7.84171 7.83176 7.80755 7.78723 7.75776 7.77961 7.78385 7.82797 7.84026 7.84146 7.83977 7.83488 7.83847 7.83806 7.83868 7.83903 7.83827 7.83760 7.83635 7.83523 7.83482 7.82900 7.81515 7.77799 7.79686 7.82697 7.83446 7.83482 7.83485 7.83538 7.83498 7.83125 7.83063 7.83207
7.84750 7.84934 7.84460 7.83536 7.83433 7.84145 7.84585 7.84461 7.84287 7.84335 7.84624 7.84913 7.85024 7.84991 7.84870 7.84696 7.84431 7.83872 7.83354 7.83386 7.83647 7.83705 7.83861 7.84245 7.84284 7.83762 7.83184 7.83152 7.83584 7.83813 7.83988 7.84225 7.84001 7.82327 7.77589 7.78335 7.79196 7.77713 7.78565 7.82734 7.83987 7.84051 7.83957 7.83999 7.83619 7.83556 7.83412 7.83520 7.83614 7.83620 7.83493 7.83359 7.83350 7.83204 7.82583 7.79297 7.78376 7.81163 7.82133 7.82957 7.83092 7.83217 7.83335 7.83204 7.83090 7.83217
7.83876 7.84501 7.84657 7.83992 7.83631 7.84095 7.84418 7.84306 7.84203 7.84330 7.84662 7.84910 7.84945 7.84834 7.84625 7.84317 7.83874 7.83324 7.83139 7.83414 7.83731 7.83528 7.83542 7.84073 7.84312 7.83833 7.83121 7.83043 7.83429 7.83781 7.83821 7.83723 7.83673 7.82907 7.79274 7.75441 7.77345 7.77684 7.81993 7.83520 7.83747 7.82810 7.83011 7.82706 7.82367 7.82983 7.83394 7.83532 7.83587 7.83466 7.83308 7.83247 7.83110 7.82974 7.81457 7.78136 7.77788 7.76257 7.77010 7.79886 7.82192 7.82706 7.83129 7.83155 7.83095 7.83043
7.83517 7.83897 7.84601 7.84189 7.83866 7.84118 7.84208 7.84113 7.84186 7.84476 7.84776 7.84893 7.84815 7.84578 7.84223 7.83824 7.83437 7.83207 7.83283 7.83654 7.83927 7.83473 7.83277 7.83832 7.84206 7.83854 7.83135 7.83048 7.83437 7.83614 7.83639 7.83675 7.83764 7.83396 7.82349 7.79316 7.80446 7.80364 7.83016 7.83370 7.81658 7.77559 7.80393 7.78415 7.79649 7.81760 7.83223 7.83538 7.83529 7.83381 7.83460 7.83287 7.83282 7.83099 7.82412 7.80746 7.77358 7.74859 7.76766 7.73172 7.79497 7.82135 7.82614 7.82882 7.82910 7.82992
7.83044 7.83701 7.84486 7.84282 7.84159 7.84178 7.84162 7.84244 7.84473 7.84708 7.84832 7.84804 7.84591 7.84216 7.83855 7.83597 7.83422 7.83386 7.83552 7.83896 7.84049 7.83560 7.83116 7.83402 7.83848 7.83792 7.83353 7.83134 7.83278 7.83411 7.83451 7.83563 7.83731 7.83451 7.83198 7.82230 7.81224 7.82415 7.83276 7.82347 7.76212 7.76027 7.78866 7.76452 7.76766 7.80124 7.82722 7.83294 7.83342 7.83307 7.83338 7.83435 7.83424 7.83335 7.83059 7.82624 7.81860 7.79759 7.73455 7.76290 7.75839 7.80976 7.82242 7.82405 7.82637 7.82986
7.83089 7.83829 7.83982 7.84127 7.84462 7.84508 7.84536 7.84638 7.84742 7.84792 7.84781 7.84643 7.84309 7.83933 7.83731 7.83634 7.83588 7.83608 7.83759 7.84040 7.84154 7.83778 7.83273 7.83072 7.83347 7.83674 7.83734 7.83416 7.83194 7.83146 7.83257 7.83323 7.83368 7.83578 7.83534 7.83376 7.82995 7.83343 7.82663 7.81698 7.77482 7.74283 7.76752 7.76104 7.77828 7.81212 7.82785 7.83273 7.83388 7.83360 7.83266 7.83226 7.83117 7.83290 7.83096 7.82907 7.83026 7.82695 7.79569 7.75468 7.79519 7.81115 7.82165 7.82229 7.82350 7.82464
7.83673 7.83217 7.82992 7.83625 7.84316 7.84645 7.84738 7.84745 7.84742 7.84722 7.84644 7.84429 7.84065 7.83816 7.83752 7.83753 7.83743 7.83726 7.83800 7.84026 7.84209 7.84030 7.83657 7.83281 7.83188 7.83530 7.83924 7.83729 7.83329 7.83040 7.83022 7.83175 7.83148 7.83344 7.83633 7.83680 7.83291 7.82220 7.79787 7.80244 7.80518 7.78480 7.80865 7.80974 7.81053 7.81953 7.82723 7.83160 7.83320 7.83353 7.83303 7.83153 7.83084 7.83239 7.83090 7.83017 7.82996 7.83018 7.82397 7.80766 7.81172 7.81930 7.81969 7.82179 7.82174 7.81353
7.82954 7.82089 7.82404 7.83157 7.83691 7.84252 7.84512 7.84568 7.84581 7.84557 7.84453 7.84184 7.83899 7.83818 7.83848 7.83854 7.83781 7.83656 7.83597 7.83708 7.83928 7.84064 7.83979 7.83721 7.83405 7.83360 7.83757 7.83885 7.83581 7.83169 7.82925 7.83012 7.83111 7.83166 7.83379 7.83437 7.82868 7.80080 7.79988 7.78371 7.80351 7.81536 7.82118 7.82520 7.82053 7.81925 7.82720 7.83239 7.83333 7.83127 7.83077 7.83064 7.83155 7.83204 7.83230 7.83135 7.82956 7.83011 7.82893 7.82486 7.81872 7.81978 7.82184 7.82099 7.81466 7.81157
7.82176 7.81714 7.82895 7.83328 7.83344 7.83571 7.83794 7.84072 7.84250 7.84266 7.84139 7.83938 7.83868 7.83927 7.83982 7.83895 7.83703 7.83469 7.83282 7.83255 7.83429 7.83679 7.83828 7.83807 7.83592 7.83403 7.83579 7.83864 7.83793 7.83432 7.82995 7.82817 7.82899 7.83029 7.83132 7.83167 7.83080 7.81443 7.77233 7.79504 7.81170 7.82297 7.82178 7.82584 7.82014 7.82187 7.82813 7.83176 7.83098 7.82891 7.82887 7.82925 7.83088 7.83040 7.83026 7.83015 7.82887 7.82951 7.82984 7.82771 7.82515 7.82433 7.82530 7.82385 7.81759 7.79563
7.82256 7.81656 7.82673 7.83516 7.83737 7.83465 7.83244 7.83452 7.83811 7.83962 7.83932 7.83912 7.83976 7.84078 7.84064 7.83901 7.83722 7.83495 7.83220 7.83016 7.83057 7.83267 7.83461 7.83615 7.83684 7.83531 7.83463 7.83722 7.83864 7.83668 7.83222 7.82764 7.82657 7.82825 7.82909 7.82869 7.82774 7.80350 7.74063 7.75175 7.75372 7.79973 7.81775 7.82038 7.82284 7.82473 7.82877 7.83017 7.82762 7.82094 7.82048 7.82557 7.82933 7.82945 7.82707 7.82755 7.82748 7.82984 7.83018 7.82738 7.82787 7.82800 7.82682 7.82712 7.82111 7.79477
7.83109 7.82020 7.82128 7.82916 7.83496 7.83660 7.83757 7.83598 7.83821 7.84024 7.84060 7.84059 7.84107 7.84140 7.84044 7.83987 7.83916 7.83779 7.83563 7.83255 7.83012 7.83079 7.83195 7.83365 7.83627 7.83555 7.83330 7.83539 7.83805 7.83708 7.83386 7.82807 7.82508 7.82790 7.83026 7.82862 7.81548 7.75617 7.72755 7.69743 7.68715 7.75057 7.80858 7.81261 7.82116 7.82605 7.82761 7.82622 7.81741 7.80085 7.80512 7.81417 7.82410 7.82549 7.82690 7.82568 7.82555 7.82788 7.82901 7.82746 7.82744 7.82618 7.82653 7.82812 7.82393 7.80878
7.83809 7.83048 7.82432 7.82524 7.82827 7.83012 7.83136 7.83506 7.83886 7.84096 7.84141 7.84124 7.84127 7.84065 7.84045 7.84080 7.84035 7.83953 7.83845 7.83662 7.83340 7.83146 7.83110 7.83068 7.83271 7.83462 7.83178 7.83314 7.83648 7.83603 7.83319 7.82632 7.82221 7.82604 7.83033 7.83099 7.82440 7.79222 7.69381 7.66792 7.67678 7.71462 7.77915 7.74931 7.79827 7.82082 7.82528 7.82203 7.80916 7.80202 7.80638 7.80950 7.82251 7.82422 7.82644 7.82620 7.82642 7.82640 7.82835 7.82613 7.82597 7.82481 7.82389 7.82649 7.82547 7.81507
7.83343 7.83673 7.83188 7.82817 7.82747 7.82826 7.83031 7.83284 7.83512 7.83691 7.83814 7.83930 7.84033 7.83974 7.84009 7.84063 7.84032 7.83979 7.83915 7.83826 7.83658 7.83420 7.83241 7.82931 7.82877 7.83347 7.83132 7.83100 7.83396 7.83376 7.82952 7.82100 7.81893 7.82456 7.82965 7.83197 7.82783 7.81779 7.77438 7.70497 7.67767 7.71571 7.74133 7.70711 7.73151 7.80784 7.82259 7.81986 7.81155 7.81137 7.81570 7.81989 7.82339 7.82365 7.82387 7.82315 7.82623 7.82600 7.82791 7.82518 7.82520 7.82368 7.82316 7.82388 7.82348 7.80875
7.82159 7.83625 7.83797 7.83372 7.83154 7.83186 7.83311 7.83333 7.83343 7.83368 7.83448 7.83632 7.83843 7.83877 7.83943 7.83985 7.83949 7.83898 7.83851 7.83809 7.83739 7.83601 7.83390 7.83002 7.82799 7.83115 7.83209 7.83006 7.82975 7.82863 7.82340 7.81807 7.82079 7.82657 7.82800 7.83050 7.82924 7.82418 7.80927 7.75840 7.70276 7.76492 7.78400 7.71139 7.73958 7.81073 7.82165 7.81549 7.80776 7.81763 7.82180 7.81888 7.82191 7.82445 7.82218 7.82485 7.82399 7.82472 7.82695 7.82559 7.82620 7.82412 7.82077 7.82160 7.82348 7.82063
7.81195 7.82810 7.83796 7.83808 7.83424 7.83419 7.83594 7.83551 7.83473 7.83356 7.83285 7.83449 7.83704 7.83815 7.83876 7.83857 7.83765 7.83620 7.83524 7.83531 7.83562 7.83533 7.83391 7.83140 7.82933 7.83016 7.83223 7.83074 7.82729 7.82505 7.82313 7.82372 7.82404 7.82207 7.82338 7.82534 7.82579 7.82503 7.81278 7.76550 7.76130 7.74628 7.78872 7.75123 7.79551 7.82183 7.81854 7.80766 7.79364 7.80425 7.81770 7.81393 7.82024 7.82310 7.82427 7.82651 7.82462 7.82410 7.82462 7.82424 7.82351 7.82139 7.82038 7.82196 7.82385 7.82317
7.81298 7.82375 7.83523 7.83691 7.83164 7.83245 7.83488 7.83611 7.83541 7.83316 7.83199 7.83380 7.83649 7.83765 7.83762 7.83619 7.83301 7.82949 7.82875 7.83047 7.83247 7.83381 7.83399 7.83280 7.83077 7.82963 7.82994 7.82972 7.82847 7.82772 7.82844 7.82933 7.82606 7.82357 7.82491 7.82230 7.81991 7.82313 7.82313 7.80504 7.77148 7.79332 7.80474 7.80534 7.81517 7.81740 7.81416 7.78093 7.72642 7.78324 7.81543 7.81722 7.81926 7.82375 7.82513 7.82574 7.82465 7.82354 7.82302 7.82219 7.82078 7.82047 7.82129 7.82380 7.82318 7.82173
7.81846 7.82692 7.83252 7.83151 7.82931 7.82878 7.83206 7.83523 7.83344 7.83051 7.83018 7.83286 7.83574 7.83674 7.83603 7.83290 7.82844 7.82682 7.82774 7.82893 7.83088 7.83288 7.83405 7.83349 7.83154 7.82933 7.82768 7.82703 7.82768 7.82916 7.83039 7.83047 7.82861 7.82797 7.82836 7.82342 7.81613 7.81701 7.82333 7.81944 7.80829 7.80811 7.81199 7.81461 7.80300 7.78158 7.78396 7.73002 7.70515 7.72258 7.80142 7.81672 7.82279 7.82502 7.82473 7.82384 7.82364 7.82346 7.82247 7.82182 7.82317 7.82393 7.82381 7.82274 7.82192 7.81967
7.82452 7.82711 7.82849 7.82887 7.82844 7.82831 7.82973 7.83202 7.82971 7.82699 7.82781 7.83119 7.83398 7.83552 7.83537 7.83205 7.82708 7.82708 7.82944 7.82976 7.83068 7.83201 7.83304 7.83304 7.83183 7.82972 7.82706 7.82496 7.82519 7.82715 7.82913 7.83017 7.82931 7.82765 7.82777 7.82467 7.81583 7.81087 7.81697 7.82216 7.81938 7.81238 7.81603 7.80409 7.76593 7.76980 7.73761 7.70992 7.72679 7.72071 7.79679 7.81813 7.82115 7.82183 7.82159 7.82191 7.82232 7.82177 7.82173 7.82284 7.82372 7.82342 7.82227 7.82098 7.81853 7.81100
7.82605 7.82387 7.82311 7.82310 7.82243 7.82282 7.82864 7.82793 7.82556 7.82335 7.82514 7.82870 7.83110 7.83380 7.83501 7.83374 7.82908 7.82553 7.82716 7.82943 7.83080 7.83113 7.83103 7.83096 7.83065 7.82970 7.82754 7.82443 7.82368 7.82555 7.82759 7.82898 7.82952 7.82754 7.82627 7.82490 7.81782 7.80626 7.80747 7.81756 7.82007 7.81821 7.81681 7.81376 7.78855 7.74547 7.73930 7.73525 7.70085 7.74854 7.80142 7.81626 7.81717 7.81812 7.81887 7.82084 7.82049 7.82020 7.82139 7.82174 7.82166 7.82133 7.81781 7.80906 7.80888 7.78271
7.83064 7.82625 7.82251 7.81967 7.81826 7.81764 7.81965 7.82565 7.82192 7.81915 7.82196 7.82540 7.82686 7.83102 7.83399 7.83409 7.83218 7.82842 7.82769 7.82925 7.82974 7.82879 7.82784 7.82739 7.82715 7.82669 7.82495 7.82128 7.82020 7.82422 7.82707 7.82765 7.82819 7.82720 7.82492 7.82200 7.81796 7.81127 7.80258 7.81080 7.81691 7.81816 7.81638 7.81556 7.80638 7.78370 7.77631 7.77579 7.74587 7.79518 7.81054 7.81590 7.81794 7.81848 7.81811 7.82037 7.82130 7.82124 7.81940 7.81970 7.81987 7.81604 7.79584 7.75466 7.77235 7.78217
7.83386 7.83062 7.82567 7.82115 7.81955 7.81919 7.81795 7.82351 7.81729 7.81473 7.81962 7.82381 7.82256 7.82712 7.83254 7.83327 7.83189 7.82815 7.82493 7.82474 7.82508 7.82498 7.82470 7.82434 7.82370 7.82223 7.81891 7.81440 7.81610 7.82256 7.82656 7.82662 7.82600 7.82575 7.82396 7.81963 7.81751 7.81763 7.80635 7.80941 7.81537 7.81510 7.81770 7.81751 7.81026 7.79911 7.76201 7.76560 7.75933 7.80622 7.81519 7.81773 7.81983 7.81863 7.82014 7.81932 7.82070 7.82124 7.81941 7.81782 7.81717 7.80290 7.74451 7.76372 7.74912 7.78279
7.83260 7.83006 7.82655 7.82370 7.82032 7.81558 7.81681 7.82262 7.81393 7.81254 7.82105 7.82574 7.82087 7.82334 7.83018 7.83146 7.82886 7.82217 7.81909 7.82081 7.82235 7.82342 7.82402 7.82413 7.82368 7.82182 7.81788 7.81552 7.81818 7.82042 7.82473 7.82554 7.82363 7.82318 7.82166 7.81679 7.81662 7.81789 7.81062 7.80947 7.81360 7.81589 7.81698 7.81811 7.81564 7.81077 7.79144 7.76299 7.79383 7.80417 7.81347 7.81500 7.81612 7.81578 7.81754 7.81707 7.81674 7.81577 7.81784 7.81623 7.81295 7.78888 7.74204 7.73433 7.78806 7.80238
7.83032 7.82787 7.82595 7.82546 7.81974 7.81145 7.81746 7.82020 7.81066 7.81317 7.82350 7.82516 7.82198 7.82233 7.82457 7.82623 7.82444 7.81849 7.81960 7.82290 7.82427 7.82529 7.82615 7.82649 7.82629 7.82476 7.82165 7.82044 7.81982 7.82036 7.82497 7.82406 7.82045 7.82053 7.81957 7.81617 7.81602 7.81755 7.81536 7.81181 7.81082 7.81346 7.81655 7.81848 7.81871 7.81661 7.80968 7.80000 7.78867 7.75116 7.78918 7.80992 7.80983 7.80030 7.80732 7.80872 7.80122 7.80048 7.81103 7.81341 7.79893 7.77031 7.76773 7.76329 7.80292 7.80110
7.82853 7.82630 7.82526 7.82609 7.82114 7.81260 7.81670 7.82043 7.80993 7.81251 7.81799 7.81962 7.82238 7.82495 7.82189 7.82326 7.82522 7.81996 7.81769 7.82191 7.82575 7.82684 7.82682 7.82598 7.82465 7.82320 7.82130 7.82042 7.82001 7.82261 7.82488 7.82123 7.81752 7.82039 7.81920 7.81678 7.81745 7.81911 7.81857 7.81474 7.80933 7.81106 7.81506 7.81496 7.81536 7.81720 7.81708 7.80150 7.75217 7.75829 7.74443 7.79457 7.78659 7.74313 7.78367 7.77905 7.76556 7.78814 7.79795 7.79650 7.77404 7.77556 7.76986 7.79754 7.80929 7.80667
7.82622 7.82516 7.82549 7.82694 7.82239 7.81578 7.81712 7.82134 7.81443 7.80921 7.81261 7.81750 7.82072 7.82001 7.81597 7.81830 7.82222 7.81994 7.81467 7.81593 7.82206 7.82317 7.82189 7.82061 7.81989 7.81931 7.81835 7.81891 7.82096 7.82316 7.82297 7.81902 7.81784 7.82109 7.81992 7.81837 7.81955 7.82131 7.82048 7.81646 7.81136 7.80954 7.80923 7.80885 7.81236 7.81372 7.81741 7.81386 7.79077 7.74964 7.78892 7.79653 7.74534 7.75293 7.73441 7.70687 7.70139 7.75341 7.79120 7.77275 7.76459 7.72432 7.77304 7.80391 7.80561 7.80360
7.82343 7.82366 7.82667 7.82826 7.82375 7.81869 7.81764 7.81773 7.81735 7.81702 7.81873 7.82105 7.82094 7.81885 7.81632 7.81849 7.82104 7.82193 7.81752 7.81269 7.81567 7.81748 7.81801 7.81896 7.82068 7.82025 7.81813 7.81808 7.82009 7.82206 7.82134 7.81925 7.81925 7.81987 7.81933 7.81925 7.82047 7.82189 7.82094 7.81717 7.81229 7.80836 7.80695 7.80672 7.80785 7.81266 7.81528 7.81604 7.81164 7.80107 7.80952 7.79998 7.77874 7.72209 7.71702 7.69532 7.68857 7.73226 7.79517 7.78520 7.70120 7.69475 7.71897 7.79127 7.80332 7.80133
7.82393 7.82576 7.82721 7.82774 7.82449 7.81977 7.81613 7.81120 7.80881 7.80984 7.80931 7.80832 7.81044 7.81453 7.81237 7.81288 7.81424 7.81682 7.81881 7.81785 7.81609 7.81785 7.82027 7.82202 7.82373 7.82276 7.82034 7.81885 7.81887 7.81965 7.81977 7.81956 7.81961 7.81886 7.81867 7.81938 7.82036 7.82110 7.82029 7.81692 7.81143 7.80594 7.80256 7.80155 7.80312 7.80834 7.81193 7.81328 7.81383 7.81387 7.81351 7.80660 7.79466 7.79002 7.78338 7.73200 7.70848 7.77607 7.79913 7.79645 7.73116 7.69975 7.73052 7.79363 7.80415 7.80332
7.82276 7.82196 7.82422 7.82624 7.82453 7.81946 7.81397 7.80964 7.80787 7.80738 7.80739 7.80819 7.80581 7.80890 7.81284 7.81465 7.81680 7.81599 7.81598 7.81747 7.82025 7.82209 7.82387 7.82438 7.82394 7.82313 7.82171 7.82018 7.81879 7.81812 7.81847 7.81947 7.81981 7.81918 7.81936 7.81986 7.82023 7.82009 7.81887 7.81558 7.81055 7.80515 7.80028 7.79556 7.79166 7.79373 7.80618 7.80959 7.81190 7.81187 7.81216 7.81005 7.80779 7.80697 7.80296 7.76959 7.71301 7.75488 7.79716 7.80234 7.78122 7.74283 7.77920 7.80398 7.80649 7.80578
