mrvbf_slope0.6_pctl1.1.asc
NCOLS 410
NROWS 410
XLLCORNER 2398750.0000000000000000
YLLCORNER 2548750.0000000000000000
CELLSIZE 250.0000000000000000
NODATA_VALUE -99999.00000
[rows 174 to 202 of 410, columns 132 to 197 of 410]
1.15814 1.91614 2.53593 2.86991 2.88950 2.81692 2.74226 2.54698 2.88097 3.54730 4.77558 5.05501 4.23558 4.09437 4.16721 3.86514 4.07860 5.15464 5.46890 5.22656 4.50004 4.44766 4.77842 5.11130 5.29170 5.36352 5.32539 4.72609 4.48441 4.92205 5.04314 5.03741 5.21391 4.79663 4.39145 4.45736 4.96270 5.39246 5.51631 5.52544 5.49250 5.43419 4.97041 4.45404 4.43697 4.57575 4.50139 4.35023 4.32075 4.37149 4.41647 4.38325 4.37376 4.77576 4.82934 4.61628 4.80833 5.20593 5.37839 5.41435 5.50094 5.40223 5.36490 5.17919 4.98180 5.05501
1.62507 2.23253 2.64023 2.86891 2.86024 2.93952 3.16880 2.93304 2.83884 3.43846 4.46938 5.05776 4.30740 4.19450 4.62345 3.96192 3.89790 4.64083 5.37526 5.40075 5.05593 4.66565 4.54996 4.67265 5.02564 5.02323 4.85571 4.50069 4.85517 5.14755 5.16049 5.14195 5.20970 4.69984 4.34385 4.54956 5.16187 5.45468 5.47065 5.40797 5.36914 5.30015 4.71788 4.34837 4.47298 4.75979 4.76671 4.66220 4.74554 4.90417 4.93948 4.73929 4.54964 4.70576 4.59489 4.66070 4.74425 5.07670 5.40781 5.44275 5.48114 5.41787 5.39574 5.25125 5.00317 4.73925
1.72114 2.27552 2.59589 2.84643 2.90952 3.04904 3.28088 3.02872 2.89802 3.44116 4.40696 5.03474 4.27696 4.21703 4.82788 4.14627 3.89293 4.20757 4.94160 5.08350 5.02231 5.07540 4.79732 4.17300 4.13832 4.50606 4.73693 4.83161 5.25576 5.22141 5.22874 5.09283 5.15056 4.78536 4.46505 4.58742 5.07063 5.29365 5.14512 4.88359 4.77865 4.82742 4.48458 4.39105 4.68538 4.89157 4.71840 4.59813 4.89037 5.28314 5.18277 4.82461 4.78631 5.11575 4.99574 5.16119 4.93284 5.17318 5.44936 5.44467 5.41516 5.38659 5.39069 5.30433 5.25161 4.92592
1.82222 2.21121 2.53984 2.83644 2.99135 3.05056 3.09672 2.86510 2.97506 3.52749 4.55896 4.89785 4.13016 4.20471 4.55891 4.14622 4.03721 4.35746 4.70857 4.70559 4.77214 4.97166 4.92968 3.95873 3.87850 4.35117 4.95756 5.03957 5.25392 5.18053 5.26760 5.04461 5.02609 4.81720 4.71540 4.77443 4.91452 4.93189 4.67333 4.45995 4.29075 4.32827 4.32465 4.48811 4.92621 5.15439 4.90753 4.53374 4.74510 5.30147 5.13494 4.71162 4.75172 5.07223 4.96065 5.19867 5.03724 5.29685 5.41970 5.31379 5.20433 5.14272 5.30197 5.31266 5.29697 5.15972
2.16895 2.34418 2.54554 2.75533 2.96312 3.00926 2.98981 2.89553 3.28200 3.79608 4.78356 4.49980 4.04111 4.32052 4.21817 4.01437 4.23485 4.78572 4.83901 4.80247 4.78535 4.83837 5.10481 4.49570 3.87386 3.99695 4.41285 4.69992 4.96993 5.04909 5.24244 5.04285 4.90235 4.92891 5.11525 5.19467 5.04714 4.86650 4.67141 4.57236 4.46464 4.33868 4.42470 4.72419 5.10629 5.21723 5.18257 4.64431 4.62128 5.20463 5.10276 4.70389 4.83948 5.16696 4.96331 5.02956 5.11031 5.38119 5.37743 5.14966 5.18661 5.05700 5.19554 5.35571 5.37764 5.20223
2.19298 2.40431 2.57137 2.73058 2.95245 3.10477 3.19471 3.23830 3.48471 3.93858 4.25397 3.92962 3.90927 4.44525 4.29880 4.09449 4.30260 4.81886 4.99859 4.85998 4.82560 4.95403 5.00108 4.88388 4.52589 4.25451 4.29701 4.57566 4.87405 5.11501 5.34199 5.30138 5.21113 5.26101 5.36092 5.36593 5.22515 5.06531 4.97379 4.78710 4.65016 4.58791 4.68422 5.03484 5.16063 5.32628 5.35724 4.86614 4.60133 5.05731 5.14742 4.74191 4.79723 5.21724 5.18809 5.11314 5.32675 5.49019 5.42013 5.12314 5.07918 5.24057 5.29246 5.41118 5.41576 5.18052
2.07574 2.41030 2.56466 2.63540 2.74213 2.97056 3.23509 3.30210 3.43317 3.61698 3.67373 3.66626 3.77904 4.19621 4.28563 4.09241 4.09205 4.56306 5.17854 5.21069 4.99645 4.76445 4.50382 4.42998 4.49431 4.50203 4.44928 4.71882 5.07675 5.28709 5.36659 5.30427 5.22703 5.29895 5.32006 5.15907 4.98453 4.98745 5.02784 4.83050 4.50656 4.49301 4.71842 4.92103 5.18194 5.44156 5.43237 5.01895 4.60075 4.85172 5.13659 4.70260 4.61588 5.03114 5.33379 5.34266 5.44738 5.50733 5.45237 5.21778 5.10636 5.31793 5.36683 5.45166 5.44843 5.23012
1.79472 2.07657 2.39488 2.52822 2.59905 2.75338 3.07525 3.27257 3.39446 3.53765 3.60077 3.66499 3.81937 3.88257 3.86939 3.85765 4.02562 4.64737 5.08976 4.89449 4.45516 4.25990 4.25919 4.28437 4.31650 4.32122 4.43500 4.65446 5.09289 5.05463 4.73350 4.35315 4.20100 4.47214 4.73152 4.75556 4.75102 4.80649 4.61527 4.29764 4.16776 4.47450 4.78679 4.76185 5.05440 5.41890 5.31995 4.70336 4.44402 4.75634 5.14178 4.66315 4.43807 4.72109 5.18236 5.15408 5.22110 5.31815 5.27464 4.99378 4.93836 5.18979 5.28601 5.41206 5.41416 5.14493
2.28341 1.96171 2.32126 2.57928 2.79027 2.96520 3.18036 3.36880 3.48609 3.60002 3.66837 3.76119 3.82852 3.72960 3.73603 3.85381 4.21813 4.53678 4.27301 4.03688 3.99686 4.18907 4.48213 4.63114 4.47707 4.33995 4.38268 4.66503 4.77917 4.42280 4.11074 3.92827 3.95009 4.06776 4.43591 4.84044 5.02898 4.93785 4.48574 4.23257 4.39492 4.85765 4.95315 4.76996 4.94065 5.29332 4.95165 4.47268 4.50361 4.89954 5.19765 4.80925 4.38633 4.46509 4.72418 4.78821 4.88607 5.03580 5.01797 4.81132 4.91314 5.02999 5.07819 5.26117 5.17333 4.69759
2.41426 2.18121 2.29623 2.56590 2.88446 3.18364 3.30836 3.41328 3.55418 3.72387 3.73716 3.76450 3.71776 3.68910 3.76821 3.91804 3.90879 3.82381 3.78264 3.80876 3.96144 4.42560 4.84778 4.67172 4.39410 4.45032 4.63487 4.59470 4.46505 4.23344 4.16879 4.26176 4.40528 4.34201 4.48134 4.83891 4.96838 4.84548 4.59662 4.49580 4.50357 4.63553 4.67698 4.71308 5.05609 5.33563 4.91160 4.51044 4.54480 4.62263 4.71703 4.85252 4.62399 4.42823 4.47154 4.60208 4.75262 4.95695 5.08887 4.97896 5.15028 5.07319 5.00822 5.10535 4.76171 4.46966
2.42711 2.22692 2.27455 2.57724 3.04146 3.30066 3.33544 3.41144 3.57808 3.70565 3.66854 3.66867 3.62825 3.66674 3.86468 3.82151 3.71956 3.70216 3.72700 3.79136 3.95241 4.34083 4.60703 4.19959 4.14607 4.30578 4.38451 4.39108 4.36267 4.33798 4.49559 4.59706 4.62464 4.67187 4.62443 4.64024 4.69678 4.78230 4.89778 4.76661 4.67227 4.82340 4.91223 5.00405 5.34796 5.45549 5.20187 4.71851 4.62291 4.60725 4.58894 4.66092 4.95663 4.65543 4.48476 4.53185 4.64857 4.88622 5.22798 5.13722 5.24571 5.14240 5.04424 4.99172 4.58714 4.46899
2.34474 2.16934 2.37622 2.65254 3.02945 3.20613 3.27669 3.36554 3.54910 3.63651 3.61000 3.63957 3.56818 3.64709 3.83302 3.74881 3.71215 3.74349 3.78490 3.82329 3.87111 4.06821 4.03733 3.89204 4.11230 4.34264 4.32003 4.46617 4.41219 4.50219 4.78631 4.92837 4.97444 5.03467 4.81489 4.53294 4.52205 4.73302 4.97921 4.98365 5.02355 5.19709 5.21655 5.19686 5.37638 5.46839 5.35934 5.05897 4.97228 4.96968 4.87582 4.61667 4.65943 4.77793 4.69942 4.57584 4.55353 4.79424 5.21185 5.16393 5.27063 5.10945 5.02160 4.78844 4.51524 4.52367
1.95176 2.19531 2.49960 2.74748 3.01456 3.26629 3.29169 3.34985 3.52052 3.63183 3.60363 3.60964 3.56443 3.68376 3.87411 3.73381 3.72506 3.87477 4.02153 3.90058 3.84517 3.92875 3.81112 3.87026 4.22707 4.52958 4.69674 4.63321 4.49775 4.48142 4.62928 4.79572 5.07601 5.09797 4.85155 4.72198 4.76000 4.87708 5.02042 4.94610 4.75552 4.70220 4.63103 4.60070 4.85530 5.22542 5.08745 4.79680 4.89185 4.95770 4.94649 4.61597 4.48911 4.50005 4.54867 4.46009 4.43930 4.78022 5.04961 5.05085 5.17008 4.94101 4.96756 4.63070 4.47195 4.57523
1.82660 2.35267 2.61162 2.90059 3.12892 3.33392 3.32577 3.37019 3.52857 3.69020 3.64418 3.61822 3.61296 3.73557 3.99930 3.75642 3.70613 3.81046 4.19866 4.08549 3.89798 3.81672 3.81057 4.06570 4.26870 4.52300 4.80863 4.54494 4.23731 4.19421 4.42262 4.59170 4.87627 5.06420 4.91626 4.99165 5.02432 4.97218 5.12790 5.07452 4.69085 4.47024 4.42868 4.43179 4.47018 4.69705 4.62350 4.62630 4.96608 4.93423 5.02492 4.87007 4.56685 4.43484 4.35384 4.37331 4.61479 5.17082 5.22041 5.00008 4.89518 4.87682 4.97161 4.57372 4.38572 4.52372
2.03406 2.53947 2.72343 2.96668 3.20149 3.39348 3.33584 3.36497 3.52541 3.69996 3.72608 3.69069 3.65111 3.71066 3.94628 3.79574 3.70171 3.76116 4.08678 4.31933 4.09312 3.89542 3.99746 4.19587 4.19302 4.51582 4.67701 4.21671 3.90923 4.03011 4.37999 4.46403 4.71342 5.03682 4.99861 5.13901 5.00689 5.01334 5.16573 4.91201 4.63098 4.60783 4.63688 4.51133 4.50908 4.54425 4.45815 4.58622 4.67744 4.92860 5.26458 5.29416 5.07294 4.85226 4.63344 4.70725 5.16725 5.37507 5.28118 4.98816 4.82459 4.98030 5.03578 4.68145 4.39010 4.41928
2.23367 2.62043 2.77637 2.95661 3.22376 3.37200 3.31109 3.33847 3.50476 3.67458 3.76409 3.74087 3.66708 3.66856 3.77039 3.75147 3.69030 3.75257 3.91565 4.01603 4.05375 4.10627 4.20240 4.08939 4.09320 4.32423 4.14295 3.78406 3.72745 4.05279 4.37704 4.35593 4.58632 5.00511 4.98424 5.15414 4.95960 5.07662 5.17191 4.73476 4.58109 4.77852 4.61834 4.53655 4.57549 4.39422 4.35011 4.41193 4.50137 5.01767 5.37870 5.43572 5.39448 5.33458 5.24613 5.27291 5.27360 4.99734 4.70485 4.56817 4.57654 4.68082 4.60647 4.44605 4.28478 4.42065
2.50681 2.69500 2.84151 3.09050 3.30582 3.34209 3.26188 3.28506 3.46398 3.62913 3.69538 3.69860 3.66891 3.64334 3.69369 3.69648 3.70857 3.76322 3.79173 3.79781 3.80030 3.88878 4.20903 4.07360 3.96695 4.00293 3.86227 3.73908 3.92207 4.23714 4.20038 4.22798 4.60085 5.03056 4.90898 4.86711 4.86312 5.04599 5.04330 4.63152 4.55696 4.72031 4.65626 4.67405 4.48008 4.32097 4.34059 4.24977 4.34733 4.92194 5.35761 5.41700 5.43785 5.42780 5.37459 5.18432 4.76959 4.54492 4.47736 4.47665 4.49694 4.50430 4.34002 4.06515 4.05698 4.33533
2.65434 2.79355 2.95806 3.11006 3.21747 3.28626 3.18519 3.16410 3.38212 3.58309 3.65310 3.66433 3.66681 3.62787 3.65462 3.71983 3.71379 3.75389 3.81032 3.81507 3.73980 3.75804 4.12362 4.34448 4.12256 4.11255 4.09126 4.02093 4.14918 4.14315 4.06910 4.31364 4.84280 5.20470 5.02570 4.76690 4.83297 4.75915 4.61251 4.44776 4.52399 4.67974 4.77721 4.75160 4.45862 4.33534 4.37187 4.09032 4.24550 4.77563 5.23155 5.27823 5.27711 5.29866 5.13735 4.71804 4.50557 4.50944 4.59984 4.52081 4.53491 4.45410 4.10867 3.86356 3.99823 4.28173
2.75578 2.88319 3.04716 3.08853 3.06385 3.12062 3.08529 2.99481 3.20997 3.51709 3.59778 3.60130 3.62561 3.59949 3.59526 3.66676 3.72489 3.77262 3.86352 3.86876 3.73938 3.71811 3.94517 4.42568 4.53560 4.61611 4.50333 4.26123 4.14379 4.15068 4.29712 4.52628 4.87524 5.18597 5.08229 4.66430 4.44909 4.34444 4.23919 4.18988 4.36052 4.52519 4.76819 4.73194 4.30821 4.14240 4.26710 3.84415 3.98295 4.54780 4.82621 4.65592 4.68615 4.80714 4.72007 4.48712 4.43245 4.58030 4.62339 4.58847 4.63707 4.35518 3.83078 3.84875 4.10655 4.32078
2.74100 2.81582 2.88069 2.90061 2.86514 2.94020 3.07356 2.93707 3.02106 3.43165 3.52691 3.54780 3.60807 3.58779 3.53226 3.54889 3.60861 3.61645 3.63935 3.68781 3.70286 3.72019 3.94909 4.35730 4.69599 4.75820 4.67383 4.57892 4.45534 4.53403 4.66669 4.53856 4.57932 4.77063 4.74941 4.38652 4.20629 4.14829 4.10111 4.16698 4.26540 4.30567 4.52090 4.43200 3.89351 3.96434 4.22422 3.72311 3.48801 4.13308 4.31126 3.77647 3.98822 4.30006 4.30763 4.21375 4.38615 4.61940 4.62219 4.60629 4.58116 4.22587 3.67671 3.94908 4.35830 4.45759
2.58687 2.65565 2.69620 2.72048 2.73623 2.85680 3.07997 2.91002 2.96497 3.40630 3.49906 3.53590 3.63215 3.61394 3.50298 3.34994 3.37252 3.40568 3.47971 3.57370 3.67467 3.77195 3.90208 4.22519 4.43557 4.59291 4.64884 4.89533 4.95078 4.89346 4.67691 4.57830 4.43122 4.42568 4.48482 4.20953 3.95347 3.98089 4.12630 4.29780 4.23745 4.17104 4.37733 4.11348 3.70554 4.19922 4.38632 4.02730 3.57531 3.30062 3.19016 3.00537 3.20166 3.60864 3.74216 3.97041 4.34817 4.56174 4.63678 4.64445 4.58485 4.28178 3.84981 4.05594 4.41013 4.48933
1.93533 2.25388 2.43076 2.55293 2.65027 2.81109 2.91250 2.81156 2.95361 3.41176 3.50916 3.48428 3.55438 3.56201 3.40097 2.67242 2.93368 3.35626 3.50526 3.56901 3.66882 3.86028 3.97137 4.04801 4.40496 4.61450 4.53964 4.60019 4.70292 4.75280 4.63396 4.63308 4.43951 4.23716 4.15793 3.91324 3.70181 3.79555 4.11806 4.26327 4.01399 4.10148 4.41683 4.08203 3.81774 4.25615 4.44982 4.28860 4.31837 3.79186 3.04882 3.66997 3.60235 3.53500 3.66853 4.05735 4.29483 4.41882 4.59436 4.72531 4.61892 4.38097 4.05973 4.17997 4.38040 4.44367
1.06992 1.50949 1.61871 2.13207 2.52309 2.72757 2.75798 2.72126 2.86586 3.37718 3.52204 3.45892 3.44790 3.32597 2.17961 1.04228 2.09573 3.44076 3.60632 3.61888 3.67801 3.86686 4.17843 4.10619 4.38627 4.75171 4.71857 4.63930 4.66350 4.69955 4.67769 4.58968 4.40651 4.09020 3.81525 3.62790 3.57509 3.74376 4.07726 4.06961 3.70700 3.87260 4.17613 3.92110 3.88302 4.29296 4.43390 4.34893 4.40236 3.95245 3.37923 3.92417 3.86877 3.86817 4.06867 4.14551 4.06972 4.32291 4.57058 4.59986 4.52233 4.40877 4.25865 4.27981 4.47061 4.53321
0.53901 0.58785 0.70778 1.37047 2.09636 2.55962 2.63918 2.63272 2.70182 3.16817 3.47964 3.37483 3.17973 2.31405 0.72254 0.51843 1.05997 2.97263 3.56099 3.62079 3.68661 3.88194 4.17998 4.10484 4.43331 4.68242 4.72133 4.55776 4.67714 4.81132 4.59964 4.38443 4.22599 3.95983 3.70926 3.58622 3.59217 3.77527 4.04451 3.90259 3.44132 3.28816 3.47038 3.60803 3.96961 4.33398 4.40381 4.35840 4.35512 3.93672 3.78297 4.26163 4.28755 4.31114 4.34937 4.13492 3.88534 4.14551 4.34084 4.31567 4.35826 4.41004 4.37882 4.27908 4.43760 4.60404
0.44156 0.47701 0.53347 0.73723 1.57968 2.10085 2.46889 2.54193 2.60624 2.91462 3.42426 3.25211 2.97125 2.13540 0.72455 0.95169 1.40025 2.74538 3.50881 3.60091 3.69440 3.95311 4.09856 4.02125 4.25082 4.35567 4.40089 4.47094 4.79358 4.83930 4.46140 4.21658 4.06813 3.89167 3.74103 3.66978 3.65310 3.80398 3.96004 3.75055 3.43710 3.26835 3.48945 3.84739 4.14250 4.33035 4.36941 4.37259 4.34212 4.21552 4.27966 4.41489 4.47328 4.51060 4.51786 4.35208 4.00115 3.71682 3.81651 4.04783 4.25075 4.35128 4.36528 4.33724 4.47295 4.57333
0.36013 0.40743 0.47553 0.54596 1.10093 1.61696 2.24553 2.41776 2.50247 2.68979 3.26444 3.06781 2.79139 2.65548 2.20383 3.03591 3.25461 3.34468 3.50097 3.57991 3.71608 4.05668 3.99725 3.90211 4.12467 4.28619 4.26691 4.35723 4.68714 4.61339 4.27542 4.10512 4.03759 3.85783 3.69597 3.66076 3.65464 3.82402 3.95356 3.92210 3.85185 3.78692 4.12330 4.29888 4.29948 4.37752 4.33118 4.37167 4.42753 4.47403 4.49548 4.51450 4.56057 4.62725 4.60339 4.50618 4.38831 4.17652 4.11343 4.24364 4.30305 4.33354 4.36337 4.40760 4.49929 4.51878
0.30302 0.41126 0.51937 0.58020 0.83430 1.56050 2.02628 2.29434 2.35483 2.47193 2.76115 2.84533 2.82586 2.52446 1.16750 1.99841 2.27015 2.70857 3.37985 3.58618 3.77128 4.04989 3.86228 3.81163 4.02157 4.11886 4.15003 4.27091 4.41228 4.26182 4.04949 4.02763 4.08058 3.91561 3.58040 3.39914 3.53656 3.93283 4.17661 4.28256 4.18199 4.07893 4.23887 4.39736 4.41464 4.45774 4.46512 4.45803 4.50249 4.53170 4.55188 4.58231 4.61113 4.60804 4.55160 4.48564 4.46596 4.48122 4.47109 4.43229 4.38911 4.38488 4.42184 4.48448 4.52960 4.54480
0.23001 0.39094 0.54287 0.61790 0.83095 1.53524 1.81614 2.20997 2.24492 2.25461 2.39611 2.77036 3.18944 2.95620 1.39500 1.11574 2.16332 2.48968 3.33292 3.60752 3.83188 3.93962 3.78117 3.80658 4.05322 4.02539 4.10549 4.27011 4.23163 4.06633 3.95664 3.93574 3.86727 3.68954 3.46063 3.32490 3.63013 4.15868 4.40930 4.46408 4.34654 4.21270 4.15687 4.23504 4.38279 4.52226 4.55311 4.51592 4.48717 4.45028 4.45140 4.46489 4.48738 4.49387 4.46913 4.44746 4.42359 4.47372 4.50052 4.47977 4.44879 4.44343 4.47267 4.51159 4.54309 4.58926
0.22131 0.35493 0.49747 0.60337 0.78572 1.24816 1.60532 2.01730 2.25463 2.24962 2.29927 2.74245 3.36871 3.41319 2.90435 1.71242 2.49205 2.95572 3.44499 3.62177 3.81272 3.88189 3.78169 3.84765 4.13835 4.20492 4.18909 4.32293 4.20368 4.09119 3.99860 3.95025 3.83533 3.67545 3.56108 3.59827 3.83680 4.28204 4.52687 4.61282 4.53308 4.41734 4.33132 4.25418 4.29280 4.39747 4.46637 4.43436 4.38187 4.35239 4.35760 4.38449 4.42188 4.45920 4.47792 4.49109 4.47625 4.49424 4.51548 4.51326 4.50502 4.50983 4.52702 4.55099 4.58623 4.65718
