mrvbf_slope0.5_pctl0.8.asc
NCOLS 410
NROWS 410
XLLCORNER 2398750.0000000000000000
YLLCORNER 2548750.0000000000000000
CELLSIZE 250.0000000000000000
NODATA_VALUE -99999.00000
[rows 145 to 173 of 410, columns 0 to 65 of 410]
-99999.00000 -99999.00000 -99999.00000 -99999.00000 -99999.00000 3.00810 2.97536 3.15759 3.56447 3.71659 3.04977 3.59016 4.53571 4.79395 4.60023 4.38058 4.61302 5.24874 5.38270 5.00780 4.42582 4.44201 3.53423 2.41373 2.17855 1.96683 2.23790 2.28246 2.13557 2.76912 2.45701 1.48361 2.11396 2.50540 2.44811 2.37203 2.97439 3.15910 3.11541 2.70889 2.39613 2.29023 2.39588 2.53257 2.67720 2.95190 3.34868 3.24602 3.17375 3.54612 3.42643 3.32872 3.32342 3.33942 3.40035 3.55922 3.66314 3.57400 3.52012 3.14720 2.87780 2.55375 2.31097 2.53480 2.58388 2.18931
-99999.00000 -99999.00000 -99999.00000 -99999.00000 -99999.00000 3.38468 3.05713 2.89773 3.20433 3.69210 3.38684 4.06394 4.38964 5.09737 5.22031 5.34667 5.41939 5.50725 5.52306 5.42265 5.26491 5.19000 3.91605 2.63148 2.59339 2.02206 2.24347 2.59713 2.75580 3.08280 2.54280 2.26828 2.27543 2.49347 2.41712 2.32565 3.30764 3.47175 3.77963 3.57985 3.08957 2.59839 2.48183 2.55395 2.70274 2.88247 2.96979 2.98316 3.12578 3.68234 3.84091 3.66965 3.54343 3.38327 3.23207 3.29395 3.41777 3.42869 3.12363 3.03392 3.04246 2.70963 2.44138 2.91989 3.47619 3.07461
-99999.00000 -99999.00000 -99999.00000 -99999.00000 -99999.00000 3.38292 2.92663 2.69546 3.00384 3.00302 2.67275 3.43707 4.27512 4.76205 5.16139 5.43428 5.53199 5.52450 5.41206 5.07988 4.63579 4.77204 3.36618 2.09497 1.71284 1.51529 2.10278 3.24167 3.41380 3.08837 2.79972 2.98155 2.58260 2.30922 2.51415 2.17713 2.78975 3.21425 3.14649 2.64220 2.24823 2.13720 2.18723 2.35284 2.66154 2.92981 2.75065 2.70065 3.09356 3.77717 4.21788 4.21560 3.99927 3.50265 3.18114 3.17271 3.51680 3.27168 3.15930 3.26275 3.42864 3.00666 2.43796 2.57157 3.32952 3.65959
-99999.00000 -99999.00000 -99999.00000 -99999.00000 -99999.00000 3.41041 3.13804 2.75505 2.86641 2.42280 2.26742 3.37525 4.00258 4.13359 4.45104 5.00607 5.34122 5.26223 4.50443 3.53533 3.39214 3.62930 2.65582 1.52901 1.04723 0.95305 1.62296 3.02818 3.58710 2.98667 3.16409 3.09758 2.49756 2.21655 2.29467 2.08421 2.07786 2.56876 2.12865 1.51724 1.29403 1.52113 1.80157 2.05095 2.41445 2.78579 2.75905 2.90467 3.30025 3.84506 4.37189 4.62701 4.20915 3.49655 3.25234 3.31341 3.47879 3.40414 3.40347 3.55400 3.69328 3.57584 2.87588 2.42972 2.82759 3.55915
-99999.00000 -99999.00000 -99999.00000 -99999.00000 -99999.00000 3.05921 3.03715 2.67849 2.66208 2.35274 2.56114 3.01525 3.59904 3.98788 3.96646 4.15398 4.45645 4.01817 3.19382 3.03723 3.10075 3.09451 2.49336 1.54976 0.94806 1.07883 1.36020 2.32611 3.57578 3.34178 3.49254 2.81963 2.65822 2.47400 2.13741 2.33115 2.12696 1.76752 1.01202 0.98765 1.04653 1.09321 1.53562 1.90516 2.22226 2.70307 3.15079 3.57935 3.70119 3.98199 4.34128 4.61443 4.15018 3.46040 3.28118 3.42442 3.51442 3.53619 3.64256 3.68852 4.36460 4.52791 3.44739 2.85292 2.72146 3.26393
-99999.00000 -99999.00000 -99999.00000 -99999.00000 -99999.00000 2.98689 3.01888 2.90010 2.89147 2.58229 2.68784 3.37570 3.76057 4.30527 4.21743 3.91048 3.57661 3.20721 3.08499 3.35845 2.94232 3.16669 2.72285 1.80927 1.33026 1.85803 1.68385 2.23731 3.10921 3.49496 3.75602 3.24454 3.35907 3.18782 2.53047 2.35670 2.17051 1.88337 0.80938 0.89774 1.52735 1.26545 1.83109 2.19332 2.31085 2.75140 3.32041 3.64519 3.99002 4.27251 4.27003 4.45773 3.98583 3.45601 3.33400 3.33408 3.33307 3.34565 3.43670 3.54662 3.91652 4.01964 3.54322 3.16774 3.00277 3.17928
-99999.00000 -99999.00000 -99999.00000 -99999.00000 -99999.00000 3.15447 3.20280 2.93598 3.11625 2.97227 2.84271 3.73064 4.08834 4.56015 4.80908 4.31905 3.72206 3.51563 3.50016 3.21242 2.37450 2.54292 2.46604 1.91889 1.98219 3.04490 2.36685 2.47697 2.71839 3.08822 3.83845 3.40925 2.93650 2.68781 2.42283 2.30817 2.15715 1.80278 1.05938 1.15011 1.69011 2.21704 3.03978 3.07182 2.65221 2.73620 3.22126 3.75401 3.83991 3.95517 3.99159 4.15908 3.71425 3.68507 3.44436 3.30510 3.26053 3.24452 3.19877 3.13682 3.16135 3.17240 3.16503 3.24359 3.36239 3.35084
-99999.00000 -99999.00000 -99999.00000 -99999.00000 -99999.00000 2.91878 3.02281 2.63171 2.79196 3.12520 3.43043 3.43749 3.51442 4.40415 4.63437 4.49269 4.45850 4.19031 3.70601 3.28085 2.36628 2.31788 2.38351 1.98643 2.47043 3.40689 2.57248 2.28928 2.19138 2.43394 3.15577 3.07297 2.53526 2.41044 2.12235 2.44161 1.98961 1.80171 2.52822 2.73772 3.24524 3.64248 3.80684 3.57422 2.92599 2.80961 3.23417 3.74990 3.79285 3.50752 3.73711 4.36066 4.09346 3.67633 3.69476 3.55484 3.38899 3.28193 3.16827 3.01042 2.87011 2.84008 2.97559 3.27606 3.63909 3.72263
-99999.00000 -99999.00000 -99999.00000 -99999.00000 -99999.00000 3.08328 3.02784 2.69505 3.03222 3.17751 4.06565 4.04221 3.16254 3.58004 4.04824 4.01868 4.00951 3.68411 2.94415 2.94814 2.83937 2.79797 2.82553 2.19319 2.82421 3.83148 3.12206 2.66026 2.27683 2.19222 2.79031 3.21235 2.59858 2.46333 2.41543 2.28275 2.78984 3.41231 3.96850 4.36258 4.51991 4.39331 4.14852 3.45491 2.90997 2.86358 3.18094 3.35571 3.22884 3.39336 3.95311 4.73935 4.63145 4.13353 4.38429 3.92198 3.49031 3.33501 3.26470 3.18547 3.08882 3.07510 3.11955 3.25962 3.51642 3.92268
-99999.00000 -99999.00000 -99999.00000 -99999.00000 -99999.00000 3.39104 3.29246 2.77850 2.98324 3.04146 3.58491 3.91757 3.57440 3.14474 3.43934 3.77436 4.08305 3.91521 3.10250 2.79982 2.85204 3.16883 2.55930 2.04196 2.95835 4.19570 3.91117 3.68016 2.87592 2.56826 3.06551 3.26988 2.78497 2.39576 2.89026 2.32015 3.12934 3.72774 4.06416 4.08407 3.53484 3.33136 3.39201 3.10487 2.78849 2.84096 3.08546 3.24775 3.41546 3.98807 4.75382 4.68889 4.22623 4.25563 4.49690 3.73149 3.37985 3.38257 3.46224 3.49306 3.48517 3.46390 3.37999 3.24658 3.21708 3.40480
-99999.00000 -99999.00000 -99999.00000 -99999.00000 -99999.00000 3.33442 3.35859 2.84814 2.67535 2.95272 3.21348 3.70311 3.31834 2.56161 2.34830 2.41952 2.58029 3.18649 3.77193 3.63862 3.74770 3.00720 2.23594 2.03406 3.44890 3.59409 2.65026 2.38352 2.27977 2.62467 3.26085 2.92855 2.71048 2.55896 2.62814 2.32527 2.59600 3.47299 3.96641 3.67123 3.08047 2.77318 2.69638 2.64930 2.67624 2.89866 3.25494 3.58370 4.06947 4.94743 4.85740 3.84768 3.60686 3.80277 3.95846 3.51232 3.33697 3.56562 3.90695 4.11540 4.15458 4.04056 3.73898 3.39466 3.08721 2.96067
-99999.00000 -99999.00000 -99999.00000 -99999.00000 -99999.00000 2.95270 3.29557 2.97963 2.76549 2.97026 2.97988 3.00810 2.65115 1.90111 2.02008 2.18632 2.08676 2.50752 3.25736 2.97497 2.68797 2.62378 2.67543 3.02729 3.45419 1.61933 1.26663 1.62888 1.98953 2.44035 2.71845 2.77735 3.19505 2.88889 2.65066 2.68117 2.37311 3.62583 4.16095 3.93330 3.62732 2.83258 2.41739 2.46941 2.68191 3.10576 3.69049 4.07325 4.04794 4.39173 3.88207 3.46183 3.53172 3.68368 3.85669 3.57428 3.43585 3.66420 4.05269 4.32557 4.35353 4.18311 3.88301 3.59180 3.33582 3.08098
-99999.00000 -99999.00000 -99999.00000 -99999.00000 -99999.00000 2.99049 3.35193 3.11729 2.85306 3.01926 3.13023 2.97798 2.62221 1.93303 2.79889 3.33165 2.71933 2.57212 2.81605 2.53097 2.77227 3.70171 4.46427 3.70625 1.91847 1.45868 1.78622 2.09622 2.72812 3.00704 2.92483 3.25116 3.12447 3.03430 2.97872 2.95895 2.62072 3.38266 4.55007 4.73791 3.78607 2.93356 2.51527 2.51858 2.77778 3.32768 3.89689 3.81504 3.59988 3.76835 3.65256 3.39930 3.59995 3.57878 3.69660 3.71029 3.44267 3.50965 3.77856 4.10389 4.25779 4.10070 3.82687 3.67756 3.54617 3.46899
-99999.00000 -99999.00000 -99999.00000 -99999.00000 -99999.00000 3.15108 3.35727 2.83556 2.66457 2.99857 3.17591 3.04229 2.83897 2.33275 2.57110 3.71537 3.84693 3.34635 3.02629 2.95680 3.61184 4.46255 4.68599 3.29565 1.72830 1.95028 2.06651 2.06632 2.32999 2.56664 2.95657 3.07487 3.45381 4.01829 3.62090 3.48017 3.04639 3.39569 4.72859 4.85792 3.82120 3.17668 2.82402 2.68801 2.82400 3.21228 3.48724 3.32858 3.11899 3.29417 3.68149 3.46391 3.41628 3.50095 3.70050 3.80717 3.50404 3.49928 3.69628 3.94039 4.04995 3.94340 3.87823 3.89043 3.59227 3.37490
-99999.00000 -99999.00000 -99999.00000 -99999.00000 -99999.00000 3.08502 3.10941 2.72487 2.63611 2.95911 2.85696 3.12276 3.18261 3.04959 2.64521 3.46699 4.52340 4.37054 3.90913 3.70975 3.69208 3.34021 3.14649 2.75079 2.41242 2.14560 1.71898 1.83329 2.26281 2.61066 3.06059 3.22819 4.30166 4.81425 3.56600 3.55791 3.01108 3.52170 4.44893 4.63901 4.14392 3.64676 3.26129 2.92160 2.83394 3.03365 3.17138 2.96199 2.87688 2.85057 3.29678 3.64210 3.57911 3.60263 3.56167 3.34658 3.24926 3.32785 3.47335 3.56533 3.58562 3.60891 3.72187 3.87537 3.61192 3.44073
-99999.00000 -99999.00000 -99999.00000 -99999.00000 -99999.00000 2.86344 2.90774 2.71210 2.63771 2.85689 2.72519 3.11863 3.36443 3.50679 3.09530 3.30573 3.85413 4.11707 3.71543 2.95072 2.27431 1.89901 2.30679 2.44531 2.49226 1.85025 2.18862 2.74813 2.35393 2.49219 3.24023 3.69532 4.57418 4.16674 3.46995 3.40626 3.14657 3.52958 4.14743 4.72093 4.79414 4.39372 3.68007 3.12785 2.83766 2.90986 2.94704 2.80177 2.92429 2.68614 2.88380 3.35598 3.57400 3.38665 3.03588 2.83016 2.80942 2.88447 2.99493 3.11812 3.22630 3.31218 3.38860 3.42631 3.32671 3.19153
-99999.00000 -99999.00000 -99999.00000 -99999.00000 -99999.00000 2.91824 3.01124 2.83992 2.65681 2.66337 2.77984 2.89579 3.31337 3.78107 3.50059 3.38260 3.44188 3.42372 3.05382 2.32866 1.84563 1.97869 2.30981 2.34317 1.95670 1.11078 3.14153 3.57937 2.87147 2.46855 3.03381 3.78593 4.05375 3.59238 3.71648 3.49805 3.14471 3.35023 3.97854 4.84747 5.17412 4.99684 4.20027 3.48164 3.02661 2.89154 2.82380 2.74815 2.95275 2.66358 2.72309 2.91269 3.00667 2.73904 2.53355 2.49815 2.54169 2.53837 2.54174 2.68858 2.89842 3.00708 3.06257 3.11403 3.08354 2.85934
-99999.00000 -99999.00000 -99999.00000 -99999.00000 -99999.00000 2.99458 3.07612 3.01022 2.70619 2.67285 2.84668 3.07204 3.61870 4.47703 4.25184 3.88246 3.67584 3.49898 3.23185 2.98930 2.92206 3.11375 3.07723 2.64360 1.97877 1.92094 3.20284 3.38394 2.99877 2.71607 3.08726 3.81218 3.96849 3.64787 3.94286 3.83643 3.23813 3.19355 3.59819 4.34778 4.95825 4.97489 4.56595 4.15955 3.49770 3.18901 2.89877 2.73363 2.70178 2.38765 2.55752 2.62281 2.60468 2.44320 2.37619 2.52366 2.73438 2.71154 2.63102 2.68726 2.76687 2.71731 2.70485 2.88030 3.08480 3.00333
-99999.00000 -99999.00000 -99999.00000 -99999.00000 -99999.00000 2.85014 2.91973 2.85533 2.79453 2.95033 3.25944 3.54187 3.91224 4.62408 4.93991 4.86451 4.54966 4.26124 4.17993 4.42218 4.15260 3.91766 3.43760 2.99381 3.18853 3.11727 3.28243 3.34287 3.17054 3.03768 3.34283 4.08239 4.21958 3.65234 3.61823 3.72754 3.14681 2.90855 3.10075 3.42506 3.85981 4.53830 4.57283 4.32508 3.92055 3.57502 2.99609 2.61209 2.32592 1.77818 2.19381 2.46750 2.56454 2.55076 2.71776 3.07219 3.35260 3.33148 3.27527 3.18432 3.00575 2.64097 2.43350 2.60821 2.94193 3.20192
-99999.00000 -99999.00000 -99999.00000 -99999.00000 -99999.00000 2.96184 3.03003 2.97933 3.06125 3.14232 3.20212 3.26760 3.52822 3.96290 4.48856 5.02990 5.20874 5.10908 5.04446 4.71556 3.91823 3.28738 2.75079 3.16396 4.25289 4.40289 4.23690 4.04771 3.78499 3.50030 3.57596 4.04296 3.95569 3.84551 3.46110 3.26719 2.87542 2.74467 2.83095 2.98547 3.20321 3.63132 4.30894 4.42008 4.28485 3.55613 2.78205 2.32497 2.31327 1.71181 1.62494 2.34253 2.60103 2.80723 3.15383 3.27765 3.36483 3.32253 3.35796 3.44556 3.22953 2.84159 2.54164 2.22408 2.62223 3.22967
-99999.00000 -99999.00000 -99999.00000 -99999.00000 -99999.00000 2.89776 3.01434 3.17031 3.22048 3.25358 3.13675 3.14202 3.29727 3.45611 3.81167 4.15897 4.55389 4.71004 4.52484 3.77098 3.05900 2.32667 2.20003 2.95395 3.84253 4.96821 5.20353 4.89183 4.11143 3.50440 3.40616 3.69310 3.88310 3.77025 3.44009 3.07427 2.88664 2.80378 2.89530 3.05769 3.00509 3.23938 3.79360 4.59901 4.62789 3.42088 2.46002 2.12525 2.72798 2.33400 1.62525 1.86897 2.57436 2.59344 3.07480 3.38782 3.57592 3.55893 3.42587 3.34450 3.04023 2.80434 3.00456 2.16894 2.31169 2.84162
-99999.00000 -99999.00000 -99999.00000 -99999.00000 -99999.00000 2.68393 2.83846 3.06793 3.13676 3.24359 2.96695 2.94093 3.21118 3.32153 3.51582 3.54832 3.61500 3.73735 3.62975 3.05572 2.35307 1.73564 2.36585 2.79998 3.31012 4.37696 4.93689 4.41699 3.86656 3.45545 3.34720 3.60964 4.01011 3.59880 3.61994 3.05319 3.03963 2.91889 3.04301 3.37958 3.10334 3.22225 3.63301 4.26435 4.25604 3.24745 2.37146 2.34061 3.23509 3.09332 2.16949 1.88291 2.22105 2.79056 3.10645 3.57080 4.10603 4.22353 3.77038 3.47741 3.09692 2.70039 2.91436 2.74072 2.11590 1.87454
-99999.00000 -99999.00000 -99999.00000 -99999.00000 -99999.00000 2.72411 2.85225 2.94673 2.90707 3.08039 2.80640 3.07960 3.44831 3.38451 3.42671 3.38436 3.22243 3.20597 3.32300 2.60921 2.21375 2.62094 3.15184 2.96981 3.19330 3.96897 4.43194 4.06092 3.81802 3.48880 3.32195 3.61715 4.11487 3.61999 3.52053 3.17845 3.25615 3.08977 3.10021 3.36502 3.32169 3.51730 3.62690 3.62004 3.57896 3.09659 2.59762 2.85786 3.48550 3.60167 2.79008 1.90543 2.21943 2.96926 2.70314 3.01958 3.46418 4.14585 4.24712 3.76566 3.25424 2.80998 2.99335 3.19222 2.17200 1.14048
-99999.00000 -99999.00000 -99999.00000 -99999.00000 -99999.00000 3.06149 2.95286 3.03797 2.99192 3.03598 2.81172 3.17818 3.31438 3.32056 3.35860 3.35178 3.08940 3.07577 2.96245 2.78328 3.07092 3.35346 3.50447 3.26159 3.26462 3.82578 4.14964 4.06229 3.72218 3.30032 3.33992 3.60485 3.75830 3.42544 3.37851 3.22122 3.43178 3.39197 3.42963 3.85051 3.76615 3.80384 3.59989 3.50454 3.49651 3.31002 3.18115 3.29550 3.41481 3.36062 2.97740 2.34840 2.36570 2.42195 1.93904 2.32154 2.82338 3.40305 3.88615 3.50584 2.95905 2.52933 2.81011 2.92439 2.05828 1.09760
-99999.00000 -99999.00000 -99999.00000 -99999.00000 -99999.00000 2.83164 2.72007 3.10396 3.22784 3.01455 2.99589 3.02413 3.12807 3.11877 3.23116 3.34335 2.97507 3.11224 3.07128 3.32818 3.66018 3.71137 3.95487 3.73638 3.35158 3.50739 3.65461 3.74264 3.49506 3.26523 3.36253 3.57142 3.56478 3.21243 3.05353 3.02731 3.14582 3.26722 3.56572 4.11083 3.83385 3.78649 3.89079 4.08557 4.07898 3.86478 3.61576 3.46193 3.30481 3.21099 3.14574 3.07226 2.86898 2.11752 1.95488 2.30809 2.49376 3.06413 3.60159 3.36626 2.81051 2.52873 3.03803 2.90290 2.47311 1.57278
-99999.00000 -99999.00000 -99999.00000 -99999.00000 -99999.00000 2.42984 2.70903 2.80560 3.20906 3.40855 3.24867 2.92932 2.87209 3.05458 3.11883 3.12708 2.72180 3.09256 3.08128 3.42933 3.84998 3.99906 4.31471 4.39037 3.71788 3.45124 3.47067 3.53640 3.32152 3.08888 3.11569 3.31920 3.39899 3.16826 2.79081 2.77394 2.89633 3.22592 3.80394 4.46301 4.10095 4.08040 4.33404 4.49922 4.84496 4.62102 4.04421 3.72448 3.61467 3.54694 3.43540 3.17877 3.08024 2.05662 2.70771 2.94566 2.60320 2.95982 3.50767 3.35439 2.87241 2.74940 3.15040 3.16501 2.99020 2.13848
-99999.00000 -99999.00000 -99999.00000 -99999.00000 -99999.00000 2.28119 2.64305 2.85342 2.96844 3.26994 3.19133 2.82968 2.80521 3.32002 3.04544 2.79953 2.57814 3.01467 3.03750 3.28704 3.66285 3.91246 4.24344 4.61192 4.37196 3.87687 3.72552 3.71122 3.42248 3.07746 2.97980 3.17012 3.25787 2.96063 2.69556 2.64345 2.92004 3.25370 3.86181 4.48141 4.32956 4.15479 4.36198 4.91798 5.31121 5.26599 4.88183 4.63846 4.59290 4.35303 3.81731 3.29936 3.08213 2.25790 3.03959 3.26055 2.77462 2.94590 3.47653 3.33218 2.84690 2.74931 3.02911 2.95885 2.84595 2.29272
-99999.00000 -99999.00000 -99999.00000 -99999.00000 -99999.00000 2.33350 2.93701 2.98253 3.23329 3.33230 2.99336 2.80826 3.10084 3.36270 3.12783 2.64789 2.41245 2.70378 2.76835 2.94968 3.14750 3.36598 3.67726 4.16463 4.53581 4.47725 4.22978 4.11320 3.75099 3.22116 2.91741 3.07746 3.17747 2.98053 2.74306 2.75517 3.33629 3.36982 3.66032 4.08231 4.16048 3.95526 4.28808 5.12787 5.43148 5.43171 5.28465 5.12031 4.76827 4.26510 3.67970 3.25982 3.08660 2.42337 2.99368 3.36386 2.88504 2.96760 3.48727 3.28946 2.65019 2.28183 2.25802 2.12659 2.02713 1.86831
-99999.00000 -99999.00000 -99999.00000 -99999.00000 -99999.00000 2.63290 3.11568 3.15632 3.56660 3.30738 2.93483 2.84589 3.07308 3.29054 3.03822 2.55546 2.25894 2.27801 2.41232 2.46501 2.53051 2.70695 3.03018 3.42909 3.91178 4.43773 4.33654 4.07782 3.79021 3.49469 3.25039 3.13234 3.25190 3.17954 3.04414 3.00272 3.33927 3.69285 3.73469 3.88601 3.86154 3.76347 4.25606 5.18368 5.38295 5.16507 4.72776 4.60677 4.54726 4.02889 3.42998 3.30595 2.94909 2.51676 3.01322 3.48624 3.01726 3.01609 3.50586 3.29663 2.49092 1.84605 1.94165 2.16634 1.98489 2.30590
