mrvbf_slope0.7_pctl1.5.asc
NCOLS 410
NROWS 410
XLLCORNER 2398750.0000000000000000
YLLCORNER 2548750.0000000000000000
CELLSIZE 250.0000000000000000
NODATA_VALUE -99999.00000
[rows 290 to 318 of 410, columns 264 to 329 of 410]
3.20475 3.26241 3.29716 3.40197 3.38300 3.02781 2.98646 3.10751 3.15367 3.18365 3.29148 3.44388 3.40724 3.31997 3.07685 3.08420 3.24103 3.26125 3.27126 3.32983 3.24766 3.14423 3.05375 3.07316 3.19363 3.04829 2.84151 2.76667 2.82275 2.90577 2.97792 3.04572 3.08578 3.09787 2.92999 2.96202 2.74803 2.61610 2.59258 2.49252 2.46006 2.44757 2.39311 2.44840 2.49548 2.19169 2.11846 2.40756 2.27293 2.14895 2.54275 2.46936 2.35327 2.44356 2.55160 2.58163 2.52231 2.46516 2.54293 2.67403 2.72559 2.76754 2.82554 2.91615 3.11178 3.28643
3.19837 3.25795 3.24504 3.33567 3.32576 3.25638 3.23155 3.28681 3.31842 3.30274 3.32058 3.43638 3.40572 3.36374 3.28312 3.19963 3.20667 3.22764 3.19535 3.13235 3.02419 2.99800 2.82135 2.70948 2.85469 2.85781 2.69196 2.68679 2.64291 2.89733 3.18408 3.30736 3.25583 2.96158 3.09936 3.16822 2.92035 2.67978 2.58161 2.62590 2.84829 2.96613 2.99520 3.01949 2.87561 2.36150 1.88462 2.02216 1.93803 1.98704 2.07217 2.13176 2.24878 2.40925 2.55303 2.65882 2.74530 2.82451 2.95689 3.10108 3.06590 2.89026 2.78579 2.74317 2.73989 2.74978
3.24710 3.19546 3.22390 3.28114 3.29174 3.35330 3.27271 3.16870 3.23258 3.33954 3.39882 3.47291 3.41317 3.34496 3.37613 3.32323 3.25907 3.33249 3.34739 3.23870 3.21711 3.24302 3.12881 2.86342 2.85347 2.96455 2.78684 2.99562 3.00994 3.06600 3.26460 3.37097 3.28920 3.17409 3.21949 3.18046 3.07067 2.89895 2.87616 3.09734 3.27432 3.31973 3.30872 3.21714 3.03536 2.74573 2.08146 1.65288 1.53897 1.77595 1.74760 1.94669 2.19334 2.46197 2.72432 2.99476 3.22034 3.38391 3.49701 3.49225 3.22996 2.89440 2.71149 2.62090 2.56360 2.52540
3.31359 3.27460 3.27177 3.26537 3.33945 3.37901 3.29029 3.15339 3.22109 3.36356 3.35639 3.36381 3.30455 3.30049 3.40499 3.36711 3.21476 3.23075 3.29055 3.30826 3.35458 3.37036 3.35389 3.13468 2.90476 2.97271 2.86944 3.22257 3.21120 3.14473 3.17904 3.17318 3.16024 3.23335 3.17895 3.18485 3.08473 3.04775 3.08593 3.25319 3.37141 3.39877 3.36287 3.22665 3.03509 2.84335 2.59569 2.21830 2.04709 1.69403 1.52715 1.85585 2.18630 2.53867 2.92731 3.36363 3.63435 3.70186 3.55402 3.24341 2.99412 2.81277 2.67354 2.58451 2.53271 2.52357
3.34075 3.30978 3.29263 3.29688 3.34794 3.33385 3.28960 3.26667 3.27946 3.33832 3.31887 3.27602 3.27044 3.37217 3.45886 3.44248 3.29216 3.15737 3.17256 3.27590 3.37077 3.35323 3.34677 3.27693 2.93158 2.89398 2.95573 3.31375 3.34058 3.28397 3.15490 3.05373 3.22549 3.21042 3.16818 3.17316 3.20356 3.16953 3.13589 3.20796 3.30082 3.32708 3.29513 3.19571 3.09515 3.04939 3.12802 3.15356 2.85366 2.02436 1.53666 1.87225 2.24313 2.59920 2.99743 3.38801 3.45563 3.28593 3.05756 2.87768 2.81996 2.79705 2.75736 2.77307 2.88168 3.06878
3.33029 3.33370 3.36399 3.40643 3.43672 3.34536 3.29967 3.34471 3.39417 3.39940 3.38681 3.37950 3.40538 3.48340 3.51381 3.47719 3.39143 3.27124 3.22523 3.19432 3.22266 3.25207 3.31115 3.34807 3.23635 3.05153 3.29153 3.41894 3.43399 3.40937 3.25579 3.15300 3.09326 3.09724 3.15017 3.31526 3.38450 3.32572 3.25151 3.21016 3.22650 3.24229 3.22690 3.21212 3.24520 3.30852 3.34148 3.26558 2.99406 2.41149 1.87645 2.02939 2.33547 2.66044 3.02851 3.23425 3.12725 2.93984 2.82236 2.79941 2.84718 2.94347 3.03767 3.14962 3.28178 3.38428
3.32700 3.39768 3.46069 3.45911 3.38933 3.30577 3.33002 3.40440 3.44921 3.42628 3.41536 3.44086 3.48845 3.51867 3.48150 3.39322 3.32497 3.17826 3.06923 3.07037 3.13534 3.21707 3.30007 3.33757 3.35642 3.35701 3.42567 3.44675 3.43787 3.39437 3.32735 3.22152 3.08989 3.02471 3.26526 3.37200 3.43421 3.39434 3.33555 3.28462 3.26367 3.26380 3.25984 3.29051 3.37785 3.44611 3.38846 3.22362 2.99655 2.71424 2.38851 2.27523 2.44207 2.73843 3.08943 3.11444 2.98476 2.89610 2.91076 3.02939 3.17739 3.27395 3.28477 3.24842 3.22368 3.22802
3.32865 3.42921 3.49282 3.42976 3.34155 3.36246 3.42252 3.45205 3.43955 3.43002 3.40715 3.39845 3.42901 3.43468 3.35525 3.26495 3.20466 3.01216 2.83802 2.94289 3.13197 3.26844 3.33545 3.37144 3.38481 3.39404 3.40296 3.42467 3.41199 3.35932 3.30654 3.22117 3.12392 3.14521 3.26496 3.29844 3.36162 3.38957 3.39287 3.39446 3.37835 3.36473 3.36179 3.38240 3.41981 3.42839 3.35318 3.21679 3.06985 2.92200 2.67741 2.48674 2.54903 2.80107 3.06263 3.06608 3.03006 3.09166 3.25467 3.40872 3.49819 3.40613 3.21792 3.08039 3.05079 3.07025
3.27380 3.38765 3.42675 3.36868 3.37011 3.40273 3.35206 3.38959 3.44398 3.47746 3.45803 3.38888 3.32514 3.28428 3.25380 3.28200 3.25011 3.17719 3.18002 3.10290 3.17771 3.32538 3.42307 3.46401 3.44276 3.39749 3.36797 3.36486 3.30165 3.31093 3.13681 3.27040 3.32569 3.34109 3.29075 3.24429 3.24693 3.30955 3.37099 3.43665 3.46562 3.45478 3.44871 3.42987 3.38682 3.35956 3.31063 3.23355 3.16961 3.10791 2.92185 2.69281 2.64684 2.76845 2.95803 3.10325 3.20746 3.29573 3.38277 3.40041 3.34452 3.21528 3.06249 2.97239 2.98066 3.04414
3.13084 3.24960 3.26654 3.21880 3.16099 3.02340 3.00198 3.28800 3.46114 3.52951 3.51093 3.42343 3.29489 3.23543 3.31555 3.40107 3.35817 3.34414 3.38949 3.29830 3.24847 3.33781 3.45197 3.50850 3.49826 3.42771 3.35419 3.31404 3.27100 3.20646 3.18776 3.33496 3.40023 3.41164 3.34599 3.26372 3.20932 3.23957 3.29338 3.38575 3.44415 3.44386 3.43785 3.40595 3.33163 3.27188 3.23850 3.21905 3.25067 3.25285 3.09639 2.85504 2.72037 2.73601 2.89675 3.15508 3.33500 3.30792 3.24774 3.20903 3.17042 3.10982 3.03422 2.99373 3.01823 3.10606
3.00488 3.06717 3.07453 3.03185 2.96436 2.88663 2.98828 3.13587 3.42927 3.53071 3.48411 3.38747 3.32484 3.32653 3.35546 3.42025 3.36467 3.33097 3.35149 3.25118 3.13967 3.23315 3.42096 3.51337 3.48517 3.42331 3.33890 3.23056 3.26883 3.22050 3.29589 3.34159 3.39800 3.44789 3.42516 3.34742 3.25613 3.22053 3.23856 3.28072 3.31181 3.30120 3.29787 3.27376 3.23374 3.19704 3.15836 3.13739 3.14940 3.13182 3.05379 2.92853 2.82049 2.78619 2.88257 3.07926 3.22144 3.21148 3.17685 3.16344 3.16059 3.14276 3.09726 3.07198 3.10189 3.19466
3.03427 3.03627 3.04786 3.02320 3.08850 3.17956 3.00834 3.15781 3.44221 3.46778 3.37248 3.33524 3.39770 3.44211 3.38196 3.34553 3.25735 3.18596 3.11427 2.89211 2.63197 2.80235 3.25288 3.46265 3.43956 3.39805 3.38560 3.24266 3.03233 3.04477 3.18461 3.33538 3.43246 3.49506 3.48074 3.42378 3.30903 3.22864 3.21671 3.14580 3.09892 3.09594 3.10227 3.09841 3.09058 3.08972 3.11928 3.13121 3.09184 3.05584 3.03355 3.00544 2.96194 2.88126 2.86089 2.95284 3.07840 3.17726 3.23183 3.24486 3.25114 3.24075 3.20097 3.17561 3.19879 3.28931
3.18657 3.20104 3.23028 3.21028 3.18875 3.13143 2.92226 3.03472 3.26605 3.22890 3.19824 3.34296 3.47655 3.51016 3.42674 3.30052 3.18348 3.07654 2.91467 2.57262 1.93852 1.87991 2.72950 3.28478 3.38010 3.39870 3.44649 3.34880 2.87574 3.08709 2.99256 3.24286 3.36507 3.46471 3.48102 3.47327 3.36739 3.24780 3.16220 3.06660 2.97990 2.95616 2.95915 2.99657 2.98907 2.90928 2.97435 3.13258 3.17119 3.15396 3.09051 3.00140 2.91577 2.83588 2.83577 2.92203 3.06250 3.22554 3.34450 3.37612 3.37729 3.35490 3.30260 3.26420 3.27578 3.34608
3.35009 3.38238 3.40821 3.41671 3.33997 3.14754 2.84373 2.78565 2.96832 3.04012 3.20318 3.38024 3.49279 3.50459 3.41983 3.32369 3.27452 3.21280 3.10574 2.90941 2.33517 1.55315 2.19191 3.01081 3.33149 3.43968 3.44803 3.37992 3.17740 3.15499 3.31051 3.29391 3.24138 3.36145 3.46085 3.48998 3.42227 3.28770 3.16096 3.09916 3.05631 2.98681 2.95830 3.03403 3.06458 2.93158 2.78863 2.97507 3.22590 3.26803 3.10788 2.90939 2.80846 2.79859 2.86245 2.97346 3.11507 3.28180 3.40942 3.44904 3.45231 3.41601 3.34729 3.29667 3.29395 3.34311
3.43786 3.42689 3.45675 3.50042 3.43268 3.31223 3.12966 2.98980 3.08915 3.23899 3.34864 3.40197 3.49300 3.46613 3.38943 3.38394 3.42709 3.38971 3.29274 3.22947 3.06713 2.20313 2.46936 3.02624 3.29034 3.40303 3.42722 3.38328 3.28067 3.26853 3.32630 3.36921 3.33028 3.20187 3.28132 3.38559 3.41484 3.33649 3.24274 3.21644 3.21700 3.15315 3.07253 3.09816 3.17984 3.17637 2.92337 2.83918 3.08054 3.19040 3.04780 2.83977 2.76782 2.80864 2.91963 3.01995 3.11275 3.24246 3.33348 3.35469 3.36451 3.35603 3.31009 3.26862 3.26420 3.30405
3.43961 3.45073 3.52854 3.55360 3.46071 3.40250 3.40230 3.34822 3.39124 3.41677 3.38686 3.40791 3.51497 3.43350 3.38708 3.44449 3.48376 3.43814 3.35313 3.31315 3.05569 2.82589 3.07892 3.17375 3.18791 3.34015 3.43107 3.34822 3.11021 2.94517 3.00712 3.20143 3.29658 3.31362 3.23003 3.21213 3.29969 3.34934 3.32652 3.31892 3.33614 3.29985 3.18300 3.06831 3.17465 3.26390 3.07108 2.81205 2.82296 2.85947 2.88592 2.80210 2.75727 2.79479 2.88813 2.93280 2.94924 3.00452 3.07796 3.13696 3.20310 3.24206 3.22592 3.20329 3.20841 3.24463
3.32714 3.40059 3.54595 3.57577 3.47481 3.43640 3.44521 3.43893 3.50988 3.46792 3.33616 3.32356 3.48258 3.40505 3.41653 3.46742 3.43548 3.46571 3.41476 3.41871 3.34588 3.22499 3.14441 2.97570 2.84889 3.17358 3.28663 3.02439 2.82501 2.78689 2.95458 3.08063 3.23106 3.42821 3.28545 3.12068 3.17825 3.34097 3.36965 3.34222 3.35431 3.36138 3.25002 3.09434 3.12430 3.17352 3.12556 2.95469 2.78022 2.71716 2.73490 2.79812 2.78819 2.77534 2.81516 2.82519 2.79874 2.78450 2.81691 2.89719 3.00786 3.09582 3.11974 3.12329 3.13973 3.17349
3.23048 3.20970 3.45110 3.56033 3.47766 3.45969 3.43844 3.48454 3.52993 3.45823 3.31242 3.12914 3.34714 3.40049 3.41587 3.43812 3.44744 3.50254 3.32780 3.11725 3.12461 2.90601 2.73723 2.45814 2.17367 2.55947 2.89353 2.86029 3.09270 3.15607 3.04654 3.04830 3.21472 3.41948 3.34941 3.09044 3.10852 3.31955 3.39410 3.36414 3.33287 3.33594 3.28651 3.19252 3.07911 2.99851 3.00395 3.02945 2.97002 2.75809 2.71934 2.87055 2.89999 2.85601 2.84993 2.80704 2.73966 2.69232 2.69035 2.73299 2.81381 2.91503 2.98367 3.02412 3.06113 3.10240
3.33416 3.16575 3.35986 3.55160 3.51548 3.47254 3.49178 3.56716 3.56512 3.45096 3.37186 3.15378 3.16695 3.45133 3.45063 3.45756 3.51166 3.46677 3.06176 2.85403 3.28873 3.27942 3.16854 2.88133 1.88977 2.26562 2.89289 3.19762 3.38837 3.30781 3.16388 3.10354 3.15258 3.36351 3.38640 3.17910 3.05803 3.21354 3.38911 3.41056 3.35754 3.30694 3.28220 3.24983 3.13689 3.05461 2.96239 2.93276 2.93113 2.72660 2.75689 2.97154 2.94671 2.92644 2.96136 2.85185 2.74511 2.67125 2.63782 2.63512 2.66137 2.73353 2.80959 2.87857 2.95551 3.03311
3.14833 3.15288 3.45481 3.58422 3.57970 3.53052 3.56336 3.61769 3.60864 3.49461 3.37880 3.38874 3.16790 3.35084 3.48096 3.51177 3.50917 3.39635 3.07888 3.14468 3.38349 3.41780 3.37409 3.21898 2.66618 2.90564 3.28257 3.45836 3.47298 3.40125 3.35179 3.24498 3.10099 3.16106 3.32133 3.17908 3.05256 3.13192 3.35281 3.43551 3.40768 3.32089 3.24424 3.20415 3.18866 3.22013 3.11060 2.91452 2.81225 2.71792 2.77650 2.91743 2.87274 2.88297 2.95454 2.87458 2.81537 2.73226 2.63786 2.58900 2.55734 2.57533 2.63177 2.71163 2.82159 2.95671
3.10606 3.21654 3.47296 3.56104 3.57465 3.54605 3.52824 3.56957 3.61080 3.56511 3.43982 3.45004 3.26486 3.21339 3.35408 3.39412 3.34365 3.25550 3.15891 3.34448 3.46281 3.48038 3.33394 2.96642 2.86132 3.28354 3.47997 3.53236 3.51420 3.47998 3.46020 3.38381 3.14199 2.98455 3.31204 3.08973 3.05075 3.15259 3.26060 3.35584 3.42436 3.38497 3.27169 3.16412 3.15254 3.16331 3.05199 2.88022 2.83450 2.80921 2.72425 2.70171 2.78274 2.82760 2.89805 2.91683 2.94448 2.89615 2.70020 2.59733 2.52400 2.47507 2.49976 2.57945 2.70256 2.88308
3.24890 3.03409 3.20668 3.39465 3.42707 3.35693 3.34958 3.44934 3.54238 3.54106 3.41672 3.44090 3.40525 3.25701 3.26208 3.33245 3.30836 3.18279 3.12477 3.24790 3.27084 3.22724 2.88430 2.41906 2.29284 3.04604 3.40572 3.50254 3.52218 3.50995 3.50738 3.48177 3.31106 3.01408 3.22956 3.22529 3.21356 3.25070 3.22318 3.19206 3.29415 3.40764 3.36916 3.24766 3.10530 2.98903 2.89551 2.81626 2.84939 2.86659 2.73295 2.65782 2.67263 2.78747 2.89243 3.00372 3.00665 2.89128 2.74141 2.63086 2.56508 2.49075 2.45545 2.50208 2.62149 2.82501
3.42074 3.28123 3.06645 3.12709 3.19902 3.23461 3.35178 3.39887 3.49356 3.49669 3.43018 3.51915 3.53377 3.48903 3.43874 3.47834 3.46845 3.32822 3.22860 3.24615 3.09195 2.93850 2.88036 2.85926 1.83576 2.40183 3.09589 3.38378 3.47117 3.49008 3.48837 3.47104 3.35249 3.09971 3.22872 3.29877 3.27587 3.34914 3.34632 3.21486 3.11700 3.29827 3.42156 3.36621 3.18758 2.92973 2.76071 2.71830 2.72458 2.76937 2.75186 2.73296 2.66816 2.72277 2.80807 2.91974 2.87539 2.72584 2.65069 2.59261 2.58677 2.54162 2.47613 2.47940 2.57936 2.76268
3.54063 3.42669 3.33443 3.18393 3.23429 3.40385 3.46515 3.47929 3.54461 3.53275 3.52755 3.55784 3.59482 3.56332 3.50945 3.51829 3.49562 3.38380 3.34603 3.39835 3.31857 3.25732 3.34820 3.28894 2.50767 2.07154 2.75695 3.24205 3.40300 3.46341 3.46769 3.44311 3.35525 3.26257 3.35363 3.30276 3.02734 3.09658 3.15283 3.15861 3.10354 3.17322 3.38623 3.41223 3.31685 3.07430 2.78715 2.69378 2.73391 2.79084 2.77973 2.74245 2.68913 2.69556 2.70340 2.72707 2.69571 2.62783 2.59024 2.54117 2.54375 2.52110 2.48059 2.48832 2.57424 2.71935
3.58440 3.46810 3.35993 3.33480 3.36518 3.43143 3.46700 3.51430 3.59105 3.55999 3.54803 3.53841 3.58636 3.54433 3.50900 3.50016 3.48150 3.39334 3.45442 3.50236 3.44150 3.38521 3.42082 3.40931 3.07707 2.54121 2.77358 3.18301 3.37961 3.47779 3.48209 3.40259 3.29874 3.29915 3.37123 3.06664 2.91296 3.06948 3.07051 3.01847 3.09751 3.21349 3.31858 3.33921 3.33016 3.22884 2.92583 2.68462 2.69057 2.79303 2.82897 2.74493 2.72966 2.74607 2.70779 2.67987 2.66902 2.63405 2.59783 2.51912 2.54861 2.56611 2.51437 2.49753 2.56209 2.66657
3.53777 3.34790 3.30395 3.44501 3.45744 3.41846 3.42420 3.50927 3.60527 3.56156 3.51290 3.55202 3.58741 3.56712 3.51769 3.50461 3.48349 3.43404 3.55145 3.53289 3.49243 3.46847 3.34726 3.16538 3.00954 2.61262 2.85304 3.20854 3.42104 3.52513 3.50662 3.39575 3.22523 3.19511 3.30731 3.13968 2.97037 3.20449 3.27199 3.17625 3.13501 3.09877 3.08315 3.06447 3.11695 3.15540 2.97239 2.67781 2.56084 2.60632 2.66305 2.66910 2.70901 2.78283 2.77799 2.73199 2.71431 2.67366 2.56871 2.52890 2.59765 2.61720 2.55204 2.50203 2.54359 2.62518
3.43355 3.30128 3.45467 3.48053 3.40671 3.34904 3.40250 3.52443 3.62223 3.59887 3.52810 3.54809 3.61309 3.61269 3.55105 3.54417 3.50858 3.47918 3.58835 3.57314 3.59379 3.61505 3.53503 3.34485 2.90004 2.89871 3.12360 3.34217 3.51267 3.55547 3.48509 3.40847 3.25251 3.07618 3.16077 3.22744 3.02933 3.15300 3.32146 3.26370 3.04861 2.81731 2.76508 2.70946 2.71453 2.77533 2.73299 2.59349 2.48445 2.48322 2.51056 2.52195 2.57346 2.65885 2.72472 2.74551 2.73065 2.68905 2.57334 2.48322 2.51063 2.55870 2.54079 2.48400 2.50251 2.56089
3.45876 3.37938 3.48676 3.41135 3.29330 3.32789 3.46976 3.58458 3.64964 3.63861 3.57666 3.56386 3.61171 3.61899 3.56325 3.54724 3.48512 3.47424 3.58584 3.57434 3.60789 3.64954 3.60773 3.51488 3.38983 3.34472 3.37351 3.48958 3.58571 3.53864 3.44002 3.41193 3.29509 3.01978 2.97710 3.22671 3.10133 3.05868 3.16629 3.12054 2.83102 2.59285 2.57498 2.54503 2.51805 2.55054 2.57699 2.55355 2.51104 2.47446 2.41489 2.23571 2.14486 2.40511 2.56999 2.66707 2.69671 2.63608 2.49671 2.30050 2.31125 2.42966 2.45154 2.40947 2.39973 2.42883
3.45623 3.40946 3.50605 3.37541 3.29515 3.43984 3.55479 3.60263 3.60429 3.61087 3.59622 3.57347 3.58526 3.58649 3.54865 3.49346 3.40216 3.45818 3.56434 3.55947 3.59201 3.61281 3.58059 3.52242 3.38920 3.29950 3.34885 3.48329 3.57890 3.49643 3.40566 3.39967 3.26411 2.92966 2.78744 3.08879 3.02496 2.88354 2.91526 2.87382 2.66039 2.53976 2.59159 2.60192 2.55727 2.55441 2.58976 2.63404 2.63756 2.56629 2.39792 1.90655 1.51282 1.63775 2.32910 2.55209 2.61964 2.54793 2.47187 2.24511 1.96941 2.10793 2.20166 2.14265 2.26164 2.34111
