mrvbf_slope1.2_pctl1.5.asc
NCOLS 410
NROWS 410
XLLCORNER 2398750.0000000000000000
YLLCORNER 2548750.0000000000000000
CELLSIZE 250.0000000000000000
NODATA_VALUE -99999.00000
[rows 116 to 144 of 410, columns 132 to 197 of 410]
7.73865 7.73597 7.73601 7.73604 7.73265 7.72745 7.72902 7.73618 7.73753 7.73435 7.73000 7.72586 7.72488 7.73040 7.73627 7.73552 7.73209 7.72935 7.73072 7.73170 7.73334 7.73549 7.73474 7.73107 7.72380 7.71107 7.70448 7.71017 7.72032 7.72369 7.72459 7.72291 7.71772 7.71422 7.70591 7.70434 7.69982 7.68875 7.67602 7.69155 7.71100 7.71996 7.72273 7.72066 7.71899 7.71899 7.71826 7.71770 7.71464 7.71592 7.71596 7.71767 7.71515 7.71776 7.71690 7.71729 7.71524 7.71598 7.70731 7.67546 7.63592 7.55359 7.51793 7.55770 7.64948 7.63345
7.73625 7.73523 7.73556 7.73437 7.73071 7.72795 7.72991 7.73438 7.73664 7.73535 7.73172 7.72510 7.71997 7.72324 7.73273 7.73755 7.73659 7.73263 7.73012 7.73077 7.73232 7.73185 7.72957 7.72584 7.71919 7.71098 7.70730 7.71144 7.72012 7.71813 7.72171 7.72339 7.71907 7.71115 7.71378 7.69928 7.67824 7.66079 7.66015 7.66944 7.69067 7.69992 7.70473 7.71261 7.71804 7.71963 7.71865 7.71723 7.71357 7.71394 7.71498 7.71395 7.70819 7.71178 7.71560 7.71736 7.71525 7.71010 7.69125 7.68403 7.63778 7.59120 7.59040 7.64161 7.56956 7.52815
7.73318 7.73411 7.73535 7.73447 7.73109 7.72835 7.72870 7.73147 7.73426 7.73448 7.73232 7.72558 7.71749 7.71652 7.72619 7.73480 7.73654 7.73408 7.73102 7.72839 7.72469 7.72011 7.71742 7.71672 7.71679 7.71541 7.71414 7.71571 7.71814 7.72144 7.72620 7.72414 7.72149 7.71323 7.70398 7.68118 7.67373 7.64272 7.68056 7.66186 7.66204 7.68027 7.68586 7.69439 7.71135 7.71710 7.71760 7.71649 7.71379 7.71311 7.71420 7.71273 7.71009 7.70680 7.71361 7.71542 7.71168 7.70641 7.69451 7.68574 7.62864 7.57517 7.63285 7.61270 7.51457 7.47799
7.73274 7.73488 7.73576 7.73461 7.73115 7.72696 7.72623 7.72913 7.73185 7.73159 7.72554 7.72215 7.71607 7.71239 7.72050 7.73013 7.73267 7.73036 7.72674 7.71855 7.70897 7.70451 7.70625 7.71156 7.71718 7.71881 7.72035 7.72399 7.72476 7.72966 7.72821 7.72307 7.72269 7.71186 7.68573 7.67047 7.66119 7.66711 7.67930 7.66739 7.64964 7.66505 7.67349 7.67756 7.69954 7.71147 7.71585 7.71729 7.71500 7.71267 7.71163 7.71326 7.71225 7.70715 7.70869 7.71108 7.70634 7.69766 7.67677 7.65097 7.61030 7.56351 7.48151 7.46358 7.49221 7.53486
7.73361 7.73469 7.73446 7.73375 7.73119 7.72653 7.72496 7.72842 7.73154 7.73165 7.72145 7.71929 7.71362 7.70950 7.71747 7.72556 7.72400 7.71710 7.71259 7.70100 7.69309 7.69520 7.70208 7.70916 7.71456 7.71672 7.72018 7.72533 7.72885 7.73140 7.72844 7.72380 7.72051 7.70590 7.67743 7.68286 7.66648 7.67012 7.67239 7.65754 7.62705 7.60795 7.62705 7.65873 7.68953 7.70520 7.71387 7.71682 7.71422 7.71123 7.70767 7.71163 7.71208 7.70634 7.70770 7.71035 7.70874 7.70245 7.68968 7.66563 7.62040 7.45208 7.29673 7.36248 7.48124 7.64584
7.72968 7.73197 7.73266 7.73227 7.73009 7.72536 7.72293 7.72659 7.73007 7.73094 7.72449 7.72003 7.71761 7.71194 7.71461 7.71535 7.70848 7.70484 7.70013 7.69147 7.69218 7.70228 7.70777 7.71265 7.71626 7.71855 7.72288 7.72518 7.72721 7.73028 7.72838 7.72482 7.71882 7.71115 7.69967 7.67879 7.68599 7.67544 7.65898 7.62929 7.60270 7.55276 7.55460 7.61560 7.67598 7.69904 7.70974 7.71421 7.71237 7.70804 7.70842 7.71047 7.71150 7.70527 7.70696 7.70996 7.70814 7.70865 7.70171 7.69389 7.67504 7.57722 7.44322 7.45277 7.58088 7.67256
7.72592 7.72788 7.72934 7.72880 7.72727 7.72329 7.72035 7.72370 7.72627 7.72557 7.72305 7.72462 7.72339 7.71467 7.70666 7.69988 7.70161 7.70955 7.70677 7.70152 7.70762 7.71779 7.71649 7.71969 7.72389 7.72556 7.72680 7.72504 7.72590 7.72754 7.72557 7.72342 7.71800 7.71174 7.70439 7.68464 7.67407 7.67324 7.64963 7.60403 7.52682 7.49004 7.50075 7.54275 7.62157 7.68040 7.70167 7.71003 7.71014 7.70729 7.70846 7.70903 7.71061 7.70605 7.70766 7.70834 7.70667 7.70582 7.70275 7.69892 7.69494 7.66999 7.59554 7.59727 7.64507 7.66644
7.72377 7.72299 7.72401 7.72328 7.72222 7.72170 7.72094 7.72090 7.72183 7.71960 7.71816 7.72188 7.72203 7.71617 7.70900 7.70753 7.71361 7.71909 7.71474 7.70988 7.71569 7.71839 7.71716 7.72144 7.72469 7.72667 7.72544 7.72496 7.72521 7.72429 7.72301 7.72299 7.71773 7.70502 7.69514 7.67607 7.65818 7.62113 7.59754 7.55445 7.40414 7.49861 7.53901 7.52767 7.56453 7.64598 7.68876 7.70463 7.70620 7.70616 7.70628 7.70699 7.70775 7.70620 7.70809 7.70704 7.70662 7.70322 7.70335 7.69989 7.69681 7.69439 7.67986 7.66689 7.67092 7.65857
7.72146 7.71781 7.71819 7.71874 7.71914 7.72149 7.72312 7.71965 7.71665 7.71613 7.71931 7.72428 7.72514 7.72312 7.72150 7.71986 7.71867 7.71859 7.71665 7.70833 7.71292 7.71823 7.71927 7.72341 7.72355 7.72340 7.72355 7.72449 7.72370 7.72321 7.72258 7.72069 7.71200 7.69873 7.68850 7.66921 7.63726 7.60181 7.60762 7.56925 7.48133 7.58202 7.56463 7.55801 7.55560 7.60896 7.67036 7.69019 7.70034 7.70358 7.70338 7.70506 7.70463 7.70522 7.70739 7.70761 7.70732 7.70363 7.70235 7.70232 7.69746 7.69576 7.69516 7.69032 7.68716 7.67151
7.71863 7.71364 7.71411 7.71708 7.72050 7.72145 7.72293 7.72024 7.71487 7.71381 7.71672 7.72009 7.72284 7.72353 7.72012 7.71682 7.71794 7.72068 7.72091 7.71249 7.71355 7.72072 7.72198 7.72461 7.72514 7.72362 7.72440 7.72399 7.72174 7.72123 7.71998 7.71668 7.70362 7.69386 7.69263 7.67993 7.66084 7.64207 7.63064 7.61168 7.54449 7.48939 7.53010 7.56501 7.57349 7.62341 7.67541 7.67819 7.69124 7.69676 7.69820 7.70270 7.70319 7.70593 7.70601 7.70616 7.70572 7.70275 7.70075 7.70051 7.70000 7.69737 7.69569 7.69465 7.69486 7.69507
7.71582 7.71187 7.71295 7.71579 7.71872 7.72045 7.72188 7.71979 7.71670 7.71583 7.71589 7.71465 7.71412 7.71355 7.71326 7.71675 7.72132 7.72283 7.71968 7.71109 7.71001 7.71582 7.71631 7.72028 7.72377 7.72349 7.72254 7.72169 7.71905 7.71685 7.71318 7.70816 7.69821 7.69572 7.70111 7.69986 7.69005 7.65639 7.60262 7.61420 7.58122 7.55517 7.59957 7.61895 7.63072 7.66038 7.68217 7.67439 7.67853 7.69001 7.69493 7.69727 7.70221 7.70504 7.70489 7.70434 7.70219 7.69981 7.69891 7.69818 7.69760 7.69939 7.69592 7.69580 7.69777 7.69897
7.71440 7.71137 7.71192 7.71224 7.71496 7.71817 7.71833 7.71722 7.71871 7.72054 7.71999 7.71805 7.71632 7.71495 7.71551 7.72092 7.72314 7.72224 7.71666 7.70560 7.70284 7.71112 7.71077 7.71462 7.72175 7.72135 7.72116 7.71967 7.71506 7.71016 7.70602 7.70425 7.70593 7.70439 7.70067 7.70368 7.68173 7.63704 7.64230 7.62285 7.62018 7.64646 7.66695 7.67372 7.67736 7.67545 7.67361 7.67349 7.67581 7.68671 7.69307 7.69343 7.70094 7.70052 7.70011 7.70003 7.69771 7.69856 7.69760 7.69525 7.69034 7.69354 7.69539 7.69736 7.70014 7.69664
7.71460 7.71688 7.71551 7.71248 7.71207 7.71247 7.71278 7.71630 7.72015 7.72228 7.72230 7.72047 7.72004 7.71824 7.71511 7.71908 7.72100 7.71951 7.71218 7.69988 7.69857 7.70906 7.70555 7.71072 7.71964 7.71966 7.71687 7.71508 7.70812 7.70293 7.70491 7.70797 7.70929 7.70966 7.70393 7.70181 7.66854 7.64772 7.65685 7.64752 7.66045 7.68419 7.69384 7.69200 7.68446 7.67172 7.65831 7.66301 7.67596 7.68934 7.69234 7.68888 7.69206 7.68892 7.68785 7.68986 7.69402 7.69395 7.69661 7.69462 7.69539 7.69247 7.69685 7.69770 7.69957 7.69586
7.71789 7.71851 7.71875 7.71690 7.71411 7.71128 7.70739 7.71130 7.71791 7.71999 7.71911 7.71632 7.71626 7.71269 7.71518 7.71277 7.71607 7.71471 7.70578 7.69517 7.69555 7.70310 7.70389 7.71091 7.71559 7.71593 7.71492 7.71383 7.70609 7.69841 7.70091 7.70648 7.70954 7.70701 7.68905 7.67495 7.64662 7.65744 7.66715 7.66981 7.67762 7.68362 7.66392 7.65121 7.65480 7.65858 7.64078 7.64832 7.67006 7.68590 7.68594 7.68133 7.68376 7.68831 7.68189 7.67339 7.68319 7.69054 7.69494 7.69432 7.69193 7.69634 7.69970 7.69895 7.69951 7.69680
7.71749 7.71767 7.71829 7.71797 7.71612 7.71398 7.70849 7.70598 7.71266 7.71126 7.70956 7.71411 7.70957 7.70832 7.71336 7.70784 7.70699 7.70503 7.69827 7.68633 7.68047 7.69347 7.70176 7.70999 7.71189 7.71299 7.71055 7.71057 7.70776 7.70081 7.69923 7.70310 7.70637 7.69742 7.67744 7.65461 7.65679 7.64421 7.65214 7.67206 7.66369 7.62612 7.59972 7.62244 7.59877 7.59679 7.59902 7.63828 7.66556 7.67315 7.67675 7.68668 7.68112 7.68427 7.67079 7.66940 7.66982 7.68509 7.69134 7.69171 7.69503 7.69818 7.69918 7.69787 7.69883 7.69828
7.71469 7.71457 7.71457 7.71501 7.71422 7.71295 7.71126 7.70580 7.70785 7.70744 7.70691 7.70645 7.70346 7.70167 7.70682 7.70659 7.70625 7.70424 7.69957 7.68954 7.67632 7.67569 7.69279 7.70346 7.70536 7.70518 7.70585 7.70917 7.70849 7.70471 7.70313 7.70452 7.70536 7.69733 7.68110 7.65586 7.64553 7.64073 7.65367 7.67099 7.62118 7.56938 7.57536 7.55234 7.45220 7.40453 7.52176 7.61328 7.65629 7.65535 7.67142 7.68393 7.68984 7.68421 7.67361 7.67287 7.66893 7.68195 7.68809 7.68718 7.69353 7.69529 7.69446 7.69483 7.69641 7.69681
7.71084 7.70998 7.70863 7.70817 7.70653 7.70534 7.70750 7.70804 7.70651 7.70724 7.70947 7.70999 7.70101 7.70509 7.71356 7.71493 7.71435 7.71282 7.71033 7.70675 7.69932 7.68154 7.68362 7.69743 7.70223 7.70349 7.70626 7.70632 7.70424 7.70463 7.70554 7.70785 7.70950 7.70414 7.68851 7.66875 7.65660 7.64840 7.67759 7.67742 7.61380 7.57026 7.54397 7.43735 7.49894 7.51634 7.46512 7.54887 7.63500 7.66073 7.66549 7.68540 7.69187 7.68365 7.67041 7.67691 7.66759 7.68043 7.68391 7.68167 7.68771 7.68859 7.68730 7.68799 7.68806 7.68979
7.70586 7.70338 7.69962 7.69435 7.68769 7.68801 7.69623 7.70334 7.70771 7.71319 7.70957 7.70155 7.70161 7.71255 7.71611 7.71641 7.71599 7.71489 7.71311 7.71079 7.70787 7.70039 7.68688 7.69040 7.69973 7.70167 7.70543 7.69991 7.69822 7.70265 7.70382 7.70511 7.70606 7.70277 7.69393 7.67851 7.66811 7.67757 7.67955 7.66032 7.61085 7.56113 7.55842 7.56991 7.53786 7.54998 7.51059 7.59347 7.65808 7.67380 7.67551 7.68961 7.68714 7.67534 7.66071 7.66205 7.66259 7.68160 7.68218 7.67098 7.67205 7.67170 7.66944 7.67584 7.67770 7.67489
7.69884 7.69291 7.68395 7.67192 7.66568 7.67491 7.69040 7.70357 7.70980 7.70825 7.69980 7.70050 7.71076 7.71505 7.71598 7.71630 7.71609 7.71532 7.71396 7.71200 7.70958 7.70548 7.69209 7.68259 7.69165 7.69715 7.69951 7.69285 7.69531 7.69758 7.69848 7.69694 7.69736 7.69604 7.68692 7.68218 7.68008 7.68201 7.67893 7.64833 7.59683 7.58554 7.63514 7.64773 7.61987 7.61697 7.60129 7.64487 7.65718 7.65850 7.65220 7.66799 7.67928 7.66293 7.66930 7.64358 7.65874 7.66707 7.67112 7.66612 7.66574 7.66047 7.65352 7.65637 7.66072 7.66128
7.68956 7.68002 7.66940 7.66374 7.67155 7.68070 7.68801 7.70100 7.70461 7.69614 7.69761 7.70867 7.71336 7.71473 7.71553 7.71588 7.71572 7.71514 7.71410 7.71250 7.71029 7.70736 7.70022 7.68218 7.68141 7.69144 7.69430 7.68817 7.68690 7.68244 7.68472 7.68274 7.68572 7.69258 7.68767 7.67769 7.67048 7.67923 7.68600 7.66559 7.62476 7.61355 7.63988 7.64928 7.64153 7.64043 7.64539 7.67119 7.66563 7.63933 7.63260 7.64239 7.66235 7.66264 7.66750 7.64458 7.64895 7.66472 7.66030 7.66152 7.66995 7.66193 7.65405 7.64958 7.65310 7.65505
7.68210 7.67449 7.67040 7.67744 7.69114 7.68740 7.68685 7.69645 7.69388 7.69139 7.70446 7.71048 7.71255 7.71392 7.71476 7.71507 7.71492 7.71443 7.71360 7.71229 7.71037 7.70773 7.70291 7.68822 7.67804 7.68659 7.68513 7.67261 7.66656 7.66557 7.67222 7.67244 7.67910 7.68294 7.68213 7.67586 7.67631 7.67140 7.66797 7.66043 7.62986 7.59734 7.60244 7.62842 7.64989 7.65354 7.67027 7.68564 7.67204 7.64694 7.62242 7.61633 7.65312 7.67032 7.67889 7.67214 7.65731 7.62620 7.64149 7.65786 7.67257 7.66545 7.65576 7.62991 7.64169 7.65483
7.67990 7.67810 7.67960 7.68645 7.69016 7.68199 7.68251 7.69368 7.68931 7.69133 7.70464 7.70906 7.71123 7.71272 7.71359 7.71391 7.71380 7.71338 7.71269 7.71161 7.70998 7.70761 7.70423 7.69642 7.67843 7.67732 7.67480 7.65345 7.64880 7.66685 7.68564 7.68474 7.67369 7.66105 7.66219 7.66384 7.65510 7.65512 7.66722 7.67492 7.66051 7.62558 7.60982 7.59120 7.60838 7.66289 7.68042 7.67367 7.64436 7.62944 7.62322 7.60327 7.63636 7.66830 7.67627 7.66274 7.64828 7.62916 7.61727 7.64306 7.65976 7.65748 7.65070 7.64652 7.62787 7.64386
7.68075 7.68378 7.68684 7.68902 7.68577 7.67778 7.68504 7.68550 7.68380 7.68929 7.70268 7.70725 7.70954 7.71110 7.71204 7.71245 7.71244 7.71213 7.71156 7.71067 7.70930 7.70727 7.70438 7.69801 7.67750 7.67211 7.67188 7.64294 7.62443 7.62413 7.65926 7.66636 7.64890 7.64686 7.64723 7.66534 7.66544 7.67386 7.68720 7.68811 7.67162 7.62466 7.61806 7.58024 7.57490 7.60955 7.64058 7.63597 7.62507 7.59769 7.60544 7.61867 7.65170 7.67156 7.67727 7.66948 7.66083 7.62184 7.60420 7.61864 7.63006 7.63679 7.63878 7.64242 7.63431 7.65185
7.68013 7.68628 7.69026 7.68957 7.68689 7.68538 7.68191 7.67875 7.67848 7.68831 7.70087 7.70516 7.70747 7.70910 7.71017 7.71074 7.71091 7.71076 7.71034 7.70961 7.70846 7.70675 7.70429 7.69939 7.68371 7.66990 7.66675 7.65283 7.62577 7.60499 7.62260 7.63902 7.63870 7.65212 7.63961 7.65869 7.68066 7.69150 7.69442 7.68779 7.66506 7.62755 7.60869 7.52535 7.53645 7.58425 7.63391 7.61938 7.61182 7.63939 7.65126 7.63855 7.66020 7.68242 7.68700 7.68060 7.66377 7.63631 7.61390 7.62247 7.59453 7.60183 7.61821 7.64695 7.65424 7.66761
7.67672 7.68259 7.68737 7.68803 7.68877 7.68907 7.67928 7.67360 7.68151 7.69350 7.69936 7.70253 7.70495 7.70674 7.70799 7.70878 7.70918 7.70925 7.70903 7.70846 7.70751 7.70609 7.70404 7.70108 7.69420 7.68101 7.68098 7.67449 7.66041 7.63299 7.63266 7.64963 7.66567 7.65170 7.63127 7.65348 7.68392 7.69460 7.69477 7.68312 7.65619 7.61105 7.55246 7.52154 7.59167 7.62300 7.64118 7.61856 7.62316 7.64590 7.66232 7.66902 7.67117 7.67924 7.68372 7.67945 7.66169 7.64713 7.64880 7.62882 7.61443 7.61836 7.62251 7.64488 7.66404 7.66789
7.67285 7.67504 7.67914 7.68419 7.68758 7.68732 7.67717 7.67117 7.68417 7.69199 7.69573 7.69907 7.70187 7.70400 7.70554 7.70659 7.70725 7.70758 7.70758 7.70719 7.70642 7.70522 7.70349 7.70110 7.69669 7.68586 7.68040 7.67334 7.66666 7.64963 7.64565 7.66064 7.67132 7.65298 7.63021 7.65749 7.68581 7.69516 7.69416 7.68047 7.65626 7.61823 7.56731 7.57466 7.61117 7.62893 7.60849 7.56388 7.62547 7.63861 7.66016 7.67462 7.67758 7.67462 7.66783 7.65722 7.65371 7.64329 7.65339 7.65066 7.64098 7.62034 7.62135 7.64533 7.66613 7.66499
7.67068 7.66867 7.67029 7.67778 7.68229 7.68197 7.67475 7.66139 7.66776 7.68483 7.69069 7.69467 7.69815 7.70085 7.70280 7.70418 7.70513 7.70572 7.70594 7.70574 7.70514 7.70413 7.70258 7.70030 7.69689 7.68958 7.67322 7.66548 7.66490 7.66024 7.65572 7.66298 7.65056 7.63957 7.63675 7.66771 7.68607 7.69422 7.69307 7.68165 7.66319 7.63931 7.60357 7.57799 7.59430 7.58799 7.51952 7.55894 7.64168 7.65321 7.65967 7.66951 7.66740 7.64838 7.61747 7.62045 7.64611 7.65146 7.64561 7.63396 7.64786 7.64249 7.63522 7.65239 7.66508 7.66243
7.66881 7.66537 7.66349 7.66818 7.67013 7.66781 7.66224 7.64270 7.63072 7.66749 7.68421 7.68961 7.69381 7.69721 7.69972 7.70151 7.70278 7.70364 7.70409 7.70407 7.70366 7.70282 7.70137 7.69903 7.69555 7.68838 7.66567 7.65022 7.65299 7.66652 7.66750 7.66355 7.64915 7.63602 7.66172 7.67800 7.68656 7.69041 7.68914 7.68087 7.66732 7.65763 7.64916 7.62823 7.60296 7.56697 7.55849 7.62853 7.66611 7.67035 7.66204 7.65981 7.63782 7.59071 7.50076 7.49523 7.56684 7.62264 7.63581 7.63509 7.65345 7.66194 7.64547 7.64591 7.65149 7.65122
7.66441 7.66354 7.66224 7.66220 7.66225 7.66186 7.65752 7.63858 7.60875 7.62570 7.67009 7.68402 7.68903 7.69303 7.69618 7.69850 7.70017 7.70133 7.70200 7.70219 7.70197 7.70131 7.69995 7.69756 7.69388 7.68524 7.65310 7.63241 7.65151 7.66612 7.67787 7.67159 7.66990 7.65344 7.66682 7.68132 7.68756 7.68868 7.68475 7.67806 7.66302 7.65970 7.66954 7.66833 7.65493 7.64828 7.64090 7.66528 7.67816 7.67928 7.66476 7.64409 7.60839 7.51867 7.46333 7.50486 7.51753 7.56948 7.60723 7.61919 7.63626 7.64641 7.64132 7.63584 7.63070 7.62881
