mrvbf_slope0.7_pctl1.1.asc
NCOLS 410
NROWS 410
XLLCORNER 2398750.0000000000000000
YLLCORNER 2548750.0000000000000000
CELLSIZE 250.0000000000000000
NODATA_VALUE -99999.00000
[rows 0 to 28 of 410, columns 0 to 65 of 410]
-99999.00000 -99999.00000 -99999.00000 -99999.00000 -99999.00000 -99999.00000 -99999.00000 -99999.00000 -99999.00000 -99999.00000 -99999.00000 -99999.00000 -99999.00000 -99999.00000 -99999.00000 -99999.00000 -99999.00000 -99999.00000 -99999.00000 -99999.00000 -99999.00000 -99999.00000 -99999.00000 -99999.00000 -99999.00000 -99999.00000 -99999.00000 -99999.00000 -99999.00000 -99999.00000 -99999.00000 -99999.00000 -99999.00000 -99999.00000 -99999.00000 -99999.00000 -99999.00000 -99999.00000 -99999.00000 -99999.00000 -99999.00000 -99999.00000 -99999.00000 -99999.00000 -99999.00000 -99999.00000 -99999.00000 -99999.00000 -99999.00000 -99999.00000 -99999.00000 -99999.00000 -99999.00000 -99999.00000 -99999.00000 -99999.00000 -99999.00000 -99999.00000 -99999.00000 -99999.00000 -99999.00000 -99999.00000 -99999.00000 -99999.00000 -99999.00000 -99999.00000
-99999.00000 -99999.00000 -99999.00000 -99999.00000 -99999.00000 -99999.00000 -99999.00000 -99999.00000 -99999.00000 -99999.00000 -99999.00000 -99999.00000 -99999.00000 -99999.00000 -99999.00000 -99999.00000 -99999.00000 -99999.00000 -99999.00000 -99999.00000 -99999.00000 -99999.00000 -99999.00000 -99999.00000 -99999.00000 -99999.00000 -99999.00000 -99999.00000 -99999.00000 -99999.00000 -99999.00000 -99999.00000 -99999.00000 -99999.00000 -99999.00000 -99999.00000 -99999.00000 -99999.00000 -99999.00000 -99999.00000 -99999.00000 -99999.00000 -99999.00000 -99999.00000 -99999.00000 -99999.00000 -99999.00000 -99999.00000 -99999.00000 -99999.00000 -99999.00000 -99999.00000 -99999.00000 -99999.00000 -99999.00000 -99999.00000 -99999.00000 -99999.00000 -99999.00000 -99999.00000 -99999.00000 -99999.00000 -99999.00000 -99999.00000 -99999.00000 -99999.00000
-99999.00000 -99999.00000 -99999.00000 -99999.00000 -99999.00000 -99999.00000 -99999.00000 -99999.00000 -99999.00000 -99999.00000 -99999.00000 -99999.00000 -99999.00000 -99999.00000 -99999.00000 -99999.00000 -99999.00000 -99999.00000 -99999.00000 -99999.00000 -99999.00000 -99999.00000 -99999.00000 -99999.00000 -99999.00000 -99999.00000 -99999.00000 -99999.00000 -99999.00000 -99999.00000 -99999.00000 -99999.00000 -99999.00000 -99999.00000 -99999.00000 -99999.00000 -99999.00000 -99999.00000 -99999.00000 -99999.00000 -99999.00000 -99999.00000 -99999.00000 -99999.00000 -99999.00000 -99999.00000 -99999.00000 -99999.00000 -99999.00000 -99999.00000 -99999.00000 -99999.00000 -99999.00000 -99999.00000 -99999.00000 -99999.00000 -99999.00000 -99999.00000 -99999.00000 -99999.00000 -99999.00000 -99999.00000 -99999.00000 -99999.00000 -99999.00000 -99999.00000
-99999.00000 -99999.00000 -99999.00000 -99999.00000 -99999.00000 -99999.00000 -99999.00000 -99999.00000 -99999.00000 -99999.00000 -99999.00000 -99999.00000 -99999.00000 -99999.00000 -99999.00000 -99999.00000 -99999.00000 -99999.00000 -99999.00000 -99999.00000 -99999.00000 -99999.00000 -99999.00000 -99999.00000 -99999.00000 -99999.00000 -99999.00000 -99999.00000 -99999.00000 -99999.00000 -99999.00000 -99999.00000 -99999.00000 -99999.00000 -99999.00000 -99999.00000 -99999.00000 -99999.00000 -99999.00000 -99999.00000 -99999.00000 -99999.00000 -99999.00000 -99999.00000 -99999.00000 -99999.00000 -99999.00000 -99999.00000 -99999.00000 -99999.00000 -99999.00000 -99999.00000 -99999.00000 -99999.00000 -99999.00000 -99999.00000 -99999.00000 -99999.00000 -99999.00000 -99999.00000 -99999.00000 -99999.00000 -99999.00000 -99999.00000 -99999.00000 -99999.00000
-99999.00000 -99999.00000 -99999.00000 -99999.00000 -99999.00000 -99999.00000 -99999.00000 -99999.00000 -99999.00000 -99999.00000 -99999.00000 -99999.00000 -99999.00000 -99999.00000 -99999.00000 -99999.00000 -99999.00000 -99999.00000 -99999.00000 -99999.00000 -99999.00000 -99999.00000 -99999.00000 -99999.00000 -99999.00000 -99999.00000 -99999.00000 -99999.00000 -99999.00000 -99999.00000 -99999.00000 -99999.00000 -99999.00000 -99999.00000 -99999.00000 -99999.00000 -99999.00000 -99999.00000 -99999.00000 -99999.00000 -99999.00000 -99999.00000 -99999.00000 -99999.00000 -99999.00000 -99999.00000 -99999.00000 -99999.00000 -99999.00000 -99999.00000 -99999.00000 -99999.00000 -99999.00000 -99999.00000 -99999.00000 -99999.00000 -99999.00000 -99999.00000 -99999.00000 -99999.00000 -99999.00000 -99999.00000 -99999.00000 -99999.00000 -99999.00000 -99999.00000
-99999.00000 -99999.00000 -99999.00000 -99999.00000 -99999.00000 7.44834 7.45985 7.49453 7.48571 7.33838 7.10557 7.43278 7.46264 7.27306 7.40723 7.47704 7.47454 7.49812 7.52709 7.47193 7.29235 7.00867 6.83174 6.72041 6.68221 6.81201 7.23058 7.18949 6.64845 6.53603 6.55753 6.69201 6.92230 6.89319 6.87059 7.10733 7.28411 7.33547 7.33710 7.31448 7.23701 7.29018 7.43122 7.52465 7.57117 7.60999 7.63631 7.64340 7.64132 7.63854 7.63968 7.64215 7.63058 7.59699 7.56403 7.55741 7.56330 7.56055 7.56009 7.55074 7.50973 7.46818 7.44803 7.46922 7.47121 7.33042
-99999.00000 -99999.00000 -99999.00000 -99999.00000 -99999.00000 7.44697 7.45562 7.48699 7.44327 7.28152 7.34513 7.41396 7.41274 7.38944 7.34741 7.46269 7.48068 7.49414 7.50003 7.43915 7.26096 7.04572 6.93986 6.82122 6.76577 6.87334 7.09684 7.15940 6.74626 6.57939 6.57770 6.71672 6.99901 7.01393 7.10177 7.27157 7.39227 7.39267 7.32888 7.39073 7.20101 7.26634 7.45451 7.54938 7.59307 7.62419 7.63813 7.63336 7.61498 7.59915 7.60520 7.62535 7.63032 7.59479 7.55348 7.54340 7.54981 7.54144 7.53492 7.54214 7.52443 7.47039 7.41416 7.43154 7.48323 7.39300
-99999.00000 -99999.00000 -99999.00000 -99999.00000 -99999.00000 7.41605 7.43980 7.48555 7.45609 7.39791 7.26114 7.41602 7.46708 7.35272 7.36556 7.44573 7.47315 7.48297 7.47984 7.42460 7.27518 7.18355 7.19403 7.08661 6.93244 6.85713 6.82899 6.89860 6.98370 6.65337 6.61143 6.76114 7.14505 7.28506 7.43328 7.45584 7.50482 7.47251 7.35404 7.35094 7.11423 7.28832 7.49367 7.57766 7.61518 7.63236 7.63027 7.60209 7.54713 7.50440 7.52183 7.57693 7.61728 7.59725 7.54616 7.52115 7.52461 7.51940 7.50231 7.50147 7.52096 7.49296 7.41817 7.41502 7.46946 7.46203
-99999.00000 -99999.00000 -99999.00000 -99999.00000 -99999.00000 7.34836 7.38548 7.47128 7.49859 7.45180 7.34733 7.36268 7.36189 7.22352 7.30452 7.40573 7.45033 7.47998 7.49247 7.46651 7.38055 7.30431 7.30259 7.23156 7.05483 6.87168 6.77488 6.74852 6.95725 6.71827 6.61732 6.74983 7.25811 7.43306 7.50073 7.45268 7.43082 7.38656 7.30133 7.09471 7.06460 7.34348 7.51442 7.57712 7.61516 7.62948 7.60896 7.54787 7.47889 7.46958 7.47297 7.52076 7.58979 7.60460 7.54769 7.49677 7.49040 7.50262 7.49761 7.46365 7.45731 7.45303 7.36521 7.36723 7.45712 7.46773
-99999.00000 -99999.00000 -99999.00000 -99999.00000 -99999.00000 7.32324 7.31961 7.40864 7.48784 7.45714 7.33605 7.30330 7.00428 7.00753 7.23819 7.38042 7.45569 7.50324 7.52699 7.52136 7.48092 7.42251 7.39158 7.34464 7.23100 7.12593 7.03640 6.76001 6.76155 6.87673 6.67243 6.75790 7.27010 7.46833 7.48057 7.41334 7.43244 7.45634 7.23422 6.98615 7.09041 7.36476 7.50374 7.55123 7.59536 7.61663 7.58553 7.52325 7.49592 7.52474 7.49625 7.51050 7.58388 7.61354 7.55822 7.48824 7.46013 7.48326 7.51447 7.47679 7.39386 7.27753 7.12798 7.23497 7.36985 7.39342
-99999.00000 -99999.00000 -99999.00000 -99999.00000 -99999.00000 7.38564 7.31695 7.31770 7.42845 7.42481 7.42547 7.15029 7.08117 7.24582 7.36107 7.44419 7.50386 7.54175 7.56529 7.56823 7.54109 7.50282 7.49003 7.48579 7.46262 7.45625 7.40133 7.01577 6.79055 6.85985 6.79368 6.82597 7.21835 7.43433 7.44192 7.41858 7.47159 7.43958 7.06620 6.90569 7.11837 7.38066 7.48500 7.52010 7.56245 7.59650 7.57444 7.53708 7.53359 7.53272 7.51160 7.53419 7.59755 7.62156 7.56871 7.49597 7.45217 7.46272 7.49488 7.49256 7.40740 7.23735 7.18427 7.34666 7.42346 7.41973
-99999.00000 -99999.00000 -99999.00000 -99999.00000 -99999.00000 7.37595 7.35012 7.19953 7.27177 7.31205 7.39237 7.27940 7.25781 7.35826 7.46309 7.51429 7.55093 7.57369 7.58648 7.59044 7.56523 7.53257 7.53182 7.55662 7.57455 7.58480 7.55428 7.39706 7.06395 6.96695 7.01615 7.04932 7.27166 7.45129 7.45929 7.46523 7.49932 7.32403 6.89911 6.93911 7.26519 7.43760 7.49411 7.51498 7.54019 7.57318 7.56873 7.55980 7.57080 7.56055 7.54760 7.55883 7.59589 7.61374 7.57023 7.50836 7.46613 7.45719 7.46252 7.45354 7.39502 7.27243 7.23718 7.37080 7.47246 7.49727
-99999.00000 -99999.00000 -99999.00000 -99999.00000 -99999.00000 7.15207 7.28241 7.06780 6.96659 7.33497 7.30454 7.30614 7.34103 7.37209 7.43645 7.50307 7.54845 7.57430 7.58605 7.57670 7.53489 7.50091 7.51370 7.54781 7.57351 7.60884 7.62115 7.57351 7.46769 7.38572 7.40831 7.36934 7.27140 7.34556 7.39462 7.43238 7.48806 7.18506 6.85768 7.09330 7.41997 7.50682 7.52648 7.53608 7.55019 7.57002 7.56441 7.55972 7.57222 7.56938 7.55926 7.55199 7.56518 7.58327 7.56542 7.52268 7.48607 7.46546 7.45348 7.42710 7.35820 7.20952 7.06202 7.13994 7.35732 7.48345
-99999.00000 -99999.00000 -99999.00000 -99999.00000 -99999.00000 6.83534 6.98148 7.15483 7.10375 7.15624 7.29204 7.38040 7.32056 7.42958 7.45878 7.50071 7.53298 7.55444 7.56043 7.53715 7.49383 7.47573 7.51072 7.54602 7.55319 7.59167 7.63455 7.64339 7.61167 7.57221 7.54124 7.49330 7.37571 7.30220 7.27407 7.28193 7.40735 7.06148 6.88540 7.24067 7.45349 7.51013 7.52634 7.54501 7.56699 7.57696 7.55078 7.53458 7.53757 7.53410 7.53371 7.53924 7.54635 7.55881 7.56126 7.52611 7.49095 7.47324 7.46791 7.45332 7.41413 7.34922 7.24290 7.16828 7.24962 7.38313
-99999.00000 -99999.00000 -99999.00000 -99999.00000 -99999.00000 6.66049 6.86470 7.27856 7.37890 7.33248 7.39486 7.41042 7.46434 7.49483 7.48960 7.52161 7.53968 7.53602 7.52214 7.49127 7.46458 7.47813 7.53012 7.56935 7.55327 7.55469 7.60614 7.64990 7.64105 7.60020 7.56338 7.54927 7.50647 7.42140 7.31596 7.18548 7.22145 7.09985 6.88426 7.05001 7.23840 7.37835 7.45745 7.51472 7.55852 7.55699 7.52441 7.51711 7.52440 7.51192 7.49480 7.49263 7.49376 7.50069 7.50726 7.49070 7.47090 7.47014 7.48625 7.50186 7.50218 7.47559 7.41941 7.37006 7.34476 7.34694
-99999.00000 -99999.00000 -99999.00000 -99999.00000 -99999.00000 6.74516 6.79428 6.88016 7.14097 7.39920 7.42001 7.47755 7.53790 7.52206 7.46797 7.49406 7.53208 7.49562 7.47024 7.45418 7.46110 7.50098 7.55457 7.59287 7.57474 7.54285 7.56281 7.60306 7.59113 7.56589 7.56695 7.58115 7.56603 7.50914 7.42098 7.25628 7.10390 7.20062 7.04345 6.94520 6.96733 7.10924 7.29622 7.44892 7.52225 7.51067 7.50721 7.53206 7.53593 7.47437 7.39098 7.38245 7.42232 7.46842 7.49200 7.47552 7.45065 7.45565 7.48388 7.50888 7.50269 7.46635 7.43938 7.46349 7.47564 7.45316
-99999.00000 -99999.00000 -99999.00000 -99999.00000 -99999.00000 6.87565 6.89216 6.87723 7.08470 7.36467 7.45792 7.51749 7.55553 7.55508 7.48186 7.44242 7.47218 7.44048 7.44096 7.45130 7.48400 7.53523 7.57654 7.59910 7.59718 7.56998 7.54928 7.55557 7.54708 7.55587 7.58429 7.59981 7.58328 7.55988 7.50922 7.41864 7.22929 7.09883 7.28526 7.26867 7.10160 7.01279 7.07831 7.28038 7.40038 7.44569 7.50399 7.55068 7.50272 7.35364 7.25465 7.35422 7.46864 7.52672 7.54369 7.51278 7.45200 7.43531 7.46578 7.49244 7.48568 7.46556 7.47929 7.50278 7.52500 7.54049
-99999.00000 -99999.00000 -99999.00000 -99999.00000 -99999.00000 6.90220 6.91632 6.88223 7.11426 7.16937 7.26126 7.43508 7.49746 7.52876 7.49668 7.44388 7.40216 7.40789 7.44420 7.46913 7.51549 7.56574 7.59024 7.60063 7.60857 7.60895 7.58525 7.56865 7.57209 7.58866 7.59565 7.59324 7.58919 7.57320 7.55734 7.51756 7.41996 7.22064 7.26256 7.41575 7.42277 7.22332 6.99200 7.00487 7.18172 7.37766 7.50145 7.52624 7.40440 7.22131 7.28448 7.46607 7.55582 7.59049 7.59082 7.54829 7.45953 7.40881 7.45052 7.49576 7.49808 7.47061 7.45902 7.49046 7.52957 7.53857
-99999.00000 -99999.00000 -99999.00000 -99999.00000 -99999.00000 6.77589 6.80093 6.87558 7.12301 7.03914 6.95350 6.97447 7.22125 7.44279 7.40756 7.40293 7.41888 7.39402 7.40301 7.45476 7.52819 7.58134 7.60325 7.61128 7.61492 7.61868 7.61662 7.61064 7.61056 7.60972 7.59566 7.59379 7.60492 7.58772 7.56230 7.53319 7.44058 7.33449 7.32357 7.39414 7.42596 7.38832 7.15971 6.84455 6.97268 7.30820 7.47860 7.47745 7.30035 7.20013 7.39588 7.54117 7.59870 7.61681 7.59280 7.52909 7.41311 7.35824 7.43225 7.50700 7.53077 7.51136 7.47364 7.45407 7.47843 7.46108
-99999.00000 -99999.00000 -99999.00000 -99999.00000 -99999.00000 6.68146 6.68460 6.70142 6.88512 6.94820 6.82454 6.65109 6.89677 7.34310 7.32637 7.28104 7.40001 7.39167 7.31284 7.39366 7.52016 7.57540 7.59838 7.60612 7.61124 7.60931 7.60592 7.60288 7.59917 7.59552 7.59512 7.60941 7.62327 7.60817 7.57219 7.53423 7.45497 7.40475 7.39656 7.39338 7.39638 7.40145 7.34458 6.98546 6.87039 7.13020 7.38049 7.41114 7.24793 7.25647 7.46295 7.57158 7.61057 7.60207 7.55484 7.44823 7.27999 7.25858 7.36499 7.45668 7.52633 7.55949 7.53280 7.43853 7.36709 7.38310
-99999.00000 -99999.00000 -99999.00000 -99999.00000 -99999.00000 6.74441 6.73967 6.66099 6.61498 6.74349 6.78812 6.61189 6.62391 6.88218 7.16600 7.37992 7.49162 7.45066 7.27005 7.31060 7.48185 7.52595 7.53335 7.53769 7.56344 7.58011 7.59292 7.60217 7.60418 7.60547 7.61330 7.62538 7.62284 7.59928 7.56757 7.52935 7.47174 7.43898 7.43935 7.43558 7.41459 7.39396 7.41695 7.33094 6.97959 7.02610 7.30817 7.35299 7.27833 7.36728 7.51438 7.58374 7.59180 7.55584 7.47600 7.29262 7.10808 7.13522 7.24294 7.32018 7.43542 7.53570 7.53764 7.41583 7.31105 7.41518
-99999.00000 -99999.00000 -99999.00000 -99999.00000 -99999.00000 7.01285 7.04754 6.97050 6.62967 6.58675 6.68275 6.84348 6.67623 6.90561 7.28685 7.43549 7.50709 7.45421 7.23176 7.19974 7.36780 7.38454 7.38439 7.41670 7.47787 7.53907 7.59539 7.62270 7.63161 7.63336 7.62856 7.61773 7.58584 7.53393 7.48250 7.45130 7.42463 7.42567 7.44368 7.44193 7.40295 7.35682 7.39962 7.44246 7.21773 7.09506 7.31459 7.33348 7.36099 7.47099 7.53967 7.54857 7.52232 7.45221 7.31486 7.11134 7.00637 7.06752 7.18981 7.20948 7.27723 7.43880 7.48569 7.40278 7.37132 7.46282
-99999.00000 -99999.00000 -99999.00000 -99999.00000 -99999.00000 7.19215 7.26463 7.32168 6.89392 6.60695 6.67695 6.88192 7.18067 7.23979 7.18502 7.35133 7.43230 7.33324 7.07102 7.08295 7.23877 7.28340 7.32424 7.33051 7.36636 7.49088 7.58852 7.62776 7.63855 7.63690 7.61811 7.57838 7.50640 7.40553 7.31347 7.26365 7.24989 7.31410 7.37179 7.37982 7.33672 7.26206 7.26554 7.35423 7.29965 7.11443 7.19922 7.29668 7.42394 7.49080 7.45247 7.38135 7.32451 7.24865 7.15440 7.06285 7.01221 7.11109 7.29313 7.28390 7.24229 7.36125 7.44658 7.44961 7.47127 7.50422
-99999.00000 -99999.00000 -99999.00000 -99999.00000 -99999.00000 7.12825 7.18363 7.27221 7.11869 6.70700 6.73690 6.99976 7.37919 7.39194 7.30683 7.33178 7.37242 7.12243 6.98908 7.14330 7.30444 7.41647 7.46456 7.34436 7.29515 7.46670 7.57923 7.61798 7.62507 7.62143 7.59202 7.52055 7.39607 7.25596 7.16720 7.06880 7.00028 7.07228 7.20437 7.27157 7.25138 7.15398 7.05933 7.08110 7.19366 7.28190 7.26322 7.33412 7.39567 7.32199 7.12887 7.01151 7.03689 7.12597 7.16501 7.14747 7.13097 7.24062 7.40871 7.39794 7.33875 7.40539 7.49078 7.53069 7.53406 7.52370
-99999.00000 -99999.00000 -99999.00000 -99999.00000 -99999.00000 6.99893 7.11166 7.28932 7.31736 7.06922 6.85166 7.28053 7.40622 7.35330 7.38585 7.42557 7.24960 6.88108 7.06188 7.34474 7.45094 7.48799 7.45467 7.34162 7.35456 7.48466 7.55675 7.57930 7.59918 7.60656 7.57512 7.47316 7.29175 7.17137 7.16784 7.11184 6.97123 6.95468 7.09502 7.23771 7.26225 7.16099 6.97963 6.84358 6.85322 7.05482 7.37232 7.36945 7.15997 6.87920 6.76265 6.77451 6.88836 7.10540 7.25477 7.28643 7.25594 7.31965 7.44327 7.42374 7.35795 7.41627 7.51088 7.54626 7.54507 7.52812
-99999.00000 -99999.00000 -99999.00000 -99999.00000 -99999.00000 7.01991 7.19210 7.37967 7.42524 7.36476 7.16768 7.41767 7.37000 7.31743 7.44954 7.43408 7.05435 6.98444 7.32359 7.47708 7.53699 7.52597 7.46273 7.41076 7.45843 7.48557 7.44838 7.45986 7.52685 7.57091 7.56203 7.46107 7.25499 7.11927 7.20892 7.34874 7.24171 7.10754 7.16936 7.32385 7.38391 7.30540 7.09129 6.82082 6.70490 6.76511 7.13636 7.31020 6.82355 6.64993 6.65554 6.73176 6.84517 7.08496 7.31866 7.38565 7.32074 7.32497 7.40839 7.35992 7.27359 7.38825 7.51955 7.56120 7.56996 7.56246
-99999.00000 -99999.00000 -99999.00000 -99999.00000 -99999.00000 7.16030 7.27622 7.41677 7.47188 7.43557 7.26092 7.40746 7.29664 7.25800 7.44223 7.37967 7.14965 7.13488 7.39131 7.51596 7.54091 7.52181 7.48105 7.48343 7.51977 7.40799 7.20965 7.14946 7.28365 7.45924 7.51429 7.47193 7.35035 7.15960 7.10153 7.29701 7.42619 7.33598 7.27485 7.37663 7.45364 7.39907 7.23651 6.97654 6.74375 6.67175 6.85910 7.24062 6.69078 6.58985 6.68234 6.88484 6.98373 7.16992 7.38027 7.44674 7.35292 7.29847 7.33902 7.22273 7.09214 7.32160 7.51890 7.57622 7.59510 7.60385
-99999.00000 -99999.00000 -99999.00000 -99999.00000 -99999.00000 7.24307 7.30102 7.40102 7.46324 7.42420 7.25658 7.24894 7.26712 7.39713 7.49901 7.39405 7.23932 7.21624 7.36676 7.48299 7.51384 7.48223 7.45562 7.48940 7.48063 7.27047 7.16457 7.07493 6.97304 7.15020 7.34346 7.42972 7.47556 7.37957 7.15544 7.11270 7.36000 7.37868 7.24965 7.33982 7.46588 7.41061 7.21723 7.08917 7.01426 6.69722 6.79048 7.27719 6.68377 6.57730 6.72950 7.02080 7.14880 7.31117 7.45175 7.49392 7.37004 7.25639 7.30220 7.20470 6.89802 7.14272 7.48760 7.57232 7.59938 7.61555
-99999.00000 -99999.00000 -99999.00000 -99999.00000 -99999.00000 7.24971 7.28059 7.35882 7.42440 7.41069 7.31761 7.28421 7.40087 7.52112 7.54511 7.45030 7.30585 7.23262 7.28762 7.34517 7.39023 7.35579 7.35876 7.45576 7.40013 7.24052 7.29812 7.36954 7.22338 7.12369 7.19812 7.30259 7.43975 7.50797 7.41374 7.15701 7.20755 7.27635 7.16755 7.38280 7.52403 7.49759 7.33049 7.10336 7.03460 6.78843 6.85001 7.32827 6.80368 6.60602 6.63022 6.76750 7.03798 7.33165 7.46628 7.49385 7.36729 7.18194 7.20912 7.31478 6.93931 6.99041 7.41505 7.54809 7.59007 7.60734
