mrvbf_slope0.5_pctl1.2.asc
NCOLS 410
NROWS 410
XLLCORNER 2398750.0000000000000000
YLLCORNER 2548750.0000000000000000
CELLSIZE 250.0000000000000000
NODATA_VALUE -99999.00000
[rows 261 to 289 of 410, columns 198 to 263 of 410]
1.98220 1.85067 1.77879 1.62387 1.86274 2.28509 2.18725 1.67473 1.60495 2.10067 2.29668 2.11260 1.94287 1.89907 1.80995 1.76176 1.77395 1.80789 1.80373 1.70830 1.84503 2.25132 2.35818 1.84094 1.16849 1.85832 1.24806 1.62058 2.04421 2.51375 2.94450 2.98367 3.03981 2.90481 2.68891 2.68880 2.60446 2.54953 2.68362 2.76485 2.40584 2.43318 2.60696 2.73244 2.94802 2.94721 2.73858 2.68877 2.54676 2.40449 1.82897 1.00741 0.69655 1.44405 1.10470 0.97858 2.00128 2.54190 2.45627 2.53970 2.30325 1.66882 1.26934 1.39238 1.73970 1.96174
1.83849 1.77797 1.72194 1.72209 2.05765 2.30870 2.10545 1.31280 1.59137 1.94777 2.21362 1.75961 1.55952 1.60968 1.56784 1.43419 1.46198 1.68247 1.54761 0.61097 0.69706 1.92132 2.10858 1.54098 0.93098 1.96663 1.67059 0.61956 1.14587 2.11133 2.52680 2.65506 2.81275 3.02372 2.85588 2.70636 2.63315 2.50192 2.36223 2.45133 2.45320 2.60855 2.76442 2.75064 2.81096 2.86578 2.61918 2.49545 2.29476 2.18255 1.95874 1.64218 1.25208 2.04388 1.78508 1.87520 2.31302 2.34118 2.20528 2.19093 1.84744 0.86828 0.75855 0.71353 0.80941 1.30324
1.79143 1.83695 2.10411 2.28382 2.25847 2.42279 2.15011 1.56714 1.56143 1.93728 1.93943 1.56605 1.04130 1.29254 1.28860 0.62017 0.49210 0.94349 0.63271 0.33343 0.40037 1.89420 2.03779 1.40087 1.12107 1.58237 1.34091 0.91662 0.85745 1.81458 2.42968 2.59416 2.67855 2.86430 3.05897 2.94972 3.02305 2.88528 2.64342 2.58316 2.64623 2.74592 2.87158 2.83479 2.76545 2.71013 2.48306 2.33835 2.16007 1.92475 1.83014 1.69624 1.91537 2.92933 2.58961 2.35670 2.61405 2.42796 2.41380 2.33815 1.88342 0.84079 0.70527 0.58716 0.48047 0.51113
1.66788 2.01369 2.43444 2.40505 2.37978 2.39724 2.13416 1.93845 1.89118 1.99499 1.84981 1.64718 1.53061 1.65766 1.62915 1.18595 0.75135 1.18253 0.73807 0.42109 1.12577 1.98080 2.14319 1.94063 1.90770 2.19227 2.09885 1.73918 1.86300 2.23892 2.49106 2.55647 2.59433 2.74705 3.16396 3.23175 3.20316 3.28607 3.20291 3.03380 2.99663 2.84182 2.77023 2.77913 2.69773 2.59283 2.37669 2.26425 2.25626 1.86463 1.67214 1.65118 2.38699 3.00921 2.63211 2.50154 2.74930 2.51057 2.52127 2.54357 2.23061 1.21605 0.59981 0.61236 0.59829 0.41092
1.51847 2.15547 2.54146 2.33177 2.12541 1.96541 1.81573 1.67290 1.67029 1.72012 1.61993 1.45219 1.66154 1.84508 1.86411 1.73370 1.64193 1.74087 1.54391 1.19614 1.78137 2.04677 2.11227 2.06232 2.35509 2.64687 2.40071 2.00084 1.91037 2.00919 2.14479 2.36222 2.48698 2.67745 2.97130 2.89339 2.85148 2.96297 3.14436 3.04684 2.83941 2.67986 2.61071 2.61072 2.60024 2.50577 2.28942 2.14349 2.13202 1.79921 1.66480 2.22579 2.81219 2.75396 2.48657 2.56627 2.77877 2.45867 2.40512 2.38853 2.35433 1.55669 0.67638 0.72668 0.54439 0.42073
1.93841 2.32562 2.54038 2.15138 1.71781 1.44283 1.12674 0.98872 0.95834 0.90162 0.72239 0.57371 0.88536 1.69955 1.80052 1.64507 1.63926 1.84513 1.78774 1.50564 1.82593 1.98421 1.93145 1.76635 2.01138 2.23992 1.91266 1.11225 0.73109 0.94600 1.53499 2.11826 2.42705 2.65946 2.78009 2.75424 2.81655 2.79959 2.90537 2.88792 2.73369 2.65098 2.61373 2.56848 2.56493 2.46892 2.23996 2.07740 2.09570 2.16753 2.51594 2.94520 2.81854 2.64685 2.59795 2.52993 2.62482 2.53056 2.55240 2.54088 2.49255 1.90487 1.06813 0.85221 0.79646 1.58153
2.16535 2.08735 2.03042 1.56493 1.09878 0.78024 0.63755 0.62114 0.57032 0.53371 0.46345 0.38727 0.41282 0.77883 0.94556 0.64003 1.04792 1.78590 1.76013 1.29199 1.69965 1.89971 1.75305 1.59762 1.86897 1.97558 1.59140 0.37993 0.47746 0.78647 1.33365 1.85298 2.41559 2.69544 2.94077 2.75865 2.76887 2.93117 2.94143 2.85639 2.70151 2.69820 2.81171 2.64171 2.58915 2.47514 2.26949 2.18569 2.46232 2.66666 2.86851 2.82962 2.64354 2.80442 2.80883 2.66802 2.72636 2.96177 2.90694 2.90034 2.63791 2.58198 2.42999 2.14180 1.96192 1.98962
2.60244 2.19795 1.55727 1.01661 0.82146 0.70869 0.63627 0.64417 0.66977 0.53827 0.49411 0.44910 0.42588 0.53099 0.54969 0.41725 0.56831 1.61704 1.50677 0.62722 0.64484 1.00118 0.82776 1.24533 1.83169 1.89905 1.43421 0.46256 0.81295 0.97608 1.40417 1.99317 2.41735 2.67091 2.91137 2.73989 2.73603 2.90258 2.88877 2.73348 2.64793 2.70978 2.93714 2.78998 2.69608 2.54410 2.38173 2.44031 2.84558 2.77663 2.86936 2.88160 2.90085 3.16040 3.01521 2.94778 3.04714 3.25349 3.13541 2.87918 2.75231 2.89154 3.06396 3.18430 2.91042 2.12500
2.50075 2.12632 1.40230 1.04655 1.04218 0.94868 0.82538 0.86011 0.70015 0.73017 0.80693 0.66745 0.54606 0.43314 0.36062 0.31125 0.45590 1.27565 1.22204 0.42100 0.31327 0.41799 0.44043 0.46240 0.93336 1.54809 1.30347 0.96168 1.05127 1.28743 1.95588 2.32440 2.44582 2.60106 2.68953 2.65070 2.70745 2.80059 2.83770 2.66700 2.60643 2.67296 2.78790 2.85193 2.88876 2.62685 2.45146 2.55571 2.72130 2.91508 3.11105 3.12688 3.14837 3.36531 3.33357 3.17455 3.32369 3.44792 3.33743 2.89596 2.74029 3.00350 3.19233 3.35390 3.00107 2.46701
2.58661 2.55105 1.95003 1.41409 1.29445 0.96628 0.75597 0.67960 0.76595 1.39190 1.65816 1.32300 0.61811 0.48462 0.35455 0.30230 0.54420 1.66708 1.70112 0.49659 0.31761 0.44076 0.46741 0.39092 0.42798 0.74855 1.61170 2.22330 1.73121 1.93841 2.29091 2.45300 2.40572 2.49008 2.59429 2.63082 2.79284 2.78643 2.78428 2.63425 2.58242 2.63610 2.64010 2.71994 2.89496 2.65900 2.48065 2.51315 2.65671 2.90968 2.87667 2.82649 2.84851 3.17355 3.42154 3.43639 3.48551 3.52740 3.40379 3.03069 2.83526 3.05644 3.22465 3.29165 2.95655 2.67315
2.96115 2.90449 2.52053 2.03265 1.73316 1.67295 1.45567 1.22666 1.52796 1.87374 1.96025 1.83026 1.37246 0.63245 0.52855 0.42338 0.73269 1.86201 1.98895 1.52526 0.75302 0.75070 0.70973 0.58348 0.63312 1.53300 2.57135 2.58666 2.10538 2.11815 2.27037 2.27186 2.30535 2.40928 2.55622 2.67939 2.80154 2.76858 2.73127 2.58888 2.54039 2.62590 2.57588 2.58275 2.65889 2.62569 2.58089 2.55875 2.65183 2.65895 2.66880 2.73480 2.68033 2.88794 3.27695 3.47241 3.53581 3.52153 3.36241 2.96851 2.69791 2.71277 2.72578 2.81306 2.76575 2.77605
3.20336 3.22458 3.08734 2.72145 2.57533 2.54461 2.45554 2.33877 2.34185 2.45219 2.40443 1.97019 1.76350 1.54376 0.88193 0.59095 1.42486 2.07517 2.70961 2.22870 1.97761 1.94883 1.93914 1.89126 1.74644 2.03685 2.42189 2.49330 2.43168 2.25544 2.21321 2.29727 2.43806 2.48787 2.61229 2.72030 2.73388 2.68864 2.68978 2.57920 2.47346 2.49637 2.53463 2.45872 2.41026 2.41309 2.49246 2.56877 2.55238 2.54902 2.73342 2.80454 2.67790 2.77736 3.09006 3.30812 3.30720 3.27448 3.12802 2.70655 2.44142 2.38421 2.32893 2.32146 2.39962 2.64079
3.25983 3.32092 3.37252 3.36621 3.30807 3.24170 3.07195 2.79841 2.71119 2.70588 2.53865 2.29248 2.11912 1.95049 1.77705 1.65349 2.13321 2.86822 3.31909 3.21470 2.91367 2.78824 2.62026 2.37762 2.38650 2.53854 2.57677 2.46019 2.39270 2.32369 2.36394 2.51483 2.48102 2.51885 2.64701 2.67963 2.66565 2.62408 2.60668 2.58710 2.47396 2.37939 2.35576 2.20282 2.08587 2.14336 2.24598 2.31606 2.39237 2.56368 2.82449 2.74057 2.67282 2.73463 2.85155 2.82965 2.74531 2.70140 2.60979 2.40565 2.21286 2.29226 2.31134 2.18481 2.20295 2.36200
3.01274 3.03932 3.08341 3.17684 3.24861 3.21989 3.13585 3.04708 2.87883 2.71001 2.56168 2.42530 2.36550 2.29876 2.16029 2.18173 2.47611 3.04662 3.42536 3.55806 3.51699 3.24641 2.73238 2.44894 2.53183 2.72406 2.56190 2.22429 1.96677 2.02551 2.45811 2.60301 2.49636 2.50463 2.57845 2.60590 2.62314 2.59285 2.49282 2.39946 2.32824 2.18390 1.95089 1.86452 1.99395 2.14441 2.13998 2.12131 2.28403 2.53112 2.69801 2.67059 2.66174 2.63423 2.57211 2.49759 2.44416 2.40624 2.31682 2.12421 2.19179 2.44968 2.49212 2.30102 2.25795 2.27567
2.91462 2.89348 2.87899 2.90492 2.98753 3.04626 3.05708 3.01920 2.86676 2.70432 2.58173 2.48296 2.46202 2.41885 2.28613 2.29296 2.47284 2.74339 3.25875 3.54761 3.59721 3.21047 2.63124 2.45805 2.56139 2.61467 2.31221 1.71921 1.32213 1.61413 2.18934 2.57345 2.61291 2.51148 2.53242 2.60677 2.68884 2.63076 2.40698 1.89251 1.80060 1.69066 1.66227 2.02828 2.33950 2.42561 2.32557 2.19935 2.28622 2.43945 2.49013 2.48988 2.51784 2.49192 2.41295 2.29372 2.21854 2.21230 2.23055 2.27631 2.52646 2.81405 2.69677 2.55208 2.49260 2.39614
3.00668 2.98317 2.97027 2.96956 3.04056 3.17008 3.22857 3.17176 2.92142 2.72798 2.61970 2.54962 2.56146 2.59160 2.53843 2.56708 2.60232 2.62249 2.91622 3.31446 3.47357 3.17958 2.64930 2.50010 2.63792 2.71251 2.29078 1.70712 1.71766 1.63749 2.06814 2.44163 2.49865 2.40987 2.45372 2.58152 2.67069 2.61052 2.32207 1.64562 1.19291 1.10089 1.46754 2.11312 2.38192 2.50598 2.45253 2.39699 2.33835 2.37625 2.28601 2.23413 2.32132 2.41672 2.40317 2.27233 2.13146 2.08820 2.32508 2.62396 2.94971 3.06402 2.77566 2.62467 2.57513 2.41884
3.21258 3.19085 3.14183 3.11007 3.13564 3.21962 3.29143 3.28284 2.94216 2.75366 2.66377 2.60356 2.60821 2.66656 2.64624 2.62562 2.71025 2.63830 2.67453 2.90586 3.13038 3.02643 2.65352 2.52428 2.55225 2.54742 2.22835 1.74280 1.62188 1.50718 1.71885 1.95372 1.96158 2.04173 2.21664 2.38346 2.54000 2.60935 2.35394 1.80707 1.40403 1.13573 1.05740 1.44506 1.97511 2.29503 2.41034 2.37377 2.29753 2.12110 1.92315 1.90832 2.18988 2.47117 2.52979 2.39276 2.27716 2.19110 2.25696 2.57251 3.04633 3.26528 3.02668 2.64059 2.29836 1.86981
3.35957 3.37929 3.30681 3.19434 3.11548 3.15121 3.26972 3.17163 2.86281 2.76378 2.70966 2.64425 2.64558 2.74084 2.71856 2.64769 2.69139 2.56432 2.43735 2.48052 2.57849 2.61539 2.50285 2.47589 2.51281 2.31036 1.87131 1.41703 1.09961 1.02134 1.20358 1.41911 1.46768 1.81182 2.07521 2.14283 2.30531 2.49241 2.37188 1.84829 1.12059 1.00765 0.95999 0.80056 1.30231 1.96429 2.22736 2.09984 1.88379 1.61661 1.56243 1.91306 2.20103 2.49818 2.61119 2.42155 2.27312 2.36762 2.27744 2.45609 2.76678 3.12860 3.00458 2.44029 1.86870 1.36932
3.09326 3.31065 3.39127 3.23312 3.04348 3.08500 3.23126 2.97456 2.76779 2.76183 2.74974 2.67459 2.67741 2.77204 2.64880 2.47138 2.37185 2.23488 2.02988 1.98092 2.14065 2.26868 2.26087 2.34283 2.32592 2.01787 1.61885 1.04551 0.82483 0.93820 1.00819 1.20792 1.68252 2.11221 2.27847 2.19052 2.11054 2.31280 2.33642 1.86158 1.00864 0.99603 1.49918 1.19485 1.10590 1.88993 2.24239 2.03387 1.61051 1.37873 1.59342 1.83516 2.16393 2.50093 2.62269 2.42044 2.27947 2.48975 2.40187 2.45421 2.58650 2.69491 2.50983 2.01029 1.26572 0.78781
2.86875 3.03037 3.32691 3.26399 2.98367 2.92830 3.01314 2.79528 2.70647 2.78575 2.83554 2.72575 2.69357 2.67738 2.50022 2.21977 1.97646 1.79066 1.38569 1.12816 1.45487 1.82773 2.07584 2.20305 2.08504 1.85121 1.55681 1.02010 1.01266 1.67629 1.72956 1.85096 2.15298 2.41607 2.43895 2.26447 2.01636 2.09007 2.19118 1.93604 1.41957 1.24986 1.45201 1.46127 1.70714 2.08301 2.30684 2.10384 1.74867 1.54114 1.63633 1.57276 2.12678 2.50573 2.61328 2.46725 2.36338 2.54084 2.55609 2.52294 2.51317 2.48305 2.29817 1.73500 0.81358 1.09814
2.96386 2.88739 3.20338 3.31150 3.00631 2.73411 2.68204 2.64025 2.63892 2.74493 2.92588 2.79065 2.67341 2.56433 2.33352 1.89054 1.83398 1.72380 1.06005 0.63080 0.67539 1.40174 1.90687 2.07073 1.92236 1.80145 1.56458 1.02598 1.27573 1.81688 1.98500 2.18304 2.33930 2.40396 2.31444 2.10828 1.82321 1.84611 1.91773 1.84961 1.51946 1.23876 1.33022 1.65418 1.86212 2.01496 2.17250 2.08268 1.70646 1.19470 1.30427 1.26274 2.10885 2.52853 2.69936 2.55094 2.47137 2.59296 2.75069 2.61773 2.53594 2.49018 2.37640 1.97376 1.54391 1.72466
2.91581 2.92024 3.15702 3.27381 3.08996 2.67601 2.56262 2.54668 2.56169 2.62243 2.74768 2.79623 2.65707 2.50112 2.18416 1.80396 1.91533 1.66306 0.79775 0.46296 0.47754 0.96582 1.82966 2.07131 1.99711 1.86715 1.61420 0.99106 1.32083 1.68631 2.16835 2.38648 2.31838 2.26562 2.06881 1.72541 1.47772 1.54986 1.62231 1.56749 1.33984 1.14727 1.06198 1.29433 1.59342 1.76585 1.87369 1.86382 1.55293 0.89265 0.86942 1.04494 2.03640 2.49377 2.59166 2.50832 2.48146 2.56716 2.72336 2.74077 2.70237 2.66873 2.63178 2.44122 1.96879 1.51353
3.15761 3.07716 3.13367 3.07316 2.81285 2.65535 2.63859 2.61101 2.58341 2.58361 2.63650 2.69883 2.62076 2.48982 2.23553 1.96497 1.87885 1.91929 1.25559 0.42306 0.51814 0.98913 1.86674 2.14184 2.10656 1.94095 1.64637 1.03748 1.33754 1.80980 2.24426 2.36533 2.32451 2.23266 1.85841 1.42133 1.13128 0.98838 1.01630 1.18806 1.26653 1.27412 1.20953 1.19644 1.41013 1.56646 1.65549 1.58038 1.12660 0.64525 0.65614 0.72541 1.86675 2.42029 2.45346 2.34514 2.36535 2.51477 2.70860 2.93332 3.04881 3.01393 2.96736 2.76722 2.37787 1.82247
3.31109 3.16264 3.07414 2.93760 2.69761 2.64854 2.71380 2.67088 2.63273 2.69957 2.71190 2.73044 2.63978 2.56217 2.50805 2.37613 2.28314 2.25278 1.76454 0.68928 0.89650 1.35603 1.87982 2.11370 2.11244 1.95071 1.68058 1.32866 1.49858 1.84141 2.11015 2.20482 2.25945 2.13875 1.71854 1.29435 0.90357 0.68196 0.79144 1.13732 1.39278 1.51485 1.56082 1.43531 1.50736 1.57215 1.58123 1.49237 1.07115 0.60622 0.62302 0.72642 1.85345 2.42061 2.38041 2.29188 2.36216 2.47665 2.65000 2.94358 3.16761 3.24239 3.23420 3.08076 2.72007 2.28014
2.92968 2.71786 2.62527 2.62153 2.58064 2.58723 2.63126 2.65271 2.67313 2.87030 2.92898 2.78949 2.65156 2.65162 2.75833 2.65169 2.48805 2.21939 1.74759 0.93291 1.27160 1.46789 1.76779 2.00683 2.07301 1.91868 1.66737 1.41779 1.37367 1.53922 1.76807 1.87257 1.99741 2.00201 1.73745 1.48599 1.22627 1.10160 1.32832 1.25533 1.36877 1.53951 1.55153 1.41811 1.43175 1.55499 1.60726 1.55500 1.17029 0.87898 0.67773 1.37423 1.99789 2.39749 2.35087 2.38853 2.51135 2.47745 2.57345 2.79349 3.09515 3.24298 3.20032 3.06377 2.88690 2.44452
2.53652 2.55943 2.62512 2.72462 2.58355 2.44119 2.39017 2.42596 2.50177 2.64372 2.77734 2.71336 2.62717 2.72840 2.91237 2.64534 2.33796 1.98926 1.43050 0.81335 1.05205 1.19963 1.61422 1.91194 2.02572 1.89128 1.62692 1.23876 1.10657 1.10725 1.32643 1.55918 1.80379 1.98190 1.87006 1.72175 1.59057 1.47666 1.46665 1.38785 1.37260 1.34057 1.05196 0.73549 0.84793 1.35210 1.57509 1.61887 1.33719 1.00223 0.98820 1.64809 2.02414 2.27748 2.26102 2.36604 2.48534 2.42899 2.47098 2.58443 2.73542 2.93177 2.85022 2.70114 2.59500 2.34931
2.36832 2.60870 2.60406 2.52867 2.37477 2.28489 2.36460 2.39830 2.46041 2.50541 2.59273 2.62183 2.62664 2.82163 2.80789 2.52982 2.29576 2.10368 1.47473 0.91912 1.27095 1.31273 1.54605 1.83310 1.95442 1.89923 1.68847 1.28442 1.25306 1.27165 1.26064 1.47024 1.77495 2.03480 1.89936 1.77396 1.67657 1.60268 1.54546 1.46701 1.33874 1.04817 0.66738 0.48098 0.64031 1.23729 1.52840 1.43545 1.55248 1.65801 1.58578 1.78791 2.01157 2.11682 2.13814 2.26606 2.35063 2.31613 2.36184 2.47306 2.59808 2.75625 2.68856 2.58458 2.49196 2.30802
2.25252 2.46558 2.50727 2.40214 2.26732 2.28027 2.51542 2.71891 2.66348 2.48319 2.50079 2.58994 2.70107 2.85615 2.76981 2.58380 2.52861 2.47090 1.96630 1.17669 1.30838 1.91155 1.89368 1.88080 1.87028 1.90510 1.84700 1.62111 1.58933 1.84896 1.94677 1.82365 1.83267 1.95710 1.80545 1.67616 1.60155 1.67147 1.67954 1.61634 1.47792 1.21849 0.93407 0.78387 1.00267 1.50547 1.54846 0.80623 0.85699 1.68902 1.82160 1.90693 1.99588 2.01977 2.07234 2.27976 2.29960 2.25577 2.30652 2.43141 2.56179 2.72448 2.67344 2.61215 2.53308 2.38498
2.10931 2.15958 2.06793 2.07003 2.21355 2.43533 2.68361 2.81223 2.71227 2.52965 2.48284 2.62652 2.89032 2.95216 2.79506 2.68871 2.70685 2.62982 2.27572 1.41062 1.22178 2.05211 2.29076 2.05966 1.68932 1.72069 1.84556 1.78889 1.78593 1.96843 2.15910 2.09064 1.87425 1.83326 1.69714 1.54599 1.51535 1.67192 1.72142 1.70025 1.60844 1.47213 1.30473 1.11446 1.33300 1.66473 1.71894 1.29987 1.27188 1.85450 2.04908 1.94898 1.97211 2.05182 2.18628 2.38318 2.36968 2.31959 2.33442 2.42029 2.53498 2.65757 2.64274 2.56890 2.50786 2.36399
