mrvbf_slope0.7_pctl1.1.asc
NCOLS 410
NROWS 410
XLLCORNER 2398750.0000000000000000
YLLCORNER 2548750.0000000000000000
CELLSIZE 250.0000000000000000
NODATA_VALUE -99999.00000
[rows 145 to 173 of 410, columns 264 to 329 of 410]
5.59276 5.58500 5.64089 5.65624 5.66007 5.68831 5.67878 5.65988 5.72879 5.72801 5.68207 5.67237 5.65439 5.67890 5.67761 5.66513 5.67860 5.63163 5.59131 5.65466 5.68950 5.65073 5.64276 5.63406 5.67791 5.65405 5.58380 5.51894 5.46733 -99999.00000 -99999.00000 -99999.00000 -99999.00000 -99999.00000 -99999.00000 -99999.00000 -99999.00000 -99999.00000 -99999.00000 -99999.00000 -99999.00000 -99999.00000 -99999.00000 -99999.00000 -99999.00000 -99999.00000 -99999.00000 -99999.00000 -99999.00000 -99999.00000 -99999.00000 -99999.00000 -99999.00000 -99999.00000 -99999.00000 -99999.00000 -99999.00000 -99999.00000 -99999.00000 -99999.00000 -99999.00000 -99999.00000 -99999.00000 -99999.00000 -99999.00000 -99999.00000
5.56925 5.58724 5.64223 5.65681 5.61401 5.63826 5.66511 5.66222 5.69016 5.68347 5.68481 5.65905 5.63589 5.64977 5.65419 5.66671 5.68235 5.65216 5.58243 5.60686 5.67637 5.63740 5.60988 5.61324 5.67909 5.67815 5.63164 5.58798 5.55643 5.57907 -99999.00000 -99999.00000 -99999.00000 -99999.00000 -99999.00000 -99999.00000 -99999.00000 -99999.00000 -99999.00000 -99999.00000 -99999.00000 -99999.00000 -99999.00000 -99999.00000 -99999.00000 -99999.00000 -99999.00000 -99999.00000 -99999.00000 -99999.00000 -99999.00000 -99999.00000 -99999.00000 -99999.00000 -99999.00000 -99999.00000 -99999.00000 -99999.00000 -99999.00000 -99999.00000 -99999.00000 -99999.00000 -99999.00000 -99999.00000 -99999.00000 -99999.00000
5.59694 5.58763 5.61948 5.62072 5.63578 5.62315 5.65896 5.64058 5.61661 5.64137 5.65072 5.62300 5.60587 5.62169 5.65216 5.62462 5.59673 5.60212 5.55951 5.58358 5.63655 5.62490 5.61025 5.58685 5.59579 5.62329 5.63531 5.59030 5.63599 5.60963 5.50597 -99999.00000 -99999.00000 -99999.00000 -99999.00000 -99999.00000 -99999.00000 -99999.00000 -99999.00000 -99999.00000 -99999.00000 -99999.00000 -99999.00000 -99999.00000 -99999.00000 -99999.00000 -99999.00000 -99999.00000 -99999.00000 -99999.00000 -99999.00000 -99999.00000 -99999.00000 -99999.00000 -99999.00000 -99999.00000 -99999.00000 -99999.00000 -99999.00000 -99999.00000 -99999.00000 -99999.00000 -99999.00000 -99999.00000 -99999.00000 -99999.00000
5.65960 5.65011 5.63928 5.62604 5.67332 5.61385 5.60996 5.61065 5.62071 5.66312 5.62384 5.59344 5.61028 5.63000 5.59197 5.56024 5.58966 5.56432 5.55900 5.59503 5.60180 5.59206 5.56900 5.55693 5.56272 5.60832 5.58562 5.58751 5.60507 5.57360 5.49207 5.47000 5.52357 -99999.00000 -99999.00000 -99999.00000 -99999.00000 -99999.00000 -99999.00000 -99999.00000 -99999.00000 -99999.00000 -99999.00000 -99999.00000 -99999.00000 -99999.00000 -99999.00000 -99999.00000 -99999.00000 -99999.00000 -99999.00000 -99999.00000 -99999.00000 -99999.00000 -99999.00000 -99999.00000 -99999.00000 -99999.00000 -99999.00000 -99999.00000 -99999.00000 -99999.00000 -99999.00000 -99999.00000 -99999.00000 -99999.00000
5.66717 5.66470 5.65810 5.63966 5.71167 5.67203 5.61037 5.58304 5.61619 5.66560 5.61789 5.61903 5.65745 5.61491 5.58743 5.62821 5.63616 5.61319 5.60325 5.60602 5.60934 5.60600 5.57373 5.55792 5.58217 5.61032 5.55710 5.55212 5.53757 5.48818 5.48520 5.53669 5.61035 5.70595 5.71083 5.75728 -99999.00000 -99999.00000 -99999.00000 -99999.00000 -99999.00000 -99999.00000 -99999.00000 -99999.00000 -99999.00000 -99999.00000 -99999.00000 -99999.00000 -99999.00000 -99999.00000 -99999.00000 -99999.00000 -99999.00000 -99999.00000 -99999.00000 -99999.00000 -99999.00000 -99999.00000 -99999.00000 -99999.00000 -99999.00000 -99999.00000 -99999.00000 -99999.00000 -99999.00000 -99999.00000
5.66821 5.67969 5.66852 5.62764 5.65910 5.64519 5.59706 5.60008 5.58805 5.60366 5.61197 5.65336 5.67287 5.61568 5.59145 5.63019 5.66156 5.64470 5.60628 5.60899 5.60952 5.56732 5.55683 5.56838 5.60034 5.59590 5.55050 5.53469 5.52361 5.53503 5.56891 5.62517 5.71453 5.76993 5.74511 5.74898 5.75264 5.69835 5.80818 -99999.00000 -99999.00000 -99999.00000 -99999.00000 -99999.00000 -99999.00000 -99999.00000 -99999.00000 -99999.00000 -99999.00000 -99999.00000 -99999.00000 -99999.00000 -99999.00000 -99999.00000 -99999.00000 -99999.00000 -99999.00000 -99999.00000 -99999.00000 -99999.00000 -99999.00000 -99999.00000 -99999.00000 -99999.00000 -99999.00000 -99999.00000
5.69139 5.68632 5.68518 5.62203 5.59179 5.60978 5.60638 5.61518 5.62734 5.60318 5.58448 5.62391 5.66458 5.65226 5.60053 5.58738 5.61256 5.63690 5.61586 5.58343 5.55427 5.54585 5.55376 5.54782 5.57056 5.55627 5.53671 5.53387 5.59106 5.63465 5.67415 5.70790 5.75327 5.74948 5.75688 5.73264 5.67242 5.72556 5.79211 5.73812 5.71721 5.61920 5.62938 -99999.00000 -99999.00000 -99999.00000 -99999.00000 -99999.00000 -99999.00000 -99999.00000 -99999.00000 -99999.00000 -99999.00000 -99999.00000 -99999.00000 -99999.00000 -99999.00000 -99999.00000 -99999.00000 -99999.00000 -99999.00000 -99999.00000 -99999.00000 -99999.00000 -99999.00000 -99999.00000
5.67967 5.68518 5.71205 5.61922 5.59835 5.64081 5.65014 5.64635 5.63033 5.59336 5.57638 5.60105 5.64376 5.64363 5.60002 5.58327 5.60902 5.62499 5.58724 5.56579 5.55944 5.57127 5.52643 5.43343 5.48656 5.53137 5.55875 5.57651 5.64015 5.65396 5.65104 5.67620 5.72031 5.74248 5.72778 5.71560 5.69350 5.68316 5.81598 5.83401 5.85134 5.72334 5.72122 5.73564 5.70714 -99999.00000 -99999.00000 -99999.00000 -99999.00000 -99999.00000 -99999.00000 -99999.00000 -99999.00000 -99999.00000 -99999.00000 -99999.00000 -99999.00000 -99999.00000 -99999.00000 -99999.00000 -99999.00000 -99999.00000 -99999.00000 -99999.00000 -99999.00000 -99999.00000
5.68311 5.68830 5.67611 5.61791 5.61396 5.60792 5.62141 5.60893 5.56825 5.56069 5.56610 5.60444 5.60594 5.58866 5.58803 5.61554 5.60843 5.60255 5.58258 5.57345 5.57592 5.55891 5.39017 5.11301 5.12866 5.46671 5.60547 5.66445 5.69494 5.64063 5.60347 5.66457 5.67933 5.69879 5.66679 5.71650 5.82575 5.81743 5.84976 5.84059 5.79017 5.78637 5.75370 5.71782 5.71304 5.76577 5.74808 -99999.00000 -99999.00000 -99999.00000 -99999.00000 -99999.00000 -99999.00000 -99999.00000 -99999.00000 -99999.00000 -99999.00000 -99999.00000 -99999.00000 -99999.00000 -99999.00000 -99999.00000 -99999.00000 -99999.00000 -99999.00000 -99999.00000
5.65895 5.64843 5.61338 5.60063 5.61779 5.58536 5.56102 5.56188 5.55678 5.56807 5.56201 5.58623 5.58684 5.60725 5.62619 5.62760 5.58499 5.60487 5.58826 5.56641 5.55530 5.53235 5.16146 4.55116 4.89948 5.21340 5.53684 5.58209 5.62726 5.61494 5.60637 5.70874 5.69068 5.66978 5.69043 5.72930 5.84639 5.81896 5.86612 5.77032 5.75348 5.86753 5.82713 5.73012 5.74051 5.79861 5.75155 5.57172 5.52272 -99999.00000 -99999.00000 -99999.00000 -99999.00000 -99999.00000 -99999.00000 -99999.00000 -99999.00000 -99999.00000 -99999.00000 -99999.00000 -99999.00000 -99999.00000 -99999.00000 -99999.00000 -99999.00000 -99999.00000
5.52172 5.54678 5.57542 5.54438 5.59779 5.61106 5.58733 5.59036 5.59314 5.58126 5.57513 5.59971 5.62454 5.62699 5.65385 5.64676 5.63291 5.60789 5.57076 5.53863 5.51875 5.54941 5.46361 5.11581 5.03711 5.48024 5.61033 5.56160 5.55067 5.56656 5.60352 5.65620 5.64050 5.67388 5.69596 5.80952 5.85375 5.79164 5.85241 5.79812 5.76088 5.85785 5.79027 5.76023 5.75028 5.77353 5.77922 5.66249 5.62344 5.65329 5.61071 -99999.00000 -99999.00000 -99999.00000 -99999.00000 -99999.00000 -99999.00000 -99999.00000 -99999.00000 -99999.00000 -99999.00000 -99999.00000 -99999.00000 -99999.00000 -99999.00000 -99999.00000
5.22176 5.38698 5.53231 5.49878 5.57150 5.61858 5.62652 5.61582 5.61933 5.58515 5.57687 5.61429 5.64258 5.66132 5.62110 5.61940 5.58842 5.60072 5.60127 5.54704 5.52244 5.56190 5.60402 5.55594 5.54453 5.63415 5.61218 5.54153 5.53408 5.57532 5.59688 5.64201 5.69355 5.64934 5.60668 5.70646 5.76275 5.75776 5.73169 5.75301 5.79048 5.79786 5.72637 5.72618 5.76480 5.83853 5.86817 5.85250 5.75151 5.73994 5.70591 5.71815 -99999.00000 -99999.00000 -99999.00000 -99999.00000 -99999.00000 -99999.00000 -99999.00000 -99999.00000 -99999.00000 -99999.00000 -99999.00000 -99999.00000 -99999.00000 -99999.00000
5.39664 5.35786 5.39401 5.42961 5.51902 5.58089 5.61605 5.60105 5.59403 5.59073 5.60763 5.64606 5.66801 5.65981 5.63242 5.62315 5.61632 5.61801 5.59668 5.54435 5.52321 5.58949 5.61948 5.60992 5.60049 5.64718 5.58361 5.57436 5.57119 5.58013 5.57351 5.62643 5.68037 5.57795 5.62942 5.66183 5.76113 5.81690 5.77062 5.73574 5.75376 5.73223 5.73870 5.76244 5.74587 5.70929 5.73241 5.78736 5.80790 5.78678 5.75862 5.72115 5.64819 -99999.00000 -99999.00000 -99999.00000 -99999.00000 -99999.00000 -99999.00000 -99999.00000 -99999.00000 -99999.00000 -99999.00000 -99999.00000 -99999.00000 -99999.00000
5.49580 5.49516 5.39675 5.41960 5.45828 5.51802 5.58333 5.59635 5.60064 5.63833 5.66170 5.69839 5.69008 5.64607 5.63379 5.63423 5.65247 5.59314 5.56891 5.51551 5.53765 5.62450 5.62767 5.60388 5.62033 5.63839 5.60018 5.61633 5.60521 5.61028 5.56792 5.56840 5.62708 5.60949 5.63638 5.71310 5.80086 5.88324 5.82752 5.83139 5.77563 5.84438 5.86224 5.81123 5.83100 5.81935 5.69331 5.74142 5.77027 5.76420 5.79376 5.70668 5.64090 5.62618 5.62108 -99999.00000 -99999.00000 -99999.00000 -99999.00000 -99999.00000 -99999.00000 -99999.00000 -99999.00000 -99999.00000 -99999.00000 -99999.00000
5.54874 5.52192 5.45656 5.46871 5.43206 5.45228 5.53713 5.59518 5.64800 5.67802 5.69294 5.70114 5.67809 5.65391 5.64483 5.63743 5.67367 5.61930 5.57753 5.55658 5.60134 5.64388 5.65074 5.62691 5.67266 5.65185 5.63498 5.60044 5.58760 5.58759 5.58573 5.60115 5.61959 5.64858 5.69536 5.74846 5.84265 5.88217 5.83657 5.81287 5.80277 5.91133 5.88507 5.83958 5.94979 5.93340 5.74570 5.76443 5.80594 5.69835 5.66760 5.62772 5.61859 5.65410 5.70912 5.67991 -99999.00000 -99999.00000 -99999.00000 -99999.00000 -99999.00000 -99999.00000 -99999.00000 -99999.00000 -99999.00000 5.84258
5.46547 5.51314 5.40763 5.42224 5.42509 5.47594 5.52398 5.52199 5.57075 5.63975 5.70582 5.66400 5.59620 5.59588 5.65966 5.68977 5.69892 5.68149 5.63614 5.60775 5.61807 5.64109 5.66589 5.63572 5.65443 5.68921 5.67714 5.63914 5.57624 5.58412 5.58923 5.58740 5.60278 5.65972 5.77334 5.79520 5.79454 5.80696 5.84971 5.83076 5.87820 5.91035 5.92758 5.87578 5.89294 5.93714 5.79303 5.68823 5.68502 5.68809 5.73078 5.71206 5.74705 5.71449 5.75247 5.65291 5.53071 -99999.00000 -99999.00000 -99999.00000 -99999.00000 -99999.00000 -99999.00000 -99999.00000 5.81319 5.74389
5.41987 5.49356 5.42568 5.36130 5.32538 5.40102 5.48899 5.50070 5.50869 5.57815 5.60510 5.53022 5.46119 5.44467 5.57973 5.69984 5.70305 5.72392 5.69523 5.66382 5.61254 5.61791 5.65166 5.63474 5.65016 5.67532 5.64725 5.59963 5.60817 5.63248 5.59939 5.59333 5.59977 5.62621 5.69329 5.71240 5.72774 5.75798 5.78413 5.73556 5.81727 5.92651 5.92999 5.91260 5.85491 5.86953 5.80472 5.65626 5.64885 5.65992 5.73202 5.73157 5.74736 5.79493 5.79200 5.66678 5.58267 5.58518 -99999.00000 -99999.00000 -99999.00000 -99999.00000 5.66072 5.65531 5.69925 5.67330
5.41934 5.38750 5.49719 5.40957 5.12756 5.23598 5.43481 5.46052 5.46357 5.52905 5.50717 5.42279 5.46556 5.32865 5.42106 5.60315 5.64855 5.66760 5.67577 5.66689 5.63084 5.60864 5.61751 5.62612 5.67163 5.65074 5.61224 5.61792 5.66893 5.65795 5.61681 5.61904 5.58985 5.60494 5.62938 5.63718 5.65954 5.64234 5.72946 5.67611 5.73482 5.85332 5.93125 6.03618 5.98613 5.80725 5.72970 5.67179 5.64521 5.61923 5.64482 5.64063 5.63210 5.71895 5.74636 5.65717 5.60243 5.61707 5.62675 -99999.00000 -99999.00000 5.61648 5.62892 5.62408 5.64493 5.63937
5.53516 5.40462 5.44409 5.42593 5.30232 4.98425 5.23129 5.29568 5.39462 5.35666 5.40015 5.43543 5.46468 5.34915 5.44748 5.53952 5.53819 5.58732 5.67961 5.67770 5.63520 5.60983 5.59849 5.62836 5.61907 5.57112 5.57504 5.59677 5.62742 5.60524 5.60593 5.60132 5.57675 5.60138 5.63296 5.60422 5.54246 5.60260 5.66176 5.70889 5.71778 5.78965 5.80856 5.87848 5.89554 5.76690 5.78616 5.65699 5.61573 5.61914 5.56031 5.58973 5.66785 5.66788 5.68426 5.61097 5.61006 5.65174 5.65243 5.60980 5.60634 5.62246 5.63033 5.63256 5.65969 5.67785
5.60760 5.56483 5.51801 5.49329 5.39236 5.28369 5.09373 5.14818 5.35562 5.26442 5.32657 5.31858 5.42275 5.35840 5.48651 5.50365 5.45928 5.46421 5.58898 5.64764 5.65119 5.57721 5.53559 5.56439 5.51184 5.49839 5.50545 5.54150 5.58619 5.58065 5.59606 5.59315 5.61116 5.58104 5.59753 5.56852 5.54280 5.52208 5.60117 5.67465 5.78534 5.82866 5.70826 5.67902 5.65204 5.66481 5.78854 5.69840 5.62687 5.64783 5.57008 5.52988 5.60509 5.69783 5.69338 5.65705 5.62667 5.64581 5.61669 5.63428 5.64469 5.62312 5.61696 5.63494 5.66892 5.65371
5.62840 5.60934 5.53046 5.52426 5.53438 5.47596 5.33748 5.32636 5.41438 5.34617 5.12877 5.23473 5.44305 5.43230 5.44534 5.45979 5.47198 5.41246 5.49403 5.59921 5.60126 5.55495 5.51902 5.49743 5.47091 5.44333 5.42343 5.47513 5.55044 5.52590 5.54769 5.63072 5.62301 5.59173 5.56282 5.55571 5.50215 5.52792 5.56352 5.56886 5.64273 5.70176 5.67610 5.65500 5.69222 5.61166 5.71269 5.71234 5.67387 5.59258 5.58868 5.56111 5.56795 5.67742 5.73820 5.72726 5.61075 5.60590 5.62496 5.62846 5.59943 5.58849 5.59390 5.60641 5.64352 5.61591
5.58540 5.60487 5.50250 5.46351 5.52992 5.57927 5.55081 5.46639 5.50704 5.49180 5.33873 5.35351 5.34440 5.43904 5.45963 5.48064 5.44118 5.44780 5.51116 5.60196 5.62043 5.55012 5.52659 5.52208 5.50058 5.50052 5.50024 5.42427 5.47344 5.49218 5.49908 5.57721 5.59340 5.63161 5.56911 5.52501 5.49761 5.52000 5.54239 5.54011 5.61313 5.65649 5.65730 5.60073 5.64959 5.64160 5.78750 5.73031 5.64755 5.55893 5.55845 5.61939 5.61750 5.69655 5.68877 5.75907 5.72480 5.61461 5.63302 5.65194 5.61114 5.55218 5.57250 5.59671 5.59298 5.58179
5.55561 5.56748 5.51665 5.44974 5.45102 5.52655 5.56186 5.51348 5.50175 5.54644 5.45268 5.38077 5.39712 5.40832 5.45309 5.45897 5.46106 5.49095 5.54021 5.56084 5.57041 5.56882 5.58624 5.53759 5.54539 5.52732 5.48957 5.45884 5.50145 5.48210 5.47041 5.54665 5.57699 5.56338 5.52671 5.53092 5.44503 5.44976 5.53868 5.61421 5.63970 5.71118 5.71464 5.66712 5.67030 5.72832 5.82386 5.72806 5.61753 5.55195 5.62030 5.62021 5.59220 5.66432 5.72021 5.72869 5.75529 5.68307 5.64792 5.67048 5.62548 5.52668 5.54947 5.61371 5.55123 5.50398
5.55082 5.55907 5.55932 5.54071 5.45973 5.46667 5.51300 5.47407 5.46004 5.49191 5.51548 5.37945 5.28576 5.35749 5.37480 5.35112 5.36133 5.41218 5.48301 5.50458 5.49934 5.54840 5.60116 5.56926 5.57394 5.54330 5.53720 5.51186 5.49612 5.52193 5.46434 5.54497 5.59615 5.60891 5.55456 5.48871 5.45479 5.51090 5.56785 5.62302 5.62626 5.66500 5.64696 5.64756 5.68576 5.68202 5.67633 5.60233 5.58832 5.64884 5.68344 5.59282 5.61026 5.72873 5.74481 5.66240 5.64268 5.63307 5.64860 5.67317 5.61168 5.50692 5.51879 5.57947 5.55239 5.45739
5.55802 5.54234 5.55869 5.58757 5.55233 5.47249 5.51305 5.47540 5.49670 5.41422 5.40782 5.39559 5.41451 5.40714 5.39830 5.42065 5.40433 5.38027 5.37068 5.36847 5.40507 5.40902 5.52550 5.53728 5.53363 5.55034 5.61303 5.60220 5.57125 5.53856 5.51338 5.57468 5.60413 5.63284 5.59340 5.52686 5.53742 5.57987 5.61535 5.62503 5.61939 5.61013 5.62720 5.67632 5.83123 5.77777 5.68413 5.64309 5.59118 5.73969 5.71697 5.69334 5.71505 5.62811 5.67712 5.65549 5.67082 5.68489 5.71634 5.64363 5.57039 5.53882 5.56287 5.58015 5.54671 5.45291
5.54058 5.55134 5.55295 5.56563 5.56763 5.52593 5.50074 5.48595 5.48918 5.41985 5.36013 5.37711 5.18848 5.35201 5.40552 5.49775 5.44446 5.42302 5.38891 5.39698 5.43521 5.37256 5.37760 5.38847 5.46784 5.56545 5.62700 5.61181 5.58967 5.55445 5.52244 5.55825 5.61576 5.64055 5.59637 5.57109 5.56882 5.59399 5.63840 5.67089 5.68860 5.67453 5.64238 5.71579 5.84877 5.75682 5.69802 5.62443 5.61259 5.79340 5.84057 5.80874 5.72589 5.62979 5.64165 5.58877 5.62948 5.66934 5.67228 5.59493 5.55218 5.58624 5.59663 5.56175 5.51475 5.37799
5.49090 5.54543 5.55441 5.56571 5.61906 5.58548 5.52832 5.49380 5.51542 5.47040 5.33381 5.43027 5.28970 5.43433 5.46883 5.51040 5.48838 5.42828 5.50950 5.50489 5.42901 5.39945 5.36942 5.34288 5.22421 5.45778 5.55277 5.58053 5.57667 5.53976 5.54330 5.57761 5.65312 5.62841 5.58956 5.58659 5.57474 5.62112 5.64316 5.64930 5.71643 5.74572 5.68727 5.72842 5.72408 5.77452 5.80718 5.71575 5.74438 5.85328 5.89396 5.76124 5.69950 5.69665 5.62654 5.56342 5.57333 5.60972 5.58580 5.52926 5.52128 5.55107 5.60435 5.55158 5.42659 5.23716
5.46160 5.52924 5.52994 5.52950 5.58337 5.59646 5.56867 5.53989 5.53920 5.51047 5.44593 5.41612 5.37508 5.37586 5.34350 5.46026 5.49933 5.48721 5.52375 5.52316 5.49182 5.43147 5.37973 5.40446 5.23780 5.27217 5.43752 5.48500 5.52911 5.54201 5.55027 5.58652 5.62299 5.61416 5.58166 5.56292 5.55439 5.58304 5.64749 5.69895 5.68091 5.70882 5.65869 5.65470 5.66656 5.74279 5.78958 5.83641 5.81246 5.79002 5.88291 5.81044 5.65384 5.60572 5.62227 5.54029 5.48756 5.53782 5.53938 5.51814 5.54312 5.52247 5.57299 5.52178 5.42758 5.30655
5.45004 5.27757 5.30300 5.46998 5.50498 5.54269 5.55200 5.53675 5.54175 5.56448 5.55361 5.45400 5.38949 5.19136 5.42942 5.45295 5.46896 5.42110 5.30604 5.37738 5.47997 5.47833 5.50796 5.46854 5.30020 5.33138 5.40468 5.38555 5.37809 5.44296 5.50933 5.55653 5.58371 5.62056 5.60843 5.55459 5.54211 5.57756 5.68224 5.67524 5.55816 5.56803 5.65346 5.70728 5.69982 5.67686 5.75834 5.77418 5.82851 5.77033 5.93107 5.82379 5.66512 5.61569 5.58256 5.55851 5.54702 5.48381 5.50852 5.54586 5.55227 5.45715 5.47696 5.50844 5.44478 5.33106
