mrvbf_slope1.4_pctl0.9.asc
NCOLS 410
NROWS 410
XLLCORNER 2398750.0000000000000000
YLLCORNER 2548750.0000000000000000
CELLSIZE 250.0000000000000000
NODATA_VALUE -99999.00000
[rows 116 to 144 of 410, columns 66 to 131 of 410]
7.82046 7.81900 7.81945 7.81884 7.82004 7.82222 7.82290 7.82297 7.82268 7.82210 7.82136 7.82072 7.82036 7.82051 7.82050 7.81934 7.81702 7.81633 7.81808 7.81849 7.81854 7.81954 7.82019 7.81919 7.81904 7.81913 7.81805 7.81561 7.81329 7.81351 7.81570 7.81662 7.81739 7.81840 7.81883 7.81903 7.81910 7.81911 7.81910 7.81900 7.81871 7.81811 7.81697 7.81576 7.81696 7.81759 7.81834 7.81835 7.81819 7.81789 7.81749 7.81765 7.81785 7.81733 7.81636 7.81637 7.81613 7.81513 7.81236 7.81179 7.81426 7.81536 7.81455 7.81311 7.81373 7.81483
7.81870 7.81662 7.81933 7.81682 7.81836 7.82148 7.82225 7.82227 7.82167 7.82070 7.81978 7.81895 7.81838 7.81797 7.81835 7.81841 7.81723 7.81737 7.81790 7.81816 7.81668 7.81669 7.81779 7.81691 7.81782 7.81840 7.81781 7.81623 7.81371 7.81358 7.81577 7.81691 7.81709 7.81741 7.81768 7.81799 7.81808 7.81812 7.81819 7.81822 7.81814 7.81795 7.81761 7.81675 7.81675 7.81673 7.81738 7.81747 7.81736 7.81718 7.81680 7.81657 7.81682 7.81656 7.81557 7.81530 7.81489 7.81400 7.81029 7.81035 7.81403 7.81396 7.81256 7.81283 7.81419 7.81402
7.81826 7.81595 7.81908 7.81692 7.81749 7.82042 7.82138 7.82118 7.82025 7.81958 7.81911 7.81854 7.81772 7.81609 7.81456 7.81368 7.81359 7.81688 7.81905 7.81950 7.81762 7.81527 7.81506 7.81611 7.81765 7.81738 7.81654 7.81647 7.81381 7.81286 7.81531 7.81616 7.81563 7.81533 7.81569 7.81628 7.81630 7.81639 7.81681 7.81714 7.81719 7.81711 7.81693 7.81644 7.81581 7.81554 7.81581 7.81603 7.81621 7.81614 7.81573 7.81564 7.81607 7.81595 7.81507 7.81421 7.81398 7.81321 7.81036 7.81009 7.81298 7.81293 7.81256 7.81371 7.81381 7.81235
7.81889 7.81751 7.81920 7.81851 7.81750 7.81900 7.81993 7.81976 7.81941 7.81920 7.81872 7.81801 7.81698 7.81520 7.81315 7.81184 7.81264 7.81419 7.81722 7.81906 7.81867 7.81692 7.81640 7.81775 7.81812 7.81732 7.81563 7.81536 7.81323 7.81148 7.81370 7.81451 7.81321 7.81324 7.81408 7.81467 7.81411 7.81408 7.81482 7.81572 7.81608 7.81607 7.81592 7.81558 7.81455 7.81420 7.81376 7.81311 7.81400 7.81455 7.81428 7.81466 7.81510 7.81511 7.81475 7.81383 7.81321 7.81214 7.81039 7.81039 7.81241 7.81260 7.81223 7.81304 7.81218 7.81069
7.81834 7.81857 7.81953 7.81894 7.81774 7.81789 7.81842 7.81896 7.81931 7.81889 7.81794 7.81694 7.81600 7.81515 7.81460 7.81473 7.81477 7.81314 7.81505 7.81780 7.81826 7.81805 7.81782 7.81770 7.81733 7.81601 7.81352 7.81366 7.81356 7.81092 7.81173 7.81305 7.81230 7.81361 7.81392 7.81439 7.81321 7.81264 7.81278 7.81409 7.81493 7.81496 7.81478 7.81449 7.81383 7.81253 7.81099 7.81125 7.81128 7.81183 7.81160 7.81288 7.81369 7.81392 7.81389 7.81335 7.81235 7.81110 7.80982 7.80986 7.81152 7.81181 7.81155 7.81221 7.81098 7.81023
7.81881 7.81924 7.81908 7.81861 7.81827 7.81761 7.81756 7.81834 7.81894 7.81850 7.81705 7.81558 7.81496 7.81508 7.81570 7.81632 7.81505 7.81234 7.81346 7.81643 7.81746 7.81763 7.81739 7.81688 7.81597 7.81332 7.81123 7.81330 7.81343 7.81175 7.81269 7.81354 7.81335 7.81294 7.81268 7.81258 7.81232 7.81202 7.81143 7.81260 7.81374 7.81383 7.81358 7.81324 7.81285 7.81217 7.81088 7.80890 7.80854 7.80797 7.80864 7.80944 7.81118 7.81200 7.81249 7.81240 7.81157 7.81039 7.80906 7.80885 7.81019 7.81059 7.81069 7.81139 7.81049 7.80907
7.81889 7.81959 7.81893 7.81875 7.81847 7.81727 7.81688 7.81731 7.81807 7.81789 7.81621 7.81437 7.81404 7.81480 7.81603 7.81656 7.81411 7.81096 7.81247 7.81553 7.81668 7.81691 7.81650 7.81572 7.81448 7.81111 7.81009 7.81268 7.81168 7.81119 7.81275 7.81322 7.81319 7.81230 7.81229 7.81168 7.81036 7.81089 7.81117 7.81191 7.81264 7.81268 7.81232 7.81187 7.81143 7.81098 7.81041 7.80943 7.80851 7.80667 7.80462 7.80506 7.80671 7.80873 7.81033 7.81101 7.81078 7.80991 7.80849 7.80783 7.80863 7.80966 7.80998 7.81057 7.81031 7.80882
7.81804 7.81892 7.81879 7.81855 7.81746 7.81676 7.81633 7.81615 7.81706 7.81675 7.81479 7.81338 7.81366 7.81479 7.81595 7.81595 7.81203 7.80901 7.81242 7.81517 7.81595 7.81597 7.81528 7.81418 7.81272 7.80974 7.80834 7.81061 7.80948 7.80930 7.81104 7.81143 7.81172 7.81151 7.81210 7.81212 7.81079 7.81047 7.81106 7.81156 7.81172 7.81147 7.81097 7.81042 7.80994 7.80951 7.80904 7.80852 7.80799 7.80724 7.80611 7.80509 7.80416 7.80512 7.80725 7.80917 7.80965 7.80934 7.80830 7.80746 7.80752 7.80844 7.80864 7.80901 7.80945 7.80861
7.81619 7.81573 7.81538 7.81615 7.81627 7.81601 7.81513 7.81576 7.81622 7.81485 7.81316 7.81295 7.81385 7.81492 7.81545 7.81454 7.80947 7.80803 7.81284 7.81471 7.81519 7.81484 7.81358 7.81165 7.80948 7.80685 7.80668 7.80937 7.80859 7.80752 7.80875 7.80905 7.80885 7.80940 7.81102 7.81151 7.81123 7.81079 7.81078 7.81080 7.81056 7.81006 7.80946 7.80889 7.80842 7.80803 7.80766 7.80728 7.80691 7.80655 7.80616 7.80542 7.80439 7.80425 7.80533 7.80682 7.80813 7.80882 7.80828 7.80733 7.80639 7.80608 7.80733 7.80719 7.80805 7.80781
7.81518 7.81384 7.81337 7.81384 7.81497 7.81477 7.81522 7.81581 7.81447 7.81258 7.81232 7.81324 7.81433 7.81495 7.81463 7.81276 7.80803 7.80836 7.81287 7.81410 7.81430 7.81334 7.81109 7.80878 7.80733 7.80683 7.80810 7.80998 7.80895 7.80833 7.80884 7.80857 7.80663 7.80709 7.80977 7.81033 7.81026 7.81004 7.80978 7.80944 7.80897 7.80840 7.80783 7.80732 7.80692 7.80661 7.80636 7.80614 7.80597 7.80587 7.80573 7.80503 7.80358 7.80277 7.80344 7.80465 7.80588 7.80694 7.80761 7.80785 7.80707 7.80529 7.80466 7.80495 7.80677 7.80676
7.81599 7.81598 7.81498 7.81324 7.81320 7.81437 7.81549 7.81446 7.81211 7.81149 7.81251 7.81362 7.81443 7.81465 7.81399 7.81197 7.80873 7.80903 7.81215 7.81327 7.81316 7.81146 7.80870 7.80745 7.80782 7.80889 7.80988 7.80913 7.80814 7.80853 7.80839 7.80703 7.80504 7.80641 7.80839 7.80860 7.80841 7.80817 7.80786 7.80748 7.80704 7.80658 7.80613 7.80575 7.80545 7.80525 7.80513 7.80507 7.80511 7.80524 7.80525 7.80459 7.80308 7.80185 7.80160 7.80203 7.80295 7.80435 7.80600 7.80703 7.80717 7.80647 7.80509 7.80449 7.80473 7.80521
7.81579 7.81599 7.81457 7.81234 7.81231 7.81410 7.81428 7.81229 7.81091 7.81186 7.81303 7.81355 7.81385 7.81383 7.81319 7.81163 7.80945 7.80896 7.81095 7.81213 7.81172 7.80948 7.80717 7.80732 7.80866 7.80965 7.80975 7.80883 7.80839 7.80818 7.80726 7.80580 7.80521 7.80593 7.80579 7.80561 7.80561 7.80559 7.80547 7.80528 7.80502 7.80472 7.80444 7.80421 7.80405 7.80397 7.80396 7.80403 7.80420 7.80445 7.80454 7.80401 7.80278 7.80153 7.80069 7.80038 7.80060 7.80148 7.80316 7.80496 7.80578 7.80573 7.80487 7.80332 7.80352 7.80398
7.81451 7.81489 7.81395 7.81225 7.81229 7.81295 7.81183 7.81059 7.81095 7.81213 7.81289 7.81311 7.81301 7.81246 7.81139 7.80980 7.80801 7.80750 7.80933 7.81063 7.80999 7.80788 7.80661 7.80730 7.80852 7.80912 7.80907 7.80861 7.80816 7.80758 7.80659 7.80550 7.80471 7.80322 7.80233 7.80259 7.80299 7.80323 7.80327 7.80319 7.80305 7.80290 7.80279 7.80273 7.80272 7.80276 7.80285 7.80300 7.80322 7.80350 7.80361 7.80324 7.80236 7.80135 7.80049 7.79992 7.79955 7.79943 7.80019 7.80202 7.80322 7.80309 7.80217 7.80134 7.80187 7.80269
7.81372 7.81423 7.81382 7.81263 7.81153 7.81024 7.80912 7.80974 7.81120 7.81212 7.81236 7.81226 7.81185 7.81108 7.80984 7.80779 7.80554 7.80487 7.80689 7.80853 7.80782 7.80642 7.80628 7.80712 7.80793 7.80831 7.80832 7.80797 7.80738 7.80661 7.80571 7.80464 7.80331 7.80217 7.80219 7.80196 7.80182 7.80171 7.80154 7.80137 7.80125 7.80121 7.80123 7.80132 7.80144 7.80159 7.80175 7.80194 7.80217 7.80242 7.80253 7.80231 7.80175 7.80108 7.80046 7.79991 7.79930 7.79864 7.79863 7.79957 7.80043 7.80024 7.79991 7.80060 7.80201 7.80306
7.81365 7.81287 7.81174 7.81087 7.80908 7.80749 7.80764 7.80917 7.81076 7.81161 7.81179 7.81143 7.81053 7.80977 7.80913 7.80744 7.80434 7.80279 7.80401 7.80545 7.80498 7.80479 7.80562 7.80669 7.80730 7.80745 7.80733 7.80681 7.80598 7.80516 7.80450 7.80385 7.80321 7.80299 7.80291 7.80211 7.80137 7.80070 7.80015 7.79979 7.79963 7.79964 7.79976 7.79996 7.80019 7.80042 7.80064 7.80086 7.80107 7.80128 7.80139 7.80128 7.80095 7.80056 7.80018 7.79968 7.79902 7.79841 7.79829 7.79869 7.79913 7.79922 7.79981 7.80119 7.80209 7.80273
7.81251 7.80957 7.80794 7.80701 7.80636 7.80643 7.80715 7.80806 7.80926 7.81044 7.81092 7.81072 7.80967 7.80841 7.80788 7.80788 7.80490 7.80270 7.80249 7.80252 7.80221 7.80287 7.80428 7.80560 7.80626 7.80626 7.80583 7.80489 7.80387 7.80340 7.80323 7.80306 7.80285 7.80249 7.80193 7.80123 7.80039 7.79942 7.79867 7.79823 7.79809 7.79815 7.79835 7.79863 7.79894 7.79923 7.79949 7.79972 7.79992 7.80009 7.80020 7.80016 7.79996 7.79969 7.79939 7.79896 7.79838 7.79798 7.79806 7.79848 7.79883 7.79913 7.79991 7.80065 7.80133 7.80175
7.81012 7.80642 7.80499 7.80598 7.80695 7.80769 7.80767 7.80700 7.80704 7.80837 7.80932 7.80968 7.80931 7.80798 7.80629 7.80528 7.80476 7.80375 7.80171 7.80017 7.79992 7.80096 7.80245 7.80375 7.80461 7.80477 7.80387 7.80253 7.80164 7.80148 7.80165 7.80183 7.80170 7.80115 7.80035 7.79938 7.79830 7.79737 7.79680 7.79655 7.79654 7.79671 7.79699 7.79733 7.79767 7.79799 7.79827 7.79850 7.79868 7.79882 7.79891 7.79890 7.79876 7.79851 7.79821 7.79781 7.79734 7.79708 7.79732 7.79788 7.79832 7.79870 7.79928 7.79949 7.79999 7.80033
7.80713 7.80487 7.80398 7.80690 7.80882 7.80923 7.80883 7.80745 7.80567 7.80534 7.80613 7.80747 7.80834 7.80802 7.80682 7.80512 7.80409 7.80314 7.80028 7.79881 7.79914 7.80002 7.80085 7.80160 7.80254 7.80310 7.80168 7.80023 7.80007 7.79928 7.79942 7.80026 7.79998 7.79898 7.79769 7.79635 7.79532 7.79481 7.79469 7.79477 7.79499 7.79531 7.79567 7.79604 7.79639 7.79671 7.79696 7.79717 7.79733 7.79744 7.79750 7.79748 7.79733 7.79708 7.79673 7.79634 7.79591 7.79566 7.79591 7.79653 7.79708 7.79748 7.79789 7.79803 7.79816 7.79839
7.80535 7.80384 7.80549 7.80843 7.80896 7.80912 7.80873 7.80793 7.80626 7.80419 7.80346 7.80430 7.80617 7.80686 7.80624 7.80482 7.80235 7.79954 7.79873 7.79951 7.80016 7.80034 7.80007 7.79985 7.80030 7.80094 7.79955 7.79868 7.79949 7.79727 7.79728 7.79837 7.79739 7.79557 7.79389 7.79264 7.79209 7.79217 7.79255 7.79301 7.79348 7.79395 7.79438 7.79478 7.79511 7.79539 7.79560 7.79576 7.79586 7.79592 7.79592 7.79584 7.79566 7.79537 7.79499 7.79456 7.79411 7.79374 7.79380 7.79433 7.79498 7.79557 7.79600 7.79621 7.79606 7.79589
7.80456 7.80515 7.80729 7.80841 7.80864 7.80871 7.80827 7.80738 7.80608 7.80498 7.80345 7.80222 7.80370 7.80477 7.80332 7.80020 7.79712 7.79594 7.79877 7.80066 7.80099 7.80076 7.80001 7.79910 7.79868 7.79875 7.79828 7.79829 7.79861 7.79632 7.79515 7.79506 7.79315 7.79095 7.78947 7.78886 7.78908 7.78979 7.79063 7.79142 7.79209 7.79267 7.79314 7.79354 7.79384 7.79406 7.79420 7.79427 7.79428 7.79424 7.79414 7.79397 7.79372 7.79337 7.79293 7.79247 7.79199 7.79152 7.79123 7.79135 7.79184 7.79253 7.79317 7.79356 7.79364 7.79318
7.80476 7.80598 7.80767 7.80795 7.80795 7.80780 7.80707 7.80588 7.80540 7.80526 7.80359 7.80138 7.80148 7.80192 7.79780 7.79347 7.79250 7.79515 7.79899 7.80022 7.80048 7.80059 7.80003 7.79890 7.79792 7.79749 7.79759 7.79798 7.79770 7.79561 7.79288 7.79061 7.78809 7.78602 7.78517 7.78554 7.78665 7.78795 7.78910 7.79008 7.79086 7.79148 7.79196 7.79232 7.79256 7.79270 7.79275 7.79271 7.79259 7.79240 7.79214 7.79183 7.79146 7.79102 7.79053 7.79002 7.78955 7.78908 7.78857 7.78822 7.78822 7.78859 7.78932 7.79020 7.79074 7.79042
7.80526 7.80625 7.80722 7.80712 7.80667 7.80592 7.80472 7.80429 7.80495 7.80489 7.80353 7.80124 7.79928 7.79723 7.79210 7.79090 7.79242 7.79514 7.79742 7.79832 7.79953 7.80012 7.79956 7.79841 7.79740 7.79696 7.79703 7.79706 7.79624 7.79400 7.79055 7.78700 7.78401 7.78224 7.78220 7.78364 7.78540 7.78693 7.78810 7.78904 7.78978 7.79037 7.79080 7.79110 7.79126 7.79129 7.79122 7.79105 7.79077 7.79040 7.78994 7.78943 7.78890 7.78836 7.78782 7.78731 7.78690 7.78653 7.78603 7.78555 7.78530 7.78545 7.78607 7.78705 7.78787 7.78811
7.80524 7.80556 7.80569 7.80571 7.80488 7.80318 7.80236 7.80324 7.80430 7.80450 7.80369 7.80213 7.79953 7.79459 7.79093 7.79191 7.79405 7.79544 7.79572 7.79639 7.79827 7.79908 7.79831 7.79727 7.79662 7.79650 7.79648 7.79591 7.79428 7.79148 7.78794 7.78431 7.78160 7.78062 7.78156 7.78378 7.78555 7.78674 7.78754 7.78821 7.78878 7.78926 7.78961 7.78982 7.78987 7.78978 7.78956 7.78923 7.78877 7.78818 7.78749 7.78675 7.78604 7.78540 7.78485 7.78440 7.78405 7.78381 7.78361 7.78347 7.78348 7.78364 7.78407 7.78477 7.78560 7.78661
7.80470 7.80366 7.80311 7.80279 7.80168 7.80036 7.80067 7.80171 7.80278 7.80377 7.80370 7.80278 7.80046 7.79542 7.79270 7.79417 7.79609 7.79565 7.79395 7.79471 7.79735 7.79787 7.79671 7.79577 7.79540 7.79549 7.79559 7.79463 7.79206 7.78864 7.78526 7.78248 7.78124 7.78203 7.78427 7.78589 7.78658 7.78688 7.78708 7.78737 7.78772 7.78805 7.78829 7.78838 7.78830 7.78805 7.78766 7.78715 7.78648 7.78566 7.78472 7.78375 7.78290 7.78221 7.78172 7.78141 7.78126 7.78124 7.78144 7.78174 7.78210 7.78240 7.78274 7.78326 7.78404 7.78538
7.80480 7.80358 7.80200 7.79908 7.79683 7.79749 7.79975 7.79988 7.80044 7.80267 7.80319 7.80276 7.80032 7.79544 7.79335 7.79560 7.79795 7.79587 7.79209 7.79328 7.79677 7.79651 7.79514 7.79451 7.79364 7.79380 7.79438 7.79288 7.78949 7.78597 7.78341 7.78241 7.78340 7.78587 7.78816 7.78830 7.78757 7.78690 7.78651 7.78643 7.78654 7.78669 7.78677 7.78670 7.78645 7.78601 7.78541 7.78468 7.78378 7.78269 7.78148 7.78032 7.77940 7.77876 7.77844 7.77835 7.77849 7.77883 7.77936 7.77997 7.78057 7.78110 7.78160 7.78215 7.78288 7.78401
7.80379 7.80326 7.80129 7.79593 7.79176 7.79541 7.79895 7.79717 7.79887 7.80217 7.80288 7.80245 7.80049 7.79582 7.79235 7.79421 7.79728 7.79586 7.79144 7.79255 7.79611 7.79521 7.79408 7.79419 7.79157 7.79174 7.79291 7.79067 7.78690 7.78410 7.78310 7.78418 7.78671 7.78907 7.78990 7.78906 7.78766 7.78646 7.78567 7.78528 7.78516 7.78510 7.78498 7.78468 7.78419 7.78350 7.78265 7.78166 7.78048 7.77906 7.77753 7.77618 7.77530 7.77492 7.77492 7.77506 7.77540 7.77604 7.77689 7.77780 7.77870 7.77952 7.78030 7.78106 7.78191 7.78286
7.79975 7.79995 7.79758 7.79256 7.79064 7.79580 7.79642 7.79394 7.79885 7.80180 7.80212 7.80167 7.80028 7.79693 7.79302 7.79346 7.79635 7.79661 7.79281 7.79216 7.79489 7.79460 7.79373 7.79384 7.78984 7.78822 7.78944 7.78790 7.78546 7.78389 7.78429 7.78663 7.78914 7.79031 7.78996 7.78866 7.78706 7.78562 7.78458 7.78395 7.78358 7.78327 7.78287 7.78227 7.78144 7.78039 7.77920 7.77789 7.77636 7.77455 7.77260 7.77099 7.77018 7.77030 7.77077 7.77114 7.77165 7.77252 7.77367 7.77494 7.77620 7.77740 7.77855 7.77966 7.78080 7.78190
7.79406 7.79652 7.79660 7.79442 7.79393 7.79665 7.79235 7.79448 7.80000 7.80069 7.80052 7.80027 7.79944 7.79708 7.79353 7.79316 7.79605 7.79715 7.79367 7.79167 7.79374 7.79440 7.79261 7.79177 7.78872 7.78496 7.78583 7.78685 7.78633 7.78557 7.78592 7.78768 7.78948 7.79008 7.78941 7.78791 7.78614 7.78453 7.78328 7.78241 7.78177 7.78115 7.78040 7.77938 7.77809 7.77656 7.77493 7.77321 7.77129 7.76911 7.76666 7.76456 7.76359 7.76400 7.76504 7.76587 7.76668 7.76781 7.76930 7.77095 7.77262 7.77426 7.77586 7.77743 7.77895 7.78035
7.79026 7.79486 7.79761 7.79630 7.79602 7.79653 7.79396 7.79717 7.79838 7.79668 7.79670 7.79747 7.79769 7.79556 7.79094 7.79081 7.79501 7.79619 7.79283 7.78979 7.79192 7.79377 7.79122 7.78916 7.78947 7.78791 7.78741 7.78836 7.78837 7.78769 7.78698 7.78730 7.78856 7.78930 7.78869 7.78700 7.78501 7.78319 7.78172 7.78060 7.77967 7.77870 7.77752 7.77597 7.77409 7.77199 7.76984 7.76760 7.76518 7.76271 7.76004 7.75734 7.75585 7.75604 7.75736 7.75886 7.76016 7.76164 7.76356 7.76566 7.76779 7.76990 7.77199 7.77408 7.77605 7.77774
