mrvbf_slope0.9_pctl1.3.asc
NCOLS 410
NROWS 410
XLLCORNER 2398750.0000000000000000
YLLCORNER 2548750.0000000000000000
CELLSIZE 250.0000000000000000
NODATA_VALUE -99999.00000
[rows 145 to 173 of 410, columns 264 to 329 of 410]
7.12611 7.11008 7.21798 7.23909 7.24415 7.27263 7.26467 7.24650 7.30423 7.30502 7.27226 7.26387 7.24580 7.27044 7.26976 7.25930 7.27245 7.22476 7.16491 7.25378 7.28479 7.25272 7.24576 7.23758 7.28046 7.26198 7.17284 7.04159 6.92425 -99999.00000 -99999.00000 -99999.00000 -99999.00000 -99999.00000 -99999.00000 -99999.00000 -99999.00000 -99999.00000 -99999.00000 -99999.00000 -99999.00000 -99999.00000 -99999.00000 -99999.00000 -99999.00000 -99999.00000 -99999.00000 -99999.00000 -99999.00000 -99999.00000 -99999.00000 -99999.00000 -99999.00000 -99999.00000 -99999.00000 -99999.00000 -99999.00000 -99999.00000 -99999.00000 -99999.00000 -99999.00000 -99999.00000 -99999.00000 -99999.00000 -99999.00000 -99999.00000
7.06949 7.11683 7.22123 7.24134 7.17808 7.21827 7.25194 7.24969 7.27725 7.27266 7.27457 7.25037 7.22348 7.24127 7.24698 7.26057 7.27518 7.24862 7.14908 7.19370 7.27393 7.23798 7.20453 7.21125 7.28049 7.28169 7.24071 7.18350 7.13043 7.17447 -99999.00000 -99999.00000 -99999.00000 -99999.00000 -99999.00000 -99999.00000 -99999.00000 -99999.00000 -99999.00000 -99999.00000 -99999.00000 -99999.00000 -99999.00000 -99999.00000 -99999.00000 -99999.00000 -99999.00000 -99999.00000 -99999.00000 -99999.00000 -99999.00000 -99999.00000 -99999.00000 -99999.00000 -99999.00000 -99999.00000 -99999.00000 -99999.00000 -99999.00000 -99999.00000 -99999.00000 -99999.00000 -99999.00000 -99999.00000 -99999.00000 -99999.00000
7.13819 7.11928 7.18634 7.18987 7.21527 7.19651 7.24626 7.22421 7.18970 7.22760 7.24014 7.20443 7.17834 7.20496 7.24430 7.21223 7.17081 7.18218 7.10275 7.15452 7.23463 7.22226 7.20460 7.17086 7.18804 7.22825 7.24408 7.18772 7.24744 7.21773 7.03557 -99999.00000 -99999.00000 -99999.00000 -99999.00000 -99999.00000 -99999.00000 -99999.00000 -99999.00000 -99999.00000 -99999.00000 -99999.00000 -99999.00000 -99999.00000 -99999.00000 -99999.00000 -99999.00000 -99999.00000 -99999.00000 -99999.00000 -99999.00000 -99999.00000 -99999.00000 -99999.00000 -99999.00000 -99999.00000 -99999.00000 -99999.00000 -99999.00000 -99999.00000 -99999.00000 -99999.00000 -99999.00000 -99999.00000 -99999.00000 -99999.00000
7.24268 7.23263 7.21943 7.19997 7.26304 7.18152 7.17620 7.17891 7.19703 7.25224 7.20449 7.15447 7.18614 7.21650 7.15809 7.09543 7.15868 7.11090 7.10262 7.17453 7.18730 7.17390 7.13553 7.11511 7.13022 7.20812 7.17739 7.18300 7.21000 7.16494 7.00597 6.96358 7.08400 -99999.00000 -99999.00000 -99999.00000 -99999.00000 -99999.00000 -99999.00000 -99999.00000 -99999.00000 -99999.00000 -99999.00000 -99999.00000 -99999.00000 -99999.00000 -99999.00000 -99999.00000 -99999.00000 -99999.00000 -99999.00000 -99999.00000 -99999.00000 -99999.00000 -99999.00000 -99999.00000 -99999.00000 -99999.00000 -99999.00000 -99999.00000 -99999.00000 -99999.00000 -99999.00000 -99999.00000 -99999.00000 -99999.00000
7.25234 7.25130 7.24526 7.22212 7.29659 7.26270 7.17816 7.12531 7.19046 7.25386 7.19543 7.19860 7.24749 7.19542 7.15050 7.21726 7.22851 7.19954 7.18589 7.19132 7.19726 7.19374 7.14348 7.11674 7.16472 7.20963 7.12695 7.12097 7.09563 6.99264 6.99177 7.10711 7.23000 7.31488 7.32222 7.34738 -99999.00000 -99999.00000 -99999.00000 -99999.00000 -99999.00000 -99999.00000 -99999.00000 -99999.00000 -99999.00000 -99999.00000 -99999.00000 -99999.00000 -99999.00000 -99999.00000 -99999.00000 -99999.00000 -99999.00000 -99999.00000 -99999.00000 -99999.00000 -99999.00000 -99999.00000 -99999.00000 -99999.00000 -99999.00000 -99999.00000 -99999.00000 -99999.00000 -99999.00000 -99999.00000
7.25506 7.26801 7.25786 7.20491 7.24883 7.23225 7.15404 7.16193 7.13963 7.17082 7.18619 7.24197 7.26177 7.19744 7.15917 7.22045 7.25521 7.23894 7.19063 7.19522 7.19641 7.12824 7.11049 7.13627 7.19224 7.18986 7.11512 7.08685 7.06765 7.09640 7.16442 7.24570 7.31796 7.34764 7.34132 7.34486 7.34745 7.31872 7.37166 -99999.00000 -99999.00000 -99999.00000 -99999.00000 -99999.00000 -99999.00000 -99999.00000 -99999.00000 -99999.00000 -99999.00000 -99999.00000 -99999.00000 -99999.00000 -99999.00000 -99999.00000 -99999.00000 -99999.00000 -99999.00000 -99999.00000 -99999.00000 -99999.00000 -99999.00000 -99999.00000 -99999.00000 -99999.00000 -99999.00000 -99999.00000
7.27939 7.27575 7.27509 7.19692 7.14069 7.17818 7.17347 7.18975 7.20840 7.17047 7.13703 7.20612 7.25467 7.24436 7.17653 7.15525 7.19857 7.23055 7.20440 7.15455 7.10000 7.08476 7.10449 7.09698 7.14609 7.12432 7.08858 7.08688 7.19544 7.25202 7.28859 7.31363 7.33962 7.34208 7.34791 7.33809 7.30080 7.33645 7.36719 7.34531 7.33534 7.25706 7.27058 -99999.00000 -99999.00000 -99999.00000 -99999.00000 -99999.00000 -99999.00000 -99999.00000 -99999.00000 -99999.00000 -99999.00000 -99999.00000 -99999.00000 -99999.00000 -99999.00000 -99999.00000 -99999.00000 -99999.00000 -99999.00000 -99999.00000 -99999.00000 -99999.00000 -99999.00000 -99999.00000
7.27072 7.27630 7.29753 7.19344 7.15620 7.22660 7.23791 7.23293 7.21198 7.15295 7.12124 7.17123 7.23407 7.23631 7.17733 7.14918 7.19465 7.21699 7.16087 7.12203 7.11076 7.13534 7.04720 6.83344 6.96381 7.07374 7.13531 7.17159 7.25865 7.27346 7.27366 7.29680 7.32693 7.34057 7.33543 7.33009 7.31746 7.31140 7.37642 7.38316 7.38918 7.34141 7.34163 7.35024 7.33675 -99999.00000 -99999.00000 -99999.00000 -99999.00000 -99999.00000 -99999.00000 -99999.00000 -99999.00000 -99999.00000 -99999.00000 -99999.00000 -99999.00000 -99999.00000 -99999.00000 -99999.00000 -99999.00000 -99999.00000 -99999.00000 -99999.00000 -99999.00000 -99999.00000
7.27453 7.27970 7.26845 7.19248 7.18667 7.17658 7.19879 7.17901 7.09987 7.08475 7.10001 7.17770 7.18366 7.15648 7.15779 7.20512 7.19568 7.18715 7.15387 7.13724 7.14195 7.11259 6.73496 6.33195 6.33991 6.90987 7.21469 7.28160 7.30410 7.26329 7.22339 7.28965 7.30345 7.31850 7.29739 7.33176 7.37780 7.37653 7.38732 7.38588 7.37069 7.37035 7.35839 7.34238 7.34095 7.36570 7.35911 -99999.00000 -99999.00000 -99999.00000 -99999.00000 -99999.00000 -99999.00000 -99999.00000 -99999.00000 -99999.00000 -99999.00000 -99999.00000 -99999.00000 -99999.00000 -99999.00000 -99999.00000 -99999.00000 -99999.00000 -99999.00000 -99999.00000
7.24763 7.23632 7.18464 7.16223 7.19395 7.13395 7.08030 7.08437 7.07440 7.10272 7.09238 7.14676 7.15174 7.19041 7.22024 7.22361 7.15848 7.19296 7.16563 7.12531 7.10384 7.05852 6.37885 5.95472 6.12740 6.41413 7.08555 7.18317 7.24850 7.23632 7.22845 7.31948 7.31204 7.29959 7.31586 7.33968 7.38445 7.37779 7.39233 7.36286 7.35698 7.39555 7.38526 7.34942 7.35515 7.37809 7.36118 7.21820 7.14364 -99999.00000 -99999.00000 -99999.00000 -99999.00000 -99999.00000 -99999.00000 -99999.00000 -99999.00000 -99999.00000 -99999.00000 -99999.00000 -99999.00000 -99999.00000 -99999.00000 -99999.00000 -99999.00000 -99999.00000
6.95763 7.03177 7.10684 7.03135 7.15835 7.18304 7.14036 7.14712 7.15335 7.13257 7.12322 7.17313 7.21426 7.22060 7.25369 7.24787 7.23309 7.19991 7.13647 7.06962 7.02605 7.09800 6.90317 6.31645 6.22668 6.94492 7.22427 7.14880 7.13219 7.16567 7.22555 7.28421 7.27341 7.30372 7.32046 7.37252 7.38695 7.36939 7.38931 7.37397 7.36100 7.39356 7.37401 7.36340 7.35995 7.36987 7.37241 7.31264 7.28085 7.30786 7.27213 -99999.00000 -99999.00000 -99999.00000 -99999.00000 -99999.00000 -99999.00000 -99999.00000 -99999.00000 -99999.00000 -99999.00000 -99999.00000 -99999.00000 -99999.00000 -99999.00000 -99999.00000
6.31040 6.60801 6.99602 6.90640 7.10164 7.19360 7.20735 7.19306 7.19926 7.14375 7.13026 7.19935 7.23891 7.26047 7.21667 7.21604 7.16858 7.19108 7.19168 7.09127 7.03811 7.12703 7.20241 7.12592 7.10400 7.25221 7.22829 7.11092 7.10014 7.18135 7.21708 7.27189 7.31452 7.28486 7.24004 7.32899 7.35775 7.35682 7.34599 7.35721 7.37296 7.37639 7.34771 7.34822 7.36615 7.39124 7.39929 7.39551 7.36280 7.35828 7.34252 7.34869 -99999.00000 -99999.00000 -99999.00000 -99999.00000 -99999.00000 -99999.00000 -99999.00000 -99999.00000 -99999.00000 -99999.00000 -99999.00000 -99999.00000 -99999.00000 -99999.00000
6.62146 6.54939 6.63491 6.72375 6.96709 7.12420 7.19238 7.17195 7.16209 7.15846 7.19021 7.24368 7.26732 7.26150 7.23319 7.22272 7.21480 7.21798 7.18701 7.08846 7.04331 7.17962 7.22628 7.21891 7.20838 7.26658 7.18776 7.17556 7.17252 7.18957 7.18292 7.25673 7.30619 7.19927 7.26772 7.29838 7.35735 7.37866 7.36359 7.34970 7.35914 7.35018 7.35375 7.36445 7.35789 7.34079 7.35380 7.37654 7.38344 7.37667 7.36653 7.35076 7.30874 -99999.00000 -99999.00000 -99999.00000 -99999.00000 -99999.00000 -99999.00000 -99999.00000 -99999.00000 -99999.00000 -99999.00000 -99999.00000 -99999.00000 -99999.00000
6.88723 6.89462 6.64392 6.70153 6.80313 6.97079 7.13485 7.16574 7.17705 7.23434 7.26123 7.29212 7.28780 7.24970 7.23669 7.23834 7.25871 7.18256 7.14035 7.02345 7.07966 7.23074 7.23872 7.21229 7.23637 7.25876 7.21450 7.23663 7.22353 7.23133 7.17478 7.17998 7.26224 7.24517 7.27552 7.33322 7.37209 7.39672 7.38318 7.38568 7.36819 7.39121 7.39649 7.38187 7.38865 7.38619 7.33385 7.35950 7.37137 7.36923 7.37898 7.34449 7.30421 7.29297 7.28915 -99999.00000 -99999.00000 -99999.00000 -99999.00000 -99999.00000 -99999.00000 -99999.00000 -99999.00000 -99999.00000 -99999.00000 -99999.00000
7.04211 6.97399 6.79517 6.82846 6.73828 6.79591 7.02927 7.16437 7.24437 7.27585 7.28917 7.29594 7.28011 7.25930 7.25088 7.24369 7.27916 7.22346 7.15915 7.12037 7.20141 7.25403 7.26382 7.24289 7.28774 7.27230 7.25728 7.21765 7.20100 7.20310 7.20372 7.22883 7.25495 7.28664 7.32275 7.35123 7.38504 7.39650 7.38605 7.38032 7.37811 7.40755 7.40205 7.39014 7.41687 7.41428 7.36125 7.36949 7.38358 7.34048 7.32271 7.29364 7.28650 7.31449 7.34478 7.32896 -99999.00000 -99999.00000 -99999.00000 -99999.00000 -99999.00000 -99999.00000 -99999.00000 -99999.00000 -99999.00000 7.38658
6.79565 6.94908 6.67162 6.71485 6.72446 6.85919 6.99564 6.99895 7.12269 7.23869 7.29709 7.26711 7.18189 7.18328 7.26612 7.29145 7.29836 7.28671 7.24629 7.21193 7.22667 7.25369 7.27767 7.25324 7.27316 7.30029 7.29271 7.26237 7.18534 7.19991 7.21031 7.21160 7.23606 7.29609 7.35926 7.36951 7.37086 7.37628 7.39006 7.38610 7.39936 7.40745 7.41151 7.39977 7.40479 7.41518 7.37955 7.33423 7.33318 7.33547 7.35688 7.34828 7.36296 7.34874 7.36297 7.31357 7.19557 -99999.00000 -99999.00000 -99999.00000 -99999.00000 -99999.00000 -99999.00000 -99999.00000 7.37729 7.35681
6.67178 6.89004 6.71378 6.57865 6.51585 6.67677 6.90467 6.94408 6.97095 7.14290 7.19392 7.03786 6.85461 6.81608 7.15825 7.29607 7.30036 7.31269 7.29686 7.27444 7.22175 7.22997 7.26673 7.25271 7.26932 7.29040 7.26938 7.21876 7.23143 7.25951 7.22555 7.22104 7.23304 7.26643 7.32159 7.33486 7.34441 7.35919 7.37038 7.35226 7.38340 7.41068 7.41217 7.40849 7.39508 7.40050 7.38362 7.31375 7.30968 7.31857 7.35794 7.35763 7.36363 7.37872 7.37607 7.32256 7.25603 7.25658 -99999.00000 -99999.00000 -99999.00000 -99999.00000 7.31580 7.31419 7.33740 7.32552
6.67464 6.59753 6.91276 6.68622 6.21896 6.37290 6.76734 6.83936 6.85245 7.03179 6.97822 6.75542 6.87355 6.55673 6.76811 7.20063 7.25765 7.27627 7.28376 7.27783 7.24517 7.21968 7.23244 7.24391 7.28532 7.27033 7.23302 7.24127 7.28764 7.28200 7.24745 7.25288 7.22093 7.24340 7.27277 7.28272 7.30340 7.29054 7.34853 7.31994 7.35353 7.39440 7.41250 7.43077 7.42316 7.38272 7.35508 7.32507 7.30770 7.28703 7.30932 7.30664 7.30034 7.35174 7.36136 7.31730 7.27533 7.28553 7.29003 -99999.00000 -99999.00000 7.28452 7.29550 7.29344 7.30798 7.30529
7.01558 6.64602 6.75845 6.72307 6.46682 6.06437 6.36831 6.47810 6.68366 6.60298 6.70379 6.79521 6.87692 6.60504 6.84155 7.08080 7.08108 7.18166 7.28504 7.28572 7.25096 7.22280 7.20895 7.24693 7.23766 7.17236 7.18113 7.21511 7.25269 7.23182 7.23602 7.23371 7.20337 7.23988 7.27644 7.24894 7.15617 7.25103 7.30924 7.34001 7.34588 7.37601 7.38210 7.40066 7.40467 7.36764 7.37756 7.31472 7.28244 7.28788 7.22318 7.26123 7.32610 7.32591 7.33438 7.28421 7.28284 7.31117 7.30953 7.27910 7.27617 7.28895 7.29560 7.29820 7.31530 7.32496
7.18514 7.10083 6.98020 6.91301 6.64739 6.43567 6.17504 6.25066 6.59989 6.43309 6.55015 6.53877 6.77409 6.63055 6.94812 6.99640 6.88571 6.90234 7.18763 7.26154 7.26713 7.17520 7.09509 7.15736 7.05004 7.02362 7.04484 7.12545 7.20364 7.19956 7.22455 7.22439 7.24944 7.21397 7.23899 7.20128 7.16080 7.12444 7.25344 7.32016 7.37296 7.38787 7.34121 7.32095 7.29884 7.31125 7.37805 7.34099 7.29288 7.31228 7.23724 7.18312 7.27896 7.34211 7.33930 7.31857 7.29711 7.30926 7.28749 7.29864 7.30394 7.28947 7.28550 7.29836 7.31800 7.30938
7.21720 7.19057 7.02067 7.00691 7.03702 6.87609 6.53479 6.52445 6.73441 6.58534 6.23884 6.39632 6.83027 6.80809 6.84589 6.88752 6.92332 6.77856 6.98748 7.20673 7.21254 7.13523 7.05750 7.00955 6.95067 6.89127 6.85223 6.98157 7.14758 7.10418 7.15055 7.26699 7.26290 7.22958 7.19040 7.18239 7.08427 7.14008 7.20411 7.21440 7.29898 7.33953 7.32412 7.30821 7.33382 7.26761 7.34718 7.34904 7.32919 7.26227 7.26063 7.22934 7.23978 7.33214 7.35906 7.35415 7.28561 7.28101 7.29514 7.29608 7.27243 7.26229 7.26682 7.27690 7.30112 7.28114
7.14713 7.18368 6.94817 6.84190 7.03015 7.14823 7.08696 6.85807 6.98217 6.94713 6.57359 6.61547 6.60456 6.82946 6.88639 6.94438 6.84970 6.87104 7.03317 7.21041 7.23733 7.12828 7.07784 7.07087 7.02546 7.03218 7.03724 6.86243 6.98498 7.03317 7.05284 7.20412 7.22964 7.27412 7.20172 7.12898 7.07822 7.12705 7.17139 7.17006 7.27247 7.31156 7.31273 7.25980 7.30801 7.30219 7.37992 7.35894 7.31244 7.22157 7.22439 7.29295 7.29184 7.34296 7.33903 7.36707 7.35358 7.28941 7.30217 7.31236 7.28258 7.22629 7.24695 7.26753 7.26239 7.24780
7.08443 7.11409 6.99208 6.81109 6.81867 7.02934 7.11741 6.99903 6.96872 7.08982 6.84217 6.67009 6.72232 6.75775 6.87401 6.89306 6.90281 6.98161 7.09934 7.14496 7.16661 7.16709 7.19756 7.11013 7.12979 7.09599 7.01438 6.94631 7.05183 7.01276 6.99061 7.15551 7.20799 7.19072 7.13004 7.14174 6.96817 6.98362 7.16660 7.27221 7.29787 7.34517 7.34805 7.32150 7.32465 7.35724 7.39108 7.35873 7.28877 7.21353 7.29392 7.29459 7.26894 7.32693 7.35481 7.35762 7.36603 7.33468 7.31311 7.32368 7.29376 7.19601 7.22250 7.27806 7.21940 7.15857
7.07491 7.09720 7.10101 7.06100 6.84901 6.87264 7.00199 6.90099 6.86529 6.95382 7.01758 6.65184 6.47042 6.63847 6.68918 6.64566 6.67375 6.79326 6.96991 7.02660 7.01933 7.13036 7.21811 7.17395 7.18361 7.13176 7.12273 7.07318 7.04262 7.10242 6.98026 7.15379 7.23304 7.25032 7.18073 7.05978 6.99221 7.11309 7.21373 7.28161 7.28654 7.31797 7.30507 7.30680 7.33453 7.33346 7.33126 7.27228 7.25940 7.31644 7.33860 7.26915 7.28717 7.36007 7.36574 7.32630 7.31299 7.30541 7.31431 7.32565 7.28399 7.16963 7.18498 7.24789 7.21475 7.08976
7.09268 7.06092 7.10233 7.16189 7.09430 6.89351 7.00520 6.91044 6.97087 6.75920 6.74299 6.70697 6.75371 6.74789 6.74223 6.80705 6.77409 6.72488 6.70962 6.71055 6.79734 6.81143 7.08768 7.11573 7.11191 7.14679 7.23836 7.22834 7.18896 7.13665 7.09110 7.20163 7.24176 7.27195 7.23461 7.13723 7.15895 7.22584 7.27054 7.28439 7.27985 7.26783 7.28478 7.32571 7.39197 7.37694 7.33619 7.31012 7.26303 7.36547 7.35627 7.34510 7.35566 7.30318 7.33620 7.32289 7.33111 7.33693 7.34839 7.30915 7.24725 7.21029 7.23429 7.24493 7.20241 7.07331
7.05573 7.08439 7.09231 7.12319 7.13012 7.03854 6.97760 6.94240 6.95424 6.78120 6.64545 6.68512 6.31958 6.61830 6.75431 7.00541 6.87538 6.82828 6.75409 6.77809 6.87182 6.73538 6.75185 6.78089 6.96789 7.17062 7.24910 7.23823 7.21503 7.16613 7.11159 7.17858 7.25387 7.27777 7.23850 7.20918 7.20899 7.24458 7.29175 7.31943 7.33209 7.32205 7.29551 7.34620 7.39609 7.36910 7.34399 7.29431 7.28527 7.38491 7.39806 7.38980 7.36088 7.30462 7.31454 7.26960 7.30513 7.32899 7.32830 7.27281 7.22739 7.25906 7.26268 7.22375 7.16033 6.96725
6.93190 7.07212 7.09539 7.12371 7.21228 7.16618 7.05079 6.96748 7.02406 6.91422 6.59679 6.82184 6.51378 6.83576 6.92428 7.03719 6.98836 6.84240 7.04846 7.03969 6.86252 6.79910 6.73890 6.69013 6.48385 6.95151 7.15192 7.19860 7.19732 7.14246 7.15209 7.20797 7.28408 7.26807 7.23139 7.22995 7.21868 7.27313 7.29661 7.30532 7.34666 7.36042 7.33135 7.35337 7.35299 7.37564 7.38759 7.35446 7.36786 7.40166 7.41088 7.37487 7.34846 7.34775 7.30373 7.24216 7.25474 7.28901 7.26627 7.20008 7.18840 7.22250 7.26556 7.20910 7.03677 6.79985
6.85819 7.02868 7.03025 7.03627 7.15092 7.17851 7.13749 7.08252 7.08384 7.02060 6.86168 6.79231 6.70018 6.70247 6.62115 6.90709 7.01555 6.99220 7.08549 7.08681 7.01825 6.87811 6.76568 6.82460 6.51047 6.57492 6.91348 7.02471 7.11902 7.14639 7.16438 7.21924 7.26006 7.25483 7.22223 7.20043 7.19216 7.23550 7.30078 7.33551 7.32841 7.34498 7.31633 7.31373 7.32291 7.36441 7.38245 7.39678 7.39087 7.38449 7.40906 7.39100 7.32110 7.28344 7.30073 7.21230 7.13321 7.21237 7.21426 7.18483 7.21551 7.18612 7.23572 7.17115 7.03197 6.86289
6.82622 6.45797 6.50430 6.86931 6.96827 7.06863 7.10012 7.07689 7.09338 7.14197 7.12337 6.89210 6.73883 6.35769 6.84058 6.89957 6.94239 6.82241 6.56573 6.73370 6.99372 6.99462 7.06401 6.97653 6.62261 6.68798 6.84451 6.80956 6.79953 6.94502 7.09057 7.17710 7.21759 7.25806 7.24998 7.18919 7.17481 7.23020 7.32332 7.32291 7.20899 7.22542 7.31462 7.34784 7.34520 7.33283 7.37218 7.37829 7.39537 7.37768 7.41902 7.39510 7.32944 7.29354 7.26275 7.23673 7.22398 7.13015 7.17126 7.22069 7.22451 7.08874 7.11436 7.14874 7.04869 6.87925
