mrvbf_slope0.5_pctl1.4.asc
NCOLS 410
NROWS 410
XLLCORNER 2398750.0000000000000000
YLLCORNER 2548750.0000000000000000
CELLSIZE 250.0000000000000000
NODATA_VALUE -99999.00000
[rows 145 to 173 of 410, columns 0 to 65 of 410]
-99999.00000 -99999.00000 -99999.00000 -99999.00000 -99999.00000 4.07163 4.06862 4.52570 5.01336 5.11408 4.46246 5.00825 5.39252 5.44977 5.39094 5.33827 5.40422 5.56689 5.61108 5.50073 5.35460 5.35942 5.02357 3.40460 2.58737 1.86857 2.70667 2.79347 2.05253 4.11134 3.27268 0.75779 2.08962 3.21114 3.04846 2.72781 4.09401 4.35413 4.28755 3.49618 2.71942 2.42947 2.47085 2.65234 2.97740 3.64163 4.49520 4.23798 4.00617 4.74727 4.51546 4.26257 4.21311 4.22113 4.34933 4.67494 4.83206 4.67985 4.56675 3.56845 2.99713 2.32567 1.65205 1.85530 1.88225 1.25947
-99999.00000 -99999.00000 -99999.00000 -99999.00000 -99999.00000 4.75622 4.18810 3.88561 4.59033 5.08227 4.83496 5.24519 5.34764 5.52783 5.55951 5.59793 5.62514 5.66740 5.67628 5.62562 5.56844 5.54566 5.18591 4.00519 3.79533 2.21211 2.99141 3.88320 4.09652 4.54605 3.37988 2.34949 2.40201 3.09976 2.86579 2.58920 4.61634 4.78348 5.01192 4.85564 4.26585 3.21014 2.74939 2.72605 3.00374 3.41201 3.56508 3.52656 3.83631 4.90284 5.04755 4.86732 4.66384 4.29051 3.84139 3.98322 4.30341 4.31696 3.46414 3.26286 3.28255 2.57548 1.82742 2.70231 4.37411 3.09096
-99999.00000 -99999.00000 -99999.00000 -99999.00000 -99999.00000 4.71234 3.75985 3.22423 4.15310 4.22546 3.52948 4.83018 5.29700 5.44039 5.54151 5.63049 5.68081 5.67621 5.62010 5.51470 5.40002 5.43331 4.90358 2.95032 2.21229 1.53625 2.87947 4.77271 4.86739 4.55214 4.13017 4.42761 3.42080 2.43939 3.12041 2.14456 3.68830 4.50279 4.40233 3.51225 2.56311 2.25018 2.22023 2.35452 2.87327 3.48054 2.95029 2.77450 3.69409 4.98063 5.25615 5.25341 5.13821 4.53218 3.64892 3.59430 4.50840 3.82181 3.51112 3.78727 4.26528 3.15785 1.88844 1.86302 3.89317 4.69619
-99999.00000 -99999.00000 -99999.00000 -99999.00000 -99999.00000 4.71358 4.22831 3.31793 3.72498 2.60859 2.21709 4.74229 5.16442 5.21200 5.34651 5.49773 5.59239 5.56589 5.36132 4.96066 4.86232 5.02495 4.18703 1.54709 1.28743 1.00116 1.73933 4.57465 4.96077 4.41922 4.64150 4.54693 3.05735 1.88494 2.37986 2.04066 1.99743 3.27892 2.16111 1.20576 0.89641 0.93627 1.48117 1.90759 2.35453 3.04085 2.86294 3.08687 4.16870 5.02305 5.30816 5.38870 5.23915 4.48253 3.79306 3.93597 4.37872 4.16128 4.15053 4.53282 4.78284 4.57472 2.85752 1.91140 2.29546 4.46338
-99999.00000 -99999.00000 -99999.00000 -99999.00000 -99999.00000 3.87158 3.89482 3.03487 3.07079 2.11443 2.76607 4.14605 4.88720 5.10823 5.11834 5.23476 5.34347 5.18774 4.65482 4.40386 4.55772 4.63968 3.89636 1.62539 1.22182 1.64712 1.27923 3.58241 4.94577 4.77265 4.89405 4.01649 3.42272 2.72418 2.02983 2.47360 2.17539 1.78841 0.58166 0.68634 0.74839 0.69737 0.89286 1.53073 1.94350 2.71668 3.80709 4.71013 4.86513 5.11018 5.28880 5.37943 5.20033 4.35628 3.82205 4.20813 4.42788 4.46862 4.68041 4.75240 5.28046 5.33911 4.22362 2.73956 2.24412 3.50612
-99999.00000 -99999.00000 -99999.00000 -99999.00000 -99999.00000 3.59476 3.76289 3.53846 3.62042 2.82616 3.01568 4.62920 4.99440 5.26319 5.22054 5.08968 4.89972 4.58050 4.38865 4.62688 4.38422 4.67400 4.22443 2.36512 1.70338 3.11650 2.28024 3.44703 4.57044 4.85656 5.02889 4.61573 4.69990 4.47008 2.92609 2.49034 2.21617 1.94086 0.50000 0.58905 1.43243 0.89777 1.26861 1.66080 1.69262 2.61383 4.19882 4.78171 5.10425 5.25326 5.25075 5.32242 5.08780 4.30080 3.92445 3.89681 3.87292 3.89508 4.15496 4.44157 4.99959 5.08047 4.42412 3.37735 2.94160 3.27758
-99999.00000 -99999.00000 -99999.00000 -99999.00000 -99999.00000 3.97582 4.16568 3.54747 4.09283 3.81672 3.48614 4.98900 5.19317 5.36196 5.43348 5.25862 4.90156 4.70762 4.67448 4.39042 3.46522 3.84953 3.76440 2.66539 2.99461 4.45666 3.69613 3.85177 4.07876 4.43603 5.04681 4.73790 3.97398 3.31324 2.36840 2.34657 2.17434 1.85681 0.59440 0.84364 1.56481 2.06999 3.55746 3.41016 2.06996 2.41918 3.90580 4.88928 4.96996 5.06167 5.08457 5.18446 4.79464 4.74001 4.19754 3.76637 3.62395 3.56904 3.44676 3.30246 3.34788 3.36603 3.34081 3.52865 3.86460 3.80753
-99999.00000 -99999.00000 -99999.00000 -99999.00000 -99999.00000 3.27157 3.60516 2.77438 3.16603 4.09560 4.68074 4.69054 4.74811 5.30968 5.38229 5.32361 5.29454 5.16110 4.80800 4.39779 3.17482 3.45252 3.63479 2.90981 3.77449 4.70160 3.92921 3.44253 3.07005 3.28677 4.39603 4.25357 2.78693 2.44792 1.82188 2.61386 1.78915 1.43199 2.69086 3.28411 4.22602 4.73702 4.88916 4.53435 2.76038 2.62414 3.88744 4.86195 4.90227 4.44803 4.82035 5.26853 5.13035 4.69680 4.71583 4.42665 3.95288 3.63134 3.34476 3.03882 2.81773 2.74777 2.92095 3.56771 4.54918 4.69324
-99999.00000 -99999.00000 -99999.00000 -99999.00000 -99999.00000 3.61942 3.53797 2.85407 3.71053 4.13682 5.19727 5.17992 4.20988 4.80435 5.15087 5.12248 5.10554 4.89753 4.02689 3.92019 3.87536 4.14235 4.23857 3.26835 4.14669 4.92961 4.41967 3.82832 2.92166 2.38540 3.65119 4.39984 2.89044 2.53095 2.48564 2.19679 3.16830 4.41891 5.01329 5.24482 5.31295 5.26347 5.14323 4.36137 2.89938 2.89122 3.69356 4.10684 3.71640 4.12234 5.02129 5.39406 5.35877 5.13764 5.26322 4.96788 4.20781 3.74140 3.53825 3.33092 3.09918 3.04272 3.11787 3.46100 4.21579 4.92709
-99999.00000 -99999.00000 -99999.00000 -99999.00000 -99999.00000 4.38563 4.17946 2.96608 3.49409 3.71128 4.81093 5.09725 4.79997 4.14375 4.62689 4.95528 5.14582 5.05060 4.32273 3.91926 4.08359 4.51732 3.78630 2.78780 4.24848 5.10223 4.94152 4.75368 3.73902 2.89821 4.04558 4.42026 3.36275 2.27639 3.59924 2.00716 3.72261 4.75493 5.06502 5.08022 4.52064 4.13270 4.22156 3.50269 2.72059 2.88796 3.38835 3.75410 4.16171 5.03557 5.39370 5.37212 5.18033 5.19339 5.30000 4.70779 3.84415 3.84017 4.06607 4.14479 4.10970 4.03052 3.74759 3.33963 3.27859 3.82634
-99999.00000 -99999.00000 -99999.00000 -99999.00000 -99999.00000 4.17664 4.28434 3.05017 2.76727 3.39944 4.12099 4.91018 4.39095 2.70888 2.32495 2.64272 3.20939 4.34293 4.94203 4.85031 4.93461 4.28434 3.10061 2.75726 4.62099 4.71163 3.71199 3.01642 2.46646 2.92462 4.33782 3.70894 3.13308 2.73566 2.85999 2.18030 2.16553 4.24165 4.95519 4.59783 3.23582 2.23120 2.15315 2.40500 2.58794 2.98245 3.75752 4.52041 5.08179 5.44784 5.42014 4.86924 4.47687 4.79883 4.96609 4.20031 3.68016 4.31920 4.89450 5.07480 5.09873 5.00864 4.63443 3.67740 2.74291 2.64175
-99999.00000 -99999.00000 -99999.00000 -99999.00000 -99999.00000 3.12880 4.04935 3.27257 2.89568 3.36666 3.46001 3.58863 2.75346 1.05823 1.22423 1.72747 1.80271 3.14985 4.42856 4.10093 3.71480 3.64990 3.71246 4.12941 4.55843 2.05255 1.00013 1.40837 1.99527 2.52316 3.13933 3.22979 4.13521 3.41920 2.84878 2.86323 1.66577 4.49723 5.07763 4.87251 4.42306 2.26560 1.44585 2.21698 2.63586 3.36180 4.67905 5.07061 5.04863 5.24482 4.88948 4.09033 4.25826 4.58094 4.83391 4.32250 3.92812 4.50647 5.01178 5.19002 5.20233 5.09861 4.81727 4.25662 3.37781 2.52973
-99999.00000 -99999.00000 -99999.00000 -99999.00000 -99999.00000 3.15884 4.14253 3.54417 3.01085 3.42365 3.76737 3.41765 2.58680 0.89196 2.70557 4.03969 2.97854 3.13518 3.72011 3.27826 3.58932 4.74954 5.23094 4.71383 2.31391 1.28715 1.89707 2.28934 3.20420 3.74922 3.52998 4.18681 3.89440 3.65637 3.49081 3.41318 2.53529 4.03466 5.29457 5.36779 4.68522 2.50695 1.92994 2.37037 2.75891 3.86662 4.90517 4.80765 4.45028 4.72833 4.52383 3.86301 4.38385 4.31933 4.56108 4.57778 3.90992 4.09331 4.67230 5.03034 5.13442 5.02042 4.71642 4.43046 4.07304 3.81592
-99999.00000 -99999.00000 -99999.00000 -99999.00000 -99999.00000 3.45990 4.09681 2.92836 2.71580 3.30491 3.81123 3.50644 3.00167 1.71490 2.07295 4.61831 4.78262 4.24743 3.85908 3.71709 4.57606 5.20979 5.32443 4.29934 1.65667 2.11919 2.25367 2.16520 2.27758 2.65407 3.50065 3.72392 4.44441 5.04057 4.65072 4.42209 3.46667 4.11087 5.36405 5.40804 4.75448 3.32005 2.66893 2.58716 2.80014 3.50193 4.19163 3.73462 3.21010 3.57799 4.54167 4.00619 3.84870 4.07493 4.53434 4.70490 4.04875 4.02601 4.49477 4.85392 4.96040 4.84761 4.76206 4.77171 4.18734 3.48863
-99999.00000 -99999.00000 -99999.00000 -99999.00000 -99999.00000 3.26466 3.35374 2.78931 2.68258 3.16209 2.99068 3.63362 3.82079 3.49584 2.16843 4.19656 5.26046 5.17090 4.81629 4.61783 4.59244 4.16541 3.91772 3.44421 2.86200 2.37399 1.37627 1.16383 1.59696 2.64389 3.64378 3.97296 5.19306 5.39519 4.52883 4.49759 3.30999 4.36881 5.24639 5.32538 5.06904 4.52962 3.65527 2.88946 2.78569 3.07659 3.32466 2.95862 2.86546 2.84817 3.52345 4.41315 4.25580 4.29981 4.18705 3.58040 3.33567 3.50937 3.90382 4.14772 4.18982 4.23792 4.47851 4.72569 4.21895 3.72304
-99999.00000 -99999.00000 -99999.00000 -99999.00000 -99999.00000 2.92157 2.97504 2.77598 2.69217 2.93935 2.73470 3.55634 4.19447 4.47321 3.41387 3.79618 4.74287 4.97492 4.53816 3.34153 2.20838 1.52711 2.24533 2.74713 2.81433 1.65561 1.76168 2.51350 1.52766 2.22229 3.94510 4.69716 5.30301 5.10289 4.30744 4.15793 3.53475 4.34928 5.06751 5.35102 5.37710 5.20865 4.54760 3.23910 2.75365 2.85865 2.90919 2.76426 2.88187 2.69966 2.85721 3.62486 4.20365 3.67823 2.98302 2.73434 2.66050 2.67910 2.78161 2.95821 3.15938 3.35371 3.55287 3.65492 3.36101 3.05122
-99999.00000 -99999.00000 -99999.00000 -99999.00000 -99999.00000 2.96717 3.09874 2.88972 2.71399 2.69119 2.81133 2.99765 4.02397 4.82276 4.41107 4.10390 4.11637 4.01809 3.17709 1.75929 1.30788 1.81753 2.34711 2.40777 1.96736 0.52194 3.30370 4.20683 2.61085 2.11386 3.40238 4.76621 5.01000 4.48398 4.65739 4.27977 3.45012 3.90625 4.91492 5.39095 5.50126 5.44129 5.07892 4.07698 2.97141 2.78871 2.72351 2.65630 2.86579 2.62686 2.69784 2.85695 2.94914 2.69591 2.50722 2.36603 2.26165 2.08983 2.01376 2.18149 2.45685 2.60782 2.67835 2.78104 2.74788 2.43876
-99999.00000 -99999.00000 -99999.00000 -99999.00000 -99999.00000 3.04321 3.18202 3.09277 2.75388 2.70636 2.88653 3.33096 4.58287 5.27070 5.15879 4.88297 4.62888 4.32026 3.76030 3.24899 3.14666 3.57266 3.49364 2.65165 1.62473 0.96197 3.28983 3.77249 2.94579 2.61295 3.43349 4.76159 4.91664 4.52314 4.88367 4.76358 3.58870 3.45573 4.36179 5.16113 5.42395 5.42921 5.26824 5.02750 4.04390 3.23290 2.72173 2.45742 2.43016 2.24116 2.51639 2.59093 2.58016 2.43183 2.22749 2.23480 2.34234 2.10337 1.77013 1.84147 2.05055 1.90395 1.79493 2.15165 2.69638 2.62268
-99999.00000 -99999.00000 -99999.00000 -99999.00000 -99999.00000 2.87981 2.94711 2.88446 2.82425 3.01151 3.70813 4.40258 4.90961 5.31937 5.42731 5.40098 5.28124 5.13513 5.08031 5.21331 5.05238 4.85554 4.17802 3.18114 3.52650 3.11333 3.46817 3.69826 3.42835 3.24687 3.92175 4.98997 5.08683 4.48106 4.40905 4.57944 3.31643 2.88968 3.14334 3.87797 4.70951 5.24549 5.26087 5.12374 4.76640 4.16309 2.69705 1.76447 1.36516 1.04357 2.06377 2.38106 2.47195 2.36472 2.46114 2.87106 3.43484 3.34381 3.13654 2.82894 2.32773 1.53566 1.14990 1.45240 2.40308 2.98402
-99999.00000 -99999.00000 -99999.00000 -99999.00000 -99999.00000 2.97133 3.06512 3.00722 3.14701 3.33555 3.50856 3.70359 4.33194 4.92367 5.25023 5.45128 5.51171 5.47672 5.45401 5.33385 4.84016 3.83154 2.65128 3.46431 5.08186 5.17217 5.06710 4.92107 4.64813 4.19279 4.33068 4.93321 4.84777 4.71804 4.02135 3.53656 2.87240 2.67617 2.60993 2.65153 3.08659 4.27378 5.09792 5.16577 5.07613 4.06094 2.09751 1.03665 1.01129 0.73880 1.03869 2.08753 2.39825 2.54059 3.00258 3.23797 3.43494 3.29889 3.35696 3.58745 2.87952 1.76263 1.15651 0.88982 2.04288 3.00496
-99999.00000 -99999.00000 -99999.00000 -99999.00000 -99999.00000 2.88726 3.02290 3.30656 3.44827 3.56010 3.31016 3.34449 3.74348 4.13252 4.72755 5.04469 5.26267 5.32714 5.24431 4.64903 3.26403 2.04646 1.26924 2.58654 4.67304 5.41800 5.50354 5.38931 4.96429 4.13875 3.91343 4.47200 4.73392 4.57481 3.90647 3.11061 2.85235 2.68304 2.61302 2.68973 2.41864 3.13300 4.52310 5.25016 5.26305 3.64114 1.74860 0.91961 1.52632 1.08851 0.71657 1.32982 2.29393 2.33358 2.86939 3.48423 3.95927 3.90775 3.54582 3.30712 2.43290 1.63253 1.94565 0.83603 1.88936 2.35649
-99999.00000 -99999.00000 -99999.00000 -99999.00000 -99999.00000 2.69134 2.81602 3.08748 3.22743 3.49049 2.96320 2.91817 3.46662 3.75489 4.20214 4.26846 4.38879 4.57546 4.40465 3.20261 2.11829 0.70886 1.19418 1.95012 3.56700 5.13181 5.40128 5.15895 4.68498 3.96626 3.70256 4.26798 4.84213 4.21925 4.25059 3.04351 2.98823 2.75156 2.76842 3.48985 2.56218 3.03028 4.16679 5.02237 5.01212 3.12267 1.69503 1.15267 2.70231 2.27082 0.94163 0.92326 1.92176 2.49464 2.90529 3.91158 4.82366 4.93752 4.32609 3.63661 2.73632 1.71077 1.72190 1.73025 1.75331 1.79582
-99999.00000 -99999.00000 -99999.00000 -99999.00000 -99999.00000 2.66876 2.79230 2.89232 2.85048 3.09946 2.71913 3.09741 3.97725 3.83096 3.93947 3.85139 3.48856 3.46198 3.72346 2.41422 1.33977 1.67855 2.85169 2.27290 3.18616 4.76370 5.15284 4.86818 4.58160 3.97373 3.57266 4.22494 4.91493 4.20613 3.97338 3.19331 3.31644 2.95887 2.80432 3.36281 3.19356 3.83266 4.09955 4.07565 3.96584 2.75500 1.55765 1.84905 3.47352 3.80939 1.55527 0.78280 1.89764 2.64933 2.37884 2.75273 3.59728 4.83220 4.93009 4.26645 3.04934 2.18663 2.19511 2.68121 1.59663 0.58679
-99999.00000 -99999.00000 -99999.00000 -99999.00000 -99999.00000 2.98097 2.85125 2.97142 2.91140 2.97854 2.63985 3.21646 3.54836 3.57035 3.68530 3.68564 3.10379 3.11406 2.90470 2.45033 2.81662 3.44520 3.78781 3.06640 3.31398 4.53950 4.92310 4.84097 4.38526 3.47353 3.54800 4.14095 4.42435 3.69710 3.57259 3.22585 3.66911 3.54653 3.60178 4.49857 4.34558 4.41005 3.98102 3.73401 3.70281 3.17191 2.51234 2.83004 3.21300 3.01095 1.90039 1.04161 1.96943 2.07707 0.96904 1.46966 2.49117 3.40909 4.44331 3.63474 2.52959 1.77076 1.66317 2.18748 1.60560 0.44341
-99999.00000 -99999.00000 -99999.00000 -99999.00000 -99999.00000 2.62721 2.55577 3.03357 3.29319 2.89201 2.83797 2.77581 2.90134 2.86107 3.20998 3.54930 2.75175 3.11068 3.02319 3.52877 4.21512 4.25825 4.63976 4.27786 3.46640 3.87680 4.19885 4.36643 3.86193 3.33808 3.53760 4.00875 3.98144 3.20281 2.98324 2.92075 3.02291 3.19729 3.88621 4.80991 4.41689 4.32888 4.50063 4.76313 4.75071 4.43647 3.85877 3.33818 2.85908 2.57334 2.34860 2.39301 2.37252 1.65613 0.79398 1.30763 1.74026 2.76943 3.83200 3.27082 2.29334 1.48968 1.92404 2.12229 1.90924 0.71540
-99999.00000 -99999.00000 -99999.00000 -99999.00000 -99999.00000 2.20447 2.40678 2.59112 3.20005 3.68436 3.28247 2.56591 2.09963 2.49324 2.73268 2.88986 2.31576 3.00534 2.97932 3.70202 4.49929 4.69237 5.01023 5.07005 4.24668 3.67125 3.72628 3.88554 3.39316 3.00031 3.05014 3.37797 3.53834 3.10568 2.76466 2.67350 2.62364 3.00319 4.33154 5.10215 4.75784 4.73055 4.99178 5.12005 5.32358 5.19739 4.65855 4.10682 3.85862 3.68789 3.40820 2.85533 2.71822 1.10581 1.56420 2.13448 1.71756 2.55922 3.57267 3.21376 2.32787 1.86785 2.38192 2.60854 2.44210 1.44956
-99999.00000 -99999.00000 -99999.00000 -99999.00000 -99999.00000 2.03889 2.21430 2.52956 2.74659 3.28971 3.10218 2.40756 1.85947 3.16510 2.40293 2.19708 2.19007 2.81089 2.84943 3.31093 4.11680 4.53565 4.92624 5.20470 5.03880 4.47959 4.21760 4.19185 3.55538 2.94545 2.88555 3.09107 3.21609 2.87651 2.66772 2.44142 2.38069 2.82393 4.37235 5.09705 4.96754 4.78447 4.99331 5.35267 5.52200 5.50203 5.33178 5.19130 5.15838 4.96107 4.23546 3.15088 2.76368 1.20416 2.15020 2.77546 1.81649 2.46662 3.46422 3.13671 2.26888 1.86640 2.18210 2.30020 2.29177 1.68539
-99999.00000 -99999.00000 -99999.00000 -99999.00000 -99999.00000 1.96138 2.54760 2.72385 3.15884 3.38342 2.72481 2.30093 2.61400 3.26251 2.63631 1.99755 2.06570 2.37113 2.44382 2.63014 2.90526 3.34013 4.04964 4.81607 5.14183 5.10059 4.88828 4.76236 4.21695 3.10259 2.81002 2.95687 3.06655 2.85744 2.63405 2.34096 3.07379 2.99035 3.85087 4.65473 4.75552 4.47138 4.89755 5.44112 5.57696 5.57670 5.50625 5.43503 5.25850 4.84506 3.92696 3.10545 2.81875 1.57909 1.99735 2.99217 1.88790 2.45353 3.45413 3.02701 2.04471 1.06374 0.90445 1.18126 1.38029 1.04076
-99999.00000 -99999.00000 -99999.00000 -99999.00000 -99999.00000 2.11908 2.81557 2.96653 3.88237 3.27977 2.64490 2.34250 2.60804 3.06867 2.42858 1.93545 1.95518 2.01641 2.08621 2.07319 1.98851 1.98888 2.39522 3.36125 4.43373 5.05085 4.96378 4.68141 4.23445 3.61227 3.12912 2.98107 3.13707 3.02180 2.81666 2.49823 2.94019 3.87402 3.95773 4.28245 4.24704 4.08328 4.83433 5.46077 5.54948 5.45145 5.22629 5.14089 5.09225 4.50378 3.40555 3.19019 2.71404 1.86313 2.10521 3.31739 2.11784 2.51343 3.46546 3.02878 1.91279 0.58526 0.61674 0.84178 0.82603 1.09183
