mrvbf_slope0.6_pctl0.7.asc
NCOLS 410
NROWS 410
XLLCORNER 2398750.0000000000000000
YLLCORNER 2548750.0000000000000000
CELLSIZE 250.0000000000000000
NODATA_VALUE -99999.00000
[rows 348 to 376 of 410, columns 66 to 131 of 410]
3.20865 3.31149 2.96358 2.66256 2.91843 3.12156 3.22538 3.23947 3.44217 3.46826 3.43788 3.33541 3.23578 3.30615 3.41703 3.43383 3.46666 3.58628 3.58972 3.48426 3.35033 3.35929 3.27558 3.27426 3.32108 3.29535 3.35984 3.56020 3.57749 3.52718 3.47452 3.29379 2.96402 3.15832 3.32717 3.24473 3.16078 3.20076 3.23677 3.36270 3.49101 3.54908 3.46798 3.34986 3.32319 3.40078 3.54340 3.69492 3.74764 3.71591 3.65897 3.66273 3.76433 3.92703 4.00240 3.88248 3.72835 3.62769 3.55035 3.59860 3.81619 3.91568 3.85531 3.93337 4.08063 3.99554
3.14663 3.21547 3.27071 3.06116 3.31264 3.38176 3.35042 3.29143 3.45795 3.48829 3.37606 3.27687 3.01567 3.22048 3.44394 3.47176 3.49030 3.51920 3.50902 3.55957 3.44822 3.38336 3.30913 3.34429 3.42820 3.29556 3.27436 3.44051 3.57777 3.61583 3.48296 3.24929 3.15220 3.45042 3.50999 3.41768 3.33147 3.26528 3.27975 3.36647 3.45991 3.50658 3.48587 3.40006 3.32289 3.29642 3.35032 3.48120 3.62650 3.68508 3.60470 3.58734 3.61660 3.68992 3.73754 3.69166 3.64535 3.62736 3.58797 3.63948 3.88738 3.93291 3.91548 4.07345 4.15425 3.88779
3.17503 3.26867 3.38227 3.13104 3.32836 3.43040 3.39400 3.41176 3.54701 3.51946 3.42464 3.22803 2.95048 3.15949 3.22875 3.15100 3.21785 3.38900 3.39528 3.42603 3.40798 3.35552 3.33579 3.45122 3.54876 3.38605 3.28975 3.34808 3.45568 3.52968 3.47671 3.31943 3.20343 3.30608 3.23701 3.08392 3.00549 3.01643 3.07686 3.15990 3.34115 3.50742 3.54283 3.42338 3.29526 3.16407 3.09480 3.24203 3.43137 3.55692 3.51315 3.53349 3.57588 3.59647 3.57608 3.58277 3.66844 3.69327 3.62319 3.67454 3.93379 3.93962 3.90482 4.07849 4.12372 3.85931
3.19551 3.30498 3.27935 3.15473 3.43354 3.52181 3.40885 3.39684 3.46687 3.45377 3.38193 3.21589 2.96167 3.10668 3.09901 3.20789 3.17091 3.26295 3.26182 3.24992 3.26738 3.30846 3.43461 3.58505 3.63311 3.46581 3.34614 3.31920 3.36750 3.42382 3.43436 3.37047 3.26463 3.27442 3.23798 3.20373 3.13024 2.98936 2.87646 2.88068 3.14526 3.41149 3.40326 3.34790 3.29847 3.25800 3.16591 3.10805 3.22054 3.35897 3.38677 3.50893 3.59690 3.57092 3.53312 3.56058 3.63184 3.64020 3.59161 3.63717 3.84546 3.88063 3.87995 4.05791 4.09858 3.88029
3.29115 3.34226 3.28156 3.24704 3.43981 3.37852 3.35603 3.34619 3.43593 3.44206 3.39535 3.30475 3.12623 3.27625 3.33931 3.45011 3.41478 3.27078 3.17284 3.16234 3.25843 3.42178 3.59390 3.75961 3.68563 3.49264 3.36897 3.31852 3.34309 3.38810 3.43409 3.48217 3.49694 3.51688 3.47293 3.41417 3.40410 3.24939 2.94131 2.79931 2.96610 3.22254 3.26583 3.30998 3.33162 3.39324 3.35831 3.20098 3.12793 3.15037 3.30886 3.48331 3.51734 3.53279 3.55862 3.61445 3.65807 3.63644 3.57423 3.60246 3.72269 3.78888 3.87844 4.04627 4.07359 3.91642
3.33801 3.39951 3.38076 3.27269 3.37257 3.37973 3.47240 3.40765 3.45900 3.48878 3.46926 3.29654 3.31890 3.40040 3.44440 3.42072 3.37652 3.26032 3.26172 3.28974 3.33963 3.48119 3.68267 3.78703 3.61145 3.44547 3.36132 3.33836 3.36359 3.39449 3.41183 3.44158 3.52442 3.67584 3.60836 3.46744 3.43490 3.42764 3.16710 2.96114 3.09286 3.21746 3.25191 3.28992 3.28536 3.32520 3.36104 3.28565 3.19588 3.20374 3.30641 3.32781 3.38948 3.51333 3.59869 3.66248 3.71218 3.63711 3.57991 3.61989 3.66421 3.72373 3.87457 3.98599 4.02156 3.98547
3.04726 3.13874 3.15050 3.11817 3.26295 3.44414 3.53944 3.49249 3.46099 3.53572 3.51197 3.41696 3.41120 3.41542 3.36863 3.35117 3.34909 3.33899 3.41548 3.39966 3.34788 3.48613 3.76442 3.72509 3.48387 3.35488 3.36088 3.37591 3.41020 3.43023 3.40432 3.37163 3.43318 3.61185 3.70484 3.56050 3.44491 3.33866 3.20068 3.20953 3.33053 3.33963 3.26519 3.27187 3.28645 3.31293 3.34246 3.29931 3.26424 3.28187 3.19414 3.13229 3.36683 3.49119 3.52342 3.56982 3.64730 3.61821 3.57646 3.60471 3.60309 3.62197 3.72282 3.88665 3.97010 3.98932
3.04493 3.08927 3.08614 3.03724 3.16220 3.37242 3.48401 3.52656 3.49028 3.53402 3.58380 3.56404 3.47563 3.44001 3.33732 3.42525 3.48753 3.48179 3.46387 3.33364 3.32139 3.53935 3.80927 3.60484 3.33649 3.28285 3.32682 3.35575 3.45521 3.50449 3.44868 3.35936 3.33013 3.46278 3.64466 3.68791 3.52796 3.34144 3.29404 3.41213 3.40454 3.28303 3.17972 3.24267 3.30860 3.39579 3.42131 3.32818 3.27972 3.23479 3.03467 2.98021 3.20781 3.36253 3.44090 3.47843 3.60398 3.65670 3.58020 3.55775 3.55266 3.55912 3.59394 3.69602 3.83406 3.89114
3.34274 3.38583 3.36298 3.26372 3.29026 3.36920 3.46366 3.48183 3.46525 3.52829 3.67660 3.70523 3.55418 3.46492 3.44630 3.47752 3.42982 3.35794 3.30276 3.18145 3.39911 3.69660 3.78730 3.47005 3.19266 3.32681 3.20551 3.31702 3.51700 3.56604 3.48564 3.41184 3.33549 3.37897 3.51844 3.56524 3.42588 3.17475 3.12073 3.26985 3.30625 3.21578 3.21999 3.25766 3.26151 3.38307 3.43527 3.38103 3.34763 3.28739 3.08016 2.81713 2.90411 3.22677 3.35706 3.35930 3.49180 3.61585 3.62144 3.57909 3.54994 3.54275 3.54476 3.59315 3.66816 3.72130
3.33888 3.44323 3.40396 3.39374 3.39234 3.33492 3.36042 3.41613 3.46993 3.58826 3.79587 3.71144 3.54438 3.48237 3.56062 3.43594 3.31204 3.32406 3.26608 3.34965 3.59950 3.76633 3.51560 3.20648 3.07288 3.32276 3.19424 3.37797 3.52064 3.45699 3.43363 3.45194 3.39774 3.40381 3.48770 3.47942 3.26651 2.96806 2.87879 3.12363 3.36220 3.38909 3.43790 3.37028 3.28742 3.31408 3.38741 3.45079 3.44002 3.42521 3.28004 2.99808 2.92505 3.12387 3.26657 3.18052 3.20367 3.45587 3.54841 3.54808 3.54924 3.55423 3.54011 3.56718 3.60244 3.62841
3.40151 3.51898 3.47983 3.41071 3.29722 3.20010 3.35825 3.48153 3.55818 3.66023 3.78010 3.61957 3.50305 3.52505 3.58447 3.37226 3.14309 3.14279 3.26375 3.40200 3.57071 3.45361 2.91184 2.59606 2.81481 3.08351 2.93572 3.15922 3.33654 3.27619 3.31399 3.37859 3.41579 3.47431 3.51584 3.49383 3.28904 3.21006 3.22211 3.15318 3.36760 3.47749 3.47368 3.48185 3.43831 3.30739 3.30409 3.39433 3.48407 3.48782 3.36501 3.26818 3.13365 3.19209 3.34869 3.27826 3.08517 3.20709 3.40668 3.48215 3.54925 3.54753 3.51920 3.55084 3.58321 3.59665
3.22374 3.35740 3.42739 3.32002 3.16680 3.15818 3.38715 3.51713 3.56032 3.57285 3.57486 3.49066 3.44319 3.52295 3.52965 3.36819 3.13074 2.92558 2.87735 2.98347 3.17068 2.86646 2.43465 2.57008 2.90943 2.97382 2.76754 3.01687 3.30963 3.29493 3.21757 3.21794 3.42242 3.52403 3.50509 3.50078 3.37428 3.25239 3.37708 3.17350 3.19413 3.40697 3.51512 3.55603 3.49381 3.37569 3.20621 3.31642 3.51730 3.45861 3.40007 3.40677 3.25846 3.30956 3.48459 3.47964 3.33840 3.19501 3.32114 3.43549 3.50825 3.49723 3.47056 3.50080 3.56788 3.60127
3.19091 3.33226 3.38906 3.32692 3.14983 3.01909 3.21854 3.42083 3.51796 3.52852 3.47795 3.41712 3.42626 3.49856 3.48334 3.46906 3.41280 3.27953 3.07304 2.86675 2.84348 2.75882 2.79794 3.16628 3.36787 3.28628 2.93281 3.08456 3.45762 3.42436 3.22957 3.20050 3.45780 3.46690 3.40132 3.38911 3.34381 3.14958 3.20554 3.12936 3.01855 3.15418 3.35986 3.50456 3.48016 3.42577 3.24000 3.11897 3.36320 3.43573 3.44339 3.45637 3.31889 3.38725 3.55847 3.52508 3.44576 3.33193 3.37399 3.47432 3.52208 3.49212 3.45824 3.46850 3.54319 3.60560
3.27822 3.42272 3.49028 3.45937 3.34436 3.21615 3.24671 3.40896 3.54247 3.57141 3.48357 3.43080 3.45896 3.53800 3.55200 3.58985 3.61984 3.58503 3.49765 3.34016 3.17484 3.21765 3.30386 3.37079 3.47413 3.23720 2.94376 3.29319 3.57958 3.51897 3.39828 3.36947 3.44930 3.34159 3.24604 3.27957 3.24049 3.04377 3.23060 3.29501 3.23164 3.19328 3.15693 3.24815 3.38835 3.40418 3.34637 3.11282 3.14903 3.41233 3.48163 3.49872 3.38893 3.44038 3.55482 3.49619 3.49541 3.47538 3.47256 3.55167 3.60572 3.57926 3.51995 3.46853 3.52002 3.60202
3.29634 3.44739 3.47025 3.46775 3.41664 3.33202 3.32932 3.44101 3.58130 3.58738 3.48984 3.47070 3.52899 3.64058 3.65654 3.69154 3.75840 3.74690 3.69788 3.62435 3.54368 3.49044 3.51285 3.42088 3.39301 3.20217 3.22107 3.48810 3.65305 3.59268 3.50926 3.48091 3.44921 3.21275 3.09972 3.23676 3.33489 3.24376 3.41620 3.45549 3.42277 3.43474 3.36502 3.22204 3.24585 3.26298 3.34653 3.28305 3.10258 3.26276 3.47304 3.51915 3.45738 3.45235 3.50959 3.46938 3.51038 3.48051 3.48287 3.59367 3.65728 3.62825 3.59270 3.50471 3.49825 3.57713
3.31210 3.33438 3.37041 3.43467 3.37227 3.30292 3.33835 3.46786 3.62993 3.55677 3.48210 3.52585 3.60299 3.69027 3.74585 3.86275 4.00322 4.03991 4.01032 3.91423 3.70456 3.58882 3.60172 3.53625 3.46245 3.40380 3.44549 3.52583 3.52599 3.49898 3.45550 3.45156 3.37549 3.11417 3.15777 3.14201 3.39334 3.35726 3.36926 3.50995 3.47718 3.47469 3.48633 3.47685 3.42210 3.36859 3.32538 3.07256 2.88739 3.26753 3.49813 3.50390 3.55013 3.52276 3.52610 3.49673 3.50342 3.40002 3.46750 3.63452 3.65998 3.60685 3.60120 3.54267 3.49128 3.52653
3.32262 3.23489 3.26202 3.30130 3.30651 3.29712 3.34719 3.49156 3.62825 3.51202 3.48577 3.60513 3.67094 3.66229 3.75089 3.98886 4.06485 4.13979 4.18956 4.09585 3.81337 3.58448 3.52804 3.56330 3.58961 3.56177 3.56411 3.53268 3.50009 3.49397 3.40615 3.38455 3.35674 3.18443 3.34670 3.15032 3.39253 3.47086 3.40883 3.46171 3.37733 3.38000 3.49322 3.50002 3.44993 3.44550 3.30688 2.90473 2.91434 3.33350 3.54435 3.54006 3.55164 3.59243 3.56392 3.53958 3.52839 3.36536 3.37857 3.55938 3.57926 3.55781 3.59726 3.57899 3.52295 3.50546
3.40664 3.09198 3.01121 3.26459 3.38917 3.36130 3.36189 3.49268 3.56870 3.46201 3.46434 3.58971 3.61988 3.61428 3.73697 3.95887 4.07543 4.05852 4.15924 4.04847 3.74890 3.61016 3.47348 3.44192 3.48229 3.53888 3.62651 3.62537 3.61779 3.60606 3.48455 3.43541 3.41080 3.37515 3.45977 3.25487 3.28386 3.34907 3.30367 3.36617 3.22572 3.15508 3.44762 3.57680 3.51531 3.42825 3.35322 3.13711 2.94165 3.07474 3.37657 3.49588 3.53701 3.57509 3.58437 3.56901 3.56231 3.43531 3.16305 3.23302 3.39165 3.48781 3.57719 3.59231 3.55179 3.52021
3.46500 3.14389 3.00949 3.19477 3.27944 3.25299 3.26745 3.38447 3.45619 3.39674 3.38793 3.55092 3.58524 3.57459 3.69663 3.95492 3.95844 3.91400 4.00801 4.00068 3.72100 3.58726 3.49508 3.39922 3.36692 3.44381 3.59064 3.69439 3.65777 3.62257 3.57465 3.58596 3.51092 3.49647 3.57020 3.41501 3.28510 3.28843 3.33399 3.41401 3.28648 2.87476 3.06508 3.48078 3.61723 3.53292 3.46482 3.43962 3.27155 3.12448 3.28289 3.44420 3.45284 3.50328 3.59020 3.61327 3.55922 3.47039 3.28801 3.10368 3.23541 3.42101 3.50567 3.53000 3.53223 3.52491
3.60964 3.38429 3.10221 3.09102 3.14258 3.08071 3.07872 3.09301 3.12584 3.19358 3.37548 3.54121 3.56618 3.53777 3.65212 3.89675 3.79720 3.67347 3.68483 3.80402 3.66985 3.52915 3.49822 3.43298 3.27372 3.35343 3.56375 3.75095 3.67702 3.61432 3.61393 3.68818 3.56299 3.52723 3.60292 3.53882 3.46491 3.46010 3.47627 3.50113 3.43842 3.07766 2.64718 3.12557 3.52718 3.54127 3.42304 3.41973 3.37064 3.23362 3.34106 3.48976 3.50253 3.49696 3.55706 3.55073 3.49179 3.46640 3.48186 3.47819 3.45842 3.48026 3.46372 3.45965 3.49443 3.50911
3.74013 3.58127 3.41964 3.31737 3.22244 3.09778 2.97628 2.88548 2.88041 3.06304 3.41937 3.57234 3.53110 3.45849 3.54290 3.70524 3.61953 3.56398 3.53454 3.57575 3.59940 3.51943 3.49662 3.46391 3.24558 3.29312 3.51678 3.60479 3.51124 3.45521 3.46845 3.58478 3.56456 3.52510 3.59744 3.61673 3.60569 3.63258 3.58610 3.55738 3.54330 3.41251 2.92642 2.85608 3.27177 3.26465 3.21316 3.23936 3.05889 2.98573 3.32138 3.49323 3.47895 3.51812 3.51844 3.43375 3.44523 3.51902 3.56913 3.57295 3.59364 3.59858 3.54971 3.51389 3.50138 3.50282
3.63028 3.60679 3.58216 3.51660 3.38887 3.23577 3.10345 3.07992 3.09412 3.20012 3.45316 3.59337 3.56827 3.44183 3.41645 3.50689 3.49849 3.49071 3.50901 3.49995 3.56730 3.58555 3.50958 3.48418 3.29579 3.17519 3.29987 3.32283 3.28953 3.34584 3.35984 3.49048 3.59427 3.53527 3.57507 3.63098 3.64730 3.74003 3.62838 3.59675 3.60341 3.46703 3.22934 3.21874 3.29901 3.27612 3.35290 3.15800 2.73500 2.90919 3.30715 3.47083 3.43071 3.44918 3.42517 3.42711 3.55128 3.55995 3.56130 3.57680 3.58785 3.57320 3.55976 3.55942 3.49866 3.47999
3.50597 3.48427 3.50143 3.53037 3.49353 3.40754 3.38959 3.39537 3.24239 3.27023 3.50458 3.64398 3.62942 3.57156 3.46138 3.41944 3.40740 3.45952 3.51512 3.48377 3.50550 3.57654 3.51065 3.43005 3.27731 3.04986 2.99725 3.05331 3.24260 3.39419 3.34675 3.45778 3.63838 3.53120 3.54064 3.63975 3.63539 3.71289 3.61261 3.62963 3.59779 3.44026 3.35508 3.45860 3.48421 3.47729 3.36665 3.25968 2.97785 2.97628 3.27221 3.30742 3.23664 3.33744 3.45806 3.54793 3.56337 3.53215 3.53743 3.57571 3.59712 3.56178 3.52296 3.53543 3.48568 3.47076
3.44652 3.42511 3.41438 3.43317 3.45202 3.45117 3.46929 3.51113 3.40539 3.26153 3.42338 3.68514 3.73195 3.68978 3.62483 3.52237 3.49903 3.55227 3.56904 3.49210 3.41820 3.42019 3.37184 3.26283 3.28447 3.17889 3.12800 3.20232 3.32295 3.34513 3.28890 3.44591 3.64424 3.54654 3.52655 3.65312 3.66097 3.65412 3.62887 3.69418 3.58530 3.46852 3.41091 3.45580 3.48064 3.43548 3.33116 3.39152 3.31938 3.27672 3.43646 3.37910 3.40489 3.44093 3.56235 3.60181 3.52900 3.51439 3.51129 3.45076 3.47651 3.55351 3.54204 3.51816 3.49383 3.53709
3.46564 3.47965 3.46010 3.44427 3.42816 3.41554 3.41833 3.41620 3.21833 3.18856 3.51942 3.82918 3.93265 3.88637 3.75314 3.63090 3.61798 3.67315 3.67319 3.56327 3.41027 3.24609 3.21685 3.21606 3.42508 3.43638 3.42260 3.41920 3.38477 3.31444 3.26627 3.39278 3.55563 3.56451 3.57355 3.65106 3.75172 3.69758 3.73920 3.68919 3.62387 3.57446 3.45504 3.37035 3.39463 3.25816 3.21345 3.31301 3.38902 3.45286 3.50328 3.49264 3.45072 3.44718 3.54903 3.55130 3.52822 3.52357 3.43874 3.45841 3.37655 3.44111 3.52168 3.54579 3.55676 3.51040
3.54948 3.59664 3.58110 3.55975 3.52033 3.48213 3.43756 3.36061 3.15743 3.21802 3.50039 3.71294 3.94065 4.00889 3.88587 3.70731 3.61413 3.62470 3.63572 3.57850 3.47193 3.32881 3.23326 3.39473 3.56462 3.52515 3.46158 3.43683 3.44804 3.39055 3.29768 3.33491 3.47488 3.59714 3.69718 3.68113 3.67545 3.68926 3.74909 3.66837 3.68630 3.65912 3.50363 3.32818 3.22676 3.10172 2.85658 3.13312 3.36941 3.49214 3.47637 3.43378 3.38770 3.40849 3.49807 3.51622 3.52899 3.52603 3.52384 3.48670 3.48160 3.45509 3.47507 3.51396 3.49868 3.41588
3.60504 3.66857 3.71862 3.70443 3.64024 3.55646 3.44337 3.33136 3.24917 3.33827 3.41176 3.48960 3.67725 3.85472 3.77570 3.63374 3.51638 3.55635 3.59847 3.51317 3.44485 3.43926 3.41681 3.49329 3.55696 3.47572 3.40525 3.44684 3.53004 3.46821 3.34689 3.32565 3.43611 3.59032 3.79662 3.76224 3.60575 3.57600 3.59615 3.59421 3.66471 3.59647 3.44577 3.26527 2.87862 2.48477 2.44478 2.93746 3.30915 3.42612 3.34640 3.30212 3.22842 3.14522 3.28695 3.47221 3.48115 3.53717 3.57615 3.57027 3.56978 3.49946 3.42971 3.40392 3.35875 3.29296
3.58374 3.65854 3.78546 3.79404 3.73087 3.56209 3.44095 3.33561 3.35882 3.49991 3.42983 3.34529 3.43560 3.53675 3.48308 3.38489 3.34174 3.39386 3.47867 3.41225 3.34916 3.42791 3.47068 3.49003 3.48682 3.39839 3.32099 3.41580 3.52276 3.48909 3.42088 3.37251 3.41963 3.52315 3.71505 3.81974 3.55298 3.46568 3.50648 3.48268 3.53590 3.49018 3.33366 3.22611 2.83436 1.74720 1.84938 2.19706 2.54666 2.90054 2.98225 3.12117 3.23317 3.14457 3.15303 3.38632 3.50841 3.54791 3.55946 3.60486 3.58316 3.47822 3.37232 3.29513 3.25910 3.29128
3.55310 3.62460 3.75672 3.81256 3.76723 3.56825 3.46820 3.41650 3.38795 3.52020 3.46190 3.31101 3.14461 3.17405 3.22051 3.25226 3.34484 3.28855 3.29991 3.22120 3.29233 3.43086 3.48673 3.49374 3.46176 3.35304 3.22448 3.27705 3.46360 3.43694 3.41897 3.43750 3.44866 3.47122 3.60236 3.75710 3.51602 3.40028 3.52289 3.47019 3.49307 3.44290 3.30795 3.27176 2.95504 1.34640 0.96703 1.49723 2.09177 2.54023 2.82973 3.15773 3.29828 3.23839 3.21942 3.38964 3.51135 3.51140 3.49619 3.52976 3.48531 3.41487 3.33660 3.25486 3.25382 3.36297
