mrvbf_slope0.8_pctl1.2.asc
NCOLS 410
NROWS 410
XLLCORNER 2398750.0000000000000000
YLLCORNER 2548750.0000000000000000
CELLSIZE 250.0000000000000000
NODATA_VALUE -99999.00000
[rows 377 to 405 of 410, columns 66 to 131 of 410]
3.71987 3.78604 3.87462 3.93168 3.89057 3.80036 3.74254 3.73429 3.70272 3.75291 3.75797 3.68320 3.55859 3.52562 3.56583 3.64111 3.71072 3.66370 3.60627 3.62057 3.70503 3.77914 3.80909 3.82773 3.80821 3.71931 3.61876 3.55658 3.60538 3.69810 3.76079 3.80161 3.78645 3.75475 3.83633 4.00408 3.88142 3.71185 3.74830 3.82259 3.87285 3.75533 3.67744 3.66352 3.56663 3.44992 3.35743 3.39021 3.51114 3.58791 3.64209 3.68020 3.66275 3.62876 3.65061 3.70265 3.71574 3.69131 3.66666 3.65983 3.65824 3.66601 3.67396 3.67143 3.67743 3.69605
3.69513 3.75805 3.82592 3.85415 3.81586 3.76803 3.76011 3.79327 3.80649 3.85203 3.81974 3.74374 3.67554 3.63032 3.60756 3.65151 3.70732 3.69999 3.66709 3.72506 3.78845 3.81474 3.83636 3.84587 3.84553 3.80377 3.68114 3.52224 3.48441 3.60479 3.70628 3.66836 3.68501 3.68748 3.73908 3.91172 3.95337 3.77503 3.73886 3.83852 3.86490 3.72644 3.67970 3.71921 3.66880 3.45030 3.35953 3.46188 3.56172 3.66068 3.72767 3.74638 3.67007 3.61387 3.65480 3.73041 3.70492 3.66279 3.62158 3.58848 3.59278 3.63422 3.66367 3.67564 3.68195 3.68457
3.65802 3.71756 3.77395 3.79212 3.77581 3.75206 3.77067 3.81413 3.78954 3.85504 3.74596 3.74822 3.74471 3.76359 3.71453 3.68390 3.70014 3.71005 3.72961 3.80043 3.85354 3.87381 3.91099 3.85689 3.85055 3.86626 3.83190 3.62464 3.44599 3.41731 3.48198 3.53184 3.58573 3.59946 3.66454 3.80434 3.85862 3.75335 3.73086 3.80177 3.79294 3.70570 3.70426 3.76535 3.65851 3.50905 3.48545 3.54899 3.64342 3.72665 3.73843 3.71558 3.64337 3.61578 3.67211 3.71490 3.68554 3.65198 3.61580 3.59207 3.59530 3.63015 3.66479 3.68418 3.68674 3.67448
3.61591 3.68294 3.75125 3.79166 3.78736 3.77758 3.82479 3.90373 3.88475 3.80914 3.79011 3.77544 3.76626 3.80343 3.81725 3.74393 3.70938 3.71145 3.74624 3.82384 3.89868 3.84427 3.80995 3.82274 3.87052 3.92225 3.90152 3.77133 3.62450 3.49369 3.45999 3.50077 3.51162 3.53831 3.61127 3.66353 3.63116 3.59288 3.63183 3.70506 3.70934 3.69188 3.74498 3.77723 3.62170 3.52739 3.55820 3.66167 3.78228 3.83668 3.79922 3.72417 3.65155 3.64247 3.66154 3.67391 3.66349 3.63451 3.62453 3.63945 3.64044 3.65015 3.67457 3.69195 3.68777 3.66763
3.61505 3.71949 3.81311 3.85380 3.78248 3.73535 3.80285 3.90931 3.93173 3.88947 3.83150 3.75499 3.74018 3.75478 3.75810 3.72605 3.70418 3.70373 3.71214 3.73786 3.76424 3.75870 3.78612 3.85708 3.94465 4.00632 3.96749 3.85417 3.75570 3.64756 3.56225 3.49631 3.45718 3.49826 3.52768 3.52394 3.50849 3.55309 3.64479 3.68811 3.66450 3.67479 3.75317 3.71652 3.57557 3.53361 3.59631 3.72996 3.84348 3.87732 3.83313 3.73328 3.67729 3.67555 3.63841 3.64121 3.65326 3.60986 3.61418 3.65919 3.65686 3.65485 3.67280 3.68715 3.67667 3.66070
3.70757 3.83310 3.86243 3.79151 3.69540 3.62415 3.64617 3.76756 3.90097 3.84758 3.74821 3.66980 3.64698 3.64215 3.64706 3.65762 3.66698 3.66869 3.65258 3.63064 3.61635 3.64813 3.74750 3.86226 3.96668 4.01140 3.96577 3.87856 3.76083 3.62019 3.52690 3.46206 3.40549 3.40208 3.39894 3.42829 3.47107 3.56700 3.63315 3.63447 3.60369 3.62906 3.65846 3.60378 3.55521 3.55515 3.58659 3.67687 3.77353 3.80802 3.76931 3.68728 3.64539 3.65717 3.65215 3.62496 3.60925 3.56528 3.56649 3.61698 3.62693 3.62683 3.64235 3.65709 3.65596 3.64851
3.70917 3.76223 3.72807 3.66843 3.63759 3.59339 3.56114 3.64076 3.78494 3.71860 3.63467 3.58780 3.56656 3.56546 3.58078 3.60319 3.62034 3.62198 3.59888 3.55511 3.50435 3.47271 3.52617 3.65442 3.81393 3.92614 3.89481 3.78917 3.65133 3.54247 3.44529 3.39144 3.36704 3.30421 3.33122 3.38407 3.45673 3.49750 3.52228 3.51777 3.53874 3.58689 3.58762 3.52675 3.49615 3.49742 3.51088 3.56583 3.63419 3.66771 3.64911 3.60953 3.56876 3.57719 3.62658 3.61496 3.54188 3.45944 3.46460 3.50607 3.53630 3.55880 3.57541 3.58815 3.61598 3.63129
3.52398 3.55471 3.57775 3.60635 3.63015 3.61475 3.54455 3.58037 3.65193 3.59626 3.56011 3.54760 3.54153 3.54936 3.56399 3.57556 3.58378 3.58454 3.56530 3.51860 3.47037 3.43787 3.44038 3.52132 3.67149 3.82810 3.83005 3.72960 3.61468 3.56235 3.49673 3.38790 3.34669 3.31343 3.33228 3.35897 3.41693 3.44192 3.44855 3.47342 3.52828 3.57493 3.57487 3.50152 3.44863 3.43751 3.44295 3.48563 3.53827 3.56125 3.55239 3.53775 3.51149 3.50878 3.55690 3.56498 3.45610 3.31931 3.30423 3.38701 3.42420 3.45079 3.45735 3.46804 3.50792 3.57411
3.39234 3.42571 3.49128 3.57131 3.61833 3.57349 3.54315 3.59473 3.54100 3.50048 3.51484 3.56287 3.56557 3.55303 3.56100 3.57166 3.57526 3.57558 3.56642 3.52885 3.48136 3.43090 3.40067 3.47991 3.60988 3.73618 3.77062 3.71845 3.62611 3.54324 3.50318 3.45603 3.37493 3.34488 3.33223 3.34407 3.36024 3.39137 3.44114 3.48370 3.52487 3.56532 3.57682 3.52879 3.45388 3.41569 3.40202 3.44010 3.49023 3.49274 3.48379 3.48840 3.48796 3.47596 3.50675 3.50966 3.37062 3.23197 3.34934 3.42194 3.41750 3.39048 3.34956 3.35292 3.37495 3.43313
3.36960 3.38286 3.44211 3.50685 3.54120 3.54133 3.52612 3.49885 3.45138 3.42527 3.50431 3.62122 3.59951 3.52362 3.53353 3.59642 3.61618 3.61930 3.62665 3.58542 3.47021 3.31384 3.28370 3.40063 3.51403 3.61123 3.66432 3.67636 3.66874 3.55652 3.46086 3.43702 3.46785 3.46609 3.38502 3.32598 3.32958 3.35332 3.40512 3.45786 3.46970 3.50382 3.53044 3.54388 3.48601 3.40131 3.35074 3.38978 3.43806 3.41771 3.42011 3.45082 3.44780 3.40440 3.42472 3.42941 3.35372 3.25018 3.29934 3.42738 3.46086 3.40612 3.35557 3.30921 3.30803 3.32383
3.45140 3.41973 3.43429 3.48279 3.50634 3.44918 3.31653 3.31595 3.37862 3.46080 3.53422 3.62021 3.58516 3.45569 3.49594 3.65846 3.70851 3.71504 3.74516 3.67706 3.50124 3.26619 3.09794 3.19936 3.36961 3.49815 3.55062 3.52925 3.49309 3.47330 3.44633 3.42098 3.48191 3.47786 3.36407 3.27078 3.28852 3.35956 3.40731 3.41947 3.39174 3.39763 3.42859 3.48042 3.48786 3.36374 3.21523 3.24842 3.28570 3.29376 3.35609 3.40691 3.38570 3.34218 3.29358 3.32439 3.33994 3.28294 3.26132 3.32526 3.35381 3.28361 3.19006 3.12710 3.21703 3.31368
3.56285 3.48525 3.45980 3.49713 3.52167 3.40849 3.30444 3.31081 3.44820 3.51422 3.58979 3.73041 3.61558 3.42357 3.43640 3.61000 3.73190 3.77420 3.81792 3.69664 3.51837 3.39927 3.17034 3.12963 3.28685 3.45015 3.49596 3.42464 3.32892 3.27851 3.32469 3.34825 3.32345 3.18775 3.08659 3.07639 3.12726 3.29749 3.43061 3.38999 3.35413 3.32861 3.32741 3.38077 3.42888 3.32903 3.07812 2.88758 3.05892 3.19827 3.29031 3.32163 3.28435 3.29062 3.26678 3.23764 3.21864 3.14426 3.09562 3.02969 2.86268 2.72523 2.71979 2.83438 3.01671 3.22876
3.53698 3.48676 3.50183 3.52624 3.56648 3.43223 3.42822 3.40867 3.45507 3.51330 3.61540 3.74615 3.74459 3.53114 3.39791 3.52139 3.72211 3.85067 3.92619 3.77266 3.55393 3.50978 3.33755 3.19295 3.27799 3.45748 3.49561 3.38546 3.30888 3.25308 3.28882 3.27089 3.14972 3.02598 3.02153 2.96419 2.90616 3.06959 3.29493 3.32053 3.35943 3.32919 3.27789 3.31300 3.36529 3.24419 2.83796 2.62109 2.85023 3.10933 3.10755 3.13574 3.17877 3.16327 3.20418 3.15388 3.06092 2.94937 2.73042 2.37741 2.07584 2.12537 2.49744 2.79661 2.91801 3.07880
3.49518 3.53119 3.61967 3.59306 3.47581 3.40046 3.43013 3.36786 3.26008 3.22143 3.29599 3.44772 3.62024 3.57465 3.44392 3.50209 3.72796 3.91477 3.99201 3.84638 3.61469 3.56154 3.41886 3.23048 3.26039 3.44164 3.48171 3.35236 3.35051 3.35464 3.30148 3.21958 3.14719 3.12316 3.19997 3.11865 2.90832 2.93065 3.12697 3.26115 3.35615 3.28933 3.25838 3.26716 3.23507 2.90688 2.51829 2.33812 2.54141 2.79266 2.85326 2.96018 3.10517 3.06845 3.04692 3.01845 2.90316 2.68377 2.31942 1.66989 1.51493 1.97104 2.38645 2.65851 2.82358 2.90380
3.53770 3.54868 3.63457 3.63292 3.45262 3.41726 3.41905 3.32638 3.16706 3.05760 3.05754 3.15548 3.25556 3.15197 3.10023 3.32179 3.58297 3.77691 3.91015 3.78848 3.58865 3.57017 3.40972 3.19066 3.19821 3.39672 3.47276 3.31561 3.29500 3.37128 3.21979 3.15813 3.21849 3.15883 3.12993 3.24283 3.06745 2.99926 3.11952 3.18285 3.19331 3.17075 3.22890 3.15056 2.94107 2.59655 2.27554 2.19014 2.18430 2.51632 2.65290 2.75950 2.91200 2.97731 2.93286 2.85941 2.69248 2.43671 1.89046 1.59003 2.13164 2.27063 2.40363 2.63967 2.66650 2.70690
3.52656 3.50890 3.52704 3.61509 3.49920 3.43511 3.50318 3.46577 3.41272 3.41217 3.30315 3.28441 3.20298 3.03367 3.07985 3.28299 3.46754 3.62377 3.78903 3.71628 3.52305 3.52016 3.36357 3.13406 3.07741 3.23970 3.34037 3.19593 3.12552 3.15449 3.08019 3.07260 3.06892 2.99196 3.04703 3.18748 3.11571 3.07348 3.12814 3.16888 3.06269 3.01336 3.08840 2.97765 2.78350 2.56257 2.42117 2.46450 2.00974 2.21032 2.46302 2.58617 2.69652 2.77004 2.73920 2.61955 2.40896 1.95064 1.64096 2.18119 2.46956 2.45863 2.56752 2.64952 2.63581 2.68180
3.52121 3.47548 3.53153 3.59475 3.56661 3.42399 3.43557 3.54505 3.56109 3.44293 3.48714 3.60180 3.45938 3.31597 3.32944 3.39210 3.43406 3.54214 3.74543 3.74208 3.52006 3.41440 3.34374 3.11743 2.85965 2.81119 2.86418 2.87877 2.94420 3.01731 3.05675 3.06497 2.95129 2.84613 2.87849 2.95883 3.00915 3.05960 2.96081 2.99193 2.99693 2.92949 2.90665 2.91982 2.83943 2.66361 2.52266 2.47316 2.27809 1.98168 2.18487 2.40360 2.54894 2.61504 2.54635 2.25875 1.71620 1.35742 1.36898 2.27765 2.47510 2.49677 2.60670 2.64078 2.68958 2.72120
3.46932 3.47989 3.58574 3.62559 3.53787 3.37786 3.39045 3.58099 3.60292 3.50612 3.66699 3.86176 3.78360 3.56216 3.49273 3.54691 3.51732 3.48746 3.60222 3.66217 3.53365 3.38543 3.24996 2.95240 2.66089 2.54716 2.57968 2.68830 2.86428 3.04615 3.12484 3.08095 2.99967 3.04663 2.93775 2.90070 2.94145 2.94910 2.83413 2.71734 2.74064 2.74415 2.77206 2.84986 2.89241 2.73729 2.54628 2.36757 2.35623 2.23300 2.03936 2.17505 2.35711 2.41587 2.13803 1.66123 1.12945 0.89588 1.28456 2.02971 2.30830 2.39970 2.54952 2.63905 2.73009 2.71643
3.28381 3.36986 3.52310 3.61824 3.46060 3.34746 3.47200 3.70492 3.69788 3.47299 3.55992 3.87139 3.97297 3.86908 3.76409 3.69236 3.57123 3.40442 3.36467 3.35507 3.21354 3.03338 2.87090 2.70715 2.55617 2.43560 2.49781 2.63075 2.81733 3.06950 3.14870 2.99721 2.93904 3.09317 2.91444 2.88020 2.89605 2.84448 2.74219 2.65142 2.62897 2.64991 2.69210 2.72957 2.75724 2.72977 2.57825 2.36072 2.29860 2.43622 2.15471 2.02648 2.06651 2.01344 1.75848 1.50151 1.15831 1.33527 1.48231 1.71476 2.13242 2.33973 2.54091 2.63884 2.69680 2.68689
3.34128 3.33754 3.46089 3.63830 3.49599 3.48301 3.58798 3.58386 3.55497 3.48821 3.56469 3.84657 3.96651 3.83745 3.61478 3.54492 3.52943 3.42097 3.30317 3.18051 2.98280 2.83867 2.79455 2.77102 2.68763 2.69601 2.61491 2.67013 2.78261 2.92218 2.95017 2.78199 2.74556 2.85204 2.76057 2.73896 2.74926 2.67163 2.60515 2.60920 2.60979 2.62931 2.67198 2.69279 2.68183 2.64207 2.53394 2.33575 2.21092 2.37620 2.18815 1.94058 1.85049 1.82120 1.74152 1.56574 1.28322 1.16959 1.33951 1.52874 1.84031 2.19871 2.50238 2.56874 2.61092 2.63803
3.45402 3.44045 3.47820 3.61729 3.57957 3.55463 3.56751 3.58720 3.61100 3.60373 3.79447 3.91454 3.80524 3.55455 3.44672 3.54877 3.60700 3.56429 3.45564 3.24872 3.01539 2.99466 3.14433 3.16698 2.92744 2.83510 2.84984 2.83740 2.86560 2.79621 2.66669 2.57205 2.61538 2.72369 2.65386 2.60850 2.50776 2.39088 2.37627 2.49772 2.60941 2.64840 2.68131 2.70839 2.68039 2.60066 2.46550 2.25495 2.13335 2.21382 2.02372 1.68768 1.69855 1.75801 1.77355 1.63722 1.05641 0.57206 0.68049 1.20095 1.63451 1.94092 2.34890 2.44806 2.56758 2.61720
3.48483 3.54301 3.57342 3.57315 3.69044 3.72597 3.73236 3.86794 3.95052 3.92817 3.89790 3.71722 3.45817 3.29054 3.39979 3.61420 3.67398 3.66860 3.60397 3.31570 3.06238 3.15038 3.46327 3.59334 3.36075 3.11028 3.12293 3.12069 3.06394 2.70711 2.52230 2.48184 2.65815 2.74883 2.60766 2.50898 2.14965 1.69502 1.60925 2.07163 2.49433 2.63784 2.68850 2.74487 2.70490 2.61872 2.51128 2.37548 2.13353 1.99126 1.61390 1.20442 1.56345 1.74386 1.77027 1.55735 0.58905 0.40978 0.48630 0.75885 1.55637 1.81059 2.06483 2.30344 2.50960 2.57505
3.65068 3.68039 3.58666 3.50191 3.53496 3.65734 3.78795 3.98062 4.03428 3.92937 3.68269 3.35458 3.11603 3.09840 3.28107 3.45428 3.61481 3.67158 3.61156 3.25008 2.95313 3.14766 3.44298 3.74724 3.66694 3.40334 3.38368 3.32058 2.96395 2.61633 2.52893 2.59624 2.67517 2.71599 2.57259 2.30798 1.59353 0.92488 0.97053 1.21208 2.05416 2.49121 2.64804 2.75404 2.70896 2.65909 2.59579 2.40158 1.91912 1.35437 1.07800 0.95607 1.45806 1.72569 1.65059 0.94638 0.44184 0.34540 0.47993 0.70808 1.54492 1.79623 1.94054 2.19597 2.36622 2.42943
3.84169 3.65347 3.49775 3.44511 3.39783 3.48654 3.67664 3.89964 3.93110 3.74764 3.37649 3.00010 2.86969 2.94697 3.00258 3.21271 3.53261 3.58139 3.40798 3.03694 2.85865 3.21164 3.47264 3.74479 3.55818 3.46922 3.29120 3.28539 2.82401 2.62172 2.73278 2.69827 2.57848 2.57060 2.46410 2.18189 1.44287 0.75945 1.33237 1.08603 1.46590 2.27509 2.56375 2.66667 2.65948 2.66401 2.61083 2.38038 1.88391 1.51876 1.17710 0.84416 1.08694 1.52803 1.34333 0.73465 0.47790 0.46203 0.59504 0.76979 1.47151 1.79269 2.06230 2.28403 2.33708 2.30813
3.73026 3.48028 3.36088 3.36064 3.28251 3.31076 3.54686 3.76463 3.77669 3.50764 2.98579 2.57276 2.47969 2.54965 2.53404 2.78105 3.15843 3.07187 2.80467 2.66013 2.76653 3.24950 3.60485 3.82602 3.65131 3.47927 3.33697 3.28485 2.84510 2.67858 2.72758 2.65879 2.28308 2.19701 2.27761 2.21908 1.92549 1.03970 1.15842 1.45169 1.58742 2.08188 2.42711 2.50949 2.53597 2.57928 2.58203 2.42842 1.99721 1.61023 0.71442 0.42323 0.69827 1.02575 0.92591 0.79745 0.58690 0.51030 0.67945 0.83050 1.40521 1.76705 2.23049 2.40488 2.43782 2.44170
3.45889 3.26912 3.24351 3.32419 3.22714 3.09114 3.24865 3.42810 3.40781 2.97592 2.34844 1.73305 1.55940 1.56151 1.66193 2.15506 2.51635 2.34927 2.17903 2.23782 2.50044 2.85074 3.36492 3.81335 3.78800 3.59798 3.34900 3.11604 2.91826 2.72758 2.51674 2.22839 1.98782 2.04383 2.22446 2.38254 2.25823 1.96999 1.85323 2.09123 2.12285 2.07933 2.12822 2.20376 2.35380 2.42738 2.45488 2.40497 2.02266 1.71148 1.02823 0.57774 0.80791 0.61229 0.63259 0.72291 0.44198 0.43633 0.69267 0.89390 1.31616 1.69900 2.18232 2.41609 2.49555 2.51397
3.23485 3.13001 3.27941 3.36918 3.29451 3.10071 2.99923 2.95476 2.66406 2.02211 1.15906 0.91526 0.94997 0.88295 0.90492 1.61692 1.93068 1.39988 1.20960 1.82457 2.30805 2.48288 2.90846 3.61093 3.59344 3.30723 3.07639 2.87070 2.78411 2.66433 2.36152 1.91214 2.04587 2.33179 2.37621 2.59697 2.49709 2.51477 2.64029 2.68788 2.35936 1.95662 1.47950 1.60577 2.16684 2.21496 2.21109 2.11446 1.89069 1.76090 1.59116 1.33110 0.86638 0.46542 0.46477 0.67347 0.48884 0.62753 0.75884 0.89534 1.14718 1.50221 1.90066 2.31992 2.41980 2.39645
3.09807 3.10955 3.38263 3.41377 3.28533 3.18341 2.96526 2.58442 1.58146 0.56323 0.51047 0.62761 0.74776 0.68844 0.64559 1.23999 1.49561 0.69822 0.72590 1.53511 2.19993 2.33489 2.70708 3.31991 3.28753 3.04881 2.90532 2.75139 2.63567 2.47458 2.12188 1.76511 2.09312 2.37018 2.51840 2.72674 2.54105 2.45968 2.48423 2.59419 2.14826 1.55240 1.20288 1.40723 2.08156 2.02443 1.92919 1.70060 1.80385 1.76732 1.67658 1.61328 1.25512 0.79743 0.65582 0.62084 0.64560 0.89953 1.01906 0.92448 0.89886 1.18182 1.60523 2.21378 2.34542 2.23708
-99999.00000 -99999.00000 -99999.00000 -99999.00000 -99999.00000 -99999.00000 -99999.00000 -99999.00000 -99999.00000 -99999.00000 -99999.00000 -99999.00000 -99999.00000 -99999.00000 -99999.00000 -99999.00000 -99999.00000 -99999.00000 -99999.00000 -99999.00000 -99999.00000 -99999.00000 -99999.00000 -99999.00000 -99999.00000 -99999.00000 -99999.00000 -99999.00000 -99999.00000 -99999.00000 -99999.00000 -99999.00000 -99999.00000 -99999.00000 -99999.00000 -99999.00000 -99999.00000 -99999.00000 -99999.00000 -99999.00000 -99999.00000 -99999.00000 -99999.00000 -99999.00000 -99999.00000 -99999.00000 -99999.00000 -99999.00000 -99999.00000 -99999.00000 -99999.00000 -99999.00000 -99999.00000 -99999.00000 -99999.00000 -99999.00000 -99999.00000 -99999.00000 -99999.00000 -99999.00000 -99999.00000 -99999.00000 -99999.00000 -99999.00000 -99999.00000 -99999.00000
