mrvbf_slope0.7_pctl1.5.asc
NCOLS 410
NROWS 410
XLLCORNER 2398750.0000000000000000
YLLCORNER 2548750.0000000000000000
CELLSIZE 250.0000000000000000
NODATA_VALUE -99999.00000
[rows 232 to 260 of 410, columns 198 to 263 of 410]
4.52026 4.60310 4.62505 4.64164 4.64392 4.61723 4.56726 4.54900 4.58298 4.58634 4.56709 4.55797 4.54284 4.52986 4.55146 4.49859 4.50406 4.54787 4.56510 4.56790 4.51240 4.46708 4.42767 4.35899 4.28817 4.10814 4.14667 4.30892 4.35432 4.40240 4.41968 4.33725 4.32514 4.31403 4.30813 4.33372 4.45037 4.51273 4.34729 3.94348 3.57959 3.09722 2.99745 3.32322 3.42290 3.74686 3.11661 2.70705 2.83082 3.09433 3.35746 3.57952 3.71322 3.88699 4.08231 4.12584 4.17138 4.23510 4.28977 4.33668 4.31895 4.29052 4.23048 4.06622 3.62893 3.25286
4.45482 4.50001 4.53960 4.56131 4.56981 4.57014 4.54570 4.53904 4.55467 4.53253 4.51627 4.50540 4.48759 4.46938 4.46030 4.35788 4.33055 4.35129 4.40051 4.41727 4.36407 4.39731 4.39484 4.29509 4.29110 4.33729 4.38850 4.41529 4.30798 4.30953 4.34386 4.25967 4.35166 4.39796 4.35691 4.20899 4.30736 4.37655 3.92094 3.48954 3.22908 3.01021 3.17168 3.41399 3.15171 3.21058 2.86163 2.70573 2.82161 3.03143 3.36032 3.69454 3.95915 4.18696 4.32381 4.33210 4.35769 4.39677 4.41189 4.41621 4.42230 4.41656 4.38223 4.26904 3.99637 3.69013
4.49646 4.48914 4.51809 4.53810 4.54123 4.56618 4.54678 4.49606 4.47120 4.42281 4.35772 4.29433 4.23106 4.18437 4.18226 4.08664 4.07104 4.05711 4.02302 3.96601 3.91217 4.16660 4.37680 4.25857 4.24694 4.39632 4.49096 4.47937 4.33915 4.21771 4.21809 4.18519 4.34836 4.44674 4.34125 4.16734 4.26032 4.21850 3.63458 3.40855 3.41474 3.40425 3.66745 3.75853 3.34573 3.09941 2.93473 2.82275 2.88819 3.14150 3.54899 3.95245 4.20635 4.34549 4.37099 4.38563 4.42262 4.45519 4.45843 4.45695 4.46427 4.45622 4.43032 4.38541 4.25342 4.02578
4.58518 4.58226 4.58123 4.59294 4.57576 4.56818 4.50794 4.40195 4.39527 4.37822 4.30883 4.22922 4.16006 4.08508 4.12287 4.21398 4.27258 4.27073 4.10088 3.88552 3.86695 3.90608 4.21229 4.25875 4.28244 4.39885 4.45841 4.47630 4.41155 4.26198 4.10500 4.15612 4.35268 4.41687 4.31201 4.17702 4.21187 3.96627 3.51684 3.54998 3.62343 3.56475 3.74298 3.90972 3.60295 3.31128 3.09703 2.95437 3.08923 3.46209 3.89581 4.20069 4.31803 4.35950 4.37336 4.40036 4.43344 4.45270 4.45932 4.46283 4.46932 4.47111 4.45280 4.42436 4.36645 4.25625
4.57622 4.58746 4.59318 4.60100 4.59294 4.57033 4.44860 4.31369 4.36857 4.43241 4.43731 4.41782 4.38236 4.30279 4.33470 4.44614 4.40290 4.33897 4.27757 4.20700 4.24194 4.06998 4.18052 4.38468 4.40144 4.38951 4.37901 4.35333 4.36783 4.35374 4.25412 4.28268 4.36148 4.38142 4.30266 4.17400 4.19762 3.82974 3.60585 3.87281 3.85498 3.49675 3.48563 3.77280 3.73325 3.48374 3.23564 3.13539 3.38803 3.86046 4.15681 4.27030 4.32875 4.34257 4.32987 4.32893 4.34873 4.37230 4.38651 4.39206 4.40433 4.42809 4.43918 4.43882 4.39825 4.30293
4.59778 4.60369 4.61704 4.62359 4.60849 4.53592 4.38338 4.28308 4.39104 4.50142 4.53743 4.52553 4.50239 4.43362 4.39392 4.46311 4.46176 4.33171 4.17063 4.21450 4.31098 4.15629 4.21572 4.42709 4.45932 4.43257 4.41753 4.33428 4.19672 4.21879 4.31309 4.35106 4.35388 4.39293 4.32780 4.13339 4.09450 3.75590 3.73034 4.07470 4.01726 3.53303 3.29291 3.52435 3.71890 3.59282 3.41601 3.43835 3.80314 4.15354 4.27548 4.29813 4.28813 4.21576 4.14444 4.13188 4.15974 4.19752 4.22233 4.23243 4.24513 4.28026 4.33277 4.39111 4.41462 4.33704
4.61681 4.62729 4.63719 4.61441 4.57276 4.50585 4.38373 4.33075 4.44993 4.53151 4.52527 4.50967 4.47692 4.46057 4.42165 4.43867 4.37103 4.07111 3.87406 4.09265 4.19443 4.01422 4.08120 4.30978 4.33350 4.33577 4.39287 4.36699 4.13726 4.10065 4.32948 4.35362 4.38060 4.39606 4.30744 4.09874 3.93770 3.79916 3.81473 4.00821 3.93050 3.57012 3.27580 3.36331 3.60093 3.64369 3.58760 3.66132 3.94514 4.21575 4.30242 4.27376 4.13272 3.97335 3.91284 3.93135 3.96643 4.00437 4.04173 4.06056 4.06252 4.09116 4.18898 4.30760 4.40088 4.39144
4.57772 4.56631 4.56317 4.54590 4.54109 4.52155 4.44015 4.39765 4.46049 4.49555 4.51639 4.53899 4.50304 4.47423 4.47265 4.43269 4.15375 3.74842 3.81183 4.07908 4.09984 3.84682 3.89767 4.10237 4.07867 4.03582 4.08755 4.05471 3.80247 3.99007 4.25411 4.25508 4.25342 4.25158 4.16447 3.96098 3.82502 3.83903 3.74925 3.69527 3.58643 3.49323 3.34970 3.26542 3.41561 3.54333 3.61540 3.78473 4.02166 4.23374 4.28807 4.16506 3.92684 3.81657 3.90684 3.95989 3.97412 3.99676 4.04983 4.08798 4.09161 4.08994 4.14245 4.24355 4.36534 4.42695
4.53761 4.49984 4.46863 4.47302 4.51954 4.55137 4.49651 4.44193 4.46721 4.50994 4.55979 4.58927 4.56558 4.51810 4.47960 4.31186 3.84587 3.64441 3.88289 4.12528 4.07197 3.75190 3.82949 4.06686 3.94841 3.84079 3.84433 3.89745 3.87587 4.13150 4.27104 4.21782 4.13425 4.08733 3.98125 3.83974 3.80160 3.86865 3.56969 3.41451 3.36123 3.36946 3.40803 3.16984 3.25191 3.45655 3.63067 3.84016 4.07665 4.23880 4.24952 4.07366 3.84236 3.85144 4.08067 4.16550 4.16114 4.16843 4.20933 4.25425 4.26260 4.22497 4.16629 4.19690 4.30369 4.39963
4.52129 4.48353 4.45040 4.44701 4.47026 4.53328 4.53005 4.46921 4.48650 4.54278 4.57790 4.55882 4.50576 4.45873 4.38777 4.01823 3.40887 3.43063 3.83524 4.09467 3.96719 3.48390 3.53827 3.89812 3.67694 3.66541 3.69988 3.92021 4.03916 4.26972 4.37132 4.31200 4.16154 3.95063 3.80417 3.73292 3.67630 3.65025 3.32164 3.23830 3.29677 3.22138 3.16195 3.11867 3.35547 3.51683 3.69275 3.93404 4.07031 4.14582 4.17573 4.01949 3.84175 3.88497 4.10556 4.27706 4.32082 4.31198 4.30562 4.29440 4.22611 4.13933 4.11866 4.17894 4.28071 4.37903
4.53314 4.50820 4.49710 4.47941 4.43456 4.48281 4.53985 4.47849 4.46789 4.52765 4.53383 4.47171 4.40181 4.34463 4.18326 3.61931 3.23062 3.38647 3.73774 3.90338 3.67719 3.09763 2.96339 3.23841 3.44070 3.78729 3.70550 3.72829 4.07274 4.30243 4.36709 4.29539 4.10302 3.83374 3.70381 3.55688 3.40198 3.24159 3.08743 3.14990 3.27424 3.21256 3.11193 3.31997 3.52487 3.59774 3.71888 3.91972 3.98878 3.96113 3.94618 3.87574 3.82146 3.91967 4.11031 4.28750 4.37307 4.31591 4.21860 4.11562 4.00365 3.95290 4.03721 4.18339 4.30864 4.37418
4.52671 4.50782 4.51382 4.47281 4.38689 4.45360 4.52868 4.44997 4.39724 4.45877 4.47218 4.41897 4.36738 4.31380 4.04238 3.55915 3.39903 3.20461 3.30892 3.40830 3.34779 3.07276 2.86017 3.08917 3.82068 4.16526 4.10196 3.88998 3.99979 4.26226 4.36904 4.24214 3.93777 3.79115 3.67418 3.44987 3.21186 3.01682 3.00324 3.15576 3.25917 3.25735 3.27535 3.44752 3.54396 3.58182 3.66792 3.81845 3.87298 3.79563 3.70995 3.67404 3.74800 3.91103 4.09883 4.26167 4.32738 4.21452 4.04131 3.90829 3.87006 3.95339 4.08326 4.19723 4.31122 4.38372
4.48419 4.46203 4.47405 4.39415 4.26808 4.37945 4.45361 4.30128 4.21970 4.34187 4.40715 4.39067 4.24809 3.96794 3.48779 3.25588 3.22975 2.66724 2.44727 2.94345 3.46641 3.47934 3.20961 3.42765 3.86143 4.20483 4.24336 4.17500 4.03704 4.19306 4.36832 4.32111 4.03012 3.68347 3.41602 3.23668 3.16151 3.06798 3.08935 3.22013 3.29730 3.37626 3.41680 3.43603 3.45203 3.47883 3.59240 3.80085 3.87863 3.79840 3.67114 3.57017 3.60969 3.76927 3.97989 4.15542 4.19041 4.04748 3.86671 3.79838 3.91486 4.13795 4.25068 4.27538 4.28632 4.32415
4.39577 4.39385 4.41742 4.25849 3.89061 4.03892 4.14234 3.78783 3.84525 4.13240 4.21647 4.13662 3.81972 3.20338 2.64086 2.43961 2.17733 2.01076 2.36786 3.14349 3.70835 3.69862 3.26897 3.34553 3.71324 4.16119 4.30715 4.23390 4.04273 4.05215 4.23331 4.25057 4.10919 3.77750 3.39093 3.03527 3.02935 3.17734 3.26946 3.29773 3.36713 3.48210 3.51656 3.47910 3.42550 3.41013 3.56450 3.91839 4.01386 3.90731 3.74540 3.56463 3.51558 3.63171 3.83198 3.98017 3.97218 3.83957 3.72604 3.76551 4.02409 4.28548 4.37142 4.38148 4.35500 4.34267
4.30619 4.36692 4.40346 4.24608 3.68087 3.44653 3.54556 3.41290 3.76672 4.01435 4.02777 3.62368 3.04442 2.65397 2.34490 2.12036 1.90413 1.94182 2.45516 3.14961 3.73422 3.76597 3.55612 3.37082 3.47407 3.85329 4.18603 4.11562 3.91287 3.72674 3.73616 3.74547 3.66935 3.41048 3.00580 2.85711 3.13785 3.29497 3.35657 3.33425 3.38462 3.50480 3.59820 3.60431 3.51635 3.45181 3.50522 3.86486 4.12484 3.91584 3.59773 3.49050 3.57635 3.68889 3.78656 3.81127 3.74425 3.65603 3.63629 3.76147 4.06661 4.31497 4.40250 4.42046 4.41847 4.41711
4.28045 4.32020 4.33673 4.29974 4.12973 3.75659 3.77279 3.89959 4.14467 4.10905 4.01413 3.34757 2.92979 2.85551 2.66162 2.32798 2.14754 2.26996 2.66956 3.35314 3.74174 3.69400 3.65480 3.52446 3.49518 3.77787 4.13305 4.06417 3.86525 3.58016 3.40230 3.34353 3.25775 3.04412 2.88640 3.01593 3.20705 3.27009 3.32072 3.36135 3.44946 3.58753 3.73680 3.79644 3.66160 3.58609 3.49419 3.72035 4.17589 4.03434 3.50218 3.30632 3.70230 3.89589 3.83903 3.70306 3.57506 3.53832 3.58639 3.73412 4.01858 4.26269 4.35037 4.37587 4.37702 4.39557
4.26666 4.25025 4.22434 4.28150 4.32551 4.22524 4.28751 4.26396 4.22803 4.11711 3.81941 3.13308 3.09062 3.02281 2.61928 2.05055 1.99561 2.61425 3.34832 3.69456 3.68856 3.56749 3.60122 3.52742 3.39092 3.62718 4.01072 3.85660 3.67712 3.53566 3.38124 3.25122 3.10864 3.03694 3.08000 3.16992 3.22154 3.26896 3.34593 3.46166 3.59232 3.72436 3.89035 4.00883 3.81290 3.62317 3.56415 3.74343 4.20707 4.14870 3.56051 3.26368 3.68643 4.06749 3.92281 3.66048 3.50069 3.49722 3.57979 3.70815 3.88765 4.07785 4.19097 4.25697 4.31005 4.30695
4.19604 4.13718 4.08179 4.16600 4.21156 4.20840 4.37943 4.29655 4.09819 3.81715 3.32203 2.80860 2.77507 2.38309 2.06447 1.85904 2.03780 2.69065 3.37879 3.57490 3.44941 3.33628 3.38671 3.42784 3.33182 3.31623 3.52392 3.50130 3.47754 3.45599 3.39621 3.29683 3.19297 3.25576 3.27265 3.26335 3.32336 3.39849 3.51176 3.68404 3.81772 3.85982 3.90725 3.99960 4.00619 3.82960 3.76792 4.11705 4.30225 4.17940 3.65596 3.31932 3.58586 4.09030 3.96015 3.64556 3.49745 3.51650 3.61654 3.72653 3.79428 3.85382 3.93803 4.05576 4.16725 4.23199
4.08940 4.01119 3.92518 4.00492 4.08754 3.97614 4.25501 3.99728 3.52474 3.03709 2.77497 2.56134 2.41607 2.10276 1.88767 1.97390 2.11428 2.54044 3.25850 3.41789 3.21977 3.20302 3.24335 3.25837 3.26452 3.26474 3.29952 3.35279 3.36702 3.25406 3.33402 3.37609 3.39860 3.49388 3.47079 3.47419 3.56043 3.58364 3.66333 3.87885 3.97870 3.95269 3.86956 3.98724 4.21152 4.21679 4.19968 4.27964 4.31257 4.14366 3.60569 3.27290 3.55046 4.07689 3.93619 3.63618 3.52822 3.57062 3.68760 3.78501 3.78019 3.73119 3.70458 3.73517 3.87605 4.04111
3.99730 3.91641 3.88613 4.00670 3.95629 3.76465 4.12188 3.50910 3.04446 2.84271 2.64776 2.56642 2.41837 2.28970 2.12364 1.98058 1.91709 2.52427 3.28666 3.41812 3.20638 3.23370 3.31849 3.27257 3.26961 3.40151 3.49719 3.45386 3.21020 3.19990 3.34136 3.44075 3.60349 3.79895 3.74700 3.66154 3.62815 3.54386 3.49097 3.54527 3.69776 3.90135 3.86273 3.93250 4.23787 4.32811 4.22097 4.05488 4.14328 4.04691 3.44268 3.13607 3.62076 4.06429 3.86099 3.62241 3.55987 3.62634 3.78424 3.89770 3.83763 3.71095 3.59905 3.51889 3.53242 3.67957
3.91428 3.81307 3.87453 4.01971 3.69332 3.35490 3.70013 3.07948 2.79682 3.04181 3.02282 2.85669 2.65564 2.41044 2.14571 1.90470 1.87506 2.51430 3.13864 3.27077 3.24960 3.39821 3.50296 3.42312 3.34237 3.38704 3.52839 3.41729 3.17222 3.31271 3.39716 3.46584 3.69438 4.00621 4.06637 3.89310 3.80903 3.66497 3.52004 3.44028 3.48603 3.72227 3.83676 3.79335 4.04955 4.16011 3.80352 3.59097 3.67957 3.81026 3.33479 3.10673 3.80219 4.08858 3.83915 3.61277 3.55351 3.63174 3.84029 4.02181 3.91740 3.73957 3.59902 3.50075 3.44278 3.50858
3.89588 3.83091 3.91146 4.01242 3.63740 2.80672 2.77888 2.68947 2.88053 3.45047 3.58280 3.22572 2.75056 2.23493 1.89549 1.56567 1.60645 2.15266 2.53352 2.80271 3.14816 3.51070 3.59464 3.43978 3.28604 3.26982 3.34370 3.22358 3.13727 3.28851 3.41836 3.51735 3.66413 3.92100 4.10476 4.00629 4.04445 4.02822 3.90131 3.74645 3.55305 3.50312 3.69206 3.72725 3.85023 3.83368 3.48816 3.36979 3.32330 3.46791 3.34113 3.41643 3.90117 4.09159 3.90627 3.66024 3.53864 3.58929 3.81444 4.05898 3.90022 3.72628 3.63912 3.57000 3.47748 3.47653
3.86748 3.95086 4.07305 4.08986 3.88670 3.39746 2.90851 3.02255 3.56343 3.98005 3.75334 3.16626 2.56558 1.99437 1.65570 1.22109 1.37730 1.76480 1.77930 2.20334 2.86511 3.45660 3.51090 3.28193 3.07292 3.02238 3.03748 2.98041 2.99782 3.16758 3.40816 3.58807 3.63900 3.80238 3.94654 3.96161 3.96941 4.09388 4.13788 4.04004 3.74195 3.51242 3.52697 3.56655 3.74502 3.58310 3.35736 3.40838 3.37973 3.47510 3.61885 3.79161 3.96213 3.97335 3.85516 3.72317 3.55854 3.55444 3.76262 4.02130 3.83191 3.66105 3.66113 3.61769 3.47399 3.41154
3.62005 3.62071 3.95972 4.07605 4.05468 4.06677 3.97338 3.96545 4.15113 4.15674 3.69368 2.93630 2.32438 1.79571 1.35680 1.10791 1.53780 1.84023 1.39883 1.73937 2.41496 3.15095 3.34370 3.11024 2.85742 2.75394 2.72690 2.71861 2.79639 3.03398 3.33892 3.46901 3.49719 3.73005 3.88172 3.82965 3.91111 3.95265 3.99337 3.92157 3.84756 3.77848 3.64205 3.73791 3.93163 3.62631 3.25048 3.15784 3.28608 3.55521 3.77729 3.90474 3.94274 3.81296 3.63844 3.60903 3.54280 3.54341 3.75352 4.01417 3.79088 3.58909 3.62177 3.66779 3.50808 3.38031
3.67693 3.26976 3.43970 3.76732 3.98522 4.07795 4.21049 4.26827 4.20508 3.99421 3.40253 2.74491 2.22819 1.70208 1.18197 1.13048 1.85674 2.37258 1.58383 1.26937 2.05801 2.95818 3.33327 2.96878 2.65422 2.54500 2.51408 2.52860 2.64254 2.95738 3.25567 3.30776 3.30866 3.55010 3.80053 3.70841 3.70537 3.75476 3.78887 3.64175 3.59012 3.67881 3.75139 3.94534 4.17508 4.04759 3.56934 3.29773 3.32075 3.40390 3.48383 3.66998 3.80138 3.66880 3.58887 3.53714 3.55760 3.60541 3.76574 3.97922 3.81100 3.55651 3.52283 3.64806 3.60457 3.47593
3.53936 3.23288 3.24384 3.53088 3.96814 4.04300 4.10809 4.15820 3.82572 3.49936 3.11197 2.70781 2.24196 1.76222 1.18614 1.13752 2.13786 3.27896 2.38754 1.39135 1.80052 2.92607 3.35930 2.82512 2.46345 2.39300 2.47985 2.63622 2.85726 3.09916 3.30028 3.40431 3.27189 3.27281 3.37543 3.32647 3.38886 3.48032 3.51992 3.37994 3.40439 3.51433 3.57012 3.65752 3.96766 4.16003 3.87127 3.63570 3.65767 3.51455 3.34551 3.34112 3.44157 3.38570 3.46238 3.55105 3.63039 3.61427 3.58502 3.66788 3.69154 3.53227 3.44693 3.55382 3.55796 3.54471
3.24973 3.29366 3.48822 3.84853 4.04704 4.09291 4.07402 3.74619 3.39145 3.32976 3.21455 2.93660 2.54384 2.08493 1.41713 1.02072 2.09201 3.62694 3.01938 1.76374 1.86377 2.90980 3.20809 2.69824 2.74609 2.95214 3.14184 3.36533 3.40115 3.19387 3.32321 3.74358 3.71246 3.42925 3.28522 3.25210 3.28189 3.25038 3.20652 3.15948 3.32920 3.49397 3.57279 3.59472 3.73349 3.90935 3.65935 3.54277 3.57235 3.55465 3.13902 2.62623 2.71192 2.65754 2.81305 3.06251 3.32036 3.45729 3.39585 3.32051 3.33161 3.32976 3.30211 3.42194 3.45180 3.52466
3.51332 3.58874 3.72465 3.93557 4.01652 4.05267 3.89782 3.43546 3.39124 3.53111 3.59652 3.46422 3.00810 2.38204 1.89743 1.13758 1.33794 2.12583 2.09129 1.81641 2.45145 3.52284 3.54832 2.74723 2.97223 3.65003 3.41289 3.11546 3.09964 3.24088 3.64239 4.06026 4.02046 3.79905 3.52113 3.46775 3.45780 3.30638 3.17872 3.27411 3.29201 3.25413 3.40198 3.58456 3.82075 3.71814 3.56564 3.55595 3.46603 3.41596 2.67625 1.80192 2.76433 2.80827 2.37989 2.40075 3.12718 3.45623 3.45882 3.34078 3.28271 3.27319 3.26626 3.34225 3.30181 3.41186
3.74600 3.65099 3.66391 3.63607 3.64471 3.77672 3.63640 3.23550 3.30005 3.57426 3.78088 3.81298 3.38667 2.70569 2.23826 2.14041 2.20540 2.51167 2.76716 2.79068 3.25565 4.13185 4.06010 3.06565 2.93540 3.78731 3.23658 3.04945 3.34930 3.70819 4.06518 4.20584 4.15937 3.92620 3.67108 3.67814 3.71533 3.60407 3.54943 3.63751 3.38836 3.21794 3.35553 3.60882 3.85814 3.68735 3.55784 3.62540 3.48471 3.36286 2.68016 2.14293 3.23869 3.50179 3.32318 2.90774 3.11583 3.47753 3.54608 3.49450 3.45036 3.34481 3.27813 3.28969 3.14083 3.27410
