mrvbf_slope0.7_pctl1.2.asc
NCOLS 410
NROWS 410
XLLCORNER 2398750.0000000000000000
YLLCORNER 2548750.0000000000000000
CELLSIZE 250.0000000000000000
NODATA_VALUE -99999.00000
[rows 87 to 115 of 410, columns 198 to 263 of 410]
6.72531 6.64908 6.59122 6.61905 6.66154 6.67299 6.63106 6.56364 6.56203 6.57204 6.53255 6.57469 6.62053 6.60439 6.60497 6.56490 6.57545 6.53460 6.48673 6.42245 6.42200 6.39074 6.33430 6.31093 6.34301 6.38343 6.45486 6.45482 6.45790 6.43486 -99999.00000 -99999.00000 -99999.00000 -99999.00000 -99999.00000 -99999.00000 -99999.00000 -99999.00000 -99999.00000 -99999.00000 -99999.00000 -99999.00000 -99999.00000 -99999.00000 -99999.00000 -99999.00000 -99999.00000 -99999.00000 -99999.00000 -99999.00000 -99999.00000 -99999.00000 -99999.00000 -99999.00000 -99999.00000 -99999.00000 -99999.00000 -99999.00000 -99999.00000 -99999.00000 -99999.00000 -99999.00000 -99999.00000 -99999.00000 -99999.00000 -99999.00000
6.87354 6.76637 6.66931 6.69229 6.77529 6.74289 6.65937 6.60872 6.52929 6.52607 6.56171 6.57403 6.57307 6.57481 6.57327 6.61887 6.62930 6.57976 6.54327 6.45306 6.40373 6.37078 6.35746 6.31526 6.31396 6.35600 6.44394 6.51214 6.50453 6.44098 6.36638 -99999.00000 -99999.00000 -99999.00000 -99999.00000 -99999.00000 -99999.00000 -99999.00000 -99999.00000 -99999.00000 -99999.00000 -99999.00000 -99999.00000 -99999.00000 -99999.00000 -99999.00000 -99999.00000 -99999.00000 -99999.00000 -99999.00000 -99999.00000 -99999.00000 -99999.00000 -99999.00000 -99999.00000 -99999.00000 -99999.00000 -99999.00000 -99999.00000 -99999.00000 -99999.00000 -99999.00000 -99999.00000 -99999.00000 -99999.00000 -99999.00000
6.88037 6.79367 6.77111 6.87057 6.83145 6.70984 6.63111 6.53861 6.56205 6.55461 6.55029 6.51852 6.53151 6.60218 6.59198 6.64109 6.63944 6.64439 6.60815 6.50530 6.44646 6.30227 6.25657 6.27857 6.31900 6.37271 6.44108 6.53683 6.53523 6.50120 6.41761 -99999.00000 -99999.00000 -99999.00000 -99999.00000 -99999.00000 -99999.00000 -99999.00000 -99999.00000 -99999.00000 -99999.00000 -99999.00000 -99999.00000 -99999.00000 -99999.00000 -99999.00000 -99999.00000 -99999.00000 -99999.00000 -99999.00000 -99999.00000 -99999.00000 -99999.00000 -99999.00000 -99999.00000 -99999.00000 -99999.00000 -99999.00000 -99999.00000 -99999.00000 -99999.00000 -99999.00000 -99999.00000 -99999.00000 -99999.00000 -99999.00000
6.94136 6.83516 6.82813 6.89546 6.83654 6.77952 6.65364 6.56681 6.55473 6.51143 6.54106 6.58181 6.57864 6.59530 6.61576 6.66174 6.61654 6.59497 6.53423 6.49649 6.47905 6.33810 6.20150 6.18877 6.24972 6.38086 6.44724 6.48451 6.51360 6.57808 6.51983 -99999.00000 -99999.00000 -99999.00000 -99999.00000 -99999.00000 -99999.00000 -99999.00000 -99999.00000 -99999.00000 -99999.00000 -99999.00000 -99999.00000 -99999.00000 -99999.00000 -99999.00000 -99999.00000 -99999.00000 -99999.00000 -99999.00000 -99999.00000 -99999.00000 -99999.00000 -99999.00000 -99999.00000 -99999.00000 -99999.00000 -99999.00000 -99999.00000 -99999.00000 -99999.00000 -99999.00000 -99999.00000 -99999.00000 -99999.00000 -99999.00000
6.95500 6.89293 6.86500 6.81351 6.78573 6.84951 6.76115 6.60663 6.59541 6.56207 6.58670 6.60020 6.56729 6.53802 6.63946 6.71124 6.65510 6.55550 6.46281 6.48385 6.41811 6.30519 6.23071 6.11502 6.24478 6.38130 6.41396 6.44917 6.56468 6.56072 6.54913 -99999.00000 -99999.00000 -99999.00000 -99999.00000 -99999.00000 -99999.00000 -99999.00000 -99999.00000 -99999.00000 -99999.00000 -99999.00000 -99999.00000 -99999.00000 -99999.00000 -99999.00000 -99999.00000 -99999.00000 -99999.00000 -99999.00000 -99999.00000 -99999.00000 -99999.00000 -99999.00000 -99999.00000 -99999.00000 -99999.00000 -99999.00000 -99999.00000 -99999.00000 -99999.00000 -99999.00000 -99999.00000 -99999.00000 -99999.00000 -99999.00000
6.73964 6.87048 6.85886 6.78664 6.75766 6.83021 6.77008 6.66463 6.67134 6.58844 6.58792 6.57200 6.57207 6.56149 6.63243 6.67188 6.59971 6.46555 6.45471 6.42634 6.36795 6.31409 6.28886 6.20591 6.27879 6.40063 6.41872 6.47455 6.53741 6.58287 6.57077 6.51371 -99999.00000 -99999.00000 -99999.00000 -99999.00000 -99999.00000 -99999.00000 -99999.00000 -99999.00000 -99999.00000 -99999.00000 -99999.00000 -99999.00000 -99999.00000 -99999.00000 -99999.00000 -99999.00000 -99999.00000 -99999.00000 -99999.00000 -99999.00000 -99999.00000 -99999.00000 -99999.00000 -99999.00000 -99999.00000 -99999.00000 -99999.00000 -99999.00000 -99999.00000 -99999.00000 -99999.00000 -99999.00000 -99999.00000 -99999.00000
6.50658 6.67325 6.84044 6.79877 6.79043 6.72660 6.74019 6.68071 6.64367 6.54830 6.54434 6.55287 6.61807 6.56488 6.61068 6.61784 6.49005 6.40441 6.45447 6.41869 6.39708 6.37966 6.34936 6.26570 6.32331 6.44597 6.45763 6.43623 6.47218 6.53418 6.50663 6.46998 -99999.00000 -99999.00000 -99999.00000 -99999.00000 -99999.00000 -99999.00000 -99999.00000 -99999.00000 -99999.00000 -99999.00000 -99999.00000 -99999.00000 -99999.00000 -99999.00000 -99999.00000 -99999.00000 -99999.00000 -99999.00000 -99999.00000 -99999.00000 -99999.00000 -99999.00000 -99999.00000 -99999.00000 -99999.00000 -99999.00000 -99999.00000 -99999.00000 -99999.00000 -99999.00000 -99999.00000 -99999.00000 -99999.00000 -99999.00000
6.47432 6.47253 6.70523 6.71176 6.67883 6.71464 6.64138 6.62860 6.54807 6.53997 6.57070 6.57500 6.55597 6.51629 6.58647 6.60635 6.44170 6.41057 6.47236 6.48814 6.43394 6.41948 6.39771 6.30216 6.34065 6.45103 6.47962 6.45861 6.43778 6.47379 6.43500 6.36520 -99999.00000 -99999.00000 -99999.00000 -99999.00000 -99999.00000 -99999.00000 -99999.00000 -99999.00000 -99999.00000 -99999.00000 -99999.00000 -99999.00000 -99999.00000 -99999.00000 -99999.00000 -99999.00000 -99999.00000 -99999.00000 -99999.00000 -99999.00000 -99999.00000 -99999.00000 -99999.00000 -99999.00000 -99999.00000 -99999.00000 -99999.00000 -99999.00000 -99999.00000 -99999.00000 -99999.00000 -99999.00000 -99999.00000 -99999.00000
6.33210 6.50508 6.60024 6.65065 6.66904 6.63927 6.58331 6.56054 6.54676 6.59512 6.59469 6.53661 6.50709 6.51491 6.52896 6.52762 6.42115 6.42786 6.49742 6.50950 6.43195 6.44250 6.48666 6.38516 6.34573 6.45240 6.51191 6.49965 6.50999 6.48632 6.49713 6.49969 -99999.00000 -99999.00000 -99999.00000 -99999.00000 -99999.00000 -99999.00000 -99999.00000 -99999.00000 -99999.00000 -99999.00000 -99999.00000 -99999.00000 -99999.00000 -99999.00000 -99999.00000 -99999.00000 -99999.00000 -99999.00000 -99999.00000 -99999.00000 -99999.00000 -99999.00000 -99999.00000 -99999.00000 -99999.00000 -99999.00000 -99999.00000 -99999.00000 -99999.00000 -99999.00000 -99999.00000 -99999.00000 -99999.00000 -99999.00000
6.34767 6.51176 6.53333 6.61366 6.62069 6.66759 6.55501 6.52659 6.58173 6.65477 6.61994 6.53058 6.49935 6.50368 6.51943 6.43571 6.42429 6.44432 6.45939 6.44518 6.44972 6.49105 6.47666 6.41758 6.36340 6.41566 6.48350 6.51855 6.56692 6.56478 6.57571 6.56003 6.47157 -99999.00000 -99999.00000 -99999.00000 -99999.00000 -99999.00000 -99999.00000 -99999.00000 -99999.00000 -99999.00000 -99999.00000 -99999.00000 -99999.00000 -99999.00000 -99999.00000 -99999.00000 -99999.00000 -99999.00000 -99999.00000 -99999.00000 -99999.00000 -99999.00000 -99999.00000 -99999.00000 -99999.00000 -99999.00000 -99999.00000 -99999.00000 -99999.00000 -99999.00000 -99999.00000 -99999.00000 -99999.00000 -99999.00000
6.47846 6.59956 6.55306 6.47495 6.58989 6.66425 6.64202 6.60875 6.58717 6.63753 6.57212 6.51384 6.60640 6.61661 6.53485 6.47266 6.40573 6.42245 6.44815 6.46185 6.45542 6.45450 6.40727 6.36260 6.35914 6.45986 6.50210 6.47997 6.51474 6.50933 6.52116 6.53607 6.45345 -99999.00000 -99999.00000 -99999.00000 -99999.00000 -99999.00000 -99999.00000 -99999.00000 -99999.00000 -99999.00000 -99999.00000 -99999.00000 -99999.00000 -99999.00000 -99999.00000 -99999.00000 -99999.00000 -99999.00000 -99999.00000 -99999.00000 -99999.00000 -99999.00000 -99999.00000 -99999.00000 -99999.00000 -99999.00000 -99999.00000 -99999.00000 -99999.00000 -99999.00000 -99999.00000 -99999.00000 -99999.00000 -99999.00000
6.38135 6.44704 6.56446 6.49867 6.53537 6.58602 6.66371 6.68031 6.65367 6.65362 6.56928 6.59332 6.65232 6.67318 6.55975 6.43864 6.43116 6.46744 6.44371 6.42885 6.37611 6.38413 6.40234 6.40002 6.43666 6.51680 6.50830 6.45463 6.46282 6.49972 6.48215 6.57173 6.49443 6.49474 -99999.00000 -99999.00000 -99999.00000 -99999.00000 -99999.00000 -99999.00000 -99999.00000 -99999.00000 -99999.00000 -99999.00000 -99999.00000 -99999.00000 -99999.00000 -99999.00000 -99999.00000 -99999.00000 -99999.00000 -99999.00000 -99999.00000 -99999.00000 -99999.00000 -99999.00000 -99999.00000 -99999.00000 -99999.00000 -99999.00000 -99999.00000 -99999.00000 -99999.00000 -99999.00000 -99999.00000 -99999.00000
6.36859 6.10095 6.35263 6.51589 6.54830 6.59597 6.63674 6.66046 6.64881 6.62785 6.61119 6.59665 6.65272 6.61747 6.51873 6.47090 6.48741 6.43893 6.39023 6.32483 6.37967 6.44011 6.46420 6.46886 6.49002 6.54951 6.54476 6.49608 6.46240 6.48658 6.50606 6.54898 6.53082 6.53004 6.46390 6.42232 -99999.00000 -99999.00000 -99999.00000 -99999.00000 -99999.00000 -99999.00000 -99999.00000 -99999.00000 -99999.00000 -99999.00000 -99999.00000 -99999.00000 -99999.00000 -99999.00000 -99999.00000 -99999.00000 -99999.00000 -99999.00000 -99999.00000 -99999.00000 -99999.00000 -99999.00000 -99999.00000 -99999.00000 -99999.00000 -99999.00000 -99999.00000 -99999.00000 -99999.00000 -99999.00000
6.25021 6.27520 6.20737 6.46009 6.59737 6.68891 6.62337 6.68587 6.61560 6.55222 6.59164 6.61756 6.57295 6.55969 6.55930 6.47975 6.44220 6.41464 6.35622 6.36131 6.46934 6.51076 6.49931 6.53352 6.41452 6.40964 6.48312 6.48502 6.44291 6.46820 6.52605 6.46499 6.51187 6.57591 6.50479 6.46789 6.45479 -99999.00000 -99999.00000 -99999.00000 -99999.00000 -99999.00000 -99999.00000 -99999.00000 -99999.00000 -99999.00000 -99999.00000 -99999.00000 -99999.00000 -99999.00000 -99999.00000 -99999.00000 -99999.00000 -99999.00000 -99999.00000 -99999.00000 -99999.00000 -99999.00000 -99999.00000 -99999.00000 -99999.00000 -99999.00000 -99999.00000 -99999.00000 -99999.00000 -99999.00000
6.39855 6.19957 6.42102 6.56622 6.59573 6.62267 6.69129 6.69963 6.60098 6.56283 6.52401 6.53067 6.50949 6.52863 6.55096 6.46536 6.37975 6.46746 6.45158 6.40023 6.44798 6.43612 6.50732 6.51523 6.40462 6.32847 6.36642 6.44205 6.42041 6.43346 6.45571 6.42108 6.49317 6.58989 6.54969 6.44359 6.42486 6.43758 6.46082 -99999.00000 -99999.00000 -99999.00000 -99999.00000 -99999.00000 -99999.00000 -99999.00000 -99999.00000 -99999.00000 -99999.00000 -99999.00000 -99999.00000 -99999.00000 -99999.00000 -99999.00000 -99999.00000 -99999.00000 -99999.00000 -99999.00000 -99999.00000 -99999.00000 -99999.00000 -99999.00000 -99999.00000 -99999.00000 -99999.00000 -99999.00000
6.46903 6.50686 6.67200 6.63662 6.58613 6.59278 6.61886 6.69260 6.55815 6.51302 6.50481 6.53996 6.50722 6.46182 6.45701 6.43662 6.39259 6.51095 6.47440 6.42376 6.43985 6.40325 6.41150 6.43429 6.35336 6.25678 6.25609 6.42143 6.42015 6.45831 6.42989 6.40965 6.42242 6.54258 6.57190 6.47392 6.49303 6.55381 6.50104 6.38682 -99999.00000 -99999.00000 -99999.00000 -99999.00000 -99999.00000 -99999.00000 -99999.00000 -99999.00000 -99999.00000 -99999.00000 -99999.00000 -99999.00000 -99999.00000 -99999.00000 -99999.00000 -99999.00000 -99999.00000 -99999.00000 -99999.00000 -99999.00000 -99999.00000 -99999.00000 -99999.00000 -99999.00000 -99999.00000 -99999.00000
6.64570 6.73473 6.77443 6.65848 6.62021 6.67622 6.65942 6.75544 6.61643 6.46146 6.49782 6.56435 6.50014 6.47173 6.43350 6.42816 6.42243 6.49990 6.49971 6.47313 6.41814 6.39466 6.37861 6.39373 6.32255 6.19505 6.32704 6.43707 6.39952 6.46572 6.42235 6.35427 6.33107 6.40478 6.45989 6.40562 6.43299 6.50729 6.46533 6.33704 6.20473 -99999.00000 -99999.00000 -99999.00000 -99999.00000 -99999.00000 -99999.00000 -99999.00000 -99999.00000 -99999.00000 -99999.00000 -99999.00000 -99999.00000 -99999.00000 -99999.00000 -99999.00000 -99999.00000 -99999.00000 -99999.00000 -99999.00000 -99999.00000 -99999.00000 -99999.00000 -99999.00000 -99999.00000 -99999.00000
6.54341 6.72223 6.73033 6.63369 6.66068 6.63316 6.57402 6.62518 6.64676 6.60027 6.51264 6.50625 6.43305 6.42747 6.51963 6.47611 6.49197 6.48212 6.44286 6.41415 6.40321 6.34189 6.28005 6.30984 6.36416 6.30018 6.33079 6.42474 6.41875 6.41759 6.38035 6.25266 6.28487 6.37130 6.42428 6.36035 6.37819 6.41801 6.35306 6.25548 6.22127 6.12263 -99999.00000 -99999.00000 -99999.00000 -99999.00000 -99999.00000 -99999.00000 -99999.00000 -99999.00000 -99999.00000 -99999.00000 -99999.00000 -99999.00000 -99999.00000 -99999.00000 -99999.00000 -99999.00000 -99999.00000 -99999.00000 -99999.00000 -99999.00000 -99999.00000 -99999.00000 -99999.00000 -99999.00000
6.53783 6.63829 6.60779 6.59635 6.56963 6.54512 6.56494 6.59302 6.64905 6.64175 6.58911 6.62408 6.53161 6.44601 6.52187 6.53995 6.53371 6.58710 6.51718 6.41991 6.31495 6.24041 6.20259 6.23788 6.29924 6.23348 6.29255 6.37684 6.40467 6.36695 6.26491 6.25567 6.28836 6.39315 6.46679 6.40439 6.37828 6.33956 6.31876 6.27389 6.26782 6.26614 6.29372 -99999.00000 -99999.00000 -99999.00000 -99999.00000 -99999.00000 -99999.00000 -99999.00000 -99999.00000 -99999.00000 -99999.00000 -99999.00000 -99999.00000 -99999.00000 -99999.00000 -99999.00000 -99999.00000 -99999.00000 -99999.00000 -99999.00000 -99999.00000 -99999.00000 -99999.00000 -99999.00000
6.47526 6.60731 6.57902 6.40283 6.28907 6.44135 6.56203 6.64127 6.63455 6.58617 6.66512 6.65475 6.60788 6.58256 6.55399 6.58184 6.58226 6.61741 6.58290 6.47544 6.35325 6.24104 6.17197 6.18214 6.25014 6.26076 6.17208 6.28442 6.37262 6.29633 6.26519 6.24653 6.31050 6.37289 6.36483 6.29724 6.29017 6.34024 6.34848 6.30954 6.28511 6.28397 6.20266 6.12255 -99999.00000 -99999.00000 -99999.00000 -99999.00000 -99999.00000 -99999.00000 -99999.00000 -99999.00000 -99999.00000 -99999.00000 -99999.00000 -99999.00000 -99999.00000 -99999.00000 -99999.00000 -99999.00000 -99999.00000 -99999.00000 -99999.00000 -99999.00000 -99999.00000 -99999.00000
6.49416 6.64812 6.56858 6.19255 6.25203 6.23032 6.54304 6.63337 6.65119 6.68854 6.64050 6.65162 6.64935 6.64746 6.61662 6.57335 6.52909 6.48949 6.50562 6.42848 6.41691 6.31487 6.23894 6.20473 6.20058 6.25401 6.18493 6.17198 6.24202 6.18572 6.11084 6.17124 6.30176 6.29602 6.23573 6.29611 6.23671 6.34581 6.33671 6.27999 6.25105 6.19072 6.21008 6.23732 6.20358 -99999.00000 -99999.00000 -99999.00000 -99999.00000 -99999.00000 -99999.00000 -99999.00000 -99999.00000 -99999.00000 -99999.00000 -99999.00000 -99999.00000 -99999.00000 -99999.00000 -99999.00000 -99999.00000 -99999.00000 -99999.00000 -99999.00000 -99999.00000 -99999.00000
6.62663 6.64636 6.62038 6.39832 6.18397 6.40404 6.61754 6.66747 6.65188 6.68139 6.67735 6.66922 6.67826 6.63987 6.55309 6.48743 6.41564 6.39187 6.46446 6.42170 6.46774 6.41747 6.36300 6.33168 6.23517 6.19097 6.19377 6.19166 6.28992 6.33753 6.25573 6.15285 6.17487 6.19811 6.18177 6.27352 6.27694 6.33256 6.32492 6.25051 6.15343 6.13187 6.19893 6.24986 6.20363 -99999.00000 -99999.00000 -99999.00000 -99999.00000 -99999.00000 -99999.00000 -99999.00000 -99999.00000 -99999.00000 -99999.00000 -99999.00000 -99999.00000 -99999.00000 -99999.00000 -99999.00000 -99999.00000 -99999.00000 -99999.00000 -99999.00000 -99999.00000 -99999.00000
6.73639 6.61763 6.62477 6.58636 6.48390 6.47711 6.52440 6.59190 6.66090 6.69829 6.70453 6.73954 6.70363 6.57419 6.46740 6.25948 6.22608 6.36490 6.45996 6.43582 6.45683 6.43261 6.42027 6.43536 6.36955 6.23868 6.16485 6.16162 6.23454 6.31407 6.33489 6.22925 6.05647 6.05260 6.07309 6.13556 6.25341 6.32288 6.32993 6.25093 6.20467 6.17498 6.22412 6.16070 6.10256 6.07916 6.10298 -99999.00000 -99999.00000 -99999.00000 -99999.00000 -99999.00000 -99999.00000 -99999.00000 -99999.00000 -99999.00000 -99999.00000 -99999.00000 -99999.00000 -99999.00000 -99999.00000 -99999.00000 -99999.00000 -99999.00000 -99999.00000 -99999.00000
6.72696 6.63158 6.62938 6.46556 6.26898 6.09254 6.33709 6.46867 6.61402 6.67075 6.61416 6.60518 6.58931 6.48655 6.29604 6.21249 6.32477 6.35527 6.33514 6.36206 6.41095 6.40464 6.48259 6.52596 6.43961 6.36125 6.24387 6.16478 6.21158 6.25750 6.21883 6.21410 6.07589 5.96512 6.00478 6.05300 6.16170 6.27851 6.27775 6.26801 6.20234 6.21919 6.15715 6.09826 6.07504 6.05798 6.10881 6.21824 6.25234 -99999.00000 -99999.00000 -99999.00000 -99999.00000 -99999.00000 -99999.00000 -99999.00000 -99999.00000 -99999.00000 -99999.00000 -99999.00000 -99999.00000 -99999.00000 -99999.00000 -99999.00000 -99999.00000 -99999.00000
6.68335 6.55235 6.62089 6.33216 5.95454 6.06453 6.09170 6.39188 6.48759 6.60859 6.59891 6.52500 6.43863 6.41500 6.36875 6.22684 6.20155 6.28927 6.30338 6.36234 6.33902 6.40142 6.47267 6.53989 6.44648 6.37841 6.34017 6.18899 6.18091 6.32021 6.25906 6.17978 6.15771 6.10237 5.99785 6.04289 6.15609 6.25340 6.17704 6.11005 6.14650 6.11260 6.09331 6.10845 6.15545 6.09156 6.09538 6.17592 6.17018 6.05234 5.94747 -99999.00000 -99999.00000 -99999.00000 -99999.00000 -99999.00000 -99999.00000 -99999.00000 -99999.00000 -99999.00000 -99999.00000 -99999.00000 -99999.00000 -99999.00000 -99999.00000 -99999.00000
6.44460 6.20469 6.43091 6.48416 6.12227 5.87704 6.06127 6.30073 6.48214 6.47879 6.48404 6.43752 6.43817 6.44877 6.40344 6.40852 6.41516 6.29043 6.33720 6.38785 6.38384 6.31216 6.38931 6.50771 6.45082 6.41427 6.31193 6.19150 6.19047 6.30844 6.26029 6.14795 6.15630 6.22263 6.17153 6.15125 6.20286 6.23835 6.12033 5.93454 5.96481 5.98964 6.03014 6.08448 6.10095 6.13860 6.19058 6.16691 6.11200 6.04604 5.95265 5.84630 -99999.00000 -99999.00000 -99999.00000 -99999.00000 -99999.00000 -99999.00000 -99999.00000 -99999.00000 -99999.00000 -99999.00000 -99999.00000 -99999.00000 -99999.00000 -99999.00000
6.08987 6.18923 6.08116 6.41428 6.34627 5.96503 6.24623 6.15117 6.38990 6.50487 6.47035 6.42986 6.53547 6.47297 6.49468 6.51891 6.50281 6.41492 6.42831 6.44177 6.31277 6.31387 6.43492 6.46107 6.43337 6.40269 6.25769 6.17996 6.16775 6.25846 6.21224 6.15616 6.08254 6.15830 6.15003 6.16471 6.26032 6.26475 6.12802 6.03515 5.91689 6.00545 6.05231 6.01870 5.97540 6.02320 6.14484 6.16363 6.07937 6.00575 5.99408 5.97746 5.88532 5.80798 -99999.00000 -99999.00000 -99999.00000 -99999.00000 -99999.00000 -99999.00000 -99999.00000 -99999.00000 -99999.00000 -99999.00000 -99999.00000 -99999.00000
6.10529 5.94236 6.20381 6.43108 6.36291 6.10046 6.13162 6.19772 6.44390 6.48944 6.41576 6.40100 6.42099 6.42424 6.56981 6.56359 6.47700 6.45962 6.50997 6.56042 6.40495 6.35261 6.41259 6.43351 6.38579 6.35037 6.27730 6.19443 6.10713 6.06812 6.20037 6.20581 6.05982 6.13679 6.21567 6.23278 6.20403 6.19762 6.13685 5.97035 6.02713 6.12571 6.11111 6.11580 6.01044 5.94625 5.98199 6.05875 6.13321 6.17810 6.21927 6.13157 5.98905 5.92159 5.90834 -99999.00000 -99999.00000 -99999.00000 -99999.00000 -99999.00000 -99999.00000 -99999.00000 -99999.00000 -99999.00000 -99999.00000 -99999.00000
6.01093 6.23376 6.35836 6.35447 6.16391 5.74877 5.86291 5.79753 6.22521 6.34960 6.42242 6.37797 6.37102 6.42281 6.51008 6.56966 6.56403 6.48566 6.51974 6.53081 6.43269 6.39656 6.35290 6.33311 6.39676 6.40673 6.37082 6.22855 6.12294 6.09850 6.20192 6.19387 6.12929 6.11543 6.14352 6.16628 6.12620 6.15165 6.13546 6.07636 6.19789 6.20633 6.16886 6.16714 6.17119 6.12085 6.07435 6.14638 6.24154 6.27399 6.22168 6.15027 6.07697 5.94706 5.90678 5.98523 6.03552 -99999.00000 -99999.00000 -99999.00000 -99999.00000 -99999.00000 -99999.00000 -99999.00000 -99999.00000 -99999.00000
