mrvbf_slope0.6_pctl0.6.asc
NCOLS 410
NROWS 410
XLLCORNER 2398750.0000000000000000
YLLCORNER 2548750.0000000000000000
CELLSIZE 250.0000000000000000
NODATA_VALUE -99999.00000
[rows 290 to 318 of 410, columns 0 to 65 of 410]
-99999.00000 -99999.00000 -99999.00000 -99999.00000 -99999.00000 3.71103 3.74132 4.05319 4.30948 3.97039 3.37467 3.14667 3.27813 3.02703 3.33291 3.62727 3.69827 3.85551 3.67482 3.82562 3.80008 3.69136 3.57309 3.16834 3.36712 3.45318 3.63292 3.63765 3.60932 3.71203 3.67092 3.88683 3.96735 4.02256 3.76455 3.74686 3.77054 3.81074 3.94609 4.11842 4.14760 4.01644 4.08648 4.38222 4.43895 4.20439 4.00097 4.22305 4.19125 4.13838 3.97225 3.66615 3.55598 3.76211 3.87444 3.80660 3.98061 3.83366 3.67860 3.60425 3.54672 3.51334 3.61178 3.83405 3.91174 3.92074
-99999.00000 -99999.00000 -99999.00000 -99999.00000 -99999.00000 3.15941 3.50217 3.98624 4.27090 3.77658 3.18411 3.12143 3.16640 3.17872 3.48514 3.58808 3.82175 3.92455 3.69532 3.74937 3.93319 3.62264 3.31140 3.08161 3.31970 3.57936 3.72242 3.66295 3.61385 3.79701 3.81920 3.93156 3.77364 3.57150 3.42691 3.52253 3.60412 3.65146 3.66343 3.76356 3.97078 3.87679 3.96369 4.33707 4.43506 4.25662 4.02083 4.23424 4.30754 4.30651 4.10284 3.69004 3.49607 3.64561 3.82764 3.81763 3.96509 3.98502 3.85004 3.71086 3.56685 3.42351 3.42491 3.65927 3.94472 3.96551
-99999.00000 -99999.00000 -99999.00000 -99999.00000 -99999.00000 2.50079 3.18310 3.75854 4.09292 3.62971 3.04073 3.11781 2.98776 3.29970 3.65260 3.67052 4.02762 3.94436 3.81429 3.73381 3.84168 3.51528 3.26966 3.30355 3.55616 3.77662 3.95941 3.81031 3.64213 3.76872 3.62250 3.57559 3.41977 3.26162 3.34371 3.58266 3.76323 3.89923 3.82878 3.68929 3.80708 3.83166 3.75124 3.94656 4.22156 4.24106 4.10592 4.09065 4.23814 4.14856 3.96687 3.66232 3.43807 3.47655 3.66663 3.76396 3.85204 3.84509 3.72588 3.61191 3.54219 3.43737 3.36587 3.50770 3.70961 3.71540
-99999.00000 -99999.00000 -99999.00000 -99999.00000 -99999.00000 2.86769 3.13967 3.42279 3.73100 3.60627 3.21055 3.33788 3.08849 3.46908 3.65985 3.69272 4.07220 4.01077 3.94636 3.92915 3.76085 3.54273 3.50643 3.57837 3.89918 3.86537 4.03302 3.88778 3.76074 3.48542 3.32136 3.33903 3.31492 3.35041 3.58641 3.79179 3.91785 4.16028 4.20126 4.09622 4.07726 4.18519 4.03954 3.93868 4.02218 4.04349 4.14978 4.07073 3.96752 3.93468 3.97682 3.83887 3.59252 3.56839 3.71031 3.77254 3.71683 3.58717 3.44482 3.36854 3.37127 3.34705 3.33450 3.47275 3.64492 3.69874
-99999.00000 -99999.00000 -99999.00000 -99999.00000 -99999.00000 3.31504 3.31613 3.18109 3.28570 3.26502 3.28400 3.37338 3.27766 3.60191 3.62559 3.68949 4.04053 4.15338 4.08103 3.97179 3.61594 3.48979 3.56314 3.73379 4.00767 3.93550 4.12053 4.01434 3.64524 3.24579 3.25658 3.45292 3.60242 3.77682 3.99390 3.95910 3.85792 4.03198 4.18347 4.10756 4.10716 4.13839 4.17422 4.25972 4.27037 4.09797 4.04314 4.00529 3.74908 3.82233 4.06947 4.00900 3.81960 3.88109 4.01195 3.88530 3.64994 3.46511 3.34760 3.30613 3.30234 3.24290 3.27223 3.49257 3.78422 3.94714
-99999.00000 -99999.00000 -99999.00000 -99999.00000 -99999.00000 3.29526 2.95447 2.86016 3.31390 2.87664 3.02728 3.46476 3.31437 3.49801 3.74268 3.78262 3.82457 3.77507 3.66804 3.58725 3.43003 3.46806 3.70620 3.99998 3.97684 4.05668 4.15443 3.91222 3.55489 3.32089 3.55496 3.76391 3.85508 3.98946 4.18280 4.18063 3.90863 3.77561 3.81841 3.91488 4.15570 4.24429 4.25311 4.26028 4.20952 4.10135 3.99842 3.75054 3.61421 3.83427 4.06871 3.89849 3.88998 4.16512 4.26427 3.97461 3.66095 3.55277 3.57606 3.60688 3.53750 3.27574 3.18743 3.49985 3.94601 4.10683
-99999.00000 -99999.00000 -99999.00000 -99999.00000 -99999.00000 3.43969 3.31405 3.12854 3.19209 2.57373 2.85488 3.22622 3.36585 3.45969 3.71736 3.89835 3.75179 3.60069 3.51592 3.46983 3.53199 3.76462 4.01333 4.04446 4.03724 4.19317 4.06683 3.99552 3.77048 3.48121 3.53864 3.69520 3.78867 3.89522 4.04982 4.25091 4.16042 3.79799 3.61085 3.83728 4.32550 4.43471 4.34622 4.12945 3.97402 3.91963 3.78761 3.63581 3.69472 4.00523 3.93225 3.73424 3.99969 4.36177 4.35784 4.01274 3.71321 3.74981 3.95830 4.04662 3.87230 3.32441 3.17171 3.53926 3.90487 4.05981
-99999.00000 -99999.00000 -99999.00000 -99999.00000 -99999.00000 3.63528 3.67082 3.38807 3.13224 2.88307 3.15891 3.36384 3.31628 3.45069 3.58196 3.79160 3.79333 3.70863 3.70207 3.70801 3.91032 3.97116 4.07330 4.14342 4.20631 4.22249 3.98625 4.02057 4.07345 3.92153 3.75550 3.81869 4.00821 3.93443 3.91750 4.24272 4.32372 3.96904 3.66218 3.76675 4.23581 4.34817 4.08907 3.75168 3.66369 3.74311 3.85198 3.80520 3.95065 4.15377 3.79744 3.74287 4.19662 4.46693 4.42994 4.12066 3.85876 3.86756 3.91525 3.97044 3.92242 3.44923 3.22136 3.39676 3.62854 3.82607
-99999.00000 -99999.00000 -99999.00000 -99999.00000 -99999.00000 3.60915 3.50832 3.41154 3.29877 3.20574 3.12350 3.30439 3.25913 3.33759 3.51231 3.73845 3.85148 3.92533 3.93857 3.96259 4.04401 4.22297 4.32564 4.32756 4.20548 3.98269 3.88236 4.11465 4.28454 4.27783 4.18885 4.12676 4.22477 3.97502 3.82394 4.18028 4.32039 4.09191 3.83516 3.81898 4.13279 4.23676 3.90286 3.75346 3.85337 3.98295 4.14019 4.02142 4.13032 4.11601 3.72291 3.74664 4.23408 4.49004 4.46478 4.20803 4.05163 4.13112 4.10038 4.05318 3.89759 3.57429 3.24827 3.27974 3.47295 3.62332
-99999.00000 -99999.00000 -99999.00000 -99999.00000 -99999.00000 3.15197 3.32525 3.23575 3.11043 2.75020 2.90629 3.27764 3.24067 3.30345 3.51945 3.85032 4.05964 4.01767 4.04144 4.08196 4.26491 4.42320 4.44538 4.28478 4.02402 3.90680 4.01014 4.21389 4.30486 4.38002 4.34034 4.31354 4.23185 3.94757 3.73775 4.04848 4.22399 4.06908 3.88871 3.90243 4.19124 4.32999 4.03801 3.93340 4.07384 4.17902 4.19826 4.09594 4.24325 4.11860 3.72623 3.68303 4.11526 4.44856 4.42151 4.10936 3.90914 3.96856 4.06882 4.09488 3.77819 3.70198 3.54775 3.47558 3.60071 3.70451
-99999.00000 -99999.00000 -99999.00000 -99999.00000 -99999.00000 2.66595 2.96232 3.03574 2.83197 2.77077 3.18547 3.34233 3.50942 3.64805 3.70045 3.83361 4.09757 4.25782 4.32891 4.28742 4.36643 4.41752 4.41543 4.22078 3.99253 4.04388 4.21220 4.26192 4.24569 4.28319 4.25107 4.18355 4.23762 4.05409 3.73191 3.84815 3.98064 3.93941 3.83723 3.93426 4.26990 4.42275 4.20591 4.11203 4.25548 4.36638 4.28343 4.18088 4.23859 4.13863 3.85052 3.71117 3.97364 4.34893 4.33106 4.01093 3.87205 4.05964 4.01218 4.17632 3.81164 3.59427 3.57383 3.72439 3.95987 4.06931
-99999.00000 -99999.00000 -99999.00000 -99999.00000 -99999.00000 2.51925 3.06630 3.24451 2.84219 3.17176 3.42235 3.47101 3.69155 3.73323 3.72263 3.85741 4.15726 4.33094 4.30220 4.13616 4.07027 4.16323 4.30694 4.27134 4.02366 3.89866 3.99571 4.15810 4.08665 4.02271 4.07811 4.22494 4.32358 4.23371 3.81137 3.63410 3.62779 3.66985 3.78057 4.07946 4.39139 4.39158 4.12607 4.06716 4.24577 4.38057 4.39197 4.33389 4.26051 4.18072 4.09649 3.89511 3.91254 4.18587 4.24265 4.11569 4.06828 4.05413 4.03509 4.20147 4.06886 3.82401 3.87895 4.11614 4.28655 4.34281
-99999.00000 -99999.00000 -99999.00000 -99999.00000 -99999.00000 2.59806 3.12237 3.24814 3.19682 3.50253 3.52992 3.49315 3.62010 3.69859 3.78396 3.97495 4.01715 3.92504 3.76597 3.67094 3.70150 3.81340 4.03705 4.27481 4.20166 3.91465 3.72911 3.78975 3.87057 3.93839 4.08917 4.25104 4.29703 4.27661 4.04476 3.86925 3.88265 3.95311 4.13825 4.38145 4.48364 4.31290 3.96467 4.00009 4.20894 4.28666 4.37175 4.43620 4.39900 4.32840 4.28583 4.05317 3.93813 4.09530 4.23480 4.28937 4.30276 4.21785 4.25298 4.38155 4.39351 4.36617 4.41261 4.46292 4.46649 4.39190
-99999.00000 -99999.00000 -99999.00000 -99999.00000 -99999.00000 3.16810 3.22685 3.24514 3.42319 3.64980 3.54285 3.47030 3.55309 3.71548 3.88898 3.77887 3.50229 3.38294 3.40002 3.48776 3.59601 3.64293 3.75518 4.11124 4.32712 4.10062 3.62987 3.53361 3.72926 4.03397 4.00205 3.96159 4.15454 4.31352 4.31594 4.37709 4.42458 4.43929 4.44704 4.48543 4.43660 4.18253 3.90941 4.05100 4.23448 4.20896 4.26214 4.35860 4.41209 4.33460 4.24966 4.05935 3.91973 4.02785 4.20131 4.32464 4.37712 4.39164 4.47030 4.52278 4.53397 4.54080 4.55859 4.53883 4.44148 4.17977
-99999.00000 -99999.00000 -99999.00000 -99999.00000 -99999.00000 3.59654 3.53196 3.55785 3.69569 3.72773 3.58243 3.48357 3.48415 3.58637 3.65887 3.42708 3.22026 3.22902 3.36890 3.51285 3.59673 3.57144 3.59409 3.88751 4.26064 3.98619 3.48895 3.42066 3.66987 3.91476 3.74469 3.77402 4.05404 4.21204 4.29315 4.38513 4.48457 4.44657 4.30731 4.29805 4.24623 4.05813 3.93968 4.07312 4.23583 4.23073 4.28170 4.28819 4.36832 4.28863 4.26217 4.10835 3.91396 3.92688 4.03565 4.15640 4.26391 4.38884 4.49674 4.54532 4.55481 4.55310 4.54181 4.47028 4.23870 3.80788
-99999.00000 -99999.00000 -99999.00000 -99999.00000 -99999.00000 3.92192 3.85910 3.86847 3.93305 3.86967 3.76781 3.63552 3.52833 3.54591 3.56047 3.38701 3.38169 3.59016 3.62139 3.68473 3.63545 3.52747 3.50927 3.71456 3.89902 3.49731 3.27364 3.41367 3.70732 3.80832 3.57021 3.53207 3.80253 4.02358 4.11368 4.14400 4.20629 4.12146 4.12113 4.22507 4.24849 4.15595 4.05201 4.11147 4.27938 4.35771 4.26211 4.22497 4.36270 4.25329 4.19954 4.18441 3.98471 3.89668 3.89060 3.88811 3.91668 4.17443 4.41436 4.47182 4.43479 4.42115 4.42659 4.33754 3.91768 3.63392
-99999.00000 -99999.00000 -99999.00000 -99999.00000 -99999.00000 4.19990 4.07618 3.91259 3.84718 3.86531 3.96058 3.96468 3.77698 3.72703 3.76321 3.62064 3.66259 3.77070 3.93510 3.97885 3.68423 3.49796 3.48431 3.60383 3.45692 3.13529 3.20780 3.52931 3.87133 3.96007 3.62082 3.36199 3.44101 3.63260 3.70754 3.69616 3.72044 3.83351 4.16768 4.33981 4.38133 4.26109 4.09752 4.10244 4.26092 4.35636 4.19279 4.19082 4.33177 4.14351 4.03129 4.09946 4.00559 3.94195 3.87906 3.76278 3.62214 3.73742 4.12906 4.19906 4.04287 4.00056 4.08476 4.04093 3.68641 3.68408
-99999.00000 -99999.00000 -99999.00000 -99999.00000 -99999.00000 4.22717 4.18707 4.03795 3.88325 3.85086 3.91380 3.95573 3.90696 3.99550 4.05579 3.87404 3.95160 4.15067 4.24247 4.14274 3.73476 3.51248 3.48475 3.49045 3.17924 3.01359 3.36845 3.64989 4.03555 4.08285 3.75220 3.50768 3.41674 3.51563 3.57055 3.57113 3.57462 3.69072 4.03263 4.31622 4.43522 4.33441 4.11449 4.04805 4.17502 4.28877 4.13745 4.06942 4.08372 3.85827 3.84151 3.96191 3.95420 3.96713 3.96561 3.85788 3.60791 3.45978 3.53862 3.55138 3.49977 3.51255 3.60632 3.73244 3.67221 3.82599
-99999.00000 -99999.00000 -99999.00000 -99999.00000 -99999.00000 4.25153 4.31102 4.22683 4.06594 4.05745 4.05642 4.05430 4.08386 4.16350 4.02304 3.86864 4.06138 4.28301 4.32471 4.21025 3.80891 3.53306 3.40644 3.27013 3.02746 3.20053 3.57247 3.70531 4.07445 4.17314 3.83684 3.80903 3.63690 3.73460 3.76280 3.67572 3.65209 3.67462 3.85930 4.23093 4.43313 4.39523 4.16421 4.01139 4.10464 4.24182 4.14761 3.95118 3.75754 3.66479 3.75847 3.90957 3.95015 4.02800 4.14570 4.12660 3.87872 3.53697 3.38709 3.36784 3.40639 3.40946 3.43541 3.59199 3.80616 3.93184
-99999.00000 -99999.00000 -99999.00000 -99999.00000 -99999.00000 4.09936 4.16483 4.08755 4.07980 4.25450 4.24234 4.17208 4.12392 4.00412 3.78450 3.83351 4.16474 4.32716 4.33487 4.24246 3.94044 3.60803 3.38561 3.14701 3.16651 3.49990 3.68839 3.69446 3.93601 4.08616 3.83240 3.92171 3.77006 3.87400 3.83745 3.76628 3.68822 3.59669 3.83532 4.21435 4.32448 4.27656 4.05837 3.92004 4.00328 4.12510 4.00308 3.71928 3.58689 3.64175 3.81980 3.98656 3.99719 4.09987 4.28954 4.30230 4.14287 3.83417 3.61672 3.62533 3.70686 3.66495 3.55501 3.62884 3.89096 3.82946
-99999.00000 -99999.00000 -99999.00000 -99999.00000 -99999.00000 3.86658 3.93047 3.82774 3.82978 4.07076 3.97520 3.78143 3.68055 3.63702 3.64712 3.89669 4.18160 4.29533 4.27166 4.13611 3.94266 3.70335 3.50900 3.40730 3.51176 3.77156 3.74199 3.62763 3.68188 3.70284 3.56350 3.65102 3.64051 3.88886 3.98420 3.86476 3.73038 3.68559 3.82134 3.83129 3.80991 3.76008 3.70282 3.75743 3.83773 3.81006 3.66685 3.56144 3.61134 3.80169 4.03463 4.10657 3.98318 4.12510 4.38266 4.40939 4.24157 4.02523 4.05391 4.01781 3.92155 3.82622 3.76227 3.78754 3.85451 3.59036
-99999.00000 -99999.00000 -99999.00000 -99999.00000 -99999.00000 3.76992 3.83215 3.69357 3.59214 3.62801 3.56998 3.50034 3.48090 3.50744 3.57394 3.72112 3.89001 4.02121 3.98533 3.82979 3.74035 3.71713 3.69604 3.57907 3.62283 3.79692 3.86611 3.88439 3.72670 3.58296 3.52796 3.47770 3.56494 3.92149 4.14373 4.05779 3.99975 3.97859 3.78128 3.58857 3.53841 3.51889 3.55157 3.72929 3.77083 3.66574 3.61022 3.66920 3.89471 4.10064 4.16026 4.03834 3.98729 4.22541 4.42929 4.46436 4.38940 4.19878 4.17131 4.08737 4.01099 3.98645 3.98940 3.92437 3.66805 3.42340
-99999.00000 -99999.00000 -99999.00000 -99999.00000 -99999.00000 3.72232 3.78839 3.71033 3.56337 3.51881 3.50158 3.49972 3.52883 3.55848 3.55646 3.54195 3.58417 3.64116 3.60606 3.53015 3.50378 3.50917 3.53874 3.60548 3.66051 3.78576 3.87294 3.89871 3.69156 3.53340 3.40240 3.48979 3.74201 4.10803 4.25218 4.22202 4.26017 4.11442 3.70529 3.60847 3.61890 3.61867 3.62810 3.75139 3.72670 3.64511 3.75457 4.01739 4.25465 4.24348 4.11025 3.97431 4.05980 4.29863 4.37617 4.38246 4.39634 4.28832 4.23675 4.14441 4.07193 4.14745 4.02804 3.73495 3.50459 3.39407
-99999.00000 -99999.00000 -99999.00000 -99999.00000 -99999.00000 3.72696 3.85720 3.92454 3.80467 3.70186 3.65299 3.66619 3.70948 3.69656 3.62817 3.53425 3.48215 3.44923 3.39504 3.33928 3.31862 3.32463 3.33145 3.41141 3.52759 3.72452 3.75532 3.65450 3.55615 3.43618 3.39029 3.57794 3.68268 3.79371 4.05663 4.31001 4.33705 3.97812 3.71303 3.74343 3.79180 3.72920 3.64838 3.68185 3.62276 3.64018 3.92884 4.18791 4.24909 4.18684 4.01563 3.95971 4.14034 4.29849 4.24519 4.23920 4.30553 4.27276 4.21418 4.19577 4.06732 4.04335 3.77663 3.54743 3.44265 3.45241
-99999.00000 -99999.00000 -99999.00000 -99999.00000 -99999.00000 3.79719 3.96680 4.04834 4.06275 4.01403 3.87979 3.81836 3.77150 3.69522 3.63430 3.53646 3.41998 3.33216 3.26727 3.22741 3.22371 3.24747 3.26475 3.30359 3.36947 3.49453 3.59693 3.54589 3.64509 3.48531 3.35293 3.46332 3.51122 3.50329 3.64751 4.12863 4.38029 4.20564 3.77040 3.68239 3.71161 3.59854 3.47766 3.46014 3.49044 3.63763 3.98137 4.15591 4.12573 4.03008 3.90877 3.98094 4.22936 4.24507 4.17817 4.20964 4.22007 4.29975 4.17628 4.08820 4.09120 3.89996 3.59235 3.46744 3.46275 3.57029
-99999.00000 -99999.00000 -99999.00000 -99999.00000 -99999.00000 3.77524 3.84499 3.92198 3.95457 3.88841 3.80209 3.74262 3.66572 3.59197 3.55459 3.48370 3.37065 3.28929 3.25797 3.25988 3.27040 3.28457 3.26691 3.22942 3.22415 3.21191 3.34192 3.43962 3.53435 3.61464 3.47201 3.49656 3.58620 3.51254 3.50509 3.77427 4.26234 4.28784 3.96349 3.68506 3.48178 3.35701 3.35063 3.32813 3.42211 3.57841 3.76415 3.91388 3.95105 3.90444 3.90400 4.11422 4.33965 4.30921 4.14622 4.09879 4.15441 4.28386 4.22004 4.13845 4.05109 3.66933 3.45554 3.45228 3.57006 3.78277
-99999.00000 -99999.00000 -99999.00000 -99999.00000 -99999.00000 3.59157 3.69009 3.92724 3.88389 3.69456 3.63247 3.61242 3.57126 3.52330 3.50168 3.47131 3.40462 3.35433 3.35784 3.36584 3.34607 3.37448 3.33442 3.22252 3.22475 3.11122 3.02635 3.11810 3.28778 3.53539 3.57738 3.58887 3.63283 3.45555 3.45009 3.75144 4.10902 4.06380 3.92608 3.66937 3.43087 3.35545 3.48140 3.49388 3.49276 3.53234 3.55471 3.60621 3.74108 3.85022 3.94630 4.13743 4.28261 4.29007 4.18863 4.08724 3.99091 4.06626 4.15545 4.11585 3.81360 3.49377 3.40089 3.51387 3.79033 4.08302
-99999.00000 -99999.00000 -99999.00000 -99999.00000 -99999.00000 3.65732 3.89520 4.12350 3.79683 3.58537 3.54465 3.54255 3.53714 3.52553 3.53456 3.55451 3.51379 3.48461 3.48983 3.48010 3.47266 3.54939 3.51019 3.37476 3.34849 3.31391 3.19410 3.16357 3.25078 3.22700 3.46217 3.63314 3.55274 3.40188 3.28930 3.54218 3.80710 3.78054 3.76771 3.65199 3.43939 3.34078 3.43808 3.58061 3.61829 3.59583 3.50114 3.46582 3.57189 3.64578 3.63625 3.70154 3.84520 3.91050 3.75612 3.61295 3.54936 3.56707 3.64635 3.66369 3.50552 3.39150 3.45045 3.65708 4.01542 4.26002
-99999.00000 -99999.00000 -99999.00000 -99999.00000 -99999.00000 4.07938 4.25085 4.04640 3.67459 3.57284 3.54093 3.51402 3.54986 3.63517 3.69557 3.74742 3.70393 3.66623 3.62049 3.59539 3.72364 3.69293 3.66514 3.59382 3.37330 3.34672 3.38895 3.30066 3.35612 3.20920 3.26686 3.48432 3.47478 3.47025 3.25898 3.40357 3.57970 3.57167 3.54162 3.52275 3.36114 3.29002 3.39960 3.54760 3.68291 3.70094 3.55006 3.46335 3.49465 3.49895 3.45309 3.44848 3.52195 3.59695 3.50244 3.41503 3.38033 3.36592 3.38852 3.38813 3.33451 3.39532 3.57623 3.86257 4.15236 4.28298
