mrvbf_slope0.5_pctl1.4.asc
NCOLS 410
NROWS 410
XLLCORNER 2398750.0000000000000000
YLLCORNER 2548750.0000000000000000
CELLSIZE 250.0000000000000000
NODATA_VALUE -99999.00000
[rows 232 to 260 of 410, columns 0 to 65 of 410]
-99999.00000 -99999.00000 -99999.00000 -99999.00000 -99999.00000 1.32568 0.92409 1.36046 1.80739 2.39565 2.69701 2.99570 3.01667 3.02299 3.08738 3.05285 2.92678 2.86774 2.69173 2.66878 2.47855 2.28715 2.44476 2.77646 2.77527 2.85616 2.26888 1.00869 1.55680 2.37294 3.34232 3.78576 3.85944 3.82791 3.61934 3.28497 2.98474 2.84143 2.81751 2.88900 3.01764 3.13505 3.17374 3.12246 2.99514 2.98860 3.18523 3.27620 3.12449 2.81422 2.70292 3.12320 3.54219 3.53035 3.31518 3.13394 3.00174 2.89194 2.83042 2.76523 2.44021 1.99167 1.72429 2.17510 3.17755 3.43030
-99999.00000 -99999.00000 -99999.00000 -99999.00000 -99999.00000 1.06707 1.22392 1.42790 1.70975 2.36237 2.67099 2.91231 2.91004 3.02655 2.93478 3.04282 2.95201 2.76567 2.64532 2.66112 2.89255 2.72348 2.59555 2.65575 2.88594 3.24297 2.81401 1.98558 2.11511 2.74320 3.44344 3.74436 3.83822 3.79255 3.48200 3.18898 3.03094 3.09206 3.26292 3.38482 3.40735 3.43485 3.43205 3.33984 3.11350 2.96493 2.98462 3.08185 2.94689 2.68880 2.70758 2.96575 3.40211 3.50473 3.45344 3.27989 3.07159 2.94977 2.84719 2.58769 2.17099 1.82416 1.58503 1.87803 2.71348 3.22469
-99999.00000 -99999.00000 -99999.00000 -99999.00000 -99999.00000 1.47057 1.89924 1.67506 1.80755 2.36675 2.64744 2.87764 2.95431 2.92229 2.86849 2.84983 2.82972 2.67635 2.56977 2.54029 2.70499 3.06404 2.85191 2.67768 2.88398 3.32496 3.13047 2.37643 2.24752 2.58304 2.98678 3.30454 3.52568 3.57498 3.24818 3.00698 2.99214 3.11525 3.37673 3.51434 3.54189 3.50988 3.45912 3.38913 3.23438 3.05145 2.91131 2.89527 2.78729 2.63229 2.62939 3.09239 3.32305 3.40460 3.51657 3.31623 3.03948 2.86721 2.76836 2.37321 1.82448 1.34149 0.82941 1.06672 1.77679 2.54343
-99999.00000 -99999.00000 -99999.00000 -99999.00000 -99999.00000 1.39713 1.78735 1.68617 1.95431 2.37336 2.62014 2.84166 2.82839 2.76975 2.69927 2.65651 2.67225 2.59851 2.51132 2.49855 2.54352 2.90003 2.70733 2.48791 2.62180 2.97770 2.97962 2.45447 2.12858 2.21094 2.44316 2.67542 2.93845 3.15673 3.03756 2.91985 2.98537 2.97482 3.32453 3.33685 3.19171 3.06555 3.09971 3.17988 3.15169 3.01299 2.91739 2.89579 2.77314 2.64922 2.74214 3.10086 3.18687 3.25698 3.48425 3.19357 2.86097 2.64589 2.60088 2.23092 1.45042 0.56227 0.52255 0.72156 1.22016 1.97004
-99999.00000 -99999.00000 -99999.00000 -99999.00000 -99999.00000 1.33214 1.32605 1.58077 2.06992 2.37535 2.56631 2.70441 2.69973 2.61167 2.50993 2.46294 2.52044 2.55283 2.63122 2.53515 2.51813 2.50081 2.26472 2.17553 2.31571 2.58645 2.67195 2.47150 2.18949 2.04998 2.11749 2.29412 2.53234 2.81328 3.04196 3.07628 3.02132 2.86284 2.96910 2.85296 2.59646 2.43618 2.57265 2.80472 2.84049 2.77658 2.84762 2.95170 2.80866 2.72197 2.95233 3.09593 2.99309 3.03947 3.30003 2.97028 2.72222 2.68023 2.60403 2.21321 1.28955 0.46184 0.58610 0.74013 1.12321 1.89286
-99999.00000 -99999.00000 -99999.00000 -99999.00000 -99999.00000 1.70797 0.80858 1.44787 2.09693 2.35905 2.53553 2.61897 2.58385 2.47479 2.34869 2.46779 2.44596 2.61027 2.73208 2.57627 2.54085 2.16039 1.70780 1.74515 2.21749 2.58003 2.69440 2.63698 2.37673 2.00499 1.85304 2.02647 2.34299 2.65857 3.11313 3.07326 2.94340 2.70122 2.66170 2.53602 2.19658 1.91601 2.13186 2.44610 2.53447 2.53998 2.68859 2.96882 2.95959 2.88181 3.05430 3.06972 2.94482 2.83401 3.01292 2.80263 2.70360 2.73391 2.53287 2.21060 1.51355 0.59449 1.32309 1.19811 1.62099 2.17670
-99999.00000 -99999.00000 -99999.00000 -99999.00000 -99999.00000 1.59607 0.88239 1.28556 1.80088 2.23337 2.51388 2.63017 2.55675 2.47840 2.56154 2.68214 2.62828 2.70593 2.61964 2.53407 2.33233 1.40104 1.00961 1.41873 2.39427 3.00011 3.16479 3.07622 2.74831 2.20599 2.04924 2.12277 2.31638 2.56632 2.98160 2.86939 2.82074 2.66934 2.59399 2.54151 2.26723 2.16100 1.98444 2.18522 2.29737 2.36961 2.47975 2.77358 3.08541 2.90674 3.00460 2.97931 2.90523 2.77774 2.84028 2.74204 2.66980 2.60234 2.38053 2.17952 1.58327 0.96496 1.99579 1.80833 2.15752 2.41875
-99999.00000 -99999.00000 -99999.00000 -99999.00000 -99999.00000 1.66737 0.63681 0.75005 0.92101 1.84504 2.42586 2.68552 2.58340 2.57866 2.86876 2.86484 2.86480 2.86562 2.57992 2.46274 2.14731 1.14634 1.80306 1.93181 2.60042 3.38687 3.68521 3.44397 2.93594 2.41877 2.32577 2.28755 2.36264 2.52569 2.79591 2.71740 2.62471 2.66523 2.72162 2.88201 2.84782 2.91353 2.47862 2.22048 2.31057 2.37172 2.28890 2.50976 2.94822 2.92544 2.89636 3.02353 2.97092 2.83327 2.85796 2.76113 2.67168 2.63674 2.51652 2.40178 1.81046 1.19403 2.00936 1.87287 1.93154 2.10718
-99999.00000 -99999.00000 -99999.00000 -99999.00000 -99999.00000 1.31366 1.66551 0.94020 0.90747 1.29576 2.26090 2.66432 2.60770 2.63683 3.02349 3.04315 2.90367 2.89808 2.62671 2.39842 2.12629 1.69426 2.35938 2.56225 3.05595 3.59764 3.83609 3.40783 2.73952 2.28418 2.10426 2.21860 2.35784 2.47531 2.63137 2.57602 2.58468 2.83673 3.00468 3.16084 3.12206 3.02146 2.99765 2.75357 2.83168 2.82840 2.37921 2.37916 2.72182 2.91078 2.84329 2.98872 2.99740 2.86156 2.88719 2.87498 2.85396 2.89475 2.86402 2.84180 2.15381 1.19177 1.56510 2.01923 1.61472 1.92983
-99999.00000 -99999.00000 -99999.00000 -99999.00000 -99999.00000 1.15378 1.04777 0.71678 1.04740 1.07259 2.05836 2.53853 2.62889 2.68987 3.03969 3.23251 2.97872 2.99443 2.71844 2.42698 2.35409 2.65716 2.91599 3.08047 3.44898 3.87097 3.80813 3.21964 2.49219 2.53966 2.27010 2.14691 2.18181 2.36765 2.58260 2.67811 2.84505 3.18692 3.13524 3.22345 3.17743 2.97097 3.01983 3.02186 3.09091 3.11597 2.66455 2.43517 2.64520 2.86152 2.83915 3.02282 3.03222 2.86102 2.86401 3.02302 3.19926 3.05371 3.00247 2.92665 2.42930 1.90161 1.64961 1.70229 1.96261 2.00985
-99999.00000 -99999.00000 -99999.00000 -99999.00000 -99999.00000 1.94698 1.60824 1.53761 1.68728 0.89424 1.73947 2.38171 2.65087 2.79064 3.02834 3.28390 3.00860 2.84653 2.82515 2.71276 2.91695 3.26398 3.24054 3.40836 3.72416 3.87824 3.54844 3.06034 2.80993 3.11664 3.03013 2.82790 2.54774 2.47725 2.82418 3.13728 3.31958 3.33955 3.19703 3.06915 2.82726 2.73845 2.98578 2.96143 2.64525 2.60609 2.42565 2.37600 2.55908 2.79584 2.90670 3.06737 3.13194 2.95590 2.88815 3.00956 3.16636 3.01047 2.66686 2.40249 2.29845 2.13838 1.88271 1.40411 0.93832 1.49952
-99999.00000 -99999.00000 -99999.00000 -99999.00000 -99999.00000 2.06114 1.90965 1.32370 1.60868 1.11749 1.50561 2.28429 2.67691 2.93131 2.95048 3.02850 2.90709 2.71268 2.92057 2.91411 3.08436 3.20922 3.29303 3.58033 3.81793 3.66849 3.32564 3.01258 3.23564 3.22848 3.00828 2.98443 2.89130 2.84532 3.18339 3.43745 3.48130 3.46916 3.25016 2.86828 2.48533 2.80657 3.24995 3.08008 2.50061 2.27626 2.05431 2.02453 2.48023 2.80219 3.09923 3.22340 3.32269 3.23118 3.06419 3.08923 3.12050 2.83157 2.49198 2.10459 1.90732 1.99144 1.78042 0.60469 0.51215 0.70117
-99999.00000 -99999.00000 -99999.00000 -99999.00000 -99999.00000 2.50820 2.05658 0.84620 1.72676 1.59316 1.76327 2.23810 2.61373 2.99172 2.87628 2.72803 2.63254 2.58082 2.68689 2.74820 2.93518 2.90068 3.08577 3.43317 3.57071 3.47636 3.19388 3.03303 3.35967 3.04399 3.08313 3.10336 3.08173 3.27408 3.51501 3.37787 3.24220 3.33383 3.23991 3.03824 3.08312 3.13625 3.27687 2.91459 2.82103 3.07416 2.82546 2.35931 2.53631 2.94909 3.35792 3.39112 3.33084 3.26251 3.21305 3.16726 3.15540 2.91500 2.61451 2.33481 1.93160 1.81004 1.42082 0.43643 0.69143 0.77531
-99999.00000 -99999.00000 -99999.00000 -99999.00000 -99999.00000 3.02157 2.61406 1.23588 1.34829 1.50441 1.70799 2.10023 2.49946 2.82082 2.71491 2.53454 2.47952 2.59331 2.51964 2.81746 3.01098 2.80609 2.72515 3.08849 3.41377 3.35701 3.19899 3.23118 3.17956 3.03013 3.24853 3.43919 3.52337 3.74088 3.55329 3.23118 3.25879 3.31613 3.42080 3.35276 3.32570 3.28769 3.42293 3.26004 2.83435 3.06786 3.37097 3.02630 2.82898 3.02666 3.37539 3.58164 3.44929 3.24311 3.31929 3.21962 3.13382 2.89235 2.51718 2.14154 2.01901 1.88956 1.18755 0.54890 1.34889 1.54783
-99999.00000 -99999.00000 -99999.00000 -99999.00000 -99999.00000 3.36634 2.57330 1.29392 0.46293 0.53359 0.80907 1.84479 2.34453 2.60106 2.51290 2.37856 2.52946 2.81269 2.70971 2.93975 3.04209 2.85667 2.66314 2.87814 3.34070 3.32064 3.34377 3.34333 3.10921 3.18535 3.44742 3.56649 3.65419 3.87267 3.67636 3.29452 3.15667 3.39161 3.52403 3.44732 3.39079 3.46576 3.63725 3.59602 3.20721 3.09945 3.40410 3.21499 2.95537 3.08487 3.43269 3.74793 3.47999 3.13110 3.28576 3.14184 3.09926 2.75697 2.39385 2.14718 1.98722 2.00869 1.85768 1.02697 1.21931 1.75603
-99999.00000 -99999.00000 -99999.00000 -99999.00000 -99999.00000 3.20327 2.22757 1.32154 0.71078 0.54069 0.54681 1.74076 2.11833 2.29442 2.24601 2.25386 2.62506 2.86722 2.77574 2.85371 2.82961 2.80230 2.77177 2.80393 3.07372 3.14369 3.36479 3.22765 3.03722 3.20114 3.50478 3.58137 3.42805 3.40881 3.45499 3.41658 3.29144 3.40179 3.52907 3.52145 3.49818 3.56963 3.65400 3.65252 3.33882 3.21718 3.43048 3.24947 3.02876 3.19400 3.45557 3.50804 3.16320 2.94919 3.22381 3.17366 3.20520 2.71556 2.39831 2.19337 1.72657 1.55647 1.87130 2.09536 2.10888 1.60976
-99999.00000 -99999.00000 -99999.00000 -99999.00000 -99999.00000 3.02889 2.22605 1.55414 0.74367 0.66181 0.38219 1.65726 1.95055 2.02531 2.07531 2.50023 2.64256 2.72048 2.66631 2.63931 2.60835 2.81988 2.91066 2.95255 2.92488 2.95873 3.17262 3.10510 2.60384 2.64307 3.08137 3.30777 3.07528 2.87799 2.86329 3.01572 3.24608 3.40479 3.36092 3.33537 3.46915 3.44397 3.31368 3.32639 3.24781 3.15246 3.39192 3.23742 3.12563 3.22089 3.18489 3.12264 2.92620 2.96582 3.03363 3.15262 3.27184 2.76475 2.41235 1.93484 1.45972 0.99960 1.02397 2.03528 2.62214 2.58836
-99999.00000 -99999.00000 -99999.00000 -99999.00000 -99999.00000 2.41936 2.03009 1.45773 0.86073 1.13573 0.69536 1.54939 1.92031 2.08294 2.33617 2.70887 2.66570 2.65335 2.73729 2.57795 2.58889 2.74194 2.95102 3.23048 3.11754 3.00117 2.89552 2.83977 2.17954 2.13095 2.50664 2.70455 2.56225 2.48477 2.52565 2.67211 2.95387 3.15898 3.02674 2.97055 3.05526 3.01550 2.91534 2.85454 2.91693 2.89523 3.25984 3.12795 3.17292 3.25819 3.00739 2.92242 3.00160 3.18155 2.98117 3.21308 3.38981 2.83437 2.44419 2.07981 1.69061 2.19603 2.48423 2.38923 2.25436 2.54903
-99999.00000 -99999.00000 -99999.00000 -99999.00000 -99999.00000 2.01704 1.88466 1.02367 0.80484 0.94613 1.07878 1.73827 2.18586 2.39545 2.48981 2.59996 2.71367 2.59534 2.67458 2.62371 2.63168 2.73160 3.12520 3.49599 3.21264 2.98530 2.96519 2.75202 2.42718 1.97996 2.21142 2.25352 2.12592 2.19035 2.47656 2.66851 2.92391 3.04889 2.97665 3.01194 2.85617 2.87003 2.92859 2.69507 2.49964 2.61995 3.01356 2.93378 3.07807 3.12952 2.95018 2.86222 3.00293 3.20158 2.95520 3.19645 3.26431 2.74310 2.47520 2.35292 2.20573 2.51273 3.25052 3.13772 2.19973 2.11905
-99999.00000 -99999.00000 -99999.00000 -99999.00000 -99999.00000 1.86486 1.82835 1.08885 0.68521 0.72924 0.97653 1.78368 2.44322 2.74092 2.76972 2.85594 2.92911 2.76760 2.57797 2.44400 2.54795 2.91688 3.48457 3.74897 3.33720 2.90544 2.83869 2.72607 2.75008 2.78352 2.32485 2.00393 1.80589 2.18717 2.39438 2.67392 3.07783 3.20124 3.17135 3.30100 3.16184 3.15668 3.16788 2.90217 2.41597 2.46382 2.60100 2.71548 2.96683 2.96060 2.79820 2.79139 2.81282 2.84989 2.89993 3.04597 2.82285 2.58837 2.50067 2.69487 2.72825 2.66480 3.16671 3.39165 3.03252 2.26785
-99999.00000 -99999.00000 -99999.00000 -99999.00000 -99999.00000 1.65297 1.42503 0.87357 0.50552 0.66230 0.90916 1.68315 2.59629 3.06252 3.12008 3.25048 3.18414 3.05699 2.62737 2.41366 2.58929 3.11302 3.55214 3.48299 3.01893 2.60225 2.52128 2.52538 2.74269 2.98393 2.48123 1.99798 2.20734 2.43642 2.16713 2.59164 3.17856 3.26233 3.19415 3.30866 3.30434 3.29450 3.16908 2.90760 2.72906 2.83002 2.46966 2.64125 2.98255 2.88616 2.75023 2.87231 2.69844 2.72272 2.99851 2.86265 2.66213 2.56024 2.54260 2.84841 3.06390 2.81931 3.02855 3.38851 2.81286 2.53911
-99999.00000 -99999.00000 -99999.00000 -99999.00000 -99999.00000 2.16693 1.73376 1.08574 1.72008 0.59953 0.94887 1.93194 2.71102 3.11830 3.31588 3.48549 3.24688 3.04103 2.52508 2.50955 2.60469 2.78575 3.09146 3.05903 2.68727 2.49350 2.58746 2.59785 2.41163 2.53759 2.32933 2.34088 2.86640 2.48206 2.21959 2.63616 3.21338 3.14515 3.01032 3.05930 3.06807 3.07050 2.99356 2.86573 2.97228 3.19017 2.65235 2.69416 3.07844 2.98314 2.88604 3.03788 2.63694 2.72397 2.92393 2.76728 2.67677 2.63002 2.70887 2.73210 3.05312 2.87097 2.97084 3.23969 2.79880 2.76347
-99999.00000 -99999.00000 -99999.00000 -99999.00000 -99999.00000 2.33167 2.24825 1.71055 0.82510 1.35236 1.97927 2.28613 2.79761 3.24660 3.61590 3.63007 3.25088 3.03667 2.60730 2.60391 2.64273 2.67671 2.82889 2.96308 2.70588 2.59931 2.74575 2.84201 2.28392 2.04724 2.14945 2.74448 2.94901 2.53965 2.43522 2.72879 3.09301 2.90380 2.73913 2.74679 2.74583 2.74030 2.78096 2.89484 3.12515 3.31117 2.91137 2.77417 3.10727 3.09675 2.99174 3.15483 2.66975 2.68177 2.82940 2.77944 2.71432 2.67354 2.70778 2.74121 2.79884 2.75901 2.99273 3.19125 2.93381 2.79245
-99999.00000 -99999.00000 -99999.00000 -99999.00000 -99999.00000 2.50246 2.49560 1.98592 0.97481 1.11743 1.67787 2.35845 2.85402 3.36511 3.78900 3.64719 3.22532 3.00343 2.75954 2.66577 2.75794 2.78962 2.86592 3.04844 2.73944 2.60186 2.79016 2.96383 2.58015 1.66640 1.72237 2.49478 2.80121 2.67017 2.53419 2.66902 2.81283 2.70170 2.62884 2.71400 2.70644 2.60320 2.64084 2.79824 2.99941 3.10438 2.83306 2.67973 2.96948 3.16570 2.96386 3.01827 2.77042 2.76348 2.75135 2.66206 2.65176 2.70226 2.68802 2.78397 2.74987 2.67893 2.67962 2.86757 2.89513 2.85512
-99999.00000 -99999.00000 -99999.00000 -99999.00000 -99999.00000 2.09437 1.98608 1.48822 1.44354 1.31455 2.04773 2.55046 3.05724 3.44590 3.75879 3.54002 3.09976 2.91611 2.78868 2.59082 2.65406 2.74758 2.82521 2.91709 2.71658 2.61115 2.89363 2.96384 2.61636 2.04861 2.08340 2.13020 2.58113 2.70689 2.44701 2.38553 2.55130 2.74628 2.82841 2.94248 2.91966 2.63531 2.50347 2.66412 2.92528 3.01016 2.71967 2.53168 2.76719 3.20745 3.08523 2.96280 2.89404 2.94011 2.58722 2.34937 2.25073 2.44235 2.62909 2.61351 2.62112 2.44807 2.18791 2.30307 2.64936 2.96786
-99999.00000 -99999.00000 -99999.00000 -99999.00000 -99999.00000 1.77935 1.57367 1.11995 1.25160 2.03267 2.55134 2.63580 2.77600 3.07754 3.39220 3.40545 2.99162 2.89626 2.93138 2.56920 2.47356 2.51906 2.63658 2.78767 2.78901 2.73817 2.87650 2.93165 2.88531 2.67386 2.88214 2.29808 2.53518 2.78970 2.35754 2.08343 2.39863 2.90221 3.03730 2.82376 2.73776 2.67183 2.68496 2.89606 3.17166 3.20221 2.78901 2.42600 2.55823 2.93613 3.21099 3.15173 2.90397 2.61656 2.29665 1.77248 1.53450 1.80560 2.15248 2.32311 2.49206 2.26709 2.35517 2.32661 2.49563 2.87393
-99999.00000 -99999.00000 -99999.00000 -99999.00000 -99999.00000 1.32144 1.12669 1.00061 1.91680 1.96215 2.47927 2.77780 2.69872 2.67274 2.84631 3.09731 2.85029 2.81554 2.85327 2.64182 2.53515 2.51562 2.60851 2.82418 3.04070 2.93631 2.79081 2.66951 2.69392 2.58934 3.05056 2.52053 2.47085 2.69201 2.32193 2.10803 2.25622 2.74592 3.20784 2.86630 2.55742 2.63631 3.06189 3.15148 3.27665 3.27416 3.03447 2.45815 2.50966 2.72390 2.85871 2.69174 2.47787 2.32596 2.14544 1.94003 2.02099 1.30383 1.33219 2.11329 2.70247 2.46531 2.54899 2.78560 2.65890 2.75340
-99999.00000 -99999.00000 -99999.00000 -99999.00000 -99999.00000 1.13116 1.11884 1.57489 1.31407 1.65909 2.36370 2.77524 2.78419 2.60102 2.59872 2.68029 2.67520 2.76473 2.75826 2.77337 2.86318 2.63863 2.66537 2.92842 3.30337 3.17865 2.85956 2.50821 2.22816 2.56516 3.11285 2.73101 2.38441 2.46238 2.46712 2.58548 2.28223 2.59127 3.14489 2.93431 2.61292 2.64874 3.06771 3.14738 3.32990 3.26113 3.11673 2.84661 2.66087 2.79720 2.80832 2.61300 2.44090 2.47457 2.68272 2.52934 2.49893 2.18292 1.59314 2.06399 2.67167 2.69370 2.59024 3.00230 2.92593 2.71690
-99999.00000 -99999.00000 -99999.00000 -99999.00000 -99999.00000 0.74294 1.47725 2.17124 1.96832 1.97102 2.38653 2.76178 2.70782 2.66686 2.62851 2.53279 2.56449 2.69362 2.76421 2.83458 2.95950 2.66681 2.71156 3.03771 3.38159 3.27207 2.88424 2.45464 2.28629 2.59197 2.88213 3.01590 2.62746 2.45965 2.59126 2.62757 2.29640 2.43871 2.80277 2.88552 2.77681 2.86782 3.09477 3.31961 3.48561 3.31487 3.19971 3.13286 2.92167 3.02701 3.04656 2.93371 2.89845 2.88001 2.90921 2.73186 2.64249 2.78974 2.48121 2.29164 2.75295 2.91796 2.74474 2.73591 2.95352 2.83081
