mrvbf_slope1_pctl1.5.asc
NCOLS 410
NROWS 410
XLLCORNER 2398750.0000000000000000
YLLCORNER 2548750.0000000000000000
CELLSIZE 250.0000000000000000
NODATA_VALUE -99999.00000
[rows 145 to 173 of 410, columns 198 to 263 of 410]
7.38724 7.42267 7.45439 7.45004 7.41777 7.40668 7.41871 7.45382 7.47842 7.48636 7.48557 7.49665 7.50074 7.51533 7.52438 7.52903 7.52838 7.51849 7.50565 7.47017 7.29142 6.57142 6.12532 6.62092 7.08662 6.08424 6.10258 6.00593 6.92549 7.01309 6.49345 7.08852 7.08254 7.35353 7.44871 7.47205 7.48793 7.50297 7.50917 7.50911 7.50438 7.50477 7.50859 7.50247 7.48578 7.47791 7.49090 7.48551 7.47283 7.46713 7.46877 7.48264 7.49835 7.50744 7.50773 7.50813 7.50205 7.49744 7.47710 7.45086 7.45714 7.47224 7.46907 7.46070 7.45746 7.43805
7.33572 7.35180 7.43251 7.44962 7.43083 7.40096 7.38363 7.39095 7.41056 7.44071 7.46159 7.48215 7.48917 7.50438 7.51132 7.51413 7.51559 7.51419 7.50331 7.48756 7.47376 7.33477 6.79482 6.83778 6.05609 5.99907 6.53155 6.46106 7.15049 6.42080 6.73414 6.71028 7.04457 6.94219 7.21775 7.42835 7.46949 7.48816 7.48742 7.46569 7.49820 7.50403 7.50217 7.48877 7.47614 7.48038 7.48953 7.47877 7.47524 7.47579 7.47593 7.48702 7.49529 7.50329 7.50303 7.49930 7.48890 7.47688 7.44652 7.43643 7.45518 7.45774 7.45467 7.45145 7.43847 7.41461
7.28669 7.22412 7.34385 7.41836 7.39448 7.33928 7.29073 7.23741 7.24078 7.36365 7.43192 7.45231 7.44857 7.45737 7.46914 7.48122 7.49986 7.50525 7.50569 7.50779 7.49703 7.47721 7.28563 6.23500 5.83879 6.27225 5.93135 6.14347 7.20957 6.38781 6.17025 6.82639 6.85172 6.91435 6.18040 7.08415 7.43851 7.45842 7.37928 7.22275 7.42721 7.49100 7.48437 7.48256 7.48328 7.48262 7.48080 7.47992 7.47925 7.47798 7.48041 7.49269 7.49048 7.48698 7.48758 7.48465 7.46986 7.44854 7.43475 7.44449 7.44611 7.44986 7.45913 7.45627 7.44586 7.43394
7.22407 7.20252 7.21926 7.24379 7.24221 7.21861 7.16902 7.07126 7.00489 7.11621 7.32007 7.38724 7.40057 7.41443 7.40595 7.42058 7.46079 7.48564 7.50911 7.51719 7.50983 7.50232 7.46702 7.17874 6.06808 5.93991 5.90748 6.81512 7.27283 6.23293 5.88278 6.32578 6.81262 6.60511 5.90831 6.05360 7.30628 7.41249 7.20863 7.28061 7.25342 7.45985 7.49240 7.47558 7.47418 7.47591 7.47414 7.48452 7.48514 7.48188 7.48606 7.49168 7.47931 7.47076 7.47010 7.46344 7.44590 7.43449 7.44075 7.43992 7.44280 7.45563 7.45800 7.45264 7.44877 7.44842
7.27720 7.18731 7.21010 7.21958 7.23732 7.20565 7.17614 7.17915 7.17030 7.02838 7.03372 7.17694 7.36613 7.38904 7.29928 7.33764 7.42397 7.45617 7.48924 7.50815 7.50888 7.50533 7.49696 7.47228 7.33463 7.23013 7.08570 6.71141 6.97331 5.93467 6.30234 6.10641 6.21035 6.23732 5.95502 6.09723 7.31588 7.44349 7.39465 7.26003 7.43346 7.49355 7.48401 7.47327 7.48049 7.48407 7.47508 7.47435 7.47727 7.48308 7.49248 7.49110 7.47378 7.45799 7.46216 7.45083 7.43451 7.43889 7.43840 7.43665 7.44949 7.45359 7.45428 7.44952 7.44592 7.44737
6.92660 6.79241 6.96570 7.31495 7.35000 7.26732 7.23439 7.25741 7.08146 6.82556 6.89760 6.86135 7.13736 7.18682 7.20718 7.36133 7.41604 7.43045 7.45121 7.47683 7.48774 7.48703 7.48690 7.47693 7.45463 7.42462 7.40551 7.33785 7.24694 6.31577 6.32469 6.25631 6.79947 6.74700 6.19463 6.88445 7.40266 7.44867 7.46997 7.46765 7.50094 7.50015 7.48454 7.48475 7.47691 7.45275 7.44373 7.46632 7.47623 7.49119 7.49293 7.48706 7.46999 7.46110 7.46080 7.44925 7.44364 7.44701 7.43562 7.44780 7.45729 7.44378 7.44441 7.44031 7.43112 7.43848
6.80669 6.93023 6.54124 6.79527 7.13006 7.15399 7.17986 7.08859 6.86329 6.65961 6.64529 6.79237 6.98831 7.23293 7.33559 7.39462 7.40302 7.41384 7.40917 7.43774 7.45140 7.42237 7.41100 7.42275 7.44266 7.43553 7.43699 7.43686 7.34931 6.68823 6.14489 6.35582 6.91213 7.23092 7.00925 7.32113 7.42606 7.43664 7.47176 7.49967 7.50260 7.49591 7.49387 7.48960 7.47639 7.43447 7.41019 7.44735 7.47359 7.48772 7.48846 7.47936 7.46272 7.45448 7.45877 7.45424 7.44880 7.44169 7.44344 7.45553 7.44885 7.44178 7.44324 7.43687 7.43167 7.44896
6.33420 6.28914 6.40047 6.39637 6.74421 6.79276 6.98320 6.85577 6.69564 6.36600 6.21487 6.52656 6.52607 6.99883 7.34016 7.34993 7.27226 7.29906 7.34688 7.42859 7.41096 7.29635 7.32253 7.32986 7.44112 7.44245 7.43828 7.45460 7.42927 7.30876 6.69772 6.45249 6.64472 7.07529 7.35779 7.42143 7.44562 7.43890 7.44836 7.48372 7.49329 7.49877 7.50119 7.49202 7.46711 7.42870 7.41162 7.40316 7.43448 7.44656 7.46076 7.46491 7.45515 7.45406 7.46696 7.46226 7.45524 7.44332 7.43295 7.42600 7.43643 7.44856 7.46127 7.44797 7.44181 7.45108
7.03781 6.89690 6.60234 6.69025 6.50819 6.49916 6.09777 6.52631 6.70307 6.29298 6.04620 6.19971 6.07003 6.25969 7.02086 7.13928 6.66363 6.74623 7.16308 7.26203 7.32137 7.34109 7.16788 7.29228 7.43494 7.43793 7.41964 7.45419 7.44898 7.44863 7.32040 6.88099 7.13207 6.95150 7.37327 7.44934 7.43307 7.41505 7.44405 7.46128 7.49110 7.50321 7.50010 7.49698 7.47031 7.45660 7.41178 7.38073 7.38856 7.42824 7.40893 7.44690 7.45895 7.46360 7.46729 7.46862 7.47347 7.45784 7.43472 7.40734 7.43556 7.43438 7.44937 7.43746 7.44123 7.44963
7.36809 7.29548 7.24779 7.23701 6.86341 6.14806 6.35470 6.18581 6.85750 6.49850 6.10123 6.01655 5.98789 6.05115 6.42919 6.67929 6.66976 6.59826 6.85670 7.20167 7.31180 7.38286 7.27069 7.41091 7.45030 7.43767 7.40969 7.43013 7.42440 7.45947 7.43076 7.23024 7.12787 7.34281 7.44541 7.45087 7.43463 7.42792 7.42528 7.45552 7.49287 7.50078 7.49266 7.49261 7.48008 7.46428 7.42026 7.38884 7.42811 7.41816 7.43313 7.41255 7.43438 7.43119 7.43686 7.44992 7.45642 7.45184 7.43994 7.40617 7.42458 7.39988 7.39081 7.40885 7.41624 7.42115
7.41589 7.38620 7.41689 7.41604 7.32712 7.07921 6.50953 6.64424 6.94275 6.63095 6.64442 6.83037 6.75052 6.36744 6.12434 6.31450 6.61752 6.58861 7.01173 7.31964 7.21359 7.34878 7.21186 7.44279 7.48011 7.40341 7.36671 7.37548 7.42519 7.46510 7.28340 6.72297 7.16580 7.43527 7.45918 7.44607 7.44819 7.42996 7.42726 7.47420 7.49564 7.49595 7.48318 7.47439 7.48203 7.47272 7.46418 7.45765 7.43592 7.41685 7.42947 7.42245 7.41441 7.41379 7.37650 7.41285 7.42255 7.42796 7.43657 7.39885 7.39712 7.40977 7.35194 7.31283 7.29720 7.23654
7.41355 7.40120 7.45598 7.49694 7.46346 7.40678 7.19494 7.03603 7.04736 6.70928 6.41270 6.25488 6.12352 6.08621 6.15292 6.20470 6.22198 6.56787 7.27159 7.40151 7.40175 7.31543 7.40170 7.46034 7.48622 7.44628 7.42002 7.37631 7.37100 7.36450 6.65578 6.78217 6.50419 7.33200 7.41835 7.40351 7.39809 7.42759 7.43988 7.48544 7.49820 7.49520 7.48821 7.47428 7.48602 7.45880 7.45889 7.45149 7.45721 7.45895 7.42329 7.42287 7.44053 7.41889 7.38451 7.40759 7.41514 7.42702 7.43469 7.41344 7.38860 7.41468 7.39484 7.27708 7.26702 7.11350
7.39897 7.38034 7.45712 7.51908 7.47091 7.35610 7.23884 7.25582 7.27909 7.28742 7.28588 7.16605 7.04013 6.93629 6.93453 6.64980 6.41223 6.77924 7.27592 7.41486 7.46743 7.46296 7.44560 7.43914 7.46438 7.48713 7.42794 7.17425 7.10818 7.20953 7.01915 6.29245 6.48622 7.03061 7.19072 7.30015 7.14715 7.28562 7.40052 7.47511 7.48998 7.49202 7.48532 7.47157 7.46096 7.38468 7.36149 7.44541 7.46906 7.46787 7.45008 7.45166 7.44152 7.37434 7.33148 7.38523 7.37306 7.40356 7.41907 7.41468 7.37998 7.39325 7.37299 7.35568 7.31352 7.19229
7.35677 7.31760 7.41689 7.49573 7.38345 7.15023 7.06286 7.06573 7.01402 7.20120 7.39348 7.36695 7.24154 7.07725 6.89394 6.72902 6.79044 7.14003 7.31406 7.40949 7.47949 7.48404 7.45129 7.41543 7.44933 7.47996 7.37030 7.18197 7.30878 7.16215 7.13491 6.67826 6.73512 5.97827 5.96172 6.90154 7.17341 6.87175 7.08296 7.37994 7.46476 7.48093 7.46779 7.43616 7.37861 7.33081 7.29192 7.36821 7.44302 7.46040 7.46215 7.45324 7.43498 7.36347 7.38502 7.38230 7.37656 7.37765 7.41080 7.36733 7.38601 7.34791 7.36255 7.32155 7.34596 7.36671
7.13899 7.18305 7.33777 7.42315 7.17936 6.81546 6.89324 6.96420 6.65046 6.76515 7.17595 7.26455 7.12180 6.87779 6.68524 6.69519 6.92790 7.22267 7.34012 7.43393 7.48504 7.44956 7.42607 7.41410 7.43616 7.49074 7.46990 7.34526 7.23614 7.20121 7.34653 7.11225 5.94320 5.76355 5.73051 6.11616 6.74169 7.01652 7.22090 7.16988 7.30345 7.43694 7.38072 7.20551 7.27989 7.23234 7.32905 7.39163 7.44389 7.45139 7.45340 7.41769 7.39075 7.38305 7.39029 7.39320 7.31702 7.30870 7.37354 7.30817 7.31307 7.33060 7.33253 7.29203 7.34602 7.39895
6.75238 6.96305 7.18160 7.23796 6.89290 6.44763 6.34469 6.34556 6.05083 6.25452 6.77974 6.99906 6.92289 6.77425 6.76101 6.88862 7.07711 7.23152 7.31922 7.37840 7.42516 7.43187 7.42657 7.39942 7.44076 7.44539 7.46358 7.42515 7.36296 7.38486 7.43003 7.35480 6.76407 5.90584 5.88359 6.96109 7.24448 7.22070 7.04088 7.00279 6.65741 7.13554 7.00423 6.23610 6.92074 7.23485 7.29699 7.38934 7.43315 7.44439 7.42755 7.40112 7.38194 7.41657 7.38589 7.40219 7.35460 7.32974 7.34161 7.21661 7.16011 7.25012 7.31796 7.33179 7.34372 7.32988
6.58453 6.81392 6.99038 6.96157 6.62228 6.19180 5.90469 5.76376 5.77195 6.12553 6.67157 6.96105 7.03325 7.09721 7.20158 7.28605 7.33706 7.37786 7.41212 7.42939 7.43090 7.41438 7.41359 7.43029 7.42007 7.43084 7.45156 7.41764 7.43935 7.43503 7.44611 7.40380 7.36581 7.21852 7.19867 7.31625 7.28304 7.34849 7.21892 6.54922 6.80064 6.29282 6.08562 6.29270 5.82794 6.96746 7.07473 7.34310 7.41502 7.43011 7.42089 7.44117 7.42598 7.38549 7.41378 7.42689 7.36595 7.30576 7.27579 7.08469 7.03796 7.27186 7.37635 7.39711 7.39705 7.35515
6.70631 6.83890 6.92103 6.82596 6.55667 6.24310 5.99296 5.88231 6.05847 6.53818 6.97715 7.22491 7.32612 7.37743 7.40425 7.42828 7.42616 7.40152 7.39833 7.44708 7.48851 7.47435 7.43310 7.43936 7.45240 7.45504 7.47433 7.46039 7.46231 7.47294 7.45096 7.43382 7.44867 7.43414 7.37753 7.36682 7.27607 7.35929 7.40942 7.25134 6.66612 7.08281 7.04544 6.09936 5.72553 6.62402 5.91116 6.59075 7.24944 7.35869 7.41268 7.44850 7.44312 7.42915 7.42591 7.40603 7.38449 7.33434 7.27037 7.13424 7.29191 7.38255 7.40746 7.42104 7.41928 7.39063
6.99446 6.99591 7.01081 6.96289 6.84864 6.72790 6.66857 6.73775 7.03873 7.20246 7.28642 7.38986 7.44354 7.43768 7.43337 7.43855 7.41995 7.36769 7.34553 7.38501 7.45684 7.48895 7.47395 7.45408 7.46465 7.44823 7.43956 7.43819 7.47227 7.48384 7.47096 7.47133 7.47551 7.45099 7.38310 7.32422 7.28213 7.35202 7.42857 7.41044 7.29881 7.33464 6.92681 5.88907 6.20419 7.00735 6.00506 5.80680 6.62462 7.12903 7.34148 7.42307 7.43607 7.41025 7.38308 7.38270 7.35136 7.28699 7.29622 7.32989 7.38379 7.40206 7.41615 7.42435 7.42919 7.41951
7.29738 7.26358 7.25715 7.27321 7.27154 7.25480 7.29279 7.34449 7.40693 7.42870 7.41741 7.42951 7.45369 7.45600 7.46426 7.47318 7.46554 7.45076 7.44479 7.41168 7.44146 7.48811 7.48258 7.44012 7.42901 7.42614 7.44882 7.41894 7.44449 7.45800 7.44929 7.46375 7.48026 7.46858 7.39091 7.26953 7.27640 7.30325 7.40831 7.43054 7.41334 7.34523 7.22643 6.38937 5.91031 6.45453 5.84927 5.99603 6.45520 6.93769 6.90310 7.30892 7.41059 7.40720 7.36236 7.33439 7.37122 7.35374 7.34188 7.33020 7.38452 7.40755 7.42044 7.41967 7.41805 7.42001
7.44460 7.42567 7.42115 7.43566 7.42937 7.39589 7.40269 7.43307 7.47117 7.48381 7.45763 7.43536 7.44611 7.46188 7.48583 7.50205 7.49177 7.47816 7.47822 7.44022 7.42108 7.44495 7.44664 7.40919 7.35943 7.38827 7.44948 7.44628 7.44343 7.45209 7.44080 7.45171 7.46440 7.44046 7.32188 7.18655 7.06362 7.18986 7.39814 7.37877 7.32437 7.31615 7.21622 7.12458 7.13198 7.14761 6.41616 6.24606 6.76389 6.24527 5.87912 6.76118 7.31921 7.32983 7.31567 7.33814 7.35915 7.32929 7.32339 7.34341 7.39009 7.41361 7.41491 7.40235 7.39963 7.41605
7.48468 7.44655 7.43581 7.46894 7.47178 7.42617 7.43281 7.45359 7.47861 7.49769 7.47588 7.44627 7.44305 7.45717 7.47433 7.45220 7.43387 7.42700 7.44930 7.43424 7.38304 7.39911 7.45377 7.46062 7.41052 7.35751 7.38138 7.40983 7.42698 7.44000 7.44617 7.45332 7.46361 7.45141 7.40558 7.34863 7.26005 7.36553 7.42769 7.42087 7.36378 7.32377 7.31631 7.33815 7.38768 7.31602 6.60877 5.87708 6.76661 6.29699 5.96113 5.87006 6.92477 6.90356 6.86075 7.23975 7.31437 7.34341 7.32879 7.35099 7.37009 7.41469 7.41258 7.39937 7.41220 7.39673
7.47673 7.43893 7.43789 7.45660 7.48472 7.43890 7.43633 7.47156 7.47457 7.49315 7.49362 7.47483 7.45570 7.44391 7.43250 7.41180 7.43826 7.43243 7.42433 7.43162 7.38826 7.41470 7.48332 7.50268 7.47492 7.39297 7.27435 7.26777 7.37329 7.41982 7.45481 7.45111 7.43124 7.42192 7.38249 7.39770 7.36765 7.41062 7.42798 7.42847 7.42593 7.40288 7.39454 7.40414 7.40984 7.24544 5.94818 5.71950 5.84687 6.60253 6.09360 6.26820 6.59722 6.70906 6.49723 6.79157 7.29223 7.32387 7.29404 7.32692 7.37219 7.40545 7.39536 7.37957 7.39718 7.39549
7.48553 7.46366 7.45036 7.46235 7.48179 7.42900 7.41933 7.46508 7.47106 7.48572 7.50495 7.50620 7.48791 7.46364 7.44902 7.46817 7.50173 7.49609 7.47024 7.46917 7.43671 7.42057 7.43801 7.43333 7.40710 7.30290 7.12101 7.24487 7.37494 7.42483 7.45037 7.44540 7.42316 7.38489 7.36204 7.35528 7.40410 7.43515 7.43998 7.44229 7.40617 7.38990 7.38285 7.42514 7.41950 7.36485 6.91675 5.82054 5.98301 6.78527 6.91112 6.90765 5.90943 6.39918 6.77708 6.66577 7.23509 7.30837 7.30311 7.25849 7.32868 7.37014 7.36616 7.36751 7.38199 7.38107
7.50825 7.48700 7.47131 7.48615 7.47037 7.38755 7.37241 7.44149 7.45985 7.47614 7.49810 7.51750 7.51817 7.50764 7.50422 7.51826 7.52705 7.52220 7.50921 7.50387 7.47310 7.41472 7.34760 7.30027 7.30529 7.29466 7.24129 7.33213 7.36754 7.41313 7.41716 7.43866 7.42579 7.37243 7.37537 7.41595 7.43427 7.43838 7.44491 7.43181 7.39499 7.35703 7.37494 7.42444 7.42611 7.39264 7.31869 7.09546 6.94445 6.30371 6.67077 6.70039 5.82328 5.80850 6.27775 6.31651 6.87115 7.22252 7.27647 7.24161 7.32314 7.36823 7.37622 7.36766 7.37665 7.37950
7.52106 7.51222 7.50209 7.49925 7.45304 7.32818 7.34445 7.44133 7.45705 7.46897 7.48030 7.50133 7.52199 7.52959 7.52911 7.52684 7.51903 7.50464 7.49483 7.49701 7.48090 7.43106 7.36955 7.34337 7.34107 7.37436 7.34732 7.37095 7.40873 7.40699 7.42792 7.42863 7.40899 7.37734 7.41085 7.42973 7.43777 7.43768 7.43617 7.40847 7.38233 7.38869 7.39191 7.39937 7.42131 7.40320 7.34922 7.34622 7.25578 6.89760 5.96933 5.81581 5.78324 5.72207 6.24497 6.47294 6.22483 6.88328 7.20723 7.25996 7.30817 7.29853 7.32277 7.34046 7.32169 7.35686
7.51614 7.51046 7.50017 7.48932 7.43418 7.31907 7.36002 7.44654 7.46510 7.46827 7.46133 7.47192 7.49947 7.51530 7.50998 7.49340 7.47479 7.46375 7.47286 7.48862 7.48774 7.46255 7.43267 7.43453 7.41242 7.41549 7.39626 7.38396 7.42840 7.43025 7.42262 7.39327 7.36725 7.37842 7.41063 7.41704 7.41034 7.42095 7.42400 7.41216 7.36380 7.38358 7.37065 7.41432 7.41875 7.39343 7.34705 7.33996 7.27339 7.13386 6.64565 6.03583 5.76267 6.08345 6.61178 6.48912 6.50011 6.41755 7.02264 7.28807 7.32670 7.28592 7.27049 7.30290 7.34632 7.33613
7.50616 7.49201 7.47820 7.46763 7.41390 7.33833 7.39271 7.45700 7.46305 7.43812 7.42429 7.44064 7.47287 7.48709 7.46930 7.44275 7.42782 7.43568 7.45872 7.48089 7.49156 7.48264 7.45348 7.44730 7.44646 7.44337 7.41588 7.39760 7.43232 7.43280 7.39828 7.37207 7.31223 7.31301 7.37170 7.38320 7.39064 7.39921 7.41235 7.40705 7.38698 7.37793 7.39313 7.41711 7.41471 7.39667 7.28192 7.24263 7.20375 7.03729 6.83302 6.70805 6.18820 6.30204 6.98319 6.93207 6.62319 6.42777 6.66227 7.06575 7.20006 7.23579 7.27048 7.33020 7.35934 7.31670
7.47201 7.42486 7.41256 7.42928 7.39558 7.33446 7.37573 7.42253 7.41770 7.39386 7.37642 7.40022 7.45815 7.46895 7.44209 7.42125 7.41813 7.42869 7.44139 7.46176 7.48417 7.48829 7.46324 7.44908 7.44816 7.44346 7.40970 7.39417 7.42870 7.42528 7.39228 7.35907 7.27605 7.27661 7.32768 7.34934 7.37691 7.36661 7.39127 7.40977 7.39530 7.35043 7.36569 7.40654 7.42020 7.40576 7.34444 7.22912 7.08686 6.80737 6.42433 6.82676 6.82507 6.67189 7.08551 7.10980 6.61803 6.42264 6.61608 6.50973 6.77603 7.07231 7.23401 7.30501 7.34066 7.30662
