mrvbf_slope0.6_pctl1.2.asc
NCOLS 410
NROWS 410
XLLCORNER 2398750.0000000000000000
YLLCORNER 2548750.0000000000000000
CELLSIZE 250.0000000000000000
NODATA_VALUE -99999.00000
[rows 29 to 57 of 410, columns 132 to 197 of 410]
6.78070 6.74530 6.72559 6.67435 6.73648 6.75068 6.73923 6.61081 6.51698 6.59273 6.60215 6.60699 6.59842 6.69792 6.71792 6.56840 6.44713 6.57613 6.64187 6.60346 6.69891 6.82808 6.80342 6.85499 6.83236 6.82809 6.84665 6.86600 6.82203 6.80311 6.79054 6.72931 6.62382 6.53401 6.60222 6.57429 6.44794 6.54491 6.54444 6.46078 5.96455 5.63758 5.33262 5.47606 5.39071 5.64767 5.68776 5.62484 5.72525 5.66783 5.55628 4.64541 5.67062 6.23660 6.39711 6.50167 6.45180 6.45336 6.47914 6.57563 6.62310 6.58922 6.50532 6.42621 -99999.00000 -99999.00000
6.68090 6.70654 6.68162 6.64820 6.69043 6.67687 6.69293 6.65933 6.64340 6.66347 6.67138 6.66915 6.63986 6.72944 6.78933 6.67125 6.60518 6.68710 6.58323 6.39725 6.53233 6.75347 6.87249 6.81406 6.75986 6.73124 6.69616 6.68985 6.62587 6.65296 6.72226 6.68671 6.67538 6.61262 6.62812 6.53099 6.30626 6.40834 6.52633 6.54925 6.45439 5.96007 5.59488 5.12192 5.44923 5.68792 5.76681 5.68087 5.62388 5.57265 4.94516 5.17695 5.69544 6.20010 6.44940 6.53300 6.51744 6.48977 6.54141 6.60787 6.60256 6.56269 6.44985 6.39878 6.34164 -99999.00000
6.69752 6.67222 6.77121 6.70079 6.66003 6.65557 6.69203 6.67701 6.71103 6.72719 6.67736 6.64641 6.65579 6.72196 6.74750 6.79769 6.75002 6.66554 6.46994 6.44303 6.38351 6.63752 6.78951 6.67898 6.55535 6.64428 6.64062 6.60434 6.61634 6.59635 6.66982 6.70582 6.62943 6.63505 6.56849 6.41461 6.40388 6.25531 6.51036 6.57319 6.56286 6.46686 5.95113 5.63300 5.63218 5.83263 5.80167 5.74901 5.58837 5.61281 5.39591 5.67381 5.99141 6.30232 6.50948 6.58659 6.58560 6.58468 6.65415 6.65386 6.58656 6.51555 6.42030 6.25682 6.34827 6.20793
6.68772 6.76085 6.84984 6.76655 6.70120 6.72333 6.72083 6.66626 6.67458 6.73932 6.67954 6.68690 6.70150 6.76288 6.71675 6.68861 6.67533 6.72733 6.58602 6.41648 6.55548 6.75063 6.70183 6.52984 6.36418 6.47755 6.59789 6.59066 6.61596 6.63292 6.65934 6.64009 6.57160 6.54932 6.58073 6.47750 6.43440 6.46769 6.56705 6.56857 6.56501 6.54620 6.45329 6.24055 6.25582 6.40910 6.31403 5.99247 5.80055 5.66877 5.86057 6.35750 6.37048 6.44725 6.52765 6.55672 6.63047 6.67241 6.68219 6.63696 6.60163 6.52043 6.24186 5.89379 6.00169 5.92180
6.73161 6.77930 6.85328 6.85178 6.76827 6.80804 6.70432 6.66472 6.68346 6.74666 6.70061 6.69754 6.74604 6.71346 6.69369 6.63876 6.64000 6.62486 6.60860 6.55354 6.63121 6.73624 6.62483 6.38341 6.28055 6.03921 6.40798 6.47838 6.47170 6.52621 6.59880 6.59277 6.55347 6.51814 6.53708 6.50376 6.50776 6.48863 6.57716 6.58555 6.55628 6.54803 6.51417 6.54091 6.53447 6.51953 6.51907 6.47402 6.45562 6.32065 6.47815 6.56198 6.54643 6.59345 6.61006 6.56592 6.58390 6.61185 6.60787 6.58438 6.56580 6.46680 6.13938 6.15452 5.88436 5.80124
6.79273 6.76486 6.75086 6.80758 6.74326 6.72630 6.71445 6.64731 6.64890 6.67508 6.67419 6.75823 6.75967 6.74189 6.71243 6.69304 6.62092 6.57121 6.57135 6.55133 6.57097 6.64821 6.58314 6.38025 6.13829 6.19292 6.09514 6.27490 6.43669 6.46546 6.59937 6.63466 6.54932 6.58184 6.57926 6.56679 6.50274 6.53769 6.59581 6.57523 6.58549 6.59166 6.59036 6.57319 6.54319 6.55703 6.57396 6.58379 6.57296 6.53775 6.54986 6.59669 6.63065 6.67094 6.65564 6.62005 6.62585 6.62538 6.59547 6.55059 6.56351 6.56104 6.45451 6.21568 6.29702 5.97203
6.74011 6.76807 6.79133 6.76438 6.69906 6.67548 6.75204 6.74582 6.64184 6.61740 6.62833 6.68343 6.69155 6.67799 6.65081 6.68051 6.65807 6.62859 6.57118 6.53353 6.57078 6.54780 6.48509 6.47211 6.44504 6.30598 6.44960 6.39964 6.43737 6.48268 6.57936 6.61457 6.56744 6.52617 6.57229 6.58518 6.53754 6.57730 6.58948 6.57717 6.56959 6.56816 6.55895 6.57546 6.60247 6.60328 6.58967 6.59880 6.60549 6.58300 6.60315 6.63268 6.66356 6.70945 6.68305 6.63490 6.62827 6.61211 6.57197 6.53439 6.57885 6.60086 6.53240 6.45344 6.50771 6.38605
6.59579 6.65378 6.68064 6.69293 6.70190 6.67939 6.70204 6.74764 6.73187 6.61404 6.62549 6.60671 6.63332 6.63640 6.63476 6.63755 6.65588 6.66323 6.68544 6.60760 6.56531 6.58774 6.55050 6.48453 6.50554 6.49831 6.52893 6.44500 6.47172 6.52285 6.57777 6.61970 6.52571 6.41819 6.51437 6.55015 6.55285 6.54599 6.56962 6.55860 6.54550 6.57434 6.59052 6.57579 6.61276 6.60981 6.60504 6.59042 6.59040 6.63924 6.61467 6.63280 6.64104 6.65007 6.65959 6.65066 6.63011 6.58597 6.54018 6.54799 6.53723 6.54494 6.51982 6.51898 6.55355 6.51249
6.44518 6.56167 6.62394 6.65727 6.69517 6.71591 6.69815 6.70836 6.79893 6.73158 6.64719 6.66690 6.69183 6.68327 6.60349 6.59138 6.61537 6.60925 6.67012 6.60887 6.59789 6.60781 6.61432 6.60645 6.57303 6.54000 6.53524 6.54514 6.56321 6.53240 6.60183 6.55720 6.41263 6.37825 6.33523 6.54527 6.57155 6.54870 6.56360 6.55304 6.53773 6.56681 6.57234 6.55182 6.54802 6.58562 6.60704 6.62005 6.58896 6.62381 6.57813 6.58148 6.60076 6.62998 6.60438 6.59404 6.56971 6.54845 6.54138 6.54924 6.57219 6.60036 6.57409 6.52947 6.54495 6.52541
6.34979 6.53823 6.59421 6.64924 6.68220 6.74102 6.71977 6.67019 6.73818 6.79084 6.75891 6.71383 6.74801 6.71958 6.67698 6.61957 6.59024 6.60674 6.66050 6.63571 6.59487 6.56538 6.57169 6.58849 6.56562 6.53505 6.52728 6.60571 6.65566 6.60455 6.59145 6.58287 6.49353 6.41264 6.45455 6.57557 6.58723 6.57342 6.57431 6.57136 6.54595 6.54163 6.55221 6.54508 6.49881 6.50361 6.56435 6.59081 6.56406 6.56895 6.48821 6.42363 6.51640 6.57362 6.57750 6.55356 6.41926 6.33590 6.45737 6.52347 6.54746 6.56941 6.59543 6.59967 6.58013 6.55138
6.45573 6.44641 6.59478 6.66633 6.68875 6.73487 6.68933 6.67731 6.69015 6.74870 6.76000 6.75109 6.71707 6.72782 6.76754 6.69279 6.65721 6.64946 6.64766 6.67902 6.64244 6.59236 6.55911 6.54431 6.55924 6.58262 6.56571 6.59670 6.67277 6.60966 6.57137 6.61065 6.58891 6.55732 6.56042 6.60234 6.62078 6.60917 6.60822 6.59775 6.59625 6.56415 6.58047 6.57895 6.53311 6.49027 6.51977 6.58382 6.56453 6.53282 6.31440 6.36846 6.34596 6.51866 6.57681 6.49791 6.17524 6.20372 6.36975 6.50027 6.53078 6.56092 6.58146 6.56720 6.59327 6.57448
6.31558 6.39825 6.58395 6.67494 6.68447 6.71757 6.70070 6.72748 6.72425 6.72730 6.74270 6.72384 6.73345 6.77012 6.76174 6.79746 6.77786 6.72805 6.73772 6.79105 6.70740 6.65070 6.57528 6.56044 6.56969 6.58276 6.60534 6.57087 6.58171 6.54039 6.54833 6.52260 6.50652 6.54262 6.52805 6.60377 6.60263 6.61128 6.65840 6.64626 6.61810 6.59761 6.59179 6.55309 6.54893 6.53759 6.52935 6.57247 6.53220 6.50403 6.30290 6.20668 6.32929 6.50789 6.55418 6.41661 6.31492 6.24836 6.40810 6.53300 6.56208 6.56221 6.58496 6.54202 6.54738 6.58142
6.30207 5.88859 6.29240 6.56780 6.64434 6.71133 6.71482 6.74254 6.74618 6.74511 6.75997 6.72013 6.74086 6.74771 6.79995 6.81307 6.84140 6.71838 6.69367 6.72229 6.67448 6.66661 6.56256 6.56799 6.54024 6.60100 6.59142 6.53099 6.52571 6.51234 6.47556 6.47821 6.46313 6.56145 6.55232 6.51752 6.53165 6.58747 6.62902 6.66200 6.62645 6.56550 6.58475 6.56122 6.55211 6.59042 6.55877 6.55701 6.50906 6.42227 5.97246 6.07903 6.05414 6.49051 6.58474 6.50990 6.38264 6.45546 6.56647 6.59435 6.56182 6.54248 6.56635 6.56461 6.54747 6.55552
5.96242 5.98610 5.78498 6.33626 6.56173 6.62225 6.67639 6.69793 6.80020 6.81424 6.70659 6.70826 6.75929 6.75075 6.72619 6.80555 6.83899 6.69676 6.65478 6.66541 6.73508 6.66836 6.56473 6.52217 6.56559 6.62521 6.56793 6.53634 6.55115 6.60045 6.56141 6.49128 6.49055 6.57316 6.55487 6.48949 6.50163 6.54339 6.58032 6.62124 6.58562 6.55687 6.57765 6.53724 6.55604 6.60536 6.57481 6.50694 6.46271 6.42480 6.22744 5.95321 6.34785 6.53716 6.59276 6.58296 6.55093 6.59157 6.62911 6.62028 6.56932 6.56545 6.58725 6.57230 6.54434 6.50955
6.37543 5.85584 6.07451 6.06209 6.46191 6.60728 6.63482 6.70938 6.75838 6.78102 6.71774 6.69751 6.65907 6.63300 6.64888 6.71648 6.64396 6.47869 6.47754 6.59293 6.64332 6.59843 6.57219 6.55915 6.59842 6.59627 6.58805 6.55069 6.54909 6.56607 6.57961 6.58326 6.58160 6.58900 6.60541 6.52615 6.50515 6.54461 6.60308 6.59059 6.55845 6.51878 6.51172 6.50259 6.44926 6.52335 6.58257 6.49300 6.45948 6.44714 6.43775 6.44332 6.53948 6.55407 6.58530 6.59256 6.61913 6.64036 6.61990 6.60326 6.57506 6.57497 6.54063 6.50318 6.49431 6.48950
6.61076 6.40875 6.13014 6.26559 6.46982 6.58807 6.68299 6.68906 6.69265 6.73211 6.68300 6.63356 6.56436 6.48554 6.54916 6.56355 6.29637 5.74342 5.77379 6.30379 6.52765 6.58955 6.56376 6.59652 6.59841 6.59368 6.58314 6.59196 6.53711 6.53684 6.53001 6.56266 6.61051 6.62464 6.62756 6.59116 6.53458 6.54565 6.55332 6.58824 6.53177 6.50566 6.50601 6.47246 6.41595 6.41956 6.52217 6.49684 6.47311 6.46954 6.49951 6.51094 6.57053 6.54801 6.53917 6.58052 6.63067 6.60176 6.61131 6.62580 6.61308 6.56517 6.52105 6.49674 6.45068 6.46160
6.68474 6.55701 6.25733 5.91287 6.27184 6.58660 6.68081 6.66187 6.67278 6.64903 6.58015 6.38079 6.20340 5.98893 6.35810 6.40066 5.79397 5.68286 5.67110 5.81351 6.36402 6.52884 6.58865 6.64703 6.61926 6.60440 6.60459 6.62717 6.54201 6.57931 6.54421 6.53611 6.58474 6.58454 6.59429 6.60916 6.58172 6.53454 6.56180 6.58638 6.51573 6.46410 6.50518 6.47461 6.34620 6.40984 6.48493 6.46066 6.48441 6.52564 6.53624 6.51141 6.56669 6.53729 6.55079 6.58757 6.62515 6.61679 6.59194 6.65580 6.68265 6.63853 6.57472 6.52343 6.47364 6.50871
6.57724 6.28051 5.81455 5.90078 5.80571 6.42108 6.63883 6.69834 6.64195 6.59708 6.23637 5.74617 5.74295 5.96630 5.99522 6.46933 6.25045 5.72017 5.73492 6.21568 6.39743 6.51020 6.60266 6.61308 6.62902 6.62185 6.61456 6.59751 6.54105 6.54653 6.57143 6.50890 6.51958 6.56291 6.56698 6.62753 6.60862 6.55757 6.54581 6.52993 6.50507 6.39222 6.50098 6.54387 6.44956 6.49495 6.52036 6.50746 6.53455 6.53746 6.51337 6.49361 6.54110 6.54174 6.55028 6.56410 6.60088 6.62017 6.63387 6.68773 6.71492 6.67004 6.61976 6.57050 6.49290 6.49897
6.19025 5.77989 5.82575 5.76901 6.14154 6.42988 6.55916 6.67695 6.69779 6.46690 5.76704 5.77294 5.70135 5.81839 6.36938 6.57446 6.55551 6.38902 6.32550 6.23013 6.38481 6.46600 6.57416 6.60674 6.60807 6.64090 6.64463 6.60265 6.57265 6.54101 6.53126 6.51181 6.52161 6.53126 6.58753 6.59938 6.59788 6.50937 6.47228 6.46246 6.40709 6.34885 6.34468 6.52082 6.53553 6.56292 6.54838 6.56307 6.58601 6.53637 6.50823 6.51701 6.50972 6.56347 6.53125 6.52517 6.58786 6.63654 6.65477 6.66327 6.65210 6.65335 6.64172 6.59915 6.48144 6.43590
5.74894 5.72262 5.73006 6.07977 6.37705 6.47678 6.47219 6.62056 6.61742 6.32156 5.75958 5.69923 5.95365 6.36115 6.57265 6.64218 6.66417 6.58727 6.39868 5.96871 6.17285 6.53009 6.60714 6.57517 6.61064 6.65478 6.63940 6.64736 6.59703 6.57776 6.55408 6.52271 6.52226 6.56909 6.58263 6.57881 6.54756 6.47592 6.43436 6.43971 6.42592 6.28078 6.39036 6.56292 6.60977 6.56890 6.61628 6.58489 6.56994 6.55543 6.51867 6.47250 6.48992 6.55233 6.56075 6.51057 6.52927 6.60305 6.61134 6.58147 6.57967 6.62095 6.59651 6.52697 6.44373 6.40488
5.87238 5.71720 5.76389 6.36666 6.45528 6.41719 6.45157 6.54717 6.45921 5.93818 5.98599 5.77455 6.25153 6.55459 6.61741 6.65860 6.64640 6.52865 6.18234 6.24723 6.13103 6.52142 6.57337 6.53929 6.53765 6.55925 6.54118 6.56258 6.56151 6.57171 6.58900 6.56614 6.51451 6.54484 6.56802 6.57872 6.49032 6.47936 6.46862 6.48523 6.47586 6.40473 6.43656 6.55546 6.59958 6.63574 6.63746 6.52055 6.41969 6.47261 6.47691 6.46075 6.48205 6.51036 6.52912 6.52577 6.49435 6.53943 6.55835 6.51367 6.48399 6.52562 6.53276 6.44698 6.42773 6.39025
6.21773 5.80153 6.12076 6.30379 6.40716 6.38390 6.32827 6.42509 6.41052 6.18031 5.90374 6.19491 6.45432 6.52710 6.60031 6.62374 6.59369 6.54514 6.41236 6.13202 6.31822 6.55819 6.52272 6.48286 6.33717 6.32719 6.45243 6.44014 6.39497 6.47989 6.45729 6.50825 6.49649 6.49889 6.53566 6.52808 6.50463 6.50375 6.50052 6.51934 6.49356 6.41768 6.32153 6.42270 6.49596 6.57677 6.58141 6.41559 6.39910 6.35748 6.47785 6.47180 6.48563 6.45669 6.49471 6.50699 6.45077 6.40631 6.46192 6.46408 6.45677 6.45874 6.49631 6.48355 6.43557 6.45057
6.16815 5.76374 5.83796 5.73307 5.93457 6.35677 6.35650 6.17136 6.30719 6.35912 6.37529 6.52809 6.53464 6.51486 6.55884 6.57663 6.52970 6.53129 6.49324 6.22292 5.90255 6.28349 6.30956 6.12765 5.69668 5.69296 6.04403 5.95339 5.79258 6.19279 6.05477 6.29582 6.44809 6.45044 6.51573 6.53512 6.52925 6.45821 6.51467 6.54941 6.42688 6.22060 6.32198 6.33739 6.47274 6.50545 6.56150 6.43432 6.29980 6.34468 6.49999 6.48357 6.39213 6.42061 6.53153 6.52600 6.41523 6.43334 6.40597 6.45535 6.46755 6.49416 6.50536 6.48943 6.44276 6.41889
5.77342 5.75908 5.94927 5.70839 5.68549 5.97822 5.98110 5.80695 6.22511 6.38554 6.50720 6.59730 6.56487 6.50783 6.49603 6.51097 6.52871 6.59006 6.49226 5.88538 5.93064 5.77164 5.77064 5.73849 5.59403 5.55375 5.68953 5.69805 5.76081 6.07152 6.09745 5.95770 6.40923 6.43884 6.41919 6.44957 6.45841 6.45815 6.51554 6.51736 6.47911 6.21268 6.13939 6.20634 6.36383 6.53286 6.58935 6.53357 6.41517 6.45056 6.48662 6.41718 6.32302 6.39232 6.44573 6.50251 6.49172 6.43720 6.44187 6.41017 6.42461 6.51674 6.51656 6.50935 6.47681 6.39089
6.02379 5.71189 5.71728 5.67130 5.66934 5.80436 5.72286 5.71356 5.81432 6.32912 6.52588 6.61108 6.61846 6.57186 6.53026 6.52499 6.48650 6.50102 6.53763 6.28723 5.78966 5.75504 5.93310 5.95673 5.60648 5.54818 5.66774 5.76727 5.72796 6.07751 5.93034 6.34198 6.53184 6.49682 6.42111 6.46973 6.47899 6.49974 6.54155 6.52645 6.53238 6.42246 6.33164 6.29150 6.44016 6.54532 6.57439 6.57810 6.52877 6.48709 6.47757 6.43775 6.41677 6.34960 6.33987 6.43042 6.50361 6.48975 6.40633 6.37543 6.34271 6.41668 6.51399 6.49809 6.47306 6.45985
6.33493 6.03592 5.84102 5.67306 5.75832 5.93026 5.82320 5.72162 5.81709 6.42530 6.57991 6.66007 6.65369 6.59034 6.51961 6.49384 6.49568 6.51161 6.50276 6.51943 6.36296 6.19709 5.89777 6.15064 5.71435 5.68240 5.99986 6.31773 6.26684 6.43753 6.41312 6.54196 6.54578 6.48817 6.50406 6.50723 6.53325 6.56625 6.55527 6.56772 6.54338 6.47303 6.44030 6.31476 6.38136 6.44100 6.47104 6.49392 6.52236 6.53951 6.53689 6.51436 6.47604 6.40846 6.44022 6.31232 6.38112 6.38643 6.32083 6.38733 6.39588 6.32547 6.44617 6.49200 6.51558 6.51129
6.29356 6.26131 6.17909 5.82938 5.72185 5.81659 5.77590 5.82696 6.27083 6.53857 6.58447 6.61447 6.63060 6.63538 6.56876 6.45789 6.42699 6.45049 6.48674 6.52988 6.52746 6.47713 6.34585 6.46461 6.33167 6.24993 6.38522 6.25183 6.50764 6.52226 6.39524 6.52283 6.53630 6.49407 6.50604 6.48310 6.52422 6.53686 6.58436 6.59454 6.55061 6.49364 6.33555 6.19853 6.41516 6.39196 6.31926 6.36008 6.49355 6.52334 6.45827 6.46846 6.52142 6.50152 6.38607 6.37213 6.40434 6.40851 6.37579 6.41323 6.33591 6.28600 6.35421 6.46517 6.52179 6.50765
6.44508 6.34177 6.34372 6.31222 6.15141 6.24990 6.23118 6.36182 6.48445 6.53661 6.54917 6.56196 6.61685 6.59574 6.58945 6.50304 6.47941 6.44989 6.50523 6.54298 6.53609 6.53641 6.48811 6.48601 6.47630 6.39125 5.95300 5.72366 6.03998 6.14117 5.81715 6.19825 6.47146 6.42774 6.47106 6.46396 6.44071 6.28512 6.49375 6.54990 6.53514 6.44035 6.26903 6.20021 6.20526 6.39107 6.28128 6.29956 6.31426 6.39781 6.38597 6.38833 6.44178 6.48064 6.42598 6.34731 6.28618 6.32096 6.35496 6.42274 6.35353 6.37382 6.37059 6.46998 6.49911 6.46841
6.48874 6.45512 6.45169 6.43755 6.39475 6.44530 6.49629 6.49875 6.50973 6.52962 6.52364 6.55069 6.58457 6.56349 6.53226 6.52611 6.47805 6.49447 6.53539 6.56033 6.54512 6.55100 6.52854 6.45037 6.43524 6.21612 5.71558 5.76021 5.69719 5.74611 5.88957 5.82069 6.18149 5.95360 6.23911 6.41761 6.05730 5.73238 6.03308 6.48089 6.51477 6.46667 6.17679 6.09939 6.18090 6.45060 6.27553 6.16886 6.37729 6.42235 6.38266 6.37713 6.36065 6.36656 6.39925 6.45660 6.41765 6.40354 6.47512 6.48178 6.44030 6.35449 6.40115 6.47937 6.42130 6.37990
