mrvbf_slope1_pctl1.3.asc
NCOLS 410
NROWS 410
XLLCORNER 2398750.0000000000000000
YLLCORNER 2548750.0000000000000000
CELLSIZE 250.0000000000000000
NODATA_VALUE -99999.00000
[rows 377 to 405 of 410, columns 330 to 395 of 410]
2.58490 2.81066 3.11863 3.43185 3.56862 3.63527 3.67375 3.70124 3.71688 3.64627 3.19567 3.48912 3.52686 3.54889 3.66987 3.77964 3.86718 3.94441 3.99812 4.03334 4.13649 4.25437 4.29079 4.31021 4.34664 4.39617 4.44937 4.50093 4.54868 4.59302 4.63187 4.65768 4.67491 4.69240 4.71353 4.73883 4.76867 4.80294 4.84201 4.88725 4.93982 5.00255 5.07570 5.14625 5.19747 5.22385 5.24604 5.27865 5.31754 5.35179 5.37043 5.37375 5.36470 5.33872 5.30242 5.26121 5.19819 5.14368 5.10377 5.05279 5.01206 4.97872 4.92015 4.80982 4.71992 4.67305
2.53078 2.78960 3.07479 3.40955 3.55896 3.63748 3.68089 3.71008 3.73371 3.73053 3.61600 3.55402 3.68626 3.58035 3.64400 3.75819 3.84725 3.92988 4.00090 4.03075 4.09871 4.19521 4.25594 4.28870 4.32369 4.36935 4.42201 4.47676 4.52914 4.57767 4.61919 4.64445 4.65939 4.67482 4.69442 4.71814 4.74566 4.77632 4.81016 4.84892 4.89448 4.95146 5.02482 5.10108 5.16124 5.19627 5.21404 5.23921 5.27557 5.30965 5.32908 5.33428 5.32660 5.30199 5.26775 5.22623 5.16297 5.11181 5.07754 5.03828 5.00597 4.95677 4.86662 4.74223 4.65563 4.61868
2.43730 2.74784 3.00809 3.38251 3.54693 3.63499 3.68396 3.71607 3.74064 3.74933 3.69686 3.65293 3.72877 3.64148 3.66183 3.75336 3.82913 3.90868 3.98498 4.00714 4.04711 4.12365 4.20126 4.25427 4.29529 4.33870 4.38976 4.44803 4.50718 4.56247 4.60816 4.63154 4.64396 4.65838 4.67801 4.70180 4.72834 4.75616 4.78497 4.81703 4.85521 4.90566 4.97650 5.05433 5.11667 5.15894 5.17971 5.20173 5.23691 5.27027 5.29020 5.29703 5.29088 5.26487 5.22875 5.17946 5.10455 5.03918 4.99144 4.94244 4.90712 4.87902 4.80676 4.69979 4.61725 4.61300
2.31973 2.69838 2.93587 3.34948 3.53333 3.62761 3.68292 3.71833 3.74459 3.75735 3.72604 3.69339 3.72838 3.68561 3.67811 3.75127 3.82399 3.89791 3.95913 3.97320 3.99831 4.05950 4.14222 4.21197 4.26143 4.30318 4.35054 4.41184 4.48046 4.54574 4.59677 4.61719 4.62786 4.64291 4.66452 4.69011 4.71676 4.74224 4.76609 4.79173 4.82303 4.86710 4.93328 5.00864 5.06780 5.10748 5.12794 5.15000 5.18753 5.22612 5.24800 5.25490 5.24922 5.22176 5.18063 5.12259 5.03362 4.95730 4.90860 4.86605 4.82649 4.80105 4.76177 4.68133 4.60495 4.61952
2.31708 2.66573 2.88959 3.31346 3.51977 3.61902 3.67836 3.71613 3.74415 3.76313 3.75425 3.72550 3.74006 3.73156 3.68660 3.74846 3.82650 3.88712 3.93293 3.94432 3.96155 4.01142 4.09313 4.17335 4.23019 4.26844 4.30552 4.36470 4.44482 4.52481 4.58150 4.59981 4.61133 4.62987 4.65570 4.68405 4.71128 4.73490 4.75354 4.77244 4.79730 4.83523 4.89411 4.96115 5.01196 5.04183 5.05510 5.07659 5.11521 5.15743 5.18909 5.20404 5.19746 5.17113 5.12144 5.04960 4.95599 4.88966 4.85457 4.83206 4.80147 4.76363 4.72734 4.67214 4.61097 4.62302
2.41424 2.71969 2.90061 3.28557 3.50669 3.61029 3.67077 3.70975 3.73927 3.75856 3.73785 3.68381 3.73742 3.75193 3.71687 3.75231 3.81005 3.87070 3.92276 3.93106 3.94057 3.98303 4.06402 4.15066 4.21142 4.24543 4.26410 4.30965 4.39726 4.49526 4.55793 4.58023 4.59743 4.62266 4.65328 4.68326 4.71087 4.73382 4.74774 4.75972 4.77884 4.80968 4.85569 4.90429 4.94028 4.96126 4.97340 4.99556 5.02799 5.06578 5.10842 5.14373 5.14674 5.11609 5.05414 4.96487 4.88889 4.84771 4.82807 4.81917 4.79882 4.75639 4.71001 4.65950 4.62572 4.64793
2.45665 2.73382 2.90768 3.26854 3.49454 3.60121 3.66074 3.70033 3.73161 3.73078 3.61638 3.56622 3.68883 3.72652 3.73758 3.77657 3.81704 3.87812 3.93578 3.93070 3.93100 3.97123 4.05903 4.15673 4.20629 4.23448 4.23931 4.26232 4.34402 4.45515 4.52964 4.56407 4.59014 4.62145 4.65432 4.68338 4.70943 4.73104 4.74279 4.75264 4.76793 4.78927 4.81781 4.84694 4.87039 4.88730 4.90349 4.92402 4.94389 4.96647 5.00660 5.06058 5.08770 5.05820 4.97825 4.89471 4.84424 4.82139 4.81344 4.80988 4.79302 4.75587 4.71093 4.66908 4.65845 4.69608
2.45811 2.73408 2.91387 3.25262 3.48170 3.59074 3.64891 3.68956 3.72361 3.70532 3.50873 3.61751 3.61976 3.72273 3.76166 3.78711 3.82684 3.90252 3.95542 3.92809 3.92473 3.97250 4.07817 4.19701 4.24543 4.24362 4.24082 4.24483 4.31164 4.42227 4.50856 4.55586 4.58860 4.62179 4.65332 4.67865 4.69928 4.71751 4.73335 4.74755 4.75855 4.76869 4.78347 4.80351 4.82211 4.83844 4.85738 4.87626 4.88731 4.89366 4.91737 4.96631 5.01293 4.99301 4.91134 4.84511 4.81441 4.80419 4.80474 4.80635 4.79378 4.76317 4.72669 4.69927 4.69358 4.71175
2.45796 2.74970 2.91505 3.22804 3.46685 3.57729 3.63588 3.67898 3.70622 3.65324 3.38260 3.42881 3.64531 3.71150 3.74640 3.78170 3.83506 3.92942 3.94640 3.90878 3.91655 3.98465 4.11504 4.24987 4.32549 4.30593 4.28028 4.26668 4.30921 4.41068 4.50146 4.55612 4.59160 4.62317 4.65019 4.66911 4.68300 4.69880 4.71857 4.73165 4.73752 4.74340 4.75562 4.77439 4.79476 4.81511 4.83695 4.85591 4.86416 4.86019 4.86235 4.88748 4.93135 4.92332 4.85549 4.81088 4.79650 4.79762 4.80656 4.81384 4.80541 4.77688 4.74612 4.72770 4.71980 4.71790
2.42987 2.75074 2.90596 3.19736 3.44894 3.56165 3.62272 3.66652 3.64952 3.45969 3.48482 3.40194 3.65314 3.71268 3.74905 3.80001 3.86857 3.95512 3.91546 3.88483 3.91276 4.01106 4.16461 4.29711 4.37652 4.38924 4.34491 4.29260 4.32497 4.41219 4.50331 4.56309 4.59953 4.62791 4.64845 4.66035 4.66732 4.67565 4.68859 4.69891 4.70756 4.71844 4.73307 4.75354 4.77915 4.80730 4.83411 4.85477 4.86434 4.85620 4.83649 4.83439 4.85214 4.84873 4.81179 4.79260 4.79315 4.80688 4.82545 4.83019 4.81648 4.78522 4.75832 4.75002 4.75186 4.74955
2.42150 2.74153 2.89011 3.16033 3.42661 3.54509 3.60932 3.64080 3.60837 3.53739 3.45700 3.59149 3.70100 3.75141 3.79155 3.83794 3.90754 3.91944 3.87396 3.86719 3.92352 4.06638 4.22680 4.33081 4.39666 4.42758 4.37776 4.23468 4.31693 4.42211 4.51186 4.57359 4.60903 4.63270 4.64773 4.65494 4.65702 4.65742 4.66200 4.67260 4.68497 4.69942 4.71632 4.73869 4.76850 4.80421 4.83712 4.85977 4.86992 4.85977 4.82993 4.80770 4.79858 4.79303 4.78721 4.79343 4.80943 4.83076 4.84984 4.84212 4.81167 4.77630 4.75292 4.74807 4.75275 4.75050
2.42121 2.72562 2.86306 3.10887 3.39835 3.52497 3.57926 3.59981 3.59729 3.63606 3.62022 3.68607 3.72857 3.76009 3.80038 3.85009 3.88932 3.87180 3.84596 3.86139 3.96207 4.15506 4.28902 4.35637 4.40361 4.41668 4.31069 4.19879 4.21314 4.42256 4.52744 4.58448 4.61512 4.63367 4.64562 4.65127 4.65177 4.64950 4.65256 4.66292 4.67561 4.68958 4.70648 4.72882 4.75899 4.79813 4.83675 4.86075 4.86868 4.85712 4.82790 4.79786 4.77739 4.77014 4.78018 4.80978 4.84501 4.85494 4.84319 4.82416 4.78943 4.75567 4.73439 4.72450 4.71906 4.71316
2.41604 2.69724 2.81249 3.00856 3.35012 3.47699 3.50271 3.55688 3.61836 3.66196 3.69513 3.71928 3.73590 3.75487 3.78168 3.81533 3.83892 3.83740 3.83348 3.87627 4.03874 4.22908 4.32714 4.38812 4.43293 4.42545 4.29924 4.32357 4.23111 4.43296 4.53931 4.59039 4.61651 4.63262 4.64415 4.65125 4.65416 4.65533 4.66179 4.67246 4.68348 4.69429 4.70658 4.72414 4.75083 4.78993 4.83165 4.85532 4.86184 4.85280 4.83000 4.80333 4.78307 4.77511 4.78706 4.82445 4.87336 4.87854 4.83962 4.79657 4.76183 4.73557 4.71799 4.70789 4.70424 4.70897
2.37949 2.68205 2.77353 2.88286 3.23707 3.39013 3.48172 3.57447 3.63684 3.67861 3.71376 3.73253 3.74183 3.75189 3.76620 3.78502 3.80447 3.81982 3.84226 3.92573 4.12362 4.27163 4.35791 4.41733 4.45413 4.45040 4.40307 4.37105 4.39305 4.48192 4.54793 4.59087 4.61661 4.63361 4.64707 4.65824 4.66747 4.67837 4.69046 4.70080 4.70958 4.71476 4.71687 4.72480 4.74549 4.78266 4.82327 4.84478 4.85217 4.84984 4.83917 4.82514 4.81359 4.80842 4.80763 4.82198 4.86418 4.88529 4.83745 4.77775 4.73965 4.71916 4.70725 4.70318 4.71017 4.73110
2.35182 2.66592 2.75824 2.82949 3.13638 3.40805 3.48672 3.55504 3.60862 3.67051 3.71312 3.74547 3.75292 3.75502 3.76103 3.77337 3.79382 3.82460 3.88132 4.01369 4.19933 4.30555 4.37787 4.42666 4.44871 4.44503 4.46609 4.47565 4.49907 4.52377 4.56104 4.59627 4.62157 4.64034 4.65723 4.67381 4.69062 4.71072 4.72996 4.74258 4.74882 4.74449 4.73397 4.73225 4.74606 4.77696 4.81266 4.83398 4.84444 4.85243 4.86037 4.86561 4.86702 4.86892 4.83616 4.81898 4.85323 4.87234 4.81632 4.75473 4.72034 4.70565 4.70096 4.70526 4.72003 4.74472
2.25528 2.63700 2.72415 2.78065 3.02676 3.38769 3.53386 3.59767 3.61237 3.66466 3.70797 3.74364 3.75891 3.76129 3.76461 3.77551 3.80202 3.85604 3.95828 4.10859 4.23684 4.32216 4.37901 4.41548 4.43268 4.44838 4.47107 4.50737 4.54167 4.56451 4.58831 4.61234 4.63409 4.65436 4.67521 4.69675 4.71839 4.74228 4.76818 4.78858 4.78949 4.77284 4.75495 4.74945 4.75873 4.78043 4.80988 4.83204 4.84570 4.86378 4.89457 4.91943 4.90645 4.87839 4.84442 4.83344 4.85397 4.84178 4.77460 4.72312 4.70036 4.69493 4.70040 4.71073 4.72123 4.73631
2.14374 2.61049 2.68519 2.71953 2.86997 3.27822 3.51310 3.60447 3.64548 3.66810 3.71643 3.73815 3.75236 3.76404 3.77317 3.78846 3.82521 3.90754 4.04211 4.16110 4.25385 4.32835 4.38363 4.42667 4.45444 4.46532 4.49185 4.52439 4.56173 4.59979 4.61981 4.63437 4.65249 4.67425 4.69903 4.72331 4.74461 4.76564 4.78913 4.80855 4.81006 4.79486 4.77821 4.77342 4.78207 4.80026 4.82619 4.84873 4.86453 4.88453 4.91325 4.93162 4.91081 4.88390 4.87059 4.86335 4.84262 4.79049 4.73188 4.69681 4.68590 4.68965 4.70291 4.71269 4.71431 4.72076
2.09789 2.56902 2.65819 2.67270 2.74800 3.07916 3.43805 3.57057 3.64661 3.68945 3.71600 3.72439 3.74028 3.76340 3.78492 3.81168 3.85462 3.93783 4.05752 4.17537 4.27659 4.34904 4.40823 4.45444 4.48858 4.51457 4.54143 4.56341 4.58644 4.61680 4.64166 4.65613 4.67349 4.69686 4.72342 4.74492 4.75970 4.77341 4.79007 4.80752 4.81830 4.81517 4.80268 4.79922 4.81070 4.83317 4.86322 4.88967 4.90811 4.91583 4.90829 4.90713 4.91316 4.91901 4.91804 4.88523 4.81726 4.75471 4.70993 4.68681 4.68255 4.68974 4.70307 4.70902 4.70528 4.70221
2.07836 2.53295 2.63616 2.67473 2.71675 2.96391 3.34446 3.51388 3.62109 3.68302 3.70259 3.70885 3.73160 3.76302 3.79841 3.82999 3.86549 3.93054 4.04736 4.19154 4.30153 4.37191 4.42544 4.46808 4.50285 4.53303 4.56047 4.58477 4.60477 4.62468 4.64938 4.67190 4.69196 4.71343 4.73471 4.75443 4.77063 4.78362 4.79605 4.80999 4.82741 4.83788 4.82757 4.82157 4.83352 4.86347 4.90660 4.94307 4.96275 4.95179 4.91596 4.89530 4.89739 4.91031 4.90881 4.86626 4.79738 4.74113 4.70374 4.68549 4.67681 4.67084 4.70164 4.70782 4.69427 4.68116
1.82129 2.46378 2.61786 2.67695 2.71234 2.96449 3.33008 3.47154 3.58642 3.66592 3.68657 3.69946 3.72833 3.76297 3.79913 3.82779 3.85499 3.91747 4.05931 4.21135 4.31147 4.38090 4.43381 4.47586 4.51072 4.54089 4.56805 4.59228 4.61035 4.62662 4.65206 4.68172 4.70276 4.71834 4.73653 4.76268 4.78749 4.80625 4.82162 4.83381 4.84630 4.86277 4.84939 4.83671 4.84562 4.87951 4.93397 4.97949 4.99458 4.98381 4.94483 4.90704 4.88369 4.87890 4.88173 4.85431 4.79143 4.73634 4.69960 4.67618 4.63426 4.58011 4.65739 4.69055 4.67100 4.65133
1.64670 2.23640 2.60029 2.68304 2.70404 2.90401 3.28690 3.43890 3.57073 3.64925 3.67521 3.69963 3.72557 3.76001 3.78193 3.80987 3.83838 3.92262 4.08718 4.22335 4.31683 4.38640 4.43958 4.48168 4.51657 4.54663 4.57333 4.59615 4.61134 4.62734 4.65461 4.68410 4.70321 4.71795 4.74148 4.77438 4.80246 4.82569 4.84760 4.86532 4.87090 4.88029 4.86401 4.84477 4.85067 4.88833 4.94711 4.98846 5.00363 5.00181 4.97516 4.93907 4.90660 4.88565 4.88223 4.86048 4.79142 4.73086 4.69249 4.64943 4.54465 4.56177 4.54190 4.61842 4.60989 4.60488
1.91167 2.20903 2.56891 2.66042 2.71565 2.85101 3.11402 3.39359 3.57557 3.63564 3.66723 3.70399 3.72320 3.73877 3.76232 3.79010 3.82959 3.94462 4.10983 4.23214 4.32246 4.39119 4.44385 4.48573 4.52051 4.55048 4.57700 4.59955 4.61454 4.62993 4.65411 4.67979 4.70148 4.72166 4.75077 4.78407 4.81206 4.83789 4.86299 4.88294 4.88469 4.88853 4.87419 4.85177 4.85465 4.88752 4.93296 4.95891 4.97274 4.98323 4.98432 4.97412 4.95054 4.91466 4.89336 4.86464 4.78726 4.72233 4.68363 4.65137 4.57703 4.53101 4.52947 4.52488 4.50873 4.54151
2.07243 2.35393 2.56536 2.62649 2.68332 2.83888 3.07406 3.38211 3.57186 3.62743 3.65518 3.68987 3.71170 3.72365 3.74965 3.78344 3.85120 3.99110 4.12973 4.24006 4.32770 4.39484 4.44670 4.48826 4.52291 4.55289 4.57953 4.60332 4.62265 4.63718 4.65506 4.67824 4.70420 4.73135 4.76102 4.78832 4.81272 4.83701 4.86169 4.88305 4.88992 4.89385 4.88701 4.86912 4.86629 4.87983 4.90085 4.91722 4.93510 4.95509 4.96589 4.95382 4.92007 4.89936 4.91293 4.88258 4.79554 4.72065 4.66924 4.61788 4.51906 4.50128 4.53920 4.50541 4.47259 4.48064
2.12175 2.45534 2.59447 2.59570 2.59713 2.77466 3.17279 3.42159 3.56526 3.64149 3.66677 3.69794 3.72585 3.74480 3.76978 3.81254 3.90464 4.02524 4.14240 4.24695 4.33170 4.39722 4.44835 4.48964 4.52426 4.55434 4.58116 4.60561 4.62796 4.64736 4.66513 4.68543 4.71032 4.73714 4.76110 4.78331 4.80548 4.82767 4.84957 4.87046 4.88633 4.89905 4.90223 4.89066 4.87984 4.87659 4.88004 4.89017 4.90847 4.92623 4.92410 4.90368 4.89148 4.91660 4.95186 4.89937 4.81091 4.72722 4.65007 4.51989 4.40689 4.55472 4.52442 4.42685 4.47351 4.49770
2.19691 2.52311 2.57026 2.57484 2.54888 2.80510 3.26747 3.45261 3.56984 3.65011 3.68855 3.71783 3.74667 3.77193 3.80358 3.85400 3.93663 4.04069 4.15121 4.25202 4.33423 4.39851 4.44915 4.49029 4.52493 4.55508 4.58202 4.60663 4.62963 4.65142 4.67184 4.69009 4.70731 4.72449 4.74259 4.76332 4.78454 4.80286 4.81729 4.83217 4.85342 4.88345 4.90000 4.89216 4.88170 4.87440 4.87070 4.87552 4.88704 4.89372 4.88110 4.86064 4.87932 4.93789 4.96247 4.90259 4.81799 4.73765 4.66931 4.59404 4.47525 4.42236 4.43492 4.23288 4.14176 4.42815
2.31203 2.57097 2.58459 2.57420 2.58763 2.97955 3.32063 3.45953 3.56683 3.64442 3.69098 3.72122 3.75138 3.78120 3.81716 3.87054 3.94917 4.04978 4.15718 4.25502 4.33544 4.39896 4.44933 4.49039 4.52503 4.55519 4.58212 4.60666 4.62944 4.65077 4.66900 4.67965 4.68843 4.70215 4.71793 4.73562 4.75370 4.76888 4.78084 4.79365 4.81052 4.83331 4.85431 4.86441 4.86957 4.87052 4.86802 4.86596 4.86121 4.84800 4.83792 4.82106 4.83655 4.90595 4.94815 4.90220 4.81937 4.73919 4.67590 4.64068 4.62170 4.57143 4.53843 4.32980 3.86722 4.00837
2.35373 2.57875 2.63532 2.61072 2.67039 3.08896 3.35775 3.48154 3.57011 3.64015 3.68248 3.70566 3.73787 3.77836 3.82119 3.87693 3.95600 4.05531 4.16040 4.25629 4.33567 4.39878 4.44902 4.49003 4.52463 4.55473 4.58155 4.60585 4.62814 4.64749 4.65835 4.66012 4.66954 4.68696 4.70474 4.72118 4.73793 4.75439 4.76968 4.78403 4.79403 4.80232 4.82041 4.84609 4.86607 4.87789 4.88094 4.86955 4.84261 4.80670 4.79906 4.79124 4.79310 4.84903 4.92154 4.89950 4.81356 4.72886 4.67129 4.65652 4.66602 4.63912 4.51420 3.98870 3.36308 3.58823
2.38700 2.58261 2.66493 2.65616 2.74761 3.12532 3.37956 3.50152 3.57869 3.64040 3.67009 3.68812 3.71888 3.76429 3.81770 3.87926 3.95921 4.05782 4.16161 4.25641 4.33526 4.39819 4.44833 4.48927 4.52380 4.55380 4.58044 4.60443 4.62586 4.64166 4.64492 4.64522 4.66010 4.68146 4.70184 4.71984 4.73809 4.75714 4.77498 4.78988 4.79661 4.79855 4.81365 4.84516 4.87451 4.89494 4.90208 4.88161 4.83651 4.79161 4.77894 4.77401 4.77309 4.81292 4.88773 4.88715 4.79872 4.72048 4.67368 4.66614 4.67175 4.62905 4.38396 3.34494 2.89497 3.32139
-99999.00000 -99999.00000 -99999.00000 -99999.00000 -99999.00000 -99999.00000 -99999.00000 -99999.00000 -99999.00000 -99999.00000 -99999.00000 -99999.00000 -99999.00000 -99999.00000 -99999.00000 -99999.00000 -99999.00000 -99999.00000 -99999.00000 -99999.00000 -99999.00000 -99999.00000 -99999.00000 -99999.00000 -99999.00000 -99999.00000 -99999.00000 -99999.00000 -99999.00000 -99999.00000 -99999.00000 -99999.00000 -99999.00000 -99999.00000 -99999.00000 -99999.00000 -99999.00000 -99999.00000 -99999.00000 -99999.00000 -99999.00000 -99999.00000 -99999.00000 -99999.00000 -99999.00000 -99999.00000 -99999.00000 -99999.00000 -99999.00000 -99999.00000 -99999.00000 -99999.00000 -99999.00000 -99999.00000 -99999.00000 -99999.00000 -99999.00000 -99999.00000 -99999.00000 -99999.00000 -99999.00000 -99999.00000 -99999.00000 -99999.00000 -99999.00000 -99999.00000
