mrvbf_slope0.6_pctl0.7.asc
NCOLS 410
NROWS 410
XLLCORNER 2398750.0000000000000000
YLLCORNER 2548750.0000000000000000
CELLSIZE 250.0000000000000000
NODATA_VALUE -99999.00000
[rows 0 to 28 of 410, columns 66 to 131 of 410]
-99999.00000 -99999.00000 -99999.00000 -99999.00000 -99999.00000 -99999.00000 -99999.00000 -99999.00000 -99999.00000 -99999.00000 -99999.00000 -99999.00000 -99999.00000 -99999.00000 -99999.00000 -99999.00000 -99999.00000 -99999.00000 -99999.00000 -99999.00000 -99999.00000 -99999.00000 -99999.00000 -99999.00000 -99999.00000 -99999.00000 -99999.00000 -99999.00000 -99999.00000 -99999.00000 -99999.00000 -99999.00000 -99999.00000 -99999.00000 -99999.00000 -99999.00000 -99999.00000 -99999.00000 -99999.00000 -99999.00000 -99999.00000 -99999.00000 -99999.00000 -99999.00000 -99999.00000 -99999.00000 -99999.00000 -99999.00000 -99999.00000 -99999.00000 -99999.00000 -99999.00000 -99999.00000 -99999.00000 -99999.00000 -99999.00000 -99999.00000 -99999.00000 -99999.00000 -99999.00000 -99999.00000 -99999.00000 -99999.00000 -99999.00000 -99999.00000 -99999.00000
-99999.00000 -99999.00000 -99999.00000 -99999.00000 -99999.00000 -99999.00000 -99999.00000 -99999.00000 -99999.00000 -99999.00000 -99999.00000 -99999.00000 -99999.00000 -99999.00000 -99999.00000 -99999.00000 -99999.00000 -99999.00000 -99999.00000 -99999.00000 -99999.00000 -99999.00000 -99999.00000 -99999.00000 -99999.00000 -99999.00000 -99999.00000 -99999.00000 -99999.00000 -99999.00000 -99999.00000 -99999.00000 -99999.00000 -99999.00000 -99999.00000 -99999.00000 -99999.00000 -99999.00000 -99999.00000 -99999.00000 -99999.00000 -99999.00000 -99999.00000 -99999.00000 -99999.00000 -99999.00000 -99999.00000 -99999.00000 -99999.00000 -99999.00000 -99999.00000 -99999.00000 -99999.00000 -99999.00000 -99999.00000 -99999.00000 -99999.00000 -99999.00000 -99999.00000 -99999.00000 -99999.00000 -99999.00000 -99999.00000 -99999.00000 -99999.00000 -99999.00000
-99999.00000 -99999.00000 -99999.00000 -99999.00000 -99999.00000 -99999.00000 -99999.00000 -99999.00000 -99999.00000 -99999.00000 -99999.00000 -99999.00000 -99999.00000 -99999.00000 -99999.00000 -99999.00000 -99999.00000 -99999.00000 -99999.00000 -99999.00000 -99999.00000 -99999.00000 -99999.00000 -99999.00000 -99999.00000 -99999.00000 -99999.00000 -99999.00000 -99999.00000 -99999.00000 -99999.00000 -99999.00000 -99999.00000 -99999.00000 -99999.00000 -99999.00000 -99999.00000 -99999.00000 -99999.00000 -99999.00000 -99999.00000 -99999.00000 -99999.00000 -99999.00000 -99999.00000 -99999.00000 -99999.00000 -99999.00000 -99999.00000 -99999.00000 -99999.00000 -99999.00000 -99999.00000 -99999.00000 -99999.00000 -99999.00000 -99999.00000 -99999.00000 -99999.00000 -99999.00000 -99999.00000 -99999.00000 -99999.00000 -99999.00000 -99999.00000 -99999.00000
-99999.00000 -99999.00000 -99999.00000 -99999.00000 -99999.00000 -99999.00000 -99999.00000 -99999.00000 -99999.00000 -99999.00000 -99999.00000 -99999.00000 -99999.00000 -99999.00000 -99999.00000 -99999.00000 -99999.00000 -99999.00000 -99999.00000 -99999.00000 -99999.00000 -99999.00000 -99999.00000 -99999.00000 -99999.00000 -99999.00000 -99999.00000 -99999.00000 -99999.00000 -99999.00000 -99999.00000 -99999.00000 -99999.00000 -99999.00000 -99999.00000 -99999.00000 -99999.00000 -99999.00000 -99999.00000 -99999.00000 -99999.00000 -99999.00000 -99999.00000 -99999.00000 -99999.00000 -99999.00000 -99999.00000 -99999.00000 -99999.00000 -99999.00000 -99999.00000 -99999.00000 -99999.00000 -99999.00000 -99999.00000 -99999.00000 -99999.00000 -99999.00000 -99999.00000 -99999.00000 -99999.00000 -99999.00000 -99999.00000 -99999.00000 -99999.00000 -99999.00000
-99999.00000 -99999.00000 -99999.00000 -99999.00000 -99999.00000 -99999.00000 -99999.00000 -99999.00000 -99999.00000 -99999.00000 -99999.00000 -99999.00000 -99999.00000 -99999.00000 -99999.00000 -99999.00000 -99999.00000 -99999.00000 -99999.00000 -99999.00000 -99999.00000 -99999.00000 -99999.00000 -99999.00000 -99999.00000 -99999.00000 -99999.00000 -99999.00000 -99999.00000 -99999.00000 -99999.00000 -99999.00000 -99999.00000 -99999.00000 -99999.00000 -99999.00000 -99999.00000 -99999.00000 -99999.00000 -99999.00000 -99999.00000 -99999.00000 -99999.00000 -99999.00000 -99999.00000 -99999.00000 -99999.00000 -99999.00000 -99999.00000 -99999.00000 -99999.00000 -99999.00000 -99999.00000 -99999.00000 -99999.00000 -99999.00000 -99999.00000 -99999.00000 -99999.00000 -99999.00000 -99999.00000 -99999.00000 -99999.00000 -99999.00000 -99999.00000 -99999.00000
6.51321 6.64809 6.62222 6.51565 6.49342 6.54217 6.61049 6.62166 6.65841 6.73539 6.70633 6.57864 6.43859 6.41859 6.47301 6.50405 6.55956 6.52763 6.44173 6.53857 6.77037 6.88665 6.94409 6.84504 6.84831 6.68976 6.53856 6.38729 6.41173 6.17498 5.55710 4.08430 4.52259 5.59138 6.18376 6.51889 6.43257 5.83203 5.68719 6.06620 6.61189 6.85407 6.64687 6.48040 6.18084 6.21814 6.59740 6.91994 6.99650 7.01907 7.08212 6.98924 6.84086 6.74185 6.60018 6.45189 6.35523 5.70289 5.34853 5.51271 5.87116 6.55329 6.69171 6.68277 6.78771 6.80112
6.51560 6.65902 6.73481 6.56483 6.50255 6.55199 6.60289 6.60692 6.66451 6.69656 6.70072 6.70348 6.54649 6.49022 6.52512 6.54448 6.55689 6.59493 6.56858 6.61800 6.72625 6.88625 6.84819 6.75104 6.77533 6.78607 6.61938 6.49994 6.49418 6.48066 5.96132 5.59852 5.75532 5.86815 6.36738 6.54377 6.57544 6.40624 6.04167 6.47065 6.74522 6.77963 6.69888 6.49496 6.41431 6.47975 6.59473 6.85857 6.93350 6.87717 6.96064 6.96632 6.84936 6.77091 6.63848 6.49714 6.07040 5.55094 5.31480 5.49898 5.71893 6.48808 6.76893 6.86661 7.04745 6.99563
6.55611 6.62652 6.75746 6.63096 6.51202 6.51887 6.60540 6.71675 6.72083 6.72593 6.83880 6.93891 6.79621 6.64984 6.68112 6.67901 6.61138 6.55672 6.65181 6.74420 6.80443 6.81786 6.74193 6.53346 6.63390 6.89251 6.83296 6.69573 6.58460 6.46644 6.33679 5.75084 6.03187 5.77581 6.22618 6.52862 6.57137 6.60844 6.57110 6.64768 6.68003 6.65627 6.62831 6.61813 6.52356 6.54756 6.77805 7.06120 6.99590 6.83795 6.75934 6.80292 6.85698 6.72999 6.62242 6.48637 5.87746 5.51217 5.15765 5.48763 6.01845 6.58518 6.77913 6.89311 7.04822 7.01562
6.55078 6.56519 6.60502 6.52133 6.43628 6.51480 6.66977 6.78176 6.77328 6.79457 6.88786 6.97296 7.02409 6.91001 6.86985 6.78050 6.78497 6.67858 6.61943 6.69375 6.77639 6.61635 6.46801 6.09343 6.30605 6.62418 6.73825 6.66517 6.59087 6.52823 6.48743 6.28612 6.41287 5.96557 6.42567 6.58568 6.59393 6.63123 6.65809 6.63768 6.53508 6.30668 6.34925 6.58502 6.71301 6.72405 6.91211 6.98098 7.07015 6.88872 6.63358 6.67921 6.72850 6.89484 6.75811 6.52606 6.32194 5.75667 5.58738 5.76349 6.47198 6.60240 6.69382 6.95337 7.07687 6.99348
6.49888 6.51842 6.53480 6.47140 6.48238 6.60176 6.67590 6.73838 6.79854 6.72409 6.74645 6.86432 6.92270 6.78724 6.73784 6.71026 6.83713 6.79070 6.66916 6.71848 6.77076 6.51906 6.17732 6.14043 6.06312 6.50247 6.73544 6.88145 6.79368 6.66833 6.43154 5.82938 5.96043 5.68895 6.14956 6.57446 6.61529 6.63306 6.60886 6.53257 6.15427 5.77391 5.91815 6.35860 6.64796 6.85140 6.91151 7.10054 7.12771 6.92107 6.63244 6.61232 6.72273 7.00118 6.86221 6.56070 6.47213 6.34222 6.07531 6.47008 6.60017 6.64180 6.67793 6.83456 7.08422 6.96561
6.51012 6.53094 6.57840 6.57190 6.58774 6.65028 6.70054 6.88027 7.07902 6.89457 6.69864 6.67209 6.69994 6.65937 6.61526 6.65967 6.72044 6.66729 6.69821 6.85940 6.73532 6.69782 6.48573 6.35405 6.41909 6.66587 6.95115 7.03063 6.88862 6.71273 6.56215 6.17426 5.68798 5.77065 5.73623 6.40265 6.69013 6.70512 6.65823 6.47217 5.80948 5.76373 5.80577 6.19045 6.61358 6.90348 6.99670 7.09604 7.22527 7.06171 6.77010 6.65245 6.84693 7.01752 6.72695 6.62815 6.53610 6.59062 6.64451 6.83917 6.87216 6.77215 6.77290 6.86218 6.89234 7.07565
6.58706 6.58781 6.68125 6.76565 6.68566 6.69985 6.85688 7.17466 7.30549 7.19301 6.90261 6.65645 6.56797 6.55697 6.58709 6.61493 6.65742 6.70884 6.81259 7.00987 6.82779 6.58920 6.53147 6.52476 6.53699 6.77381 6.83241 7.00734 6.96535 6.72341 6.60199 6.51493 6.12198 5.70158 5.71950 6.25867 6.64222 6.78633 6.70011 6.52964 5.88518 5.73633 5.82395 6.33313 6.63778 6.82805 6.99727 7.08169 7.17641 7.13030 6.93459 6.77838 6.91460 7.04840 6.81091 6.78464 6.70131 6.77495 6.73824 6.82390 6.95941 7.02383 6.93034 7.04681 6.88899 7.02672
6.64392 6.64916 6.75585 6.91058 6.82812 6.82652 7.02065 7.22217 7.25980 7.21950 7.08949 6.76393 6.53516 6.47672 6.53435 6.59715 6.69813 6.83328 6.81847 6.80006 6.81576 6.62889 6.42783 6.31320 6.55782 6.75816 6.89181 7.02559 6.85423 6.77641 6.78228 6.64673 6.40484 5.76927 5.87585 5.77844 6.47251 6.78648 6.74102 6.68916 6.41227 5.89733 6.17503 6.54064 6.68109 6.82527 6.93005 7.00570 7.11793 7.11667 6.88837 6.93421 6.87315 6.97579 6.83348 6.84123 6.85546 7.01442 6.88196 6.90613 6.93162 7.06595 6.89319 6.87760 6.74838 6.73872
6.56428 6.64439 6.77562 6.76658 6.68119 6.67575 6.76022 6.88886 6.90833 6.90857 6.87950 6.68951 6.51124 6.45326 6.52096 6.61627 6.64033 6.81922 6.82692 6.68545 6.73023 6.50035 5.86167 5.74538 6.02480 6.58327 7.02623 7.07158 6.87328 6.96618 6.93921 6.79857 6.58824 6.26623 5.78836 5.88786 6.47298 6.72030 6.75393 6.67893 6.59460 6.49651 6.51559 6.67659 6.70115 6.82444 6.89463 6.96418 7.10247 7.08788 7.03997 6.94323 6.84034 6.91367 6.85292 6.90787 6.98849 6.89319 6.87877 6.94029 7.02597 6.95948 6.99935 6.79002 6.74026 6.72884
6.49936 6.58556 6.63962 6.54634 6.49781 6.49873 6.52168 6.55769 6.58841 6.64124 6.70930 6.67013 6.55189 6.48592 6.51238 6.60725 6.55440 6.59977 6.71073 6.69043 6.74920 6.48681 5.76762 5.71913 5.82255 6.39708 6.66769 6.85785 6.87196 6.86183 6.90784 6.79912 6.67184 6.47923 6.08393 6.13420 6.05944 6.40572 6.63454 6.67015 6.60649 6.59375 6.56832 6.45933 6.53675 6.61958 6.63227 6.71308 6.96786 7.01090 6.97096 6.91892 6.79205 6.71434 6.68024 6.76689 6.80834 6.75753 6.88317 6.99924 7.00488 7.01089 6.99329 6.85393 6.78001 6.59390
6.53980 6.50626 6.46106 6.42032 6.43427 6.45196 6.45880 6.47709 6.51981 6.58876 6.71054 6.82210 6.64802 6.51229 6.45373 6.48389 6.54810 6.56287 6.62506 6.73534 6.67736 6.56723 6.33115 5.81491 6.17020 6.43241 6.52651 6.70751 6.93788 6.82037 6.70516 6.68227 6.62759 6.47507 6.13721 6.12209 5.82811 5.82964 6.31079 6.39475 6.49484 6.56409 6.25744 5.77061 6.10826 6.32160 6.50750 6.56687 6.75224 6.93630 6.90497 6.90628 6.81886 6.79332 6.58988 6.57776 6.63685 6.71288 6.79719 6.91135 6.94707 6.90261 6.80666 6.73242 6.77924 6.65125
6.67305 6.47942 6.32634 6.36827 6.49965 6.54089 6.53625 6.53615 6.56177 6.60967 6.70516 6.84218 6.69308 6.53638 6.43228 6.40442 6.44929 6.52243 6.57750 6.65539 6.65545 6.63602 6.52666 6.36462 6.21961 6.44612 6.53486 6.78827 6.87039 6.76956 6.76763 6.67907 6.61790 6.48006 5.83956 5.76837 6.09344 5.77733 5.69990 5.69767 5.90837 6.31564 5.80560 5.82109 5.68197 5.78923 6.22653 6.54625 6.71984 6.73333 6.82942 6.86237 6.81240 6.81208 6.62181 6.54025 6.56439 6.61595 6.62916 6.59970 6.64170 6.69007 6.74921 6.72758 6.76619 6.78172
6.68586 6.49147 6.31679 6.32678 6.48891 6.64891 6.71214 6.65673 6.61015 6.59605 6.62032 6.69770 6.76104 6.64819 6.50482 6.42068 6.42496 6.51113 6.56104 6.63222 6.75302 6.74145 6.55950 6.26758 6.24706 6.19348 6.54390 6.90273 6.79978 6.73374 6.77364 6.68686 6.68004 6.63062 6.35402 5.78666 5.81227 5.74398 5.66919 5.68235 5.69962 6.07390 6.20863 5.72507 5.68516 5.75608 5.86850 6.46005 6.66385 6.73436 6.76506 6.87658 6.72519 6.63621 6.66420 6.63618 6.61685 6.59918 6.64366 6.60038 6.60577 6.62506 6.70832 6.66396 6.63569 6.67975
6.56984 6.53216 6.40872 6.31778 6.39647 6.55863 6.81911 6.80556 6.63311 6.57050 6.57499 6.66772 6.92146 6.98338 6.68693 6.51890 6.45032 6.46457 6.54117 6.65525 6.70539 6.62025 6.40505 5.91716 5.93004 5.97467 6.42106 6.79874 6.86462 6.67272 6.63641 6.68498 6.74760 6.64588 6.59511 6.48697 6.46497 6.45799 6.14255 5.69832 5.81244 6.41318 6.42493 5.76660 5.75851 5.74497 5.89743 6.51281 6.71898 6.79904 6.83081 6.83803 6.84278 6.69440 6.62277 6.66901 6.73712 6.77696 6.77919 6.73224 6.78536 6.66033 6.62529 6.57747 6.56512 6.62859
6.51975 6.57381 6.51005 6.38161 6.34806 6.47348 6.69225 6.86586 6.63989 6.55970 6.56421 6.66035 6.95081 7.19557 7.05078 6.69755 6.52413 6.45356 6.47981 6.54164 6.59845 6.52092 5.94677 5.88779 6.14380 6.06063 5.94598 6.43910 6.69163 6.71250 6.66423 6.65897 6.60826 6.56295 6.47794 6.65975 6.81007 6.84262 6.60711 6.39205 6.50145 6.65200 6.58852 6.14785 5.70554 5.86274 5.98473 6.49020 6.72473 6.81497 6.76719 6.74403 6.75371 6.64605 6.66869 6.68997 6.68102 6.81205 6.80754 6.84068 6.83806 6.90185 6.70383 6.57738 6.57291 6.56203
6.52014 6.55898 6.60123 6.47324 6.34808 6.40183 6.59065 6.78890 6.62489 6.56757 6.58384 6.63890 6.77890 7.04976 7.19702 7.01923 6.65252 6.47962 6.41621 6.45119 6.54142 6.55309 6.05865 5.82934 5.95400 5.75629 5.90806 5.94408 6.34209 6.54443 6.49913 6.56023 6.48140 6.11636 5.79577 6.25625 6.58104 6.75449 6.70724 6.64294 6.76193 6.83331 6.77374 6.49078 5.98848 5.84694 6.07814 6.32884 6.53549 6.44677 6.48798 6.58013 6.57798 6.61044 6.62360 6.60207 6.62088 6.60882 6.77083 6.90562 6.88602 6.92811 6.80231 6.74709 6.76616 6.66803
6.57421 6.58262 6.66627 6.52014 6.34347 6.35648 6.55915 6.67967 6.59783 6.60119 6.66784 6.66481 6.65454 6.75869 7.01730 7.13954 6.86490 6.53094 6.39228 6.39238 6.49186 6.60845 6.51014 6.20812 6.33881 5.96746 5.77690 5.77856 5.80953 6.21153 5.83743 6.11294 6.08293 5.68867 5.74110 5.74158 6.22304 6.56499 6.50852 6.62661 6.70794 6.69378 6.79199 6.66093 6.43432 6.14151 5.98654 5.80110 6.29585 5.87755 5.94388 6.32379 6.29097 6.40795 6.35670 6.52632 6.55661 6.60024 6.78202 6.87015 6.75549 6.76495 6.85299 6.99652 6.93040 6.78535
6.65392 6.64140 6.69464 6.52447 6.35117 6.36426 6.56391 6.63272 6.59156 6.66085 6.84373 6.78044 6.69838 6.66580 6.76758 7.00172 6.96559 6.58690 6.42180 6.36939 6.43356 6.53066 6.62639 6.63391 6.61647 6.41901 6.00217 5.72857 5.99361 6.37079 5.89752 5.69655 5.81363 5.82810 5.67523 5.75395 5.76623 6.17032 5.97818 6.34820 6.55944 6.63542 6.68013 6.70132 6.62511 6.30156 5.74067 5.94827 6.23371 5.76917 5.67171 5.81296 5.72298 5.78311 5.67370 6.05775 6.53652 6.69931 6.76569 6.85758 6.72174 6.65362 6.71026 6.85643 6.89565 6.84693
6.71034 6.69870 6.71712 6.55117 6.36138 6.35145 6.55557 6.62253 6.58705 6.67174 6.83537 6.86267 6.89798 6.74434 6.70668 6.84843 6.94832 6.66652 6.48129 6.38636 6.36894 6.41747 6.51353 6.66563 6.72876 6.66004 6.49950 6.12399 5.75899 5.96339 5.75900 5.84775 6.05436 5.97994 5.98332 5.69536 5.73328 5.75359 5.85350 5.81351 6.38992 6.62206 6.64845 6.79729 6.74427 6.52092 6.10181 5.76118 6.05621 5.68962 5.76095 6.13740 5.83168 5.95743 5.67167 5.66444 6.18286 6.56204 6.73831 6.83645 6.71821 6.63855 6.67001 6.63703 6.64867 6.79438
6.72249 6.73266 6.75280 6.58440 6.37019 6.32124 6.53540 6.58954 6.55242 6.61666 6.72369 6.77306 6.90019 6.88418 6.73260 6.76032 6.91390 6.82400 6.56913 6.44181 6.35651 6.31851 6.36189 6.46960 6.56645 6.65590 6.59725 6.52144 6.38135 6.30886 6.00263 6.14660 6.44060 6.47703 6.47455 5.94757 5.62772 5.76091 5.66151 6.02548 6.40572 6.53051 6.67482 6.73826 6.65561 6.56366 6.54077 6.39106 6.49026 6.12642 5.82050 6.19768 5.73757 5.75757 5.64980 5.72090 5.89568 6.27145 6.54568 6.73431 6.79798 6.70282 6.67375 6.65262 6.63050 6.64261
6.85602 6.85830 6.85002 6.58483 6.39130 6.36303 6.53978 6.56778 6.52893 6.59677 6.68923 6.68265 6.76132 6.90619 6.72814 6.71136 6.90445 7.04937 6.78424 6.57794 6.47802 6.38958 6.31277 6.34388 6.41603 6.47567 6.47157 6.49639 6.61081 6.53672 6.35215 6.49261 6.59593 6.61060 6.55178 6.44843 5.93948 5.78766 5.73572 6.21334 6.09856 6.42946 6.70071 6.73011 6.62010 6.59035 6.76367 6.75044 6.64250 6.54213 6.42334 6.50028 6.33950 6.27228 5.87470 5.78745 5.81054 5.87606 6.33852 6.62202 6.78862 6.68275 6.67199 6.63291 6.59615 6.68420
7.14060 7.03379 6.78856 6.53631 6.38724 6.42190 6.59730 6.60030 6.55621 6.65815 6.78054 6.68584 6.66398 6.71426 6.67092 6.71681 6.97251 7.20191 7.12993 6.91802 6.71867 6.57919 6.46223 6.41007 6.42152 6.42322 6.40822 6.43036 6.50761 6.56121 6.50767 6.57665 6.69327 6.64964 6.53155 6.28746 5.89025 5.73406 5.79886 6.23280 6.28417 6.28922 6.56957 6.53331 6.60218 6.74126 6.78336 6.86152 6.73720 6.66370 6.65259 6.59040 6.54948 6.48246 6.16842 5.77244 5.68886 6.02481 6.23686 6.52058 6.69085 6.77646 6.72929 6.62162 6.66272 6.81246
7.20035 6.85063 6.54040 6.33917 6.23295 6.43024 6.65737 6.61443 6.57266 6.70022 6.94427 6.82547 6.69378 6.66172 6.69193 6.85891 7.16150 7.28991 7.22024 7.06264 6.90869 6.76024 6.60671 6.52438 6.47226 6.42934 6.45712 6.49319 6.52689 6.57512 6.56566 6.68376 6.75180 6.58074 6.14852 5.71237 5.78045 5.75747 5.76454 6.12173 6.16323 6.42733 6.42289 6.12249 6.41040 6.68369 6.86328 6.91948 6.73189 6.69067 6.61332 6.61860 6.59805 6.34003 5.74617 5.78663 5.61197 5.74093 6.31975 6.64968 6.74990 6.83128 6.75704 6.66059 6.61771 6.69297
7.06697 6.61796 6.37440 6.16978 6.26369 6.48314 6.61161 6.56052 6.53602 6.62765 6.91119 7.05289 6.90926 6.83745 6.92059 7.14855 7.27921 7.20668 6.95922 6.72242 6.63479 6.62307 6.62284 6.59692 6.51178 6.43875 6.44544 6.50148 6.56006 6.62879 6.68676 6.78655 6.70545 6.38212 5.68295 5.61911 5.62300 5.67520 5.95025 6.37685 6.44066 6.50905 6.15037 6.21940 6.05324 6.50203 6.75770 6.92429 6.87783 6.73651 6.66156 6.60691 6.57136 6.40609 5.85893 5.72320 5.74152 5.73308 6.30508 6.63323 6.70755 6.74863 6.73057 6.64293 6.65410 6.70033
