mrvbf_slope0.8_pctl0.6.asc
NCOLS 410
NROWS 410
XLLCORNER 2398750.0000000000000000
YLLCORNER 2548750.0000000000000000
CELLSIZE 250.0000000000000000
NODATA_VALUE -99999.00000
[rows 290 to 318 of 410, columns 66 to 131 of 410]
5.09723 4.96114 5.04063 5.10014 4.83647 4.76857 4.81005 4.76012 4.71130 4.72257 4.84184 5.02692 5.17887 5.30929 5.32391 5.28031 5.24208 5.15538 5.15648 5.36396 5.67470 5.60500 5.33686 5.17041 5.31649 5.68119 6.01294 6.10747 5.95788 5.71937 5.48593 5.30488 5.20037 5.39766 5.66083 5.46954 5.54266 5.77115 5.65669 5.34038 5.20168 5.33819 5.58267 5.61359 5.79557 5.81731 5.89415 5.63277 5.31219 5.28257 5.57723 5.39490 5.22444 5.36536 5.29671 5.40324 5.80041 6.07993 5.91461 5.72779 5.54932 5.45355 5.45630 5.58032 5.90264 6.10838
5.06633 4.87567 4.88766 4.85330 4.66863 4.64612 4.70458 4.73200 4.75624 4.86799 5.13787 5.32887 5.48495 5.65822 5.56431 5.39072 5.23655 5.09591 5.04746 5.19061 5.50211 5.67081 5.56532 5.56916 5.88871 6.12906 6.11405 5.83987 5.44180 5.29944 5.34569 5.48796 5.52139 5.52677 5.63243 5.44937 5.43709 5.73501 5.86696 5.47565 5.16309 5.11047 5.33308 5.62447 5.85263 5.82166 5.72039 5.56210 5.35532 5.58500 5.91877 5.52370 5.39383 5.58109 5.31064 5.34197 5.81902 6.07423 5.88109 5.72961 5.59126 5.49197 5.50235 5.62288 5.74838 5.74453
4.94854 4.80279 4.72631 4.66135 4.58074 4.59669 4.67454 4.74428 4.80395 4.90883 5.10757 5.38955 5.67279 5.78264 5.68008 5.51774 5.24894 5.03263 4.95327 5.08638 5.44958 5.72787 5.61535 5.47471 5.53540 5.59655 5.44285 5.16127 5.01260 5.09510 5.28311 5.55471 5.70814 5.43126 5.13626 5.01393 5.15574 5.48933 5.69241 5.63462 5.63867 5.38381 5.35171 5.56032 5.74861 5.74281 5.59442 5.40262 5.38316 5.80655 6.09136 5.52519 5.40481 5.67685 5.28389 5.29151 5.82139 6.04319 5.81662 5.72307 5.75486 5.78386 5.85310 5.94035 5.80982 5.53085
5.08183 4.98737 4.82099 4.66047 4.57877 4.60037 4.70121 4.81233 4.89294 4.95466 5.01267 5.19781 5.51130 5.75122 5.71402 5.60233 5.29143 5.01237 4.92742 5.05407 5.33014 5.46664 5.39433 5.23319 5.09604 4.99441 4.90959 4.88091 5.02426 5.23923 5.30797 5.35661 5.45871 5.34949 5.05854 5.02681 5.19964 5.37016 5.45079 5.43663 5.55573 5.77641 5.78763 5.81110 5.83040 5.77399 5.60436 5.38143 5.33622 5.71914 5.98551 5.50642 5.48732 5.79064 5.34574 5.29207 5.76822 6.12588 5.81918 5.73098 5.96932 6.23856 6.31106 6.18086 5.85130 5.58071
5.32170 5.24670 5.07696 4.73417 4.59913 4.65367 4.80067 4.95296 5.05104 5.08276 5.02962 5.10795 5.36895 5.59518 5.63033 5.52208 5.28668 5.04088 4.98345 5.10033 5.22268 5.24062 5.24946 5.20836 5.00188 4.80121 4.79061 4.96461 5.32243 5.62159 5.53179 5.35457 5.19861 5.10573 5.13260 5.41198 5.66007 5.60220 5.45982 5.37213 5.35907 5.52346 5.74110 5.90946 5.91109 5.73380 5.54602 5.39818 5.38487 5.65841 5.82711 5.61533 5.70131 5.84218 5.52237 5.34752 5.71024 6.29327 5.86250 5.67842 6.02272 6.49597 6.32299 5.93096 5.70722 5.70670
5.36259 5.37757 5.14196 4.69315 4.59684 4.76357 4.98626 5.09708 5.08655 5.01880 4.99096 5.14280 5.31379 5.29531 5.29773 5.34459 5.25098 5.10597 5.09025 5.19391 5.17071 5.12183 5.19825 5.25090 5.02160 4.86896 4.92424 5.10457 5.41815 5.71180 5.73826 5.52533 5.23112 5.02800 5.01831 5.32326 5.83573 5.93408 5.67613 5.46661 5.33140 5.31207 5.37469 5.44473 5.50608 5.51032 5.51028 5.53995 5.62812 5.75285 5.87288 5.93599 5.98378 5.96025 5.71687 5.33145 5.60454 6.33413 5.92054 5.60020 5.93784 6.34796 6.03033 5.72084 5.72548 5.97422
5.33311 5.44033 5.18027 4.67269 4.58760 4.83339 5.11289 5.12709 5.00018 4.91177 4.99230 5.21049 5.09222 4.88204 4.81767 4.93653 5.08862 5.09526 5.11365 5.17780 5.10066 5.08797 5.20190 5.29385 5.02199 4.97513 5.14485 5.17183 5.34501 5.57098 5.52384 5.32673 5.20050 5.11198 4.98914 5.10162 5.55190 6.03905 6.02088 5.78811 5.61131 5.51909 5.49208 5.48189 5.49204 5.58223 5.71136 5.83264 5.87598 5.86967 5.99923 6.24339 6.24599 6.10006 5.91665 5.32749 5.44354 6.18743 5.94093 5.57775 5.84164 6.03470 5.81378 5.72003 5.95223 6.29519
5.19415 5.26648 5.01682 4.66889 4.62281 4.80570 5.05514 5.07277 4.91172 4.85608 4.98758 5.07756 4.84086 4.68642 4.62626 4.67038 4.83975 4.98551 5.04813 5.09912 5.14440 5.24078 5.28086 5.35312 5.01905 5.02695 5.21232 5.17450 5.34105 5.41700 5.27689 5.21380 5.28081 5.09197 4.87337 4.89664 5.24283 5.84714 6.22921 6.22671 6.15092 6.08528 6.05845 6.03884 6.00445 6.04133 6.05315 5.97850 5.80163 5.79686 5.97512 6.26904 6.35406 6.16298 5.95971 5.44092 5.33113 5.86727 5.97377 5.63783 5.70041 5.79984 5.81856 5.86651 5.95911 6.10763
5.02210 5.03528 4.85816 4.68419 4.68128 4.81610 5.06541 5.15064 4.90351 4.86699 5.02954 5.04585 4.81801 4.75427 4.71234 4.63417 4.78298 4.97614 5.03818 5.15114 5.34988 5.35317 5.36892 5.33620 4.94635 4.97413 5.02721 5.04648 5.38744 5.41357 5.16007 5.13134 5.20039 4.93081 4.75643 4.70676 5.02497 5.68414 6.12912 6.25492 6.27910 6.26653 6.25525 6.23496 6.19538 6.10410 5.86151 5.62624 5.59569 5.70962 5.89779 6.18036 6.36369 6.25974 6.02935 5.54485 5.35001 5.74885 6.10462 5.85842 5.68770 5.70170 5.86594 6.00099 5.87545 5.86177
5.03884 5.00033 4.86061 4.76577 4.82373 5.01785 5.18156 5.24943 5.03863 4.97303 5.14436 5.23006 5.00067 4.90072 4.70585 4.68599 4.95830 5.08925 5.06844 5.14744 5.25399 5.37961 5.60459 5.37781 4.86250 4.93267 4.87691 4.95568 5.29296 5.23675 5.04600 5.04412 5.11534 4.90328 4.70960 4.63656 4.98877 5.54305 5.78511 5.81299 5.74369 5.69286 5.65246 5.59314 5.54363 5.44555 5.33137 5.38839 5.54191 5.64714 5.78737 6.05722 6.30939 6.27480 6.10138 5.66758 5.33402 5.57487 6.07001 6.20576 6.04221 5.93932 5.83780 5.76687 5.84819 5.86470
5.29804 5.17369 4.98764 4.90098 5.03229 5.36959 5.52305 5.46833 5.30929 5.10319 5.20757 5.47079 5.27947 5.03292 4.79782 4.91876 5.16886 5.10761 5.00509 4.95959 5.15374 5.61179 5.87489 5.42257 4.90337 4.95598 4.99684 4.92412 5.05596 5.08565 4.91154 4.96282 5.18863 5.07483 4.74050 4.69317 4.91457 5.12025 5.21147 5.16917 5.01784 4.93277 4.86993 4.81510 4.82438 4.90284 5.05063 5.34463 5.39754 5.46717 5.69447 6.00340 6.26058 6.24817 6.11131 5.81994 5.35184 5.32517 5.60348 6.13940 6.42946 6.46376 6.23659 5.84803 5.58873 5.76149
5.59241 5.36106 5.10451 5.01792 5.21982 5.61777 5.79893 5.63772 5.34161 5.06839 5.09668 5.41199 5.48692 5.29331 5.02391 5.04114 5.10125 5.07745 4.88605 4.82315 5.23508 5.89784 5.78217 5.15046 4.85335 5.06469 5.21178 5.02704 5.05066 5.10576 4.95330 4.99492 5.18610 5.21791 4.86788 4.65003 4.66447 4.71901 4.76197 4.77187 4.74260 4.70861 4.66691 4.64524 4.68377 4.80953 4.94637 5.02829 5.16779 5.49138 5.83918 6.09487 6.22378 6.24070 6.14065 5.97926 5.64634 5.33709 5.30664 5.58102 6.18478 6.52782 6.42427 6.01688 5.60431 5.80420
5.49599 5.33483 5.11418 5.08908 5.39496 5.58053 5.59809 5.44428 5.27129 5.00370 4.94513 5.19242 5.31670 5.19224 4.96748 4.92268 5.08833 5.15283 4.81622 4.82560 5.38654 5.92141 5.39134 4.84047 4.77276 5.05313 5.19393 5.05389 5.01726 5.00864 5.04749 5.19808 5.32645 5.26772 4.97573 4.71817 4.65262 4.64047 4.64170 4.70263 4.80831 4.84364 4.82148 4.83787 4.86200 4.87216 4.82165 4.87360 5.25986 5.76433 5.97793 5.88159 5.84812 5.90757 6.01877 6.07733 5.95207 5.64579 5.41106 5.31561 5.70993 6.14806 5.94910 5.49823 5.34684 5.59090
5.17465 5.14792 5.10666 5.16370 5.46285 5.54795 5.50155 5.23550 5.28547 5.09876 4.93861 5.03472 5.12990 5.12214 5.02778 4.89482 5.04408 5.08019 4.76595 4.84919 5.51698 5.75763 5.01074 4.67668 4.79113 5.11147 5.07622 4.86147 4.82039 4.95279 5.17487 5.39262 5.48907 5.32184 5.14171 5.09639 4.94119 4.82694 4.76539 4.83498 5.06704 5.18828 5.12318 5.14041 5.00233 4.81810 4.75606 4.89103 5.35973 5.74546 5.63123 5.50002 5.49382 5.53168 5.65880 5.88450 6.01656 5.90453 5.59681 5.32148 5.42478 5.62906 5.42199 5.26415 5.43512 5.54180
5.02649 5.08945 5.22285 5.39980 5.58066 5.74509 5.74302 5.36805 5.24515 5.32657 5.19497 5.13641 5.20542 5.05791 4.75365 4.74723 4.91855 4.96839 4.77697 4.86899 5.52182 5.57229 4.81808 4.64485 4.91159 5.26370 5.00885 4.73697 4.73420 4.92726 5.14233 5.32412 5.48238 5.41099 5.23057 5.09890 5.05252 5.06835 5.10078 5.05254 5.28418 5.47512 5.32817 5.15781 4.97327 4.80246 4.77515 4.96580 5.39302 5.47376 5.34639 5.36520 5.41363 5.38433 5.39895 5.57450 5.84797 5.94361 5.77316 5.47569 5.38302 5.42876 5.36871 5.45362 5.68206 5.53273
5.12190 5.26483 5.40578 5.66579 5.76264 5.74896 5.55907 5.41067 5.42730 5.42351 5.32087 5.21043 5.08366 4.85278 4.73723 4.94261 5.11417 5.01483 4.88719 4.99707 5.47093 5.41605 4.80245 4.64868 4.88749 5.31010 5.07153 4.82198 4.68464 4.70820 4.84263 5.03598 5.27479 5.42194 5.41659 5.35813 5.26234 5.14201 5.10463 5.24493 5.55504 5.71657 5.58289 5.32396 5.05747 4.86549 4.84340 5.02529 5.31463 5.30378 5.32032 5.49708 5.58722 5.47307 5.35508 5.37981 5.58166 5.79529 5.79621 5.58734 5.48326 5.49720 5.48682 5.59107 5.65893 5.51064
5.32757 5.34446 5.46073 5.75175 5.71033 5.43481 5.23455 5.25109 5.34986 5.29408 5.15995 5.08816 5.02312 4.87003 4.88994 5.20020 5.39003 5.26907 5.11106 5.10772 5.23099 5.06708 4.75398 4.69536 4.90245 5.32099 5.32648 5.02288 4.81324 4.68699 4.71616 4.86284 5.04493 5.13747 5.15134 5.26702 5.45831 5.39047 5.34341 5.54737 5.69184 5.67731 5.54026 5.35750 5.09164 4.90248 4.88842 5.03657 5.22458 5.32081 5.46931 5.60607 5.62691 5.59533 5.51488 5.45129 5.48685 5.69019 5.74979 5.56636 5.48663 5.53676 5.51104 5.50747 5.45156 5.36095
5.35479 5.29162 5.35884 5.56041 5.44127 5.18798 5.18645 5.37113 5.14399 5.07012 5.10767 5.17398 5.12699 4.91398 4.91969 5.10962 5.15317 5.21002 5.18958 5.10159 4.97744 4.81640 4.71049 4.76213 5.00957 5.38884 5.51439 5.37809 5.07206 4.74556 4.67647 4.79603 4.91173 4.95151 4.92195 4.91419 5.14898 5.39156 5.38255 5.31028 5.31649 5.32078 5.26324 5.15526 4.97322 4.85190 4.86621 5.01960 5.21785 5.38560 5.59661 5.60189 5.59686 5.62703 5.69585 5.72217 5.54181 5.64166 5.66775 5.44445 5.37690 5.47760 5.47136 5.38419 5.27620 5.18876
5.22723 5.06502 4.97467 5.06791 5.11363 5.12444 5.23173 5.14148 5.03596 5.10543 5.25964 5.18981 4.93109 4.74873 4.72773 4.84694 4.92676 5.01246 5.06720 5.02520 4.88042 4.77380 4.75665 4.87635 5.12951 5.35840 5.47828 5.46826 5.17503 4.81827 4.64238 4.71766 4.82428 4.91828 4.89225 4.75452 4.77369 4.93021 4.89585 4.86603 4.97796 5.13049 5.17783 5.08111 4.89840 4.79345 4.81675 4.97853 5.21149 5.34785 5.44091 5.51986 5.75530 5.91470 5.92418 5.77963 5.57249 5.51422 5.41370 5.30367 5.29374 5.43049 5.47354 5.34232 5.27786 5.09177
4.93153 4.81682 4.72264 4.72886 4.83654 5.05827 5.21671 5.09271 5.11421 5.30494 5.35340 5.01093 4.81821 4.71780 4.68179 4.81398 4.98459 5.02526 5.05081 4.99733 4.90085 4.87417 4.92863 5.05158 5.17454 5.17421 5.22452 5.39054 5.19595 4.97270 4.66853 4.63336 4.74868 4.94555 4.98619 4.77618 4.63132 4.63674 4.65630 4.75286 4.91072 5.16147 5.26938 5.17345 4.94785 4.78350 4.78407 4.91321 5.12410 5.25654 5.26897 5.34834 5.72804 6.03372 6.01871 5.74979 5.57218 5.40043 5.25887 5.34387 5.27064 5.35342 5.47271 5.31837 5.41223 5.17265
4.72741 4.69590 4.66578 4.65051 4.72112 4.88141 4.98247 5.00882 5.12633 5.31837 5.26529 4.93088 4.86676 4.85767 4.74488 4.85140 5.04622 5.16130 5.15906 5.01494 4.94597 5.00863 5.10896 5.10962 5.13573 5.13881 5.04104 5.16512 5.16240 4.99714 4.80945 4.65251 4.67314 4.82965 4.88847 4.73001 4.62620 4.61407 4.68038 4.80231 4.90508 5.15477 5.33253 5.24414 5.08729 4.85591 4.81535 4.89157 5.03222 5.17601 5.15173 5.21760 5.60341 5.93196 5.97405 5.78672 5.48124 5.29756 5.30052 5.47784 5.31436 5.30838 5.35289 5.24421 5.40120 5.34359
4.66864 4.70620 4.75481 4.73444 4.71880 4.75498 4.79371 4.86465 4.94606 5.03542 5.13873 4.99013 4.85675 4.91087 4.80128 4.88723 5.12161 5.28590 5.17600 4.96328 4.91587 5.02013 5.17830 5.08299 5.04918 5.18205 5.04059 5.08170 5.25623 5.02527 4.88863 4.73852 4.65286 4.71344 4.69178 4.63584 4.68720 4.75137 4.77759 4.76832 4.87545 5.18690 5.42607 5.35090 5.22363 4.99689 4.91595 4.93558 4.99763 5.05761 5.02786 5.13522 5.48537 5.71625 5.68039 5.49026 5.20400 5.11156 5.24743 5.44689 5.37294 5.32409 5.24720 5.27522 5.51300 5.51306
4.70913 4.82608 5.00692 4.93883 4.79668 4.74003 4.72502 4.74155 4.74470 4.77141 4.83938 4.84774 4.81457 4.91462 4.80309 4.85675 5.03544 5.17937 5.05040 4.87335 4.86278 4.89606 4.96402 4.98980 5.00577 5.18584 5.04501 5.05738 5.23389 4.99922 4.84236 4.76624 4.65863 4.66503 4.63301 4.70171 4.80472 4.75043 4.70914 4.74764 4.95267 5.24273 5.30378 5.27117 5.21862 5.09077 5.04883 5.04201 5.02770 4.99083 4.95096 5.02250 5.23065 5.31401 5.16826 4.95690 4.84227 4.90187 5.06839 5.24852 5.34007 5.36735 5.37239 5.50141 5.64183 5.59935
4.81497 5.01504 5.28278 5.14032 4.92850 4.83309 4.79908 4.77578 4.76669 4.77216 4.81296 4.80877 4.82229 4.83042 4.76591 4.76663 4.88227 5.06140 4.98987 4.86095 4.91248 4.86921 4.82291 4.84234 4.94911 5.12609 5.01938 4.96283 4.98383 4.80518 4.79037 4.78910 4.65896 4.67055 4.74159 4.82470 4.71849 4.66840 4.71369 4.85626 5.10275 5.22984 5.22645 5.18429 5.07482 5.08354 5.14249 5.14752 5.09506 5.02381 4.96003 4.94772 4.99198 4.98235 4.86890 4.77883 4.80500 4.89029 4.94477 5.04670 5.20587 5.35347 5.51472 5.61653 5.64910 5.62338
4.98719 5.24087 5.46780 5.27491 5.05833 4.96289 4.95316 4.98139 4.98856 4.93621 4.99166 5.06834 5.00895 4.97599 4.91089 4.87171 4.88385 5.03415 5.03312 4.86957 4.91252 4.89368 4.79375 4.77374 4.85727 4.98215 4.97939 4.95126 4.88424 4.78518 4.88074 4.95083 4.77628 4.77092 4.81781 4.74227 4.66831 4.71268 4.84908 4.98382 5.07629 5.14815 5.12568 5.00134 4.99830 5.10073 5.15807 5.14325 5.13379 5.11869 5.03462 4.95889 4.93100 4.90947 4.87808 4.89717 5.03490 5.07495 4.97222 4.96010 5.05424 5.23234 5.46623 5.44128 5.30999 5.40009
5.22316 5.47853 5.57767 5.36729 5.15789 5.04459 5.01623 5.04326 5.05672 5.00755 5.02360 5.14670 5.11285 5.07667 4.96135 4.91964 4.90017 5.00213 5.05224 4.82341 4.76150 4.77702 4.75177 4.75000 4.80064 4.87446 4.92548 4.99115 4.95248 4.87190 4.97957 5.06750 4.95093 4.84182 4.77556 4.70852 4.70576 4.77247 4.82849 4.86255 4.89015 4.91926 4.91029 4.89928 4.99341 5.07644 5.03418 5.01832 5.08399 5.11427 5.05112 4.99119 4.98187 5.01004 5.05063 5.12222 5.25851 5.29992 5.10735 4.98280 4.97203 5.07333 5.27334 5.15031 5.03532 5.08740
5.46370 5.67117 5.64472 5.44045 5.23470 5.09688 5.02490 5.00678 5.02153 4.99299 4.92908 4.95793 5.00037 4.95711 4.82785 4.80262 4.81817 4.86953 4.89146 4.70941 4.63056 4.65970 4.71430 4.75365 4.78115 4.81255 4.86839 4.97381 4.98210 4.90771 5.04375 4.97715 4.87892 4.86741 4.82356 4.76802 4.71295 4.66141 4.65829 4.70859 4.75934 4.76669 4.73706 4.72216 4.76100 4.76972 4.74198 4.73445 4.80868 4.89452 4.94493 4.97047 5.01657 5.11886 5.23208 5.26884 5.31507 5.38598 5.23806 5.04959 4.94628 4.94219 5.03743 4.96819 5.00370 4.90492
5.57800 5.69990 5.67484 5.52260 5.32814 5.16773 5.05289 4.97673 4.95829 4.97610 4.96228 4.94775 4.98774 4.98157 4.84518 4.76145 4.76532 4.75057 4.70523 4.60697 4.57868 4.64068 4.73915 4.79797 4.78931 4.78114 4.82799 4.92093 4.91543 4.89306 5.04128 4.88773 4.87900 4.97040 4.94036 4.83415 4.72504 4.65348 4.63141 4.66737 4.73338 4.75049 4.71481 4.67528 4.66421 4.66843 4.64773 4.61729 4.65435 4.75963 4.86174 4.91662 4.95947 5.06496 5.23310 5.29037 5.26361 5.28745 5.25506 5.10902 4.97526 4.90709 4.92689 4.94416 4.97799 4.83196
5.56249 5.67556 5.68817 5.60364 5.44508 5.27099 5.11887 4.99391 4.93366 4.95773 5.01997 5.07668 5.12287 5.02450 4.86028 4.85161 4.82236 4.70725 4.64436 4.60202 4.61032 4.69976 4.83638 4.90259 4.84056 4.79545 4.83588 4.91110 4.86978 4.92129 5.01920 4.86587 4.89274 5.00868 5.01870 4.92232 4.84462 4.80822 4.74869 4.72387 4.79917 4.84100 4.80481 4.76690 4.75288 4.76621 4.75212 4.68648 4.67009 4.75455 4.85977 4.88165 4.85415 4.87316 4.99287 5.16303 5.15932 5.13282 5.15316 5.11117 5.01865 4.96985 4.99021 4.95017 4.90576 4.78332
