mrvbf_slope1_pctl1.4.asc
NCOLS 410
NROWS 410
XLLCORNER 2398750.0000000000000000
YLLCORNER 2548750.0000000000000000
CELLSIZE 250.0000000000000000
NODATA_VALUE -99999.00000
[rows 145 to 173 of 410, columns 132 to 197 of 410]
7.52199 7.52369 7.52128 7.51984 7.52788 7.52276 7.49798 7.46138 7.41488 7.37982 7.48178 7.55479 7.58217 7.59431 7.60371 7.61147 7.61746 7.62179 7.62453 7.62573 7.62572 7.62428 7.62074 7.61466 7.60592 7.58486 7.50949 7.42722 7.51903 7.54122 7.57873 7.56505 7.56156 7.52685 7.55675 7.58855 7.59030 7.59537 7.58486 7.55129 7.49559 7.51675 7.56466 7.57380 7.56435 7.55311 7.56377 7.58204 7.59326 7.58447 7.53482 7.46603 7.41975 7.08704 6.64201 7.26760 7.18239 7.22763 7.33934 7.40785 7.45242 7.35632 7.48574 7.45073 7.45203 7.45257
7.50376 7.50835 7.50722 7.50896 7.51218 7.50735 7.50021 7.46820 7.45097 7.47782 7.49057 7.50982 7.55662 7.58194 7.59384 7.60301 7.61053 7.61615 7.61985 7.62178 7.62236 7.62147 7.61843 7.61281 7.60451 7.58794 7.53186 7.43699 7.49640 7.54081 7.57936 7.56901 7.55889 7.54063 7.56791 7.59681 7.59995 7.58635 7.55266 7.47096 7.41989 7.49409 7.54441 7.57931 7.58877 7.58029 7.59176 7.59955 7.59889 7.58494 7.53722 7.44706 7.45062 7.37021 6.85153 7.06105 7.31932 7.35761 7.45854 7.48318 7.39710 7.44599 7.49988 7.44617 7.37598 7.32338
7.46747 7.47386 7.47801 7.48219 7.47991 7.48607 7.50671 7.51198 7.50778 7.53435 7.52817 7.49165 7.50382 7.55468 7.58134 7.59349 7.60252 7.60960 7.61445 7.61723 7.61844 7.61818 7.61577 7.61089 7.60341 7.59281 7.56298 7.47792 7.47667 7.53938 7.56801 7.56293 7.56000 7.55736 7.57547 7.60092 7.60569 7.58533 7.52105 7.44829 7.45977 7.49626 7.51679 7.56673 7.58626 7.58410 7.59674 7.60229 7.59966 7.58822 7.55814 7.47751 7.42427 7.44668 7.31895 7.23648 7.42331 7.43187 7.51330 7.53591 7.48556 7.41062 7.44356 7.40371 7.31102 7.13147
7.42312 7.43731 7.45150 7.46064 7.45372 7.46178 7.48663 7.50681 7.52502 7.53712 7.53012 7.51205 7.47615 7.49749 7.55370 7.58167 7.59386 7.60233 7.60840 7.61210 7.61400 7.61437 7.61262 7.60853 7.60204 7.59357 7.57386 7.51651 7.51306 7.55123 7.56507 7.55924 7.56098 7.56971 7.58495 7.60243 7.60182 7.58080 7.53166 7.46884 7.43702 7.47929 7.51950 7.55088 7.56411 7.55629 7.57990 7.59308 7.59483 7.58805 7.57069 7.52603 7.44988 7.40508 7.27812 7.30268 7.39679 7.45831 7.52712 7.54637 7.51636 7.43412 7.16371 7.02264 6.60702 6.88384
7.38819 7.42023 7.44666 7.45970 7.44486 7.45386 7.48833 7.50433 7.52141 7.53152 7.52598 7.52215 7.50124 7.46948 7.49682 7.55750 7.58383 7.59473 7.60188 7.60646 7.60901 7.60996 7.60886 7.60550 7.59990 7.59237 7.56835 7.48962 7.49922 7.52978 7.56811 7.57776 7.57557 7.58275 7.59581 7.60097 7.58650 7.55273 7.50316 7.49340 7.49872 7.50947 7.52768 7.54592 7.53440 7.51856 7.54083 7.57594 7.58586 7.58256 7.56596 7.52976 7.48710 7.43218 7.32907 7.28855 7.39633 7.49435 7.53083 7.52315 7.44733 7.26063 6.88154 6.80547 6.54280 7.21863
7.36190 7.41427 7.44237 7.43706 7.41432 7.42639 7.47553 7.50416 7.52358 7.52871 7.52393 7.52629 7.51629 7.49620 7.46678 7.51542 7.56964 7.58744 7.59524 7.60043 7.60350 7.60495 7.60455 7.60173 7.59674 7.58987 7.57101 7.51084 7.50201 7.54642 7.58187 7.59255 7.59297 7.59620 7.60081 7.59232 7.57080 7.54597 7.53367 7.52996 7.54057 7.52954 7.53137 7.52771 7.52213 7.50695 7.50243 7.54910 7.57085 7.56997 7.53942 7.49208 7.46308 7.44943 7.44076 7.43599 7.47178 7.50221 7.50112 7.43598 7.18626 6.72076 6.39280 6.77198 6.64810 7.06424
7.31459 7.38171 7.40607 7.40309 7.39169 7.41544 7.47041 7.50286 7.52529 7.52542 7.51982 7.52731 7.52310 7.50154 7.46471 7.49114 7.55326 7.57936 7.58875 7.59418 7.59757 7.59949 7.59971 7.59718 7.59235 7.58561 7.57013 7.52691 7.52117 7.55255 7.56900 7.57519 7.57988 7.58658 7.59210 7.58606 7.56818 7.54957 7.54634 7.55044 7.55333 7.52564 7.49904 7.51266 7.53269 7.51858 7.47758 7.50148 7.53703 7.54878 7.50318 7.45506 7.46514 7.46000 7.47176 7.51162 7.52320 7.50580 7.44386 7.14244 6.58009 6.42453 6.47500 6.28952 6.72539 6.83853
7.21056 7.31229 7.36345 7.38487 7.38414 7.39487 7.44406 7.48912 7.51270 7.51340 7.51327 7.52016 7.49723 7.46970 7.47123 7.49168 7.52275 7.56295 7.58116 7.58753 7.59107 7.59338 7.59403 7.59148 7.58621 7.57886 7.56039 7.50399 7.49609 7.53725 7.55092 7.55120 7.55228 7.55919 7.57231 7.58291 7.57545 7.55253 7.53536 7.55005 7.55875 7.53207 7.47850 7.48816 7.53479 7.53689 7.50248 7.47881 7.49618 7.51473 7.46113 7.44497 7.49748 7.51955 7.52819 7.53064 7.52766 7.49511 7.30562 6.65009 6.26352 6.50804 6.87128 6.78255 6.72074 6.61589
7.04116 7.22059 7.32624 7.36565 7.36397 7.35423 7.38235 7.43791 7.47603 7.48647 7.49653 7.49700 7.45754 7.44845 7.48432 7.50144 7.52005 7.53812 7.56324 7.57342 7.58194 7.58565 7.58624 7.58326 7.57688 7.56814 7.54615 7.47585 7.47129 7.53100 7.54678 7.54477 7.53999 7.53531 7.54304 7.56670 7.58023 7.56859 7.54184 7.53709 7.55096 7.53105 7.48825 7.47797 7.49537 7.51199 7.52644 7.49863 7.49222 7.50414 7.45000 7.46198 7.50903 7.52571 7.53656 7.54236 7.53608 7.48540 7.22418 6.43645 6.12732 6.75162 7.13711 7.29838 7.35102 7.24696
6.81618 7.10830 7.27987 7.31952 7.32151 7.31420 7.32962 7.38319 7.43874 7.46420 7.47579 7.46471 7.42242 7.44202 7.50006 7.51397 7.52525 7.52980 7.52597 7.53402 7.56119 7.57387 7.57502 7.57086 7.56265 7.55040 7.51986 7.44489 7.44893 7.49528 7.51125 7.52185 7.52745 7.51599 7.51048 7.53662 7.56663 7.56131 7.54077 7.52429 7.51145 7.48372 7.48121 7.50911 7.50799 7.48247 7.49350 7.50037 7.49323 7.51024 7.45126 7.47484 7.49484 7.52608 7.54834 7.54949 7.54408 7.50811 7.35437 6.68347 6.06422 6.29225 6.84434 7.27530 7.44423 7.45741
6.55878 6.95763 7.18004 7.23938 7.28147 7.30726 7.32157 7.36985 7.43397 7.46125 7.46732 7.44851 7.40443 7.41600 7.47650 7.49983 7.51339 7.51213 7.50155 7.50571 7.52794 7.55543 7.55935 7.55317 7.54254 7.51998 7.44322 7.33043 7.35648 7.40858 7.46325 7.47466 7.48093 7.48620 7.47810 7.50067 7.54487 7.53383 7.50996 7.48798 7.45343 7.43575 7.46810 7.50513 7.52340 7.46041 7.46599 7.49307 7.47437 7.49083 7.44237 7.46118 7.48954 7.51073 7.52844 7.53714 7.53674 7.52325 7.46100 7.20872 6.52411 6.32011 6.60652 7.08085 7.37903 7.46718
6.29271 6.75146 7.02047 7.14621 7.25600 7.31934 7.32654 7.35484 7.42456 7.45467 7.46882 7.45312 7.40591 7.42353 7.46075 7.47066 7.46731 7.46402 7.47247 7.49607 7.52871 7.54078 7.53873 7.53006 7.51408 7.46588 7.30053 7.14135 7.26330 7.30824 7.35188 7.39062 7.43151 7.46605 7.45723 7.46848 7.52691 7.51636 7.49497 7.46813 7.44104 7.45839 7.47515 7.48021 7.51219 7.45689 7.44969 7.50148 7.46899 7.47671 7.48197 7.48263 7.52558 7.51060 7.50814 7.52349 7.52836 7.52202 7.45148 7.26954 7.07249 6.99404 7.01747 6.99762 7.13133 7.38669
6.05487 6.48421 6.85480 7.09411 7.25104 7.30234 7.27110 7.29666 7.40372 7.44170 7.44866 7.44991 7.39112 7.42794 7.44476 7.44001 7.42063 7.40164 7.41217 7.47601 7.49025 7.48900 7.49756 7.48299 7.42422 7.23969 6.98382 7.06044 7.33566 7.41430 7.41019 7.41423 7.44386 7.47558 7.46704 7.45250 7.49233 7.50196 7.49129 7.47443 7.46626 7.49180 7.49278 7.45231 7.48847 7.47592 7.41332 7.47460 7.47893 7.47840 7.51767 7.51643 7.52349 7.51951 7.51431 7.51204 7.51845 7.51396 7.39690 7.22246 7.24807 7.28619 7.21369 6.78454 6.82236 7.32041
5.96908 6.33623 6.78749 7.10528 7.24762 7.23058 7.18713 7.28762 7.42074 7.46050 7.46010 7.44498 7.41249 7.43729 7.42629 7.42807 7.43707 7.41897 7.33316 7.30477 7.23551 7.20743 7.34324 7.29144 6.94475 6.70683 6.87322 7.22012 7.43867 7.49927 7.50589 7.49665 7.47789 7.45967 7.48654 7.50051 7.49702 7.51519 7.51295 7.49204 7.48321 7.50487 7.52001 7.47269 7.45085 7.47858 7.41617 7.40753 7.46535 7.44258 7.51101 7.52801 7.50348 7.51729 7.52869 7.50555 7.50756 7.50958 7.36655 7.24519 7.37039 7.31993 7.07725 6.52383 6.81657 7.34626
5.95307 6.31625 6.74914 7.06068 7.15546 7.15879 7.18477 7.30367 7.41708 7.45865 7.46608 7.44515 7.45151 7.43886 7.44758 7.47070 7.47753 7.46913 7.40984 7.29685 7.19482 7.12341 7.19180 7.10532 6.80425 6.96559 7.25598 7.41482 7.45569 7.46987 7.47639 7.45841 7.43024 7.46838 7.52382 7.54283 7.54682 7.54632 7.53748 7.50651 7.48924 7.50097 7.52227 7.51615 7.46696 7.44850 7.38334 7.35664 7.46380 7.41540 7.45952 7.52814 7.50016 7.50528 7.51862 7.48634 7.49869 7.51255 7.38831 7.24454 7.35464 7.37032 7.05232 6.53681 6.77812 7.16698
5.96811 6.26809 6.65481 6.95376 7.09248 7.17683 7.24230 7.29792 7.37865 7.43673 7.44734 7.43843 7.46910 7.44566 7.45845 7.48926 7.50973 7.50762 7.47628 7.44978 7.40925 7.36580 7.35614 7.28319 7.13769 7.34378 7.46040 7.45806 7.43117 7.45586 7.48570 7.47846 7.48614 7.53892 7.56088 7.56566 7.56321 7.56760 7.55431 7.52296 7.50483 7.49384 7.47919 7.48363 7.49815 7.49476 7.43243 7.43523 7.44906 7.40848 7.47067 7.53427 7.50395 7.49431 7.48197 7.47113 7.51157 7.52529 7.43478 7.27801 7.30434 7.32311 7.06800 6.50740 6.38922 6.65190
6.02500 6.30041 6.64389 6.93666 7.12364 7.23981 7.28817 7.28978 7.31004 7.37929 7.42298 7.44034 7.45654 7.46386 7.44041 7.44414 7.47661 7.47447 7.45643 7.43849 7.43892 7.44432 7.43920 7.35394 7.30100 7.41450 7.47383 7.46308 7.45230 7.49781 7.53601 7.53844 7.53801 7.54988 7.55657 7.56340 7.57097 7.57313 7.55006 7.51944 7.52087 7.50195 7.48342 7.46212 7.46643 7.50519 7.48755 7.44686 7.42693 7.45442 7.51857 7.53884 7.51481 7.49133 7.48325 7.50944 7.54233 7.53985 7.48502 7.36643 7.30156 7.27353 7.07755 6.63340 6.39065 6.49692
6.24548 6.47035 6.71506 6.96856 7.16364 7.27812 7.31810 7.30726 7.25274 7.31709 7.40903 7.42700 7.46761 7.49818 7.48317 7.46000 7.46401 7.47418 7.48486 7.46368 7.44662 7.45876 7.43710 7.38172 7.41422 7.45607 7.47612 7.48239 7.48762 7.51580 7.54338 7.53873 7.52864 7.52151 7.52117 7.53163 7.55617 7.56925 7.54646 7.51766 7.52219 7.51337 7.52978 7.52088 7.49559 7.50191 7.51275 7.50025 7.50659 7.53486 7.55891 7.55960 7.54308 7.52973 7.53582 7.55260 7.55872 7.55188 7.52787 7.46475 7.38763 7.36152 7.29986 7.12533 6.85164 6.76831
6.52755 6.60151 6.72544 6.94592 7.15697 7.27837 7.32451 7.31243 7.25196 7.28128 7.37440 7.41939 7.46717 7.50352 7.51644 7.50745 7.49645 7.50697 7.50798 7.46810 7.42759 7.43061 7.43540 7.45148 7.47418 7.49135 7.50727 7.51869 7.52068 7.52102 7.52874 7.51787 7.51294 7.50908 7.50709 7.50886 7.53056 7.56141 7.56584 7.53704 7.53039 7.54461 7.56016 7.55554 7.53113 7.51830 7.53527 7.54540 7.55818 7.56859 7.57388 7.57362 7.56860 7.56667 7.56721 7.56868 7.56708 7.56153 7.55080 7.52701 7.48247 7.46106 7.44920 7.39894 7.29083 7.16828
6.61178 6.62202 6.66948 6.86893 7.11639 7.25902 7.31129 7.31154 7.27772 7.25934 7.29353 7.32993 7.40063 7.46812 7.49534 7.49079 7.49288 7.50682 7.49330 7.43721 7.39414 7.40786 7.44667 7.48675 7.50727 7.52908 7.54128 7.53996 7.52755 7.51898 7.51730 7.51107 7.51199 7.51843 7.51472 7.49959 7.51801 7.55638 7.56690 7.55269 7.55826 7.56777 7.57101 7.56370 7.53934 7.52107 7.53657 7.55085 7.56101 7.56988 7.56973 7.56458 7.56222 7.56577 7.56853 7.56843 7.56772 7.56604 7.56150 7.55140 7.53222 7.51565 7.50666 7.47896 7.44656 7.39483
6.71925 6.67611 6.64197 6.79506 7.04693 7.20064 7.26257 7.28281 7.26787 7.24080 7.24032 7.24403 7.27841 7.38427 7.42736 7.43749 7.46040 7.47273 7.45935 7.39459 7.36649 7.40358 7.44945 7.47593 7.50152 7.53359 7.54066 7.52585 7.51955 7.52020 7.52298 7.51544 7.51288 7.51726 7.50333 7.48062 7.50837 7.54766 7.54137 7.52388 7.53718 7.55715 7.57071 7.56288 7.53079 7.50894 7.52940 7.54468 7.54841 7.54986 7.53629 7.51341 7.50832 7.53010 7.55087 7.55546 7.55557 7.55593 7.55507 7.54945 7.54247 7.53949 7.52938 7.51130 7.49866 7.48401
6.77164 6.73091 6.67915 6.77098 6.95266 7.10614 7.20955 7.25573 7.25653 7.25623 7.25931 7.22773 7.19720 7.30155 7.36157 7.40691 7.42985 7.43662 7.42106 7.36593 7.36717 7.41359 7.45614 7.48050 7.48471 7.50779 7.51784 7.51371 7.52799 7.52694 7.53113 7.51558 7.50544 7.50483 7.48212 7.45413 7.48855 7.53086 7.51235 7.51153 7.52016 7.54074 7.56528 7.55799 7.51892 7.49933 7.53017 7.54876 7.55180 7.54166 7.50884 7.48292 7.47585 7.48317 7.51032 7.51962 7.52042 7.52300 7.52545 7.52817 7.53427 7.54294 7.54499 7.53230 7.52361 7.52073
6.70923 6.74599 6.73277 6.78106 6.89081 7.05944 7.21492 7.27620 7.28644 7.31523 7.33949 7.28295 7.17737 7.25263 7.35364 7.39481 7.40415 7.40668 7.39931 7.38032 7.39686 7.42756 7.45724 7.49236 7.50419 7.50713 7.51867 7.52796 7.53092 7.52907 7.52780 7.50097 7.48345 7.48458 7.45594 7.41348 7.44388 7.50743 7.50715 7.51689 7.52416 7.54160 7.56114 7.55084 7.50624 7.49217 7.53077 7.54224 7.54328 7.52671 7.49776 7.50616 7.51968 7.50434 7.50466 7.49704 7.49345 7.49991 7.51079 7.52570 7.53331 7.53637 7.54523 7.54638 7.54338 7.53783
6.54073 6.71040 6.78924 6.82003 6.87126 7.01880 7.18313 7.26327 7.30709 7.33517 7.38025 7.34202 7.25623 7.21667 7.36008 7.41348 7.41320 7.41781 7.41326 7.39886 7.42020 7.44865 7.45959 7.49165 7.52300 7.52633 7.53600 7.53928 7.53224 7.52758 7.51597 7.47330 7.45511 7.46888 7.43764 7.36327 7.36520 7.46691 7.50347 7.52519 7.52741 7.54113 7.55472 7.52991 7.46457 7.47562 7.52535 7.54026 7.54610 7.52633 7.50031 7.51710 7.53183 7.52806 7.53296 7.51670 7.51398 7.51613 7.52029 7.52659 7.52919 7.52989 7.53807 7.54922 7.55399 7.54436
6.22903 6.58083 6.81793 6.87797 6.86721 6.89679 7.09576 7.22036 7.28603 7.33804 7.40056 7.36816 7.32679 7.30386 7.35958 7.43556 7.44854 7.45647 7.43868 7.40610 7.42065 7.44799 7.46498 7.49459 7.52154 7.52263 7.53220 7.52851 7.52689 7.51841 7.49980 7.44307 7.43613 7.47579 7.45992 7.36676 7.29119 7.41672 7.49698 7.51526 7.51153 7.52739 7.53831 7.47800 7.41588 7.47435 7.50833 7.53202 7.54020 7.52102 7.49983 7.52144 7.52030 7.52347 7.52195 7.51721 7.53179 7.53045 7.52557 7.52428 7.52188 7.51095 7.51482 7.53173 7.54983 7.55229
5.87651 6.31757 6.73236 6.89506 6.87632 6.82545 7.06905 7.26270 7.30054 7.38583 7.43028 7.42913 7.39187 7.38859 7.40359 7.42914 7.45673 7.47745 7.44583 7.40343 7.43424 7.44662 7.47738 7.50757 7.51519 7.52332 7.53510 7.52425 7.51765 7.51450 7.50253 7.43690 7.41053 7.47137 7.49087 7.42788 7.27056 7.36528 7.48368 7.50474 7.50305 7.51238 7.51812 7.44714 7.43302 7.47061 7.49877 7.53071 7.53321 7.51904 7.49508 7.50977 7.50918 7.53224 7.53607 7.51384 7.51478 7.52663 7.53263 7.52021 7.49995 7.49579 7.49818 7.51011 7.53456 7.55056
5.67239 6.01672 6.56962 6.85917 6.88242 6.82204 7.00538 7.24191 7.33343 7.39383 7.43010 7.44876 7.44728 7.43626 7.42983 7.41776 7.45254 7.48951 7.45869 7.40404 7.43204 7.47265 7.49387 7.50733 7.51442 7.53069 7.53819 7.53050 7.51341 7.51308 7.50598 7.46551 7.41719 7.45019 7.47104 7.40685 7.29850 7.38760 7.49585 7.50751 7.50870 7.51741 7.51641 7.46676 7.45926 7.47914 7.51111 7.52156 7.51905 7.50859 7.48973 7.49320 7.51908 7.54729 7.55411 7.54037 7.52770 7.52293 7.52367 7.51628 7.51176 7.50556 7.49319 7.49886 7.52492 7.54419
5.54829 5.82703 6.40656 6.84400 6.94461 6.83564 6.80141 7.02954 7.27104 7.37090 7.41714 7.44289 7.44256 7.41021 7.39699 7.38688 7.43829 7.49091 7.47431 7.40694 7.41346 7.47610 7.49728 7.50040 7.51161 7.52934 7.53176 7.52117 7.49287 7.47054 7.45676 7.42917 7.42850 7.47538 7.45118 7.36608 7.34082 7.43204 7.50474 7.51770 7.52250 7.52619 7.51056 7.47317 7.47126 7.47883 7.48751 7.48072 7.46404 7.44456 7.44360 7.47523 7.51536 7.54023 7.54746 7.54446 7.53949 7.52835 7.51372 7.51746 7.52946 7.50834 7.48951 7.49724 7.52012 7.53638
5.37275 5.72566 6.34312 6.84697 6.96558 6.85600 6.65798 6.63939 7.01672 7.30884 7.39948 7.42626 7.39514 7.35324 7.35356 7.33025 7.40066 7.48155 7.49258 7.42843 7.38209 7.44146 7.47963 7.49050 7.49782 7.51553 7.51745 7.48681 7.43249 7.42383 7.42012 7.40705 7.44587 7.47605 7.42353 7.36444 7.39647 7.47221 7.51709 7.53063 7.53246 7.52531 7.48804 7.43364 7.41791 7.41689 7.40543 7.37430 7.34030 7.32483 7.33017 7.36485 7.43389 7.50400 7.51676 7.49700 7.49848 7.51461 7.50935 7.51404 7.53215 7.50702 7.49461 7.49005 7.49496 7.51468
