mrvbf_slope1_pctl0.9.asc
NCOLS 410
NROWS 410
XLLCORNER 2398750.0000000000000000
YLLCORNER 2548750.0000000000000000
CELLSIZE 250.0000000000000000
NODATA_VALUE -99999.00000
[rows 290 to 318 of 410, columns 132 to 197 of 410]
7.39377 7.32904 7.33535 7.30805 7.35033 7.37036 7.36005 7.39736 7.40240 7.38934 7.34956 7.32487 7.36822 7.42138 7.43985 7.43499 7.42693 7.42061 7.42495 7.41766 7.39725 7.38283 7.36861 7.37026 7.35646 7.33273 7.32797 7.33135 7.28431 7.18068 7.11746 7.11560 7.09774 7.06085 7.07003 7.15755 7.14882 7.05403 7.03868 7.02643 6.91698 6.71751 6.39361 6.00094 5.54544 4.87202 4.59542 4.82526 5.14482 5.19991 5.19753 5.55085 6.25732 6.02866 6.02944 6.43614 6.58662 6.27591 5.88733 6.03637 5.99320 5.62100 5.59398 5.51205 5.48323 5.41526
7.40881 7.40003 7.27289 7.21002 7.24309 7.29874 7.37399 7.36744 7.38175 7.38184 7.34561 7.30649 7.35485 7.41341 7.43554 7.44032 7.44113 7.43435 7.43042 7.42098 7.40463 7.38520 7.36458 7.34572 7.31422 7.24882 7.19399 7.19070 7.13923 7.07311 7.08380 7.10235 7.08201 7.01755 6.93717 7.01195 7.10158 7.00300 6.94983 6.97068 6.86878 6.54069 6.06983 5.74716 5.52737 5.18343 4.97193 5.00867 5.28857 5.48831 5.53369 5.75598 6.36759 6.27507 5.90556 6.24738 6.65068 6.30057 5.90854 6.03503 5.83387 5.48268 5.42865 5.24102 5.19272 5.13435
7.37592 7.35344 7.24252 7.23446 7.16711 7.23995 7.34924 7.36343 7.35856 7.35383 7.34451 7.25330 7.33224 7.40248 7.42519 7.43758 7.44030 7.43495 7.42713 7.41478 7.39728 7.37561 7.35508 7.32709 7.27075 7.21734 7.18529 7.13659 7.12074 7.12681 7.14283 7.15009 7.12620 7.04704 6.87032 6.79641 6.91403 6.89826 6.90219 6.90217 6.70505 6.28234 5.93258 5.93408 6.15504 6.16269 5.75875 5.40512 5.55744 5.84328 6.02367 6.03010 6.41504 6.40003 5.98193 6.21553 6.59247 6.36709 6.04560 5.99561 5.66238 5.29461 5.14193 5.02793 5.01368 4.99513
7.38756 7.39439 7.30745 7.29773 7.23644 7.29855 7.32351 7.35318 7.33609 7.34419 7.29388 7.28278 7.30057 7.36985 7.40305 7.42515 7.43056 7.42919 7.42027 7.40049 7.37101 7.33975 7.32305 7.31776 7.26130 7.18044 7.18748 7.21870 7.21625 7.20867 7.19433 7.18517 7.16201 7.08527 6.90333 6.68543 6.64418 6.66943 6.77950 6.88383 6.62808 6.09380 5.82530 6.17428 6.51038 6.54975 6.49654 6.42764 6.43057 6.44457 6.48727 6.35813 6.44562 6.26647 6.08067 6.45126 6.49033 6.31548 6.22940 6.05740 5.57206 5.22910 5.13812 5.06972 5.07873 5.20851
7.42228 7.44147 7.38872 7.35397 7.32143 7.35104 7.36400 7.34452 7.35771 7.36678 7.31722 7.34109 7.32034 7.35493 7.37371 7.39753 7.41648 7.41990 7.40910 7.37946 7.33219 7.28017 7.24141 7.23092 7.20980 7.16325 7.17850 7.23477 7.25757 7.24247 7.20030 7.16500 7.14212 7.08806 6.96119 6.76435 6.61344 6.51267 6.49321 6.68139 6.53741 6.04498 5.85868 6.26995 6.59384 6.69854 6.89576 6.95987 6.94013 6.87498 6.71250 6.51583 6.44701 6.27202 6.15433 6.43462 6.32959 6.24249 6.22913 5.93442 5.49174 5.32788 5.33594 5.17408 5.05934 5.27231
7.45013 7.44630 7.41243 7.38920 7.35483 7.35256 7.35556 7.34920 7.36420 7.37926 7.33881 7.32765 7.36708 7.37230 7.35849 7.37112 7.39632 7.39170 7.37375 7.33516 7.27923 7.23152 7.19815 7.16448 7.13608 7.12686 7.16767 7.22629 7.26240 7.25383 7.19463 7.11374 7.06733 7.05639 7.02632 6.92896 6.80488 6.67611 6.48365 6.42983 6.38974 6.06929 5.97094 6.31722 6.60203 6.55777 6.78709 6.97291 6.97507 6.85469 6.56357 6.23632 6.05611 6.03198 5.98444 6.25508 6.17609 6.03461 5.84880 5.54849 5.35536 5.37408 5.50794 5.40669 5.15679 5.22908
7.45677 7.42077 7.38144 7.34337 7.30945 7.26578 7.26434 7.31745 7.35389 7.33899 7.28641 7.26057 7.30315 7.31452 7.33284 7.36022 7.37379 7.36478 7.33322 7.27119 7.21263 7.20627 7.23019 7.20205 7.15136 7.11505 7.13049 7.17987 7.22025 7.23986 7.19627 7.07957 6.98777 7.00422 7.05761 7.04801 6.98492 6.92570 6.74928 6.55524 6.51640 6.33232 6.12146 6.18201 6.45844 6.39374 6.37837 6.63055 6.69625 6.40705 6.03363 5.80878 5.62259 5.56533 5.65466 5.89370 5.84674 5.63363 5.44653 5.37632 5.34525 5.39014 5.48555 5.47583 5.40458 5.40981
7.43778 7.39392 7.36379 7.27497 7.14288 6.93765 6.96618 7.20500 7.29481 7.19160 7.08865 7.06773 7.14381 7.23802 7.29282 7.35119 7.36745 7.35909 7.31141 7.21296 7.14610 7.17844 7.24076 7.24355 7.18908 7.12901 7.11330 7.12459 7.13796 7.17653 7.15691 7.02612 6.91529 6.95974 7.02804 7.04360 7.01477 6.96479 6.89243 6.79130 6.75382 6.65958 6.31849 5.93213 5.89821 6.23467 6.19135 6.10985 6.13645 5.91126 5.84881 5.91024 5.77180 5.71351 5.83868 5.96635 5.91460 5.73717 5.62985 5.62347 5.59031 5.61266 5.71251 5.66938 5.59224 5.56523
7.41636 7.38818 7.34374 7.23517 6.94711 6.71245 6.60828 6.93689 7.12429 6.68056 6.71840 6.87147 7.01989 7.18311 7.22391 7.28293 7.33503 7.32889 7.26684 7.13582 7.06545 7.15566 7.24154 7.24630 7.18378 7.13295 7.14139 7.11907 7.07394 7.04871 6.96374 6.80959 6.77578 6.89390 6.97926 6.99310 6.98378 6.94467 6.88399 6.77941 6.71223 6.69639 6.56693 6.17447 5.65544 5.70200 6.12401 5.99358 5.91574 5.97794 6.13291 6.30338 6.23590 6.22149 6.27902 6.28523 6.22515 6.10946 6.03268 5.99471 5.88346 5.69992 5.57972 5.48386 5.36863 5.35490
7.40496 7.37947 7.29113 7.19904 7.09508 7.09269 6.75569 6.73909 6.82728 6.59936 6.89318 6.97960 7.04625 7.14955 7.15354 7.11655 7.16653 7.13933 7.03323 6.88917 6.93671 7.15146 7.26155 7.26155 7.17063 7.06433 7.11147 7.10797 7.07981 6.97421 6.75385 6.62324 6.67899 6.75131 6.73900 6.73798 6.82540 6.79720 6.61923 6.45710 6.29576 6.19782 6.31850 6.21671 5.73249 5.43018 5.62766 5.94552 6.07922 6.24841 6.34148 6.41811 6.38888 6.40518 6.36776 6.33809 6.31255 6.18495 6.07919 6.05696 5.93319 5.74265 5.48118 5.10855 4.90609 4.91193
7.39921 7.37017 7.26557 7.21762 7.25676 7.19320 6.88739 7.03974 7.05338 6.88216 7.20311 7.18976 7.17212 7.24271 7.23558 7.11907 6.99306 6.84117 6.75268 6.75904 6.91626 7.11455 7.23174 7.27166 7.23404 7.10297 6.99957 6.99928 6.98659 6.86768 6.73090 6.72774 6.75206 6.66609 6.42638 6.28279 6.52302 6.52942 6.21276 6.16017 5.88988 5.35102 5.18587 5.18674 5.12644 5.22623 5.36991 5.71015 6.08172 6.27092 6.27419 6.30980 6.33459 6.34727 6.26869 6.19151 6.19478 6.09473 5.90015 5.76761 5.60945 5.54661 5.22407 4.77662 4.65651 4.73681
7.39695 7.34792 7.22732 7.19802 7.29012 7.21616 7.01811 7.18360 7.22989 7.09931 7.25350 7.25499 7.25522 7.32588 7.32918 7.27775 7.14303 7.00298 7.04348 7.07827 7.03343 6.99579 7.11947 7.22011 7.22788 7.17580 7.05454 6.96879 6.86015 6.64904 6.61598 6.73440 6.71385 6.53426 6.22941 5.97322 6.10965 6.16688 5.93046 6.05129 5.65155 5.06564 4.81801 4.73557 4.74050 4.96601 5.25947 5.59856 5.97022 6.11780 5.98169 5.97660 6.08342 6.03907 5.80290 5.62668 5.73751 5.83299 5.52906 5.21951 5.03390 4.90243 4.70821 4.57609 4.61140 4.77203
7.37285 7.35151 7.19236 7.13368 7.25207 7.25831 7.00664 7.07943 7.27976 7.22325 7.30108 7.30403 7.30582 7.35798 7.36801 7.33338 7.22599 7.16937 7.07897 6.99986 6.95649 6.84044 6.83432 6.99580 7.05494 7.04733 6.94476 6.74852 6.49142 6.29625 6.50553 6.75335 6.67654 6.25333 5.90463 5.94900 5.63561 5.64174 5.85434 5.75022 5.32452 4.98611 4.93079 4.86105 4.87579 5.04769 5.42582 5.81764 5.82851 5.88035 5.66061 5.41777 5.39112 5.27862 5.09099 5.03681 5.07194 5.21418 5.03569 4.88777 4.86729 4.71884 4.59418 4.59036 4.71661 4.94114
7.35809 7.34985 7.14531 6.94262 7.15887 7.26309 7.08207 7.07740 7.28253 7.24102 7.33456 7.32284 7.32313 7.36613 7.37745 7.36194 7.30196 7.21027 7.16988 6.97950 6.81881 6.88344 6.70253 6.56808 6.53542 6.53627 6.43298 6.15805 5.84039 5.74072 6.06299 6.57294 6.71214 6.28853 5.85161 5.93784 5.45790 5.37279 5.74543 5.58936 5.20686 4.88830 4.96187 5.25313 5.33128 5.30176 5.46470 5.64872 5.66859 5.45923 5.35492 5.17929 4.96258 4.83814 4.81455 4.84834 4.80218 4.80108 4.78593 4.91677 5.00296 4.83900 4.71428 4.76017 4.95130 5.18004
7.36513 7.35577 7.10923 6.72918 7.08294 7.22598 7.09728 7.09260 7.23916 7.23480 7.31995 7.29756 7.31699 7.36918 7.37756 7.36612 7.33124 7.25228 7.12302 6.90590 6.86123 7.01955 6.98407 6.70565 6.40760 6.20961 6.09171 5.89063 5.60006 5.45647 5.46525 5.90337 6.40881 5.95490 5.50590 5.54417 5.19057 5.15710 5.30721 5.07528 4.85132 4.77664 5.01808 5.50836 5.52267 5.49557 5.24599 4.99361 4.98794 5.07375 5.29007 5.26305 4.98183 4.84334 4.87220 4.93197 4.86511 4.76344 4.76652 5.09323 5.16887 4.85011 4.76239 4.93309 5.25387 5.44485
7.36686 7.32445 6.99571 6.72053 7.11881 7.19875 7.15398 7.17551 7.24743 7.27267 7.31044 7.29891 7.32266 7.36682 7.37190 7.36079 7.31545 7.19044 7.01551 6.95518 7.05220 7.06283 7.03389 6.92892 6.78632 6.49723 6.22906 5.99268 5.73155 5.71706 5.58301 5.63503 6.16085 5.62499 5.32595 5.44872 5.37684 5.33084 5.23946 4.93482 4.77456 4.82929 5.13980 5.48908 5.50404 5.52452 5.16476 4.93958 4.91180 5.14256 5.55355 5.49912 5.18304 5.10612 5.18381 5.24750 5.19915 5.01260 4.89179 5.00584 5.23953 4.85777 4.72288 5.00290 5.47781 5.60505
7.33495 7.25282 7.03084 7.03802 7.15598 7.23236 7.27172 7.26345 7.27267 7.33578 7.33721 7.30713 7.30972 7.35292 7.36503 7.35160 7.29784 7.16189 6.96775 7.00906 7.13075 7.11573 6.99143 6.85804 6.75269 6.61210 6.46235 6.29146 6.17267 6.17035 5.57630 5.71642 6.07602 5.57322 5.43725 5.75332 5.96545 5.92835 5.71622 5.33418 5.10785 5.20636 5.54264 5.71795 5.72601 5.83805 5.42848 5.32306 5.26952 5.35077 5.71912 5.65881 5.21671 5.22487 5.45228 5.42173 5.39759 5.19801 4.98810 4.89544 5.08834 4.85303 4.76319 5.06668 5.56569 5.67151
7.28435 7.22070 7.13033 7.21795 7.27791 7.32937 7.34425 7.30586 7.26076 7.30693 7.30386 7.26480 7.23233 7.28857 7.32535 7.31747 7.29366 7.21098 6.94176 6.87964 7.08570 7.13193 7.06236 6.84396 6.53085 6.35158 6.42404 6.47112 6.48006 6.34244 5.82396 6.17757 6.17653 5.57711 5.48049 5.87655 6.11977 6.04275 5.81080 5.48726 5.23324 5.48662 5.91691 5.77818 5.85397 6.11445 5.67756 5.33142 5.27593 5.53126 5.89687 5.69914 5.15871 5.17114 5.47771 5.31740 5.10584 4.98002 5.01384 4.83006 4.96222 4.95313 4.92429 5.13841 5.52237 5.69401
7.21775 7.16605 7.12909 7.22220 7.28843 7.34035 7.34464 7.32247 7.24188 7.19887 7.23505 7.22121 7.15382 7.15159 7.21278 7.23722 7.24412 7.19090 6.89235 6.80016 7.06246 7.09627 7.07314 6.93580 6.53292 6.00080 6.05857 6.38339 6.50389 6.30795 5.75827 5.97561 6.10804 5.72715 5.55475 5.54271 5.57020 5.54607 5.32212 5.03356 4.81797 5.01902 5.56255 5.76007 6.21580 6.46593 6.21917 5.63542 5.56700 5.76032 5.57380 5.22889 5.04592 5.27518 5.50524 5.19151 4.91223 4.83112 4.92983 4.93365 5.06940 5.12505 4.98030 5.08232 5.28561 5.49407
7.19425 7.12415 7.04921 7.07023 7.10981 7.22304 7.31530 7.31616 7.27242 7.11553 7.08621 7.20975 7.17705 7.08488 7.08056 7.09412 7.07958 7.06444 6.89180 6.77492 7.01218 7.05698 6.98492 6.72455 6.19359 5.71298 5.95928 6.40599 6.53945 6.42382 5.73010 5.45076 5.74861 5.94049 5.96473 5.76012 5.80020 5.76344 5.44915 5.10010 4.80462 4.84149 5.59210 6.05116 6.34630 6.33839 6.06667 5.82374 5.57890 5.19834 4.96514 4.92862 5.12094 5.35102 5.29646 5.05130 4.93736 4.96220 4.85411 4.79234 4.95890 4.93459 4.79800 4.87846 4.94782 4.95705
7.24374 7.12225 6.95389 6.93399 6.92526 6.99091 7.22095 7.29302 7.20738 7.06958 7.03766 7.19010 7.21094 7.15967 7.10951 7.06218 6.97177 6.85790 6.82469 6.81007 6.99836 6.98695 6.73343 6.22781 5.78104 5.76902 6.20347 6.48654 6.61216 6.66369 6.25971 5.48331 5.25362 5.51783 5.74087 5.91962 6.23083 6.07574 5.38282 4.94006 4.75917 4.88870 5.58744 5.82077 5.79362 5.60701 5.36637 5.32793 5.12679 4.89223 4.88154 4.92067 5.01024 5.10333 5.07524 4.93690 5.01469 5.23425 5.08694 4.75947 4.68330 4.67306 4.68180 4.79559 4.84738 4.79167
7.28662 7.13081 6.95579 7.02646 7.01788 6.84647 7.09521 7.20864 7.09316 7.10955 7.07693 7.15959 7.22794 7.22779 7.20358 7.16111 7.10960 6.98390 6.90140 6.96314 6.97425 6.78009 6.33290 5.88570 5.80243 6.10323 6.46552 6.54147 6.64482 6.74527 6.54895 5.93494 5.50578 5.24163 5.13513 5.17110 5.54633 5.48514 4.97908 4.80823 4.84361 5.25943 5.91785 6.04522 5.77337 5.56004 5.57563 5.52554 5.30822 5.16106 5.21242 5.14887 4.99279 4.93356 5.00633 4.95628 5.12259 5.38237 5.35650 5.14868 4.81103 4.73133 4.79479 4.86567 4.89951 4.82734
7.30040 7.15983 7.04641 7.13262 7.13257 7.01579 7.09024 7.08220 7.06513 7.17537 7.10393 7.15718 7.22532 7.24215 7.25314 7.23383 7.20039 7.15208 7.08630 6.99608 6.80548 6.49292 6.16472 5.90320 5.94619 6.22690 6.44566 6.50373 6.54216 6.63989 6.50661 6.35531 6.17335 5.71557 5.28123 4.91518 4.97507 5.24029 4.96812 5.07362 5.46397 5.92058 6.11640 6.08841 6.02756 5.91560 5.66451 5.58064 5.28237 5.14694 5.21362 5.24763 5.21600 5.18273 5.20346 5.22295 5.41870 5.54718 5.60608 5.67230 5.42425 5.09504 4.98849 4.96271 4.97585 4.92196
7.30957 7.19856 7.12656 7.20099 7.22605 7.20804 7.22599 7.13696 7.14391 7.11369 7.11591 7.15661 7.17300 7.19197 7.23954 7.24634 7.21759 7.17408 7.10018 6.88176 6.56175 6.40855 6.28541 5.95324 5.87246 6.03337 6.17235 6.46528 6.48281 6.42888 6.44295 6.40178 6.41457 5.87284 5.37766 5.15566 4.87468 5.03122 5.04880 5.31602 5.79592 6.10590 6.22160 6.15314 6.10603 6.13133 6.00283 5.75438 5.22058 4.96345 5.04011 5.24891 5.41982 5.51409 5.43045 5.52860 5.61448 5.68978 5.77789 5.87180 5.66449 5.26526 5.03721 4.99962 5.06030 5.08696
7.31519 7.22630 7.14791 7.23436 7.27605 7.27162 7.28042 7.21685 7.24150 7.20790 7.11065 7.17317 7.14199 7.09146 7.15794 7.21238 7.20367 7.14641 7.00694 6.66719 6.34312 6.35645 6.35275 5.91195 5.60489 5.80690 5.99220 6.21361 6.51966 6.45437 6.36293 6.35970 6.33294 5.80584 5.46283 5.76659 5.29403 5.18483 5.37126 5.51801 5.67456 5.70255 5.87787 5.82204 5.74097 5.75022 5.77742 5.32978 4.95985 4.91098 5.07773 5.26535 5.38104 5.50431 5.48050 5.49406 5.53057 5.61687 5.57450 5.78816 5.71368 5.24485 4.95880 4.97708 5.14588 5.32539
7.26399 7.22132 7.10708 7.19165 7.25696 7.25884 7.30638 7.25913 7.25047 7.25368 7.21732 7.22882 7.16901 7.02560 7.02555 7.11795 7.12314 7.03275 6.80450 6.30522 6.03288 6.21016 6.33935 6.00138 5.40266 5.72103 6.10495 6.16841 6.42283 6.43384 6.17532 6.15777 6.26627 6.01781 5.74680 5.87809 5.94371 5.92677 5.94011 5.54985 5.51041 5.59225 5.81191 5.84107 5.77412 5.56259 5.49765 5.10388 5.07109 5.16797 5.10664 5.19595 5.41631 5.46262 5.52473 5.56263 5.63765 5.67598 5.58315 5.65533 5.49837 5.09972 4.90765 4.96329 5.25481 5.52626
7.15073 7.14152 7.00473 7.14728 7.22615 7.20745 7.27517 7.26470 7.26288 7.25947 7.24252 7.23827 7.16866 7.01032 6.87634 6.93583 6.86537 6.67990 6.34694 5.82494 5.82534 6.23959 6.31466 6.31144 5.76815 5.71834 6.22739 6.39764 6.48334 6.35949 6.10730 6.14801 6.35325 6.35653 6.06400 5.91865 5.99704 6.09368 6.07039 5.56030 5.24741 5.39065 5.52400 5.48225 5.28092 5.14539 5.03112 4.86657 5.04239 5.22668 5.05904 5.12792 5.47238 5.62782 5.65869 5.65073 5.65497 5.60746 5.58529 5.50072 5.19770 4.97945 4.92617 5.04194 5.36378 5.59485
6.94379 6.98904 6.96305 7.15493 7.22542 7.17290 7.21654 7.22313 7.22426 7.20658 7.19431 7.17788 7.10015 6.98504 6.70145 6.57540 6.36911 6.09512 5.71821 5.55140 5.93389 6.41796 6.44265 6.51761 6.27955 6.10737 6.37344 6.52961 6.47800 6.22897 5.99455 6.12762 6.38626 6.41219 6.32339 6.14992 6.19602 6.22483 6.14375 5.83669 5.50364 5.33666 5.57170 5.53635 5.32430 5.19911 4.75585 4.67395 4.95788 5.07604 5.03172 5.24562 5.61370 5.84466 5.84837 5.77475 5.66103 5.52798 5.47512 5.25596 5.06432 4.95633 4.94462 5.08610 5.33655 5.46746
6.73228 6.87691 7.05029 7.16234 7.19607 7.12779 7.16513 7.16211 7.11753 7.06280 6.99476 7.00632 7.00560 6.96187 6.66023 6.33180 6.13016 5.94818 5.74792 5.87429 6.33268 6.54166 6.52793 6.62982 6.45524 6.21692 6.25413 6.22171 6.09137 5.91835 5.85767 6.10805 6.16860 6.09878 5.98669 5.66609 5.68083 5.60405 5.32291 5.06829 5.05633 5.11300 5.61163 5.48730 5.01975 4.79527 4.67904 4.77893 5.06493 5.10910 5.18101 5.43460 5.74581 5.90657 5.87199 5.79178 5.63505 5.45093 5.33544 5.16688 5.02830 4.94131 4.96482 5.12407 5.34820 5.48250
