mrvbf_slope1.1_pctl0.8.asc
NCOLS 410
NROWS 410
XLLCORNER 2398750.0000000000000000
YLLCORNER 2548750.0000000000000000
CELLSIZE 250.0000000000000000
NODATA_VALUE -99999.00000
[rows 174 to 202 of 410, columns 132 to 197 of 410]
5.79518 7.14375 7.47977 7.54404 7.55656 7.55373 7.54717 7.52577 7.53730 7.59841 7.63544 7.64608 7.63490 7.63295 7.63719 7.62451 7.63530 7.66356 7.67671 7.66834 7.64912 7.64844 7.65818 7.66843 7.67578 7.67970 7.67852 7.65930 7.65145 7.66632 7.67092 7.67022 7.67719 7.66247 7.64683 7.64977 7.66881 7.68636 7.69515 7.69769 7.69559 7.69040 7.67018 7.64798 7.64669 7.65329 7.64955 7.64116 7.63923 7.64176 7.64392 7.64129 7.63951 7.66188 7.66403 7.65161 7.66139 7.68009 7.68979 7.69212 7.69872 7.69140 7.68890 7.67905 7.67025 7.67343
6.06619 7.29974 7.49550 7.54305 7.55148 7.55713 7.56981 7.55022 7.53039 7.58241 7.63076 7.64484 7.63559 7.63487 7.64693 7.62962 7.62584 7.65077 7.67145 7.67420 7.66340 7.65401 7.65152 7.65549 7.66600 7.66673 7.66247 7.65166 7.66353 7.67369 7.67477 7.67323 7.67751 7.65943 7.64466 7.65381 7.67603 7.68956 7.69214 7.68915 7.68635 7.68177 7.66026 7.64200 7.64833 7.66079 7.66134 7.65741 7.66125 7.66777 7.66909 7.66070 7.65047 7.65859 7.65139 7.65435 7.65811 7.67381 7.69147 7.69381 7.69647 7.69199 7.69031 7.68241 7.67150 7.65932
6.56892 7.31581 7.48767 7.53934 7.54974 7.55871 7.57301 7.55169 7.52899 7.57929 7.62892 7.64333 7.63378 7.63411 7.64987 7.63622 7.62491 7.63895 7.65782 7.66137 7.66095 7.66425 7.65769 7.63882 7.63740 7.65126 7.65861 7.66196 7.67606 7.67603 7.67695 7.67162 7.67513 7.66271 7.65024 7.65547 7.67327 7.68216 7.67663 7.66717 7.66302 7.66416 7.64954 7.64421 7.65826 7.66595 7.65996 7.65467 7.66760 7.68353 7.67930 7.66462 7.66277 7.67650 7.67126 7.67822 7.66693 7.67788 7.69374 7.69335 7.69134 7.68950 7.68945 7.68461 7.68172 7.66833
7.02800 7.29726 7.46476 7.53419 7.54990 7.55410 7.55607 7.53150 7.52800 7.58891 7.62961 7.64028 7.62916 7.63263 7.64384 7.63549 7.63204 7.64275 7.65166 7.65049 7.65164 7.66031 7.66048 7.62704 7.62126 7.64590 7.66388 7.66736 7.67527 7.67392 7.67798 7.67014 7.67028 7.66364 7.66029 7.66265 7.66786 7.66863 7.65904 7.64916 7.63953 7.64120 7.64058 7.64951 7.66778 7.67539 7.66760 7.65102 7.66125 7.68453 7.67692 7.65882 7.66104 7.67473 7.66932 7.67945 7.67084 7.68335 7.69081 7.68434 7.67905 7.67661 7.68433 7.68460 7.68345 7.67753
7.21963 7.33763 7.45444 7.52094 7.54299 7.54614 7.54170 7.52453 7.55594 7.60833 7.63019 7.63368 7.62629 7.63544 7.63530 7.62990 7.63813 7.65132 7.65387 7.65302 7.65213 7.65561 7.66427 7.64918 7.62025 7.62958 7.64788 7.65726 7.66580 7.66891 7.67625 7.66947 7.66501 7.66687 7.67395 7.67705 7.67215 7.66604 7.65863 7.65399 7.64853 7.64151 7.64617 7.66073 7.67474 7.67881 7.67736 7.65688 7.65479 7.67966 7.67501 7.65833 7.66525 7.67840 7.66972 7.67155 7.67393 7.68746 7.68700 7.67540 7.67807 7.67250 7.67892 7.68610 7.68655 7.67890
7.17992 7.33149 7.45150 7.51022 7.53665 7.54831 7.55364 7.55342 7.57894 7.61106 7.62316 7.62042 7.62105 7.63785 7.63686 7.63237 7.63913 7.65108 7.65639 7.65406 7.65401 7.65848 7.66063 7.65852 7.65006 7.64151 7.64324 7.65305 7.66244 7.67033 7.67926 7.67820 7.67516 7.67820 7.68247 7.68244 7.67711 7.67145 7.66780 7.66156 7.65661 7.65433 7.65896 7.67221 7.67731 7.68375 7.68401 7.66660 7.65371 7.67339 7.67686 7.66045 7.66343 7.67984 7.67926 7.67550 7.68476 7.69435 7.68992 7.67502 7.67338 7.68057 7.68280 7.68796 7.68737 7.67756
7.00588 7.30708 7.43692 7.48274 7.51030 7.53332 7.55255 7.55590 7.56813 7.59352 7.60107 7.59925 7.61218 7.63178 7.63545 7.63143 7.63206 7.64517 7.65877 7.66090 7.65727 7.65313 7.64761 7.64614 7.64854 7.64931 7.64813 7.65675 7.66729 7.67464 7.67862 7.67748 7.67549 7.67829 7.67904 7.67408 7.66881 7.66836 7.66870 7.66302 7.65078 7.65004 7.66068 7.66848 7.67798 7.68900 7.68700 7.67202 7.65378 7.66488 7.67624 7.65839 7.65397 7.67253 7.68436 7.68573 7.69124 7.69419 7.69097 7.67973 7.67491 7.68364 7.68552 7.68846 7.68697 7.67839
6.92222 7.02738 7.32662 7.43702 7.47749 7.50683 7.53463 7.54860 7.55852 7.57865 7.58782 7.59742 7.61462 7.61965 7.61945 7.61858 7.62854 7.64566 7.65440 7.65194 7.64398 7.63924 7.63965 7.64091 7.64240 7.64295 7.64711 7.65418 7.66585 7.66610 7.65843 7.64451 7.63651 7.64989 7.65997 7.66100 7.66096 7.66266 7.65585 7.63929 7.62959 7.64805 7.66288 7.66084 7.67195 7.68794 7.68290 7.65963 7.64309 7.66081 7.67616 7.65576 7.64075 7.65968 7.67734 7.67709 7.67987 7.68376 7.68183 7.67075 7.66816 7.67785 7.68132 7.68530 7.68353 7.67418
7.23197 7.10500 7.30890 7.45632 7.50471 7.52317 7.53930 7.55551 7.56931 7.58649 7.59657 7.60746 7.61390 7.60365 7.60311 7.61723 7.63414 7.64168 7.63663 7.62914 7.62745 7.63556 7.64389 7.64798 7.64569 7.64266 7.64456 7.65304 7.65653 7.64703 7.63322 7.62095 7.62169 7.62874 7.64806 7.66291 7.66836 7.66634 7.64989 7.63368 7.64226 7.66463 7.66794 7.66005 7.66644 7.68158 7.66953 7.64557 7.64751 7.66768 7.67843 7.66251 7.63501 7.64250 7.65965 7.66267 7.66686 7.67250 7.67180 7.66290 7.66707 7.67143 7.67307 7.67873 7.67462 7.65671
7.25037 7.23548 7.29726 7.44492 7.50826 7.53404 7.54646 7.55752 7.57678 7.59687 7.60176 7.60614 7.60130 7.59353 7.60703 7.62082 7.62059 7.61315 7.60717 7.61100 7.62413 7.63958 7.64777 7.64670 7.64210 7.64446 7.64975 7.64968 7.64682 7.63888 7.63587 7.64006 7.64638 7.64341 7.64970 7.66242 7.66650 7.66372 7.65471 7.64833 7.64544 7.65067 7.65484 7.65733 7.67116 7.68289 7.66781 7.64799 7.65026 7.65451 7.65784 7.66281 7.65200 7.63789 7.64235 7.65244 7.66092 7.66936 7.67401 7.66972 7.67567 7.67254 7.67013 7.67289 7.65987 7.63888
7.19350 7.23183 7.26290 7.43876 7.51494 7.53853 7.54577 7.55406 7.57769 7.59424 7.59263 7.59193 7.57763 7.58480 7.61570 7.61157 7.59213 7.58605 7.59380 7.60742 7.62234 7.63611 7.64241 7.63459 7.63339 7.63934 7.64231 7.64304 7.64261 7.64227 7.64844 7.65264 7.65423 7.65624 7.65497 7.65583 7.65817 7.66145 7.66549 7.66002 7.65295 7.66068 7.66588 7.66960 7.68233 7.68712 7.67755 7.65997 7.65498 7.65374 7.65149 7.65385 7.66757 7.65367 7.64164 7.64643 7.65494 7.66646 7.67841 7.67474 7.67830 7.67425 7.67091 7.66861 7.64907 7.63822
7.04951 7.11772 7.27131 7.45412 7.51154 7.52958 7.53680 7.54427 7.57073 7.58500 7.57895 7.58314 7.55211 7.57494 7.61125 7.59820 7.58865 7.59747 7.60555 7.61098 7.61609 7.62755 7.62698 7.61891 7.63127 7.63955 7.63954 7.64422 7.64336 7.64699 7.65579 7.66088 7.66340 7.66572 7.66068 7.65095 7.65043 7.65921 7.66739 7.66754 7.66878 7.67505 7.67609 7.67584 7.68226 7.68559 7.68208 7.67247 7.66970 7.66959 7.66637 7.65318 7.65433 7.65969 7.65581 7.64824 7.64655 7.66177 7.67712 7.67417 7.67780 7.67216 7.66958 7.66064 7.64236 7.64284
6.64634 7.02164 7.31399 7.46831 7.50777 7.53097 7.53449 7.53822 7.56258 7.58163 7.57487 7.57229 7.54761 7.58517 7.61265 7.59327 7.59168 7.61496 7.62355 7.61769 7.61312 7.62018 7.60983 7.61638 7.63460 7.64333 7.64748 7.64708 7.64494 7.64576 7.65149 7.65733 7.66517 7.66675 7.66110 7.65753 7.65921 7.66331 7.66788 7.66605 7.65978 7.65800 7.65500 7.65346 7.66467 7.67612 7.67256 7.66224 7.66609 7.66886 7.66850 7.65356 7.64308 7.64265 7.64599 7.63689 7.63413 7.66053 7.67036 7.66832 7.67282 7.66562 7.66714 7.65159 7.63744 7.64673
6.27485 7.02970 7.36725 7.48384 7.51317 7.53322 7.53416 7.53719 7.56063 7.58500 7.58123 7.57245 7.56481 7.59612 7.61798 7.59801 7.58454 7.60758 7.62850 7.62642 7.61696 7.60915 7.60887 7.62743 7.63520 7.64240 7.64808 7.64416 7.63589 7.63461 7.64430 7.65073 7.65964 7.66514 7.66182 7.66459 7.66610 7.66521 7.66989 7.66890 7.65719 7.64587 7.64312 7.64313 7.64548 7.65821 7.65442 7.65355 7.66776 7.66665 7.67053 7.66530 7.64981 7.63770 7.62842 7.62863 7.65087 7.67437 7.67532 7.66586 7.66261 7.66333 7.66613 7.64669 7.62796 7.64145
6.28849 7.16807 7.41722 7.48879 7.51603 7.53495 7.53135 7.53254 7.55638 7.58204 7.58885 7.58690 7.57605 7.58925 7.61433 7.60377 7.58190 7.59842 7.62422 7.63179 7.62637 7.61595 7.62309 7.63163 7.63211 7.64137 7.64495 7.63391 7.61840 7.62551 7.64185 7.64510 7.65410 7.66334 7.66244 7.66706 7.66420 7.66528 7.66976 7.66366 7.65419 7.65335 7.65478 7.64813 7.64779 7.64975 7.64349 7.65173 7.65596 7.66598 7.67673 7.67671 7.67046 7.66376 7.65334 7.65712 7.67345 7.67939 7.67620 7.66682 7.66103 7.66591 7.66511 7.65233 7.62763 7.63000
6.46208 7.24226 7.43415 7.48798 7.51546 7.53007 7.52457 7.52479 7.54871 7.57595 7.58777 7.59036 7.57872 7.57619 7.59862 7.59489 7.57589 7.59546 7.61535 7.62139 7.62375 7.62648 7.63046 7.62693 7.62752 7.63596 7.63014 7.60612 7.59836 7.62515 7.64057 7.63946 7.64915 7.66157 7.66051 7.66601 7.66186 7.66600 7.66839 7.65740 7.65129 7.65933 7.65329 7.64901 7.65090 7.63891 7.63498 7.63897 7.64522 7.66810 7.67743 7.67886 7.67765 7.67592 7.67406 7.67498 7.67510 7.66705 7.65521 7.64556 7.64657 7.65303 7.64709 7.63216 7.61756 7.62889
6.88295 7.32177 7.45496 7.49860 7.51842 7.52377 7.51486 7.51330 7.53712 7.56664 7.57885 7.58219 7.57684 7.56674 7.58083 7.57927 7.58165 7.59650 7.60204 7.60339 7.60414 7.61395 7.62962 7.62535 7.62011 7.62251 7.61268 7.59774 7.61539 7.63232 7.63051 7.63248 7.64921 7.66121 7.65772 7.65776 7.65902 7.66381 7.66368 7.65281 7.64950 7.65652 7.65420 7.65482 7.64456 7.63300 7.63375 7.62652 7.63276 7.66263 7.67200 7.67521 7.67658 7.67594 7.67459 7.67073 7.65861 7.64393 7.63687 7.63670 7.63859 7.63835 7.62194 7.60322 7.60250 7.61954
7.18283 7.40700 7.47575 7.49850 7.50854 7.51450 7.50190 7.49280 7.51850 7.55505 7.56955 7.57309 7.57334 7.55990 7.56673 7.58572 7.58391 7.59394 7.60378 7.60496 7.59210 7.59689 7.62564 7.63337 7.62699 7.62687 7.62586 7.62088 7.62596 7.62476 7.62233 7.63641 7.65510 7.66338 7.66053 7.65502 7.65713 7.65519 7.65071 7.64308 7.64709 7.65408 7.65740 7.65631 7.64227 7.63324 7.63502 7.61638 7.62473 7.65485 7.66363 7.66641 7.66767 7.66771 7.66560 7.65511 7.64060 7.64042 7.64771 7.64052 7.64105 7.63193 7.60521 7.59319 7.59895 7.61396
7.34550 7.44142 7.47858 7.49169 7.49092 7.49431 7.48579 7.46335 7.48633 7.53791 7.55548 7.55511 7.55957 7.54785 7.54237 7.56633 7.58323 7.59442 7.60629 7.60868 7.59152 7.58658 7.61657 7.63427 7.63848 7.64174 7.63994 7.63059 7.62388 7.62544 7.63433 7.64454 7.65480 7.66137 7.66005 7.65088 7.64246 7.63680 7.63055 7.62704 7.63668 7.64618 7.65565 7.65407 7.63113 7.62033 7.62703 7.60414 7.60928 7.64220 7.65178 7.64815 7.64944 7.65286 7.65098 7.63796 7.63266 7.64545 7.64831 7.64541 7.64713 7.62169 7.59120 7.59232 7.60340 7.61580
7.33669 7.40755 7.44308 7.45995 7.45775 7.46778 7.47959 7.44917 7.44952 7.51577 7.53419 7.53668 7.55162 7.54125 7.51595 7.51736 7.53906 7.54273 7.55365 7.57430 7.58040 7.58613 7.61591 7.63200 7.64085 7.64379 7.64282 7.64100 7.63816 7.64218 7.64718 7.64378 7.64583 7.65190 7.65107 7.63824 7.62853 7.62493 7.62204 7.62507 7.63005 7.63179 7.64467 7.63888 7.60718 7.61065 7.62351 7.59910 7.58809 7.61447 7.62337 7.59601 7.60434 7.62054 7.62103 7.61475 7.62715 7.64668 7.64723 7.64578 7.64248 7.61101 7.58420 7.59582 7.61801 7.62704
7.03577 7.19970 7.30583 7.37155 7.40504 7.44624 7.47308 7.43948 7.43470 7.50701 7.52327 7.53095 7.55323 7.54434 7.50393 7.44998 7.45006 7.45814 7.48285 7.52305 7.56927 7.59675 7.61156 7.62747 7.63450 7.63913 7.64067 7.64765 7.65012 7.65017 7.64608 7.64426 7.63948 7.63938 7.64062 7.62752 7.61393 7.61493 7.62197 7.63071 7.62735 7.62299 7.63479 7.61837 7.59852 7.62190 7.63283 7.61130 7.59158 7.57950 7.57337 7.56374 7.57099 7.58644 7.59120 7.60056 7.62252 7.64120 7.64690 7.64716 7.64170 7.61370 7.59011 7.59933 7.62182 7.63036
5.76150 6.32080 6.80205 7.14560 7.32477 7.41708 7.44008 7.40793 7.43006 7.50470 7.52322 7.51427 7.52772 7.52370 7.47757 7.36429 7.38855 7.46527 7.50344 7.52351 7.56581 7.60693 7.61487 7.61889 7.63273 7.63892 7.63753 7.64010 7.64373 7.64604 7.64425 7.64494 7.63863 7.62916 7.62408 7.61073 7.59780 7.60390 7.61977 7.62688 7.61448 7.61829 7.63530 7.61591 7.60285 7.62416 7.63626 7.62442 7.62458 7.59810 7.56893 7.59053 7.58681 7.58340 7.58774 7.60353 7.61698 7.62693 7.64245 7.64904 7.64269 7.62037 7.59854 7.60452 7.61860 7.62522
2.63294 4.04989 5.56302 6.49472 7.12708 7.34620 7.38587 7.36256 7.40587 7.49443 7.52287 7.50486 7.49465 7.46416 7.32278 7.03436 7.26782 7.49193 7.53741 7.54364 7.56775 7.60640 7.62316 7.62060 7.63142 7.64085 7.64157 7.64092 7.64237 7.64417 7.64423 7.64184 7.63521 7.62031 7.60424 7.59042 7.58788 7.59974 7.61586 7.61559 7.59859 7.60594 7.61991 7.60725 7.60500 7.62533 7.63431 7.62759 7.62986 7.60404 7.58237 7.60036 7.59697 7.59592 7.60354 7.60681 7.60253 7.61729 7.63815 7.64055 7.63377 7.62173 7.60896 7.60989 7.62623 7.63385
1.30380 1.56096 2.67728 5.26951 6.52222 7.15709 7.29742 7.29674 7.33183 7.45677 7.50896 7.48276 7.43829 7.33953 6.84477 6.62740 6.95647 7.39566 7.52272 7.54209 7.56865 7.60637 7.62228 7.61980 7.63188 7.63843 7.64042 7.63805 7.64170 7.64464 7.64055 7.63343 7.62581 7.61196 7.59533 7.58604 7.58818 7.60001 7.61259 7.60645 7.58507 7.57756 7.58666 7.59279 7.60804 7.62684 7.63128 7.62741 7.62621 7.60247 7.59600 7.61670 7.61727 7.61772 7.61916 7.60554 7.59299 7.60451 7.61652 7.61423 7.61693 7.62054 7.61712 7.60904 7.62242 7.63968
0.88918 1.07242 1.39730 2.40099 5.34223 6.57341 7.10434 7.21180 7.26171 7.41012 7.49252 7.45772 7.40672 7.31512 6.74715 6.97680 7.04881 7.34719 7.50327 7.53147 7.56891 7.60969 7.61819 7.61495 7.62551 7.62970 7.63184 7.63464 7.64199 7.64257 7.63487 7.62484 7.61688 7.60650 7.59614 7.59125 7.59128 7.60050 7.60806 7.59897 7.58521 7.57742 7.58736 7.60221 7.61528 7.62567 7.62799 7.62760 7.62461 7.61549 7.61861 7.62756 7.63155 7.63345 7.63247 7.61824 7.59722 7.58377 7.58686 7.59660 7.60741 7.61418 7.61503 7.61255 7.62536 7.63659
0.65487 0.82068 1.18596 1.52808 3.25880 5.81814 6.81679 7.07599 7.16689 7.34405 7.46160 7.42779 7.38457 7.38376 7.34744 7.42980 7.45413 7.46755 7.49641 7.51968 7.57363 7.61332 7.61209 7.60596 7.61969 7.62642 7.62621 7.62992 7.63852 7.63708 7.62651 7.61815 7.61351 7.60287 7.59151 7.58961 7.59088 7.60122 7.60778 7.60636 7.60287 7.59948 7.61333 7.62226 7.62292 7.62793 7.62460 7.62677 7.63025 7.63314 7.63431 7.63554 7.63859 7.64149 7.63871 7.63049 7.61931 7.60410 7.59966 7.60619 7.60964 7.61165 7.61393 7.61785 7.62754 7.63022
0.56793 0.67150 1.10154 1.47590 2.09218 5.15330 6.49021 6.93124 7.02371 7.19466 7.37666 7.39307 7.39292 7.37146 7.15244 7.27131 7.27656 7.34254 7.45500 7.51851 7.58489 7.61257 7.60008 7.59448 7.61352 7.61853 7.62018 7.62560 7.63080 7.62515 7.61503 7.61285 7.61350 7.60440 7.57991 7.56613 7.58305 7.60632 7.61806 7.62309 7.61756 7.61200 7.61906 7.62780 7.62950 7.63264 7.63320 7.63238 7.63505 7.63659 7.63774 7.63970 7.64128 7.64059 7.63588 7.62906 7.62582 7.62573 7.62380 7.61976 7.61573 7.61521 7.61856 7.62512 7.63049 7.63273
0.50125 0.63078 0.96749 1.44253 1.75380 4.09930 6.10494 6.81343 6.96693 7.02130 7.22565 7.38177 7.44479 7.41532 7.18707 7.07027 7.28386 7.30828 7.43689 7.52509 7.59235 7.60615 7.58593 7.59244 7.61403 7.61176 7.61646 7.62438 7.62293 7.61511 7.60875 7.60676 7.60190 7.58833 7.56421 7.55775 7.58865 7.61635 7.62995 7.63367 7.62708 7.61899 7.61541 7.61899 7.62753 7.63625 7.63793 7.63551 7.63300 7.62965 7.62928 7.63007 7.63165 7.63169 7.62863 7.62561 7.62235 7.62588 7.62745 7.62489 7.62151 7.62075 7.62373 7.62817 7.63207 7.63748
0.50317 0.60176 0.79629 1.41614 1.70849 2.99874 5.52619 6.60354 7.00043 7.11203 7.20764 7.37737 7.47290 7.48156 7.39661 7.24359 7.34508 7.38752 7.46478 7.52995 7.59035 7.59986 7.58492 7.59716 7.61694 7.61927 7.61853 7.62510 7.62045 7.61506 7.60975 7.60639 7.59895 7.58604 7.57578 7.58240 7.59961 7.62168 7.63552 7.64090 7.63841 7.63145 7.62536 7.61998 7.62169 7.62808 7.63228 7.62912 7.62430 7.62131 7.62102 7.62256 7.62519 7.62804 7.62923 7.62985 7.62765 7.62873 7.63022 7.62946 7.62818 7.62844 7.63027 7.63306 7.63710 7.64362
