mrvbf_slope0.8_pctl1.2.asc
NCOLS 410
NROWS 410
XLLCORNER 2398750.0000000000000000
YLLCORNER 2548750.0000000000000000
CELLSIZE 250.0000000000000000
NODATA_VALUE -99999.00000
[rows 203 to 231 of 410, columns 264 to 329 of 410]
5.54134 5.56596 5.54963 5.43239 5.39482 5.50293 5.55518 5.55517 5.57512 5.65776 5.61412 5.59876 5.59673 5.62870 5.63276 5.65754 5.62311 5.58494 5.54848 5.49443 5.50095 5.55278 5.48170 5.32955 5.29103 4.99969 4.27614 3.91550 4.44157 4.49935 4.71007 5.00392 5.07126 4.91755 4.87409 4.61022 4.73656 4.92222 5.10803 5.34945 4.76915 4.55121 4.12092 4.52005 5.26047 5.40498 5.58034 5.61228 5.76919 5.81829 5.87415 5.70414 5.48295 5.49011 5.72903 5.93522 6.28014 6.75559 6.84229 6.69908 6.85590 6.88366 6.84945 6.71862 6.72675 6.72871
5.49384 5.47393 5.53050 5.45225 5.34105 5.36057 5.48340 5.58705 5.63611 5.61492 5.58696 5.59656 5.57458 5.61128 5.60276 5.66017 5.67112 5.61257 5.56580 5.51802 5.57355 5.55071 5.40788 5.35466 5.20431 5.25672 4.77809 4.28022 4.37184 4.27309 4.40731 4.50435 4.44274 4.55220 4.68107 4.60418 4.72495 4.85036 4.66707 4.87868 5.32556 4.88270 4.52843 4.64327 5.33663 5.47672 5.49739 5.62667 5.79319 5.92164 5.74628 5.68239 5.61212 5.41983 5.65163 5.98153 6.39969 6.64417 6.75788 6.61100 6.79395 6.81512 6.84561 6.73498 6.69045 6.51612
5.48128 5.44947 5.48760 5.46721 5.36798 5.32835 5.37626 5.52387 5.59358 5.56873 5.56735 5.65913 5.61432 5.56777 5.62840 5.65268 5.60732 5.56336 5.56521 5.54861 5.58212 5.60878 5.48619 5.32111 5.39679 5.43000 5.33680 5.08699 4.96361 4.66030 4.48844 4.48796 4.52612 4.77015 5.03238 5.03048 5.31360 5.18130 4.52590 4.76268 5.38393 4.95857 4.47847 4.51807 5.30419 5.48214 5.45716 5.68003 5.72564 5.95254 5.82519 5.77594 5.63655 5.38175 5.45227 5.96371 6.45436 6.54034 6.55134 6.54974 6.77518 6.72926 6.79564 6.73626 6.49281 6.33251
5.46402 5.42571 5.46278 5.47699 5.39611 5.33726 5.33791 5.43471 5.55816 5.52522 5.57323 5.64226 5.65893 5.61667 5.59753 5.55925 5.56255 5.56326 5.53237 5.54704 5.55151 5.55274 5.49911 5.50111 5.53394 5.53802 5.47365 5.45677 5.39578 5.27552 5.09575 5.11186 5.19452 5.28915 5.42173 5.40096 5.54808 5.37643 4.63195 4.64200 5.35395 5.15010 4.56777 4.66520 5.34322 5.49527 5.46338 5.59568 5.61103 5.65817 5.59827 5.62579 5.63948 5.46871 5.36698 5.77701 6.37631 6.52817 6.54051 6.70022 6.75302 6.70199 6.67791 6.57598 6.35768 6.26271
5.51737 5.42231 5.49054 5.49831 5.43265 5.32582 5.28782 5.37082 5.49454 5.51815 5.54646 5.58329 5.59927 5.62041 5.51962 5.45121 5.52466 5.55997 5.56810 5.59873 5.54036 5.50991 5.53961 5.57157 5.54534 5.59272 5.51986 5.49924 5.49023 5.45489 5.42998 5.42310 5.40331 5.41082 5.51395 5.49932 5.54180 5.33125 4.62624 4.65211 5.38262 5.41609 4.72000 4.74960 5.24685 5.23326 5.13289 5.26601 5.21230 5.24423 5.32895 5.49038 5.60779 5.50995 5.35718 5.66384 6.17748 6.46466 6.42921 6.45199 6.60276 6.62303 6.62123 6.53467 6.34348 6.20370
5.56399 5.45562 5.49860 5.49061 5.45485 5.34328 5.28953 5.29086 5.38524 5.50390 5.55520 5.53191 5.55582 5.53471 5.43287 5.44761 5.50552 5.54758 5.51301 5.54483 5.46261 5.48378 5.48827 5.50439 5.51168 5.56998 5.57277 5.54212 5.56675 5.54096 5.51863 5.45198 5.43518 5.46172 5.50866 5.45812 5.42289 5.21721 4.53400 4.62690 5.29922 5.40677 4.80817 4.73254 4.60561 4.57474 4.51631 4.66387 4.58043 4.63459 4.74999 5.24944 5.53989 5.63231 5.40544 5.51312 5.89721 6.14650 6.25587 6.23961 6.28791 6.39259 6.61078 6.48730 6.34377 6.23968
5.46293 5.38756 5.44307 5.44503 5.40758 5.34773 5.38289 5.34816 5.31563 5.39324 5.50862 5.53778 5.54516 5.47317 5.41724 5.52094 5.52425 5.54187 5.54974 5.46092 5.47124 5.47012 5.40159 5.43137 5.43895 5.53180 5.50555 5.57475 5.60106 5.56751 5.48659 5.48645 5.50445 5.48764 5.47417 5.41766 5.28911 4.96974 4.38040 4.48006 4.83153 5.06506 4.77546 4.70825 4.36330 4.48275 4.64741 4.84542 4.70913 4.58102 4.54390 4.59642 5.13773 5.52512 5.41885 5.52647 5.77825 5.86149 6.11124 6.20546 6.21696 6.28429 6.34823 6.45073 6.21387 6.10416
5.40620 5.37750 5.36028 5.40594 5.31313 5.31796 5.40326 5.40705 5.34567 5.31620 5.38171 5.45182 5.45372 5.41591 5.43842 5.50988 5.45113 5.41216 5.49392 5.48101 5.49617 5.47949 5.43140 5.43561 5.47135 5.52889 5.53834 5.53343 5.56026 5.53958 5.52291 5.43278 5.50086 5.54490 5.51205 5.33562 5.25478 4.73660 4.06766 4.35698 4.51561 4.51817 4.50121 4.54194 4.46271 4.50767 4.69889 5.07164 4.84837 5.07083 4.93940 4.59805 4.64105 5.23146 5.30383 5.36146 5.55064 5.47512 5.55217 5.92886 6.13189 6.11655 6.09105 6.20213 6.00228 5.85561
5.42907 5.34586 5.37907 5.40966 5.24358 5.15237 5.23572 5.17280 5.03647 5.00978 5.21314 5.39101 5.39610 5.33709 5.38686 5.41173 5.29532 5.39091 5.35349 5.42449 5.42631 5.48760 5.49951 5.42921 5.48816 5.53374 5.55194 5.51730 5.51311 5.52858 5.48625 5.45264 5.54786 5.53756 5.46057 5.36439 5.24002 4.74179 3.90741 4.15825 4.60308 4.51590 4.48737 4.65156 4.50533 4.53494 5.02668 5.32315 5.29612 5.33261 5.34042 5.06668 4.61393 4.70572 5.01519 5.06351 5.00149 4.64951 4.70523 5.31912 5.77492 5.79250 5.80458 5.85550 5.77518 5.57039
5.36303 5.34736 5.40767 5.38152 5.16158 4.91701 4.84301 4.76601 4.72924 4.83565 4.97946 5.17331 5.31746 5.28220 5.29694 5.29433 5.25977 5.37502 5.38143 5.41353 5.37365 5.46349 5.40298 5.32699 5.37772 5.42986 5.49156 5.46025 5.47072 5.49855 5.48257 5.41644 5.47710 5.53482 5.45139 5.34578 5.25415 4.91444 4.31907 3.79339 4.52070 4.48289 4.78450 4.69057 4.50519 4.72336 4.62681 4.85402 4.86292 4.82849 5.26941 5.23390 4.65449 4.49611 4.64060 4.75970 4.55208 4.53236 4.55508 4.70529 5.41302 5.59011 5.60126 5.74103 5.60148 5.09656
4.96399 5.01657 5.21684 5.20821 4.86437 4.62189 4.59179 4.62803 4.74986 4.94445 4.89886 4.89150 5.01913 5.12916 5.23440 5.20476 5.20358 5.24922 5.19800 5.28788 5.40417 5.34747 5.19116 5.24443 5.20248 5.30589 5.37598 5.40219 5.38827 5.38902 5.27541 5.26891 5.34457 5.51165 5.48554 5.37406 5.24278 5.14853 4.66221 4.18540 4.43168 4.51414 4.67002 4.63369 4.70145 4.70829 4.71228 4.67107 4.52004 4.59968 4.80262 5.16475 4.72372 4.57926 4.66051 4.87983 4.90822 4.67118 4.62892 4.65771 5.11596 5.37519 5.37235 5.26890 5.22870 4.62385
4.57113 4.57938 4.72757 4.81277 4.55792 4.44482 4.49138 4.60045 4.77922 4.93631 4.86688 4.70870 4.68133 4.76392 4.84783 4.84300 4.92266 5.03365 5.07099 5.21349 5.32169 5.21947 5.14900 5.14862 5.08549 5.18671 5.26126 5.30922 5.34922 5.22177 5.17525 5.15167 5.28740 5.50142 5.52915 5.43277 5.30872 5.17438 4.85700 4.39728 4.41121 4.58373 4.48326 4.61043 4.79171 4.93272 4.95437 4.80394 4.53135 4.49140 4.65316 5.07237 4.70965 4.74479 5.13674 5.47593 5.55050 5.25615 4.73397 4.59956 4.69335 5.07591 4.85351 4.62667 4.74751 4.57341
4.41590 4.37094 4.42088 4.49345 4.33171 4.31693 4.45143 4.58617 4.70584 4.78610 4.75007 4.62985 4.61465 4.67556 4.67143 4.57014 4.57349 4.71619 4.89533 5.06263 5.07616 4.98164 5.08196 5.14889 5.03939 5.09263 5.07075 5.08376 5.23061 5.19764 5.12078 5.18533 5.38889 5.50294 5.49976 5.41491 5.34177 5.22351 4.96108 4.49364 4.32886 4.52201 4.40107 4.58060 4.50711 4.56365 4.82850 4.84412 4.70625 4.49975 4.54455 4.78309 4.73318 4.73460 5.31069 5.56781 5.46451 5.18573 4.60164 4.60699 4.62244 4.88550 4.68005 4.72875 4.66016 4.66729
4.40773 4.29869 4.17220 4.16816 4.10881 4.31742 4.52132 4.67087 4.75566 4.81062 4.83980 4.78997 4.78286 4.85223 4.79483 4.60879 4.50995 4.59985 4.81222 4.95756 4.90779 4.79088 4.84008 4.95392 4.77553 4.72635 4.72412 4.86558 5.07685 5.15086 5.13994 5.26016 5.40299 5.42740 5.38740 5.37383 5.32202 5.23652 5.13420 4.75168 4.40186 4.44712 4.53132 4.44610 4.51747 4.66393 4.76252 4.90385 4.66208 4.58290 4.45851 4.54229 4.50649 4.67505 5.10480 5.26598 5.12277 4.84851 4.53198 4.49540 4.58163 4.96796 4.94455 4.58841 4.53984 4.47222
4.58285 4.52348 4.35552 4.25223 4.36282 4.58018 4.79076 4.92520 4.91458 4.90962 5.01335 4.94330 4.92510 5.01834 4.91405 4.79005 4.71359 4.69890 4.88799 5.02950 4.97790 4.87247 4.89587 4.95872 4.78243 4.68081 4.63792 4.68833 4.83060 4.94892 5.00803 5.11413 5.27168 5.30271 5.28340 5.32401 5.32466 5.23045 5.16788 4.93731 4.53006 4.38462 4.48449 4.58404 4.63790 4.65528 4.82509 4.73088 4.65484 4.53352 4.71880 4.83627 4.66002 4.59482 4.59222 4.67533 4.87625 4.88614 4.58243 4.39932 4.47920 4.59651 4.70431 4.55089 4.45641 4.53581
4.91998 4.89968 4.73167 4.66244 4.81287 4.97490 5.06488 5.07608 4.98823 4.94520 5.06715 5.06106 5.04657 5.17303 5.09815 4.89504 4.85519 4.79020 4.87452 4.97788 4.91596 4.89469 4.98219 4.95462 4.76098 4.69075 4.66631 4.60874 4.62955 4.70343 4.76925 4.86973 5.06971 5.14057 5.27190 5.29636 5.27068 5.20633 5.14851 5.08059 4.75804 4.50426 4.38097 4.41932 4.49742 4.62181 4.75768 4.78297 4.64727 4.61614 4.81092 4.98447 4.87092 4.73799 4.60940 4.60628 4.77875 4.81927 4.65908 4.39873 4.36161 4.46048 4.53497 4.60041 4.56760 4.88876
5.06051 4.87344 4.80717 4.88075 5.10500 5.19427 5.18524 5.14872 5.08262 4.92698 4.85909 4.80075 4.83778 5.05719 5.09333 4.97860 4.89581 4.74061 4.75746 4.86409 4.86015 4.93206 5.08269 4.85997 4.64423 4.63032 4.68304 4.60202 4.51900 4.52450 4.53548 4.59105 4.74848 4.94443 5.07667 5.14504 5.13692 5.13246 5.13366 5.17555 4.98909 4.81105 4.61858 4.51419 4.50790 4.57399 4.68090 4.69541 4.61479 4.60491 4.84342 5.06256 5.02892 5.09299 5.01739 4.77292 4.70630 4.70210 4.83675 4.63200 4.43577 4.50511 4.70270 4.99067 5.09717 5.40194
4.92552 4.83585 4.79596 4.71196 4.94002 5.13668 5.18014 5.15656 5.18561 5.02252 4.86798 4.79546 4.64621 4.68386 4.73264 4.68830 4.64449 4.53858 4.48402 4.52540 4.60333 4.81425 5.00269 4.73104 4.52254 4.54744 4.61550 4.60451 4.52357 4.45574 4.43277 4.45626 4.57694 4.68302 4.66502 4.76610 4.94669 5.05669 5.13906 5.17915 5.09528 5.07128 4.95939 4.91205 4.84612 4.68440 4.64608 4.75387 4.62800 4.68535 5.02320 5.24351 5.30758 5.33865 5.33203 5.09803 4.80624 4.68673 4.71232 4.93059 4.80705 4.95013 5.15795 5.28114 5.43229 5.54873
4.85071 4.95768 4.96799 4.70539 4.74591 5.03630 5.15003 5.14691 5.22549 5.14957 5.04471 4.99558 4.73157 4.57067 4.55361 4.52446 4.50314 4.40975 4.30100 4.26224 4.30871 4.47868 4.71190 4.61128 4.37735 4.40382 4.51599 4.60041 4.62370 4.57638 4.49667 4.48767 4.60733 4.72125 4.66036 4.61610 4.76161 5.00873 5.12868 5.13677 5.14577 5.14381 5.07931 5.07867 5.12540 4.96183 4.72166 4.78717 4.67356 4.80881 5.19443 5.32675 5.39057 5.42028 5.42190 5.27336 5.01666 4.75239 4.72383 4.82931 4.93320 5.14858 5.23420 5.30146 5.44313 5.58175
4.86507 4.91801 4.79910 4.65818 4.74459 4.94433 5.02971 5.09839 5.19960 5.14204 5.01905 4.98392 4.86345 4.68084 4.58214 4.53854 4.53242 4.49176 4.43387 4.39143 4.29103 4.17602 4.41983 4.44957 4.14240 4.27633 4.54502 4.68921 4.74707 4.68020 4.49116 4.45872 4.68948 4.84671 4.76931 4.74936 4.71481 4.87809 5.02138 5.01876 5.05543 5.02775 5.03293 5.04778 5.08381 5.00692 4.71579 4.72673 4.68254 4.96519 5.22838 5.32138 5.30229 5.42224 5.40962 5.26978 5.06143 4.81787 4.71979 4.71392 4.89749 4.96593 5.18383 5.28243 5.44730 5.55243
4.63989 4.56397 4.49188 4.51505 4.69830 4.91659 5.01860 5.08545 5.11587 5.06889 4.90380 4.83470 4.82513 4.75688 4.66688 4.62471 4.64782 4.66402 4.62972 4.57574 4.46567 4.13257 3.92414 3.93596 3.99035 4.45189 4.72297 4.92630 4.85898 4.65960 4.44828 4.46765 4.76014 4.98478 4.88130 4.88702 4.77502 4.78027 4.78574 4.74727 4.73441 4.71300 4.71576 4.78801 4.71283 4.57747 4.38883 4.30643 4.46144 4.81097 5.08499 5.21242 5.25229 5.34619 5.36347 5.31633 5.15604 4.84430 4.68681 4.68428 4.72752 4.95680 5.03834 5.26162 5.38521 5.55796
4.40582 4.42699 4.48841 4.59759 4.70902 4.88466 5.10279 5.13589 5.10434 5.05991 4.83793 4.68287 4.69187 4.72215 4.67996 4.68873 4.73091 4.75140 4.72417 4.64947 4.57001 4.41785 4.11150 4.11678 4.45320 4.70532 4.90177 5.03861 4.93923 4.73517 4.48638 4.39536 4.64121 4.88165 4.79788 4.86899 4.83414 4.79995 4.69050 4.62036 4.60492 4.57598 4.51246 4.42240 4.10129 3.37296 3.02269 4.07968 3.82056 4.58392 4.85871 4.97665 5.04444 5.20661 5.39653 5.32904 5.25768 5.03706 4.70955 4.63379 4.68279 4.78258 4.99168 5.20758 5.34163 5.47937
4.44800 4.59354 4.74413 4.86588 4.84242 4.90837 5.09594 5.14754 5.05672 4.88965 4.67891 4.57172 4.64009 4.71070 4.72608 4.83458 4.84743 4.82185 4.79247 4.72856 4.65366 4.60496 4.54757 4.57733 4.72193 4.86410 4.99849 5.09258 4.97583 4.83396 4.60004 4.37258 4.50148 4.72434 4.78564 4.89708 4.91356 4.84290 4.71379 4.69352 4.68840 4.58478 4.30598 3.40305 2.88902 2.96005 3.05207 3.49466 3.48256 4.23935 4.56907 4.74921 4.98360 5.15384 5.27159 5.36492 5.29658 5.16709 4.87849 4.65045 4.61562 4.69402 4.86278 5.00853 5.20862 5.35522
4.61033 4.69358 4.81643 4.93313 4.86661 4.95855 5.13526 5.04611 4.83057 4.67846 4.57041 4.61114 4.74893 4.78544 4.83571 4.98964 5.03885 4.98226 4.92902 4.87693 4.81378 4.77664 4.78000 4.80965 4.85870 4.92831 5.02568 5.05312 4.94866 4.87009 4.71797 4.45737 4.43529 4.66237 4.86114 4.95188 5.00013 4.87111 4.82102 4.82005 4.71800 4.49904 3.96924 3.08045 3.15440 3.90188 4.39903 4.18311 3.73817 3.41923 3.66191 4.40151 4.71328 5.05222 5.21300 5.28244 5.27250 5.18274 5.07837 4.79729 4.62162 4.61850 4.68799 4.86124 5.06095 5.24298
4.77801 4.75811 4.76012 4.92883 4.93225 4.99060 5.05561 4.86472 4.70149 4.64554 4.64702 4.75816 4.82898 4.84463 4.92225 5.07078 5.18411 5.16587 5.11846 5.08219 5.05084 5.01183 4.98841 4.98488 4.99355 5.03561 5.08568 5.02924 4.91084 4.85838 4.79443 4.57992 4.46180 4.56967 4.77589 4.98066 4.95854 4.90327 4.94738 4.82210 4.65714 4.47485 3.97617 3.33485 3.46261 4.08997 4.47787 4.43477 4.32798 4.31714 3.84815 3.73119 4.45254 4.77233 5.04172 5.15875 5.24975 5.26680 5.17612 4.97729 4.72423 4.61657 4.63118 4.68831 4.82715 5.04952
4.90346 4.97795 4.83869 4.84722 4.93472 4.90825 4.90783 4.79277 4.68016 4.66650 4.73707 4.81402 4.84353 4.89177 4.99750 5.13388 5.24800 5.28908 5.28091 5.25481 5.22341 5.20259 5.18360 5.16010 5.15151 5.16688 5.14948 5.02648 4.90193 4.85587 4.83148 4.71788 4.58325 4.55887 4.64738 4.83634 4.88620 4.91280 4.91353 4.80265 4.69021 4.56441 4.17042 3.40111 3.46571 3.91882 3.93720 3.78794 4.14729 4.39833 4.37173 4.10891 4.29426 4.62505 4.83500 5.03925 5.24628 5.26530 5.12181 4.95731 4.84138 4.68241 4.60922 4.59569 4.63966 4.77747
4.83168 5.03369 4.92784 4.78380 4.84708 4.83816 4.82017 4.78062 4.65030 4.64340 4.74647 4.80725 4.85902 4.95329 5.08113 5.20600 5.29116 5.32758 5.33463 5.32304 5.30722 5.30026 5.29570 5.27935 5.26741 5.24987 5.16136 5.02138 4.91110 4.87180 4.85208 4.77595 4.68455 4.62392 4.61607 4.71204 4.83956 4.87698 4.88176 4.90590 4.74628 4.57780 4.37624 3.60476 3.55835 4.05468 3.58098 3.93702 4.14685 4.31288 4.52770 4.24417 4.20304 4.56092 4.75310 4.94396 5.14077 5.17405 5.05408 4.96710 4.86257 4.78818 4.68660 4.64326 4.55112 4.60719
4.56086 4.78265 4.80438 4.66177 4.65938 4.75823 4.77091 4.72899 4.64550 4.65674 4.74218 4.80689 4.90377 5.03577 5.17122 5.27982 5.33836 5.37029 5.38737 5.39074 5.38702 5.37262 5.34333 5.32553 5.32094 5.27140 5.15307 5.02136 4.92826 4.89282 4.87296 4.80341 4.71885 4.66175 4.61873 4.64948 4.80048 4.89072 5.02581 5.05863 4.83860 4.61867 4.43699 3.93965 3.94439 4.28742 4.18056 4.04601 4.15385 4.48705 4.56476 4.33773 4.16294 4.46904 4.69793 4.95435 5.11435 5.16560 5.09390 5.01508 4.95432 4.84640 4.74164 4.72811 4.62770 4.53586
4.34719 4.41376 4.43925 4.43059 4.53818 4.70325 4.74425 4.72185 4.70420 4.70819 4.75728 4.85257 4.99955 5.13154 5.24638 5.33113 5.37903 5.40920 5.42339 5.42465 5.41686 5.39077 5.34599 5.32792 5.32572 5.25675 5.13998 5.02448 4.94204 4.90650 4.89362 4.84083 4.74221 4.67483 4.62943 4.61635 4.72059 4.93680 5.09346 5.03660 4.80174 4.62178 4.46873 4.10499 4.00868 4.28952 4.30895 4.24303 4.41407 4.64393 4.59717 4.31730 4.08566 4.44472 4.68755 4.89334 5.09144 5.17312 5.15012 5.11809 5.02299 4.96110 4.82652 4.73017 4.69711 4.57805
