mrvbf_slope1_pctl1.1.asc
NCOLS 410
NROWS 410
XLLCORNER 2398750.0000000000000000
YLLCORNER 2548750.0000000000000000
CELLSIZE 250.0000000000000000
NODATA_VALUE -99999.00000
[rows 261 to 289 of 410, columns 66 to 131 of 410]
7.38959 7.38612 7.40709 7.42438 7.40277 7.39192 7.39707 7.32984 7.22792 7.25346 7.34407 7.31784 7.26894 7.30986 7.35938 7.39578 7.40531 7.38847 7.38289 7.41699 7.45440 7.44517 7.41546 7.41876 7.44182 7.41132 7.40797 7.41873 7.38615 7.37323 7.38693 7.39913 7.39277 7.40666 7.42583 7.40559 7.40018 7.44595 7.41621 7.42602 7.45602 7.47661 7.48329 7.48212 7.48395 7.45739 7.36768 7.27277 7.23637 7.27376 7.34992 7.40927 7.39098 7.38012 7.39929 7.45222 7.47247 7.47003 7.46718 7.48142 7.47949 7.47157 7.47618 7.48080 7.46482 7.45422
7.41578 7.42599 7.43115 7.42943 7.40365 7.37251 7.35670 7.27798 7.18505 7.22224 7.32582 7.34302 7.31141 7.33721 7.36877 7.38905 7.39283 7.37901 7.36970 7.39620 7.43534 7.41798 7.40401 7.43220 7.43017 7.41818 7.41230 7.42835 7.42094 7.40684 7.41128 7.42515 7.41660 7.41116 7.43546 7.44355 7.42260 7.44963 7.43290 7.45068 7.47807 7.48744 7.49152 7.49811 7.50023 7.48907 7.44275 7.35395 7.32322 7.30972 7.30153 7.42715 7.39000 7.43521 7.46897 7.47917 7.48790 7.48972 7.49840 7.49880 7.49986 7.49954 7.50065 7.49609 7.48399 7.45498
7.42358 7.43197 7.43534 7.42956 7.40000 7.34612 7.29336 7.21106 7.13081 7.22841 7.34055 7.28134 7.30939 7.35709 7.38148 7.39886 7.40497 7.39250 7.36837 7.36855 7.40196 7.41040 7.41099 7.42316 7.43082 7.41992 7.38920 7.40713 7.43686 7.42915 7.42833 7.43508 7.43629 7.41588 7.42636 7.46122 7.44960 7.46292 7.45022 7.45099 7.47968 7.49717 7.49884 7.50078 7.50420 7.49965 7.47756 7.44897 7.44142 7.37791 7.34186 7.43780 7.43401 7.46608 7.49479 7.49542 7.48708 7.47307 7.47559 7.48002 7.49269 7.50290 7.50380 7.49476 7.47714 7.47452
7.41881 7.42854 7.43138 7.41384 7.37448 7.31701 7.24611 7.15414 7.13650 7.30406 7.27835 7.25672 7.30941 7.34957 7.38053 7.40778 7.42308 7.41854 7.39100 7.36239 7.35768 7.37367 7.41068 7.43405 7.42424 7.40687 7.40307 7.39037 7.40613 7.40632 7.39561 7.39450 7.40091 7.40102 7.42633 7.46097 7.45123 7.46399 7.46000 7.44553 7.47178 7.49682 7.49647 7.50198 7.51211 7.51114 7.48917 7.47428 7.47876 7.40715 7.36369 7.45242 7.44490 7.48128 7.49960 7.51279 7.50920 7.48697 7.47863 7.49272 7.48927 7.48823 7.49321 7.49076 7.47421 7.47709
7.39804 7.41876 7.42107 7.39052 7.33932 7.29487 7.24480 7.17028 7.23345 7.32881 7.26144 7.24415 7.31676 7.36957 7.39905 7.42055 7.43543 7.43774 7.42241 7.39414 7.36556 7.35838 7.37799 7.39723 7.41003 7.42231 7.42606 7.42655 7.41281 7.38140 7.37088 7.38964 7.40841 7.41885 7.44400 7.45083 7.44690 7.47356 7.47072 7.44858 7.46521 7.48997 7.49408 7.50896 7.51964 7.51801 7.49705 7.48229 7.48274 7.41618 7.38639 7.46246 7.46336 7.48737 7.50461 7.51098 7.49795 7.48153 7.48326 7.47555 7.44299 7.45190 7.45963 7.45021 7.44800 7.47533
7.37066 7.40026 7.40646 7.37188 7.30559 7.26302 7.22863 7.19174 7.28740 7.31047 7.21751 7.19200 7.29931 7.38517 7.41871 7.43298 7.44177 7.44464 7.43889 7.42496 7.41252 7.40962 7.40276 7.39603 7.40805 7.43182 7.44146 7.44442 7.42210 7.39659 7.40783 7.42879 7.44201 7.45183 7.45993 7.44442 7.44267 7.47099 7.46866 7.44687 7.46307 7.48825 7.49630 7.51121 7.51798 7.51484 7.49781 7.48668 7.47882 7.42526 7.41115 7.46898 7.47792 7.48884 7.49860 7.48934 7.46492 7.44015 7.42485 7.39414 7.37521 7.42565 7.42395 7.40242 7.41933 7.45020
7.33591 7.37836 7.39459 7.35763 7.27300 7.20792 7.17128 7.18762 7.30479 7.29868 7.15089 7.10768 7.25411 7.37228 7.41579 7.43214 7.44038 7.44170 7.43891 7.43326 7.42709 7.42324 7.41958 7.40751 7.40425 7.42908 7.44607 7.44353 7.41411 7.40277 7.43135 7.44314 7.44744 7.44987 7.45267 7.43972 7.43419 7.45644 7.44896 7.43115 7.46069 7.48213 7.48776 7.50057 7.50898 7.50629 7.49643 7.48801 7.47244 7.43119 7.42794 7.46881 7.45958 7.46571 7.47568 7.46450 7.43125 7.40597 7.36084 7.34108 7.36689 7.38216 7.37131 7.39649 7.41112 7.41066
7.29423 7.32922 7.35961 7.32496 7.23378 7.16057 7.10572 7.17562 7.31802 7.28262 7.13113 7.09691 7.20351 7.32896 7.39707 7.42142 7.42976 7.43103 7.42663 7.41806 7.41560 7.41626 7.40595 7.38588 7.39295 7.42394 7.43484 7.42846 7.39914 7.39316 7.42347 7.43437 7.44240 7.44493 7.44204 7.42990 7.42344 7.43705 7.42084 7.41585 7.45608 7.46778 7.47310 7.48449 7.49616 7.49961 7.49450 7.48562 7.47050 7.44030 7.43296 7.44012 7.41782 7.45312 7.46196 7.43778 7.37755 7.30886 7.31648 7.37931 7.40845 7.39308 7.38762 7.41975 7.42451 7.40243
7.19945 7.24780 7.27369 7.26632 7.18516 7.10014 7.05405 7.17882 7.32248 7.25225 7.10682 7.10519 7.18708 7.28486 7.36389 7.39617 7.40748 7.40801 7.39336 7.37324 7.37348 7.38845 7.37269 7.33675 7.34800 7.39167 7.40290 7.38719 7.35589 7.36589 7.40000 7.41245 7.42343 7.42757 7.42545 7.41332 7.39888 7.39601 7.38419 7.39944 7.43822 7.44653 7.44499 7.44828 7.46714 7.47854 7.48199 7.47916 7.46498 7.44395 7.45738 7.42141 7.44770 7.47819 7.47481 7.42712 7.32041 7.30129 7.38668 7.43857 7.45777 7.45857 7.44163 7.41301 7.40059 7.39432
7.18186 7.17068 7.14479 7.16134 7.09817 7.01527 7.00302 7.16914 7.30816 7.22122 7.01204 7.00586 7.15484 7.25501 7.30825 7.33521 7.35386 7.36359 7.34165 7.31506 7.29968 7.32606 7.30403 7.23973 7.22290 7.29209 7.31837 7.28715 7.27395 7.31467 7.34575 7.35337 7.36136 7.36381 7.36333 7.35479 7.34044 7.32744 7.33084 7.36350 7.38912 7.39387 7.38051 7.37231 7.38943 7.41087 7.42041 7.42149 7.41686 7.40814 7.44726 7.45072 7.48080 7.49307 7.48513 7.44235 7.35779 7.31810 7.40752 7.46551 7.47455 7.45094 7.39522 7.30480 7.32818 7.28596
7.12071 7.07515 7.00287 6.94154 6.90599 6.88096 6.94193 7.14521 7.26062 7.16112 6.95761 6.93278 7.08748 7.16474 7.19433 7.21541 7.25362 7.28831 7.28015 7.25304 7.22749 7.18750 7.17331 7.14149 7.09756 7.15280 7.19213 7.18174 7.19890 7.25622 7.27678 7.26519 7.27460 7.28595 7.28756 7.27147 7.27623 7.28669 7.30265 7.32382 7.32410 7.30804 7.31662 7.31632 7.30359 7.32412 7.35526 7.37123 7.36925 7.36525 7.43115 7.46949 7.49090 7.49542 7.49205 7.47271 7.41659 7.32951 7.32792 7.38527 7.40406 7.38599 7.32570 7.32517 7.42034 7.38232
7.08069 7.05784 6.97356 6.84908 6.80972 6.83869 6.92323 7.09535 7.16426 7.06139 6.93305 6.89879 6.93903 7.06886 7.08314 7.05156 7.10429 7.17467 7.23023 7.21108 7.23667 7.19385 7.14662 7.10187 7.05306 7.08163 7.11895 7.13232 7.10478 7.18633 7.20037 7.14910 7.21058 7.23905 7.21298 7.16305 7.21258 7.27566 7.29170 7.27489 7.25336 7.25572 7.30586 7.32602 7.31340 7.33805 7.38232 7.38826 7.35831 7.32833 7.40967 7.47143 7.48989 7.49502 7.49368 7.49057 7.47387 7.42532 7.35923 7.35051 7.36649 7.37611 7.37119 7.39807 7.45074 7.45016
7.14777 7.14451 7.11405 7.04470 6.99873 6.96806 7.00362 7.13094 7.09522 6.97658 6.93461 6.94244 7.01003 7.04969 6.98779 6.87693 6.84036 7.02319 7.17327 7.17019 7.19055 7.22958 7.18413 7.19170 7.13705 7.15077 7.18044 7.14277 7.09581 7.14999 7.18738 7.15287 7.18832 7.20126 7.14163 7.11511 7.16815 7.27663 7.27902 7.22549 7.22679 7.27940 7.33861 7.36400 7.35975 7.36369 7.37001 7.31702 7.31562 7.37642 7.45007 7.48426 7.48593 7.48280 7.48024 7.48109 7.48763 7.48040 7.44764 7.41920 7.41068 7.41272 7.42353 7.43540 7.45603 7.46672
7.23471 7.23998 7.24164 7.20810 7.15877 7.11754 7.14861 7.22516 7.14827 6.96522 6.84854 6.83805 6.96509 7.00393 6.92684 6.89262 6.74244 6.77330 7.01104 7.16098 7.12069 7.15066 7.19910 7.26740 7.22534 7.23552 7.24521 7.15862 7.16344 7.12485 7.17538 7.16763 7.18382 7.13956 7.10890 7.17937 7.17662 7.26922 7.26448 7.24988 7.31140 7.35197 7.38029 7.39644 7.38020 7.34422 7.31036 7.30114 7.37257 7.43230 7.46834 7.47871 7.46940 7.45520 7.44922 7.44631 7.45861 7.47910 7.48053 7.47224 7.46071 7.45171 7.44927 7.45600 7.46690 7.47198
7.25981 7.27462 7.28290 7.25076 7.18555 7.16074 7.19797 7.24593 7.21100 7.03138 6.83205 6.75913 6.82441 6.92613 6.96337 7.01099 6.87542 6.72398 6.81818 6.93484 7.03904 7.10464 7.14542 7.24845 7.22166 7.25002 7.23242 7.13120 7.11718 7.01303 6.98491 7.04878 6.98968 6.96625 7.05863 7.14872 7.13514 7.24216 7.26268 7.29206 7.36301 7.39040 7.38650 7.37165 7.33985 7.32489 7.28282 7.33159 7.40778 7.44261 7.45763 7.45047 7.42718 7.40205 7.40066 7.40154 7.39609 7.41908 7.43033 7.42696 7.42854 7.44095 7.44560 7.44764 7.44470 7.44029
7.23807 7.23852 7.25293 7.22856 7.15428 7.16093 7.21334 7.23221 7.21722 7.09390 6.88827 6.79958 6.83282 6.91086 6.97212 6.99546 6.88198 6.73386 6.75292 6.77839 6.84215 7.01051 7.09347 7.20588 7.19394 7.23082 7.11646 6.91547 6.77836 6.57955 6.37906 6.32057 6.42696 6.79701 7.05169 7.08972 7.02262 7.13350 7.24200 7.31484 7.37967 7.40107 7.37635 7.33146 7.32647 7.32219 7.29226 7.33645 7.39557 7.43141 7.42381 7.38885 7.34183 7.32108 7.34965 7.36698 7.35240 7.34669 7.35742 7.36288 7.35445 7.35203 7.36632 7.36920 7.35942 7.34691
7.20907 7.21301 7.18676 7.12197 7.04874 7.13013 7.21966 7.22067 7.20031 7.14409 6.95275 6.86691 6.92495 6.94120 6.94726 6.94852 6.88405 6.78258 6.85614 6.93833 6.98355 7.06682 7.12630 7.13157 7.15393 7.10980 6.86168 6.56359 6.34731 6.17446 6.05130 6.08038 6.41060 6.90393 7.17467 7.20928 7.09829 7.10483 7.22411 7.31213 7.36644 7.37820 7.36289 7.32843 7.25959 7.22413 7.29973 7.34800 7.36290 7.39387 7.36136 7.31563 7.28131 7.29638 7.33430 7.34954 7.34162 7.32955 7.34853 7.35050 7.32217 7.27715 7.25608 7.25546 7.23745 7.22815
7.22816 7.25114 7.20745 7.08456 7.05250 7.15462 7.23879 7.23877 7.22247 7.22124 7.04172 6.91962 6.95844 6.93156 6.90607 6.93206 6.96015 6.89593 6.95862 7.06616 7.12551 7.15848 7.14689 7.05372 7.00668 6.91961 6.63357 6.30974 6.14924 6.19332 6.36403 6.57619 6.72691 6.97161 7.20895 7.26563 7.25144 7.20633 7.23389 7.27588 7.29992 7.29902 7.31659 7.28430 7.22768 7.25826 7.27505 7.30569 7.29259 7.29754 7.28515 7.28480 7.28557 7.31443 7.33678 7.34189 7.33722 7.33850 7.37545 7.36659 7.32565 7.27503 7.23763 7.20737 7.17396 7.15523
7.25489 7.20429 7.15815 7.07257 7.12500 7.18719 7.23445 7.23422 7.23630 7.26676 7.14344 6.99737 6.94129 6.89146 6.86320 6.89787 6.94588 6.90763 6.94763 7.06088 7.14482 7.11411 7.03166 6.94422 6.91217 6.90804 6.64125 6.23295 6.19206 6.54061 6.80284 6.83200 6.75378 6.95608 7.23147 7.29738 7.29013 7.25911 7.24598 7.21811 7.17117 7.22142 7.28365 7.27969 7.25774 7.22436 7.29214 7.30617 7.23270 7.20482 7.26574 7.30179 7.29221 7.31564 7.34368 7.35623 7.35451 7.34889 7.38571 7.37216 7.33032 7.28555 7.25219 7.21871 7.17140 7.10987
7.31041 7.25370 7.15353 7.01486 7.03729 7.14629 7.21921 7.18482 7.21027 7.27144 7.21410 7.07531 6.96215 6.91525 6.91803 6.95267 6.91041 6.86276 6.92928 7.03587 7.06327 6.94892 6.88537 6.90285 6.94989 7.03651 6.79285 6.15157 6.24556 6.91333 7.08186 6.93642 6.76907 6.95795 7.24054 7.28641 7.28575 7.26971 7.26167 7.23249 7.16851 7.14202 7.19995 7.19156 7.19860 7.22399 7.29548 7.31485 7.24173 7.24794 7.32062 7.34366 7.31434 7.35178 7.38677 7.40226 7.39742 7.36305 7.38277 7.35736 7.32837 7.31149 7.27558 7.23651 7.18044 7.09465
7.32512 7.31567 7.24610 7.10588 7.05878 7.15108 7.17449 7.14128 7.18830 7.25724 7.24339 7.14420 7.04034 6.99331 6.99606 6.96365 6.83349 6.86182 7.00190 7.04015 6.88465 6.72459 6.78303 6.89268 6.92774 7.05799 7.00170 6.24741 6.09818 6.97037 7.15733 6.94758 6.80644 7.04144 7.28111 7.30212 7.30352 7.27055 7.25992 7.24565 7.20667 7.20009 7.20015 7.17985 7.16037 7.17543 7.25540 7.30048 7.29328 7.31525 7.34339 7.36218 7.33839 7.38062 7.40876 7.41335 7.39885 7.37995 7.39988 7.35858 7.31462 7.33269 7.31855 7.27760 7.22214 7.14949
7.29781 7.30472 7.23968 7.13082 7.08657 7.12381 7.14008 7.15248 7.17780 7.20246 7.20454 7.14698 7.08424 7.04148 6.97163 6.79639 6.70631 6.90673 7.07580 6.99739 6.64718 6.53781 6.68059 6.77615 6.80444 6.95556 7.03765 6.66561 6.38291 6.93715 7.15452 6.94142 6.85293 7.14397 7.32023 7.29346 7.24399 7.21353 7.18715 7.19712 7.22970 7.24008 7.22468 7.19412 7.14136 7.10989 7.18866 7.29487 7.30228 7.33696 7.36909 7.37320 7.36203 7.39406 7.39373 7.40169 7.40847 7.40567 7.41185 7.36416 7.29666 7.31606 7.33668 7.31780 7.27851 7.24217
7.25406 7.21399 7.11316 7.05918 7.05992 7.08596 7.14461 7.20341 7.18808 7.13131 7.07130 7.04237 7.06704 7.07236 6.92943 6.55234 6.52184 6.88372 6.98325 6.74297 6.42208 6.52903 6.61631 6.58005 6.60593 6.75437 6.88510 6.80971 6.87392 7.12369 7.17322 6.97065 6.98157 7.24155 7.31914 7.18861 7.07080 7.12293 7.09116 7.09734 7.20774 7.27639 7.26819 7.22890 7.14479 7.07687 7.11681 7.22232 7.28324 7.33591 7.36573 7.36400 7.36643 7.39644 7.39522 7.41003 7.42047 7.40196 7.39392 7.34396 7.27380 7.30496 7.32957 7.32043 7.30112 7.30592
7.12681 7.01525 6.97268 7.02144 7.01225 7.02074 7.11384 7.20907 7.21161 7.10495 6.89990 6.88357 7.05399 7.13719 7.03401 6.62243 6.29907 6.57454 6.72936 6.54879 6.51481 6.71165 6.71758 6.54901 6.46217 6.61654 6.81504 6.98334 7.17051 7.25187 7.17927 7.01418 7.09263 7.27341 7.20806 6.93995 7.01966 7.17536 7.15773 7.07424 7.17614 7.30286 7.31126 7.28663 7.18864 7.10097 7.13157 7.18918 7.21789 7.25883 7.31007 7.35022 7.36883 7.38750 7.40575 7.41316 7.40343 7.38699 7.36220 7.30745 7.27260 7.31544 7.30348 7.27333 7.27036 7.32270
6.82397 6.76133 6.87296 6.93237 6.88753 6.92753 7.05266 7.12204 7.17134 7.04174 6.71558 6.75500 7.05830 7.15767 7.10178 6.98819 6.68544 6.61311 6.76599 6.75062 6.77327 6.88849 6.94858 6.86527 6.68479 6.73773 6.94970 7.15839 7.28455 7.26266 7.15118 7.09348 7.21766 7.25608 7.03284 6.96382 7.21128 7.22612 7.12143 7.07479 7.23341 7.32571 7.33244 7.31587 7.23050 7.13975 7.15341 7.20679 7.22600 7.23242 7.27291 7.34604 7.37020 7.38920 7.41606 7.41280 7.39090 7.39291 7.38797 7.35018 7.31279 7.29141 7.24894 7.19566 7.18713 7.27093
6.31822 6.51404 6.74963 6.81920 6.81999 6.90429 6.98694 6.98816 7.05557 6.89828 6.49581 6.60104 6.95496 7.02903 7.04592 7.06956 7.03729 6.96077 7.02447 7.03091 6.97811 7.07165 7.18167 7.18096 7.06226 7.01431 7.10471 7.21511 7.25978 7.21655 7.16270 7.20716 7.28537 7.17523 7.02172 7.13902 7.26721 7.23832 7.14102 7.12751 7.25373 7.33282 7.33992 7.32059 7.24347 7.14669 7.10991 7.12787 7.15726 7.17294 7.22537 7.32145 7.36726 7.38250 7.39514 7.39984 7.38968 7.38540 7.39864 7.38020 7.33735 7.30739 7.25950 7.15940 7.10548 7.18808
6.03134 6.47428 6.77859 6.90330 6.88282 6.88959 6.86856 6.80478 6.85561 6.65352 6.14646 6.30493 6.71700 6.80524 6.95784 7.05726 7.05784 7.05290 7.12760 7.17473 7.08882 7.12220 7.24221 7.26771 7.17480 7.10669 7.13994 7.19904 7.21143 7.18710 7.19747 7.25080 7.21046 6.99173 7.02917 7.23530 7.29259 7.26967 7.17531 7.13752 7.23542 7.31949 7.31259 7.26075 7.19392 7.13632 7.08516 7.00669 6.96844 6.98595 7.11061 7.26793 7.31326 7.28809 7.29638 7.32972 7.35791 7.38092 7.39318 7.39144 7.37742 7.36566 7.33085 7.21155 7.06833 7.08631
6.39711 6.65000 6.88337 7.01820 6.90439 6.82992 6.78508 6.62385 6.56653 6.30294 5.82686 6.23985 6.66726 6.68142 6.82977 6.96670 7.01689 7.02101 7.10820 7.22980 7.20701 7.11039 7.12727 7.13096 7.01194 6.97205 7.06837 7.17270 7.21688 7.21868 7.22060 7.17733 6.93943 6.73733 7.01782 7.23187 7.29260 7.28785 7.19460 7.13147 7.22272 7.30230 7.25174 7.18427 7.17608 7.16777 7.16742 7.04523 6.90144 6.80273 6.93283 7.12510 7.08646 6.98667 7.07125 7.18921 7.27066 7.31937 7.32893 7.32860 7.34028 7.35615 7.34252 7.24829 7.11919 7.06908
6.84025 6.79421 6.92092 7.03309 6.83528 6.73231 6.75411 6.56640 6.39214 6.16892 6.06328 6.59801 6.86121 6.85804 6.91978 6.99064 7.03627 7.00548 7.04491 7.19315 7.25659 7.17129 7.05681 6.92534 6.83812 6.98501 7.15241 7.24029 7.27638 7.27776 7.22383 7.06387 6.77831 6.87188 7.08603 7.15035 7.25357 7.28713 7.20479 7.11938 7.17906 7.24142 7.19751 7.17656 7.24006 7.21604 7.24582 7.15521 7.06283 6.86198 6.95566 6.99949 6.82025 6.84363 6.96434 7.11723 7.23290 7.28221 7.26367 7.23183 7.21966 7.23481 7.23700 7.20643 7.22047 7.21204
