mrvbf_slope0.5_pctl1.2.asc
NCOLS 410
NROWS 410
XLLCORNER 2398750.0000000000000000
YLLCORNER 2548750.0000000000000000
CELLSIZE 250.0000000000000000
NODATA_VALUE -99999.00000
[rows 174 to 202 of 410, columns 198 to 263 of 410]
3.57484 3.11910 3.25898 3.65853 3.68890 3.06307 3.29623 3.96123 4.06698 4.01332 3.32213 3.54112 4.37231 4.41867 4.26264 4.24302 4.32380 4.36150 4.30037 4.37456 4.58136 4.72740 4.46816 4.35639 4.34983 4.36624 4.28457 4.23126 4.33305 4.33177 4.27063 4.01463 3.15024 2.92878 3.14365 3.36706 3.91983 4.16142 4.16695 4.30466 4.02562 3.86713 4.11261 4.40969 4.51631 4.52129 4.34240 3.54379 2.47104 2.63035 2.75716 2.97093 3.10788 3.19293 3.18403 3.11411 2.87917 2.78470 2.70362 2.61468 2.52503 2.38465 3.43538 4.11625 4.26017 3.76478
3.07908 3.08119 3.22354 3.36707 3.62687 3.09222 3.38646 4.15549 4.29665 4.13309 3.09649 3.52299 4.37219 4.35674 4.19821 4.25861 4.40434 4.45002 4.28048 4.25600 4.50062 4.65135 4.41073 4.29240 4.28030 4.23361 4.26284 4.31266 4.35980 4.35093 4.19711 3.64154 2.76399 2.47165 2.72474 2.89434 3.52757 4.12641 4.03910 3.93109 3.54600 3.79672 4.22015 4.36693 4.44437 4.42108 4.18778 3.06072 2.31411 2.53588 2.62765 3.26705 3.39815 3.19300 3.47810 3.17341 3.08715 2.90875 2.74652 2.74494 2.59205 2.63301 3.22929 4.09459 3.81855 2.45942
3.47804 3.89307 3.67536 3.65904 3.79415 3.35604 3.73423 4.30112 4.37382 4.22701 3.78535 3.54165 4.02491 4.18786 4.27131 4.28257 4.39342 4.48111 4.28435 4.11405 4.39147 4.62021 4.47805 4.27859 4.34500 4.20073 3.97805 4.01088 4.31031 4.45201 4.26210 3.36889 2.43990 2.19469 2.80103 3.70165 3.70423 3.95830 4.03579 3.91097 4.09292 4.14356 4.11819 4.14898 4.25416 4.10514 3.09651 2.01410 2.18025 1.90765 2.10330 2.75529 3.63527 3.56646 3.88638 3.73085 3.54263 3.00634 2.70705 2.73657 3.09059 2.97194 3.14973 3.51281 2.89555 2.48627
4.08762 4.30942 3.92162 3.95215 3.84577 3.25989 3.71468 4.35508 4.49435 4.40130 4.12842 3.56593 3.58114 4.05838 4.41747 4.34376 4.32926 4.44389 4.30130 3.98196 4.18969 4.53186 4.57651 4.34375 4.21348 4.08003 3.84404 3.62347 3.67733 4.12669 3.85228 2.80807 2.17507 2.04310 2.86045 4.09737 4.04208 3.98069 4.11482 4.19021 4.36472 4.36756 4.19626 4.19890 4.15137 3.68538 1.90725 1.83916 1.77373 0.71224 1.06232 2.32976 3.11125 3.57054 3.31108 2.92916 2.84823 2.69109 2.80500 2.86314 3.14562 2.85820 2.98628 2.78924 2.75407 2.76240
4.12363 4.27541 3.86108 3.92639 3.49631 2.62868 3.15784 3.96637 4.37325 4.15094 3.73656 3.63410 3.72894 4.01289 4.36802 4.39178 4.27668 4.39101 4.33516 3.94896 3.99361 4.42919 4.61725 4.41492 4.09874 3.86039 3.81522 3.92814 3.42249 3.44696 3.07793 2.35039 2.01461 2.11269 3.50313 4.28274 4.18572 4.01670 4.04092 4.18219 4.36075 4.44371 4.35211 4.18345 4.15041 3.93138 2.34489 0.84731 1.66842 1.91569 2.06362 2.34676 2.80511 3.23369 3.21347 2.73990 2.64081 2.77339 2.72995 2.66949 2.81839 3.12928 3.01849 2.76382 2.91336 3.17021
4.02959 4.21969 3.75751 3.68749 2.98420 2.22182 3.27612 3.74915 4.19726 3.83832 3.93613 4.00744 3.90407 3.97450 4.35369 4.45890 4.29984 4.29555 4.24851 3.83270 3.93573 4.41723 4.66657 4.48419 4.13271 3.81290 3.68866 3.85653 3.89339 3.46487 2.94020 2.37052 2.15657 2.79517 4.02551 4.26404 4.14816 3.88573 3.72239 3.82315 4.11342 4.30694 4.17735 3.95713 4.16657 4.13088 3.57989 2.52665 1.51201 1.31444 1.59937 2.02606 2.58358 3.08943 3.29458 2.91740 2.62925 2.75565 2.61606 2.56023 2.62505 2.79268 3.04299 3.22008 3.00967 3.01755
4.00041 4.12490 3.83482 3.40685 2.75592 2.61291 3.82365 4.18696 4.32737 4.18342 4.30791 4.23906 3.91944 3.97563 4.37393 4.51407 4.41221 4.29870 3.94683 3.77598 4.16534 4.53015 4.76915 4.55816 4.24490 3.89630 3.72280 3.74701 3.90033 3.61926 3.12877 2.58685 2.57186 3.43518 4.01283 4.07539 3.96074 3.60356 3.11161 2.92071 3.35756 4.00760 3.76505 3.85031 4.16405 4.06691 3.87036 3.76539 3.62866 3.24432 3.03901 2.75363 2.64379 2.66867 2.78547 2.96157 3.03477 2.60484 2.39242 2.27725 2.30789 2.54687 2.82315 2.87313 3.15500 3.03199
3.67100 3.61473 3.74720 3.45942 3.02150 3.40595 4.23839 4.33807 4.42793 4.34610 4.39608 4.30353 3.97152 4.00500 4.37797 4.56833 4.52999 4.42239 4.07519 4.15069 4.46146 4.63766 4.62219 4.49747 4.19649 3.82187 3.58106 3.47669 3.62431 3.61775 3.24043 2.83669 2.92302 3.63848 3.94788 3.92783 3.77442 3.31083 2.40717 1.82731 2.03754 2.90141 2.81945 3.00965 3.48326 3.73014 3.85862 3.78223 4.14845 4.11992 3.73334 3.53273 3.29005 2.60369 2.46693 2.92611 3.50478 2.73372 1.98785 0.90091 0.98031 1.99407 2.49506 2.65661 2.97842 3.38628
2.66523 2.82445 3.72664 4.00084 3.65942 3.84207 4.23180 4.21798 4.31879 4.33204 4.40895 4.20972 3.91333 3.99704 4.37547 4.53340 4.44853 4.28842 3.95464 4.13616 4.44274 4.50393 4.33370 4.16195 3.98778 3.76413 3.46382 3.38483 3.57947 3.51998 3.16801 3.06967 3.24228 3.76171 3.90006 3.81201 3.58402 3.01795 2.03239 1.23244 1.30993 1.79274 1.77718 1.73711 2.08568 3.22316 3.61396 3.76447 4.13235 4.16095 3.77485 3.29423 3.68182 3.18805 2.75230 2.71595 3.06963 2.74078 2.44592 2.10341 2.80056 2.90924 2.57040 2.25084 2.65749 3.42969
2.02654 3.17053 3.76515 4.28716 3.97048 4.01619 4.35960 4.34545 4.33689 4.36011 4.22848 3.79100 3.70289 4.09829 4.46211 4.44044 4.18458 4.09987 3.76368 3.70724 4.09212 4.20046 4.05365 4.07385 4.21023 4.06839 3.56655 3.27974 2.99454 2.57742 2.37870 2.84413 3.35293 3.72328 3.80286 3.72540 3.42702 2.79910 2.11888 1.73974 1.13411 1.17696 1.12546 0.95263 1.33452 2.47202 3.54221 3.93139 4.19700 4.16767 3.69555 3.37985 3.54756 3.67681 3.03190 3.06051 2.74236 3.01877 3.40254 3.47484 3.60237 3.62358 3.42508 3.06846 2.45172 3.10756
2.93563 3.87879 3.98281 4.36977 4.14139 4.09683 4.39899 4.51950 4.48328 4.33114 3.77969 3.41214 3.80765 4.35015 4.52799 4.34953 4.07975 4.20669 4.14668 3.92611 4.14197 4.27144 4.32724 4.32052 4.36625 4.33142 3.90719 3.37372 2.98622 2.54243 2.06198 1.98685 2.83617 3.63206 3.82642 3.82766 3.50003 2.83796 2.41360 2.74105 2.98224 1.59700 1.13753 1.02331 1.09539 2.08768 3.52519 3.90482 4.14750 4.09792 3.93347 3.92378 3.79958 3.31353 3.26577 2.97091 2.98860 3.70559 3.81461 4.01872 4.01729 4.00951 3.87616 3.82518 3.26505 2.76872
3.75725 4.15033 4.12220 4.37413 4.26311 4.16078 4.39545 4.55051 4.49469 4.14710 3.32025 3.40894 4.16448 4.44177 4.44298 4.29925 4.23787 4.29610 4.22432 4.13845 4.35281 4.48705 4.45489 4.44555 4.50796 4.47053 4.14613 3.53958 3.00003 2.50938 2.06215 1.84949 2.62978 3.61454 4.02761 4.07187 3.69843 2.99019 2.62425 2.82509 2.86633 2.07030 1.53385 1.37621 1.06114 1.94288 3.41382 3.64674 4.14446 4.18487 4.21558 4.16444 3.99652 3.29413 3.12640 2.65122 2.77908 3.57769 3.82764 4.10501 4.26124 4.22810 4.13441 4.14639 3.83364 2.83410
4.05091 4.18793 4.11675 4.32376 4.29533 4.17318 4.40040 4.47536 4.37734 3.99198 3.10515 3.58248 4.29929 4.30354 4.31370 4.36539 4.42449 4.40942 4.29276 4.30150 4.48990 4.59643 4.57986 4.56913 4.54639 4.28240 3.40423 2.84812 2.56936 2.31487 2.08462 2.07805 2.82501 3.81306 4.20462 4.20267 3.71758 2.85978 2.45251 2.50351 2.25529 1.79695 1.90697 1.76194 1.15918 1.90102 2.33293 2.41961 3.10706 3.96958 4.16777 4.21145 3.82156 3.53521 3.57628 2.89845 2.91487 3.32297 3.87136 4.09496 4.33673 4.35819 4.23583 4.08290 3.94975 3.21775
3.92183 4.10834 4.06865 4.27457 4.24138 4.18745 4.43379 4.43802 4.34140 4.09362 3.28910 3.54457 4.11096 4.20137 4.37096 4.45524 4.50714 4.47693 4.36174 4.37500 4.51282 4.60348 4.64663 4.63019 4.45934 3.78025 2.95401 2.71753 2.60886 2.48763 2.41970 2.60275 3.36685 3.80550 3.97218 3.93995 3.26560 2.39474 1.99913 1.90673 1.78021 1.86196 2.78605 1.92696 1.32793 1.76857 1.65675 1.33286 1.42901 2.34601 3.60042 3.78766 3.21439 2.97206 2.77231 2.36827 2.69638 3.74176 4.08636 4.22050 4.37111 4.37581 4.20073 3.93144 3.75081 2.35663
3.55515 3.89162 4.12539 4.26746 4.16116 4.27809 4.43807 4.46040 4.42909 4.24691 3.74758 3.63683 4.07112 4.31432 4.45294 4.50815 4.49549 4.40063 4.13602 4.00982 4.21865 4.40271 4.52572 4.57884 4.42261 3.70441 2.80783 2.58028 2.65174 2.80267 2.90826 3.13511 3.32530 3.49004 3.67148 3.47885 2.73703 2.08083 1.73899 1.55111 1.67801 2.67333 3.02988 1.77131 0.63315 0.78187 0.72362 0.55795 0.61557 1.09820 2.08554 2.52387 2.46444 2.50296 2.29604 2.39671 3.54992 4.17091 4.13610 4.19607 4.33772 4.25116 4.14166 3.65093 3.03366 1.13691
3.67501 3.82177 4.03732 3.91893 3.93405 4.29561 4.34227 4.22787 4.07934 3.95733 3.64027 3.55701 4.06399 4.40344 4.45251 4.47088 4.43110 4.27150 3.84666 3.37646 3.28943 3.46784 4.11977 4.39488 4.11355 3.29169 2.69602 2.45034 2.50838 2.85121 3.29562 3.51404 3.60995 3.74795 3.74280 3.18738 2.53614 2.02596 1.63800 1.39632 2.60124 3.17363 2.99244 1.48976 0.53743 0.54089 0.66402 0.53721 0.46515 0.67471 1.48162 2.09158 2.40276 2.26940 2.32273 3.22882 3.81150 3.99149 4.04065 4.20650 4.32330 4.22315 4.12189 3.89221 2.80808 1.36347
2.64044 2.59900 2.69105 2.71718 3.65546 4.29048 4.23467 3.69107 3.02525 3.00287 3.10821 3.20894 3.77439 4.35542 4.41300 4.38059 4.29094 3.98132 3.66510 3.24795 2.88804 2.74764 2.94688 3.53198 2.94500 2.61921 2.41201 2.25956 2.36242 2.53639 2.77259 3.17628 3.83423 3.76587 3.07525 2.67047 2.57860 2.27112 1.79937 1.61138 3.24511 3.79855 3.99182 2.34319 0.85411 1.06867 1.52496 0.92771 0.62984 0.71832 1.46498 2.03576 2.33630 2.45522 3.09462 3.58446 3.71397 3.82008 3.88483 4.06200 4.10923 4.19935 4.22135 3.90304 2.73264 1.22129
2.13800 1.86127 1.67930 1.67972 2.96425 4.04991 3.88533 3.17248 3.11260 3.11585 2.89353 2.94687 3.38648 4.12872 4.17592 3.97861 3.93976 3.69271 3.24718 3.15370 2.98984 2.68726 2.53665 2.62602 2.47207 2.31967 2.09220 2.03907 2.10197 2.10957 2.17452 2.50148 3.13249 2.82151 2.34411 2.24221 2.68731 2.82020 2.02488 1.66492 3.10898 3.91761 4.04634 2.97239 2.35466 2.44068 2.93560 2.26461 1.80129 1.41412 1.35170 2.04360 2.62601 3.04389 3.49593 3.63203 3.90538 4.04520 4.07657 3.93265 3.93695 3.95488 4.06421 3.98537 3.38078 2.42240
1.59162 1.40844 1.00870 0.92644 1.91662 3.38806 3.77870 3.37560 3.53313 3.54181 3.33254 3.01374 3.14563 3.73388 3.38049 3.08592 3.09361 3.18612 2.98219 2.96737 3.17665 2.96631 2.49087 2.36915 2.30937 2.28041 2.12759 1.79301 1.50170 1.38516 1.54010 2.11042 2.75556 2.32277 1.80578 1.98880 2.50335 2.97232 2.26597 1.72021 2.47516 2.92545 2.62549 1.92594 2.28333 3.78576 4.33134 4.19153 2.58862 0.98596 0.79716 1.94769 2.83739 3.17214 2.87182 3.00172 3.76965 4.12973 4.19830 4.13791 4.09644 3.82810 3.69809 3.70377 3.55395 2.69245
1.02382 0.85486 1.09833 1.27868 1.44606 2.43284 3.56426 3.75191 3.76542 3.75738 3.77502 3.31491 2.93086 2.92760 2.66916 2.72484 2.75908 2.83172 2.95236 2.88882 2.97515 2.85475 2.61218 2.41048 2.48494 2.54619 2.11000 1.18854 0.85736 0.84209 1.05965 1.70249 2.47212 2.01190 1.67085 2.27929 2.46737 3.03187 2.52797 2.12872 2.32096 2.47791 1.94260 1.24944 2.67644 3.66393 4.24646 4.15950 2.02388 0.91957 0.69188 1.90231 2.73359 3.39021 2.49974 2.49269 3.48186 3.95394 4.26326 4.19625 4.07977 4.03978 3.61008 3.40132 3.31922 2.65006
1.24228 1.37712 1.81242 1.82842 2.10994 2.44171 3.20352 3.81621 3.83864 3.64733 3.56538 3.27816 2.82937 2.58850 2.53741 2.80542 2.86564 2.74537 2.84332 2.75470 2.81500 2.78688 2.86836 2.90167 3.06306 2.85309 1.84036 0.83913 0.64806 0.59737 0.68774 1.51968 2.04334 1.92374 2.00920 2.33575 2.58465 3.25946 2.70328 2.56484 2.79522 3.16787 2.08767 1.54694 1.95810 3.69136 3.90145 3.84328 2.28087 1.15338 1.59200 2.33107 3.11959 3.31019 2.49833 2.61424 3.42245 3.89695 4.22519 4.23866 4.03317 3.92561 3.64879 3.29711 3.15992 2.94433
1.67599 2.45523 2.18363 2.57679 2.69102 2.69847 3.06152 3.55897 3.60249 3.60373 3.63502 3.43480 3.02270 2.74428 2.82012 3.13940 3.17470 2.86431 2.84150 2.96164 3.05124 3.32760 3.56953 3.68179 3.66837 2.93081 1.68368 0.80058 0.58150 0.49002 0.46288 1.10169 1.83870 1.88875 2.08249 2.20861 2.56532 2.78878 2.37932 2.26615 2.41170 2.88909 1.96529 1.28348 1.19113 3.33529 3.23210 2.40676 2.13082 2.07292 2.45120 2.97405 3.60819 3.51762 2.63076 2.62234 3.41731 3.49833 3.52816 3.54739 3.59864 3.69923 3.70730 3.47053 3.21287 2.99841
2.64483 2.75698 3.36668 3.44940 2.95923 2.97928 3.26953 3.89043 4.02570 3.91970 4.12480 4.01894 3.56310 3.28697 3.43882 3.53805 3.45330 3.20649 3.11357 3.42120 3.53806 3.87444 4.19907 4.16869 3.94556 2.69864 1.45181 0.75569 0.60320 0.50031 0.46212 0.79309 1.80090 1.77371 1.42909 1.53012 2.19852 2.38566 2.13666 1.78643 1.86473 2.21863 1.61870 0.47879 0.79886 1.89145 1.95657 1.30893 1.59624 1.77150 2.13373 2.64346 3.09639 3.10043 2.44344 2.13458 2.38774 2.52748 2.56526 2.50105 3.18156 3.62169 3.71652 3.75970 3.53105 3.20331
3.90552 3.73803 3.86079 3.56153 3.61975 3.57689 3.93368 3.98731 3.77376 3.66032 3.88981 4.10852 3.84214 3.67119 3.67399 3.67820 3.63676 3.54466 3.46882 3.65187 3.98596 4.25325 4.40238 4.37382 4.04766 2.52276 1.20677 0.68617 0.59488 0.53953 0.50387 0.77735 1.60244 1.59136 1.09635 1.20005 1.87107 2.55607 2.50944 2.10675 2.25634 2.68428 1.69473 0.91041 1.64428 1.62741 0.79727 0.79954 0.69170 0.70180 1.52305 2.35931 2.72473 2.50972 2.01999 1.23195 1.46375 1.69333 1.69980 1.71210 2.57727 3.40722 3.61990 3.76520 3.77785 3.86860
3.42176 3.45045 3.67664 3.81457 3.57743 3.70509 4.03179 4.03010 3.85529 3.81144 3.76249 3.97263 3.78331 3.70155 3.75865 3.88276 3.95772 4.01055 3.99884 3.99929 4.18582 4.36843 4.44444 4.41999 4.15037 2.59360 1.15482 0.63965 0.56085 0.48749 0.58769 0.48556 0.69254 0.92454 1.43302 1.63752 1.84626 2.98387 3.53928 2.73877 2.58970 2.80428 2.47335 1.94562 1.98731 1.56149 0.53190 1.47549 1.04467 0.74408 1.22774 2.51712 3.03405 2.45641 1.70115 1.69671 2.09210 1.72246 1.10551 1.28967 1.90042 3.32947 3.82439 3.95788 4.11145 4.14517
3.16743 3.52377 3.94913 4.15658 3.65485 3.70757 4.16362 4.11790 4.10449 3.97501 3.81122 3.63665 3.63814 3.80505 4.10736 4.28127 4.33201 4.36442 4.38005 4.32322 4.34105 4.40885 4.44023 4.42129 4.29120 2.97314 1.41769 0.66336 0.52758 0.38296 0.38474 0.35390 0.52862 1.28934 2.11822 1.94873 2.07810 3.25931 4.01698 3.01396 2.42371 2.14672 1.86101 1.77403 1.90817 1.52046 0.59568 1.99769 1.95651 0.75989 1.56871 2.90617 3.65180 2.82204 2.40081 2.26389 2.44857 2.24751 1.94796 2.81832 2.54310 3.58675 4.19716 4.34752 4.38172 4.24360
3.79267 4.25838 4.36200 4.27990 3.92881 3.81397 3.89554 3.73702 3.53109 3.29342 3.25257 3.40681 3.76608 4.19638 4.43924 4.49716 4.47195 4.44374 4.48234 4.47696 4.45149 4.45019 4.45266 4.42690 4.35856 3.43216 1.90347 0.79287 0.52861 0.44204 0.42286 0.57716 0.87423 1.26171 1.60083 2.17983 3.00473 4.11267 3.73423 2.70843 2.28500 1.59838 0.84105 0.66447 1.60798 2.35963 1.39690 1.04639 1.29521 0.79840 2.11650 3.78539 4.05964 3.04954 2.83597 3.17852 3.15077 2.34926 1.71432 3.09498 2.62196 3.43728 4.15930 4.29531 4.34494 4.24401
4.18775 4.45697 4.45829 4.35808 4.19082 3.98151 3.73096 3.42637 3.05547 2.78895 2.90377 3.40891 3.96822 4.39461 4.53370 4.58476 4.56046 4.49633 4.49126 4.52868 4.52508 4.48878 4.46688 4.43302 4.40978 3.80627 2.73662 1.61542 0.77086 0.59869 1.04920 1.83000 1.96418 2.03929 2.45419 3.22370 3.73013 4.16141 3.82185 2.57302 2.05201 1.27548 1.20485 1.39663 1.99578 3.48999 3.12401 1.99977 1.36379 1.39602 2.53915 4.19547 4.03432 2.76112 2.41340 2.45785 2.75122 2.25005 1.52404 3.29854 2.30895 3.19487 4.17233 4.21480 4.07949 4.11135
4.38632 4.51739 4.49893 4.43525 4.32305 4.06033 3.66200 3.21932 2.78714 2.58545 2.88093 3.45971 3.93184 4.32799 4.53102 4.61303 4.59694 4.53918 4.51653 4.52038 4.52410 4.48937 4.45349 4.43425 4.43677 4.03431 3.38946 2.93320 2.31878 1.94017 2.19252 2.97555 3.36643 2.67046 2.44480 2.44898 2.55453 2.82373 2.83651 2.36051 2.01066 1.52526 1.95295 2.03689 2.63418 3.94332 4.18431 3.41555 2.63001 2.45414 3.26707 4.37749 3.88960 2.57485 2.07050 2.20960 2.45738 2.83055 2.11096 2.27917 2.20275 3.26012 4.12196 4.18182 3.88897 3.89478
