mrvbf_slope0.7_pctl1.3.asc
NCOLS 410
NROWS 410
XLLCORNER 2398750.0000000000000000
YLLCORNER 2548750.0000000000000000
CELLSIZE 250.0000000000000000
NODATA_VALUE -99999.00000
[rows 290 to 318 of 410, columns 66 to 131 of 410]
4.03824 3.89232 3.99276 4.06687 3.74170 3.63056 3.70263 3.60388 3.48398 3.49166 3.73554 4.01649 4.18076 4.28400 4.30113 4.28376 4.26797 4.21217 4.22176 4.35533 4.46604 4.45149 4.36228 4.27913 4.36631 4.48644 4.54987 4.56647 4.54722 4.50946 4.45928 4.40459 4.36538 4.44802 4.51627 4.47904 4.49958 4.54581 4.52983 4.46156 4.42058 4.47053 4.53037 4.53919 4.57087 4.57666 4.58995 4.55470 4.49276 4.48884 4.55310 4.52178 4.48393 4.52144 4.50892 4.53466 4.59820 4.63141 4.61503 4.59466 4.57176 4.55842 4.56110 4.58259 4.62431 4.64735
3.99548 3.77259 3.79533 3.75399 3.43563 3.37066 3.48276 3.52612 3.56364 3.77563 4.13147 4.28032 4.36388 4.43152 4.40655 4.34126 4.26040 4.15752 4.12124 4.25377 4.41397 4.46672 4.44258 4.44845 4.52195 4.56389 4.56527 4.52439 4.43519 4.38898 4.41317 4.46324 4.47651 4.48379 4.51051 4.47246 4.47354 4.53910 4.56254 4.49702 4.40667 4.38991 4.47373 4.54059 4.57825 4.57677 4.56515 4.54233 4.50346 4.55158 4.60027 4.54655 4.52473 4.56109 4.51249 4.52234 4.60030 4.63040 4.61109 4.59494 4.57822 4.56506 4.56882 4.58858 4.60676 4.60857
3.84993 3.65975 3.54072 3.41720 3.22034 3.22182 3.38410 3.52233 3.63595 3.82584 4.09155 4.31000 4.42879 4.46361 4.44034 4.39285 4.26503 4.09021 4.00909 4.16817 4.39348 4.47941 4.45436 4.41738 4.44164 4.46407 4.42439 4.30282 4.20113 4.27659 4.38706 4.47911 4.51559 4.45771 4.34963 4.28134 4.37382 4.49039 4.53494 4.52963 4.53355 4.48406 4.47962 4.52873 4.56276 4.56496 4.54456 4.51054 4.50972 4.58367 4.61931 4.54731 4.52772 4.57508 4.50669 4.51144 4.60019 4.62655 4.60334 4.59385 4.59989 4.60527 4.61503 4.62625 4.61364 4.57981
3.99172 3.89488 3.67944 3.39863 3.18290 3.18244 3.40428 3.63175 3.77631 3.87931 3.96984 4.17509 4.36799 4.45329 4.44781 4.42041 4.28871 4.06457 3.97201 4.13502 4.33924 4.40267 4.38033 4.30974 4.22745 4.14809 4.06329 4.03739 4.20948 4.35943 4.39605 4.42040 4.45786 4.43008 4.30184 4.29052 4.39289 4.45870 4.48508 4.48687 4.51739 4.55806 4.56255 4.56828 4.57362 4.56886 4.54577 4.50541 4.49866 4.57135 4.60713 4.54470 4.54398 4.58999 4.52070 4.51171 4.59326 4.63462 4.60357 4.59461 4.62378 4.65242 4.66096 4.65012 4.61803 4.58646
4.19272 4.14473 3.99933 3.52321 3.19431 3.26971 3.58511 3.85226 3.99231 4.03815 3.98295 4.08522 4.29583 4.40314 4.42108 4.38961 4.28302 4.09335 4.04220 4.17506 4.27603 4.29526 4.30924 4.29461 4.14164 3.87598 3.86900 4.13781 4.38980 4.48710 4.46772 4.41879 4.36125 4.32020 4.34449 4.45988 4.52094 4.51312 4.48627 4.46857 4.47004 4.51291 4.55424 4.58063 4.58368 4.56227 4.53477 4.50863 4.50943 4.56208 4.58799 4.56210 4.57691 4.59604 4.55328 4.52357 4.58543 4.65081 4.60847 4.58773 4.62884 4.67685 4.66151 4.62452 4.60077 4.60253
4.21161 4.23096 4.05621 3.43049 3.14393 3.49746 3.88203 4.02373 4.01849 3.94716 3.92400 4.11451 4.25910 4.25557 4.26683 4.30525 4.25805 4.15503 4.15198 4.24557 4.23747 4.21041 4.27579 4.31785 4.15842 3.98445 4.07339 4.25888 4.42340 4.50558 4.51446 4.47061 4.37624 4.26842 4.27270 4.43198 4.55057 4.56713 4.52966 4.49142 4.46118 4.46063 4.48238 4.50315 4.51968 4.52400 4.52736 4.53605 4.55382 4.57481 4.59282 4.60273 4.61041 4.60907 4.58144 4.51980 4.57033 4.65436 4.61458 4.57686 4.61948 4.66189 4.63271 4.60029 4.60254 4.63197
4.18298 4.26229 4.08370 3.37613 3.08647 3.61410 4.02231 4.03522 3.88508 3.77183 3.91812 4.16879 4.06782 3.79488 3.69670 3.92420 4.12290 4.14211 4.16945 4.22995 4.17811 4.17835 4.27389 4.33641 4.15413 4.11689 4.27419 4.30034 4.39377 4.47148 4.46434 4.40781 4.36171 4.32379 4.25045 4.33550 4.49769 4.58113 4.58031 4.55040 4.52426 4.51009 4.50840 4.51031 4.51640 4.53663 4.56010 4.57964 4.58769 4.58917 4.60672 4.63501 4.63706 4.62351 4.60555 4.51837 4.54392 4.63928 4.61634 4.57323 4.60825 4.63069 4.60888 4.59962 4.62739 4.66296
4.06302 4.13381 3.90052 3.35536 3.17528 3.52837 3.92223 3.94017 3.70425 3.65374 3.90108 4.02992 3.68675 3.24252 3.02849 3.33623 3.78487 4.02007 4.10291 4.16181 4.20903 4.28391 4.31535 4.35944 4.14720 4.16586 4.31215 4.29936 4.39039 4.42542 4.37913 4.35856 4.39687 4.31146 4.13908 4.17920 4.40763 4.55368 4.60689 4.60773 4.60099 4.59545 4.59450 4.59445 4.59282 4.59966 4.60340 4.59705 4.57722 4.57906 4.60320 4.63712 4.64770 4.62955 4.60982 4.53980 4.52159 4.60484 4.61910 4.58110 4.59065 4.60457 4.60864 4.61597 4.62787 4.64436
3.87971 3.90177 3.68180 3.37355 3.30990 3.52097 3.91273 4.01965 3.64362 3.65973 3.94718 3.98276 3.61799 3.43371 3.36260 3.17032 3.67187 4.00373 4.08792 4.20029 4.33070 4.33926 4.35409 4.34745 4.06824 4.11154 4.17688 4.20657 4.40696 4.42369 4.32008 4.31336 4.35997 4.18508 3.97044 3.89539 4.29660 4.52791 4.59788 4.61453 4.61931 4.61997 4.62062 4.61979 4.61655 4.60736 4.57930 4.54805 4.54607 4.56624 4.59328 4.62708 4.64843 4.63935 4.61694 4.55655 4.52445 4.58976 4.63136 4.60743 4.58850 4.59201 4.61323 4.62958 4.61923 4.61862
3.88871 3.85187 3.67445 3.51446 3.58994 3.86313 4.04384 4.11316 3.88032 3.83484 4.06924 4.15894 3.93137 3.78627 3.36671 3.40104 3.95830 4.12161 4.11378 4.19304 4.27493 4.34829 4.43370 4.36267 3.95889 4.06458 4.00734 4.11959 4.36751 4.35041 4.24383 4.25452 4.31287 4.15625 3.88079 3.72788 4.27102 4.50228 4.55151 4.55736 4.54830 4.54291 4.53908 4.53124 4.52463 4.50749 4.48457 4.50211 4.53591 4.55607 4.57851 4.61298 4.64222 4.64051 4.62416 4.57396 4.52018 4.56504 4.62702 4.64241 4.62783 4.61875 4.60954 4.60364 4.61462 4.61760
4.11951 4.02401 3.83196 3.71667 3.88653 4.20265 4.29098 4.26655 4.17239 3.99956 4.12103 4.30607 4.20114 3.98844 3.65262 3.88122 4.17194 4.13328 4.04399 4.00637 4.20468 4.42705 4.49536 4.37842 4.01298 4.08988 4.14620 4.08305 4.22469 4.25986 4.11829 4.18598 4.35136 4.29707 3.94352 3.86703 4.20845 4.36164 4.40921 4.39749 4.32694 4.27685 4.23252 4.18584 4.20810 4.29084 4.38765 4.49087 4.50671 4.52441 4.56481 4.60618 4.63651 4.63712 4.62453 4.59317 4.52280 4.52025 4.57056 4.63509 4.66566 4.67069 4.64973 4.61163 4.58140 4.60489
4.28980 4.16629 3.95311 3.85894 4.07285 4.32808 4.39372 4.34004 4.18730 3.94777 4.00430 4.26971 4.31593 4.21712 3.99432 4.03047 4.10747 4.10058 3.89172 3.81625 4.25603 4.49212 4.47445 4.23285 3.94204 4.19075 4.30257 4.18494 4.21924 4.27284 4.16135 4.21304 4.34815 4.37222 4.12960 3.76620 3.81900 3.95396 4.04551 4.07524 4.04191 3.99384 3.91873 3.88034 3.98784 4.20087 4.32870 4.38225 4.44414 4.52785 4.58354 4.61599 4.63225 4.63624 4.62743 4.61163 4.57160 4.52158 4.51816 4.56854 4.64083 4.67833 4.66865 4.62873 4.58214 4.60932
4.23211 4.13804 3.95268 3.92984 4.19663 4.30200 4.31304 4.24304 4.12469 3.83128 3.80008 4.10969 4.21672 4.13748 3.92352 3.88470 4.09137 4.16395 3.78675 3.82126 4.33277 4.49495 4.35199 3.90747 3.80978 4.17842 4.29002 4.20581 4.19038 4.19746 4.24135 4.34394 4.40653 4.39094 4.23247 3.91786 3.78956 3.77485 3.79365 3.94983 4.13682 4.19062 4.17621 4.20594 4.24145 4.26147 4.22388 4.28303 4.47099 4.57118 4.60027 4.59024 4.58824 4.59783 4.61342 4.62290 4.61054 4.57309 4.53755 4.52168 4.58735 4.63889 4.61921 4.56372 4.54021 4.58121
3.99050 3.97188 3.93642 3.99746 4.22917 4.27933 4.26223 4.09664 4.13674 3.95861 3.78058 3.94373 4.06321 4.07157 3.99185 3.84600 4.04440 4.09619 3.70636 3.85727 4.38163 4.45778 4.09766 3.60847 3.84176 4.22194 4.20746 3.99983 3.96053 4.14442 4.32316 4.42360 4.45717 4.40920 4.33867 4.32326 4.22458 4.11767 4.04472 4.15346 4.34995 4.41206 4.39023 4.40378 4.34359 4.20625 4.14142 4.29513 4.49583 4.56776 4.55248 4.53349 4.53519 4.54442 4.56679 4.59943 4.61806 4.60655 4.56734 4.52175 4.54385 4.57782 4.54796 4.52018 4.55451 4.57321
3.83588 3.90634 4.03808 4.17749 4.28346 4.35573 4.35914 4.19279 4.10885 4.17350 4.08349 4.04859 4.12691 4.00488 3.60285 3.61782 3.89710 3.97511 3.72885 3.88528 4.37982 4.40527 3.85844 3.54255 4.01503 4.31409 4.14754 3.79480 3.81206 4.11737 4.30460 4.39866 4.45487 4.43734 4.37840 4.32232 4.30398 4.32248 4.34871 4.33040 4.43736 4.49401 4.46028 4.40894 4.32438 4.18698 4.16579 4.34465 4.50258 4.52151 4.49835 4.50593 4.51908 4.51625 4.52214 4.55569 4.59654 4.61082 4.59120 4.54946 4.53534 4.54595 4.53739 4.55449 4.58999 4.57091
3.92649 4.05996 4.16883 4.31138 4.35314 4.35208 4.28027 4.21488 4.23009 4.23297 4.18059 4.11215 4.01195 3.74613 3.58422 3.90783 4.10370 4.02214 3.88964 4.03451 4.35793 4.34670 3.83382 3.55924 3.98300 4.33448 4.19824 3.94112 3.70906 3.78308 4.02945 4.24063 4.38350 4.44076 4.44340 4.43058 4.40346 4.35967 4.34908 4.41607 4.50560 4.53980 4.51846 4.46305 4.37077 4.25126 4.24117 4.37597 4.48265 4.48302 4.49105 4.53079 4.54884 4.53217 4.51216 4.52017 4.55828 4.59102 4.59340 4.56639 4.55215 4.55669 4.55709 4.57505 4.58627 4.56666
4.09862 4.11585 4.19850 4.34421 4.33020 4.20076 4.07191 4.10146 4.17567 4.14524 4.04915 3.99622 3.94485 3.77339 3.82076 4.15765 4.28966 4.22738 4.12184 4.13245 4.23489 4.12696 3.75570 3.66147 3.99987 4.33670 4.34794 4.17024 3.94648 3.73789 3.82000 4.07020 4.25670 4.32349 4.33833 4.39765 4.46523 4.45075 4.44176 4.49942 4.53212 4.53228 4.50935 4.47177 4.38627 4.28152 4.27982 4.38038 4.45657 4.48612 4.52156 4.54823 4.55407 4.55167 4.54113 4.53266 4.54161 4.57563 4.58631 4.56223 4.55178 4.56218 4.56016 4.56157 4.55439 4.54048
4.11624 4.07249 4.12939 4.25944 4.19435 4.01120 4.02224 4.17500 4.00586 3.94494 3.99698 4.07281 4.04656 3.83166 3.85781 4.07786 4.12795 4.18317 4.17973 4.12364 4.02118 3.83741 3.68082 3.78251 4.11284 4.36376 4.41695 4.38005 4.22512 3.85241 3.73597 3.97628 4.13945 4.19017 4.17342 4.17810 4.35334 4.45371 4.45498 4.43673 4.44347 4.44966 4.43705 4.40455 4.32063 4.23550 4.25937 4.37092 4.45394 4.50062 4.54344 4.54656 4.54848 4.55563 4.56800 4.57404 4.54964 4.56756 4.57395 4.54100 4.53109 4.55154 4.55267 4.53951 4.52041 4.50284
4.01235 3.86036 3.76361 3.87377 3.92742 3.94563 4.05383 3.98620 3.89285 3.97796 4.12362 4.08136 3.83290 3.59898 3.58629 3.77976 3.89773 4.00813 4.07604 4.05129 3.90558 3.77209 3.75915 3.94739 4.20916 4.34739 4.40173 4.40972 4.28960 3.96641 3.65564 3.83778 4.03129 4.15826 4.14300 3.97076 4.01716 4.21678 4.19539 4.17687 4.28437 4.37873 4.40545 4.37050 4.26403 4.16954 4.20863 4.34730 4.45174 4.49150 4.51413 4.53167 4.57097 4.59403 4.59714 4.58081 4.55348 4.54669 4.53169 4.51240 4.51300 4.54227 4.55195 4.53044 4.51966 4.47528
3.70695 3.56052 3.40630 3.41326 3.58905 3.87556 4.03928 3.93417 3.96879 4.14057 4.18421 3.90723 3.68517 3.55301 3.51487 3.73329 3.96089 4.01769 4.05729 4.02004 3.92815 3.91123 3.99323 4.13149 4.23576 4.24478 4.28607 4.37607 4.29578 4.14504 3.71080 3.65047 3.90874 4.18490 4.23363 4.00398 3.73222 3.76218 3.82426 4.02634 4.22899 4.39098 4.43728 4.40933 4.29976 4.15452 4.16781 4.30267 4.42048 4.46733 4.47331 4.49613 4.56678 4.60966 4.60895 4.57616 4.55262 4.52540 4.49819 4.51975 4.50667 4.52666 4.55067 4.52443 4.54484 4.49643
3.43973 3.36419 3.27029 3.22580 3.39678 3.66342 3.80287 3.84508 3.97871 4.14773 4.11925 3.81371 3.74918 3.75373 3.61547 3.78140 4.02054 4.13600 4.14709 4.03366 3.97694 4.06011 4.16431 4.17438 4.20355 4.21665 4.15480 4.25840 4.26994 4.16107 3.96073 3.68776 3.75484 4.04684 4.13511 3.92112 3.71442 3.70123 3.87290 4.09538 4.22115 4.38604 4.45518 4.43297 4.37774 4.23218 4.20190 4.28373 4.37900 4.44189 4.43687 4.46142 4.54744 4.59813 4.60629 4.58244 4.53710 4.50309 4.50678 4.54442 4.51509 4.51626 4.52769 4.50713 4.54155 4.53335
3.33794 3.36907 3.42425 3.38521 3.38778 3.48272 3.56246 3.67437 3.78725 3.89867 4.01220 3.87721 3.73527 3.81789 3.69521 3.82348 4.08539 4.22079 4.15474 3.97386 3.93661 4.06583 4.21215 4.14717 4.12927 4.24143 4.14895 4.19585 4.31872 4.17975 4.05971 3.85695 3.70351 3.84991 3.82424 3.71583 3.84744 3.98474 4.04210 4.04385 4.18990 4.39737 4.47928 4.46382 4.43038 4.33550 4.29060 4.31363 4.35904 4.39452 4.38566 4.43405 4.52673 4.56896 4.56602 4.53658 4.47578 4.45162 4.49367 4.53865 4.52627 4.51840 4.50393 4.51268 4.55939 4.56211
3.40458 3.55285 3.77506 3.69906 3.52375 3.46452 3.46592 3.50986 3.52907 3.58037 3.68359 3.70799 3.67994 3.81975 3.69638 3.78196 3.99858 4.13845 4.04061 3.86287 3.86542 3.92275 4.01584 4.05580 4.08431 4.24074 4.14735 4.17165 4.30355 4.15141 3.99425 3.89807 3.71055 3.74368 3.68790 3.85324 4.04398 3.97884 3.92449 4.00847 4.25506 4.41714 4.44253 4.43744 4.42599 4.38163 4.36920 4.37315 4.37259 4.35937 4.34266 4.38684 4.46731 4.49295 4.45692 4.37668 4.30806 4.35613 4.43925 4.49599 4.51899 4.52630 4.52912 4.55409 4.57797 4.57409
3.55438 3.77981 4.04034 3.92000 3.70686 3.60678 3.58027 3.56427 3.56536 3.58558 3.65138 3.65863 3.68936 3.71460 3.64542 3.66130 3.82411 4.03085 3.97439 3.84184 3.92169 3.88362 3.83537 3.87563 4.02103 4.19682 4.11990 4.07938 4.11580 3.91759 3.91126 3.92684 3.70311 3.74856 3.90525 4.04994 3.90118 3.82280 3.92978 4.15023 4.34873 4.41094 4.41462 4.40455 4.36357 4.37552 4.40854 4.41707 4.40170 4.37463 4.34603 4.34513 4.37583 4.37676 4.31257 4.23748 4.27207 4.34626 4.38344 4.43329 4.48663 4.52291 4.55421 4.57172 4.57810 4.57632
3.74781 3.98958 4.16377 4.03289 3.84973 3.76498 3.77059 3.81651 3.83647 3.78888 3.86107 3.95157 3.90395 3.88388 3.82629 3.79406 3.82179 3.99935 4.01318 3.84746 3.91733 3.91012 3.78736 3.76931 3.90355 4.06594 4.07657 4.06154 4.00035 3.87914 4.02872 4.12421 3.91709 3.92895 4.01854 3.92053 3.80038 3.90614 4.12472 4.26391 4.33286 4.37613 4.37184 4.31214 4.31908 4.38163 4.41308 4.41379 4.41617 4.41573 4.38425 4.34987 4.33931 4.33195 4.31665 4.33645 4.41458 4.43447 4.39502 4.39358 4.43795 4.49471 4.54572 4.54223 4.51833 4.53815
3.96442 4.15569 4.21838 4.09610 3.94093 3.84814 3.83477 3.87749 3.90407 3.86432 3.89185 4.02223 4.00357 3.98414 3.88024 3.84730 3.83708 3.96275 4.02895 3.78336 3.70962 3.74427 3.71559 3.72317 3.81550 3.93428 4.01203 4.09702 4.07162 3.99354 4.12862 4.21932 4.13336 4.02645 3.95087 3.85601 3.87049 4.00196 4.09627 4.15090 4.19236 4.23065 4.23346 4.23451 4.31495 4.36998 4.35586 4.35504 4.39488 4.41366 4.39110 4.36644 4.36701 4.38678 4.40993 4.44142 4.48571 4.49906 4.44758 4.40219 4.40138 4.44636 4.50579 4.47599 4.44159 4.46226
4.13678 4.25599 4.24631 4.13950 4.00167 3.89432 3.83881 3.83467 3.86326 3.84573 3.78859 3.83143 3.88899 3.85704 3.72163 3.70257 3.73370 3.80960 3.85127 3.61618 3.49060 3.54410 3.64423 3.71875 3.77584 3.83936 3.93351 4.07267 4.09498 4.02934 4.17877 4.13487 4.04769 4.05292 4.01519 3.95293 3.87907 3.79848 3.81069 3.92646 4.02805 4.05421 4.02308 4.01311 4.08790 4.11347 4.08626 4.08740 4.19764 4.28804 4.33140 4.35324 4.38326 4.43121 4.47119 4.48358 4.49763 4.51669 4.48475 4.42849 4.38607 4.38815 4.43443 4.40849 4.42738 4.38359
4.19845 4.26325 4.25666 4.18489 4.06875 3.95331 3.86207 3.80026 3.79433 3.82524 3.82230 3.81834 3.87277 3.87978 3.74011 3.64813 3.66309 3.65330 3.59810 3.44313 3.38428 3.49929 3.67454 3.77672 3.77726 3.78129 3.86867 4.00596 4.01486 4.00424 4.17019 4.03296 4.04151 4.15677 4.14429 4.04096 3.89496 3.77782 3.75011 3.84317 3.98214 4.02557 3.98169 3.92352 3.91614 3.93876 3.90974 3.85559 3.94935 4.14321 4.26572 4.31659 4.35059 4.40866 4.47110 4.48857 4.48348 4.49254 4.48784 4.44833 4.39827 4.36578 4.38141 4.39450 4.41443 4.33227
4.18376 4.24853 4.26131 4.22655 4.14377 4.03263 3.91863 3.81439 3.76641 3.80343 3.87865 3.94607 4.00187 3.92008 3.75496 3.75668 3.73317 3.59075 3.50148 3.42870 3.43854 3.59459 3.81019 3.90942 3.84214 3.79362 3.87054 3.98554 3.95049 4.02992 4.14524 3.99959 4.05119 4.18408 4.20689 4.13470 4.06485 4.03573 3.96585 3.94272 4.07462 4.14132 4.11071 4.07289 4.06600 4.09853 4.09126 3.99530 3.97639 4.13063 4.25959 4.28696 4.27175 4.29513 4.37827 4.45239 4.45330 4.44743 4.45790 4.44790 4.41615 4.39747 4.41059 4.39501 4.37487 4.28544
