mrvbf_slope1.5_pctl1.5.asc
NCOLS 410
NROWS 410
XLLCORNER 2398750.0000000000000000
YLLCORNER 2548750.0000000000000000
CELLSIZE 250.0000000000000000
NODATA_VALUE -99999.00000
[rows 232 to 260 of 410, columns 0 to 65 of 410]
-99999.00000 -99999.00000 -99999.00000 -99999.00000 -99999.00000 7.70599 7.70786 7.70860 7.70713 7.70760 7.70998 7.71163 7.71168 7.71146 7.71151 7.71094 7.70958 7.70877 7.70672 7.70725 7.70618 7.70601 7.70735 7.70823 7.70815 7.70790 7.70646 7.70192 7.69814 7.70111 7.70399 7.70435 7.70413 7.70357 7.70267 7.70104 7.69864 7.69674 7.69590 7.69602 7.69642 7.69666 7.69644 7.69572 7.69445 7.69403 7.69515 7.69543 7.69424 7.69178 7.69092 7.69396 7.69552 7.69510 7.69392 7.69268 7.69160 7.69056 7.68966 7.68854 7.68626 7.68348 7.68389 7.68702 7.68870 7.68890
-99999.00000 -99999.00000 -99999.00000 -99999.00000 -99999.00000 7.70784 7.70920 7.70765 7.70468 7.70491 7.70783 7.70966 7.70951 7.71005 7.70885 7.70918 7.70810 7.70582 7.70408 7.70560 7.70764 7.70667 7.70600 7.70622 7.70671 7.70707 7.70565 7.70150 7.69939 7.70164 7.70301 7.70311 7.70290 7.70240 7.70136 7.69955 7.69791 7.69751 7.69764 7.69747 7.69704 7.69667 7.69623 7.69546 7.69393 7.69259 7.69243 7.69283 7.69166 7.68916 7.68957 7.69175 7.69381 7.69378 7.69314 7.69205 7.69067 7.68950 7.68823 7.68607 7.68274 7.67991 7.68141 7.68504 7.68671 7.68741
-99999.00000 -99999.00000 -99999.00000 -99999.00000 -99999.00000 7.70889 7.70969 7.70718 7.70352 7.70297 7.70577 7.70787 7.70824 7.70758 7.70634 7.70558 7.70511 7.70200 7.70043 7.70193 7.70489 7.70674 7.70563 7.70466 7.70520 7.70597 7.70491 7.70137 7.69871 7.69936 7.70039 7.70091 7.70104 7.70077 7.69935 7.69733 7.69657 7.69656 7.69693 7.69656 7.69601 7.69543 7.69484 7.69415 7.69311 7.69180 7.69055 7.69013 7.68898 7.68732 7.68767 7.69118 7.69215 7.69217 7.69198 7.69091 7.68925 7.68776 7.68641 7.68335 7.67841 7.67527 7.67771 7.68149 7.68322 7.68476
-99999.00000 -99999.00000 -99999.00000 -99999.00000 -99999.00000 7.70628 7.70823 7.70573 7.70282 7.70164 7.70390 7.70608 7.70545 7.70345 7.69978 7.69784 7.70009 7.69835 7.69850 7.70047 7.70106 7.70454 7.70330 7.70193 7.70270 7.70362 7.70303 7.70036 7.69669 7.69487 7.69526 7.69630 7.69746 7.69811 7.69698 7.69553 7.69537 7.69454 7.69549 7.69477 7.69358 7.69243 7.69203 7.69180 7.69119 7.69014 7.68927 7.68886 7.68765 7.68657 7.68777 7.68991 7.69021 7.69027 7.69054 7.68917 7.68708 7.68520 7.68427 7.68118 7.67479 7.67223 7.67585 7.67905 7.68013 7.68143
-99999.00000 -99999.00000 -99999.00000 -99999.00000 -99999.00000 7.69836 7.70537 7.70384 7.70202 7.70076 7.70180 7.70326 7.70186 7.69621 7.68963 7.69149 7.69478 7.69769 7.70098 7.69978 7.69947 7.69973 7.69707 7.69757 7.69971 7.70086 7.70062 7.69906 7.69637 7.69308 7.69118 7.69094 7.69257 7.69472 7.69572 7.69535 7.69436 7.69253 7.69254 7.69115 7.68866 7.68693 7.68768 7.68853 7.68818 7.68737 7.68757 7.68807 7.68693 7.68635 7.68800 7.68865 7.68786 7.68784 7.68867 7.68680 7.68484 7.68424 7.68314 7.67985 7.67170 7.67222 7.67881 7.67998 7.67965 7.68003
-99999.00000 -99999.00000 -99999.00000 -99999.00000 -99999.00000 7.68674 7.69912 7.70145 7.70086 7.70000 7.70072 7.70098 7.69818 7.69266 7.69116 7.69607 7.69603 7.69964 7.70128 7.69948 7.69897 7.69312 7.69036 7.69433 7.69810 7.69944 7.69934 7.69835 7.69638 7.69340 7.69075 7.68928 7.68978 7.69214 7.69474 7.69407 7.69264 7.68999 7.68911 7.68769 7.68502 7.68357 7.68392 7.68524 7.68512 7.68459 7.68531 7.68709 7.68702 7.68647 7.68747 7.68731 7.68626 7.68506 7.68605 7.68433 7.68335 7.68336 7.68152 7.67841 7.67065 7.67343 7.68129 7.68112 7.68051 7.68076
-99999.00000 -99999.00000 -99999.00000 -99999.00000 -99999.00000 7.69165 7.69836 7.69864 7.69756 7.69780 7.69994 7.70086 7.69829 7.69647 7.69884 7.70035 7.69977 7.70029 7.69928 7.69794 7.69468 7.68796 7.69032 7.69447 7.69801 7.69949 7.69940 7.69847 7.69674 7.69444 7.69255 7.69066 7.68912 7.69009 7.69282 7.69159 7.69061 7.68878 7.68769 7.68708 7.68576 7.68566 7.68329 7.68292 7.68292 7.68274 7.68256 7.68465 7.68671 7.68547 7.68602 7.68560 7.68475 7.68323 7.68356 7.68247 7.68174 7.68120 7.67872 7.67676 7.67220 7.67577 7.68171 7.68114 7.68085 7.68079
-99999.00000 -99999.00000 -99999.00000 -99999.00000 -99999.00000 7.66984 7.68817 7.69500 7.69320 7.69314 7.69794 7.70076 7.69888 7.69893 7.70117 7.70102 7.70075 7.70043 7.69782 7.69583 7.69021 7.68788 7.69521 7.69615 7.69799 7.69954 7.69938 7.69845 7.69668 7.69471 7.69309 7.69073 7.68867 7.68862 7.69048 7.68914 7.68765 7.68796 7.68798 7.68843 7.68790 7.68778 7.68560 7.68338 7.68293 7.68244 7.68024 7.68074 7.68473 7.68444 7.68401 7.68469 7.68400 7.68255 7.68251 7.68148 7.68059 7.68064 7.67949 7.67850 7.67508 7.67681 7.68082 7.68030 7.67905 7.67881
-99999.00000 -99999.00000 -99999.00000 -99999.00000 -99999.00000 7.67612 7.69268 7.69187 7.69396 7.68839 7.69417 7.69965 7.69850 7.69877 7.70108 7.70091 7.70003 7.69957 7.69730 7.69378 7.69008 7.69240 7.69662 7.69717 7.69824 7.69913 7.69881 7.69768 7.69555 7.69389 7.69206 7.68976 7.68790 7.68709 7.68790 7.68637 7.68631 7.68839 7.68880 7.68900 7.68836 7.68749 7.68689 7.68532 7.68467 7.68386 7.68081 7.67826 7.68165 7.68315 7.68234 7.68329 7.68303 7.68167 7.68165 7.68143 7.68122 7.68141 7.68100 7.68057 7.67580 7.67470 7.67871 7.67997 7.67878 7.67805
-99999.00000 -99999.00000 -99999.00000 -99999.00000 -99999.00000 7.69518 7.69323 7.69417 7.69378 7.68636 7.68871 7.69707 7.69772 7.69806 7.70015 7.70039 7.69923 7.69885 7.69703 7.69393 7.69415 7.69671 7.69743 7.69752 7.69826 7.69849 7.69790 7.69622 7.69384 7.69355 7.69176 7.68934 7.68674 7.68496 7.68629 7.68675 7.68795 7.68939 7.68865 7.68857 7.68790 7.68655 7.68646 7.68585 7.68517 7.68429 7.68171 7.67853 7.67978 7.68161 7.68116 7.68243 7.68223 7.68061 7.68041 7.68144 7.68207 7.68120 7.68065 7.67995 7.67674 7.67276 7.67365 7.67718 7.67852 7.67768
-99999.00000 -99999.00000 -99999.00000 -99999.00000 -99999.00000 7.69957 7.69802 7.69783 7.69600 7.68938 7.68375 7.69275 7.69685 7.69784 7.69890 7.69931 7.69814 7.69700 7.69657 7.69582 7.69660 7.69750 7.69724 7.69736 7.69766 7.69740 7.69647 7.69446 7.69333 7.69375 7.69280 7.69111 7.68856 7.68638 7.68779 7.68938 7.68976 7.68932 7.68813 7.68695 7.68513 7.68459 7.68577 7.68528 7.68354 7.68242 7.68050 7.67783 7.67801 7.68000 7.68074 7.68176 7.68196 7.68047 7.67962 7.68039 7.68099 7.67991 7.67711 7.67388 7.67409 7.67367 7.67013 7.67063 7.67403 7.67475
-99999.00000 -99999.00000 -99999.00000 -99999.00000 -99999.00000 7.69942 7.69850 7.69681 7.69471 7.69173 7.68551 7.69009 7.69586 7.69751 7.69730 7.69728 7.69641 7.69498 7.69582 7.69562 7.69603 7.69623 7.69620 7.69658 7.69656 7.69598 7.69466 7.69297 7.69322 7.69258 7.69114 7.69037 7.68895 7.68746 7.68923 7.69010 7.68968 7.68908 7.68752 7.68465 7.68275 7.68446 7.68604 7.68504 7.68274 7.68135 7.67933 7.67692 7.67694 7.67916 7.68124 7.68187 7.68219 7.68139 7.68004 7.67993 7.67978 7.67758 7.67366 7.67133 7.66897 7.66999 7.66339 7.66350 7.67017 7.67118
-99999.00000 -99999.00000 -99999.00000 -99999.00000 -99999.00000 7.69973 7.69837 7.69354 7.69186 7.69029 7.68778 7.68908 7.69369 7.69626 7.69558 7.69406 7.69310 7.69281 7.69348 7.69378 7.69441 7.69395 7.69426 7.69500 7.69495 7.69438 7.69289 7.69166 7.69235 7.69028 7.68998 7.68946 7.68845 7.68910 7.69000 7.68875 7.68732 7.68748 7.68639 7.68469 7.68473 7.68471 7.68502 7.68304 7.68259 7.68317 7.68153 7.67848 7.67757 7.67948 7.68191 7.68194 7.68133 7.68061 7.68001 7.67942 7.67896 7.67710 7.67443 7.67294 7.67088 7.66837 7.66287 7.66615 7.67328 7.67251
-99999.00000 -99999.00000 -99999.00000 -99999.00000 -99999.00000 7.69947 7.69817 7.69312 7.68419 7.68672 7.68606 7.68636 7.69063 7.69387 7.69295 7.68961 7.69025 7.69192 7.69118 7.69287 7.69340 7.69236 7.69135 7.69261 7.69331 7.69280 7.69174 7.69135 7.69044 7.68894 7.68973 7.69012 7.68993 7.69002 7.68900 7.68627 7.68618 7.68617 7.68642 7.68549 7.68483 7.68409 7.68463 7.68318 7.68045 7.68168 7.68283 7.68049 7.67855 7.67903 7.68108 7.68173 7.68096 7.67935 7.67962 7.67870 7.67782 7.67587 7.67241 7.67142 7.67226 7.67167 7.66815 7.66975 7.67482 7.67484
-99999.00000 -99999.00000 -99999.00000 -99999.00000 -99999.00000 7.69871 7.69708 7.69151 7.68584 7.68334 7.67927 7.68058 7.68688 7.69054 7.68835 7.68515 7.68983 7.69183 7.69132 7.69210 7.69222 7.69130 7.69000 7.69039 7.69183 7.69141 7.69110 7.69065 7.68895 7.68878 7.68944 7.68932 7.68907 7.68887 7.68816 7.68581 7.68402 7.68554 7.68585 7.68491 7.68398 7.68412 7.68450 7.68393 7.68119 7.68015 7.68190 7.68037 7.67807 7.67834 7.68034 7.68091 7.68001 7.67726 7.67832 7.67706 7.67655 7.67360 7.67056 7.67140 7.67210 7.67169 7.67054 7.66951 7.67212 7.67379
-99999.00000 -99999.00000 -99999.00000 -99999.00000 -99999.00000 7.69745 7.69503 7.69126 7.69087 7.68669 7.67678 7.67515 7.68219 7.68378 7.68044 7.68325 7.68950 7.69079 7.69041 7.69054 7.69015 7.68982 7.68928 7.68865 7.68962 7.68947 7.68981 7.68885 7.68736 7.68754 7.68803 7.68769 7.68684 7.68626 7.68600 7.68545 7.68421 7.68449 7.68473 7.68426 7.68370 7.68359 7.68336 7.68287 7.68108 7.67971 7.68091 7.67938 7.67725 7.67802 7.67932 7.67922 7.67673 7.67423 7.67674 7.67616 7.67610 7.67189 7.66964 7.67090 7.67106 7.66843 7.66941 7.67195 7.67208 7.67087
-99999.00000 -99999.00000 -99999.00000 -99999.00000 -99999.00000 7.69602 7.69389 7.69024 7.68995 7.68909 7.67924 7.67431 7.67937 7.67910 7.68020 7.68736 7.68861 7.68908 7.68866 7.68805 7.68749 7.68867 7.68866 7.68826 7.68760 7.68734 7.68780 7.68693 7.68330 7.68259 7.68470 7.68492 7.68331 7.68131 7.68056 7.68143 7.68267 7.68325 7.68259 7.68197 7.68230 7.68171 7.68051 7.68017 7.67932 7.67828 7.67953 7.67808 7.67680 7.67707 7.67642 7.67558 7.67326 7.67343 7.67377 7.67479 7.67534 7.67116 7.66751 7.66788 7.66946 7.66958 7.66931 7.67130 7.67243 7.67182
-99999.00000 -99999.00000 -99999.00000 -99999.00000 -99999.00000 7.69385 7.69118 7.68823 7.69035 7.69002 7.68546 7.68064 7.68237 7.68317 7.68532 7.68810 7.68790 7.68771 7.68797 7.68660 7.68648 7.68694 7.68749 7.68839 7.68741 7.68639 7.68529 7.68436 7.68017 7.67708 7.67912 7.68003 7.67776 7.67607 7.67599 7.67709 7.67933 7.68039 7.67898 7.67813 7.67833 7.67766 7.67666 7.67589 7.67593 7.67555 7.67746 7.67612 7.67594 7.67608 7.67384 7.67262 7.67304 7.67435 7.67196 7.67413 7.67467 7.67061 7.66587 7.66614 7.66886 7.67175 7.67257 7.67180 7.67019 7.67041
-99999.00000 -99999.00000 -99999.00000 -99999.00000 -99999.00000 7.69019 7.68847 7.68763 7.69006 7.68882 7.68672 7.68548 7.68634 7.68673 7.68672 7.68702 7.68745 7.68645 7.68649 7.68577 7.68532 7.68527 7.68716 7.68806 7.68661 7.68499 7.68433 7.68266 7.68084 7.67693 7.67530 7.67466 7.67349 7.67444 7.67600 7.67661 7.67798 7.67842 7.67749 7.67734 7.67577 7.67547 7.67551 7.67389 7.67223 7.67306 7.67477 7.67355 7.67401 7.67394 7.67218 7.67090 7.67186 7.67328 7.67049 7.67282 7.67282 7.66816 7.66476 7.66658 7.66868 7.67104 7.67287 7.67246 7.67011 7.66740
-99999.00000 -99999.00000 -99999.00000 -99999.00000 -99999.00000 7.68788 7.68783 7.68760 7.68877 7.68787 7.68608 7.68630 7.68763 7.68808 7.68786 7.68774 7.68763 7.68656 7.68482 7.68256 7.68207 7.68524 7.68713 7.68706 7.68574 7.68315 7.68228 7.68114 7.68060 7.67990 7.67650 7.67333 7.67322 7.67478 7.67497 7.67565 7.67781 7.67813 7.67748 7.67753 7.67628 7.67569 7.67527 7.67382 7.67164 7.67168 7.67151 7.67071 7.67194 7.67144 7.66949 7.66899 7.66850 7.66837 7.66858 7.67031 7.66769 7.66319 7.66406 7.66802 7.66915 7.66977 7.67144 7.67186 7.67076 7.66771
-99999.00000 -99999.00000 -99999.00000 -99999.00000 -99999.00000 7.68942 7.68875 7.68723 7.68391 7.68643 7.68583 7.68587 7.68761 7.68835 7.68823 7.68813 7.68753 7.68659 7.68392 7.67943 7.68085 7.68486 7.68584 7.68534 7.68300 7.67905 7.67877 7.67876 7.67925 7.67936 7.67678 7.67444 7.67539 7.67553 7.67274 7.67371 7.67719 7.67724 7.67633 7.67618 7.67551 7.67490 7.67396 7.67256 7.67183 7.67199 7.66973 7.66889 7.67083 7.66958 7.66780 7.66861 7.66518 7.66424 7.66876 7.66696 7.66288 7.66168 7.66424 7.66784 7.66927 7.66874 7.66968 7.67063 7.66868 7.66660
-99999.00000 -99999.00000 -99999.00000 -99999.00000 -99999.00000 7.69051 7.68965 7.68423 7.68463 7.68267 7.68435 7.68517 7.68696 7.68769 7.68783 7.68771 7.68678 7.68553 7.68145 7.67865 7.67943 7.68144 7.68312 7.68245 7.67884 7.67654 7.67811 7.67800 7.67642 7.67655 7.67513 7.67550 7.67677 7.67477 7.67117 7.67286 7.67616 7.67540 7.67406 7.67371 7.67315 7.67265 7.67193 7.67114 7.67151 7.67212 7.66931 7.66809 7.67030 7.66921 7.66794 7.66893 7.66224 7.66319 7.66678 7.66435 7.66286 7.66337 7.66546 7.66606 7.66808 7.66758 7.66811 7.66893 7.66697 7.66632
-99999.00000 -99999.00000 -99999.00000 -99999.00000 -99999.00000 7.68915 7.68855 7.68505 7.68122 7.68464 7.68567 7.68472 7.68603 7.68694 7.68721 7.68688 7.68574 7.68441 7.68082 7.67907 7.67872 7.67850 7.67997 7.68050 7.67769 7.67668 7.67779 7.67787 7.67520 7.67310 7.67364 7.67579 7.67581 7.67336 7.67096 7.67244 7.67428 7.67269 7.67106 7.67078 7.67032 7.66983 7.66974 7.67010 7.67090 7.67129 7.66911 7.66750 7.66927 7.66890 7.66763 7.66868 7.66219 7.66136 7.66451 7.66373 7.66291 7.66303 7.66427 7.66497 7.66567 7.66572 7.66684 7.66737 7.66620 7.66518
-99999.00000 -99999.00000 -99999.00000 -99999.00000 -99999.00000 7.68846 7.68799 7.68504 7.68367 7.68358 7.68260 7.68316 7.68499 7.68602 7.68616 7.68577 7.68449 7.68306 7.68090 7.67870 7.67888 7.67859 7.67887 7.67958 7.67671 7.67522 7.67685 7.67722 7.67585 7.67275 7.67250 7.67394 7.67398 7.67248 7.67045 7.67068 7.67128 7.66990 7.66918 7.66970 7.66922 7.66822 7.66808 7.66862 7.66925 7.66926 7.66749 7.66562 7.66706 7.66814 7.66607 7.66632 7.66315 7.66272 7.66241 7.66094 7.66114 7.66233 7.66283 7.66400 7.66415 7.66409 7.66432 7.66486 7.66467 7.66417
-99999.00000 -99999.00000 -99999.00000 -99999.00000 -99999.00000 7.68480 7.68431 7.68356 7.68406 7.68142 7.68088 7.68270 7.68439 7.68488 7.68483 7.68436 7.68277 7.68131 7.67983 7.67590 7.67606 7.67672 7.67712 7.67754 7.67497 7.67381 7.67618 7.67613 7.67472 7.67320 7.67302 7.67182 7.67187 7.67135 7.66854 7.66616 7.66757 7.66915 7.66944 7.66971 7.66922 7.66774 7.66683 7.66726 7.66798 7.66779 7.66582 7.66325 7.66416 7.66702 7.66595 7.66455 7.66358 7.66351 7.65875 7.65425 7.65424 7.65844 7.66118 7.66157 7.66212 7.66180 7.66113 7.66135 7.66230 7.66332
-99999.00000 -99999.00000 -99999.00000 -99999.00000 -99999.00000 7.68270 7.68308 7.68220 7.67826 7.68029 7.68242 7.68185 7.68196 7.68280 7.68310 7.68267 7.68095 7.67988 7.67943 7.67473 7.67042 7.66996 7.67247 7.67496 7.67457 7.67396 7.67492 7.67486 7.67446 7.67375 7.67389 7.67142 7.67063 7.67052 7.66717 7.66307 7.66487 7.66906 7.66948 7.66788 7.66724 7.66691 7.66676 7.66731 7.66800 7.66751 7.66509 7.66137 7.66059 7.66381 7.66535 7.66460 7.66234 7.65849 7.65248 7.65119 7.65183 7.65108 7.65421 7.65744 7.65984 7.65936 7.66051 7.66022 7.66033 7.66168
-99999.00000 -99999.00000 -99999.00000 -99999.00000 -99999.00000 7.68248 7.68099 7.67700 7.67762 7.67790 7.68052 7.68128 7.68002 7.67880 7.67979 7.68038 7.67873 7.67799 7.67774 7.67513 7.67230 7.67034 7.67050 7.67411 7.67547 7.67433 7.67300 7.67216 7.67229 7.67213 7.67308 7.67082 7.66928 7.66910 7.66642 7.66497 7.66302 7.66684 7.66910 7.66688 7.66427 7.66542 7.66716 7.66723 7.66738 7.66679 7.66506 7.66112 7.65879 7.66051 7.66145 7.65901 7.65428 7.65173 7.65226 7.65496 7.65697 7.65317 7.65064 7.65515 7.66009 7.65856 7.65984 7.66081 7.65972 7.65973
-99999.00000 -99999.00000 -99999.00000 -99999.00000 -99999.00000 7.68116 7.68022 7.67846 7.67427 7.67687 7.67809 7.67990 7.67925 7.67658 7.67542 7.67621 7.67565 7.67626 7.67572 7.67534 7.67520 7.67191 7.67083 7.67383 7.67536 7.67430 7.67205 7.66872 7.66790 7.67072 7.67191 7.67023 7.66789 7.66713 7.66632 7.66615 7.66245 7.66426 7.66753 7.66606 7.66295 7.66390 7.66585 7.66576 7.66634 7.66553 7.66429 7.66222 7.65954 7.66013 7.65975 7.65683 7.65523 7.65628 7.65819 7.65816 7.65873 7.65813 7.65554 7.65467 7.65857 7.65852 7.65757 7.66028 7.65968 7.65809
-99999.00000 -99999.00000 -99999.00000 -99999.00000 -99999.00000 7.67218 7.67967 7.68040 7.67865 7.67627 7.67664 7.67842 7.67738 7.67633 7.67513 7.67247 7.67274 7.67426 7.67448 7.67447 7.67449 7.67083 7.67050 7.67314 7.67394 7.67300 7.67074 7.66629 7.66629 7.66902 7.66972 7.66965 7.66782 7.66624 7.66590 7.66517 7.66169 7.66126 7.66434 7.66445 7.66314 7.66351 7.66448 7.66527 7.66566 7.66445 7.66341 7.66253 7.66057 7.66083 7.66052 7.65933 7.65877 7.65847 7.65866 7.65821 7.65852 7.65920 7.65811 7.65563 7.65783 7.65863 7.65699 7.65705 7.65844 7.65750
