mrvbf_slope0.8_pctl1.5.asc
NCOLS 410
NROWS 410
XLLCORNER 2398750.0000000000000000
YLLCORNER 2548750.0000000000000000
CELLSIZE 250.0000000000000000
NODATA_VALUE -99999.00000
[rows 145 to 173 of 410, columns 264 to 329 of 410]
6.00473 5.98592 6.12402 6.15748 6.16529 6.21774 6.20091 6.16558 6.28099 6.28060 6.20876 6.19127 6.15685 6.20229 6.19986 6.17789 6.20213 6.11302 6.02315 6.16061 6.22130 6.15482 6.14024 6.12386 6.20461 6.16458 6.01870 5.87759 5.79365 -99999.00000 -99999.00000 -99999.00000 -99999.00000 -99999.00000 -99999.00000 -99999.00000 -99999.00000 -99999.00000 -99999.00000 -99999.00000 -99999.00000 -99999.00000 -99999.00000 -99999.00000 -99999.00000 -99999.00000 -99999.00000 -99999.00000 -99999.00000 -99999.00000 -99999.00000 -99999.00000 -99999.00000 -99999.00000 -99999.00000 -99999.00000 -99999.00000 -99999.00000 -99999.00000 -99999.00000 -99999.00000 -99999.00000 -99999.00000 -99999.00000 -99999.00000 -99999.00000
5.94079 5.98651 6.12204 6.15404 6.05636 6.11391 6.17024 6.16478 6.21637 6.20527 6.20772 6.16006 6.11243 6.14157 6.15056 6.17457 6.20230 6.14842 5.99631 6.05450 6.19325 6.12218 6.06514 6.07374 6.19972 6.19955 6.11654 6.02416 5.95490 6.00772 -99999.00000 -99999.00000 -99999.00000 -99999.00000 -99999.00000 -99999.00000 -99999.00000 -99999.00000 -99999.00000 -99999.00000 -99999.00000 -99999.00000 -99999.00000 -99999.00000 -99999.00000 -99999.00000 -99999.00000 -99999.00000 -99999.00000 -99999.00000 -99999.00000 -99999.00000 -99999.00000 -99999.00000 -99999.00000 -99999.00000 -99999.00000 -99999.00000 -99999.00000 -99999.00000 -99999.00000 -99999.00000 -99999.00000 -99999.00000 -99999.00000 -99999.00000
6.00509 5.98251 6.06327 6.06690 6.10309 6.07383 6.15302 6.11425 6.06011 6.11696 6.13702 6.07729 6.03818 6.07544 6.14003 6.08356 6.02124 6.03506 5.93740 5.99467 6.11259 6.08951 6.05921 6.00837 6.03024 6.09122 6.11687 6.02328 6.11967 6.06673 5.85242 -99999.00000 -99999.00000 -99999.00000 -99999.00000 -99999.00000 -99999.00000 -99999.00000 -99999.00000 -99999.00000 -99999.00000 -99999.00000 -99999.00000 -99999.00000 -99999.00000 -99999.00000 -99999.00000 -99999.00000 -99999.00000 -99999.00000 -99999.00000 -99999.00000 -99999.00000 -99999.00000 -99999.00000 -99999.00000 -99999.00000 -99999.00000 -99999.00000 -99999.00000 -99999.00000 -99999.00000 -99999.00000 -99999.00000 -99999.00000 -99999.00000
6.14792 6.12857 6.10521 6.07449 6.17802 6.04603 6.03735 6.03969 6.06410 6.15495 6.07251 6.00186 6.04262 6.08751 6.00165 5.92906 5.99884 5.94140 5.93094 6.01480 6.03118 6.01049 5.95981 5.93476 5.94949 6.05248 6.00457 6.01040 6.04952 5.98243 5.82423 5.79377 5.88467 -99999.00000 -99999.00000 -99999.00000 -99999.00000 -99999.00000 -99999.00000 -99999.00000 -99999.00000 -99999.00000 -99999.00000 -99999.00000 -99999.00000 -99999.00000 -99999.00000 -99999.00000 -99999.00000 -99999.00000 -99999.00000 -99999.00000 -99999.00000 -99999.00000 -99999.00000 -99999.00000 -99999.00000 -99999.00000 -99999.00000 -99999.00000 -99999.00000 -99999.00000 -99999.00000 -99999.00000 -99999.00000 -99999.00000
6.15854 6.15446 6.14159 6.10133 6.24108 6.17004 6.03317 5.96727 6.04795 6.15294 6.05277 6.05603 6.13721 6.04818 5.98553 6.07910 6.09647 6.04780 6.02622 6.03294 6.04070 6.03402 5.96382 5.93085 5.98631 6.04948 5.93533 5.92659 5.89817 5.81162 5.80908 5.90319 6.06380 6.23632 6.24849 6.31382 -99999.00000 -99999.00000 -99999.00000 -99999.00000 -99999.00000 -99999.00000 -99999.00000 -99999.00000 -99999.00000 -99999.00000 -99999.00000 -99999.00000 -99999.00000 -99999.00000 -99999.00000 -99999.00000 -99999.00000 -99999.00000 -99999.00000 -99999.00000 -99999.00000 -99999.00000 -99999.00000 -99999.00000 -99999.00000 -99999.00000 -99999.00000 -99999.00000 -99999.00000 -99999.00000
6.15629 6.17937 6.15799 6.06808 6.13882 6.10889 5.99552 6.00380 5.97542 6.01319 6.03317 6.12267 6.15958 6.04445 5.98970 6.07769 6.13995 6.10770 6.02690 6.03295 6.03406 5.94201 5.92068 5.94745 6.01944 6.01249 5.91593 5.88541 5.86587 5.89033 5.96437 6.08684 6.24169 6.31875 6.29287 6.29969 6.30500 6.22673 6.37464 -99999.00000 -99999.00000 -99999.00000 -99999.00000 -99999.00000 -99999.00000 -99999.00000 -99999.00000 -99999.00000 -99999.00000 -99999.00000 -99999.00000 -99999.00000 -99999.00000 -99999.00000 -99999.00000 -99999.00000 -99999.00000 -99999.00000 -99999.00000 -99999.00000 -99999.00000 -99999.00000 -99999.00000 -99999.00000 -99999.00000 -99999.00000
6.19688 6.18775 6.18533 6.04959 5.97601 6.02096 6.01336 6.03465 6.06215 6.00649 5.96339 6.05513 6.13891 6.11649 6.00574 5.97633 6.03448 6.08619 6.04176 5.97029 5.90726 5.89087 5.90867 5.89852 5.94960 5.92141 5.88284 5.87917 6.00418 6.09685 6.17031 6.22643 6.29229 6.29251 6.30503 6.27370 6.17874 6.26479 6.35338 6.28457 6.25498 6.08142 6.10413 -99999.00000 -99999.00000 -99999.00000 -99999.00000 -99999.00000 -99999.00000 -99999.00000 -99999.00000 -99999.00000 -99999.00000 -99999.00000 -99999.00000 -99999.00000 -99999.00000 -99999.00000 -99999.00000 -99999.00000 -99999.00000 -99999.00000 -99999.00000 -99999.00000 -99999.00000 -99999.00000
6.17133 6.18162 6.22775 6.03787 5.98757 6.08742 6.10667 6.09772 6.06235 5.97791 5.93957 5.99792 6.09311 6.09437 5.99976 5.96208 6.02154 6.05604 5.97300 5.92588 5.91279 5.93891 5.85016 5.72666 5.78846 5.86564 5.92435 5.96569 6.10293 6.13048 6.12733 6.17470 6.24655 6.28039 6.26197 6.24490 6.21051 6.19383 6.37819 6.39925 6.41872 6.26171 6.25976 6.28176 6.24109 -99999.00000 -99999.00000 -99999.00000 -99999.00000 -99999.00000 -99999.00000 -99999.00000 -99999.00000 -99999.00000 -99999.00000 -99999.00000 -99999.00000 -99999.00000 -99999.00000 -99999.00000 -99999.00000 -99999.00000 -99999.00000 -99999.00000 -99999.00000 -99999.00000
6.17289 6.18248 6.15857 6.02983 6.02058 6.00608 6.03716 6.00811 5.91457 5.89876 5.91168 6.00037 6.00581 5.96763 5.96740 6.03115 6.01566 6.00246 5.95757 5.93721 5.94243 5.90752 5.69028 5.59444 5.59588 5.75670 6.02298 6.14410 6.19541 6.10121 6.02635 6.15031 6.17856 6.21255 6.15914 6.24231 6.38348 6.37563 6.41207 6.40354 6.34690 6.34316 6.30204 6.25211 6.24579 6.31920 6.29623 -99999.00000 -99999.00000 -99999.00000 -99999.00000 -99999.00000 -99999.00000 -99999.00000 -99999.00000 -99999.00000 -99999.00000 -99999.00000 -99999.00000 -99999.00000 -99999.00000 -99999.00000 -99999.00000 -99999.00000 -99999.00000 -99999.00000
6.11671 6.09467 6.01365 5.98323 6.02454 5.94767 5.89297 5.89543 5.88521 5.91029 5.89838 5.95400 5.95734 6.00584 6.04946 6.05327 5.95807 6.00335 5.96562 5.91734 5.89418 5.85071 5.60332 5.50788 5.55189 5.61044 5.86580 5.96774 6.06799 6.04372 6.02747 6.21754 6.19275 6.15902 6.19586 6.25741 6.40254 6.37425 6.42614 6.31752 6.29618 6.43040 6.38794 6.26593 6.28121 6.35577 6.29667 5.98012 5.88397 -99999.00000 -99999.00000 -99999.00000 -99999.00000 -99999.00000 -99999.00000 -99999.00000 -99999.00000 -99999.00000 -99999.00000 -99999.00000 -99999.00000 -99999.00000 -99999.00000 -99999.00000 -99999.00000 -99999.00000
5.80957 5.85554 5.91777 5.85232 5.97154 6.00282 5.94787 5.95493 5.96149 5.93546 5.92313 5.98041 6.03793 6.04523 6.10226 6.08892 6.06054 6.00597 5.92308 5.85694 5.82169 5.87988 5.74710 5.58917 5.57137 5.76646 6.02385 5.91809 5.89716 5.93314 6.01591 6.12449 6.09735 6.16158 6.20056 6.35675 6.40697 6.33872 6.40888 6.34879 6.30243 6.41726 6.34141 6.30338 6.29026 6.32118 6.32830 6.15377 6.08143 6.13883 6.05972 -99999.00000 -99999.00000 -99999.00000 -99999.00000 -99999.00000 -99999.00000 -99999.00000 -99999.00000 -99999.00000 -99999.00000 -99999.00000 -99999.00000 -99999.00000 -99999.00000 -99999.00000
5.62168 5.67996 5.82518 5.77445 5.90513 6.01338 6.03215 6.00881 6.01685 5.94088 5.92363 6.00971 6.07235 6.11108 6.02919 6.02630 5.95713 5.98575 5.98637 5.86984 5.82477 5.90225 5.99558 5.89493 5.87214 6.06805 6.02317 5.87193 5.85940 5.94698 5.99593 6.09174 6.18666 6.11143 6.02406 6.21397 6.29684 6.29109 6.25511 6.28672 6.33667 6.34639 6.25056 6.25039 6.30503 6.39425 6.42558 6.40859 6.28727 6.27119 6.22151 6.23915 -99999.00000 -99999.00000 -99999.00000 -99999.00000 -99999.00000 -99999.00000 -99999.00000 -99999.00000 -99999.00000 -99999.00000 -99999.00000 -99999.00000 -99999.00000 -99999.00000
5.68258 5.66420 5.68194 5.70403 5.80063 5.92162 6.00348 5.97181 5.95704 5.95063 5.99036 6.07511 6.11938 6.10476 6.04947 6.03003 6.01562 6.01950 5.97230 5.86105 5.82293 5.95813 6.02532 6.00852 5.98959 6.08924 5.95550 5.93703 5.93140 5.95203 5.94014 6.05504 6.15918 5.95551 6.06732 6.13116 6.28997 6.36098 6.30476 6.25746 6.28431 6.25399 6.26340 6.29635 6.27338 6.21951 6.25571 6.33002 6.35438 6.32815 6.29143 6.23893 6.12159 -99999.00000 -99999.00000 -99999.00000 -99999.00000 -99999.00000 -99999.00000 -99999.00000 -99999.00000 -99999.00000 -99999.00000 -99999.00000 -99999.00000 -99999.00000
5.76303 5.76369 5.68140 5.69491 5.72456 5.79666 5.92461 5.95707 5.96881 6.05406 6.10271 6.16939 6.15629 6.07359 6.04821 6.04953 6.08676 5.96017 5.90742 5.80548 5.84582 6.02910 6.03883 5.99096 6.02796 6.06674 5.98735 6.02235 5.99905 6.01045 5.92334 5.92696 6.05450 6.01988 6.07621 6.21386 6.33566 6.42857 6.37007 6.37613 6.30905 6.39244 6.41201 6.35320 6.37691 6.36444 6.19046 6.26508 6.30401 6.29542 6.33092 6.21290 6.10339 6.07650 6.06720 -99999.00000 -99999.00000 -99999.00000 -99999.00000 -99999.00000 -99999.00000 -99999.00000 -99999.00000 -99999.00000 -99999.00000 -99999.00000
5.84443 5.79872 5.72088 5.73158 5.70101 5.71719 5.82656 5.94962 6.06823 6.12869 6.15639 6.17066 6.13101 6.08508 6.06699 6.05195 6.12270 6.01389 5.92236 5.87868 5.97566 6.06435 6.08013 6.03537 6.12510 6.08787 6.05530 5.98392 5.95716 5.95831 5.95642 5.99197 6.03388 6.09469 6.18019 6.26185 6.37980 6.42344 6.37630 6.35040 6.33915 6.45824 6.43170 6.38115 6.49550 6.48056 6.26649 6.29259 6.34394 6.19615 6.14522 6.07320 6.05632 6.12116 6.20734 6.16089 -99999.00000 -99999.00000 -99999.00000 -99999.00000 -99999.00000 -99999.00000 -99999.00000 -99999.00000 -99999.00000 6.35628
5.72337 5.78182 5.68304 5.69245 5.69398 5.73673 5.80057 5.79953 5.89375 6.04804 6.17125 6.09871 5.95451 5.95462 6.09117 6.14634 6.16169 6.13177 6.04533 5.98549 6.00791 6.05541 6.10332 6.04824 6.08614 6.14794 6.12742 6.05795 5.92870 5.94674 5.95942 5.95807 5.99355 6.11010 6.28780 6.31881 6.31983 6.33646 6.38726 6.36749 6.42014 6.45361 6.47046 6.41664 6.43567 6.48072 6.32529 6.17457 6.16971 6.17481 6.23988 6.21144 6.25997 6.21252 6.26205 6.11178 5.88900 -99999.00000 -99999.00000 -99999.00000 -99999.00000 -99999.00000 -99999.00000 -99999.00000 6.31764 6.23743
5.68571 5.75197 5.69160 5.65739 5.64285 5.67697 5.74954 5.76544 5.77734 5.90714 5.96836 5.81333 5.72130 5.70647 5.91551 6.15481 6.16195 6.19373 6.14926 6.09442 5.99234 6.00431 6.07237 6.04097 6.07216 6.11812 6.06793 5.97266 5.99150 6.04137 5.97645 5.96602 5.98212 6.03948 6.16543 6.19891 6.22427 6.26917 6.30531 6.23979 6.34853 6.46514 6.46933 6.45099 6.38992 6.40867 6.33549 6.11347 6.10105 6.12173 6.23704 6.23539 6.25595 6.31362 6.30587 6.12931 5.97818 5.98088 -99999.00000 -99999.00000 -99999.00000 -99999.00000 6.11137 6.10439 6.17038 6.13285
5.68338 5.66477 5.75526 5.67966 5.58641 5.61234 5.69678 5.71827 5.72142 5.80711 5.77369 5.68728 5.72396 5.63751 5.68644 5.96314 6.05873 6.09578 6.11089 6.09525 6.02617 5.98047 5.99983 6.01827 6.10395 6.06725 5.99255 6.00505 6.10086 6.08362 6.00774 6.01446 5.95632 5.99029 6.04272 6.06038 6.10487 6.07284 6.22472 6.13873 6.23498 6.38627 6.46683 6.56028 6.51702 6.33132 6.22844 6.13619 6.08928 6.04030 6.08980 6.08214 6.06621 6.20930 6.24422 6.10812 6.00939 6.03339 6.04666 -99999.00000 -99999.00000 6.03033 6.05329 6.04635 6.08113 6.07263
5.80737 5.67235 5.69902 5.68696 5.62957 5.55305 5.60814 5.62684 5.66869 5.64927 5.67125 5.69504 5.72109 5.64452 5.70554 5.82767 5.82619 5.92680 6.11008 6.10833 6.03041 5.97878 5.95547 6.01771 5.99922 5.90055 5.90971 5.95587 6.01892 5.97709 5.98082 5.97358 5.92421 5.97791 6.04432 5.98788 5.85957 5.98723 6.10691 6.18908 6.20427 6.30632 6.32902 6.40708 6.42406 6.27177 6.30211 6.10352 6.02645 6.03517 5.91804 5.97874 6.12500 6.12413 6.14910 6.02098 6.01829 6.08831 6.08622 6.01298 6.00645 6.03428 6.04837 6.05294 6.09644 6.12330
5.95534 5.86230 5.77895 5.74594 5.66438 5.62048 5.57208 5.58409 5.64712 5.61361 5.63436 5.63084 5.68382 5.64694 5.74374 5.76671 5.71475 5.71989 5.92699 6.04823 6.05669 5.90527 5.82319 5.88072 5.78565 5.76682 5.77834 5.84048 5.93055 5.92151 5.95567 5.95205 5.99141 5.93068 5.96719 5.90811 5.85755 5.82023 5.98185 6.12619 6.29366 6.34909 6.18217 6.12784 6.07508 6.10120 6.29949 6.16984 6.04273 6.08497 5.93293 5.85700 6.00493 6.16645 6.15790 6.09771 6.04349 6.07477 6.02261 6.05063 6.06550 6.02928 6.01904 6.04891 6.10123 6.07701
5.99681 5.95541 5.79667 5.78711 5.80414 5.72470 5.63598 5.63199 5.67577 5.64031 5.57537 5.60177 5.69725 5.68887 5.69951 5.71286 5.72565 5.67475 5.75290 5.94562 5.95160 5.85568 5.79068 5.75907 5.72707 5.70032 5.68444 5.73568 5.85513 5.81199 5.85345 6.02297 6.01059 5.94846 5.89033 5.87794 5.78308 5.82818 5.89897 5.91132 6.06367 6.16964 6.12485 6.08436 6.15072 5.99693 6.18598 6.18788 6.12557 5.97154 5.96582 5.91217 5.92688 6.12920 6.21793 6.20088 6.00991 6.00008 6.03273 6.03646 5.98416 5.96394 5.97291 5.99393 6.05272 6.00576
5.89837 5.94097 5.75355 5.71094 5.79453 5.88977 5.83211 5.71247 5.76168 5.74278 5.63427 5.64089 5.63695 5.69199 5.71011 5.73234 5.69423 5.70012 5.77437 5.94611 5.98645 5.84319 5.80030 5.79362 5.76189 5.76350 5.76450 5.68298 5.73169 5.75655 5.76729 5.91014 5.94541 6.02424 5.89913 5.81627 5.77336 5.81067 5.85304 5.84997 6.00005 6.08562 6.08717 5.97402 6.07274 6.05755 6.29234 6.21258 6.07389 5.89918 5.90060 6.02248 6.01895 6.15527 6.14226 6.24044 6.19174 6.01132 6.04229 6.07092 5.99939 5.89448 5.92928 5.96972 5.96098 5.93724
5.83458 5.85832 5.77079 5.69727 5.69827 5.78745 5.85173 5.76778 5.75138 5.82382 5.69875 5.65082 5.66073 5.66792 5.70184 5.70742 5.70968 5.74302 5.81809 5.85822 5.87920 5.87746 5.91402 5.81840 5.83401 5.80288 5.74682 5.71168 5.76555 5.74041 5.72712 5.84562 5.90722 5.88160 5.81413 5.82308 5.70589 5.71161 5.84222 5.99581 6.04807 6.17485 6.18131 6.10119 6.10758 6.20449 6.33331 6.20504 6.01184 5.88151 6.01919 6.01934 5.96509 6.09908 6.18640 6.19669 6.22968 6.12321 6.06315 6.09569 6.01871 5.84576 5.88336 5.98945 5.88213 5.80586
5.82255 5.83862 5.83994 5.80695 5.70396 5.71053 5.76532 5.71813 5.70427 5.73790 5.76945 5.64577 5.60799 5.63751 5.64653 5.63521 5.63987 5.66844 5.73151 5.75995 5.75377 5.83394 5.93930 5.87645 5.88659 5.82837 5.81834 5.77714 5.75517 5.79552 5.71775 5.83867 5.94055 5.96765 5.86174 5.75319 5.71323 5.78864 5.89481 6.00874 6.01668 6.09037 6.05661 6.05863 6.12942 6.12386 6.11500 5.97477 5.94836 6.06807 6.12879 5.96072 5.99550 6.19709 6.21808 6.08946 6.05374 6.03508 6.05946 6.09481 5.98964 5.80908 5.82705 5.92436 5.87401 5.73950
5.83235 5.80567 5.83594 5.89386 5.82561 5.71413 5.76282 5.71758 5.74211 5.66744 5.66261 5.65381 5.66458 5.66080 5.65670 5.67189 5.66121 5.64721 5.64211 5.64088 5.66182 5.66446 5.79135 5.81232 5.80712 5.83794 5.96030 5.94052 5.88081 5.82069 5.77995 5.89116 5.95070 6.00664 5.93289 5.80876 5.82846 5.91106 5.98493 6.00822 5.99730 5.97545 6.00884 6.10371 6.33208 6.26548 6.12328 6.05037 5.94912 6.21292 6.17865 6.14065 6.17442 6.02435 6.11123 6.07301 6.09703 6.11652 6.15824 6.04208 5.91111 5.85467 5.89307 5.91669 5.85507 5.72609
5.79927 5.81853 5.82259 5.84737 5.85206 5.77917 5.74414 5.72668 5.73053 5.66942 5.63607 5.64370 5.57538 5.62889 5.65765 5.74446 5.68821 5.67166 5.64978 5.65455 5.68127 5.64071 5.64338 5.64954 5.71298 5.86078 5.97828 5.95319 5.91219 5.84609 5.79136 5.85598 5.96779 6.01463 5.93398 5.88625 5.88348 5.93513 6.02443 6.08798 6.12043 6.09303 6.02947 6.16146 6.34685 6.23048 6.14126 6.00842 5.98662 6.28289 6.34008 6.30117 6.18627 6.02201 6.04458 5.94471 6.02058 6.08628 6.08702 5.95192 5.87350 5.93003 5.94219 5.87810 5.79920 5.65901
5.72837 5.80499 5.82134 5.84368 5.95031 5.88426 5.78088 5.73367 5.76193 5.70845 5.62279 5.67456 5.60500 5.67680 5.70664 5.75864 5.73043 5.67288 5.75997 5.75354 5.67437 5.65396 5.63682 5.62385 5.58079 5.70048 5.83385 5.88733 5.88223 5.81621 5.82372 5.88891 6.02846 5.98774 5.91649 5.91190 5.89132 5.98311 6.02909 6.04461 6.16030 6.20518 6.11077 6.17771 6.17284 6.25019 6.29547 6.16625 6.21093 6.35218 6.39655 6.23357 6.13905 6.13478 6.01177 5.89146 5.91085 5.97776 5.93211 5.83009 5.81616 5.86340 5.94612 5.85356 5.69240 5.59031
5.69727 5.77392 5.77436 5.77531 5.86986 5.89844 5.84741 5.79720 5.79657 5.75356 5.68454 5.66264 5.63867 5.63835 5.62118 5.69551 5.74101 5.72688 5.77965 5.77918 5.73488 5.67431 5.64017 5.65495 5.58262 5.59350 5.67999 5.72904 5.79285 5.81598 5.83222 5.90097 5.97017 5.95612 5.89688 5.86320 5.84954 5.90692 6.03269 6.12403 6.09744 6.14506 6.05949 6.05169 6.07381 6.20084 6.26797 6.32804 6.29883 6.26947 6.38128 6.29473 6.05426 5.96475 5.99877 5.84368 5.75919 5.84097 5.84330 5.80700 5.84680 5.81068 5.88699 5.80098 5.68717 5.61026
5.68454 5.60248 5.60985 5.69791 5.73602 5.79190 5.81133 5.78891 5.79870 5.83993 5.82054 5.68948 5.64423 5.57003 5.66924 5.68781 5.70301 5.66149 5.60204 5.63499 5.71819 5.71694 5.75491 5.70623 5.60146 5.61395 5.65308 5.64130 5.63705 5.68374 5.76159 5.84032 5.89176 5.96006 5.94048 5.84392 5.82391 5.89269 6.08756 6.08014 5.85781 5.87821 6.04708 6.14111 6.12985 6.09066 6.22049 6.24274 6.31393 6.23684 6.42845 6.30727 6.07019 5.97962 5.91705 5.87261 5.85248 5.75077 5.78765 5.84814 5.85611 5.71712 5.73831 5.77461 5.69620 5.61506
