mrvbf_slope0.9_pctl1.3.asc
NCOLS 410
NROWS 410
XLLCORNER 2398750.0000000000000000
YLLCORNER 2548750.0000000000000000
CELLSIZE 250.0000000000000000
NODATA_VALUE -99999.00000
[rows 232 to 260 of 410, columns 132 to 197 of 410]
0.51395 0.24647 0.28739 0.48008 0.59558 0.86711 0.72403 0.49014 0.56902 0.82472 1.21141 1.46628 1.70879 2.18949 2.55342 2.77798 3.14810 3.91545 4.38478 4.60054 4.85310 5.17902 5.46973 5.65733 5.66935 5.63069 5.68933 5.85360 5.92047 5.85808 5.68056 5.55041 5.53530 5.62316 5.79184 5.95360 5.96433 5.97634 5.95160 6.11774 6.23399 6.14479 5.86117 5.77764 5.79782 5.72824 5.67707 5.53118 5.37143 5.36584 5.41395 5.62642 5.79283 5.89731 5.57597 5.45559 5.52154 5.56578 5.70528 5.85092 5.84221 5.71731 5.51509 5.25505 5.17677 5.13944
0.57123 0.39305 0.52555 0.72088 0.73285 0.85664 0.96368 0.77011 0.71919 0.85599 1.06937 1.37407 1.71139 2.12238 2.39947 2.66887 2.98494 3.73811 4.23714 4.57908 4.94684 5.20308 5.45047 5.63141 5.62628 5.61846 5.72528 5.87463 5.94469 5.71149 5.51973 5.51689 5.62935 5.77054 5.83770 5.78923 5.90169 6.04567 5.85386 5.85377 5.98795 5.99466 5.72990 5.73656 5.83768 5.68633 5.55062 5.59125 5.54373 5.46746 5.46842 5.58265 5.79617 5.71417 5.36448 5.31254 5.40306 5.39423 5.47804 5.66354 5.70482 5.59321 5.46909 5.25730 5.10656 5.06961
0.39144 0.31099 0.48145 0.58235 0.55919 0.59766 0.77172 0.96806 1.01754 1.03192 1.07498 1.35336 1.89706 2.20971 2.17391 2.50671 2.80278 3.62372 4.10366 4.57457 5.07494 5.26117 5.46478 5.63327 5.62388 5.63403 5.74605 5.75204 5.78910 5.57108 5.49061 5.72443 5.86819 5.79502 5.69971 5.72076 5.92616 5.87645 5.70992 5.65461 5.65034 5.71516 5.62127 5.83093 5.90275 5.77608 5.42852 5.46993 5.80881 5.79838 5.52859 5.48790 5.70922 5.49140 5.22318 5.30121 5.40034 5.31078 5.25924 5.35115 5.45019 5.47823 5.45512 5.40512 5.29888 5.20886
0.17471 0.13593 0.20740 0.31286 0.40122 0.50635 0.60267 0.81835 1.06254 1.14827 1.13769 1.34925 2.05712 2.29834 2.35490 2.40893 2.73068 3.68942 4.27547 4.63320 5.09378 5.34934 5.55969 5.68539 5.64457 5.62971 5.68332 5.63288 5.61182 5.52436 5.59661 5.88957 5.74721 5.64268 5.71922 5.91154 6.05659 5.82627 5.78470 5.80898 5.63320 5.61379 5.70683 5.92044 6.03723 6.12468 5.67844 5.41513 5.54992 5.60875 5.45699 5.55039 5.81784 5.43060 5.17305 5.31306 5.50224 5.42037 5.26710 5.21213 5.28165 5.44232 5.48326 5.42704 5.37841 5.33030
0.13371 0.11238 0.14095 0.28604 0.47453 0.58311 0.69221 0.92389 1.10524 1.17291 1.22746 1.49084 2.17562 2.31683 2.37403 2.50852 2.77633 3.89530 4.47631 4.79200 5.17026 5.43783 5.64545 5.68792 5.59571 5.54032 5.56663 5.61489 5.62786 5.65333 5.80277 5.93314 5.69524 5.73925 6.00322 6.14062 6.03247 5.74849 5.77085 5.98707 5.85756 5.72916 5.83190 5.91831 6.18837 6.37470 6.12102 5.72097 5.60210 5.58901 5.57104 5.75096 5.89363 5.44963 5.17166 5.25866 5.49077 5.60326 5.45984 5.28928 5.21582 5.29413 5.49389 5.53201 5.43338 5.30381
0.26228 0.23260 0.31215 0.42813 0.55119 0.67728 0.88762 1.13477 1.25381 1.28973 1.36816 1.70004 2.24748 2.40033 2.49365 2.68654 3.11610 4.17150 4.54684 4.92690 5.30237 5.55266 5.73285 5.70215 5.51311 5.42382 5.52762 5.73686 5.85732 5.87877 5.91263 5.94129 5.71595 5.63551 5.69447 5.77062 5.70057 5.54183 5.65239 5.97371 6.00298 5.84035 5.72295 5.75317 6.07693 6.24527 6.19426 6.12868 5.93174 5.77141 5.60066 5.48792 5.62706 5.41055 5.19294 5.27402 5.42603 5.58188 5.65648 5.47039 5.25438 5.13724 5.28786 5.58829 5.63499 5.42993
0.37727 0.53798 0.56698 0.53856 0.62860 0.80870 1.10022 1.30823 1.37178 1.41718 1.58557 2.05836 2.37709 2.54708 2.70954 2.97824 3.78349 4.25132 4.60162 5.00811 5.33757 5.59652 5.79821 5.76632 5.49746 5.37205 5.54078 5.73055 5.83028 5.90984 5.82779 5.89783 5.87686 5.68038 5.62470 5.67222 5.63804 5.52237 5.61799 5.77283 5.92224 5.76509 5.64585 5.49503 5.63871 5.81957 5.89812 5.95786 5.91154 5.50783 5.17778 5.09478 5.18339 5.22773 5.21993 5.39976 5.41099 5.42010 5.57173 5.65101 5.42285 5.13222 5.02335 5.31424 5.56736 5.46206
0.37450 0.62288 0.68557 0.68910 0.81777 1.06469 1.29010 1.40343 1.50032 1.62385 1.99613 2.39710 2.52803 2.69738 2.93847 3.49029 4.01598 4.41505 4.76900 5.09612 5.31395 5.56069 5.81857 5.80310 5.51247 5.40584 5.61674 5.77435 5.97706 6.10744 5.95070 5.83587 5.87997 5.90834 5.90419 5.89776 5.78029 5.63365 5.76007 5.71979 5.87810 5.71096 5.73158 5.54477 5.50301 5.68764 5.83628 5.76259 5.62915 5.20555 5.06710 5.14630 5.07089 5.17774 5.39238 5.55603 5.48142 5.32392 5.38206 5.58242 5.59551 5.36073 5.02369 5.02854 5.28273 5.28805
0.42474 0.56827 0.72083 0.90430 0.99233 1.22001 1.38254 1.48531 1.62511 1.98932 2.43209 2.61211 2.70596 2.85356 3.30636 3.72511 4.34412 4.72614 5.00649 5.20186 5.31521 5.50274 5.77042 5.73482 5.45597 5.41762 5.68859 5.87869 6.11541 6.16532 5.93020 5.72646 5.85557 6.02033 5.99658 6.05910 5.92074 5.77863 5.92948 5.82828 5.96334 5.76775 5.78609 5.77887 5.59455 5.63968 5.72813 5.61292 5.50211 5.23312 5.23168 5.51548 5.36665 5.37437 5.51717 5.60418 5.62789 5.38514 5.32478 5.50333 5.57339 5.44284 5.23130 5.09058 5.15494 5.18412
0.52332 0.64025 0.86797 0.95621 1.07633 1.27551 1.47176 1.59615 1.99033 2.45967 2.66611 2.77707 2.86551 3.15213 3.71373 4.07749 4.64654 4.97067 5.17392 5.34849 5.39792 5.45529 5.65251 5.62272 5.39325 5.40811 5.66634 5.81578 6.09147 6.05750 5.72960 5.64360 5.93651 6.03927 6.00879 6.09494 5.92742 5.79315 5.97553 5.90044 6.02598 5.83544 5.81935 5.90167 5.59287 5.57633 5.45716 5.38273 5.45145 5.33257 5.31869 5.63651 5.65138 5.68366 5.56860 5.48764 5.58214 5.40446 5.32407 5.52483 5.62571 5.55550 5.47544 5.31186 5.23082 5.20327
0.67045 1.01890 0.98568 0.90334 1.08335 1.30923 1.52580 1.82347 2.43530 2.67434 2.79789 2.88821 3.07294 3.79570 4.29031 4.29648 4.61198 4.98151 5.27022 5.47289 5.53668 5.49131 5.57099 5.59068 5.42242 5.41545 5.62729 5.77363 6.04018 5.94442 5.65843 5.69792 6.04715 6.12297 6.10768 6.14032 5.93808 5.80208 5.98569 5.88999 5.99708 5.84130 5.87044 5.98904 5.64969 5.60377 5.37670 5.45817 5.47240 5.42128 5.39366 5.48390 5.48446 5.47066 5.53204 5.40126 5.49367 5.30883 5.21312 5.41761 5.53847 5.54896 5.51505 5.43317 5.37136 5.29046
1.24981 1.41065 1.20948 1.13243 1.18544 1.29888 1.56431 2.28168 2.65475 2.82292 2.94106 3.03929 3.42114 4.20085 4.45053 4.41614 4.63819 5.00590 5.31238 5.48846 5.57764 5.58111 5.59261 5.63560 5.54722 5.47164 5.57628 5.79591 5.98446 5.94085 5.69530 5.70941 5.99614 6.17044 6.26291 6.28633 6.12072 5.86927 5.81064 5.92241 5.94056 5.92753 5.97077 6.02623 5.91032 5.81168 5.64665 5.60623 5.72396 5.62898 5.46105 5.38256 5.49518 5.45349 5.38987 5.47076 5.57217 5.22965 5.11540 5.35472 5.46609 5.52791 5.55919 5.46448 5.42458 5.30534
1.47643 1.49388 1.44325 1.49950 1.37900 1.52750 2.09612 2.58133 2.79930 3.00993 3.23225 3.31084 3.79428 4.36647 4.25492 4.29415 4.56551 4.90481 5.21469 5.42570 5.53554 5.57908 5.55470 5.58179 5.59762 5.48852 5.49449 5.57391 5.67997 5.73858 5.71183 5.86667 6.07554 6.21733 6.33996 6.35320 6.29695 6.07344 5.88289 5.81277 5.80975 6.00877 6.02192 5.99807 6.11854 6.08028 5.93531 5.85076 5.98539 5.85033 5.59747 5.60124 5.81395 5.77358 5.56576 5.62235 5.50368 5.14924 5.09439 5.34908 5.50929 5.56652 5.52179 5.43755 5.42350 5.24253
1.49007 1.56630 1.62539 1.68826 1.79261 2.27350 2.55439 2.75330 3.00630 3.33077 3.63891 3.71850 4.16999 4.37061 4.19466 4.34036 4.54757 4.73729 4.96268 5.21378 5.38238 5.40275 5.34747 5.35052 5.42195 5.31128 5.27986 5.40568 5.51043 5.65983 5.86313 6.14017 6.26564 6.30923 6.35346 6.37240 6.39711 6.30232 6.04712 5.70055 5.72672 5.89712 5.98739 6.00909 6.15495 6.15711 6.17608 6.19105 6.20282 6.10424 5.93666 5.96122 5.98919 5.83037 5.59372 5.50348 5.34370 5.11557 5.13843 5.32796 5.38627 5.45753 5.44708 5.39587 5.37135 5.10783
1.25256 1.55493 1.76121 2.06952 2.43995 2.63063 2.76023 2.96824 3.52093 3.80771 4.01751 4.16418 4.41047 4.43361 4.21584 4.37632 4.54468 4.61518 4.71443 4.90528 5.11031 5.13367 5.05099 5.01032 5.08027 5.11841 5.09343 5.28919 5.49679 5.72720 6.00484 6.24309 6.36431 6.40678 6.38559 6.42211 6.41758 6.31966 6.00753 5.66079 5.76854 5.85058 5.99204 5.98068 6.00150 6.02389 6.09667 6.16143 6.12131 6.07693 6.05471 6.05890 5.96285 5.68881 5.51001 5.46621 5.36354 5.16951 5.15081 5.19601 5.22075 5.28722 5.35815 5.32167 5.25777 4.96413
0.83153 1.58509 2.04284 2.53491 2.78087 2.96790 3.05844 3.20628 3.54717 3.97221 4.24369 4.39987 4.52885 4.42227 4.09387 4.23640 4.44846 4.50569 4.54849 4.66464 4.86100 4.87933 4.77069 4.71515 4.71665 4.77809 4.82401 5.04434 5.30953 5.58886 5.95258 6.17871 6.30232 6.37097 6.38609 6.39440 6.37407 6.27855 5.98851 5.72880 5.81837 5.94147 6.02549 5.94601 5.86098 5.87647 5.92023 5.87312 5.75778 5.71268 5.76529 5.83004 5.83849 5.67618 5.44061 5.41529 5.42124 5.25620 5.14780 5.15148 5.19767 5.18317 5.22722 5.26492 5.15778 4.90262
1.22214 1.78726 2.49751 2.98653 3.45524 3.70935 3.50711 3.37548 3.44064 3.57806 3.85027 4.24989 4.47162 4.20824 3.79774 4.11466 4.40694 4.47195 4.49231 4.55620 4.69080 4.69195 4.62441 4.61775 4.60002 4.58960 4.64564 4.82025 5.01696 5.29060 5.73476 6.04404 6.18521 6.24963 6.24749 6.22276 6.22985 6.19315 5.94019 5.75311 5.85441 5.92615 5.90908 5.95482 5.82887 5.75433 5.69894 5.50690 5.36334 5.28823 5.30632 5.43317 5.57573 5.57722 5.41264 5.35464 5.39346 5.31511 5.18684 5.15707 5.05078 4.98680 5.02443 5.11415 5.05985 4.87196
1.74876 2.38947 3.08108 3.93642 4.19685 4.24258 4.03082 3.88435 3.89891 3.88712 3.86379 4.09707 4.44296 3.98406 3.84249 4.35336 4.57114 4.59876 4.57484 4.58973 4.67966 4.67164 4.67193 4.74194 4.73887 4.69925 4.74018 4.80587 4.87167 5.05303 5.43634 5.82926 6.00760 6.02602 5.93488 5.87882 5.92523 5.99471 5.85537 5.71368 5.78493 5.85494 5.75601 5.86528 5.90444 5.66380 5.39007 5.23078 5.17293 5.10478 5.04675 5.09442 5.21474 5.29007 5.24537 5.23643 5.27935 5.27833 5.12864 4.95765 4.83070 4.78105 4.75850 4.80134 4.84916 4.79011
2.53465 3.21300 4.17963 4.50311 4.57217 4.43400 4.40327 4.41234 4.39893 4.30348 3.98096 4.21081 4.49788 4.13499 4.10920 4.50579 4.89371 4.85625 4.73451 4.75217 4.88935 4.88279 4.95211 5.10333 5.18347 5.13930 5.11866 4.93973 4.89555 5.02649 5.27258 5.53979 5.67798 5.65133 5.59412 5.60703 5.66172 5.79128 5.85344 5.75908 5.74554 5.75730 5.66663 5.80060 5.85146 5.52400 5.18910 5.09580 5.14824 5.16286 5.07898 5.01872 5.04168 5.07635 5.05786 5.03511 5.03285 5.03649 4.95593 4.80507 4.73384 4.72832 4.72420 4.70400 4.73240 4.72731
3.81522 4.40997 4.70574 4.69934 4.59456 4.53167 4.63186 4.64343 4.49248 4.27563 4.13839 4.49221 4.46416 4.25673 4.31887 4.59802 5.06742 4.94077 4.79361 4.91817 5.19707 5.17598 5.18875 5.26970 5.32627 5.28036 5.25713 5.01721 4.97405 5.14737 5.31896 5.37205 5.38634 5.39230 5.46769 5.55208 5.57787 5.68640 5.90909 5.91304 5.78839 5.68510 5.73763 5.85502 5.75074 5.40367 5.06859 4.99365 5.12497 5.27832 5.22748 5.11247 5.07502 5.02958 4.95298 4.88966 4.85629 4.85762 4.84629 4.76492 4.72683 4.76612 4.83819 4.77445 4.74362 4.71099
4.49811 4.79474 4.72363 4.57420 4.58057 4.69943 4.79689 4.72630 4.58211 4.38501 4.28505 4.61327 4.41927 4.28620 4.43216 4.72404 5.11465 4.91494 4.82686 5.03801 5.21145 5.12041 5.18285 5.43742 5.56374 5.44529 5.36637 5.04037 5.05295 5.33490 5.44891 5.35042 5.29919 5.36145 5.51655 5.62859 5.59915 5.59531 5.81942 5.98637 5.91562 5.83144 5.84990 5.77069 5.52653 5.17835 4.93575 4.93577 5.11827 5.33677 5.31610 5.23846 5.19810 5.07719 4.93157 4.84441 4.80643 4.80889 4.84414 4.79080 4.76201 4.82615 4.88172 4.86895 4.78292 4.70632
4.55504 4.63379 4.53267 4.53541 4.70296 4.88742 4.77094 4.64768 4.65718 4.59377 4.39597 4.55958 4.35473 4.35283 4.55009 4.88047 5.10256 4.88386 4.80158 4.95181 4.94582 4.88333 4.95164 5.15406 5.44247 5.36789 5.26776 4.98082 5.09517 5.48980 5.52211 5.39276 5.36426 5.43198 5.57165 5.68937 5.59071 5.52961 5.72777 5.95593 5.95123 5.84231 5.70966 5.48390 5.16205 4.91177 4.83599 4.93191 5.14936 5.34053 5.30346 5.29077 5.29803 5.10997 4.92098 4.85425 4.85391 4.81606 4.86372 4.80508 4.76303 4.81129 4.85326 4.84608 4.78344 4.70125
4.61696 4.58662 4.62813 4.76433 4.81704 4.73903 4.57777 4.52462 4.54301 4.49183 4.47137 4.65238 4.39796 4.44997 4.66737 5.02613 5.18844 4.96868 4.80550 4.82561 4.83027 4.92122 5.00185 4.98252 5.24011 5.25698 5.08428 4.92820 5.16877 5.60482 5.52782 5.42803 5.46612 5.48621 5.53593 5.60457 5.53139 5.48512 5.62651 5.79142 5.73883 5.56020 5.35080 5.10684 4.90231 4.81431 4.84183 4.98045 5.15110 5.23015 5.21100 5.27546 5.30167 5.07653 4.88528 4.85933 4.89990 4.80035 4.79839 4.77064 4.75035 4.79832 4.88455 4.87040 4.80375 4.69461
5.02429 5.00093 5.12019 5.13014 4.82476 4.60551 4.51764 4.55359 4.61762 4.62255 4.79444 4.69991 4.44638 4.45972 4.66166 5.09390 5.36226 5.19735 5.00883 4.95967 5.04200 5.21065 5.09330 4.92456 5.03763 5.13452 5.00459 4.99976 5.37864 5.65838 5.45485 5.41395 5.59196 5.54970 5.51909 5.54330 5.49620 5.44661 5.48572 5.53436 5.42404 5.22095 5.03771 4.90536 4.83883 4.82782 4.89329 5.02212 5.09255 5.06980 5.10793 5.25043 5.24921 5.00817 4.83590 4.82006 4.85855 4.78021 4.73882 4.76316 4.79999 4.84457 4.86305 4.86680 4.81169 4.68869
5.48566 5.47885 5.45547 5.37087 4.95937 4.60103 4.48891 4.58262 4.70734 4.68402 4.86704 4.79728 4.49339 4.46308 4.64499 5.15093 5.48038 5.39902 5.29985 5.33025 5.45400 5.40892 5.04963 4.84460 4.97560 5.13441 4.97999 5.04721 5.49245 5.64900 5.38500 5.37271 5.59373 5.54683 5.51944 5.55187 5.53518 5.47031 5.42114 5.36713 5.21764 5.02483 4.90248 4.85687 4.84523 4.85434 4.91250 5.00968 5.00974 4.93565 4.97323 5.12701 5.11429 4.90077 4.78770 4.79159 4.83209 4.83203 4.79150 4.82289 4.88923 4.90822 4.87556 4.87124 4.82336 4.72009
6.02784 5.98838 5.78944 5.56635 5.33459 4.77977 4.51047 4.51608 4.68278 4.68925 4.78542 4.95271 4.52998 4.47075 4.65492 5.22873 5.38591 5.32362 5.31554 5.39926 5.48369 5.37472 5.04841 4.82515 4.91973 4.91279 4.76587 4.77812 5.19543 5.45013 5.33374 5.31665 5.38143 5.46559 5.53633 5.58149 5.59030 5.51441 5.41269 5.32436 5.14260 4.95558 4.88009 4.87380 4.87025 4.87188 4.91424 4.98374 4.95438 4.85209 4.82083 4.88612 4.88842 4.80063 4.78288 4.82554 4.85821 4.86467 4.86541 4.90170 4.91643 4.86594 4.80031 4.75693 4.71452 4.66347
6.45054 6.47772 6.33312 5.90112 5.46398 5.09805 4.70816 4.57877 4.71129 4.69672 4.79255 4.87277 4.56459 4.51192 4.67443 5.18200 5.25664 5.26542 5.40658 5.57525 5.63766 5.50877 5.18767 4.84336 4.76794 4.71358 4.74278 4.65565 4.83556 5.31191 5.42818 5.35560 5.39869 5.48745 5.55722 5.54874 5.50900 5.43900 5.37805 5.30405 5.11353 4.91708 4.88784 4.91540 4.90494 4.89840 4.93186 4.97935 4.94442 4.83438 4.76159 4.75360 4.76505 4.78010 4.84093 4.91514 4.92169 4.88206 4.86980 4.88310 4.85584 4.78806 4.71914 4.66313 4.62267 4.59066
6.66764 6.59825 6.52146 6.22583 5.65600 5.30505 4.89060 4.61820 4.64070 4.72460 4.88233 4.77008 4.63183 4.58622 4.70924 5.17723 5.31707 5.27719 5.51864 5.83033 5.89837 5.69181 5.30345 4.89970 4.71408 4.69054 4.80529 4.67309 4.71151 5.00925 5.37404 5.52064 5.48008 5.33936 5.23966 5.19900 5.20560 5.23573 5.24522 5.20305 5.09296 4.89483 4.83203 4.87211 4.90447 4.91759 4.93586 4.95862 4.94644 4.86565 4.77941 4.73869 4.74934 4.81983 4.92554 4.95294 4.92638 4.87154 4.83616 4.82814 4.80225 4.73989 4.67468 4.62088 4.58970 4.58233
6.62783 6.47019 6.24586 6.04361 5.70507 5.41548 4.92599 4.64211 4.64144 4.78870 4.68630 4.65679 4.70786 4.65464 4.72566 5.11961 5.35006 5.13921 5.19252 5.61222 5.76528 5.37975 5.09758 4.96264 4.82282 4.78104 4.77099 4.68965 4.71094 4.81775 4.95619 5.16671 5.14340 4.99069 4.92147 4.91420 4.96072 5.02482 5.05674 5.02529 4.94341 4.83844 4.79962 4.82574 4.86872 4.89448 4.90168 4.91400 4.93344 4.91269 4.84308 4.78298 4.76851 4.81287 4.89687 4.87586 4.82618 4.79787 4.78539 4.78961 4.77745 4.71099 4.63042 4.59042 4.59576 4.61055
