mrvbf_slope0.5_pctl0.7.asc
NCOLS 410
NROWS 410
XLLCORNER 2398750.0000000000000000
YLLCORNER 2548750.0000000000000000
CELLSIZE 250.0000000000000000
NODATA_VALUE -99999.00000
[rows 58 to 86 of 410, columns 0 to 65 of 410]
-99999.00000 -99999.00000 -99999.00000 -99999.00000 -99999.00000 5.70999 5.73708 5.72450 5.73585 5.73419 5.72466 5.70280 5.66029 5.55655 5.55581 5.51346 5.63417 5.68878 5.67662 5.67614 5.69654 5.74030 5.75309 5.68721 5.63590 5.62700 5.59309 5.52672 5.43975 5.43562 5.50402 5.52303 5.58000 5.57793 5.65949 5.78372 5.80195 5.70622 5.65450 5.63387 5.59830 5.56493 5.53875 5.53208 5.52642 5.53146 5.56676 5.62735 5.68854 5.74993 5.79325 5.74652 5.68561 5.67552 5.71853 5.71907 5.69446 5.68664 5.70230 5.72735 5.67318 5.67432 5.70030 5.75239 5.89135 5.86179
-99999.00000 -99999.00000 -99999.00000 -99999.00000 -99999.00000 5.59410 5.62619 5.64723 5.66617 5.70618 5.72729 5.72125 5.70107 5.65130 5.58318 5.54932 5.64435 5.70486 5.70325 5.70954 5.75219 5.81780 5.80231 5.71219 5.62253 5.53439 5.54933 5.58467 5.51953 5.36615 5.40525 5.56680 5.67267 5.64754 5.68491 5.77868 5.74385 5.66086 5.63401 5.64110 5.62818 5.60556 5.60677 5.60003 5.58106 5.57814 5.60226 5.64708 5.69352 5.73064 5.73733 5.71743 5.71102 5.74225 5.74724 5.69265 5.64084 5.60728 5.65225 5.69507 5.71729 5.71189 5.75290 5.83240 5.89768 5.91191
-99999.00000 -99999.00000 -99999.00000 -99999.00000 -99999.00000 5.49463 5.52309 5.55859 5.57604 5.61586 5.65767 5.69164 5.69821 5.65330 5.58198 5.51653 5.62628 5.72335 5.76693 5.79384 5.85385 5.89475 5.81080 5.71392 5.61682 5.50709 5.57022 5.71183 5.68187 5.51095 5.21942 5.36721 5.57376 5.58327 5.61982 5.71724 5.71450 5.64996 5.65510 5.68506 5.69326 5.70754 5.70477 5.66115 5.63181 5.64689 5.66952 5.66896 5.67648 5.68676 5.68997 5.69804 5.73398 5.81164 5.76140 5.67878 5.62762 5.56004 5.56721 5.63387 5.64927 5.73456 5.75028 5.71718 5.70620 5.73007
-99999.00000 -99999.00000 -99999.00000 -99999.00000 -99999.00000 5.53068 5.54832 5.58246 5.59462 5.59357 5.61511 5.65832 5.68514 5.65228 5.58751 5.56668 5.62844 5.69552 5.75702 5.79395 5.82995 5.86329 5.80318 5.71534 5.62832 5.51309 5.53206 5.69692 5.68651 5.55945 4.85002 4.70406 5.50901 5.54297 5.55410 5.66016 5.71745 5.65890 5.65422 5.70027 5.71092 5.76517 5.78654 5.70152 5.65663 5.68166 5.70006 5.66113 5.64502 5.64990 5.66728 5.70821 5.79102 5.95578 5.78339 5.66045 5.60722 5.60505 5.56601 5.59032 5.61679 5.68305 5.67572 5.65399 5.64909 5.66213
-99999.00000 -99999.00000 -99999.00000 -99999.00000 -99999.00000 5.59476 5.60625 5.62517 5.63515 5.64466 5.63270 5.63534 5.67752 5.66286 5.60956 5.66193 5.67033 5.69494 5.76171 5.78975 5.81201 5.81557 5.78456 5.72693 5.64796 5.55282 5.44617 5.58599 5.64122 5.56527 4.70951 4.58353 5.55246 5.56266 5.52997 5.64225 5.74169 5.66264 5.62063 5.66131 5.67095 5.73420 5.83784 5.76209 5.70657 5.71456 5.69719 5.65144 5.63240 5.64373 5.68817 5.76850 5.95651 6.13431 5.88674 5.71335 5.61972 5.62478 5.66381 5.64549 5.60999 5.64250 5.64361 5.64190 5.65230 5.62991
-99999.00000 -99999.00000 -99999.00000 -99999.00000 -99999.00000 5.61397 5.60052 5.58036 5.58222 5.60495 5.61575 5.63972 5.66607 5.62658 5.59017 5.67057 5.68183 5.70124 5.78094 5.81925 5.88807 5.86229 5.78525 5.73456 5.65698 5.54841 5.38599 5.49911 5.62936 5.50586 4.29143 4.97555 5.56764 5.55083 5.53622 5.66293 5.77430 5.66406 5.57307 5.61466 5.64170 5.68550 5.79329 5.81043 5.75687 5.76487 5.71553 5.65985 5.64293 5.66950 5.74096 5.88752 6.09489 6.05012 5.88421 5.76692 5.67966 5.66290 5.71201 5.68909 5.62358 5.62686 5.65765 5.63109 5.61863 5.60977
-99999.00000 -99999.00000 -99999.00000 -99999.00000 -99999.00000 5.60057 5.57318 5.54565 5.57974 5.64332 5.65880 5.64081 5.63066 5.57630 5.61045 5.63516 5.66747 5.71044 5.78066 5.82591 6.00786 6.04048 5.83116 5.72455 5.66273 5.60202 5.47476 5.39586 5.53997 5.41399 5.03259 5.43380 5.57811 5.53055 5.56601 5.70936 5.82347 5.68447 5.55617 5.57488 5.65511 5.67140 5.73456 5.77275 5.74143 5.74203 5.69257 5.64518 5.64041 5.68231 5.76767 5.88777 5.84518 5.76160 5.71152 5.69051 5.67282 5.68904 5.73581 5.72142 5.65815 5.62119 5.61753 5.62018 5.59892 5.56777
-99999.00000 -99999.00000 -99999.00000 -99999.00000 -99999.00000 5.59674 5.56709 5.55424 5.60969 5.66142 5.62603 5.54919 5.57274 5.61012 5.58017 5.63482 5.68130 5.73533 5.78182 5.79504 5.91109 6.07013 5.87542 5.74129 5.69317 5.66705 5.57108 5.55624 5.58355 5.56299 5.55403 5.56871 5.60464 5.56608 5.61992 5.76366 5.94375 5.73975 5.59597 5.55300 5.64080 5.69312 5.73471 5.75103 5.71324 5.71740 5.68706 5.63113 5.62242 5.65758 5.71648 5.73548 5.67498 5.60976 5.60069 5.62710 5.66183 5.70847 5.75299 5.74617 5.69212 5.64698 5.61711 5.59761 5.59809 5.63229
-99999.00000 -99999.00000 -99999.00000 -99999.00000 -99999.00000 5.61835 5.56852 5.55189 5.61272 5.65183 5.53443 5.53810 5.54581 5.59998 5.63039 5.63302 5.69978 5.77468 5.82478 5.80573 5.83642 5.95328 5.94007 5.77640 5.72589 5.70219 5.64940 5.65704 5.69317 5.68876 5.68897 5.70415 5.67174 5.62748 5.67086 5.81161 6.09483 5.81001 5.65709 5.57945 5.62537 5.69497 5.73988 5.73661 5.69031 5.69236 5.70536 5.66113 5.64262 5.65372 5.66702 5.63426 5.55368 5.51498 5.56708 5.63071 5.68887 5.74909 5.80340 5.80105 5.73951 5.69490 5.67002 5.65599 5.66393 5.70990
-99999.00000 -99999.00000 -99999.00000 -99999.00000 -99999.00000 5.62626 5.56010 5.59308 5.64772 5.64811 5.58262 5.56164 5.58507 5.64988 5.64140 5.68271 5.72906 5.79395 5.87867 5.83557 5.81068 5.89135 6.01436 5.83920 5.77199 5.75376 5.71326 5.70789 5.75782 5.74691 5.75788 5.80297 5.72058 5.66547 5.69325 5.82133 6.11008 5.91829 5.72548 5.63591 5.63517 5.69648 5.74209 5.74256 5.69057 5.66559 5.68625 5.70619 5.70487 5.69852 5.67163 5.60846 5.56340 5.59800 5.62406 5.66198 5.72047 5.80104 5.89537 5.87485 5.79539 5.74911 5.73586 5.72151 5.70918 5.73629
-99999.00000 -99999.00000 -99999.00000 -99999.00000 -99999.00000 5.61457 5.58384 5.58159 5.65071 5.67628 5.66499 5.62943 5.65528 5.68648 5.67688 5.71233 5.73960 5.78368 5.80735 5.78541 5.79008 5.87818 6.04044 5.88766 5.80358 5.79483 5.74259 5.72243 5.77148 5.78218 5.75060 5.76745 5.73542 5.67932 5.68385 5.76667 5.98676 5.90290 5.74164 5.67538 5.66885 5.72499 5.79178 5.82270 5.75414 5.70058 5.69641 5.74399 5.79158 5.77798 5.72087 5.67038 5.65416 5.66465 5.66624 5.69510 5.76056 5.87783 5.98490 5.91162 5.82173 5.77181 5.75752 5.74162 5.70559 5.69393
-99999.00000 -99999.00000 -99999.00000 -99999.00000 -99999.00000 5.55864 5.54703 5.57438 5.63348 5.63335 5.64942 5.67364 5.69668 5.69223 5.70535 5.70059 5.70266 5.71025 5.72429 5.74363 5.75868 5.80172 5.90264 5.80525 5.75462 5.75856 5.72123 5.70727 5.76271 5.82863 5.74231 5.70842 5.70243 5.66763 5.66661 5.72953 5.84573 5.76262 5.66974 5.63407 5.66302 5.72694 5.81330 5.97104 5.94036 5.80662 5.75055 5.77958 5.88349 5.87901 5.78679 5.74699 5.72516 5.70887 5.71282 5.75980 5.87438 6.03551 6.04040 5.93881 5.83672 5.76360 5.73005 5.71527 5.68714 5.65354
-99999.00000 -99999.00000 -99999.00000 -99999.00000 -99999.00000 5.49068 5.48986 5.54742 5.61225 5.60373 5.59728 5.59175 5.62707 5.68677 5.69099 5.66067 5.63643 5.64313 5.66438 5.68621 5.71054 5.74187 5.77177 5.72987 5.70030 5.71134 5.69193 5.67804 5.72659 5.75987 5.66615 5.61812 5.63301 5.61845 5.63391 5.71146 5.79320 5.69841 5.62990 5.63571 5.68033 5.71815 5.76534 5.92827 6.07231 5.94199 5.81850 5.81413 5.88316 5.90061 5.85153 5.82230 5.78666 5.76008 5.78303 5.90757 6.08764 6.03876 5.89331 5.82995 5.80272 5.75383 5.70545 5.68574 5.67903 5.65309
-99999.00000 -99999.00000 -99999.00000 -99999.00000 -99999.00000 5.40016 5.54243 5.55706 5.61285 5.61579 5.58361 5.52396 5.49822 5.56046 5.65697 5.68075 5.65783 5.65298 5.66283 5.67307 5.67088 5.69092 5.69974 5.66782 5.64792 5.67157 5.66949 5.66172 5.69862 5.67780 5.58940 5.58813 5.58323 5.55116 5.59740 5.69969 5.77544 5.70045 5.61714 5.62674 5.70536 5.73430 5.74523 5.83172 5.93265 5.85039 5.80793 5.83382 5.89819 5.93124 5.90528 5.86876 5.83692 5.82575 5.89467 6.07433 6.05351 5.86180 5.77750 5.74165 5.72395 5.71458 5.69489 5.67742 5.67871 5.69531
-99999.00000 -99999.00000 -99999.00000 -99999.00000 -99999.00000 5.45834 5.52217 5.58695 5.60814 5.59587 5.58875 5.54655 5.33697 5.47104 5.64353 5.72873 5.75400 5.73138 5.70734 5.68893 5.65966 5.67308 5.66515 5.62514 5.59171 5.59468 5.60421 5.64285 5.70901 5.65030 5.59562 5.63221 5.58991 5.52655 5.56235 5.65118 5.69825 5.67761 5.61994 5.62604 5.70848 5.75532 5.75681 5.81438 5.86204 5.81895 5.82813 5.89390 5.97623 6.00057 5.96101 5.90689 5.88824 5.90761 5.98840 6.03276 5.87335 5.77089 5.72750 5.69755 5.67339 5.66845 5.69697 5.70897 5.68627 5.67289
-99999.00000 -99999.00000 -99999.00000 -99999.00000 -99999.00000 5.57509 5.62984 5.63704 5.61874 5.61423 5.63089 5.58150 5.39564 5.45001 5.62984 5.72541 5.81743 5.76915 5.68133 5.61929 5.58894 5.58509 5.62426 5.59391 5.54518 5.53559 5.56554 5.64776 5.69841 5.64596 5.60381 5.62990 5.62810 5.56344 5.55273 5.59767 5.63019 5.63800 5.62844 5.66003 5.72860 5.75213 5.76875 5.86016 5.87541 5.84505 5.90490 5.99090 6.07246 6.07815 6.04373 5.99353 5.96952 5.99912 6.04959 5.94964 5.79993 5.73280 5.69880 5.67501 5.65686 5.64947 5.67728 5.73290 5.73736 5.68784
-99999.00000 -99999.00000 -99999.00000 -99999.00000 -99999.00000 5.68546 5.69466 5.70558 5.67241 5.66669 5.64749 5.58593 5.46967 5.49228 5.61288 5.67801 5.74719 5.76724 5.67414 5.59506 5.58497 5.55809 5.52180 5.46405 5.43962 5.51224 5.58450 5.64631 5.65283 5.62767 5.59220 5.61110 5.63839 5.58953 5.57919 5.61335 5.64571 5.67072 5.68368 5.71341 5.73235 5.74423 5.79252 5.95563 5.91707 5.83280 5.87706 5.97032 6.04607 6.12612 6.16559 6.15030 6.11144 6.11030 6.12406 5.96753 5.78389 5.70508 5.67037 5.66131 5.66970 5.67207 5.65841 5.70668 5.78060 5.72444
-99999.00000 -99999.00000 -99999.00000 -99999.00000 -99999.00000 5.66206 5.66673 5.69392 5.68378 5.63901 5.60492 5.56585 5.44536 5.44206 5.58382 5.63963 5.68039 5.74711 5.70628 5.62388 5.57025 5.52769 5.40182 5.35502 5.38561 5.33385 5.47498 5.52823 5.55913 5.55506 5.53381 5.58285 5.61134 5.57579 5.58585 5.64933 5.71204 5.74890 5.74796 5.75199 5.74740 5.77832 5.90250 6.06967 5.92410 5.81158 5.81918 5.89200 5.95484 6.05903 6.19535 6.24782 6.22916 6.20386 6.16989 6.04252 5.82188 5.70091 5.64463 5.64531 5.68559 5.71214 5.66751 5.67718 5.72567 5.71810
-99999.00000 -99999.00000 -99999.00000 -99999.00000 -99999.00000 5.65951 5.66678 5.67320 5.65913 5.61396 5.60881 5.54314 5.44144 5.45357 5.50891 5.55681 5.58163 5.66489 5.70322 5.64916 5.59943 5.52619 5.35574 5.49546 5.55648 5.06219 4.78063 5.37679 5.53770 5.53902 5.53927 5.61255 5.60817 5.53544 5.54918 5.64903 5.74399 5.81401 5.79559 5.78222 5.80323 5.86541 6.00379 6.05198 5.87619 5.78373 5.78666 5.86055 5.90291 5.94902 6.06751 6.18472 6.24642 6.23242 6.17650 6.09796 5.86775 5.71968 5.63859 5.62701 5.67956 5.73730 5.69646 5.67319 5.68355 5.69411
-99999.00000 -99999.00000 -99999.00000 -99999.00000 -99999.00000 5.67752 5.68014 5.67925 5.67188 5.65765 5.68263 5.60559 5.50669 5.55368 5.48913 5.45347 5.39717 5.50979 5.62488 5.64502 5.56854 5.39754 5.45359 5.64183 5.62469 4.97685 4.12825 5.25398 5.49502 5.51717 5.55289 5.63773 5.61565 5.48748 5.51846 5.66214 5.77283 5.85791 5.83049 5.77578 5.76908 5.77773 5.82513 5.88526 5.81890 5.75949 5.76142 5.82279 5.87353 5.87516 5.94142 6.07057 6.16312 6.15992 6.13537 6.07832 5.93677 5.75467 5.64584 5.61086 5.66144 5.73282 5.72297 5.68961 5.67579 5.67683
-99999.00000 -99999.00000 -99999.00000 -99999.00000 -99999.00000 5.58024 5.59022 5.62745 5.64356 5.65198 5.67113 5.60206 5.51915 5.47456 5.41787 5.35307 5.18721 5.14305 5.42946 5.54118 5.44062 5.39633 5.62225 5.75099 5.66627 5.33233 4.21054 4.87568 5.31190 5.40176 5.52234 5.63349 5.59943 5.45904 5.52086 5.67991 5.80115 5.86426 5.80168 5.74128 5.72802 5.72953 5.73925 5.76637 5.76733 5.73358 5.73239 5.76995 5.81974 5.82152 5.86035 5.96827 6.06292 6.05963 6.05542 6.03307 5.98336 5.76542 5.64908 5.60203 5.64278 5.70770 5.72986 5.70791 5.68506 5.66782
-99999.00000 -99999.00000 -99999.00000 -99999.00000 -99999.00000 5.48342 5.50286 5.54850 5.55744 5.55367 5.55939 5.53363 5.47802 5.44034 5.40563 5.32890 5.34751 5.02402 5.04597 5.17335 5.07685 5.43305 5.66424 5.78586 5.68724 5.50813 4.73358 4.75356 5.25626 5.31014 5.49706 5.63340 5.57348 5.47995 5.54578 5.66197 5.74881 5.81238 5.78914 5.74173 5.70118 5.70545 5.71519 5.71167 5.70760 5.68642 5.68167 5.70769 5.74231 5.76558 5.80711 5.84649 5.80583 5.80229 5.86766 5.94032 5.94900 5.75612 5.63991 5.58697 5.62460 5.68999 5.73368 5.73278 5.70705 5.67449
-99999.00000 -99999.00000 -99999.00000 -99999.00000 -99999.00000 5.49670 5.48754 5.49325 5.49659 5.50120 5.52101 5.49144 5.36729 5.20098 5.12171 5.19638 5.49052 5.27175 4.85122 4.17498 4.41864 5.44907 5.63928 5.61937 5.53245 5.00870 4.05834 4.89255 5.14798 5.07352 5.42016 5.60470 5.55318 5.52615 5.52430 5.54759 5.62675 5.65442 5.65896 5.65967 5.65656 5.68115 5.67288 5.61810 5.59372 5.59017 5.60054 5.63835 5.67500 5.71199 5.75694 5.72931 5.67636 5.66299 5.69854 5.74531 5.76305 5.70320 5.60166 5.56667 5.62369 5.69736 5.76332 5.78551 5.74698 5.69064
-99999.00000 -99999.00000 -99999.00000 -99999.00000 -99999.00000 5.53876 5.50682 5.46154 5.45690 5.51785 5.56861 5.55244 5.31263 4.50829 4.83780 4.35740 5.45866 5.33248 4.71236 4.00483 3.41712 4.22378 5.35893 4.93817 4.03606 3.11725 3.03266 3.54910 3.86556 4.34035 5.20156 5.52057 5.52278 5.58349 5.52260 5.40867 5.37798 5.37076 5.38860 5.43038 5.51937 5.60309 5.56445 5.42387 5.42042 5.46691 5.51850 5.57402 5.61163 5.66054 5.71138 5.65208 5.59221 5.55189 5.55577 5.62047 5.65661 5.62213 5.56700 5.59095 5.66171 5.72910 5.76858 5.74755 5.72628 5.69213
-99999.00000 -99999.00000 -99999.00000 -99999.00000 -99999.00000 5.54247 5.50993 5.45053 5.37160 5.40079 5.53384 5.59561 5.46381 4.71020 5.13245 3.96162 5.38250 5.32684 4.35713 3.38566 3.14117 3.00657 3.51170 3.01993 2.64882 2.35831 2.37464 2.53144 2.74151 3.50289 5.05510 5.31118 5.44077 5.57480 5.52268 5.47063 5.21905 4.85778 4.84860 5.01813 5.22577 5.43075 5.31244 5.08616 5.32559 5.43629 5.50257 5.53473 5.55970 5.60979 5.65679 5.59133 5.53935 5.53338 5.52485 5.56245 5.62261 5.62834 5.62572 5.65378 5.68828 5.70160 5.68327 5.66541 5.65730 5.65621
-99999.00000 -99999.00000 -99999.00000 -99999.00000 -99999.00000 5.50044 5.51794 5.45080 5.43116 5.47027 5.49372 5.57494 5.46959 4.67372 4.85937 3.73903 5.14227 5.41054 5.03319 3.87333 3.55542 3.24064 2.85472 2.68036 2.39039 2.07744 2.29761 3.21699 4.42832 4.90017 5.21954 5.00117 5.17449 5.50238 5.53152 5.49117 5.41455 5.39932 5.37894 5.29701 5.04653 5.13153 4.88773 5.02634 5.44899 5.51925 5.54327 5.53881 5.54461 5.57185 5.59144 5.54778 5.54206 5.60354 5.61809 5.61502 5.67133 5.71413 5.69430 5.67199 5.66235 5.65548 5.65270 5.66776 5.65623 5.63968
-99999.00000 -99999.00000 -99999.00000 -99999.00000 -99999.00000 5.55224 5.56928 5.38075 5.36781 5.56083 5.54644 5.55951 5.50809 5.21018 5.21484 4.70343 5.16979 5.47699 5.49431 4.99398 4.76645 5.07609 3.83265 2.98894 2.80156 3.01205 3.85345 4.97600 5.48087 5.53828 5.47243 5.14126 5.01047 5.41443 5.58118 5.58378 5.50171 5.40159 5.47237 5.50513 5.40016 5.25279 4.94533 5.29216 5.53759 5.57239 5.56801 5.56403 5.57564 5.58354 5.57028 5.55156 5.58617 5.65741 5.64373 5.64213 5.70891 5.79306 5.77409 5.73439 5.70516 5.69283 5.71446 5.76572 5.73343 5.68058
-99999.00000 -99999.00000 -99999.00000 -99999.00000 -99999.00000 5.63743 5.60771 5.31187 5.37467 5.53885 5.49547 5.42783 5.35050 5.09038 5.40438 5.00552 5.30932 5.48440 5.53223 5.35376 5.08314 5.37582 4.79548 4.15873 4.32651 4.81809 5.14224 5.42933 5.55700 5.60252 5.55137 5.37710 5.22005 5.38129 5.56285 5.65649 5.63161 5.52704 5.51850 5.57837 5.52487 5.35992 5.04339 5.41935 5.57005 5.57904 5.57164 5.59022 5.62474 5.63967 5.62102 5.60559 5.63455 5.65233 5.62771 5.66964 5.76994 5.83619 5.84653 5.87025 5.85728 5.83088 5.87057 5.97286 5.85652 5.73124
-99999.00000 -99999.00000 -99999.00000 -99999.00000 -99999.00000 5.69959 5.65673 5.49365 5.33817 5.37430 5.16346 4.99955 5.19114 5.05641 5.31343 5.29197 5.45849 5.50779 5.52368 5.41489 5.25728 5.39848 4.88789 4.39567 4.75878 5.19405 5.44349 5.47963 5.54661 5.60539 5.56680 5.41074 5.27558 5.42571 5.55543 5.66120 5.69719 5.59422 5.52507 5.54183 5.46315 5.24480 5.32875 5.53973 5.57706 5.56136 5.56328 5.60155 5.65381 5.68697 5.66664 5.64489 5.66336 5.62011 5.63034 5.71183 5.76444 5.71784 5.71460 5.75112 5.86559 6.02618 6.11903 6.16721 6.05002 5.82833
