mrvbf_slope0.6_pctl0.9.asc
NCOLS 410
NROWS 410
XLLCORNER 2398750.0000000000000000
YLLCORNER 2548750.0000000000000000
CELLSIZE 250.0000000000000000
NODATA_VALUE -99999.00000
[rows 377 to 405 of 410, columns 264 to 329 of 410]
3.45221 3.36887 3.32991 2.77242 1.61931 2.19396 2.33614 2.34720 2.57209 3.00825 3.29752 3.18423 3.05406 2.86606 2.73496 2.82360 3.10165 3.13321 2.84240 2.64348 2.53383 2.49071 2.51330 2.55118 2.50439 2.49933 2.31940 1.85923 1.54085 1.39160 1.34291 0.99214 0.61712 0.53737 0.48117 0.47413 0.56452 1.21452 1.36829 0.83653 0.59592 0.64890 0.72440 0.81433 0.67193 0.46364 0.57878 1.55947 1.57361 1.06734 0.56088 0.47847 0.49467 0.54150 0.62957 0.46400 0.27617 0.20990 0.28531 0.39592 0.49789 0.55098 0.56710 0.67504 0.89094 1.49224
3.41888 3.38201 3.21156 2.51417 1.99693 2.69807 2.75036 2.53066 2.74382 3.30578 3.43928 3.35878 3.20390 3.08330 3.09453 3.11669 3.16280 2.94868 2.72966 2.61839 2.55547 2.57557 2.63944 2.59765 2.55988 2.49750 2.30396 2.00801 1.70535 1.57973 1.52603 1.29820 0.73221 0.58310 0.58859 0.69359 0.93221 1.59170 1.25060 0.66238 0.55166 0.57232 0.56360 0.64325 0.61951 0.49732 0.63339 1.51275 1.70516 1.48249 0.86414 0.50310 0.42631 0.39521 0.42550 0.40122 0.28298 0.29089 0.35893 0.44790 0.55765 0.61131 0.59258 0.66703 0.83660 1.28147
3.37692 3.07855 2.50243 1.99625 1.39754 2.49036 2.68970 2.48509 2.48795 3.12046 3.41422 3.41203 3.27934 3.19229 3.06664 2.78640 2.65542 2.65220 2.65651 2.59986 2.56414 2.58703 2.61858 2.56307 2.47205 2.33998 2.11056 1.87910 1.80520 1.83525 1.72492 1.56426 1.27541 0.93244 1.03958 1.33092 1.44113 1.41499 1.09825 0.61034 0.57010 0.67199 0.55174 0.57140 0.55331 0.58672 0.83522 1.53275 1.59485 1.52145 1.47972 0.81228 0.50203 0.36181 0.32030 0.35668 0.33560 0.35384 0.40813 0.48691 0.58545 0.61510 0.61056 0.63698 0.78923 1.01300
2.98519 2.31040 1.92186 1.34800 2.28428 2.85669 2.84408 2.52870 2.52925 3.05227 3.34633 3.36671 3.33513 3.19762 2.83071 2.54455 2.49443 2.58685 2.63678 2.59472 2.56424 2.56945 2.57379 2.53800 2.44866 2.29816 2.01709 1.75843 1.75157 1.85831 1.90240 1.78920 1.64939 1.54773 1.58941 1.70840 1.79819 1.67958 1.36356 0.73984 0.71753 0.96675 0.75688 0.62128 0.58663 0.59838 0.80568 1.47776 1.30802 1.20946 1.58637 1.50243 0.94350 0.55014 0.49819 0.52696 0.51185 0.43454 0.47051 0.52918 0.52410 0.53274 0.60174 0.65120 0.77586 0.88460
2.50006 2.34141 2.29124 2.49448 2.75410 2.98808 2.72215 2.56401 2.59693 2.96775 3.27236 3.37790 3.34729 3.14395 2.75199 2.69144 2.78806 2.75874 2.70273 2.61243 2.57648 2.58528 2.60078 2.59981 2.55120 2.41327 2.12336 1.92981 2.02289 2.07296 2.08976 2.15049 1.92671 1.68804 1.66878 1.70400 1.75332 1.73769 1.64969 1.36731 1.13226 1.27946 1.30010 0.92231 0.71996 0.67494 0.88741 1.31781 1.07109 0.82911 1.06534 1.12912 1.38211 1.45172 1.35021 1.09102 0.63161 0.52484 0.58983 0.65877 0.65366 0.61676 0.66561 0.76464 0.91220 0.98815
2.56035 2.63213 2.69238 2.87003 3.09588 2.99313 2.68013 2.60165 2.64918 3.01078 3.25644 3.41663 3.32545 2.99153 2.64021 2.73449 2.83521 2.90675 2.75291 2.61059 2.58015 2.60574 2.64984 2.66555 2.59301 2.41953 2.14097 2.04426 2.15654 2.32417 2.40820 2.35399 1.96329 1.74793 1.66956 1.63572 1.76244 1.93657 1.84780 1.56968 1.34263 1.44149 1.57436 1.41620 0.80449 0.63805 0.71901 0.87383 0.88215 0.57621 0.45749 0.52086 1.17228 1.63614 1.62563 1.54416 0.89357 0.67068 0.76902 0.92201 0.92397 0.84237 0.84626 0.90026 1.01055 1.09205
2.66600 2.80099 3.04786 3.13106 2.87981 2.64770 2.53940 2.64150 2.91421 3.21657 3.21397 3.27692 3.34356 3.16064 2.66153 2.50499 2.61444 2.70099 2.61973 2.55086 2.54356 2.58715 2.65014 2.68107 2.61066 2.42627 2.16796 2.08750 2.21483 2.44871 2.53772 2.29190 1.90357 1.86463 1.81655 1.73051 1.73137 1.79833 1.59736 1.08744 0.83807 1.38168 1.55223 1.22288 0.70019 0.58241 0.56948 0.58714 0.55595 0.41696 0.33219 0.47175 0.87221 1.30945 1.09742 0.61142 0.42395 0.51206 0.62136 0.71819 0.90941 0.96943 0.99048 1.09840 1.10412 1.12122
2.72435 2.77367 3.02706 3.41834 3.02646 2.54610 2.21226 2.61658 2.96551 3.01405 2.91032 2.86689 3.07291 3.21944 2.94230 2.58629 2.55384 2.56188 2.51206 2.45721 2.46690 2.53589 2.60855 2.63635 2.56795 2.43183 2.30260 2.22904 2.25635 2.45336 2.51043 2.05486 1.61482 1.60495 1.72608 1.81849 1.78847 1.71993 1.44138 0.78211 0.67381 1.34957 1.48314 0.99293 0.69258 0.66666 0.62032 0.62772 0.51559 0.37206 0.35564 0.49681 0.78803 0.70213 0.62176 0.38222 0.33694 0.43214 0.52653 0.58169 0.67493 0.74320 0.79370 0.89163 1.00023 1.07595
2.81097 2.79379 2.84036 3.09156 2.89809 2.52733 2.12888 2.49697 2.54997 2.34440 2.18051 2.17475 2.36790 2.54475 2.49777 2.40950 2.42493 2.46418 2.42598 2.35549 2.40960 2.52484 2.58277 2.60352 2.53517 2.45808 2.43000 2.36789 2.25015 2.33100 2.22418 1.51301 1.08814 1.01055 1.29290 1.61886 1.73434 1.72215 1.54595 1.28236 1.07619 1.17174 1.27121 0.86126 0.93249 1.12740 1.05773 1.06335 0.71933 0.49743 0.46958 0.69605 0.74225 0.56563 0.49592 0.29422 0.30338 0.43223 0.52543 0.56807 0.61267 0.64511 0.68447 0.78961 0.99349 1.05794
2.90077 2.82282 2.83148 2.96507 2.83571 2.44628 1.96335 2.24613 2.06988 1.68597 1.52360 1.59984 1.82370 2.00191 2.02387 2.01100 2.12046 2.33221 2.39381 2.34370 2.43990 2.58501 2.58377 2.56670 2.49219 2.43802 2.43123 2.38965 2.25750 2.11614 1.70424 1.08221 0.85601 0.80330 0.94737 1.31545 1.56539 1.64836 1.63590 1.65297 1.61546 1.50754 1.37554 1.30948 1.33847 1.48970 1.53158 1.44140 1.15732 0.90072 0.92981 0.88879 0.63561 0.52056 0.41858 0.27218 0.30671 0.44593 0.52348 0.55578 0.59484 0.64985 0.66947 0.70501 0.79298 0.86708
3.06523 2.79587 2.76776 2.81930 2.65911 2.30291 2.09933 2.03578 1.59498 1.32630 1.21034 1.21349 1.46302 1.66067 1.69412 1.65632 1.76156 2.15581 2.40388 2.38774 2.46092 2.60012 2.59311 2.52822 2.44038 2.39208 2.39037 2.37768 2.34231 2.13919 1.56154 1.00431 0.87023 1.03501 1.10516 0.80091 0.86818 1.20081 1.34852 1.46555 1.52413 1.60538 1.69975 1.68171 1.59892 1.51610 1.22166 0.82599 0.75452 0.80335 0.73237 0.72486 0.51734 0.43671 0.31730 0.22380 0.31285 0.44919 0.50331 0.54250 0.57566 0.59849 0.61711 0.70150 0.83161 0.94146
2.85546 2.63231 2.75563 2.76341 2.62349 2.45759 2.30550 1.86483 1.37710 1.15310 1.01881 0.93119 1.21506 1.59231 1.61358 1.42835 1.44920 1.81954 2.20633 2.31184 2.41208 2.53347 2.55414 2.48971 2.39147 2.35912 2.39507 2.44472 2.47615 2.30173 1.69760 1.16615 0.90274 0.84132 0.61903 0.52345 0.52733 0.73493 1.07745 1.30185 1.14594 1.29026 1.72470 1.51161 1.23460 1.22917 0.94904 0.61031 0.57323 0.60491 0.69718 0.70488 0.53660 0.37814 0.21072 0.16326 0.26561 0.40020 0.46385 0.51695 0.55040 0.56686 0.59570 0.71835 0.95621 1.14939
2.45299 2.59370 2.81375 2.83034 2.71541 2.61191 2.36253 1.76085 1.30707 1.05605 1.34040 1.82139 1.76353 2.02944 1.80567 1.46852 1.38105 1.50352 1.82115 2.02839 2.23122 2.40059 2.46736 2.42021 2.29807 2.29836 2.37505 2.40447 2.41608 2.38418 1.92317 1.47195 1.12629 0.78401 0.60436 0.52997 0.51362 0.54811 0.73804 1.17895 0.66611 0.77413 1.64368 1.33618 0.66894 0.76922 1.02315 0.65749 0.50367 0.44120 0.55293 0.71297 0.53399 0.33386 0.16633 0.13979 0.20582 0.34037 0.41411 0.47852 0.52604 0.55208 0.58123 0.65890 0.88833 1.19416
2.40581 2.63515 2.87607 2.87327 2.78770 2.74905 2.34348 1.62804 1.28488 1.30164 1.97540 1.94668 2.15479 2.34170 1.88575 1.53717 1.65638 1.43795 1.56918 1.72114 1.92511 2.13209 2.23465 2.18880 2.04001 2.06706 2.12920 2.16608 2.29117 2.36154 2.15192 1.73569 1.51675 1.34357 1.13251 0.70176 0.54888 0.45848 0.51086 0.90304 0.61507 0.62584 1.31032 1.46363 0.91862 0.73837 0.77145 0.97476 0.58656 0.41169 0.56234 0.80809 0.49476 0.30846 0.16856 0.16762 0.17639 0.27634 0.36888 0.43473 0.49295 0.53577 0.57210 0.62690 0.76315 1.06591
2.61543 2.63092 2.87676 2.81920 2.67380 2.64777 2.27720 1.47668 1.22572 1.74285 2.25094 2.34537 2.61335 2.47001 1.88425 1.46417 1.55373 1.50255 1.51662 1.58164 1.70310 1.82073 1.82087 1.78842 1.69703 1.61736 1.59868 1.76744 2.18542 2.19183 2.03920 1.87093 1.70992 1.57081 1.46808 1.02176 0.65292 0.46657 0.48281 0.70558 0.66787 0.61178 0.92207 1.57360 1.24215 0.93219 0.66139 0.81128 0.82242 0.70817 0.78807 0.80750 0.59128 0.40483 0.25655 0.25339 0.25945 0.33645 0.37647 0.42561 0.45490 0.49603 0.54329 0.59252 0.68959 1.05421
3.03734 2.69893 2.78119 2.92905 2.66855 2.42638 1.86849 1.05914 1.05946 2.07820 2.32306 2.60747 2.79255 2.30752 1.78635 1.43905 1.43367 1.73944 1.78681 1.69476 1.66481 1.69075 1.62786 1.56946 1.40716 1.12182 0.98582 1.22897 1.59517 1.75390 1.73246 1.69260 1.65677 1.60236 1.57423 1.30975 0.91066 0.72493 0.68232 0.71077 0.66919 0.79308 1.02223 1.36579 0.68413 0.79480 1.13548 0.69311 0.55563 0.43195 0.52805 0.78094 0.66768 0.45417 0.24174 0.21917 0.25935 0.35062 0.41324 0.48157 0.49579 0.50992 0.55423 0.58034 0.66961 0.95847
3.33088 3.03143 2.84011 2.85591 2.74485 2.54740 1.79126 0.80731 0.80641 1.61294 2.19021 2.53102 2.39659 1.98825 1.65866 1.47375 1.61486 2.05159 2.07779 1.91903 1.77927 1.65687 1.56053 1.38158 1.12036 0.79117 0.69309 0.72937 1.15674 1.56669 1.68487 1.61868 1.58447 1.64731 1.59757 1.40702 1.25669 1.03785 0.90939 0.84310 0.81000 0.96107 0.93680 1.00597 0.71641 0.62616 0.75220 0.77184 0.54903 0.34144 0.40479 0.67767 0.63846 0.44473 0.20226 0.17909 0.23355 0.35569 0.45454 0.52719 0.57364 0.60287 0.62576 0.65856 0.70486 0.88276
3.13500 3.15754 3.11892 2.95677 2.80913 2.70081 2.37100 1.61168 1.35301 1.64825 2.02706 2.20946 2.03831 1.77772 1.62395 1.60626 1.86546 2.12949 2.13329 2.01305 1.85215 1.65790 1.47769 1.24519 0.94243 0.73778 0.70233 0.68712 0.95440 1.49791 1.72306 1.55954 1.36667 1.53122 1.54448 1.45775 1.44488 1.18544 0.83887 0.71990 0.60908 0.56016 0.65594 0.60644 0.75545 0.51781 0.47699 0.51309 0.56508 0.54603 0.49745 0.75609 0.72491 0.50571 0.25562 0.19638 0.27694 0.40172 0.48845 0.51847 0.54313 0.55908 0.57887 0.63170 0.67413 0.87550
2.96605 2.96886 2.94932 2.92692 2.90263 2.76244 2.40736 1.87927 1.81471 1.78885 1.84967 1.89291 1.83324 1.74433 1.72734 1.84551 2.05989 2.15339 2.10782 1.94122 1.79531 1.67616 1.44262 1.17160 0.95274 0.86726 0.98509 1.39639 1.25316 1.45106 1.61871 1.08987 0.70967 0.97513 1.41360 1.47556 1.57818 1.45339 0.80713 0.63917 0.59713 0.46356 0.42750 0.61465 0.89828 0.81088 0.60441 0.52605 0.46869 0.44579 0.45617 0.95488 0.80766 0.57734 0.33657 0.25803 0.34238 0.44534 0.51095 0.54031 0.52008 0.54245 0.62578 0.67363 0.70307 1.01016
3.18825 3.21032 3.07266 3.00486 2.91226 2.70698 2.43630 2.32419 2.01093 1.74918 1.73664 1.75325 1.79390 1.81698 1.87405 2.01385 2.17557 2.22549 2.12802 1.92607 1.77140 1.70955 1.52342 1.28102 1.16835 1.15046 1.32544 1.81304 2.08433 1.67132 1.51859 0.82605 0.57679 0.79060 1.39264 1.47929 1.49364 1.14499 0.75490 0.85485 0.84554 0.54021 0.44032 0.52072 0.87356 1.30697 1.45384 1.21304 0.83559 0.67465 0.73771 1.48514 0.83799 0.52578 0.32822 0.27871 0.33748 0.41104 0.47973 0.55982 0.58596 0.60994 0.63338 0.66524 0.71578 0.96068
3.09477 3.22090 3.17245 2.95771 2.84478 2.73302 2.54192 2.34378 1.81462 1.58919 1.61362 1.74562 1.87107 1.91923 1.99660 2.12829 2.27729 2.32081 2.19343 1.97712 1.84555 1.78881 1.65932 1.49053 1.40647 1.36416 1.44744 1.68815 2.02529 1.66635 1.34452 0.72283 0.55987 0.64146 1.37931 1.44063 0.76789 0.50856 0.73290 1.04279 1.21924 0.81023 0.58126 0.71920 1.28544 1.59177 1.63454 1.65523 1.57776 1.41473 1.28431 1.32118 0.73179 0.55148 0.37852 0.27562 0.23931 0.38459 0.51686 0.58381 0.60596 0.57164 0.57949 0.70994 0.96838 1.12911
3.03418 2.99959 3.03016 2.83938 2.78700 2.74054 2.51156 2.15256 1.51220 1.34762 1.50734 1.78237 1.96125 2.01028 2.10590 2.24209 2.34965 2.37057 2.26471 2.08601 1.97550 1.90951 1.81248 1.68255 1.58687 1.54644 1.56016 1.61943 1.60688 1.25848 0.79739 0.62846 0.43141 0.43923 1.00281 1.37307 0.65483 0.50817 0.84372 1.30719 1.35930 1.38198 1.33756 1.42562 1.43699 1.13672 1.33770 1.09800 1.10239 1.45330 1.48422 1.24541 0.74874 0.59401 0.44675 0.29001 0.25577 0.40994 0.52187 0.51457 0.51117 0.53514 0.60103 0.74453 1.12962 1.31990
3.20196 3.04427 2.91624 2.82671 2.77351 2.68824 2.49482 1.95566 1.24152 1.03545 1.39974 1.77700 1.95065 2.03939 2.18800 2.31067 2.39679 2.42415 2.33786 2.19072 2.07553 2.02819 1.99866 1.88496 1.73401 1.65199 1.63009 1.60652 1.39306 0.74542 0.64356 0.57028 0.41137 0.41097 0.73808 1.58403 1.30370 1.05340 1.45705 1.64109 1.69388 1.73760 1.76562 1.68008 1.23005 0.79935 0.84044 0.51057 0.51908 0.71158 1.44061 1.62112 1.11484 0.65993 0.52102 0.33574 0.29571 0.36799 0.44810 0.49838 0.51368 0.55670 0.63224 0.79822 1.23434 1.34539
3.31612 3.19248 3.01448 2.85631 2.73793 2.67015 2.57069 1.98500 1.17854 0.73328 1.17511 1.68183 1.78551 1.93949 2.14894 2.34318 2.48191 2.47643 2.36812 2.21116 2.09098 2.08304 2.13826 1.97204 1.70714 1.59905 1.57833 1.46263 0.95193 0.65744 0.59394 0.57662 0.49819 0.51864 0.97473 1.69262 1.79176 1.69681 1.63648 1.53479 1.44516 1.47619 1.69944 1.72830 1.38565 0.77747 0.56307 0.45905 0.47209 0.39197 0.76457 1.60897 1.49907 0.78044 0.61486 0.40189 0.25044 0.30253 0.45439 0.53682 0.55287 0.57005 0.60950 0.79294 1.26490 1.32573
3.18446 3.17226 2.90072 2.75876 2.65179 2.60599 2.39995 1.92066 1.22517 0.48963 0.62170 1.19699 1.26877 1.31412 1.71526 2.24889 2.53880 2.50407 2.32210 2.10627 2.00656 2.05283 2.06682 1.77246 1.54671 1.39494 1.39135 1.15826 0.78466 0.61558 0.58750 0.58777 0.61141 1.25300 1.65882 1.73633 1.70800 1.50152 1.10808 0.75642 0.64624 0.63060 1.04306 1.58093 1.62556 1.10379 0.65020 0.51287 0.43671 0.33514 0.49334 1.42906 1.21924 0.70805 0.58471 0.38210 0.25677 0.33991 0.47950 0.56444 0.56893 0.57603 0.61778 0.85430 1.32630 1.32789
3.08028 3.11292 2.81364 2.67248 2.63454 2.40511 1.62837 1.45768 1.17131 0.46439 0.49654 1.16821 1.28220 0.54729 0.72161 1.77351 2.41197 2.48719 2.21326 1.91203 1.91983 1.97462 1.72374 1.40949 1.16221 1.16655 1.31435 1.11452 0.83683 0.70805 0.68010 0.74354 1.21470 1.69478 1.72186 1.70097 1.56495 1.04105 0.64441 0.49744 0.45010 0.49531 0.60374 0.87360 1.28781 1.31898 0.72840 0.59460 0.50309 0.38617 0.69303 1.35903 0.91727 0.62114 0.48792 0.28550 0.24602 0.37913 0.50856 0.58204 0.59243 0.58607 0.63925 1.06399 1.45314 1.41815
3.02422 2.77699 2.67250 2.66939 2.51850 1.75798 1.03160 0.92852 1.36251 1.42825 1.57801 1.76501 1.56817 0.55884 0.55889 1.21401 2.18386 2.30443 2.00246 1.69627 1.79218 1.79122 1.47438 1.07922 0.95030 1.21008 1.67444 1.50163 1.27992 1.26060 1.41719 1.50753 1.68175 1.74716 1.64566 1.51168 0.99275 0.65774 0.61902 0.51516 0.42552 0.49064 0.48261 0.48812 0.67658 1.46040 1.56806 1.43416 0.95709 0.69239 1.00339 1.33045 0.73748 0.54408 0.38426 0.20818 0.22646 0.34073 0.42656 0.49541 0.56800 0.60665 0.67854 1.10005 1.49338 1.44929
2.82351 2.57763 2.48611 2.52867 2.21353 1.32975 1.11220 0.99918 1.41306 1.54135 1.59306 1.65409 1.66721 1.32621 0.83193 1.13994 1.94911 2.10789 1.98710 1.79532 1.70264 1.70165 1.51744 1.14382 1.01175 1.29867 1.94711 1.89448 1.62067 1.65777 1.78018 1.83679 1.82440 1.71810 1.50985 0.92744 0.58790 0.59489 0.73502 0.71924 0.66557 0.56574 0.37142 0.32244 0.47700 1.13768 1.18690 1.33097 1.57586 1.29911 1.28137 1.28726 0.65436 0.48022 0.29861 0.16868 0.18918 0.30526 0.41781 0.45256 0.49010 0.59948 0.74484 1.16096 1.45646 1.41077
-99999.00000 -99999.00000 -99999.00000 -99999.00000 -99999.00000 -99999.00000 -99999.00000 -99999.00000 -99999.00000 -99999.00000 -99999.00000 -99999.00000 -99999.00000 -99999.00000 -99999.00000 -99999.00000 -99999.00000 -99999.00000 -99999.00000 -99999.00000 -99999.00000 -99999.00000 -99999.00000 -99999.00000 -99999.00000 -99999.00000 -99999.00000 -99999.00000 -99999.00000 -99999.00000 -99999.00000 -99999.00000 -99999.00000 -99999.00000 -99999.00000 -99999.00000 -99999.00000 -99999.00000 -99999.00000 -99999.00000 -99999.00000 -99999.00000 -99999.00000 -99999.00000 -99999.00000 -99999.00000 -99999.00000 -99999.00000 -99999.00000 -99999.00000 -99999.00000 -99999.00000 -99999.00000 -99999.00000 -99999.00000 -99999.00000 -99999.00000 -99999.00000 -99999.00000 -99999.00000 -99999.00000 -99999.00000 -99999.00000 -99999.00000 -99999.00000 -99999.00000
