mrvbf_slope0.6_pctl0.6.asc
NCOLS 410
NROWS 410
XLLCORNER 2398750.0000000000000000
YLLCORNER 2548750.0000000000000000
CELLSIZE 250.0000000000000000
NODATA_VALUE -99999.00000
[rows 261 to 289 of 410, columns 330 to 395 of 410]
4.14760 4.11999 4.04232 4.10615 4.20424 4.22961 3.91082 3.27285 2.87883 3.17253 3.52352 3.51564 3.66568 3.90970 4.18597 4.42191 4.56649 4.67038 4.76923 4.86830 4.97377 5.06850 5.12480 5.14067 5.12376 5.07330 5.00160 4.84332 4.68331 4.61463 4.61669 4.62772 4.59895 4.55945 4.51284 4.39823 3.65510 2.95256 3.65040 3.84770 3.30895 2.32453 2.19231 3.36114 4.34579 4.57273 4.58155 4.49993 4.44918 4.42354 4.42483 4.44225 4.45660 4.41999 4.36884 4.45237 4.54275 4.59983 4.61326 4.61581 4.65312 4.54389 4.49441 4.58127 4.84329 5.07128
4.22420 4.19347 4.05475 4.04540 4.10677 4.18673 4.02824 3.44029 2.83335 3.03398 3.59012 3.59927 3.60675 3.70355 3.87643 4.18409 4.46030 4.60585 4.72225 4.81695 4.92674 5.03184 5.09273 5.10680 5.08807 5.03681 4.92560 4.75387 4.62422 4.58729 4.62112 4.68022 4.72052 4.70329 4.65646 4.59121 4.34564 3.40931 3.43831 4.08530 4.20776 4.01891 4.11402 4.45414 4.59163 4.65797 4.65613 4.59053 4.53298 4.49655 4.47796 4.48250 4.48810 4.44611 4.34915 4.32613 4.44056 4.54676 4.63336 4.59345 4.58542 4.55406 4.53427 4.58549 4.73562 4.87715
4.17503 4.26656 4.12968 4.03155 4.01655 4.07421 3.90490 3.32115 2.83012 3.12247 3.81261 3.82969 3.69205 3.66443 3.67689 3.87869 4.31373 4.55408 4.68195 4.76867 4.87710 4.98933 5.05637 5.06720 5.04591 4.96394 4.79685 4.63903 4.56150 4.55547 4.58584 4.61106 4.66366 4.73418 4.75751 4.67845 4.50301 4.00571 3.82963 4.20622 4.36557 4.42956 4.50891 4.60449 4.64404 4.70318 4.75853 4.74005 4.65547 4.60535 4.57323 4.55358 4.53900 4.51510 4.49890 4.43692 4.44850 4.49367 4.54864 4.59692 4.57465 4.57549 4.59756 4.65556 4.75298 4.83002
4.07575 4.26903 4.16844 4.02721 3.92990 3.93482 3.65717 3.01732 2.73597 3.12216 3.90626 4.09552 3.95732 3.83924 3.63364 3.64750 4.12882 4.50917 4.64788 4.72512 4.82667 4.94137 5.01876 5.02659 5.00295 4.86577 4.68041 4.56988 4.52881 4.54577 4.56918 4.56297 4.56365 4.60901 4.68248 4.64565 4.48668 4.24771 4.26648 4.39045 4.44775 4.51913 4.56464 4.59311 4.62909 4.72331 4.89229 4.97078 4.84334 4.77106 4.72602 4.67693 4.64918 4.62627 4.57543 4.53677 4.51512 4.49006 4.46014 4.53418 4.60178 4.62404 4.67278 4.77635 4.87085 4.90726
3.98953 4.18556 4.13837 3.99358 3.80411 3.81637 3.51290 2.96445 2.55180 2.90438 3.73177 4.11619 4.10052 3.98761 3.66541 3.49280 3.89998 4.45658 4.61296 4.68651 4.77699 4.88812 4.98033 4.98991 4.96475 4.79230 4.61642 4.53145 4.52611 4.56860 4.60062 4.58945 4.55097 4.53925 4.57826 4.59008 4.49288 4.39276 4.42780 4.48059 4.49628 4.52726 4.54039 4.55724 4.61363 4.72437 4.92289 4.99020 4.92759 4.92657 4.91544 4.77104 4.64107 4.55835 4.52231 4.57260 4.56925 4.53862 4.44159 4.44515 4.56291 4.65281 4.75734 4.91109 4.97858 4.99298
3.86547 4.02733 4.03862 3.91027 3.61251 3.51569 3.29373 2.67437 2.50706 3.06141 3.83982 4.01762 4.04438 3.98961 3.75125 3.42358 3.61478 4.31293 4.55271 4.64641 4.73030 4.83056 4.93247 4.95899 4.93540 4.76092 4.59391 4.51416 4.53095 4.59823 4.66103 4.67346 4.63443 4.57943 4.56328 4.57532 4.54169 4.50653 4.50075 4.52311 4.51995 4.50039 4.48260 4.52150 4.60851 4.72536 4.83210 4.82934 4.86896 4.96827 4.93952 4.71061 4.54313 4.38955 4.38300 4.46351 4.55395 4.56027 4.46858 4.44901 4.54200 4.65586 4.82538 4.96551 4.98872 5.01220
3.68379 3.85927 3.88292 3.74335 3.39353 3.07093 2.90085 2.64130 2.82580 3.41384 3.73043 3.72899 3.79185 3.84121 3.82834 3.55154 3.47124 3.92108 4.43367 4.59322 4.68896 4.77288 4.86931 4.92584 4.91517 4.76997 4.61222 4.52071 4.50693 4.55454 4.61335 4.67328 4.70181 4.67278 4.63335 4.62716 4.61986 4.58922 4.55649 4.54766 4.54859 4.53015 4.45572 4.43283 4.54372 4.65626 4.68594 4.69300 4.77301 4.80653 4.69483 4.54854 4.30923 3.51049 3.48656 4.18801 4.50535 4.54988 4.53390 4.51633 4.54716 4.64379 4.76351 4.85559 4.93220 4.98213
3.60295 3.75537 3.72343 3.52127 3.21014 2.84984 2.67824 2.69854 2.88115 3.18267 3.37388 3.39196 3.45346 3.57837 3.73996 3.67690 3.57509 3.74268 4.22352 4.51120 4.63093 4.72115 4.80040 4.87007 4.89075 4.81474 4.67701 4.56416 4.50107 4.51395 4.56200 4.62016 4.68092 4.73111 4.73715 4.72105 4.71850 4.66625 4.60457 4.56816 4.55702 4.56040 4.52727 4.42611 4.43726 4.54965 4.57998 4.58760 4.61913 4.61303 4.55556 4.37489 3.48308 3.07700 2.61908 3.95173 4.50072 4.56240 4.58432 4.54225 4.54711 4.58687 4.62909 4.70615 4.81313 4.90292
3.72691 3.71699 3.60904 3.36507 3.06417 2.78521 2.62491 2.64977 2.80970 3.04518 3.22115 3.35542 3.37840 3.37377 3.54865 3.57810 3.62618 3.82913 4.07405 4.37536 4.54956 4.65402 4.73779 4.79644 4.83737 4.83301 4.76143 4.64628 4.55245 4.51952 4.54566 4.59653 4.65790 4.72921 4.79590 4.79745 4.80834 4.76407 4.68033 4.61809 4.58362 4.57479 4.56894 4.51592 4.43550 4.46107 4.50471 4.51188 4.50385 4.49096 4.46897 4.39575 3.91400 3.07597 3.63780 4.37911 4.50675 4.53412 4.54887 4.57070 4.62411 4.57493 4.57751 4.61847 4.69139 4.77511
3.71196 3.61671 3.48882 3.26572 2.96928 2.75052 2.66903 2.71974 2.90227 3.17366 3.46224 3.69399 3.48869 3.36186 3.53591 3.62178 3.66623 3.84483 4.00775 4.21728 4.43041 4.56511 4.63723 4.67955 4.71008 4.72812 4.72407 4.67326 4.59154 4.54574 4.55046 4.58819 4.63759 4.69037 4.73462 4.75049 4.79131 4.82036 4.75875 4.69120 4.64878 4.62941 4.61542 4.57913 4.50264 4.42398 4.43197 4.43117 4.39555 4.38617 4.41425 4.45624 4.43404 4.37609 4.41060 4.51374 4.54608 4.60127 4.62315 4.64715 4.63341 4.59444 4.57098 4.57431 4.62600 4.66257
3.50132 3.29978 3.27013 3.14016 2.87163 2.67971 2.66176 2.78140 3.01631 3.34266 3.64599 3.65200 3.46378 3.46400 3.64209 3.78093 3.81386 3.89757 4.01296 4.15666 4.30493 4.44513 4.52483 4.56036 4.57998 4.59416 4.59492 4.57684 4.54764 4.53804 4.55332 4.57966 4.60763 4.63124 4.64542 4.64913 4.67365 4.68880 4.62807 4.58920 4.59686 4.64303 4.70168 4.67435 4.61529 4.54827 4.51915 4.51527 4.49903 4.50006 4.52836 4.56800 4.59480 4.58720 4.56555 4.59873 4.66015 4.82857 4.92854 4.93347 4.73514 4.58574 4.57536 4.57696 4.56659 4.53783
3.31789 2.94244 2.95272 3.00159 2.76158 2.56637 2.57205 2.71606 2.94065 3.21836 3.44365 3.48535 3.47480 3.57607 3.77172 3.94472 3.99085 4.02684 4.10354 4.20058 4.28124 4.34832 4.40813 4.43624 4.45929 4.48574 4.50027 4.50186 4.51007 4.53636 4.55996 4.57016 4.57488 4.58013 4.58259 4.57355 4.56556 4.54631 4.49918 4.49449 4.53139 4.56201 4.59672 4.67586 4.79585 4.80909 4.76157 4.76772 4.75687 4.75574 4.76965 4.77427 4.83060 4.80486 4.73946 4.73097 4.88225 5.09532 5.09965 4.85725 4.63298 4.53154 4.52517 4.49513 4.44717 4.39949
3.11574 2.82420 2.70948 2.93465 2.68965 2.43720 2.43371 2.56494 2.75430 3.00075 3.25886 3.42293 3.53265 3.69139 3.87647 3.95282 3.99302 4.15832 4.24561 4.29158 4.32993 4.35736 4.38037 4.39634 4.42179 4.45450 4.48129 4.50083 4.52646 4.56165 4.57885 4.56361 4.54547 4.54109 4.54001 4.52339 4.48596 4.43178 4.42673 4.48195 4.53936 4.56608 4.56438 4.57216 4.64806 4.80279 4.98299 5.11125 5.15890 5.15566 5.12939 5.09661 5.13357 5.11957 5.05666 4.99332 5.02538 4.94787 4.76904 4.59052 4.47365 4.44345 4.43623 4.39952 4.35393 4.28397
3.30094 2.68427 2.58268 2.96277 2.64017 2.30705 2.28925 2.42287 2.61038 2.86388 3.18419 3.43729 3.60957 3.78022 3.95087 3.94206 4.03602 4.29505 4.34042 4.34190 4.36671 4.40103 4.44158 4.48182 4.50802 4.52252 4.53742 4.55708 4.58194 4.60505 4.60271 4.55470 4.51616 4.51002 4.51440 4.50064 4.45911 4.42702 4.43314 4.47246 4.52514 4.57752 4.60233 4.56548 4.56218 4.62433 4.73190 4.92125 5.08313 5.20229 5.26476 5.27944 5.28254 5.27013 5.19476 5.00152 4.77186 4.64633 4.54546 4.42262 4.37670 4.40223 4.33148 4.23838 4.18135 4.10093
2.99432 2.40074 2.50071 3.00333 2.53591 2.15340 2.14211 2.31778 2.55905 2.85722 3.21334 3.50325 3.69840 3.86001 4.10388 4.17543 4.08837 4.19736 4.28014 4.31688 4.35505 4.40700 4.47224 4.54030 4.57717 4.58977 4.59800 4.62115 4.63529 4.63949 4.60845 4.53746 4.48781 4.48798 4.51810 4.52381 4.48969 4.41286 4.27924 4.31627 4.42140 4.50934 4.57685 4.59667 4.57458 4.56532 4.59114 4.65486 4.77467 4.98767 5.17360 5.28384 5.33376 5.27023 5.05924 4.76497 4.62160 4.54069 4.44224 4.36450 4.38067 4.33584 4.19954 4.06452 4.00940 3.95633
2.35775 2.25845 2.72187 3.04570 2.36950 2.01175 2.04613 2.28751 2.59628 2.97559 3.33067 3.55952 3.74314 3.93828 4.20838 4.33893 4.25782 4.22020 4.25271 4.28785 4.31828 4.36555 4.42514 4.50071 4.56339 4.58564 4.60332 4.63451 4.64396 4.64784 4.58937 4.51836 4.47938 4.49052 4.52614 4.53415 4.45058 4.23099 4.14108 4.26358 4.34173 4.41781 4.50365 4.57910 4.62184 4.61409 4.58968 4.58487 4.62224 4.71234 4.90699 5.14563 5.27172 5.18873 4.88643 4.66431 4.57831 4.51806 4.44577 4.41181 4.39055 4.31304 4.22250 4.14700 4.09726 4.05688
2.68427 2.84083 3.34197 2.97941 2.17072 1.92629 2.04118 2.34602 2.70900 3.18526 3.50958 3.61101 3.70104 3.87288 4.16897 4.38156 4.37098 4.30902 4.28670 4.29236 4.30011 4.32105 4.34451 4.39584 4.46925 4.51369 4.54990 4.58440 4.61501 4.63569 4.56455 4.49431 4.46908 4.49692 4.52611 4.51337 4.37979 4.16503 4.29744 4.44791 4.41257 4.37293 4.41854 4.51878 4.59820 4.66562 4.65542 4.61523 4.60281 4.62247 4.70373 4.91243 5.15181 5.13823 4.82245 4.63120 4.55483 4.49622 4.43196 4.40522 4.36960 4.30511 4.27867 4.26985 4.24334 4.24677
3.93152 3.79183 3.40202 2.56777 2.05239 1.98724 2.16984 2.46099 2.84418 3.31976 3.60276 3.65649 3.67026 3.76146 3.89708 3.85320 4.28263 4.36190 4.30573 4.27163 4.28299 4.29886 4.30413 4.31476 4.37072 4.43711 4.48697 4.52291 4.55969 4.59533 4.53382 4.45353 4.44101 4.49854 4.53708 4.51267 4.38866 4.25378 4.36171 4.52686 4.52852 4.42485 4.37268 4.44813 4.52254 4.59917 4.63524 4.64350 4.63033 4.61874 4.64067 4.74553 4.99057 5.10805 4.81262 4.61449 4.52947 4.46450 4.39704 4.35135 4.29253 4.24773 4.27976 4.33850 4.37657 4.41457
4.24890 3.64317 2.79853 2.24808 2.12152 2.22283 2.39866 2.60744 2.92037 3.24299 3.43568 3.52575 3.61194 3.62002 3.21740 2.76038 3.49183 4.17555 4.22454 4.19983 4.21810 4.26944 4.33190 4.35272 4.37006 4.40679 4.44036 4.46302 4.49007 4.53081 4.48978 4.39228 4.42726 4.52436 4.54223 4.50628 4.43321 4.36488 4.39868 4.52317 4.60574 4.51755 4.41971 4.45026 4.50054 4.54481 4.57547 4.62641 4.65041 4.62969 4.62350 4.68410 4.87898 5.08169 4.82838 4.60558 4.50763 4.44296 4.35246 4.22248 4.10660 4.12629 4.26274 4.39793 4.47852 4.53356
3.92433 3.09912 2.44573 2.25364 2.34640 2.51930 2.67344 2.81504 2.97084 3.10952 3.19436 3.26143 3.37900 3.17713 2.55268 2.49836 2.73901 3.72940 4.13739 4.14559 4.17150 4.23732 4.33802 4.41218 4.42992 4.43092 4.42902 4.41975 4.40908 4.43607 4.42139 4.34421 4.43861 4.52157 4.50777 4.48487 4.46590 4.45801 4.45936 4.51890 4.60830 4.57014 4.45493 4.45211 4.52236 4.58786 4.59141 4.59463 4.62953 4.61508 4.60375 4.66992 4.87142 5.07341 4.83998 4.60453 4.49181 4.40669 4.22079 3.97422 3.88747 3.99626 4.25950 4.44538 4.52760 4.58888
3.45952 2.75885 2.42371 2.47026 2.69579 2.96155 3.07475 3.04786 3.01830 3.02301 3.03194 3.05349 3.16092 3.08463 2.71811 2.57073 2.91498 3.79892 4.11957 4.16081 4.19044 4.24191 4.32246 4.40181 4.45167 4.46012 4.44352 4.41749 4.36890 4.32820 4.30059 4.35284 4.47312 4.48218 4.45314 4.45375 4.48662 4.52638 4.52425 4.54683 4.62182 4.59239 4.46176 4.41551 4.49376 4.55797 4.56394 4.58097 4.59229 4.58176 4.60413 4.71386 4.95072 5.08467 4.84157 4.61103 4.47351 4.34254 4.04346 3.68927 3.63852 3.89164 4.28123 4.44757 4.52342 4.61137
3.21356 2.78841 2.63084 2.77682 3.13555 3.34797 3.27213 3.11646 3.00939 2.96433 2.95743 2.96492 3.06850 3.29578 3.35167 3.06206 3.33590 3.89634 4.13563 4.27052 4.26468 4.25242 4.33312 4.39337 4.43134 4.44868 4.43610 4.40902 4.36240 4.27296 4.24858 4.38815 4.43982 4.40368 4.40458 4.46296 4.53486 4.58825 4.57796 4.57179 4.62801 4.61801 4.47455 4.35703 4.43895 4.54503 4.57596 4.57343 4.56831 4.58057 4.65842 4.84936 5.05015 5.07922 4.85830 4.63749 4.47450 4.26433 3.89497 3.43983 3.34980 3.88076 4.32802 4.41312 4.51535 4.63570
3.21627 3.06524 3.02882 3.10276 3.24121 3.28018 3.18742 3.06159 2.97452 2.93538 2.93509 2.96160 3.03930 3.28649 3.53193 3.46541 3.56521 3.91517 4.22482 4.37555 4.34410 4.31281 4.34798 4.38552 4.40632 4.41175 4.39997 4.37429 4.34454 4.28530 4.28096 4.34931 4.35345 4.34965 4.43500 4.53479 4.59894 4.63004 4.61505 4.58282 4.60538 4.59668 4.49672 4.32157 4.35874 4.50081 4.54435 4.54211 4.56098 4.62960 4.79498 5.00413 5.10177 5.05061 4.87033 4.65343 4.47196 4.22034 3.90466 3.35929 3.14153 3.87639 4.31343 4.39813 4.52564 4.64198
3.36402 3.45181 3.58333 3.51798 3.37606 3.24943 3.13160 3.03228 2.97894 2.96376 2.96299 2.98706 3.05185 3.19541 3.37511 3.49007 3.61930 3.88795 4.21666 4.37959 4.39142 4.37445 4.36102 4.35745 4.37007 4.37707 4.36764 4.34943 4.33841 4.33454 4.34322 4.34803 4.37511 4.45278 4.53986 4.61357 4.64617 4.65636 4.62601 4.59198 4.60662 4.58556 4.48262 4.29137 4.32992 4.46801 4.49988 4.51986 4.58889 4.71846 4.93400 5.08314 5.10968 5.02034 4.85842 4.64233 4.44689 4.12901 3.80894 3.43301 3.39630 3.97582 4.31136 4.44237 4.54861 4.61117
3.70673 3.97282 4.15808 3.96122 3.60107 3.34999 3.20467 3.12261 3.08574 3.07971 3.07290 3.05569 3.08485 3.18325 3.30998 3.43440 3.57830 3.79044 4.08166 4.30057 4.38822 4.39885 4.38530 4.37255 4.37941 4.39690 4.40284 4.40298 4.40786 4.42792 4.45940 4.47758 4.51957 4.58569 4.62587 4.65014 4.67458 4.67449 4.61623 4.60127 4.63170 4.59032 4.44263 4.30437 4.38428 4.45824 4.47093 4.53889 4.65936 4.84821 5.02045 5.10345 5.11167 4.98504 4.82805 4.62788 4.42167 4.02421 3.65523 3.50349 3.74763 4.21885 4.40765 4.49163 4.51907 4.50041
4.20012 4.35281 4.32733 4.06984 3.71930 3.47958 3.36511 3.31810 3.27554 3.24365 3.21842 3.17554 3.15620 3.22720 3.33889 3.44029 3.55100 3.69974 3.92064 4.16012 4.31471 4.38795 4.42596 4.45109 4.46682 4.48412 4.49696 4.50762 4.51954 4.53918 4.57332 4.60294 4.62221 4.63385 4.65122 4.67913 4.70088 4.64743 4.59124 4.59315 4.62696 4.57430 4.43730 4.35629 4.41072 4.43621 4.47072 4.57061 4.73454 4.94903 5.06272 5.11596 5.08700 4.93943 4.79323 4.61211 4.39731 3.95719 3.57639 3.47215 3.72535 4.13979 4.31271 4.37158 4.37739 4.31116
4.43070 4.43024 4.21923 3.85445 3.63738 3.54955 3.52487 3.49512 3.40966 3.32355 3.25849 3.23104 3.25287 3.32629 3.41830 3.48705 3.55425 3.65262 3.80329 4.00367 4.20650 4.35977 4.45916 4.52127 4.54709 4.56335 4.56807 4.56794 4.57903 4.60110 4.63428 4.64496 4.64694 4.66588 4.69788 4.72655 4.68982 4.60378 4.55615 4.57159 4.59789 4.53325 4.40936 4.36133 4.40089 4.38658 4.43452 4.55455 4.73496 4.97367 5.06735 5.11652 5.03703 4.88413 4.73817 4.58461 4.35249 3.90772 3.56268 3.36358 3.43829 3.90353 4.24053 4.31355 4.30283 4.19578
4.44854 4.32047 3.89733 3.55651 3.52240 3.59441 3.64689 3.58289 3.43222 3.30420 3.23442 3.25262 3.34232 3.44652 3.53090 3.55993 3.58491 3.65617 3.76987 3.91179 4.10491 4.29814 4.43144 4.51465 4.57203 4.60493 4.60232 4.58370 4.57726 4.59430 4.62079 4.63304 4.65487 4.70564 4.74163 4.69263 4.61488 4.54916 4.53017 4.56790 4.59623 4.50834 4.35647 4.34303 4.46571 4.42805 4.34655 4.51870 4.71439 4.95811 5.06368 5.09882 4.97361 4.82425 4.67301 4.52469 4.21983 3.77722 3.56498 3.38628 3.33354 3.88994 4.35865 4.42337 4.39204 4.27374
4.26003 3.95300 3.49318 3.36753 3.49548 3.66714 3.71354 3.58062 3.38510 3.24398 3.19002 3.27907 3.44841 3.58037 3.65787 3.65168 3.63842 3.70139 3.82317 3.93244 4.06102 4.22229 4.36653 4.47933 4.55286 4.58004 4.58770 4.57487 4.54981 4.55023 4.57396 4.59294 4.62672 4.68694 4.69034 4.61405 4.54924 4.51604 4.54013 4.59768 4.61033 4.48727 4.33256 4.32621 4.43246 4.40256 4.39945 4.53346 4.71940 4.96507 5.05547 5.04684 4.90273 4.75314 4.61179 4.42688 3.92220 3.40206 3.40124 3.62965 3.72456 3.92392 4.23012 4.37001 4.38862 4.30113
