mrvbf_slope0.9_pctl0.7.asc
NCOLS 410
NROWS 410
XLLCORNER 2398750.0000000000000000
YLLCORNER 2548750.0000000000000000
CELLSIZE 250.0000000000000000
NODATA_VALUE -99999.00000
[rows 0 to 28 of 410, columns 132 to 197 of 410]
-99999.00000 -99999.00000 -99999.00000 -99999.00000 -99999.00000 -99999.00000 -99999.00000 -99999.00000 -99999.00000 -99999.00000 -99999.00000 -99999.00000 -99999.00000 -99999.00000 -99999.00000 -99999.00000 -99999.00000 -99999.00000 -99999.00000 -99999.00000 -99999.00000 -99999.00000 -99999.00000 -99999.00000 -99999.00000 -99999.00000 -99999.00000 -99999.00000 -99999.00000 -99999.00000 -99999.00000 -99999.00000 -99999.00000 -99999.00000 -99999.00000 -99999.00000 -99999.00000 -99999.00000 -99999.00000 -99999.00000 -99999.00000 -99999.00000 -99999.00000 -99999.00000 -99999.00000 -99999.00000 -99999.00000 -99999.00000 -99999.00000 -99999.00000 -99999.00000 -99999.00000 -99999.00000 -99999.00000 -99999.00000 -99999.00000 -99999.00000 -99999.00000 -99999.00000 -99999.00000 -99999.00000 -99999.00000 -99999.00000 -99999.00000 -99999.00000 -99999.00000
-99999.00000 -99999.00000 -99999.00000 -99999.00000 -99999.00000 -99999.00000 -99999.00000 -99999.00000 -99999.00000 -99999.00000 -99999.00000 -99999.00000 -99999.00000 -99999.00000 -99999.00000 -99999.00000 -99999.00000 -99999.00000 -99999.00000 -99999.00000 -99999.00000 -99999.00000 -99999.00000 -99999.00000 -99999.00000 -99999.00000 -99999.00000 -99999.00000 -99999.00000 -99999.00000 -99999.00000 -99999.00000 -99999.00000 -99999.00000 -99999.00000 -99999.00000 -99999.00000 -99999.00000 -99999.00000 -99999.00000 -99999.00000 -99999.00000 -99999.00000 -99999.00000 -99999.00000 -99999.00000 -99999.00000 -99999.00000 -99999.00000 -99999.00000 -99999.00000 -99999.00000 -99999.00000 -99999.00000 -99999.00000 -99999.00000 -99999.00000 -99999.00000 -99999.00000 -99999.00000 -99999.00000 -99999.00000 -99999.00000 -99999.00000 -99999.00000 -99999.00000
-99999.00000 -99999.00000 -99999.00000 -99999.00000 -99999.00000 -99999.00000 -99999.00000 -99999.00000 -99999.00000 -99999.00000 -99999.00000 -99999.00000 -99999.00000 -99999.00000 -99999.00000 -99999.00000 -99999.00000 -99999.00000 -99999.00000 -99999.00000 -99999.00000 -99999.00000 -99999.00000 -99999.00000 -99999.00000 -99999.00000 -99999.00000 -99999.00000 -99999.00000 -99999.00000 -99999.00000 -99999.00000 -99999.00000 -99999.00000 -99999.00000 -99999.00000 -99999.00000 -99999.00000 -99999.00000 -99999.00000 -99999.00000 -99999.00000 -99999.00000 -99999.00000 -99999.00000 -99999.00000 -99999.00000 -99999.00000 -99999.00000 -99999.00000 -99999.00000 -99999.00000 -99999.00000 -99999.00000 -99999.00000 -99999.00000 -99999.00000 -99999.00000 -99999.00000 -99999.00000 -99999.00000 -99999.00000 -99999.00000 -99999.00000 -99999.00000 -99999.00000
-99999.00000 -99999.00000 -99999.00000 -99999.00000 -99999.00000 -99999.00000 -99999.00000 -99999.00000 -99999.00000 -99999.00000 -99999.00000 -99999.00000 -99999.00000 -99999.00000 -99999.00000 -99999.00000 -99999.00000 -99999.00000 -99999.00000 -99999.00000 -99999.00000 -99999.00000 -99999.00000 -99999.00000 -99999.00000 -99999.00000 -99999.00000 -99999.00000 -99999.00000 -99999.00000 -99999.00000 -99999.00000 -99999.00000 -99999.00000 -99999.00000 -99999.00000 -99999.00000 -99999.00000 -99999.00000 -99999.00000 -99999.00000 -99999.00000 -99999.00000 -99999.00000 -99999.00000 -99999.00000 -99999.00000 -99999.00000 -99999.00000 -99999.00000 -99999.00000 -99999.00000 -99999.00000 -99999.00000 -99999.00000 -99999.00000 -99999.00000 -99999.00000 -99999.00000 -99999.00000 -99999.00000 -99999.00000 -99999.00000 -99999.00000 -99999.00000 -99999.00000
-99999.00000 -99999.00000 -99999.00000 -99999.00000 -99999.00000 -99999.00000 -99999.00000 -99999.00000 -99999.00000 -99999.00000 -99999.00000 -99999.00000 -99999.00000 -99999.00000 -99999.00000 -99999.00000 -99999.00000 -99999.00000 -99999.00000 -99999.00000 -99999.00000 -99999.00000 -99999.00000 -99999.00000 -99999.00000 -99999.00000 -99999.00000 -99999.00000 -99999.00000 -99999.00000 -99999.00000 -99999.00000 -99999.00000 -99999.00000 -99999.00000 -99999.00000 -99999.00000 -99999.00000 -99999.00000 -99999.00000 -99999.00000 -99999.00000 -99999.00000 -99999.00000 -99999.00000 -99999.00000 -99999.00000 -99999.00000 -99999.00000 -99999.00000 -99999.00000 -99999.00000 -99999.00000 -99999.00000 -99999.00000 -99999.00000 -99999.00000 -99999.00000 -99999.00000 -99999.00000 -99999.00000 -99999.00000 -99999.00000 -99999.00000 -99999.00000 -99999.00000
7.75776 7.73714 7.75428 7.76171 7.76197 7.76625 7.77147 7.76260 7.74333 7.74148 7.74501 7.75692 7.75823 7.74568 7.74572 7.75174 7.76186 7.76094 7.75221 7.74180 7.74500 7.75806 7.75043 7.71470 -99999.00000 -99999.00000 -99999.00000 -99999.00000 -99999.00000 -99999.00000 -99999.00000 -99999.00000 -99999.00000 -99999.00000 -99999.00000 -99999.00000 -99999.00000 -99999.00000 -99999.00000 -99999.00000 -99999.00000 -99999.00000 -99999.00000 -99999.00000 -99999.00000 -99999.00000 -99999.00000 -99999.00000 -99999.00000 -99999.00000 -99999.00000 -99999.00000 -99999.00000 -99999.00000 -99999.00000 -99999.00000 -99999.00000 -99999.00000 -99999.00000 -99999.00000 -99999.00000 -99999.00000 -99999.00000 -99999.00000 -99999.00000 -99999.00000
7.76132 7.74430 7.75691 7.76587 7.76149 7.76844 7.76994 7.76397 7.75136 7.74991 7.75289 7.75771 7.75596 7.75544 7.75772 7.75982 7.76275 7.76147 7.75716 7.74899 7.74271 7.74819 7.75027 7.72034 7.65622 -99999.00000 -99999.00000 -99999.00000 -99999.00000 -99999.00000 -99999.00000 -99999.00000 -99999.00000 -99999.00000 -99999.00000 -99999.00000 -99999.00000 -99999.00000 -99999.00000 -99999.00000 -99999.00000 -99999.00000 -99999.00000 -99999.00000 -99999.00000 -99999.00000 -99999.00000 -99999.00000 -99999.00000 -99999.00000 -99999.00000 -99999.00000 -99999.00000 -99999.00000 -99999.00000 -99999.00000 -99999.00000 -99999.00000 -99999.00000 -99999.00000 -99999.00000 -99999.00000 -99999.00000 -99999.00000 -99999.00000 -99999.00000
7.75534 7.74662 7.75182 7.76156 7.76132 7.77116 7.77473 7.76973 7.76561 7.75946 7.75135 7.75299 7.75693 7.75201 7.75492 7.75767 7.75995 7.76020 7.75708 7.74987 7.73963 7.73901 7.74933 7.72889 7.62573 7.57315 7.63954 7.66542 -99999.00000 -99999.00000 -99999.00000 -99999.00000 -99999.00000 -99999.00000 -99999.00000 -99999.00000 -99999.00000 -99999.00000 -99999.00000 -99999.00000 -99999.00000 -99999.00000 -99999.00000 -99999.00000 -99999.00000 -99999.00000 -99999.00000 -99999.00000 -99999.00000 -99999.00000 -99999.00000 -99999.00000 -99999.00000 -99999.00000 -99999.00000 -99999.00000 -99999.00000 -99999.00000 -99999.00000 -99999.00000 -99999.00000 -99999.00000 -99999.00000 -99999.00000 -99999.00000 -99999.00000
7.76335 7.75021 7.75127 7.75393 7.75655 7.76321 7.77001 7.76753 7.76400 7.75596 7.74194 7.74929 7.75333 7.75009 7.75509 7.76090 7.75789 7.75805 7.75526 7.74549 7.74561 7.73715 7.73203 7.72688 7.66408 7.57745 7.59154 7.58371 7.46100 7.54436 7.65540 -99999.00000 -99999.00000 -99999.00000 -99999.00000 -99999.00000 -99999.00000 -99999.00000 -99999.00000 -99999.00000 -99999.00000 -99999.00000 -99999.00000 -99999.00000 -99999.00000 -99999.00000 -99999.00000 -99999.00000 -99999.00000 -99999.00000 -99999.00000 -99999.00000 -99999.00000 -99999.00000 -99999.00000 -99999.00000 -99999.00000 -99999.00000 -99999.00000 -99999.00000 -99999.00000 -99999.00000 -99999.00000 -99999.00000 -99999.00000 -99999.00000
7.76947 7.77053 7.76223 7.75335 7.75454 7.76047 7.76666 7.76866 7.76577 7.75948 7.74009 7.74130 7.74936 7.75410 7.76250 7.76550 7.76075 7.76057 7.76283 7.75072 7.74269 7.73952 7.73473 7.72545 7.71001 7.64233 7.53890 7.53721 7.55583 7.63440 7.67925 7.67204 7.63684 -99999.00000 -99999.00000 -99999.00000 -99999.00000 -99999.00000 -99999.00000 -99999.00000 -99999.00000 -99999.00000 -99999.00000 -99999.00000 -99999.00000 -99999.00000 -99999.00000 -99999.00000 -99999.00000 -99999.00000 -99999.00000 -99999.00000 -99999.00000 -99999.00000 -99999.00000 -99999.00000 -99999.00000 -99999.00000 -99999.00000 -99999.00000 -99999.00000 -99999.00000 -99999.00000 -99999.00000 -99999.00000 -99999.00000
7.77325 7.77601 7.76950 7.75791 7.75904 7.76123 7.75962 7.76714 7.76253 7.75472 7.73900 7.74156 7.74988 7.75423 7.75905 7.76315 7.75848 7.76011 7.76804 7.76280 7.75297 7.74459 7.73439 7.73233 7.71399 7.64801 7.60509 7.57294 7.60178 7.63351 7.68630 7.66656 7.58573 7.47524 7.58499 -99999.00000 -99999.00000 -99999.00000 -99999.00000 -99999.00000 -99999.00000 -99999.00000 -99999.00000 -99999.00000 -99999.00000 -99999.00000 -99999.00000 -99999.00000 -99999.00000 -99999.00000 -99999.00000 -99999.00000 -99999.00000 -99999.00000 -99999.00000 -99999.00000 -99999.00000 -99999.00000 -99999.00000 -99999.00000 -99999.00000 -99999.00000 -99999.00000 -99999.00000 -99999.00000 -99999.00000
7.77395 7.77612 7.76838 7.75962 7.75591 7.75658 7.75058 7.75832 7.76064 7.74645 7.73928 7.74620 7.75002 7.75017 7.75323 7.75488 7.75656 7.75642 7.76372 7.76513 7.76360 7.75802 7.74312 7.73529 7.72860 7.67937 7.59205 7.59279 7.61269 7.61319 7.63314 7.65255 7.62884 7.50643 7.48124 7.60715 7.66479 -99999.00000 -99999.00000 -99999.00000 -99999.00000 -99999.00000 -99999.00000 -99999.00000 -99999.00000 -99999.00000 -99999.00000 -99999.00000 -99999.00000 -99999.00000 -99999.00000 -99999.00000 -99999.00000 -99999.00000 -99999.00000 -99999.00000 -99999.00000 -99999.00000 -99999.00000 -99999.00000 -99999.00000 -99999.00000 -99999.00000 -99999.00000 -99999.00000 -99999.00000
7.75880 7.76358 7.75420 7.75967 7.75489 7.74931 7.74862 7.74992 7.75320 7.74401 7.74276 7.74394 7.74370 7.74449 7.74760 7.74587 7.73761 7.74558 7.75575 7.76077 7.75809 7.75648 7.74316 7.73275 7.73595 7.72752 7.66791 7.58229 7.57911 7.61124 7.59812 7.61181 7.62342 7.57473 7.51916 7.52084 7.63033 7.67551 7.66686 -99999.00000 -99999.00000 -99999.00000 -99999.00000 -99999.00000 -99999.00000 -99999.00000 -99999.00000 -99999.00000 -99999.00000 -99999.00000 -99999.00000 -99999.00000 -99999.00000 -99999.00000 -99999.00000 -99999.00000 -99999.00000 -99999.00000 -99999.00000 -99999.00000 -99999.00000 -99999.00000 -99999.00000 -99999.00000 -99999.00000 -99999.00000
7.73712 7.73539 7.74881 7.75099 7.76047 7.75443 7.75577 7.76002 7.75182 7.74873 7.74090 7.74515 7.74796 7.74840 7.74245 7.70685 7.66768 7.70735 7.73611 7.74730 7.75253 7.75520 7.74231 7.73392 7.74116 7.74348 7.72778 7.67822 7.58955 7.58598 7.63215 7.59225 7.57317 7.57368 7.60074 7.56492 7.59859 7.65207 7.66997 7.66739 -99999.00000 -99999.00000 -99999.00000 -99999.00000 -99999.00000 -99999.00000 -99999.00000 -99999.00000 -99999.00000 -99999.00000 -99999.00000 -99999.00000 -99999.00000 -99999.00000 -99999.00000 -99999.00000 -99999.00000 -99999.00000 -99999.00000 -99999.00000 -99999.00000 -99999.00000 -99999.00000 -99999.00000 -99999.00000 -99999.00000
7.74723 7.73486 7.73477 7.75839 7.76836 7.76330 7.76251 7.75275 7.74772 7.74759 7.74057 7.74671 7.74830 7.74537 7.72425 7.67267 7.68146 7.66850 7.71684 7.74092 7.75195 7.75409 7.74856 7.73974 7.74108 7.74578 7.74131 7.73136 7.68833 7.61801 7.59631 7.64365 7.61091 7.54361 7.55996 7.59441 7.59571 7.60102 7.64640 7.65493 7.61614 7.56874 -99999.00000 -99999.00000 -99999.00000 -99999.00000 -99999.00000 -99999.00000 -99999.00000 -99999.00000 -99999.00000 -99999.00000 -99999.00000 -99999.00000 -99999.00000 -99999.00000 -99999.00000 -99999.00000 -99999.00000 -99999.00000 -99999.00000 -99999.00000 -99999.00000 -99999.00000 -99999.00000 -99999.00000
7.74964 7.75459 7.75432 7.75400 7.76199 7.75689 7.75694 7.73201 7.72003 7.73206 7.74001 7.74965 7.74918 7.74765 7.73852 7.71063 7.68204 7.71945 7.73558 7.73849 7.74923 7.75037 7.75146 7.74812 7.74938 7.74709 7.74480 7.74437 7.73258 7.67150 7.55775 7.58256 7.49875 7.52242 7.56717 7.65024 7.65124 7.59952 7.61874 7.62904 7.63604 7.63166 7.63839 -99999.00000 -99999.00000 -99999.00000 -99999.00000 -99999.00000 -99999.00000 -99999.00000 -99999.00000 -99999.00000 -99999.00000 -99999.00000 -99999.00000 -99999.00000 -99999.00000 -99999.00000 -99999.00000 -99999.00000 -99999.00000 -99999.00000 -99999.00000 -99999.00000 -99999.00000 -99999.00000
7.75755 7.75723 7.75843 7.75226 7.75392 7.75331 7.74292 7.71887 7.69590 7.71212 7.74416 7.75007 7.74619 7.74765 7.74686 7.73832 7.73370 7.75481 7.75284 7.75007 7.74832 7.75032 7.74988 7.74542 7.74563 7.74544 7.74804 7.74795 7.74285 7.71276 7.62209 7.45193 7.54039 7.47878 7.63175 7.68958 7.66576 7.59286 7.58271 7.60841 7.63617 7.65442 7.66030 7.65272 7.62088 -99999.00000 -99999.00000 -99999.00000 -99999.00000 -99999.00000 -99999.00000 -99999.00000 -99999.00000 -99999.00000 -99999.00000 -99999.00000 -99999.00000 -99999.00000 -99999.00000 -99999.00000 -99999.00000 -99999.00000 -99999.00000 -99999.00000 -99999.00000 -99999.00000
7.75488 7.75513 7.74970 7.73750 7.74584 7.73271 7.73263 7.70103 7.70385 7.71995 7.74559 7.74171 7.74275 7.74571 7.74427 7.74762 7.75200 7.76189 7.76004 7.75638 7.75585 7.75659 7.74680 7.74487 7.74442 7.74066 7.74512 7.74210 7.74353 7.72682 7.70141 7.62529 7.53048 7.61823 7.64510 7.64821 7.63841 7.63582 7.57343 7.57885 7.58101 7.61221 7.64679 7.62054 7.57442 7.57466 7.53778 -99999.00000 -99999.00000 -99999.00000 -99999.00000 -99999.00000 -99999.00000 -99999.00000 -99999.00000 -99999.00000 -99999.00000 -99999.00000 -99999.00000 -99999.00000 -99999.00000 -99999.00000 -99999.00000 -99999.00000 -99999.00000 -99999.00000
7.75157 7.75177 7.75434 7.74955 7.74322 7.73665 7.72635 7.69039 7.69799 7.73461 7.74704 7.74380 7.74640 7.74408 7.74930 7.75404 7.75709 7.76473 7.76615 7.75844 7.75604 7.75429 7.74495 7.74710 7.74965 7.75060 7.74773 7.73587 7.73310 7.72544 7.72446 7.72047 7.67942 7.65825 7.63764 7.57415 7.61559 7.63555 7.62167 7.63499 7.60881 7.59089 7.60698 7.59157 7.55740 7.54210 7.58869 7.54479 7.46671 -99999.00000 -99999.00000 -99999.00000 -99999.00000 -99999.00000 -99999.00000 -99999.00000 -99999.00000 -99999.00000 -99999.00000 -99999.00000 -99999.00000 -99999.00000 -99999.00000 -99999.00000 -99999.00000 -99999.00000
7.74938 7.75502 7.75766 7.75646 7.74484 7.73513 7.70302 7.70507 7.68868 7.72356 7.74386 7.74469 7.74966 7.74333 7.75083 7.75377 7.75448 7.76068 7.76251 7.76106 7.75945 7.75258 7.75215 7.74899 7.74862 7.75091 7.74716 7.74717 7.74324 7.74195 7.74217 7.73844 7.72637 7.68488 7.57854 7.58736 7.56031 7.61719 7.64091 7.64560 7.66384 7.64959 7.63387 7.63216 7.58931 7.55992 7.59993 7.59815 7.57990 7.64853 7.68833 -99999.00000 -99999.00000 -99999.00000 -99999.00000 -99999.00000 -99999.00000 -99999.00000 -99999.00000 -99999.00000 -99999.00000 -99999.00000 -99999.00000 -99999.00000 -99999.00000 -99999.00000
7.74609 7.75599 7.74847 7.75047 7.75055 7.74608 7.72889 7.69792 7.70549 7.70310 7.72264 7.72812 7.74299 7.74061 7.73505 7.73584 7.74597 7.75478 7.75795 7.75792 7.76082 7.75984 7.75500 7.75230 7.74508 7.74508 7.75333 7.75812 7.75655 7.75398 7.74641 7.73958 7.73362 7.72233 7.65926 7.57830 7.63789 7.60622 7.62136 7.64396 7.67516 7.66912 7.67053 7.66530 7.60802 7.56712 7.59883 7.60756 7.61672 7.61745 7.66538 7.67462 -99999.00000 -99999.00000 -99999.00000 -99999.00000 -99999.00000 -99999.00000 -99999.00000 -99999.00000 -99999.00000 -99999.00000 -99999.00000 -99999.00000 -99999.00000 -99999.00000
7.75045 7.75641 7.74841 7.74713 7.74719 7.74650 7.74686 7.72415 7.70273 7.71090 7.72159 7.72001 7.72355 7.73751 7.72495 7.72446 7.73142 7.74867 7.75510 7.75644 7.75687 7.75620 7.75211 7.74329 7.73829 7.74513 7.75730 7.76217 7.75986 7.75561 7.75147 7.74710 7.74440 7.73543 7.70841 7.66615 7.67552 7.59035 7.58561 7.56163 7.63369 7.64678 7.65857 7.65125 7.63577 7.57237 7.58015 7.60186 7.59125 7.58181 7.62237 7.64429 7.57353 7.48885 -99999.00000 -99999.00000 -99999.00000 -99999.00000 -99999.00000 -99999.00000 -99999.00000 -99999.00000 -99999.00000 -99999.00000 -99999.00000 -99999.00000
7.74712 7.75073 7.75485 7.74961 7.75393 7.75264 7.75181 7.73545 7.70767 7.69576 7.72048 7.72525 7.71894 7.72913 7.72552 7.72564 7.73296 7.73970 7.74080 7.74670 7.75473 7.75251 7.75152 7.74560 7.73599 7.73973 7.75014 7.75484 7.75761 7.75877 7.75981 7.75468 7.74864 7.72675 7.69750 7.63801 7.65170 7.62185 7.54307 7.59749 7.58808 7.57894 7.61544 7.56396 7.61156 7.59857 7.55782 7.58159 7.56942 7.59220 7.54659 7.58181 7.55720 7.52364 7.41836 -99999.00000 -99999.00000 -99999.00000 -99999.00000 -99999.00000 -99999.00000 -99999.00000 -99999.00000 -99999.00000 -99999.00000 -99999.00000
7.75324 7.74753 7.75197 7.74487 7.74768 7.74708 7.74077 7.74422 7.73243 7.70510 7.70467 7.70826 7.72327 7.73849 7.72689 7.73148 7.74500 7.74062 7.73910 7.73677 7.74716 7.75238 7.75504 7.74941 7.73089 7.72707 7.74253 7.74736 7.75799 7.75546 7.75441 7.75097 7.74485 7.72621 7.71269 7.67439 7.62379 7.65604 7.60599 7.58718 7.57472 7.59951 7.63206 7.58954 7.55578 7.58353 7.54295 7.53835 7.52772 7.51138 7.48436 7.47903 7.47416 7.46557 7.54061 7.62160 -99999.00000 -99999.00000 -99999.00000 -99999.00000 -99999.00000 -99999.00000 -99999.00000 -99999.00000 -99999.00000 -99999.00000
7.75671 7.75616 7.75629 7.74651 7.74602 7.74728 7.74622 7.75314 7.75492 7.74489 7.72943 7.71572 7.73465 7.73776 7.74446 7.74265 7.74787 7.74049 7.73607 7.73877 7.75297 7.75509 7.75064 7.74872 7.74214 7.73740 7.74420 7.75346 7.75752 7.75371 7.74433 7.74251 7.73900 7.71899 7.71057 7.71903 7.69970 7.68123 7.62107 7.54482 7.52263 7.53702 7.62244 7.56506 7.54425 7.48903 7.54767 7.52140 7.45407 7.26421 7.00475 7.18405 7.28864 7.48515 7.61172 7.62538 7.65248 -99999.00000 -99999.00000 -99999.00000 -99999.00000 -99999.00000 -99999.00000 -99999.00000 -99999.00000 -99999.00000
7.75856 7.76221 7.75950 7.74267 7.74113 7.74647 7.74813 7.74815 7.75709 7.75853 7.74969 7.74145 7.73835 7.74054 7.75592 7.75448 7.74308 7.75251 7.74690 7.74297 7.74690 7.75148 7.75206 7.74533 7.74183 7.74436 7.75070 7.75446 7.75433 7.75097 7.74346 7.73973 7.73661 7.70505 7.70021 7.71827 7.71723 7.69309 7.61366 7.47034 7.49868 7.49261 7.58297 7.58639 7.44764 7.31773 7.40158 7.45894 7.39074 6.93111 6.40045 6.93889 7.35861 7.55948 7.62604 7.65877 7.66412 7.68871 7.70234 -99999.00000 -99999.00000 -99999.00000 -99999.00000 -99999.00000 -99999.00000 -99999.00000
7.76184 7.75177 7.74783 7.74412 7.74546 7.74934 7.74655 7.73212 7.73564 7.75135 7.74385 7.73073 7.72808 7.73207 7.75207 7.75149 7.72936 7.74485 7.74054 7.73815 7.74154 7.74722 7.74848 7.74130 7.74572 7.75259 7.75569 7.75396 7.75209 7.75172 7.74343 7.73574 7.71235 7.65849 7.68378 7.68990 7.67846 7.68243 7.64844 7.58271 7.48488 7.49153 7.47749 7.54966 7.42657 7.37376 7.45196 7.35842 6.95607 6.76267 6.74624 6.86310 7.50340 7.63226 7.66693 7.67129 7.68599 7.69668 7.70609 7.70918 -99999.00000 -99999.00000 -99999.00000 -99999.00000 -99999.00000 -99999.00000
7.75958 7.75430 7.73244 7.73869 7.73821 7.74915 7.73982 7.71831 7.68865 7.71449 7.73099 7.71869 7.71849 7.73039 7.74364 7.71586 7.66621 7.70358 7.73413 7.74013 7.74360 7.74007 7.73728 7.74014 7.75387 7.75732 7.75920 7.75649 7.75577 7.75362 7.74994 7.73384 7.68383 7.66533 7.64428 7.65529 7.65564 7.64504 7.66571 7.65397 7.54296 7.37176 7.40984 7.36977 7.55091 7.55499 7.49923 7.12778 7.07230 7.36906 7.18687 7.10278 7.56966 7.65418 7.67264 7.68382 7.69023 7.70087 7.70809 7.71635 7.72333 7.72379 -99999.00000 -99999.00000 -99999.00000 -99999.00000
7.75979 7.75488 7.74254 7.73538 7.74615 7.74405 7.73937 7.69469 7.69674 7.68082 7.71258 7.72054 7.70959 7.72765 7.73346 7.67495 7.67894 7.66412 7.72474 7.73865 7.73943 7.74278 7.74091 7.74872 7.75503 7.75877 7.75842 7.75759 7.75611 7.75700 7.75023 7.73528 7.69784 7.66691 7.69066 7.69586 7.65183 7.68273 7.69165 7.65276 7.52317 7.38396 7.33748 7.01208 7.44542 7.58616 7.52401 7.16243 7.46667 7.51099 7.28705 6.92303 7.56826 7.65375 7.67851 7.69760 7.69020 7.68217 7.69828 7.72079 7.72626 7.71929 7.70019 -99999.00000 -99999.00000 -99999.00000
