mrvbf_slope0.6_pctl0.6.asc
NCOLS 410
NROWS 410
XLLCORNER 2398750.0000000000000000
YLLCORNER 2548750.0000000000000000
CELLSIZE 250.0000000000000000
NODATA_VALUE -99999.00000
[rows 261 to 289 of 410, columns 66 to 131 of 410]
4.36962 4.35769 4.43071 4.49651 4.41560 4.38178 4.41725 4.17543 3.84154 3.91685 4.21184 4.12468 3.97035 4.09962 4.26650 4.38530 4.41178 4.35236 4.33126 4.43323 4.55747 4.51274 4.42282 4.42923 4.49607 4.40429 4.39388 4.42425 4.33032 4.29314 4.33180 4.36738 4.34821 4.38634 4.43874 4.38123 4.36674 4.49182 4.40839 4.43420 4.52026 4.59976 4.63327 4.62159 4.63266 4.52086 4.29199 4.07357 4.00455 4.09149 4.27083 4.40956 4.37537 4.35577 4.39990 4.51872 4.57783 4.57754 4.57634 4.62574 4.62170 4.59760 4.61711 4.64260 4.58938 4.56436
4.47254 4.51253 4.53632 4.53063 4.43265 4.33045 4.28786 4.01349 3.75193 3.85276 4.17276 4.22626 4.12093 4.20632 4.31118 4.37493 4.38406 4.33699 4.30502 4.38307 4.50002 4.44128 4.40094 4.47891 4.47139 4.43569 4.41833 4.46477 4.44172 4.40090 4.41352 4.45358 4.42633 4.40894 4.47385 4.49500 4.43877 4.50951 4.46288 4.50980 4.60857 4.65439 4.67339 4.72657 4.75324 4.65648 4.48707 4.27933 4.21306 4.19025 4.18547 4.45934 4.38952 4.48343 4.56868 4.60430 4.64240 4.65751 4.71292 4.72315 4.73481 4.73830 4.75756 4.73702 4.67289 4.57132
4.51333 4.54988 4.57163 4.54937 4.43768 4.25817 4.08306 3.83449 3.65614 3.89258 4.23881 4.05770 4.13246 4.28858 4.36602 4.41792 4.43438 4.39231 4.31588 4.31473 4.41096 4.43252 4.43199 4.46480 4.48566 4.45272 4.36738 4.41538 4.50218 4.47732 4.47450 4.49370 4.49308 4.43321 4.46109 4.56023 4.52303 4.56173 4.52023 4.51969 4.61990 4.73557 4.73696 4.74594 4.77591 4.72809 4.59715 4.51206 4.49812 4.35767 4.28952 4.49258 4.49031 4.56590 4.68151 4.68620 4.64681 4.60425 4.62012 4.63944 4.69618 4.77177 4.79783 4.73632 4.64570 4.64611
4.50717 4.54688 4.56749 4.49675 4.36816 4.17969 3.95354 3.71752 3.68664 4.13163 4.06857 3.99654 4.15110 4.28178 4.37631 4.45679 4.50415 4.48536 4.39770 4.31229 4.29802 4.34276 4.44515 4.51282 4.47935 4.43010 4.41879 4.38426 4.42513 4.42510 4.39560 4.39168 4.40759 4.41005 4.47520 4.57255 4.54325 4.58179 4.56089 4.51589 4.59444 4.74456 4.73844 4.78684 4.90080 4.86786 4.65529 4.59115 4.61706 4.43161 4.35119 4.53471 4.52489 4.62331 4.72142 4.86193 4.81329 4.65825 4.62917 4.69562 4.68289 4.68537 4.73155 4.72959 4.64396 4.67093
4.44931 4.52066 4.53720 4.43132 4.26884 4.13063 3.97528 3.77182 3.93328 4.22737 4.02503 3.97341 4.19916 4.36807 4.45082 4.51167 4.56399 4.57160 4.50735 4.41918 4.33677 4.31619 4.36950 4.42055 4.45385 4.48628 4.49560 4.49616 4.45706 4.37391 4.34604 4.39340 4.44027 4.46741 4.53368 4.55308 4.54384 4.63724 4.61179 4.53370 4.58098 4.70181 4.73736 4.91498 5.11641 5.02658 4.72190 4.63048 4.63564 4.46061 4.40873 4.56807 4.57600 4.65775 4.78265 4.88148 4.73739 4.64576 4.65954 4.63284 4.54476 4.56907 4.59441 4.57197 4.57068 4.68237
4.37548 4.46971 4.49913 4.39066 4.17892 4.05325 3.95118 3.84251 4.11432 4.18737 3.91836 3.85861 4.17110 4.44547 4.54963 4.58693 4.61895 4.63467 4.59589 4.53163 4.48852 4.47753 4.45388 4.43286 4.46373 4.53125 4.56385 4.57642 4.49817 4.42852 4.45663 4.51162 4.54676 4.57487 4.60191 4.54507 4.54026 4.63732 4.61627 4.53888 4.58436 4.70738 4.77452 4.99297 5.14268 4.99995 4.75032 4.66254 4.62533 4.48834 4.46534 4.59441 4.62652 4.67578 4.75564 4.69771 4.59749 4.53938 4.51217 4.45983 4.43055 4.52386 4.52253 4.48489 4.51904 4.59428
4.27925 4.41755 4.48585 4.37149 4.09972 3.91441 3.81874 3.85167 4.18895 4.17070 3.78012 3.70263 4.05940 4.42775 4.57115 4.62017 4.64863 4.64924 4.63190 4.59803 4.56648 4.54786 4.52887 4.48376 4.47086 4.54438 4.62640 4.60759 4.49316 4.46118 4.54408 4.58123 4.58573 4.58599 4.59069 4.54254 4.52533 4.58750 4.55819 4.50872 4.58745 4.68448 4.71417 4.84306 4.98663 4.87950 4.74918 4.68127 4.61049 4.50892 4.50562 4.60195 4.57902 4.59678 4.63679 4.60477 4.52799 4.48442 4.41087 4.38181 4.42725 4.45498 4.43987 4.48423 4.51306 4.51693
4.16682 4.28296 4.39701 4.29439 4.00880 3.81995 3.69752 3.84252 4.25150 4.14390 3.75959 3.70494 3.94595 4.31239 4.51411 4.60141 4.62735 4.62548 4.59385 4.55223 4.54641 4.55462 4.51175 4.44649 4.46375 4.56748 4.63975 4.58053 4.47408 4.45598 4.54262 4.57334 4.59473 4.59366 4.57381 4.52957 4.50850 4.54125 4.49613 4.48226 4.58937 4.63067 4.64790 4.71838 4.86351 4.86852 4.75800 4.68263 4.61370 4.53522 4.52302 4.54058 4.50191 4.57170 4.60028 4.54576 4.44100 4.33407 4.35037 4.45349 4.50402 4.48153 4.47659 4.53296 4.54619 4.51417
3.90915 4.05085 4.14293 4.13772 3.90650 3.71517 3.62573 3.87191 4.28982 4.07760 3.73430 3.74618 3.93494 4.20511 4.43364 4.52699 4.56055 4.55218 4.49311 4.43357 4.43659 4.48812 4.44249 4.34119 4.37220 4.49920 4.53593 4.47617 4.38701 4.41072 4.49977 4.52942 4.55858 4.56550 4.55084 4.50850 4.46737 4.45753 4.42765 4.46064 4.55887 4.57921 4.56657 4.57183 4.64261 4.70374 4.70714 4.67399 4.60763 4.55083 4.58450 4.51301 4.56510 4.66233 4.65647 4.53096 4.36098 4.33603 4.47061 4.56323 4.61070 4.61722 4.58019 4.53177 4.51832 4.51721
3.89588 3.87186 3.81592 3.87005 3.73738 3.59257 3.56669 3.87203 4.27500 4.01797 3.59572 3.60035 3.88753 4.15461 4.30201 4.37129 4.41889 4.44174 4.37365 4.30010 4.26010 4.33837 4.28268 4.11256 4.07323 4.25810 4.32933 4.24203 4.20601 4.31037 4.38671 4.40013 4.41569 4.41845 4.41498 4.39191 4.35494 4.32199 4.32854 4.40255 4.45910 4.46611 4.43303 4.41400 4.44850 4.49122 4.50929 4.51090 4.50260 4.48869 4.56798 4.57831 4.68005 4.77673 4.72347 4.56822 4.42856 4.37439 4.51193 4.63971 4.67774 4.60608 4.50780 4.38984 4.42645 4.38674
3.77740 3.69691 3.58787 3.51123 3.47025 3.43816 3.50225 3.84062 4.15897 3.89136 3.54037 3.52219 3.77139 3.94194 4.01236 4.06546 4.16952 4.26388 4.23484 4.16053 4.09689 4.00354 3.97607 3.91319 3.83351 3.94675 4.03872 4.01517 4.05564 4.19725 4.24603 4.21191 4.23339 4.26087 4.26425 4.22354 4.23366 4.25659 4.29228 4.33960 4.33733 4.29909 4.31693 4.31580 4.29067 4.33373 4.39520 4.42672 4.42639 4.42494 4.54238 4.64274 4.76456 4.81786 4.79705 4.66867 4.52871 4.40164 4.40423 4.48918 4.52083 4.49647 4.41616 4.41944 4.56409 4.50850
3.71535 3.68496 3.56528 3.42454 3.38255 3.40607 3.49380 3.75568 3.91422 3.70758 3.52919 3.50009 3.55730 3.76690 3.79613 3.73825 3.83964 3.99641 4.13572 4.08183 4.15065 4.04588 3.94323 3.85876 3.77860 3.83221 3.90789 3.93905 3.88511 4.06289 4.09466 3.97572 4.11650 4.18660 4.12206 4.00816 4.11700 4.26207 4.29515 4.25223 4.20168 4.20597 4.31236 4.35213 4.32561 4.37420 4.45803 4.46874 4.41754 4.37599 4.51253 4.66441 4.78275 4.84784 4.84324 4.82301 4.69228 4.55445 4.45627 4.44764 4.47267 4.48944 4.48621 4.53013 4.65264 4.65642
3.86581 3.87462 3.81830 3.69007 3.61879 3.57086 3.61607 3.85371 3.78053 3.59110 3.55229 3.57832 3.69088 3.76687 3.66122 3.51921 3.48570 3.72288 4.02988 4.01328 4.06256 4.16446 4.05316 4.07655 3.95697 3.99410 4.07271 3.99215 3.89807 4.01929 4.11036 4.02619 4.10909 4.13815 3.99684 3.93922 4.04638 4.28968 4.28658 4.16139 4.16279 4.27262 4.39240 4.43974 4.42859 4.43548 4.44742 4.35427 4.35693 4.46150 4.60529 4.77674 4.78694 4.75894 4.73955 4.74741 4.82141 4.75347 4.61258 4.55789 4.54664 4.55334 4.57670 4.60631 4.67705 4.75377
4.11467 4.15378 4.18270 4.09020 3.95345 3.84753 3.91609 4.12975 3.92350 3.59125 3.45981 3.46250 3.64133 3.71197 3.59626 3.55858 3.40401 3.43894 3.73017 4.03117 3.93070 3.99778 4.11366 4.29058 4.18611 4.22309 4.26789 4.06414 4.09557 4.01457 4.14576 4.12298 4.15518 4.03693 3.96064 4.10663 4.08993 4.29143 4.26934 4.23074 4.35619 4.43315 4.48525 4.51576 4.48042 4.41299 4.35339 4.33987 4.46369 4.57599 4.70272 4.78335 4.70345 4.63867 4.62053 4.61262 4.65147 4.76765 4.77691 4.72215 4.67345 4.64765 4.64632 4.67857 4.75450 4.85018
4.19703 4.26421 4.31421 4.21989 4.02402 3.95714 4.05651 4.20057 4.11228 3.71214 3.45085 3.38693 3.46790 3.60712 3.67479 3.77310 3.56425 3.40520 3.50078 3.63869 3.79848 3.92416 4.01287 4.26210 4.19823 4.28584 4.27101 4.04747 4.04976 3.84386 3.79954 3.92051 3.79159 3.73872 3.88886 4.06284 4.02302 4.24711 4.28079 4.33442 4.47253 4.52238 4.50733 4.47653 4.41843 4.39355 4.31994 4.40633 4.54097 4.62083 4.67473 4.64293 4.57883 4.53204 4.53220 4.53528 4.52752 4.56879 4.59286 4.58886 4.59570 4.62958 4.65223 4.67311 4.67761 4.68069
4.13545 4.14659 4.20506 4.14278 3.94233 3.96348 4.10755 4.16328 4.13587 3.84720 3.52603 3.43698 3.48757 3.60056 3.71064 3.76694 3.59027 3.42530 3.44748 3.47431 3.54437 3.77284 3.92677 4.18257 4.15820 4.27526 4.02790 3.68357 3.52618 3.32887 3.14224 3.08067 3.16532 3.52565 3.89741 3.95882 3.83226 4.03482 4.25381 4.39527 4.52070 4.56317 4.50062 4.41689 4.41051 4.40529 4.35237 4.42769 4.52846 4.60652 4.58395 4.51721 4.44575 4.41873 4.46566 4.49483 4.47445 4.46864 4.48660 4.49746 4.48963 4.49077 4.51599 4.52685 4.52006 4.51049
4.06575 4.08201 4.01898 3.87141 3.73589 3.90015 4.13491 4.13927 4.09409 3.97207 3.62127 3.52211 3.62085 3.66082 3.68221 3.69467 3.60337 3.48332 3.57392 3.68522 3.75124 3.90087 4.02595 4.03716 4.09754 4.02032 3.61509 3.31884 3.12774 2.95249 2.80274 2.81143 3.13410 3.67681 4.17666 4.23262 3.98702 3.99939 4.23572 4.40666 4.50894 4.52705 4.49219 4.42861 4.30715 4.24752 4.38055 4.46098 4.48340 4.53841 4.48315 4.41580 4.36902 4.39666 4.45673 4.48170 4.47166 4.45695 4.48699 4.49374 4.45987 4.40742 4.38794 4.39568 4.38196 4.37993
4.13327 4.20312 4.08866 3.81276 3.75868 3.97290 4.20184 4.20284 4.16583 4.18528 3.77897 3.59784 3.68097 3.65397 3.62470 3.67439 3.73134 3.63271 3.73479 3.94446 4.07631 4.15151 4.11463 3.90267 3.82101 3.69596 3.38374 3.10385 2.93565 2.93550 3.08020 3.29255 3.45625 3.78957 4.25776 4.36418 4.32092 4.22101 4.27487 4.35436 4.39616 4.39198 4.42483 4.36769 4.26920 4.32547 4.35469 4.40515 4.38437 4.39434 4.37906 4.38377 4.38974 4.43574 4.47004 4.47848 4.47366 4.47831 4.53697 4.52817 4.47657 4.41890 4.38145 4.35462 4.32447 4.31299
4.22340 4.09115 3.98115 3.80755 3.91682 4.07360 4.20603 4.20644 4.21757 4.31859 4.01211 3.72741 3.65610 3.59717 3.56769 3.62567 3.71095 3.65442 3.72068 3.94131 4.14978 4.07398 3.89020 3.73477 3.69019 3.69704 3.39621 3.03189 2.95061 3.25662 3.54133 3.57979 3.48592 3.76852 4.30625 4.43253 4.40751 4.34246 4.31665 4.26159 4.17349 4.27005 4.38747 4.38193 4.34409 4.28652 4.40191 4.42253 4.30582 4.26747 4.36335 4.42110 4.40940 4.44451 4.48517 4.50416 4.50367 4.49870 4.55733 4.54143 4.48990 4.44185 4.41193 4.38395 4.33945 4.27644
4.38852 4.23972 3.98874 3.72829 3.76563 3.99163 4.18628 4.09585 4.16689 4.34177 4.20776 3.88864 3.69444 3.63644 3.65373 3.72283 3.66067 3.59608 3.69728 3.89727 3.97066 3.75870 3.66765 3.69589 3.76965 3.94150 3.56167 2.95817 2.98715 3.69647 3.98223 3.73380 3.51327 3.78145 4.32311 4.40442 4.40072 4.37321 4.36266 4.30934 4.19058 4.14645 4.25727 4.24630 4.26254 4.30778 4.42635 4.45238 4.33491 4.34692 4.45544 4.49110 4.44874 4.50225 4.55562 4.58303 4.57542 4.52631 4.55681 4.52480 4.49318 4.48076 4.44742 4.41306 4.35948 4.26904
4.44600 4.43260 4.25213 3.90848 3.82096 4.02763 4.09039 4.01003 4.13144 4.32359 4.30368 4.06256 3.84658 3.77402 3.79899 3.75414 3.56034 3.60382 3.83688 3.92428 3.66282 3.47711 3.55442 3.70824 3.75381 3.99484 3.88154 3.04498 2.86560 3.79872 4.15099 3.77298 3.57525 3.93584 4.40332 4.43531 4.44110 4.38437 4.37191 4.35094 4.28192 4.27419 4.27912 4.24797 4.21849 4.24628 4.37693 4.44268 4.42571 4.45651 4.49715 4.52521 4.49135 4.55331 4.60430 4.61579 4.59006 4.56324 4.59371 4.53469 4.48433 4.51358 4.50523 4.46546 4.41147 4.33816
4.39728 4.43218 4.26241 3.98812 3.89749 3.98605 4.02730 4.06037 4.12944 4.20239 4.22120 4.08546 3.95087 3.87599 3.75968 3.51200 3.41931 3.68291 4.01851 3.85989 3.39582 3.30541 3.45314 3.56595 3.59153 3.80359 3.94398 3.42110 3.16790 3.78798 4.16296 3.78066 3.65425 4.13916 4.47616 4.42119 4.33593 4.28716 4.24612 4.27236 4.33814 4.36075 4.33759 4.29014 4.20564 4.15765 4.28644 4.44905 4.45172 4.49885 4.54589 4.55109 4.53591 4.58761 4.59267 4.61150 4.62529 4.62088 4.62840 4.55053 4.47286 4.50026 4.53380 4.51718 4.47738 4.44315
4.32702 4.21478 3.96719 3.86270 3.87000 3.92589 4.06414 4.22228 4.18602 4.04937 3.91998 3.86627 3.92549 3.95176 3.69493 3.26129 3.24736 3.66074 3.83704 3.49213 3.19836 3.29842 3.38962 3.35577 3.37752 3.52696 3.68706 3.59513 3.70329 4.12244 4.20049 3.84046 3.86263 4.33056 4.47041 4.24208 4.04104 4.13589 4.08810 4.10706 4.30777 4.43202 4.42076 4.36019 4.22746 4.12447 4.19188 4.35409 4.43872 4.51006 4.55107 4.54786 4.55588 4.60650 4.60699 4.63794 4.66743 4.62470 4.60336 4.53309 4.45709 4.49600 4.53230 4.52631 4.50717 4.51565
4.04023 3.80066 3.73792 3.82923 3.81081 3.82153 4.01704 4.27216 4.29206 4.02174 3.64173 3.61901 3.91525 4.12114 3.90373 3.33477 3.06191 3.31046 3.47321 3.30044 3.27389 3.47889 3.48987 3.31522 3.23772 3.38260 3.60266 3.85660 4.20994 4.35686 4.21957 3.93113 4.07405 4.39312 4.28508 3.85587 3.97500 4.24107 4.21774 4.08451 4.26294 4.48184 4.49948 4.46251 4.31143 4.18090 4.23561 4.32430 4.36223 4.41538 4.48174 4.53641 4.56749 4.60328 4.64120 4.66017 4.63877 4.60628 4.56541 4.50061 4.46485 4.51724 4.51032 4.48180 4.48184 4.54065
3.57695 3.51719 3.63498 3.71537 3.64543 3.69392 3.91146 4.07483 4.22873 3.91868 3.44221 3.47725 3.94758 4.19038 4.07263 3.84584 3.41726 3.35138 3.51916 3.50601 3.53735 3.69811 3.79676 3.66837 3.44901 3.51354 3.80228 4.18083 4.41615 4.37741 4.18064 4.08941 4.30840 4.37229 4.00562 3.90066 4.30792 4.33757 4.17021 4.10211 4.36836 4.52742 4.54086 4.51586 4.38595 4.25682 4.28815 4.37295 4.39680 4.39819 4.44679 4.54277 4.57652 4.60988 4.68518 4.66881 4.61821 4.62222 4.61138 4.55698 4.51582 4.49780 4.46009 4.41249 4.40893 4.49423
3.23309 3.34861 3.52438 3.58981 3.58374 3.68515 3.81727 3.82071 3.98205 3.69283 3.25917 3.33702 3.76405 3.90134 3.95203 4.03192 3.96665 3.80517 3.92093 3.93085 3.83374 4.00981 4.23688 4.23657 4.00061 3.91705 4.08725 4.29946 4.37961 4.30276 4.21509 4.29838 4.42518 4.24433 3.99344 4.19221 4.40912 4.36649 4.21637 4.20267 4.40988 4.54496 4.55783 4.52580 4.41234 4.27972 4.23735 4.27345 4.31907 4.33792 4.40311 4.52720 4.59898 4.62387 4.65138 4.65471 4.62167 4.61389 4.64289 4.60811 4.55143 4.52203 4.47897 4.38756 4.34202 4.42541
3.07168 3.32949 3.56425 3.71550 3.68044 3.68906 3.66002 3.58050 3.65536 3.42528 2.99488 3.09171 3.45649 3.55794 3.78971 4.00883 4.01361 3.98853 4.13505 4.22552 4.05565 4.12990 4.35849 4.40361 4.22717 4.09856 4.16544 4.27879 4.30089 4.26137 4.28698 4.37515 4.30955 3.95359 4.01781 4.36410 4.45759 4.42647 4.28523 4.23288 4.38989 4.52343 4.50950 4.43513 4.34748 4.27524 4.21371 4.11416 4.07242 4.10350 4.27160 4.47407 4.53264 4.49287 4.50152 4.54257 4.58102 4.61995 4.64654 4.64256 4.61717 4.60525 4.56489 4.44622 4.32041 4.34661
3.28602 3.45576 3.69665 3.94795 3.73072 3.63168 3.58268 3.41949 3.36735 3.14547 2.75139 3.04298 3.41626 3.43323 3.60562 3.82849 3.93061 3.92908 4.09544 4.34086 4.30734 4.13491 4.15213 4.15230 3.93899 3.87802 4.04580 4.23909 4.31968 4.32655 4.33248 4.26162 3.88578 3.63451 4.01769 4.36623 4.46458 4.46649 4.32839 4.23701 4.38077 4.50326 4.42666 4.33785 4.33271 4.32943 4.33961 4.18059 4.00356 3.90137 4.06340 4.30869 4.26610 4.15661 4.26093 4.39547 4.48453 4.54043 4.55274 4.55438 4.57250 4.60198 4.58810 4.48766 4.37997 4.34930
3.64499 3.58718 3.75523 3.99918 3.65126 3.54149 3.57751 3.38893 3.23640 3.04621 2.93691 3.36467 3.65217 3.65099 3.74603 3.88156 3.98172 3.91356 3.98149 4.27658 4.39789 4.23798 4.02478 3.81307 3.70090 3.91645 4.21128 4.36793 4.42895 4.43222 4.34613 4.08440 3.69305 3.81946 4.14676 4.25758 4.41154 4.47271 4.35364 4.23159 4.32674 4.42102 4.36200 4.33850 4.42932 4.40271 4.45162 4.33801 4.22456 3.98829 4.10816 4.16930 3.97963 4.01580 4.15727 4.33146 4.45584 4.50899 4.49108 4.46349 4.45655 4.47536 4.48114 4.45821 4.47715 4.47952
