mrvbf_slope0.9_pctl0.6.asc
NCOLS 410
NROWS 410
XLLCORNER 2398750.0000000000000000
YLLCORNER 2548750.0000000000000000
CELLSIZE 250.0000000000000000
NODATA_VALUE -99999.00000
[rows 116 to 144 of 323, columns 330 to 395 of 410]
-99999.00000 -99999.00000 -99999.00000 -99999.00000 -99999.00000 -99999.00000 -99999.00000 -99999.00000 -99999.00000 -99999.00000 -99999.00000 -99999.00000 -99999.00000 -99999.00000 -99999.00000 -99999.00000 -99999.00000 -99999.00000 -99999.00000 -99999.00000 7.58871 7.59744 7.59237 7.59758 7.58572 7.59959 7.61231 7.61990 7.61475 7.60191 7.60370 7.59814 7.58385 7.54941 7.40835 7.08507 5.10163 3.11640 3.90955 5.73827 6.95645 7.18005 7.11987 6.95067 6.51771 6.99886 7.30830 7.45219 7.52062 7.57627 7.60545 7.62804 7.64380 7.65221 7.65189 7.65983 7.65649 7.66103 7.64436 7.64101 7.65358 7.65402 7.65248 7.67453 7.67765 7.67738
-99999.00000 -99999.00000 -99999.00000 -99999.00000 -99999.00000 -99999.00000 -99999.00000 -99999.00000 -99999.00000 -99999.00000 -99999.00000 -99999.00000 -99999.00000 -99999.00000 -99999.00000 -99999.00000 -99999.00000 -99999.00000 -99999.00000 7.49267 7.56797 7.58521 7.57041 7.57681 7.58587 7.59332 7.61660 7.61144 7.60823 7.60893 7.61977 7.60610 7.58314 7.54332 7.44664 7.11055 5.62138 2.91818 2.87708 5.14658 6.78716 7.28772 7.27775 7.08521 7.21359 7.41844 7.48287 7.51170 7.53893 7.58569 7.61243 7.63432 7.63821 7.63783 7.64725 7.65515 7.64818 7.63955 7.63272 7.65341 7.65317 7.65087 7.65604 7.65986 7.65863 7.66966
-99999.00000 -99999.00000 -99999.00000 -99999.00000 -99999.00000 -99999.00000 -99999.00000 -99999.00000 -99999.00000 -99999.00000 -99999.00000 -99999.00000 -99999.00000 -99999.00000 -99999.00000 -99999.00000 -99999.00000 -99999.00000 -99999.00000 7.51855 7.56585 7.59205 7.57375 7.55602 7.56685 7.60171 7.61486 7.61787 7.61296 7.61576 7.62476 7.61210 7.58902 7.56011 7.48929 7.29312 6.11120 2.57769 2.13311 4.22968 6.68583 7.19558 7.24281 7.19762 7.37785 7.47726 7.51337 7.53940 7.56009 7.59615 7.62027 7.63773 7.63775 7.64368 7.64931 7.65078 7.64198 7.64118 7.65395 7.66129 7.65875 7.66795 7.67207 7.65924 7.65515 7.67794
-99999.00000 -99999.00000 -99999.00000 -99999.00000 -99999.00000 -99999.00000 -99999.00000 -99999.00000 -99999.00000 -99999.00000 -99999.00000 -99999.00000 -99999.00000 -99999.00000 -99999.00000 -99999.00000 -99999.00000 -99999.00000 -99999.00000 7.50610 7.54806 7.57336 7.56886 7.57348 7.58574 7.60901 7.62004 7.62099 7.62655 7.62599 7.62152 7.60700 7.58087 7.56128 7.50812 7.40615 6.88339 3.28725 1.70964 3.07360 6.48824 7.10953 7.11535 7.23390 7.42818 7.50461 7.53460 7.56122 7.57964 7.60047 7.61786 7.63178 7.64131 7.65074 7.64773 7.63814 7.64350 7.66477 7.67537 7.67729 7.66936 7.66968 7.67219 7.65329 7.65942 7.67840
-99999.00000 -99999.00000 -99999.00000 -99999.00000 -99999.00000 -99999.00000 -99999.00000 -99999.00000 -99999.00000 -99999.00000 -99999.00000 -99999.00000 -99999.00000 -99999.00000 -99999.00000 -99999.00000 -99999.00000 -99999.00000 -99999.00000 7.55564 7.57938 7.58399 7.58241 7.58139 7.59848 7.61422 7.62002 7.62165 7.63434 7.63256 7.62660 7.60689 7.57673 7.54967 7.52492 7.45683 7.21752 5.39390 1.66380 2.20220 5.84294 6.96337 7.01660 7.28719 7.45891 7.51967 7.55014 7.57137 7.58580 7.59589 7.61435 7.62469 7.63599 7.63825 7.64136 7.64532 7.66107 7.67141 7.67407 7.66416 7.67672 7.67612 7.67186 7.66378 7.66352 7.66168
-99999.00000 -99999.00000 -99999.00000 -99999.00000 -99999.00000 -99999.00000 -99999.00000 -99999.00000 -99999.00000 -99999.00000 -99999.00000 -99999.00000 -99999.00000 -99999.00000 -99999.00000 -99999.00000 -99999.00000 -99999.00000 -99999.00000 7.57573 7.58745 7.59693 7.58876 7.59111 7.60958 7.61802 7.61945 7.62007 7.62899 7.63078 7.62018 7.60138 7.57955 7.55865 7.54404 7.45564 7.16517 5.77243 1.87125 1.97088 5.01117 6.62342 6.77521 7.21700 7.46432 7.52318 7.55289 7.56688 7.57079 7.58088 7.59055 7.59851 7.62149 7.61914 7.62777 7.65074 7.66702 7.66917 7.64770 7.62430 7.64377 7.66473 7.67645 7.67530 7.66270 7.66184
-99999.00000 -99999.00000 -99999.00000 -99999.00000 -99999.00000 -99999.00000 -99999.00000 -99999.00000 -99999.00000 -99999.00000 -99999.00000 -99999.00000 -99999.00000 -99999.00000 -99999.00000 -99999.00000 -99999.00000 -99999.00000 7.59121 7.58685 7.59352 7.59690 7.58966 7.60290 7.61160 7.60615 7.61907 7.60670 7.62425 7.61576 7.60603 7.59979 7.58933 7.56607 7.54340 7.44239 7.27453 6.23091 2.34693 1.66595 3.54003 6.19896 6.62686 6.92624 7.40510 7.50593 7.54283 7.55574 7.56040 7.57969 7.54764 7.51342 7.58380 7.62001 7.60331 7.62283 7.65439 7.65674 7.61913 7.62307 7.61288 7.65736 7.66835 7.67953 7.67554 7.67950
-99999.00000 -99999.00000 -99999.00000 -99999.00000 -99999.00000 -99999.00000 -99999.00000 -99999.00000 -99999.00000 -99999.00000 -99999.00000 -99999.00000 -99999.00000 -99999.00000 -99999.00000 -99999.00000 -99999.00000 -99999.00000 7.57356 7.58192 7.59157 7.57962 7.58085 7.58532 7.60186 7.60925 7.61619 7.59704 7.59288 7.60209 7.61228 7.59922 7.58665 7.54679 7.52618 7.48604 7.28160 6.89402 4.30688 1.57215 2.41043 5.90147 6.68275 6.89437 7.36118 7.49144 7.52402 7.53699 7.56255 7.53025 7.45140 7.52415 7.53084 7.59440 7.61066 7.61910 7.63705 7.65390 7.64510 7.62338 7.64585 7.65483 7.66746 7.68024 7.68700 7.68708
-99999.00000 -99999.00000 -99999.00000 -99999.00000 -99999.00000 -99999.00000 -99999.00000 -99999.00000 -99999.00000 -99999.00000 -99999.00000 -99999.00000 -99999.00000 -99999.00000 -99999.00000 -99999.00000 -99999.00000 -99999.00000 7.56775 7.57713 7.58762 7.56748 7.55488 7.56186 7.58571 7.61020 7.61643 7.60879 7.58455 7.58945 7.60771 7.59768 7.58155 7.54496 7.52863 7.49577 7.39913 7.22018 5.87723 1.87472 2.02378 5.17536 6.38444 6.72389 7.31868 7.45434 7.49396 7.51734 7.53410 7.47108 7.50535 7.47864 7.58008 7.62108 7.62718 7.62458 7.64093 7.65462 7.66528 7.65632 7.66582 7.66578 7.67531 7.67003 7.67606 7.67964
-99999.00000 -99999.00000 -99999.00000 -99999.00000 -99999.00000 -99999.00000 -99999.00000 -99999.00000 -99999.00000 -99999.00000 -99999.00000 -99999.00000 -99999.00000 -99999.00000 -99999.00000 -99999.00000 -99999.00000 -99999.00000 7.51736 7.52927 7.53991 7.55235 7.54495 7.55461 7.57730 7.60965 7.62139 7.61830 7.60506 7.60700 7.61036 7.59964 7.56584 7.54338 7.54175 7.51394 7.42180 7.18454 5.87620 2.26568 2.19037 4.66593 5.81883 6.44050 7.25116 7.42703 7.47846 7.52748 7.53756 7.53817 7.48441 7.56488 7.61557 7.63135 7.63022 7.63295 7.62959 7.61423 7.64409 7.65807 7.66927 7.67548 7.67133 7.67328 7.67459 7.67064
-99999.00000 -99999.00000 -99999.00000 -99999.00000 -99999.00000 -99999.00000 -99999.00000 -99999.00000 -99999.00000 -99999.00000 -99999.00000 -99999.00000 -99999.00000 -99999.00000 -99999.00000 -99999.00000 -99999.00000 -99999.00000 7.50965 7.51041 7.51352 7.50563 7.54641 7.57222 7.59540 7.60601 7.61698 7.62197 7.61288 7.60792 7.61240 7.60213 7.58429 7.56471 7.54260 7.52689 7.45856 7.27553 6.46934 3.07769 2.04734 3.50278 5.23017 6.30384 7.19304 7.44071 7.49631 7.51778 7.51034 7.51613 7.56023 7.61104 7.62445 7.62085 7.62911 7.62859 7.58770 7.57551 7.61388 7.65983 7.67569 7.67272 7.67300 7.67395 7.67529 7.67950
-99999.00000 -99999.00000 -99999.00000 -99999.00000 -99999.00000 -99999.00000 -99999.00000 -99999.00000 -99999.00000 -99999.00000 -99999.00000 -99999.00000 -99999.00000 -99999.00000 -99999.00000 -99999.00000 -99999.00000 7.45056 7.52722 7.55916 7.55747 7.52401 7.53079 7.57273 7.60203 7.60717 7.60795 7.62298 7.62474 7.61662 7.60725 7.59259 7.58220 7.57019 7.54959 7.53358 7.47540 7.34745 6.85051 4.29557 2.05441 2.53308 4.88948 6.57447 7.24854 7.44406 7.44657 7.47744 7.48237 7.52080 7.56742 7.58947 7.61406 7.63306 7.63112 7.59379 7.57166 7.58940 7.60344 7.64738 7.66903 7.66906 7.66562 7.67880 7.68532 7.68523
-99999.00000 -99999.00000 -99999.00000 -99999.00000 -99999.00000 -99999.00000 -99999.00000 -99999.00000 -99999.00000 -99999.00000 -99999.00000 -99999.00000 -99999.00000 -99999.00000 -99999.00000 -99999.00000 -99999.00000 7.54168 7.55689 7.57038 7.57080 7.55205 7.54995 7.58399 7.61275 7.62339 7.61697 7.62227 7.63403 7.63329 7.62047 7.60431 7.58049 7.55236 7.54807 7.54480 7.46176 7.29091 6.84868 4.68749 1.91592 2.16775 4.92086 6.80595 7.32484 7.46680 7.48648 7.47633 7.51265 7.50672 7.56345 7.54890 7.54644 7.60691 7.61864 7.60458 7.61139 7.60486 7.62890 7.64568 7.64785 7.65940 7.66583 7.68116 7.68603 7.68361
-99999.00000 -99999.00000 -99999.00000 -99999.00000 -99999.00000 -99999.00000 -99999.00000 -99999.00000 -99999.00000 -99999.00000 -99999.00000 -99999.00000 -99999.00000 -99999.00000 -99999.00000 -99999.00000 7.55947 7.56111 7.55056 7.55623 7.56691 7.56101 7.57688 7.59827 7.60736 7.60946 7.61039 7.62267 7.63049 7.62953 7.62312 7.59745 7.57687 7.55299 7.53596 7.53374 7.47294 7.24099 6.54389 4.07160 1.49606 2.08773 5.34358 6.98788 7.35740 7.48204 7.50551 7.50111 7.51616 7.52942 7.53520 7.51587 7.55153 7.56114 7.62040 7.64249 7.65460 7.64212 7.63932 7.62953 7.63022 7.65553 7.67849 7.68901 7.68346 7.67593
-99999.00000 -99999.00000 -99999.00000 -99999.00000 -99999.00000 -99999.00000 -99999.00000 -99999.00000 -99999.00000 -99999.00000 -99999.00000 -99999.00000 -99999.00000 -99999.00000 -99999.00000 7.53187 7.55950 7.57275 7.55118 7.54752 7.56289 7.56914 7.58907 7.59971 7.59729 7.59134 7.61392 7.62797 7.63038 7.61861 7.60612 7.59770 7.56750 7.53356 7.51599 7.50854 7.41110 6.96578 5.43655 1.69833 1.41592 3.19093 6.11530 7.13424 7.39334 7.49489 7.49251 7.45129 7.52191 7.50714 7.54607 7.54158 7.54648 7.58975 7.62458 7.63591 7.64670 7.62146 7.63481 7.62312 7.62038 7.64741 7.67774 7.68915 7.67907 7.67893
-99999.00000 -99999.00000 -99999.00000 -99999.00000 -99999.00000 -99999.00000 -99999.00000 -99999.00000 -99999.00000 -99999.00000 -99999.00000 -99999.00000 -99999.00000 -99999.00000 -99999.00000 7.53998 7.56462 7.57357 7.56303 7.55666 7.55892 7.57103 7.58273 7.59823 7.60370 7.58800 7.60279 7.62718 7.63309 7.61951 7.60742 7.59423 7.54455 7.51250 7.49805 7.44896 7.17710 6.05411 2.91459 0.94668 1.60188 4.64372 6.59781 7.18622 7.43488 7.50896 7.51983 7.51132 7.50561 7.55532 7.55985 7.58542 7.55365 7.58196 7.62097 7.63456 7.62288 7.61346 7.62650 7.62425 7.63382 7.64608 7.66939 7.67494 7.65727 7.67268
-99999.00000 -99999.00000 -99999.00000 -99999.00000 -99999.00000 -99999.00000 -99999.00000 -99999.00000 -99999.00000 -99999.00000 -99999.00000 -99999.00000 -99999.00000 -99999.00000 7.46731 7.50170 7.52676 7.55188 7.56487 7.56271 7.55436 7.57499 7.59196 7.60263 7.60746 7.59252 7.60233 7.62501 7.63201 7.62429 7.59848 7.57116 7.53729 7.51475 7.48319 7.39204 6.83997 4.72889 0.93490 1.01818 2.67739 6.04363 6.98797 7.32947 7.46610 7.52980 7.53819 7.54583 7.56246 7.59316 7.59964 7.59893 7.61675 7.61257 7.61178 7.61427 7.61083 7.62739 7.59859 7.59405 7.63500 7.64174 7.66533 7.66054 7.66265 7.65939
-99999.00000 -99999.00000 -99999.00000 -99999.00000 -99999.00000 -99999.00000 -99999.00000 -99999.00000 -99999.00000 -99999.00000 -99999.00000 -99999.00000 -99999.00000 -99999.00000 7.39497 7.50126 7.49919 7.52226 7.55712 7.56605 7.55064 7.56275 7.58426 7.59610 7.59711 7.60133 7.61106 7.62067 7.62279 7.61407 7.58979 7.56072 7.53069 7.50065 7.44613 7.29729 6.57281 3.94891 0.69577 1.24183 4.23110 6.61614 7.19304 7.42064 7.50457 7.54234 7.54656 7.55616 7.58893 7.60054 7.60369 7.62807 7.64713 7.63931 7.63571 7.62054 7.61755 7.61136 7.62724 7.60177 7.62790 7.63713 7.66814 7.66152 7.64854 7.67239
-99999.00000 -99999.00000 -99999.00000 -99999.00000 -99999.00000 -99999.00000 -99999.00000 -99999.00000 -99999.00000 -99999.00000 -99999.00000 -99999.00000 -99999.00000 5.77230 6.86173 7.43307 7.50232 7.51810 7.53383 7.54436 7.55268 7.56311 7.57978 7.59360 7.60037 7.61751 7.61909 7.61818 7.61168 7.59612 7.58173 7.55753 7.52098 7.47496 7.41613 7.21848 6.24651 2.39694 0.74610 1.51092 5.11759 6.84438 7.30104 7.46116 7.51436 7.53403 7.54087 7.55913 7.59180 7.60038 7.61319 7.63725 7.63359 7.59988 7.61183 7.62749 7.62660 7.64424 7.65408 7.62395 7.64082 7.64650 7.66543 7.66656 7.67162 7.68846
-99999.00000 -99999.00000 -99999.00000 -99999.00000 -99999.00000 -99999.00000 -99999.00000 -99999.00000 -99999.00000 -99999.00000 -99999.00000 -99999.00000 -99999.00000 6.01145 6.65983 7.28243 7.43736 7.48692 7.51744 7.53219 7.54420 7.55952 7.58505 7.59668 7.59917 7.61723 7.61996 7.61466 7.59686 7.58161 7.57783 7.55166 7.50064 7.46563 7.40987 6.98087 4.99603 0.82757 0.96061 2.60957 6.04730 7.02428 7.37634 7.48913 7.52802 7.54410 7.55637 7.55082 7.57899 7.60694 7.61878 7.62598 7.59879 7.59649 7.59433 7.63525 7.63212 7.64514 7.64274 7.62505 7.66055 7.66068 7.65940 7.66327 7.67208 7.69006
-99999.00000 -99999.00000 -99999.00000 -99999.00000 -99999.00000 -99999.00000 -99999.00000 -99999.00000 -99999.00000 -99999.00000 -99999.00000 -99999.00000 -99999.00000 7.09642 7.20617 7.23348 7.27982 7.42363 7.50595 7.52733 7.54706 7.56870 7.57727 7.58080 7.59259 7.60813 7.61872 7.60909 7.58097 7.56929 7.58141 7.55551 7.49400 7.47952 7.42755 6.69144 3.77709 0.76078 1.19826 3.82650 6.46783 7.19631 7.41937 7.49789 7.53977 7.56294 7.56839 7.55871 7.55558 7.59711 7.61801 7.62888 7.62857 7.60279 7.62561 7.64882 7.62987 7.62731 7.62425 7.63429 7.66841 7.66617 7.65135 7.65537 7.67032 7.68197
-99999.00000 -99999.00000 -99999.00000 -99999.00000 -99999.00000 -99999.00000 -99999.00000 -99999.00000 -99999.00000 -99999.00000 -99999.00000 -99999.00000 7.28947 7.36857 7.41685 7.31869 7.24376 7.38148 7.49954 7.53536 7.55089 7.56202 7.57043 7.57535 7.58847 7.59798 7.60702 7.59929 7.57930 7.57128 7.56619 7.52881 7.45847 7.40997 7.34033 6.63114 4.44231 1.00068 1.37529 4.43810 6.71972 7.28792 7.45688 7.51797 7.54595 7.57052 7.57939 7.57865 7.56793 7.56350 7.58394 7.61941 7.63534 7.64477 7.65410 7.66256 7.64853 7.62488 7.60261 7.63583 7.66726 7.64858 7.64048 7.65889 7.67378 7.67207
-99999.00000 -99999.00000 -99999.00000 -99999.00000 -99999.00000 -99999.00000 -99999.00000 -99999.00000 -99999.00000 -99999.00000 -99999.00000 -99999.00000 7.43441 7.42272 7.47286 7.44877 7.34139 7.37788 7.48243 7.51741 7.54772 7.56622 7.57406 7.56428 7.58062 7.58913 7.58836 7.57366 7.56438 7.54774 7.53563 7.49992 7.43536 7.40412 7.27194 6.14912 2.31158 0.85003 1.51468 4.94861 6.91718 7.33213 7.47030 7.52915 7.55164 7.57807 7.59258 7.59991 7.59974 7.59032 7.59061 7.60545 7.62324 7.63969 7.65224 7.65558 7.65654 7.64751 7.61065 7.63392 7.65282 7.63045 7.63448 7.65767 7.66563 7.66243
-99999.00000 -99999.00000 -99999.00000 -99999.00000 -99999.00000 -99999.00000 -99999.00000 -99999.00000 -99999.00000 -99999.00000 -99999.00000 -99999.00000 7.56627 7.52254 7.52776 7.48681 7.38168 7.40923 7.47882 7.50226 7.53230 7.55725 7.56116 7.55828 7.58485 7.57727 7.55824 7.56254 7.57499 7.53463 7.51884 7.48427 7.44680 7.41191 7.14322 5.28357 0.91672 0.97672 2.21948 5.82207 7.01753 7.36159 7.47918 7.54031 7.55517 7.57842 7.59979 7.60984 7.62092 7.62019 7.62418 7.62407 7.62975 7.63451 7.64824 7.65516 7.63265 7.61296 7.59021 7.60265 7.60464 7.60767 7.64151 7.65859 7.66097 7.66274
-99999.00000 -99999.00000 -99999.00000 -99999.00000 -99999.00000 -99999.00000 -99999.00000 -99999.00000 -99999.00000 -99999.00000 -99999.00000 7.60076 7.59592 7.57341 7.53059 7.49110 7.32846 7.34562 7.45514 7.50110 7.53462 7.55544 7.55510 7.56436 7.57619 7.56838 7.56591 7.56473 7.54066 7.50386 7.50801 7.48981 7.45239 7.37740 7.02575 4.90021 0.78593 1.23066 3.21913 6.20709 7.02512 7.37982 7.49277 7.54542 7.56702 7.58241 7.60484 7.61937 7.63239 7.63560 7.64308 7.65002 7.65296 7.65673 7.65646 7.65558 7.63050 7.55540 7.54049 7.49799 7.53805 7.61224 7.64792 7.65119 7.64993 7.65774
-99999.00000 -99999.00000 -99999.00000 -99999.00000 -99999.00000 -99999.00000 -99999.00000 -99999.00000 -99999.00000 -99999.00000 -99999.00000 7.61766 7.60809 7.55983 7.52838 7.50027 7.28461 7.26572 7.43541 7.48244 7.51517 7.53964 7.55162 7.56826 7.57176 7.57916 7.57566 7.53869 7.49918 7.51494 7.51770 7.48323 7.40392 7.29437 6.91584 4.94094 0.82480 1.28961 3.42592 6.24827 7.00992 7.37136 7.49169 7.53838 7.56764 7.58789 7.60340 7.61432 7.62536 7.63573 7.64063 7.64779 7.66121 7.66542 7.66810 7.66440 7.64951 7.61280 7.49526 7.51564 7.47698 7.60023 7.63301 7.63657 7.64720 7.65279
-99999.00000 -99999.00000 -99999.00000 -99999.00000 -99999.00000 -99999.00000 -99999.00000 -99999.00000 -99999.00000 -99999.00000 -99999.00000 7.62026 7.60270 7.54280 7.53297 7.52507 7.33923 7.21235 7.37615 7.43855 7.46726 7.51035 7.54519 7.56855 7.57466 7.57119 7.55025 7.53003 7.53598 7.53443 7.50028 7.43763 7.37731 7.29797 6.91199 5.10598 0.82257 1.15510 2.76545 5.96937 7.05317 7.34482 7.47785 7.54039 7.56289 7.58333 7.59964 7.60862 7.60887 7.62009 7.63337 7.64639 7.65241 7.66902 7.66874 7.66821 7.66628 7.61321 7.49581 7.53678 7.44151 7.57399 7.60720 7.60735 7.63250 7.65328
-99999.00000 -99999.00000 -99999.00000 -99999.00000 -99999.00000 -99999.00000 -99999.00000 -99999.00000 -99999.00000 -99999.00000 -99999.00000 7.61388 7.58401 7.53316 7.51110 7.53979 7.45293 7.32166 7.26747 7.32789 7.37095 7.45068 7.53383 7.56765 7.56896 7.56054 7.54524 7.53852 7.54148 7.51954 7.46982 7.43839 7.43106 7.34765 6.94620 5.23401 0.88997 1.11859 2.41889 5.31047 6.91134 7.36892 7.46336 7.53562 7.56455 7.57645 7.59366 7.60231 7.60937 7.62448 7.64262 7.65704 7.66006 7.66483 7.65265 7.66622 7.64503 7.54311 7.37100 7.38971 7.33592 7.54782 7.60196 7.61609 7.61713 7.63430
-99999.00000 -99999.00000 -99999.00000 -99999.00000 -99999.00000 -99999.00000 -99999.00000 -99999.00000 -99999.00000 -99999.00000 7.61801 7.60972 7.58446 7.52408 7.47525 7.54268 7.50101 7.46777 7.37752 7.29367 7.18638 7.32483 7.51043 7.55208 7.55878 7.56052 7.54358 7.52575 7.52187 7.50647 7.48217 7.47780 7.46941 7.34919 6.78530 4.79697 0.98340 1.31228 3.28968 5.44019 6.33940 7.29039 7.44652 7.51231 7.54537 7.57242 7.58719 7.60079 7.61585 7.63552 7.64645 7.64011 7.65507 7.61647 7.57426 7.62219 7.59758 7.49282 7.43739 7.21650 7.43367 7.57595 7.62232 7.63112 7.63524 7.64132
