mrvbf_slope1.2_pctl1.3.asc
NCOLS 410
NROWS 410
XLLCORNER 2398750.0000000000000000
YLLCORNER 2548750.0000000000000000
CELLSIZE 250.0000000000000000
NODATA_VALUE -99999.00000
[rows 232 to 260 of 410, columns 330 to 395 of 410]
7.33481 7.28943 7.32962 7.42160 7.46846 7.48828 7.50250 7.50598 7.51343 7.51785 7.52172 7.52496 7.52958 7.53233 7.53270 7.53195 7.53318 7.53176 7.53106 7.53324 7.53668 7.53880 7.53616 7.52298 7.50062 7.48287 7.49290 7.51408 7.52404 7.52907 7.53415 7.53773 7.53989 7.54165 7.54246 7.54391 7.54782 7.55048 7.55166 7.55326 7.55383 7.55383 7.55343 7.55264 7.55148 7.54970 7.54642 7.54036 7.53228 7.52179 7.49131 7.37051 7.44899 7.45567 7.51687 7.52630 7.52344 7.51440 7.50108 7.46144 7.41938 7.47062 7.50934 7.52475 7.53194 7.53329
7.37604 7.34050 7.29788 7.29786 7.39424 7.44744 7.47387 7.48583 7.49766 7.50702 7.51483 7.51843 7.52002 7.52064 7.52149 7.52499 7.52697 7.52766 7.52774 7.52532 7.52844 7.53151 7.53033 7.52586 7.51710 7.49516 7.47748 7.48572 7.50293 7.50888 7.51122 7.51615 7.52393 7.52730 7.52542 7.52167 7.53416 7.54109 7.54394 7.54592 7.54675 7.54721 7.54714 7.54660 7.54556 7.54385 7.54071 7.53462 7.52683 7.51485 7.48487 7.38218 7.43436 7.45938 7.51169 7.51902 7.51230 7.48975 7.43400 7.39149 7.42723 7.49201 7.51252 7.51950 7.52691 7.52579
7.40677 7.38422 7.36705 7.26528 7.26145 7.34383 7.41344 7.44780 7.46970 7.48978 7.50215 7.50634 7.51239 7.51376 7.51506 7.51911 7.52174 7.52326 7.52285 7.52076 7.52297 7.52312 7.52409 7.52369 7.52254 7.51333 7.49517 7.47366 7.47517 7.47280 7.46686 7.47503 7.48951 7.49947 7.50338 7.51051 7.51364 7.52665 7.53196 7.53601 7.53711 7.53857 7.53907 7.53892 7.53775 7.53598 7.53349 7.52710 7.51720 7.50285 7.48271 7.40865 7.42712 7.45731 7.50015 7.50244 7.48122 7.41466 7.38808 7.43130 7.48271 7.50420 7.51387 7.51927 7.52163 7.52159
7.38848 7.40205 7.40175 7.35798 7.28977 7.28946 7.30986 7.35902 7.39663 7.44716 7.47663 7.49179 7.49853 7.50045 7.50159 7.50960 7.51473 7.51414 7.51534 7.51500 7.51838 7.51890 7.52108 7.51970 7.51972 7.51391 7.50935 7.49354 7.48668 7.47770 7.47086 7.46565 7.46051 7.46580 7.48419 7.49746 7.50883 7.51623 7.51931 7.52277 7.52490 7.52621 7.52687 7.52779 7.52764 7.52678 7.52323 7.51539 7.50568 7.49553 7.48194 7.44123 7.44582 7.47596 7.48686 7.46086 7.38849 7.37796 7.45250 7.48395 7.50215 7.51054 7.51536 7.52144 7.52354 7.52442
7.36229 7.36300 7.36260 7.37820 7.35853 7.36569 7.35720 7.33553 7.33554 7.35144 7.39526 7.45446 7.47430 7.48116 7.48810 7.49780 7.50184 7.50002 7.49835 7.50373 7.50931 7.51254 7.51597 7.51387 7.51326 7.51018 7.50807 7.50858 7.50784 7.50418 7.50074 7.49867 7.48550 7.46540 7.45387 7.47649 7.49433 7.50036 7.50681 7.50935 7.51175 7.51438 7.51529 7.51553 7.51631 7.51655 7.51123 7.50436 7.49668 7.48777 7.46856 7.44673 7.46117 7.45780 7.44667 7.36591 7.37418 7.45245 7.48514 7.49759 7.50712 7.51294 7.51754 7.52143 7.52462 7.52503
7.34337 7.31686 7.31801 7.35666 7.37048 7.38622 7.40124 7.39487 7.39685 7.38222 7.35100 7.37766 7.42694 7.45282 7.47070 7.48299 7.48866 7.49430 7.49208 7.49094 7.50230 7.50684 7.51001 7.50738 7.50080 7.50606 7.50681 7.50840 7.50854 7.50680 7.50497 7.50322 7.49824 7.48689 7.46264 7.45726 7.46896 7.46341 7.47690 7.48881 7.49412 7.50088 7.50430 7.50505 7.50528 7.50423 7.49975 7.49292 7.48416 7.47142 7.44487 7.44430 7.44200 7.39921 7.37054 7.38575 7.46306 7.48648 7.49409 7.50381 7.50963 7.51284 7.51666 7.51892 7.52195 7.52214
7.36294 7.32713 7.30018 7.29360 7.32271 7.36694 7.38416 7.40246 7.40405 7.40525 7.40799 7.37107 7.35511 7.38928 7.41914 7.44242 7.46867 7.48186 7.48607 7.48052 7.48399 7.49173 7.49838 7.49975 7.49469 7.49573 7.50051 7.50024 7.50067 7.50152 7.49988 7.49925 7.49829 7.49279 7.47949 7.46220 7.46049 7.45238 7.44192 7.45172 7.46105 7.47230 7.48187 7.48706 7.48882 7.48365 7.47811 7.46771 7.46152 7.44617 7.41858 7.40503 7.38198 7.39566 7.41377 7.44794 7.48373 7.49316 7.50105 7.50732 7.50905 7.50984 7.51182 7.51477 7.51791 7.51676
7.39580 7.36871 7.32314 7.28257 7.26750 7.30841 7.34154 7.36537 7.37120 7.37970 7.40255 7.38777 7.36541 7.37939 7.40274 7.39537 7.41022 7.43577 7.45749 7.47325 7.46665 7.47319 7.48978 7.49296 7.48923 7.48396 7.48713 7.48754 7.48833 7.49254 7.49140 7.49267 7.49209 7.48958 7.48478 7.47108 7.46696 7.46967 7.46330 7.45700 7.45374 7.45179 7.45884 7.45942 7.46288 7.45147 7.44649 7.44025 7.43286 7.41587 7.36873 7.32563 7.38767 7.44598 7.45871 7.47464 7.49134 7.49812 7.50339 7.50451 7.50519 7.50920 7.50960 7.51133 7.51370 7.51501
7.41345 7.40131 7.36682 7.32086 7.29783 7.30336 7.31719 7.32006 7.31480 7.32783 7.36463 7.37858 7.40123 7.40808 7.43220 7.42438 7.42348 7.41557 7.42631 7.45780 7.46666 7.46314 7.48102 7.47893 7.47144 7.46305 7.46869 7.46474 7.46511 7.47369 7.47456 7.47907 7.48048 7.47836 7.47587 7.47029 7.46815 7.46798 7.46788 7.46787 7.47025 7.46929 7.46573 7.45730 7.45670 7.44921 7.43974 7.43487 7.41872 7.37625 7.23766 7.31541 7.41866 7.46360 7.47665 7.47873 7.48514 7.49330 7.49998 7.50077 7.49859 7.50375 7.50770 7.51119 7.51329 7.51642
7.42633 7.41284 7.40244 7.36393 7.33314 7.33122 7.33575 7.34088 7.33395 7.32758 7.35655 7.38248 7.40079 7.40450 7.42366 7.42904 7.42290 7.43084 7.43941 7.45789 7.46930 7.46276 7.47131 7.46570 7.43291 7.39798 7.42839 7.40231 7.38973 7.42420 7.43996 7.45143 7.45590 7.45251 7.45332 7.45520 7.45238 7.45607 7.46073 7.46498 7.46930 7.47084 7.46839 7.46540 7.45988 7.45018 7.44195 7.43324 7.40186 7.26907 7.24726 7.39450 7.44614 7.46917 7.47989 7.48766 7.49191 7.49281 7.49801 7.49912 7.49244 7.49275 7.50443 7.51204 7.51371 7.51608
7.44574 7.42332 7.41426 7.39468 7.36377 7.34758 7.35457 7.37823 7.38222 7.37666 7.39380 7.40700 7.40287 7.38326 7.39583 7.41315 7.42881 7.43499 7.43882 7.45860 7.46624 7.46548 7.46186 7.44284 7.38840 7.39153 7.40066 7.39084 7.37850 7.35838 7.34814 7.37817 7.38356 7.37385 7.39710 7.41854 7.42504 7.43026 7.44241 7.44712 7.45240 7.45764 7.45855 7.45614 7.45302 7.44284 7.42011 7.38829 7.30924 7.20167 7.36950 7.44328 7.46612 7.47334 7.48061 7.48788 7.48809 7.48661 7.49124 7.49207 7.49302 7.49061 7.49618 7.50540 7.50779 7.51276
7.45221 7.43649 7.41991 7.40696 7.38785 7.37252 7.35943 7.36742 7.37999 7.40281 7.42443 7.42609 7.41365 7.38293 7.37108 7.38383 7.40358 7.42117 7.43351 7.44685 7.45380 7.45722 7.45669 7.44584 7.41727 7.39870 7.42902 7.43768 7.43014 7.40158 7.34102 7.33297 7.33833 7.31645 7.28528 7.29889 7.33103 7.36385 7.40003 7.41408 7.42163 7.43074 7.43586 7.43574 7.43104 7.41108 7.34057 7.20512 7.12356 7.26735 7.40785 7.45569 7.46624 7.46973 7.47726 7.48041 7.48241 7.48606 7.48894 7.49466 7.49385 7.49746 7.49800 7.50483 7.50457 7.50442
7.44703 7.43857 7.41875 7.40181 7.38740 7.38695 7.35935 7.33500 7.37085 7.41719 7.43463 7.43135 7.42107 7.39409 7.36892 7.36394 7.37110 7.38413 7.39189 7.39492 7.39798 7.41658 7.43276 7.43697 7.42139 7.40450 7.42223 7.41999 7.42026 7.42178 7.39533 7.37414 7.35267 7.30956 7.26946 7.19426 7.15710 7.16375 7.26973 7.32722 7.34226 7.37163 7.38824 7.39445 7.38382 7.29478 7.06325 7.03390 7.22081 7.36978 7.41922 7.44783 7.44940 7.45405 7.46620 7.47028 7.47681 7.48554 7.49117 7.49507 7.49604 7.49536 7.49853 7.50389 7.50494 7.50425
7.43647 7.43759 7.42242 7.40270 7.38195 7.37387 7.35700 7.31223 7.35564 7.41942 7.43313 7.42903 7.42969 7.41363 7.39099 7.37913 7.37544 7.37540 7.37375 7.36335 7.34620 7.34427 7.36656 7.37329 7.33836 7.35561 7.38108 7.40363 7.40979 7.40464 7.40111 7.38427 7.33294 7.32324 7.24228 7.21280 7.21527 7.08543 6.96749 6.96857 6.97032 7.14559 7.25075 7.27974 7.23566 7.01045 6.98216 7.18611 7.35978 7.41176 7.41779 7.43477 7.43998 7.45047 7.45488 7.46787 7.47382 7.48041 7.49041 7.49247 7.49330 7.49420 7.49632 7.50422 7.50555 7.50324
7.42896 7.43668 7.43032 7.41613 7.39177 7.36957 7.35781 7.31259 7.32796 7.40374 7.42720 7.43062 7.44113 7.43522 7.42063 7.41384 7.41222 7.41056 7.40830 7.40426 7.39808 7.37615 7.35743 7.33859 7.32764 7.35240 7.39768 7.41464 7.39964 7.38532 7.39238 7.37471 7.34081 7.25386 6.88534 7.06527 7.12931 7.13810 6.99586 6.73253 6.60662 6.44383 6.58551 6.71416 6.78601 6.90875 7.10036 7.30018 7.35585 7.42065 7.42858 7.43348 7.44680 7.45158 7.46089 7.46515 7.46858 7.47088 7.48463 7.49169 7.48874 7.49138 7.49765 7.49969 7.50124 7.49801
7.41894 7.43090 7.42960 7.41481 7.39026 7.37538 7.36348 7.33022 7.32954 7.39371 7.43021 7.43897 7.44844 7.44797 7.43908 7.43710 7.44147 7.44582 7.44810 7.45022 7.45179 7.44088 7.42650 7.42601 7.43849 7.43224 7.43404 7.43522 7.41231 7.37873 7.37119 7.34953 7.26021 6.97123 6.90302 6.87494 6.94794 6.95449 6.97382 6.78992 6.65391 6.38436 6.22048 6.31143 6.64192 7.12691 7.27071 7.28115 7.38710 7.42751 7.43913 7.44189 7.44719 7.46028 7.47128 7.47032 7.46917 7.46262 7.47122 7.48227 7.48309 7.48944 7.49508 7.49626 7.49235 7.49169
7.40889 7.42060 7.41789 7.40099 7.38216 7.37408 7.36506 7.33075 7.32337 7.38939 7.43188 7.44018 7.44872 7.44974 7.44254 7.44259 7.45182 7.46210 7.46759 7.46893 7.46933 7.46863 7.46580 7.46504 7.46636 7.46055 7.45179 7.44206 7.42068 7.39180 7.37416 7.35628 7.31758 7.25634 7.20567 7.24416 7.19711 7.04288 6.90668 6.86334 6.72917 6.75486 6.73131 6.67193 6.70507 6.99298 7.20537 7.26541 7.36617 7.41303 7.43341 7.44758 7.45800 7.46667 7.47337 7.47380 7.47320 7.46367 7.45549 7.46550 7.46764 7.47603 7.48318 7.48507 7.48503 7.48549
7.40689 7.41353 7.40258 7.38120 7.36647 7.36304 7.35102 7.28370 7.29767 7.39347 7.42604 7.43421 7.44286 7.44165 7.43592 7.44135 7.45749 7.46971 7.47538 7.47776 7.47928 7.48011 7.47964 7.47842 7.47584 7.46887 7.45733 7.44636 7.43499 7.42213 7.41388 7.40786 7.39551 7.36824 7.36306 7.38115 7.34199 7.26648 7.17101 7.16640 7.16346 7.12160 7.12592 7.07367 6.96120 6.94740 7.08113 7.18055 7.26432 7.34976 7.40328 7.43263 7.45494 7.46180 7.46428 7.47199 7.47900 7.47567 7.46160 7.45848 7.46127 7.47663 7.48561 7.48552 7.48777 7.48692
7.41125 7.41355 7.39462 7.36381 7.34222 7.34028 7.33797 7.28173 7.26284 7.35519 7.40304 7.42295 7.42991 7.42774 7.43008 7.44502 7.46323 7.47344 7.47888 7.48224 7.48430 7.48530 7.48536 7.48439 7.48100 7.47238 7.46144 7.45630 7.45788 7.45417 7.45013 7.44484 7.42912 7.38705 7.36964 7.38661 7.37040 7.34864 7.32450 7.31682 7.33169 7.33203 7.32408 7.30987 7.28050 7.23275 7.22922 7.27605 7.29080 7.32464 7.36236 7.39342 7.43188 7.45879 7.46773 7.47050 7.47470 7.47357 7.46793 7.46129 7.47003 7.47844 7.48552 7.48928 7.48961 7.48676
7.41568 7.41690 7.39600 7.35948 7.32354 7.31206 7.32395 7.32156 7.29503 7.32448 7.37259 7.40388 7.41162 7.41843 7.43251 7.45159 7.46577 7.47362 7.47903 7.48297 7.48564 7.48714 7.48754 7.48646 7.48237 7.47504 7.46738 7.46254 7.46242 7.46280 7.46034 7.45283 7.43764 7.39324 7.33256 7.34716 7.37286 7.37344 7.36470 7.36976 7.39064 7.39816 7.39450 7.38976 7.38177 7.35481 7.32488 7.33841 7.36559 7.39255 7.40323 7.40442 7.41904 7.45175 7.45936 7.45656 7.45667 7.45769 7.46024 7.46478 7.47315 7.47410 7.48091 7.48555 7.48415 7.48333
7.42308 7.42420 7.40195 7.36505 7.32168 7.29787 7.30540 7.32002 7.31781 7.32384 7.34929 7.37570 7.39757 7.42126 7.44119 7.45646 7.46593 7.47269 7.47800 7.48213 7.48518 7.48705 7.48763 7.48636 7.48294 7.47812 7.47148 7.46347 7.45786 7.45781 7.45824 7.45314 7.43701 7.38481 7.29916 7.33418 7.38775 7.38728 7.38099 7.38983 7.40155 7.41104 7.41791 7.42157 7.41841 7.40096 7.36713 7.35088 7.37595 7.41432 7.43039 7.42285 7.42459 7.44707 7.44308 7.43998 7.44825 7.45896 7.46875 7.47656 7.48040 7.47878 7.48120 7.48247 7.48196 7.48495
7.43260 7.43119 7.40521 7.36989 7.32939 7.30208 7.29979 7.30285 7.30209 7.30519 7.31860 7.34730 7.39315 7.42780 7.44549 7.45653 7.46469 7.47120 7.47645 7.48068 7.48395 7.48616 7.48717 7.48654 7.48410 7.48010 7.47435 7.46699 7.45955 7.45476 7.45259 7.44640 7.42483 7.37381 7.33058 7.34886 7.37813 7.38104 7.38419 7.39064 7.38940 7.40045 7.41731 7.42754 7.42886 7.41975 7.39062 7.36184 7.37280 7.41429 7.43726 7.43526 7.43538 7.44094 7.43218 7.43764 7.45243 7.46573 7.47626 7.48103 7.48222 7.48568 7.48948 7.48810 7.48691 7.49159
7.42532 7.42050 7.39608 7.36707 7.33977 7.32123 7.30519 7.28649 7.27654 7.28007 7.28877 7.32302 7.38533 7.42554 7.44300 7.45412 7.46246 7.46899 7.47432 7.47875 7.48231 7.48489 7.48635 7.48657 7.48523 7.48249 7.47867 7.47386 7.46706 7.45645 7.44654 7.43761 7.41757 7.37976 7.34753 7.34897 7.35455 7.35890 7.37679 7.39235 7.39421 7.39137 7.39827 7.41329 7.42009 7.41434 7.39501 7.37869 7.38672 7.41510 7.43787 7.44644 7.45057 7.44421 7.43741 7.44561 7.45699 7.46491 7.47298 7.47778 7.48102 7.48804 7.49309 7.49108 7.48831 7.49316
7.40973 7.40316 7.38244 7.36272 7.35624 7.35324 7.32394 7.27372 7.24114 7.24425 7.25848 7.29489 7.36929 7.41776 7.43804 7.45036 7.45919 7.46598 7.47156 7.47632 7.48026 7.48322 7.48509 7.48583 7.48537 7.48367 7.48085 7.47684 7.47005 7.45666 7.44183 7.43311 7.42072 7.38740 7.33324 7.31302 7.32147 7.33909 7.37654 7.40609 7.40730 7.37846 7.36523 7.38884 7.40779 7.40478 7.39217 7.39140 7.40192 7.41933 7.44070 7.45632 7.46107 7.45131 7.44333 7.44849 7.45563 7.45780 7.46313 7.47008 7.47774 7.48674 7.49240 7.49391 7.48933 7.48887
7.40907 7.40127 7.38142 7.37140 7.38031 7.37853 7.34018 7.26333 7.19822 7.21286 7.23051 7.26424 7.34962 7.40786 7.43162 7.44534 7.45494 7.46223 7.46822 7.47340 7.47775 7.48112 7.48337 7.48450 7.48448 7.48317 7.48054 7.47632 7.46826 7.45342 7.43802 7.42754 7.41086 7.37803 7.34245 7.31090 7.28985 7.31980 7.38101 7.41739 7.41131 7.35142 7.28363 7.31620 7.37641 7.39353 7.39477 7.39823 7.40207 7.42360 7.44861 7.46211 7.46212 7.45148 7.44259 7.44722 7.45499 7.45419 7.45259 7.45584 7.46560 7.47984 7.48866 7.49285 7.49109 7.48678
7.41695 7.40894 7.39001 7.38868 7.39317 7.37375 7.33262 7.24273 7.13492 7.17531 7.20302 7.22882 7.32850 7.39788 7.42388 7.43901 7.44965 7.45770 7.46428 7.46996 7.47476 7.47855 7.48119 7.48269 7.48298 7.48187 7.47927 7.47473 7.46542 7.45014 7.43603 7.42469 7.40651 7.38324 7.35464 7.31222 7.27114 7.28853 7.35812 7.40504 7.40355 7.31326 7.10949 7.10058 7.25834 7.35170 7.38699 7.39215 7.40178 7.43296 7.45130 7.45678 7.45630 7.44874 7.43958 7.44806 7.46099 7.46056 7.45477 7.44737 7.44773 7.46445 7.48146 7.48918 7.48983 7.48403
7.40905 7.40349 7.38639 7.38470 7.37995 7.34939 7.31890 7.22851 7.02076 7.04998 7.16438 7.20264 7.30571 7.38425 7.41405 7.43100 7.44308 7.45227 7.45969 7.46599 7.47130 7.47552 7.47857 7.48043 7.48099 7.48003 7.47745 7.47286 7.46332 7.44836 7.43575 7.42685 7.41226 7.38655 7.34472 7.29083 7.25531 7.25011 7.28310 7.32693 7.33114 7.24337 7.05296 6.89856 7.08274 7.29072 7.37116 7.39057 7.39731 7.41964 7.43209 7.43844 7.44460 7.44773 7.44089 7.44456 7.45834 7.46583 7.46461 7.45196 7.43745 7.44156 7.46563 7.48284 7.48831 7.48356
7.38034 7.37912 7.36682 7.36417 7.35866 7.33574 7.31114 7.23965 6.96345 6.96594 7.14537 7.19054 7.27558 7.35972 7.39993 7.42061 7.43478 7.44566 7.45431 7.46143 7.46734 7.47205 7.47554 7.47777 7.47859 7.47776 7.47525 7.47086 7.46217 7.44851 7.43746 7.43150 7.42126 7.39511 7.34081 7.24240 7.18187 7.20751 7.20970 7.17590 7.09056 7.13596 7.17960 6.85645 7.03049 7.28800 7.37035 7.39219 7.39653 7.40381 7.41281 7.42011 7.42648 7.43758 7.44731 7.44657 7.45095 7.46053 7.46541 7.45976 7.44274 7.42864 7.44396 7.47124 7.48471 7.48618
7.35073 7.35160 7.34365 7.34617 7.34840 7.33879 7.28565 7.15266 7.03665 7.12560 7.17524 7.18190 7.24541 7.32327 7.37493 7.40538 7.42409 7.43752 7.44794 7.45621 7.46287 7.46814 7.47210 7.47472 7.47580 7.47507 7.47262 7.46846 7.46075 7.44971 7.44243 7.43808 7.42840 7.41010 7.37490 7.29161 7.13307 7.14810 7.21469 7.16729 6.98446 6.82416 6.81708 6.88090 7.21138 7.37319 7.40463 7.40151 7.39777 7.39890 7.40517 7.41065 7.41382 7.41699 7.43196 7.44805 7.45373 7.45556 7.45702 7.45947 7.45487 7.43256 7.42871 7.45797 7.47934 7.48474
