mrvbf_slope1_pctl1.2.asc
NCOLS 410
NROWS 410
XLLCORNER 2398750.0000000000000000
YLLCORNER 2548750.0000000000000000
CELLSIZE 250.0000000000000000
NODATA_VALUE -99999.00000
[rows 232 to 260 of 410, columns 66 to 131 of 410]
7.44594 7.42789 7.39301 7.34930 7.30849 7.23133 7.12583 7.19427 7.32484 7.27119 7.23910 7.30002 7.30758 7.28255 7.31319 7.35179 7.30965 7.18263 7.24555 7.27999 7.14401 7.13311 7.33671 7.37212 7.36004 7.34090 7.31859 7.29892 7.33264 7.32692 7.28736 7.21443 7.19416 7.16538 7.18389 7.27846 7.29147 7.23995 7.15187 7.01858 6.62974 6.26174 6.14268 5.75694 4.71152 2.74697 2.26778 1.67860 1.45261 1.17581 0.79149 0.58445 0.49022 0.52597 0.39198 0.49768 1.31662 1.74163 1.82887 1.81954 1.80273 1.82906 1.85999 1.78772 1.68093 1.32586
7.44521 7.43520 7.40252 7.37133 7.35376 7.30919 7.18923 7.13781 7.21549 7.17760 7.19997 7.28937 7.33982 7.36099 7.36581 7.35046 7.32621 7.27803 7.28375 7.31200 7.28588 7.12079 7.25934 7.33923 7.36681 7.36662 7.33566 7.27880 7.30062 7.29484 7.29721 7.27536 7.22368 7.24266 7.31245 7.33554 7.33502 7.30244 7.19385 7.05031 6.80517 6.40094 6.10217 5.84339 5.06089 2.94021 2.32422 1.53889 1.08599 0.72123 0.56825 0.58994 0.72382 0.74491 0.53387 0.60158 1.48000 1.84708 1.96889 1.93311 1.87862 1.83663 1.73774 1.51444 1.16635 0.67222
7.42655 7.41735 7.38573 7.37265 7.36406 7.32153 7.25209 7.21042 7.16229 7.12866 7.19718 7.29762 7.34334 7.33943 7.31721 7.32869 7.33461 7.33428 7.33211 7.33992 7.34138 7.21530 7.19575 7.27630 7.34081 7.36881 7.34397 7.28077 7.27227 7.30374 7.33976 7.35826 7.32921 7.32985 7.35733 7.36943 7.36439 7.32625 7.20724 7.03625 6.82028 6.32914 6.15062 5.95423 5.22542 3.26894 2.44809 1.46781 0.68880 0.48408 0.39102 0.45895 0.85290 0.83186 0.57033 0.89406 1.70436 2.21270 2.40575 2.26668 1.95570 1.82969 1.65287 1.25295 0.60851 0.53106
7.38793 7.38251 7.35698 7.35893 7.34568 7.28922 7.24656 7.22568 7.17589 7.17099 7.24548 7.32488 7.33918 7.27494 7.24301 7.31388 7.31123 7.26867 7.27737 7.28614 7.24782 7.08040 7.16233 7.26943 7.32097 7.35034 7.34035 7.28652 7.27755 7.33536 7.37658 7.39026 7.38133 7.36187 7.36476 7.38363 7.37416 7.31613 7.16770 7.01999 6.82890 6.28406 6.14584 5.84337 5.16954 3.91378 2.62941 1.94975 0.84012 0.50707 0.42522 0.54534 1.11944 1.29664 1.03483 1.50013 2.14208 2.48665 2.57144 2.39408 1.96442 1.79599 1.62711 1.12011 0.56492 0.39913
7.35912 7.35063 7.33559 7.35092 7.34678 7.29448 7.22181 7.22276 7.25920 7.29606 7.34147 7.36376 7.36463 7.29151 7.13375 7.17011 7.15847 7.17851 7.16673 7.27013 7.02385 6.94431 7.15208 7.29298 7.32427 7.33442 7.34471 7.31192 7.29132 7.34289 7.38490 7.39172 7.39044 7.38334 7.36496 7.37238 7.36858 7.29929 7.16177 7.07815 6.99891 6.58704 6.36233 6.08460 5.53816 4.85448 2.99628 2.46007 1.53870 0.68093 0.57893 0.76545 1.41657 1.62507 1.59568 1.71111 2.05308 2.45006 2.52829 2.31643 1.88305 1.73694 1.58392 1.25625 0.65680 0.39551
7.37072 7.34663 7.33509 7.36047 7.37586 7.36283 7.32247 7.31431 7.35697 7.38211 7.37853 7.36626 7.36617 7.32974 7.18831 7.12959 7.19266 7.16212 7.14227 7.23033 6.88500 7.03226 7.19767 7.30894 7.34466 7.33760 7.35277 7.32396 7.26908 7.32081 7.38248 7.39413 7.38673 7.37441 7.36219 7.35968 7.34739 7.28988 7.19649 7.14642 7.07841 6.80676 6.74518 6.57501 5.93765 5.35264 4.15434 2.72525 2.35251 1.62494 1.21041 1.32764 1.78872 2.00571 1.91446 1.94550 2.04303 2.18142 2.27849 2.09900 1.79624 1.65613 1.52834 1.37943 0.76358 0.54944
7.37532 7.34010 7.33173 7.36427 7.38372 7.39245 7.38265 7.37321 7.39183 7.38887 7.34163 7.27765 7.27962 7.24709 7.18550 7.12864 7.16401 7.16133 7.18780 7.07834 6.86149 7.21303 7.26647 7.32881 7.36212 7.33503 7.33515 7.29405 7.22182 7.28745 7.36046 7.36974 7.35212 7.34244 7.34414 7.27990 7.23957 7.19684 7.16944 7.19440 7.15029 6.93644 6.90449 6.83274 6.39901 5.79621 5.15799 3.69564 2.73881 2.54737 2.45150 2.37500 2.39565 2.40418 2.38748 2.35337 2.30084 2.06918 1.88398 1.74756 1.65919 1.59182 1.50776 1.20602 0.70776 0.51957
7.36289 7.33738 7.34483 7.35555 7.35187 7.37905 7.39016 7.38858 7.39586 7.34933 7.26281 7.21248 7.21196 7.22400 7.20572 7.07215 7.05590 7.14281 7.21289 7.04774 7.03085 7.28969 7.28924 7.34179 7.35183 7.29374 7.28302 7.24248 7.12259 7.16610 7.23480 7.23837 7.24674 7.25901 7.27099 7.15168 7.09172 7.01840 7.04413 7.17177 7.14734 6.93003 6.91546 6.90702 6.46334 6.02193 5.63785 5.12401 3.71653 2.99915 2.80511 2.71695 2.64663 2.58432 2.55091 2.46997 2.28506 1.90423 1.71492 1.43855 1.35332 1.35452 1.23429 0.87297 0.66978 0.44298
7.38074 7.37403 7.37626 7.36181 7.31330 7.31981 7.34734 7.35599 7.36306 7.30964 7.25214 7.30727 7.33400 7.35462 7.31757 7.20581 7.11146 7.10569 7.19825 7.20080 7.20561 7.28821 7.31848 7.36713 7.33392 7.23740 7.24595 7.27564 7.15132 7.10130 7.13636 7.17091 7.21914 7.21338 7.17290 7.15490 7.16891 7.14577 7.15150 7.21738 7.24225 7.03033 6.79273 6.69600 6.34415 6.27990 5.93459 5.70985 5.11068 4.17365 3.42554 3.15028 3.01028 2.82504 2.61751 2.42461 1.96905 1.65194 1.47747 1.16221 0.89622 0.67537 0.65255 0.68102 0.55694 0.43352
7.38701 7.39666 7.36238 7.34547 7.30232 7.28175 7.30685 7.31611 7.31140 7.30189 7.32580 7.37353 7.41013 7.40643 7.37174 7.31802 7.25865 7.21139 7.24949 7.31901 7.29234 7.31947 7.35635 7.36511 7.28994 7.19917 7.26051 7.34337 7.27969 7.23067 7.26221 7.30372 7.31932 7.29833 7.25568 7.30422 7.32262 7.32535 7.23671 7.24770 7.30516 7.22529 7.00259 6.72438 6.58016 6.54931 6.13111 5.91541 5.86510 5.42186 4.76405 4.26124 3.76804 3.06137 2.66207 2.33611 1.64636 1.34273 1.08989 0.87525 0.62910 0.48491 0.37577 0.37979 0.34969 0.39690
7.35585 7.39802 7.34373 7.31825 7.34784 7.32573 7.33340 7.34041 7.32641 7.34796 7.39803 7.40859 7.42307 7.42473 7.39006 7.34553 7.31425 7.29288 7.27185 7.27834 7.28344 7.29857 7.29013 7.26539 7.20099 7.20020 7.29605 7.37382 7.35810 7.33116 7.34605 7.37275 7.38402 7.36236 7.36076 7.37781 7.36834 7.34128 7.29356 7.33690 7.36387 7.29603 7.12166 6.85434 6.71628 6.57831 6.13356 5.77189 5.83997 5.96470 5.38194 5.04670 4.28906 3.24397 2.72716 2.31580 1.50808 1.21497 1.04112 0.73727 0.56413 0.37506 0.28061 0.28766 0.43440 0.60421
7.28814 7.36000 7.34610 7.35310 7.40300 7.38744 7.39167 7.40305 7.39411 7.39172 7.41261 7.42415 7.42199 7.43422 7.39670 7.35901 7.35677 7.34407 7.26697 7.17297 7.15942 7.18984 7.17324 7.15939 7.18639 7.25492 7.34248 7.39687 7.38908 7.36233 7.36696 7.39627 7.39497 7.37286 7.37123 7.38967 7.39343 7.37643 7.36174 7.38271 7.37020 7.25457 7.04837 6.84759 6.75483 6.62368 6.22157 5.70920 5.48842 5.81205 5.80684 5.29320 4.56708 3.53390 2.90477 2.44107 1.62887 1.25688 1.05654 0.67720 0.50043 0.37958 0.30042 0.35794 0.52455 0.76443
7.29795 7.35299 7.40089 7.40462 7.41167 7.41703 7.43042 7.44192 7.43414 7.40813 7.40343 7.42937 7.42126 7.42632 7.39563 7.37392 7.38072 7.33085 7.23004 7.15147 7.16302 7.19966 7.19243 7.19609 7.25027 7.32149 7.38105 7.41033 7.39254 7.36505 7.38251 7.41573 7.39749 7.39100 7.36583 7.37648 7.39332 7.38519 7.36779 7.37402 7.31710 7.14345 6.96481 6.87171 6.89809 6.87689 6.57113 6.01168 5.38852 5.42085 5.69806 5.41650 4.73384 4.04492 3.41857 2.67971 1.84089 1.35477 1.14545 0.71034 0.52506 0.48843 0.45381 0.54316 0.70772 1.22018
7.34689 7.36884 7.42306 7.43478 7.43088 7.43838 7.44996 7.44953 7.43931 7.42450 7.39078 7.41355 7.42577 7.42055 7.40524 7.38701 7.35657 7.27476 7.20821 7.21222 7.24686 7.28284 7.26423 7.25298 7.28349 7.34229 7.39011 7.40699 7.38300 7.36124 7.39706 7.43540 7.41694 7.40081 7.38943 7.36246 7.35549 7.34125 7.32718 7.34789 7.25724 7.09532 7.02122 7.05905 7.13311 7.16024 6.91703 6.50823 5.66469 5.24782 5.78286 5.44787 4.93587 4.74085 4.32418 3.26235 2.24241 1.51112 1.31987 1.00578 0.66687 0.67555 0.62111 0.69901 1.06802 1.42122
7.35884 7.36878 7.42139 7.44991 7.45300 7.45695 7.46185 7.45553 7.44288 7.42354 7.39224 7.41884 7.44682 7.43651 7.42728 7.39445 7.32165 7.24872 7.22992 7.25058 7.26206 7.28695 7.25029 7.25782 7.28778 7.32805 7.37294 7.38669 7.36607 7.35780 7.40768 7.44722 7.42867 7.40307 7.39958 7.37505 7.35921 7.33792 7.29482 7.30657 7.23759 7.16832 7.19976 7.27607 7.25558 7.27665 7.07226 6.86165 6.36786 5.40276 5.67620 5.47130 5.31622 5.40441 5.01818 4.02426 2.84637 1.95088 1.54854 1.34836 0.96911 0.79376 0.57444 0.52386 0.64749 1.05339
7.34562 7.38879 7.43531 7.45822 7.46457 7.46641 7.46582 7.45980 7.44727 7.41732 7.40006 7.43484 7.45410 7.44834 7.42535 7.37747 7.31140 7.26662 7.27284 7.29228 7.25199 7.22351 7.21584 7.27929 7.32157 7.33683 7.34199 7.34523 7.34008 7.36242 7.42055 7.44725 7.41922 7.39448 7.40283 7.40961 7.40862 7.39498 7.34632 7.31539 7.30264 7.30898 7.34926 7.34524 7.35485 7.34084 7.18983 7.05543 6.71271 5.82973 6.06455 5.86959 5.72534 5.77851 5.54624 4.68665 3.46215 2.67655 1.93201 1.50804 1.24665 0.88717 0.58044 0.42669 0.48347 0.59789
7.39412 7.42892 7.45150 7.46130 7.46418 7.46487 7.46425 7.45972 7.44536 7.41272 7.40732 7.43567 7.44134 7.43098 7.40062 7.35856 7.31201 7.29075 7.32004 7.35162 7.30438 7.23653 7.26970 7.33829 7.36038 7.34244 7.30048 7.28584 7.31737 7.38420 7.43394 7.42939 7.40197 7.40120 7.41945 7.43523 7.43815 7.43089 7.41420 7.38948 7.38977 7.38829 7.40532 7.40024 7.40109 7.36034 7.25143 7.10785 6.74266 6.25472 6.52387 6.07970 5.87131 5.89634 5.77223 5.08541 4.42974 3.87215 3.05522 1.88868 1.44192 1.11728 0.70266 0.56919 0.61862 0.82723
7.42007 7.44727 7.45486 7.45581 7.45409 7.45420 7.45410 7.45065 7.43753 7.40702 7.37995 7.38847 7.38818 7.36973 7.35738 7.35537 7.31365 7.29450 7.34335 7.36639 7.33415 7.31354 7.34824 7.36166 7.34885 7.32092 7.25632 7.24438 7.33654 7.41570 7.42913 7.40571 7.40348 7.42302 7.44015 7.44737 7.44812 7.44642 7.44432 7.44449 7.44026 7.41344 7.40623 7.41752 7.40228 7.37319 7.29630 7.01891 6.65036 6.55120 6.77757 6.10908 5.85268 6.05102 5.93190 5.54516 5.31067 4.85848 4.36214 3.62682 2.42517 1.67580 1.38846 1.17003 1.31654 1.58984
7.37345 7.43230 7.44296 7.43302 7.42779 7.43340 7.43578 7.43363 7.42699 7.38278 7.27072 7.22883 7.26860 7.29665 7.32424 7.35602 7.32297 7.29231 7.35073 7.36520 7.34857 7.37349 7.38306 7.31610 7.30753 7.32052 7.27410 7.26574 7.36565 7.42299 7.40856 7.39678 7.42180 7.44455 7.45457 7.45755 7.46101 7.46106 7.45404 7.45346 7.45395 7.43292 7.41428 7.41140 7.39643 7.38936 7.29812 7.07619 6.96861 6.97289 7.02520 6.56472 5.88789 6.09075 6.31722 6.29259 5.96912 5.69134 5.30114 4.81615 4.46324 4.08675 3.52197 3.03489 3.17775 3.43521
7.34488 7.39387 7.39707 7.36546 7.37379 7.39670 7.40699 7.41125 7.39699 7.29135 7.11505 7.09678 7.22279 7.32184 7.33314 7.35586 7.36035 7.31447 7.32718 7.34511 7.36884 7.40971 7.36630 7.28421 7.33223 7.37198 7.33084 7.28010 7.34080 7.39090 7.38472 7.40255 7.43477 7.44806 7.45437 7.46058 7.46215 7.45462 7.43601 7.43726 7.45453 7.45796 7.44657 7.43123 7.43309 7.43913 7.39050 7.29400 7.18771 7.06329 6.97062 6.96643 6.32280 6.03096 6.40662 6.57592 6.61247 6.58624 6.24682 5.66159 5.42779 5.19187 4.88971 4.71419 4.68203 4.63970
7.36238 7.35985 7.31776 7.30063 7.32331 7.34414 7.36403 7.37333 7.34806 7.15739 7.06703 7.19433 7.25864 7.36978 7.37405 7.35630 7.37542 7.32875 7.31052 7.32970 7.38325 7.41444 7.35602 7.27948 7.33746 7.37725 7.36200 7.31434 7.31810 7.34949 7.36861 7.40318 7.42196 7.42109 7.43273 7.44716 7.44296 7.41195 7.38431 7.40266 7.43852 7.46406 7.46314 7.45833 7.46167 7.46995 7.45525 7.40836 7.27801 7.06416 6.96298 6.93180 6.85438 6.23266 6.13171 6.55408 6.88113 6.82534 6.50699 6.27573 6.17211 5.91705 5.76225 5.73969 5.66793 5.41126
7.36035 7.31935 7.30481 7.34059 7.32820 7.31692 7.32332 7.28034 7.22830 7.08345 7.10097 7.25243 7.26910 7.36549 7.37715 7.36706 7.34732 7.29163 7.28358 7.34189 7.40168 7.37874 7.33402 7.33763 7.36418 7.39575 7.39054 7.38603 7.37337 7.34852 7.36446 7.39970 7.39979 7.39180 7.40964 7.43301 7.42195 7.38358 7.39115 7.38700 7.41395 7.43676 7.43536 7.44104 7.45561 7.47254 7.46835 7.43401 7.30513 7.16789 7.07233 6.99597 7.12609 6.88326 6.37238 6.37978 6.77839 6.89161 6.85599 6.82635 6.59769 6.63399 6.69880 6.68534 6.46483 5.96502
7.33131 7.33142 7.35978 7.37564 7.34009 7.32786 7.32070 7.23312 7.11348 7.02697 7.18491 7.27853 7.26147 7.33210 7.37757 7.36094 7.30242 7.26124 7.30019 7.37691 7.37461 7.33828 7.35282 7.38122 7.39644 7.38816 7.40649 7.43143 7.41608 7.37592 7.39199 7.42533 7.42189 7.41958 7.40742 7.42564 7.41913 7.40200 7.42400 7.39546 7.40687 7.39675 7.40633 7.41181 7.42882 7.45801 7.46096 7.41212 7.23730 7.21314 7.04804 7.08209 7.12978 6.66103 6.23219 6.51649 6.95520 7.14160 7.16293 7.00438 6.98286 7.13685 7.10857 6.96001 6.89432 6.57213
7.35287 7.37287 7.38842 7.37301 7.32789 7.31604 7.28880 7.19873 7.11145 7.07391 7.18364 7.24491 7.24812 7.29720 7.34600 7.33202 7.28632 7.29616 7.36590 7.38856 7.34077 7.37480 7.41824 7.42147 7.41727 7.40044 7.42863 7.45046 7.42481 7.40683 7.40467 7.42877 7.43482 7.42376 7.41785 7.42394 7.41474 7.40351 7.43164 7.40681 7.39134 7.38748 7.40834 7.38912 7.40924 7.43351 7.42227 7.30049 7.19853 7.32008 7.09617 7.10163 7.04531 6.64256 6.68076 7.01542 7.20299 7.24974 7.23642 7.19326 7.24394 7.29035 7.16598 7.05563 7.11859 7.00889
7.38375 7.38644 7.37595 7.33951 7.28157 7.25291 7.22974 7.12328 7.07813 7.13762 7.18939 7.21103 7.24903 7.30702 7.34505 7.31516 7.29992 7.35611 7.40283 7.35929 7.35002 7.41475 7.44423 7.44271 7.42532 7.41116 7.43706 7.46142 7.45600 7.42768 7.43216 7.45263 7.44821 7.42887 7.41325 7.40531 7.40275 7.40379 7.42901 7.42467 7.40030 7.38438 7.36064 7.35885 7.39580 7.36938 7.29459 7.19913 7.28726 7.31165 7.16382 7.25451 7.20402 6.83678 7.08291 7.23863 7.30303 7.37462 7.37446 7.36129 7.34957 7.31904 7.19089 7.21565 7.21289 7.20992
7.37936 7.36842 7.33564 7.29405 7.24478 7.21068 7.18466 7.09861 7.10470 7.18095 7.19242 7.15073 7.21253 7.29164 7.33015 7.29775 7.32788 7.38770 7.37939 7.33976 7.38488 7.43729 7.44981 7.43440 7.39468 7.39869 7.44307 7.46277 7.46653 7.45978 7.45785 7.45297 7.42214 7.39132 7.38876 7.38523 7.40033 7.41664 7.43056 7.42792 7.39481 7.33964 7.27022 7.30696 7.30980 7.17063 7.17108 7.25611 7.32760 7.21775 7.22357 7.35783 7.19771 6.93405 7.20670 7.33798 7.33948 7.40087 7.40254 7.37139 7.35655 7.35600 7.28051 7.32613 7.29573 7.33714
7.34715 7.33632 7.28858 7.28341 7.29269 7.27118 7.25820 7.18089 7.17336 7.22615 7.22399 7.11427 7.15000 7.23562 7.28738 7.29595 7.36129 7.37925 7.34352 7.34719 7.40856 7.44370 7.43954 7.38989 7.33952 7.34654 7.43054 7.45563 7.45856 7.45524 7.44926 7.43324 7.38382 7.35715 7.37750 7.37686 7.39730 7.41575 7.41650 7.39588 7.34372 7.30565 7.18608 7.13650 7.08305 7.12322 7.29673 7.30311 7.21243 7.16765 7.33597 7.37264 7.23444 7.12124 7.24484 7.35377 7.39123 7.43264 7.43407 7.42421 7.40340 7.40919 7.34233 7.35132 7.34560 7.38306
7.28520 7.28967 7.26671 7.30680 7.33633 7.32314 7.32232 7.22675 7.16720 7.21858 7.27075 7.15449 7.13483 7.20545 7.27425 7.33010 7.38021 7.36394 7.32967 7.35417 7.41240 7.43896 7.41460 7.35180 7.34038 7.28529 7.39605 7.43505 7.42994 7.41119 7.39766 7.37258 7.31197 7.30868 7.34476 7.34584 7.37909 7.40755 7.38757 7.34836 7.32006 7.35499 7.31200 7.19950 7.18930 7.31557 7.25871 7.14285 7.20360 7.32162 7.39245 7.42171 7.36480 7.22504 7.22230 7.36757 7.42264 7.45356 7.45036 7.44390 7.43642 7.44026 7.40263 7.38259 7.40212 7.43048
7.26155 7.25994 7.29341 7.33964 7.34007 7.33126 7.34047 7.25177 7.12719 7.15224 7.27934 7.18195 7.14518 7.21399 7.27902 7.34132 7.37064 7.34374 7.32489 7.35832 7.40824 7.42441 7.39556 7.36060 7.36208 7.29386 7.34625 7.38268 7.35118 7.29608 7.28183 7.28126 7.25497 7.28867 7.32252 7.31017 7.35113 7.40321 7.36187 7.33530 7.35939 7.40864 7.40998 7.37426 7.37630 7.36403 7.20009 7.17989 7.26490 7.27997 7.36212 7.39428 7.31419 7.31164 7.29644 7.37186 7.42298 7.43480 7.42008 7.42781 7.41838 7.41156 7.41625 7.43127 7.43303 7.43971
