mrvbf_slope1.2_pctl1.2.asc
NCOLS 410
NROWS 410
XLLCORNER 2398750.0000000000000000
YLLCORNER 2548750.0000000000000000
CELLSIZE 250.0000000000000000
NODATA_VALUE -99999.00000
[rows 58 to 86 of 410, columns 66 to 131 of 410]
7.82934 7.82661 7.82553 7.82590 7.82575 7.82328 7.82053 7.82056 7.82131 7.82077 7.82162 7.82307 7.82034 7.81964 7.82291 7.82459 7.82477 7.82436 7.82185 7.81866 7.81868 7.82174 7.82575 7.82741 7.82763 7.82671 7.82509 7.82407 7.82410 7.82295 7.82307 7.82471 7.82561 7.82580 7.82608 7.82592 7.82556 7.82479 7.82261 7.81935 7.81783 7.81598 7.81196 7.80731 7.80016 7.79127 7.79772 7.81056 7.81704 7.81884 7.81983 7.81840 7.81798 7.81665 7.80404 7.74461 7.74085 7.72637 7.78907 7.81010 7.80950 7.80007 7.80904 7.80479 7.81381 7.81489
7.83065 7.82767 7.82351 7.82230 7.82403 7.82521 7.82568 7.82665 7.82658 7.82607 7.82562 7.82484 7.82409 7.82404 7.82562 7.82644 7.82593 7.82539 7.82323 7.82104 7.81980 7.81870 7.82133 7.82361 7.82379 7.82175 7.81802 7.81588 7.82145 7.82310 7.82286 7.82422 7.82561 7.82613 7.82619 7.82572 7.82485 7.82316 7.82042 7.81939 7.82118 7.82083 7.81784 7.81394 7.80682 7.79454 7.79236 7.80711 7.81446 7.81814 7.82017 7.81913 7.81716 7.81456 7.80632 7.78108 7.72511 7.76676 7.79298 7.80448 7.80469 7.80879 7.78915 7.74875 7.79232 7.81305
7.82792 7.82482 7.82066 7.82011 7.82393 7.82719 7.82841 7.82792 7.82665 7.82614 7.82631 7.82599 7.82582 7.82588 7.82618 7.82648 7.82619 7.82515 7.82336 7.82331 7.82306 7.82069 7.82033 7.82059 7.81960 7.81695 7.81307 7.81250 7.81610 7.82351 7.82338 7.82378 7.82516 7.82587 7.82581 7.82520 7.82390 7.82182 7.81981 7.82062 7.82240 7.82136 7.81835 7.81335 7.80618 7.79843 7.79661 7.80450 7.81338 7.81701 7.81867 7.81982 7.81869 7.81503 7.81001 7.79202 7.76381 7.77698 7.80033 7.79074 7.78416 7.78162 7.74489 7.76426 7.75045 7.80322
7.82247 7.81729 7.81631 7.81769 7.82190 7.82598 7.82779 7.82717 7.82637 7.82719 7.82801 7.82797 7.82725 7.82590 7.82414 7.82393 7.82404 7.82360 7.82289 7.82349 7.82429 7.82264 7.82142 7.82070 7.81937 7.81808 7.81770 7.81684 7.81726 7.82373 7.82346 7.82346 7.82451 7.82523 7.82518 7.82442 7.82300 7.82118 7.81964 7.81943 7.81914 7.81683 7.81398 7.81114 7.80777 7.80373 7.80102 7.80287 7.80947 7.81330 7.81496 7.81725 7.81796 7.81538 7.80854 7.78177 7.77362 7.73905 7.77756 7.78376 7.78543 7.77663 7.77349 7.79429 7.78030 7.80781
7.81662 7.81011 7.81280 7.82118 7.82213 7.82501 7.82731 7.82683 7.82720 7.82835 7.82863 7.82818 7.82652 7.82375 7.82058 7.81847 7.81811 7.81949 7.82152 7.82312 7.82424 7.82369 7.82296 7.82252 7.82154 7.82123 7.82212 7.81910 7.81953 7.82380 7.82311 7.82300 7.82383 7.82441 7.82423 7.82346 7.82209 7.82033 7.81854 7.81662 7.81373 7.80997 7.80928 7.81127 7.81173 7.80831 7.80364 7.80114 7.80298 7.80718 7.81046 7.81150 7.81452 7.81458 7.81326 7.79482 7.73902 7.75365 7.75244 7.78809 7.78840 7.78747 7.73185 7.75679 7.74781 7.80185
7.81218 7.81584 7.81636 7.82224 7.82287 7.82463 7.82696 7.82675 7.82742 7.82812 7.82797 7.82709 7.82439 7.82076 7.81840 7.81565 7.81384 7.81546 7.81900 7.82201 7.82365 7.82403 7.82410 7.82413 7.82316 7.82282 7.82309 7.81950 7.81890 7.82254 7.82189 7.82241 7.82318 7.82340 7.82302 7.82225 7.82074 7.81850 7.81595 7.81287 7.80876 7.80605 7.80805 7.81207 7.81470 7.81223 7.80648 7.80079 7.79809 7.79974 7.80308 7.80861 7.81208 7.81446 7.81424 7.81039 7.78493 7.74411 7.77784 7.79752 7.80540 7.78808 7.72504 7.71399 7.78185 7.80793
7.81666 7.81996 7.81944 7.82431 7.82338 7.82410 7.82618 7.82599 7.82624 7.82684 7.82671 7.82564 7.82217 7.81827 7.81724 7.81727 7.81720 7.81619 7.81761 7.82063 7.82264 7.82347 7.82406 7.82446 7.82349 7.82237 7.82237 7.81777 7.81572 7.81960 7.82114 7.82187 7.82247 7.82227 7.82163 7.82043 7.81827 7.81543 7.81236 7.80898 7.80586 7.80680 7.80890 7.81111 7.81506 7.81510 7.81098 7.80426 7.79736 7.79433 7.79487 7.79972 7.80803 7.81242 7.81232 7.81186 7.80735 7.79385 7.79986 7.80577 7.80150 7.74877 7.76009 7.74542 7.79826 7.80921
7.82256 7.82187 7.82039 7.82427 7.82305 7.82316 7.82477 7.82452 7.82360 7.82401 7.82462 7.82383 7.82068 7.81771 7.81718 7.81910 7.82157 7.81963 7.81837 7.81965 7.82127 7.82226 7.82311 7.82377 7.82317 7.82082 7.81878 7.81730 7.81327 7.81587 7.82012 7.82056 7.82128 7.82059 7.81970 7.81764 7.81481 7.81205 7.80974 7.80800 7.80809 7.81077 7.80881 7.80963 7.81469 7.81603 7.81416 7.81007 7.80346 7.79628 7.79070 7.78965 7.79772 7.80581 7.81057 7.81090 7.81115 7.80926 7.80589 7.80681 7.78672 7.71693 7.72720 7.78705 7.80746 7.80900
7.82386 7.82272 7.82129 7.82300 7.82309 7.82171 7.82215 7.82174 7.82062 7.82059 7.82190 7.82245 7.82118 7.81904 7.81749 7.81776 7.81972 7.81948 7.81812 7.81863 7.82007 7.82125 7.82209 7.82276 7.82272 7.82073 7.81713 7.81553 7.81417 7.81669 7.81967 7.81984 7.81940 7.81753 7.81653 7.81428 7.81143 7.80981 7.80979 7.81085 7.81247 7.81344 7.80915 7.80719 7.81185 7.81475 7.81437 7.81240 7.80907 7.80370 7.79773 7.79050 7.79061 7.80022 7.80804 7.81193 7.81206 7.81046 7.80705 7.79628 7.72577 7.70317 7.71815 7.79248 7.80557 7.80637
7.82352 7.82236 7.82166 7.82284 7.82255 7.81958 7.81856 7.81815 7.81815 7.81856 7.82016 7.82218 7.82256 7.82078 7.81847 7.81640 7.81557 7.81620 7.81687 7.81805 7.81957 7.82087 7.82154 7.82196 7.82229 7.82156 7.81923 7.81671 7.81695 7.81943 7.81973 7.81867 7.81662 7.81475 7.81236 7.81105 7.80917 7.81008 7.81230 7.81394 7.81434 7.81354 7.81006 7.80566 7.80724 7.81130 7.81213 7.81033 7.80701 7.80272 7.79811 7.79158 7.79062 7.80030 7.80835 7.81086 7.81079 7.80767 7.80417 7.77987 7.69616 7.69200 7.73637 7.79600 7.80456 7.80383
7.82125 7.82060 7.82035 7.82258 7.82098 7.81779 7.81505 7.81520 7.81666 7.81682 7.81838 7.82113 7.82258 7.82216 7.82062 7.81832 7.81634 7.81606 7.81734 7.81872 7.81997 7.82096 7.82128 7.82124 7.82105 7.82012 7.81919 7.81908 7.81915 7.81966 7.81870 7.81650 7.81460 7.81195 7.81022 7.80878 7.80861 7.81181 7.81314 7.81250 7.81117 7.80932 7.80802 7.80663 7.80561 7.80743 7.80679 7.80264 7.79751 7.79378 7.79099 7.78958 7.79333 7.80236 7.80835 7.80960 7.80715 7.80490 7.79689 7.74318 7.72205 7.70219 7.77976 7.80366 7.80560 7.80395
7.81727 7.81716 7.81832 7.82146 7.82072 7.81665 7.81204 7.81374 7.81696 7.81504 7.81592 7.81894 7.82046 7.82140 7.82188 7.82111 7.82013 7.81936 7.81956 7.82015 7.82062 7.82091 7.82072 7.81999 7.81842 7.81564 7.81376 7.81463 7.81687 7.81826 7.81752 7.81459 7.81237 7.81030 7.81066 7.80809 7.80914 7.81091 7.80985 7.80926 7.80920 7.80839 7.80701 7.80641 7.80696 7.80526 7.79953 7.79350 7.79002 7.78902 7.78904 7.79086 7.79618 7.80259 7.80652 7.80784 7.80624 7.80501 7.79087 7.76307 7.73387 7.76000 7.79954 7.80602 7.80639 7.80468
7.81489 7.81233 7.81281 7.81868 7.82033 7.81649 7.81139 7.81270 7.81740 7.81495 7.81336 7.81438 7.81518 7.81721 7.81944 7.82087 7.82139 7.82122 7.82087 7.82043 7.81994 7.81957 7.81912 7.81811 7.81514 7.81153 7.81009 7.80981 7.81198 7.81539 7.81478 7.81027 7.80877 7.81062 7.81191 7.81017 7.80922 7.80819 7.80861 7.81019 7.81103 7.81100 7.80984 7.80821 7.80580 7.79949 7.79288 7.78993 7.78915 7.78961 7.79074 7.79324 7.79723 7.80035 7.80400 7.80689 7.80361 7.78223 7.74419 7.77157 7.77469 7.79569 7.80355 7.80462 7.80617 7.80473
7.81678 7.81054 7.80458 7.81232 7.81888 7.81678 7.81167 7.81142 7.81582 7.81589 7.81260 7.81066 7.81077 7.81267 7.81523 7.81802 7.81970 7.81976 7.81900 7.81793 7.81698 7.81657 7.81656 7.81618 7.81325 7.81000 7.81195 7.81011 7.80951 7.81214 7.81039 7.80616 7.80791 7.81032 7.81254 7.81186 7.80949 7.80938 7.81050 7.81012 7.80877 7.80811 7.80719 7.80510 7.79982 7.79213 7.78941 7.78941 7.79026 7.79180 7.79324 7.79451 7.79575 7.79718 7.79870 7.80238 7.79458 7.74321 7.73611 7.72194 7.78386 7.79800 7.79770 7.79957 7.80239 7.80063
7.81756 7.81281 7.80105 7.80532 7.81639 7.81723 7.81173 7.80936 7.81259 7.81551 7.81463 7.81310 7.81196 7.81083 7.81172 7.81439 7.81666 7.81646 7.81514 7.81387 7.81301 7.81284 7.81326 7.81382 7.81334 7.81022 7.81080 7.81206 7.81106 7.81195 7.80942 7.80739 7.81008 7.80868 7.81098 7.81182 7.81111 7.81089 7.80882 7.80415 7.80069 7.79856 7.79719 7.79562 7.79177 7.78752 7.78754 7.79035 7.79304 7.79478 7.79534 7.79469 7.79459 7.79604 7.79432 7.79652 7.79733 7.76322 7.68980 7.69536 7.76361 7.76025 7.76444 7.78103 7.79463 7.79696
7.81557 7.81426 7.80514 7.80569 7.81681 7.81780 7.81167 7.80731 7.80967 7.81481 7.81708 7.81653 7.81439 7.81184 7.81031 7.81055 7.81178 7.81133 7.81050 7.80999 7.80985 7.80988 7.81013 7.81057 7.81097 7.81030 7.81119 7.81259 7.81112 7.81152 7.81005 7.80780 7.80876 7.80939 7.80989 7.81060 7.81091 7.80914 7.80327 7.79723 7.79505 7.79191 7.78904 7.78795 7.78731 7.78513 7.78825 7.79439 7.79700 7.79705 7.79603 7.79510 7.79623 7.79766 7.79284 7.79191 7.79459 7.76645 7.71308 7.73818 7.71726 7.69103 7.69260 7.71629 7.76467 7.78570
7.81593 7.81442 7.80683 7.80948 7.81734 7.81680 7.81058 7.80624 7.80894 7.81485 7.81798 7.81754 7.81598 7.81390 7.81117 7.80852 7.80716 7.80722 7.80772 7.80831 7.80879 7.80875 7.80857 7.80852 7.80838 7.80842 7.80980 7.81045 7.80948 7.81031 7.80994 7.80868 7.80882 7.80766 7.80829 7.80886 7.80900 7.80607 7.79857 7.79357 7.79419 7.79361 7.79178 7.78965 7.78812 7.78985 7.79568 7.79880 7.79971 7.79774 7.79577 7.79576 7.79872 7.80014 7.79275 7.78694 7.78018 7.76035 7.75051 7.68799 7.67260 7.70071 7.70090 7.66700 7.67543 7.72883
7.81687 7.81500 7.80998 7.81296 7.81705 7.81519 7.80891 7.80587 7.80983 7.81533 7.81793 7.81800 7.81733 7.81584 7.81323 7.81015 7.80813 7.80801 7.80886 7.80983 7.81024 7.80989 7.80929 7.80893 7.80878 7.80913 7.81008 7.80929 7.80839 7.81004 7.80919 7.80854 7.80876 7.80855 7.80695 7.80605 7.80580 7.80196 7.79477 7.79169 7.79372 7.79547 7.79627 7.79612 7.79637 7.79894 7.79944 7.80112 7.80102 7.79781 7.79476 7.79471 7.79892 7.80214 7.79319 7.78220 7.76193 7.76550 7.73079 7.68383 7.69768 7.67300 7.68313 7.64783 7.67785 7.73011
7.81728 7.81566 7.81172 7.81366 7.81612 7.81231 7.80637 7.80597 7.81159 7.81594 7.81760 7.81818 7.81812 7.81712 7.81534 7.81362 7.81257 7.81213 7.81238 7.81291 7.81291 7.81228 7.81144 7.81092 7.81090 7.81111 7.81022 7.80766 7.80830 7.81027 7.80788 7.80657 7.80702 7.80758 7.80622 7.80375 7.80222 7.79802 7.79275 7.79163 7.79339 7.79631 7.79928 7.80090 7.80208 7.80306 7.80263 7.80221 7.80109 7.79766 7.79385 7.79222 7.79491 7.79825 7.79215 7.78796 7.77964 7.74850 7.70016 7.67038 7.68688 7.70414 7.74605 7.74550 7.71256 7.72823
7.81527 7.81434 7.81360 7.81470 7.81464 7.80800 7.80440 7.80830 7.81379 7.81598 7.81710 7.81781 7.81800 7.81733 7.81633 7.81579 7.81566 7.81537 7.81515 7.81510 7.81479 7.81415 7.81331 7.81258 7.81216 7.81125 7.80877 7.80691 7.80843 7.80838 7.80523 7.80501 7.80627 7.80652 7.80533 7.80305 7.80056 7.79663 7.79259 7.79198 7.79377 7.79739 7.80024 7.80203 7.80327 7.80383 7.80392 7.80390 7.80269 7.79954 7.79506 7.79100 7.79025 7.79237 7.79004 7.79286 7.79326 7.77271 7.75511 7.70303 7.70974 7.76879 7.78551 7.78369 7.77173 7.77563
7.81233 7.81126 7.81343 7.81498 7.81131 7.80369 7.80393 7.81068 7.81437 7.81632 7.81736 7.81763 7.81741 7.81667 7.81588 7.81587 7.81593 7.81541 7.81480 7.81451 7.81441 7.81430 7.81395 7.81313 7.81219 7.81084 7.80828 7.80635 7.80676 7.80549 7.80335 7.80507 7.80589 7.80588 7.80474 7.80290 7.80027 7.79632 7.79258 7.79220 7.79422 7.79707 7.79916 7.80130 7.80200 7.80134 7.80241 7.80373 7.80340 7.80144 7.79800 7.79425 7.79031 7.78886 7.79116 7.79684 7.79562 7.78319 7.76349 7.76499 7.77164 7.78629 7.78670 7.78164 7.77910 7.78310
7.80990 7.80789 7.81220 7.81498 7.80890 7.80151 7.80412 7.80911 7.81360 7.81668 7.81743 7.81746 7.81712 7.81624 7.81486 7.81444 7.81385 7.81230 7.81116 7.81094 7.81140 7.81216 7.81292 7.81285 7.81189 7.81066 7.80885 7.80651 7.80535 7.80495 7.80474 7.80599 7.80617 7.80512 7.80371 7.80141 7.79892 7.79562 7.79252 7.79205 7.79276 7.79686 7.79820 7.79848 7.79828 7.79699 7.79991 7.80232 7.80165 7.79878 7.79674 7.79829 7.79692 7.79499 7.79749 7.79769 7.79215 7.78701 7.78534 7.78693 7.78710 7.79045 7.78821 7.78352 7.78458 7.78448
7.80768 7.80480 7.81107 7.81506 7.80708 7.79611 7.80229 7.80571 7.81068 7.81549 7.81655 7.81658 7.81646 7.81580 7.81411 7.81281 7.81065 7.80791 7.80670 7.80669 7.80754 7.80893 7.81036 7.81138 7.81132 7.81051 7.80958 7.80845 7.80742 7.80709 7.80617 7.80567 7.80575 7.80451 7.80165 7.79956 7.79556 7.79287 7.79076 7.79052 7.79056 7.79560 7.79781 7.79504 7.79442 7.79524 7.79760 7.80107 7.79941 7.79751 7.79714 7.79722 7.79958 7.80131 7.80182 7.79864 7.79184 7.78741 7.78845 7.79241 7.79216 7.79372 7.79131 7.78564 7.78816 7.78938
7.80593 7.80311 7.81078 7.81584 7.81122 7.79658 7.79381 7.80351 7.80623 7.81173 7.81508 7.81542 7.81530 7.81467 7.81292 7.81045 7.80633 7.80432 7.80485 7.80477 7.80437 7.80494 7.80644 7.80855 7.80986 7.80948 7.80845 7.80812 7.80820 7.80798 7.80632 7.80427 7.80415 7.80389 7.80157 7.79670 7.79468 7.78890 7.78833 7.78894 7.79163 7.78887 7.79434 7.79524 7.79270 7.79503 7.79921 7.80116 7.80000 7.79781 7.79756 7.79988 7.80046 7.80190 7.80247 7.80029 7.79531 7.78895 7.78570 7.79104 7.79343 7.79504 7.79401 7.78662 7.78617 7.79142
7.80542 7.80239 7.81005 7.81549 7.81265 7.79959 7.79044 7.80100 7.80503 7.80751 7.81251 7.81412 7.81381 7.81274 7.81061 7.80613 7.80352 7.80571 7.80756 7.80721 7.80525 7.80303 7.80238 7.80460 7.80713 7.80768 7.80749 7.80810 7.80816 7.80753 7.80626 7.80397 7.80201 7.80135 7.80025 7.79703 7.79301 7.79240 7.79276 7.79065 7.78916 7.79251 7.79563 7.79679 7.79569 7.79591 7.79756 7.79843 7.80087 7.80041 7.79942 7.80078 7.80112 7.80095 7.80128 7.80070 7.79890 7.79493 7.79010 7.79089 7.79436 7.79668 7.79620 7.78916 7.78464 7.78914
7.80667 7.80306 7.80912 7.81479 7.81299 7.80320 7.79084 7.79545 7.80553 7.80523 7.80827 7.81196 7.81189 7.81048 7.80679 7.80277 7.80561 7.80923 7.81009 7.80976 7.80839 7.80568 7.80250 7.80236 7.80497 7.80655 7.80735 7.80774 7.80733 7.80649 7.80539 7.80388 7.80148 7.79882 7.79692 7.79559 7.79415 7.79377 7.79303 7.79363 7.79487 7.79541 7.79591 7.79702 7.79803 7.79553 7.79468 7.79527 7.79859 7.80081 7.80022 7.80024 7.80042 7.79908 7.79835 7.79814 7.79779 7.79694 7.79475 7.79465 7.79650 7.79715 7.79380 7.78790 7.78543 7.78828
7.80901 7.80394 7.80676 7.81323 7.81301 7.80674 7.79490 7.79050 7.79947 7.80426 7.80457 7.80723 7.80888 7.80790 7.80354 7.80364 7.80828 7.81016 7.81055 7.81011 7.80907 7.80729 7.80409 7.80246 7.80450 7.80626 7.80706 7.80682 7.80611 7.80514 7.80396 7.80255 7.80044 7.79669 7.79368 7.79318 7.79344 7.79359 7.79396 7.79617 7.79743 7.79662 7.79589 7.79641 7.79605 7.79460 7.79453 7.79261 7.79607 7.79955 7.79878 7.79778 7.79747 7.79652 7.79564 7.79509 7.79460 7.79428 7.79452 7.79639 7.79719 7.79307 7.78350 7.78398 7.78766 7.78799
7.80940 7.80587 7.80408 7.80963 7.81163 7.80799 7.80019 7.79091 7.79147 7.80020 7.80266 7.80397 7.80480 7.80379 7.80189 7.80487 7.80881 7.81004 7.81020 7.80922 7.80751 7.80474 7.80162 7.80139 7.80381 7.80528 7.80581 7.80544 7.80460 7.80347 7.80210 7.80029 7.79721 7.79276 7.79086 7.79144 7.79241 7.79297 7.79441 7.79647 7.79732 7.79706 7.79578 7.79468 7.79424 7.79499 7.79362 7.79162 7.79601 7.79738 7.79549 7.79421 7.79428 7.79467 7.79492 7.79476 7.79434 7.79392 7.79501 7.79661 7.79481 7.78435 7.78034 7.78405 7.78782 7.78542
7.81030 7.80817 7.80572 7.80803 7.81042 7.80848 7.80465 7.79705 7.78682 7.78902 7.79655 7.80249 7.80294 7.80069 7.80027 7.80471 7.80851 7.80932 7.80868 7.80678 7.80312 7.79927 7.79854 7.80073 7.80285 7.80349 7.80370 7.80370 7.80282 7.80142 7.79946 7.79618 7.79170 7.78848 7.78891 7.79038 7.79124 7.79155 7.79333 7.79479 7.79539 7.79566 7.79507 7.79370 7.79349 7.79508 7.79421 7.79197 7.79355 7.79327 7.79176 7.79159 7.79287 7.79466 7.79598 7.79647 7.79655 7.79617 7.79627 7.79679 7.79460 7.78716 7.78157 7.78421 7.78742 7.78405
