mrvbf_slope0.6_pctl0.8.asc
NCOLS 410
NROWS 410
XLLCORNER 2398750.0000000000000000
YLLCORNER 2548750.0000000000000000
CELLSIZE 250.0000000000000000
NODATA_VALUE -99999.00000
[rows 377 to 405 of 410, columns 264 to 329 of 410]
3.47554 3.39806 3.35452 2.82984 1.67255 2.17405 2.31217 2.33685 2.57715 3.01927 3.30552 3.19625 3.07148 2.89011 2.76382 2.85694 3.13479 3.17051 2.89160 2.68475 2.56439 2.51758 2.53734 2.57005 2.51871 2.51117 2.33844 1.87884 1.55265 1.42478 1.40058 1.08012 0.65731 0.57514 0.53874 0.55401 0.67910 1.37299 1.42689 0.90950 0.64285 0.69377 0.75475 0.84228 0.69525 0.51080 0.62085 1.54091 1.55397 1.07029 0.59367 0.51321 0.52527 0.56241 0.63745 0.48801 0.31682 0.24327 0.30815 0.41510 0.51669 0.57031 0.58520 0.68730 0.91195 1.47825
3.44240 3.40466 3.24428 2.57378 2.01768 2.70138 2.75180 2.52145 2.75102 3.31473 3.44581 3.36909 3.22258 3.11020 3.12482 3.15017 3.19848 2.99819 2.77787 2.65666 2.58433 2.60185 2.66675 2.61314 2.57015 2.50762 2.32148 2.03287 1.71654 1.58839 1.54008 1.33649 0.79126 0.62637 0.64361 0.77658 1.08166 1.71798 1.31879 0.71166 0.60109 0.63734 0.61606 0.67469 0.64926 0.56728 0.68368 1.49512 1.68433 1.45861 0.88518 0.53273 0.46109 0.43393 0.46102 0.43600 0.32059 0.31839 0.37954 0.46541 0.57109 0.62462 0.60870 0.68334 0.86909 1.28561
3.40041 3.12504 2.56949 2.00899 1.36382 2.47145 2.68575 2.46974 2.48448 3.13625 3.42331 3.42270 3.29894 3.22003 3.10503 2.83606 2.70200 2.69735 2.69993 2.63366 2.58979 2.61017 2.63894 2.57494 2.48286 2.35462 2.13465 1.90961 1.83076 1.85845 1.72756 1.56958 1.30802 0.99861 1.10677 1.37316 1.47564 1.45339 1.15409 0.65452 0.64160 0.77876 0.61949 0.62782 0.61891 0.71876 0.89861 1.51999 1.57336 1.50343 1.47332 0.84850 0.52776 0.39736 0.35902 0.38885 0.36402 0.37938 0.42723 0.50350 0.60003 0.63144 0.62693 0.66037 0.82751 1.05153
3.03176 2.35374 1.91634 1.27887 2.23165 2.86013 2.84714 2.51458 2.52739 3.07246 3.36029 3.38198 3.35488 3.23012 2.88707 2.60717 2.54655 2.63018 2.67798 2.62505 2.58598 2.58717 2.58765 2.54922 2.46173 2.31859 2.05534 1.80987 1.79568 1.89391 1.92725 1.80733 1.66034 1.55563 1.59433 1.72250 1.81719 1.67723 1.37285 0.79353 0.77712 1.04391 0.82721 0.66647 0.64080 0.73455 0.89586 1.47448 1.30663 1.23903 1.58607 1.50719 0.98365 0.56933 0.51591 0.54101 0.52908 0.45629 0.48760 0.54704 0.55173 0.55618 0.62025 0.68377 0.82687 0.94556
2.51079 2.31639 2.24062 2.45872 2.74502 2.99515 2.71409 2.55099 2.60011 2.99285 3.29272 3.39498 3.36906 3.18506 2.81837 2.76026 2.85214 2.81719 2.75161 2.64186 2.59548 2.60004 2.61271 2.60935 2.55985 2.42736 2.15797 1.98142 2.06880 2.11425 2.12491 2.18340 1.95420 1.69886 1.67757 1.71751 1.76845 1.74578 1.65382 1.38193 1.15789 1.29961 1.32484 0.96718 0.74937 0.76187 1.00354 1.33847 1.12193 0.89834 1.09296 1.16357 1.38367 1.42870 1.31502 1.06277 0.65224 0.53778 0.59656 0.66947 0.67503 0.63842 0.68760 0.80340 0.97324 1.05691
2.54858 2.61565 2.67430 2.86727 3.10597 2.99932 2.66599 2.59220 2.65994 3.04103 3.28117 3.43346 3.35167 3.04659 2.70718 2.80171 2.90094 2.97457 2.80758 2.63581 2.59574 2.61842 2.66275 2.67685 2.59956 2.43013 2.16730 2.08204 2.19026 2.34804 2.42578 2.37558 1.99796 1.77073 1.68388 1.65264 1.79102 1.97191 1.87244 1.56936 1.34603 1.44476 1.57517 1.41710 0.82947 0.68737 0.82732 0.91804 0.90820 0.59772 0.48734 0.55591 1.16105 1.61159 1.59953 1.52061 0.89494 0.67042 0.76414 0.92271 0.93412 0.86432 0.87517 0.93465 1.05039 1.12929
2.65305 2.79395 3.05845 3.14292 2.87421 2.62098 2.51110 2.63968 2.94126 3.24360 3.24576 3.30733 3.37106 3.20774 2.72018 2.55088 2.65963 2.75019 2.64908 2.56682 2.55549 2.59700 2.66075 2.69177 2.61582 2.43348 2.18461 2.11474 2.23973 2.46157 2.54670 2.31381 1.93756 1.89349 1.83681 1.74118 1.74485 1.81743 1.59949 1.11624 0.89479 1.40390 1.55903 1.24056 0.73509 0.63944 0.65058 0.64327 0.58528 0.45377 0.37614 0.49962 0.87688 1.27664 1.06015 0.61568 0.44945 0.52359 0.62716 0.72443 0.91147 0.98280 1.01380 1.12832 1.14354 1.15913
2.71200 2.75728 3.03540 3.42885 3.03363 2.50849 2.15154 2.62090 2.99965 3.05821 2.96890 2.93119 3.12785 3.26520 3.00928 2.63061 2.58579 2.58627 2.52783 2.47150 2.48037 2.54564 2.61579 2.64214 2.57209 2.43694 2.31074 2.24116 2.27135 2.46306 2.51869 2.07980 1.64115 1.62393 1.73980 1.83036 1.79415 1.71973 1.43963 0.83465 0.77742 1.40288 1.50146 1.03902 0.75655 0.75366 0.71196 0.68815 0.55087 0.41656 0.40766 0.52613 0.79772 0.70541 0.62629 0.40693 0.36621 0.45046 0.54135 0.59644 0.68946 0.76489 0.81767 0.92867 1.04639 1.12521
2.80855 2.77841 2.82712 3.10295 2.89508 2.49054 2.07936 2.50762 2.59737 2.43683 2.29757 2.27316 2.43894 2.60600 2.54448 2.44200 2.44960 2.48261 2.44171 2.37415 2.42796 2.53550 2.58931 2.60798 2.53854 2.46118 2.43301 2.37162 2.25829 2.34267 2.24121 1.54011 1.15514 1.09295 1.32905 1.62308 1.73797 1.72150 1.54214 1.29006 1.10692 1.21945 1.30303 0.92645 1.01240 1.19106 1.11662 1.09424 0.73418 0.52750 0.51241 0.71660 0.74464 0.57940 0.51249 0.32673 0.33173 0.44869 0.53850 0.58137 0.62882 0.66956 0.70688 0.81949 1.03129 1.10125
2.91045 2.81293 2.81789 2.96837 2.82800 2.40397 1.93614 2.28028 2.17196 1.85095 1.67784 1.69236 1.88490 2.05691 2.07090 2.05466 2.16253 2.35839 2.41256 2.36426 2.45645 2.59425 2.58990 2.57070 2.49522 2.44038 2.43287 2.39133 2.26183 2.13325 1.74376 1.16532 0.94859 0.91599 1.07647 1.35640 1.56880 1.64613 1.63224 1.64507 1.60148 1.49424 1.38128 1.32290 1.34631 1.48725 1.52586 1.43144 1.16392 0.92043 0.98496 0.90788 0.64160 0.53830 0.44180 0.30626 0.33137 0.45994 0.53556 0.56806 0.60769 0.66585 0.69176 0.74188 0.84369 0.92082
3.08718 2.78560 2.74751 2.80661 2.63449 2.25236 2.10009 2.10677 1.75446 1.50457 1.38227 1.33535 1.51824 1.69997 1.73358 1.70213 1.81681 2.19823 2.42522 2.40708 2.47540 2.60923 2.59923 2.53279 2.44445 2.39554 2.39276 2.37972 2.34552 2.15153 1.60965 1.10581 0.97733 1.15898 1.23282 0.88099 0.92112 1.22518 1.35348 1.45787 1.51030 1.59129 1.68948 1.67153 1.58607 1.49850 1.21039 0.84922 0.78141 0.81902 0.76997 0.73289 0.53676 0.46129 0.34442 0.25342 0.33219 0.46007 0.51498 0.55471 0.58796 0.61097 0.63155 0.72829 0.87871 0.98789
2.86874 2.60401 2.73648 2.74592 2.59878 2.43614 2.31979 1.95922 1.52497 1.34743 1.27573 1.17631 1.36606 1.67248 1.69046 1.53325 1.55150 1.87408 2.24334 2.33822 2.43009 2.54406 2.56168 2.49640 2.39865 2.36561 2.39960 2.44777 2.47866 2.30739 1.71980 1.23498 0.99714 0.95481 0.69882 0.56867 0.57356 0.78701 1.11253 1.31961 1.17142 1.29643 1.71111 1.49568 1.23064 1.22144 0.96102 0.64297 0.60715 0.62952 0.72894 0.71404 0.55175 0.40103 0.23719 0.18889 0.28195 0.41184 0.47643 0.52930 0.56259 0.57916 0.60738 0.73406 0.98821 1.17268
2.42095 2.56295 2.80486 2.82427 2.70391 2.60953 2.38375 1.86012 1.44656 1.29199 1.68964 2.11145 1.99172 2.16043 1.94425 1.64873 1.56303 1.58798 1.86537 2.07168 2.26478 2.41994 2.48009 2.43214 2.31262 2.31140 2.38372 2.41125 2.42152 2.38902 1.93202 1.48789 1.17703 0.86836 0.66509 0.57677 0.58038 0.60339 0.78407 1.21602 0.72031 0.83502 1.62601 1.31517 0.72263 0.82211 1.03878 0.68163 0.53400 0.47713 0.58340 0.72882 0.54463 0.35370 0.19126 0.16578 0.22333 0.35466 0.42922 0.49196 0.53837 0.56428 0.59352 0.67342 0.91313 1.21253
2.36716 2.61036 2.87653 2.87378 2.78619 2.76143 2.36165 1.72249 1.42642 1.58079 2.23369 2.16909 2.29132 2.43785 2.00546 1.70771 1.83187 1.57174 1.63358 1.77577 1.97904 2.17439 2.26503 2.21657 2.06818 2.09476 2.15261 2.18751 2.30503 2.36968 2.16148 1.73364 1.51429 1.35977 1.17038 0.73923 0.58248 0.50042 0.55056 0.94942 0.65368 0.69278 1.29598 1.44493 0.94255 0.78737 0.80798 0.98866 0.60098 0.44748 0.61898 0.83849 0.50834 0.32925 0.19404 0.19903 0.19691 0.29471 0.38621 0.45121 0.50723 0.54894 0.58532 0.64230 0.79101 1.09860
2.60246 2.60378 2.87679 2.81118 2.65513 2.64441 2.28501 1.55908 1.38016 1.98739 2.41833 2.47238 2.72202 2.56222 1.97189 1.58473 1.73238 1.66736 1.62622 1.66593 1.76724 1.87222 1.85818 1.81282 1.71636 1.64357 1.62716 1.80286 2.21024 2.20843 2.05094 1.87169 1.69654 1.56045 1.46728 1.04939 0.67262 0.50449 0.54298 0.75130 0.73038 0.70000 0.96887 1.56178 1.23123 0.93635 0.69896 0.84729 0.83500 0.72297 0.79875 0.80541 0.59647 0.42220 0.28180 0.28791 0.27899 0.35164 0.39432 0.44478 0.47391 0.51345 0.55961 0.60822 0.71215 1.07749
3.06105 2.67728 2.76460 2.93451 2.64541 2.39139 1.85737 1.15874 1.25861 2.24603 2.45149 2.71609 2.89978 2.39283 1.84252 1.52506 1.59903 1.91136 1.92789 1.81647 1.75929 1.75474 1.67127 1.58945 1.43781 1.19274 1.07119 1.28316 1.61337 1.75985 1.73017 1.68249 1.64201 1.59369 1.57074 1.31369 0.94989 0.76771 0.71777 0.75612 0.74825 0.94437 1.06478 1.34914 0.70915 0.81547 1.13840 0.69984 0.57152 0.46144 0.54700 0.78224 0.66873 0.46821 0.26596 0.25262 0.27682 0.36434 0.42687 0.49515 0.51130 0.52712 0.57111 0.59924 0.69259 0.98269
3.35051 3.04795 2.82955 2.84775 2.72533 2.51897 1.74978 0.87946 0.97205 1.78784 2.29681 2.62883 2.48583 2.06240 1.69929 1.55508 1.76401 2.18205 2.19913 2.05748 1.91300 1.75851 1.62729 1.43269 1.19918 0.88655 0.77903 0.81597 1.21146 1.57121 1.68425 1.61395 1.57761 1.64401 1.59256 1.40206 1.27099 1.08833 0.95647 0.90006 0.91277 1.10365 0.99658 0.99778 0.73045 0.65948 0.76802 0.77288 0.56380 0.37936 0.45096 0.71205 0.64869 0.46128 0.22847 0.20980 0.25054 0.36798 0.46640 0.53675 0.58074 0.61132 0.63844 0.67603 0.73383 0.92004
3.15766 3.17869 3.13854 2.96245 2.79426 2.68133 2.33493 1.59555 1.38278 1.69478 2.11126 2.29913 2.12907 1.83676 1.68108 1.70676 2.00530 2.24499 2.24727 2.14427 1.99738 1.78905 1.57033 1.33295 1.04920 0.84032 0.82207 0.82956 1.06862 1.51533 1.72520 1.55824 1.37767 1.52815 1.53701 1.44823 1.44010 1.21053 0.88897 0.77170 0.65887 0.60536 0.67885 0.62849 0.80363 0.57012 0.51923 0.55202 0.59976 0.57186 0.53987 0.77560 0.72408 0.51792 0.28298 0.22713 0.29348 0.41285 0.50039 0.53222 0.55620 0.57399 0.59537 0.64916 0.70322 0.90557
2.97695 2.97643 2.95244 2.92656 2.90145 2.74612 2.36688 1.85447 1.83493 1.82360 1.90411 1.97775 1.91895 1.81657 1.81324 1.96448 2.17641 2.26066 2.22373 2.08330 1.94880 1.82576 1.57171 1.29087 1.08145 1.01893 1.19308 1.64440 1.43300 1.49181 1.61992 1.13569 0.77587 1.02063 1.41151 1.46890 1.57363 1.44748 0.83930 0.68911 0.63218 0.50269 0.47503 0.73399 1.02499 0.92024 0.66218 0.55834 0.50286 0.48050 0.49409 0.96449 0.80237 0.58340 0.36261 0.29294 0.35757 0.45455 0.52109 0.55309 0.53666 0.55654 0.63681 0.69757 0.73051 1.02028
3.21063 3.23224 3.08987 3.01597 2.91175 2.68334 2.39579 2.30728 2.03529 1.78513 1.77969 1.82749 1.88061 1.90691 1.97618 2.12639 2.27503 2.31948 2.23838 2.06484 1.92289 1.85923 1.66528 1.40624 1.29468 1.30036 1.51065 1.97684 2.18930 1.75207 1.52974 0.87741 0.63198 0.87626 1.40799 1.48978 1.50022 1.15126 0.79195 0.94680 0.91931 0.57108 0.48710 0.60812 0.95242 1.32424 1.45237 1.21607 0.84639 0.68365 0.74966 1.47667 0.84152 0.53905 0.35814 0.31630 0.35513 0.42399 0.49248 0.56836 0.59426 0.61858 0.65000 0.69800 0.75306 0.98600
3.11446 3.24311 3.19479 2.96195 2.83148 2.71190 2.51568 2.32975 1.84801 1.63126 1.66946 1.82891 1.96749 2.02091 2.10167 2.22901 2.36118 2.39915 2.29061 2.10449 1.97934 1.91966 1.78552 1.58992 1.48364 1.44837 1.54110 1.80284 2.12722 1.71618 1.36216 0.75118 0.60159 0.73187 1.41744 1.46744 0.83688 0.55415 0.83984 1.14251 1.28737 0.88180 0.62889 0.76713 1.28732 1.58092 1.62495 1.64290 1.56127 1.38888 1.26084 1.31740 0.75869 0.56677 0.40678 0.31546 0.26591 0.39713 0.52517 0.59049 0.61385 0.58626 0.59893 0.73890 1.02308 1.18499
3.04949 3.00980 3.04389 2.82253 2.76636 2.72214 2.48566 2.14210 1.56695 1.42371 1.59405 1.88742 2.06965 2.11617 2.20713 2.32947 2.42298 2.44106 2.34842 2.19492 2.08943 2.02184 1.92297 1.76756 1.63279 1.57671 1.59275 1.66237 1.64313 1.30710 0.83437 0.64806 0.47650 0.49845 1.10529 1.41937 0.73391 0.58182 0.92111 1.32492 1.37232 1.39316 1.33735 1.41183 1.41737 1.14665 1.35426 1.12051 1.11435 1.43451 1.46169 1.23997 0.78431 0.60879 0.47039 0.32941 0.28264 0.42060 0.53213 0.53127 0.52898 0.55141 0.61718 0.77956 1.18148 1.36875
3.22467 3.05969 2.91338 2.80914 2.75342 2.66812 2.47285 1.95160 1.30341 1.14852 1.52725 1.90271 2.06691 2.14849 2.28359 2.39019 2.46613 2.48939 2.40901 2.28073 2.17654 2.12882 2.09769 1.97149 1.77491 1.66360 1.63785 1.61681 1.41689 0.80526 0.67577 0.60227 0.46356 0.47489 0.84975 1.64738 1.33979 1.10187 1.45677 1.63190 1.68228 1.72511 1.74780 1.65617 1.20860 0.86363 0.90650 0.54992 0.56929 0.73692 1.43096 1.60724 1.12290 0.67115 0.53888 0.37272 0.32400 0.38378 0.46428 0.51557 0.53023 0.57003 0.64593 0.83503 1.27667 1.38792
3.33668 3.21517 3.02773 2.84636 2.71705 2.65311 2.56066 1.98730 1.21921 0.82438 1.34853 1.83557 1.91861 2.06335 2.25221 2.42011 2.54980 2.53921 2.43333 2.29595 2.18809 2.17763 2.22417 2.05411 1.72938 1.60385 1.58396 1.48042 1.02547 0.70157 0.64579 0.64818 0.56531 0.56534 1.05459 1.71845 1.80515 1.69032 1.62630 1.52127 1.43140 1.46564 1.68035 1.70541 1.35394 0.80852 0.59837 0.50334 0.52178 0.43402 0.81157 1.60221 1.49407 0.79116 0.62352 0.43276 0.28490 0.32277 0.46653 0.54891 0.56574 0.58314 0.62643 0.82850 1.30033 1.35976
3.20712 3.19480 2.89869 2.73733 2.62681 2.58918 2.38755 1.93129 1.23866 0.53732 0.76786 1.36803 1.39863 1.48898 1.88027 2.34258 2.61083 2.56522 2.39144 2.20403 2.11151 2.15211 2.15981 1.82740 1.55529 1.41403 1.42279 1.23708 0.87325 0.68114 0.67325 0.68066 0.67433 1.26325 1.64699 1.72846 1.70257 1.49894 1.12988 0.79187 0.67910 0.67662 1.06359 1.55974 1.59925 1.08884 0.67714 0.54270 0.47071 0.38292 0.53181 1.44296 1.24983 0.72044 0.59673 0.41509 0.28969 0.35677 0.48921 0.57270 0.57984 0.58863 0.63304 0.88858 1.35382 1.35129
3.09975 3.13399 2.79957 2.64593 2.61396 2.38470 1.66434 1.49111 1.18536 0.50541 0.55432 1.20469 1.29822 0.61007 0.93071 1.98969 2.47897 2.54347 2.29355 2.02245 2.03777 2.08478 1.81622 1.45624 1.22186 1.23738 1.38637 1.23332 0.96921 0.81282 0.76364 0.82101 1.23194 1.68235 1.70759 1.69041 1.55949 1.07841 0.68490 0.53091 0.48720 0.54002 0.64442 0.89533 1.26769 1.30006 0.75767 0.61782 0.52638 0.42308 0.72299 1.38515 0.96715 0.63274 0.50688 0.32201 0.27567 0.39132 0.51517 0.58782 0.60012 0.59741 0.65323 1.08824 1.46804 1.42787
3.04017 2.75834 2.64461 2.64822 2.49658 1.74429 1.11368 1.05594 1.39320 1.42656 1.56984 1.75306 1.55017 0.59416 0.68348 1.50862 2.27990 2.36856 2.07869 1.78282 1.90716 1.88602 1.53423 1.17191 1.05785 1.33074 1.79709 1.59854 1.36095 1.30753 1.42060 1.49530 1.66508 1.73191 1.63152 1.50715 1.04156 0.70572 0.65863 0.54596 0.46643 0.54243 0.52802 0.52383 0.71696 1.45199 1.55571 1.41867 0.94793 0.69354 1.03474 1.35857 0.77599 0.55952 0.40680 0.24160 0.25270 0.35729 0.44215 0.50869 0.57606 0.61528 0.69340 1.12901 1.50341 1.45873
2.81453 2.53376 2.43286 2.50134 2.18349 1.35218 1.21766 1.16093 1.50665 1.56142 1.59090 1.64113 1.65050 1.32556 0.90200 1.38552 2.05168 2.16881 2.02048 1.80574 1.73231 1.73264 1.54312 1.21257 1.10525 1.40979 2.06623 1.99286 1.66369 1.67000 1.76945 1.81928 1.80686 1.69950 1.49850 0.98206 0.63433 0.64173 0.81970 0.73349 0.66889 0.58455 0.41629 0.37080 0.52274 1.16534 1.19293 1.33213 1.56091 1.26482 1.26515 1.29304 0.67742 0.50003 0.32312 0.19831 0.21344 0.32428 0.43382 0.47051 0.50545 0.60683 0.76003 1.19143 1.47279 1.42908
-99999.00000 -99999.00000 -99999.00000 -99999.00000 -99999.00000 -99999.00000 -99999.00000 -99999.00000 -99999.00000 -99999.00000 -99999.00000 -99999.00000 -99999.00000 -99999.00000 -99999.00000 -99999.00000 -99999.00000 -99999.00000 -99999.00000 -99999.00000 -99999.00000 -99999.00000 -99999.00000 -99999.00000 -99999.00000 -99999.00000 -99999.00000 -99999.00000 -99999.00000 -99999.00000 -99999.00000 -99999.00000 -99999.00000 -99999.00000 -99999.00000 -99999.00000 -99999.00000 -99999.00000 -99999.00000 -99999.00000 -99999.00000 -99999.00000 -99999.00000 -99999.00000 -99999.00000 -99999.00000 -99999.00000 -99999.00000 -99999.00000 -99999.00000 -99999.00000 -99999.00000 -99999.00000 -99999.00000 -99999.00000 -99999.00000 -99999.00000 -99999.00000 -99999.00000 -99999.00000 -99999.00000 -99999.00000 -99999.00000 -99999.00000 -99999.00000 -99999.00000
