mrvbf_slope0.6_pctl0.7.asc
NCOLS 410
NROWS 410
XLLCORNER 2398750.0000000000000000
YLLCORNER 2548750.0000000000000000
CELLSIZE 250.0000000000000000
NODATA_VALUE -99999.00000
[rows 145 to 173 of 410, columns 264 to 329 of 410]
4.81144 4.77376 5.05363 5.11570 5.13099 5.21873 5.19257 5.13294 5.30522 5.30213 5.19972 5.17271 5.11625 5.19269 5.18943 5.15266 5.19117 5.03344 4.85029 5.11727 5.21545 5.10218 5.07348 5.04018 5.17997 5.10713 4.81029 4.46185 4.18770 -99999.00000 -99999.00000 -99999.00000 -99999.00000 -99999.00000 -99999.00000 -99999.00000 -99999.00000 -99999.00000 -99999.00000 -99999.00000 -99999.00000 -99999.00000 -99999.00000 -99999.00000 -99999.00000 -99999.00000 -99999.00000 -99999.00000 -99999.00000 -99999.00000 -99999.00000 -99999.00000 -99999.00000 -99999.00000 -99999.00000 -99999.00000 -99999.00000 -99999.00000 -99999.00000 -99999.00000 -99999.00000 -99999.00000 -99999.00000 -99999.00000 -99999.00000 -99999.00000
4.69797 4.79753 5.06760 5.12481 4.94534 5.05720 5.15763 5.14877 5.22929 5.21134 5.21474 5.13979 5.05701 5.11040 5.12637 5.16623 5.20932 5.11894 4.81682 4.93691 5.19067 5.06487 4.95062 4.96512 5.19245 5.18709 5.03585 4.84083 4.67278 4.79129 -99999.00000 -99999.00000 -99999.00000 -99999.00000 -99999.00000 -99999.00000 -99999.00000 -99999.00000 -99999.00000 -99999.00000 -99999.00000 -99999.00000 -99999.00000 -99999.00000 -99999.00000 -99999.00000 -99999.00000 -99999.00000 -99999.00000 -99999.00000 -99999.00000 -99999.00000 -99999.00000 -99999.00000 -99999.00000 -99999.00000 -99999.00000 -99999.00000 -99999.00000 -99999.00000 -99999.00000 -99999.00000 -99999.00000 -99999.00000 -99999.00000 -99999.00000
4.85675 4.81125 4.97604 4.98445 5.05305 5.00058 5.14447 5.07894 4.97773 5.08434 5.11975 5.01180 4.93536 5.00970 5.12915 5.02427 4.89745 4.92449 4.71064 4.83509 5.07331 5.02730 4.96425 4.85226 4.89537 5.01645 5.06103 4.86417 5.06118 4.95442 4.39578 -99999.00000 -99999.00000 -99999.00000 -99999.00000 -99999.00000 -99999.00000 -99999.00000 -99999.00000 -99999.00000 -99999.00000 -99999.00000 -99999.00000 -99999.00000 -99999.00000 -99999.00000 -99999.00000 -99999.00000 -99999.00000 -99999.00000 -99999.00000 -99999.00000 -99999.00000 -99999.00000 -99999.00000 -99999.00000 -99999.00000 -99999.00000 -99999.00000 -99999.00000 -99999.00000 -99999.00000 -99999.00000 -99999.00000 -99999.00000 -99999.00000
5.14891 5.11454 5.07266 5.01834 5.19263 4.96769 4.95159 4.95761 5.00667 5.17007 5.02430 4.88328 4.96716 5.05526 4.88248 4.72280 4.87395 4.74645 4.72026 4.90423 4.93763 4.89133 4.77423 4.71041 4.73981 4.96509 4.85545 4.86360 4.94701 4.79047 4.33624 4.20857 4.49540 -99999.00000 -99999.00000 -99999.00000 -99999.00000 -99999.00000 -99999.00000 -99999.00000 -99999.00000 -99999.00000 -99999.00000 -99999.00000 -99999.00000 -99999.00000 -99999.00000 -99999.00000 -99999.00000 -99999.00000 -99999.00000 -99999.00000 -99999.00000 -99999.00000 -99999.00000 -99999.00000 -99999.00000 -99999.00000 -99999.00000 -99999.00000 -99999.00000 -99999.00000 -99999.00000 -99999.00000 -99999.00000 -99999.00000
5.18146 5.17307 5.15102 5.08446 5.29119 5.19696 4.96375 4.83094 4.99652 5.18723 5.00906 5.01585 5.16399 5.00067 4.87095 5.05946 5.09112 4.99764 4.95403 4.96869 4.98551 4.97160 4.81302 4.72982 4.85473 4.98699 4.72033 4.69164 4.61025 4.34080 4.31627 4.59123 4.96527 5.24535 5.24624 5.31477 -99999.00000 -99999.00000 -99999.00000 -99999.00000 -99999.00000 -99999.00000 -99999.00000 -99999.00000 -99999.00000 -99999.00000 -99999.00000 -99999.00000 -99999.00000 -99999.00000 -99999.00000 -99999.00000 -99999.00000 -99999.00000 -99999.00000 -99999.00000 -99999.00000 -99999.00000 -99999.00000 -99999.00000 -99999.00000 -99999.00000 -99999.00000 -99999.00000 -99999.00000 -99999.00000
5.19090 5.22405 5.19180 5.04419 5.16388 5.11744 4.90983 4.92735 4.87068 4.95137 4.99321 5.15923 5.21824 5.01388 4.90165 5.07645 5.18552 5.13214 4.97920 4.99399 4.99889 4.79304 4.73900 4.79877 4.95627 4.93229 4.69806 4.61151 4.54895 4.60579 4.78420 5.03838 5.27200 5.34619 5.30633 5.30778 5.31004 5.21911 5.36652 -99999.00000 -99999.00000 -99999.00000 -99999.00000 -99999.00000 -99999.00000 -99999.00000 -99999.00000 -99999.00000 -99999.00000 -99999.00000 -99999.00000 -99999.00000 -99999.00000 -99999.00000 -99999.00000 -99999.00000 -99999.00000 -99999.00000 -99999.00000 -99999.00000 -99999.00000 -99999.00000 -99999.00000 -99999.00000 -99999.00000 -99999.00000
5.25911 5.24653 5.24416 5.02935 4.88869 4.97869 4.96539 5.00920 5.06577 4.96042 4.87056 5.05771 5.20194 5.16283 4.95553 4.89392 5.01346 5.11339 5.03246 4.88369 4.73734 4.69560 4.73658 4.70408 4.81920 4.74218 4.63805 4.62036 4.91016 5.08788 5.20128 5.26831 5.33322 5.32118 5.32603 5.28876 5.17119 5.27193 5.35371 5.28400 5.24741 4.98891 5.01909 -99999.00000 -99999.00000 -99999.00000 -99999.00000 -99999.00000 -99999.00000 -99999.00000 -99999.00000 -99999.00000 -99999.00000 -99999.00000 -99999.00000 -99999.00000 -99999.00000 -99999.00000 -99999.00000 -99999.00000 -99999.00000 -99999.00000 -99999.00000 -99999.00000 -99999.00000 -99999.00000
5.23393 5.24856 5.30787 5.02663 4.93172 5.12041 5.15651 5.14627 5.08915 4.92427 4.84151 4.96526 5.14253 5.14085 4.96268 4.88411 5.00713 5.07674 4.91115 4.80690 4.77728 4.84002 4.61104 4.19526 4.41724 4.62715 4.76402 4.85091 5.11358 5.15379 5.14112 5.20340 5.28600 5.31476 5.28903 5.26638 5.22323 5.19867 5.38016 5.39289 5.40408 5.25845 5.25067 5.26930 5.21616 -99999.00000 -99999.00000 -99999.00000 -99999.00000 -99999.00000 -99999.00000 -99999.00000 -99999.00000 -99999.00000 -99999.00000 -99999.00000 -99999.00000 -99999.00000 -99999.00000 -99999.00000 -99999.00000 -99999.00000 -99999.00000 -99999.00000 -99999.00000 -99999.00000
5.24920 5.26210 5.23266 5.03055 5.01581 4.99178 5.05637 5.00422 4.80686 4.77241 4.80191 4.99197 4.99822 4.91722 4.91556 5.04156 5.01303 4.98978 4.89924 4.85814 4.87463 4.78916 4.05946 3.07087 3.12953 4.35409 4.99568 5.19134 5.26046 5.11880 4.97752 5.17999 5.21108 5.24758 5.17473 5.27272 5.39772 5.38761 5.41129 5.40137 5.35271 5.34563 5.30365 5.24606 5.23361 5.30960 5.28264 -99999.00000 -99999.00000 -99999.00000 -99999.00000 -99999.00000 -99999.00000 -99999.00000 -99999.00000 -99999.00000 -99999.00000 -99999.00000 -99999.00000 -99999.00000 -99999.00000 -99999.00000 -99999.00000 -99999.00000 -99999.00000 -99999.00000
5.19139 5.15685 5.01789 4.96123 5.04321 4.89341 4.77610 4.78409 4.76263 4.82174 4.79356 4.91508 4.91806 5.01308 5.09127 5.09707 4.91436 5.00846 4.93672 4.83422 4.78208 4.66869 3.31997 1.96170 2.57856 3.47319 4.68849 4.90048 5.08396 5.03649 4.99928 5.28120 5.24140 5.19115 5.23330 5.29728 5.41726 5.39208 5.42618 5.33824 5.31476 5.41991 5.38575 5.27186 5.28395 5.35167 5.29326 4.76054 4.46043 -99999.00000 -99999.00000 -99999.00000 -99999.00000 -99999.00000 -99999.00000 -99999.00000 -99999.00000 -99999.00000 -99999.00000 -99999.00000 -99999.00000 -99999.00000 -99999.00000 -99999.00000 -99999.00000 -99999.00000
4.59506 4.70461 4.84640 4.70034 4.96316 5.02846 4.91884 4.93781 4.95500 4.89890 4.86986 4.98936 5.09475 5.10268 5.19224 5.16998 5.12448 5.02943 4.86125 4.70844 4.61825 4.76389 4.38595 3.21526 3.02644 4.45023 5.03335 4.81309 4.75615 4.83227 4.99800 5.17251 5.12229 5.20706 5.24954 5.39307 5.42564 5.37027 5.41908 5.37087 5.32818 5.41590 5.35494 5.31858 5.30303 5.32892 5.33286 5.12895 5.00287 5.09403 4.93908 -99999.00000 -99999.00000 -99999.00000 -99999.00000 -99999.00000 -99999.00000 -99999.00000 -99999.00000 -99999.00000 -99999.00000 -99999.00000 -99999.00000 -99999.00000 -99999.00000 -99999.00000
3.79402 4.21230 4.65885 4.53334 4.84810 5.07465 5.10790 5.06522 5.08215 4.92696 4.88783 5.06123 5.16595 5.22072 5.08751 5.08134 4.95040 5.00703 5.01323 4.75980 4.64702 4.83500 5.02823 4.80097 4.74741 5.12832 5.04913 4.72686 4.68715 4.88710 4.98138 5.14056 5.25975 5.15199 5.00982 5.27080 5.34634 5.33781 5.30135 5.32607 5.36436 5.36894 5.28110 5.27817 5.32661 5.39559 5.41640 5.40302 5.29942 5.28062 5.22140 5.24069 -99999.00000 -99999.00000 -99999.00000 -99999.00000 -99999.00000 -99999.00000 -99999.00000 -99999.00000 -99999.00000 -99999.00000 -99999.00000 -99999.00000 -99999.00000 -99999.00000
4.26365 4.16722 4.25544 4.34700 4.62515 4.91187 5.07502 5.00730 4.97566 4.96161 5.03914 5.18274 5.24354 5.22091 5.13635 5.10361 5.07843 5.08650 5.00146 4.75806 4.66259 4.97449 5.09510 5.05381 5.01455 5.17510 4.93992 4.89637 4.88122 4.92203 4.88793 5.10003 5.23971 4.89993 5.09867 5.18743 5.34890 5.40010 5.35381 5.30882 5.32859 5.29798 5.30461 5.33203 5.30955 5.25245 5.28445 5.34869 5.36703 5.34408 5.30941 5.25267 5.08495 -99999.00000 -99999.00000 -99999.00000 -99999.00000 -99999.00000 -99999.00000 -99999.00000 -99999.00000 -99999.00000 -99999.00000 -99999.00000 -99999.00000 -99999.00000
4.54658 4.54427 4.28525 4.34188 4.44318 4.63687 4.93592 4.99529 5.01432 5.16304 5.23255 5.31372 5.29617 5.18655 5.14785 5.14982 5.20632 4.99240 4.88324 4.64251 4.73945 5.12322 5.12999 5.03834 5.09908 5.15660 5.02042 5.08292 5.04166 5.06092 4.87386 4.87200 5.10521 5.04014 5.12860 5.29312 5.39291 5.45111 5.40965 5.40984 5.35756 5.41506 5.42603 5.38557 5.39959 5.38730 5.22612 5.29895 5.33234 5.32331 5.35478 5.23443 5.07349 5.02039 4.99775 -99999.00000 -99999.00000 -99999.00000 -99999.00000 -99999.00000 -99999.00000 -99999.00000 -99999.00000 -99999.00000 -99999.00000 -99999.00000
4.76265 4.65139 4.45004 4.48641 4.39290 4.44398 4.72957 5.00150 5.20209 5.27815 5.30748 5.32168 5.27524 5.21539 5.18945 5.16696 5.26477 5.10657 4.93357 4.83769 5.04099 5.19105 5.20698 5.13136 5.25420 5.20213 5.15337 5.03119 4.97797 4.97729 4.96662 5.02652 5.08909 5.17204 5.27062 5.34546 5.42927 5.45322 5.41964 5.39828 5.38719 5.46175 5.44437 5.41253 5.47857 5.46778 5.31238 5.33230 5.37340 5.23116 5.16361 5.04653 5.01021 5.12012 5.24148 5.18193 -99999.00000 -99999.00000 -99999.00000 -99999.00000 -99999.00000 -99999.00000 -99999.00000 -99999.00000 -99999.00000 5.38771
4.49311 4.63375 4.35294 4.38539 4.39391 4.52489 4.68876 4.67930 4.89680 5.18204 5.33696 5.24929 5.01874 5.01865 5.23768 5.30353 5.31955 5.28642 5.17142 5.07296 5.11259 5.18779 5.25119 5.16733 5.21767 5.29290 5.26863 5.17416 4.93816 4.97201 4.99169 4.98025 5.03776 5.20768 5.38041 5.39698 5.39353 5.40170 5.43176 5.41546 5.44623 5.46371 5.47204 5.44066 5.44909 5.47233 5.36851 5.22480 5.21533 5.21862 5.28812 5.25733 5.30766 5.25832 5.31414 5.12358 4.54842 -99999.00000 -99999.00000 -99999.00000 -99999.00000 -99999.00000 -99999.00000 -99999.00000 5.37010 5.28346
4.40466 4.58525 4.41243 4.27743 4.20449 4.35893 4.57755 4.61498 4.64349 4.94451 5.06438 4.73265 4.50338 4.45960 4.95920 5.32975 5.33251 5.36355 5.31767 5.25322 5.09960 5.11921 5.22183 5.17233 5.21427 5.27217 5.20461 5.04727 5.07923 5.15986 5.04221 5.01497 5.03648 5.12425 5.27912 5.30594 5.32442 5.35815 5.38194 5.32606 5.40575 5.47559 5.47564 5.46530 5.42815 5.43448 5.38293 5.16358 5.14076 5.16511 5.29543 5.29319 5.31323 5.36651 5.36468 5.16971 4.87282 4.88758 -99999.00000 -99999.00000 -99999.00000 -99999.00000 5.14318 5.12249 5.22135 5.16112
4.41976 4.36139 4.60913 4.39513 3.85763 4.05964 4.44933 4.51089 4.51927 4.73571 4.65388 4.42506 4.52770 4.22542 4.41659 5.07152 5.22304 5.26882 5.28557 5.26573 5.16928 5.09373 5.12555 5.15381 5.27355 5.22344 5.10522 5.12424 5.26354 5.23564 5.11416 5.11835 5.00791 5.06222 5.13895 5.15759 5.21055 5.16635 5.32539 5.23683 5.32679 5.43323 5.47864 5.53060 5.50494 5.39267 5.30723 5.20637 5.13997 5.05956 5.13225 5.11804 5.09056 5.27823 5.31738 5.15540 4.97762 5.03626 5.07376 -99999.00000 -99999.00000 5.02590 5.06263 5.04046 5.10354 5.08270
4.75554 4.40909 4.48795 4.44758 4.22049 3.63150 4.08633 4.20157 4.38283 4.31097 4.39352 4.46739 4.53825 4.28933 4.49382 4.80228 4.79774 5.01688 5.30114 5.29518 5.18952 5.10634 5.06418 5.16895 5.13946 4.95166 4.96890 5.05826 5.16347 5.08564 5.08495 5.06503 4.96477 5.05910 5.15798 5.06288 4.80384 5.05235 5.21592 5.29857 5.30861 5.38670 5.40187 5.45065 5.46004 5.36131 5.37437 5.18286 5.06426 5.06998 4.82569 4.95419 5.19243 5.19103 5.22473 5.02499 5.02096 5.15331 5.15707 5.02148 5.00644 5.06221 5.08354 5.08602 5.15951 5.20010
5.09000 4.89973 4.70465 4.62466 4.40135 4.21744 3.88803 3.97891 4.33108 4.17381 4.27824 4.26247 4.45388 4.32777 4.61441 4.67212 4.53698 4.55010 5.03517 5.23282 5.23966 4.98679 4.80677 4.93245 4.70695 4.65317 4.67845 4.83127 5.02592 5.00033 5.05833 5.04396 5.10543 4.99102 5.05178 4.93376 4.81673 4.71679 5.05296 5.24602 5.38957 5.42170 5.29820 5.25449 5.20376 5.22562 5.38100 5.26974 5.10980 5.16042 4.88856 4.67525 5.02319 5.25782 5.24936 5.17322 5.08922 5.14506 5.05680 5.11453 5.14520 5.07862 5.05471 5.11010 5.19725 5.15963
5.17848 5.10903 4.76317 4.74142 4.78447 4.59164 4.33098 4.31010 4.45497 4.33582 3.97773 4.14862 4.51215 4.48799 4.51671 4.55189 4.58477 4.44123 4.65364 5.08552 5.09195 4.90215 4.75277 4.67032 4.57847 4.49230 4.43117 4.57941 4.88286 4.77256 4.86674 5.17757 5.15115 5.04327 4.92425 4.89030 4.64406 4.75708 4.91533 4.93558 5.17957 5.29233 5.24865 5.20716 5.27518 5.09554 5.30047 5.29570 5.22825 5.00178 4.98120 4.85723 4.88465 5.22691 5.32290 5.30786 5.04785 5.03005 5.09446 5.10666 5.00751 4.96284 4.98439 5.03182 5.15079 5.06917
5.01631 5.10222 4.67334 4.56744 4.77759 4.99582 4.87212 4.58440 4.70117 4.65167 4.34451 4.36410 4.34656 4.51667 4.56497 4.62299 4.51962 4.53441 4.72738 5.10695 5.16732 4.89223 4.79607 4.77823 4.69377 4.69053 4.68716 4.44610 4.58616 4.64965 4.67359 5.00258 5.06214 5.18077 4.96253 4.76658 4.64041 4.73627 4.83485 4.82152 5.10562 5.21584 5.21604 5.06477 5.19620 5.17610 5.38451 5.32270 5.17859 4.87578 4.86684 5.09538 5.08756 5.26725 5.25258 5.35041 5.30813 5.07177 5.12805 5.17954 5.06404 4.80781 4.90997 5.01478 5.00346 4.96697
4.89221 4.94887 4.73410 4.54807 4.55229 4.77796 4.93088 4.73473 4.69747 4.86983 4.56525 4.42860 4.45173 4.46947 4.56188 4.57653 4.58184 4.66943 4.86066 4.95001 4.98957 4.98230 5.05365 4.85253 4.88544 4.80895 4.66299 4.56074 4.70216 4.62818 4.58385 4.88599 5.01066 4.95307 4.79215 4.80800 4.44608 4.45276 4.83253 5.12102 5.18658 5.31546 5.31768 5.23958 5.24327 5.32843 5.41679 5.32377 5.10779 4.85884 5.10990 5.10746 5.01355 5.21273 5.30580 5.31666 5.34921 5.24759 5.17557 5.22809 5.12135 4.68939 4.81793 5.09534 4.83811 4.57025
4.88428 4.92355 4.92628 4.84529 4.58307 4.60064 4.74068 4.62209 4.58944 4.67741 4.76068 4.44914 4.31180 4.40381 4.42638 4.38648 4.39967 4.48594 4.65720 4.72998 4.71070 4.90763 5.12073 4.99644 5.01613 4.88793 4.86225 4.75786 4.69622 4.79656 4.57957 4.89192 5.09390 5.13380 4.92694 4.64312 4.50429 4.72804 4.97137 5.15454 5.16036 5.24657 5.20859 5.20753 5.27609 5.26744 5.25498 5.07552 5.02424 5.19279 5.25852 5.03097 5.08587 5.32109 5.33988 5.21348 5.16968 5.14591 5.18553 5.24058 5.09104 4.60053 4.67307 4.98916 4.87913 4.30939
4.93128 4.86153 4.93571 5.06562 4.91081 4.62696 4.75381 4.63700 4.70081 4.50921 4.50023 4.48401 4.51759 4.50134 4.48153 4.51840 4.48708 4.44423 4.42606 4.41947 4.48100 4.48621 4.82552 4.87452 4.85916 4.93021 5.16869 5.13237 5.01711 4.88004 4.77378 5.02821 5.13155 5.21250 5.09135 4.81968 4.86368 5.03568 5.14735 5.16740 5.15118 5.12948 5.17564 5.27175 5.43071 5.38706 5.27391 5.19290 5.04624 5.34202 5.31285 5.27786 5.30770 5.14479 5.24802 5.20610 5.23676 5.26313 5.31372 5.18571 4.95393 4.80952 4.93118 5.01552 4.88513 4.34252
4.86549 4.91466 4.92246 4.97992 4.99022 4.81293 4.72303 4.67873 4.69018 4.53056 4.43895 4.46352 4.23011 4.43353 4.51092 4.72481 4.57949 4.53416 4.47147 4.48313 4.55663 4.43587 4.44063 4.45605 4.63496 5.00952 5.22205 5.17390 5.09843 4.95957 4.82439 4.97297 5.17644 5.23928 5.11136 5.01823 5.00717 5.09491 5.21449 5.27417 5.29997 5.27935 5.22301 5.33602 5.44532 5.37170 5.30038 5.15775 5.12315 5.39611 5.42998 5.40583 5.32574 5.15861 5.18410 5.03446 5.15442 5.24240 5.25024 5.05870 4.89332 5.03830 5.08365 4.96311 4.74888 3.93601
4.69348 4.90287 4.94444 4.99449 5.20478 5.08070 4.83740 4.71453 4.79239 4.65044 4.41837 4.56223 4.36437 4.57255 4.65428 4.78345 4.70866 4.55862 4.78153 4.76698 4.55605 4.49739 4.44320 4.39638 4.20960 4.61945 4.97075 5.07951 5.06212 4.91046 4.92424 5.06029 5.27693 5.21639 5.09764 5.08608 5.03995 5.18441 5.23086 5.23812 5.34235 5.37289 5.30232 5.35316 5.34538 5.39106 5.41431 5.32560 5.35557 5.44103 5.46425 5.36847 5.29695 5.29090 5.15683 4.95490 4.99120 5.11219 5.03844 4.80422 4.76723 4.91528 5.12600 4.94415 4.26177 3.35235
4.62815 4.85351 4.86138 4.85835 5.09430 5.14183 5.02566 4.90120 4.90015 4.78712 4.60496 4.54845 4.48530 4.48713 4.44786 4.64689 4.75933 4.71879 4.84675 4.84601 4.73358 4.57278 4.47536 4.51613 4.25683 4.29529 4.57913 4.71442 4.88230 4.93436 4.96656 5.10395 5.21349 5.18657 5.08040 5.00839 4.97140 5.07415 5.24549 5.32786 5.29741 5.33398 5.25624 5.24818 5.26757 5.36404 5.40336 5.43501 5.41701 5.39872 5.45940 5.41205 5.22976 5.11630 5.15515 4.87702 4.62415 4.86248 4.87068 4.77414 4.89505 4.80596 5.03825 4.83040 4.32678 3.71845
4.61714 4.38562 4.41459 4.67878 4.78816 4.93832 4.97236 4.90203 4.92237 5.02030 4.97596 4.63472 4.51820 4.29047 4.58576 4.63783 4.67969 4.57433 4.41100 4.49814 4.70857 4.70347 4.80527 4.67696 4.36580 4.40334 4.52189 4.48066 4.46097 4.59837 4.81434 5.00457 5.10445 5.21549 5.17890 4.98784 4.93401 5.06446 5.31271 5.29671 4.99140 5.02543 5.25006 5.33044 5.31873 5.28462 5.37934 5.39178 5.43057 5.38591 5.48680 5.42366 5.25533 5.15110 5.05407 4.96738 4.92033 4.63212 4.75059 4.92179 4.95522 4.50278 4.61670 4.79676 4.48073 3.92126
