mrvbf_slope0.9_pctl1.4.asc
NCOLS 410
NROWS 410
XLLCORNER 2398750.0000000000000000
YLLCORNER 2548750.0000000000000000
CELLSIZE 250.0000000000000000
NODATA_VALUE -99999.00000
[rows 116 to 144 of 410, columns 330 to 395 of 410]
-99999.00000 -99999.00000 -99999.00000 -99999.00000 -99999.00000 -99999.00000 -99999.00000 -99999.00000 -99999.00000 -99999.00000 -99999.00000 -99999.00000 -99999.00000 -99999.00000 -99999.00000 -99999.00000 -99999.00000 -99999.00000 -99999.00000 -99999.00000 7.30595 7.33365 7.31582 7.33171 7.29021 7.33583 7.37341 7.39362 7.37840 7.33862 7.34316 7.32396 7.27224 7.12854 6.58608 6.05253 3.95721 2.31803 3.04956 4.80442 5.90438 6.15802 6.07917 5.89163 5.51563 5.93355 6.33675 6.68505 6.96332 7.21611 7.32565 7.39394 7.43360 7.45227 7.45089 7.46743 7.45966 7.46869 7.43042 7.42136 7.45055 7.45087 7.44668 7.49214 7.49751 7.49647
-99999.00000 -99999.00000 -99999.00000 -99999.00000 -99999.00000 -99999.00000 -99999.00000 -99999.00000 -99999.00000 -99999.00000 -99999.00000 -99999.00000 -99999.00000 -99999.00000 -99999.00000 -99999.00000 -99999.00000 -99999.00000 -99999.00000 6.90633 7.22620 7.28958 7.23258 7.25577 7.28782 7.31252 7.38350 7.36771 7.35707 7.35812 7.38850 7.34720 7.26643 7.09674 6.69344 6.06591 4.55920 1.95784 2.25200 4.15630 5.73167 6.30656 6.28699 6.02342 6.18305 6.57699 6.79620 6.91886 7.04430 7.25119 7.34624 7.40898 7.41820 7.41642 7.43875 7.45601 7.43948 7.41755 7.39865 7.44942 7.44817 7.44217 7.45328 7.46103 7.45770 7.48027
-99999.00000 -99999.00000 -99999.00000 -99999.00000 -99999.00000 -99999.00000 -99999.00000 -99999.00000 -99999.00000 -99999.00000 -99999.00000 -99999.00000 -99999.00000 -99999.00000 -99999.00000 -99999.00000 -99999.00000 -99999.00000 -99999.00000 7.01157 7.21413 7.31057 7.24222 7.16801 7.21146 7.33768 7.37651 7.38406 7.36898 7.37611 7.40011 7.36333 7.28527 7.16712 6.84725 6.31784 4.97208 0.89424 1.48264 3.24842 5.63397 6.15656 6.22150 6.15291 6.46631 6.76960 6.92315 7.04366 7.13879 7.28841 7.36837 7.41606 7.41528 7.42937 7.44205 7.44474 7.42283 7.42002 7.44987 7.46533 7.45921 7.47793 7.48558 7.45831 7.44846 7.49528
-99999.00000 -99999.00000 -99999.00000 -99999.00000 -99999.00000 -99999.00000 -99999.00000 -99999.00000 -99999.00000 -99999.00000 -99999.00000 -99999.00000 -99999.00000 -99999.00000 -99999.00000 -99999.00000 -99999.00000 -99999.00000 -99999.00000 6.95154 7.13517 7.23885 7.21932 7.23617 7.28137 7.35809 7.38903 7.39072 7.40474 7.40238 7.38939 7.34527 7.25126 7.16815 6.92291 6.55271 5.76776 1.13154 1.01476 2.42207 5.46512 6.03487 6.03878 6.19392 6.59306 6.87963 7.01781 7.14158 7.22112 7.30139 7.35877 7.39848 7.42263 7.44457 7.43678 7.41207 7.42496 7.47258 7.49306 7.49617 7.48014 7.48021 7.48463 7.44339 7.45665 7.49501
-99999.00000 -99999.00000 -99999.00000 -99999.00000 -99999.00000 -99999.00000 -99999.00000 -99999.00000 -99999.00000 -99999.00000 -99999.00000 -99999.00000 -99999.00000 -99999.00000 -99999.00000 -99999.00000 -99999.00000 -99999.00000 -99999.00000 7.16566 7.26031 7.27615 7.26879 7.26349 7.32322 7.37141 7.38698 7.39055 7.42275 7.41750 7.40123 7.34251 7.23136 7.11180 6.99435 6.70447 6.16917 3.84002 0.73189 1.78491 4.90536 5.86457 5.91621 6.26878 6.68830 6.94336 7.08719 7.18333 7.24315 7.28148 7.34528 7.37633 7.40713 7.41226 7.41946 7.42862 7.46408 7.48476 7.48940 7.46876 7.49341 7.49170 7.48277 7.46544 7.46424 7.45961
-99999.00000 -99999.00000 -99999.00000 -99999.00000 -99999.00000 -99999.00000 -99999.00000 -99999.00000 -99999.00000 -99999.00000 -99999.00000 -99999.00000 -99999.00000 -99999.00000 -99999.00000 -99999.00000 -99999.00000 -99999.00000 -99999.00000 7.24446 7.28718 7.31907 7.28917 7.29625 7.35634 7.38028 7.38337 7.38416 7.40744 7.41123 7.38158 7.32181 7.23925 7.14813 7.07894 6.69294 6.07905 4.42828 0.73929 1.54196 3.95257 5.56481 5.68444 6.14644 6.70114 6.95436 7.09559 7.15905 7.17497 7.21756 7.25605 7.28569 7.36349 7.35509 7.38041 7.44011 7.47528 7.47906 7.43056 7.36502 7.41914 7.46741 7.49063 7.48782 7.46113 7.45858
-99999.00000 -99999.00000 -99999.00000 -99999.00000 -99999.00000 -99999.00000 -99999.00000 -99999.00000 -99999.00000 -99999.00000 -99999.00000 -99999.00000 -99999.00000 -99999.00000 -99999.00000 -99999.00000 -99999.00000 -99999.00000 7.30043 7.28341 7.30589 7.31627 7.28949 7.33388 7.36022 7.34211 7.38022 7.34160 7.39287 7.36755 7.33595 7.31367 7.27427 7.17702 7.07106 6.63948 6.24173 5.06594 0.59366 1.09625 2.60777 5.24531 5.56271 5.80198 6.50142 6.86691 7.04202 7.10247 7.12268 7.20875 7.05681 6.88669 7.22153 7.35556 7.29679 7.36236 7.44642 7.45110 7.34734 7.35894 7.32386 7.44977 7.47313 7.49487 7.48654 7.49373
-99999.00000 -99999.00000 -99999.00000 -99999.00000 -99999.00000 -99999.00000 -99999.00000 -99999.00000 -99999.00000 -99999.00000 -99999.00000 -99999.00000 -99999.00000 -99999.00000 -99999.00000 -99999.00000 -99999.00000 -99999.00000 7.23054 7.26183 7.29615 7.24991 7.25318 7.26892 7.32673 7.34956 7.36972 7.30639 7.29011 7.32139 7.35359 7.30894 7.26079 7.08434 6.98378 6.79835 6.24189 5.72132 2.02482 0.74956 1.79218 4.99894 5.59637 5.76291 6.38198 6.79511 6.94439 7.00577 7.12843 6.96769 6.62193 6.93270 6.96343 7.26067 7.32066 7.34816 7.40106 7.44307 7.42074 7.35766 7.42108 7.44241 7.46997 7.49511 7.50723 7.50688
-99999.00000 -99999.00000 -99999.00000 -99999.00000 -99999.00000 -99999.00000 -99999.00000 -99999.00000 -99999.00000 -99999.00000 -99999.00000 -99999.00000 -99999.00000 -99999.00000 -99999.00000 -99999.00000 -99999.00000 -99999.00000 7.20306 7.23980 7.27875 7.19666 7.13963 7.16878 7.26577 7.35017 7.36824 7.34345 7.25530 7.27284 7.33651 7.30065 7.23708 7.07076 6.98995 6.83394 6.48836 6.12291 4.60278 0.61718 1.30057 4.18201 5.38572 5.61770 6.28170 6.63882 6.79678 6.90338 6.98359 6.69164 6.83834 6.71699 7.19790 7.35438 7.37239 7.36337 7.40973 7.44327 7.46651 7.44583 7.46642 7.46570 7.48486 7.47347 7.48521 7.49170
-99999.00000 -99999.00000 -99999.00000 -99999.00000 -99999.00000 -99999.00000 -99999.00000 -99999.00000 -99999.00000 -99999.00000 -99999.00000 -99999.00000 -99999.00000 -99999.00000 -99999.00000 -99999.00000 -99999.00000 -99999.00000 6.97016 7.02306 7.07048 7.12576 7.08962 7.13204 7.22896 7.34607 7.38068 7.37063 7.32749 7.33280 7.34272 7.30487 7.16564 7.05820 7.04812 6.91126 6.54604 6.05587 4.58461 0.84393 1.35503 3.52534 4.97200 5.42120 6.14996 6.53780 6.72275 6.94725 6.99536 6.99609 6.73699 7.12475 7.33491 7.38371 7.37942 7.38650 7.37561 7.32442 7.41471 7.44841 7.47242 7.48456 7.47551 7.47895 7.48104 7.47227
-99999.00000 -99999.00000 -99999.00000 -99999.00000 -99999.00000 -99999.00000 -99999.00000 -99999.00000 -99999.00000 -99999.00000 -99999.00000 -99999.00000 -99999.00000 -99999.00000 -99999.00000 -99999.00000 -99999.00000 -99999.00000 6.92887 6.92977 6.94161 6.90279 7.09164 7.20576 7.29595 7.33170 7.36550 7.37933 7.35067 7.33337 7.34691 7.31098 7.24141 7.15444 7.04709 6.96780 6.66368 6.19455 5.30001 0.99999 1.05327 2.30026 4.38031 5.33237 6.05029 6.57451 6.79368 6.89313 6.85428 6.87987 7.09943 7.31776 7.36162 7.34899 7.37401 7.37145 7.21755 7.15993 7.31936 7.45101 7.48437 7.47774 7.47773 7.47909 7.48124 7.48912
-99999.00000 -99999.00000 -99999.00000 -99999.00000 -99999.00000 -99999.00000 -99999.00000 -99999.00000 -99999.00000 -99999.00000 -99999.00000 -99999.00000 -99999.00000 -99999.00000 -99999.00000 -99999.00000 -99999.00000 6.68252 7.00499 7.15179 7.14219 6.98253 7.01246 7.20415 7.31675 7.33304 7.33445 7.38016 7.38429 7.35903 7.32737 7.27271 7.22927 7.17521 7.07613 6.99504 6.72272 6.32919 5.65916 2.30222 1.04676 1.48592 4.00015 5.49647 6.12258 6.57782 6.58381 6.70087 6.71909 6.89669 7.13011 7.22973 7.32462 7.38470 7.37798 7.24192 7.13903 7.21980 7.27712 7.41907 7.46935 7.46878 7.46067 7.48768 7.49978 7.49908
-99999.00000 -99999.00000 -99999.00000 -99999.00000 -99999.00000 -99999.00000 -99999.00000 -99999.00000 -99999.00000 -99999.00000 -99999.00000 -99999.00000 -99999.00000 -99999.00000 -99999.00000 -99999.00000 -99999.00000 7.07047 7.13910 7.19718 7.19724 7.11065 7.09871 7.24738 7.34995 7.38123 7.36101 7.37601 7.40797 7.40514 7.36757 7.31327 7.21842 7.08685 7.06371 7.04535 6.66036 6.20112 5.65064 2.92413 0.92572 1.24039 4.05245 5.64554 6.25118 6.65512 6.73521 6.68860 6.85241 6.82078 7.10604 7.02998 7.01496 7.29445 7.33562 7.28273 7.30739 7.28109 7.36506 7.41283 7.41777 7.44571 7.45976 7.49118 7.50004 7.49486
-99999.00000 -99999.00000 -99999.00000 -99999.00000 -99999.00000 -99999.00000 -99999.00000 -99999.00000 -99999.00000 -99999.00000 -99999.00000 -99999.00000 -99999.00000 -99999.00000 -99999.00000 -99999.00000 7.15040 7.15589 7.10525 7.12964 7.17621 7.14770 7.21606 7.29910 7.32978 7.33565 7.33756 7.37506 7.39653 7.39295 7.37340 7.28523 7.19895 7.08510 6.99813 6.98458 6.69746 6.10132 5.38855 1.96010 0.63480 1.39282 4.53545 5.78513 6.31262 6.71107 6.81619 6.79243 6.86326 6.92816 6.95562 6.85391 7.03606 7.08337 7.33918 7.40577 7.43630 7.40306 7.39428 7.36380 7.36498 7.43487 7.48526 7.50509 7.49399 7.47830
-99999.00000 -99999.00000 -99999.00000 -99999.00000 -99999.00000 -99999.00000 -99999.00000 -99999.00000 -99999.00000 -99999.00000 -99999.00000 -99999.00000 -99999.00000 -99999.00000 -99999.00000 7.01785 7.14621 7.20321 7.10348 7.08392 7.15391 7.18026 7.26257 7.30147 7.29124 7.26705 7.34672 7.38841 7.39430 7.35841 7.31553 7.28314 7.15220 6.98281 6.89244 6.85340 6.46873 5.73659 4.03034 0.43002 0.72770 2.26348 5.20197 5.92906 6.39465 6.76153 6.74772 6.57288 6.88587 6.80908 7.00676 6.98082 7.00423 7.21695 7.35078 7.38517 7.41453 7.33695 7.37904 7.34039 7.32975 7.41230 7.48255 7.50428 7.48409 7.48324
-99999.00000 -99999.00000 -99999.00000 -99999.00000 -99999.00000 -99999.00000 -99999.00000 -99999.00000 -99999.00000 -99999.00000 -99999.00000 -99999.00000 -99999.00000 -99999.00000 -99999.00000 7.05157 7.16515 7.20290 7.15413 7.12258 7.13116 7.18468 7.23344 7.29314 7.31178 7.25045 7.30593 7.38415 7.39988 7.35895 7.31742 7.26652 7.03509 6.87135 6.79912 6.58967 5.97608 4.83747 0.84315 0.40266 0.97867 3.57005 5.48903 5.98492 6.51395 6.82197 6.87401 6.82827 6.79730 7.05202 7.07331 7.19697 7.03658 7.17727 7.33620 7.37908 7.34050 7.30554 7.35049 7.34181 7.37195 7.40692 7.46356 7.47492 7.43383 7.46888
-99999.00000 -99999.00000 -99999.00000 -99999.00000 -99999.00000 -99999.00000 -99999.00000 -99999.00000 -99999.00000 -99999.00000 -99999.00000 -99999.00000 -99999.00000 -99999.00000 6.71640 6.86228 6.97946 7.09935 7.15827 7.14639 7.10491 7.19826 7.26752 7.30643 7.32230 7.26531 7.30141 7.37568 7.39497 7.37149 7.28149 7.16273 6.99270 6.87591 6.72385 6.39466 5.56715 2.61363 0.28466 0.58289 1.88478 5.13214 5.75721 6.21971 6.62279 6.92177 6.96345 7.00140 7.08606 7.23128 7.25736 7.25290 7.32111 7.30448 7.30021 7.30832 7.29394 7.35216 7.24085 7.21914 7.37350 7.39277 7.45304 7.44104 7.44540 7.43679
-99999.00000 -99999.00000 -99999.00000 -99999.00000 -99999.00000 -99999.00000 -99999.00000 -99999.00000 -99999.00000 -99999.00000 -99999.00000 -99999.00000 -99999.00000 -99999.00000 6.46628 6.85352 6.84113 6.94895 7.11757 7.15755 7.08204 7.13820 7.23278 7.27908 7.28158 7.29618 7.32975 7.36020 7.36577 7.33645 7.24331 7.10805 6.95300 6.80002 6.56457 6.15598 5.31649 1.59124 0.25952 0.79826 3.02759 5.48669 5.97394 6.45053 6.78894 6.98198 7.00201 7.05045 7.21044 7.25931 7.27080 7.35847 7.41371 7.39102 7.37938 7.32851 7.31649 7.29178 7.34824 7.24963 7.34832 7.37699 7.45806 7.44190 7.40756 7.46562
-99999.00000 -99999.00000 -99999.00000 -99999.00000 -99999.00000 -99999.00000 -99999.00000 -99999.00000 -99999.00000 -99999.00000 -99999.00000 -99999.00000 -99999.00000 5.21576 5.75500 6.57061 6.84893 6.92235 6.99798 7.04818 7.08708 7.13548 7.20990 7.26612 7.29097 7.34994 7.35393 7.34992 7.32689 7.26738 7.20480 7.08737 6.89694 6.67500 6.45101 5.99940 5.00948 0.59301 0.46769 1.15196 4.03761 5.62676 6.14109 6.58862 6.83107 6.93173 6.96587 7.06091 7.21969 7.25536 7.30505 7.38484 7.37275 7.24721 7.29465 7.34999 7.34591 7.39968 7.42547 7.33338 7.38704 7.40259 7.45042 7.45236 7.46322 7.49755
-99999.00000 -99999.00000 -99999.00000 -99999.00000 -99999.00000 -99999.00000 -99999.00000 -99999.00000 -99999.00000 -99999.00000 -99999.00000 -99999.00000 -99999.00000 5.33603 5.62591 6.19258 6.57334 6.76802 6.91011 6.98151 7.03973 7.11360 7.22901 7.27513 7.28341 7.34663 7.35440 7.33577 7.26862 7.20218 7.18318 7.05244 6.78833 6.62707 6.42099 5.68233 3.10086 0.22932 0.54747 1.82362 5.09654 5.76238 6.30232 6.70238 6.89588 6.97980 7.04327 7.01126 7.15551 7.27914 7.32297 7.34693 7.24063 7.22893 7.21763 7.37281 7.36187 7.40035 7.39256 7.33475 7.43864 7.43822 7.43432 7.44312 7.46289 7.49952
-99999.00000 -99999.00000 -99999.00000 -99999.00000 -99999.00000 -99999.00000 -99999.00000 -99999.00000 -99999.00000 -99999.00000 -99999.00000 -99999.00000 -99999.00000 5.93544 6.06416 6.09994 6.17216 6.51435 6.84700 6.95090 7.04884 7.15315 7.19100 7.20507 7.25400 7.31269 7.34802 7.31362 7.19715 7.14035 7.19562 7.06703 6.74888 6.67877 6.46991 5.44545 1.61200 0.25578 0.67533 2.62673 5.37615 5.94639 6.41983 6.73653 6.95283 7.07512 7.10142 7.04825 7.02913 7.23448 7.31749 7.35427 7.35217 7.25300 7.33990 7.41048 7.35220 7.34240 7.33056 7.36359 7.45582 7.44993 7.41159 7.42160 7.45755 7.48224
-99999.00000 -99999.00000 -99999.00000 -99999.00000 -99999.00000 -99999.00000 -99999.00000 -99999.00000 -99999.00000 -99999.00000 -99999.00000 -99999.00000 6.19343 6.35942 6.49284 6.23861 6.09965 6.37883 6.80895 6.98594 7.06296 7.11640 7.15510 7.17632 7.23323 7.27110 7.30454 7.27342 7.18551 7.14558 7.11845 6.92096 6.58335 6.40454 6.20811 5.38394 2.48225 0.49318 0.92189 3.17550 5.52144 6.08349 6.54757 6.83162 6.98052 7.10972 7.15265 7.14709 7.09000 7.06424 7.16763 7.31874 7.37180 7.39905 7.42366 7.44406 7.40705 7.33141 7.24126 7.36632 7.45173 7.40294 7.37805 7.42909 7.46400 7.45951
-99999.00000 -99999.00000 -99999.00000 -99999.00000 -99999.00000 -99999.00000 -99999.00000 -99999.00000 -99999.00000 -99999.00000 -99999.00000 -99999.00000 6.54875 6.50560 6.69194 6.59145 6.27233 6.35849 6.72171 6.88757 7.04151 7.13233 7.16797 7.11871 7.19477 7.23092 7.22595 7.15655 7.10881 7.02038 6.95348 6.76525 6.48479 6.37531 6.05072 4.91899 0.60963 0.47522 1.29905 3.75534 5.64675 6.16289 6.59495 6.88482 7.00587 7.14360 7.21171 7.24294 7.24065 7.19608 7.19572 7.26067 7.32885 7.38215 7.41706 7.42505 7.42677 7.40150 7.27243 7.35789 7.41374 7.34398 7.35662 7.42430 7.44362 7.43501
-99999.00000 -99999.00000 -99999.00000 -99999.00000 -99999.00000 -99999.00000 -99999.00000 -99999.00000 -99999.00000 -99999.00000 -99999.00000 -99999.00000 7.14605 6.92339 6.94751 6.74291 6.36155 6.43863 6.69746 6.80465 6.95553 7.08279 7.10045 7.08367 7.21003 7.17331 7.07688 7.09677 7.15675 6.94449 6.85762 6.68187 6.51818 6.38970 5.83671 3.60833 0.24352 0.56057 1.75006 4.84600 5.71912 6.22207 6.62596 6.93982 7.01959 7.14091 7.24050 7.28135 7.32262 7.31873 7.33199 7.33044 7.34906 7.36377 7.40428 7.42229 7.35452 7.28026 7.17565 7.23293 7.24031 7.25218 7.37709 7.42505 7.43046 7.43422
-99999.00000 -99999.00000 -99999.00000 -99999.00000 -99999.00000 -99999.00000 -99999.00000 -99999.00000 -99999.00000 -99999.00000 -99999.00000 7.29243 7.27226 7.17343 6.95590 6.75506 6.22033 6.25523 6.58852 6.79147 6.96156 7.06843 7.06441 7.10963 7.16583 7.12568 7.11119 7.10307 6.97338 6.77552 6.79389 6.69991 6.53078 6.27340 5.68824 2.99095 0.25189 0.82739 2.20252 5.17205 5.71685 6.25959 6.68219 6.96207 7.07871 7.15660 7.25892 7.31548 7.35983 7.36915 7.39108 7.40998 7.41714 7.42628 7.42482 7.42171 7.34487 6.98419 6.89554 6.65803 6.87619 7.26853 7.39450 7.40308 7.39861 7.41958
-99999.00000 -99999.00000 -99999.00000 -99999.00000 -99999.00000 -99999.00000 -99999.00000 -99999.00000 -99999.00000 -99999.00000 -99999.00000 7.34930 7.31529 7.10323 6.93811 6.79165 6.12055 6.08284 6.50358 6.69426 6.85262 6.97961 7.04084 7.12452 7.13993 7.17396 7.15516 6.95914 6.74706 6.82558 6.83741 6.66005 6.34575 6.06166 5.56902 3.04548 0.33868 0.90644 2.25961 5.19778 5.69524 6.22495 6.66848 6.91622 7.07695 7.17946 7.24939 7.29326 7.33345 7.36736 7.38172 7.40192 7.43681 7.44636 7.45203 7.44250 7.40247 7.27339 6.63846 6.74411 6.54301 7.21118 7.34457 7.35568 7.38861 7.40412
-99999.00000 -99999.00000 -99999.00000 -99999.00000 -99999.00000 -99999.00000 -99999.00000 -99999.00000 -99999.00000 -99999.00000 -99999.00000 7.35538 7.29248 7.01034 6.95597 6.91157 6.22074 5.98718 6.30564 6.50185 6.61437 6.81748 7.00092 7.12128 7.14974 7.13050 7.01845 6.90550 6.93542 6.92428 6.73864 6.45628 6.25362 6.05499 5.54831 3.23054 0.26595 0.62469 1.81221 4.97511 5.72429 6.14578 6.59311 6.92107 7.04573 7.15256 7.22923 7.26695 7.26654 7.31022 7.35638 7.39599 7.41215 7.45343 7.45210 7.45016 7.44485 7.27199 6.63253 6.85764 6.38111 7.06997 7.23833 7.23745 7.33810 7.40368
-99999.00000 -99999.00000 -99999.00000 -99999.00000 -99999.00000 -99999.00000 -99999.00000 -99999.00000 -99999.00000 -99999.00000 -99999.00000 7.33163 7.21160 6.95330 6.83438 6.98352 6.55827 6.16565 6.05702 6.17112 6.27230 6.53222 6.93316 7.11194 7.11652 7.07051 6.98527 6.94569 6.95944 6.83575 6.58336 6.44883 6.41745 6.15619 5.56750 3.39520 0.24106 0.52074 1.50904 4.14953 5.60634 6.19537 6.51815 6.88718 7.04955 7.11222 7.19759 7.23610 7.26545 7.32392 7.38369 7.42368 7.43074 7.44195 7.40937 7.44392 7.38542 6.89343 6.14649 6.19632 6.05340 6.91106 7.21027 7.27258 7.27560 7.34095
-99999.00000 -99999.00000 -99999.00000 -99999.00000 -99999.00000 -99999.00000 -99999.00000 -99999.00000 -99999.00000 -99999.00000 7.34435 7.31423 7.20981 6.89836 6.65140 6.99306 6.76916 6.60819 6.28635 6.08819 5.91376 6.14361 6.79991 7.02423 7.05810 7.06511 6.97006 6.86826 6.84407 6.75786 6.63177 6.60778 6.56562 6.14905 5.42565 2.63184 0.45684 0.72060 1.98084 4.31833 5.27989 6.00673 6.43734 6.74841 6.93412 7.08553 7.16153 7.22563 7.28916 7.36000 7.39321 7.37284 7.41591 7.28489 7.07631 7.30511 7.19531 6.60222 6.34997 5.83741 6.32942 7.07070 7.29666 7.32924 7.34298 7.36273
