mrvbf_slope0.8_pctl0.7.asc
NCOLS 410
NROWS 410
XLLCORNER 2398750.0000000000000000
YLLCORNER 2548750.0000000000000000
CELLSIZE 250.0000000000000000
NODATA_VALUE -99999.00000
[rows 174 to 202 of 410, columns 198 to 263 of 410]
6.58132 6.20858 6.34666 6.63564 6.65399 6.29220 6.48594 6.83521 6.90071 6.86139 6.51118 6.53079 7.09501 7.13603 6.98199 6.95597 7.02461 7.05847 6.99408 7.06617 7.26062 7.32624 7.15065 7.01814 7.00635 7.01655 6.92028 6.85638 6.95207 6.94382 6.87222 6.65315 6.19340 6.15930 6.25701 6.34101 6.60175 6.75394 6.75791 6.87081 6.65366 6.54973 6.70753 6.98418 7.11294 7.11782 6.90302 6.27177 5.60715 5.55013 5.58764 5.69943 5.77181 5.80679 5.75147 5.64285 5.45423 5.41961 5.42339 5.44642 5.49416 5.58492 6.12232 6.67306 6.80702 6.38668
6.16401 6.17728 6.30653 6.42216 6.59701 6.30706 6.52582 6.93709 7.04518 6.92565 6.44677 6.51659 7.08210 7.06538 6.91325 6.95929 7.09688 7.14195 6.96149 6.93071 7.18550 7.29455 7.06198 6.92563 6.91340 6.85922 6.87949 6.92093 6.96205 6.93969 6.77445 6.39040 6.02107 6.01696 6.14476 6.21200 6.40451 6.70044 6.64524 6.57853 6.38737 6.50250 6.77132 6.91212 7.00173 6.97114 6.72684 5.98773 5.49249 5.50633 5.50647 5.94977 6.02778 5.80810 6.04192 5.71161 5.61780 5.50841 5.40753 5.48667 5.45142 5.56416 5.91043 6.61147 6.38090 5.55014
6.47751 6.75137 6.60817 6.59692 6.67970 6.44636 6.66822 7.02248 7.09254 6.97155 6.68836 6.51936 6.78514 6.89858 6.96459 6.96851 7.07682 7.16827 6.94917 6.78093 7.05288 7.27182 7.12880 6.89246 6.96764 6.81003 6.60553 6.62704 6.88527 7.00712 6.78160 6.21622 5.87418 5.89640 6.14127 6.45753 6.46268 6.57557 6.61857 6.54770 6.65838 6.69147 6.66910 6.68875 6.77195 6.64250 6.06780 5.59017 5.45430 5.10060 5.18967 5.59180 6.22765 6.15278 6.42179 6.27490 6.07749 5.57925 5.28795 5.42686 5.70953 5.65551 5.78377 6.08288 5.62626 5.32218
6.87271 7.02989 6.75030 6.76528 6.69399 6.39842 6.64809 7.04787 7.17971 7.09916 6.87010 6.52782 6.50758 6.78032 7.09885 7.01355 6.98746 7.11158 6.94651 6.64771 6.82390 7.19346 7.22608 6.95268 6.81220 6.68235 6.48486 6.32408 6.36483 6.66639 6.45218 5.95235 5.77314 5.82503 6.13791 6.61343 6.59929 6.56577 6.64163 6.69462 6.84549 6.85332 6.70389 6.70310 6.65979 6.37176 5.74211 5.47996 5.17387 5.03662 5.05497 5.29029 5.82738 6.15136 5.91467 5.58031 5.47609 5.21081 5.42945 5.49564 5.70244 5.52445 5.60892 5.49882 5.45455 5.41597
6.88226 6.99118 6.69352 6.73101 6.48311 6.12665 6.44292 6.76542 7.05561 6.87309 6.63525 6.58472 6.60070 6.73215 7.02892 7.04326 6.88796 7.00719 6.96400 6.59969 6.62702 7.05985 7.24992 7.02376 6.68603 6.48370 6.44588 6.52420 6.19232 6.20817 6.03305 5.78971 5.73718 5.85891 6.30791 6.71018 6.66210 6.56164 6.56944 6.65555 6.80313 6.89230 6.80400 6.66020 6.62883 6.47933 5.89797 5.47827 5.33377 5.43194 5.41308 5.42249 5.65598 5.89173 5.84737 5.47581 5.26681 5.42924 5.36619 5.29548 5.44263 5.62982 5.55074 5.36981 5.46909 5.63204
6.79794 6.92900 6.61600 6.57316 6.22497 5.98097 6.49010 6.64238 6.89279 6.66502 6.73682 6.76598 6.68687 6.68593 6.99308 7.09769 6.87232 6.86862 6.84964 6.48117 6.55602 7.02870 7.26910 7.09196 6.69290 6.42417 6.33159 6.44579 6.45852 6.19961 5.97577 5.81885 5.80141 6.04231 6.49418 6.67386 6.61345 6.47337 6.39324 6.42594 6.57067 6.70972 6.61681 6.48486 6.60508 6.57238 6.27714 5.92216 5.60880 5.53352 5.51087 5.42425 5.58086 5.80880 5.90577 5.63932 5.41077 5.47677 5.32275 5.21382 5.30037 5.42577 5.55754 5.66142 5.48955 5.46832
6.76015 6.83628 6.64838 6.42277 6.12963 6.14306 6.66874 6.86961 6.98504 6.86771 6.97015 6.90313 6.67053 6.66450 7.00287 7.15701 7.00009 6.86031 6.53624 6.40653 6.74105 7.15381 7.29238 7.15455 6.77026 6.45950 6.32776 6.34178 6.42913 6.25497 6.03765 5.88800 5.92029 6.21280 6.47017 6.53243 6.48867 6.34539 6.18046 6.10175 6.21550 6.46006 6.35478 6.39383 6.56136 6.50382 6.39271 6.32836 6.24645 6.05823 5.93235 5.76609 5.66773 5.62777 5.64101 5.69153 5.70181 5.44408 5.23458 5.01578 5.04519 5.29664 5.45955 5.45749 5.60799 5.50156
6.54441 6.52146 6.58869 6.45088 6.27206 6.45644 6.88544 6.97625 7.07151 6.98771 7.03715 6.93638 6.67266 6.66336 6.99289 7.21159 7.15210 7.00592 6.62679 6.71255 7.05675 7.22844 7.21620 7.06661 6.69898 6.37867 6.20603 6.14789 6.23590 6.22635 6.06175 5.94710 6.00484 6.26577 6.42060 6.43671 6.38790 6.24546 6.02076 5.82113 5.79922 6.03831 6.01378 6.07545 6.22421 6.31876 6.37457 6.33282 6.52439 6.48982 6.25045 6.12674 5.98447 5.68878 5.61819 5.72314 6.00572 5.58405 5.33357 4.83581 4.91061 5.24925 5.34114 5.36220 5.50314 5.77445
6.08698 6.23967 6.57393 6.71064 6.54425 6.64606 6.87747 6.86688 6.94688 6.95689 7.03150 6.83196 6.60470 6.63282 6.97189 7.15969 7.02352 6.80819 6.49461 6.67686 7.01344 7.08594 6.85287 6.65947 6.49634 6.31410 6.10739 6.07158 6.18123 6.14725 6.00721 5.99279 6.07748 6.29094 6.37738 6.36447 6.30356 6.16782 5.96572 5.74975 5.60191 5.61356 5.63429 5.65180 5.78398 6.13065 6.26218 6.32152 6.51605 6.53050 6.28823 6.04085 6.20433 5.93861 5.75237 5.66460 5.77790 5.63862 5.57916 5.52063 5.63959 5.63474 5.49668 5.34930 5.38439 5.79963
6.01167 6.39475 6.59111 6.89634 6.69085 6.73150 6.97850 6.96607 6.94814 6.97264 6.84041 6.53565 6.44345 6.68812 7.06460 7.01145 6.67795 6.59771 6.31852 6.28268 6.60500 6.69573 6.53696 6.55130 6.66494 6.51684 6.15340 5.98962 5.86560 5.72177 5.70136 5.88927 6.08707 6.25316 6.31545 6.31027 6.23834 6.10696 5.98464 5.91853 5.74191 5.58573 5.57161 5.58269 5.61964 5.90751 6.22572 6.38945 6.55485 6.53840 6.25852 6.10342 6.14125 6.19579 5.82906 5.81594 5.67878 5.78757 5.96415 5.99644 6.06038 6.05375 5.89204 5.66653 5.43182 5.56697
6.29097 6.64690 6.69143 6.96821 6.78351 6.75987 7.00710 7.14081 7.09800 6.92324 6.53588 6.30346 6.47378 6.91260 7.13458 6.87534 6.57394 6.69849 6.64155 6.44361 6.62808 6.74699 6.79666 6.77505 6.80679 6.72842 6.35047 6.01989 5.83251 5.65064 5.49351 5.57737 5.90639 6.20037 6.30783 6.33026 6.23612 6.08716 6.01408 6.09465 6.14339 5.84872 5.73131 5.71961 5.63959 5.79071 6.20485 6.35614 6.50206 6.48222 6.38165 6.36977 6.27924 5.97938 5.91396 5.77766 5.80323 6.16505 6.23506 6.39264 6.39959 6.39664 6.27982 6.21414 5.74173 5.46725
6.56686 6.78415 6.76230 6.96629 6.85931 6.77647 6.98507 7.16089 7.09534 6.74872 6.28188 6.25665 6.71188 7.00768 6.99724 6.80392 6.72734 6.78016 6.69607 6.60866 6.83051 6.99786 6.94130 6.91108 6.95734 6.84924 6.48134 6.08333 5.81911 5.60574 5.43587 5.49764 5.83587 6.18314 6.38784 6.42430 6.27307 6.08512 6.01415 6.07522 6.10325 5.95905 5.88601 5.85952 5.65336 5.73622 6.15269 6.23037 6.46554 6.51944 6.56257 6.52936 6.39960 5.95359 5.83076 5.64823 5.73976 6.08111 6.24564 6.47461 6.64447 6.62652 6.53678 6.53482 6.21417 5.50895
6.69712 6.79641 6.73602 6.89877 6.86799 6.75979 6.96884 7.04945 6.93951 6.62218 6.15388 6.31751 6.81787 6.81491 6.81085 6.87184 6.94296 6.91045 6.75154 6.75608 6.98320 7.09435 7.07489 7.03974 6.95804 6.60205 5.99481 5.70828 5.58927 5.49564 5.45204 5.56509 5.88729 6.25749 6.48369 6.48431 6.25376 6.01710 5.93750 5.97225 5.93941 5.90051 5.99362 5.96630 5.60056 5.62874 5.82726 5.87827 6.04624 6.34945 6.48883 6.54447 6.28086 6.08105 6.09268 5.74465 5.74974 5.92884 6.27158 6.46081 6.73089 6.78110 6.63039 6.47761 6.31284 5.65204
6.60949 6.72312 6.68407 6.83438 6.80032 6.75039 6.99203 6.98937 6.87755 6.65223 6.19486 6.27317 6.62218 6.68859 6.86599 6.97006 7.03435 6.98483 6.81528 6.81506 6.96940 7.04082 7.04686 7.00678 6.79487 6.19788 5.73244 5.62868 5.60425 5.57976 5.59587 5.73750 6.05298 6.25343 6.34709 6.32979 6.08434 5.85995 5.79046 5.81076 5.83737 5.95921 6.18204 6.00365 5.56532 5.48302 5.49058 5.52465 5.57946 5.82209 6.16319 6.25099 5.97087 5.81010 5.69920 5.54460 5.68488 6.17513 6.43171 6.57203 6.76736 6.79310 6.55589 6.31999 6.12275 5.35062
6.41465 6.57025 6.70321 6.80726 6.71900 6.81076 6.97824 7.00350 6.95252 6.74211 6.38876 6.30277 6.56495 6.78103 6.94646 7.01178 6.98569 6.84711 6.54997 6.42997 6.58099 6.74565 6.86314 6.85653 6.65579 6.10660 5.64161 5.53657 5.61540 5.71476 5.79393 5.92145 6.02926 6.11646 6.20353 6.13323 5.89168 5.72569 5.68814 5.74549 5.89457 6.13932 6.22418 5.97206 5.55589 5.39397 5.40571 5.43645 5.42741 5.51448 5.68513 5.72820 5.63349 5.59164 5.47880 5.58386 6.06084 6.46983 6.46477 6.53877 6.71367 6.61573 6.49067 6.05994 5.62393 4.81005
6.41664 6.49274 6.60577 6.54400 6.55116 6.79723 6.84253 6.73092 6.60572 6.50705 6.30851 6.23856 6.52849 6.84561 6.90915 6.92351 6.85682 6.65740 6.30100 5.99180 5.92430 6.01252 6.38293 6.56242 6.30145 5.86527 5.57081 5.44056 5.53291 5.72905 5.93064 6.05691 6.13232 6.21317 6.22180 6.01465 5.78268 5.66075 5.63317 5.74929 6.08015 6.20985 6.15448 5.74399 5.60123 5.63074 5.66564 5.61182 5.46921 5.39511 5.40260 5.49013 5.58250 5.46943 5.53337 5.91742 6.20384 6.32860 6.38054 6.53849 6.68164 6.57783 6.47625 6.25636 5.53932 4.82280
6.02601 6.00420 6.03289 6.05124 6.38968 6.75101 6.71219 6.38767 6.13537 6.09053 6.06446 6.05307 6.31369 6.74478 6.81057 6.76008 6.64478 6.37459 6.15750 5.90902 5.69669 5.59326 5.70332 5.96984 5.69349 5.50792 5.37224 5.33694 5.46550 5.59739 5.73802 5.92490 6.20780 6.20350 5.94712 5.78634 5.77774 5.70760 5.61616 5.73174 6.16834 6.34284 6.44325 5.93874 5.64964 5.79686 5.91147 5.74458 5.57280 5.45942 5.40326 5.45426 5.54855 5.60192 5.88642 6.09406 6.15664 6.22153 6.26770 6.40418 6.45068 6.54172 6.56113 6.24334 5.50030 4.65627
5.88600 5.78700 5.69666 5.75731 6.12277 6.54428 6.45995 6.17353 6.15309 6.11650 5.98519 5.92527 6.08940 6.49639 6.52335 6.36655 6.32087 6.15804 5.91114 5.84908 5.75415 5.58369 5.45489 5.51589 5.40061 5.32755 5.25117 5.31906 5.42499 5.49420 5.56002 5.67360 5.92845 5.82157 5.58872 5.57884 5.81735 5.89391 5.61375 5.65191 6.11156 6.36434 6.44605 6.11771 5.97189 6.06595 6.15721 5.96602 5.81005 5.66594 5.49789 5.52787 5.71810 5.88875 6.08127 6.13202 6.28018 6.38045 6.41132 6.30439 6.30518 6.31517 6.39460 6.28244 5.77387 5.21989
5.74706 5.69433 5.63845 5.66645 5.75858 6.22036 6.37819 6.20211 6.25828 6.23734 6.11396 5.93777 5.95992 6.21617 6.02436 5.86397 5.85102 5.88006 5.77237 5.75494 5.83162 5.72773 5.47812 5.37498 5.36031 5.39856 5.39794 5.38980 5.40333 5.43979 5.51628 5.59919 5.79426 5.60643 5.50201 5.58091 5.72369 5.94455 5.64363 5.57762 5.93577 6.06438 6.00136 5.86579 6.04262 6.42602 6.72453 6.60458 6.01526 5.66411 5.50778 5.53386 5.82472 5.95161 5.79343 5.85922 6.21379 6.45459 6.51798 6.46668 6.43019 6.21840 6.10694 6.06844 5.88829 5.37749
5.68850 5.64938 5.75961 5.79674 5.65388 5.85288 6.25596 6.33238 6.32590 6.30233 6.28416 6.04650 5.84964 5.81947 5.67212 5.68789 5.68907 5.70989 5.75446 5.71932 5.74812 5.68938 5.57496 5.47016 5.52058 5.56885 5.47312 5.38632 5.37430 5.42029 5.47507 5.50258 5.71616 5.52999 5.53984 5.69820 5.69409 5.96229 5.74329 5.63623 5.80530 5.88644 5.68871 5.70671 6.16621 6.39181 6.65020 6.58406 5.89310 5.68894 5.48750 5.49232 5.76890 6.06156 5.59303 5.67561 6.07372 6.33287 6.57842 6.51509 6.41280 6.37210 6.05206 5.87428 5.75649 5.39001
5.79961 5.85630 5.93543 5.88816 5.82591 5.84565 6.09038 6.33640 6.33577 6.22389 6.16250 6.01158 5.79309 5.65484 5.61660 5.72492 5.73627 5.67197 5.70559 5.66437 5.69029 5.67901 5.70569 5.71415 5.76482 5.69710 5.46143 5.35344 5.36898 5.39136 5.35497 5.35812 5.58152 5.53851 5.62596 5.69842 5.74788 6.05270 5.82188 5.79357 5.92838 6.07723 5.69224 5.58764 5.98628 6.40323 6.46093 6.42077 5.90717 5.54570 5.51720 5.63247 5.96466 6.03150 5.59144 5.71996 6.05061 6.29509 6.53061 6.53799 6.36916 6.28426 6.08592 5.83885 5.70719 5.54817
5.86864 6.05071 5.96744 5.99998 5.96368 5.92097 6.01829 6.19578 6.19919 6.18165 6.17287 6.05902 5.86369 5.72640 5.74355 5.85339 5.85500 5.72392 5.70651 5.75387 5.79228 5.90618 5.99887 6.03123 5.99419 5.74522 5.44385 5.29342 5.31688 5.36224 5.28619 5.22313 5.47219 5.56265 5.67977 5.64250 5.73975 5.84795 5.64458 5.66021 5.76612 5.98049 5.58519 5.47955 5.82096 6.30339 6.25077 5.96782 5.77470 5.68186 5.77078 5.93202 6.19704 6.13995 5.67201 5.69642 6.04451 6.07400 6.07833 6.07692 6.09385 6.14125 6.13209 5.96523 5.77869 5.62200
5.97397 6.03383 6.19447 6.21863 6.05622 6.01678 6.07874 6.33253 6.39559 6.31731 6.41909 6.32469 6.07507 5.94034 5.98289 6.00949 5.96622 5.86140 5.81896 5.94560 6.00008 6.16681 6.36490 6.31738 6.13605 5.70598 5.40114 5.25147 5.29441 5.40780 5.35074 5.16157 5.37519 5.47008 5.56688 5.50906 5.55633 5.63540 5.56228 5.62509 5.63939 5.73401 5.46566 5.47314 5.69077 5.94527 5.97106 5.70241 5.52150 5.49852 5.61924 5.77736 5.96500 5.94626 5.55483 5.48715 5.63684 5.66922 5.67943 5.66897 5.90739 6.10717 6.15392 6.16483 5.99830 5.77686
6.40015 6.32389 6.37052 6.23784 6.25523 6.20513 6.35568 6.37202 6.24206 6.17067 6.26491 6.37121 6.19794 6.09906 6.08686 6.07951 6.05438 6.00875 5.97218 6.05738 6.24357 6.44729 6.59666 6.52677 6.20873 5.68086 5.37980 5.22850 5.29435 5.48073 5.42248 5.18290 5.28861 5.42499 5.57190 5.57497 5.53188 5.75219 5.74470 5.68331 5.75937 5.92073 5.63552 5.52926 5.54803 5.59058 5.61188 5.65399 5.51228 5.43475 5.48776 5.63484 5.78302 5.61937 5.34412 5.37720 5.50856 5.48670 5.44573 5.52414 5.74148 6.02800 6.13025 6.20780 6.19924 6.20984
6.17114 6.18054 6.26404 6.32734 6.20551 6.23951 6.39884 6.38256 6.26643 6.22651 6.18403 6.27791 6.16414 6.11398 6.13396 6.19400 6.23432 6.26583 6.25840 6.25992 6.40245 6.59219 6.68689 6.61315 6.28688 5.69453 5.36189 5.18726 5.25361 5.48174 5.56119 5.30398 5.31542 5.54586 5.74221 5.71366 5.62969 5.94259 6.17213 5.84787 5.81134 5.93607 5.86558 5.64100 5.62780 5.43355 5.52358 5.91516 5.77323 5.55202 5.52234 5.73444 5.95443 5.62351 5.43351 5.58112 5.73897 5.68774 5.56842 5.63339 5.70718 6.04231 6.28613 6.37308 6.47575 6.47467
6.06019 6.20023 6.38902 6.51476 6.21515 6.22219 6.47212 6.41991 6.38950 6.29132 6.19035 6.09699 6.08895 6.16511 6.34784 6.49577 6.55201 6.59191 6.61365 6.54877 6.57103 6.66075 6.70302 6.64365 6.41306 5.78255 5.39918 5.18466 5.16415 5.32546 5.46663 5.36208 5.40947 5.72442 5.86649 5.75328 5.64925 6.03495 6.38905 5.96082 5.72421 5.67438 5.61067 5.51701 5.56996 5.47937 5.53199 5.98816 5.98180 5.54399 5.49244 5.92153 6.24822 5.85044 5.68929 5.73586 5.83104 5.82788 5.81358 6.01288 5.91326 6.20773 6.58237 6.73244 6.76703 6.62169
6.29520 6.58993 6.69517 6.60382 6.33605 6.25880 6.28476 6.18572 6.07863 5.97335 5.94731 5.99422 6.14544 6.41975 6.68887 6.78357 6.75865 6.72188 6.78370 6.77622 6.73343 6.72783 6.72722 6.67113 6.50690 5.92565 5.51957 5.30843 5.18602 5.14610 5.03250 4.97352 5.23016 5.48878 5.62709 5.66165 5.89459 6.43467 6.24072 5.82078 5.68091 5.58407 5.52129 5.52312 5.62579 5.89757 5.64288 5.68256 5.76557 5.45497 5.52479 6.32364 6.47965 5.96543 5.87271 6.02259 6.03788 5.80594 5.76802 6.11516 5.94617 6.14588 6.57685 6.70599 6.76301 6.65930
6.51836 6.79776 6.80801 6.67597 6.50018 6.33694 6.18564 6.04163 5.90649 5.82699 5.85695 6.00181 6.25226 6.62654 6.83810 6.92417 6.91203 6.81646 6.80666 6.87182 6.86202 6.79042 6.74199 6.68855 6.59511 6.08965 5.69345 5.49654 5.36498 5.22565 5.07998 5.20396 5.40165 5.51208 5.70340 5.98593 6.20016 6.44934 6.25698 5.73294 5.52133 5.51572 5.65006 5.76695 5.78996 6.24546 6.10489 5.75649 5.65306 5.48405 5.69979 6.57490 6.46449 5.80339 5.66821 5.77787 5.91760 5.77332 5.73456 6.16119 5.86182 6.03369 6.59978 6.62846 6.52442 6.56639
6.70969 6.88943 6.86825 6.76888 6.61494 6.37379 6.14272 5.97152 5.86871 5.84182 5.89823 6.03352 6.22759 6.54940 6.84264 6.96011 6.96673 6.89167 6.84552 6.84930 6.85798 6.78878 6.71200 6.68909 6.65140 6.23137 5.90489 5.75353 5.59762 5.49507 5.54461 5.82566 5.97043 5.72771 5.60434 5.61528 5.67005 5.82228 5.83943 5.58825 5.47811 5.55947 5.79363 5.84999 5.94937 6.41733 6.56060 6.18946 5.87626 5.68594 6.08244 6.73832 6.37507 5.64092 5.51435 5.74483 5.85967 5.98461 5.82399 5.86416 5.83078 6.07091 6.57261 6.62342 6.40818 6.42814
