mrvbf_slope0.9_pctl0.5.asc
NCOLS 410
NROWS 410
XLLCORNER 2398750.0000000000000000
YLLCORNER 2548750.0000000000000000
CELLSIZE 250.0000000000000000
NODATA_VALUE -99999.00000
[rows 174 to 202 of 410, columns 198 to 263 of 410]
7.50468 7.44821 7.47218 7.51181 7.51396 7.46392 7.49274 7.53593 7.54383 7.53909 7.49571 7.49840 7.56793 7.57357 7.55370 7.55054 7.55897 7.56335 7.55547 7.56457 7.59224 7.60353 7.57558 7.55830 7.55688 7.55799 7.54644 7.53887 7.54970 7.54861 7.54028 7.51550 7.45332 7.44734 7.46397 7.47679 7.50989 7.52705 7.52775 7.54012 7.51659 7.50468 7.52288 7.55344 7.56864 7.56935 7.54493 7.46885 7.21165 7.13682 7.19304 7.29900 7.34095 7.35605 7.32602 7.24161 6.93773 6.88326 6.91504 6.97899 7.08049 7.21520 7.44873 7.52252 7.53675 7.48916
7.44047 7.44349 7.46666 7.48432 7.50741 7.46728 7.49859 7.54795 7.56146 7.54688 7.48755 7.49731 7.56613 7.56415 7.54556 7.55109 7.56823 7.57432 7.55154 7.54793 7.58048 7.59750 7.56325 7.54686 7.54566 7.53940 7.54157 7.54607 7.55051 7.54760 7.52883 7.48306 7.41923 7.41837 7.44512 7.45728 7.48567 7.52061 7.51491 7.50763 7.48417 7.49897 7.52951 7.54485 7.55484 7.55156 7.52535 7.41503 7.03703 7.06860 7.07155 7.40727 7.42650 7.35860 7.42888 7.30442 7.22565 7.08311 6.88094 7.06812 7.00217 7.19451 7.40204 7.51512 7.48813 7.18456
7.49196 7.52590 7.50900 7.50772 7.51767 7.48843 7.51646 7.55797 7.56728 7.55237 7.51913 7.49831 7.53064 7.54388 7.55173 7.55223 7.56565 7.57793 7.54998 7.53046 7.56261 7.59317 7.57164 7.54287 7.55186 7.53378 7.51019 7.51270 7.54139 7.55362 7.52818 7.45713 7.37858 7.38618 7.44454 7.49148 7.49282 7.50640 7.51149 7.50379 7.51644 7.52026 7.51803 7.52035 7.52941 7.51556 7.43395 7.20446 6.96990 6.12846 6.31322 7.21210 7.46472 7.45253 7.49233 7.47246 7.43842 7.19842 6.57921 6.94502 7.32115 7.28629 7.35951 7.44299 7.26677 6.73266
7.53993 7.55824 7.52598 7.52775 7.51947 7.48226 7.51424 7.56068 7.57830 7.56791 7.54044 7.49989 7.49727 7.53017 7.56827 7.55752 7.55418 7.56978 7.54943 7.51490 7.53552 7.58080 7.58515 7.54987 7.53404 7.51936 7.49576 7.47409 7.48011 7.51610 7.49031 7.40292 7.33881 7.36199 7.44406 7.50881 7.50824 7.50490 7.51344 7.51939 7.53528 7.53648 7.52128 7.52134 7.51679 7.48316 7.33045 7.03762 6.30109 6.04486 6.07977 6.58637 7.37287 7.45308 7.40190 7.20914 7.04507 6.39868 6.94719 7.08842 7.31682 7.14250 7.24858 7.10997 7.03395 6.95679
7.54093 7.55355 7.51937 7.52377 7.49393 7.43760 7.48888 7.52810 7.56186 7.54066 7.51322 7.50728 7.50926 7.52463 7.55917 7.56069 7.54142 7.55543 7.55127 7.50933 7.51281 7.56282 7.58828 7.55802 7.51983 7.49594 7.49110 7.50060 7.45427 7.45676 7.42333 7.34782 7.32192 7.37560 7.47058 7.51829 7.51445 7.50395 7.50492 7.51435 7.52970 7.53888 7.53057 7.51601 7.51271 7.49604 7.39436 7.04611 6.70736 6.95603 6.91602 6.94103 7.28551 7.39610 7.38270 7.06191 6.57003 6.96652 6.81490 6.63203 6.98610 7.26137 7.17675 6.82641 7.05605 7.27119
7.53115 7.54603 7.51028 7.50525 7.45641 7.40464 7.49528 7.51398 7.54265 7.51662 7.52511 7.52856 7.51957 7.51932 7.55449 7.56691 7.53887 7.53872 7.53787 7.49479 7.50445 7.55872 7.59051 7.56572 7.52044 7.48851 7.47597 7.49080 7.49185 7.45527 7.41029 7.36129 7.35438 7.42516 7.49344 7.51410 7.50875 7.49339 7.48371 7.48777 7.50435 7.51899 7.51000 7.49588 7.50915 7.50569 7.46998 7.40260 7.24417 7.15629 7.12406 6.95917 7.22138 7.36909 7.40082 7.27885 6.94378 7.07980 6.73871 6.47725 6.67798 6.97178 7.19505 7.29351 7.09445 7.05478
7.52673 7.53516 7.51404 7.48632 7.43975 7.44256 7.51671 7.53954 7.55302 7.53976 7.55161 7.54396 7.51774 7.51697 7.55559 7.57464 7.55397 7.53792 7.50087 7.48512 7.52604 7.57382 7.59299 7.57256 7.52845 7.49281 7.47537 7.47698 7.48762 7.46352 7.42472 7.38634 7.39589 7.45578 7.49058 7.49882 7.49455 7.47724 7.45342 7.43994 7.45876 7.49055 7.47852 7.48384 7.50313 7.49743 7.48486 7.47684 7.46565 7.43460 7.40674 7.35183 7.29936 7.27074 7.28222 7.31684 7.32323 7.02928 6.55663 6.11324 6.16734 6.70662 7.06581 7.06255 7.26248 7.13678
7.50157 7.49883 7.50693 7.49016 7.46515 7.49119 7.54061 7.55139 7.56309 7.55330 7.55926 7.54750 7.51804 7.51698 7.55425 7.58218 7.57324 7.55489 7.51196 7.52267 7.56133 7.58282 7.58090 7.56117 7.52039 7.48244 7.45729 7.44734 7.46106 7.45884 7.42976 7.40363 7.41757 7.46369 7.48465 7.48758 7.48221 7.46329 7.42410 7.36877 7.36059 7.42721 7.42262 7.43561 7.46091 7.47481 7.48251 7.47772 7.50006 7.49615 7.46674 7.44789 7.42100 7.31620 7.26714 7.33660 7.42652 7.23901 6.80442 5.84036 5.95915 6.62039 6.83283 6.88226 7.14886 7.36457
7.43175 7.45991 7.50515 7.52072 7.50204 7.51407 7.53991 7.53916 7.54821 7.54945 7.55817 7.53558 7.51027 7.51352 7.55151 7.57431 7.55647 7.53177 7.49600 7.51857 7.55576 7.56395 7.53742 7.51620 7.49740 7.47376 7.44055 7.43337 7.45213 7.44569 7.41826 7.41479 7.43258 7.46704 7.47920 7.47851 7.47113 7.45144 7.41217 7.34022 7.23978 7.25159 7.27021 7.28485 7.35802 7.44698 7.46788 7.47650 7.49968 7.50147 7.47308 7.43380 7.46194 7.41238 7.35144 7.30498 7.36384 7.28930 7.23958 7.17353 7.29063 7.28725 7.14286 6.86764 6.94508 7.37457
7.41580 7.48289 7.50732 7.54092 7.51901 7.52372 7.55115 7.55005 7.54796 7.55106 7.53629 7.50212 7.49086 7.51975 7.56206 7.55505 7.51683 7.50797 7.47263 7.46848 7.51037 7.52028 7.50190 7.50366 7.51601 7.49887 7.44888 7.41620 7.38211 7.32171 7.31004 7.38824 7.43415 7.46167 7.47123 7.47137 7.46196 7.44136 7.41716 7.40092 7.33836 7.22841 7.21445 7.22766 7.26362 7.40044 7.46254 7.48477 7.50385 7.50280 7.46974 7.44605 7.45289 7.46192 7.38109 7.37799 7.31675 7.36985 7.42122 7.42838 7.44096 7.43971 7.40380 7.31350 7.04886 7.23784
7.46844 7.51346 7.51875 7.54902 7.52920 7.52676 7.55429 7.57061 7.56538 7.54513 7.50211 7.47209 7.49481 7.54426 7.57020 7.53938 7.50535 7.51993 7.51397 7.49088 7.51277 7.52548 7.53040 7.52773 7.53028 7.52086 7.47750 7.42306 7.37149 7.27753 7.09100 7.21123 7.39427 7.45403 7.47018 7.47378 7.46152 7.43796 7.42399 7.43932 7.44714 7.38176 7.33590 7.33057 7.28232 7.36388 7.45896 7.48018 7.49787 7.49682 7.48595 7.48491 7.47354 7.42142 7.40549 7.36331 7.37565 7.45921 7.46976 7.49029 7.49180 7.49194 7.47759 7.46803 7.35612 7.11900
7.50413 7.52849 7.52643 7.54883 7.53723 7.52829 7.55138 7.57263 7.56453 7.52586 7.46912 7.46550 7.52206 7.55448 7.55302 7.53157 7.52321 7.52882 7.51977 7.51033 7.53415 7.55151 7.54503 7.54122 7.54439 7.53126 7.49206 7.43502 7.36681 7.24198 6.98868 7.10704 7.37374 7.45176 7.48010 7.48484 7.46637 7.43754 7.42414 7.43619 7.44152 7.41342 7.39510 7.38742 7.29497 7.34215 7.45028 7.46293 7.49274 7.50016 7.50589 7.50318 7.48902 7.41531 7.38038 7.29641 7.35140 7.44596 7.47182 7.50033 7.51900 7.51807 7.50919 7.50873 7.46912 7.18462
7.51850 7.52972 7.52322 7.54104 7.53784 7.52613 7.54908 7.55814 7.54621 7.51183 7.44903 7.47463 7.53313 7.53282 7.53213 7.53886 7.54649 7.54270 7.52552 7.52601 7.54925 7.56024 7.55785 7.55300 7.54241 7.50560 7.41813 7.31868 7.22869 7.10719 7.03108 7.20586 7.39083 7.46299 7.49097 7.49116 7.46344 7.42452 7.40710 7.41583 7.40933 7.40038 7.42303 7.41702 7.25751 7.28096 7.37890 7.39509 7.43416 7.47981 7.49699 7.50418 7.47441 7.44316 7.44596 7.35356 7.35780 7.41542 7.47556 7.49899 7.52770 7.53365 7.51872 7.50310 7.48262 7.31525
7.50879 7.52161 7.51737 7.53377 7.53024 7.52492 7.55134 7.55100 7.53909 7.51494 7.45640 7.46854 7.51184 7.51898 7.53787 7.54889 7.55568 7.55009 7.53189 7.53141 7.54601 7.55183 7.55154 7.54622 7.52465 7.45527 7.33289 7.26658 7.24518 7.22224 7.23979 7.33626 7.42996 7.46319 7.47588 7.47358 7.43743 7.38641 7.36348 7.37181 7.38208 7.41602 7.45748 7.42662 7.22756 7.12479 7.13828 7.18591 7.24630 7.38088 7.45534 7.46942 7.42309 7.37815 7.33235 7.21740 7.32895 7.46159 7.49486 7.51073 7.53107 7.53446 7.51000 7.48456 7.45608 6.94523
7.48576 7.50456 7.51934 7.53053 7.52137 7.53127 7.54932 7.55222 7.54648 7.52403 7.48415 7.47290 7.50518 7.52840 7.54560 7.55221 7.54919 7.53464 7.50312 7.48904 7.50529 7.52092 7.53058 7.52778 7.50762 7.43858 7.27861 7.17501 7.25635 7.32229 7.35932 7.40077 7.42648 7.44320 7.45718 7.44634 7.39631 7.33701 7.31817 7.34765 7.39972 7.45068 7.46434 7.42095 7.22040 6.97113 7.00014 7.06063 7.04745 7.18192 7.32596 7.34869 7.29587 7.26287 7.13735 7.26165 7.44272 7.49751 7.49833 7.50713 7.52550 7.51616 7.50310 7.44656 7.30287 5.91085
7.48493 7.49478 7.50784 7.50157 7.50273 7.52919 7.53419 7.52271 7.50935 7.49820 7.47353 7.46374 7.50056 7.53388 7.54049 7.54165 7.53456 7.51408 7.47259 7.42004 7.40374 7.42375 7.47912 7.49596 7.46551 7.38244 7.21706 7.02850 7.17424 7.33025 7.40090 7.43038 7.44522 7.45836 7.45992 7.42564 7.36270 7.30369 7.28603 7.35090 7.43959 7.46148 7.45455 7.35144 7.26506 7.29019 7.31478 7.27961 7.12399 7.00050 7.01739 7.15953 7.26040 7.12887 7.21495 7.41359 7.46488 7.48181 7.48897 7.50683 7.52189 7.51214 7.50185 7.47597 7.23811 5.95261
7.42317 7.41943 7.42620 7.43048 7.48316 7.52328 7.51996 7.48373 7.44700 7.43941 7.43467 7.43256 7.47420 7.52235 7.52899 7.52375 7.51173 7.48156 7.45103 7.40006 7.31831 7.24315 7.32127 7.40999 7.31355 7.14368 6.89761 6.82331 7.08097 7.24752 7.33901 7.40294 7.45613 7.45672 7.41145 7.36509 7.36243 7.33232 7.27672 7.34515 7.45389 7.47840 7.49120 7.41502 7.30271 7.37389 7.40924 7.35662 7.25167 7.11849 7.02812 7.11471 7.23282 7.27990 7.40660 7.44860 7.45878 7.46875 7.47557 7.49240 7.49807 7.50809 7.51020 7.47349 7.20182 5.67931
7.38822 7.35530 7.31181 7.34402 7.44426 7.50088 7.49217 7.45359 7.45043 7.44447 7.41865 7.40432 7.43976 7.49541 7.49829 7.48021 7.47400 7.45065 7.40092 7.38263 7.34715 7.23682 7.06518 7.15939 6.96452 6.81078 6.64552 6.79620 7.01675 7.13516 7.21935 7.31016 7.40548 7.37709 7.25248 7.24461 7.37802 7.40072 7.27814 7.30534 7.44580 7.48065 7.49098 7.45009 7.42354 7.44143 7.45631 7.42320 7.38289 7.32158 7.17948 7.21552 7.35000 7.40773 7.44736 7.45541 7.47605 7.48860 7.49269 7.48084 7.48131 7.48285 7.49197 7.47725 7.37588 6.74741
7.33860 7.31194 7.27510 7.29587 7.34678 7.46039 7.48213 7.45837 7.46673 7.46378 7.44430 7.40815 7.41349 7.45961 7.42728 7.38831 7.38425 7.39251 7.35635 7.34875 7.37577 7.33449 7.11072 6.92199 6.89261 6.96973 6.96804 6.95414 6.98493 7.05641 7.17364 7.26069 7.36694 7.27012 7.16263 7.25015 7.34307 7.41446 7.30164 7.25289 7.41348 7.43961 7.42895 7.39833 7.43833 7.49229 7.52342 7.51173 7.43457 7.32303 7.19632 7.22570 7.39044 7.42310 7.38132 7.40183 7.46819 7.49705 7.50405 7.49911 7.49548 7.47055 7.45461 7.44711 7.40749 7.04359
7.31058 7.28558 7.34796 7.36351 7.29046 7.38387 7.46603 7.47656 7.47584 7.47269 7.46986 7.43207 7.38443 7.37452 7.30776 7.31714 7.31796 7.32913 7.34954 7.33371 7.34623 7.31753 7.23527 7.10667 7.17507 7.22401 7.10682 6.95892 6.93998 7.03091 7.12335 7.16451 7.33602 7.20209 7.21376 7.33209 7.33025 7.41938 7.35500 7.30029 7.37915 7.40313 7.33299 7.34240 7.45899 7.48861 7.51611 7.50979 7.40857 7.33796 7.17664 7.18304 7.37252 7.44481 7.28173 7.33503 7.44788 7.48385 7.50993 7.50389 7.49339 7.48889 7.44582 7.40899 7.37088 7.07107
7.36488 7.38454 7.40700 7.39474 7.37582 7.38266 7.44033 7.47687 7.47693 7.46192 7.45251 7.42549 7.36622 7.29875 7.27180 7.33721 7.34246 7.31010 7.32863 7.30643 7.32132 7.31530 7.32896 7.33217 7.35134 7.31810 7.09913 6.90814 6.94229 6.98919 6.92398 6.93388 7.25347 7.21603 7.29155 7.33430 7.35682 7.43775 7.38457 7.37602 7.41374 7.44257 7.33657 7.27178 7.42866 7.49008 7.49667 7.49257 7.41290 7.24226 7.21573 7.31028 7.42698 7.44009 7.28433 7.35754 7.44433 7.47927 7.50470 7.50545 7.48820 7.47846 7.45137 7.40075 7.35457 7.25702
7.38881 7.43202 7.41478 7.42277 7.41501 7.40498 7.42718 7.45783 7.45844 7.45579 7.45418 7.43490 7.39014 7.33990 7.34725 7.38564 7.38614 7.33913 7.33143 7.35303 7.36795 7.40163 7.42183 7.42692 7.41720 7.34428 7.08195 6.80175 6.85364 6.94732 6.79917 6.67224 7.13858 7.24317 7.32559 7.30584 7.35529 7.39281 7.30876 7.31923 7.36818 7.42565 7.27244 7.16562 7.38876 7.47835 7.47203 7.42650 7.37574 7.33809 7.37514 7.42017 7.46613 7.45830 7.33678 7.34917 7.44316 7.44855 7.44960 7.44962 7.45250 7.45967 7.45832 7.43018 7.38275 7.31245
7.41681 7.42853 7.45667 7.46104 7.43472 7.42727 7.43913 7.47636 7.48385 7.47431 7.48566 7.47394 7.43757 7.41030 7.41902 7.42407 7.41543 7.39033 7.37816 7.41230 7.42422 7.45259 7.47753 7.47089 7.44409 7.33100 7.02126 6.73156 6.82361 7.04210 6.94146 6.56122 6.99207 7.14533 7.25265 7.19607 7.24447 7.30460 7.25056 7.30008 7.31032 7.35772 7.15278 7.16372 7.34063 7.42170 7.42731 7.34710 7.22560 7.20422 7.30629 7.37926 7.42829 7.42472 7.26462 7.20213 7.32209 7.33966 7.34522 7.34109 7.41841 7.45470 7.46170 7.46298 7.43630 7.38229
7.48382 7.47503 7.48079 7.46385 7.46660 7.45963 7.47940 7.48134 7.46490 7.45463 7.46745 7.47972 7.45739 7.44208 7.43987 7.43866 7.43453 7.42644 7.41947 7.43613 7.46454 7.48865 7.50329 7.49508 7.45628 7.32184 6.99434 6.70076 6.83825 7.15975 7.07574 6.61354 6.83653 7.08717 7.26056 7.26371 7.22445 7.36329 7.36087 7.33494 7.36826 7.41445 7.31203 7.23181 7.24975 7.28367 7.29750 7.32427 7.22048 7.13170 7.19935 7.31885 7.38292 7.31147 7.00606 7.06378 7.23063 7.21032 7.16576 7.24921 7.37310 7.44284 7.45925 7.46992 7.46845 7.46782
7.45397 7.45555 7.46737 7.47601 7.45985 7.46480 7.48470 7.48270 7.46829 7.46276 7.45658 7.46890 7.45333 7.44570 7.44894 7.45792 7.46361 7.46791 7.46721 7.46766 7.48487 7.50465 7.51341 7.50500 7.46764 7.33140 6.97351 6.63371 6.77127 7.16682 7.24726 6.86248 6.89506 7.24001 7.35959 7.34816 7.30399 7.41830 7.45881 7.39657 7.38659 7.41828 7.40221 7.31812 7.31108 7.12385 7.22795 7.41599 7.37842 7.26303 7.23873 7.36655 7.42726 7.31610 7.14805 7.29165 7.37056 7.35139 7.28621 7.32710 7.36177 7.44627 7.48020 7.49031 7.50072 7.49969
7.43616 7.45895 7.48361 7.49779 7.46154 7.46268 7.49281 7.48678 7.48290 7.47097 7.45751 7.44346 7.44235 7.45446 7.47846 7.49485 7.50080 7.50493 7.50721 7.50105 7.50337 7.51213 7.51599 7.50928 7.48312 7.36907 7.04859 6.64509 6.60767 6.92653 7.15399 6.99139 7.07380 7.35329 7.39993 7.36417 7.31482 7.43633 7.48573 7.42379 7.35734 7.33600 7.30153 7.22823 7.27433 7.18792 7.23839 7.43029 7.43156 7.25918 7.21305 7.42055 7.47363 7.40461 7.35164 7.37029 7.40031 7.40037 7.39715 7.44119 7.42245 7.47098 7.51167 7.52578 7.52884 7.51557
7.47175 7.50512 7.51591 7.50703 7.47770 7.46793 7.47113 7.45751 7.44065 7.42095 7.41553 7.42559 7.45189 7.48695 7.51405 7.52319 7.52150 7.51839 7.52424 7.52362 7.51957 7.51891 7.51867 7.51283 7.49419 7.41023 7.21479 6.90225 6.66809 6.59159 6.36762 6.25324 6.76240 7.19067 7.30581 7.32248 7.40555 7.49039 7.46811 7.39057 7.34006 7.28566 7.23580 7.23764 7.31334 7.41299 7.32025 7.33932 7.37704 7.17354 7.24696 7.48243 7.49957 7.43072 7.41071 7.44037 7.44392 7.39535 7.38375 7.45783 7.42895 7.46270 7.51162 7.52392 7.52935 7.51987
7.49753 7.52518 7.52669 7.51423 7.49642 7.47796 7.45798 7.43471 7.40655 7.38526 7.39417 7.42776 7.46725 7.50829 7.52814 7.53634 7.53612 7.52774 7.52683 7.53291 7.53187 7.52492 7.52001 7.51496 7.50401 7.44268 7.33823 7.19708 7.01708 6.76525 6.48241 6.72922 7.08360 7.22086 7.34732 7.42713 7.46174 7.49142 7.46945 7.36256 7.23790 7.23394 7.32816 7.37684 7.38410 7.47127 7.45127 7.37176 7.33188 7.21068 7.35556 7.50844 7.49782 7.39334 7.34556 7.38658 7.42257 7.38604 7.37091 7.46325 7.40917 7.44527 7.51378 7.51635 7.50674 7.51138
7.51699 7.53419 7.53263 7.52327 7.50822 7.48246 7.45199 7.42180 7.39789 7.39073 7.40588 7.43442 7.46455 7.50131 7.52901 7.53966 7.54120 7.53490 7.53043 7.53069 7.53154 7.52483 7.51713 7.51514 7.51016 7.46425 7.40840 7.36473 7.28928 7.20408 7.25128 7.38769 7.42216 7.35860 7.29721 7.30335 7.33398 7.39136 7.39647 7.29188 7.19978 7.27371 7.38556 7.40173 7.42446 7.49076 7.50550 7.46421 7.41023 7.35066 7.45028 7.52315 7.48810 7.33350 7.25323 7.37708 7.41028 7.43627 7.39764 7.40824 7.40246 7.45203 7.51121 7.51618 7.49523 7.49786
