mrvbf_slope0.9_pctl0.8.asc
NCOLS 410
NROWS 410
XLLCORNER 2398750.0000000000000000
YLLCORNER 2548750.0000000000000000
CELLSIZE 250.0000000000000000
NODATA_VALUE -99999.00000
[rows 319 to 347 of 410, columns 330 to 395 of 410]
3.16039 3.20801 3.19229 3.19882 3.24856 3.30822 3.37941 3.46010 3.55230 3.65701 3.79226 3.96799 4.16542 4.30894 4.38241 4.41214 4.42486 4.44301 4.47910 4.53235 4.59639 4.66500 4.74516 4.85208 5.00636 5.25055 5.66049 6.12872 6.29684 5.99375 5.28612 5.05581 5.23559 5.34319 5.54103 5.92279 6.13718 6.24063 6.27519 6.28330 6.29810 6.34856 6.49482 6.64328 6.70908 6.78380 6.87215 6.93619 6.97249 6.94026 6.83772 6.67960 6.46718 6.24670 6.07732 5.99279 5.95524 5.88432 5.69923 5.43911 5.20553 5.02915 4.89932 4.70994 4.30860 3.18278
2.79599 2.97231 3.03987 3.07845 3.13576 3.19379 3.27168 3.35772 3.44074 3.54075 3.67539 3.85519 4.06277 4.23466 4.33514 4.38536 4.41322 4.43872 4.46988 4.51097 4.56362 4.62316 4.69038 4.77140 4.88027 5.03119 5.27237 5.70093 6.09236 6.03297 5.60100 5.40103 5.45950 5.59962 5.93321 6.23953 6.18921 6.11195 6.07876 6.09692 6.16906 6.30509 6.53921 6.76450 6.84899 6.88499 6.92935 6.97014 6.99490 6.98382 6.91489 6.78014 6.58841 6.39140 6.24600 6.19679 6.21797 6.22338 6.11456 5.86839 5.56377 5.26986 5.01776 4.81240 4.64455 4.50497
2.50669 2.60862 2.73877 2.87409 2.96161 3.02580 3.11386 3.23675 3.35307 3.47682 3.61757 3.78471 3.97588 4.16034 4.28964 4.36644 4.41508 4.45178 4.48292 4.51703 4.56240 4.61710 4.67829 4.74712 4.83507 4.95203 5.10964 5.37014 5.77009 6.01629 5.95438 5.86465 5.88807 6.05789 6.33439 6.38949 6.19117 6.03217 5.96911 5.99564 6.10380 6.28382 6.53045 6.77041 6.91101 6.95498 6.97548 6.99885 7.01806 7.01185 6.95886 6.84610 6.68456 6.52127 6.40309 6.37984 6.44053 6.50376 6.47575 6.29678 5.97991 5.59021 5.21907 4.92045 4.74086 4.63141
2.25163 2.37809 2.48437 2.58569 2.67340 2.78888 2.91708 3.08599 3.25494 3.40980 3.55105 3.70281 3.88434 4.08405 4.24560 4.34949 4.41918 4.47117 4.51040 4.54357 4.58397 4.63579 4.69642 4.76196 4.83878 4.94490 5.08252 5.27106 5.56660 5.92642 6.18474 6.26947 6.31316 6.42292 6.49131 6.35426 6.13984 5.99060 5.93337 5.96679 6.08267 6.26656 6.49774 6.72484 6.89681 6.98367 7.01756 7.03354 7.04325 7.03628 6.99410 6.90302 6.77334 6.64433 6.55007 6.53751 6.60785 6.69306 6.71097 6.60066 6.33994 5.93583 5.49759 5.12688 4.87978 4.73372
1.93631 2.08429 2.25554 2.39025 2.48320 2.57544 2.70496 2.90317 3.11516 3.27432 3.41161 3.57062 3.76943 3.99494 4.19240 4.32459 4.41220 4.47738 4.52749 4.56766 4.60991 4.66068 4.72010 4.78766 4.86505 4.96735 5.10122 5.27304 5.50890 5.82482 6.15650 6.38499 6.47782 6.48805 6.40855 6.24983 6.08679 5.97928 5.94376 5.98604 6.09827 6.26596 6.47079 6.67503 6.84880 6.96611 7.02989 7.05674 7.06585 7.06028 7.02938 6.96092 6.86288 6.76627 6.69278 6.67956 6.73572 6.81314 6.84485 6.77320 6.57044 6.21252 5.77337 5.37351 5.08135 4.89714
1.80020 1.82494 1.95317 2.14767 2.31888 2.42717 2.51695 2.65039 2.88244 3.04528 3.20796 3.42199 3.65079 3.89491 4.12139 4.27972 4.38521 4.46276 4.52100 4.56774 4.61525 4.67122 4.73481 4.80548 4.88851 4.99506 5.13196 5.29953 5.50658 5.75710 6.02621 6.24364 6.34860 6.34617 6.26753 6.15628 6.05067 5.98570 5.97390 6.02479 6.13317 6.28416 6.46206 6.64057 6.80189 6.92798 7.01414 7.06114 7.08135 7.08334 7.06525 7.01896 6.95016 6.88226 6.82755 6.81023 6.84234 6.89494 6.91935 6.86566 6.70572 6.41039 6.01316 5.62145 5.31465 5.11684
1.70214 1.71402 1.68499 1.78587 2.02243 2.27613 2.41588 2.47648 2.59647 2.77670 2.96443 3.24676 3.52122 3.77291 4.02201 4.20545 4.33523 4.42919 4.49435 4.54437 4.59473 4.65603 4.72893 4.81131 4.90526 5.01934 5.16099 5.32901 5.52184 5.73076 5.94028 6.10934 6.20104 6.21036 6.16276 6.09492 6.03290 6.00168 6.01043 6.06838 6.17294 6.31146 6.46899 6.62555 6.77032 6.89212 6.98714 7.05070 7.08715 7.10231 7.09885 7.07373 7.03152 6.98901 6.95213 6.93318 6.94255 6.96709 6.97558 6.92868 6.80047 6.56337 6.22141 5.85551 5.54716 5.34942
1.58653 1.66033 1.67545 1.66978 1.75663 1.95919 2.23442 2.35193 2.42081 2.56828 2.72636 2.98727 3.34957 3.62972 3.89731 4.11463 4.27460 4.38249 4.45463 4.51123 4.56801 4.63557 4.71734 4.81261 4.91849 5.03870 5.18084 5.34727 5.53389 5.72395 5.90022 6.03437 6.10895 6.12353 6.09655 6.05642 6.02242 6.01414 6.03858 6.10328 6.20589 6.33602 6.48030 6.62223 6.75414 6.86891 6.96492 7.03734 7.08695 7.11598 7.12728 7.12120 7.10203 7.08079 7.05972 7.04312 7.03757 7.03936 7.03277 6.99027 6.89125 6.71160 6.43411 6.10253 5.78929 5.57595
1.50233 1.58955 1.73490 1.78593 1.75385 1.80171 1.87016 2.03643 2.18071 2.36178 2.52449 2.74265 3.18254 3.51897 3.78031 4.02000 4.20913 4.33622 4.42139 4.48896 4.55510 4.63035 4.72040 4.82506 4.93689 5.05531 5.18868 5.34510 5.52331 5.70443 5.86616 5.98257 6.04599 6.06251 6.04846 6.02625 6.01078 6.01837 6.05495 6.12622 6.22921 6.35415 6.48934 6.62152 6.74498 6.85461 6.94976 7.02652 7.08466 7.12471 7.14916 7.15987 7.16086 7.15808 7.15140 7.14046 7.12809 7.11497 7.09687 7.05854 6.98594 6.85995 6.65296 6.37019 6.05571 5.80438
1.49584 1.55021 1.65321 1.74720 1.72835 1.73240 1.70668 1.74252 1.86973 2.07648 2.33732 2.56695 2.98562 3.37669 3.61410 3.86568 4.11474 4.29104 4.40410 4.48619 4.56170 4.64599 4.74374 4.84830 4.95082 5.05465 5.17158 5.31266 5.47926 5.65423 5.81203 5.92445 5.98560 6.00608 6.00233 5.99353 5.99163 6.01090 6.05714 6.13467 6.23946 6.36173 6.49095 6.61698 6.73594 6.84350 6.93891 7.01892 7.08281 7.13049 7.16474 7.18850 7.20579 7.21893 7.22555 7.22265 7.21041 7.19065 7.16590 7.13158 7.08070 6.99904 6.85678 6.63398 6.33772 6.04646
1.52941 1.57735 1.64019 1.64523 1.62466 1.62559 1.65170 1.66122 1.73625 1.91142 2.18612 2.41674 2.64585 3.05931 3.40294 3.65239 3.95529 4.22555 4.39102 4.49445 4.58123 4.67011 4.76072 4.84224 4.92087 5.00861 5.11445 5.24597 5.40440 5.57561 5.73405 5.85000 5.91573 5.94356 5.95034 5.95366 5.96374 5.99339 6.04844 6.13218 6.23951 6.36009 6.48467 6.60640 6.72310 6.83108 6.92885 7.01253 7.08068 7.13335 7.17411 7.20717 7.23684 7.26355 7.28308 7.28974 7.28124 7.26032 7.23292 7.20190 7.16688 7.11805 7.02746 6.86444 6.60991 6.30442
1.61001 1.65811 1.63866 1.57243 1.54995 1.61220 1.68453 1.70701 1.74928 1.92128 2.27348 2.43382 2.53395 2.76488 3.17414 3.49104 3.78295 4.13494 4.36960 4.49562 4.58248 4.64434 4.69944 4.75791 4.82685 4.91229 5.01843 5.15036 5.30832 5.48051 5.64256 5.76498 5.83826 5.87476 5.89180 5.90625 5.92753 5.96737 6.03117 6.12088 6.23042 6.34913 6.46941 6.58768 6.70332 6.81356 6.91607 7.00429 7.07554 7.13131 7.17642 7.21578 7.25345 7.28968 7.32080 7.33878 7.33582 7.31681 7.29032 7.26290 7.23847 7.21083 7.15464 7.03632 6.82901 6.54116
1.64884 1.70028 1.62927 1.57892 1.47927 1.52330 1.69741 1.81927 1.79505 1.93127 2.31065 2.53491 2.62815 2.72070 3.00353 3.37357 3.66169 4.03955 4.32974 4.46073 4.52494 4.56826 4.61276 4.66542 4.72980 4.81137 4.91494 5.04653 5.20606 5.38197 5.54932 5.67826 5.75839 5.80262 5.82867 5.85323 5.88553 5.93619 6.00947 6.10542 6.21664 6.33250 6.44775 6.56180 6.67594 6.78904 6.89687 6.98886 7.06206 7.12072 7.17057 7.21575 7.25854 7.29889 7.33520 7.36121 7.36444 7.35024 7.32884 7.30776 7.29208 7.27771 7.24293 7.15330 6.98593 6.73326
1.51400 1.55348 1.53847 1.57824 1.53285 1.50574 1.61340 1.76245 1.80657 1.91798 2.23535 2.50893 2.66508 2.71760 2.89995 3.28396 3.59631 3.96046 4.26229 4.39232 4.45308 4.49837 4.54518 4.59733 4.65726 4.73137 4.82650 4.95133 5.10818 5.28636 5.45907 5.59391 5.67921 5.72908 5.76227 5.79576 5.83898 5.90109 5.98486 6.08788 6.20078 6.31320 6.42192 6.52934 6.63958 6.75270 6.86176 6.95429 7.03024 7.09555 7.15433 7.20835 7.25636 7.29715 7.32964 7.35154 7.35812 7.35321 7.34312 7.33444 7.32956 7.32171 7.29400 7.21801 7.07832 6.86100
1.37369 1.40175 1.38047 1.42921 1.51174 1.51664 1.55257 1.69120 1.83907 1.91937 2.11244 2.42272 2.62514 2.69218 2.83036 3.21767 3.55373 3.87557 4.16262 4.30750 4.38203 4.43934 4.49497 4.55034 4.60750 4.67428 4.75915 4.87297 5.02200 5.19845 5.37483 5.51420 5.60255 5.65531 5.69337 5.73482 5.78920 5.86398 5.96003 6.07174 6.18747 6.29661 6.39733 6.49549 6.59795 6.70390 6.80468 6.89168 6.97212 7.05093 7.12661 7.19635 7.25316 7.29481 7.32131 7.33402 7.33570 7.33387 7.33467 7.34005 7.34451 7.33502 7.30100 7.23314 7.11562 6.92913
1.24721 1.33986 1.35148 1.30291 1.37562 1.45559 1.52021 1.68356 1.84876 1.92555 2.10070 2.34816 2.54181 2.66703 2.84912 3.18951 3.49898 3.76713 4.04553 4.22293 4.31613 4.38626 4.45459 4.51588 4.57215 4.63334 4.70895 4.81082 4.94916 5.12051 5.29834 5.44053 5.52921 5.58167 5.62222 5.67045 5.73612 5.82498 5.93541 6.05850 6.17997 6.28793 6.38104 6.46811 6.55765 6.64750 6.72977 6.80351 6.88657 6.98469 7.08742 7.18144 7.25226 7.29822 7.32197 7.32747 7.31839 7.31023 7.31506 7.32476 7.32749 7.31363 7.27428 7.20632 7.10107 6.93851
1.31015 1.39878 1.33748 1.30845 1.36991 1.44741 1.54687 1.71529 1.84746 1.92767 2.15604 2.34132 2.47884 2.66496 2.92194 3.21607 3.47243 3.69508 3.94605 4.14624 4.25326 4.33540 4.42103 4.48908 4.54580 4.60289 4.67007 4.76023 4.88738 5.05320 5.23218 5.37560 5.46101 5.50966 5.55049 5.60458 5.68203 5.78664 5.91427 6.05269 6.18426 6.29508 6.38326 6.45916 6.53253 6.60545 6.67162 6.73225 6.81390 6.92563 7.04972 7.16320 7.24756 7.30202 7.32890 7.33207 7.31337 7.29346 7.29063 7.29614 7.29282 7.27356 7.22922 7.15071 7.04189 6.89261
1.46346 1.53066 1.45371 1.46654 1.55068 1.56124 1.59693 1.78330 1.93582 1.99794 2.20521 2.36057 2.49620 2.72937 3.01155 3.28371 3.49486 3.67764 3.87140 4.05083 4.17951 4.29879 4.39471 4.46619 4.52701 4.58049 4.63826 4.71697 4.83387 4.99574 5.17738 5.32056 5.39879 5.44051 5.47985 5.53897 5.62868 5.75098 5.89914 6.05737 6.20467 6.32549 6.41541 6.48301 6.53878 6.59960 6.66782 6.73573 6.81683 6.91706 7.02255 7.12994 7.22503 7.29328 7.32743 7.33240 7.31389 7.28297 7.25832 7.24662 7.23040 7.20229 7.15743 7.07454 6.94983 6.80057
1.60297 1.58476 1.57581 1.64195 1.66226 1.61776 1.70538 1.94988 2.01962 2.03162 2.20153 2.35061 2.51782 2.84357 3.19477 3.41224 3.57367 3.72032 3.85765 3.99768 4.16058 4.31260 4.37527 4.44362 4.51200 4.55991 4.60847 4.67848 4.78795 4.94853 5.13503 5.27594 5.34315 5.37604 5.41338 5.47837 5.58288 5.72643 5.89862 6.08015 6.24771 6.38517 6.48381 6.54640 6.58106 6.62944 6.71883 6.83631 6.94870 6.98825 7.00181 7.07412 7.19698 7.29037 7.32902 7.33335 7.31209 7.26474 7.20719 7.15923 7.11270 7.06842 7.03044 6.96582 6.83380 6.69213
1.53812 1.58727 1.64478 1.69234 1.69267 1.69283 1.77316 1.93656 2.01636 2.04609 2.18569 2.32512 2.53089 2.96511 3.36640 3.56686 3.69995 3.80318 3.90679 4.03493 4.19983 4.32204 4.36077 4.41910 4.48464 4.52997 4.57742 4.64494 4.75182 4.91410 5.10515 5.23892 5.29266 5.31766 5.35501 5.42949 5.55381 5.72291 5.92115 6.12636 6.31486 6.47118 6.58285 6.64627 6.66172 6.69549 6.79078 6.94814 7.10740 7.07228 6.99204 7.03766 7.19076 7.29866 7.33369 7.32653 7.28997 7.22122 7.12620 7.02126 6.93856 6.88457 6.84740 6.80548 6.72676 6.65184
1.23441 1.41669 1.52445 1.57674 1.61110 1.70955 1.88422 1.99999 2.02211 2.06136 2.16589 2.31486 2.57385 3.10658 3.50422 3.74984 3.83267 3.87733 3.96520 4.08970 4.21933 4.30371 4.34663 4.39455 4.44759 4.50079 4.55024 4.61803 4.72694 4.89279 5.08254 5.20209 5.24468 5.26803 5.31250 5.40564 5.55887 5.75822 5.98134 6.20446 6.40694 6.57683 6.69758 6.76304 6.78064 6.80310 6.85932 6.94648 7.02906 7.02632 7.00352 7.06543 7.20338 7.30305 7.33442 7.30826 7.24278 7.14916 7.03409 6.90530 6.82295 6.78104 6.74438 6.71466 6.71651 6.73601
1.07649 1.24249 1.34312 1.44270 1.53822 1.70178 1.99293 2.09152 1.98918 2.00201 2.13578 2.33773 2.62896 3.19764 3.55922 3.81864 3.89105 3.92722 4.01125 4.12616 4.22798 4.29713 4.35345 4.40822 4.45560 4.49323 4.53385 4.60438 4.71920 4.88377 5.05407 5.15519 5.19929 5.23475 5.29855 5.42278 5.61409 5.84620 6.08879 6.31690 6.51898 6.69176 6.81831 6.89071 6.91023 6.91250 6.91991 6.92350 6.93302 6.97221 7.04035 7.13050 7.23012 7.30651 7.32872 7.28478 7.18289 7.05717 6.95731 6.89004 6.86248 6.85332 6.83892 6.82102 6.83785 6.86613
1.18635 1.20723 1.23525 1.34771 1.45588 1.66339 1.94574 1.96140 1.73993 1.73674 2.02909 2.39665 2.71276 3.22464 3.48502 3.68127 3.85796 3.98324 4.08221 4.17688 4.25508 4.31115 4.36371 4.42026 4.45958 4.48493 4.53048 4.60968 4.72808 4.86976 4.99929 5.09326 5.16126 5.22744 5.32439 5.48970 5.72554 5.99251 6.24352 6.45699 6.64003 6.80019 6.92671 7.00737 7.02671 7.01501 7.00002 6.98139 6.98400 7.03315 7.11157 7.19652 7.26529 7.31236 7.31694 7.26100 7.12328 6.96124 6.90264 6.94769 7.01266 7.03713 7.03797 7.01875 6.99455 6.95289
1.27854 1.29450 1.38575 1.37696 1.39553 1.67249 2.08540 1.98335 1.53072 1.48021 1.93309 2.46784 2.77258 3.16039 3.34426 3.52747 3.77689 4.03364 4.18928 4.26582 4.30907 4.33996 4.36773 4.40079 4.43122 4.47030 4.53710 4.62639 4.72405 4.81356 4.91156 5.02355 5.13839 5.25592 5.39809 5.60676 5.88796 6.18529 6.42906 6.60934 6.75595 6.88767 7.00278 7.08701 7.11605 7.11223 7.10652 7.11079 7.13456 7.17050 7.21071 7.25495 7.29592 7.31901 7.30468 7.23819 7.07556 6.89681 6.88496 7.01929 7.14421 7.15164 7.10886 7.04182 6.98821 6.91301
1.49469 1.54215 1.55162 1.54496 1.62505 1.93647 2.06374 1.78329 1.40588 1.45860 2.01555 2.50923 2.75429 2.97989 3.08921 3.37098 3.65418 3.99371 4.25313 4.35153 4.36997 4.37865 4.37971 4.38390 4.40343 4.45742 4.53850 4.60848 4.66079 4.72562 4.82470 4.96637 5.13776 5.32251 5.51835 5.76184 6.05913 6.35594 6.59040 6.74189 6.85350 6.95388 7.04727 7.12357 7.16747 7.18400 7.19534 7.21490 7.24061 7.26207 7.28073 7.29874 7.31549 7.31791 7.29153 7.21404 7.03716 6.86791 6.89664 7.05791 7.15340 7.10533 7.02480 6.94006 6.82644 6.65894
1.57031 1.60436 1.64962 1.69645 1.80891 1.96343 1.96755 1.78798 1.57258 1.59914 2.17416 2.57508 2.82660 2.94133 2.85736 2.98145 3.43384 3.79341 4.17258 4.34592 4.41505 4.43639 4.42081 4.39979 4.39584 4.43153 4.48829 4.52823 4.58192 4.65808 4.76782 4.93367 5.15696 5.41424 5.66961 5.93036 6.20237 6.46255 6.68036 6.82708 6.92378 7.00260 7.07444 7.13833 7.18909 7.22186 7.24248 7.26111 7.27912 7.29395 7.30596 7.31639 7.32192 7.31246 7.28070 7.19609 7.00770 6.84484 6.90627 7.07479 7.10003 7.00633 6.96462 6.93961 6.69771 6.33905
1.61558 1.71860 1.72129 1.78484 1.96981 1.94280 1.77403 1.72022 1.65859 1.80037 2.37816 2.70005 3.11223 3.23417 3.01172 2.79620 2.94881 3.48254 3.86344 4.19158 4.44042 4.51147 4.48459 4.44890 4.42859 4.42728 4.44892 4.48849 4.55250 4.63588 4.75233 4.93302 5.19326 5.50939 5.82260 6.09807 6.32680 6.52913 6.71409 6.86215 6.96401 7.03393 7.09157 7.14440 7.19573 7.23703 7.26304 7.28131 7.29600 7.30767 7.31623 7.32228 7.32129 7.30698 7.27459 7.19042 6.98939 6.81213 6.89007 7.06012 7.01542 6.94574 7.00413 6.99430 6.62230 6.07656
1.60089 1.66425 1.63574 1.77484 1.95746 1.79366 1.65654 1.74279 1.82630 2.14191 2.55511 2.83569 3.38076 3.51555 3.42945 3.18821 2.88950 3.14892 3.58764 4.03667 4.44308 4.55526 4.53830 4.50702 4.49535 4.49478 4.51085 4.54344 4.58195 4.65548 4.77510 4.96443 5.24299 5.58662 5.93374 6.22674 6.43358 6.59190 6.74175 6.87704 6.98122 7.05277 7.10650 7.15279 7.19853 7.24130 7.27183 7.29160 7.30552 7.31533 7.32132 7.32373 7.31874 7.30294 7.27124 7.18986 6.99177 6.80754 6.85328 6.97522 6.92842 6.93987 7.02152 6.93544 6.44073 5.85765
1.77278 1.71833 1.50325 1.64472 1.80849 1.74170 1.78797 2.01760 2.21749 2.45028 2.68968 3.01389 3.49121 3.64523 3.65439 3.55603 3.35319 3.25102 3.49396 3.87777 4.37883 4.55423 4.57378 4.55867 4.56580 4.58692 4.60820 4.61990 4.63874 4.69981 4.81820 5.01148 5.29370 5.63688 5.98873 6.28967 6.50480 6.64574 6.76805 6.88507 6.98634 7.06425 7.12060 7.16367 7.20207 7.24096 7.27356 7.29476 7.30865 7.31763 7.32219 7.32245 7.31596 7.30037 7.26962 7.19304 7.02481 6.86470 6.84021 6.85836 6.88232 6.95770 6.96985 6.71814 6.13853 5.69134
