mrvbf_slope1.1_pctl1.5.asc
NCOLS 410
NROWS 410
XLLCORNER 2398750.0000000000000000
YLLCORNER 2548750.0000000000000000
CELLSIZE 250.0000000000000000
NODATA_VALUE -99999.00000
[rows 290 to 318 of 410, columns 330 to 395 of 410]
4.83815 4.77170 4.72828 4.76080 4.82869 4.87999 4.86797 4.81532 4.76289 4.73428 4.73240 4.76298 4.81456 4.85558 4.87961 4.88545 4.88547 4.91060 4.96667 5.02452 5.08252 5.16100 5.25246 5.35534 5.45369 5.51711 5.55970 5.57861 5.56726 5.59999 5.67335 5.73323 5.82803 5.94022 5.93964 5.82939 5.74749 5.77240 5.90525 6.02046 5.92794 5.63560 5.40697 5.40219 5.53450 5.54908 5.60301 5.91557 6.18142 6.27677 6.30412 6.26462 6.16199 6.00764 5.77070 5.40242 5.00728 4.82082 4.88292 5.15552 5.41123 5.43761 5.44790 5.47443 5.48003 5.46933
4.69598 4.68882 4.71696 4.78390 4.86385 4.90081 4.85732 4.78977 4.73982 4.71955 4.72971 4.76991 4.82640 4.86447 4.87788 4.87799 4.87367 4.88960 4.93827 5.00804 5.09314 5.17874 5.23959 5.28183 5.33891 5.39426 5.42904 5.44069 5.45352 5.51472 5.58343 5.60854 5.69208 5.83302 5.82903 5.74552 5.74196 5.84692 5.98840 6.01566 5.84716 5.54900 5.30103 5.31212 5.46958 5.48174 5.63619 5.99190 6.18099 6.25391 6.26659 6.20177 6.07902 5.89089 5.59370 5.15205 4.80337 4.77319 4.89452 5.10195 5.46986 5.59541 5.55073 5.46247 5.39308 5.38173
4.66207 4.70238 4.76355 4.84435 4.90804 4.90157 4.83506 4.76707 4.72224 4.70912 4.72836 4.77983 4.84698 4.87841 4.87430 4.85834 4.84645 4.85466 4.89815 4.98387 5.10235 5.20312 5.25247 5.27359 5.31221 5.36311 5.39910 5.41689 5.45487 5.53617 5.59422 5.56392 5.58943 5.70722 5.74528 5.75535 5.81395 5.90718 5.94237 5.85865 5.70528 5.45273 5.18154 5.21677 5.38640 5.44838 5.73265 6.03945 6.17107 6.22645 6.21298 6.12584 5.96416 5.71002 5.39620 5.05973 4.86187 4.85984 5.04461 5.27169 5.47365 5.58756 5.59953 5.50711 5.37496 5.33020
4.72055 4.77960 4.84997 4.90730 4.90106 4.85002 4.79339 4.74545 4.71216 4.70595 4.73109 4.79128 4.86469 4.88900 4.87906 4.84722 4.81873 4.81774 4.85889 4.95616 5.09421 5.20776 5.27711 5.32697 5.37867 5.42553 5.45898 5.48677 5.54202 5.62988 5.67197 5.62017 5.60247 5.65691 5.74516 5.84184 5.89924 5.86484 5.77064 5.63552 5.46417 5.24335 5.13062 5.24647 5.34281 5.49782 5.84274 6.05560 6.15225 6.19070 6.14733 6.02586 5.80031 5.54497 5.33079 5.14312 5.00722 4.99658 5.17228 5.45876 5.50979 5.53372 5.58626 5.55662 5.36628 5.27543
4.81305 4.85879 4.88851 4.86745 4.82069 4.77818 4.74805 4.72662 4.71465 4.71940 4.74521 4.79709 4.85575 4.88370 4.88819 4.85549 4.80831 4.79745 4.83023 4.91646 5.05000 5.18719 5.29674 5.39050 5.47156 5.51980 5.54407 5.57526 5.64094 5.72488 5.74615 5.71178 5.68867 5.70250 5.77955 5.87745 5.87217 5.74886 5.61850 5.50688 5.37086 5.22945 5.23169 5.29276 5.34770 5.62958 5.91670 6.05254 6.12326 6.13552 6.07062 5.91291 5.66755 5.46670 5.35340 5.26797 5.13081 5.08033 5.18438 5.38923 5.49948 5.51715 5.54717 5.56887 5.33618 5.20422
4.81849 4.82488 4.81476 4.78455 4.75395 4.73291 4.72278 4.72400 4.73707 4.75453 4.77135 4.79632 4.83442 4.87029 4.88472 4.85754 4.81737 4.80267 4.82082 4.87915 4.98736 5.12898 5.25348 5.33693 5.42397 5.49235 5.54580 5.60622 5.69348 5.76980 5.77006 5.76746 5.76653 5.75763 5.76973 5.77884 5.72386 5.62618 5.55286 5.51206 5.44468 5.35599 5.29989 5.27337 5.44763 5.77041 5.94194 6.02965 6.07474 6.06216 5.98865 5.81490 5.57464 5.40035 5.34325 5.32602 5.20695 5.13582 5.17078 5.28750 5.44709 5.51990 5.48863 5.50900 5.30515 5.15665
4.75308 4.75323 4.74970 4.74087 4.73114 4.72549 4.72887 4.74672 4.77697 4.79381 4.79175 4.79365 4.81639 4.84822 4.86207 4.84758 4.82635 4.81738 4.82565 4.85893 4.93047 5.03760 5.16240 5.28690 5.37297 5.40737 5.46109 5.55434 5.66476 5.71870 5.71370 5.71732 5.72100 5.71482 5.68130 5.63819 5.59738 5.57016 5.57335 5.58356 5.54644 5.40348 5.22678 5.26636 5.56085 5.80930 5.91431 5.96658 5.98303 5.96292 5.89902 5.74259 5.49886 5.30805 5.32032 5.35029 5.24247 5.18296 5.18865 5.25003 5.37081 5.45329 5.45700 5.48955 5.32201 5.18513
4.69532 4.71079 4.72695 4.73931 4.74353 4.74258 4.74889 4.77400 4.80241 4.80125 4.79192 4.78844 4.79861 4.81696 4.82873 4.83021 4.82839 4.83013 4.83520 4.84777 4.88377 4.95840 5.10266 5.28789 5.38679 5.37828 5.38356 5.46917 5.57972 5.62429 5.61522 5.60377 5.58453 5.56375 5.55800 5.56328 5.57038 5.59182 5.62465 5.62746 5.55353 5.39112 5.24369 5.29918 5.56669 5.75154 5.80482 5.82114 5.82482 5.82511 5.78764 5.68073 5.45082 5.26637 5.24230 5.27514 5.26366 5.24653 5.23700 5.25379 5.31016 5.36131 5.41861 5.47189 5.34361 5.23624
4.66568 4.69832 4.73443 4.76395 4.76782 4.74871 4.72939 4.72743 4.74136 4.75746 4.77078 4.77533 4.77824 4.78613 4.79655 4.80668 4.81509 4.82395 4.83058 4.83478 4.85533 4.92008 5.08032 5.28744 5.39870 5.39473 5.36085 5.40007 5.46850 5.50198 5.50359 5.50317 5.50613 5.51634 5.55071 5.59583 5.62286 5.64549 5.65392 5.62213 5.52815 5.39552 5.28384 5.28867 5.46404 5.56908 5.54483 5.53077 5.53982 5.60736 5.60235 5.51774 5.30758 5.16799 5.18105 5.24535 5.30838 5.33173 5.29965 5.26307 5.26221 5.28055 5.32925 5.36108 5.28804 5.23066
4.65274 4.69851 4.74849 4.78279 4.77488 4.73518 4.69459 4.67513 4.68628 4.71190 4.73413 4.74655 4.75533 4.76226 4.76861 4.77752 4.78613 4.79265 4.79898 4.81350 4.85087 4.92213 5.06077 5.24274 5.36568 5.40564 5.38160 5.37000 5.38700 5.41553 5.45929 5.50875 5.54723 5.58989 5.62734 5.65826 5.65880 5.64951 5.61865 5.54320 5.41998 5.28412 5.17114 5.13350 5.25893 5.30271 5.27612 5.24115 5.22715 5.25719 5.26074 5.20651 5.10182 5.05809 5.12202 5.25179 5.38310 5.44178 5.38974 5.29725 5.24043 5.23035 5.24439 5.23614 5.18166 5.15517
4.64553 4.69251 4.73590 4.76001 4.75875 4.73079 4.69447 4.66875 4.66681 4.67837 4.69459 4.71548 4.73605 4.74536 4.74526 4.74648 4.75020 4.75461 4.76577 4.79692 4.86236 4.95500 5.04772 5.15462 5.27747 5.37685 5.39803 5.38458 5.40487 5.46052 5.53562 5.57895 5.53895 5.51219 5.52321 5.54453 5.54166 5.52290 5.48686 5.41847 5.31949 5.19230 5.04077 4.94818 5.03883 5.11019 5.10668 5.01897 4.99444 4.99850 5.04125 5.06735 5.03494 5.00192 5.07135 5.24699 5.42637 5.51540 5.48540 5.39877 5.31991 5.25809 5.18041 5.10913 5.05477 5.04220
4.63783 4.67145 4.69317 4.70508 4.71125 4.71495 4.71325 4.69336 4.66473 4.65445 4.66602 4.69544 4.72347 4.73037 4.72185 4.71579 4.71529 4.71916 4.73896 4.78967 4.88123 4.99296 5.06869 5.12071 5.19602 5.29426 5.37380 5.43733 5.49392 5.54479 5.54356 5.43906 5.30663 5.27472 5.31528 5.36893 5.39142 5.38592 5.36489 5.32863 5.27409 5.18224 5.05413 4.93763 4.91866 4.97513 4.95191 4.89382 4.89864 4.92547 4.99474 5.04804 4.99785 4.99255 5.13451 5.24922 5.39303 5.50977 5.51409 5.45382 5.37443 5.26052 5.09188 4.96927 4.92490 4.92553
4.62054 4.64469 4.64900 4.64692 4.64604 4.65165 4.66467 4.66841 4.64890 4.64325 4.65902 4.68995 4.71528 4.71659 4.70150 4.68724 4.68187 4.68708 4.71481 4.78134 4.88430 4.98156 5.05754 5.12728 5.16126 5.23523 5.36481 5.47954 5.52462 5.50798 5.36879 5.19390 5.13586 5.16672 5.22580 5.29128 5.32714 5.32218 5.29816 5.27488 5.23917 5.16865 5.08774 4.96994 4.86938 4.87077 4.86740 4.90107 4.93718 4.94849 4.98307 5.01216 5.01540 5.10823 5.25983 5.26615 5.37080 5.48452 5.46918 5.38638 5.26884 5.09774 4.92730 4.84522 4.82356 4.83324
4.58956 4.61723 4.62275 4.61258 4.60310 4.59912 4.59970 4.60540 4.61864 4.63957 4.66756 4.69894 4.71842 4.71248 4.68997 4.66632 4.65413 4.65954 4.68980 4.75568 4.85658 4.94686 5.00944 5.06528 5.12790 5.23503 5.37847 5.46612 5.46806 5.36983 5.17113 5.07758 5.16206 5.22419 5.25004 5.30722 5.34351 5.31214 5.26137 5.22932 5.20415 5.16263 5.09837 4.97498 4.87207 4.86362 4.90353 5.00313 5.03301 5.00181 5.00223 5.02286 5.07976 5.20870 5.25854 5.25440 5.36498 5.43705 5.38199 5.25829 5.07947 4.90045 4.80148 4.76458 4.75874 4.77368
4.54746 4.58192 4.60659 4.60871 4.59803 4.58695 4.57876 4.58129 4.60201 4.63326 4.66965 4.70715 4.72903 4.72151 4.69153 4.65593 4.63458 4.63687 4.66538 4.72481 4.81724 4.91200 4.98644 5.05485 5.14745 5.27399 5.38570 5.42292 5.37232 5.22894 5.09969 5.11436 5.27279 5.32084 5.30668 5.36343 5.39094 5.31396 5.23733 5.19880 5.18915 5.18038 5.14032 5.07040 5.02403 5.00022 5.03578 5.10877 5.10603 5.05653 5.04137 5.06678 5.12939 5.20611 5.19072 5.20668 5.32381 5.36631 5.27252 5.09727 4.89794 4.78252 4.73427 4.71660 4.71949 4.73886
4.49634 4.52880 4.56521 4.59780 4.60861 4.60298 4.59318 4.59128 4.60379 4.62769 4.65857 4.69244 4.71791 4.72411 4.70001 4.65400 4.62139 4.61896 4.64465 4.69923 4.78679 4.89467 5.00011 5.09214 5.19176 5.29400 5.36231 5.36886 5.27718 5.15338 5.11462 5.18282 5.31005 5.34015 5.34088 5.40220 5.37957 5.28783 5.24223 5.23158 5.23936 5.24845 5.23252 5.21642 5.22693 5.19209 5.18158 5.19694 5.16699 5.11584 5.09328 5.11282 5.15024 5.16904 5.13144 5.13713 5.24409 5.27769 5.14785 4.93693 4.78494 4.72120 4.69376 4.68686 4.69809 4.72450
4.44110 4.46568 4.49364 4.52849 4.56498 4.59215 4.60167 4.60526 4.61005 4.62208 4.64125 4.66350 4.68320 4.69492 4.68522 4.64680 4.61410 4.60963 4.63234 4.68342 4.76982 4.88804 5.01033 5.11003 5.20101 5.28042 5.32655 5.32105 5.21777 5.11815 5.12490 5.21547 5.33486 5.36231 5.36430 5.38524 5.32435 5.27194 5.29683 5.33857 5.34343 5.33067 5.30091 5.28130 5.29146 5.26847 5.23964 5.22783 5.20736 5.18507 5.16426 5.16002 5.15904 5.13813 5.09569 5.08741 5.16040 5.16980 5.00562 4.81684 4.72331 4.68254 4.66598 4.66882 4.69288 4.73101
4.38727 4.40528 4.42417 4.45121 4.48978 4.52876 4.55886 4.58222 4.59781 4.60907 4.62158 4.63519 4.64953 4.66099 4.65782 4.63412 4.61161 4.60889 4.62941 4.67525 4.75509 4.87174 4.99552 5.09624 5.18523 5.25469 5.29024 5.28150 5.18331 5.09261 5.10067 5.18552 5.30332 5.34014 5.32031 5.30945 5.29290 5.31101 5.37211 5.42761 5.42648 5.37577 5.31788 5.29247 5.30632 5.29565 5.26090 5.24090 5.24674 5.25843 5.24150 5.21029 5.17141 5.12361 5.08166 5.06730 5.08226 5.03223 4.86587 4.74532 4.68681 4.65666 4.64876 4.66742 4.70676 4.75959
4.33721 4.35280 4.36625 4.38715 4.42244 4.46302 4.50093 4.53529 4.56411 4.58507 4.60053 4.61255 4.62455 4.63624 4.63861 4.62543 4.61000 4.60990 4.62992 4.67213 4.74436 4.85374 4.97486 5.07461 5.16221 5.22504 5.25514 5.24476 5.14923 5.05921 5.05500 5.11678 5.21732 5.27472 5.27910 5.28362 5.31450 5.37594 5.43627 5.45602 5.42729 5.36479 5.32118 5.32534 5.36505 5.38628 5.37046 5.34833 5.33046 5.31905 5.29236 5.25372 5.19760 5.13563 5.09115 5.06810 5.02936 4.91581 4.78459 4.70977 4.66626 4.64407 4.65132 4.68683 4.73505 4.77811
4.29039 4.31034 4.32424 4.33808 4.36025 4.39746 4.44037 4.48240 4.52211 4.55558 4.58133 4.59916 4.61061 4.62016 4.62425 4.61675 4.60654 4.60997 4.63104 4.67184 4.73806 4.83847 4.95415 5.05055 5.13549 5.19398 5.22114 5.20713 5.10660 5.01785 5.00895 5.06010 5.16623 5.25599 5.29471 5.32527 5.37276 5.43279 5.47561 5.46862 5.39905 5.32980 5.32524 5.38511 5.47446 5.52046 5.51409 5.47121 5.37144 5.28917 5.27319 5.27166 5.23431 5.17105 5.11712 5.07037 4.98173 4.84264 4.74583 4.69124 4.65774 4.64930 4.66999 4.70882 4.73304 4.73252
4.24545 4.27346 4.29101 4.29506 4.29144 4.31809 4.36882 4.42604 4.48209 4.52967 4.56695 4.59273 4.60482 4.60945 4.60955 4.60460 4.60168 4.61048 4.63289 4.67248 4.73306 4.82381 4.93274 5.02491 5.10660 5.16255 5.18760 5.16856 5.06726 4.98570 4.98003 5.03007 5.14434 5.26860 5.33989 5.38516 5.43032 5.46867 5.48213 5.44376 5.36391 5.31758 5.35458 5.46651 5.55903 5.52061 5.43596 5.33994 5.23859 5.20571 5.24029 5.28112 5.28352 5.23417 5.14913 5.04614 4.91759 4.79761 4.72560 4.68231 4.65771 4.66182 4.69029 4.71328 4.70405 4.79873
4.19468 4.22652 4.24259 4.22597 4.19381 4.20866 4.27760 4.36666 4.44824 4.50947 4.55383 4.58282 4.59626 4.59769 4.59445 4.59329 4.59937 4.61396 4.63744 4.67275 4.72499 4.80676 4.90911 4.99794 5.07650 5.13095 5.15523 5.13550 5.03938 4.96354 4.96101 5.00901 5.11539 5.25338 5.35502 5.40567 5.44501 5.47471 5.47042 5.41403 5.34176 5.32212 5.39920 5.51924 5.50599 5.40499 5.32194 5.25195 5.20648 5.25406 5.32978 5.36738 5.36044 5.29810 5.15883 5.00310 4.86799 4.77418 4.71650 4.67851 4.66018 4.66783 4.69854 4.73056 4.72242 4.74651
4.10767 4.14488 4.16678 4.12152 4.05502 4.06554 4.17025 4.31009 4.42160 4.48971 4.53461 4.56330 4.57629 4.57899 4.57966 4.58599 4.59914 4.61695 4.63958 4.67034 4.71563 4.78931 4.88487 4.97015 5.04559 5.09939 5.12413 5.10739 5.02002 4.94596 4.93968 4.98392 5.08609 5.22728 5.33305 5.39107 5.43915 5.46777 5.44966 5.38776 5.32266 5.32264 5.42245 5.48882 5.40454 5.33417 5.31453 5.30338 5.32770 5.42118 5.47006 5.45956 5.38692 5.25766 5.10136 4.95729 4.84363 4.76675 4.71505 4.67890 4.66274 4.67134 4.69635 4.66411 4.47068 4.45732
3.98432 4.02384 4.07202 3.99662 3.89480 3.90978 4.05543 4.25629 4.39486 4.46274 4.50532 4.53764 4.54955 4.55546 4.56408 4.57912 4.59684 4.61485 4.63537 4.66330 4.70467 4.77222 4.86121 4.94162 5.01371 5.06809 5.09466 5.08261 5.00029 4.92475 4.91628 4.95782 5.05621 5.19765 5.30170 5.37206 5.43065 5.45836 5.43602 5.37365 5.30883 5.30711 5.39391 5.39837 5.34583 5.36189 5.40417 5.39001 5.37614 5.44323 5.45997 5.41544 5.29659 5.15283 5.03311 4.92565 4.83553 4.76855 4.71839 4.68317 4.66800 4.67685 4.65953 4.38848 3.39918 4.27911
3.82696 3.88296 3.95435 3.86430 3.76278 3.78835 3.94621 4.17528 4.34379 4.42498 4.47036 4.50438 4.52286 4.53359 4.54497 4.56242 4.58183 4.60074 4.62193 4.65042 4.69113 4.75499 4.83711 4.91114 4.97961 5.03643 5.06670 5.06101 4.98609 4.90447 4.88801 4.92519 5.01531 5.15038 5.26206 5.33320 5.38838 5.42743 5.42466 5.37987 5.32302 5.30307 5.33962 5.35736 5.38443 5.44961 5.42479 5.31009 5.21147 5.24353 5.30043 5.27762 5.17158 5.06906 4.98878 4.91133 4.83926 4.77829 4.72822 4.69311 4.67881 4.67378 4.54507 2.95721 1.47563 2.87745
3.62682 3.71301 3.78615 3.71805 3.65438 3.69174 3.83756 4.05688 4.25270 4.36553 4.42568 4.46586 4.49449 4.50980 4.51943 4.53340 4.55226 4.57399 4.59979 4.63254 4.67541 4.73570 4.80907 4.87629 4.94096 5.00131 5.03909 5.04235 4.98660 4.89278 4.84667 4.86849 4.95859 5.10236 5.22054 5.28395 5.33034 5.37735 5.40528 5.39017 5.35609 5.34464 5.37528 5.41065 5.45540 5.44563 5.32997 5.23324 5.15817 5.11539 5.14998 5.15643 5.09721 5.03324 4.97393 4.91462 4.85478 4.79744 4.74615 4.70947 4.69372 4.67217 4.32718 0.66271 1.16285 0.73099
3.36392 3.47351 3.55323 3.54119 3.52721 3.57846 3.71226 3.91196 4.11192 4.25640 4.34931 4.41026 4.44701 4.47065 4.48655 4.50118 4.51849 4.54156 4.57260 4.61193 4.65736 4.70885 4.76980 4.83229 4.89505 4.95914 5.00912 5.02549 4.99424 4.89053 4.80332 4.80933 4.90808 5.05905 5.14800 5.19474 5.24868 5.30933 5.35862 5.37330 5.36143 5.37012 5.41734 5.42973 5.41050 5.33763 5.26008 5.25745 5.26631 5.17351 5.14112 5.13184 5.09151 5.03602 4.98257 4.93356 4.88309 4.82901 4.77460 4.73353 4.71373 4.69567 4.51998 1.50721 0.50071 2.10919
3.08208 3.20231 3.28111 3.32409 3.36309 3.43200 3.55668 3.73232 3.91454 4.07181 4.20254 4.30238 4.36680 4.41437 4.44646 4.46723 4.48435 4.50726 4.54283 4.58812 4.63246 4.67165 4.71633 4.77100 4.83469 4.90618 4.97148 5.00509 4.99291 4.90063 4.77276 4.76128 4.88044 4.99078 5.01509 5.06381 5.14157 5.22376 5.28338 5.29791 5.28628 5.28883 5.30924 5.30832 5.29336 5.27291 5.27341 5.32250 5.36905 5.28638 5.21770 5.17477 5.12086 5.05956 5.00684 4.96547 4.92530 4.87720 4.81929 4.77001 4.74126 4.72905 4.66082 3.92405 0.66359 0.77464
2.90170 2.97667 3.02720 3.08863 3.16755 3.26137 3.38301 3.52977 3.68469 3.83445 3.98513 4.13142 4.25669 4.34659 4.40087 4.43144 4.45215 4.47566 4.51204 4.55681 4.59754 4.63176 4.66664 4.70868 4.76254 4.83369 4.91762 4.97835 4.99017 4.92441 4.77347 4.74142 4.84467 4.88378 4.90125 4.97642 5.06758 5.14382 5.18723 5.19723 5.19397 5.19767 5.21630 5.23664 5.25489 5.28467 5.32543 5.37302 5.40784 5.36484 5.30007 5.23613 5.16472 5.09592 5.04341 5.00972 4.98213 4.94460 4.88646 4.82668 4.78473 4.76051 4.72991 4.60679 3.49755 2.06895
