mrvbf_slope0.6_pctl1.4.asc
NCOLS 410
NROWS 410
XLLCORNER 2398750.0000000000000000
YLLCORNER 2548750.0000000000000000
CELLSIZE 250.0000000000000000
NODATA_VALUE -99999.00000
[rows 232 to 260 of 410, columns 264 to 329 of 410]
2.50531 2.49445 2.52706 2.59303 2.75882 2.93441 2.99914 3.09077 3.17336 2.99132 2.93823 3.19493 3.81355 4.09922 4.24289 4.35992 4.42266 4.44911 4.45778 4.45884 4.43418 4.36784 4.29246 4.29657 4.31495 4.21707 4.00456 3.73698 3.52091 3.47377 3.54474 3.54717 3.28289 2.99044 2.87061 2.85599 3.14161 3.76421 4.10098 3.85294 3.38557 3.04914 2.59008 2.20520 2.52035 2.75226 2.94553 3.05222 2.98042 3.30893 3.36249 2.83333 2.57996 2.71390 3.53113 4.09490 4.32637 4.43213 4.46657 4.35404 4.17254 4.28181 4.17623 3.89919 3.44012 2.75679
2.58171 2.54061 2.56006 2.63484 2.75914 2.87825 2.99031 3.21811 3.48439 3.23031 2.98724 3.07483 3.59171 4.07151 4.20780 4.30556 4.38075 4.41531 4.42446 4.41297 4.34188 4.19101 4.11501 4.18199 4.21853 4.14789 3.99502 3.79455 3.60662 3.52588 3.55234 3.58282 3.38739 3.03123 2.85342 3.00271 3.34661 3.74550 3.88557 3.61661 3.38437 3.32994 3.06733 2.34770 2.48444 2.71317 2.88794 2.93800 2.97016 2.98578 3.19170 2.88206 2.63402 2.69302 3.46237 3.92030 4.09474 4.30049 4.28912 3.93556 3.69377 3.57631 3.96182 4.00552 3.40121 2.75906
2.77540 2.64163 2.60175 2.64346 2.72581 2.82690 2.94711 3.09738 3.35154 3.52049 3.14100 3.03457 3.34300 3.80374 3.96974 4.05975 4.20475 4.30758 4.36349 4.30763 4.08365 3.78705 3.82260 4.01918 4.08926 4.06583 3.97701 3.82605 3.65553 3.54690 3.53559 3.53082 3.21348 2.75514 2.70439 3.16482 3.68949 4.04450 3.97438 3.76860 3.66446 3.62850 3.42139 2.75410 2.58185 2.72638 2.87829 3.04332 2.99813 3.13833 3.23355 3.02003 2.72832 2.62582 3.06434 3.36635 3.69157 4.10751 3.92931 3.46874 3.54679 2.91182 3.51548 4.01680 3.41019 2.45030
3.07428 2.82540 2.73463 2.67480 2.78161 2.91756 3.02663 3.08829 3.21338 3.39677 3.16456 2.99337 3.16571 3.47126 3.55092 3.50321 3.61263 3.88001 4.11100 4.00250 3.51216 3.26792 3.57259 3.86146 3.95210 3.99295 3.98282 3.87260 3.70193 3.56488 3.52175 3.54076 3.26645 2.65842 2.70641 3.38678 3.91146 4.20141 4.13325 3.88820 3.67133 3.57736 3.39462 2.98263 2.75592 2.82690 2.91040 2.98745 3.25867 3.36258 3.33263 3.08576 2.76628 2.58520 2.79585 3.17241 3.62264 4.02558 3.78508 3.07924 2.65840 2.63055 3.79361 4.17768 3.72740 2.59693
3.26126 3.11961 3.12346 3.00489 3.02999 3.17875 3.29191 3.31953 3.37332 3.38304 3.16607 3.02469 3.10842 3.19049 3.14699 2.97625 2.82204 2.95905 3.27821 3.28548 2.94786 3.26428 3.62793 3.70871 3.79566 3.93791 4.02158 3.94705 3.76016 3.59434 3.52249 3.53193 3.40920 2.89143 2.70114 3.09101 3.55023 4.00995 4.22568 4.05556 3.69381 3.53524 3.26224 2.84074 2.77589 2.97289 3.16423 3.00640 3.14983 3.33685 3.19560 2.92670 2.76661 2.61059 2.58530 2.77032 3.11460 3.73955 3.92224 3.29754 2.80812 3.40997 4.10300 4.05205 3.60728 2.66734
3.37730 3.33461 3.58043 3.51882 3.24826 3.24492 3.41362 3.62107 3.77671 3.67707 3.36775 3.15945 3.04832 2.97349 2.96325 2.83939 2.72443 2.78745 2.67963 2.82565 3.13188 3.73906 3.66597 3.35496 3.49889 3.82016 4.03378 4.04069 3.83178 3.62746 3.53570 3.53943 3.55548 3.36407 3.03276 3.02761 3.26328 3.58636 4.01192 4.06120 3.72681 3.55058 3.10731 2.70725 2.74919 2.94530 3.08442 3.12217 3.17795 3.31545 3.03528 2.93125 2.86783 2.76701 2.61277 2.39542 2.30162 2.49015 3.12157 3.68163 3.84257 4.07310 4.08706 3.66574 3.06507 2.36355
3.59450 3.47248 3.63868 3.65437 3.40577 3.31842 3.49796 3.81875 4.08203 3.93900 3.52319 3.19720 2.90554 2.84939 2.96988 3.05199 3.27345 3.49206 3.04129 3.15826 3.67279 3.69402 2.98679 2.64648 3.06855 3.53604 3.86615 4.05957 3.88092 3.63422 3.54530 3.58091 3.64212 3.62327 3.43686 3.30800 3.32409 3.43727 3.64506 3.66590 3.49568 3.38509 2.88982 2.69403 2.82241 3.20702 3.42014 3.35892 3.29063 3.15922 3.07826 3.17922 3.00398 2.98110 3.13203 2.82124 2.54797 2.39154 2.45744 2.84840 3.55389 3.96284 3.77073 3.29980 2.86320 2.33225
3.78271 3.54781 3.52490 3.58312 3.53958 3.45621 3.55772 3.89327 4.19121 3.97515 3.49550 3.12000 2.76734 2.80302 3.10305 3.49414 3.81201 3.92469 3.81748 3.70428 3.38130 2.64834 2.19793 2.45307 2.99747 3.35290 3.57191 3.81614 3.81834 3.57460 3.52087 3.62197 3.75141 3.80765 3.63896 3.48703 3.45506 3.51246 3.61661 3.53954 3.43902 3.28767 2.77978 2.72055 2.93710 3.45562 3.55809 3.34337 3.02551 3.04684 3.21641 3.30276 3.12599 3.09885 3.10950 2.92820 2.94510 2.71927 2.61774 2.60328 2.76074 3.27442 3.39856 3.40296 3.35988 2.82691
3.92505 3.68771 3.57438 3.58840 3.58974 3.51453 3.60660 3.99593 4.24850 3.96884 3.42734 3.00973 2.67524 2.83032 3.36775 3.87141 4.02114 4.01649 3.93435 3.29945 2.58265 2.17707 2.29987 2.87546 3.40779 3.60466 3.54754 3.59183 3.65452 3.51461 3.55135 3.74904 3.91449 3.96823 3.77300 3.56176 3.49490 3.55844 3.71708 3.57321 3.48420 3.31038 2.80481 2.75314 2.98712 3.50515 3.49980 3.16643 3.04027 3.19109 3.40069 3.33352 3.27024 3.25422 3.17009 2.95932 2.86400 2.77402 2.70384 2.69074 2.64783 2.83885 3.34665 3.73144 3.76848 3.35329
4.07270 3.92108 3.74805 3.64513 3.56485 3.52876 3.75665 4.17536 4.27204 3.92956 3.35739 2.94235 2.68519 3.01811 3.61776 3.92025 4.05721 4.01682 3.54965 2.67020 2.24851 2.34148 2.94270 3.61283 4.03260 4.10639 3.92323 3.74947 3.70239 3.64673 3.73117 3.92846 3.92852 3.89331 3.80686 3.60142 3.49643 3.52212 3.63894 3.53138 3.40441 3.21556 2.83780 2.79029 3.04101 3.45323 3.42099 3.19322 2.96358 3.16908 3.37182 3.36373 3.42015 3.39055 3.35815 3.39867 3.02813 2.85378 2.87914 3.06378 3.18494 3.19005 3.42363 3.67555 3.75725 3.69402
4.05542 4.05683 3.95107 3.74973 3.63527 3.73971 4.08892 4.30686 4.25814 3.87947 3.31438 2.95766 2.87908 3.29175 3.53931 3.51961 3.83314 3.79177 3.37808 2.38346 2.19404 2.69458 3.55556 4.08459 4.28572 4.33232 4.27461 4.13855 4.01303 3.85316 3.73617 3.71001 3.66211 3.63224 3.64298 3.57948 3.48785 3.45948 3.47839 3.43362 3.30140 3.06838 2.85185 2.89827 3.21732 3.34450 3.28457 3.21143 3.25556 3.17030 3.30312 3.37795 3.52503 3.40210 3.41142 3.35999 3.04875 3.10498 3.44912 3.56582 3.36591 3.21274 3.36358 3.62213 3.74448 3.86435
4.04616 4.02616 3.94976 3.85177 3.87639 4.07740 4.27701 4.35670 4.25877 3.90443 3.34855 3.01299 3.05087 3.27899 3.03186 2.89547 3.18452 3.51004 3.41865 2.27289 2.15558 2.74611 3.53491 4.02029 4.18968 4.31967 4.35169 4.21128 3.95778 3.76215 3.64249 3.61799 3.58958 3.53162 3.51978 3.50751 3.44196 3.37615 3.35778 3.37874 3.31336 3.13145 2.99931 3.06995 3.28053 3.34375 3.38395 3.35259 3.17798 3.31513 3.28674 3.26226 3.38556 3.35324 3.30501 3.20193 3.13667 3.29776 3.66685 3.73602 3.27345 2.90869 3.29217 3.72518 3.81160 3.97195
3.96072 3.99389 3.95380 3.96360 3.97150 4.03361 4.19463 4.30426 4.27787 4.02830 3.50131 3.09357 3.09726 3.03767 2.68303 2.72582 2.60685 3.02143 3.65655 2.63520 2.20781 2.67364 3.23769 3.59035 3.77398 4.03731 4.16134 3.95507 3.77897 3.80356 3.79489 3.79376 3.74565 3.61508 3.52915 3.49299 3.42511 3.33346 3.31537 3.32643 3.27513 3.18319 3.02837 2.93775 3.06846 3.32079 3.37027 3.29047 3.18881 3.28054 3.15854 3.02731 3.28275 3.41004 3.32679 3.20977 3.17844 3.32179 3.30468 3.29918 2.87266 2.77361 3.61013 3.94381 3.74360 3.83752
3.93949 3.98217 4.03088 4.05731 3.96049 3.80290 3.85793 4.10802 4.24297 4.12478 3.65716 3.20583 3.12543 2.93620 2.98903 3.13280 2.57964 2.58667 3.59458 3.04944 2.45679 2.75141 3.12742 3.35758 3.45698 3.58762 3.77697 3.80766 3.78344 3.89153 3.96531 3.93210 3.75333 3.60967 3.58066 3.55748 3.50657 3.41708 3.32577 3.28408 3.23313 3.13898 3.02060 2.93486 2.93435 3.17632 3.29395 3.24416 3.33083 3.22384 3.21975 3.03859 3.24716 3.49911 3.37822 3.20769 3.29714 3.53188 3.17993 2.97682 2.72529 3.17648 3.96577 3.94257 3.49820 3.41450
4.07898 4.02560 4.07341 4.01171 3.75594 3.59168 3.53802 3.73685 4.07128 4.09645 3.68093 3.32226 3.19164 3.16327 3.48462 3.50487 2.73474 2.43288 3.30251 3.22779 2.70621 2.95128 3.29682 3.48190 3.50581 3.48113 3.56885 3.81727 3.92706 3.91182 3.92450 3.88057 3.70968 3.63989 3.67021 3.65097 3.60957 3.52784 3.41895 3.34138 3.27989 3.26918 3.33511 3.17687 2.97317 3.15817 3.29326 3.32515 3.45174 3.39493 3.43309 3.28483 3.20790 3.26702 3.31093 3.33928 3.46219 3.57309 3.39128 3.16098 2.97970 3.33151 3.69688 3.52282 3.11493 3.13025
4.09711 3.97922 3.85039 3.67892 3.45679 3.35939 3.34395 3.44055 3.74938 4.03695 3.88688 3.61329 3.41912 3.53225 3.57589 3.36003 2.71843 2.45612 3.12278 3.29123 2.77021 3.00171 3.39427 3.63675 3.66183 3.60992 3.55896 3.72885 4.03605 4.04577 3.90718 3.80955 3.67872 3.65803 3.59681 3.54986 3.54199 3.53332 3.45627 3.39148 3.34671 3.36693 3.43268 3.22123 2.86032 3.03757 3.25202 3.32233 3.39965 3.34970 3.39241 3.30481 3.22477 3.17349 3.25219 3.44292 3.66678 3.70433 3.77837 3.43439 3.21309 3.17826 3.28084 3.12248 2.86193 2.82597
3.87537 3.63990 3.44073 3.29856 3.16331 3.17796 3.21400 3.26018 3.48958 3.75196 3.63569 3.56973 3.55785 3.50592 3.25738 2.87856 2.33315 2.06854 2.88178 2.94608 2.67877 2.99092 3.40979 3.65445 3.58522 3.50462 3.55509 3.75420 4.05757 4.02743 3.76598 3.76851 3.70733 3.69141 3.62525 3.51913 3.45930 3.44919 3.42573 3.40566 3.38944 3.37505 3.38750 3.28327 2.81919 2.75017 3.07369 3.18237 3.22998 3.21733 3.27338 3.32886 3.17750 3.14118 3.28111 3.64656 4.02068 4.07037 3.86467 3.49499 3.38454 3.39209 3.17130 2.83508 2.49334 2.44153
3.61628 3.38349 3.18377 3.04390 3.02224 3.13931 3.11442 3.12145 3.34151 3.54575 3.51937 3.54497 3.54405 3.30073 2.92185 2.46784 1.97815 2.07118 3.02134 2.67394 2.61124 3.03626 3.40880 3.54257 3.46589 3.41119 3.45797 3.56220 3.78309 3.85911 3.68845 3.70461 3.75107 3.80024 3.67243 3.57933 3.47008 3.43207 3.43165 3.43424 3.44805 3.43804 3.41672 3.46206 3.25678 2.78462 3.06076 3.18115 3.29515 3.22155 3.26040 3.33230 3.20138 3.20706 3.42652 3.89943 4.17407 4.12900 3.88593 3.61813 3.49368 3.62049 3.18508 2.57819 2.26398 2.30089
3.43948 3.19046 3.02342 2.97939 3.05046 3.12230 3.02083 3.01838 3.19411 3.42801 3.43731 3.42173 3.31735 2.97758 2.58109 2.20536 1.77552 2.27090 2.67172 2.48477 2.61022 3.06716 3.29950 3.40688 3.31848 3.10528 3.03951 3.16766 3.38514 3.53276 3.51823 3.56946 3.66972 3.76929 3.59358 3.48042 3.44171 3.45757 3.48914 3.48200 3.48621 3.49055 3.49424 3.52355 3.46292 3.13087 3.18117 3.26584 3.37518 3.39521 3.35566 3.42355 3.25558 3.32652 3.58117 3.99083 4.23240 4.23431 4.01632 3.68996 3.34069 3.06184 2.71591 2.38015 2.27992 2.40564
3.28078 3.04665 2.94987 3.01067 3.11280 3.06107 2.94467 2.97108 3.04125 3.26939 3.25126 3.07089 2.84629 2.56834 2.31075 2.15334 1.92331 2.26751 1.51059 2.00424 2.53145 2.78445 3.00870 3.30351 3.24672 3.00460 2.92279 2.95183 3.14965 3.35418 3.35683 3.36784 3.43996 3.53823 3.40565 3.31853 3.37870 3.44870 3.49479 3.52289 3.53429 3.51719 3.51653 3.51816 3.46048 3.19020 3.04123 3.27447 3.41778 3.44109 3.31338 3.34469 3.18677 3.39478 3.58862 3.84113 4.13886 4.28819 4.20038 3.80198 3.18289 2.55547 2.25404 2.21131 2.25430 2.44574
3.24035 3.03693 2.93319 3.04651 3.19645 3.08189 2.91760 3.00484 3.05076 3.09749 3.04936 2.75836 2.55162 2.34922 2.39078 2.64613 2.55058 2.47218 1.28682 1.93539 2.15639 2.21743 2.63057 3.10736 3.21120 3.05372 3.24944 3.13674 3.21062 3.39472 3.41016 3.42062 3.40466 3.48041 3.33992 3.32542 3.39473 3.39175 3.43052 3.51387 3.55188 3.55084 3.55360 3.56607 3.53470 3.40639 3.18085 3.24681 3.46829 3.39003 3.22159 3.18852 3.21733 3.41813 3.50350 3.66929 3.93484 4.20017 4.25714 3.85607 3.06570 2.44179 2.11135 1.98704 1.99485 2.55556
3.26178 3.06340 2.86661 2.98005 3.24896 3.12391 2.87987 3.03937 3.17292 3.03168 2.83053 2.53123 2.42872 2.52496 2.95937 3.27243 3.24054 3.00365 2.74422 2.24547 1.80531 1.81525 2.31024 2.90550 3.37066 3.19968 3.18672 3.34739 3.41203 3.56024 3.56983 3.53650 3.50475 3.55379 3.39862 3.44121 3.51207 3.41782 3.38522 3.45308 3.52499 3.56644 3.57735 3.61678 3.59021 3.50459 3.44816 3.42494 3.50962 3.45749 3.47050 3.32094 3.41629 3.46297 3.65524 3.68181 3.82263 4.07676 4.16228 3.92829 3.22550 2.52487 1.93841 1.63628 1.68776 2.77110
3.12472 3.03250 2.78643 2.90590 3.26072 3.01191 2.80124 3.07113 3.23800 2.98151 2.62869 2.31498 2.43310 2.95543 3.26732 3.55046 3.61653 3.46896 3.28649 2.85739 2.42250 2.23876 2.23179 2.80719 3.43308 3.45361 3.32725 3.49107 3.52532 3.68077 3.68512 3.61883 3.59378 3.56471 3.42379 3.49326 3.64135 3.52481 3.42701 3.43715 3.49832 3.52816 3.51455 3.51794 3.51729 3.53919 3.63470 3.65968 3.56699 3.64823 3.68806 3.57483 3.45280 3.50746 3.61229 3.66731 3.85136 3.97660 3.89516 3.72024 3.31239 2.71948 1.97936 1.54113 1.57832 2.87253
2.94231 2.85502 2.72023 2.96394 3.24702 2.86672 2.78044 3.15229 3.28720 2.86613 2.43992 1.92834 2.35979 2.89908 3.28886 3.62779 3.76051 3.55764 3.26235 3.05214 3.16257 2.55184 2.19181 2.68533 3.36944 3.48325 3.29200 3.33717 3.39171 3.59020 3.64094 3.60253 3.59216 3.54821 3.44253 3.54566 3.75801 3.64438 3.51404 3.47449 3.48157 3.47550 3.45697 3.47985 3.55638 3.64567 3.71298 3.76140 3.75119 3.70766 3.58009 3.36274 3.21730 3.32841 3.64103 3.77324 3.83565 3.68587 3.60465 3.58846 3.47647 3.03101 2.26974 1.73862 1.68672 2.78674
2.97308 2.77096 2.82058 3.15352 3.09256 2.81951 2.78687 3.09059 3.12178 2.58926 2.06952 1.48069 2.17842 2.62869 3.16476 3.55777 3.65337 3.39211 3.14298 3.20604 3.30961 2.75426 2.09934 2.45433 3.06949 3.21969 3.08272 3.27455 3.25114 3.45902 3.56721 3.56432 3.51932 3.52009 3.44976 3.57658 3.70602 3.61243 3.52241 3.48153 3.47165 3.45467 3.43529 3.48364 3.62598 3.65450 3.63928 3.68770 3.73526 3.58519 3.41400 3.12796 3.09217 3.09432 3.35066 3.50201 3.53782 3.48882 3.59073 3.73678 3.78477 3.35469 2.66829 2.13046 2.22412 3.13119
3.02387 2.77045 2.90245 3.04133 2.96873 2.82022 2.72869 2.89568 2.71031 2.15067 1.46677 1.95092 2.36491 2.36334 2.87237 3.35323 3.47944 3.22003 3.14054 3.34519 3.38288 3.06796 2.27642 2.34181 2.73559 3.08781 3.13220 3.27242 3.25134 3.42071 3.52992 3.47630 3.42704 3.45758 3.44065 3.51386 3.51796 3.45533 3.42356 3.45773 3.49854 3.48759 3.43085 3.47935 3.66180 3.61611 3.59300 3.61254 3.62549 3.49960 3.39824 3.27382 3.15237 3.28187 3.42781 3.39993 3.49885 3.63804 3.91793 3.93616 4.02550 3.56136 2.95088 2.54408 2.64748 3.57084
2.84018 2.60655 2.65385 2.75155 2.87623 2.53103 2.29445 2.31769 2.22853 1.84785 1.48899 2.40013 2.49683 2.23007 2.60508 3.08552 3.26642 3.18385 3.34313 3.43256 3.44684 3.28088 3.08647 2.59826 2.66807 2.97979 3.24290 3.32060 3.33438 3.43481 3.35026 3.16620 3.05334 3.13698 3.32946 3.45600 3.43241 3.44000 3.49255 3.56553 3.60677 3.54148 3.41580 3.42424 3.53794 3.51439 3.55186 3.50550 3.49713 3.40164 3.34894 3.28382 3.22970 3.32881 3.65434 3.62271 3.71142 3.89220 3.92933 4.07824 4.17228 3.75903 3.07940 2.69489 2.65205 3.34639
2.60891 2.40964 2.60283 2.56909 2.58811 2.07847 1.52253 1.80436 1.84464 1.46913 1.62140 2.69832 2.44722 2.19512 2.62427 3.01784 3.11383 3.20570 3.40634 3.52271 3.41656 3.29831 3.28551 2.99772 2.89116 2.82941 2.90374 3.13781 3.29887 3.23114 2.83106 2.59837 2.56774 2.64434 2.93947 3.22278 3.38745 3.52956 3.65574 3.72428 3.62559 3.48273 3.36417 3.33897 3.40261 3.39138 3.38411 3.38029 3.41221 3.33447 3.32637 3.28264 3.17764 3.40511 3.69519 3.72987 3.74325 3.86930 3.96351 4.11910 4.16522 3.92260 3.22099 2.69008 2.41133 2.51590
2.50030 2.36032 2.84898 2.85109 2.71425 2.18244 1.71997 1.00334 1.06860 1.10504 2.44489 2.88211 2.18180 1.97704 2.73685 3.16844 3.18800 3.28587 3.34638 3.39982 3.30968 3.31843 3.25498 3.27212 3.29099 3.02792 2.83121 2.88587 3.17419 2.99163 2.61068 2.67560 2.77181 2.63622 2.55275 2.88174 3.26154 3.41452 3.43401 3.48885 3.44264 3.39233 3.33604 3.31771 3.32369 3.22352 3.12800 3.25060 3.35541 3.30150 3.22596 3.21619 3.29172 3.50398 3.70994 3.74230 3.64304 3.54106 3.53340 3.60833 3.60514 3.40229 2.98161 2.58886 2.23115 1.80306
