mrvbf_slope1_pctl0.7.asc
NCOLS 410
NROWS 410
XLLCORNER 2398750.0000000000000000
YLLCORNER 2548750.0000000000000000
CELLSIZE 250.0000000000000000
NODATA_VALUE -99999.00000
[rows 116 to 144 of 410, columns 198 to 263 of 410]
7.64155 7.68748 7.68732 7.67296 7.67258 7.65326 7.60613 7.65223 7.66975 7.69426 7.69022 7.69011 7.70260 7.70689 7.70784 7.71125 7.70990 7.70646 7.70620 7.70728 7.69963 7.68860 7.68560 7.68705 7.69268 7.69365 7.69290 7.68623 7.67834 7.67951 7.67543 7.67870 7.68139 7.67601 7.67291 7.66791 7.66600 7.67029 7.67521 7.67546 7.67814 7.67793 7.67551 7.67539 7.67461 7.67389 7.67058 7.67633 7.68078 7.67608 7.67109 7.66847 7.66551 7.65297 7.64992 7.65846 7.66087 7.65927 -99999.00000 -99999.00000 -99999.00000 -99999.00000 -99999.00000 -99999.00000 -99999.00000 -99999.00000
7.51996 7.65938 7.67628 7.68277 7.67066 7.67644 7.67052 7.66101 7.67687 7.68600 7.68640 7.68987 7.69559 7.70151 7.70684 7.71008 7.70838 7.70587 7.70541 7.70808 7.70114 7.68482 7.68387 7.68194 7.68132 7.69062 7.69341 7.69006 7.68409 7.67976 7.67645 7.67912 7.67735 7.67436 7.67501 7.67017 7.66822 7.66952 7.66765 7.66893 7.67364 7.67552 7.67200 7.67328 7.67313 7.67349 7.67425 7.67760 7.67470 7.66736 7.66447 7.66492 7.66177 7.64846 7.65145 7.65644 7.65655 7.65747 7.65470 7.63356 -99999.00000 -99999.00000 -99999.00000 -99999.00000 -99999.00000 -99999.00000
7.43323 7.64543 7.68577 7.68777 7.67374 7.67126 7.68653 7.68081 7.66970 7.68732 7.68209 7.68813 7.70174 7.70105 7.70420 7.70788 7.70868 7.70898 7.70798 7.70283 7.69708 7.68764 7.68131 7.69109 7.68380 7.68882 7.69490 7.68955 7.68702 7.68353 7.67686 7.67674 7.67127 7.67234 7.67769 7.67128 7.66778 7.66534 7.66572 7.66991 7.67474 7.67266 7.66972 7.67011 7.67447 7.67425 7.67991 7.67930 7.67040 7.66502 7.66877 7.66597 7.66267 7.65867 7.64888 7.65554 7.65864 7.65635 7.64517 7.63132 7.62432 -99999.00000 -99999.00000 -99999.00000 -99999.00000 -99999.00000
7.60102 7.67542 7.69478 7.69236 7.65428 7.63504 7.66854 7.68951 7.68938 7.69754 7.69663 7.69477 7.69978 7.69488 7.70216 7.70685 7.70990 7.70990 7.70784 7.70625 7.69849 7.69097 7.68541 7.69053 7.67769 7.68698 7.69375 7.68865 7.68881 7.68446 7.67720 7.67486 7.67529 7.67658 7.67446 7.66896 7.66800 7.66681 7.66951 7.67594 7.67516 7.66702 7.66419 7.66689 7.67009 7.67286 7.67956 7.67773 7.66989 7.66440 7.66954 7.66919 7.66668 7.66127 7.65088 7.65134 7.66066 7.65569 7.64782 7.64270 7.63326 7.62912 -99999.00000 -99999.00000 -99999.00000 -99999.00000
7.67089 7.68554 7.69777 7.67572 7.60675 7.59017 7.62817 7.68328 7.69980 7.70456 7.70155 7.69171 7.68642 7.68381 7.69408 7.69779 7.70444 7.70779 7.70538 7.70355 7.70164 7.69698 7.69112 7.67674 7.67095 7.67496 7.68702 7.68604 7.68591 7.68259 7.67890 7.67574 7.68208 7.68254 7.67453 7.67247 7.67250 7.66989 7.67230 7.67745 7.67617 7.67081 7.66550 7.66915 7.67130 7.67244 7.67729 7.67677 7.66968 7.66358 7.66330 7.66593 7.66455 7.65592 7.65085 7.65928 7.66165 7.65733 7.65420 7.65067 7.64553 7.64687 7.65964 -99999.00000 -99999.00000 -99999.00000
7.67555 7.67354 7.68457 7.66025 7.53777 7.57155 7.56937 7.67084 7.69547 7.69995 7.70218 7.69569 7.68029 7.68323 7.69239 7.68889 7.69254 7.70079 7.70133 7.69906 7.70034 7.69653 7.68827 7.67762 7.67797 7.66571 7.67541 7.68067 7.68315 7.68434 7.68083 7.67670 7.68301 7.68288 7.67619 7.67167 7.67124 7.67099 7.67219 7.67384 7.67879 7.67582 7.67299 7.67513 7.67281 7.66834 7.67127 7.67451 7.67142 7.66444 7.66008 7.65886 7.65739 7.65404 7.65931 7.66386 7.66451 7.66305 7.65545 7.64813 7.64795 7.65042 7.66213 7.66671 -99999.00000 -99999.00000
7.61393 7.59033 7.63065 7.63475 7.47664 7.47341 7.56695 7.66697 7.69008 7.70120 7.70128 7.69324 7.68954 7.68025 7.68544 7.68306 7.68748 7.69120 7.69203 7.69330 7.69556 7.69735 7.69529 7.68263 7.67715 7.66125 7.65989 7.68109 7.68817 7.68632 7.68166 7.68476 7.68772 7.68283 7.66967 7.66307 7.66107 7.66777 7.67124 7.67176 7.67304 7.67493 7.66891 7.66886 7.67270 7.67270 7.66799 7.67012 7.66946 7.66287 7.65630 7.65310 7.65624 7.65884 7.66293 7.66529 7.66351 7.66009 7.65279 7.65107 7.65440 7.65348 7.65630 7.66698 7.67405 -99999.00000
7.59023 7.60759 7.56721 7.60283 7.59582 7.51223 7.63988 7.68107 7.68478 7.69368 7.69486 7.69435 7.69716 7.69272 7.69372 7.68992 7.69138 7.68624 7.68501 7.68843 7.68548 7.68921 7.68841 7.67100 7.66875 7.64477 7.65029 7.67261 7.68449 7.68789 7.68572 7.68308 7.68286 7.67406 7.66628 7.65647 7.65873 7.66261 7.66634 7.67097 7.66945 7.67271 7.66553 7.66143 7.66592 7.67007 7.66861 7.66404 7.66025 7.66277 7.65986 7.65437 7.65458 7.65998 7.66232 7.66089 7.65695 7.65463 7.65629 7.66060 7.65599 7.64885 7.65556 7.66107 7.66708 -99999.00000
7.60420 7.56337 7.58775 7.64694 7.60050 7.63861 7.67959 7.68661 7.69181 7.69327 7.69400 7.69922 7.69884 7.69790 7.68862 7.69111 7.69535 7.69362 7.68800 7.68134 7.68319 7.69099 7.68793 7.67482 7.65020 7.64415 7.66095 7.64855 7.66978 7.68799 7.68172 7.67784 7.67445 7.66953 7.67127 7.65931 7.65438 7.66104 7.66190 7.66351 7.66303 7.66803 7.66421 7.66261 7.66422 7.66507 7.66611 7.65897 7.65432 7.65801 7.65502 7.64891 7.64853 7.65990 7.65857 7.65603 7.65890 7.65851 7.65911 7.65938 7.65132 7.64625 7.65361 7.65377 7.65302 7.65606
7.66923 7.58350 7.46636 7.61797 7.66735 7.68784 7.69350 7.69541 7.69688 7.69411 7.69398 7.69315 7.69189 7.68206 7.65721 7.67403 7.68911 7.69314 7.69452 7.68971 7.68423 7.68151 7.68006 7.66851 7.65878 7.66413 7.64945 7.62000 7.63312 7.66058 7.65172 7.65804 7.65943 7.66774 7.67189 7.67021 7.67015 7.66706 7.66526 7.66323 7.65743 7.64903 7.65671 7.66428 7.66578 7.66302 7.66309 7.65349 7.65018 7.65861 7.66027 7.65487 7.65042 7.65092 7.65262 7.65197 7.65934 7.65512 7.65118 7.65701 7.65667 7.64716 7.64063 7.64601 7.65057 7.65496
7.65516 7.45021 7.44883 7.45211 7.65185 7.68477 7.68371 7.69004 7.69229 7.68781 7.67156 7.66608 7.67526 7.65328 7.65799 7.66387 7.67980 7.69330 7.69317 7.69680 7.69522 7.69102 7.68821 7.68187 7.67609 7.65789 7.62231 7.59052 7.60774 7.60295 7.63887 7.66314 7.66833 7.67114 7.66096 7.66263 7.66980 7.66857 7.66446 7.66788 7.66108 7.64888 7.64611 7.66121 7.66411 7.66321 7.66117 7.65936 7.65690 7.65565 7.66136 7.65929 7.64703 7.64085 7.64436 7.64898 7.65642 7.65489 7.65841 7.65316 7.65059 7.64067 7.61830 7.63048 7.64681 7.65886
7.67398 7.55284 7.33033 7.49662 7.64361 7.68229 7.68306 7.68311 7.68378 7.65476 7.59248 7.61792 7.64909 7.62855 7.64732 7.68578 7.69865 7.69652 7.69736 7.69948 7.69951 7.69504 7.69117 7.68629 7.68105 7.67178 7.65020 7.62219 7.62431 7.63737 7.64067 7.65424 7.65683 7.66261 7.66044 7.67174 7.67652 7.66839 7.66463 7.66595 7.65765 7.64607 7.65461 7.65954 7.66077 7.66601 7.66632 7.65950 7.65759 7.65766 7.65915 7.65548 7.64738 7.63562 7.63077 7.63579 7.65378 7.65825 7.65710 7.65503 7.65213 7.63527 7.62640 7.61589 7.63934 7.65084
7.68693 7.64499 7.54306 7.58994 7.57177 7.65555 7.67987 7.67615 7.66065 7.60308 7.57013 7.56392 7.54826 7.54774 7.61076 7.68629 7.70231 7.69957 7.69617 7.69836 7.69812 7.69532 7.69290 7.68959 7.68008 7.68588 7.67793 7.66047 7.64526 7.66092 7.65964 7.66894 7.67061 7.67671 7.67408 7.67251 7.66701 7.66778 7.65857 7.65808 7.65589 7.65351 7.65802 7.66087 7.66031 7.66558 7.66840 7.66475 7.65750 7.65553 7.65664 7.65240 7.64949 7.63865 7.63389 7.65054 7.65970 7.65640 7.65244 7.65572 7.65004 7.64077 7.62262 7.63767 7.64819 7.64773
7.69189 7.68126 7.63897 7.54490 7.49417 7.59575 7.63353 7.64409 7.60257 7.56926 7.54988 7.55180 7.49063 7.52565 7.57147 7.67376 7.69537 7.69777 7.69875 7.69898 7.69766 7.69616 7.69382 7.69061 7.68327 7.68462 7.67890 7.66911 7.64710 7.65952 7.64453 7.66841 7.67057 7.67651 7.67007 7.65597 7.64148 7.65296 7.65484 7.65269 7.65148 7.65375 7.65913 7.65791 7.65893 7.66588 7.66472 7.66152 7.65819 7.65840 7.65839 7.65276 7.64703 7.64688 7.65059 7.65727 7.65953 7.65199 7.64677 7.64975 7.64727 7.64648 7.64306 7.64873 7.65350 7.65171
7.69878 7.69468 7.65653 7.52035 7.52686 7.36800 7.42803 7.52452 7.59088 7.53011 7.48134 7.54369 7.57530 7.51900 7.62031 7.67130 7.68273 7.68856 7.69591 7.69744 7.69762 7.69126 7.68833 7.68871 7.68699 7.68014 7.67465 7.67589 7.66319 7.64539 7.66043 7.66214 7.66286 7.66521 7.65662 7.63128 7.63891 7.61985 7.63512 7.64462 7.64688 7.65248 7.65697 7.65949 7.66590 7.66719 7.66232 7.66137 7.66091 7.66082 7.66053 7.65733 7.64872 7.64548 7.65155 7.65321 7.65354 7.65259 7.64424 7.63651 7.64654 7.65384 7.65385 7.65142 7.65199 7.64836
7.70112 7.69882 7.68500 7.62537 7.48062 7.40474 7.51449 7.45539 7.52014 7.51790 7.56470 7.49551 7.54772 7.58309 7.60340 7.65111 7.67241 7.68246 7.69268 7.69679 7.69231 7.68636 7.68770 7.68798 7.68359 7.67362 7.67674 7.68174 7.67658 7.66534 7.66515 7.65883 7.65785 7.66752 7.66033 7.64033 7.62031 7.62409 7.63046 7.62283 7.63933 7.64617 7.65343 7.65958 7.66108 7.65957 7.66261 7.66377 7.66191 7.65957 7.65495 7.65214 7.64742 7.64842 7.65505 7.65194 7.64879 7.65133 7.64648 7.64136 7.63501 7.64760 7.65231 7.64355 7.64196 7.64338
7.69162 7.69504 7.69285 7.67909 7.64479 7.61610 7.53594 7.59442 7.53749 7.44177 7.49657 7.15508 7.02649 7.33939 7.29201 7.56455 7.65114 7.67326 7.68464 7.69183 7.68580 7.68615 7.69018 7.69073 7.68392 7.67890 7.67292 7.67874 7.67842 7.67554 7.65789 7.65174 7.65252 7.66507 7.66665 7.66104 7.65679 7.64895 7.62943 7.63272 7.63501 7.62542 7.64359 7.64924 7.65164 7.65185 7.65457 7.65914 7.66019 7.65487 7.65041 7.65120 7.64963 7.64731 7.65150 7.64974 7.65230 7.65218 7.64670 7.64242 7.64082 7.63881 7.64265 7.63322 7.62852 7.63015
7.67939 7.69050 7.69263 7.68721 7.68362 7.67543 7.64478 7.61699 7.47903 7.42826 7.49341 7.21272 6.59048 6.70479 7.35062 7.34467 7.58861 7.65627 7.67151 7.68025 7.68602 7.68867 7.69142 7.69080 7.68841 7.67991 7.68020 7.67713 7.67713 7.66972 7.65978 7.65095 7.66286 7.66611 7.66970 7.66648 7.67121 7.65071 7.61615 7.61498 7.62383 7.62906 7.63419 7.63891 7.64056 7.64897 7.64158 7.65383 7.65560 7.65105 7.65328 7.64971 7.64120 7.63908 7.64576 7.65084 7.65176 7.65183 7.64951 7.64432 7.63756 7.64167 7.63387 7.62342 7.62520 7.63399
7.65623 7.68114 7.68122 7.67156 7.67788 7.67945 7.67486 7.65553 7.57376 7.41193 7.10949 6.32161 6.18855 6.11629 6.85798 7.49280 7.55068 7.61826 7.65749 7.67284 7.68087 7.68475 7.68602 7.67624 7.67852 7.67716 7.66966 7.67344 7.67379 7.66366 7.66006 7.65699 7.66489 7.66702 7.66277 7.65761 7.66252 7.63844 7.61003 7.56533 7.61516 7.63558 7.63461 7.63174 7.63866 7.64581 7.63872 7.64832 7.65444 7.65194 7.64899 7.64816 7.64935 7.64114 7.63277 7.64423 7.64744 7.65165 7.65160 7.64716 7.64369 7.63698 7.62807 7.61556 7.62708 7.63885
7.63799 7.66838 7.67081 7.67603 7.67131 7.67759 7.67456 7.67014 7.65323 7.60853 7.54456 7.26759 6.56485 5.89739 6.44739 7.34067 7.54518 7.55900 7.62548 7.62083 7.65799 7.67465 7.65888 7.63198 7.64967 7.67541 7.67900 7.67664 7.67647 7.66056 7.65683 7.65880 7.65892 7.65558 7.64850 7.65037 7.64688 7.62910 7.53095 7.46100 7.53422 7.61324 7.62581 7.63023 7.63828 7.64660 7.63263 7.63818 7.63878 7.64698 7.64363 7.63830 7.64233 7.63655 7.63099 7.62824 7.63037 7.64584 7.65111 7.64833 7.64845 7.63678 7.62469 7.61307 7.63375 7.63450
7.64570 7.65966 7.67124 7.66883 7.67650 7.68397 7.68314 7.67758 7.66795 7.64064 7.61683 7.56933 7.50293 6.78792 6.72946 6.61086 7.34390 7.52539 7.53373 7.37404 7.56898 7.64648 7.62376 7.61820 7.61492 7.66163 7.67906 7.67144 7.66991 7.66843 7.66801 7.65924 7.65914 7.65178 7.62337 7.60411 7.62626 7.56919 7.36425 7.42914 7.45427 7.59655 7.62596 7.62954 7.63186 7.64188 7.63588 7.64145 7.63535 7.62392 7.63340 7.64008 7.64494 7.63308 7.62463 7.63235 7.62757 7.62346 7.63825 7.64880 7.64817 7.64119 7.62871 7.61770 7.62958 7.63426
7.64533 7.65974 7.66419 7.67371 7.68326 7.68541 7.68378 7.68284 7.67917 7.66347 7.63388 7.62364 7.59750 7.32683 6.50652 6.87418 7.17604 7.18291 7.27804 7.32522 7.34757 7.60516 7.60173 7.58461 7.59387 7.62269 7.64584 7.65238 7.65987 7.67101 7.67321 7.66741 7.66054 7.62834 7.56560 7.58495 7.56138 7.47232 7.45270 7.33711 7.55731 7.62436 7.63045 7.63304 7.64199 7.64559 7.63617 7.63845 7.62329 7.62591 7.64253 7.64449 7.63643 7.62969 7.62492 7.62323 7.62170 7.62762 7.63119 7.64670 7.63664 7.63581 7.63294 7.62365 7.62448 7.63529
7.65703 7.66621 7.66619 7.67247 7.68271 7.68569 7.68311 7.68295 7.68117 7.67552 7.66125 7.65591 7.63518 7.57071 7.36326 7.16709 6.89720 7.41263 7.45475 7.23704 7.47322 7.54587 7.44094 7.54362 7.36740 7.40384 7.50856 7.55389 7.63101 7.66232 7.66232 7.65288 7.64577 7.63667 7.60169 7.55742 7.59943 7.55196 7.45989 7.55899 7.62066 7.63213 7.63574 7.64162 7.64822 7.64479 7.63653 7.63249 7.62281 7.64246 7.64526 7.63556 7.63293 7.63698 7.63087 7.62932 7.63358 7.62883 7.63887 7.64347 7.63685 7.63001 7.63724 7.63508 7.62659 7.62762
7.65775 7.66462 7.66850 7.66559 7.67201 7.67932 7.67668 7.67712 7.67431 7.67372 7.67223 7.67029 7.65848 7.63886 7.60505 7.57848 7.53449 7.49202 7.56225 7.46243 7.21068 6.90967 7.43410 7.57765 7.40203 7.42114 7.48712 7.48506 7.57523 7.64702 7.65906 7.65078 7.64348 7.65083 7.64276 7.63637 7.64172 7.62430 7.60873 7.63340 7.63842 7.63578 7.63830 7.64201 7.64791 7.64093 7.62694 7.62952 7.64279 7.64999 7.64274 7.63594 7.63813 7.63518 7.63557 7.63467 7.64750 7.64169 7.63911 7.63876 7.62768 7.62961 7.63006 7.62460 7.62314 7.62088
7.65056 7.65936 7.65692 7.65626 7.66097 7.67170 7.67092 7.67066 7.66999 7.66847 7.67060 7.67161 7.67158 7.66337 7.65150 7.64528 7.63344 7.60051 7.48586 7.26399 7.36691 6.90166 6.68641 7.49500 7.30380 7.34642 7.46193 7.52747 7.62054 7.65412 7.65588 7.66142 7.66187 7.65581 7.65389 7.65335 7.65327 7.64494 7.64646 7.64530 7.64175 7.64216 7.64797 7.64977 7.65044 7.64042 7.63697 7.64211 7.65041 7.65004 7.64195 7.64083 7.64659 7.64214 7.63975 7.64117 7.64469 7.64616 7.65124 7.64554 7.63711 7.63026 7.61102 7.61516 7.60955 7.61735
7.65252 7.64702 7.64328 7.64673 7.65852 7.66219 7.66260 7.66287 7.66457 7.66496 7.66468 7.66566 7.66988 7.67178 7.66306 7.65557 7.65021 7.64074 7.58840 7.37866 7.28546 7.07145 6.94033 7.53110 7.59207 7.57703 7.55911 7.61129 7.63655 7.64722 7.65560 7.66461 7.66663 7.66521 7.66157 7.65628 7.65870 7.65270 7.64486 7.64404 7.65032 7.65029 7.65142 7.65340 7.65326 7.64876 7.65097 7.64916 7.64810 7.64580 7.64148 7.64429 7.65534 7.65512 7.65132 7.65531 7.65427 7.64641 7.64982 7.65007 7.64409 7.63969 7.62167 7.61173 7.61805 7.61500
7.64413 7.63491 7.63867 7.62738 7.63699 7.65461 7.65964 7.65889 7.65960 7.66082 7.66080 7.65878 7.66548 7.66724 7.66013 7.66055 7.66274 7.65131 7.61809 7.47020 7.26729 7.24902 7.18651 7.17145 7.55290 7.41371 7.10534 7.53212 7.62321 7.63735 7.64650 7.65458 7.66151 7.66135 7.66408 7.65918 7.65623 7.65320 7.64840 7.65199 7.65415 7.64990 7.65207 7.65291 7.65482 7.65666 7.65599 7.65130 7.64605 7.64580 7.64071 7.64118 7.65403 7.65861 7.65907 7.65908 7.65535 7.64876 7.64825 7.65033 7.64521 7.64712 7.64090 7.63428 7.62140 7.62342
7.62112 7.60170 7.60085 7.60112 7.60050 7.62507 7.64457 7.64904 7.65177 7.65866 7.65775 7.65373 7.65752 7.65944 7.65790 7.66264 7.66292 7.65256 7.59974 7.36405 7.37498 7.46838 7.52719 7.23196 7.40122 6.82081 6.65138 6.92462 7.57267 7.62173 7.62855 7.63016 7.64996 7.65593 7.65889 7.65609 7.65292 7.65454 7.65145 7.65240 7.65204 7.65181 7.64902 7.65094 7.65563 7.65793 7.65857 7.65546 7.64235 7.63833 7.64177 7.64630 7.65425 7.66081 7.66221 7.66081 7.65963 7.65434 7.64606 7.64372 7.64338 7.64611 7.64344 7.63930 7.63227 7.63117
7.58534 7.58748 7.59290 7.59690 7.58563 7.59488 7.61698 7.63423 7.64315 7.64922 7.64982 7.65143 7.65072 7.65345 7.66198 7.66139 7.66151 7.65814 7.63706 7.54734 7.22022 6.99365 7.41001 7.16352 7.52254 7.13482 7.33376 6.92080 7.54226 7.57118 7.54397 7.55657 7.60309 7.64049 7.64384 7.64671 7.64938 7.65382 7.65309 7.65397 7.65536 7.65113 7.65176 7.65255 7.65076 7.65042 7.65242 7.65237 7.63965 7.63352 7.64292 7.64755 7.65432 7.66040 7.66259 7.66278 7.66075 7.65490 7.64473 7.63869 7.64131 7.64623 7.64718 7.64168 7.63970 7.63585
