mrvbf_slope0.8_pctl0.7.asc
NCOLS 410
NROWS 410
XLLCORNER 2398750.0000000000000000
YLLCORNER 2548750.0000000000000000
CELLSIZE 250.0000000000000000
NODATA_VALUE -99999.00000
[rows 145 to 173 of 410, columns 132 to 197 of 410]
6.92151 6.90436 6.84593 6.80752 6.87700 6.80968 6.57436 6.31063 6.07612 5.95423 6.44462 7.11051 7.34411 7.41263 7.45103 7.48028 7.50169 7.51679 7.52621 7.53041 7.53007 7.52382 7.51050 7.48959 7.46018 7.34377 6.71149 6.19348 6.80045 7.00074 7.29929 7.20648 7.18136 6.89305 7.15033 7.37075 7.37876 7.40764 7.35752 7.12502 6.65650 6.83401 7.23906 7.30391 7.24164 7.16049 7.24596 7.36822 7.43418 7.39222 7.03541 6.48722 6.22915 5.62777 5.43717 5.81900 5.71726 5.75873 5.96025 6.20798 6.46275 6.06927 6.69819 6.44570 6.44348 6.44829
6.79454 6.79955 6.74750 6.73718 6.74856 6.68689 6.61423 6.36697 6.25799 6.42582 6.52144 6.68397 7.13971 7.34955 7.41624 7.45334 7.48154 7.50181 7.51499 7.52198 7.52399 7.51960 7.50754 7.48763 7.45918 7.37268 6.92022 6.24446 6.62219 7.00754 7.31284 7.24246 7.16944 7.02263 7.24267 7.41826 7.43326 7.36637 7.13996 6.48831 6.21339 6.66311 7.08956 7.34231 7.39701 7.35333 7.41857 7.46192 7.46706 7.40427 7.07027 6.37316 6.40928 6.03329 5.52009 5.62931 5.94341 6.02190 6.46784 6.64851 6.17807 6.42293 6.80151 6.41035 6.07497 5.91671
6.50437 6.51518 6.51619 6.52556 6.48773 6.52531 6.69839 6.73894 6.69095 6.95844 6.88767 6.54313 6.64500 7.13363 7.35290 7.42032 7.45652 7.48316 7.50100 7.51136 7.51602 7.51407 7.50380 7.48574 7.45947 7.41391 7.20880 6.49052 6.48704 7.00541 7.24293 7.20655 7.18712 7.16991 7.30111 7.44191 7.46732 7.36912 6.88115 6.35814 6.42901 6.69186 6.87258 7.27142 7.39046 7.38154 7.45059 7.48313 7.47657 7.43211 7.25514 6.58433 6.26031 6.39816 5.89265 5.76518 6.28680 6.33375 6.90311 7.10655 6.68132 6.21871 6.39370 6.18585 5.88582 5.65286
6.24430 6.29251 6.35519 6.39345 6.32419 6.36536 6.54457 6.71621 6.88998 7.01084 6.92825 6.73973 6.43852 6.60518 7.13587 7.36112 7.42741 7.46115 7.48434 7.49853 7.50609 7.50699 7.49870 7.48274 7.45909 7.42831 7.30184 6.80474 6.77799 7.11896 7.22972 7.18799 7.20422 7.26908 7.36531 7.45460 7.45646 7.35147 6.98263 6.49031 6.31212 6.58007 6.90434 7.16462 7.26370 7.21147 7.37167 7.44959 7.46365 7.44053 7.35407 7.01101 6.40830 6.17298 5.81255 5.86379 6.15533 6.49767 7.03870 7.20939 6.97486 6.34710 5.67587 5.58204 5.39510 5.52038
6.11363 6.24089 6.37405 6.43426 6.29617 6.33662 6.59144 6.72287 6.88114 6.97456 6.90515 6.86062 6.65402 6.40410 6.61374 7.18061 7.38076 7.43680 7.46541 7.48349 7.49388 7.49761 7.49176 7.47770 7.45632 7.42810 7.26600 6.59203 6.67231 6.94181 7.26047 7.32591 7.31445 7.35905 7.42894 7.45481 7.38518 7.16468 6.75102 6.67548 6.72324 6.81949 6.98023 7.13382 7.04240 6.91009 7.10391 7.36637 7.43242 7.41945 7.32539 7.04779 6.68223 6.30969 5.91925 5.83768 6.15144 6.76293 7.08140 7.04113 6.44357 5.79165 5.51510 5.48261 5.35062 5.73459
6.05949 6.27896 6.41620 6.31816 6.14815 6.19289 6.51385 6.75787 6.94005 6.97343 6.90731 6.92481 6.81689 6.62374 6.39826 6.79387 7.29202 7.41229 7.44525 7.46658 7.47934 7.48557 7.48291 7.47022 7.45008 7.42323 7.29701 6.77500 6.70490 7.09866 7.35929 7.41804 7.42071 7.43746 7.46053 7.42037 7.30018 7.12066 7.02050 6.99240 7.08767 6.99733 7.01812 6.99250 6.94832 6.82073 6.78512 7.18992 7.35537 7.35555 7.12854 6.72137 6.50443 6.41779 6.36864 6.34503 6.58584 6.84192 6.84803 6.37404 5.69672 5.44433 5.21773 5.46735 5.40955 5.60460
5.94845 6.16829 6.23223 6.15814 6.06752 6.15956 6.51002 6.79175 7.00949 6.97197 6.89077 6.95979 6.91026 6.68931 6.39376 6.59378 7.16960 7.37281 7.42487 7.44814 7.46274 7.47128 7.47180 7.45963 7.43904 7.41134 7.30633 6.93193 6.88179 7.16265 7.28710 7.32852 7.35787 7.39664 7.42658 7.39595 7.29204 7.15954 7.13735 7.17629 7.20491 6.97405 6.75158 6.87239 7.04833 6.93121 6.59928 6.79136 7.10893 7.21585 6.82192 6.45536 6.52849 6.49914 6.58937 6.92439 7.04479 6.91007 6.43448 5.65645 5.37005 5.24915 5.29518 5.10010 5.44746 5.49741
5.75302 5.93816 6.07090 6.11348 6.06573 6.08434 6.34155 6.69861 6.91663 6.87705 6.85113 6.91155 6.67221 6.44047 6.45087 6.61185 6.89466 7.26022 7.39090 7.42701 7.44282 7.45342 7.45624 7.44365 7.42018 7.38823 7.25063 6.73706 6.67262 7.04622 7.16439 7.16671 7.17722 7.23249 7.32461 7.38862 7.34623 7.19266 7.05636 7.18418 7.26139 7.04398 6.59769 6.67899 7.07631 7.09808 6.80812 6.61971 6.76240 6.93132 6.50133 6.39970 6.79474 6.99306 7.07358 7.10192 7.10048 6.84837 5.88057 5.40899 5.04600 5.32158 5.51043 5.47457 5.44791 5.39709
5.59850 5.76538 5.98285 6.07682 6.01470 5.94628 6.02902 6.30023 6.56847 6.63436 6.71019 6.70131 6.37044 6.30877 6.56803 6.71388 6.88654 7.05701 7.27342 7.34522 7.40238 7.42674 7.42942 7.41503 7.38545 7.34456 7.15941 6.51987 6.48959 7.01786 7.15954 7.13625 7.09295 7.05162 7.11953 7.30144 7.38708 7.31669 7.12164 7.08880 7.21599 7.04988 6.68120 6.60911 6.75478 6.90024 7.02520 6.78998 6.74038 6.84802 6.43710 6.52162 6.90633 7.05754 7.15421 7.20734 7.18708 6.77958 5.74231 5.26680 4.76437 5.45763 5.65684 5.87593 6.01755 5.78430
5.47357 5.65149 5.89542 5.94213 5.89808 5.84899 5.86943 6.03126 6.30502 6.46820 6.54558 6.44410 6.17232 6.28053 6.73089 6.85632 6.95960 6.99734 6.95717 7.03274 7.27027 7.37008 7.38418 7.36371 7.32273 7.24282 6.94928 6.32430 6.35324 6.71219 6.85564 6.95370 7.00571 6.89573 6.84543 7.08114 7.31757 7.28143 7.12753 6.99249 6.88399 6.65100 6.63585 6.87205 6.86869 6.67120 6.76046 6.81706 6.76037 6.91186 6.45717 6.62830 6.79634 7.07159 7.25432 7.26987 7.25930 7.00932 6.03562 5.42535 4.63341 5.11437 5.50135 5.83792 6.46981 6.56924
5.26619 5.55604 5.72627 5.77230 5.81941 5.84966 5.86224 5.99494 6.29813 6.47073 6.49838 6.34482 6.09461 6.14807 6.53747 6.74009 6.86730 6.84795 6.74345 6.78108 6.99404 7.25777 7.31125 7.27796 7.21826 7.00446 6.33442 5.87374 5.94641 6.14468 6.46761 6.55183 6.60260 6.64816 6.58510 6.77479 7.16910 7.07631 6.87064 6.68885 6.43725 6.33346 6.54784 6.84912 7.01177 6.52031 6.56257 6.76909 6.62497 6.75738 6.41720 6.54568 6.76799 6.95352 7.10920 7.18512 7.19545 7.14710 6.65156 5.73242 5.33828 5.16272 5.39160 5.62075 6.13827 6.64670
4.70805 5.44032 5.58393 5.66089 5.78678 5.90448 5.89146 5.95617 6.26140 6.44391 6.53555 6.39416 6.11126 6.19707 6.43010 6.50340 6.47561 6.44991 6.51374 6.71695 7.05110 7.19447 7.19940 7.14710 7.01140 6.54209 5.81242 5.62519 5.75110 5.83031 5.93994 6.07668 6.27496 6.50078 6.44281 6.52693 7.02623 6.93446 6.75313 6.54551 6.36788 6.48401 6.61036 6.65726 6.92680 6.50462 6.46184 6.85008 6.59984 6.66163 6.70909 6.72272 7.08234 6.96674 6.95361 7.08708 7.13129 7.11252 6.54597 5.82244 5.61077 5.56652 5.57906 5.56969 5.66208 6.18640
3.77300 5.16924 5.48955 5.62431 5.79879 5.87773 5.77534 5.80925 6.16202 6.37046 6.39559 6.38815 6.05991 6.23482 6.33300 6.30099 6.18984 6.09843 6.14783 6.56983 6.70364 6.69871 6.81139 6.70062 6.26217 5.71734 5.53406 5.57374 5.89377 6.18128 6.16300 6.18958 6.35673 6.58136 6.52143 6.42780 6.73102 6.81763 6.73281 6.60326 6.54593 6.75093 6.76310 6.47618 6.74367 6.64974 6.26866 6.64912 6.68993 6.69451 7.01847 7.01729 7.08169 7.05899 7.02330 7.01184 7.06265 7.03374 6.20280 5.74455 5.79145 5.87850 5.74926 5.47355 5.49427 5.95682
3.43241 4.87450 5.45745 5.65122 5.81928 5.74075 5.66472 5.79941 6.29668 6.56356 6.50992 6.37195 6.17644 6.31172 6.24005 6.24327 6.29383 6.19063 5.87462 5.81159 5.70565 5.67441 5.90496 5.79194 5.51239 5.40554 5.48374 5.69418 6.32277 6.78749 6.84266 6.76301 6.61065 6.47881 6.68572 6.80899 6.78576 6.94546 6.93243 6.75592 6.68660 6.87288 7.00809 6.64053 6.49723 6.68591 6.29544 6.26340 6.61680 6.48609 6.98991 7.12983 6.94957 7.06476 7.15149 6.97814 6.98928 7.00141 6.07836 5.77861 6.13299 5.96921 5.61741 5.34598 5.48814 6.03187
3.41533 4.85528 5.44141 5.62321 5.68124 5.65709 5.66766 5.84749 6.30769 6.59122 6.59276 6.39269 6.43569 6.35717 6.39972 6.55459 6.60431 6.53226 6.15495 5.80243 5.66512 5.60671 5.65909 5.59363 5.44915 5.52205 5.73775 6.18955 6.44058 6.55973 6.61873 6.48946 6.31593 6.55901 7.02448 7.18586 7.21711 7.21592 7.15318 6.89071 6.74805 6.85335 7.04134 7.00290 6.62807 6.49672 6.16462 6.08196 6.63816 6.37071 6.62723 7.13736 6.92231 6.96361 7.07179 6.81919 6.91855 7.03765 6.17562 5.77992 6.06681 6.16713 5.60142 5.35307 5.47010 5.69464
3.54087 4.73809 5.37476 5.54855 5.62470 5.68634 5.75610 5.84538 6.10081 6.42493 6.45538 6.36426 6.59319 6.42499 6.50412 6.74357 6.92789 6.90058 6.60950 6.40198 6.16006 5.97896 5.94951 5.77787 5.61662 5.91602 6.48489 6.47091 6.32406 6.47738 6.69953 6.64464 6.71043 7.16389 7.33048 7.35800 7.33874 7.36877 7.28692 7.04404 6.89253 6.80662 6.70046 6.74458 6.86420 6.83785 6.40611 6.43447 6.53659 6.31554 6.68834 7.18234 6.94836 6.87247 6.77712 6.69843 7.02954 7.15843 6.43935 5.84228 5.90852 5.98237 5.61248 5.33693 5.25629 5.41508
3.85522 4.85346 5.36878 5.54173 5.66535 5.80496 5.87279 5.83665 5.86216 6.08470 6.29987 6.39511 6.50923 6.56502 6.38649 6.40365 6.64396 6.62583 6.48266 6.34868 6.34071 6.37786 6.35176 5.94764 5.81541 6.19994 6.60329 6.54611 6.46156 6.81172 7.15577 7.17262 7.16796 7.25913 7.30667 7.35053 7.39443 7.40635 7.26182 7.02629 7.04133 6.88568 6.73844 6.58402 6.61970 6.93082 6.79048 6.50387 6.39500 6.56919 7.06534 7.22359 7.04440 6.85786 6.79680 7.01512 7.28012 7.28311 6.83659 6.10029 5.90220 5.84984 5.61850 5.40481 5.26253 5.33517
4.77668 5.21290 5.42567 5.56657 5.73058 5.93547 5.99655 5.89798 5.74870 5.87236 6.23523 6.32098 6.61799 6.89546 6.73618 6.53018 6.55402 6.63187 6.71929 6.53465 6.40498 6.50073 6.34529 6.05309 6.20633 6.47606 6.65095 6.70436 6.73859 6.98892 7.22667 7.18613 7.10241 7.04101 7.03875 7.12808 7.30979 7.38886 7.24794 7.02908 7.06496 6.99480 7.13412 7.06603 6.85780 6.91533 7.01082 6.91182 6.97026 7.19626 7.35933 7.36508 7.26477 7.17565 7.22377 7.34210 7.39346 7.36820 7.21032 6.68836 6.20678 6.10842 5.92331 5.65995 5.50188 5.46731
5.33248 5.36067 5.43020 5.55075 5.72722 5.95884 6.05201 5.93094 5.75407 5.79597 6.07381 6.29699 6.64775 6.98884 7.09152 6.98105 6.86143 6.95761 6.97174 6.58981 6.29410 6.31502 6.34550 6.45457 6.63133 6.78537 6.93926 7.03696 7.04993 7.05103 7.11613 7.02017 6.97576 6.94244 6.92712 6.94600 7.13241 7.35070 7.37689 7.19662 7.14526 7.24888 7.35899 7.33607 7.16350 7.06441 7.20173 7.27460 7.35611 7.41635 7.44751 7.44548 7.42008 7.41373 7.42218 7.43846 7.43891 7.41933 7.36909 7.21478 6.85404 6.70249 6.65288 6.33721 5.91613 5.70729
5.39539 5.37113 5.38585 5.50064 5.67516 5.90924 6.01707 5.94685 5.81521 5.76137 5.82032 5.90538 6.18555 6.66833 6.91055 6.83588 6.84677 6.98148 6.84928 6.37199 6.12510 6.19467 6.43858 6.77145 6.95427 7.15033 7.24932 7.23311 7.12523 7.04625 7.02785 6.97149 6.98168 7.04268 7.01107 6.87776 7.04022 7.33080 7.39045 7.31274 7.34428 7.39846 7.42601 7.38996 7.23323 7.09759 7.21934 7.31679 7.37696 7.42574 7.42661 7.40208 7.39254 7.41625 7.43851 7.44437 7.44447 7.44107 7.42383 7.37287 7.25637 7.14993 7.11306 6.89893 6.65110 6.31169
5.47178 5.41192 5.36270 5.45465 5.60688 5.77044 5.86058 5.86987 5.80300 5.73631 5.72730 5.72779 5.78337 6.10909 6.34351 6.40107 6.57115 6.67390 6.55868 6.13861 6.01758 6.18407 6.47341 6.68214 6.91240 7.20385 7.25580 7.12928 7.06833 7.06867 7.09318 7.02778 7.00738 7.05142 6.92730 6.73008 6.97313 7.28928 7.23940 7.12454 7.22778 7.34945 7.42519 7.38933 7.17980 7.01102 7.17661 7.28602 7.31114 7.32232 7.23890 7.07711 7.04077 7.20564 7.34606 7.37784 7.38140 7.38627 7.38409 7.35544 7.31966 7.30962 7.25506 7.13354 7.05020 6.94164
5.51223 5.45193 5.39250 5.43959 5.53808 5.64095 5.75164 5.81079 5.78611 5.76933 5.76517 5.70844 5.66814 5.83736 6.01746 6.22675 6.36221 6.40416 6.29911 6.02488 6.02965 6.25209 6.54051 6.73893 6.77314 6.98606 7.07508 7.03527 7.15276 7.14134 7.18103 7.04495 6.95484 6.95412 6.75626 6.53640 6.81857 7.18223 7.02489 7.02992 7.10953 7.25833 7.40387 7.37038 7.09959 6.94401 7.19427 7.32476 7.34384 7.28102 7.04702 6.84900 6.79872 6.85813 7.07382 7.14822 7.15802 7.18059 7.20196 7.22577 7.27227 7.33218 7.35067 7.27779 7.22705 7.21898
5.47809 5.46728 5.43301 5.44706 5.49996 5.60074 5.77105 5.87300 5.86446 5.92429 5.99092 5.81013 5.64934 5.74579 5.99983 6.17835 6.22038 6.22999 6.18812 6.09524 6.17473 6.35167 6.56225 6.86689 6.97049 6.99671 7.09683 7.17084 7.19029 7.17301 7.16629 6.92647 6.77257 6.78630 6.55848 6.28685 6.48139 7.00396 6.99411 7.07871 7.14330 7.26968 7.39265 7.33889 7.00903 6.89695 7.21099 7.29288 7.30068 7.18839 6.97182 7.04315 7.14893 7.03866 7.04430 6.98944 6.96527 7.01885 7.10555 7.21726 7.27226 7.29585 7.35426 7.36655 7.35491 7.32769
5.36190 5.45485 5.47679 5.47415 5.48923 5.57121 5.72255 5.84776 5.93736 6.00476 6.19175 5.98738 5.75761 5.69729 6.03374 6.30401 6.28863 6.31116 6.28047 6.19734 6.32148 6.51884 6.59528 6.87501 7.16083 7.18271 7.25590 7.27499 7.21409 7.17460 7.07716 6.69937 6.55849 6.66842 6.44122 6.06445 6.07511 6.67146 6.97935 7.15670 7.17656 7.27597 7.36663 7.20501 6.68427 6.77475 7.18171 7.29028 7.33053 7.19681 7.00466 7.13924 7.24642 7.22644 7.25912 7.15380 7.13639 7.15384 7.18605 7.23299 7.25432 7.26238 7.31745 7.38599 7.41645 7.36814
4.90008 5.37232 5.51003 5.51709 5.48862 5.49263 5.62150 5.76359 5.88555 6.03229 6.33411 6.11029 5.93334 5.86221 6.03938 6.47598 6.56259 6.61726 6.46714 6.24923 6.33534 6.52521 6.65708 6.92097 7.16323 7.17162 7.24249 7.20530 7.18446 7.11168 6.94818 6.48193 6.43944 6.74089 6.61591 6.08659 5.86441 6.33373 6.94027 7.09105 7.06733 7.19372 7.27109 6.79894 6.36960 6.77678 7.06007 7.24435 7.30291 7.16959 7.01417 7.18312 7.18859 7.22090 7.21453 7.18323 7.27082 7.26245 7.23301 7.22718 7.21503 7.14220 7.17341 7.28930 7.39738 7.41335
3.61034 5.05278 5.46395 5.53792 5.49741 5.45096 5.60205 5.88052 5.94681 6.31912 6.62386 6.53547 6.23347 6.19803 6.27488 6.43771 6.64862 6.82830 6.53827 6.24863 6.44273 6.53008 6.78582 7.06104 7.13042 7.19675 7.27857 7.18407 7.12227 7.09682 6.99474 6.45267 6.29918 6.72656 6.88697 6.40548 5.82609 6.09239 6.84011 7.01766 7.01428 7.09717 7.13593 6.57515 6.47969 6.75866 6.99545 7.25171 7.27117 7.16767 6.98826 7.11202 7.12557 7.28139 7.30606 7.17638 7.18321 7.25425 7.28806 7.21198 7.07280 7.04393 7.06490 7.15547 7.31788 7.40996
2.76066 4.21687 5.34747 5.52083 5.50524 5.45076 5.55598 5.85005 6.13644 6.45486 6.69432 6.78153 6.68944 6.55118 6.47812 6.37362 6.63154 6.96792 6.66538 6.26957 6.44398 6.77151 6.95972 7.07897 7.14427 7.26716 7.31897 7.25263 7.10556 7.11040 7.05131 6.68352 6.35330 6.59547 6.73983 6.29180 5.88760 6.19633 6.96414 7.05524 7.07382 7.14580 7.13642 6.73107 6.67591 6.84271 7.12056 7.21135 7.19287 7.10628 6.95301 6.98910 7.19082 7.36957 7.40717 7.33627 7.26586 7.23875 7.24466 7.19883 7.16891 7.12773 7.04070 7.08653 7.26942 7.38670
2.43692 3.44230 5.17696 5.51970 5.55531 5.46163 5.42921 5.56443 5.90536 6.33708 6.62179 6.76507 6.67397 6.37121 6.26944 6.20328 6.53551 7.00611 6.82922 6.30548 6.33798 6.82677 7.01550 7.03476 7.13258 7.27208 7.29593 7.20238 6.94304 6.74329 6.62855 6.42994 6.44488 6.80414 6.59478 6.10398 6.01035 6.46412 7.05814 7.15249 7.19262 7.22054 7.10776 6.79965 6.79272 6.86500 6.94844 6.89487 6.75666 6.60583 6.60285 6.85437 7.17972 7.35325 7.39367 7.36961 7.34100 7.27728 7.18873 7.21657 7.29248 7.15867 7.02558 7.08701 7.25211 7.36121
2.16058 3.03242 5.10171 5.52994 5.57685 5.47695 5.33401 5.31266 5.54764 6.00857 6.50055 6.62164 6.32088 6.07955 6.06695 5.97391 6.29328 6.94062 7.02893 6.46574 6.18131 6.54806 6.87254 6.96360 7.02518 7.17672 7.19783 6.91093 6.46198 6.40345 6.38164 6.31567 6.58780 6.81266 6.41118 6.10258 6.25607 6.79266 7.17552 7.26454 7.27596 7.23282 6.93811 6.50895 6.41000 6.40924 6.34387 6.18472 6.04990 6.00251 6.02571 6.16462 6.55853 7.11751 7.21216 7.06099 7.07729 7.19804 7.16717 7.20375 7.31894 7.16085 7.07520 7.04567 7.08800 7.24053
