mrvbf_slope0.5_pctl1.3.asc
NCOLS 410
NROWS 410
XLLCORNER 2398750.0000000000000000
YLLCORNER 2548750.0000000000000000
CELLSIZE 250.0000000000000000
NODATA_VALUE -99999.00000
[rows 232 to 260 of 410, columns 330 to 395 of 410]
1.09385 1.47230 1.74309 2.40514 2.82167 3.26668 3.78227 3.78520 4.08106 4.21891 4.32042 4.38810 4.47495 4.51521 4.50572 4.47986 4.49762 4.46810 4.45484 4.49019 4.54590 4.59088 4.55436 4.36525 3.99725 3.77099 3.93170 4.29699 4.44746 4.50642 4.56659 4.60808 4.62149 4.62578 4.61559 4.62040 4.66598 4.70187 4.70838 4.74515 4.77511 4.77852 4.77936 4.77766 4.77241 4.76033 4.71210 4.64343 4.58627 4.50857 3.99091 2.81252 3.22978 3.29490 4.37368 4.49036 4.45469 4.31207 3.94325 2.66732 2.07471 2.41477 3.96787 4.42507 4.54538 4.51677
1.52178 1.57724 1.43675 1.69319 2.31835 2.63248 2.98150 3.23586 3.65393 4.02445 4.28731 4.34766 4.35533 4.34840 4.35443 4.42278 4.45589 4.46397 4.46127 4.41493 4.46963 4.52470 4.51407 4.45894 4.33404 3.94420 3.72645 3.85785 4.16237 4.27602 4.31394 4.38538 4.48722 4.51624 4.47541 4.42768 4.55473 4.63705 4.67415 4.71227 4.71951 4.73712 4.75186 4.74364 4.72805 4.71310 4.68670 4.61913 4.56543 4.44877 3.89409 2.84883 3.05043 3.29892 4.30546 4.43901 4.35164 3.62745 2.45201 2.08907 1.97880 3.33981 4.16708 4.28410 4.43715 4.35005
1.79704 1.58475 1.52930 1.30727 1.61815 2.09389 2.44992 2.63362 2.90489 3.59892 4.14006 4.15514 4.31854 4.29736 4.30158 4.39492 4.44408 4.46752 4.44691 4.39584 4.43785 4.44100 4.46429 4.47432 4.48866 4.34070 3.99466 3.70344 3.74987 3.75076 3.71992 3.81506 4.01248 4.17369 4.23172 4.33185 4.36781 4.52071 4.57852 4.63331 4.63829 4.66388 4.67582 4.67942 4.66158 4.64522 4.63926 4.57150 4.47235 4.28042 3.88184 2.96939 2.94561 3.20468 4.10618 4.18967 3.46504 2.36495 2.08199 2.25962 3.19642 4.02965 4.24163 4.31120 4.31812 4.26624
1.77144 1.80602 1.90135 1.51704 1.35379 1.62735 1.85702 2.13437 2.27573 2.58182 3.24714 3.91450 4.07949 4.02143 3.99720 4.27602 4.41185 4.36104 4.37827 4.35702 4.42798 4.43252 4.47787 4.45954 4.48497 4.39416 4.33267 4.01622 3.91560 3.80278 3.74460 3.71558 3.69390 3.75220 3.97317 4.19050 4.37285 4.47152 4.49788 4.53323 4.55163 4.56171 4.56687 4.58213 4.58610 4.58722 4.55417 4.46564 4.34841 4.20223 3.91859 3.21379 3.12397 3.57625 3.84086 3.01052 2.26294 2.06688 2.60167 3.48293 4.18244 4.29861 4.31290 4.41926 4.42545 4.41264
1.65306 1.71147 1.70278 1.57954 1.52139 1.92870 1.92749 1.84962 1.78423 1.90916 2.20432 2.72468 3.27208 3.45327 3.68291 4.07256 4.17414 4.05204 3.97987 4.15663 4.31100 4.38260 4.45701 4.41401 4.41462 4.36966 4.35056 4.39569 4.41315 4.35679 4.30404 4.28199 4.01409 3.74121 3.66324 3.89777 4.21384 4.31795 4.42060 4.44355 4.46560 4.49485 4.49861 4.49761 4.51299 4.53200 4.46183 4.37600 4.27797 4.14023 3.70447 3.27244 3.40711 3.21356 2.87555 2.10982 1.91218 2.66551 3.74345 4.14070 4.32533 4.36693 4.40897 4.45868 4.50955 4.49067
1.42042 1.46140 1.46004 1.55440 1.77765 2.09765 2.34337 2.25815 2.20262 2.03515 1.86771 2.10110 2.39718 2.74491 3.24783 3.71490 3.87988 4.06638 3.91237 3.85626 4.23900 4.35278 4.42441 4.35613 4.20842 4.35648 4.39927 4.46859 4.50440 4.47933 4.45746 4.44549 4.35569 4.11494 3.72998 3.69276 3.83146 3.76827 3.95350 4.17551 4.27085 4.39401 4.44783 4.45159 4.45534 4.44743 4.38486 4.28488 4.14452 3.88400 3.36557 3.26830 3.09830 2.51657 2.22051 1.93533 3.04320 3.95809 4.09490 4.31785 4.37125 4.36702 4.41463 4.43021 4.48339 4.45953
1.07114 1.12771 1.28742 1.47782 1.69363 1.94310 2.16379 2.36564 2.36614 2.37473 2.37442 2.05407 1.88306 2.05479 2.25951 2.55075 3.25750 3.76174 3.88314 3.62746 3.74800 4.00541 4.21917 4.26624 4.13866 4.19615 4.36282 4.37881 4.40962 4.45122 4.42278 4.43445 4.45350 4.35024 4.04928 3.75759 3.74921 3.66890 3.59342 3.66840 3.76182 3.92202 4.10535 4.21568 4.25633 4.13986 4.03303 3.83468 3.76063 3.49675 3.05707 2.78238 2.46267 2.42314 2.46812 2.77376 3.91690 4.15667 4.30837 4.39676 4.34639 4.29630 4.30468 4.35217 4.41129 4.33580
0.92184 1.14991 1.29832 1.38489 1.52308 1.66804 1.77714 1.94449 2.03641 2.17272 2.37816 2.19770 1.70049 1.75430 1.92910 1.83806 2.09557 2.52865 3.02999 3.50941 3.33783 3.54191 4.07104 4.19955 4.10582 3.98023 4.13195 4.18462 4.23639 4.39463 4.36426 4.42912 4.45334 4.42650 4.32982 3.98125 3.91046 3.98334 3.85071 3.74860 3.70331 3.67532 3.75586 3.75334 3.79903 3.61987 3.54843 3.46980 3.37673 3.12533 2.62769 2.22068 2.44643 3.04736 3.19376 3.58801 4.16905 4.28887 4.36051 4.30093 4.24685 4.32211 4.28146 4.29006 4.32416 4.32855
0.64864 1.13620 1.33984 1.35876 1.45289 1.55626 1.59965 1.56185 1.50954 1.74009 2.05455 2.10790 2.18410 2.23016 2.63021 2.34275 2.21693 2.09538 2.37825 3.16113 3.41969 3.35932 3.89600 3.85736 3.68334 3.53522 3.73591 3.68951 3.74375 4.03769 4.08744 4.28007 4.37933 4.34464 4.30539 4.14386 4.09408 4.08922 4.07524 4.06085 4.11319 4.07134 3.96778 3.77920 3.76352 3.63839 3.51017 3.47247 3.24017 2.71868 1.84095 1.87688 2.70212 3.54976 3.83901 3.72198 3.85124 4.08442 4.25557 4.20906 4.05045 4.18578 4.27039 4.33653 4.36010 4.42468
0.48737 0.98078 1.43111 1.45224 1.52579 1.53374 1.45492 1.19163 0.95210 1.40271 1.81555 2.01624 2.18796 2.27158 2.56219 2.62892 2.50553 2.61073 2.78954 3.26173 3.60821 3.42150 3.68850 3.56866 2.96121 2.38162 3.00609 2.63996 2.56659 3.14967 3.44124 3.70515 3.88016 3.82460 3.89701 3.99466 3.89638 3.99039 4.10843 4.21061 4.32262 4.33468 4.22250 4.13140 4.00623 3.81490 3.73322 3.65080 3.04370 2.10179 1.50614 2.43635 3.16904 3.72090 3.95182 4.10990 4.16004 4.10599 4.22784 4.20177 3.85740 3.79893 4.20981 4.41124 4.41968 4.46021
0.83020 0.96655 1.50732 1.59581 1.57913 1.47294 1.33599 1.25437 1.18096 1.48875 1.95868 2.19340 2.14588 2.01433 2.26499 2.51440 2.75216 2.85298 2.92932 3.42135 3.66560 3.61851 3.52439 3.15793 2.20739 2.12876 2.46146 2.20990 2.04147 2.08679 2.15207 2.67447 2.80682 2.69306 3.07314 3.43953 3.56351 3.64551 3.95022 4.02161 4.13438 4.27697 4.25752 4.17698 4.22233 4.04439 3.46852 2.95603 2.38957 1.72028 2.30820 3.30324 3.86859 3.89999 4.01949 4.17311 4.06713 3.91487 4.02045 3.97832 3.94551 3.77990 3.94967 4.24857 4.28522 4.40986
1.48812 1.22201 1.48562 1.63496 1.61164 1.47173 1.25588 1.23873 1.47512 1.90427 2.43739 2.50512 2.21589 1.92805 2.07339 2.31822 2.52693 2.74524 2.95907 3.26502 3.45530 3.55113 3.53369 3.29415 2.83369 2.45826 3.08993 3.34533 3.26875 2.79336 1.67600 2.03235 2.16405 1.81582 1.69211 2.03516 2.46219 2.87055 3.37126 3.62005 3.74304 3.99705 4.15611 4.15902 4.15037 3.49581 2.64961 2.17802 1.70625 1.82447 2.73687 3.72279 3.85701 3.78225 3.95262 3.94593 3.90619 3.95536 3.98621 4.14004 4.03950 4.12012 4.08679 4.28274 4.23298 4.18559
1.48560 1.24811 1.31190 1.44796 1.45971 1.44659 1.24992 1.37693 1.76595 2.22583 2.79245 2.57168 2.21318 1.80348 1.96085 2.16335 2.31271 2.44546 2.53527 2.59205 2.65168 2.87437 3.13922 3.23348 2.99029 2.75341 3.03806 3.02162 3.08365 3.21425 2.73483 2.49743 2.28400 1.78512 1.45198 1.28956 1.38845 1.66498 2.28476 2.69011 2.82691 3.18758 3.50449 3.65385 3.28187 2.52203 1.97960 1.29440 1.64067 2.41412 2.86732 3.35653 3.22249 3.23841 3.54683 3.58573 3.74132 4.01086 4.14564 4.21593 4.18305 4.09690 4.16418 4.30397 4.30241 4.24707
1.20671 1.12439 1.03259 0.98640 0.94222 1.28178 1.34428 1.42300 1.84962 2.32182 2.66783 2.39286 2.25568 1.84315 1.82215 2.11762 2.26517 2.37370 2.43403 2.41878 2.35222 2.38637 2.51209 2.55333 2.33544 2.36104 2.48637 2.75565 2.89549 2.88570 2.90240 2.68261 1.95562 1.62245 1.23583 1.15945 1.35616 1.31930 1.49958 1.63288 1.76409 2.18460 2.47619 2.55683 2.41209 1.94554 1.53856 1.55913 2.39532 2.84954 2.80309 2.98784 2.99254 3.14942 3.18432 3.54842 3.68380 3.86036 4.19779 4.18570 4.14200 4.11339 4.14102 4.37524 4.38816 4.28587
1.25194 1.21893 1.04777 0.91581 0.85683 1.21065 1.40976 1.45167 1.80275 2.11166 2.47910 2.43056 2.82953 2.62155 2.21954 2.34152 2.56261 2.68475 2.73870 2.74055 2.68195 2.55172 2.47104 2.33677 2.00826 2.26213 2.70684 2.96647 2.71688 2.55467 2.70806 2.43691 1.99240 1.40310 0.87675 0.92532 1.50404 1.64740 1.47229 1.17390 0.98584 1.24846 1.51879 1.68818 1.80717 1.69345 1.60333 1.93130 2.29760 2.97456 2.95788 2.94855 3.17064 3.19872 3.41490 3.47645 3.50937 3.50020 4.03616 4.25534 4.03331 4.07628 4.27224 4.30100 4.32599 4.17202
1.21834 1.13083 1.07109 1.05522 1.23611 1.45304 1.47836 1.47188 1.63305 1.99624 2.67247 2.89941 3.34866 3.32347 2.90912 2.96036 3.20739 3.36689 3.44318 3.52415 3.60519 3.35005 3.12910 3.13440 3.35932 3.25180 3.29953 3.35369 2.89525 2.35578 2.27098 2.00438 1.53577 0.57486 0.33958 0.53205 1.12632 1.49786 1.57788 1.27358 1.09740 0.86801 0.82988 1.06958 1.54996 1.78396 2.00632 1.96811 2.56961 3.20095 3.28690 3.15833 3.18814 3.55429 3.94570 3.75653 3.58611 3.23641 3.49224 3.93008 3.87543 4.09847 4.27841 4.27243 4.06002 3.99736
1.04379 1.01848 1.02308 1.19624 1.47008 1.58174 1.57491 1.51889 1.64564 2.01410 2.94750 3.13003 3.48468 3.47468 3.10260 3.15829 3.48704 3.85112 4.06968 4.09315 4.11271 4.09772 3.97928 3.99431 4.15666 3.91120 3.64272 3.41414 2.88687 2.33973 2.11926 1.89162 1.44769 0.58194 0.37615 0.51886 1.06312 1.29596 1.39737 1.07984 0.68619 0.94415 0.98727 1.01482 1.24744 1.53587 1.76245 1.86506 2.28973 2.79979 3.14032 3.44171 3.68534 3.91713 4.09419 3.98263 3.84825 3.32240 3.02578 3.27098 3.29045 3.56447 3.83107 3.86403 3.81907 3.80692
0.86700 0.88578 0.93004 1.21518 1.50463 1.61546 1.60044 1.55677 1.84244 2.20864 2.94156 3.05702 3.34829 3.21299 2.98349 3.21841 3.69993 4.15241 4.31868 4.34178 4.37840 4.43164 4.42573 4.40316 4.32478 4.05296 3.68592 3.37405 2.99583 2.65131 2.53560 2.38602 2.00898 1.22153 1.03378 1.71352 1.53499 1.36773 1.24555 1.01389 0.42888 0.73098 1.03547 0.98670 0.85024 0.94959 1.31812 1.37340 1.59786 2.09493 2.51621 2.93136 3.60030 3.71586 3.67890 3.95577 4.25107 3.99418 3.24684 3.10237 3.13910 3.68017 4.04476 3.97835 4.04715 3.97483
0.80174 0.81858 0.79233 1.08708 1.45279 1.61095 1.62399 1.56436 1.76588 1.99274 2.43145 2.86018 3.00891 2.88668 3.00864 3.42586 4.01674 4.37830 4.47314 4.49923 4.51998 4.53853 4.53671 4.49725 4.37449 4.08763 3.76457 3.61739 3.70807 3.63912 3.63048 3.64901 3.14483 1.83939 1.35367 1.64923 1.63169 1.58691 1.53879 1.45263 1.18018 1.16068 1.32922 1.21487 0.89750 0.77944 0.86014 0.88271 1.00944 1.56482 2.01498 2.38229 2.82992 3.63123 3.94697 3.98165 4.13314 3.98349 3.58740 3.23777 3.52164 3.84094 4.10363 4.21600 4.19606 4.03813
0.68492 0.69266 0.66533 0.82097 1.22713 1.54465 1.63030 1.63397 1.60354 1.71161 2.06945 2.56687 2.71716 2.88922 3.23432 3.73587 4.26574 4.47076 4.54250 4.57112 4.58527 4.58141 4.56079 4.50457 4.37906 4.17176 3.96139 3.83633 3.86335 3.95026 4.01154 3.93790 3.49327 2.15481 1.41902 0.95045 1.35562 1.62917 1.59929 1.55878 1.99344 2.55333 2.21150 1.86891 1.25262 0.81124 0.88649 1.05975 1.35729 1.95164 2.24542 2.40167 2.64887 3.35353 3.59405 3.37134 3.30216 3.27117 3.30165 3.41621 3.71965 3.69819 3.94609 4.10063 4.01140 3.94698
0.60026 0.66224 0.60210 0.68496 1.00174 1.47079 1.58256 1.65814 1.67821 1.74880 2.00235 2.34795 2.66835 3.13518 3.60504 4.13155 4.40800 4.50641 4.55329 4.58392 4.60422 4.59487 4.56074 4.49625 4.40373 4.28685 4.11397 3.89888 3.75170 3.78686 3.91332 3.95745 3.47913 2.08063 1.39027 0.70645 1.48287 1.61708 1.40280 1.29504 1.64644 1.98220 2.36671 2.84800 2.53502 1.30469 0.95836 1.08962 1.46507 2.45759 3.01874 2.67177 2.72379 3.20122 3.02191 2.90511 3.05735 3.37183 3.74174 4.02546 4.10467 3.96550 4.02062 4.03703 3.99052 4.07837
0.80768 0.81070 0.54960 0.60408 0.89964 1.41552 1.57271 1.62592 1.68918 1.79471 1.98152 2.30363 2.78770 3.50361 4.05539 4.35000 4.47003 4.52697 4.56326 4.59123 4.60861 4.60493 4.57829 4.52605 4.45783 4.36950 4.23425 4.04381 3.85117 3.73688 3.73888 3.67914 2.96187 1.83787 1.36966 1.21525 1.47326 1.24179 0.97719 0.89545 0.88538 1.09582 1.70522 2.51984 2.79048 1.81443 0.99502 1.08177 1.41979 2.28611 3.22291 2.94370 2.91265 3.01938 2.80271 2.84887 3.22157 3.77340 4.19643 4.28204 4.22706 4.28358 4.35543 4.28564 4.22825 4.34636
0.69344 0.63133 0.55084 0.67322 1.18543 1.50410 1.61320 1.59511 1.65584 1.81324 1.98470 2.30457 2.83635 3.68978 4.26368 4.41862 4.48980 4.53730 4.57197 4.59744 4.61131 4.61408 4.60211 4.57197 4.52339 4.46895 4.40397 4.31631 4.15571 3.85615 3.59566 3.39322 2.75644 1.86048 1.52682 1.49703 1.39544 0.95042 0.76115 0.75230 0.71210 0.82797 1.34181 1.91812 2.18472 1.81888 1.36721 1.36039 1.54313 2.21393 3.07607 3.32456 3.41614 3.11578 2.88139 3.03879 3.45831 3.77693 4.09384 4.21132 4.25038 4.41491 4.50130 4.41072 4.32371 4.42701
0.68298 0.67700 0.75180 1.31858 1.59608 1.69921 1.67589 1.56182 1.56904 1.79046 1.99972 2.27455 2.77357 3.62325 4.24314 4.41788 4.49201 4.54203 4.57705 4.60123 4.61374 4.61910 4.61959 4.60565 4.58108 4.55425 4.52435 4.47709 4.32934 3.93316 3.52950 3.32215 2.98218 2.03333 1.53236 1.34666 1.09398 0.73997 0.70245 0.87509 0.87582 0.82494 1.38975 1.85460 2.08959 1.91651 1.67850 1.67850 1.79952 2.30259 3.10277 3.80482 3.96602 3.40226 3.02141 3.11035 3.36576 3.40499 3.65220 3.95670 4.22570 4.46378 4.56301 4.52499 4.39877 4.37267
1.20455 1.29667 1.58857 1.79490 1.89414 2.00494 1.72730 1.47382 1.47268 1.78933 2.02620 2.26212 2.70804 3.52437 4.17913 4.40193 4.48383 4.53811 4.57563 4.60091 4.61480 4.62300 4.62663 4.62462 4.61626 4.60126 4.58030 4.50583 4.31504 3.89297 3.50923 3.21838 2.62816 1.77148 1.47953 1.32951 0.87356 0.65145 0.67799 1.09721 0.90326 0.73618 0.99481 1.68046 1.87066 1.95264 1.88401 1.86512 1.91620 2.41578 3.46191 4.13308 4.04343 3.42940 2.96057 2.97189 3.28893 3.17415 3.12179 3.34490 3.80754 4.33710 4.54069 4.56775 4.48175 4.37764
1.97222 1.87743 1.88640 2.01085 2.16484 1.99451 1.62537 1.22517 1.33351 1.75781 2.03544 2.25879 2.66277 3.49177 4.17941 4.37323 4.46436 4.52364 4.56418 4.59270 4.61315 4.62506 4.63166 4.63221 4.62493 4.60909 4.58585 4.49783 4.27268 3.85983 3.54354 3.23227 2.51186 1.76783 1.50444 1.33472 0.92364 0.63169 0.60679 0.84316 0.72369 0.51921 0.54388 0.65250 1.41441 1.78704 1.92797 1.91561 2.02501 2.70788 3.67117 3.88301 3.78313 3.32599 2.81337 2.96259 3.69332 3.60218 3.23769 2.95327 3.12570 3.84048 4.40985 4.54835 4.50220 4.37516
1.98948 1.96845 1.94348 2.04635 2.06722 1.80408 1.34491 0.81353 0.66764 1.48138 2.00902 2.26088 2.61990 3.39212 4.04949 4.32784 4.43170 4.49922 4.54567 4.57943 4.60556 4.62414 4.63416 4.63623 4.62878 4.61188 4.58748 4.49636 4.26596 3.87259 3.60770 3.40905 2.90520 1.92345 1.38868 1.23528 1.02981 0.74843 0.63803 0.54715 0.45326 0.33824 0.27661 0.37659 0.56505 1.59654 1.86682 1.94339 2.00700 2.29750 2.69357 2.97328 3.23594 3.33097 2.89934 2.80125 3.59373 3.99809 3.92260 3.18899 2.71518 3.08979 3.96323 4.45837 4.52763 4.41889
1.31591 1.58927 1.82339 1.94850 1.94305 1.69102 1.00900 0.63933 0.42358 1.38299 2.04325 2.26979 2.55474 3.14074 3.71518 4.18007 4.38291 4.46490 4.52140 4.56249 4.59415 4.61852 4.63255 4.63479 4.62733 4.61052 4.58648 4.50108 4.29450 3.93614 3.70022 3.59136 3.35738 2.47082 1.49542 1.27304 1.11099 0.90785 0.74327 0.57800 0.37474 0.22760 0.20122 0.27914 0.44391 1.33858 1.80563 1.94898 1.97936 2.02587 2.13427 2.31564 2.51005 2.89058 3.28627 3.14588 3.35143 3.84023 4.04408 3.74354 2.87006 2.71361 3.31588 4.21015 4.52330 4.51497
0.70933 0.94324 1.58631 1.85606 1.89978 1.79141 1.43644 1.27047 1.40404 1.90075 2.20896 2.29232 2.49752 2.86730 3.37991 3.80766 4.22933 4.41917 4.49080 4.54172 4.58007 4.60941 4.62562 4.62834 4.62147 4.60525 4.58216 4.50125 4.31787 4.03025 3.86677 3.78693 3.58570 3.18054 2.32451 1.82701 1.62339 1.19896 1.05338 0.65245 0.46933 0.30004 0.24646 0.38210 0.52769 1.41308 1.92520 1.96548 1.94100 1.92936 1.97697 2.03784 2.07985 2.17279 2.62713 3.36601 3.62755 3.70321 3.73947 3.82377 3.63967 2.79542 2.99853 3.86710 4.47007 4.55350
