mrvbf_slope1.4_pctl0.9.asc
NCOLS 410
NROWS 410
XLLCORNER 2398750.0000000000000000
YLLCORNER 2548750.0000000000000000
CELLSIZE 250.0000000000000000
NODATA_VALUE -99999.00000
[rows 87 to 115 of 410, columns 66 to 131 of 410]
7.84307 7.84235 7.84167 7.84189 7.84251 7.84218 7.84137 7.83889 7.83802 7.83555 7.83454 7.83680 7.83838 7.83784 7.83817 7.84011 7.84107 7.84092 7.84027 7.83884 7.83708 7.83686 7.83777 7.83841 7.83866 7.83851 7.83815 7.83791 7.83743 7.83651 7.83505 7.83323 7.83205 7.83187 7.83244 7.83287 7.83267 7.83193 7.83263 7.83309 7.83327 7.83341 7.83356 7.83377 7.83401 7.83454 7.83477 7.83387 7.83317 7.83280 7.83261 7.83293 7.83375 7.83425 7.83444 7.83444 7.83427 7.83413 7.83432 7.83444 7.83410 7.83274 7.83092 7.83145 7.83191 7.83040
7.84135 7.84127 7.84079 7.84098 7.84151 7.84123 7.84073 7.84003 7.83917 7.83859 7.83837 7.83685 7.83736 7.83754 7.83890 7.84030 7.84045 7.83981 7.83846 7.83693 7.83663 7.83756 7.83823 7.83837 7.83833 7.83805 7.83764 7.83709 7.83620 7.83469 7.83284 7.83176 7.83161 7.83196 7.83259 7.83262 7.83106 7.82984 7.83082 7.83143 7.83162 7.83169 7.83212 7.83298 7.83371 7.83426 7.83452 7.83408 7.83341 7.83299 7.83295 7.83344 7.83404 7.83387 7.83376 7.83406 7.83410 7.83409 7.83423 7.83411 7.83383 7.83329 7.83297 7.83286 7.83250 7.83143
7.84011 7.83982 7.83940 7.83939 7.83920 7.83837 7.83920 7.84053 7.84030 7.83922 7.83893 7.83752 7.83796 7.83870 7.83982 7.83997 7.83922 7.83783 7.83654 7.83638 7.83708 7.83776 7.83799 7.83796 7.83777 7.83748 7.83713 7.83644 7.83518 7.83349 7.83215 7.83192 7.83213 7.83266 7.83289 7.83212 7.82929 7.82973 7.83095 7.83132 7.83143 7.83151 7.83185 7.83257 7.83327 7.83374 7.83393 7.83378 7.83349 7.83328 7.83336 7.83372 7.83378 7.83311 7.83323 7.83384 7.83391 7.83387 7.83380 7.83360 7.83314 7.83260 7.83245 7.83245 7.83199 7.83064
7.84071 7.83984 7.83911 7.83849 7.83705 7.83664 7.83801 7.83937 7.83927 7.83844 7.83825 7.83774 7.83838 7.83926 7.83934 7.83842 7.83693 7.83595 7.83602 7.83673 7.83731 7.83753 7.83752 7.83739 7.83714 7.83687 7.83647 7.83571 7.83430 7.83273 7.83204 7.83231 7.83272 7.83299 7.83269 7.83090 7.82925 7.83094 7.83208 7.83228 7.83242 7.83262 7.83272 7.83293 7.83324 7.83344 7.83352 7.83352 7.83347 7.83347 7.83356 7.83368 7.83331 7.83234 7.83265 7.83336 7.83343 7.83338 7.83327 7.83302 7.83238 7.83186 7.83153 7.83121 7.82999 7.82774
7.84013 7.83996 7.83941 7.83836 7.83748 7.83806 7.83781 7.83766 7.83759 7.83784 7.83842 7.83846 7.83797 7.83814 7.83727 7.83552 7.83506 7.83568 7.83642 7.83691 7.83710 7.83707 7.83695 7.83674 7.83650 7.83619 7.83573 7.83501 7.83361 7.83200 7.83144 7.83178 7.83246 7.83272 7.83220 7.83053 7.82968 7.83091 7.83217 7.83282 7.83316 7.83334 7.83333 7.83340 7.83349 7.83350 7.83350 7.83351 7.83351 7.83351 7.83346 7.83321 7.83254 7.83167 7.83219 7.83288 7.83290 7.83280 7.83262 7.83236 7.83193 7.83115 7.83075 7.82978 7.82769 7.82675
7.83874 7.83931 7.83904 7.83756 7.83737 7.83787 7.83697 7.83633 7.83636 7.83727 7.83828 7.83784 7.83671 7.83595 7.83461 7.83427 7.83533 7.83614 7.83654 7.83660 7.83655 7.83644 7.83627 7.83603 7.83573 7.83535 7.83483 7.83414 7.83292 7.83131 7.83055 7.83105 7.83204 7.83224 7.83159 7.83024 7.82970 7.83062 7.83196 7.83289 7.83327 7.83327 7.83330 7.83344 7.83349 7.83345 7.83342 7.83338 7.83332 7.83325 7.83300 7.83239 7.83156 7.83145 7.83218 7.83240 7.83224 7.83200 7.83174 7.83147 7.83112 7.83030 7.82905 7.82774 7.82735 7.82831
7.83800 7.83779 7.83706 7.83601 7.83637 7.83652 7.83535 7.83485 7.83525 7.83664 7.83788 7.83685 7.83509 7.83398 7.83403 7.83518 7.83587 7.83602 7.83606 7.83597 7.83581 7.83563 7.83541 7.83513 7.83477 7.83423 7.83348 7.83263 7.83153 7.83036 7.82993 7.83070 7.83159 7.83158 7.83083 7.82980 7.82957 7.83048 7.83182 7.83274 7.83299 7.83301 7.83316 7.83322 7.83320 7.83315 7.83307 7.83299 7.83289 7.83275 7.83237 7.83167 7.83127 7.83170 7.83193 7.83169 7.83127 7.83083 7.83049 7.83029 7.82992 7.82827 7.82620 7.82637 7.82817 7.82956
7.83805 7.83657 7.83473 7.83502 7.83675 7.83562 7.83415 7.83348 7.83419 7.83603 7.83715 7.83545 7.83358 7.83384 7.83477 7.83527 7.83541 7.83542 7.83537 7.83513 7.83476 7.83449 7.83428 7.83399 7.83347 7.83254 7.83154 7.83070 7.82997 7.82969 7.82977 7.83030 7.83100 7.83099 7.83031 7.82947 7.82944 7.83044 7.83169 7.83244 7.83259 7.83272 7.83285 7.83282 7.83277 7.83269 7.83260 7.83250 7.83238 7.83218 7.83176 7.83115 7.83115 7.83142 7.83117 7.83054 7.82951 7.82841 7.82785 7.82785 7.82766 7.82601 7.82556 7.82763 7.82869 7.82923
7.83778 7.83621 7.83431 7.83451 7.83591 7.83553 7.83335 7.83220 7.83320 7.83543 7.83642 7.83454 7.83297 7.83367 7.83436 7.83452 7.83455 7.83458 7.83437 7.83387 7.83332 7.83284 7.83253 7.83215 7.83140 7.83046 7.82996 7.82952 7.82919 7.82931 7.82952 7.83004 7.83084 7.83092 7.83017 7.82929 7.82943 7.83049 7.83147 7.83198 7.83209 7.83229 7.83240 7.83233 7.83223 7.83211 7.83198 7.83185 7.83170 7.83146 7.83103 7.83041 7.83030 7.83045 7.82990 7.82820 7.82567 7.82408 7.82378 7.82443 7.82569 7.82663 7.82699 7.82746 7.82821 7.82894
7.83723 7.83623 7.83445 7.83422 7.83530 7.83492 7.83239 7.83093 7.83242 7.83495 7.83558 7.83396 7.83244 7.83270 7.83336 7.83358 7.83355 7.83335 7.83277 7.83214 7.83165 7.83110 7.83055 7.82996 7.82944 7.82931 7.82925 7.82891 7.82857 7.82846 7.82861 7.82951 7.83076 7.83093 7.83005 7.82897 7.82911 7.82998 7.83073 7.83130 7.83153 7.83173 7.83185 7.83173 7.83156 7.83139 7.83121 7.83101 7.83070 7.83032 7.82994 7.82932 7.82888 7.82883 7.82775 7.82473 7.82214 7.82202 7.82237 7.82297 7.82469 7.82731 7.82809 7.82807 7.82831 7.82823
7.83658 7.83584 7.83441 7.83414 7.83494 7.83410 7.83149 7.83013 7.83239 7.83480 7.83513 7.83364 7.83175 7.83153 7.83233 7.83254 7.83222 7.83140 7.83054 7.83028 7.83023 7.82990 7.82944 7.82903 7.82895 7.82913 7.82907 7.82875 7.82831 7.82784 7.82777 7.82861 7.83023 7.83105 7.83032 7.82882 7.82801 7.82837 7.82930 7.83029 7.83089 7.83103 7.83113 7.83100 7.83075 7.83043 7.82998 7.82949 7.82913 7.82898 7.82877 7.82819 7.82754 7.82716 7.82600 7.82318 7.82256 7.82406 7.82455 7.82384 7.82343 7.82603 7.82825 7.82879 7.82857 7.82731
7.83585 7.83495 7.83377 7.83413 7.83462 7.83341 7.83104 7.83014 7.83238 7.83425 7.83432 7.83274 7.83066 7.83027 7.83075 7.83073 7.83004 7.82868 7.82828 7.82891 7.82932 7.82938 7.82923 7.82921 7.82931 7.82953 7.82966 7.82930 7.82868 7.82855 7.82900 7.82913 7.82951 7.83080 7.83077 7.82972 7.82830 7.82749 7.82794 7.82904 7.82996 7.83009 7.82998 7.82975 7.82911 7.82792 7.82707 7.82729 7.82789 7.82823 7.82803 7.82736 7.82656 7.82614 7.82569 7.82421 7.82392 7.82556 7.82678 7.82578 7.82332 7.82396 7.82707 7.82823 7.82812 7.82658
7.83499 7.83393 7.83328 7.83400 7.83403 7.83278 7.83092 7.83024 7.83192 7.83327 7.83306 7.83139 7.82926 7.82837 7.82821 7.82766 7.82679 7.82590 7.82687 7.82824 7.82863 7.82910 7.82953 7.82985 7.83003 7.83020 7.83027 7.82965 7.82897 7.82917 7.82964 7.82902 7.82957 7.83072 7.83071 7.83022 7.82933 7.82799 7.82716 7.82775 7.82874 7.82914 7.82894 7.82843 7.82739 7.82630 7.82645 7.82734 7.82817 7.82849 7.82816 7.82738 7.82646 7.82611 7.82643 7.82585 7.82502 7.82576 7.82706 7.82677 7.82468 7.82319 7.82505 7.82720 7.82761 7.82629
7.83395 7.83315 7.83285 7.83329 7.83321 7.83228 7.83077 7.82985 7.83077 7.83164 7.83118 7.82917 7.82693 7.82645 7.82537 7.82424 7.82406 7.82450 7.82598 7.82754 7.82781 7.82893 7.82972 7.83005 7.83029 7.83036 7.83030 7.82978 7.82924 7.82925 7.82923 7.82907 7.82995 7.83040 7.83000 7.82942 7.82897 7.82814 7.82706 7.82694 7.82757 7.82813 7.82830 7.82808 7.82759 7.82744 7.82778 7.82780 7.82823 7.82859 7.82830 7.82771 7.82706 7.82636 7.82671 7.82646 7.82536 7.82559 7.82670 7.82693 7.82585 7.82400 7.82366 7.82581 7.82697 7.82610
7.83260 7.83230 7.83210 7.83225 7.83223 7.83161 7.83017 7.82857 7.82822 7.82834 7.82787 7.82601 7.82443 7.82389 7.82333 7.82437 7.82451 7.82503 7.82533 7.82555 7.82682 7.82836 7.82906 7.82954 7.82999 7.83013 7.83004 7.82969 7.82944 7.82943 7.82928 7.82952 7.82989 7.82951 7.82851 7.82784 7.82791 7.82807 7.82755 7.82664 7.82640 7.82680 7.82727 7.82753 7.82725 7.82626 7.82546 7.82547 7.82611 7.82671 7.82684 7.82680 7.82693 7.82581 7.82587 7.82618 7.82526 7.82545 7.82643 7.82658 7.82582 7.82439 7.82349 7.82493 7.82606 7.82481
7.83060 7.83076 7.83080 7.83084 7.83069 7.83004 7.82872 7.82644 7.82379 7.82269 7.82353 7.82361 7.82360 7.82393 7.82468 7.82519 7.82530 7.82578 7.82610 7.82574 7.82626 7.82750 7.82815 7.82896 7.82930 7.82960 7.82948 7.82915 7.82922 7.82951 7.82948 7.82955 7.82927 7.82825 7.82735 7.82734 7.82749 7.82795 7.82793 7.82676 7.82555 7.82547 7.82603 7.82644 7.82602 7.82479 7.82427 7.82452 7.82463 7.82461 7.82485 7.82486 7.82490 7.82475 7.82541 7.82536 7.82458 7.82525 7.82632 7.82616 7.82513 7.82389 7.82362 7.82464 7.82432 7.82225
7.82769 7.82796 7.82801 7.82801 7.82785 7.82726 7.82620 7.82385 7.81984 7.81954 7.82135 7.82291 7.82394 7.82463 7.82543 7.82581 7.82609 7.82616 7.82669 7.82747 7.82759 7.82735 7.82735 7.82819 7.82895 7.82907 7.82867 7.82820 7.82838 7.82874 7.82900 7.82910 7.82856 7.82755 7.82684 7.82688 7.82690 7.82750 7.82772 7.82706 7.82576 7.82480 7.82507 7.82567 7.82544 7.82507 7.82545 7.82567 7.82533 7.82445 7.82411 7.82407 7.82380 7.82420 7.82479 7.82367 7.82342 7.82474 7.82572 7.82544 7.82433 7.82327 7.82349 7.82441 7.82270 7.82190
7.82338 7.82343 7.82328 7.82363 7.82411 7.82443 7.82364 7.82218 7.82187 7.82217 7.82205 7.82322 7.82457 7.82548 7.82609 7.82639 7.82679 7.82650 7.82635 7.82662 7.82704 7.82710 7.82697 7.82805 7.82839 7.82840 7.82771 7.82728 7.82790 7.82799 7.82797 7.82824 7.82789 7.82754 7.82679 7.82619 7.82642 7.82700 7.82701 7.82683 7.82608 7.82493 7.82427 7.82504 7.82551 7.82566 7.82604 7.82607 7.82586 7.82512 7.82447 7.82433 7.82403 7.82361 7.82275 7.82189 7.82291 7.82432 7.82483 7.82421 7.82311 7.82238 7.82314 7.82412 7.82275 7.82096
7.82071 7.82090 7.82065 7.82203 7.82345 7.82452 7.82461 7.82480 7.82585 7.82578 7.82486 7.82468 7.82515 7.82594 7.82663 7.82689 7.82720 7.82705 7.82666 7.82629 7.82652 7.82689 7.82701 7.82748 7.82739 7.82713 7.82667 7.82655 7.82735 7.82766 7.82720 7.82691 7.82716 7.82678 7.82665 7.82644 7.82618 7.82613 7.82605 7.82601 7.82584 7.82544 7.82424 7.82396 7.82516 7.82546 7.82577 7.82577 7.82560 7.82508 7.82472 7.82456 7.82419 7.82325 7.82118 7.81972 7.82141 7.82346 7.82412 7.82332 7.82186 7.82122 7.82238 7.82371 7.82368 7.82227
7.82025 7.82263 7.82341 7.82430 7.82544 7.82616 7.82656 7.82671 7.82675 7.82673 7.82656 7.82629 7.82605 7.82624 7.82641 7.82612 7.82630 7.82680 7.82711 7.82690 7.82677 7.82682 7.82692 7.82677 7.82557 7.82492 7.82532 7.82518 7.82601 7.82632 7.82636 7.82651 7.82684 7.82652 7.82637 7.82623 7.82600 7.82584 7.82531 7.82476 7.82464 7.82480 7.82467 7.82312 7.82386 7.82473 7.82510 7.82502 7.82482 7.82458 7.82466 7.82454 7.82416 7.82344 7.82174 7.81883 7.81867 7.82110 7.82266 7.82256 7.82106 7.82023 7.82155 7.82315 7.82360 7.82321
7.82024 7.82406 7.82506 7.82540 7.82627 7.82649 7.82666 7.82677 7.82677 7.82672 7.82661 7.82644 7.82618 7.82598 7.82513 7.82433 7.82433 7.82520 7.82603 7.82661 7.82656 7.82626 7.82568 7.82501 7.82432 7.82330 7.82241 7.82408 7.82484 7.82491 7.82517 7.82570 7.82604 7.82559 7.82525 7.82506 7.82515 7.82496 7.82417 7.82364 7.82399 7.82398 7.82354 7.82284 7.82250 7.82321 7.82388 7.82408 7.82418 7.82429 7.82436 7.82421 7.82389 7.82337 7.82228 7.81997 7.81830 7.81895 7.82006 7.82048 7.81969 7.81946 7.82120 7.82273 7.82296 7.82235
7.82181 7.82538 7.82587 7.82615 7.82618 7.82606 7.82594 7.82612 7.82629 7.82626 7.82609 7.82577 7.82540 7.82487 7.82388 7.82286 7.82382 7.82315 7.82362 7.82480 7.82508 7.82464 7.82317 7.82168 7.82144 7.82156 7.82309 7.82338 7.82388 7.82410 7.82437 7.82452 7.82362 7.82257 7.82224 7.82221 7.82318 7.82340 7.82288 7.82228 7.82303 7.82307 7.82259 7.82319 7.82266 7.82234 7.82254 7.82306 7.82368 7.82389 7.82385 7.82371 7.82346 7.82304 7.82226 7.82077 7.81908 7.81823 7.81800 7.81790 7.81816 7.81972 7.82151 7.82227 7.82170 7.81993
7.82323 7.82563 7.82625 7.82572 7.82526 7.82520 7.82495 7.82492 7.82514 7.82521 7.82487 7.82418 7.82360 7.82347 7.82335 7.82118 7.81962 7.82049 7.82257 7.82191 7.82218 7.82175 7.82105 7.82149 7.82139 7.82148 7.82224 7.82076 7.82063 7.82162 7.82350 7.82243 7.82143 7.82125 7.82154 7.82127 7.82106 7.82229 7.82167 7.82016 7.82111 7.82263 7.82268 7.82191 7.82169 7.82193 7.82271 7.82261 7.82256 7.82319 7.82325 7.82313 7.82292 7.82261 7.82213 7.82127 7.82005 7.81899 7.81847 7.81854 7.81944 7.82068 7.82131 7.82129 7.81969 7.81773
7.82302 7.82513 7.82497 7.82378 7.82373 7.82399 7.82385 7.82362 7.82358 7.82358 7.82318 7.82245 7.82197 7.82191 7.82085 7.81957 7.81965 7.81896 7.81923 7.81997 7.82012 7.81998 7.82059 7.82157 7.82055 7.82073 7.81957 7.81757 7.81729 7.81769 7.82154 7.82148 7.82106 7.82198 7.82159 7.82020 7.82038 7.82021 7.81945 7.82014 7.81940 7.82116 7.82177 7.82075 7.82052 7.82134 7.82207 7.82195 7.82203 7.82236 7.82259 7.82248 7.82230 7.82208 7.82178 7.82135 7.82076 7.82019 7.81976 7.81927 7.81862 7.81924 7.82007 7.82032 7.81888 7.81740
7.82264 7.82406 7.82280 7.82229 7.82301 7.82344 7.82336 7.82299 7.82274 7.82280 7.82284 7.82250 7.82226 7.82156 7.81973 7.81682 7.81550 7.81814 7.81919 7.81913 7.81896 7.81902 7.81977 7.82031 7.81958 7.81944 7.81735 7.81674 7.81829 7.81533 7.81924 7.82094 7.82035 7.82135 7.82167 7.82020 7.81931 7.81859 7.81828 7.81732 7.81828 7.81890 7.81966 7.81952 7.82006 7.82091 7.82161 7.82154 7.82171 7.82150 7.82184 7.82177 7.82161 7.82143 7.82124 7.82099 7.82069 7.82033 7.81946 7.81805 7.81798 7.81881 7.81887 7.81953 7.81869 7.81687
7.82268 7.82279 7.82194 7.82275 7.82359 7.82380 7.82378 7.82336 7.82294 7.82313 7.82350 7.82316 7.82272 7.82214 7.81999 7.81735 7.81634 7.81853 7.81951 7.81894 7.81864 7.81869 7.81894 7.81903 7.81880 7.81865 7.81834 7.81871 7.81717 7.81565 7.81954 7.82091 7.82003 7.82068 7.82160 7.82078 7.81969 7.81970 7.81991 7.81874 7.81724 7.81690 7.81762 7.81842 7.81999 7.82065 7.82097 7.82083 7.82100 7.82085 7.82097 7.82079 7.82057 7.82054 7.82053 7.82035 7.82011 7.81975 7.81877 7.81762 7.81781 7.81795 7.81831 7.81894 7.81859 7.81710
7.82305 7.82232 7.82240 7.82346 7.82393 7.82399 7.82412 7.82389 7.82346 7.82320 7.82351 7.82342 7.82262 7.82116 7.81926 7.81859 7.81847 7.81861 7.81940 7.81885 7.81883 7.81895 7.81874 7.81841 7.81839 7.81891 7.81962 7.81928 7.81672 7.81714 7.82041 7.82041 7.81938 7.81990 7.82090 7.82096 7.82062 7.82061 7.82042 7.81951 7.81845 7.81788 7.81563 7.81729 7.81818 7.81994 7.82035 7.82031 7.82035 7.82040 7.82018 7.81993 7.81972 7.81945 7.81952 7.81944 7.81925 7.81887 7.81795 7.81712 7.81751 7.81764 7.81719 7.81725 7.81776 7.81717
7.82336 7.82206 7.82214 7.82315 7.82326 7.82334 7.82361 7.82343 7.82320 7.82305 7.82328 7.82327 7.82283 7.82126 7.81876 7.81807 7.81836 7.81905 7.81855 7.81887 7.81952 7.81970 7.81933 7.81861 7.81830 7.81876 7.81915 7.81809 7.81632 7.81765 7.81992 7.81912 7.81829 7.81916 7.82025 7.82058 7.82055 7.82044 7.82024 7.81970 7.81898 7.81803 7.81713 7.81446 7.81729 7.81884 7.81971 7.81985 7.81982 7.81968 7.81953 7.81951 7.81932 7.81864 7.81829 7.81840 7.81816 7.81771 7.81643 7.81534 7.81566 7.81574 7.81517 7.81504 7.81595 7.81642
7.82275 7.82127 7.82077 7.82135 7.82177 7.82274 7.82329 7.82320 7.82299 7.82288 7.82273 7.82254 7.82223 7.82167 7.81999 7.81795 7.81734 7.81796 7.81826 7.81968 7.82028 7.82046 7.82030 7.81942 7.81888 7.81873 7.81815 7.81640 7.81461 7.81587 7.81765 7.81724 7.81746 7.81877 7.81963 7.81986 7.81990 7.81987 7.81976 7.81947 7.81894 7.81790 7.81625 7.81572 7.81660 7.81861 7.81921 7.81920 7.81906 7.81877 7.81863 7.81882 7.81870 7.81798 7.81723 7.81743 7.81720 7.81650 7.81454 7.81332 7.81416 7.81502 7.81511 7.81448 7.81437 7.81534
