mrvbf_slope0.6_pctl1.4.asc
NCOLS 410
NROWS 410
XLLCORNER 2398750.0000000000000000
YLLCORNER 2548750.0000000000000000
CELLSIZE 250.0000000000000000
NODATA_VALUE -99999.00000
[rows 261 to 289 of 410, columns 132 to 197 of 410]
4.38317 4.31090 4.26446 4.24043 4.15702 3.81425 3.57972 3.49066 3.51401 3.61723 3.58989 3.60280 3.64261 3.60921 3.63714 3.90709 4.19790 4.01820 3.84896 4.04790 4.20590 4.03038 4.04269 4.13177 4.08591 3.88049 3.62948 3.60797 3.76393 3.89880 3.85519 4.00278 4.07134 3.94209 3.88218 3.88307 3.91190 3.97383 4.01974 3.99327 3.89551 3.79511 3.76877 3.81577 3.87178 3.88478 3.90590 4.01518 4.13975 4.18932 4.13433 3.97881 3.79659 3.71590 3.77988 3.78115 3.77391 3.83657 3.88245 3.81527 3.68008 3.34934 2.75190 2.44749 2.87652 3.01210
4.37091 4.36833 4.37627 4.16703 3.87614 3.70396 3.62698 3.58600 3.56390 3.57623 3.59210 3.58338 3.66803 3.66654 3.72235 4.11075 4.39583 4.28905 3.93747 3.95702 4.10891 4.14194 4.29356 4.23643 3.98341 3.67184 3.54889 3.66918 3.98944 4.05730 4.09506 4.12338 4.21869 3.98454 3.98913 4.02236 3.96042 3.92832 3.92682 3.93106 3.89203 3.82816 3.80993 3.83695 3.83193 3.81490 3.87348 4.06396 4.24312 4.29534 4.27725 4.22871 4.06445 3.84173 3.74883 3.81394 3.92828 4.04240 4.06536 3.92251 3.60784 3.17347 2.70451 2.73538 3.10669 2.97747
4.49382 4.49938 4.40419 4.02720 3.81019 3.85575 3.87838 3.84615 3.72142 3.61161 3.60846 3.61550 3.59049 3.66159 3.81387 4.16714 4.40135 4.42724 4.28804 4.23029 4.37861 4.39230 4.32702 4.14984 3.91392 3.65678 3.65444 4.07063 4.38636 4.28626 4.13793 4.29995 4.37559 4.10406 3.94338 4.06788 4.09777 4.05142 4.02122 4.05398 4.05132 3.98703 3.95037 3.91947 3.86382 3.87274 3.97841 4.12167 4.29952 4.35904 4.34582 4.31713 4.29370 4.22221 4.10375 4.10583 4.15915 4.12207 4.00479 3.80231 3.47037 3.01394 2.77337 2.92851 3.11954 2.84510
4.53898 4.53439 4.45441 4.16420 3.81712 3.76520 3.80379 3.91784 3.98221 3.81367 3.66918 3.71622 3.57582 3.63399 3.81604 3.93662 4.08916 4.29704 4.24822 4.24117 4.37997 4.36551 4.29963 4.25437 4.06820 3.69762 3.69072 4.13854 4.38717 4.22712 3.98044 4.06681 4.23785 4.03194 3.83153 3.95480 4.16079 4.28042 4.30434 4.31753 4.29834 4.19871 4.07807 3.94367 3.86343 3.91324 4.02044 4.06373 4.20829 4.32871 4.40348 4.39424 4.36147 4.33999 4.32413 4.32805 4.27247 4.06893 3.86650 3.56633 3.22998 2.75921 2.74308 2.93889 2.97456 2.70189
4.57200 4.57358 4.52219 4.39315 4.04536 3.80932 3.72034 3.75266 3.90161 3.74937 3.63659 3.73809 3.58288 3.61540 3.75079 3.73925 3.79783 4.08070 4.23885 4.32626 4.45814 4.44809 4.45115 4.36189 4.20068 3.77226 3.65948 3.81783 3.97629 3.75608 3.66059 3.68704 3.82147 3.82854 3.74758 3.96336 4.07924 4.23373 4.40039 4.45742 4.39967 4.28879 4.13109 3.90182 3.78422 3.83979 3.97333 3.96837 4.03906 4.21188 4.36786 4.45050 4.45127 4.43171 4.41935 4.41095 4.30404 3.94472 3.63688 3.36812 2.90545 2.67613 2.79394 2.93144 2.88239 2.67715
4.54530 4.57194 4.50234 4.41559 4.28442 3.92821 3.65930 3.64911 3.71442 3.62592 3.61892 3.77808 3.63801 3.64304 3.75274 3.83367 3.86375 3.99305 4.30697 4.41632 4.49641 4.45330 4.44268 4.41603 4.25000 3.99876 3.77778 3.73540 3.71679 3.62355 3.62075 3.60497 3.63481 3.73513 3.76285 4.11477 4.05489 4.23836 4.45834 4.49522 4.40012 4.29531 4.15639 3.88435 3.71906 3.75281 3.98058 3.99653 3.95111 4.05830 4.26610 4.43436 4.48493 4.47992 4.46081 4.42573 4.27494 3.82290 3.46118 3.18638 2.85745 2.83997 2.96009 3.12941 3.16209 3.00098
4.43078 4.46885 4.34366 4.31776 4.20917 3.79621 3.58826 3.58615 3.65210 3.67898 3.79851 3.91925 3.73395 3.75881 4.02900 4.20376 4.17613 4.23228 4.42890 4.53258 4.54785 4.47570 4.44264 4.38396 4.36323 4.28941 4.03108 3.77170 3.67421 3.64532 3.72834 3.67572 3.62434 3.69770 3.91616 4.12238 4.10623 4.29315 4.45516 4.41626 4.25756 4.17837 4.14094 3.94087 3.71201 3.69224 3.92385 4.09135 3.91116 3.91430 4.18885 4.40129 4.46998 4.47122 4.44867 4.39850 4.22490 3.74194 3.33282 3.01103 2.94264 3.09118 3.30853 3.52262 3.57011 3.35643
4.31063 4.22111 4.14621 4.22533 4.10577 3.70667 3.53745 3.55279 3.65583 3.86554 4.08270 4.06128 3.74373 3.71289 3.93234 4.16326 4.19187 4.33062 4.48379 4.56105 4.58453 4.52063 4.46626 4.47447 4.44622 4.25476 4.03235 3.83432 3.72991 3.75643 3.93697 3.87036 3.72979 3.74660 3.99216 4.10929 4.15249 4.28590 4.30561 4.08154 3.93081 3.97596 4.08739 4.06489 3.73599 3.63189 3.79949 4.13055 3.89267 3.77575 4.01677 4.32312 4.41959 4.42113 4.39287 4.28935 4.02013 3.61006 3.24195 2.94458 3.05044 3.26343 3.47621 3.71498 3.84199 3.66162
4.28906 4.20216 4.22051 4.18579 4.13380 3.81521 3.54560 3.51042 3.58158 3.67241 3.80707 3.96460 3.68854 3.70322 4.05367 4.24494 4.23117 4.33305 4.40273 4.45716 4.49074 4.43012 4.42335 4.45480 4.31544 4.07400 4.05031 4.04306 4.04375 4.11528 4.19114 4.10098 3.99015 3.87804 3.92189 4.01969 4.07400 4.02786 3.87709 3.73794 3.75458 3.84998 3.96097 4.05271 3.76008 3.57568 3.68943 4.11601 3.95992 3.68416 3.69037 4.00235 4.21810 4.23909 4.13978 3.91274 3.59652 3.38071 3.07060 3.00915 3.25187 3.39112 3.54598 3.75713 3.75158 3.54650
4.17238 4.28245 4.16056 4.06365 4.21695 4.14059 3.68896 3.56459 3.59836 3.62689 3.74814 3.94426 3.75822 3.79445 3.94459 4.04766 4.19819 4.39241 4.41918 4.41966 4.39359 4.31206 4.31346 4.37142 4.23504 4.13389 4.25708 4.32011 4.36163 4.27880 4.23953 4.28680 4.25885 3.98072 3.87059 3.99174 3.82123 3.67360 3.63857 3.66294 3.74046 3.80192 3.82738 3.93180 3.73099 3.54773 3.64840 4.01253 4.09328 3.80950 3.57511 3.58718 3.72403 3.76146 3.62144 3.47740 3.34539 3.22850 3.12558 3.22561 3.37468 3.45375 3.61788 3.78741 3.66419 3.46724
4.15144 4.16875 4.17512 4.31333 4.45917 4.40349 4.03555 3.69534 3.67279 3.79238 3.87619 4.05541 3.90976 3.85102 3.89577 3.98414 4.24622 4.41775 4.44079 4.46330 4.38504 4.35176 4.23268 4.27702 4.29335 4.07357 4.23074 4.37720 4.37076 4.36459 4.40054 4.43383 4.31830 3.96597 3.78956 3.90509 3.60993 3.57114 3.61976 3.72393 3.77948 3.71720 3.69851 3.84120 3.65946 3.56235 3.67236 3.84887 3.98416 3.93554 3.63459 3.47851 3.48520 3.46253 3.36289 3.25067 3.24769 3.30212 3.35821 3.40631 3.44686 3.53345 3.75349 3.90870 3.71919 3.55466
4.44926 4.42052 4.45542 4.52197 4.53256 4.47357 4.34416 3.97349 3.73748 3.78201 3.95903 4.10026 3.73844 3.78188 3.93507 4.07345 4.31222 4.39950 4.45079 4.45007 4.34640 4.32668 4.14353 4.10505 4.30329 4.11291 4.17798 4.41170 4.37395 4.37661 4.41799 4.39681 4.27224 3.99258 3.68979 3.64601 3.56222 3.67669 3.77265 3.89082 3.85233 3.64954 3.57909 3.69912 3.53702 3.56987 3.77016 3.80286 3.74700 3.67295 3.58559 3.47908 3.44920 3.40028 3.33485 3.35475 3.43526 3.52711 3.55766 3.49454 3.49037 3.60059 3.84622 3.93927 3.81338 3.68469
4.61034 4.60172 4.57289 4.52103 4.49244 4.43618 4.39634 4.29194 3.89789 3.74146 3.86275 3.95325 3.79631 4.10710 4.22460 4.23161 4.34542 4.29375 4.30813 4.30224 4.23036 4.26073 4.13342 3.85530 3.92685 3.96583 4.22973 4.43092 4.40468 4.39948 4.41302 4.38494 4.33403 4.19748 3.85146 3.63999 3.74052 4.06833 4.09787 4.13629 3.99233 3.67181 3.50851 3.48438 3.40124 3.53798 3.63984 3.56605 3.47880 3.50140 3.56090 3.55309 3.50019 3.49412 3.51944 3.63504 3.70390 3.67956 3.60375 3.53548 3.52990 3.61343 3.75478 3.74512 3.65275 3.62565
4.63380 4.58187 4.48249 4.39739 4.36551 4.44012 4.45599 4.37570 4.13784 3.82213 3.84005 4.03720 3.86696 3.87197 4.04127 4.15559 4.29907 4.24036 4.15682 4.12005 4.15070 4.22662 4.20766 3.91542 3.77661 3.93380 4.23435 4.31746 4.26508 4.28088 4.33669 4.27139 4.28692 4.23901 4.11687 3.92090 4.03192 4.19900 4.16839 4.15677 4.04401 3.79444 3.59904 3.38866 3.38325 3.45730 3.38909 3.33286 3.40661 3.52287 3.61230 3.63777 3.55532 3.56946 3.68044 3.74047 3.63315 3.51307 3.47615 3.53786 3.57304 3.60201 3.61866 3.57302 3.51831 3.50917
4.52578 4.40169 4.26935 4.21963 4.20676 4.44586 4.48269 4.41401 4.26595 3.93751 3.82606 4.03142 4.00940 3.98432 4.07923 4.05866 4.15914 4.24191 4.17233 4.14375 4.17023 4.22283 4.25487 4.19536 4.05840 3.99904 4.04509 4.09388 4.04033 3.95058 3.95225 3.94089 3.93849 4.02319 4.10780 3.86373 3.81183 3.92668 3.88278 3.92304 3.96457 3.87221 3.60793 3.43144 3.46998 3.43970 3.31579 3.40275 3.53872 3.59543 3.61519 3.63791 3.58050 3.53546 3.56382 3.52572 3.45527 3.37491 3.38590 3.48375 3.58938 3.59296 3.54129 3.49490 3.48005 3.48848
4.32512 4.20030 4.23034 4.15002 3.98201 4.22507 4.25085 4.23729 4.24752 4.06769 3.88709 4.00567 4.18772 4.18892 4.19587 4.04775 4.02198 4.12850 4.22858 4.29466 4.28547 4.29535 4.32960 4.36702 4.34827 4.23329 4.15190 4.15391 4.11670 3.98198 3.89201 3.90055 3.79509 3.69180 3.68112 3.59601 3.68960 3.79132 3.66500 3.57772 3.60134 3.64121 3.57402 3.53667 3.56642 3.53488 3.50290 3.55064 3.63564 3.68103 3.70487 3.74775 3.70766 3.60455 3.55586 3.52053 3.47651 3.44972 3.47691 3.49690 3.59760 3.59525 3.51348 3.47270 3.48562 3.51954
4.19232 4.21275 4.33964 4.26501 3.98978 3.98739 4.09142 4.21858 4.29796 4.22043 4.03212 3.96303 4.20141 4.01343 3.95351 3.97774 3.87056 3.95529 4.28827 4.38268 4.36085 4.37439 4.38994 4.38962 4.38219 4.33988 4.31505 4.29801 4.27895 4.19873 4.13973 4.12048 4.02118 3.80028 3.67988 3.66846 3.92649 3.89710 3.72776 3.55282 3.52861 3.60855 3.64000 3.69213 3.63594 3.53337 3.57667 3.61348 3.71463 3.83463 3.86749 3.91660 3.91252 3.81075 3.78369 3.70822 3.59380 3.57044 3.61552 3.60217 3.67029 3.60569 3.51470 3.48038 3.50518 3.56883
4.09647 4.17120 4.31900 4.25364 4.11853 4.07140 4.22205 4.29930 4.26692 4.15763 4.00305 4.03011 4.26308 3.89831 3.82411 3.97285 3.83110 3.95004 4.34546 4.38216 4.36587 4.38077 4.38636 4.36577 4.34173 4.31461 4.30618 4.30326 4.28654 4.24617 4.20319 4.15951 4.09103 3.97502 3.91348 3.92984 3.98508 3.88413 3.78857 3.73499 3.68361 3.68709 3.76377 3.72017 3.56011 3.47793 3.55932 3.62369 3.67353 3.74291 3.81357 3.99998 4.08815 3.89926 3.83764 3.77073 3.62237 3.57893 3.64298 3.72085 3.73644 3.60284 3.53768 3.50476 3.52178 3.59712
3.99310 4.03417 4.10042 4.05864 4.07759 4.12556 4.21489 4.24694 4.18043 4.06809 4.00301 4.09387 4.06890 3.66224 3.78680 4.03187 3.93142 4.05158 4.29741 4.30295 4.33709 4.36846 4.37661 4.36038 4.33338 4.31501 4.30776 4.30711 4.28104 4.23553 4.17761 4.10787 4.03809 3.94405 3.96490 4.05779 4.06068 3.94219 3.83427 3.79178 3.73379 3.66810 3.65247 3.56401 3.46385 3.43677 3.55173 3.64021 3.63209 3.59058 3.56694 3.74015 3.89257 3.67682 3.63385 3.74499 3.67324 3.61041 3.69571 3.75768 3.62647 3.57693 3.59645 3.54935 3.50179 3.49389
3.96009 3.92452 3.89023 3.95991 4.03763 4.08324 4.15412 4.12827 4.05015 3.98876 4.01539 4.07381 3.70120 3.58343 3.88323 4.10585 4.01244 3.92405 4.12928 4.24230 4.34080 4.39496 4.41155 4.40714 4.39721 4.38985 4.37489 4.35972 4.32838 4.27718 4.22821 4.18791 4.16289 4.14508 4.17047 4.26336 4.23500 4.11091 4.05207 3.97114 3.85554 3.72772 3.62053 3.57157 3.51296 3.53360 3.70966 3.83411 3.80779 3.66506 3.50447 3.52067 3.58827 3.51126 3.50119 3.53338 3.53162 3.50502 3.57448 3.59224 3.52576 3.56294 3.65459 3.66518 3.58015 3.50710
4.07652 4.05547 4.04153 3.96120 3.94334 4.07499 4.17800 4.09408 4.00054 3.98519 4.04275 4.06963 3.58793 3.63488 4.03932 4.19048 4.17477 3.93640 3.99735 4.24643 4.40478 4.45846 4.48028 4.48847 4.49439 4.49405 4.47435 4.45222 4.42939 4.40316 4.38069 4.36133 4.34848 4.32470 4.28785 4.35675 4.33434 4.17758 4.18099 4.24063 4.16203 4.00124 3.87429 3.80499 3.71801 3.71489 3.80654 3.83661 3.85484 3.84259 3.68881 3.58622 3.60890 3.59449 3.60778 3.55028 3.52564 3.53993 3.63005 3.58616 3.54323 3.55419 3.57172 3.64791 3.69283 3.62687
4.31534 4.34563 4.27791 4.02292 3.91750 4.05168 4.13484 4.05108 4.04031 4.11697 4.09086 4.02548 3.61434 3.79963 4.08758 4.14056 4.22620 4.03048 3.99194 4.24737 4.46456 4.52533 4.54790 4.56318 4.57254 4.56605 4.55314 4.53917 4.52724 4.51362 4.50171 4.48846 4.44249 4.35218 4.33970 4.42709 4.39873 4.20739 4.19707 4.33483 4.34464 4.28688 4.20689 4.14588 3.96402 3.78537 3.74770 3.76783 3.75065 3.77646 3.77566 3.72111 3.77128 3.70352 3.65511 3.59098 3.53383 3.56778 3.68854 3.63898 3.53516 3.51394 3.51267 3.52363 3.50723 3.49991
4.47687 4.48183 4.29984 3.99151 3.90926 4.01300 4.03793 3.98815 4.00250 4.11232 3.97323 3.75879 3.54971 3.75090 4.02582 4.02993 4.16545 4.13869 4.09198 4.29027 4.47369 4.51554 4.53816 4.56628 4.58463 4.58757 4.58749 4.58690 4.57917 4.55560 4.53760 4.53044 4.48344 4.37916 4.34822 4.40678 4.33381 4.13883 4.20363 4.36177 4.40381 4.33812 4.23619 4.20466 4.10657 3.93933 3.85970 3.83096 3.65406 3.59140 3.62155 3.63681 3.70113 3.60502 3.53580 3.45011 3.43380 3.52226 3.62638 3.59548 3.45783 3.47893 3.53181 3.55295 3.51337 3.50954
4.54705 4.48598 4.21169 3.90562 3.89167 3.95678 3.89407 3.84649 3.89349 3.98353 3.77138 3.56446 3.64260 3.96386 4.14039 4.04463 4.11829 4.25811 4.26035 4.37439 4.44180 4.45950 4.48751 4.52972 4.57151 4.60015 4.60976 4.60942 4.60411 4.58204 4.55510 4.54003 4.50703 4.42536 4.34194 4.27191 4.08508 3.94763 4.09828 4.30560 4.37370 4.20062 3.95844 3.88021 3.86885 3.80243 3.67706 3.53851 3.40249 3.40003 3.43762 3.44099 3.50998 3.47133 3.44113 3.36042 3.38917 3.47526 3.49316 3.49266 3.40345 3.50833 3.53485 3.59087 3.55862 3.58013
4.52205 4.44180 4.09933 3.83381 3.84190 3.82386 3.75233 3.76766 3.91139 3.72749 3.76688 3.81342 4.12327 4.22083 4.27893 4.31726 4.26628 4.41360 4.39162 4.41857 4.44494 4.46429 4.47501 4.49667 4.53885 4.58015 4.60552 4.61485 4.61629 4.60010 4.57048 4.54802 4.51965 4.47231 4.38166 4.17025 3.92800 3.84257 3.87031 4.07715 4.24444 3.93406 3.69188 3.66947 3.63573 3.56167 3.44383 3.29081 3.14577 3.23488 3.34818 3.37498 3.48376 3.46346 3.42334 3.39574 3.42337 3.45675 3.41527 3.39621 3.41705 3.54680 3.53556 3.55138 3.48084 3.47814
4.44273 4.35050 3.93012 3.74514 3.76251 3.79254 3.84092 3.90844 3.84588 4.01970 4.14286 4.21849 4.31019 4.30451 4.35599 4.44062 4.35587 4.45326 4.45993 4.49294 4.51803 4.53076 4.49964 4.46942 4.50519 4.56198 4.58815 4.60256 4.60826 4.59206 4.56138 4.53867 4.51482 4.48487 4.38248 4.15658 3.95004 3.90205 3.78209 3.83672 4.07462 3.71147 3.59924 3.71076 3.68720 3.57338 3.36114 2.98199 2.72430 3.04894 3.26329 3.37138 3.55619 3.45325 3.37347 3.38496 3.40400 3.40862 3.39228 3.40991 3.47425 3.48288 3.44757 3.31044 3.09313 3.08892
4.29845 4.19508 3.61633 3.58933 3.87371 4.14293 4.08217 4.10020 4.34289 4.33743 4.30411 4.37398 4.33962 4.33950 4.41020 4.43763 4.38344 4.44478 4.42729 4.48336 4.53862 4.55686 4.47885 4.42827 4.49584 4.55203 4.57271 4.59091 4.58886 4.55561 4.50739 4.46891 4.44307 4.42574 4.34352 4.14863 3.99831 3.99760 3.81771 3.72242 3.89386 3.62106 3.58998 3.75628 3.74933 3.55037 3.01806 1.85148 1.72399 2.44229 2.84930 3.27993 3.54027 3.35977 3.22900 3.28637 3.29276 3.32382 3.39232 3.46330 3.45915 3.41328 3.28392 2.93668 2.83742 2.86358
4.13642 3.96144 3.37130 3.56940 4.12648 4.32410 4.38086 4.37752 4.46865 4.37081 4.28730 4.34997 4.35927 4.38720 4.44915 4.44247 4.38490 4.39282 4.40290 4.46019 4.48470 4.51209 4.42292 4.42441 4.50759 4.54302 4.57003 4.58069 4.55623 4.49207 4.40248 4.33823 4.29910 4.28704 4.28064 4.18492 4.04946 4.04355 3.98029 3.69575 3.66939 3.59328 3.66483 3.72874 3.67874 3.32756 2.06813 0.67692 0.73753 1.25985 2.04580 3.07596 3.43638 3.17621 2.99778 3.14856 3.19733 3.25918 3.34591 3.40826 3.43079 3.32043 3.03957 2.82107 2.99683 3.03044
4.13503 3.68008 3.62809 4.04428 4.29199 4.39354 4.38795 4.37576 4.43779 4.40832 4.28151 4.25067 4.35645 4.45029 4.50627 4.49141 4.44893 4.43774 4.47722 4.49290 4.46113 4.46888 4.41911 4.46344 4.50831 4.52411 4.53981 4.54707 4.49464 4.36210 4.19997 4.13731 4.09972 4.07475 4.14148 4.23467 4.10259 4.00863 4.03942 3.80499 3.62520 3.58839 3.56526 3.40991 3.20536 2.39582 1.59998 0.41572 0.45454 0.78901 1.10938 2.56873 3.22944 2.96804 2.92158 3.23079 3.31415 3.27932 3.23205 3.33313 3.40991 3.12571 2.90435 2.90184 3.05498 3.03569
