mrvbf_slope0.5_pctl1.4.asc
NCOLS 410
NROWS 410
XLLCORNER 2398750.0000000000000000
YLLCORNER 2548750.0000000000000000
CELLSIZE 250.0000000000000000
NODATA_VALUE -99999.00000
[rows 0 to 28 of 410, columns 132 to 197 of 410]
-99999.00000 -99999.00000 -99999.00000 -99999.00000 -99999.00000 -99999.00000 -99999.00000 -99999.00000 -99999.00000 -99999.00000 -99999.00000 -99999.00000 -99999.00000 -99999.00000 -99999.00000 -99999.00000 -99999.00000 -99999.00000 -99999.00000 -99999.00000 -99999.00000 -99999.00000 -99999.00000 -99999.00000 -99999.00000 -99999.00000 -99999.00000 -99999.00000 -99999.00000 -99999.00000 -99999.00000 -99999.00000 -99999.00000 -99999.00000 -99999.00000 -99999.00000 -99999.00000 -99999.00000 -99999.00000 -99999.00000 -99999.00000 -99999.00000 -99999.00000 -99999.00000 -99999.00000 -99999.00000 -99999.00000 -99999.00000 -99999.00000 -99999.00000 -99999.00000 -99999.00000 -99999.00000 -99999.00000 -99999.00000 -99999.00000 -99999.00000 -99999.00000 -99999.00000 -99999.00000 -99999.00000 -99999.00000 -99999.00000 -99999.00000 -99999.00000 -99999.00000
-99999.00000 -99999.00000 -99999.00000 -99999.00000 -99999.00000 -99999.00000 -99999.00000 -99999.00000 -99999.00000 -99999.00000 -99999.00000 -99999.00000 -99999.00000 -99999.00000 -99999.00000 -99999.00000 -99999.00000 -99999.00000 -99999.00000 -99999.00000 -99999.00000 -99999.00000 -99999.00000 -99999.00000 -99999.00000 -99999.00000 -99999.00000 -99999.00000 -99999.00000 -99999.00000 -99999.00000 -99999.00000 -99999.00000 -99999.00000 -99999.00000 -99999.00000 -99999.00000 -99999.00000 -99999.00000 -99999.00000 -99999.00000 -99999.00000 -99999.00000 -99999.00000 -99999.00000 -99999.00000 -99999.00000 -99999.00000 -99999.00000 -99999.00000 -99999.00000 -99999.00000 -99999.00000 -99999.00000 -99999.00000 -99999.00000 -99999.00000 -99999.00000 -99999.00000 -99999.00000 -99999.00000 -99999.00000 -99999.00000 -99999.00000 -99999.00000 -99999.00000
-99999.00000 -99999.00000 -99999.00000 -99999.00000 -99999.00000 -99999.00000 -99999.00000 -99999.00000 -99999.00000 -99999.00000 -99999.00000 -99999.00000 -99999.00000 -99999.00000 -99999.00000 -99999.00000 -99999.00000 -99999.00000 -99999.00000 -99999.00000 -99999.00000 -99999.00000 -99999.00000 -99999.00000 -99999.00000 -99999.00000 -99999.00000 -99999.00000 -99999.00000 -99999.00000 -99999.00000 -99999.00000 -99999.00000 -99999.00000 -99999.00000 -99999.00000 -99999.00000 -99999.00000 -99999.00000 -99999.00000 -99999.00000 -99999.00000 -99999.00000 -99999.00000 -99999.00000 -99999.00000 -99999.00000 -99999.00000 -99999.00000 -99999.00000 -99999.00000 -99999.00000 -99999.00000 -99999.00000 -99999.00000 -99999.00000 -99999.00000 -99999.00000 -99999.00000 -99999.00000 -99999.00000 -99999.00000 -99999.00000 -99999.00000 -99999.00000 -99999.00000
-99999.00000 -99999.00000 -99999.00000 -99999.00000 -99999.00000 -99999.00000 -99999.00000 -99999.00000 -99999.00000 -99999.00000 -99999.00000 -99999.00000 -99999.00000 -99999.00000 -99999.00000 -99999.00000 -99999.00000 -99999.00000 -99999.00000 -99999.00000 -99999.00000 -99999.00000 -99999.00000 -99999.00000 -99999.00000 -99999.00000 -99999.00000 -99999.00000 -99999.00000 -99999.00000 -99999.00000 -99999.00000 -99999.00000 -99999.00000 -99999.00000 -99999.00000 -99999.00000 -99999.00000 -99999.00000 -99999.00000 -99999.00000 -99999.00000 -99999.00000 -99999.00000 -99999.00000 -99999.00000 -99999.00000 -99999.00000 -99999.00000 -99999.00000 -99999.00000 -99999.00000 -99999.00000 -99999.00000 -99999.00000 -99999.00000 -99999.00000 -99999.00000 -99999.00000 -99999.00000 -99999.00000 -99999.00000 -99999.00000 -99999.00000 -99999.00000 -99999.00000
-99999.00000 -99999.00000 -99999.00000 -99999.00000 -99999.00000 -99999.00000 -99999.00000 -99999.00000 -99999.00000 -99999.00000 -99999.00000 -99999.00000 -99999.00000 -99999.00000 -99999.00000 -99999.00000 -99999.00000 -99999.00000 -99999.00000 -99999.00000 -99999.00000 -99999.00000 -99999.00000 -99999.00000 -99999.00000 -99999.00000 -99999.00000 -99999.00000 -99999.00000 -99999.00000 -99999.00000 -99999.00000 -99999.00000 -99999.00000 -99999.00000 -99999.00000 -99999.00000 -99999.00000 -99999.00000 -99999.00000 -99999.00000 -99999.00000 -99999.00000 -99999.00000 -99999.00000 -99999.00000 -99999.00000 -99999.00000 -99999.00000 -99999.00000 -99999.00000 -99999.00000 -99999.00000 -99999.00000 -99999.00000 -99999.00000 -99999.00000 -99999.00000 -99999.00000 -99999.00000 -99999.00000 -99999.00000 -99999.00000 -99999.00000 -99999.00000 -99999.00000
6.46507 6.31335 6.44977 6.49323 6.48346 6.50641 6.54411 6.47725 6.28471 6.25426 6.29757 6.43980 6.45432 6.30921 6.31248 6.38446 6.48515 6.47902 6.39097 6.26111 6.30498 6.44843 6.39084 5.95121 -99999.00000 -99999.00000 -99999.00000 -99999.00000 -99999.00000 -99999.00000 -99999.00000 -99999.00000 -99999.00000 -99999.00000 -99999.00000 -99999.00000 -99999.00000 -99999.00000 -99999.00000 -99999.00000 -99999.00000 -99999.00000 -99999.00000 -99999.00000 -99999.00000 -99999.00000 -99999.00000 -99999.00000 -99999.00000 -99999.00000 -99999.00000 -99999.00000 -99999.00000 -99999.00000 -99999.00000 -99999.00000 -99999.00000 -99999.00000 -99999.00000 -99999.00000 -99999.00000 -99999.00000 -99999.00000 -99999.00000 -99999.00000 -99999.00000
6.48675 6.36622 6.45848 6.51168 6.47657 6.52151 6.53345 6.48868 6.37292 6.35560 6.39242 6.44968 6.43109 6.42371 6.44595 6.46595 6.49312 6.48319 6.44479 6.35402 6.27264 6.34667 6.38335 6.00509 5.70985 -99999.00000 -99999.00000 -99999.00000 -99999.00000 -99999.00000 -99999.00000 -99999.00000 -99999.00000 -99999.00000 -99999.00000 -99999.00000 -99999.00000 -99999.00000 -99999.00000 -99999.00000 -99999.00000 -99999.00000 -99999.00000 -99999.00000 -99999.00000 -99999.00000 -99999.00000 -99999.00000 -99999.00000 -99999.00000 -99999.00000 -99999.00000 -99999.00000 -99999.00000 -99999.00000 -99999.00000 -99999.00000 -99999.00000 -99999.00000 -99999.00000 -99999.00000 -99999.00000 -99999.00000 -99999.00000 -99999.00000 -99999.00000
6.44570 6.37521 6.41199 6.47795 6.47215 6.54183 6.57327 6.53632 6.50706 6.45702 6.37482 6.39821 6.44382 6.38532 6.41728 6.44639 6.46864 6.47049 6.44261 6.36454 6.22743 6.22510 6.36710 6.11742 5.66766 5.58206 5.67426 5.71759 -99999.00000 -99999.00000 -99999.00000 -99999.00000 -99999.00000 -99999.00000 -99999.00000 -99999.00000 -99999.00000 -99999.00000 -99999.00000 -99999.00000 -99999.00000 -99999.00000 -99999.00000 -99999.00000 -99999.00000 -99999.00000 -99999.00000 -99999.00000 -99999.00000 -99999.00000 -99999.00000 -99999.00000 -99999.00000 -99999.00000 -99999.00000 -99999.00000 -99999.00000 -99999.00000 -99999.00000 -99999.00000 -99999.00000 -99999.00000 -99999.00000 -99999.00000 -99999.00000 -99999.00000
6.49550 6.39470 6.39664 6.41382 6.43175 6.48269 6.53640 6.51948 6.49404 6.42210 6.25147 6.35397 6.40471 6.36237 6.41930 6.47768 6.45432 6.45317 6.42239 6.30622 6.30985 6.19152 6.14331 6.11627 5.73308 5.58622 5.59471 5.57353 5.17516 5.47385 5.68782 -99999.00000 -99999.00000 -99999.00000 -99999.00000 -99999.00000 -99999.00000 -99999.00000 -99999.00000 -99999.00000 -99999.00000 -99999.00000 -99999.00000 -99999.00000 -99999.00000 -99999.00000 -99999.00000 -99999.00000 -99999.00000 -99999.00000 -99999.00000 -99999.00000 -99999.00000 -99999.00000 -99999.00000 -99999.00000 -99999.00000 -99999.00000 -99999.00000 -99999.00000 -99999.00000 -99999.00000 -99999.00000 -99999.00000 -99999.00000 -99999.00000
6.53288 6.53779 6.47686 6.40194 6.40993 6.45975 6.51098 6.53126 6.51261 6.46090 6.22342 6.24265 6.35646 6.41179 6.49678 6.52113 6.48137 6.48203 6.49693 6.37181 6.26708 6.22220 6.15717 6.04964 5.88769 5.67964 5.47631 5.45445 5.50096 5.65292 5.73748 5.71649 5.64316 -99999.00000 -99999.00000 -99999.00000 -99999.00000 -99999.00000 -99999.00000 -99999.00000 -99999.00000 -99999.00000 -99999.00000 -99999.00000 -99999.00000 -99999.00000 -99999.00000 -99999.00000 -99999.00000 -99999.00000 -99999.00000 -99999.00000 -99999.00000 -99999.00000 -99999.00000 -99999.00000 -99999.00000 -99999.00000 -99999.00000 -99999.00000 -99999.00000 -99999.00000 -99999.00000 -99999.00000 -99999.00000 -99999.00000
6.55733 6.57789 6.53013 6.43819 6.44660 6.46536 6.45198 6.52089 6.48483 6.41130 6.20573 6.24608 6.36539 6.41563 6.46415 6.50213 6.45771 6.47606 6.54588 6.49846 6.39947 6.29426 6.14476 6.11666 5.90379 5.68605 5.61200 5.54846 5.60187 5.65373 5.75571 5.70402 5.53446 4.96180 5.51781 -99999.00000 -99999.00000 -99999.00000 -99999.00000 -99999.00000 -99999.00000 -99999.00000 -99999.00000 -99999.00000 -99999.00000 -99999.00000 -99999.00000 -99999.00000 -99999.00000 -99999.00000 -99999.00000 -99999.00000 -99999.00000 -99999.00000 -99999.00000 -99999.00000 -99999.00000 -99999.00000 -99999.00000 -99999.00000 -99999.00000 -99999.00000 -99999.00000 -99999.00000 -99999.00000 -99999.00000
6.56256 6.57981 6.52190 6.45179 6.41765 6.42338 6.36271 6.44114 6.46813 6.30856 6.20825 6.31528 6.36935 6.36687 6.40163 6.41949 6.43829 6.43673 6.50864 6.52134 6.50981 6.46235 6.27683 6.16469 6.07509 5.74472 5.58979 5.59099 5.62679 5.63024 5.65433 5.67662 5.62548 5.10539 4.91803 5.56725 5.68945 -99999.00000 -99999.00000 -99999.00000 -99999.00000 -99999.00000 -99999.00000 -99999.00000 -99999.00000 -99999.00000 -99999.00000 -99999.00000 -99999.00000 -99999.00000 -99999.00000 -99999.00000 -99999.00000 -99999.00000 -99999.00000 -99999.00000 -99999.00000 -99999.00000 -99999.00000 -99999.00000 -99999.00000 -99999.00000 -99999.00000 -99999.00000 -99999.00000 -99999.00000
6.45686 6.48760 6.40783 6.45245 6.40839 6.35077 6.34219 6.35408 6.38942 6.27395 6.25884 6.28104 6.27808 6.28791 6.33050 6.30639 6.18739 6.30370 6.43229 6.48256 6.45532 6.44056 6.27366 6.12198 6.20138 6.08792 5.71921 5.57177 5.57185 5.63505 5.61296 5.60961 5.61599 5.48745 5.11432 5.17968 5.61509 5.71548 5.68851 -99999.00000 -99999.00000 -99999.00000 -99999.00000 -99999.00000 -99999.00000 -99999.00000 -99999.00000 -99999.00000 -99999.00000 -99999.00000 -99999.00000 -99999.00000 -99999.00000 -99999.00000 -99999.00000 -99999.00000 -99999.00000 -99999.00000 -99999.00000 -99999.00000 -99999.00000 -99999.00000 -99999.00000 -99999.00000 -99999.00000 -99999.00000
6.25258 6.22015 6.35575 6.37420 6.46072 6.40724 6.42071 6.45940 6.37418 6.33715 6.22913 6.29862 6.34296 6.34723 6.25543 5.85700 5.73459 5.85554 6.16140 6.32799 6.39508 6.42594 6.25747 6.13288 6.27634 6.36216 6.11599 5.74236 5.58389 5.58548 5.66836 5.58958 5.51415 5.48741 5.55080 5.42020 5.54112 5.66057 5.69925 5.68901 -99999.00000 -99999.00000 -99999.00000 -99999.00000 -99999.00000 -99999.00000 -99999.00000 -99999.00000 -99999.00000 -99999.00000 -99999.00000 -99999.00000 -99999.00000 -99999.00000 -99999.00000 -99999.00000 -99999.00000 -99999.00000 -99999.00000 -99999.00000 -99999.00000 -99999.00000 -99999.00000 -99999.00000 -99999.00000 -99999.00000
6.34279 6.20026 6.19551 6.44402 6.52846 6.49004 6.48608 6.39466 6.32670 6.32122 6.22247 6.32220 6.34941 6.30348 5.99349 5.74580 5.76734 5.73575 5.92092 6.23396 6.38905 6.41443 6.34556 6.21853 6.25074 6.35934 6.33636 6.19830 5.77048 5.63053 5.60213 5.68345 5.60554 5.35843 5.39881 5.53110 5.53146 5.54431 5.64552 5.66142 5.57500 5.45818 -99999.00000 -99999.00000 -99999.00000 -99999.00000 -99999.00000 -99999.00000 -99999.00000 -99999.00000 -99999.00000 -99999.00000 -99999.00000 -99999.00000 -99999.00000 -99999.00000 -99999.00000 -99999.00000 -99999.00000 -99999.00000 -99999.00000 -99999.00000 -99999.00000 -99999.00000 -99999.00000 -99999.00000
6.35655 6.40528 6.40412 6.40427 6.47822 6.43992 6.44508 6.16431 5.98448 6.09901 6.21272 6.36689 6.36382 6.33955 6.19175 5.88104 5.77548 5.96287 6.15228 6.19531 6.35453 6.36915 6.38379 6.34066 6.36254 6.34288 6.34066 6.39186 6.22767 5.72526 5.51295 5.57819 5.34270 5.28817 5.44553 5.66336 5.66570 5.53833 5.58412 5.60449 5.61754 5.60605 5.61933 -99999.00000 -99999.00000 -99999.00000 -99999.00000 -99999.00000 -99999.00000 -99999.00000 -99999.00000 -99999.00000 -99999.00000 -99999.00000 -99999.00000 -99999.00000 -99999.00000 -99999.00000 -99999.00000 -99999.00000 -99999.00000 -99999.00000 -99999.00000 -99999.00000 -99999.00000 -99999.00000
6.43045 6.42811 6.44115 6.38390 6.40346 6.40182 6.30058 6.01257 5.82586 5.88976 6.27698 6.37409 6.31763 6.33885 6.32113 6.19089 6.14629 6.42352 6.39886 6.36462 6.34135 6.36882 6.36352 6.30124 6.30542 6.30575 6.35598 6.38962 6.36609 5.90676 5.63552 5.08419 5.47432 5.11155 5.62469 5.76987 5.69845 5.51549 5.48402 5.55641 5.61892 5.65932 5.67136 5.65043 5.57649 -99999.00000 -99999.00000 -99999.00000 -99999.00000 -99999.00000 -99999.00000 -99999.00000 -99999.00000 -99999.00000 -99999.00000 -99999.00000 -99999.00000 -99999.00000 -99999.00000 -99999.00000 -99999.00000 -99999.00000 -99999.00000 -99999.00000 -99999.00000 -99999.00000
6.40266 6.40603 6.34894 6.20221 6.30705 6.14419 6.15063 5.86595 5.85934 5.95151 6.29840 6.24180 6.26008 6.30614 6.27972 6.32747 6.38748 6.49808 6.47974 6.44094 6.43633 6.44684 6.32015 6.29272 6.28715 6.23292 6.30411 6.26977 6.32086 6.06839 5.81742 5.64038 5.43362 5.62037 5.65565 5.65459 5.63134 5.62440 5.43501 5.46611 5.47318 5.56046 5.64186 5.57607 5.44183 5.44543 5.31745 -99999.00000 -99999.00000 -99999.00000 -99999.00000 -99999.00000 -99999.00000 -99999.00000 -99999.00000 -99999.00000 -99999.00000 -99999.00000 -99999.00000 -99999.00000 -99999.00000 -99999.00000 -99999.00000 -99999.00000 -99999.00000 -99999.00000
6.36502 6.36824 6.39820 6.34478 6.26519 6.17660 6.04946 5.81103 5.83085 6.12927 6.31797 6.27304 6.31628 6.27766 6.35481 6.41537 6.44773 6.52778 6.54232 6.46582 6.43841 6.41779 6.29409 6.32485 6.36265 6.37707 6.33969 6.16969 6.13367 6.02875 6.01812 5.96056 5.73699 5.69214 5.65100 5.50380 5.58439 5.62236 5.58849 5.61787 5.55354 5.50020 5.54432 5.49666 5.35764 5.27810 5.48583 5.35133 4.99441 -99999.00000 -99999.00000 -99999.00000 -99999.00000 -99999.00000 -99999.00000 -99999.00000 -99999.00000 -99999.00000 -99999.00000 -99999.00000 -99999.00000 -99999.00000 -99999.00000 -99999.00000 -99999.00000 -99999.00000
6.33778 6.40499 6.43406 6.42230 6.28241 6.14685 5.84973 5.86298 5.79786 5.99278 6.26592 6.28340 6.36316 6.26325 6.37615 6.41350 6.41874 6.48802 6.50608 6.49510 6.47778 6.40039 6.39219 6.35125 6.34792 6.38087 6.33029 6.33395 6.28573 6.27087 6.28141 6.23101 6.02602 5.74890 5.55752 5.55805 5.45407 5.58874 5.63250 5.64038 5.68523 5.65152 5.61328 5.60897 5.48502 5.35653 5.51285 5.51235 5.47763 5.64178 5.74532 -99999.00000 -99999.00000 -99999.00000 -99999.00000 -99999.00000 -99999.00000 -99999.00000 -99999.00000 -99999.00000 -99999.00000 -99999.00000 -99999.00000 -99999.00000 -99999.00000 -99999.00000
6.29604 6.41624 6.33009 6.35510 6.35542 6.29615 6.05613 5.82240 5.85905 5.84487 5.97549 6.03141 6.25465 6.21690 6.12952 6.14358 6.30196 6.42195 6.45833 6.46039 6.49135 6.48083 6.42737 6.39636 6.29603 6.29778 6.41017 6.46384 6.44896 6.42444 6.33539 6.23661 6.13876 5.96313 5.69495 5.54910 5.64987 5.58270 5.59990 5.63728 5.71196 5.70106 5.71357 5.70472 5.54518 5.38545 5.50900 5.53196 5.55951 5.56951 5.67964 5.70387 -99999.00000 -99999.00000 -99999.00000 -99999.00000 -99999.00000 -99999.00000 -99999.00000 -99999.00000 -99999.00000 -99999.00000 -99999.00000 -99999.00000 -99999.00000 -99999.00000
6.35328 6.42173 6.33082 6.31603 6.31490 6.30223 6.30550 5.99170 5.83698 5.88329 5.96768 5.94632 5.97793 6.16670 5.99451 5.99118 6.08235 6.34153 6.42589 6.44251 6.44865 6.44135 6.39244 6.26766 6.19011 6.29843 6.45709 6.50656 6.48410 6.44361 6.39950 6.34716 6.31784 6.17385 5.83549 5.70397 5.72305 5.57924 5.54662 5.41803 5.61209 5.64047 5.67377 5.66066 5.62419 5.40760 5.44134 5.51600 5.47669 5.44916 5.57087 5.62259 5.42057 4.79160 -99999.00000 -99999.00000 -99999.00000 -99999.00000 -99999.00000 -99999.00000 -99999.00000 -99999.00000 -99999.00000 -99999.00000 -99999.00000 -99999.00000
6.31832 6.35940 6.40757 6.35001 6.39906 6.38245 6.37214 6.13539 5.85617 5.80647 5.95201 6.00155 5.93591 6.04797 6.00564 6.00988 6.10819 6.21114 6.23266 6.32095 6.42378 6.39730 6.38547 6.30284 6.15238 6.21540 6.37132 6.43108 6.46298 6.47658 6.49173 6.44304 6.37760 6.02704 5.78675 5.65418 5.67531 5.62560 5.41850 5.54584 5.49582 5.43582 5.56011 5.31320 5.55457 5.51729 5.30620 5.44652 5.37551 5.47588 5.21815 5.42764 5.29314 4.99986 3.77013 -99999.00000 -99999.00000 -99999.00000 -99999.00000 -99999.00000 -99999.00000 -99999.00000 -99999.00000 -99999.00000 -99999.00000 -99999.00000
6.39395 6.32404 6.37787 6.29875 6.33366 6.31952 6.22587 6.26861 6.09176 5.84331 5.84134 5.86034 5.97866 6.18403 6.02635 6.09095 6.29033 6.23024 6.21281 6.18374 6.32955 6.39593 6.43224 6.36049 6.07412 6.02801 6.26408 6.33983 6.46867 6.44317 6.43396 6.39714 6.31884 6.01931 5.86790 5.72220 5.62517 5.67642 5.57320 5.51464 5.45550 5.52278 5.60349 5.45883 5.22284 5.43828 5.07246 5.08554 4.95995 4.72977 4.30886 4.26110 4.22363 4.13101 5.11576 5.55793 -99999.00000 -99999.00000 -99999.00000 -99999.00000 -99999.00000 -99999.00000 -99999.00000 -99999.00000 -99999.00000 -99999.00000
6.43219 6.42501 6.42717 6.32567 6.32680 6.33180 6.31056 6.39275 6.41335 6.28096 6.05746 5.91458 6.12768 6.17612 6.27980 6.25909 6.33439 6.23529 6.17663 6.21847 6.40503 6.42981 6.37457 6.35013 6.25051 6.17782 6.28897 6.41784 6.46630 6.42488 6.30613 6.27696 6.22267 5.93183 5.85551 5.91810 5.78724 5.72805 5.59968 5.31172 5.12195 5.21201 5.58089 5.31106 5.09279 4.09346 5.12436 4.82359 3.55642 2.13807 1.91151 2.05103 2.40489 4.28224 5.52928 5.56550 5.63638 -99999.00000 -99999.00000 -99999.00000 -99999.00000 -99999.00000 -99999.00000 -99999.00000 -99999.00000 -99999.00000
6.45200 6.48831 6.46165 6.28023 6.28364 6.33196 6.34109 6.34078 6.44290 6.45781 6.35542 6.24024 6.19231 6.22668 6.43228 6.41854 6.27736 6.39623 6.32691 6.27660 6.32989 6.38653 6.39408 6.30022 6.24701 6.28915 6.38274 6.43218 6.43307 6.39509 6.29306 6.23037 6.17859 5.83178 5.81016 5.91595 5.89739 5.76253 5.58277 4.52147 4.81251 4.78578 5.45787 5.45509 3.34306 1.38667 2.68253 3.53519 2.21682 0.75074 0.44037 0.45858 1.40540 5.24841 5.57015 5.65435 5.66478 5.74207 5.81897 -99999.00000 -99999.00000 -99999.00000 -99999.00000 -99999.00000 -99999.00000 -99999.00000
6.48617 6.38061 6.32872 6.28901 6.32895 6.37283 6.32751 6.12886 6.17277 6.37887 6.28423 6.10066 6.06286 6.12219 6.39615 6.39396 6.09956 6.29731 6.23350 6.19984 6.24936 6.32860 6.34624 6.24012 6.30922 6.40713 6.44740 6.43088 6.41364 6.41070 6.29610 6.16479 5.87715 5.71238 5.76606 5.77644 5.73020 5.73256 5.65534 5.48659 4.66679 4.63470 4.34503 5.24942 3.08388 2.05694 3.58200 1.72038 0.49888 0.43530 0.29624 0.62555 4.18206 5.60251 5.68491 5.68617 5.72954 5.77476 5.84193 5.86805 -99999.00000 -99999.00000 -99999.00000 -99999.00000 -99999.00000 -99999.00000
6.46523 6.41022 6.11554 6.20226 6.21279 6.36625 6.25644 5.98448 5.80838 5.92637 6.09460 5.95479 5.95529 6.10499 6.30833 5.99349 5.76291 5.85812 6.13316 6.21951 6.27255 6.21883 6.17643 6.22380 6.42288 6.46633 6.49042 6.46569 6.46347 6.44364 6.39071 6.13534 5.76243 5.72319 5.68955 5.69941 5.68477 5.65433 5.69343 5.66721 5.27353 2.87006 3.31140 3.11035 5.22495 5.26157 4.53713 0.81343 0.47486 1.59109 0.63144 0.95180 5.33716 5.66878 5.69918 5.72261 5.74235 5.79416 5.85230 5.97167 6.13493 6.14719 -99999.00000 -99999.00000 -99999.00000 -99999.00000
6.46886 6.41864 6.25282 6.14368 6.30092 6.27779 6.22379 5.83475 5.83832 5.78216 5.89926 5.96012 5.88028 6.06230 6.16977 5.79116 5.79728 5.75235 6.00826 6.19260 6.20494 6.25978 6.23342 6.35415 6.43877 6.48516 6.48572 6.48108 6.47163 6.48593 6.40037 6.15978 5.80166 5.72407 5.77304 5.78146 5.67676 5.73316 5.76464 5.66518 5.11876 3.05501 2.54905 1.02175 4.24678 5.47982 5.03834 1.27436 3.68099 4.48869 1.01607 0.60104 5.30716 5.66295 5.71520 5.77805 5.74121 5.71633 5.77750 6.05639 6.20347 6.02394 5.78867 -99999.00000 -99999.00000 -99999.00000
