mrvbf_slope0.9_pctl1.4.asc
NCOLS 410
NROWS 410
XLLCORNER 2398750.0000000000000000
YLLCORNER 2548750.0000000000000000
CELLSIZE 250.0000000000000000
NODATA_VALUE -99999.00000
[rows 87 to 115 of 410, columns 198 to 263 of 410]
7.58860 7.57745 7.56677 7.57184 7.57826 7.57933 7.57244 7.55899 7.55812 7.55992 7.55086 7.55923 7.56626 7.56289 7.56217 7.55419 7.55533 7.54636 7.53437 7.51647 7.51496 7.50526 7.48923 7.48265 7.49164 7.50316 7.52252 7.52255 7.52307 7.51652 -99999.00000 -99999.00000 -99999.00000 -99999.00000 -99999.00000 -99999.00000 -99999.00000 -99999.00000 -99999.00000 -99999.00000 -99999.00000 -99999.00000 -99999.00000 -99999.00000 -99999.00000 -99999.00000 -99999.00000 -99999.00000 -99999.00000 -99999.00000 -99999.00000 -99999.00000 -99999.00000 -99999.00000 -99999.00000 -99999.00000 -99999.00000 -99999.00000 -99999.00000 -99999.00000 -99999.00000 -99999.00000 -99999.00000 -99999.00000 -99999.00000 -99999.00000
7.60301 7.59220 7.57959 7.58238 7.59137 7.58730 7.57618 7.56744 7.55029 7.54940 7.55692 7.55854 7.55756 7.55713 7.55608 7.56277 7.56328 7.55449 7.54644 7.52451 7.51010 7.49985 7.49522 7.48371 7.48369 7.49561 7.51945 7.53579 7.53419 7.51819 7.49660 -99999.00000 -99999.00000 -99999.00000 -99999.00000 -99999.00000 -99999.00000 -99999.00000 -99999.00000 -99999.00000 -99999.00000 -99999.00000 -99999.00000 -99999.00000 -99999.00000 -99999.00000 -99999.00000 -99999.00000 -99999.00000 -99999.00000 -99999.00000 -99999.00000 -99999.00000 -99999.00000 -99999.00000 -99999.00000 -99999.00000 -99999.00000 -99999.00000 -99999.00000 -99999.00000 -99999.00000 -99999.00000 -99999.00000 -99999.00000 -99999.00000
7.60287 7.59430 7.59146 7.60009 7.59604 7.58280 7.57115 7.55244 7.55747 7.55560 7.55414 7.54646 7.54872 7.56122 7.55880 7.56518 7.56390 7.56310 7.55645 7.53649 7.52091 7.48166 7.46846 7.47396 7.48500 7.50000 7.51849 7.54030 7.54034 7.53298 7.51099 -99999.00000 -99999.00000 -99999.00000 -99999.00000 -99999.00000 -99999.00000 -99999.00000 -99999.00000 -99999.00000 -99999.00000 -99999.00000 -99999.00000 -99999.00000 -99999.00000 -99999.00000 -99999.00000 -99999.00000 -99999.00000 -99999.00000 -99999.00000 -99999.00000 -99999.00000 -99999.00000 -99999.00000 -99999.00000 -99999.00000 -99999.00000 -99999.00000 -99999.00000 -99999.00000 -99999.00000 -99999.00000 -99999.00000 -99999.00000 -99999.00000
7.60708 7.59748 7.59631 7.60145 7.59581 7.58975 7.57387 7.55812 7.55544 7.54535 7.55181 7.55894 7.55758 7.55963 7.56198 7.56706 7.56008 7.55559 7.54367 7.53420 7.52814 7.49136 7.45385 7.44998 7.46679 7.50215 7.51989 7.52931 7.53575 7.54772 7.53611 -99999.00000 -99999.00000 -99999.00000 -99999.00000 -99999.00000 -99999.00000 -99999.00000 -99999.00000 -99999.00000 -99999.00000 -99999.00000 -99999.00000 -99999.00000 -99999.00000 -99999.00000 -99999.00000 -99999.00000 -99999.00000 -99999.00000 -99999.00000 -99999.00000 -99999.00000 -99999.00000 -99999.00000 -99999.00000 -99999.00000 -99999.00000 -99999.00000 -99999.00000 -99999.00000 -99999.00000 -99999.00000 -99999.00000 -99999.00000 -99999.00000
7.60732 7.60173 7.59884 7.59359 7.59023 7.59545 7.58641 7.56507 7.56294 7.55631 7.56022 7.56158 7.55515 7.54870 7.56469 7.57141 7.56411 7.54836 7.52754 7.53099 7.51370 7.48304 7.46236 7.42929 7.46597 7.50249 7.51167 7.52079 7.54527 7.54404 7.54097 -99999.00000 -99999.00000 -99999.00000 -99999.00000 -99999.00000 -99999.00000 -99999.00000 -99999.00000 -99999.00000 -99999.00000 -99999.00000 -99999.00000 -99999.00000 -99999.00000 -99999.00000 -99999.00000 -99999.00000 -99999.00000 -99999.00000 -99999.00000 -99999.00000 -99999.00000 -99999.00000 -99999.00000 -99999.00000 -99999.00000 -99999.00000 -99999.00000 -99999.00000 -99999.00000 -99999.00000 -99999.00000 -99999.00000 -99999.00000 -99999.00000
7.58579 7.59904 7.59761 7.59029 7.58660 7.59301 7.58656 7.57355 7.57404 7.56081 7.55995 7.55636 7.55561 7.55291 7.56315 7.56657 7.55605 7.52888 7.52527 7.51716 7.50105 7.48590 7.47845 7.45607 7.47564 7.50770 7.51299 7.52678 7.53990 7.54714 7.54348 7.53157 -99999.00000 -99999.00000 -99999.00000 -99999.00000 -99999.00000 -99999.00000 -99999.00000 -99999.00000 -99999.00000 -99999.00000 -99999.00000 -99999.00000 -99999.00000 -99999.00000 -99999.00000 -99999.00000 -99999.00000 -99999.00000 -99999.00000 -99999.00000 -99999.00000 -99999.00000 -99999.00000 -99999.00000 -99999.00000 -99999.00000 -99999.00000 -99999.00000 -99999.00000 -99999.00000 -99999.00000 -99999.00000 -99999.00000 -99999.00000
7.54201 7.57676 7.59535 7.59089 7.58941 7.58193 7.58283 7.57525 7.56969 7.55277 7.55139 7.55239 7.56253 7.55311 7.55951 7.55917 7.53523 7.51316 7.52495 7.51523 7.50882 7.50341 7.49490 7.47289 7.48793 7.51885 7.52237 7.51741 7.52551 7.53778 7.52935 7.51962 -99999.00000 -99999.00000 -99999.00000 -99999.00000 -99999.00000 -99999.00000 -99999.00000 -99999.00000 -99999.00000 -99999.00000 -99999.00000 -99999.00000 -99999.00000 -99999.00000 -99999.00000 -99999.00000 -99999.00000 -99999.00000 -99999.00000 -99999.00000 -99999.00000 -99999.00000 -99999.00000 -99999.00000 -99999.00000 -99999.00000 -99999.00000 -99999.00000 -99999.00000 -99999.00000 -99999.00000 -99999.00000 -99999.00000 -99999.00000
7.53371 7.53425 7.58079 7.58106 7.57632 7.58013 7.56990 7.56753 7.55281 7.55073 7.55601 7.55604 7.55187 7.54315 7.55526 7.55672 7.52345 7.51479 7.52878 7.53109 7.51815 7.51386 7.50787 7.48321 7.49305 7.52030 7.52714 7.52273 7.51700 7.52435 7.51140 7.48852 -99999.00000 -99999.00000 -99999.00000 -99999.00000 -99999.00000 -99999.00000 -99999.00000 -99999.00000 -99999.00000 -99999.00000 -99999.00000 -99999.00000 -99999.00000 -99999.00000 -99999.00000 -99999.00000 -99999.00000 -99999.00000 -99999.00000 -99999.00000 -99999.00000 -99999.00000 -99999.00000 -99999.00000 -99999.00000 -99999.00000 -99999.00000 -99999.00000 -99999.00000 -99999.00000 -99999.00000 -99999.00000 -99999.00000 -99999.00000
7.48844 7.54422 7.56499 7.57257 7.57455 7.56982 7.56016 7.55546 7.55230 7.56041 7.55959 7.54846 7.54154 7.54260 7.54465 7.54322 7.51818 7.51907 7.53374 7.53515 7.51795 7.51976 7.52849 7.50508 7.49488 7.52089 7.53347 7.53146 7.53347 7.52741 7.52814 7.52768 -99999.00000 -99999.00000 -99999.00000 -99999.00000 -99999.00000 -99999.00000 -99999.00000 -99999.00000 -99999.00000 -99999.00000 -99999.00000 -99999.00000 -99999.00000 -99999.00000 -99999.00000 -99999.00000 -99999.00000 -99999.00000 -99999.00000 -99999.00000 -99999.00000 -99999.00000 -99999.00000 -99999.00000 -99999.00000 -99999.00000 -99999.00000 -99999.00000 -99999.00000 -99999.00000 -99999.00000 -99999.00000 -99999.00000 -99999.00000
7.49481 7.54610 7.55137 7.56643 7.56705 7.57310 7.55456 7.54826 7.55837 7.56824 7.56285 7.54692 7.53959 7.53994 7.54241 7.52255 7.51889 7.52284 7.52550 7.52169 7.52218 7.53034 7.52698 7.51345 7.49978 7.51257 7.52780 7.53480 7.54322 7.54268 7.54383 7.54067 7.52242 -99999.00000 -99999.00000 -99999.00000 -99999.00000 -99999.00000 -99999.00000 -99999.00000 -99999.00000 -99999.00000 -99999.00000 -99999.00000 -99999.00000 -99999.00000 -99999.00000 -99999.00000 -99999.00000 -99999.00000 -99999.00000 -99999.00000 -99999.00000 -99999.00000 -99999.00000 -99999.00000 -99999.00000 -99999.00000 -99999.00000 -99999.00000 -99999.00000 -99999.00000 -99999.00000 -99999.00000 -99999.00000 -99999.00000
7.53603 7.56421 7.55528 7.53664 7.56148 7.57199 7.56834 7.56284 7.55876 7.56544 7.55494 7.54314 7.55886 7.55924 7.54503 7.53115 7.51425 7.51754 7.52282 7.52530 7.52348 7.52290 7.51162 7.50014 7.49891 7.52284 7.53134 7.52682 7.53362 7.53215 7.53387 7.53622 7.51832 -99999.00000 -99999.00000 -99999.00000 -99999.00000 -99999.00000 -99999.00000 -99999.00000 -99999.00000 -99999.00000 -99999.00000 -99999.00000 -99999.00000 -99999.00000 -99999.00000 -99999.00000 -99999.00000 -99999.00000 -99999.00000 -99999.00000 -99999.00000 -99999.00000 -99999.00000 -99999.00000 -99999.00000 -99999.00000 -99999.00000 -99999.00000 -99999.00000 -99999.00000 -99999.00000 -99999.00000 -99999.00000 -99999.00000
7.50653 7.52852 7.55716 7.54251 7.55054 7.55985 7.57061 7.57176 7.56776 7.56698 7.55405 7.55726 7.56435 7.56541 7.54902 7.52318 7.52045 7.52759 7.52173 7.51795 7.50490 7.50653 7.51065 7.50968 7.51804 7.53415 7.53227 7.52105 7.52253 7.52988 7.52564 7.54176 7.52723 7.52681 -99999.00000 -99999.00000 -99999.00000 -99999.00000 -99999.00000 -99999.00000 -99999.00000 -99999.00000 -99999.00000 -99999.00000 -99999.00000 -99999.00000 -99999.00000 -99999.00000 -99999.00000 -99999.00000 -99999.00000 -99999.00000 -99999.00000 -99999.00000 -99999.00000 -99999.00000 -99999.00000 -99999.00000 -99999.00000 -99999.00000 -99999.00000 -99999.00000 -99999.00000 -99999.00000 -99999.00000 -99999.00000
7.50362 7.41525 7.50156 7.54634 7.55278 7.56100 7.56662 7.56903 7.56679 7.56327 7.56020 7.55733 7.56388 7.55841 7.54144 7.53053 7.53276 7.52136 7.50932 7.49251 7.50603 7.52012 7.52507 7.52563 7.52952 7.53948 7.53814 7.52927 7.52212 7.52681 7.53021 7.53743 7.53371 7.53296 7.51876 7.50788 -99999.00000 -99999.00000 -99999.00000 -99999.00000 -99999.00000 -99999.00000 -99999.00000 -99999.00000 -99999.00000 -99999.00000 -99999.00000 -99999.00000 -99999.00000 -99999.00000 -99999.00000 -99999.00000 -99999.00000 -99999.00000 -99999.00000 -99999.00000 -99999.00000 -99999.00000 -99999.00000 -99999.00000 -99999.00000 -99999.00000 -99999.00000 -99999.00000 -99999.00000 -99999.00000
7.46769 7.47741 7.45692 7.53251 7.56116 7.57335 7.56416 7.57170 7.56188 7.55087 7.55690 7.55990 7.55248 7.54948 7.54840 7.53243 7.52319 7.51598 7.50117 7.50205 7.52692 7.53479 7.53223 7.53793 7.51259 7.51109 7.52677 7.52663 7.51751 7.52258 7.53335 7.52057 7.52945 7.53969 7.52641 7.51759 7.51364 -99999.00000 -99999.00000 -99999.00000 -99999.00000 -99999.00000 -99999.00000 -99999.00000 -99999.00000 -99999.00000 -99999.00000 -99999.00000 -99999.00000 -99999.00000 -99999.00000 -99999.00000 -99999.00000 -99999.00000 -99999.00000 -99999.00000 -99999.00000 -99999.00000 -99999.00000 -99999.00000 -99999.00000 -99999.00000 -99999.00000 -99999.00000 -99999.00000 -99999.00000
7.51541 7.45445 7.52211 7.55571 7.56026 7.56388 7.57242 7.57277 7.55914 7.55233 7.54454 7.54534 7.54058 7.54373 7.54692 7.52935 7.50829 7.52808 7.52400 7.51177 7.52232 7.51919 7.53347 7.53435 7.51012 7.49081 7.50018 7.51736 7.51216 7.51466 7.51895 7.51008 7.52505 7.54075 7.53358 7.51084 7.50547 7.50815 7.51365 -99999.00000 -99999.00000 -99999.00000 -99999.00000 -99999.00000 -99999.00000 -99999.00000 -99999.00000 -99999.00000 -99999.00000 -99999.00000 -99999.00000 -99999.00000 -99999.00000 -99999.00000 -99999.00000 -99999.00000 -99999.00000 -99999.00000 -99999.00000 -99999.00000 -99999.00000 -99999.00000 -99999.00000 -99999.00000 -99999.00000 -99999.00000
7.53486 7.54386 7.57154 7.56635 7.55772 7.55825 7.56204 7.57136 7.55136 7.54219 7.54012 7.54669 7.53971 7.52922 7.52774 7.52259 7.51146 7.53691 7.52896 7.51732 7.52034 7.51149 7.51286 7.51751 7.49764 7.47246 7.47220 7.51252 7.51181 7.51960 7.51289 7.50716 7.50904 7.53264 7.53641 7.51775 7.52108 7.53138 7.52193 7.49779 -99999.00000 -99999.00000 -99999.00000 -99999.00000 -99999.00000 -99999.00000 -99999.00000 -99999.00000 -99999.00000 -99999.00000 -99999.00000 -99999.00000 -99999.00000 -99999.00000 -99999.00000 -99999.00000 -99999.00000 -99999.00000 -99999.00000 -99999.00000 -99999.00000 -99999.00000 -99999.00000 -99999.00000 -99999.00000 -99999.00000
7.56831 7.57852 7.58202 7.56829 7.56201 7.56955 7.56710 7.57728 7.56040 7.53017 7.53823 7.55056 7.53766 7.53087 7.52144 7.52002 7.51850 7.53491 7.53386 7.52769 7.51521 7.50927 7.50504 7.50808 7.49036 7.45667 7.49059 7.51551 7.50686 7.52050 7.51092 7.49372 7.48647 7.50412 7.51601 7.50339 7.50924 7.52305 7.51437 7.48614 7.45375 -99999.00000 -99999.00000 -99999.00000 -99999.00000 -99999.00000 -99999.00000 -99999.00000 -99999.00000 -99999.00000 -99999.00000 -99999.00000 -99999.00000 -99999.00000 -99999.00000 -99999.00000 -99999.00000 -99999.00000 -99999.00000 -99999.00000 -99999.00000 -99999.00000 -99999.00000 -99999.00000 -99999.00000 -99999.00000
7.55010 7.57644 7.57658 7.56291 7.56652 7.56289 7.55354 7.56153 7.56399 7.55696 7.54101 7.53916 7.52168 7.51975 7.54011 7.53070 7.53376 7.53121 7.52216 7.51492 7.51150 7.49656 7.48108 7.48794 7.50038 7.48467 7.49159 7.51232 7.51062 7.50995 7.50119 7.46855 7.47551 7.49647 7.50835 7.49340 7.49721 7.50515 7.49019 7.46681 7.45780 7.43224 -99999.00000 -99999.00000 -99999.00000 -99999.00000 -99999.00000 -99999.00000 -99999.00000 -99999.00000 -99999.00000 -99999.00000 -99999.00000 -99999.00000 -99999.00000 -99999.00000 -99999.00000 -99999.00000 -99999.00000 -99999.00000 -99999.00000 -99999.00000 -99999.00000 -99999.00000 -99999.00000 -99999.00000
7.54811 7.56475 7.55861 7.55486 7.55063 7.54728 7.55152 7.55615 7.56368 7.56217 7.55418 7.55863 7.54323 7.52427 7.54021 7.54302 7.54136 7.54860 7.53644 7.51606 7.49078 7.47182 7.46178 7.47026 7.48467 7.46839 7.48232 7.50117 7.50670 7.49819 7.47374 7.47068 7.47780 7.50184 7.51642 7.50320 7.49686 7.48752 7.48195 7.47081 7.46833 7.46680 7.47160 -99999.00000 -99999.00000 -99999.00000 -99999.00000 -99999.00000 -99999.00000 -99999.00000 -99999.00000 -99999.00000 -99999.00000 -99999.00000 -99999.00000 -99999.00000 -99999.00000 -99999.00000 -99999.00000 -99999.00000 -99999.00000 -99999.00000 -99999.00000 -99999.00000 -99999.00000 -99999.00000
7.53357 7.55923 7.55330 7.50954 7.47365 7.52268 7.55059 7.56257 7.56118 7.55368 7.56385 7.56199 7.55521 7.55083 7.54560 7.54942 7.54866 7.55199 7.54600 7.52734 7.50004 7.47228 7.45419 7.45637 7.47266 7.47472 7.45260 7.47947 7.49856 7.48147 7.47384 7.46897 7.48358 7.49710 7.49473 7.47866 7.47657 7.48715 7.48780 7.47830 7.47182 7.47039 7.45139 7.43117 -99999.00000 -99999.00000 -99999.00000 -99999.00000 -99999.00000 -99999.00000 -99999.00000 -99999.00000 -99999.00000 -99999.00000 -99999.00000 -99999.00000 -99999.00000 -99999.00000 -99999.00000 -99999.00000 -99999.00000 -99999.00000 -99999.00000 -99999.00000 -99999.00000 -99999.00000
7.53797 7.56482 7.55168 7.44605 7.46258 7.45936 7.54663 7.56089 7.56268 7.56647 7.56023 7.56101 7.56008 7.55916 7.55451 7.54766 7.53979 7.53187 7.53404 7.51797 7.51453 7.49052 7.47156 7.46247 7.46079 7.47283 7.45578 7.45216 7.46862 7.45481 7.43503 7.45040 7.48062 7.47920 7.46477 7.47830 7.46371 7.48793 7.48499 7.47170 7.46425 7.44954 7.45305 7.45790 7.44912 -99999.00000 -99999.00000 -99999.00000 -99999.00000 -99999.00000 -99999.00000 -99999.00000 -99999.00000 -99999.00000 -99999.00000 -99999.00000 -99999.00000 -99999.00000 -99999.00000 -99999.00000 -99999.00000 -99999.00000 -99999.00000 -99999.00000 -99999.00000 -99999.00000
7.56186 7.56399 7.56003 7.51208 7.44344 7.51184 7.55834 7.56448 7.56205 7.56495 7.56398 7.56247 7.56284 7.55757 7.54428 7.53175 7.51572 7.50994 7.52592 7.51635 7.52504 7.51388 7.50107 7.49299 7.46972 7.45819 7.45808 7.45691 7.47864 7.48793 7.46999 7.44541 7.45038 7.45572 7.45168 7.47281 7.47303 7.48469 7.48224 7.46504 7.44140 7.43535 7.45052 7.46036 7.44908 -99999.00000 -99999.00000 -99999.00000 -99999.00000 -99999.00000 -99999.00000 -99999.00000 -99999.00000 -99999.00000 -99999.00000 -99999.00000 -99999.00000 -99999.00000 -99999.00000 -99999.00000 -99999.00000 -99999.00000 -99999.00000 -99999.00000 -99999.00000 -99999.00000
7.57440 7.55923 7.56021 7.55415 7.53335 7.53085 7.54213 7.55378 7.56230 7.56587 7.56609 7.56901 7.56490 7.54754 7.52673 7.47254 7.46319 7.50171 7.52425 7.51896 7.52282 7.51717 7.51375 7.51550 7.50077 7.47033 7.45158 7.44999 7.46640 7.48254 7.48553 7.46254 7.41896 7.41752 7.42324 7.43965 7.46737 7.48203 7.48275 7.46490 7.45362 7.44589 7.45600 7.44071 7.42572 7.41910 7.42512 -99999.00000 -99999.00000 -99999.00000 -99999.00000 -99999.00000 -99999.00000 -99999.00000 -99999.00000 -99999.00000 -99999.00000 -99999.00000 -99999.00000 -99999.00000 -99999.00000 -99999.00000 -99999.00000 -99999.00000 -99999.00000 -99999.00000
7.57260 7.56068 7.56033 7.53071 7.47717 7.41569 7.49575 7.53065 7.55571 7.56206 7.55481 7.55303 7.55002 7.53078 7.48126 7.45536 7.48818 7.49825 7.49457 7.50179 7.51284 7.51088 7.52574 7.53156 7.51553 7.49840 7.47121 7.45142 7.46167 7.47081 7.46117 7.45882 7.42433 7.38918 7.40269 7.41729 7.44560 7.47168 7.47092 7.46797 7.45271 7.45550 7.44066 7.42555 7.41891 7.41392 7.42716 7.45279 7.45993 -99999.00000 -99999.00000 -99999.00000 -99999.00000 -99999.00000 -99999.00000 -99999.00000 -99999.00000 -99999.00000 -99999.00000 -99999.00000 -99999.00000 -99999.00000 -99999.00000 -99999.00000 -99999.00000 -99999.00000
7.56702 7.54772 7.55857 7.49761 7.36375 7.40857 7.41685 7.51179 7.53417 7.55382 7.55206 7.53968 7.52103 7.51440 7.50150 7.46191 7.45682 7.48335 7.48778 7.50214 7.49593 7.50961 7.52345 7.53369 7.51692 7.50234 7.49311 7.45782 7.45503 7.48416 7.47008 7.45130 7.44496 7.43080 7.40067 7.41442 7.44384 7.46531 7.44793 7.43101 7.43923 7.43025 7.42476 7.42804 7.43885 7.42319 7.42389 7.44317 7.44125 7.40972 7.37365 -99999.00000 -99999.00000 -99999.00000 -99999.00000 -99999.00000 -99999.00000 -99999.00000 -99999.00000 -99999.00000 -99999.00000 -99999.00000 -99999.00000 -99999.00000 -99999.00000 -99999.00000
7.52501 7.45883 7.52302 7.53508 7.43925 7.31692 7.40980 7.48725 7.53249 7.53150 7.53201 7.52141 7.52093 7.52277 7.51200 7.51331 7.51510 7.48524 7.49681 7.50804 7.50621 7.48790 7.50543 7.52817 7.51730 7.50946 7.48706 7.45860 7.45771 7.48221 7.47068 7.44432 7.44504 7.45857 7.44720 7.44255 7.45415 7.46151 7.43412 7.37607 7.38738 7.39545 7.40744 7.42182 7.42573 7.43473 7.44649 7.44095 7.42721 7.40870 7.37678 7.32428 -99999.00000 -99999.00000 -99999.00000 -99999.00000 -99999.00000 -99999.00000 -99999.00000 -99999.00000 -99999.00000 -99999.00000 -99999.00000 -99999.00000 -99999.00000 -99999.00000
7.41960 7.45762 7.42673 7.52011 7.50389 7.38234 7.47555 7.44535 7.51112 7.53587 7.52852 7.51932 7.53995 7.52814 7.53203 7.53586 7.53254 7.51487 7.51717 7.51919 7.48892 7.48799 7.51497 7.51956 7.51365 7.50688 7.47462 7.45583 7.45246 7.47212 7.46069 7.44668 7.42739 7.44504 7.44262 7.44573 7.46586 7.46648 7.43597 7.41077 7.36908 7.40075 7.41382 7.40386 7.38985 7.40458 7.43584 7.43989 7.41887 7.39678 7.39198 7.38568 7.34889 7.30617 -99999.00000 -99999.00000 -99999.00000 -99999.00000 -99999.00000 -99999.00000 -99999.00000 -99999.00000 -99999.00000 -99999.00000 -99999.00000 -99999.00000
7.43359 7.37007 7.46800 7.52330 7.50783 7.43870 7.44629 7.46257 7.52349 7.53204 7.51573 7.51239 7.51723 7.51803 7.54358 7.54204 7.52745 7.52359 7.53193 7.53886 7.50992 7.49725 7.51028 7.51418 7.50403 7.49596 7.47933 7.45960 7.43719 7.42612 7.45827 7.45815 7.42173 7.44045 7.45708 7.46013 7.45391 7.45216 7.43797 7.39035 7.40811 7.43335 7.42929 7.42989 7.40134 7.37935 7.39139 7.41388 7.43229 7.44211 7.45047 7.43019 7.39100 7.36710 7.36144 -99999.00000 -99999.00000 -99999.00000 -99999.00000 -99999.00000 -99999.00000 -99999.00000 -99999.00000 -99999.00000 -99999.00000 -99999.00000
7.40844 7.47741 7.50750 7.50618 7.45885 7.19276 7.33037 7.25721 7.46985 7.50021 7.51691 7.50698 7.50596 7.51771 7.53375 7.54201 7.54071 7.52790 7.53289 7.53376 7.51523 7.50709 7.49734 7.49308 7.50611 7.50696 7.49890 7.46781 7.44175 7.43482 7.45871 7.45573 7.43992 7.43566 7.44143 7.44580 7.43614 7.44149 7.43733 7.42238 7.45016 7.45151 7.44304 7.44212 7.44248 7.43062 7.41852 7.43572 7.45576 7.46155 7.45032 7.43398 7.41544 7.37649 7.36081 7.38763 7.40164 -99999.00000 -99999.00000 -99999.00000 -99999.00000 -99999.00000 -99999.00000 -99999.00000 -99999.00000 -99999.00000
