mrvbf_slope1.3_pctl0.7.asc
NCOLS 410
NROWS 410
XLLCORNER 2398750.0000000000000000
YLLCORNER 2548750.0000000000000000
CELLSIZE 250.0000000000000000
NODATA_VALUE -99999.00000
[rows 87 to 115 of 410, columns 66 to 131 of 410]
7.83778 7.83676 7.83581 7.83626 7.83736 7.83695 7.83581 7.83221 7.83105 7.82764 7.82633 7.82959 7.83195 7.83126 7.83184 7.83487 7.83656 7.83648 7.83553 7.83337 7.83083 7.83061 7.83208 7.83320 7.83376 7.83366 7.83323 7.83302 7.83241 7.83110 7.82897 7.82639 7.82478 7.82465 7.82561 7.82639 7.82619 7.82517 7.82632 7.82712 7.82747 7.82778 7.82809 7.82851 7.82899 7.82991 7.83038 7.82911 7.82816 7.82773 7.82755 7.82815 7.82950 7.83040 7.83083 7.83095 7.83081 7.83072 7.83118 7.83153 7.83109 7.82905 7.82646 7.82734 7.82817 7.82604
7.83541 7.83539 7.83477 7.83518 7.83614 7.83580 7.83512 7.83418 7.83300 7.83223 7.83201 7.82989 7.83072 7.83109 7.83322 7.83551 7.83593 7.83500 7.83299 7.83078 7.83044 7.83197 7.83317 7.83355 7.83364 7.83333 7.83280 7.83206 7.83081 7.82861 7.82597 7.82452 7.82442 7.82507 7.82617 7.82635 7.82408 7.82240 7.82393 7.82492 7.82530 7.82550 7.82623 7.82762 7.82884 7.82982 7.83035 7.82975 7.82883 7.82831 7.82836 7.82923 7.83028 7.83014 7.83009 7.83071 7.83090 7.83104 7.83144 7.83140 7.83104 7.83026 7.82988 7.82987 7.82947 7.82790
7.83383 7.83350 7.83297 7.83306 7.83289 7.83177 7.83311 7.83525 7.83501 7.83346 7.83313 7.83112 7.83188 7.83310 7.83497 7.83537 7.83427 7.83222 7.83039 7.83026 7.83143 7.83265 7.83318 7.83328 7.83312 7.83281 7.83238 7.83140 7.82955 7.82712 7.82526 7.82505 7.82548 7.82645 7.82697 7.82587 7.82178 7.82251 7.82439 7.82503 7.82530 7.82552 7.82613 7.82730 7.82848 7.82933 7.82974 7.82962 7.82927 7.82907 7.82930 7.83000 7.83022 7.82928 7.82960 7.83073 7.83101 7.83110 7.83113 7.83093 7.83027 7.82952 7.82940 7.82957 7.82898 7.82699
7.83505 7.83381 7.83282 7.83200 7.83000 7.82951 7.83161 7.83376 7.83372 7.83257 7.83240 7.83174 7.83280 7.83429 7.83458 7.83322 7.83104 7.82968 7.82990 7.83109 7.83215 7.83266 7.83281 7.83274 7.83249 7.83221 7.83172 7.83063 7.82853 7.82629 7.82539 7.82595 7.82672 7.82733 7.82697 7.82429 7.82198 7.82457 7.82639 7.82678 7.82708 7.82750 7.82774 7.82816 7.82875 7.82918 7.82943 7.82954 7.82959 7.82970 7.82998 7.83031 7.82982 7.82843 7.82902 7.83034 7.83061 7.83069 7.83063 7.83034 7.82939 7.82868 7.82829 7.82794 7.82619 7.82305
7.83447 7.83431 7.83356 7.83209 7.83089 7.83186 7.83159 7.83147 7.83147 7.83196 7.83295 7.83314 7.83249 7.83287 7.83164 7.82913 7.82854 7.82957 7.83083 7.83176 7.83221 7.83232 7.83227 7.83210 7.83185 7.83151 7.83092 7.82990 7.82781 7.82550 7.82480 7.82544 7.82665 7.82724 7.82651 7.82403 7.82287 7.82480 7.82682 7.82793 7.82857 7.82895 7.82904 7.82924 7.82950 7.82964 7.82975 7.82989 7.83001 7.83015 7.83019 7.82991 7.82896 7.82773 7.82865 7.82992 7.83013 7.83010 7.82993 7.82964 7.82905 7.82793 7.82744 7.82607 7.82314 7.82194
7.83264 7.83361 7.83332 7.83118 7.83100 7.83188 7.83063 7.82978 7.82993 7.83138 7.83308 7.83251 7.83088 7.82984 7.82795 7.82757 7.82924 7.83062 7.83140 7.83165 7.83172 7.83171 7.83158 7.83134 7.83102 7.83054 7.82986 7.82890 7.82710 7.82477 7.82377 7.82465 7.82631 7.82678 7.82585 7.82388 7.82319 7.82466 7.82679 7.82837 7.82908 7.82917 7.82933 7.82968 7.82988 7.82994 7.83001 7.83007 7.83011 7.83012 7.82982 7.82893 7.82775 7.82771 7.82900 7.82954 7.82943 7.82917 7.82889 7.82860 7.82818 7.82696 7.82516 7.82336 7.82292 7.82445
7.83180 7.83160 7.83061 7.82920 7.82982 7.83013 7.82850 7.82788 7.82856 7.83074 7.83280 7.83130 7.82874 7.82721 7.82738 7.82922 7.83042 7.83081 7.83103 7.83103 7.83092 7.83080 7.83059 7.83029 7.82985 7.82911 7.82804 7.82685 7.82531 7.82367 7.82315 7.82442 7.82593 7.82604 7.82496 7.82352 7.82328 7.82473 7.82688 7.82846 7.82897 7.82911 7.82947 7.82972 7.82981 7.82983 7.82981 7.82982 7.82977 7.82966 7.82915 7.82814 7.82765 7.82846 7.82901 7.82878 7.82824 7.82768 7.82729 7.82710 7.82663 7.82420 7.82132 7.82169 7.82441 7.82662
7.83222 7.83005 7.82748 7.82803 7.83069 7.82908 7.82701 7.82614 7.82728 7.83013 7.83201 7.82948 7.82680 7.82728 7.82881 7.82972 7.83007 7.83023 7.83032 7.83007 7.82961 7.82932 7.82915 7.82883 7.82814 7.82678 7.82538 7.82425 7.82328 7.82298 7.82321 7.82411 7.82530 7.82541 7.82446 7.82331 7.82337 7.82497 7.82701 7.82833 7.82867 7.82901 7.82936 7.82945 7.82948 7.82947 7.82944 7.82940 7.82933 7.82911 7.82852 7.82768 7.82780 7.82841 7.82817 7.82730 7.82582 7.82426 7.82354 7.82367 7.82349 7.82120 7.82069 7.82379 7.82549 7.82646
7.83220 7.82981 7.82711 7.82753 7.82972 7.82923 7.82610 7.82455 7.82609 7.82953 7.83122 7.82842 7.82618 7.82734 7.82854 7.82890 7.82909 7.82928 7.82909 7.82842 7.82768 7.82707 7.82673 7.82627 7.82524 7.82395 7.82333 7.82281 7.82243 7.82273 7.82313 7.82401 7.82536 7.82559 7.82455 7.82332 7.82364 7.82537 7.82701 7.82793 7.82822 7.82867 7.82900 7.82901 7.82895 7.82888 7.82880 7.82872 7.82859 7.82831 7.82772 7.82685 7.82681 7.82723 7.82651 7.82401 7.82042 7.81828 7.81797 7.81900 7.82090 7.82238 7.82303 7.82386 7.82511 7.82636
7.83172 7.83020 7.82758 7.82737 7.82909 7.82862 7.82498 7.82298 7.82523 7.82914 7.83026 7.82786 7.82568 7.82620 7.82735 7.82782 7.82789 7.82772 7.82693 7.82608 7.82547 7.82475 7.82404 7.82328 7.82263 7.82255 7.82259 7.82220 7.82182 7.82174 7.82206 7.82350 7.82553 7.82592 7.82465 7.82314 7.82347 7.82490 7.82617 7.82718 7.82767 7.82812 7.82847 7.82840 7.82825 7.82810 7.82793 7.82771 7.82732 7.82684 7.82636 7.82552 7.82496 7.82504 7.82353 7.81925 7.81574 7.81567 7.81626 7.81721 7.81976 7.82368 7.82498 7.82509 7.82561 7.82561
7.83107 7.82995 7.82782 7.82753 7.82887 7.82770 7.82394 7.82209 7.82548 7.82930 7.82996 7.82771 7.82496 7.82477 7.82615 7.82662 7.82623 7.82507 7.82388 7.82361 7.82366 7.82328 7.82270 7.82221 7.82221 7.82259 7.82263 7.82225 7.82171 7.82112 7.82112 7.82247 7.82501 7.82642 7.82538 7.82322 7.82213 7.82278 7.82428 7.82592 7.82701 7.82734 7.82765 7.82757 7.82729 7.82688 7.82628 7.82562 7.82518 7.82508 7.82488 7.82412 7.82327 7.82283 7.82125 7.81734 7.81659 7.81881 7.81961 7.81871 7.81825 7.82209 7.82560 7.82660 7.82638 7.82456
7.83027 7.82890 7.82719 7.82785 7.82873 7.82698 7.82356 7.82236 7.82576 7.82884 7.82909 7.82669 7.82368 7.82323 7.82411 7.82421 7.82327 7.82133 7.82086 7.82192 7.82265 7.82284 7.82271 7.82279 7.82305 7.82350 7.82383 7.82336 7.82253 7.82245 7.82323 7.82356 7.82427 7.82637 7.82646 7.82490 7.82285 7.82178 7.82255 7.82432 7.82588 7.82620 7.82614 7.82589 7.82501 7.82333 7.82220 7.82264 7.82363 7.82427 7.82409 7.82320 7.82212 7.82163 7.82109 7.81907 7.81877 7.82125 7.82318 7.82179 7.81838 7.81940 7.82410 7.82609 7.82602 7.82377
7.82928 7.82767 7.82679 7.82803 7.82819 7.82635 7.82368 7.82279 7.82542 7.82770 7.82751 7.82499 7.82193 7.82076 7.82065 7.81995 7.81880 7.81761 7.81912 7.82126 7.82194 7.82275 7.82351 7.82410 7.82448 7.82487 7.82510 7.82422 7.82326 7.82369 7.82452 7.82375 7.82469 7.82663 7.82676 7.82606 7.82476 7.82282 7.82170 7.82269 7.82431 7.82506 7.82484 7.82418 7.82275 7.82130 7.82163 7.82303 7.82439 7.82500 7.82461 7.82354 7.82229 7.82189 7.82248 7.82174 7.82064 7.82185 7.82391 7.82359 7.82061 7.81859 7.82139 7.82478 7.82559 7.82366
7.82802 7.82683 7.82647 7.82730 7.82730 7.82596 7.82377 7.82252 7.82403 7.82556 7.82499 7.82200 7.81884 7.81828 7.81683 7.81532 7.81516 7.81588 7.81811 7.82051 7.82100 7.82280 7.82415 7.82477 7.82526 7.82549 7.82551 7.82475 7.82401 7.82414 7.82425 7.82415 7.82562 7.82649 7.82594 7.82511 7.82453 7.82336 7.82187 7.82180 7.82287 7.82385 7.82421 7.82398 7.82336 7.82327 7.82390 7.82405 7.82485 7.82555 7.82520 7.82440 7.82352 7.82258 7.82323 7.82297 7.82143 7.82191 7.82371 7.82419 7.82265 7.82003 7.81968 7.82297 7.82494 7.82370
7.82630 7.82591 7.82570 7.82605 7.82615 7.82530 7.82322 7.82095 7.82055 7.82088 7.82030 7.81769 7.81553 7.81488 7.81419 7.81579 7.81609 7.81692 7.81745 7.81786 7.81981 7.82222 7.82341 7.82428 7.82513 7.82549 7.82545 7.82496 7.82467 7.82478 7.82467 7.82517 7.82590 7.82539 7.82394 7.82302 7.82324 7.82360 7.82293 7.82167 7.82143 7.82215 7.82298 7.82349 7.82317 7.82182 7.82076 7.82088 7.82193 7.82296 7.82328 7.82334 7.82366 7.82209 7.82229 7.82288 7.82161 7.82202 7.82365 7.82401 7.82296 7.82092 7.81972 7.82197 7.82385 7.82209
7.82361 7.82396 7.82412 7.82430 7.82419 7.82331 7.82142 7.81816 7.81447 7.81302 7.81432 7.81455 7.81464 7.81523 7.81642 7.81727 7.81751 7.81828 7.81884 7.81844 7.81932 7.82125 7.82234 7.82371 7.82437 7.82498 7.82490 7.82447 7.82470 7.82529 7.82537 7.82561 7.82526 7.82376 7.82251 7.82260 7.82294 7.82376 7.82388 7.82218 7.82048 7.82049 7.82143 7.82218 7.82164 7.81994 7.81931 7.81978 7.82006 7.82014 7.82060 7.82074 7.82092 7.82083 7.82192 7.82198 7.82092 7.82204 7.82384 7.82373 7.82225 7.82050 7.82021 7.82186 7.82155 7.81872
7.81959 7.82010 7.82026 7.82035 7.82022 7.81946 7.81803 7.81473 7.80921 7.80889 7.81151 7.81382 7.81542 7.81652 7.81782 7.81846 7.81894 7.81912 7.82002 7.82132 7.82163 7.82138 7.82148 7.82287 7.82421 7.82451 7.82396 7.82332 7.82372 7.82443 7.82498 7.82528 7.82450 7.82303 7.82207 7.82224 7.82237 7.82342 7.82393 7.82301 7.82113 7.81981 7.82032 7.82135 7.82111 7.82067 7.82136 7.82182 7.82143 7.82021 7.81983 7.81988 7.81961 7.82032 7.82133 7.81977 7.81952 7.82161 7.82326 7.82295 7.82137 7.81990 7.82034 7.82186 7.81948 7.81848
7.81363 7.81378 7.81367 7.81426 7.81505 7.81562 7.81459 7.81263 7.81229 7.81283 7.81276 7.81454 7.81660 7.81806 7.81908 7.81963 7.82032 7.81996 7.81985 7.82041 7.82115 7.82134 7.82125 7.82303 7.82370 7.82381 7.82281 7.82225 7.82335 7.82362 7.82371 7.82426 7.82380 7.82336 7.82232 7.82153 7.82198 7.82300 7.82317 7.82303 7.82197 7.82032 7.81945 7.82072 7.82157 7.82193 7.82269 7.82289 7.82266 7.82159 7.82070 7.82061 7.82028 7.81977 7.81860 7.81748 7.81908 7.82132 7.82223 7.82141 7.81985 7.81890 7.82015 7.82177 7.81984 7.81739
7.81011 7.81048 7.81021 7.81226 7.81438 7.81605 7.81629 7.81669 7.81842 7.81842 7.81711 7.81694 7.81774 7.81904 7.82022 7.82072 7.82130 7.82116 7.82066 7.82023 7.82069 7.82135 7.82165 7.82251 7.82248 7.82217 7.82155 7.82149 7.82285 7.82347 7.82285 7.82252 7.82303 7.82255 7.82247 7.82225 7.82197 7.82202 7.82201 7.82208 7.82195 7.82144 7.81973 7.81943 7.82138 7.82199 7.82265 7.82279 7.82262 7.82188 7.82144 7.82134 7.82089 7.81957 7.81663 7.81465 7.81719 7.82037 7.82150 7.82039 7.81833 7.81750 7.81934 7.82152 7.82160 7.81957
7.80971 7.81318 7.81440 7.81579 7.81760 7.81882 7.81958 7.81994 7.82015 7.82023 7.82007 7.81973 7.81944 7.81983 7.82021 7.81985 7.82022 7.82114 7.82174 7.82153 7.82144 7.82162 7.82188 7.82175 7.82002 7.81915 7.81985 7.81976 7.82114 7.82173 7.82191 7.82227 7.82292 7.82253 7.82241 7.82231 7.82207 7.82193 7.82122 7.82050 7.82043 7.82081 7.82073 7.81852 7.81974 7.82120 7.82193 7.82193 7.82172 7.82147 7.82174 7.82172 7.82125 7.82026 7.81776 7.81368 7.81357 7.81717 7.81961 7.81957 7.81746 7.81637 7.81843 7.82102 7.82191 7.82138
7.80996 7.81551 7.81709 7.81772 7.81918 7.81966 7.82006 7.82037 7.82050 7.82057 7.82053 7.82036 7.82003 7.81980 7.81856 7.81747 7.81760 7.81902 7.82042 7.82145 7.82148 7.82111 7.82028 7.81936 7.81845 7.81706 7.81591 7.81844 7.81970 7.81992 7.82044 7.82136 7.82203 7.82143 7.82102 7.82086 7.82112 7.82095 7.81985 7.81917 7.81981 7.81991 7.81938 7.81845 7.81806 7.81923 7.82036 7.82082 7.82110 7.82142 7.82170 7.82159 7.82123 7.82055 7.81895 7.81560 7.81332 7.81436 7.81606 7.81679 7.81577 7.81556 7.81823 7.82075 7.82129 7.82041
7.81246 7.81776 7.81862 7.81918 7.81937 7.81931 7.81924 7.81966 7.82009 7.82019 7.82003 7.81962 7.81914 7.81840 7.81700 7.81560 7.81714 7.81627 7.81707 7.81895 7.81950 7.81894 7.81682 7.81476 7.81453 7.81482 7.81714 7.81770 7.81856 7.81901 7.81954 7.81988 7.81865 7.81721 7.81686 7.81693 7.81847 7.81893 7.81827 7.81749 7.81872 7.81890 7.81830 7.81932 7.81862 7.81826 7.81869 7.81959 7.82071 7.82123 7.82130 7.82122 7.82095 7.82041 7.81929 7.81711 7.81472 7.81360 7.81339 7.81338 7.81389 7.81624 7.81906 7.82043 7.81963 7.81701
7.81477 7.81846 7.81959 7.81885 7.81826 7.81830 7.81805 7.81811 7.81859 7.81883 7.81841 7.81745 7.81667 7.81661 7.81652 7.81345 7.81136 7.81268 7.81580 7.81494 7.81545 7.81493 7.81401 7.81477 7.81473 7.81498 7.81620 7.81418 7.81412 7.81567 7.81857 7.81710 7.81575 7.81558 7.81612 7.81584 7.81566 7.81759 7.81680 7.81475 7.81622 7.81857 7.81876 7.81772 7.81752 7.81799 7.81932 7.81928 7.81933 7.82049 7.82076 7.82069 7.82049 7.82012 7.81948 7.81824 7.81648 7.81502 7.81437 7.81459 7.81603 7.81803 7.81915 7.81925 7.81688 7.81410
7.81477 7.81802 7.81790 7.81622 7.81625 7.81678 7.81668 7.81646 7.81651 7.81663 7.81614 7.81517 7.81456 7.81459 7.81315 7.81141 7.81163 7.81075 7.81125 7.81243 7.81277 7.81266 7.81368 7.81527 7.81382 7.81420 7.81262 7.80995 7.80970 7.81041 7.81598 7.81602 7.81550 7.81697 7.81652 7.81459 7.81497 7.81483 7.81387 7.81497 7.81404 7.81671 7.81775 7.81633 7.81612 7.81746 7.81870 7.81865 7.81891 7.81957 7.82011 7.82007 7.81992 7.81969 7.81933 7.81877 7.81794 7.81717 7.81662 7.81599 7.81517 7.81624 7.81761 7.81811 7.81600 7.81392
7.81450 7.81671 7.81496 7.81431 7.81549 7.81626 7.81626 7.81582 7.81556 7.81577 7.81595 7.81555 7.81531 7.81438 7.81182 7.80782 7.80608 7.80987 7.81150 7.81154 7.81140 7.81160 7.81282 7.81373 7.81273 7.81263 7.80977 7.80906 7.81136 7.80741 7.81299 7.81556 7.81479 7.81638 7.81699 7.81490 7.81373 7.81281 7.81248 7.81124 7.81271 7.81371 7.81494 7.81485 7.81578 7.81717 7.81839 7.81842 7.81882 7.81863 7.81931 7.81936 7.81921 7.81906 7.81890 7.81863 7.81828 7.81782 7.81652 7.81452 7.81456 7.81591 7.81613 7.81727 7.81608 7.81347
7.81487 7.81513 7.81399 7.81529 7.81669 7.81715 7.81724 7.81670 7.81619 7.81660 7.81732 7.81690 7.81635 7.81558 7.81250 7.80883 7.80751 7.81073 7.81229 7.81157 7.81125 7.81143 7.81190 7.81215 7.81191 7.81180 7.81146 7.81211 7.81006 7.80810 7.81372 7.81585 7.81464 7.81573 7.81728 7.81611 7.81461 7.81474 7.81519 7.81357 7.81152 7.81115 7.81230 7.81358 7.81602 7.81716 7.81779 7.81772 7.81813 7.81802 7.81833 7.81817 7.81794 7.81803 7.81818 7.81803 7.81779 7.81732 7.81585 7.81421 7.81462 7.81496 7.81563 7.81677 7.81635 7.81415
7.81571 7.81474 7.81497 7.81672 7.81760 7.81780 7.81816 7.81790 7.81734 7.81706 7.81770 7.81770 7.81655 7.81442 7.81175 7.81089 7.81082 7.81113 7.81242 7.81172 7.81182 7.81211 7.81191 7.81153 7.81161 7.81249 7.81367 7.81327 7.80969 7.81042 7.81533 7.81546 7.81401 7.81491 7.81658 7.81682 7.81640 7.81654 7.81638 7.81505 7.81359 7.81288 7.80981 7.81230 7.81372 7.81648 7.81725 7.81732 7.81753 7.81775 7.81750 7.81722 7.81701 7.81671 7.81695 7.81696 7.81680 7.81635 7.81498 7.81382 7.81454 7.81486 7.81430 7.81451 7.81544 7.81467
7.81651 7.81466 7.81489 7.81658 7.81687 7.81712 7.81768 7.81754 7.81730 7.81719 7.81771 7.81787 7.81728 7.81491 7.81134 7.81045 7.81097 7.81208 7.81147 7.81204 7.81313 7.81353 7.81308 7.81213 7.81180 7.81261 7.81332 7.81185 7.80940 7.81143 7.81495 7.81386 7.81274 7.81415 7.81599 7.81668 7.81676 7.81672 7.81652 7.81576 7.81475 7.81346 7.81229 7.80868 7.81279 7.81520 7.81668 7.81704 7.81712 7.81703 7.81692 7.81703 7.81684 7.81584 7.81541 7.81572 7.81548 7.81492 7.81305 7.81152 7.81211 7.81235 7.81165 7.81158 7.81305 7.81387
7.81590 7.81381 7.81319 7.81416 7.81492 7.81654 7.81756 7.81756 7.81735 7.81733 7.81724 7.81708 7.81672 7.81593 7.81345 7.81059 7.80983 7.81082 7.81137 7.81358 7.81463 7.81503 7.81491 7.81368 7.81299 7.81291 7.81216 7.80970 7.80726 7.80917 7.81189 7.81141 7.81186 7.81396 7.81547 7.81599 7.81618 7.81626 7.81620 7.81583 7.81510 7.81367 7.81140 7.81075 7.81211 7.81523 7.81636 7.81647 7.81637 7.81601 7.81591 7.81639 7.81632 7.81523 7.81417 7.81462 7.81440 7.81343 7.81057 7.80892 7.81024 7.81164 7.81190 7.81110 7.81107 7.81260
