mrvbf_slope0.9_pctl0.7.asc
NCOLS 410
NROWS 410
XLLCORNER 2398750.0000000000000000
YLLCORNER 2548750.0000000000000000
CELLSIZE 250.0000000000000000
NODATA_VALUE -99999.00000
[rows 261 to 289 of 410, columns 0 to 65 of 410]
-99999.00000 -99999.00000 -99999.00000 -99999.00000 -99999.00000 6.06764 6.91145 7.12496 7.16166 7.06791 7.10232 7.13910 7.05626 7.17252 7.16634 7.05895 7.11725 7.13926 7.15988 7.19705 7.18163 6.93754 7.02812 7.20381 7.22311 7.11952 6.88919 6.78137 7.02593 7.12235 7.12983 7.16526 7.20676 7.16601 7.13947 7.07763 6.86701 6.77619 6.93308 7.06527 7.10496 7.16508 7.23654 7.28926 7.28603 7.20627 7.19519 7.14575 7.13744 7.20801 7.19906 7.17374 7.16627 7.11371 7.10507 7.13424 7.17775 7.22707 7.23164 7.06091 7.12213 7.20974 7.09783 7.04826 7.14939 7.23365
-99999.00000 -99999.00000 -99999.00000 -99999.00000 -99999.00000 6.54434 7.03011 6.97488 6.92411 6.90848 6.98774 6.97184 6.97588 7.14662 7.14558 7.21012 7.26165 7.27460 7.26565 7.19440 7.08858 6.84588 6.88155 7.01363 6.97348 6.80542 6.66088 6.82972 6.97416 7.03014 7.06914 7.11923 7.20853 7.22029 7.18901 7.12967 6.95765 6.84652 6.90977 6.99337 7.02475 7.08265 7.13428 7.16735 7.17777 7.15986 7.13939 7.09640 7.19509 7.24848 7.18091 7.10515 7.07514 7.06671 7.11546 7.20146 7.24151 7.26055 7.25370 7.15111 7.15209 7.21060 7.12246 7.08439 7.07250 7.15950
-99999.00000 -99999.00000 -99999.00000 -99999.00000 -99999.00000 6.79300 6.83108 6.97196 6.94662 6.78553 6.83003 6.92444 6.97101 7.07300 7.14148 7.23532 7.29823 7.32296 7.31971 7.28024 7.20973 6.99157 6.73947 6.76503 6.69903 6.58991 6.67917 6.96550 6.99664 6.90366 6.95718 7.09981 7.16636 7.17083 7.16031 7.12312 6.99700 6.92031 6.94678 6.95428 6.93550 6.98132 7.02845 7.04593 7.07769 7.10326 7.07057 7.14821 7.25585 7.22741 7.09394 7.01616 7.06669 7.14971 7.20514 7.25758 7.27401 7.27485 7.26176 7.21555 7.21528 7.24836 7.22085 7.09079 7.03770 7.24544
-99999.00000 -99999.00000 -99999.00000 -99999.00000 -99999.00000 6.10950 6.68877 6.65581 6.92618 6.89883 6.63053 6.73231 6.90983 6.96344 7.05576 7.20290 7.29251 7.32008 7.32349 7.29976 7.21535 7.08795 6.89619 6.77116 6.64777 6.70441 6.87166 6.91698 6.93421 6.79700 6.80957 6.93535 7.01562 7.02189 7.02762 7.00746 6.91602 6.88678 6.94772 6.94258 6.91524 6.98430 7.06593 7.09368 7.07213 6.98223 6.89947 7.08830 7.21532 7.12303 6.92496 6.93587 7.08355 7.17870 7.21676 7.24753 7.24622 7.22878 7.21071 7.18854 7.20954 7.23603 7.23123 7.15160 7.06501 7.24321
-99999.00000 -99999.00000 -99999.00000 -99999.00000 -99999.00000 6.33299 6.26584 6.66090 6.57685 6.74517 6.52459 6.36855 6.74404 6.85128 6.90752 7.11574 7.24424 7.29024 7.30170 7.27329 7.15659 7.02372 7.01596 6.89428 6.80567 6.95734 7.03249 6.91846 6.74977 6.75467 6.70846 6.68108 6.69914 6.71918 6.77313 6.82724 6.75244 6.72825 6.84136 6.86687 6.86712 6.99161 7.09951 7.14288 7.11419 6.98469 6.70718 6.77264 7.01356 6.86073 6.70355 6.85939 7.01129 7.08802 7.09647 7.10342 7.09351 7.04400 7.03632 7.04027 7.09435 7.15139 7.16546 6.98718 6.87437 7.03162
-99999.00000 -99999.00000 -99999.00000 -99999.00000 -99999.00000 6.70637 6.54755 6.33173 6.57461 6.71621 6.61511 6.34031 6.35060 6.62712 6.65441 6.84806 7.06900 7.19610 7.23086 7.17471 7.06806 7.09423 7.10383 7.01528 6.95803 6.92269 6.94368 6.81955 6.63936 6.67950 6.61960 6.53871 6.58096 6.53064 6.49647 6.61820 6.60963 6.55397 6.59337 6.65556 6.72320 6.87966 6.99907 7.08204 7.07446 7.02714 6.83582 6.60705 6.70169 6.62782 6.65538 6.79038 6.84341 6.82650 6.77348 6.69807 6.61928 6.67541 6.84884 6.86421 6.91356 6.99224 7.02642 6.84466 6.74764 6.95123
-99999.00000 -99999.00000 -99999.00000 -99999.00000 -99999.00000 7.08082 6.84236 6.67964 6.79178 6.95910 6.92558 6.78990 6.37590 6.47790 6.51048 6.50376 6.73115 6.93464 7.01484 6.98062 7.03742 7.11144 7.05744 6.98854 6.93853 6.74379 6.58287 6.47453 6.48405 6.62359 6.62042 6.47432 6.55419 6.53514 6.42484 6.32553 6.40596 6.45307 6.37821 6.44241 6.59581 6.66418 6.73955 6.86164 6.92063 6.97218 6.88826 6.70581 6.55895 6.57864 6.57940 6.65893 6.65847 6.54580 6.47270 6.40188 6.32443 6.50899 6.74375 6.76533 6.82401 6.89509 6.91624 6.86663 6.76857 7.05561
-99999.00000 -99999.00000 -99999.00000 -99999.00000 -99999.00000 7.18646 6.75313 6.87524 6.65532 7.08988 7.10762 6.85067 6.72752 6.81280 6.73169 6.54154 6.56137 6.66626 6.77478 6.86448 7.01790 6.98783 6.93278 6.83521 6.78881 6.63681 6.41932 6.43549 6.62996 6.80966 6.78937 6.61772 6.52160 6.64849 6.65552 6.46827 6.35881 6.39025 6.29805 6.28109 6.44437 6.46235 6.44081 6.49782 6.56999 6.64872 6.65952 6.56159 6.39195 6.29194 6.23373 6.35787 6.45026 6.37427 6.40236 6.48148 6.52173 6.62024 6.70150 6.67184 6.79543 6.89788 6.89314 6.85974 6.87085 6.93504
-99999.00000 -99999.00000 -99999.00000 -99999.00000 -99999.00000 7.27112 7.10912 6.69804 7.05631 7.23778 7.15619 7.00020 7.07765 7.08198 7.04735 6.81132 6.62392 6.55431 6.71664 6.90182 6.99540 6.96102 6.88628 6.77112 6.69731 6.65917 6.66532 6.76774 6.88155 6.92000 6.84650 6.74214 6.65685 6.80693 6.88323 6.77688 6.59285 6.46616 6.34510 6.23783 6.26009 6.21787 6.20061 6.23045 6.26364 6.26452 6.22883 6.22960 6.15131 5.95260 5.88076 6.22460 6.41401 6.38894 6.48140 6.62700 6.78627 6.85135 6.86925 6.76206 6.80605 6.86490 6.82067 6.86756 6.88710 6.90289
-99999.00000 -99999.00000 -99999.00000 -99999.00000 -99999.00000 7.24756 7.11150 6.72722 7.06157 7.22952 7.15943 7.10869 7.18410 7.17113 7.07460 6.97940 6.78004 6.63081 6.63769 6.74160 6.83530 6.93950 6.94041 6.77018 6.71947 6.75936 6.82257 6.89167 6.91229 6.93890 6.70619 6.51581 6.53923 6.73986 6.92606 6.86865 6.69918 6.56784 6.54344 6.46923 6.29252 6.11116 6.03047 6.07887 6.10473 5.99734 5.90633 5.91660 5.93049 5.92792 6.08907 6.31808 6.47798 6.58172 6.73524 6.84899 6.99103 6.96748 6.91985 6.82563 6.88798 6.81608 6.72432 6.78430 6.87473 6.95105
-99999.00000 -99999.00000 -99999.00000 -99999.00000 -99999.00000 7.03294 6.79047 6.80650 6.60255 7.03391 7.08264 7.04701 7.11103 7.12003 6.98759 6.89705 6.86072 6.83959 6.72653 6.66100 6.57828 6.86023 6.90285 6.72995 6.73502 6.85353 6.84268 6.78944 6.77321 6.64021 6.21043 6.11175 6.10233 6.32188 6.74747 6.76946 6.70543 6.68187 6.71763 6.67546 6.37299 6.02512 5.84960 5.87434 5.94528 5.85210 5.80037 5.78689 5.85245 6.07008 6.40640 6.50103 6.67310 6.84460 6.96339 6.95900 6.95825 6.89817 6.85939 6.89666 6.84688 6.79342 6.83766 6.68578 6.74567 6.78358
-99999.00000 -99999.00000 -99999.00000 -99999.00000 -99999.00000 6.57444 6.81758 6.30084 6.55316 6.89557 6.97040 6.94053 6.83883 6.77370 6.70782 6.78360 6.83827 6.84635 6.76322 6.69624 6.68132 6.79394 6.87420 6.83116 6.59353 6.66510 6.77193 6.74476 6.68353 6.37554 6.04072 6.14822 5.89429 5.71560 6.07841 6.44841 6.54074 6.47336 6.55885 6.53268 6.12457 5.72536 5.55784 5.54723 5.64532 5.79663 5.95327 5.88811 5.93004 6.15191 6.46204 6.64327 6.85636 6.98464 6.99784 6.92766 6.85349 6.81905 6.77196 6.73726 6.74636 6.88523 6.90332 6.78313 6.76711 6.54536
-99999.00000 -99999.00000 -99999.00000 -99999.00000 -99999.00000 5.93552 6.65730 6.52263 6.77183 6.74610 6.80147 6.82296 6.53845 6.43629 6.56507 6.69813 6.66674 6.61406 6.52695 6.52180 6.66783 6.85165 6.88650 6.81826 6.41044 6.41014 6.65915 6.75103 6.79048 6.46647 6.21779 6.35596 6.08743 5.54345 5.41380 5.76616 6.05926 5.80944 6.04204 6.12355 5.69891 5.43267 5.40465 5.43960 5.50266 5.81056 6.21288 6.19943 6.18732 6.24727 6.39305 6.59788 6.86388 7.00285 6.91514 6.88643 6.85825 6.85535 6.84197 6.69001 6.68249 6.84262 6.87425 6.96283 6.83289 6.70645
-99999.00000 -99999.00000 -99999.00000 -99999.00000 -99999.00000 5.63906 6.48856 6.53692 6.81061 6.68818 6.52726 6.32276 6.33675 6.53962 6.72080 6.75165 6.56884 6.42161 6.37178 6.25416 6.42984 6.89102 6.96622 6.70811 6.37734 6.54668 6.71672 6.67896 6.71440 6.51435 6.17809 6.09225 6.25011 5.97560 5.51911 5.37935 5.49007 5.57093 5.60869 5.78103 5.47995 5.43778 5.60062 5.76375 5.72501 5.76491 6.17337 6.27457 6.30162 6.22862 6.25622 6.41774 6.74125 6.97370 6.86649 6.90920 6.95760 6.98151 7.03211 6.84625 6.76653 6.76375 6.80963 6.97001 6.94191 6.88238
-99999.00000 -99999.00000 -99999.00000 -99999.00000 -99999.00000 4.84647 5.72125 6.31728 6.80863 6.69615 6.06872 5.95304 6.39871 6.75842 6.92987 6.91593 6.70056 6.61017 6.60301 6.21617 6.10377 6.74577 7.01039 6.88051 6.38320 6.40556 6.68104 6.52438 6.45135 6.47039 6.38974 5.95790 5.97636 6.33793 6.15079 5.71940 5.66894 6.05938 5.73191 5.63742 5.56775 5.80491 5.97248 6.17472 6.22362 5.81160 5.81082 6.03494 6.04237 6.07402 6.06037 6.16971 6.54947 6.92683 6.93709 6.89172 6.93606 7.02784 7.02870 6.89927 6.92104 6.76217 6.82604 6.99911 7.00131 6.94694
-99999.00000 -99999.00000 -99999.00000 -99999.00000 -99999.00000 4.77874 5.14132 5.90996 6.22035 6.20619 5.97361 6.25870 6.54014 6.80665 6.95027 6.93883 6.88009 6.84863 6.62270 6.14071 6.03506 6.53639 6.88132 6.88142 6.43767 6.25165 6.55215 6.40036 6.14162 6.07544 6.00114 5.77352 5.98814 6.51484 6.45836 6.05614 6.11890 6.46408 6.10804 5.76078 5.98529 6.18701 6.22996 6.50173 6.47146 5.96803 5.58204 5.76522 5.95820 6.11562 5.92345 5.88928 6.26147 6.78419 6.97875 6.97878 7.01710 7.07691 7.03365 6.92142 6.81821 6.83858 6.96100 7.05967 7.00349 6.98501
-99999.00000 -99999.00000 -99999.00000 -99999.00000 -99999.00000 4.97263 5.58164 6.39537 6.49817 6.48068 6.61445 6.54845 6.59445 6.91792 6.97458 6.97504 6.94331 6.70189 6.38821 6.31938 6.32809 6.44354 6.58913 6.73016 6.40894 6.14809 6.35762 6.48701 6.41639 6.39149 6.21201 5.96652 6.20399 6.59329 6.41497 6.04238 6.06060 6.36800 6.28967 6.23710 6.25934 6.35739 6.38499 6.33135 6.19560 5.87266 5.52324 5.62274 5.96609 6.18920 5.88432 5.64653 5.86746 6.49854 6.90911 7.01225 7.00442 6.90191 6.84329 6.89141 6.88032 6.98971 7.05353 7.05535 7.02992 6.98575
-99999.00000 -99999.00000 -99999.00000 -99999.00000 -99999.00000 5.27285 5.73978 6.45821 6.88533 6.93233 6.69995 6.48561 6.76697 6.93804 6.99309 6.97839 6.92171 6.72604 6.70418 6.36719 6.06002 6.43948 6.58138 6.62041 6.52329 6.32261 6.04408 6.47836 6.81284 6.79769 6.52293 6.22270 6.46344 6.42669 6.15979 6.03832 5.83873 5.94228 6.40228 6.54530 6.56284 6.40428 6.39915 6.35877 6.26153 6.03612 5.78054 5.58216 5.83664 6.09752 5.86241 5.50506 5.42245 5.82352 6.42840 6.66540 6.56617 6.37192 6.30010 6.35435 6.48242 6.75170 6.93716 7.08455 7.08657 7.05361
-99999.00000 -99999.00000 -99999.00000 -99999.00000 -99999.00000 4.87137 5.30422 6.24569 6.81193 6.79341 6.57538 6.69137 6.92729 6.84530 6.95038 7.02783 6.87246 6.66746 6.76608 6.44483 6.45194 6.41994 6.49422 6.41521 6.39935 6.22989 6.18824 6.42037 6.79631 6.85014 6.51606 6.21625 6.40555 6.13382 5.99161 6.18866 6.11732 5.89690 6.24634 6.61548 6.65566 6.69150 6.75522 6.78493 6.62323 6.35853 6.25434 5.95386 5.95643 6.13626 5.99350 5.59223 5.26995 5.25984 5.64622 6.01948 6.05981 6.05162 6.06425 6.00449 6.03722 6.37898 6.66400 6.93245 7.05948 7.14847
-99999.00000 -99999.00000 -99999.00000 -99999.00000 -99999.00000 5.03082 5.51030 6.11432 6.43472 6.36294 6.09066 6.35736 6.31366 6.15377 6.37031 6.77043 6.72246 6.52380 6.34540 6.51940 6.82649 6.50933 6.47069 6.33144 6.50725 6.21225 6.30459 6.29757 6.60452 6.69673 6.34022 6.03274 6.16690 6.17936 6.30970 6.48545 6.43386 6.24779 6.46118 6.63663 6.82619 6.89586 6.89258 6.88311 6.64933 6.42889 6.52720 6.51761 6.34009 6.38160 6.28402 5.90580 5.53409 5.33056 5.47451 5.85038 6.10267 6.22211 6.33111 6.24315 5.99310 6.14337 6.49877 6.70259 7.00391 7.16462
-99999.00000 -99999.00000 -99999.00000 -99999.00000 -99999.00000 5.68327 6.05203 6.23355 6.22765 6.36126 6.00448 6.04786 6.00083 6.05299 5.91939 6.14217 6.32864 6.64742 6.49737 6.85801 6.95612 6.76169 6.41764 6.49993 6.63431 6.49844 6.10881 6.25469 6.68884 6.58818 6.11034 5.78790 5.89531 6.24720 6.51735 6.47194 6.18866 6.42441 6.73853 6.84492 6.97612 6.95073 6.77113 6.56029 6.45863 6.60387 6.74167 6.67095 6.64637 6.58077 6.41759 6.24112 6.04887 5.80392 5.83910 6.17867 6.45349 6.59426 6.69799 6.65379 6.28503 6.16425 6.41980 6.73812 6.93744 7.09787
-99999.00000 -99999.00000 -99999.00000 -99999.00000 -99999.00000 6.25619 6.43653 6.22602 6.12599 6.62568 6.45747 6.38103 6.43276 6.08030 5.43006 5.85699 6.38641 6.36165 6.82250 7.03701 7.08621 6.84108 6.62607 6.59357 6.60995 6.71602 6.55408 6.40695 6.30110 6.15490 5.59648 5.57845 5.95143 6.38641 6.50969 6.59293 6.06082 6.41697 6.78390 6.95367 7.06392 6.97720 6.70055 6.54113 6.63352 6.73905 6.80811 6.85100 6.81286 6.53495 6.40883 6.39165 6.16400 5.99040 6.23117 6.48512 6.61502 6.73060 6.75566 6.80537 6.52059 6.25191 6.23298 6.62439 6.91360 7.00969
-99999.00000 -99999.00000 -99999.00000 -99999.00000 -99999.00000 6.27091 6.27144 5.86693 6.08490 6.87611 6.76933 6.64100 6.44258 5.73627 5.66827 5.93433 6.17306 6.54670 6.91828 7.01701 7.07574 6.84058 6.80515 6.81504 6.77948 6.74130 6.90683 6.75268 6.51727 6.11671 5.47226 5.61450 6.08971 6.58363 6.69100 6.64356 6.28306 6.13566 6.51220 6.97337 7.08171 6.96018 6.81221 6.87884 6.97835 6.86983 6.77716 6.88205 6.71444 6.55654 6.54468 6.29269 5.96175 6.06479 6.47639 6.51470 6.45587 6.40160 6.41936 6.61882 6.53280 6.30567 6.21599 6.33190 6.61081 6.91186
-99999.00000 -99999.00000 -99999.00000 -99999.00000 -99999.00000 6.11995 6.07113 6.02402 6.55482 7.04472 6.85720 6.59226 5.98084 5.59287 6.19683 5.98300 6.41882 6.78957 6.76881 6.76379 6.83961 6.88572 6.97102 6.86464 6.65873 6.77406 6.85149 6.90540 6.78410 6.36893 5.40599 5.61446 6.12808 6.47964 6.59493 6.59688 6.60367 6.22130 6.23584 6.75752 7.08953 7.02769 6.85217 6.83516 6.93101 6.94796 6.75635 6.66477 6.57832 6.56368 6.61640 6.23574 5.91723 6.19274 6.33209 6.44580 6.45155 6.35576 6.39748 6.49286 6.46667 6.24894 6.08376 6.11419 6.44423 6.82145
-99999.00000 -99999.00000 -99999.00000 -99999.00000 -99999.00000 5.84085 6.17702 6.63632 6.98851 6.90875 6.49148 6.17909 5.62910 5.54139 5.84408 6.13131 6.48908 6.83578 6.66897 6.36792 6.25426 6.65026 6.77421 6.64020 6.60846 6.76797 6.77169 6.70840 6.49000 5.80201 5.31069 5.90119 6.48760 6.65481 6.45096 6.46191 6.69767 6.52094 6.20836 6.54503 7.04812 7.13059 6.97152 6.84848 6.81316 6.82688 6.72622 6.34030 6.14010 6.18780 6.28382 6.15886 6.03595 6.35399 6.58183 6.76495 6.80656 6.78481 6.65034 6.65077 6.57336 6.20129 5.88986 5.88221 6.23272 6.50588
-99999.00000 -99999.00000 -99999.00000 -99999.00000 -99999.00000 5.50842 6.15551 6.85708 7.09823 6.61201 6.06872 5.90497 5.68307 6.24505 5.92307 6.55048 6.73054 6.89986 6.77494 6.47477 6.03599 6.37717 6.37625 6.42994 6.52640 6.48193 6.34830 6.27806 5.86175 5.30472 5.42993 5.98102 6.75471 6.66738 6.52291 6.69076 6.88393 6.64619 6.25129 6.53100 6.96929 6.97645 6.79758 6.85222 6.86221 6.63400 6.43630 6.16547 5.87500 5.69338 5.77184 5.78228 5.87634 6.41079 6.79924 6.91285 6.92817 6.83826 6.71667 6.81117 6.69183 6.24426 5.77509 5.66875 5.82743 5.77764
-99999.00000 -99999.00000 -99999.00000 -99999.00000 -99999.00000 6.04109 6.52885 6.88366 7.04839 6.41313 5.97870 6.09968 6.35949 6.61390 6.19715 6.49506 6.81370 6.82137 6.78659 6.76641 6.30793 6.21139 6.27507 6.47245 6.65219 6.32080 5.85174 5.86458 6.04701 5.81236 5.79915 6.42785 6.84717 6.82269 6.64047 6.65586 6.72220 6.47861 6.57631 6.71297 6.64039 6.26898 6.31827 6.61523 6.74457 6.61958 6.18536 6.20437 6.34998 6.30359 5.94015 5.64886 5.65354 6.27950 6.85079 6.83304 6.77303 6.70228 6.71285 6.78833 6.62642 6.42703 5.89733 5.64205 5.44914 5.23898
-99999.00000 -99999.00000 -99999.00000 -99999.00000 -99999.00000 6.77971 6.85389 6.92720 7.06520 6.65999 5.99933 5.88334 5.96776 6.45263 6.08960 6.40578 6.84313 6.67174 6.93351 6.87941 6.60514 6.27574 6.36733 6.27803 6.33006 6.10637 5.96373 6.23818 6.41448 6.51588 6.24352 6.73524 6.94127 7.03065 6.91605 6.84691 6.76699 6.85387 7.00336 6.89579 6.53325 6.34192 6.61936 6.80875 6.90298 6.78568 6.45610 6.52840 6.70830 6.63834 6.30105 5.93520 5.73364 6.15072 6.66507 6.54608 6.51021 6.42792 6.42344 6.54208 6.53703 6.62273 6.28378 6.00382 5.62497 5.53021
-99999.00000 -99999.00000 -99999.00000 -99999.00000 -99999.00000 6.98633 6.88544 6.94566 7.10060 6.95732 6.26371 5.69345 5.57933 5.55776 5.78096 6.49333 6.71243 6.71186 6.73989 6.88409 6.78825 6.44030 6.41644 5.77460 5.94085 6.10110 6.47827 6.63804 6.56570 6.69007 6.59316 6.79022 6.92204 7.04810 6.98407 7.03664 7.05163 7.04033 7.06582 7.07623 6.92270 6.72899 6.76251 7.01434 7.13651 6.98445 6.76773 6.85987 6.83255 6.70995 6.54234 6.28148 6.14431 6.43824 6.67031 6.55838 6.62141 6.42162 6.29728 6.31741 6.40967 6.53187 6.49644 6.46160 6.30201 6.38624
