mrvbf_slope0.5_pctl1.2.asc
NCOLS 410
NROWS 410
XLLCORNER 2398750.0000000000000000
YLLCORNER 2548750.0000000000000000
CELLSIZE 250.0000000000000000
NODATA_VALUE -99999.00000
[rows 203 to 231 of 410, columns 0 to 65 of 410]
-99999.00000 -99999.00000 -99999.00000 -99999.00000 -99999.00000 3.38481 3.59921 3.29731 2.85783 2.70546 2.53643 2.61345 2.82537 2.93975 2.66199 2.53103 2.40400 2.32016 2.06859 2.15253 2.53754 2.38239 2.50301 2.46766 2.56263 2.73278 2.23640 1.79350 2.12477 2.50865 2.80499 2.93157 2.89285 2.90814 2.94434 3.01755 3.18195 3.30751 3.45258 3.53002 3.64581 3.97299 4.00408 3.62456 3.48061 3.50319 3.51835 3.48339 3.46264 3.45593 3.48674 3.52592 3.55641 3.57134 3.56748 3.54114 3.48122 3.39800 3.26884 3.06968 3.07141 3.01304 2.98726 3.25331 3.21200 2.94102
-99999.00000 -99999.00000 -99999.00000 -99999.00000 -99999.00000 3.41663 3.54797 3.09366 2.84955 2.78294 2.41782 2.49359 2.66845 2.58594 2.43511 2.34845 2.30905 2.23195 2.13290 2.57026 2.80451 2.84841 2.51657 2.60281 2.74805 3.01482 2.87204 2.01538 2.14077 2.54310 2.79490 2.83991 2.83701 2.84813 2.92685 3.02481 3.17592 3.36919 3.53644 3.62224 3.81742 3.91400 3.83907 3.61719 3.48075 3.43968 3.44562 3.45915 3.47822 3.47772 3.52037 3.57177 3.59988 3.60843 3.59627 3.56934 3.53496 3.51148 3.46806 3.34707 3.22851 3.12329 3.20485 3.43117 3.50498 3.15059
-99999.00000 -99999.00000 -99999.00000 -99999.00000 -99999.00000 3.22041 3.43990 3.22789 2.87148 2.71959 2.49265 2.35259 2.40188 2.28732 2.17247 2.17830 2.34548 2.25841 2.40299 2.73226 2.85322 3.36755 3.18198 2.98068 3.18899 3.25068 2.93629 2.48514 2.37687 2.63604 2.69290 2.68282 2.71832 2.76005 2.89797 3.12424 3.39671 3.56661 3.69866 3.75154 3.77732 3.61580 3.55287 3.51312 3.44505 3.40325 3.41948 3.45816 3.51539 3.54297 3.58640 3.64885 3.67308 3.67653 3.65938 3.59170 3.54059 3.56795 3.55596 3.40644 3.25374 3.26126 3.41435 3.53620 3.50759 3.30974
-99999.00000 -99999.00000 -99999.00000 -99999.00000 -99999.00000 2.98949 3.29424 3.58899 3.07522 2.82598 2.80773 2.43635 2.20651 1.88113 1.78373 1.67798 1.72597 2.01656 2.53492 2.69915 2.66881 3.07195 3.40594 3.47133 3.81212 3.80334 3.32939 2.93580 2.58492 2.48561 2.44288 2.48673 2.58155 2.66817 2.80072 3.00953 3.38642 3.64088 3.56744 3.54504 3.56175 3.48160 3.46168 3.43668 3.40451 3.38791 3.41285 3.47775 3.54769 3.59880 3.65508 3.77747 3.85612 3.84108 3.67424 3.50819 3.46744 3.47160 3.47731 3.39009 3.33339 3.41369 3.52641 3.59670 3.56183 3.50118
-99999.00000 -99999.00000 -99999.00000 -99999.00000 -99999.00000 2.91666 3.40646 3.81277 3.20527 2.91376 2.95493 2.71864 2.36051 1.72183 0.87748 0.50024 0.55282 1.75032 2.11734 2.40769 2.21665 2.14561 2.32181 2.71759 3.20617 3.31601 2.99980 2.77271 2.49571 2.31011 2.26659 2.36401 2.50281 2.61532 2.72584 2.87983 3.23501 3.47496 3.45143 3.44404 3.50161 3.34267 3.40315 3.42676 3.39088 3.39164 3.42158 3.48561 3.53318 3.57972 3.66004 3.84615 4.05486 3.81735 3.52627 3.40608 3.46022 3.45925 3.43383 3.40311 3.45221 3.56733 3.66793 3.70163 3.69536 3.67752
-99999.00000 -99999.00000 -99999.00000 -99999.00000 -99999.00000 2.83128 3.16327 3.58175 3.11832 2.84185 2.88226 3.04558 3.09142 2.64887 1.18400 0.44997 0.41856 1.55953 2.02595 2.09282 1.71827 1.46258 1.62302 1.97935 2.35940 2.62075 2.58575 2.64410 2.55084 2.44095 2.48349 2.57760 2.56666 2.60403 2.70921 2.87873 3.18474 3.50039 3.49946 3.45201 3.46118 3.25055 3.25226 3.40206 3.46117 3.47329 3.49228 3.51063 3.50577 3.53801 3.63102 3.81278 3.89771 3.63784 3.44821 3.43914 3.55870 3.57117 3.52883 3.50502 3.56232 3.68945 3.80479 3.81476 3.81235 3.79353
-99999.00000 -99999.00000 -99999.00000 -99999.00000 -99999.00000 2.74368 2.89985 3.22683 2.93940 2.74564 2.87074 3.32622 3.79446 3.49291 2.15027 0.70206 0.46795 1.51639 1.84235 1.67957 1.39641 1.01460 1.12129 1.63078 2.08970 2.55364 2.65914 2.63431 2.61272 2.81447 3.10986 3.07483 2.74169 2.58497 2.70154 2.91331 3.19984 3.46546 3.62355 3.59389 3.40950 3.22020 3.01952 3.37314 3.58984 3.63192 3.59742 3.54175 3.50924 3.53130 3.58768 3.61432 3.58949 3.55706 3.46631 3.42065 3.51455 3.62046 3.61636 3.58921 3.61840 3.65078 3.65373 3.64046 3.63549 3.61309
-99999.00000 -99999.00000 -99999.00000 -99999.00000 -99999.00000 2.82984 2.83186 2.97117 2.81081 2.67992 2.81684 3.21531 3.70356 3.87238 2.95593 1.84605 1.48359 1.73455 1.56739 1.59119 1.65555 1.61696 1.29126 1.66619 2.12784 2.83165 2.57977 2.29670 2.44804 3.00947 3.37383 3.26247 2.86758 2.67130 2.75454 2.98220 3.29305 3.42302 3.47560 3.46158 3.38403 3.13942 3.12439 3.45211 3.71795 3.74170 3.67294 3.57090 3.53888 3.57532 3.52458 3.40047 3.30452 3.32834 3.41686 3.44121 3.49499 3.56987 3.58016 3.55104 3.54511 3.54570 3.53129 3.50451 3.48503 3.45795
-99999.00000 -99999.00000 -99999.00000 -99999.00000 -99999.00000 3.17188 2.94476 2.91892 2.76549 2.60997 2.70026 2.98625 3.37941 3.86876 3.53911 2.56376 2.00536 1.53469 1.03176 1.76928 2.12861 2.07096 1.47404 1.68518 2.08318 2.69942 2.22029 2.00024 2.25543 2.69325 3.14146 3.25008 2.96722 2.81187 2.89515 3.11712 3.39375 3.53896 3.51988 3.51318 3.48117 3.28635 3.31921 3.57683 3.62480 3.69853 3.73708 3.59387 3.55616 3.63024 3.44488 3.17042 2.95093 2.92062 3.05364 3.25169 3.40584 3.49540 3.50824 3.45818 3.43958 3.46220 3.45959 3.42414 3.40318 3.38885
-99999.00000 -99999.00000 -99999.00000 -99999.00000 -99999.00000 3.51599 3.13788 2.94828 2.77054 2.58009 2.73521 2.90386 3.16486 3.71212 3.62627 2.66611 2.01751 1.47404 0.78124 1.47935 1.68106 1.55218 1.29728 1.60661 1.96767 2.31016 2.04950 2.24631 2.17130 2.30060 2.92474 3.16845 2.98306 2.90784 3.03725 3.27168 3.56304 3.81913 3.77406 3.80135 3.70603 3.45845 3.46815 3.52510 3.67760 3.80880 3.73181 3.57839 3.55352 3.54775 3.29896 3.01396 2.95248 2.82348 2.79927 2.98875 3.22553 3.37261 3.40128 3.36479 3.38179 3.42977 3.41383 3.37024 3.39015 3.44852
-99999.00000 -99999.00000 -99999.00000 -99999.00000 -99999.00000 3.14210 3.17418 2.92538 2.65884 2.64158 2.88234 2.81957 3.10193 3.60251 3.08039 2.45432 1.98732 1.48986 0.64398 0.89350 1.15049 1.11925 0.95096 1.24822 1.84429 2.17654 2.32125 2.91400 2.27718 2.20976 2.68779 2.88672 2.90107 2.98297 3.15016 3.37402 3.70804 4.05624 3.91607 3.85345 3.78786 3.59034 3.57848 3.65269 3.97645 4.11034 3.83339 3.61807 3.59084 3.44418 3.13811 3.02420 3.27087 3.27288 3.13724 3.11614 3.24854 3.38231 3.42165 3.41965 3.45803 3.46614 3.39481 3.36213 3.43826 3.56787
-99999.00000 -99999.00000 -99999.00000 -99999.00000 -99999.00000 2.62687 2.79665 2.54755 2.30523 2.73084 2.79049 2.88095 3.39814 3.54988 2.72042 2.41864 1.97458 1.29045 0.62709 1.14092 1.50992 1.48664 0.97438 0.93700 1.75643 2.35108 2.79107 3.14342 2.25780 2.18935 2.51148 2.73730 2.94380 3.16697 3.31122 3.47808 3.76343 3.89525 3.66502 3.63822 3.57027 3.50322 3.53420 3.54781 3.68030 3.88434 3.81995 3.57443 3.45684 3.27959 3.10399 3.18794 3.44002 3.58747 3.54027 3.46550 3.45731 3.55062 3.62539 3.61779 3.57219 3.47024 3.40646 3.47607 3.52358 3.62279
-99999.00000 -99999.00000 -99999.00000 -99999.00000 -99999.00000 2.50758 2.40999 2.31924 2.35218 2.39308 2.88181 3.35170 3.56306 3.01620 2.48522 2.24996 2.06116 1.04545 0.73130 2.03266 2.87920 2.86508 1.38268 0.81959 1.72683 2.61478 2.96422 2.82310 2.06282 2.17773 2.50371 2.85328 3.24413 3.46609 3.40922 3.38653 3.46889 3.43851 3.26720 3.21609 3.31810 3.42669 3.50055 3.51407 3.54480 3.71159 3.81203 3.55531 3.36518 3.24852 3.26602 3.40162 3.56615 3.72696 3.74927 3.64662 3.58897 3.71780 3.98098 3.85955 3.62116 3.41331 3.37165 3.61355 3.55805 3.60803
-99999.00000 -99999.00000 -99999.00000 -99999.00000 -99999.00000 2.66989 2.55793 2.39633 2.51335 2.61579 2.87422 3.28439 3.02335 2.69867 2.64403 2.32922 1.89379 1.01549 0.99500 1.43173 1.86122 2.05377 1.37357 1.00494 1.83252 2.73750 2.97047 2.49856 2.01368 2.26262 2.62083 3.17519 3.46821 3.35921 3.18541 3.06414 3.09205 3.18397 3.14128 3.23689 3.42618 3.65269 3.66046 3.62833 3.60914 3.75852 3.83356 3.56931 3.41555 3.36606 3.44040 3.59551 3.73309 3.79054 3.80126 3.73814 3.69236 3.87574 4.22321 4.23865 3.96157 3.56620 3.39357 3.49396 3.53834 3.67654
-99999.00000 -99999.00000 -99999.00000 -99999.00000 -99999.00000 3.03104 2.83741 2.63244 2.61080 2.89329 3.23064 3.21857 2.79788 2.73109 2.67859 2.51179 2.10135 2.12183 2.04352 1.94909 2.08502 2.24259 2.10450 2.01741 2.33037 2.72453 2.81710 2.27195 2.08455 2.37343 2.77293 3.23736 3.16772 3.07087 2.99500 2.87973 2.85027 3.08846 3.23161 3.37370 3.52535 3.70722 3.69399 3.64778 3.78095 4.03870 3.79815 3.51393 3.42682 3.46411 3.58564 3.81601 3.91690 3.94572 3.95697 3.88003 3.77685 3.90243 4.23137 4.39577 4.22622 3.81632 3.58511 3.59280 3.68595 3.97772
-99999.00000 -99999.00000 -99999.00000 -99999.00000 -99999.00000 3.21311 3.14438 2.93606 2.86881 3.13005 3.37936 3.04588 2.91005 2.93264 2.94914 2.66053 2.87353 3.20777 3.11004 3.12407 3.23418 3.29325 3.13477 2.38094 2.08326 2.28881 2.41282 2.10245 2.11809 2.42853 2.78166 2.96037 2.94666 3.03843 3.10470 3.01818 2.83724 2.81579 3.10834 3.44052 3.55503 3.63415 3.77323 3.87360 4.16691 4.28427 3.82009 3.44643 3.36115 3.51061 3.65875 3.74551 3.90363 4.10642 4.12917 3.92916 3.64543 3.57329 3.78802 4.10512 4.04173 3.70344 3.62864 3.77013 3.89201 4.18567
-99999.00000 -99999.00000 -99999.00000 -99999.00000 -99999.00000 3.16405 3.05880 2.99391 2.96379 3.04227 3.11102 3.08866 3.24953 3.37857 3.50179 2.98244 3.16272 3.24901 3.21677 3.72581 3.91280 3.09802 2.04733 1.28718 1.07081 1.78695 2.23575 1.91937 2.03006 2.39883 2.69360 2.87316 3.04374 3.28566 3.34063 3.24336 3.07244 2.79604 2.88810 3.21216 3.39629 3.46464 3.55495 3.71632 4.12085 4.32724 3.95187 3.44922 3.25504 3.40623 3.56866 3.53487 3.56952 3.77700 3.87288 3.73854 3.50751 3.29874 3.34264 3.58375 3.65991 3.49494 3.48388 3.52203 3.60336 3.86337
-99999.00000 -99999.00000 -99999.00000 -99999.00000 -99999.00000 2.98271 2.87636 2.79595 2.77526 2.83621 2.95427 3.12773 3.11062 3.14700 3.44118 2.95375 2.82464 2.54557 2.29952 2.72092 3.34972 2.27881 1.26797 0.58240 0.64517 1.61642 2.35598 1.73495 1.76368 2.28405 2.65800 2.99053 3.26583 3.40459 3.31327 3.22639 3.25464 3.16589 3.08082 3.21321 3.43366 3.50616 3.52352 3.61538 3.87384 4.19053 3.98607 3.46749 3.17807 3.21092 3.37507 3.32542 3.20896 3.31364 3.47145 3.53203 3.37957 3.28904 3.17865 3.33321 3.47564 3.34367 3.29268 3.21188 3.23193 3.43194
-99999.00000 -99999.00000 -99999.00000 -99999.00000 -99999.00000 2.76214 2.72274 2.68783 2.68765 2.73507 2.81842 2.94392 2.94670 2.96265 3.25499 2.86019 2.49422 1.83654 1.31822 1.84618 2.56469 2.04150 1.14197 0.83801 1.39021 2.05251 2.11201 1.63964 1.37838 2.13768 2.65652 3.15975 3.33705 3.29062 3.17541 3.27822 3.42807 3.33717 3.18489 3.14342 3.25938 3.43901 3.62157 3.74026 3.70810 3.90354 3.75223 3.30978 2.95484 2.98501 3.20022 3.25096 3.14893 3.06107 3.20530 3.36493 3.36938 3.36280 3.34602 3.38414 3.41581 3.19276 3.06023 2.91500 2.73001 2.97509
-99999.00000 -99999.00000 -99999.00000 -99999.00000 -99999.00000 2.66656 2.65540 2.65050 2.66977 2.69907 2.72362 2.73595 2.70983 2.69014 2.90475 2.68768 2.27424 1.53954 1.60333 1.20509 2.17631 2.11497 1.83706 1.69901 1.84304 2.05073 1.80143 1.47655 1.27155 2.01998 2.66612 3.31483 3.36075 3.25127 3.17741 3.35499 3.35228 3.21175 3.16680 3.16228 3.34409 3.67925 3.92712 3.70910 3.46436 3.51030 3.37861 2.83677 2.65125 2.93965 3.25723 3.43976 3.54011 3.36454 3.30374 3.30746 3.27792 3.41412 3.40978 3.44709 3.36542 3.01943 2.81622 2.83130 2.55281 2.58693
-99999.00000 -99999.00000 -99999.00000 -99999.00000 -99999.00000 2.67716 2.66031 2.63575 2.65974 2.70434 2.73546 2.70041 2.63841 2.57416 2.62070 2.62958 2.24294 2.00106 2.13670 1.57999 2.18998 2.06270 1.76611 1.53335 1.50066 1.59865 1.36453 0.91194 0.99019 1.83201 2.58926 3.31079 3.39186 3.14115 3.12424 3.25887 3.20485 3.28304 3.33589 3.30075 3.46207 3.81724 3.76103 3.44700 3.32402 3.25882 2.91356 2.53244 2.73051 3.22990 3.48097 3.69209 3.75661 3.57030 3.54749 3.47763 3.31170 3.27070 3.17344 3.27772 3.25178 2.81517 2.48476 2.73422 2.76994 2.56633
-99999.00000 -99999.00000 -99999.00000 -99999.00000 -99999.00000 2.50391 2.52847 2.55464 2.64458 2.82182 2.94781 2.85489 2.70503 2.63567 2.71253 2.91048 2.53276 2.51528 2.54239 2.16450 2.20625 1.84156 1.48966 1.11153 0.99289 1.19853 1.01004 0.69240 0.72696 1.62637 2.36224 2.99793 3.53854 3.40797 3.14585 3.19954 3.29881 3.33651 3.29807 3.21136 3.28021 3.43762 3.44032 3.22600 3.25822 3.15465 2.72348 2.64486 3.23861 3.52879 3.71114 3.82693 3.68295 3.56469 3.68148 3.57963 3.42439 3.29252 2.91972 2.89862 3.06908 2.77456 2.38942 2.63502 3.15179 2.86638
-99999.00000 -99999.00000 -99999.00000 -99999.00000 -99999.00000 2.09639 2.14782 2.42192 2.70685 3.05744 3.28112 3.02891 2.76431 2.55968 2.69849 3.19606 2.71170 2.69469 3.04773 2.63694 1.98534 1.41609 1.18450 1.82383 2.49082 2.09938 1.72405 1.10381 1.07858 1.65056 2.21950 2.64976 3.17388 3.48242 3.36976 3.29813 3.28822 3.20833 3.13334 3.03769 2.94894 2.91933 2.93016 2.90103 3.07528 2.89730 2.85325 2.85861 3.24047 3.53856 3.69396 3.70544 3.52303 3.54284 3.89464 3.81192 3.40809 3.17741 2.81777 2.62794 2.90403 2.95782 2.60554 2.65893 3.25813 3.20661
-99999.00000 -99999.00000 -99999.00000 -99999.00000 -99999.00000 1.80969 1.77209 2.32076 2.87600 3.16129 3.36508 2.95667 2.68728 2.39914 2.63659 3.28453 2.79059 2.62849 3.06783 2.98889 1.97697 1.10644 2.00770 3.27222 3.59618 3.15426 2.06755 1.48727 1.52747 1.86738 2.23044 2.47578 2.69220 2.88085 2.85762 2.85703 2.96178 3.04843 3.07844 3.05097 2.92794 2.77873 2.74026 2.86737 3.06203 2.83554 3.06052 2.95855 3.16318 3.37045 3.44962 3.45529 3.31333 3.34137 3.70052 3.78328 3.31884 2.96864 2.96430 2.67581 2.84503 2.93350 2.62431 2.61763 3.15478 3.20886
-99999.00000 -99999.00000 -99999.00000 -99999.00000 -99999.00000 0.94897 0.90374 2.12635 2.78276 3.15188 3.25886 2.86536 2.74440 2.33479 2.62579 3.20198 2.98354 2.64245 2.77053 2.92248 2.19904 1.86802 2.65285 3.52215 3.69369 3.16143 1.80425 1.48997 1.64070 1.96507 2.28841 2.44911 2.55223 2.62064 2.63319 2.73062 2.93175 3.11064 3.21768 3.27894 3.24131 3.16252 3.11955 3.20373 3.19197 2.87455 3.06488 2.94152 3.04383 3.11942 3.16193 3.21452 3.11310 2.99095 3.25473 3.45721 3.20841 2.95885 3.14778 2.94450 2.84378 2.65237 2.34404 2.35435 2.81924 2.86755
-99999.00000 -99999.00000 -99999.00000 -99999.00000 -99999.00000 0.93907 1.16243 1.80814 2.58408 3.08266 3.16998 2.95420 2.71617 2.43164 2.67425 3.15223 3.33101 2.80362 2.55612 2.41862 2.03375 2.17922 3.10144 3.69711 3.48207 2.75210 1.50560 0.87731 1.26543 1.77661 2.36056 2.55929 2.60444 2.64342 2.74381 2.91736 3.07770 3.14829 3.27849 3.46621 3.48777 3.43500 3.49625 3.51787 3.34488 3.07156 3.04621 2.96333 2.92774 2.89788 2.96186 3.10494 3.07129 2.84718 2.91365 3.18870 3.24214 3.16506 3.18986 3.24260 2.91473 2.49725 2.16362 2.14934 2.51013 2.56269
-99999.00000 -99999.00000 -99999.00000 -99999.00000 -99999.00000 1.66382 1.80107 1.57567 2.28423 2.96182 3.01931 2.96997 2.83923 2.64830 2.74336 3.32007 3.40256 2.92254 2.54624 2.18776 1.91953 2.38796 3.27201 3.72534 3.26721 2.48012 1.64239 0.76955 0.67861 1.56836 2.59537 2.91483 2.89875 2.91136 3.02633 2.97845 2.90061 3.06932 3.37218 3.53454 3.43770 3.38572 3.45550 3.48967 3.41194 3.19259 3.04064 2.98222 2.85142 2.87887 3.07526 3.26602 3.22613 2.97623 2.87741 3.07204 3.33837 3.37103 3.22996 3.18781 2.91235 2.47003 2.11878 2.18503 2.53195 2.62688
-99999.00000 -99999.00000 -99999.00000 -99999.00000 -99999.00000 1.81571 2.14431 2.40763 2.28875 2.58792 2.99226 3.01636 3.06784 2.90840 2.90594 3.14041 3.31020 2.89368 2.55696 2.22750 2.05755 2.81035 3.28279 3.57712 3.14173 2.68041 2.22464 1.19681 0.67408 1.72275 2.99884 3.46375 3.41778 3.38691 3.32458 3.01474 2.83702 2.98249 3.17353 3.14206 3.07820 3.12109 3.19946 3.22207 3.26879 3.26772 3.07158 3.12003 2.71728 2.80221 3.21914 3.52391 3.50882 3.24880 3.00744 3.03155 3.23930 3.36144 3.22822 3.04810 2.77831 2.40242 2.16016 2.37797 2.86488 3.01773
-99999.00000 -99999.00000 -99999.00000 -99999.00000 -99999.00000 1.81423 1.87470 2.24782 2.30834 2.52951 2.83999 3.19603 3.28947 3.12163 3.11669 3.08669 3.02707 2.90239 2.64692 2.46890 2.24086 2.49953 3.05692 3.46484 3.14716 3.03307 2.67618 1.26565 0.94498 2.13249 3.28480 3.81269 3.80098 3.78449 3.55439 3.21590 2.90933 2.81755 2.80858 2.79883 2.88162 3.01551 3.08511 3.07661 3.10006 3.22328 3.28033 3.15438 2.99534 2.74955 2.98225 3.39460 3.66830 3.47749 3.20906 3.09208 3.11645 3.13029 3.08952 2.99719 2.69137 2.28083 2.11632 2.57871 3.23331 3.39337
