mrvbf_slope1.4_pctl1.5.asc
NCOLS 410
NROWS 410
XLLCORNER 2398750.0000000000000000
YLLCORNER 2548750.0000000000000000
CELLSIZE 250.0000000000000000
NODATA_VALUE -99999.00000
[rows 174 to 202 of 410, columns 198 to 263 of 410]
7.67647 7.66865 7.67130 7.67607 7.67578 7.66888 7.67207 7.67747 7.67814 7.67693 7.67005 7.66997 7.67942 7.67972 7.67659 7.67566 7.67632 7.67647 7.67502 7.67579 7.67852 7.67901 7.67556 7.67283 7.67216 7.67171 7.66965 7.66805 7.66876 7.66802 7.66642 7.66293 7.65554 7.65438 7.65564 7.65663 7.65984 7.66128 7.66100 7.66185 7.65895 7.65710 7.65880 7.66170 7.66272 7.66239 7.65969 7.65022 7.62537 7.62003 7.62356 7.63122 7.63421 7.63457 7.62988 7.62006 7.59960 7.60066 7.60526 7.60943 7.61460 7.62213 7.64184 7.65038 7.65151 7.64528
7.66730 7.66728 7.66971 7.67152 7.67400 7.66843 7.67192 7.67796 7.67942 7.67699 7.66798 7.66900 7.67803 7.67739 7.67441 7.67470 7.67644 7.67673 7.67337 7.67241 7.67600 7.67715 7.67256 7.66998 7.66945 7.66810 7.66778 7.66766 7.66748 7.66643 7.66360 7.65790 7.65085 7.65022 7.65235 7.65325 7.65584 7.65904 7.65814 7.65699 7.65389 7.65514 7.65811 7.65928 7.65983 7.65912 7.65605 7.64298 7.61385 7.61533 7.61501 7.64060 7.64210 7.63387 7.64079 7.62603 7.61816 7.60992 7.60122 7.61256 7.60897 7.61954 7.63573 7.64784 7.64418 7.61712
7.67283 7.67675 7.67416 7.67354 7.67428 7.67012 7.67319 7.67797 7.67890 7.67661 7.67161 7.66826 7.67226 7.67358 7.67415 7.67374 7.67501 7.67601 7.67196 7.66882 7.67264 7.67535 7.67231 7.66823 7.66900 7.66619 7.66260 7.66236 7.66502 7.66501 7.66154 7.65370 7.64596 7.64607 7.65088 7.65517 7.65514 7.65614 7.65627 7.65514 7.65605 7.65605 7.65542 7.65525 7.65576 7.65389 7.64447 7.62467 7.61075 7.56834 7.57749 7.62318 7.64561 7.64369 7.64812 7.64516 7.64023 7.61711 7.58366 7.60351 7.62796 7.62467 7.63046 7.63848 7.62200 7.59212
7.67786 7.67943 7.67521 7.67496 7.67340 7.66833 7.67182 7.67695 7.67862 7.67725 7.67342 7.66752 7.66661 7.67056 7.67507 7.67321 7.67216 7.67367 7.67061 7.66548 7.66791 7.67279 7.67247 7.66797 7.66558 7.66320 7.65970 7.65656 7.65683 7.65986 7.65620 7.64730 7.64160 7.64287 7.64945 7.65516 7.65511 7.65449 7.65488 7.65507 7.65606 7.65587 7.65421 7.65380 7.65289 7.64897 7.63385 7.61480 7.58006 7.56575 7.56691 7.59119 7.63512 7.64276 7.63691 7.61992 7.60838 7.57358 7.60106 7.60897 7.62551 7.61176 7.61923 7.60966 7.60520 7.60043
7.67678 7.67774 7.67318 7.67328 7.66914 7.66201 7.66759 7.67201 7.67560 7.67273 7.66866 7.66744 7.66720 7.66865 7.67265 7.67220 7.66873 7.67009 7.66958 7.66359 7.66367 7.66949 7.67131 7.66766 7.66260 7.65917 7.65801 7.65845 7.65282 7.65245 7.64849 7.64162 7.63917 7.64266 7.65035 7.65430 7.65408 7.65285 7.65248 7.65288 7.65372 7.65403 7.65320 7.65161 7.65082 7.64874 7.63847 7.61489 7.59902 7.61011 7.60776 7.60830 7.62730 7.63579 7.63418 7.61141 7.58636 7.60414 7.59471 7.58329 7.59956 7.61706 7.60985 7.58871 7.60217 7.61691
7.67435 7.67559 7.67089 7.66983 7.66359 7.65746 7.66723 7.66909 7.67218 7.66835 7.66906 7.66907 7.66743 7.66677 7.67072 7.67149 7.66688 7.66649 7.66655 7.66048 7.66140 7.66768 7.66991 7.66698 7.66136 7.65708 7.65507 7.65597 7.65524 7.65084 7.64597 7.64134 7.64025 7.64528 7.65071 7.65248 7.65204 7.65034 7.64896 7.64881 7.64975 7.65049 7.64957 7.64803 7.64869 7.64790 7.64421 7.63757 7.62522 7.61960 7.61747 7.60880 7.62214 7.63205 7.63428 7.62440 7.60485 7.61099 7.59313 7.57904 7.58618 7.59885 7.61124 7.61834 7.60213 7.59817
7.67258 7.67299 7.67012 7.66641 7.66068 7.66051 7.66856 7.67087 7.67210 7.67013 7.67113 7.66975 7.66601 7.66533 7.66967 7.67115 7.66783 7.66530 7.66010 7.65801 7.66305 7.66777 7.66835 7.66588 7.66077 7.65617 7.65363 7.65306 7.65319 7.65004 7.64577 7.64195 7.64208 7.64641 7.64912 7.64986 7.64932 7.64737 7.64471 7.64297 7.64400 7.64603 7.64485 7.64500 7.64619 7.64551 7.64408 7.64289 7.64135 7.63807 7.63514 7.63031 7.62609 7.62372 7.62402 7.62594 7.62584 7.60797 7.58615 7.56387 7.56520 7.58921 7.60566 7.60440 7.61663 7.60659
7.66840 7.66759 7.66800 7.66566 7.66239 7.66488 7.66993 7.67092 7.67189 7.67046 7.67070 7.66887 7.66487 7.66421 7.66826 7.67065 7.66900 7.66637 7.66048 7.66184 7.66572 7.66675 7.66590 7.66335 7.65848 7.65369 7.65043 7.64876 7.64919 7.64803 7.64472 7.64193 7.64245 7.64569 7.64726 7.64746 7.64675 7.64467 7.64076 7.63579 7.63461 7.63902 7.63830 7.63908 7.64098 7.64203 7.64248 7.64176 7.64309 7.64220 7.63923 7.63709 7.63440 7.62574 7.62187 7.62639 7.63293 7.61849 7.59632 7.54772 7.55479 7.58604 7.59425 7.59556 7.60845 7.62356
7.65952 7.66207 7.66655 7.66775 7.66537 7.66632 7.66879 7.66844 7.66899 7.66869 7.66919 7.66618 7.66271 7.66257 7.66660 7.66840 7.66565 7.66202 7.65713 7.66005 7.66368 7.66374 7.66037 7.65737 7.65466 7.65144 7.64747 7.64607 7.64678 7.64526 7.64225 7.64128 7.64215 7.64450 7.64538 7.64522 7.64434 7.64224 7.63844 7.63243 7.62547 7.62564 7.62626 7.62676 7.63138 7.63816 7.63985 7.64041 7.64202 7.64179 7.63899 7.63504 7.63726 7.63240 7.62671 7.62274 7.62703 7.62087 7.61697 7.61236 7.61881 7.61780 7.60832 7.59412 7.59683 7.62280
7.65685 7.66340 7.66564 7.66863 7.66611 7.66624 7.66877 7.66832 7.66757 7.66759 7.66545 7.66100 7.65916 7.66209 7.66637 7.66479 7.65925 7.65775 7.65298 7.65246 7.65723 7.65772 7.65482 7.65450 7.65507 7.65243 7.64686 7.64318 7.63968 7.63468 7.63326 7.63780 7.64069 7.64262 7.64333 7.64319 7.64213 7.64002 7.63755 7.63565 7.63049 7.62314 7.62185 7.62213 7.62384 7.63298 7.63791 7.63970 7.64109 7.64085 7.63763 7.63498 7.63531 7.63589 7.62742 7.62706 7.62187 7.62599 7.62995 7.63008 7.63070 7.62995 7.62595 7.61787 7.60109 7.61147
7.66112 7.66548 7.66571 7.66833 7.66601 7.66531 7.66782 7.66894 7.66807 7.66557 7.66025 7.65630 7.65841 7.66361 7.66567 7.66164 7.65678 7.65826 7.65720 7.65403 7.65613 7.65684 7.65657 7.65551 7.65477 7.65269 7.64789 7.64227 7.63741 7.63054 7.62036 7.62573 7.63644 7.64065 7.64183 7.64191 7.64062 7.63833 7.63675 7.63735 7.63720 7.63181 7.62808 7.62722 7.62377 7.62887 7.63594 7.63770 7.63914 7.63910 7.63796 7.63754 7.63602 7.62988 7.62773 7.62391 7.62536 7.63308 7.63376 7.63555 7.63559 7.63538 7.63340 7.63148 7.62018 7.60324
7.66365 7.66583 7.66526 7.66711 7.66554 7.66411 7.66613 7.66762 7.66653 7.66213 7.65526 7.65437 7.66026 7.66322 7.66243 7.65950 7.65799 7.65803 7.65650 7.65498 7.65691 7.65763 7.65627 7.65502 7.65392 7.65139 7.64717 7.64146 7.63544 7.62712 7.61482 7.61940 7.63373 7.63920 7.64118 7.64124 7.63948 7.63681 7.63531 7.63579 7.63581 7.63330 7.63141 7.63024 7.62341 7.62602 7.63344 7.63448 7.63686 7.63775 7.63833 7.63799 7.63635 7.62770 7.62362 7.61688 7.62196 7.63055 7.63286 7.63562 7.63750 7.63747 7.63634 7.63567 7.63025 7.60630
7.66380 7.66468 7.66351 7.66495 7.66421 7.66247 7.66445 7.66479 7.66338 7.65926 7.65185 7.65416 7.66004 7.65947 7.65874 7.65901 7.65921 7.65816 7.65573 7.65522 7.65642 7.65614 7.65517 7.65377 7.65162 7.64771 7.63963 7.63168 7.62571 7.61923 7.61543 7.62296 7.63370 7.63882 7.64060 7.64020 7.63773 7.63429 7.63253 7.63286 7.63224 7.63133 7.63276 7.63168 7.61996 7.62084 7.62670 7.62759 7.63050 7.63416 7.63576 7.63651 7.63367 7.62967 7.62973 7.62100 7.62145 7.62633 7.63195 7.63422 7.63707 7.63776 7.63589 7.63403 7.63055 7.61420
7.66153 7.66251 7.66155 7.66284 7.66205 7.66101 7.66327 7.66274 7.66123 7.65823 7.65144 7.65224 7.65640 7.65657 7.65800 7.65842 7.65831 7.65721 7.65489 7.65405 7.65406 7.65331 7.65236 7.65092 7.64829 7.64188 7.63191 7.62699 7.62496 7.62322 7.62380 7.62907 7.63533 7.63776 7.63844 7.63772 7.63442 7.63011 7.62804 7.62834 7.62898 7.63146 7.63468 7.63160 7.61687 7.61097 7.61124 7.61322 7.61616 7.62470 7.63043 7.63189 7.62751 7.62240 7.61827 7.61015 7.61805 7.62939 7.63245 7.63399 7.63594 7.63629 7.63308 7.63046 7.62634 7.59213
7.65786 7.65939 7.66046 7.66112 7.65982 7.66038 7.66162 7.66143 7.66036 7.65763 7.65308 7.65142 7.65425 7.65607 7.65703 7.65684 7.65594 7.65412 7.65049 7.64841 7.64895 7.64903 7.64845 7.64699 7.64433 7.63826 7.62693 7.62076 7.62381 7.62687 7.62917 7.63210 7.63401 7.63508 7.63582 7.63445 7.63012 7.62548 7.62379 7.62541 7.62904 7.63311 7.63421 7.63001 7.61479 7.60183 7.60322 7.60574 7.60470 7.61087 7.61911 7.62058 7.61593 7.61256 7.60454 7.61248 7.62646 7.63104 7.63134 7.63221 7.63393 7.63279 7.63097 7.62486 7.61180 7.54291
7.65593 7.65671 7.65761 7.65676 7.65652 7.65862 7.65870 7.65719 7.65536 7.65365 7.65060 7.64912 7.65221 7.65471 7.65474 7.65414 7.65288 7.65049 7.64598 7.64053 7.63850 7.63932 7.64238 7.64185 7.63861 7.63192 7.62179 7.61301 7.61838 7.62579 7.63032 7.63284 7.63410 7.63492 7.63468 7.63162 7.62655 7.62218 7.62064 7.62440 7.63073 7.63270 7.63214 7.62272 7.61580 7.61746 7.61908 7.61634 7.60709 7.60087 7.60113 7.60743 7.61253 7.60346 7.60861 7.62296 7.62695 7.62840 7.62910 7.63069 7.63202 7.63094 7.62961 7.62643 7.60619 7.54591
7.64881 7.64833 7.64858 7.64859 7.65306 7.65629 7.65580 7.65185 7.64760 7.64649 7.64555 7.64482 7.64816 7.65182 7.65183 7.65076 7.64904 7.64577 7.64233 7.63738 7.63082 7.62566 7.62946 7.63367 7.62689 7.61759 7.60731 7.60412 7.61292 7.62015 7.62535 7.62961 7.63328 7.63330 7.62970 7.62595 7.62536 7.62285 7.61894 7.62286 7.63048 7.63254 7.63370 7.62703 7.61693 7.62207 7.62505 7.62045 7.61286 7.60510 7.60033 7.60383 7.60955 7.61195 7.62161 7.62468 7.62528 7.62606 7.62655 7.62793 7.62826 7.62900 7.62881 7.62433 7.60275 7.52636
7.64443 7.64190 7.63855 7.64032 7.64800 7.65271 7.65176 7.64750 7.64670 7.64568 7.64281 7.64104 7.64356 7.64776 7.64740 7.64526 7.64393 7.64124 7.63658 7.63438 7.63106 7.62385 7.61517 7.61844 7.60980 7.60359 7.59741 7.60168 7.60891 7.61367 7.61763 7.62242 7.62829 7.62624 7.61779 7.61685 7.62532 7.62653 7.61784 7.61912 7.62871 7.63123 7.63210 7.62890 7.62608 7.62698 7.62782 7.62469 7.62095 7.61571 7.60654 7.60804 7.61652 7.62088 7.62403 7.62420 7.62568 7.62663 7.62682 7.62546 7.62518 7.62499 7.62536 7.62263 7.61224 7.58013
7.63989 7.63780 7.63503 7.63584 7.63883 7.64771 7.64937 7.64669 7.64697 7.64615 7.64376 7.64005 7.63990 7.64298 7.63977 7.63610 7.63512 7.63499 7.63177 7.63047 7.63112 7.62755 7.61576 7.60768 7.60588 7.60754 7.60642 7.60534 7.60631 7.60909 7.61401 7.61821 7.62421 7.61822 7.61171 7.61592 7.62152 7.62656 7.61802 7.61457 7.62518 7.62693 7.62592 7.62312 7.62625 7.63101 7.63352 7.63210 7.62424 7.61463 7.60608 7.60720 7.61851 7.62091 7.61681 7.61828 7.62389 7.62618 7.62652 7.62577 7.62507 7.62232 7.62030 7.61841 7.61253 7.59048
7.63712 7.63500 7.63870 7.63932 7.63374 7.63994 7.64649 7.64703 7.64645 7.64556 7.64455 7.64064 7.63622 7.63482 7.62968 7.62965 7.62908 7.62915 7.62975 7.62807 7.62801 7.62547 7.62031 7.61373 7.61554 7.61607 7.61019 7.60437 7.60355 7.60677 7.61037 7.61211 7.62075 7.61333 7.61333 7.61999 7.61925 7.62578 7.62041 7.61623 7.62142 7.62282 7.61719 7.61739 7.62687 7.62938 7.63157 7.63066 7.62055 7.61441 7.60345 7.60302 7.61545 7.62165 7.60734 7.61134 7.62077 7.62376 7.62561 7.62473 7.62339 7.62246 7.61801 7.61384 7.60871 7.59027
7.63969 7.64066 7.64204 7.64055 7.63857 7.63860 7.64289 7.64560 7.64510 7.64320 7.64170 7.63873 7.63353 7.62840 7.62616 7.62940 7.62909 7.62659 7.62713 7.62526 7.62553 7.62452 7.62454 7.62377 7.62336 7.61980 7.60925 7.60177 7.60259 7.60410 7.60151 7.60149 7.61478 7.61282 7.61666 7.61895 7.62001 7.62605 7.62138 7.62036 7.62281 7.62450 7.61615 7.61114 7.62278 7.62822 7.62844 7.62769 7.61967 7.60637 7.60440 7.61007 7.61916 7.61993 7.60646 7.61197 7.61908 7.62188 7.62357 7.62315 7.62133 7.61998 7.61701 7.61186 7.60667 7.59787
7.64017 7.64317 7.64118 7.64161 7.64047 7.63913 7.64047 7.64259 7.64211 7.64129 7.64044 7.63810 7.63393 7.62973 7.62946 7.63117 7.63059 7.62716 7.62620 7.62705 7.62751 7.62915 7.62978 7.62907 7.62679 7.62080 7.60783 7.59728 7.59864 7.60165 7.59594 7.59094 7.60803 7.61288 7.61743 7.61587 7.61873 7.62113 7.61441 7.61485 7.61805 7.62192 7.61050 7.60343 7.61798 7.62571 7.62472 7.61992 7.61516 7.61180 7.61416 7.61762 7.62157 7.62042 7.60948 7.61009 7.61739 7.61755 7.61726 7.61683 7.61664 7.61680 7.61613 7.61298 7.60789 7.60078
7.64124 7.64131 7.64349 7.64368 7.64088 7.63973 7.64022 7.64281 7.64283 7.64143 7.64144 7.63967 7.63616 7.63336 7.63314 7.63277 7.63164 7.62950 7.62824 7.63012 7.63054 7.63204 7.63298 7.63149 7.62804 7.61956 7.60455 7.59383 7.59657 7.60431 7.59985 7.58545 7.60075 7.60683 7.61188 7.60815 7.61011 7.61326 7.60911 7.61213 7.61253 7.61549 7.60210 7.60207 7.61283 7.61904 7.61904 7.61164 7.60307 7.60168 7.60772 7.61279 7.61666 7.61589 7.60319 7.59898 7.60632 7.60720 7.60720 7.60648 7.61220 7.61487 7.61508 7.61455 7.61133 7.60548
7.64567 7.64456 7.64452 7.64257 7.64241 7.64126 7.64237 7.64195 7.64002 7.63855 7.63885 7.63886 7.63648 7.63463 7.63379 7.63312 7.63230 7.63125 7.63027 7.63104 7.63269 7.63388 7.63408 7.63243 7.62821 7.61819 7.60238 7.59156 7.59588 7.60833 7.60351 7.58462 7.59300 7.60278 7.61106 7.61064 7.60741 7.61612 7.61545 7.61319 7.61539 7.61844 7.61045 7.60474 7.60519 7.60658 7.60653 7.60829 7.60133 7.59630 7.59968 7.60685 7.61136 7.60541 7.58768 7.59032 7.59899 7.59732 7.59429 7.59883 7.60720 7.61264 7.61380 7.61431 7.61347 7.61192
7.64196 7.64158 7.64204 7.64243 7.64051 7.64045 7.64155 7.64077 7.63897 7.63786 7.63669 7.63689 7.63511 7.63396 7.63366 7.63381 7.63374 7.63355 7.63302 7.63256 7.63336 7.63420 7.63406 7.63240 7.62818 7.61776 7.60042 7.58799 7.59217 7.60728 7.60994 7.59070 7.59260 7.60888 7.61607 7.61469 7.61073 7.61908 7.62224 7.61662 7.61543 7.61732 7.61563 7.60904 7.60802 7.59526 7.59997 7.61448 7.61121 7.60253 7.60061 7.60908 7.61383 7.60434 7.59359 7.60191 7.60709 7.60534 7.60030 7.60277 7.60500 7.61187 7.61463 7.61520 7.61553 7.61451
7.63925 7.64070 7.64237 7.64311 7.63940 7.63899 7.64086 7.63968 7.63861 7.63700 7.63536 7.63374 7.63314 7.63360 7.63496 7.63568 7.63563 7.63542 7.63507 7.63415 7.63376 7.63378 7.63338 7.63195 7.62836 7.61906 7.60214 7.58703 7.58510 7.59567 7.60450 7.59589 7.59918 7.61474 7.61766 7.61407 7.60931 7.61902 7.62303 7.61745 7.61184 7.60985 7.60703 7.60175 7.60400 7.59744 7.59890 7.61384 7.61440 7.60066 7.59738 7.61224 7.61673 7.61001 7.60526 7.60618 7.60820 7.60796 7.60736 7.61089 7.60880 7.61300 7.61635 7.61714 7.61690 7.61537
7.64098 7.64330 7.64373 7.64258 7.63959 7.63818 7.63781 7.63599 7.63395 7.63179 7.63082 7.63109 7.63270 7.63498 7.63639 7.63655 7.63610 7.63546 7.63528 7.63469 7.63382 7.63314 7.63245 7.63127 7.62836 7.62093 7.60837 7.59471 7.58589 7.58239 7.57284 7.56691 7.58568 7.60343 7.60920 7.60888 7.61480 7.62233 7.62008 7.61336 7.60919 7.60513 7.60148 7.60079 7.60507 7.61253 7.60335 7.60391 7.60794 7.59364 7.59779 7.61647 7.61766 7.61089 7.60851 7.61032 7.61052 7.60619 7.60448 7.61103 7.60762 7.61068 7.61516 7.61587 7.61596 7.61476
7.64188 7.64345 7.64322 7.64188 7.63991 7.63775 7.63541 7.63281 7.62997 7.62780 7.62793 7.63002 7.63271 7.63533 7.63613 7.63617 7.63584 7.63496 7.63433 7.63412 7.63343 7.63232 7.63126 7.63030 7.62819 7.62246 7.61423 7.60573 7.59733 7.58734 7.57644 7.58468 7.59794 7.60390 7.61089 7.61622 7.61869 7.62075 7.61842 7.60982 7.60133 7.60060 7.60603 7.60909 7.60897 7.61626 7.61365 7.60561 7.60281 7.59441 7.60414 7.61722 7.61595 7.60618 7.60201 7.60473 7.60746 7.60373 7.60100 7.60957 7.60361 7.60725 7.61395 7.61370 7.61249 7.61273
7.64226 7.64292 7.64244 7.64130 7.63958 7.63685 7.63362 7.63051 7.62805 7.62696 7.62758 7.62933 7.63131 7.63374 7.63504 7.63512 7.63485 7.63414 7.63327 7.63268 7.63215 7.63105 7.62975 7.62905 7.62758 7.62320 7.61807 7.61422 7.60904 7.60394 7.60583 7.61322 7.61531 7.61097 7.60611 7.60560 7.60728 7.61134 7.61128 7.60361 7.59773 7.60155 7.60873 7.60957 7.61092 7.61636 7.61720 7.61312 7.60805 7.60282 7.61086 7.61666 7.61345 7.60003 7.59429 7.60256 7.60498 7.60674 7.60136 7.60192 7.60169 7.60669 7.61231 7.61240 7.61004 7.61010
