mrvbf_slope1.2_pctl1.2.asc
NCOLS 410
NROWS 410
XLLCORNER 2398750.0000000000000000
YLLCORNER 2548750.0000000000000000
CELLSIZE 250.0000000000000000
NODATA_VALUE -99999.00000
[rows 290 to 318 of 410, columns 330 to 395 of 410]
7.15439 7.08346 7.01434 7.05714 7.13179 7.17246 7.15899 7.10208 7.02123 6.95586 6.94053 6.99612 7.07359 7.12015 7.14268 7.14690 7.14571 7.16815 7.21129 7.24715 7.27663 7.30826 7.33713 7.36271 7.38261 7.39405 7.40133 7.40478 7.40359 7.40874 7.41914 7.42699 7.43821 7.44990 7.45014 7.43862 7.42865 7.43160 7.44676 7.45823 7.44859 7.41116 7.36737 7.36494 7.39128 7.39401 7.40340 7.44588 7.47204 7.48015 7.48220 7.47849 7.46866 7.45214 7.42245 7.35340 7.16101 6.81699 6.98192 7.25871 7.35029 7.35649 7.35820 7.36362 7.36407 7.36081
6.97635 6.95188 6.99596 7.08749 7.16221 7.18643 7.14890 7.07000 6.97970 6.92336 6.93604 7.01009 7.08943 7.12960 7.14107 7.13942 7.13328 7.14802 7.18999 7.23710 7.28012 7.31321 7.33290 7.34515 7.35946 7.37178 7.37902 7.38154 7.38410 7.39501 7.40606 7.40988 7.42154 7.43851 7.43826 7.42834 7.42774 7.44020 7.45485 7.45720 7.43921 7.39679 7.33985 7.34167 7.37883 7.38143 7.40898 7.45376 7.47154 7.47781 7.47855 7.47255 7.46025 7.43890 7.39532 7.26491 6.75316 6.60352 7.00692 7.22943 7.36516 7.38963 7.38075 7.36105 7.34245 7.33836
6.90858 6.98041 7.06756 7.14827 7.19255 7.18521 7.12696 7.03717 6.94398 6.89933 6.93504 7.02806 7.11307 7.14259 7.13730 7.11854 7.10186 7.10928 7.15470 7.22157 7.28261 7.31959 7.33559 7.34240 7.35273 7.36479 7.37270 7.37654 7.38397 7.39816 7.40729 7.40276 7.40668 7.42325 7.42809 7.42926 7.43619 7.44637 7.44989 7.44073 7.42112 7.37828 7.29840 7.31076 7.36070 7.37484 7.42313 7.45801 7.47022 7.47495 7.47347 7.46521 7.44841 7.41578 7.35444 7.20991 6.94466 6.93725 7.19238 7.31071 7.36648 7.38852 7.38988 7.37114 7.33772 7.32322
7.02056 7.09175 7.15448 7.19230 7.18586 7.14394 7.08014 7.00174 6.92265 6.89391 6.94365 7.04666 7.13039 7.15106 7.14096 7.10529 7.06392 7.05810 7.11165 7.20177 7.27787 7.31970 7.34095 7.35443 7.36665 7.37669 7.38349 7.38890 7.39839 7.41163 7.41763 7.41088 7.40835 7.41618 7.42771 7.43897 7.44510 7.44150 7.43052 7.41188 7.38166 7.32345 7.27585 7.32176 7.35016 7.38528 7.43675 7.45906 7.46808 7.47123 7.46714 7.45532 7.42937 7.38882 7.33685 7.26175 7.16559 7.15337 7.27159 7.36357 7.37429 7.37837 7.38756 7.38105 7.33561 7.30497
7.12740 7.16149 7.17976 7.16280 7.11967 7.06684 7.01567 6.96748 6.93068 6.92992 6.97534 7.05550 7.12130 7.14542 7.14770 7.11366 7.04762 7.02397 7.07289 7.16921 7.25701 7.31222 7.34440 7.36650 7.38267 7.39181 7.39670 7.40225 7.41209 7.42315 7.42627 7.42267 7.42000 7.42191 7.43145 7.44231 7.44182 7.42768 7.40956 7.39048 7.36111 7.31891 7.31825 7.33696 7.35204 7.40809 7.44446 7.45825 7.46485 7.46567 7.45946 7.44310 7.41071 7.37308 7.34325 7.31431 7.25381 7.22227 7.27782 7.34693 7.37201 7.37493 7.38019 7.38321 7.32703 7.27658
7.13002 7.13237 7.11997 7.08477 7.04011 6.99957 6.97171 6.96362 6.97882 7.00167 7.02261 7.05433 7.09803 7.13190 7.14283 7.11455 7.06091 7.03298 7.05822 7.13181 7.22138 7.29138 7.33259 7.35457 7.37329 7.38661 7.39618 7.40587 7.41797 7.42749 7.42839 7.42865 7.42895 7.42824 7.42984 7.43097 7.42425 7.41074 7.39886 7.39109 7.37726 7.35626 7.34032 7.33180 7.37579 7.42705 7.44644 7.45547 7.45963 7.45816 7.45067 7.43112 7.39528 7.35783 7.34054 7.33280 7.29022 7.25590 7.27206 7.31711 7.36028 7.37519 7.36808 7.37147 7.31742 7.25416
7.06240 7.05697 7.04645 7.02763 7.00514 6.98697 6.98364 7.00527 7.04324 7.05970 7.05207 7.04980 7.07534 7.10826 7.11979 7.10203 7.07259 7.05598 7.06488 7.10750 7.17914 7.25031 7.30434 7.34185 7.36238 7.37060 7.38163 7.39764 7.41356 7.42097 7.42118 7.42210 7.42291 7.42243 7.41832 7.41245 7.40633 7.40183 7.40187 7.40269 7.39574 7.36770 7.31778 7.33017 7.39693 7.43106 7.44287 7.44841 7.44990 7.44744 7.44015 7.42094 7.38078 7.33276 7.33405 7.33982 7.30470 7.27943 7.28061 7.30403 7.34094 7.36051 7.36068 7.36681 7.32295 7.26917
6.98124 6.99704 7.01347 7.02407 7.02316 7.01449 7.01642 7.04473 7.07313 7.06682 7.05049 7.04081 7.05017 7.07016 7.08110 7.07948 7.07370 7.07284 7.07728 7.09235 7.13398 7.20029 7.28060 7.34052 7.36391 7.36387 7.36602 7.38306 7.40128 7.40827 7.40769 7.40650 7.40394 7.40088 7.40001 7.40081 7.40181 7.40490 7.40936 7.40909 7.39707 7.36523 7.32395 7.34035 7.39753 7.42330 7.42993 7.43179 7.43181 7.43092 7.42545 7.41067 7.37005 7.31928 7.30895 7.31826 7.31289 7.30544 7.30053 7.30533 7.32295 7.33694 7.35087 7.36179 7.32903 7.29166
6.92914 6.97609 7.02196 7.05367 7.05341 7.02241 6.98453 6.97185 6.98686 7.00483 7.01821 7.01911 7.01801 7.02480 7.03545 7.04558 7.05340 7.06246 7.06939 7.07368 7.09973 7.16809 7.26948 7.33826 7.36423 7.36594 7.36031 7.36926 7.38278 7.38914 7.38986 7.39007 7.39076 7.39262 7.39841 7.40543 7.40932 7.41232 7.41311 7.40808 7.39268 7.36606 7.33652 7.33707 7.37819 7.39636 7.39234 7.38942 7.39030 7.40007 7.39811 7.38284 7.33332 7.28084 7.28482 7.30845 7.32759 7.33300 7.32203 7.30845 7.30668 7.31175 7.32605 7.33389 7.31079 7.28908
6.90448 6.97469 7.03656 7.07070 7.05862 7.00052 6.91775 6.85797 6.87182 6.91903 6.95393 6.96866 6.97710 6.98256 6.98718 6.99654 7.00574 7.01215 7.01925 7.04060 7.09310 7.16872 7.25896 7.32544 7.35622 7.36653 7.36357 7.36212 7.36630 7.37253 7.38123 7.39027 7.39694 7.40383 7.40940 7.41363 7.41363 7.41219 7.40752 7.39542 7.37185 7.33729 7.29690 7.27884 7.32594 7.33803 7.32939 7.31713 7.31116 7.32030 7.32031 7.29968 7.24878 7.21934 7.25651 7.31080 7.34785 7.36003 7.34662 7.31933 7.29831 7.29304 7.29697 7.29228 7.26804 7.25425
6.89056 6.96311 7.01727 7.04185 7.03542 6.99085 6.91719 6.84309 6.82099 6.83680 6.86505 6.90332 6.93781 6.94801 6.93917 6.93278 6.93228 6.93436 6.95306 7.01139 7.10622 7.19329 7.25107 7.29750 7.33554 7.35954 7.36559 7.36415 7.36904 7.38022 7.39348 7.40067 7.39501 7.39091 7.39287 7.39629 7.39569 7.39234 7.38560 7.37167 7.34757 7.30618 7.22721 7.14193 7.22141 7.26240 7.25887 7.20041 7.17751 7.17934 7.21236 7.22875 7.20430 7.17487 7.22668 7.30904 7.35756 7.37379 7.36648 7.34615 7.32359 7.30206 7.26935 7.23061 7.19277 7.18162
6.87508 6.92661 6.95402 6.96484 6.96629 6.96334 6.95187 6.90350 6.81784 6.76646 6.78413 6.85396 6.90967 6.91464 6.88334 6.85399 6.83866 6.83746 6.88574 6.99712 7.12528 7.21571 7.25891 7.28346 7.31144 7.34014 7.35946 7.37311 7.38408 7.39314 7.39388 7.37644 7.34692 7.33832 7.34935 7.36218 7.36689 7.36530 7.35993 7.35020 7.33400 7.30137 7.23553 7.12934 7.10072 7.16427 7.13689 7.05127 7.05675 7.09613 7.17327 7.21484 7.17331 7.16651 7.26309 7.30938 7.34903 7.37144 7.36981 7.35585 7.33516 7.29927 7.21969 7.11523 7.05567 7.05473
6.83934 6.87599 6.87275 6.85484 6.83771 6.83523 6.85158 6.84597 6.77332 6.73240 6.76488 6.84070 6.89101 6.88228 6.82757 6.76215 6.71982 6.72060 6.81122 6.97975 7.12583 7.20648 7.25170 7.28402 7.29849 7.32320 7.35618 7.37870 7.38712 7.38588 7.36078 7.31222 7.28939 7.30202 7.32301 7.34229 7.35127 7.34954 7.34253 7.33493 7.32257 7.29538 7.25494 7.16513 7.01595 7.01437 7.00307 7.06379 7.11401 7.12618 7.16216 7.18742 7.18910 7.25061 7.31372 7.31436 7.34230 7.36467 7.35873 7.33732 7.30043 7.22161 7.06146 6.89748 6.83229 6.86169
6.76961 6.81765 6.81496 6.77187 6.72262 6.68370 6.65718 6.64936 6.67240 6.72436 6.79498 6.86475 6.89817 6.87283 6.79379 6.68181 6.59276 6.59102 6.71627 6.92228 7.09347 7.18111 7.22526 7.25648 7.28474 7.32162 7.35723 7.37462 7.37642 7.35912 7.30358 7.26177 7.30008 7.32223 7.33027 7.34607 7.35467 7.34645 7.33171 7.32066 7.31065 7.29302 7.26104 7.17093 7.02263 7.00009 7.07208 7.18564 7.20754 7.18157 7.18073 7.19682 7.23535 7.29610 7.31262 7.30951 7.33929 7.35267 7.33665 7.29702 7.21001 7.01866 6.75031 6.56775 6.53690 6.62696
6.65940 6.73230 6.77572 6.76288 6.71137 6.64776 6.58305 6.55720 6.61284 6.70634 6.80219 6.88257 6.91836 6.89351 6.80115 6.64084 6.48776 6.46139 6.60176 6.83639 7.03895 7.15122 7.20957 7.24966 7.29019 7.33001 7.35646 7.36532 7.35719 7.32200 7.27299 7.27967 7.33618 7.34915 7.34571 7.35923 7.36479 7.34666 7.32422 7.31027 7.30550 7.30062 7.28223 7.24428 7.21108 7.18973 7.21515 7.25729 7.25468 7.22462 7.21295 7.22883 7.26278 7.29463 7.28711 7.29125 7.32677 7.33394 7.30267 7.22161 7.01484 6.65978 6.34121 6.19469 6.23777 6.41203
6.50072 6.57776 6.66435 6.73332 6.74269 6.70567 6.64741 6.60951 6.62773 6.69030 6.77048 6.84692 6.89355 6.89683 6.82664 6.63905 6.41367 6.34637 6.48630 6.74699 6.98577 7.13297 7.21494 7.26370 7.30220 7.33219 7.34956 7.35316 7.33365 7.29504 7.27924 7.30670 7.34528 7.35319 7.35364 7.36704 7.36215 7.33964 7.32574 7.32157 7.32308 7.32471 7.31825 7.31125 7.31290 7.29926 7.29393 7.29842 7.28559 7.26085 7.24725 7.25624 7.27276 7.27916 7.25975 7.26006 7.30097 7.30668 7.25002 7.07639 6.66930 6.20820 5.93621 5.88739 6.04039 6.30940
6.30707 6.35420 6.41952 6.51452 6.61179 6.67239 6.67770 6.66443 6.65539 6.67329 6.71703 6.76885 6.81020 6.82796 6.78480 6.61279 6.37839 6.29101 6.41491 6.68367 6.95077 7.12367 7.21682 7.26719 7.30182 7.32637 7.33987 7.34090 7.31529 7.27968 7.28285 7.31674 7.35018 7.35737 7.35827 7.36294 7.34909 7.33497 7.34142 7.35137 7.35183 7.34795 7.33943 7.33300 7.33463 7.32705 7.31711 7.31204 7.30357 7.29362 7.28336 7.27955 7.27685 7.26481 7.24014 7.23256 7.26706 7.26439 7.15452 6.80715 6.21478 5.78485 5.63191 5.71328 6.00066 6.36586
6.11524 6.12426 6.13983 6.19739 6.31719 6.44239 6.52737 6.58407 6.61302 6.62846 6.65015 6.67706 6.70711 6.72695 6.69383 6.55818 6.37776 6.30467 6.40937 6.65187 6.91769 7.10472 7.20530 7.25869 7.29429 7.31754 7.32930 7.32934 7.30258 7.26713 7.27120 7.30570 7.34132 7.35130 7.34720 7.34475 7.34052 7.34520 7.35945 7.37032 7.36966 7.35893 7.34469 7.33725 7.34028 7.33661 7.32551 7.31800 7.31863 7.32082 7.31347 7.30034 7.28247 7.25769 7.23172 7.21971 7.22530 7.18345 6.95416 6.40429 5.81030 5.50346 5.48084 5.71008 6.14100 6.56244
5.95036 5.93873 5.91794 5.92969 6.01566 6.14418 6.27300 6.38958 6.48028 6.53656 6.57083 6.59225 6.61483 6.63681 6.61954 6.52187 6.38372 6.33200 6.42902 6.64486 6.89223 7.08269 7.19000 7.24683 7.28420 7.30708 7.31815 7.31755 7.28882 7.24943 7.24743 7.27805 7.31617 7.33393 7.33572 7.33728 7.34558 7.36005 7.37211 7.37554 7.37011 7.35685 7.34595 7.34657 7.35579 7.36006 7.35569 7.34939 7.34366 7.33914 7.32985 7.31580 7.29346 7.26399 7.23752 7.22009 7.18777 7.05566 6.66580 6.05499 5.57609 5.40104 5.50877 5.91329 6.38903 6.67124
5.81404 5.81029 5.78367 5.75516 5.76139 5.84387 5.97713 6.13033 6.28477 6.40828 6.49187 6.53906 6.55943 6.57221 6.55988 6.48498 6.37753 6.35197 6.45249 6.65201 6.87734 7.06212 7.17336 7.23291 7.27211 7.29538 7.30640 7.30457 7.27017 7.22464 7.21892 7.24973 7.29763 7.32759 7.33894 7.34718 7.35849 7.37091 7.37863 7.37757 7.36455 7.34861 7.34716 7.36111 7.37880 7.38634 7.38454 7.37596 7.35400 7.33105 7.32454 7.32190 7.30733 7.28054 7.25215 7.22132 7.14430 6.90009 6.40111 5.83874 5.49884 5.45325 5.68822 6.12824 6.38630 6.41095
5.69816 5.71389 5.69504 5.62688 5.52761 5.53584 5.65594 5.84904 6.08178 6.28554 6.42965 6.51311 6.53714 6.52837 6.49502 6.42762 6.36259 6.37433 6.47936 6.66310 6.86555 7.04071 7.15474 7.21698 7.25820 7.28255 7.29385 7.29015 7.25051 7.20210 7.19766 7.23165 7.28807 7.32962 7.34858 7.35943 7.36909 7.37657 7.37929 7.37300 7.35678 7.34541 7.35438 7.37771 7.39304 7.38643 7.37021 7.34757 7.31666 7.30349 7.31418 7.32515 7.32349 7.30504 7.26806 7.20470 7.06436 6.73313 6.20997 5.73650 5.50740 5.56555 5.88770 6.15325 6.12617 6.76678
5.57606 5.59555 5.56712 5.43753 5.26589 5.22238 5.33997 5.59215 5.91630 6.18830 6.36940 6.46863 6.50043 6.47777 6.42418 6.37331 6.36477 6.41447 6.51956 6.67160 6.84488 7.01400 7.13264 7.19883 7.24249 7.26852 7.28056 7.27615 7.23442 7.18436 7.18183 7.21731 7.27493 7.32403 7.35036 7.36226 7.37074 7.37679 7.37683 7.36697 7.35133 7.34638 7.36433 7.38684 7.38434 7.36439 7.34386 7.32242 7.30538 7.32056 7.34091 7.34825 7.34418 7.32491 7.27215 7.17013 6.97145 6.60522 6.11236 5.70455 5.52529 5.61159 5.95280 6.28287 6.25711 6.47728
5.38168 5.40299 5.38362 5.20257 4.99702 4.94795 5.08352 5.40005 5.79985 6.09208 6.27656 6.37934 6.41053 6.38941 6.35104 6.34282 6.37906 6.44701 6.54211 6.66741 6.81915 6.98375 7.10742 7.17822 7.22482 7.25316 7.26652 7.26276 7.22175 7.16881 7.16246 7.19877 7.26038 7.31514 7.34433 7.35829 7.36860 7.37469 7.37256 7.36111 7.34626 7.34623 7.36893 7.38142 7.36464 7.34767 7.34189 7.33796 7.34346 7.36376 7.37135 7.36728 7.35002 7.31268 7.24359 7.12339 6.90838 6.55583 6.09933 5.71282 5.53876 5.63030 5.90563 5.60415 4.72483 4.71505
5.14771 5.16359 5.19024 4.98783 4.77860 4.74540 4.89470 5.25750 5.69071 5.95899 6.13026 6.25384 6.27760 6.26627 6.26910 6.31347 6.37744 6.44579 6.52870 6.64220 6.78646 6.95065 7.07950 7.15466 7.20473 7.23640 7.25183 7.24965 7.20796 7.14852 7.13883 7.17721 7.24402 7.30461 7.33587 7.35320 7.36573 7.37192 7.36923 7.35748 7.34227 7.34181 7.36262 7.36336 7.35073 7.35437 7.36350 7.35960 7.35541 7.36811 7.36920 7.35829 7.32740 7.27337 7.19973 7.08248 6.88382 6.56812 6.14255 5.75594 5.58125 5.67043 5.51565 4.63996 4.29913 4.57659
4.90283 4.93926 4.99202 4.81045 4.64144 4.62627 4.76222 5.08058 5.49612 5.77788 5.94960 6.07900 6.13308 6.14441 6.16041 6.21904 6.29507 6.37167 6.46328 6.58798 6.74201 6.91325 7.04719 7.12644 7.18094 7.21770 7.23649 7.23698 7.19682 7.12700 7.10624 7.14645 7.21908 7.28704 7.32459 7.34351 7.35653 7.36532 7.36607 7.35807 7.34542 7.34033 7.34960 7.35349 7.35943 7.37303 7.36765 7.33969 7.30742 7.31750 7.33310 7.32436 7.28472 7.22907 7.16250 7.06128 6.89615 6.63145 6.24582 5.86212 5.68787 5.62719 4.85199 4.16624 3.44555 4.12809
4.64768 4.71849 4.76593 4.64835 4.54405 4.54437 4.65443 4.88552 5.22252 5.52514 5.72528 5.86980 5.97166 6.00570 6.00473 6.03471 6.10608 6.20581 6.33706 6.50188 6.68418 6.86599 7.00457 7.08975 7.15064 7.19503 7.21993 7.22483 7.19484 7.11319 7.04755 7.07812 7.17678 7.26625 7.31140 7.33042 7.34304 7.35448 7.36110 7.35920 7.35265 7.35040 7.35761 7.36514 7.37397 7.37200 7.34560 7.31623 7.28629 7.26468 7.27991 7.28079 7.24913 7.20478 7.14836 7.06767 6.94163 6.73625 6.40949 6.04409 5.85104 5.61031 4.59673 2.03570 3.15625 2.55330
4.36469 4.46198 4.51792 4.47836 4.43472 4.45100 4.54388 4.71117 4.93785 5.18256 5.40577 5.59078 5.70894 5.77474 5.80109 5.82359 5.87274 5.97803 6.15722 6.38757 6.60823 6.78987 6.93477 7.03552 7.10867 7.16465 7.20044 7.21279 7.19677 7.10973 6.96401 6.97086 7.12697 7.24398 7.28530 7.30318 7.32098 7.33811 7.35036 7.35441 7.35286 7.35550 7.36585 7.36863 7.36477 7.34788 7.32569 7.32412 7.32573 7.29165 7.27595 7.26967 7.24623 7.20743 7.15824 7.09717 7.00924 6.86550 6.61534 6.29293 6.07653 5.86760 4.78697 3.44183 2.03879 3.85196
4.07628 4.20114 4.26601 4.28645 4.29669 4.33147 4.41576 4.54387 4.68784 4.83874 5.00958 5.19433 5.34570 5.48010 5.57161 5.61540 5.64577 5.73106 5.93964 6.23562 6.48484 6.65643 6.80555 6.93563 7.03958 7.11988 7.17385 7.19831 7.19322 7.11992 6.88469 6.83281 7.09265 7.20066 7.21739 7.24662 7.28348 7.31344 7.33130 7.33585 7.33357 7.33479 7.34051 7.34036 7.33615 7.32993 7.32953 7.34232 7.35221 7.33029 7.30716 7.28910 7.26254 7.22481 7.18221 7.13859 7.08449 6.99738 6.83192 6.58404 6.35390 6.21993 5.51907 4.44709 2.40790 2.73510
3.86021 3.96510 4.02051 4.07269 4.12992 4.19341 4.27780 4.38040 4.48546 4.58618 4.69950 4.84284 5.02344 5.21396 5.35596 5.42723 5.46109 5.52664 5.71344 6.00774 6.27055 6.45964 6.62063 6.77393 6.91532 7.03841 7.13072 7.17886 7.18900 7.14218 6.88956 6.75578 7.03800 7.09438 7.11417 7.18824 7.24816 7.28406 7.30094 7.30486 7.30412 7.30569 7.31223 7.31888 7.32443 7.33292 7.34345 7.35418 7.36057 7.35051 7.33319 7.31237 7.28371 7.24811 7.21264 7.18387 7.15590 7.11127 7.01684 6.85694 6.66583 6.49654 6.22731 5.09444 4.33522 3.87324
