mrvbf_slope0.5_pctl1.1.asc
NCOLS 410
NROWS 410
XLLCORNER 2398750.0000000000000000
YLLCORNER 2548750.0000000000000000
CELLSIZE 250.0000000000000000
NODATA_VALUE -99999.00000
[rows 0 to 28 of 410, columns 66 to 131 of 410]
-99999.00000 -99999.00000 -99999.00000 -99999.00000 -99999.00000 -99999.00000 -99999.00000 -99999.00000 -99999.00000 -99999.00000 -99999.00000 -99999.00000 -99999.00000 -99999.00000 -99999.00000 -99999.00000 -99999.00000 -99999.00000 -99999.00000 -99999.00000 -99999.00000 -99999.00000 -99999.00000 -99999.00000 -99999.00000 -99999.00000 -99999.00000 -99999.00000 -99999.00000 -99999.00000 -99999.00000 -99999.00000 -99999.00000 -99999.00000 -99999.00000 -99999.00000 -99999.00000 -99999.00000 -99999.00000 -99999.00000 -99999.00000 -99999.00000 -99999.00000 -99999.00000 -99999.00000 -99999.00000 -99999.00000 -99999.00000 -99999.00000 -99999.00000 -99999.00000 -99999.00000 -99999.00000 -99999.00000 -99999.00000 -99999.00000 -99999.00000 -99999.00000 -99999.00000 -99999.00000 -99999.00000 -99999.00000 -99999.00000 -99999.00000 -99999.00000 -99999.00000
-99999.00000 -99999.00000 -99999.00000 -99999.00000 -99999.00000 -99999.00000 -99999.00000 -99999.00000 -99999.00000 -99999.00000 -99999.00000 -99999.00000 -99999.00000 -99999.00000 -99999.00000 -99999.00000 -99999.00000 -99999.00000 -99999.00000 -99999.00000 -99999.00000 -99999.00000 -99999.00000 -99999.00000 -99999.00000 -99999.00000 -99999.00000 -99999.00000 -99999.00000 -99999.00000 -99999.00000 -99999.00000 -99999.00000 -99999.00000 -99999.00000 -99999.00000 -99999.00000 -99999.00000 -99999.00000 -99999.00000 -99999.00000 -99999.00000 -99999.00000 -99999.00000 -99999.00000 -99999.00000 -99999.00000 -99999.00000 -99999.00000 -99999.00000 -99999.00000 -99999.00000 -99999.00000 -99999.00000 -99999.00000 -99999.00000 -99999.00000 -99999.00000 -99999.00000 -99999.00000 -99999.00000 -99999.00000 -99999.00000 -99999.00000 -99999.00000 -99999.00000
-99999.00000 -99999.00000 -99999.00000 -99999.00000 -99999.00000 -99999.00000 -99999.00000 -99999.00000 -99999.00000 -99999.00000 -99999.00000 -99999.00000 -99999.00000 -99999.00000 -99999.00000 -99999.00000 -99999.00000 -99999.00000 -99999.00000 -99999.00000 -99999.00000 -99999.00000 -99999.00000 -99999.00000 -99999.00000 -99999.00000 -99999.00000 -99999.00000 -99999.00000 -99999.00000 -99999.00000 -99999.00000 -99999.00000 -99999.00000 -99999.00000 -99999.00000 -99999.00000 -99999.00000 -99999.00000 -99999.00000 -99999.00000 -99999.00000 -99999.00000 -99999.00000 -99999.00000 -99999.00000 -99999.00000 -99999.00000 -99999.00000 -99999.00000 -99999.00000 -99999.00000 -99999.00000 -99999.00000 -99999.00000 -99999.00000 -99999.00000 -99999.00000 -99999.00000 -99999.00000 -99999.00000 -99999.00000 -99999.00000 -99999.00000 -99999.00000 -99999.00000
-99999.00000 -99999.00000 -99999.00000 -99999.00000 -99999.00000 -99999.00000 -99999.00000 -99999.00000 -99999.00000 -99999.00000 -99999.00000 -99999.00000 -99999.00000 -99999.00000 -99999.00000 -99999.00000 -99999.00000 -99999.00000 -99999.00000 -99999.00000 -99999.00000 -99999.00000 -99999.00000 -99999.00000 -99999.00000 -99999.00000 -99999.00000 -99999.00000 -99999.00000 -99999.00000 -99999.00000 -99999.00000 -99999.00000 -99999.00000 -99999.00000 -99999.00000 -99999.00000 -99999.00000 -99999.00000 -99999.00000 -99999.00000 -99999.00000 -99999.00000 -99999.00000 -99999.00000 -99999.00000 -99999.00000 -99999.00000 -99999.00000 -99999.00000 -99999.00000 -99999.00000 -99999.00000 -99999.00000 -99999.00000 -99999.00000 -99999.00000 -99999.00000 -99999.00000 -99999.00000 -99999.00000 -99999.00000 -99999.00000 -99999.00000 -99999.00000 -99999.00000
-99999.00000 -99999.00000 -99999.00000 -99999.00000 -99999.00000 -99999.00000 -99999.00000 -99999.00000 -99999.00000 -99999.00000 -99999.00000 -99999.00000 -99999.00000 -99999.00000 -99999.00000 -99999.00000 -99999.00000 -99999.00000 -99999.00000 -99999.00000 -99999.00000 -99999.00000 -99999.00000 -99999.00000 -99999.00000 -99999.00000 -99999.00000 -99999.00000 -99999.00000 -99999.00000 -99999.00000 -99999.00000 -99999.00000 -99999.00000 -99999.00000 -99999.00000 -99999.00000 -99999.00000 -99999.00000 -99999.00000 -99999.00000 -99999.00000 -99999.00000 -99999.00000 -99999.00000 -99999.00000 -99999.00000 -99999.00000 -99999.00000 -99999.00000 -99999.00000 -99999.00000 -99999.00000 -99999.00000 -99999.00000 -99999.00000 -99999.00000 -99999.00000 -99999.00000 -99999.00000 -99999.00000 -99999.00000 -99999.00000 -99999.00000 -99999.00000 -99999.00000
5.92285 6.23533 6.18354 5.92362 5.88193 5.98238 6.15571 6.17806 6.24794 6.34889 6.31557 6.07252 5.81740 5.80156 5.85378 5.90150 6.02421 5.95238 5.82780 5.99095 6.37912 6.45005 6.47354 6.42456 6.42426 6.28851 5.97649 5.78173 5.79558 5.71020 4.90412 2.62749 2.83433 5.18154 5.71165 5.92779 5.80816 5.61992 5.49646 5.69157 6.14617 6.41529 6.20310 5.86435 5.71540 5.72777 6.12212 6.44708 6.47903 6.48753 6.51119 6.47756 6.40083 6.32139 6.10376 5.82486 5.76069 5.50775 3.53860 4.54510 5.63337 6.01625 6.27812 6.25423 6.35978 6.36996
5.92525 6.24973 6.34888 6.03818 5.89729 6.00525 6.13364 6.14127 6.25486 6.30096 6.30546 6.30808 5.99018 5.87798 5.94146 5.98512 6.01589 6.11070 6.05157 6.17218 6.33723 6.44711 6.42645 6.35764 6.37570 6.38219 6.16589 5.89514 5.88431 5.86640 5.66140 5.21862 5.58363 5.63680 5.77040 5.97975 6.05137 5.79075 5.68274 5.85112 6.33048 6.36084 6.27632 5.88413 5.80273 5.87856 6.12089 6.41450 6.45011 6.42110 6.46144 6.46516 6.40434 6.34534 6.17906 5.88444 5.68105 4.66021 3.23031 4.38604 5.54168 5.88203 6.35652 6.41468 6.49281 6.47047
6.01564 6.18560 6.36944 6.19413 5.91454 5.92775 6.13586 6.32468 6.32797 6.33277 6.42351 6.47571 6.39347 6.22214 6.27168 6.26783 6.14404 6.01654 6.22672 6.34710 6.39742 6.40774 6.34941 5.98204 6.20133 6.44220 6.40812 6.28426 6.07995 5.84646 5.75891 5.57744 5.68325 5.59822 5.72437 5.94419 6.03930 6.12245 6.03599 6.19768 6.24996 6.21143 6.15859 6.13895 5.94067 6.00793 6.36564 6.50246 6.47569 6.39629 6.33754 6.37441 6.40752 6.30284 6.14242 5.86635 5.63122 4.31762 2.53451 4.28692 5.67550 6.08521 6.35879 6.42541 6.49073 6.47668
6.00132 6.03683 6.13477 5.93338 5.81624 5.92009 6.25836 6.38285 6.37521 6.39138 6.44885 6.48858 6.50925 6.45793 6.43574 6.37515 6.37787 6.26386 6.16383 6.29027 6.37535 6.17685 5.86971 5.70787 5.75977 6.17779 6.33417 6.23916 6.09157 5.94756 5.87447 5.74273 5.80060 5.66904 5.80651 6.07405 6.09026 6.16754 6.21543 6.17875 5.95066 5.74477 5.76106 6.06328 6.28709 6.30445 6.43995 6.47072 6.50367 6.42412 6.17292 6.24691 6.30731 6.42349 6.32829 5.93293 5.74869 5.57299 5.03755 5.58484 5.85792 6.11571 6.26371 6.45092 6.49942 6.46575
5.89133 5.92693 5.96162 5.85271 5.86750 6.12356 6.26575 6.34184 6.39193 6.32460 6.34689 6.43353 6.46397 6.38071 6.33510 6.30329 6.41200 6.37851 6.24997 6.31877 6.37201 5.96314 5.73065 5.72092 5.70288 5.91700 6.32970 6.42999 6.37591 6.24219 5.81226 5.62492 5.66917 5.52301 5.70872 6.04511 6.13567 6.16985 6.11920 5.94560 5.70497 5.59000 5.65175 5.76667 6.18830 6.40085 6.43549 6.51486 6.52482 6.43989 6.16930 6.12947 6.29685 6.47168 6.40217 6.00484 5.84803 5.75799 5.68737 5.85190 6.10532 6.18337 6.23773 6.38572 6.50082 6.45191
5.91120 5.95251 6.06553 6.04965 6.08921 6.22280 6.30117 6.44162 6.52491 6.44697 6.29006 6.25172 6.29156 6.23045 6.14437 6.22874 6.31178 6.24049 6.28631 6.42240 6.34230 6.30282 5.90470 5.78903 5.82591 6.25157 6.46308 6.49394 6.43218 6.29680 6.01950 5.71559 5.52008 5.60299 5.57227 5.79046 6.26519 6.28451 6.21455 5.84671 5.61083 5.58828 5.61571 5.71647 6.11935 6.42852 6.47116 6.51243 6.55978 6.49716 6.33987 6.19711 6.39276 6.47678 6.29830 6.14832 5.95316 6.07104 6.17972 6.39038 6.40849 6.33730 6.33954 6.40369 6.41888 6.49447
6.08804 6.08787 6.26922 6.36403 6.27427 6.29413 6.42692 6.55854 6.61630 6.56766 6.44967 6.22361 6.03319 6.00676 6.07853 6.14082 6.22134 6.29430 6.38869 6.48776 6.40192 6.11093 5.98736 5.98613 6.01579 6.37032 6.40422 6.48302 6.46591 6.30413 6.10720 5.91778 5.70626 5.54483 5.56055 5.73538 6.18455 6.36817 6.27679 5.93849 5.64136 5.56556 5.62285 5.75706 6.16364 6.38071 6.46957 6.50589 6.53894 6.52058 6.43985 6.34082 6.42764 6.48670 6.36830 6.34755 6.25854 6.33369 6.29955 6.37250 6.44764 6.47556 6.43793 6.48590 6.41318 6.47304
6.20873 6.21933 6.35299 6.45566 6.40833 6.40628 6.50256 6.58273 6.59797 6.57946 6.53012 6.35762 5.95648 5.85650 5.95452 6.09892 6.27894 6.40152 6.39011 6.37747 6.38937 6.18013 5.82852 5.77336 6.06806 6.36418 6.43624 6.48855 6.40734 6.35162 6.35617 6.19045 5.79624 5.60394 5.65061 5.60293 5.84918 6.36664 6.32437 6.25862 5.79425 5.64561 5.71227 5.95744 6.23230 6.37612 6.43724 6.47259 6.51466 6.51357 6.41392 6.43599 6.40235 6.45422 6.37704 6.38405 6.39278 6.46952 6.40591 6.41962 6.43446 6.49268 6.41769 6.40527 6.30786 6.29364
6.02777 6.20660 6.36762 6.35965 6.26234 6.25428 6.35529 6.44448 6.45168 6.44923 6.43357 6.26937 5.90878 5.83065 5.92666 6.13827 6.18455 6.38873 6.39321 6.26182 6.31470 5.90748 5.65415 5.60358 5.70679 6.12342 6.49040 6.50440 6.41622 6.46126 6.44923 6.36522 6.06927 5.74277 5.61943 5.65173 5.84984 6.29695 6.33620 6.24216 6.07941 5.87871 5.90938 6.22826 6.25814 6.37346 6.41578 6.45034 6.50705 6.50086 6.48137 6.43817 6.37909 6.42185 6.38584 6.41763 6.45645 6.40937 6.40127 6.43385 6.47192 6.44339 6.45987 6.33983 6.29231 6.27685
5.89101 6.07509 6.19057 5.98187 5.88754 5.88862 5.92900 6.00684 6.07796 6.18805 6.29053 6.23565 5.99105 5.86869 5.91029 6.11671 5.99702 6.10277 6.29087 6.27009 6.33060 5.88442 5.61055 5.57899 5.64960 5.81887 6.24890 6.40813 6.41353 6.40604 6.43103 6.36251 6.22266 5.86107 5.70148 5.71276 5.69126 5.79188 6.16177 6.22408 6.10223 6.07297 6.01577 5.83223 5.94708 6.11922 6.14319 6.26502 6.44961 6.46798 6.44964 6.42368 6.34055 6.26169 6.21545 6.31570 6.35042 6.30569 6.39958 6.45782 6.45960 6.46165 6.45332 6.37868 6.32211 6.06148
5.96760 5.90141 5.84010 5.80547 5.81557 5.83064 5.83723 5.85780 5.92436 6.07532 6.28861 6.38986 6.19500 5.90971 5.83149 5.86583 5.98056 6.01471 6.15392 6.31845 6.24770 6.03667 5.77068 5.63872 5.73356 5.84231 5.97420 6.28696 6.44518 6.37697 6.26780 6.23537 6.14304 5.85326 5.70956 5.70949 5.63198 5.62731 5.75078 5.78541 5.87581 6.00330 5.73431 5.59331 5.69878 5.75374 5.89419 6.00653 6.30373 6.43183 6.41419 6.41439 6.35828 6.33690 6.05135 6.02497 6.13955 6.25277 6.33718 6.41316 6.43085 6.40573 6.34049 6.26994 6.31509 6.15621
6.25280 5.86152 5.76018 5.77673 5.88969 5.96662 5.95652 5.95626 6.01259 6.11956 6.27866 6.40089 6.26137 5.95506 5.81322 5.79433 5.82742 5.92723 6.04492 6.20420 6.21130 6.17436 5.94984 5.78620 5.74281 5.85016 5.99077 6.36329 6.40952 6.33488 6.33048 6.22704 6.12077 5.85784 5.63037 5.59735 5.70116 5.60502 5.53432 5.53074 5.65579 5.75580 5.61941 5.62516 5.50601 5.60657 5.72596 5.96157 6.26627 6.27937 6.36413 6.38588 6.35050 6.34887 6.11066 5.94761 5.99344 6.09577 6.11957 6.06263 6.13983 6.21368 6.28368 6.25847 6.29831 6.31188
6.26907 5.87817 5.75719 5.76057 5.87368 6.19741 6.28810 6.20757 6.11889 6.08764 6.13754 6.26539 6.33449 6.18925 5.89635 5.80494 5.80788 5.90675 6.00538 6.15573 6.32396 6.31259 6.01292 5.75026 5.74703 5.73667 6.00218 6.42911 6.36187 6.29802 6.33275 6.23449 6.22518 6.14373 5.76726 5.60428 5.61842 5.57765 5.48129 5.50766 5.53723 5.69782 5.72748 5.57064 5.52368 5.58889 5.63877 5.83191 6.18594 6.27751 6.30761 6.39201 6.26580 6.13793 6.18087 6.13196 6.09482 6.05951 6.14081 6.05988 6.06918 6.10404 6.23244 6.16741 6.11849 6.18862
6.03160 5.94921 5.79867 5.75789 5.79140 6.00288 6.38383 6.37259 6.16133 6.02836 6.03768 6.21868 6.44088 6.47312 6.25028 5.92025 5.82858 5.84257 5.96230 6.19349 6.26669 6.14074 5.80314 5.66742 5.67328 5.68843 5.82472 6.35864 6.39922 6.21809 6.15476 6.22823 6.30557 6.16804 6.06935 5.86437 5.83840 5.83125 5.70766 5.52549 5.61822 5.79673 5.80432 5.59462 5.59151 5.58023 5.64859 5.89853 6.25986 6.33726 6.35989 6.36387 6.36635 6.22126 6.10757 6.18381 6.27040 6.30921 6.31013 6.26102 6.31379 6.16045 6.09881 6.00576 5.98048 6.10051
5.92331 6.03858 5.90717 5.78418 5.76940 5.85369 6.25500 6.40988 6.17033 6.00276 6.01241 6.20460 6.45377 6.55603 6.50163 6.26272 5.92910 5.83142 5.85963 5.96047 6.08203 5.93830 5.67531 5.65698 5.71841 5.70417 5.68123 5.83050 6.24058 6.26487 6.19655 6.18524 6.09145 5.99687 5.85296 6.18902 6.36454 6.38808 6.08725 5.78403 5.88239 6.17165 6.04797 5.70769 5.53419 5.63800 5.67248 5.86578 6.26105 6.34708 6.30370 6.27890 6.28828 6.14210 6.17770 6.20830 6.19760 6.33898 6.33573 6.35824 6.35396 6.39551 6.21845 6.00326 5.99311 5.97146
5.92444 6.00168 6.10040 5.85450 5.76990 5.79522 6.06914 6.35340 6.13906 6.01821 6.05389 6.16448 6.34207 6.49275 6.55353 6.48764 6.19112 5.85939 5.80192 5.82846 5.95792 5.99101 5.70155 5.63547 5.67364 5.59741 5.66467 5.67444 5.77110 5.96613 5.88635 5.99174 5.85854 5.70420 5.61029 5.73666 6.02930 6.30080 6.24666 6.14912 6.31273 6.37639 6.32912 5.86658 5.67151 5.63138 5.69454 5.75957 5.93834 5.82136 5.86163 6.01688 6.01188 6.07513 6.09881 6.05599 6.09071 6.07077 6.29741 6.39734 6.38453 6.40823 6.32035 6.26572 6.28487 6.15971
6.03613 6.05196 6.22045 5.92448 5.76860 5.77380 5.99878 6.23032 6.08214 6.08838 6.21252 6.20536 6.18665 6.31959 6.47669 6.52996 6.40888 5.93915 5.78799 5.78782 5.87318 6.09429 5.91215 5.73276 5.76764 5.67572 5.60779 5.60944 5.62577 5.73011 5.63439 5.70526 5.69786 5.50682 5.57308 5.57414 5.73081 6.00092 5.89501 6.11395 6.24203 6.22221 6.33509 6.17716 5.80922 5.70699 5.67423 5.62040 5.75307 5.64848 5.66352 5.75411 5.74251 5.78936 5.76399 5.91205 5.96454 6.04711 6.30289 6.37173 6.27483 6.28346 6.35738 6.44179 6.40583 6.29931
6.19256 6.16833 6.25750 5.93114 5.77208 5.77753 6.00755 6.14950 6.06694 6.19678 6.39120 6.33935 6.24857 6.20190 6.32604 6.46788 6.45664 6.05271 5.80561 5.77680 5.81345 5.93376 6.12503 6.14413 6.10780 5.80631 5.68336 5.56782 5.68039 5.77785 5.65288 5.52255 5.62066 5.62663 5.47751 5.58298 5.59673 5.72327 5.67708 5.76633 5.97896 6.12469 6.19592 6.22667 6.10532 5.74797 5.57370 5.66573 5.73271 5.60431 5.50008 5.62206 5.55903 5.60071 5.47317 5.68447 5.92688 6.21060 6.28568 6.36233 6.23250 6.13447 6.21588 6.35651 6.38257 6.34853
6.27030 6.25403 6.28259 5.98349 5.77674 5.77274 5.98837 6.12718 6.05516 6.21031 6.38054 6.39634 6.41613 6.29872 6.25704 6.38605 6.44198 6.19863 5.85961 5.78494 5.77650 5.80198 5.90302 6.18955 6.27289 6.17916 5.88387 5.70933 5.59092 5.67081 5.58903 5.63508 5.69218 5.67498 5.67399 5.51429 5.56799 5.59414 5.64127 5.62025 5.78415 6.09782 6.14769 6.32387 6.27264 5.90615 5.69902 5.58860 5.68881 5.51753 5.59376 5.70993 5.63259 5.66758 5.48284 5.45601 5.71297 5.96936 6.25370 6.34525 6.22505 6.10537 6.15528 6.10141 6.12292 6.30335
6.28112 6.29203 6.32004 6.05460 5.78101 5.76233 5.94738 6.05979 5.98206 6.11116 6.27532 6.32469 6.41438 6.40465 6.28306 6.31242 6.42083 6.36722 6.00933 5.81999 5.77129 5.75695 5.77301 5.84430 5.99856 6.16817 6.05897 5.91382 5.78230 5.75397 5.68018 5.71282 5.81903 5.85212 5.84790 5.66399 5.31912 5.59705 5.46562 5.68449 5.79227 5.92374 6.18436 6.26880 6.15267 5.98091 5.93706 5.78227 5.86057 5.70258 5.61937 5.71899 5.57153 5.58977 5.44512 5.55689 5.64586 5.73585 5.93741 6.24323 6.30860 6.20058 6.15767 6.12311 6.08633 6.10986
6.39288 6.39750 6.40182 6.05423 5.79153 5.77864 5.95556 6.01553 5.93667 6.06911 6.22798 6.21783 6.30989 6.41509 6.27405 6.25435 6.41328 6.48766 6.33483 6.02614 5.85470 5.78616 5.75492 5.76569 5.80030 5.84991 5.84537 5.87493 6.08240 5.93769 5.77013 5.87194 6.05324 6.07727 5.96564 5.82292 5.66301 5.61296 5.57947 5.72736 5.70069 5.80826 6.21427 6.25286 6.09722 6.03467 6.28384 6.27256 6.12311 5.93671 5.79917 5.87150 5.75829 5.73739 5.64270 5.60977 5.61754 5.63977 5.75716 6.07216 6.29709 6.16878 6.15170 6.08677 6.02134 6.16738
6.52954 6.49346 6.35577 5.95153 5.78986 5.80998 6.07005 6.07934 5.98616 6.17910 6.32749 6.21882 6.18603 6.25459 6.19523 6.25701 6.44677 6.54922 6.52468 6.42927 6.26731 6.02739 5.83692 5.79699 5.80410 5.80496 5.79533 5.80938 5.88942 5.98109 5.89184 6.01733 6.21064 6.14760 5.92952 5.74618 5.64931 5.57702 5.62079 5.73268 5.74587 5.74840 5.99180 5.92969 6.05531 6.25937 6.30002 6.36324 6.25136 6.15221 6.13580 6.02293 5.94626 5.84815 5.71191 5.59993 5.51940 5.67939 5.72679 5.89434 6.17823 6.28120 6.22757 6.06407 6.13115 6.30845
6.55867 6.39459 5.95728 5.76984 5.73824 5.81615 6.17644 6.10102 6.01623 6.23853 6.43674 6.35949 6.22561 6.17829 6.22203 6.38068 6.52704 6.58927 6.56058 6.49380 6.41903 6.30677 6.07769 5.91821 5.84696 5.80945 5.83181 5.87084 5.91929 6.00591 5.98929 6.19806 6.27967 6.01993 5.71169 5.54070 5.60387 5.59542 5.59863 5.70689 5.71632 5.80856 5.80785 5.71108 5.79899 6.18172 6.36183 6.39749 6.24025 6.18577 6.05962 6.06912 6.03215 5.75840 5.57440 5.60429 5.29937 5.57143 5.75046 6.11339 6.25030 6.32892 6.25658 6.12615 6.05306 6.17131
6.49882 6.11005 5.78468 5.72354 5.74676 5.86540 6.09499 5.99182 5.94415 6.12115 6.41730 6.48386 6.41035 6.36362 6.41572 6.52004 6.58098 6.55160 6.44115 6.25605 6.12357 6.10156 6.10143 6.05395 5.89688 5.81623 5.82179 5.88284 5.98075 6.10769 6.19613 6.30962 6.22374 5.78189 5.49461 5.30689 5.33441 5.50233 5.66788 5.77825 5.81541 5.88881 5.71855 5.73441 5.69598 5.87905 6.26789 6.39827 6.36811 6.24174 6.13845 6.04432 5.97920 5.78790 5.63260 5.55348 5.57212 5.56372 5.74600 6.08214 6.19370 6.24333 6.22139 6.09396 6.11078 6.17767
