mrvbf_slope0.6_pctl0.9.asc
NCOLS 410
NROWS 410
XLLCORNER 2398750.0000000000000000
YLLCORNER 2548750.0000000000000000
CELLSIZE 250.0000000000000000
NODATA_VALUE -99999.00000
[rows 319 to 347 of 410, columns 66 to 131 of 410]
3.89012 4.04176 4.12113 4.12990 4.09653 3.95655 3.79244 3.64545 3.53600 3.49367 3.52965 3.62283 3.63546 3.52150 3.47897 3.55055 3.40660 3.21769 3.18376 3.22093 3.26934 3.41517 3.62841 3.64976 3.52492 3.49458 3.57059 3.60737 3.53520 3.64515 3.64908 3.55790 3.67770 3.89726 3.97765 3.91495 3.89612 3.82440 3.62949 3.62357 3.79184 3.89988 3.85294 3.82336 3.86659 3.95128 3.92129 3.72728 3.66285 3.76582 3.90524 3.82808 3.67620 3.60996 3.65656 3.85453 4.04315 3.96628 3.98608 4.03276 3.97537 3.99366 4.14107 4.04695 3.86564 3.83982
3.59921 3.74962 3.91932 4.04740 4.07202 4.03661 3.94942 3.81680 3.62451 3.49086 3.47474 3.54070 3.48206 3.37453 3.37588 3.39213 3.22159 3.12975 3.17699 3.33568 3.45703 3.57942 3.69689 3.57961 3.53249 3.61628 3.72536 3.59010 3.45384 3.49787 3.44702 3.47656 3.72445 4.04753 4.14273 4.11580 4.03131 3.78195 3.64052 3.73560 3.99960 4.09990 4.03533 3.91131 3.85248 3.85075 3.81746 3.77455 3.84719 4.02679 4.09583 3.83057 3.60839 3.50995 3.48179 3.55160 3.73226 3.70717 3.73215 3.81635 3.77728 3.79113 4.03596 4.11250 3.84893 3.86793
3.42736 3.51537 3.74754 4.00121 4.05254 3.99915 3.95054 3.90609 3.73587 3.56237 3.53347 3.54412 3.47025 3.36905 3.31626 3.31236 3.22720 3.29750 3.35782 3.49898 3.75086 3.77117 3.62956 3.53650 3.63022 3.81684 3.78377 3.49876 3.43535 3.36105 3.23944 3.41165 3.79560 4.13705 4.18415 4.15099 4.01671 3.74919 3.67593 3.80328 3.96983 4.02452 3.92396 3.69357 3.64700 3.74212 3.84125 3.96385 4.13456 4.22683 4.10682 3.74581 3.59013 3.51736 3.41236 3.36201 3.44684 3.52332 3.63127 3.71876 3.66735 3.61274 3.78559 4.12545 3.91227 3.84047
3.31279 3.35636 3.60008 3.83418 3.95401 3.95863 3.91493 3.83254 3.69991 3.59921 3.63213 3.67247 3.60549 3.54290 3.48956 3.46811 3.44273 3.54464 3.54585 3.65520 3.88919 3.83392 3.63626 3.62903 3.82651 3.91419 3.66304 3.49485 3.51705 3.33553 3.19014 3.35389 3.66639 3.97368 4.13354 4.15092 4.04436 3.81189 3.68695 3.67588 3.71965 3.74274 3.63207 3.53066 3.61611 3.87202 4.07700 4.22610 4.30039 4.26547 4.06303 3.70164 3.61156 3.61977 3.48225 3.32261 3.33894 3.51629 3.71043 3.77200 3.68554 3.56465 3.59789 3.85294 3.84515 3.82808
3.27797 3.20529 3.38871 3.51743 3.61767 3.72759 3.82776 3.76848 3.64555 3.57446 3.62996 3.71177 3.62588 3.61380 3.69724 3.62166 3.58729 3.66204 3.60412 3.75911 3.85426 3.67162 3.50574 3.54959 3.78703 3.74842 3.55410 3.51580 3.46461 3.39904 3.34209 3.35035 3.49269 3.68333 3.90383 4.08029 4.06813 3.90568 3.73390 3.63245 3.60356 3.56197 3.45672 3.41130 3.55458 3.94338 4.25037 4.31485 4.35718 4.29966 4.04679 3.72110 3.63297 3.65084 3.59319 3.47344 3.44824 3.61076 3.88954 3.90665 3.75012 3.59010 3.54112 3.65568 3.76307 3.92367
3.35647 3.21516 3.24257 3.33559 3.41242 3.49557 3.57515 3.59288 3.52871 3.48096 3.54174 3.67717 3.67103 3.68504 3.78249 3.60461 3.54654 3.58208 3.58490 3.74019 3.60106 3.43682 3.27703 3.26531 3.43846 3.37040 3.27686 3.32685 3.40657 3.49091 3.45375 3.37772 3.42008 3.52710 3.64639 3.75729 3.81439 3.84585 3.82015 3.74358 3.65543 3.55199 3.42055 3.28229 3.35518 3.62789 4.14722 4.33697 4.32583 4.27147 4.03275 3.73260 3.61287 3.59601 3.60929 3.58138 3.50787 3.68762 4.03075 3.99515 3.82140 3.64122 3.54746 3.59476 3.77850 4.13084
3.40744 3.31756 3.26210 3.29542 3.34671 3.39617 3.43361 3.43869 3.38545 3.30035 3.28988 3.37786 3.43362 3.47564 3.57695 3.48584 3.41877 3.43982 3.43067 3.48997 3.32701 3.23143 3.10094 2.91309 2.94863 2.86666 2.89927 3.01830 3.02847 3.19140 3.29607 3.33010 3.38642 3.48882 3.56469 3.56556 3.61838 3.76608 3.93052 3.95079 3.82024 3.66740 3.52019 3.33251 3.24295 3.48089 3.95552 4.29947 4.31481 4.28383 4.11729 3.79337 3.60971 3.59963 3.62769 3.55090 3.63930 3.99037 4.06610 3.91129 3.88377 3.78162 3.62350 3.59645 3.73410 4.12447
3.29521 3.36788 3.34270 3.32748 3.35522 3.38957 3.39267 3.38493 3.34709 3.22433 3.11733 3.11642 3.15077 3.16168 3.26986 3.30554 3.23498 3.29478 3.23429 3.18940 2.99627 3.05841 3.05649 2.76118 2.56519 2.60737 2.82469 3.00161 2.85445 2.90514 3.08996 3.21908 3.33133 3.48745 3.60331 3.54672 3.55781 3.66221 3.88069 3.98964 3.88945 3.80304 3.63602 3.38282 3.24562 3.42384 3.71116 3.96545 4.00579 3.94293 3.82231 3.65143 3.54526 3.57892 3.71205 3.66748 3.84565 3.91220 3.75398 3.73939 3.89451 4.02056 3.83018 3.66546 3.66843 3.88095
3.09147 3.30847 3.36545 3.33491 3.34443 3.39486 3.42265 3.41976 3.40456 3.33278 3.20551 3.08950 3.03664 2.97074 2.93565 2.98084 2.98238 3.12367 3.00215 2.81345 2.82093 2.97965 3.04613 2.84553 2.73389 2.85886 3.10906 3.18828 3.02335 2.91336 2.98951 3.10241 3.20894 3.38964 3.57499 3.60057 3.54069 3.55092 3.77527 3.99083 3.89657 3.77918 3.64261 3.40092 3.29376 3.36934 3.44108 3.49550 3.50126 3.45217 3.34149 3.16577 3.20212 3.37449 3.46537 3.46217 3.51845 3.46908 3.46505 3.55869 3.75102 4.03271 4.04207 3.78036 3.64810 3.66733
2.76382 2.99954 3.18475 3.23096 3.23469 3.32389 3.45468 3.49666 3.47593 3.43650 3.32819 3.17871 3.08417 3.01071 2.82245 2.69174 2.83912 2.94828 2.79401 2.68974 2.90847 3.01127 3.08276 3.06394 3.11173 3.18591 3.30777 3.34868 3.20485 2.93907 2.89529 3.00704 3.02200 3.15591 3.41383 3.53127 3.49629 3.46472 3.60124 3.89550 4.02252 3.88022 3.67534 3.43440 3.33743 3.35000 3.30769 3.24871 3.23346 3.22792 3.10563 2.96023 3.10429 3.28907 3.33456 3.27186 3.27077 3.27869 3.39810 3.49217 3.58535 3.79410 4.01967 3.86371 3.69288 3.64430
2.45726 2.46740 2.64717 2.89392 3.01705 3.11919 3.33863 3.47784 3.44512 3.38855 3.31450 3.23158 3.16115 3.05633 2.78854 2.65949 2.80423 2.83397 2.72448 2.72045 2.88543 3.04412 3.15956 3.25470 3.29516 3.28895 3.28411 3.26444 3.17874 3.05323 2.83513 2.76200 2.75745 2.86341 3.12124 3.23159 3.30437 3.26615 3.32679 3.53440 3.88101 3.99182 3.69276 3.41629 3.26985 3.37485 3.44125 3.38799 3.38118 3.43517 3.41412 3.40035 3.45717 3.48339 3.48004 3.44319 3.39885 3.46927 3.53149 3.52868 3.55396 3.67149 3.80139 3.78153 3.72562 3.71903
2.56297 2.30273 2.35445 2.60621 2.85430 2.95390 3.10158 3.30052 3.33668 3.32138 3.29690 3.28525 3.23983 3.08490 2.83705 2.81152 2.95606 3.00424 2.86580 2.80276 2.85641 3.06988 3.25949 3.40940 3.46246 3.44521 3.40829 3.30947 3.14566 3.17377 3.01230 2.72668 2.63074 2.79742 3.14281 3.31688 3.35147 3.27277 3.18526 3.28381 3.55967 3.74684 3.52115 3.40665 3.35035 3.44955 3.64876 3.67313 3.66393 3.63830 3.58041 3.50398 3.57412 3.70727 3.75353 3.69881 3.61790 3.62189 3.60357 3.56756 3.59632 3.68394 3.71206 3.71845 3.70516 3.69411
3.11407 2.88806 2.61997 2.64435 2.85204 2.96902 3.02124 3.17132 3.30704 3.35422 3.38625 3.42219 3.39588 3.26099 3.12495 3.14793 3.19183 3.30326 3.17088 3.20634 3.15553 3.20458 3.33554 3.46362 3.52262 3.52656 3.59124 3.50158 3.23617 3.21671 3.19214 3.16344 2.86169 2.75182 3.13086 3.42676 3.49004 3.43585 3.31829 3.19439 3.39878 3.63368 3.49811 3.49416 3.44178 3.50386 3.74597 3.85904 3.78990 3.62780 3.54972 3.53310 3.63409 3.81662 3.92106 3.86332 3.71878 3.63129 3.56100 3.55627 3.65358 3.82075 3.80068 3.78723 3.71953 3.65080
3.40233 3.27390 3.10547 2.93547 3.00920 3.08946 3.09875 3.22241 3.38263 3.48597 3.56414 3.61678 3.55754 3.43227 3.31431 3.24268 3.30595 3.43509 3.30238 3.18316 3.34215 3.31280 3.29650 3.37231 3.49482 3.55708 3.59800 3.56545 3.43227 3.32984 3.33804 3.39572 3.17014 2.84661 3.04119 3.41016 3.47212 3.44187 3.41564 3.23383 3.31624 3.59101 3.57354 3.53429 3.56876 3.61509 3.69693 3.69528 3.60965 3.50791 3.44014 3.50486 3.73616 3.97078 3.97673 3.77826 3.67549 3.60923 3.46627 3.47741 3.65733 3.94870 3.92391 3.93607 3.82050 3.65762
3.36149 3.26399 3.20745 3.09559 3.17746 3.28131 3.27709 3.34300 3.49009 3.63940 3.74003 3.71674 3.61129 3.49496 3.38294 3.30737 3.30544 3.38236 3.30687 3.03320 3.11758 3.18059 3.15311 3.29912 3.50048 3.52303 3.47069 3.48674 3.47999 3.36286 3.27999 3.25447 3.12517 2.86195 2.91816 3.23117 3.35192 3.33330 3.31571 3.27460 3.28053 3.49697 3.63409 3.61411 3.67144 3.80979 3.73448 3.66841 3.57109 3.50051 3.49227 3.55124 3.69800 4.01635 4.04966 3.73843 3.64403 3.63389 3.38383 3.37942 3.63890 3.93448 3.93741 3.96226 3.84420 3.64438
3.19884 3.05389 2.99393 2.93365 3.04874 3.19185 3.28266 3.41480 3.59010 3.78517 3.79789 3.62351 3.44856 3.22891 2.94790 2.69907 2.55292 2.62309 2.69265 2.56219 2.80038 2.78236 2.91913 3.22472 3.32684 3.29468 3.32464 3.32997 3.41311 3.31931 3.34715 3.29668 3.07807 2.85909 2.78249 2.97181 3.30072 3.38151 3.32962 3.36945 3.35827 3.39353 3.49448 3.66760 3.70477 3.67160 3.63712 3.62270 3.57868 3.57165 3.66489 3.61717 3.68362 3.95342 3.98063 3.72579 3.64807 3.60976 3.41943 3.34430 3.55584 3.73280 3.87890 3.96503 3.76023 3.62483
3.19386 3.11234 2.76098 2.65679 2.85928 3.17503 3.37836 3.54280 3.75298 3.84170 3.64908 3.44079 3.19230 2.83895 2.47704 2.04767 1.67180 1.69415 2.04850 2.49861 2.57555 2.44528 2.84754 3.07850 3.01848 3.15264 3.33321 3.36657 3.32465 3.40493 3.45148 3.27357 3.01576 2.70823 2.64658 2.98834 3.31429 3.27264 3.30982 3.43658 3.42615 3.24657 3.23700 3.41140 3.64371 3.75782 3.59551 3.52572 3.54756 3.62341 3.79830 3.70541 3.65279 3.69069 3.70006 3.66166 3.70844 3.60032 3.52837 3.53131 3.54578 3.61692 3.77972 3.90961 3.75377 3.62748
3.16836 3.17072 2.62961 2.56528 2.89134 3.32662 3.54733 3.70809 3.84508 3.72726 3.48904 3.25887 2.98182 2.64210 2.21519 1.60188 1.01000 0.86307 1.29540 1.86242 2.36529 2.38637 2.70364 2.76553 2.88691 3.11662 3.22652 3.36660 3.34831 3.40044 3.37533 3.22629 3.01608 2.66690 2.59496 2.84999 2.91807 2.85492 2.92759 3.08940 3.22507 3.23174 3.24032 3.22765 3.43022 3.58367 3.49166 3.44888 3.48849 3.57336 3.68598 3.68314 3.65081 3.64984 3.67574 3.68789 3.65487 3.61133 3.67408 3.71879 3.62794 3.60932 3.67699 3.82849 3.76402 3.62137
3.06636 2.94834 2.49004 2.51460 2.82606 3.22623 3.49973 3.69360 3.73142 3.55566 3.33251 3.11562 2.92838 2.58126 2.05176 1.29718 0.84123 0.60246 0.65507 0.88888 1.51422 2.15567 2.61652 2.73466 2.98686 3.00283 3.10474 3.23432 3.27335 3.27598 3.20469 3.13426 3.03708 2.76887 2.58456 2.62241 2.64981 2.74835 2.73808 2.85099 3.08886 3.38139 3.41306 3.33374 3.40075 3.48268 3.42245 3.41324 3.48758 3.61665 3.75027 3.79394 3.87140 3.92192 3.94609 3.89818 3.66293 3.60625 3.62996 3.65297 3.65742 3.60911 3.63752 3.71065 3.66927 3.61258
3.12845 2.89334 2.46431 2.45843 2.66795 2.90153 3.21998 3.46314 3.47147 3.28273 3.08327 3.08183 3.00686 2.58931 2.05039 1.33163 1.05392 1.10414 0.71936 0.66807 0.95967 1.94278 2.79234 2.91242 3.09644 2.92939 3.04087 3.17094 3.16759 3.10533 2.99177 2.89808 2.91106 2.77598 2.54697 2.56471 2.67352 2.84902 2.82597 2.81309 3.00564 3.31045 3.40917 3.41951 3.48522 3.47188 3.40407 3.45588 3.59951 3.82662 4.01567 3.98048 4.03902 4.13906 4.14664 4.04788 3.77541 3.62272 3.59094 3.61939 3.63217 3.62105 3.64798 3.61720 3.59049 3.59083
3.16804 3.08415 2.56155 2.49822 2.68396 2.80998 2.90479 3.08632 3.05328 2.88275 2.90913 3.09744 3.06447 2.60504 2.24481 2.10021 1.59104 1.19826 0.94050 1.12198 1.15137 1.99599 3.02461 3.19399 3.26159 3.15489 3.11119 3.22920 3.05603 2.96007 2.80742 2.63032 2.57563 2.40283 2.09761 2.07774 2.35080 2.83009 3.13902 2.96865 2.99487 3.18922 3.34450 3.42684 3.49212 3.44246 3.43591 3.57574 3.82827 4.05183 4.14537 4.11556 4.07608 4.18809 4.20123 4.08024 3.91712 3.75634 3.74659 3.68620 3.63296 3.66578 3.72226 3.62725 3.59568 3.56377
3.17792 3.15465 2.62344 2.52770 2.69145 2.81088 2.84691 2.89386 2.87373 2.90867 3.03435 3.04453 2.90063 2.61579 2.60080 3.06469 2.68118 2.38109 1.92647 1.96131 2.01544 2.42945 3.16902 3.28345 3.34927 3.37883 3.35849 3.20378 3.03164 3.03604 2.85173 2.56316 2.31888 1.94089 1.30714 1.01541 1.53924 2.53331 3.01384 3.06183 3.12036 3.24461 3.34645 3.40574 3.41377 3.40725 3.50714 3.73877 3.99474 4.14094 4.19825 4.20094 4.09697 4.13079 4.14039 4.04895 4.04680 4.00344 3.87414 3.72273 3.64551 3.72529 3.83244 3.70382 3.65834 3.54779
3.06384 2.94099 2.58416 2.47731 2.59597 2.74272 2.86570 3.00622 3.11171 3.25972 3.31381 3.07106 2.82938 2.79182 3.00089 3.25930 3.23456 3.40281 3.28128 3.03967 2.79451 2.79632 3.28720 3.44463 3.49435 3.53994 3.46860 3.22028 3.21978 3.32800 3.22887 2.98326 2.59750 1.82238 1.05698 0.70478 0.82379 1.89148 2.80403 3.21281 3.26655 3.31555 3.35656 3.39377 3.34882 3.38592 3.54925 3.78609 3.99995 4.08016 4.14793 4.10871 4.06926 4.09996 3.99859 3.94287 4.01800 3.98752 3.79237 3.65968 3.66352 3.84786 3.94162 3.81973 3.68750 3.58954
3.04820 2.89729 2.58759 2.47846 2.58428 2.71949 2.88168 3.12579 3.26799 3.30890 3.18307 2.90014 2.85207 3.13352 3.33148 3.36811 3.45500 3.67539 3.60157 3.33557 2.93161 2.77755 3.27140 3.53638 3.56305 3.53650 3.46585 3.34556 3.36668 3.43166 3.49340 3.43725 3.13720 2.21485 1.36685 1.32596 0.72937 1.52284 2.63102 3.30029 3.34167 3.32850 3.31961 3.31883 3.29802 3.36635 3.47882 3.62106 3.84415 3.96923 4.01199 4.01859 4.03845 3.91508 3.77039 3.76740 3.80942 3.76338 3.67344 3.64202 3.76818 4.08210 3.98561 3.83286 3.72277 3.63081
3.15533 3.10825 2.81694 2.60695 2.67179 2.74440 2.83741 3.04063 3.04757 2.95069 2.81693 2.77865 3.02003 3.28107 3.41777 3.46908 3.61983 3.77903 3.55492 3.29052 3.07076 2.68415 3.03828 3.37590 3.41529 3.41629 3.43636 3.40756 3.44856 3.43734 3.47681 3.42753 3.28915 2.80957 1.73163 1.10677 1.03373 2.02858 2.86496 3.31500 3.34723 3.30467 3.22930 3.19933 3.30749 3.41714 3.44520 3.50781 3.63173 3.82002 3.96864 4.02335 3.84881 3.65112 3.61615 3.65814 3.66724 3.61855 3.59234 3.64968 3.90261 4.17498 3.93636 3.78501 3.76997 3.66110
3.18625 3.17745 2.88880 2.63822 2.73964 2.77110 2.74436 2.76047 2.69803 2.67165 2.73640 3.04190 3.33392 3.38106 3.38270 3.41459 3.54605 3.70509 3.57773 3.36581 3.17707 2.97013 3.12394 3.31843 3.34132 3.32647 3.30564 3.39380 3.30989 3.21908 3.28375 3.26922 3.29865 3.31077 2.78437 2.23991 2.21020 2.59005 3.17704 3.23359 3.24587 3.21556 3.10251 3.13140 3.33366 3.47689 3.47852 3.48368 3.53619 3.66164 3.85737 3.80676 3.59968 3.52841 3.58510 3.64990 3.61177 3.53575 3.52965 3.64088 3.96137 4.17020 3.92620 3.80345 3.85012 3.71457
3.09999 3.11496 2.59991 2.49607 2.86020 2.80104 2.57665 2.55134 2.58324 2.67701 2.92103 3.23111 3.37965 3.47159 3.40928 3.30535 3.34873 3.51493 3.63749 3.49356 3.27848 3.27254 3.37411 3.33791 3.28411 3.23432 3.25341 3.29916 3.16686 3.15917 3.22153 3.10443 3.02578 3.29036 3.36354 3.01208 2.66804 2.82872 3.20512 3.23418 3.20605 3.15601 3.13767 3.19193 3.30481 3.44463 3.49949 3.50245 3.50843 3.53994 3.58949 3.55619 3.50037 3.54837 3.67771 3.74029 3.61015 3.48450 3.47812 3.61945 3.91028 4.09262 3.90453 3.80214 3.84428 3.78046
3.07446 3.17800 2.34159 2.42471 2.78550 2.60542 2.52852 2.67396 2.92450 3.07343 3.10579 3.19233 3.35222 3.43373 3.44545 3.35829 3.27639 3.38540 3.53174 3.44501 3.28782 3.34889 3.38178 3.23177 3.15878 3.17382 3.30254 3.38262 3.30275 3.36162 3.38775 3.17107 2.81229 3.04080 3.28173 2.98215 2.67008 2.69047 3.00489 3.17369 3.21818 3.19634 3.26015 3.28164 3.29454 3.40163 3.49853 3.53323 3.53819 3.52426 3.52016 3.51705 3.55437 3.65786 3.80020 3.84217 3.64722 3.49442 3.45723 3.57677 3.75874 3.87831 3.80430 3.76598 3.81165 3.83007
3.08522 3.23291 2.44407 2.30758 2.50644 2.52772 2.74708 2.99079 3.34005 3.36257 3.26620 3.20654 3.27359 3.40574 3.40117 3.37911 3.31258 3.39747 3.49917 3.36692 3.21745 3.23345 3.24700 3.13939 3.12079 3.18332 3.31017 3.49223 3.40118 3.39888 3.45236 3.33691 2.84924 2.91179 3.13267 3.02738 2.75052 2.73191 2.89303 3.14765 3.27969 3.32026 3.32945 3.27034 3.26852 3.36860 3.50244 3.57655 3.57884 3.56561 3.56138 3.58059 3.66256 3.82355 3.86852 3.82400 3.70101 3.55329 3.48792 3.55911 3.70200 3.77913 3.74227 3.75757 3.83851 3.88597
