mrvbf_slope0.9_pctl0.7.asc
NCOLS 410
NROWS 410
XLLCORNER 2398750.0000000000000000
YLLCORNER 2548750.0000000000000000
CELLSIZE 250.0000000000000000
NODATA_VALUE -99999.00000
[rows 319 to 347 of 410, columns 132 to 197 of 410]
5.80666 5.85587 6.23639 6.42499 6.39601 6.08344 6.09370 6.15051 6.03467 5.98789 5.82086 5.81871 6.15047 6.09998 5.75758 5.42833 5.31242 5.30831 5.36100 5.52807 5.79828 5.71016 5.46369 5.54127 5.28213 4.97128 4.92237 4.89478 4.85901 4.88301 4.98967 5.11220 5.01009 4.83964 4.76137 4.79937 4.91155 4.78416 4.63974 4.60528 4.61919 4.57476 4.59474 4.59267 4.54793 4.54485 4.57197 4.64614 4.71256 4.71262 4.76660 4.90268 5.04492 5.06139 4.98778 4.93305 4.84991 4.76011 4.71843 4.68796 4.62852 4.60197 4.63533 4.73972 4.90060 5.00764
6.26973 6.12114 6.19077 6.27809 6.27464 6.07736 5.98804 6.20871 6.14373 6.21022 6.17180 6.00197 6.24828 6.16582 5.98609 5.79424 5.73572 5.77914 5.85954 5.66980 5.62352 5.74246 5.41991 5.33903 5.04196 4.77714 4.77224 4.83539 4.88035 5.01939 5.13012 5.09603 4.93804 4.78672 4.77164 5.06606 5.27433 4.97093 4.79133 4.80161 4.80816 4.71890 4.60913 4.60542 4.63886 4.66558 4.69443 4.71469 4.73268 4.77555 4.86033 4.98200 5.05853 4.99935 4.91522 4.87709 4.82704 4.75285 4.71921 4.70261 4.65285 4.64938 4.73761 4.93055 5.06621 5.10650
6.41818 6.47422 6.43540 6.46286 6.50860 6.43013 6.26268 6.47524 6.32012 6.27057 6.49624 6.33320 6.41181 6.32742 6.14209 6.01522 5.99303 5.93502 5.73114 5.70904 5.62773 5.39972 5.36855 5.11088 4.81675 4.70428 4.78423 4.98744 5.13157 5.28954 5.29365 5.13588 4.97838 4.93315 5.02786 5.17084 5.46300 5.22777 4.95555 4.87637 4.83169 4.81965 4.75061 4.70282 4.72398 4.69662 4.68010 4.70573 4.76218 4.84908 4.92984 4.96298 4.95448 4.90442 4.86548 4.87128 4.87108 4.80298 4.73763 4.70609 4.69332 4.74883 4.92407 5.04648 5.07165 5.20424
6.45835 6.74467 6.77013 6.76569 6.76657 6.58341 6.36263 6.52603 6.52382 6.29047 6.44876 6.44817 6.56153 6.46588 6.19057 6.03169 5.98909 5.88344 5.60611 5.62142 5.92971 5.47523 5.26205 4.92949 4.75401 4.79463 4.96210 5.14467 5.26869 5.42628 5.40233 5.25507 5.20567 5.20151 5.18751 5.40369 5.63692 5.48883 5.19134 5.05248 4.89398 4.79097 4.77004 4.74113 4.69677 4.66927 4.66892 4.70997 4.76664 4.84366 4.93298 4.93963 4.85640 4.80323 4.82223 4.87662 4.89934 4.85735 4.78757 4.75674 4.81528 4.95084 5.15487 5.10518 5.23898 5.41344
6.60850 6.78123 6.85385 6.84047 6.83191 6.66917 6.32996 6.33933 6.49806 6.37906 6.49348 6.51357 6.69749 6.63595 6.27675 6.02751 5.94178 5.69398 5.53243 5.88271 6.14001 5.48595 5.01024 4.87474 4.93048 5.12568 5.15970 5.12039 5.14589 5.21089 5.25067 5.28075 5.39575 5.48733 5.46597 5.68161 5.69631 5.38204 5.01259 4.89335 4.85525 4.78692 4.75266 4.76346 4.73774 4.69362 4.68834 4.69702 4.72304 4.75508 4.77931 4.78566 4.71294 4.68883 4.76655 4.87707 4.89337 4.88422 4.91054 4.99715 5.11426 5.12770 5.16061 5.16361 5.34403 5.38971
6.71729 6.84357 6.89332 6.81279 6.78702 6.76572 6.46343 6.14585 6.13424 6.24350 6.48502 6.49080 6.68330 6.75961 6.51388 6.20201 6.12884 5.99008 5.97437 6.24305 6.09430 5.33212 4.90948 4.94940 5.24436 5.39966 5.39136 5.30124 5.19939 5.05552 5.01404 5.07553 5.20708 5.31490 5.35608 5.58431 5.61839 5.24927 4.89885 4.86327 4.87453 4.77818 4.72020 4.77813 4.77038 4.70248 4.67373 4.67184 4.68824 4.68494 4.66064 4.62439 4.58827 4.61326 4.72381 4.87206 4.95188 5.01565 5.11136 5.12721 5.18267 5.18433 5.15807 5.25873 5.35553 5.12182
6.76600 6.88403 6.90284 6.78039 6.72461 6.75497 6.63617 6.29673 6.10422 6.19518 6.28803 6.08747 6.28668 6.63345 6.64684 6.42031 6.38963 6.40630 6.29580 6.05493 5.70270 5.11656 4.87353 5.03568 5.44352 5.63983 5.77042 5.72485 5.44610 5.04858 4.93171 4.94072 4.98023 5.14471 5.11461 5.15214 5.33925 5.24322 4.91351 4.75158 4.74900 4.69021 4.71290 4.76990 4.72142 4.67865 4.66534 4.67336 4.67747 4.66705 4.63913 4.59882 4.59303 4.66154 4.80034 4.97256 5.12829 5.22344 5.27343 5.26357 5.34877 5.34277 5.21399 5.19344 5.14809 4.83554
6.50117 6.70294 6.78851 6.70756 6.64553 6.59866 6.49352 6.35323 6.31525 6.21280 6.02940 5.51837 5.42759 6.07694 6.45175 6.30633 6.29923 6.23498 5.92003 5.49184 5.20458 4.94535 4.89176 5.09055 5.41975 5.54505 5.67171 5.79841 5.67814 5.18361 4.84227 4.76618 4.78227 4.92905 5.05186 4.91624 4.90017 4.92963 4.90050 4.72365 4.64069 4.64315 4.70542 4.70722 4.69143 4.68356 4.67720 4.67582 4.66634 4.66013 4.66793 4.69168 4.74833 4.83151 4.90739 5.14023 5.30116 5.28302 5.21831 5.13233 5.17320 5.10698 4.90794 4.76794 4.72345 4.67597
5.74770 6.12964 6.48622 6.58004 6.52209 6.34829 6.08878 5.92852 5.92374 5.94473 5.54621 5.08770 4.87946 5.24742 6.07851 6.08026 6.03329 5.90475 5.43373 5.15053 5.02755 4.95678 4.98215 5.13323 5.33826 5.40331 5.44658 5.55945 5.71805 5.53494 5.05947 4.75228 4.63849 4.68292 4.79543 4.81562 4.78759 4.72851 4.72151 4.66126 4.60649 4.63915 4.68123 4.67839 4.70613 4.70477 4.66516 4.63517 4.62140 4.63737 4.71099 4.84316 4.88899 4.94808 5.14510 5.37892 5.41897 5.25912 5.03051 4.91867 4.74365 4.67057 4.63965 4.58602 4.54987 4.60248
5.56871 5.78501 6.21521 6.38687 6.12222 5.67631 5.32885 5.18608 5.15254 5.37823 5.24731 4.99159 4.78926 4.84792 5.68442 5.77824 5.66739 5.53401 5.15387 5.03349 5.05820 5.08453 5.11339 5.20339 5.33964 5.42605 5.41630 5.36262 5.52206 5.68757 5.46329 5.05647 4.72016 4.63291 4.68421 4.69476 4.69277 4.70584 4.70154 4.65427 4.64002 4.65032 4.66158 4.69010 4.70174 4.66286 4.59857 4.56743 4.57492 4.63522 4.76040 4.86215 4.99343 5.23897 5.34031 5.38570 5.39520 5.23338 4.90254 4.67658 4.56908 4.58010 4.66665 4.65922 4.61457 4.60649
5.78152 5.86406 6.20611 6.19489 5.50253 5.01194 4.88029 4.92046 5.02801 5.20212 5.38533 5.16148 4.82634 4.74822 5.23152 5.30841 5.17932 5.03485 4.90639 4.95602 5.12215 5.24315 5.24165 5.21164 5.23545 5.38002 5.32304 5.15475 5.23879 5.38419 5.27228 5.00586 4.74504 4.63127 4.61138 4.59645 4.62270 4.69848 4.68148 4.63633 4.65407 4.70271 4.71745 4.67284 4.62443 4.55541 4.50355 4.50498 4.56246 4.69722 4.84843 4.84481 5.02772 5.23333 5.08046 5.06591 5.20001 5.09689 4.73317 4.56506 4.59294 4.67702 4.71300 4.71072 4.67401 4.77545
5.69409 5.91968 6.21881 5.73921 5.01734 4.81407 4.82487 4.94109 5.00123 5.14808 5.44288 5.27132 4.98369 4.69634 4.83812 4.90548 4.80510 4.75071 4.78787 4.94379 5.19363 5.38574 5.27374 5.12647 5.21031 5.41329 5.27616 4.98512 4.85363 4.84066 4.79061 4.69699 4.61292 4.56901 4.55662 4.56430 4.61957 4.69884 4.64348 4.61923 4.65616 4.75528 4.73384 4.64226 4.57276 4.47724 4.43063 4.48488 4.59721 4.72511 4.76351 4.91467 5.17136 5.02593 4.86851 4.83678 4.92005 4.90204 4.63724 4.57060 4.71001 4.69402 4.79045 4.84473 4.78631 4.75187
5.52438 5.87096 6.15376 5.35792 4.84577 4.81870 4.98483 5.06382 4.84335 4.89223 5.22745 5.12437 5.03226 4.77081 4.80687 4.95698 4.82923 4.78221 4.84095 4.99357 5.19815 5.42730 5.39041 5.12395 5.05068 5.07805 5.05668 5.00561 4.79583 4.69536 4.65485 4.61780 4.58966 4.57650 4.56346 4.58430 4.67657 4.74214 4.67760 4.66845 4.69250 4.73856 4.63161 4.55062 4.50164 4.45363 4.45003 4.53009 4.62789 4.65757 4.82568 5.09249 5.13476 4.90868 4.84331 4.79093 4.79058 4.69515 4.54594 4.58218 4.77994 4.77221 4.82624 4.63678 4.56582 4.56624
5.45685 5.90095 6.18030 5.27984 4.84631 4.93070 5.43264 5.66830 5.08317 4.79373 4.99608 5.11124 5.03885 4.97551 4.88571 5.11040 4.86973 4.88531 5.02766 5.08513 5.07386 5.19318 5.45570 5.37259 5.15396 5.05869 4.90716 4.77751 4.76690 4.74481 4.70893 4.66227 4.62765 4.61061 4.58778 4.63643 4.74994 4.77085 4.73120 4.73430 4.73155 4.72655 4.56615 4.51027 4.51751 4.52962 4.55953 4.59416 4.62103 4.76348 4.97683 4.87818 4.85023 4.87227 4.90371 4.78554 4.70535 4.50461 4.46831 4.58999 4.71990 4.73723 4.72028 4.55322 4.54167 4.54712
5.40092 5.98904 6.30494 5.33998 4.86431 5.00540 5.62387 5.76753 5.53163 5.09633 5.04827 5.45838 5.21198 5.23447 4.90875 4.94160 4.81721 4.84847 5.12821 5.16365 4.91196 4.86852 5.07251 5.40433 5.43034 5.26468 4.93061 4.68349 4.67570 4.80109 4.83653 4.73904 4.66602 4.64139 4.61843 4.65649 4.72067 4.77236 4.74218 4.73606 4.73694 4.66140 4.51004 4.50060 4.59437 4.64576 4.71091 4.75448 4.78419 4.94452 4.82110 4.72915 4.78509 4.84257 4.82019 4.69478 4.56084 4.44728 4.54097 4.66533 4.66704 4.68456 4.72712 4.52029 4.54196 4.64402
5.46823 6.16180 6.47941 5.50218 4.85751 4.99236 5.71980 5.75611 5.68872 5.61071 5.30006 5.65321 5.29410 5.24374 4.94519 4.80767 4.75516 4.88605 5.18830 5.11443 4.81809 4.74293 4.76961 4.93033 5.02961 4.91298 4.70342 4.60323 4.68822 4.90140 4.93446 4.74305 4.65638 4.63919 4.61469 4.62145 4.64539 4.67362 4.67173 4.63285 4.60712 4.55938 4.48260 4.52314 4.64103 4.67314 4.67999 4.76481 4.80944 4.86508 4.71507 4.74396 4.69026 4.66215 4.71188 4.74503 4.63603 4.52218 4.51716 4.55288 4.62983 4.65480 4.76361 4.51740 4.49304 4.58965
5.40737 6.07888 6.49889 5.65993 4.89626 4.98273 5.73557 5.90911 5.93252 5.79145 5.57982 5.82738 5.31663 5.26054 5.25241 5.01154 4.95021 5.10035 5.13951 5.02214 4.92633 4.82848 4.75994 4.74798 4.74135 4.68647 4.62585 4.65148 4.83810 4.96641 5.00060 4.80283 4.62586 4.58101 4.58366 4.60397 4.64392 4.63550 4.60053 4.57203 4.55216 4.51352 4.51354 4.59409 4.68132 4.72420 4.69189 4.71032 4.80182 4.76218 4.65685 4.66411 4.58069 4.58903 4.71183 4.77385 4.75811 4.59582 4.54077 4.50790 4.55185 4.58784 4.66137 4.57454 4.48461 4.49486
5.16271 5.64932 6.26061 5.62630 4.94804 5.05397 5.84779 5.97482 6.10368 6.05433 5.97144 5.96893 5.51833 5.18691 5.31673 5.38438 5.39215 5.51526 5.29251 5.25404 5.11910 5.19471 4.99938 4.79278 4.70016 4.67285 4.68603 4.78411 4.94514 4.99342 4.99251 4.85894 4.64967 4.55044 4.55442 4.57931 4.63029 4.65446 4.59686 4.57214 4.56823 4.55263 4.57052 4.61306 4.67420 4.70813 4.69075 4.68220 4.72387 4.72526 4.64625 4.59024 4.60815 4.61422 4.65894 4.72331 4.61989 4.51878 4.52404 4.46755 4.46071 4.51229 4.55487 4.65649 4.57066 4.51157
5.06547 5.26258 5.65126 5.27919 4.91859 5.07838 5.76605 5.95239 5.95044 5.83263 5.88218 5.78398 5.44431 5.23396 5.40224 5.55913 5.53670 5.58404 5.59173 5.53695 5.52932 5.47796 5.23442 4.93350 4.79738 4.77777 4.81463 4.87579 4.86414 4.83175 4.81059 4.71854 4.57830 4.53857 4.58700 4.57406 4.59634 4.63654 4.59160 4.57963 4.59997 4.60388 4.59913 4.59199 4.61412 4.60458 4.55981 4.55969 4.61255 4.69806 4.67627 4.58600 4.53420 4.56813 4.66824 4.66378 4.51120 4.46527 4.45973 4.37365 4.37818 4.40917 4.44307 4.59187 4.53663 4.34144
5.09829 5.28990 5.39915 5.14383 5.03908 5.28058 5.97637 6.30881 6.13390 5.76663 5.83908 5.68151 5.36954 5.44652 5.76164 5.80963 5.60030 5.47427 5.47578 5.49250 5.44236 5.35181 5.15586 4.99107 4.98322 4.99003 4.99111 4.95236 4.82334 4.71008 4.65770 4.60012 4.54063 4.57789 4.60059 4.56783 4.60094 4.61927 4.56627 4.55068 4.57282 4.58653 4.59102 4.61619 4.60249 4.56525 4.52542 4.54020 4.52713 4.58748 4.69553 4.65562 4.59297 4.60099 4.65618 4.66669 4.52249 4.45411 4.46966 4.40614 4.44422 4.36675 4.35610 4.51146 4.33797 4.13854
5.11089 5.61894 5.80600 5.63041 5.47561 5.66317 6.14468 6.03145 5.81854 5.85406 6.02589 5.79360 5.67860 5.85070 5.96084 6.04738 5.85195 5.60636 5.51729 5.41649 5.23722 5.19042 5.05889 4.89811 4.89160 4.99073 5.03395 4.93820 4.79104 4.68694 4.62188 4.57692 4.59233 4.65487 4.61791 4.58712 4.60743 4.59859 4.54221 4.49904 4.49867 4.51879 4.54320 4.57686 4.58632 4.53915 4.48426 4.50660 4.50681 4.48594 4.54897 4.51034 4.52202 4.53485 4.65740 4.63812 4.60562 4.48793 4.40648 4.39456 4.51316 4.37855 4.38077 4.37620 4.23153 4.29875
5.10473 5.82823 6.25245 5.91332 5.46976 5.63845 6.11684 5.91316 5.91639 6.09696 6.05086 5.78547 5.74736 5.96492 6.10991 6.12391 5.89768 5.55217 5.40174 5.17746 4.95497 5.00783 5.06668 4.89327 4.81582 4.87669 4.93018 4.85550 4.73698 4.67499 4.63226 4.59452 4.65157 4.68484 4.61756 4.60209 4.61226 4.59274 4.54307 4.48760 4.46175 4.47519 4.51977 4.56351 4.57374 4.53076 4.44301 4.41088 4.47438 4.47338 4.49725 4.53704 4.53601 4.56065 4.57161 4.57691 4.57405 4.54222 4.41209 4.35612 4.48504 4.42026 4.35636 4.36974 4.39067 4.38473
5.13740 5.56637 6.26338 6.23235 5.51745 5.42529 5.97454 5.82049 5.55544 5.50705 5.54444 5.55303 5.65425 5.93917 6.08573 5.93673 5.48190 5.16150 5.06575 4.93241 4.79524 4.77743 4.86342 4.79052 4.69844 4.73359 4.77165 4.73903 4.69530 4.63547 4.59628 4.59634 4.62001 4.65680 4.57800 4.55336 4.54211 4.51173 4.45075 4.38236 4.34315 4.38169 4.47445 4.56173 4.60033 4.56549 4.43748 4.32369 4.42182 4.49148 4.48638 4.53804 4.56118 4.53750 4.49038 4.47787 4.52941 4.55341 4.41200 4.32585 4.39539 4.47486 4.42747 4.46261 4.52126 4.49666
5.10791 5.12113 5.69300 6.28613 5.68299 5.26617 5.63613 5.82700 5.61819 5.45122 5.48649 5.51045 5.50304 5.66711 5.89137 5.60844 5.10866 4.90502 4.82628 4.85663 4.79953 4.70778 4.67812 4.59434 4.57621 4.64149 4.65457 4.62069 4.64829 4.61539 4.58378 4.60063 4.59766 4.60743 4.52695 4.48004 4.43396 4.29207 4.07601 3.91788 3.92569 4.09165 4.30146 4.45014 4.55194 4.55134 4.38610 4.24398 4.38354 4.48355 4.46612 4.45603 4.47769 4.44692 4.43312 4.45567 4.49820 4.52575 4.48407 4.40574 4.33220 4.45107 4.55102 4.56619 4.54604 4.51704
5.19291 5.05700 5.22068 5.99627 5.88915 5.27952 5.32181 5.73077 6.00210 5.99699 5.96663 5.81775 5.56265 5.33834 5.53598 5.31332 4.87132 4.75955 4.73300 4.74061 4.72182 4.68445 4.61616 4.55293 4.58811 4.66103 4.67000 4.60947 4.60429 4.63693 4.63143 4.58634 4.55605 4.55112 4.48267 4.37310 4.18762 3.82543 3.59619 3.51619 3.56309 3.72062 3.95377 4.21324 4.41451 4.47743 4.31752 4.15823 4.31771 4.45674 4.46000 4.40891 4.38564 4.37823 4.39867 4.42174 4.45168 4.53051 4.48164 4.42166 4.35678 4.38176 4.47366 4.57580 4.63030 4.58591
5.22179 5.01278 5.04010 5.73019 5.99883 5.33015 5.17286 5.62488 6.07308 5.99450 6.00228 5.74801 5.53214 5.16868 5.14967 5.04919 4.77480 4.76425 4.86809 4.73728 4.73325 4.70435 4.67133 4.67931 4.78111 4.76737 4.75645 4.66873 4.57457 4.63236 4.63638 4.52638 4.43894 4.42228 4.40738 4.20290 3.75514 3.47562 3.37263 3.35696 3.42477 3.53150 3.64462 3.85901 4.17899 4.32876 4.19605 4.04661 4.21340 4.40198 4.45574 4.44761 4.40736 4.38252 4.38057 4.32452 4.34493 4.45148 4.38963 4.35232 4.41851 4.41417 4.41845 4.48284 4.58137 4.64651
5.27293 4.92133 4.87305 5.38997 5.90827 5.29642 5.13588 5.63443 5.88461 5.92934 6.05623 5.62129 5.32686 5.27645 5.07315 4.95581 4.84672 4.95480 4.97093 4.86411 4.79720 4.84642 4.81256 4.78948 4.78121 4.86744 4.80512 4.62534 4.61367 4.56185 4.51758 4.40455 4.36544 4.30970 4.26227 3.90736 3.44143 3.19251 3.24907 3.38347 3.47764 3.49155 3.51565 3.64863 3.93190 4.09023 3.93720 3.90257 4.14862 4.34541 4.42193 4.46778 4.44197 4.41285 4.39127 4.27176 4.13503 4.13613 4.04923 4.19965 4.35638 4.41796 4.48820 4.49444 4.57585 4.68904
5.49450 4.95293 4.80747 5.15340 5.68505 5.31669 5.28951 5.75613 5.90611 6.06704 6.21810 5.80471 5.28515 5.38137 5.32034 5.14857 5.12489 5.25485 5.18029 4.94083 4.77948 4.82968 4.79800 4.80768 4.73817 4.75476 4.73391 4.62336 4.54543 4.56457 4.45800 4.36179 4.39284 4.27905 4.16389 3.61142 3.18252 3.02380 3.30543 3.58359 3.76382 3.62802 3.52903 3.61259 3.89046 4.01450 3.90043 3.97893 4.20496 4.32076 4.36729 4.41236 4.42409 4.42515 4.39096 4.36876 4.20217 3.99567 4.00289 4.16970 4.21827 4.31581 4.43537 4.49991 4.59098 4.66065
5.54825 4.97790 4.87041 5.22994 5.61752 5.40989 5.51610 5.93978 5.99989 6.10984 6.19565 5.78575 5.26585 5.37017 5.49713 5.33229 5.30199 5.46374 5.38651 5.05572 4.85505 4.78882 4.80877 4.83071 4.73063 4.66167 4.63113 4.58494 4.53498 4.52501 4.39632 4.28163 4.25255 4.10386 3.86455 3.41419 2.92554 3.04630 3.51936 3.81762 3.88172 3.82427 3.61354 3.67543 4.00787 4.15394 4.09053 4.18858 4.33476 4.37545 4.38364 4.39692 4.40925 4.43376 4.41928 4.33265 4.24619 4.16795 4.22218 4.26108 4.20614 4.23103 4.31216 4.39682 4.48997 4.56614
