mrvbf_slope1.2_pctl0.8.asc
NCOLS 410
NROWS 410
XLLCORNER 2398750.0000000000000000
YLLCORNER 2548750.0000000000000000
CELLSIZE 250.0000000000000000
NODATA_VALUE -99999.00000
[rows 203 to 231 of 410, columns 132 to 197 of 410]
0.67010 0.65331 0.90253 1.56501 2.89239 4.76564 6.29500 7.25439 7.44265 7.49929 7.52157 7.54811 7.58376 7.60274 7.59365 7.58600 7.58075 7.59644 7.60600 7.62753 7.65787 7.66358 7.66013 7.66497 7.67282 7.67702 7.67801 7.68124 7.67784 7.67698 7.67403 7.67209 7.67129 7.66840 7.66245 7.66003 7.66762 7.67852 7.68611 7.69225 7.69557 7.69495 7.69351 7.69083 7.68761 7.68571 7.68580 7.68299 7.67993 7.67884 7.67989 7.68275 7.68533 7.68825 7.69096 7.69232 7.69136 7.69117 7.69101 7.69118 7.69176 7.69223 7.69293 7.69407 7.69571 7.69795
0.86703 0.89919 1.25454 2.32627 4.57463 5.25827 6.14032 7.09900 7.40290 7.48601 7.51713 7.54052 7.57392 7.59769 7.60206 7.60801 7.60656 7.60671 7.60962 7.63201 7.65964 7.66449 7.66321 7.66696 7.67304 7.67783 7.67977 7.68155 7.67730 7.67385 7.67121 7.67231 7.67443 7.67287 7.66724 7.65647 7.65871 7.67130 7.68038 7.68782 7.69421 7.69727 7.69728 7.69595 7.69372 7.68998 7.68575 7.68212 7.68000 7.67986 7.68229 7.68632 7.68942 7.69247 7.69534 7.69684 7.69719 7.69702 7.69683 7.69727 7.69801 7.69831 7.69861 7.69917 7.69989 7.70048
1.58876 1.59222 1.72221 3.91602 5.46245 5.80688 6.32745 7.00601 7.34752 7.46139 7.50355 7.52846 7.56053 7.58842 7.60234 7.60619 7.60585 7.60441 7.61333 7.63927 7.66163 7.66494 7.66393 7.66786 7.67333 7.67719 7.67802 7.67786 7.67741 7.67250 7.66578 7.66964 7.67493 7.67717 7.67608 7.66708 7.66276 7.67094 7.67826 7.68419 7.69102 7.69602 7.69745 7.69735 7.69634 7.69276 7.68721 7.68319 7.68208 7.68286 7.68543 7.68876 7.69142 7.69392 7.69632 7.69848 7.70016 7.70068 7.70065 7.70070 7.70063 7.70058 7.70053 7.70049 7.70077 7.70094
3.09453 2.76757 4.07574 5.74667 6.09180 6.14475 6.44501 6.93677 7.28623 7.43059 7.48905 7.51905 7.54624 7.57439 7.59297 7.59866 7.60130 7.60726 7.62297 7.64582 7.66082 7.66168 7.66133 7.66495 7.66953 7.67502 7.67507 7.67356 7.67552 7.67263 7.66185 7.66179 7.66851 7.67362 7.67363 7.66691 7.66580 7.67433 7.68072 7.68431 7.68942 7.69449 7.69697 7.69743 7.69605 7.69221 7.68764 7.68472 7.68447 7.68621 7.68855 7.68973 7.69054 7.69282 7.69618 7.69958 7.70156 7.70210 7.70206 7.70181 7.70148 7.70121 7.70091 7.70056 7.70045 7.70014
5.59026 5.64101 6.33251 6.60979 6.49278 6.32055 6.40522 6.79471 7.20616 7.39652 7.47009 7.50598 7.53203 7.55612 7.57597 7.58909 7.60028 7.61379 7.62979 7.64611 7.65638 7.65748 7.65814 7.66139 7.66822 7.67381 7.67428 7.67202 7.67088 7.67045 7.66043 7.64800 7.65375 7.65805 7.65693 7.65589 7.66551 7.67654 7.68171 7.68477 7.68879 7.69293 7.69500 7.69493 7.69351 7.69055 7.68715 7.68553 7.68685 7.68913 7.69008 7.68857 7.68789 7.69083 7.69613 7.70022 7.70188 7.70224 7.70211 7.70173 7.70126 7.70066 7.69967 7.69862 7.69843 7.69857
7.24874 7.18489 7.17213 6.90596 6.56076 6.27508 6.21836 6.55419 7.09718 7.35854 7.44348 7.47843 7.50734 7.53731 7.56130 7.58135 7.60010 7.61796 7.63218 7.64230 7.65104 7.65706 7.65546 7.65287 7.66166 7.67015 7.67126 7.66900 7.66435 7.66285 7.65564 7.63574 7.63844 7.64574 7.64666 7.65243 7.66438 7.67395 7.67961 7.68378 7.68761 7.69057 7.69150 7.69040 7.68987 7.69072 7.68784 7.68539 7.68732 7.69000 7.68907 7.68522 7.68380 7.68857 7.69610 7.70009 7.70115 7.70104 7.70093 7.70054 7.69988 7.69841 7.69567 7.69375 7.69366 7.69471
7.45213 7.39453 7.28057 6.96681 6.46079 6.07045 5.94793 6.24652 6.91017 7.28762 7.40142 7.43810 7.47588 7.51921 7.54902 7.57378 7.59749 7.61704 7.63000 7.63819 7.64515 7.65074 7.65024 7.64574 7.65510 7.66423 7.66454 7.65995 7.65465 7.64865 7.63840 7.62698 7.64010 7.64709 7.65045 7.65723 7.66414 7.67056 7.67731 7.68323 7.68726 7.68942 7.68972 7.68886 7.68912 7.69171 7.68754 7.68240 7.68507 7.68952 7.68743 7.68044 7.67751 7.68580 7.69586 7.69888 7.69846 7.69761 7.69774 7.69809 7.69718 7.69367 7.68956 7.68822 7.68813 7.68868
7.29935 7.25264 7.11438 6.71984 6.11456 5.70427 5.57410 5.86061 6.58243 7.14709 7.33603 7.39249 7.43476 7.49120 7.53133 7.56088 7.58753 7.60877 7.62351 7.63381 7.64014 7.64162 7.63993 7.64446 7.65857 7.66065 7.65693 7.65316 7.64926 7.64106 7.63478 7.63648 7.64393 7.64993 7.65638 7.66306 7.66653 7.67059 7.67670 7.68343 7.68827 7.69052 7.69014 7.69017 7.69041 7.68882 7.68335 7.67612 7.68262 7.69125 7.68935 7.67814 7.67171 7.68258 7.69475 7.69621 7.69405 7.69196 7.69133 7.69280 7.69193 7.68716 7.68466 7.68570 7.68513 7.68365
5.72162 6.13319 6.18032 5.84852 5.37101 5.04582 4.90141 5.24988 6.07777 6.90078 7.23134 7.33620 7.39110 7.45511 7.50611 7.54196 7.57260 7.59718 7.61469 7.62672 7.63320 7.63538 7.64106 7.65095 7.65874 7.65793 7.65526 7.65224 7.64995 7.64686 7.64657 7.64693 7.64625 7.65225 7.66024 7.66656 7.67014 7.67291 7.67702 7.68288 7.68878 7.69273 7.69255 7.68968 7.68906 7.68874 7.68134 7.66986 7.67976 7.69402 7.69403 7.68061 7.67036 7.67887 7.69171 7.69141 7.68679 7.68415 7.68246 7.68350 7.68432 7.68297 7.68462 7.68809 7.68680 7.68345
2.44083 2.66152 3.03452 3.40570 3.68937 3.76137 3.74183 4.14396 5.32031 6.38986 7.00564 7.23465 7.33399 7.41501 7.47887 7.52190 7.55758 7.58546 7.60475 7.61785 7.62656 7.63457 7.64551 7.65230 7.65572 7.65547 7.65427 7.65094 7.65021 7.65207 7.65205 7.64968 7.64958 7.65303 7.66050 7.66872 7.67429 7.67655 7.67833 7.68159 7.68638 7.69183 7.69513 7.69473 7.69359 7.69500 7.68771 7.67081 7.67317 7.69075 7.69570 7.68590 7.67653 7.67726 7.68303 7.67925 7.67528 7.67552 7.67532 7.67682 7.68178 7.68629 7.68925 7.69213 7.69072 7.68775
1.66623 1.68029 1.79202 2.03797 2.34225 2.59710 2.78117 3.01649 4.01021 5.46339 6.43089 7.00685 7.23795 7.35950 7.44554 7.50008 7.54205 7.57433 7.59597 7.61158 7.62474 7.63665 7.64292 7.64736 7.64698 7.64709 7.64864 7.64849 7.64908 7.65001 7.64916 7.64977 7.65236 7.65568 7.66232 7.67197 7.67907 7.68134 7.68147 7.68180 7.68329 7.68683 7.69168 7.69519 7.69753 7.69740 7.68948 7.67479 7.67377 7.68502 7.69148 7.68837 7.68546 7.68617 7.68137 7.67300 7.67228 7.67506 7.67659 7.67907 7.68615 7.69255 7.69259 7.69198 7.69163 7.69180
1.49214 1.51519 1.53080 1.60012 1.69996 2.05104 2.37638 2.56627 2.90737 4.09968 5.52908 6.53802 7.08143 7.28353 7.40007 7.47458 7.52392 7.56314 7.58942 7.60904 7.62489 7.63654 7.63990 7.64344 7.63733 7.63779 7.64322 7.64784 7.64902 7.64771 7.64876 7.65314 7.65765 7.66156 7.66649 7.67390 7.68120 7.68531 7.68610 7.68516 7.68438 7.68408 7.68503 7.68718 7.69239 7.69601 7.68904 7.67942 7.67803 7.67960 7.68149 7.68305 7.68777 7.69325 7.68724 7.68110 7.68307 7.68593 7.68442 7.68097 7.68457 7.69201 7.69338 7.69279 7.69326 7.69355
1.37999 1.42778 1.41757 1.45986 1.51043 1.59789 1.86493 2.33116 2.56570 2.98794 4.37728 5.86661 6.85958 7.21899 7.35872 7.44838 7.50566 7.55158 7.58315 7.60564 7.62221 7.63118 7.63334 7.63538 7.62789 7.63259 7.64380 7.64869 7.65078 7.64929 7.65191 7.65829 7.66387 7.66762 7.66992 7.67307 7.67842 7.68441 7.68866 7.68952 7.68915 7.68864 7.68761 7.68663 7.68732 7.69266 7.69376 7.68606 7.68180 7.67972 7.67871 7.68105 7.68713 7.68978 7.68204 7.67965 7.68839 7.69334 7.68358 7.67706 7.68671 7.69469 7.69623 7.69625 7.69615 7.69564
1.23541 1.26312 1.20851 1.23651 1.32771 1.45486 1.57359 1.94813 2.41343 2.62842 3.20055 5.05045 6.47172 7.13175 7.33463 7.42536 7.48496 7.53516 7.56873 7.58989 7.61278 7.62290 7.62199 7.62412 7.62480 7.63495 7.64505 7.64923 7.65353 7.65333 7.65380 7.66026 7.66726 7.67093 7.67198 7.67263 7.67518 7.68031 7.68662 7.69086 7.69114 7.69035 7.68942 7.68875 7.69049 7.69305 7.69357 7.69145 7.69236 7.69068 7.68936 7.68996 7.69346 7.69299 7.68339 7.67543 7.68279 7.68801 7.67899 7.68110 7.69198 7.69517 7.69582 7.69596 7.69575 7.69527
1.06849 1.01338 0.96334 1.06317 1.14648 1.33170 1.49500 1.66529 2.16897 2.44677 2.65636 4.00426 6.07262 7.01198 7.29669 7.39918 7.45040 7.50687 7.54086 7.56989 7.59243 7.60698 7.61914 7.62719 7.62935 7.63606 7.64447 7.64892 7.65392 7.65729 7.65490 7.66069 7.66921 7.67287 7.67472 7.67517 7.67478 7.67702 7.68328 7.68860 7.68803 7.68766 7.68951 7.69175 7.69472 7.69562 7.69323 7.69241 7.69500 7.69706 7.69632 7.69430 7.69658 7.69597 7.68835 7.67975 7.68179 7.68442 7.68111 7.68614 7.69303 7.69450 7.69497 7.69505 7.69473 7.69406
0.78791 0.72363 0.73048 0.79438 0.97366 1.21202 1.44561 1.58584 1.85037 2.27096 2.46172 3.02347 5.35985 6.69737 7.22316 7.37744 7.44743 7.50125 7.53113 7.57308 7.59314 7.60724 7.62663 7.63560 7.63506 7.64232 7.64790 7.64999 7.65253 7.65906 7.65548 7.65932 7.66916 7.67411 7.67726 7.67892 7.67790 7.67668 7.68108 7.68582 7.68610 7.68938 7.69325 7.69572 7.69683 7.69545 7.69333 7.69484 7.69416 7.69646 7.69505 7.69434 7.69354 7.69452 7.68788 7.68329 7.68476 7.68327 7.68336 7.68834 7.69293 7.69393 7.69419 7.69404 7.69346 7.69244
0.59289 0.59363 0.60068 0.61325 0.68306 1.00781 1.38756 1.54571 1.67491 2.05347 2.37449 2.68185 4.27363 6.05860 7.02951 7.33338 7.45363 7.51649 7.54810 7.58113 7.60162 7.61632 7.63095 7.64026 7.64022 7.64170 7.64680 7.64966 7.64831 7.65337 7.65543 7.65756 7.66652 7.67277 7.67653 7.67900 7.67945 7.67810 7.68097 7.68544 7.68807 7.69196 7.69431 7.69579 7.69613 7.69432 7.69189 7.69361 7.69198 7.69388 7.69334 7.69069 7.68898 7.68944 7.68781 7.68772 7.68784 7.68664 7.68814 7.69181 7.69307 7.69329 7.69316 7.69254 7.69150 7.69019
0.44633 0.40433 0.45224 0.48814 0.55021 0.70473 1.24728 1.52695 1.63684 1.92815 2.31679 2.55741 3.47027 5.43013 6.68149 7.24111 7.42324 7.50983 7.54595 7.58076 7.60459 7.62144 7.63104 7.64007 7.63971 7.63812 7.64198 7.64499 7.64240 7.64323 7.64751 7.65388 7.66320 7.66876 7.67100 7.67346 7.67414 7.67291 7.67710 7.68359 7.68707 7.69038 7.69258 7.69419 7.69416 7.69055 7.68548 7.68645 7.68615 7.68962 7.68945 7.68365 7.68114 7.68219 7.68640 7.69145 7.69236 7.69227 7.69239 7.69262 7.69250 7.69221 7.69151 7.69030 7.68878 7.68706
0.37108 0.40713 0.39385 0.44009 0.54398 0.67275 1.17558 1.48686 1.62051 1.86063 2.23484 2.46638 2.97833 4.87980 6.28270 7.09092 7.40021 7.48888 7.54271 7.57509 7.59859 7.62005 7.63203 7.63737 7.63471 7.63559 7.63792 7.64194 7.64157 7.64054 7.64421 7.65356 7.66340 7.66789 7.66703 7.66591 7.66396 7.66226 7.66554 7.67173 7.67909 7.68439 7.68728 7.69044 7.69096 7.68357 7.67687 7.67935 7.67853 7.68268 7.67816 7.67093 7.67490 7.67832 7.68227 7.68852 7.69196 7.69230 7.69181 7.69136 7.69102 7.69027 7.68903 7.68733 7.68510 7.68148
0.45100 0.40635 0.50563 0.60512 0.70283 1.05847 1.38950 1.51837 1.62069 1.84316 2.14960 2.41234 2.72506 4.05971 5.81547 6.97008 7.39349 7.48482 7.53889 7.57368 7.59553 7.61307 7.62935 7.63550 7.63234 7.63295 7.63371 7.64136 7.64705 7.64821 7.65253 7.66018 7.66684 7.67019 7.66898 7.66584 7.66152 7.66180 7.66680 7.66724 7.67376 7.68113 7.68421 7.68628 7.68703 7.67741 7.67242 7.67972 7.67675 7.68096 7.67381 7.67223 7.67870 7.67865 7.67802 7.68288 7.68822 7.68919 7.68801 7.68736 7.68785 7.68736 7.68589 7.68367 7.67929 7.67037
0.60400 0.63525 0.68205 0.81727 1.22080 1.41606 1.53218 1.60452 1.61259 1.73447 2.12509 2.44842 2.66605 3.38779 5.34173 6.86340 7.38178 7.48466 7.53853 7.57663 7.59651 7.61157 7.63185 7.64077 7.63394 7.62401 7.62210 7.63717 7.65114 7.65537 7.65791 7.66253 7.66920 7.67215 7.66967 7.66395 7.66221 7.66816 7.67438 7.66982 7.67149 7.67833 7.68166 7.68439 7.68551 7.67656 7.67115 7.68004 7.67665 7.67934 7.67516 7.66987 7.67856 7.68118 7.67706 7.67790 7.68302 7.68446 7.68376 7.68321 7.68289 7.68327 7.68220 7.67932 7.67038 7.65730
0.53318 0.65712 0.94173 1.41143 1.56438 1.56373 1.54542 1.56634 1.54537 1.61625 2.04884 2.45969 2.69548 3.34832 5.11616 6.77348 7.37123 7.48536 7.53992 7.57809 7.59606 7.61283 7.63207 7.63998 7.63311 7.61865 7.61684 7.63452 7.65190 7.65714 7.65749 7.66323 7.67073 7.67273 7.67079 7.66192 7.65935 7.66902 7.67213 7.66558 7.66844 7.67745 7.68122 7.68073 7.68080 7.67401 7.67116 7.67929 7.67641 7.67690 7.67860 7.67393 7.67646 7.68247 7.67792 7.67395 7.67694 7.68018 7.68105 7.68053 7.67810 7.67684 7.67644 7.67375 7.66184 7.64924
0.55927 0.74042 1.23111 1.59484 1.69256 1.57204 1.29951 1.26729 1.39038 1.55027 1.97294 2.45670 2.71230 3.49112 5.28936 6.88125 7.37287 7.48386 7.54057 7.57466 7.59325 7.61106 7.62695 7.62950 7.62311 7.61419 7.61379 7.63226 7.65089 7.65558 7.65611 7.66310 7.67061 7.67173 7.66737 7.65466 7.65484 7.66656 7.66617 7.65918 7.66764 7.67543 7.67107 7.66561 7.66524 7.66360 7.66815 7.67741 7.67604 7.67187 7.67154 7.67223 7.67838 7.68185 7.67853 7.67186 7.67088 7.67467 7.67732 7.67596 7.67163 7.66613 7.66381 7.66380 7.65470 7.64493
0.90851 1.15714 1.32434 1.58992 1.59212 1.47429 1.31696 1.30734 1.43940 1.62645 2.05787 2.49143 2.82196 4.11614 5.78149 7.05018 7.37867 7.48408 7.54217 7.56991 7.59065 7.60994 7.61709 7.61655 7.61856 7.61579 7.61603 7.63657 7.65061 7.65276 7.65488 7.66195 7.66891 7.66759 7.65505 7.64602 7.65626 7.66704 7.66346 7.65460 7.66385 7.66702 7.65997 7.65866 7.65854 7.66353 7.67223 7.67904 7.67908 7.67552 7.67320 7.67563 7.68013 7.68058 7.67781 7.67299 7.66775 7.66829 7.66999 7.66708 7.66144 7.65754 7.65742 7.66119 7.65935 7.64791
1.54603 1.53433 1.61175 1.72635 1.72250 1.67273 1.61061 1.65102 1.72041 1.88548 2.25062 2.53819 2.97650 4.61482 6.12953 7.13013 7.37990 7.48169 7.53785 7.56340 7.58830 7.60611 7.60835 7.61682 7.62499 7.62483 7.62679 7.64308 7.65378 7.65148 7.65277 7.65822 7.66348 7.65868 7.64754 7.65051 7.66222 7.66901 7.66312 7.65611 7.66411 7.66516 7.66209 7.66767 7.67007 7.67312 7.67783 7.67950 7.68016 7.67954 7.67810 7.67791 7.67946 7.67900 7.67535 7.67318 7.66691 7.66371 7.66090 7.65605 7.65370 7.65651 7.65928 7.66277 7.66645 7.65699
3.07952 2.32376 1.75373 1.80598 1.84051 1.88295 1.98230 2.07108 2.00741 2.11568 2.36137 2.56235 2.96467 4.46627 6.05449 7.13821 7.37124 7.47384 7.53397 7.55962 7.58488 7.59936 7.60688 7.62103 7.63201 7.63368 7.63402 7.64667 7.65845 7.65499 7.65078 7.65373 7.65873 7.65626 7.65129 7.65560 7.66559 7.67032 7.66232 7.65722 7.66706 7.67005 7.66707 7.67203 7.67643 7.67626 7.67639 7.67648 7.67749 7.67798 7.67727 7.67614 7.67567 7.67342 7.66825 7.66590 7.66231 7.65858 7.65198 7.64796 7.65028 7.65417 7.65383 7.65861 7.66642 7.66464
6.65575 5.02224 1.70827 1.71889 1.76865 1.79075 1.77723 1.84617 1.91171 2.05161 2.32937 2.54943 2.89193 4.14752 5.84124 7.09937 7.37507 7.47080 7.53417 7.56057 7.58417 7.59557 7.60818 7.62632 7.63908 7.64144 7.63676 7.64621 7.66108 7.66157 7.65620 7.65619 7.66079 7.65935 7.65634 7.65939 7.66714 7.67177 7.66245 7.65457 7.66595 7.67155 7.66858 7.67246 7.67590 7.67373 7.67184 7.67095 7.67427 7.67646 7.67379 7.66557 7.66600 7.66518 7.65900 7.65560 7.65314 7.65081 7.64636 7.64722 7.65118 7.65102 7.64422 7.64528 7.65797 7.65990
4.70846 1.59435 1.09928 1.32058 1.54447 1.57811 1.46809 1.45420 1.59671 1.77467 2.14865 2.49946 2.81477 3.78888 5.45705 6.96339 7.37161 7.47711 7.53567 7.56530 7.58275 7.59677 7.61619 7.63537 7.64460 7.64642 7.64050 7.64730 7.65996 7.66245 7.65838 7.65870 7.66335 7.66006 7.65954 7.66486 7.66874 7.66863 7.66365 7.65704 7.66655 7.67253 7.66930 7.67123 7.67213 7.66601 7.65792 7.65588 7.66240 7.66888 7.66027 7.65261 7.66093 7.66466 7.65917 7.65515 7.65029 7.64890 7.65126 7.65532 7.65687 7.65369 7.64394 7.63542 7.64451 7.64416
1.30615 0.63376 0.59479 0.73101 1.31065 1.54976 1.42555 1.14909 1.33907 1.60568 1.99952 2.43975 2.75085 3.44368 4.93944 6.75998 7.36209 7.48140 7.53455 7.56113 7.58024 7.60410 7.62771 7.64311 7.64907 7.64939 7.64856 7.65334 7.65911 7.66074 7.65968 7.65984 7.65772 7.65586 7.66157 7.67032 7.67009 7.66453 7.66192 7.66640 7.67351 7.67519 7.66962 7.66810 7.66722 7.66071 7.65259 7.64613 7.64409 7.65123 7.64508 7.65437 7.66006 7.66558 7.65750 7.65292 7.65267 7.65358 7.65855 7.66100 7.66012 7.65630 7.64644 7.63154 7.63610 7.63082
