mrvbf_slope0.8_pctl1.4.asc
NCOLS 410
NROWS 410
XLLCORNER 2398750.0000000000000000
YLLCORNER 2548750.0000000000000000
CELLSIZE 250.0000000000000000
NODATA_VALUE -99999.00000
[rows 377 to 405 of 410, columns 198 to 263 of 410]
2.25468 2.05533 1.61562 1.24763 1.14241 0.92443 0.61151 0.91185 1.07101 1.29976 1.14257 0.69417 0.70998 0.82814 0.74663 0.60280 0.82623 1.61250 1.88107 2.47323 2.73743 2.94332 3.15666 3.44552 3.54034 3.55894 3.53501 3.54831 3.61386 3.63491 3.64444 3.64909 3.62368 3.55730 3.48635 3.42813 3.37811 3.26759 3.13928 3.27414 3.42187 3.48393 3.51353 3.53241 3.56777 3.54963 3.55411 3.57975 3.55627 3.51281 3.50523 3.49834 3.47513 3.48781 3.51124 3.54553 3.58332 3.62831 3.66206 3.68293 3.69656 3.70286 3.68061 3.60322 3.57773 3.65410
1.93662 1.78039 1.58546 1.36576 1.37406 0.81932 0.50151 0.82744 1.32383 1.32566 1.12540 0.49964 0.46223 0.63933 0.71099 0.62245 0.85257 1.92321 2.40241 2.59926 2.78122 2.93623 3.04368 3.25080 3.49199 3.55036 3.52529 3.49499 3.53465 3.56711 3.55759 3.55479 3.51056 3.42498 3.38080 3.37526 3.38609 3.33957 3.11522 3.11356 3.34190 3.43127 3.46477 3.48727 3.53424 3.53991 3.55159 3.57033 3.53350 3.49057 3.48562 3.49645 3.51137 3.51372 3.49874 3.49616 3.52898 3.56235 3.58938 3.62161 3.64767 3.66208 3.65490 3.64062 3.66071 3.67685
1.69774 1.58058 1.54388 1.24525 1.49255 0.62690 0.57095 0.87337 1.94582 2.10703 1.95534 1.08696 0.85784 0.96974 1.01322 1.06358 1.57567 2.31530 2.54690 2.69573 2.89219 3.02329 3.06918 3.15583 3.37283 3.52020 3.53852 3.46062 3.41926 3.44939 3.43599 3.40631 3.35291 3.31840 3.32582 3.32453 3.31939 3.27351 3.13033 3.14637 3.29721 3.40913 3.45914 3.46600 3.51073 3.53202 3.54560 3.55280 3.51894 3.45573 3.45170 3.51386 3.54828 3.55122 3.53524 3.49961 3.47252 3.43095 3.44554 3.52536 3.59657 3.63617 3.66232 3.69752 3.71279 3.69603
1.62298 1.38765 1.70019 1.87246 2.03351 1.50452 0.98603 1.81456 2.28347 2.39606 2.23129 1.47806 1.01893 1.20302 1.38322 1.72762 2.26356 2.53920 2.62669 2.74703 2.91190 2.97944 3.02203 3.07829 3.23090 3.44403 3.48322 3.38257 3.29081 3.32216 3.35881 3.32574 3.31486 3.35244 3.36732 3.33524 3.31516 3.25533 3.17181 3.23778 3.34310 3.43357 3.46609 3.47226 3.50284 3.51987 3.53246 3.52375 3.50344 3.50889 3.50885 3.52718 3.55432 3.56037 3.54684 3.52780 3.45667 3.32010 3.27900 3.45041 3.58816 3.65781 3.69745 3.73295 3.73036 3.68359
1.65241 1.26897 1.41887 1.73324 1.98151 2.04157 2.01339 2.25665 2.41343 2.47009 2.32717 1.75424 1.25890 1.35073 1.70613 2.20586 2.51822 2.65450 2.68968 2.72619 2.80231 2.86225 2.92048 2.97654 3.04769 3.28941 3.35947 3.27334 3.18068 3.23279 3.34042 3.36241 3.37359 3.40126 3.39419 3.34587 3.33134 3.26498 3.28390 3.38339 3.43853 3.44634 3.45846 3.47749 3.45758 3.44679 3.47699 3.49123 3.47704 3.47876 3.49595 3.51718 3.54437 3.56628 3.56265 3.51187 3.39860 3.34110 3.39027 3.39615 3.57039 3.67595 3.71526 3.72792 3.70078 3.60844
1.38245 0.52205 0.43446 0.85308 1.59902 1.78683 2.04742 2.32778 2.44693 2.47015 2.32892 1.98868 1.68571 1.71520 2.12900 2.48340 2.64334 2.73748 2.77168 2.77569 2.79348 2.82454 2.85459 2.89148 2.93318 3.06883 3.23855 3.20390 3.11067 3.13182 3.28128 3.37003 3.39334 3.38961 3.37383 3.35358 3.35574 3.36480 3.44002 3.46439 3.45686 3.44008 3.43678 3.40584 3.27690 3.15192 3.21604 3.38026 3.45331 3.46939 3.48727 3.52281 3.56422 3.58074 3.53727 3.44515 3.39418 3.47845 3.47506 3.43265 3.56238 3.67033 3.70981 3.70807 3.65352 3.53967
1.00320 0.48422 0.44849 0.91461 1.31126 1.32478 1.65701 2.18864 2.43521 2.43212 2.27596 2.10448 2.07115 2.23657 2.47025 2.62424 2.70934 2.77843 2.84032 2.85832 2.83036 2.81174 2.81525 2.83103 2.85080 2.89048 3.03875 3.13082 3.05106 2.98306 3.05162 3.21830 3.32675 3.35841 3.36356 3.36430 3.38711 3.38713 3.42859 3.46204 3.46110 3.42505 3.34042 3.13841 2.66875 2.08543 2.09705 2.81529 3.27088 3.43939 3.49147 3.53990 3.57301 3.54252 3.43789 3.34312 3.42758 3.54957 3.50565 3.47932 3.56503 3.65306 3.69591 3.69618 3.63376 3.52208
0.99173 0.86065 0.81523 1.16561 1.28361 1.24644 1.51326 2.11520 2.39919 2.35592 2.24034 2.26646 2.40896 2.53867 2.64624 2.72042 2.74353 2.77400 2.82933 2.85300 2.83895 2.80445 2.78900 2.79056 2.79892 2.80560 2.83615 2.87259 2.90030 2.96201 2.95137 2.96323 3.12412 3.28225 3.28583 3.30639 3.39822 3.39889 3.38604 3.42292 3.45631 3.39502 3.14875 2.59359 1.61201 1.09350 1.02793 1.45021 2.65075 3.23234 3.42902 3.51600 3.52616 3.43257 3.24629 3.19497 3.42210 3.52922 3.49367 3.49987 3.56400 3.63088 3.67951 3.68804 3.62827 3.52876
0.82906 1.00166 1.16651 1.30631 1.32050 1.40651 1.68643 2.08624 2.25519 2.28521 2.32403 2.46453 2.60157 2.68672 2.75672 2.79852 2.77964 2.76822 2.80067 2.79360 2.77859 2.76215 2.75369 2.76102 2.77113 2.77541 2.77110 2.79029 2.81308 2.87712 3.01517 2.91569 2.87858 2.99255 3.11256 3.21702 3.28640 3.31402 3.21847 3.26975 3.36247 3.33572 2.94364 2.08999 0.91910 0.80608 0.84387 0.90086 1.97303 2.95017 3.31924 3.43226 3.41699 3.24504 2.99962 3.15497 3.44093 3.48909 3.46680 3.50678 3.57127 3.61967 3.66094 3.68141 3.63815 3.56012
0.49787 0.73079 1.10458 1.23709 1.21875 1.35454 1.82604 2.20423 2.17696 2.10199 2.25346 2.50097 2.66476 2.74658 2.79621 2.81170 2.78135 2.76024 2.74523 2.71632 2.67621 2.66247 2.68428 2.71293 2.73655 2.75110 2.73954 2.73557 2.74638 2.79121 2.88334 2.89293 2.84775 2.85066 2.99191 3.07546 3.09076 2.97834 2.86179 2.98848 3.16184 3.22952 2.91178 2.11299 0.73717 1.00421 1.20554 0.89595 1.95215 2.88354 3.22978 3.30941 3.27632 3.13439 3.04350 3.38406 3.48670 3.46008 3.45683 3.52418 3.58400 3.61990 3.64959 3.67835 3.66505 3.59668
0.64279 0.65788 1.01512 1.17835 1.01252 1.17271 1.97555 2.42661 2.42064 2.22423 2.17231 2.49084 2.66564 2.76144 2.79731 2.80542 2.78030 2.68624 2.57730 2.47235 2.36597 2.37948 2.51635 2.60851 2.64746 2.65272 2.62310 2.61952 2.67014 2.72175 2.81156 2.83204 2.83626 2.89153 2.96760 2.99097 2.86819 2.72624 2.70507 2.76020 2.88120 3.14179 3.07742 2.42779 1.21105 0.96144 1.56944 1.43702 2.41042 2.99065 3.10985 3.15427 3.22397 3.29852 3.34268 3.41398 3.45584 3.43932 3.48356 3.55872 3.60642 3.61876 3.62741 3.64834 3.64712 3.62053
1.22901 1.10975 1.13764 1.24443 0.81378 1.03955 2.01012 2.43338 2.41127 2.38809 2.49191 2.59385 2.70065 2.78483 2.80068 2.78157 2.73762 2.54998 2.10481 1.48383 1.17314 1.34472 2.04874 2.36564 2.42391 2.42198 2.41616 2.50943 2.60902 2.67985 2.76999 2.81150 2.82594 2.84331 2.85262 2.83691 2.73532 2.62415 2.67861 2.63666 2.71825 3.06147 3.06560 2.58680 2.10948 1.77644 2.38732 2.57172 2.78668 2.83512 2.81240 2.94752 3.21039 3.41678 3.45251 3.44087 3.45612 3.48826 3.54455 3.59062 3.61580 3.61695 3.60232 3.59178 3.58858 3.60088
1.68501 1.19522 1.27560 0.84326 0.71061 1.17723 2.18966 2.54586 2.59956 2.62175 2.67837 2.74103 2.78423 2.80608 2.81026 2.77294 2.68969 2.36260 1.74421 1.64518 1.25552 0.95575 1.54018 1.76425 1.68545 1.78304 2.25379 2.45743 2.53996 2.67942 2.75231 2.79089 2.78249 2.74957 2.69208 2.65551 2.63850 2.55264 2.54582 2.57989 2.69427 2.88106 2.84795 2.61804 2.54799 2.76171 3.10678 3.13398 2.84348 2.57045 2.50461 2.70916 3.05662 3.32089 3.43769 3.48531 3.51778 3.56282 3.60007 3.61586 3.63577 3.63803 3.61466 3.58266 3.57596 3.54757
1.23313 1.33764 1.40470 1.55248 1.59445 2.04617 2.49703 2.67251 2.72101 2.73619 2.76428 2.79176 2.82508 2.83224 2.81217 2.76284 2.60319 2.04236 1.91022 1.99689 1.71551 1.34521 1.51623 1.28865 0.94527 1.14046 1.87364 2.34846 2.56146 2.66532 2.72304 2.71892 2.65618 2.53160 2.34857 2.31662 2.39460 2.53151 2.50710 2.53486 2.55205 2.50489 2.54563 2.59511 2.79407 3.06383 3.22911 3.21965 2.94238 2.59014 2.42851 2.52972 2.79836 3.09150 3.33053 3.47725 3.55317 3.60105 3.62576 3.64266 3.67274 3.67259 3.65405 3.63530 3.61661 3.53264
1.52215 1.74477 2.08383 2.15794 2.26392 2.49704 2.63546 2.70958 2.74750 2.77159 2.78969 2.80798 2.83540 2.83428 2.78531 2.72229 2.45316 1.59419 1.25565 1.11472 1.02579 1.44356 1.51583 1.13551 0.99875 1.09003 1.78774 2.33642 2.49229 2.59387 2.64421 2.59489 2.43720 2.00190 1.57667 1.50787 1.80134 2.13442 2.27741 2.20234 1.94922 1.46282 2.12821 2.55704 2.81278 2.98797 3.07301 3.08035 2.99195 2.90064 2.85202 2.62777 2.63630 2.84155 3.14593 3.38453 3.51189 3.58209 3.62722 3.65312 3.67337 3.67390 3.66287 3.65421 3.62883 3.56467
2.25842 2.30681 2.36559 2.44785 2.55841 2.63733 2.64352 2.64360 2.67957 2.75589 2.79554 2.81152 2.82915 2.82754 2.78309 2.67621 2.26440 1.14393 0.70550 0.81322 0.87091 1.30734 1.52470 1.41323 1.28225 1.48211 1.77470 2.09584 2.30983 2.47172 2.52286 2.42373 2.14007 1.74686 1.74902 1.40424 1.50709 1.67768 1.61154 1.14294 0.56012 0.40154 0.72438 2.31100 2.62659 2.78983 2.83525 2.86911 2.95668 3.12221 3.21373 2.93465 2.70504 2.72230 2.91601 3.18145 3.39144 3.51420 3.59200 3.64425 3.66483 3.65685 3.63789 3.61778 3.59852 3.59822
2.49205 2.46314 2.51294 2.60798 2.66842 2.67062 2.58356 2.50114 2.54042 2.67995 2.77575 2.80977 2.81679 2.79600 2.75835 2.62605 2.11607 0.99956 0.59112 0.63391 0.94790 1.27559 1.20838 1.29976 1.45311 1.69770 1.71958 1.78336 1.93352 2.12263 2.25410 2.15664 1.91668 1.72719 1.79884 1.49437 1.35827 1.37949 0.98759 0.72693 0.59216 0.47356 0.64298 2.20833 2.63476 2.70278 2.68403 2.73671 2.89686 3.15938 3.30699 3.13573 2.90231 2.78558 2.76488 2.91427 3.22339 3.43543 3.54403 3.60693 3.63731 3.63796 3.62153 3.60231 3.59409 3.61386
2.58713 2.56287 2.57736 2.61995 2.62429 2.58175 2.51903 2.51157 2.49822 2.60242 2.73758 2.78948 2.76790 2.73124 2.67142 2.54961 1.88708 0.93388 0.56899 0.54090 0.68366 0.78874 0.97054 1.52766 1.71844 1.81857 1.72490 1.68653 1.73787 1.78880 1.87763 1.92171 1.83280 1.67486 1.70906 1.67666 1.36132 0.99341 0.74339 0.91916 1.05697 0.34910 1.46253 2.31175 2.58276 2.56527 2.58255 2.72941 2.83999 3.09626 3.29243 3.21365 3.08210 2.98402 2.85458 2.82701 3.08407 3.35908 3.49932 3.57043 3.60543 3.62091 3.62536 3.61756 3.60035 3.58512
2.54324 2.59710 2.56222 2.58641 2.58383 2.59022 2.64149 2.63214 2.48596 2.60113 2.74618 2.74002 2.61327 2.59709 2.57561 2.38464 1.69876 0.83104 0.51651 0.46025 0.47927 0.51400 1.15586 1.77350 1.75684 1.78080 1.80273 1.75093 1.68613 1.62988 1.71477 1.80539 1.78758 1.60540 1.63796 1.85300 1.68752 0.76290 0.54348 1.01719 0.90532 0.52564 1.87733 2.37012 2.46800 2.40458 2.40148 2.66603 2.72904 2.96930 3.21983 3.21168 3.15714 3.16105 3.11065 2.96546 2.99697 3.27151 3.45812 3.55415 3.59268 3.60219 3.61578 3.61551 3.58949 3.55384
2.47280 2.64177 2.65181 2.69014 2.71526 2.74299 2.73340 2.58086 2.48177 2.66983 2.75680 2.62674 2.43329 2.38500 2.42516 2.05153 1.59551 0.69682 0.36378 0.43531 0.57885 0.84640 1.59662 1.63402 1.56488 1.72747 1.76371 1.67875 1.58430 1.43836 1.44633 1.62969 1.66743 1.40533 1.42020 1.67271 1.60581 0.65624 0.31774 0.34980 0.44245 1.27212 2.29248 2.48068 2.43835 2.32197 2.28815 2.37408 2.61669 2.90415 3.12237 3.12565 3.08829 3.14808 3.17194 2.98507 2.92349 3.18899 3.42956 3.56034 3.60373 3.59430 3.58933 3.59046 3.57903 3.56452
2.41400 2.66994 2.71134 2.74771 2.76054 2.72818 2.66790 2.58905 2.64146 2.72332 2.68165 2.47656 2.42358 2.11647 2.06297 1.83516 1.59820 0.83477 0.37536 0.38989 0.79113 1.51923 1.75095 1.42075 1.41266 1.66901 1.64648 1.31535 0.90467 0.73303 0.79536 1.23690 1.30643 1.16548 1.01161 1.27221 1.64058 1.72441 1.74052 1.68169 1.58609 2.20438 2.50981 2.54286 2.49574 2.53156 2.77978 2.58633 2.71445 2.92417 3.02849 2.99226 2.91697 2.92378 2.93401 2.80041 2.83678 3.15208 3.43635 3.56968 3.60637 3.59521 3.57655 3.58866 3.60816 3.57571
2.30562 2.57851 2.65085 2.70754 2.70408 2.69846 2.69556 2.69347 2.69652 2.66188 2.50799 2.23659 2.19983 1.62952 1.72889 1.82539 1.72479 1.42922 1.08092 0.88556 1.48947 1.72874 1.66893 1.34127 1.46693 1.59487 1.31168 0.75679 0.62362 0.52280 0.49990 0.68117 1.13184 1.12013 0.75727 1.17222 1.70884 1.92409 2.06183 2.23531 2.40420 2.62165 2.62705 2.53267 2.51853 2.72145 3.02153 3.01406 2.97053 3.00055 2.99713 2.87938 2.70177 2.59969 2.58110 2.59781 2.82154 3.18946 3.45589 3.57744 3.60797 3.60171 3.59385 3.61632 3.63116 3.60275
2.04258 2.39959 2.62932 2.71384 2.72934 2.76467 2.77055 2.68417 2.53240 2.40110 2.20214 1.95504 1.85480 1.36218 1.66796 1.85821 1.79792 1.50999 0.85078 1.13202 1.28589 1.14915 1.31533 1.61671 1.61015 1.53741 0.98112 0.59463 0.61209 0.43649 0.42059 0.54574 0.83989 1.11210 0.92754 1.41932 1.78467 2.10350 2.32935 2.46253 2.62186 2.76470 2.64339 2.52201 2.53877 2.70628 2.91983 3.03938 3.05862 3.07927 3.03724 2.83781 2.48257 2.17237 2.23135 2.44736 2.88383 3.25784 3.44283 3.54547 3.59454 3.60447 3.61811 3.65202 3.66556 3.65699
0.76707 0.95988 2.29613 2.63779 2.73535 2.70865 2.65649 2.53299 2.16525 1.81701 1.88633 1.89262 1.74089 1.43610 1.70290 1.81268 1.79988 1.45179 0.56174 0.75208 0.98156 0.55595 0.70735 1.63887 1.70674 1.53870 0.62066 0.39710 0.47874 0.42933 0.51680 0.60509 0.94780 1.48960 1.61471 1.81298 2.14769 2.39619 2.50398 2.54704 2.69537 2.79450 2.66239 2.54753 2.61136 2.76488 2.81065 2.95758 3.10771 3.20520 3.12861 2.96924 2.60308 1.76987 1.91751 2.38423 3.01855 3.33382 3.43972 3.50112 3.54895 3.58218 3.61943 3.66156 3.67657 3.68062
0.83283 0.59350 1.92268 2.61901 2.69142 2.59491 2.52555 2.23075 0.99583 0.86727 1.52615 1.59725 1.45054 1.33714 1.17509 1.30483 1.69366 1.39079 0.49243 0.52605 0.68262 0.41546 0.49693 1.08235 1.58244 1.29336 0.33892 0.21769 0.34794 0.50936 0.65075 1.44557 1.65776 1.81182 1.89761 2.05977 2.36687 2.53603 2.57081 2.64073 2.78894 2.82127 2.69497 2.57836 2.59580 2.85781 2.88263 2.97372 3.17750 3.34120 3.27356 3.01203 2.83299 1.63211 1.82242 2.44609 3.17796 3.40162 3.46044 3.48540 3.50748 3.55020 3.60687 3.65344 3.66088 3.64398
0.51018 0.87740 2.37299 2.66411 2.59173 2.20046 1.90091 1.00940 0.50076 0.56298 0.85024 0.95471 0.72246 0.60015 0.51161 0.51339 0.84726 0.87597 0.42208 0.29291 0.29080 0.27416 0.38282 0.59363 1.11925 1.31879 0.32315 0.22417 0.33533 0.67608 1.47641 1.80575 1.93001 2.02506 2.11265 2.24861 2.44425 2.57753 2.65231 2.75381 2.89313 2.86764 2.73230 2.61629 2.59780 2.84154 3.02966 3.07179 3.19856 3.38080 3.40535 3.21530 2.81796 1.98796 2.06976 2.55858 3.22327 3.43861 3.50123 3.50488 3.47500 3.51195 3.60639 3.65102 3.65003 3.57192
0.72224 1.69053 2.55286 2.65156 2.18233 0.79855 0.54340 0.59446 0.32221 0.37242 0.47048 0.58103 0.50633 0.30855 0.26528 0.32595 0.40851 0.55352 0.73848 0.57790 0.40095 0.39537 0.56152 1.06919 1.54696 1.64664 0.70269 0.50998 0.77532 1.70212 1.85046 1.96210 2.09104 2.20805 2.29066 2.38026 2.50826 2.63391 2.73609 2.83201 2.96230 2.88760 2.76394 2.65855 2.64552 2.81717 3.06564 3.16979 3.20582 3.37939 3.46085 3.39954 3.19419 2.79746 2.46013 2.65677 3.20343 3.45824 3.54508 3.54340 3.47116 3.43566 3.52261 3.60256 3.63786 3.56996
1.34882 2.12971 2.59928 2.56356 0.99772 0.28025 0.30491 0.46913 0.39957 0.33997 0.24729 0.32397 0.39357 0.46608 0.47234 0.54890 0.66946 1.12172 1.57017 1.28953 0.89326 0.77359 1.15630 1.73802 1.90044 1.89921 1.70902 1.50728 1.71318 1.86953 1.85481 1.99964 2.21579 2.35344 2.42156 2.48327 2.57388 2.68949 2.79740 2.88170 2.97010 2.91403 2.79988 2.70251 2.70036 2.82837 3.04648 3.20913 3.21683 3.34890 3.44505 3.43127 3.31541 3.02619 2.68531 2.73579 3.17765 3.45203 3.56190 3.57812 3.50862 3.36920 3.36992 3.53726 3.64179 3.59724
-99999.00000 -99999.00000 -99999.00000 -99999.00000 -99999.00000 -99999.00000 -99999.00000 -99999.00000 -99999.00000 -99999.00000 -99999.00000 -99999.00000 -99999.00000 -99999.00000 -99999.00000 -99999.00000 -99999.00000 -99999.00000 -99999.00000 -99999.00000 -99999.00000 -99999.00000 -99999.00000 -99999.00000 -99999.00000 -99999.00000 -99999.00000 -99999.00000 -99999.00000 -99999.00000 -99999.00000 -99999.00000 -99999.00000 -99999.00000 -99999.00000 -99999.00000 -99999.00000 -99999.00000 -99999.00000 -99999.00000 -99999.00000 -99999.00000 -99999.00000 -99999.00000 -99999.00000 -99999.00000 -99999.00000 -99999.00000 -99999.00000 -99999.00000 -99999.00000 -99999.00000 -99999.00000 -99999.00000 -99999.00000 -99999.00000 -99999.00000 -99999.00000 -99999.00000 -99999.00000 -99999.00000 -99999.00000 -99999.00000 -99999.00000 -99999.00000 -99999.00000
