mrvbf_slope1.2_pctl0.9.asc
NCOLS 410
NROWS 410
XLLCORNER 2398750.0000000000000000
YLLCORNER 2548750.0000000000000000
CELLSIZE 250.0000000000000000
NODATA_VALUE -99999.00000
[rows 232 to 260 of 410, columns 66 to 131 of 410]
7.67967 7.67670 7.67120 7.66489 7.65959 7.65123 7.64175 7.64777 7.66157 7.65547 7.65209 7.65856 7.65947 7.65669 7.66020 7.66494 7.65970 7.64630 7.65224 7.65579 7.64233 7.64162 7.66209 7.66639 7.66473 7.66208 7.65911 7.65661 7.66010 7.65917 7.65460 7.64720 7.64515 7.64241 7.64357 7.65122 7.65093 7.64453 7.63527 7.62353 7.60026 7.57812 7.56634 7.53332 7.39946 6.50543 4.54001 2.69295 1.85520 1.53754 1.24915 0.83786 0.67992 0.80783 0.66895 0.85161 1.59549 1.91868 1.94379 1.88518 1.86641 1.93542 2.11078 1.87669 1.75299 1.53798
7.67913 7.67747 7.67243 7.66769 7.66492 7.65927 7.64712 7.64270 7.64960 7.64613 7.64815 7.65715 7.66311 7.66591 7.66661 7.66461 7.66154 7.65592 7.65642 7.65956 7.65645 7.64069 7.65333 7.66211 7.66544 7.66522 7.66111 7.65448 7.65657 7.65573 7.65575 7.65323 7.64795 7.64944 7.65596 7.65746 7.65584 7.65066 7.63941 7.62687 7.61022 7.58714 7.56713 7.54407 7.45098 6.81157 4.55610 2.48860 1.63696 1.29015 1.13432 1.37255 1.11637 1.10688 0.94911 1.21538 1.73547 2.28291 2.59368 2.54711 2.32580 2.04491 1.79801 1.64645 1.49777 1.02672
7.67607 7.67462 7.66988 7.66778 7.66621 7.66065 7.65301 7.64897 7.64471 7.64192 7.64782 7.65793 7.66340 7.66306 7.66040 7.66171 7.66236 7.66232 7.66207 7.66297 7.66295 7.64910 7.64718 7.65491 7.66210 7.66542 7.66212 7.65474 7.65365 7.65680 7.66065 7.66258 7.65898 7.65873 7.66134 7.66175 7.65956 7.65389 7.64166 7.62758 7.61286 7.58599 7.57256 7.55547 7.48036 7.07136 5.00024 2.51304 1.37919 0.88629 0.99286 1.24560 1.40752 1.35343 1.20295 1.55592 2.26930 3.17023 4.43247 4.02209 2.89330 2.02147 1.73140 1.51758 1.01544 0.65064
7.67016 7.66935 7.66577 7.66585 7.66391 7.65709 7.65251 7.65042 7.64589 7.64547 7.65237 7.66093 7.66274 7.65552 7.65220 7.65968 7.65935 7.65473 7.65562 7.65650 7.65236 7.63782 7.64429 7.65414 7.65970 7.66311 7.66172 7.65542 7.65429 7.66047 7.66520 7.66669 7.66542 7.66277 7.66266 7.66396 7.66143 7.65414 7.63985 7.62802 7.61510 7.58581 7.57504 7.55322 7.48437 7.28725 5.95874 3.44223 1.70557 0.92352 0.86246 1.14763 1.62529 1.66871 1.60585 2.18567 2.92692 4.59350 5.43888 4.58673 2.87263 1.94403 1.71502 1.44704 0.69765 0.53405
7.66599 7.66483 7.66285 7.66471 7.66403 7.65771 7.65016 7.65022 7.65379 7.65765 7.66279 7.66548 7.66558 7.65710 7.64234 7.64535 7.64434 7.64604 7.64493 7.65470 7.63379 7.62848 7.64348 7.65658 7.66007 7.66121 7.66228 7.65826 7.65582 7.66142 7.66630 7.66708 7.66677 7.66563 7.66303 7.66323 7.66160 7.65345 7.64047 7.63299 7.62587 7.60235 7.58832 7.57044 7.52822 7.44025 6.87724 5.26668 2.69384 1.51036 1.17404 1.50596 2.00047 2.15698 2.07847 2.38793 2.75324 4.27904 5.14506 4.06079 2.57474 1.85525 1.69268 1.51717 0.77501 0.51978
7.66739 7.66418 7.66268 7.66585 7.66774 7.66591 7.66089 7.65991 7.66497 7.66797 7.66741 7.66581 7.66559 7.66109 7.64688 7.64195 7.64720 7.64463 7.64291 7.65068 7.62475 7.63451 7.64743 7.65840 7.66250 7.66163 7.66329 7.65968 7.65359 7.65892 7.66588 7.66724 7.66634 7.66466 7.66287 7.66200 7.65983 7.65324 7.64411 7.63893 7.63235 7.61487 7.60854 7.59643 7.56088 7.50736 7.34227 6.40669 4.91617 3.01329 2.34335 2.31935 2.59572 2.74527 2.54183 2.56141 2.65836 2.97362 3.59870 3.22908 2.28261 1.76084 1.66551 1.58743 1.13634 0.65674
7.66792 7.66326 7.66219 7.66631 7.66879 7.66980 7.66846 7.66724 7.66961 7.66909 7.66305 7.65571 7.65583 7.65240 7.64661 7.64186 7.64471 7.64456 7.64682 7.63784 7.62329 7.64894 7.65405 7.66079 7.66470 7.66137 7.66123 7.65644 7.64913 7.65534 7.66309 7.66417 7.66216 7.66089 7.66078 7.65375 7.64963 7.64556 7.64278 7.64371 7.63871 7.62349 7.61883 7.61112 7.58727 7.55029 7.48532 7.25434 6.44164 5.62527 4.88406 4.13644 4.02348 3.95067 3.79097 3.59368 3.39104 2.80020 2.52961 2.28552 1.86681 1.71029 1.65360 1.51137 1.08235 0.72072
7.66617 7.66285 7.66379 7.66515 7.66463 7.66806 7.66946 7.66929 7.67024 7.66416 7.65419 7.64920 7.64915 7.65026 7.64846 7.63766 7.63649 7.64307 7.64910 7.63556 7.63431 7.65661 7.65651 7.66242 7.66351 7.65675 7.65550 7.65130 7.64091 7.64431 7.65017 7.65044 7.65116 7.65223 7.65324 7.64265 7.63801 7.63279 7.63424 7.64294 7.63995 7.62480 7.62180 7.61779 7.59380 7.56842 7.53868 7.48234 7.25967 6.83235 6.37818 5.95765 5.54248 5.18122 5.07698 4.56770 3.53716 2.55937 2.04307 1.68407 1.60836 1.59144 1.52872 1.29314 0.91642 0.78785
7.66849 7.66758 7.66790 7.66596 7.65984 7.66058 7.66391 7.66501 7.66595 7.65935 7.65304 7.65904 7.66220 7.66460 7.65985 7.64845 7.64064 7.64020 7.64779 7.64795 7.64832 7.65649 7.65981 7.66550 7.66136 7.65108 7.65183 7.65469 7.64333 7.63940 7.64201 7.64471 7.64878 7.64820 7.64468 7.64314 7.64420 7.64220 7.64243 7.64745 7.64855 7.63204 7.61743 7.61056 7.59156 7.58476 7.56279 7.54307 7.48354 7.35145 7.12407 6.90494 6.71378 6.35395 5.58086 4.42855 2.80442 2.14602 1.73000 1.53310 1.41658 1.17184 0.86033 0.83487 0.75499 0.72173
7.66924 7.67066 7.66601 7.66379 7.65847 7.65616 7.65901 7.66009 7.65954 7.65841 7.66122 7.66740 7.67256 7.67180 7.66669 7.65985 7.65345 7.64900 7.65260 7.65992 7.65697 7.65993 7.66415 7.66501 7.65645 7.64767 7.65336 7.66221 7.65513 7.65025 7.65314 7.65728 7.65891 7.65666 7.65232 7.65723 7.65920 7.65939 7.65004 7.65079 7.65547 7.64690 7.63018 7.61386 7.60466 7.59971 7.57707 7.56080 7.55176 7.51351 7.43591 7.34861 7.21542 6.78810 5.86982 4.19473 2.43851 1.80821 1.55106 1.42280 1.07490 0.64260 0.54612 0.56296 0.56793 0.55653
7.66496 7.67084 7.66345 7.66018 7.66401 7.66120 7.66217 7.66304 7.66128 7.66398 7.67089 7.67241 7.67456 7.67465 7.66939 7.66334 7.65949 7.65705 7.65481 7.65542 7.65589 7.65741 7.65648 7.65392 7.64793 7.64785 7.65713 7.66613 7.66417 7.66088 7.66250 7.66564 7.66699 7.66437 7.66416 7.66628 7.66510 7.66165 7.65604 7.66060 7.66256 7.65412 7.63882 7.62174 7.61282 7.60371 7.58071 7.55708 7.55597 7.55623 7.51075 7.46853 7.35200 6.97574 6.18439 4.48766 2.43512 1.75188 1.52119 1.28636 0.73065 0.53935 0.47490 0.47713 0.57600 0.70093
7.65655 7.66548 7.66355 7.66441 7.67170 7.66938 7.66999 7.67160 7.67030 7.66993 7.67299 7.67466 7.67426 7.67609 7.67042 7.66517 7.66472 7.66288 7.65428 7.64565 7.64449 7.64696 7.64557 7.64445 7.64671 7.65298 7.66251 7.66943 7.66847 7.66498 7.66551 7.66930 7.66911 7.66616 7.66590 7.66827 7.66874 7.66641 7.66438 7.66665 7.66416 7.65139 7.63513 7.62270 7.61654 7.60824 7.58771 7.55700 7.53720 7.55416 7.54754 7.50330 7.41031 7.15064 6.62710 5.39243 2.89279 1.81160 1.51817 1.18639 0.67033 0.54319 0.48053 0.52056 0.64251 1.10051
7.65741 7.66432 7.67119 7.67166 7.67274 7.67366 7.67582 7.67750 7.67628 7.67225 7.67142 7.67541 7.67407 7.67483 7.67017 7.66712 7.66790 7.66136 7.65070 7.64387 7.64468 7.64761 7.64703 7.64744 7.65245 7.66002 7.66748 7.67156 7.66923 7.66555 7.66783 7.67243 7.66983 7.66887 7.66542 7.66680 7.66900 7.66783 7.66545 7.66597 7.65885 7.64284 7.63067 7.62496 7.62534 7.62235 7.60586 7.57744 7.53310 7.53208 7.54740 7.52179 7.44430 7.31713 7.08706 6.29705 4.05518 2.06404 1.56850 1.26513 0.78322 0.64984 0.60657 0.68881 1.02374 1.51636
7.66321 7.66627 7.67448 7.67633 7.67562 7.67688 7.67877 7.67864 7.67699 7.67464 7.66943 7.67284 7.67468 7.67378 7.67143 7.66887 7.66473 7.65520 7.64872 7.64886 7.65173 7.65497 7.65335 7.65257 7.65586 7.66263 7.66890 7.67132 7.66810 7.66521 7.67005 7.67560 7.67285 7.67046 7.66882 7.66515 7.66422 7.66241 7.66068 7.66302 7.65304 7.63957 7.63453 7.63672 7.64088 7.64095 7.62464 7.60318 7.55719 7.52022 7.55768 7.53073 7.47733 7.44442 7.36249 6.99462 5.56907 3.11877 1.76128 1.46472 1.16150 1.02912 1.09606 1.32776 1.48310 1.62127
7.66460 7.66610 7.67403 7.67857 7.67907 7.67967 7.68036 7.67936 7.67737 7.67433 7.66955 7.67354 7.67779 7.67616 7.67474 7.66984 7.66039 7.65257 7.65067 7.65238 7.65331 7.65566 7.65236 7.65331 7.65655 7.66117 7.66679 7.66862 7.66594 7.66489 7.67176 7.67764 7.67482 7.67098 7.67045 7.66700 7.66488 7.66218 7.65717 7.65846 7.65137 7.64532 7.64790 7.65449 7.65195 7.65256 7.63564 7.62194 7.59692 7.53666 7.55447 7.53722 7.52159 7.52024 7.47363 7.30308 6.71815 5.46607 3.33565 1.72374 1.45800 1.32075 1.09554 1.30697 1.29980 1.49802
7.66271 7.66885 7.67597 7.67950 7.68047 7.68073 7.68061 7.67972 7.67781 7.67318 7.67056 7.67580 7.67847 7.67761 7.67417 7.66733 7.65912 7.65429 7.65478 7.65661 7.65267 7.65013 7.64954 7.65572 7.66043 7.66230 7.66293 7.66332 7.66274 7.66560 7.67384 7.67790 7.67357 7.66990 7.67109 7.67205 7.67185 7.66986 7.66337 7.65963 7.65818 7.65886 7.66342 7.66271 7.66328 7.66058 7.64510 7.63451 7.61462 7.56851 7.57897 7.56680 7.55597 7.55274 7.53000 7.44072 7.14615 6.70341 5.82504 3.58895 1.77840 1.44883 1.03262 0.88772 1.06566 1.27112
7.66939 7.67463 7.67807 7.67957 7.68006 7.68017 7.68005 7.67938 7.67725 7.67227 7.67148 7.67550 7.67609 7.67464 7.67036 7.66470 7.65909 7.65671 7.65975 7.66327 7.65821 7.65152 7.65483 7.66247 7.66522 7.66299 7.65814 7.65658 7.66011 7.66865 7.67604 7.67532 7.67114 7.67103 7.67370 7.67604 7.67645 7.67534 7.67286 7.66929 7.66930 7.66905 7.67135 7.67042 7.67001 7.66388 7.65150 7.63932 7.61741 7.59216 7.60259 7.58062 7.56848 7.56603 7.55414 7.49973 7.40956 7.28288 6.98329 5.89038 3.81422 2.02243 1.34047 1.05990 1.19369 1.56130
7.67293 7.67686 7.67805 7.67835 7.67820 7.67824 7.67821 7.67769 7.67573 7.67121 7.66739 7.66848 7.66839 7.66601 7.66446 7.66416 7.65921 7.65710 7.66246 7.66533 7.66181 7.65956 7.66378 7.66551 7.66384 7.66043 7.65356 7.65242 7.66244 7.67325 7.67542 7.67182 7.67150 7.67438 7.67695 7.67809 7.67825 7.67799 7.67766 7.67767 7.67707 7.67298 7.67179 7.67333 7.67077 7.66638 7.65687 7.63422 7.61336 7.60716 7.61650 7.58423 7.57057 7.57849 7.56947 7.54453 7.52331 7.47388 7.39135 7.20271 6.60865 5.40304 4.08736 3.02238 3.59103 4.71225
7.66603 7.67438 7.67589 7.67462 7.67391 7.67473 7.67507 7.67473 7.67364 7.66749 7.65429 7.65026 7.65420 7.65719 7.66034 7.66415 7.66022 7.65686 7.66339 7.66542 7.66368 7.66701 7.66839 7.65990 7.65897 7.66036 7.65536 7.65457 7.66615 7.67438 7.67235 7.67060 7.67429 7.67763 7.67916 7.67974 7.68029 7.68030 7.67935 7.67933 7.67951 7.67616 7.67300 7.67253 7.67027 7.66911 7.65758 7.63821 7.63079 7.63001 7.63199 7.60773 7.57451 7.58389 7.59153 7.58748 7.57048 7.55250 7.52188 7.46798 7.40531 7.31282 7.13516 6.91294 6.94620 7.04442
7.66207 7.66861 7.66908 7.66485 7.66598 7.66909 7.67050 7.67099 7.66892 7.65630 7.64063 7.63936 7.64972 7.65982 7.66125 7.66406 7.66457 7.65923 7.66073 7.66307 7.66627 7.67209 7.66597 7.65627 7.66180 7.66652 7.66161 7.65607 7.66304 7.66975 7.66891 7.67147 7.67619 7.67820 7.67926 7.68024 7.68051 7.67951 7.67670 7.67694 7.67978 7.68040 7.67838 7.67584 7.67621 7.67694 7.66933 7.65701 7.64653 7.63651 7.62992 7.62962 7.59754 7.58309 7.59913 7.60418 7.60315 7.59888 7.58264 7.55255 7.53342 7.51013 7.47614 7.45051 7.44502 7.44062
7.66409 7.66381 7.65875 7.65686 7.65948 7.66198 7.66442 7.66547 7.66228 7.64391 7.63722 7.64709 7.65300 7.66523 7.66605 7.66401 7.66635 7.66080 7.65887 7.66119 7.66809 7.67263 7.66455 7.65574 7.66242 7.66737 7.66553 7.65984 7.66028 7.66416 7.66670 7.67156 7.67436 7.67431 7.67614 7.67838 7.67777 7.67298 7.66885 7.67158 7.67726 7.68148 7.68142 7.68063 7.68115 7.68222 7.67959 7.67200 7.65552 7.63739 7.63049 7.62841 7.62411 7.59400 7.58878 7.60687 7.61974 7.61547 7.60040 7.58918 7.58264 7.56917 7.55959 7.55688 7.55298 7.53832
7.66357 7.65870 7.65712 7.66123 7.65982 7.65857 7.65927 7.65469 7.64974 7.63837 7.63968 7.65217 7.65390 7.66453 7.66624 7.66517 7.66283 7.65667 7.65588 7.66250 7.67054 7.66729 7.66174 7.66237 7.66576 7.67001 7.66945 7.66895 7.66727 7.66399 7.66612 7.67108 7.67113 7.66998 7.67263 7.67623 7.67453 7.66881 7.66993 7.66933 7.67340 7.67707 7.67689 7.67786 7.68033 7.68289 7.68175 7.67620 7.65883 7.64565 7.63819 7.63276 7.64156 7.62627 7.60118 7.60095 7.61834 7.62261 7.61949 7.61696 7.60584 7.60619 7.60744 7.60586 7.59687 7.57531
7.65981 7.65987 7.66321 7.66508 7.66091 7.65950 7.65860 7.64997 7.64042 7.63457 7.64604 7.65448 7.65302 7.66047 7.66600 7.66421 7.65764 7.65344 7.65747 7.66681 7.66637 7.66193 7.66409 7.66793 7.67009 7.66906 7.67179 7.67562 7.67341 7.66755 7.66990 7.67493 7.67444 7.67412 7.67229 7.67507 7.67409 7.67153 7.67486 7.67061 7.67233 7.67086 7.67233 7.67320 7.67594 7.68056 7.68059 7.67309 7.65176 7.64953 7.63635 7.63864 7.64242 7.61526 7.59481 7.60814 7.62936 7.63974 7.63989 7.62892 7.62711 7.63497 7.63230 7.62369 7.62003 7.60565
7.66205 7.66443 7.66621 7.66439 7.65925 7.65792 7.65500 7.64682 7.64018 7.63766 7.64582 7.65116 7.65161 7.65653 7.66204 7.66066 7.65582 7.65690 7.66517 7.66811 7.66187 7.66675 7.67293 7.67349 7.67304 7.67075 7.67505 7.67853 7.67466 7.67189 7.67165 7.67545 7.67640 7.67471 7.67382 7.67475 7.67338 7.67173 7.67594 7.67225 7.67002 7.66950 7.67255 7.66979 7.67278 7.67645 7.67470 7.65833 7.64781 7.66051 7.63923 7.63963 7.63633 7.61413 7.61649 7.63461 7.64716 7.65015 7.64774 7.64355 7.64704 7.65002 7.63981 7.63244 7.63600 7.62946
7.66522 7.66555 7.66436 7.66026 7.65420 7.65147 7.64935 7.64094 7.63784 7.64210 7.64619 7.64808 7.65149 7.65726 7.66165 7.65865 7.65713 7.66371 7.67003 7.66405 7.66317 7.67219 7.67635 7.67640 7.67414 7.67220 7.67621 7.67999 7.67945 7.67500 7.67582 7.67899 7.67825 7.67534 7.67301 7.67186 7.67152 7.67169 7.67539 7.67474 7.67119 7.66894 7.66577 7.66555 7.67055 7.66695 7.65772 7.64780 7.65648 7.65923 7.64396 7.65250 7.64846 7.62394 7.63947 7.65158 7.65742 7.66490 7.66396 7.66174 7.65976 7.65597 7.64426 7.64604 7.64555 7.64502
7.66428 7.66311 7.65953 7.65521 7.65054 7.64760 7.64550 7.63916 7.63964 7.64536 7.64639 7.64323 7.64817 7.65546 7.65977 7.65666 7.66007 7.66760 7.66660 7.66165 7.66768 7.67508 7.67698 7.67518 7.66953 7.67022 7.67685 7.67978 7.68058 7.67980 7.67944 7.67857 7.67411 7.66968 7.66934 7.66888 7.67100 7.67335 7.67531 7.67489 7.67023 7.66305 7.65532 7.65920 7.65951 7.64591 7.64564 7.65325 7.66121 7.64895 7.64901 7.66457 7.64754 7.62903 7.64895 7.66227 7.66206 7.66967 7.66937 7.66476 7.66258 7.66221 7.65374 7.65811 7.65465 7.65842
7.66040 7.65927 7.65440 7.65395 7.65490 7.65285 7.65162 7.64514 7.64462 7.64900 7.64894 7.64052 7.64318 7.65017 7.65520 7.65632 7.66381 7.66626 7.66192 7.66252 7.67067 7.67565 7.67549 7.66851 7.66202 7.66305 7.67468 7.67824 7.67886 7.67847 7.67750 7.67522 7.66842 7.66498 7.66760 7.66757 7.67035 7.67294 7.67306 7.67022 7.66348 7.65905 7.64751 7.64345 7.63933 7.64210 7.65791 7.65846 7.64884 7.64447 7.66173 7.66664 7.65070 7.64134 7.65216 7.66432 7.66923 7.67534 7.67527 7.67344 7.67003 7.67053 7.66138 7.66216 7.66110 7.66529
7.65374 7.65423 7.65209 7.65605 7.65915 7.65779 7.65755 7.64875 7.64408 7.64829 7.65301 7.64339 7.64201 7.64752 7.65377 7.65971 7.66575 7.66406 7.66018 7.66320 7.67088 7.67475 7.67164 7.66324 7.66205 7.65593 7.66951 7.67495 7.67443 7.67187 7.66998 7.66666 7.65948 7.65916 7.66334 7.66353 7.66776 7.67160 7.66897 7.66397 7.66063 7.66474 7.65967 7.64860 7.64764 7.66006 7.65384 7.64321 7.64827 7.66044 7.66990 7.67450 7.66580 7.64986 7.64956 7.66601 7.67421 7.67933 7.67857 7.67726 7.67578 7.67608 7.66996 7.66676 7.66918 7.67271
7.65126 7.65118 7.65443 7.65920 7.65932 7.65841 7.65910 7.65071 7.64105 7.64295 7.65371 7.64540 7.64271 7.64814 7.65404 7.66059 7.66414 7.66137 7.65945 7.66345 7.66997 7.67243 7.66869 7.66424 7.66461 7.65682 7.66289 7.66754 7.66367 7.65746 7.65607 7.65609 7.65355 7.65695 7.66067 7.65934 7.66415 7.67094 7.66557 7.66234 7.66530 7.67182 7.67204 7.66725 7.66755 7.66594 7.64827 7.64645 7.65427 7.65570 7.66548 7.67003 7.65909 7.65880 7.65693 7.66639 7.67417 7.67603 7.67333 7.67458 7.67289 7.67165 7.67222 7.67436 7.67427 7.67476
