mrvbf_slope0.9_pctl0.6.asc
NCOLS 410
NROWS 410
XLLCORNER 2398750.0000000000000000
YLLCORNER 2548750.0000000000000000
CELLSIZE 250.0000000000000000
NODATA_VALUE -99999.00000
[rows 29 to 57 of 323, columns 132 to 197 of 410]
7.75380 7.75006 7.74838 7.74151 7.74987 7.75121 7.75004 7.72717 7.69602 7.72195 7.72524 7.72679 7.72407 7.74441 7.74638 7.71111 7.66812 7.71388 7.73449 7.72596 7.74459 7.75535 7.75403 7.75711 7.75561 7.75513 7.75605 7.75687 7.75394 7.75217 7.75124 7.74658 7.73127 7.70721 7.72665 7.72017 7.68780 7.71234 7.70971 7.68918 7.61658 7.44232 6.94881 7.11773 6.94393 7.44545 7.51200 7.44250 7.54988 7.50120 7.37417 6.77648 7.52253 7.65466 7.68036 7.70161 7.69070 7.69041 7.69529 7.71693 7.72516 7.71954 7.70169 7.68519 -99999.00000 -99999.00000
7.74236 7.74568 7.74228 7.73667 7.74427 7.74227 7.74461 7.73929 7.73610 7.73987 7.74119 7.74077 7.73498 7.74837 7.75350 7.73956 7.72368 7.74115 7.71795 7.66321 7.70466 7.74998 7.75749 7.75436 7.75036 7.74769 7.74373 7.74277 7.73121 7.73611 7.74506 7.74094 7.73996 7.72835 7.73158 7.70760 7.65905 7.68115 7.70721 7.70946 7.68780 7.61710 7.37053 6.77683 7.11044 7.51097 7.57055 7.51418 7.44954 7.37908 6.84246 7.00457 7.54065 7.65285 7.69072 7.70917 7.70513 7.69789 7.70972 7.72333 7.72234 7.71475 7.69037 7.68123 7.67254 -99999.00000
7.74506 7.74070 7.75272 7.74541 7.73927 7.73864 7.74443 7.74227 7.74669 7.74842 7.74218 7.73668 7.73821 7.74739 7.74961 7.75381 7.74962 7.73740 7.67809 7.67419 7.66120 7.73432 7.75237 7.74145 7.71367 7.73579 7.73520 7.72758 7.73031 7.72517 7.73939 7.74364 7.73179 7.73261 7.71508 7.67580 7.67823 7.65465 7.70472 7.71681 7.71195 7.69073 7.61657 7.43898 7.43928 7.59252 7.58390 7.56318 7.39736 7.43887 7.15144 7.51732 7.62699 7.66703 7.70416 7.72089 7.72042 7.71973 7.73032 7.72999 7.71986 7.70489 7.68549 7.66097 7.67454 7.65652
7.74364 7.75173 7.75790 7.75211 7.74535 7.74812 7.74782 7.74056 7.74186 7.74945 7.74249 7.74343 7.74517 7.75122 7.74598 7.74206 7.73995 7.74650 7.71671 7.66449 7.71091 7.74952 7.74436 7.70605 7.66352 7.69210 7.72607 7.72452 7.73047 7.73394 7.73833 7.73482 7.71862 7.71161 7.72006 7.69325 7.68572 7.69499 7.71873 7.71822 7.71595 7.70995 7.68967 7.65641 7.65819 7.68024 7.66498 7.62328 7.58382 7.50197 7.60181 7.67143 7.67620 7.69136 7.70903 7.71503 7.72841 7.73302 7.73355 7.72831 7.72282 7.70639 7.65829 7.61093 7.63053 7.62005
7.74887 7.75296 7.75781 7.75769 7.75201 7.75501 7.74576 7.74017 7.74309 7.75001 7.74524 7.74477 7.74984 7.74613 7.74310 7.73322 7.73346 7.72927 7.72358 7.70641 7.73108 7.74799 7.73175 7.66627 7.64689 7.60637 7.67521 7.69373 7.69235 7.70763 7.72696 7.72532 7.71458 7.70374 7.70936 7.70188 7.70457 7.70036 7.72161 7.72307 7.71645 7.71374 7.70537 7.71006 7.70826 7.70470 7.70349 7.69289 7.68804 7.66619 7.69318 7.71192 7.71222 7.72318 7.72628 7.71667 7.72024 7.72518 7.72422 7.71987 7.71631 7.69473 7.64449 7.64827 7.61060 7.59281
7.75383 7.75109 7.74978 7.75468 7.74957 7.74794 7.74669 7.73672 7.73728 7.74175 7.74159 7.75077 7.75086 7.74920 7.74595 7.74338 7.72999 7.71547 7.71414 7.70573 7.71248 7.73519 7.72090 7.66394 7.61777 7.62868 7.61543 7.64900 7.68348 7.69107 7.72723 7.73425 7.71386 7.72241 7.72204 7.71966 7.70379 7.71287 7.72579 7.72154 7.72357 7.72442 7.72361 7.71988 7.71333 7.71600 7.71876 7.71943 7.71639 7.70917 7.71243 7.72296 7.72979 7.73516 7.73275 7.72718 7.72795 7.72749 7.72190 7.71233 7.71584 7.71545 7.69248 7.65476 7.66700 7.62484
7.74858 7.75058 7.75277 7.75116 7.74464 7.74146 7.75036 7.74975 7.73570 7.73067 7.73331 7.74283 7.74383 7.74191 7.73746 7.74209 7.73851 7.73263 7.71697 7.70388 7.71522 7.70876 7.69040 7.68705 7.67799 7.64536 7.68281 7.67267 7.68290 7.69514 7.72219 7.73022 7.71871 7.70746 7.72090 7.72431 7.71305 7.72235 7.72481 7.72216 7.72037 7.72001 7.71792 7.72149 7.72655 7.72659 7.72395 7.72534 7.72612 7.72175 7.72559 7.73053 7.73439 7.73848 7.73571 7.72960 7.72850 7.72557 7.71718 7.70820 7.71888 7.72292 7.70934 7.69243 7.70406 7.68077
7.72035 7.73411 7.73973 7.74304 7.74500 7.74220 7.74518 7.74979 7.74829 7.72991 7.73280 7.72863 7.73455 7.73515 7.73482 7.73532 7.73846 7.73953 7.74253 7.72842 7.71675 7.72314 7.71280 7.69329 7.69966 7.69784 7.70756 7.68432 7.69153 7.70584 7.72087 7.73039 7.70573 7.67859 7.70599 7.71627 7.71706 7.71540 7.72080 7.71813 7.71481 7.72145 7.72475 7.72168 7.72859 7.72805 7.72716 7.72416 7.72383 7.73208 7.72768 7.73030 7.73118 7.73222 7.73332 7.73201 7.72899 7.72127 7.71085 7.71217 7.70940 7.71167 7.70646 7.70661 7.71355 7.70516
7.66856 7.70723 7.72818 7.73731 7.74410 7.74673 7.74470 7.74582 7.75335 7.74810 7.73712 7.74039 7.74368 7.74254 7.72831 7.72544 7.73102 7.72965 7.74032 7.72945 7.72685 7.72912 7.73054 7.72886 7.72089 7.71206 7.71082 7.71352 7.71824 7.70885 7.72656 7.71337 7.67266 7.66916 7.66495 7.71526 7.72159 7.71624 7.71962 7.71700 7.71315 7.71997 7.72113 7.71652 7.71562 7.72365 7.72750 7.72951 7.72338 7.72965 7.72075 7.72129 7.72490 7.72954 7.72513 7.72312 7.71827 7.71372 7.71210 7.71356 7.71787 7.72267 7.71779 7.70880 7.71210 7.70793
7.64312 7.69973 7.72095 7.73616 7.74235 7.74901 7.74695 7.74090 7.74858 7.75246 7.75014 7.74608 7.74906 7.74644 7.74154 7.73201 7.72544 7.72928 7.73885 7.73491 7.72655 7.71914 7.72088 7.72511 7.71952 7.71145 7.70935 7.72901 7.73768 7.72847 7.72501 7.72228 7.69677 7.67768 7.69069 7.72261 7.72511 7.72207 7.72213 7.72131 7.71528 7.71428 7.71683 7.71522 7.70431 7.70545 7.71929 7.72447 7.71867 7.71964 7.70032 7.68538 7.70654 7.71957 7.72016 7.71498 7.68524 7.67090 7.69393 7.70842 7.71338 7.71732 7.72149 7.72209 7.71873 7.71320
7.67527 7.67323 7.72285 7.73964 7.74326 7.74827 7.74344 7.74187 7.74347 7.74922 7.75005 7.74930 7.74619 7.74716 7.75016 7.74335 7.73862 7.73737 7.73705 7.74134 7.73611 7.72619 7.71791 7.71409 7.71826 7.72413 7.72002 7.72730 7.73985 7.72981 7.72087 7.72972 7.72491 7.71728 7.71867 7.72827 7.73143 7.72929 7.72893 7.72677 7.72632 7.71951 7.72306 7.72272 7.71266 7.70274 7.70955 7.72321 7.71926 7.71215 7.66789 7.67639 7.67125 7.70735 7.72029 7.70237 7.64612 7.65152 7.67766 7.70366 7.71017 7.71614 7.71955 7.71612 7.72065 7.71747
7.64290 7.66429 7.72167 7.74136 7.74273 7.74646 7.74466 7.74728 7.74695 7.74720 7.74849 7.74671 7.74749 7.75037 7.74967 7.75203 7.75063 7.74669 7.74743 7.75101 7.74445 7.73740 7.72216 7.71858 7.72115 7.72438 7.72930 7.72142 7.72395 7.71329 7.71550 7.70874 7.70454 7.71428 7.71057 7.72851 7.72819 7.72962 7.73636 7.73457 7.73013 7.72637 7.72524 7.71707 7.71632 7.71387 7.71202 7.72107 7.71253 7.70617 7.66831 7.65337 7.66994 7.70520 7.71564 7.68379 7.66508 7.65597 7.68419 7.71091 7.71659 7.71650 7.72030 7.71182 7.71227 7.71834
7.64115 7.55356 7.64663 7.71908 7.73682 7.74563 7.74596 7.74838 7.74866 7.74854 7.74964 7.74615 7.74787 7.74815 7.75170 7.75252 7.75415 7.74542 7.74262 7.74549 7.74006 7.73931 7.71839 7.72041 7.71334 7.72848 7.72639 7.71103 7.70960 7.70608 7.69668 7.69792 7.69454 7.71967 7.71729 7.70800 7.71134 7.72463 7.73213 7.73643 7.73135 7.71941 7.72372 7.71879 7.71696 7.72486 7.71860 7.71813 7.70772 7.68978 7.62336 7.63852 7.63293 7.70229 7.72222 7.70544 7.67579 7.69052 7.71763 7.72268 7.71675 7.71280 7.71715 7.71656 7.71299 7.71417
7.57073 7.57941 7.50654 7.66008 7.71846 7.73290 7.74153 7.74403 7.75211 7.75288 7.74474 7.74486 7.74921 7.74840 7.74595 7.75200 7.75349 7.74329 7.73769 7.73853 7.74567 7.73866 7.71839 7.70759 7.72001 7.73307 7.72087 7.71269 7.71669 7.72829 7.71965 7.70199 7.70225 7.72271 7.71834 7.70119 7.70334 7.71348 7.72218 7.73030 7.72362 7.71736 7.72223 7.71305 7.71766 7.72744 7.72187 7.70721 7.69791 7.69075 7.66042 7.62158 7.67699 7.71323 7.72348 7.72178 7.71496 7.72194 7.72758 7.72649 7.71817 7.71729 7.72074 7.71798 7.71262 7.70557
7.65884 7.53303 7.60702 7.61270 7.69141 7.73003 7.73529 7.74505 7.74913 7.75062 7.74569 7.74364 7.73886 7.73450 7.73698 7.74523 7.73647 7.69584 7.69475 7.72568 7.73515 7.72631 7.72076 7.71812 7.72782 7.72743 7.72572 7.71674 7.71635 7.72065 7.72397 7.72493 7.72467 7.72616 7.72913 7.71125 7.70497 7.71398 7.72658 7.72397 7.71731 7.70810 7.70676 7.70466 7.69193 7.70990 7.72320 7.70363 7.69706 7.69524 7.69366 7.69468 7.71377 7.71660 7.72204 7.72324 7.72705 7.72946 7.72594 7.72351 7.71898 7.71891 7.71212 7.70414 7.70251 7.70184
7.72819 7.66773 7.61744 7.64880 7.69444 7.72598 7.74200 7.74270 7.74279 7.74677 7.74194 7.73507 7.72024 7.69805 7.71517 7.71923 7.65553 7.48423 7.51361 7.65586 7.70945 7.72572 7.71963 7.72755 7.72798 7.72702 7.72480 7.72672 7.71347 7.71329 7.71165 7.72013 7.73014 7.73237 7.73268 7.72640 7.71332 7.71521 7.71599 7.72368 7.71114 7.70563 7.70628 7.69839 7.68579 7.68640 7.70996 7.70424 7.69965 7.69975 7.70635 7.70857 7.71956 7.71560 7.71389 7.72127 7.72816 7.72430 7.72477 7.72623 7.72478 7.71690 7.70774 7.70248 7.69352 7.69645
7.74172 7.71500 7.64332 7.58350 7.65444 7.72582 7.74158 7.73898 7.74020 7.73737 7.72444 7.67519 7.64359 7.60442 7.66628 7.67431 7.52948 7.35531 7.32481 7.54914 7.67143 7.71143 7.72626 7.73652 7.73213 7.72940 7.72944 7.73326 7.71522 7.72389 7.71543 7.71349 7.72502 7.72505 7.72701 7.72962 7.72443 7.71335 7.71913 7.72407 7.70815 7.69685 7.70715 7.70021 7.67460 7.68625 7.70221 7.69664 7.70228 7.71190 7.71415 7.70897 7.71919 7.71378 7.71622 7.72232 7.72730 7.72633 7.72190 7.72931 7.73174 7.72743 7.71818 7.70802 7.69819 7.70589
7.72198 7.65118 7.54361 7.58507 7.55119 7.68483 7.73593 7.74304 7.73590 7.72819 7.64875 7.50010 7.49870 7.60280 7.60405 7.69297 7.64922 7.46268 7.48684 7.64675 7.68002 7.70728 7.72933 7.73115 7.73370 7.73246 7.73120 7.72808 7.71537 7.71659 7.72234 7.70703 7.70978 7.72034 7.72132 7.73236 7.72940 7.71937 7.71632 7.71218 7.70666 7.68301 7.70692 7.71651 7.69556 7.70542 7.71095 7.70781 7.71377 7.71452 7.70960 7.70555 7.71486 7.71481 7.71627 7.71862 7.72419 7.72659 7.72782 7.73205 7.73350 7.73003 7.72461 7.71711 7.70237 7.70419
7.63924 7.52474 7.55786 7.52761 7.63847 7.68795 7.71946 7.74024 7.74302 7.69509 7.51559 7.52491 7.44014 7.56252 7.67478 7.72346 7.71915 7.67929 7.66705 7.65047 7.67777 7.69618 7.72337 7.72981 7.72967 7.73487 7.73537 7.72876 7.72289 7.71576 7.71358 7.70889 7.71122 7.71344 7.72574 7.72789 7.72762 7.70878 7.69997 7.69751 7.68605 7.67634 7.67639 7.71175 7.71477 7.72022 7.71708 7.71980 7.72381 7.71437 7.70870 7.71053 7.70897 7.71880 7.71291 7.71156 7.72232 7.72811 7.72970 7.73000 7.72818 7.72805 7.72670 7.72153 7.70056 7.69280
7.49650 7.45971 7.48274 7.63017 7.67826 7.69977 7.69754 7.73224 7.73221 7.66384 7.50301 7.42382 7.60765 7.67660 7.72367 7.73592 7.73862 7.72666 7.68176 7.60568 7.63990 7.71237 7.72994 7.72311 7.72996 7.73632 7.73379 7.73520 7.72759 7.72427 7.71952 7.71248 7.71234 7.72257 7.72508 7.72429 7.71796 7.70190 7.69306 7.69408 7.69110 7.66611 7.68476 7.72063 7.72829 7.72123 7.72875 7.72360 7.72082 7.71825 7.71105 7.70173 7.70520 7.71709 7.71840 7.70878 7.71223 7.72415 7.72496 7.72025 7.71897 7.72403 7.72079 7.70927 7.69408 7.68833
7.57547 7.45071 7.52661 7.67638 7.69432 7.68733 7.69454 7.71713 7.69356 7.59403 7.60305 7.53347 7.65900 7.71978 7.73179 7.73772 7.73645 7.71291 7.64389 7.65210 7.63052 7.70953 7.72336 7.71611 7.71608 7.72098 7.71649 7.72063 7.72015 7.72309 7.72668 7.72236 7.71126 7.71790 7.72253 7.72444 7.70572 7.70348 7.70129 7.70479 7.70242 7.68725 7.69355 7.71920 7.72676 7.73132 7.73118 7.71008 7.68867 7.70096 7.70260 7.69958 7.70376 7.70926 7.71273 7.71186 7.70541 7.71404 7.71715 7.70830 7.70140 7.70893 7.71013 7.69411 7.69208 7.68680
7.64572 7.54314 7.63627 7.66685 7.68471 7.68139 7.67254 7.68954 7.68375 7.63784 7.58528 7.64771 7.69675 7.71387 7.72901 7.73307 7.72793 7.71679 7.68462 7.63482 7.66299 7.71988 7.71277 7.70420 7.67663 7.67527 7.69797 7.69467 7.68458 7.70302 7.69865 7.71029 7.70782 7.70839 7.71620 7.71458 7.70956 7.70937 7.70867 7.71256 7.70681 7.69005 7.67212 7.69077 7.70633 7.72263 7.72299 7.68795 7.68584 7.67976 7.70298 7.70184 7.70449 7.69853 7.70592 7.70820 7.69693 7.68877 7.69902 7.69925 7.69744 7.69718 7.70425 7.70222 7.69420 7.69711
7.64210 7.51656 7.57058 7.50721 7.61264 7.67706 7.67796 7.65062 7.66836 7.67371 7.67582 7.71354 7.71579 7.71135 7.72117 7.72490 7.71395 7.71287 7.70371 7.65230 7.59563 7.66437 7.67115 7.64643 7.48182 7.47960 7.63629 7.62051 7.57090 7.65619 7.63713 7.67178 7.69828 7.69889 7.71216 7.71600 7.71486 7.70044 7.71189 7.71866 7.69385 7.65957 7.67294 7.67564 7.70176 7.70854 7.71982 7.69334 7.67099 7.67860 7.70762 7.70405 7.68633 7.69155 7.71330 7.71206 7.69056 7.69398 7.68933 7.69826 7.70042 7.70514 7.70698 7.70403 7.69601 7.69232
7.54472 7.52812 7.60427 7.46137 7.44150 7.62334 7.62467 7.57615 7.65903 7.68300 7.70868 7.72881 7.72261 7.71007 7.70750 7.71088 7.71462 7.72691 7.70342 7.59337 7.60826 7.54981 7.55241 7.52561 7.21016 7.11682 7.48063 7.49698 7.55912 7.64271 7.64624 7.62451 7.69157 7.69713 7.69361 7.69923 7.70094 7.70086 7.71223 7.71256 7.70481 7.66070 7.64870 7.65695 7.68133 7.71480 7.72473 7.71474 7.69113 7.69793 7.70484 7.69026 7.67375 7.68596 7.69632 7.70757 7.70537 7.69504 7.69613 7.69084 7.69342 7.70960 7.70933 7.70786 7.70214 7.68846
7.63059 7.49079 7.48983 7.38533 7.39156 7.57226 7.51007 7.49948 7.57950 7.67511 7.71409 7.73101 7.73190 7.72394 7.71535 7.71423 7.70573 7.70810 7.71572 7.66514 7.56044 7.54044 7.61505 7.61977 7.27005 7.13563 7.45618 7.56812 7.53750 7.64545 7.62127 7.68080 7.71565 7.70873 7.69427 7.70338 7.70520 7.70930 7.71734 7.71448 7.71553 7.69412 7.67771 7.66973 7.69529 7.71736 7.72239 7.72280 7.71380 7.70506 7.70247 7.69316 7.68828 7.67750 7.67728 7.69328 7.70761 7.70500 7.69002 7.68555 7.68122 7.69274 7.70894 7.70607 7.70171 7.69938
7.67573 7.63546 7.59386 7.43036 7.54242 7.61358 7.58319 7.50861 7.58182 7.69304 7.72555 7.73688 7.73607 7.72733 7.71332 7.70780 7.70825 7.71162 7.70892 7.71213 7.67892 7.65576 7.60955 7.65387 7.51841 7.48212 7.63580 7.67795 7.67103 7.69735 7.69294 7.71792 7.71875 7.70715 7.71043 7.71108 7.71613 7.72193 7.72004 7.72192 7.71764 7.70415 7.69732 7.67349 7.68299 7.69604 7.70270 7.70721 7.71249 7.71518 7.71380 7.70825 7.69976 7.68716 7.69416 7.67257 7.68367 7.68508 7.67577 7.68714 7.68937 7.67976 7.69788 7.70517 7.70858 7.70756
7.67109 7.66630 7.65596 7.59311 7.51739 7.58478 7.56092 7.58693 7.66833 7.71716 7.72639 7.73133 7.73347 7.73377 7.72351 7.70054 7.69453 7.69907 7.70636 7.71518 7.71344 7.70350 7.68063 7.70239 7.68011 7.66919 7.68842 7.66933 7.71110 7.71424 7.68964 7.71446 7.71705 7.70769 7.70983 7.70528 7.71430 7.71682 7.72504 7.72611 7.71903 7.70841 7.68050 7.65869 7.68919 7.68699 7.67715 7.68374 7.70735 7.71237 7.69719 7.69791 7.71000 7.70687 7.68547 7.68325 7.68847 7.68907 7.68397 7.69120 7.68038 7.67478 7.68431 7.70099 7.70957 7.70713
7.69642 7.67889 7.67870 7.67443 7.65439 7.66702 7.66437 7.68301 7.70593 7.71708 7.71970 7.72200 7.73144 7.72826 7.72725 7.71016 7.70530 7.69924 7.71080 7.71862 7.71691 7.71719 7.70743 7.70707 7.70495 7.68985 7.62672 7.52649 7.63815 7.65176 7.58566 7.65930 7.70395 7.69512 7.70351 7.70187 7.69667 7.66847 7.70711 7.71923 7.71643 7.69877 7.67260 7.66224 7.65926 7.68680 7.67211 7.67583 7.67766 7.68959 7.68593 7.68502 7.69535 7.70387 7.69419 7.68174 7.67338 7.67834 7.68324 7.69387 7.68330 7.68679 7.68667 7.70187 7.70624 7.70109
7.70636 7.69921 7.69795 7.69526 7.68842 7.69752 7.70797 7.70913 7.71159 7.71579 7.71429 7.71972 7.72610 7.72208 7.71577 7.71489 7.70471 7.70847 7.71723 7.72210 7.71922 7.72030 7.71592 7.70043 7.69763 7.66366 7.51335 7.55325 7.48249 7.53835 7.60595 7.58607 7.65840 7.62646 7.66770 7.69446 7.64052 7.52851 7.63345 7.70589 7.71279 7.70376 7.66251 7.65234 7.66004 7.69820 7.67049 7.65874 7.68780 7.69478 7.68709 7.68553 7.68327 7.68507 7.69079 7.70070 7.69415 7.69198 7.70373 7.70461 7.69735 7.68427 7.69128 7.70346 7.69395 7.68743
