mrvbf_slope0.6_pctl0.7.asc
NCOLS 410
NROWS 410
XLLCORNER 2398750.0000000000000000
YLLCORNER 2548750.0000000000000000
CELLSIZE 250.0000000000000000
NODATA_VALUE -99999.00000
[rows 348 to 376 of 410, columns 264 to 329 of 410]
3.54649 3.56148 3.57865 3.57867 3.54798 3.53544 3.59635 3.67262 3.70759 3.68657 3.63708 3.55580 3.54577 3.59112 3.61900 3.63188 3.62169 3.60860 3.63544 3.64924 3.61750 3.53485 3.44562 3.34742 3.42091 3.41347 3.26251 3.13061 2.93760 2.73438 2.59228 2.43286 2.09985 1.61212 1.37002 1.29137 1.36712 1.26498 0.85352 0.84718 1.35313 1.04322 0.69469 0.59885 0.69078 0.97868 1.49372 1.74857 1.72756 1.37517 0.70730 0.56557 0.56569 0.65195 0.83428 0.63678 0.61861 1.14258 0.87175 0.57857 0.52988 0.59295 0.62592 0.73145 0.92876 1.22316
3.58155 3.57781 3.60909 3.61213 3.55420 3.53627 3.59652 3.66218 3.68201 3.66156 3.60057 3.54641 3.58888 3.65823 3.68219 3.67939 3.63013 3.57175 3.58087 3.59857 3.53349 3.41783 3.48189 3.31832 3.32936 3.19780 3.04810 3.01025 2.89081 2.71358 2.58877 2.45493 2.08969 1.54300 1.31379 1.20140 1.22900 0.97401 0.66188 0.65397 1.14402 0.75891 0.59793 0.56779 0.60408 0.73386 1.39670 1.72596 1.84358 1.58103 0.98226 0.63909 0.57504 0.54411 0.62131 0.59918 0.52946 0.74127 0.86567 0.53749 0.44857 0.56907 0.66175 0.87282 1.17515 1.45533
3.59221 3.57265 3.57264 3.56533 3.50322 3.50675 3.58581 3.60474 3.58496 3.56545 3.53384 3.52518 3.59757 3.67301 3.69414 3.66990 3.61200 3.54206 3.53559 3.55217 3.47537 3.47645 3.35176 3.25562 3.04219 2.95931 3.04233 3.07214 2.96212 2.79452 2.65000 2.48996 2.04427 1.51533 1.31519 1.23721 1.16416 0.81613 0.59918 0.77536 1.02845 0.70456 0.58040 0.65809 0.59817 0.72721 1.43268 1.70850 1.84026 1.59490 1.37116 1.12124 0.76821 0.60677 0.60800 0.57532 0.54063 0.65849 1.04432 0.66334 0.53903 0.63707 0.85708 1.14225 1.26376 1.40921
3.46967 3.46846 3.50585 3.50434 3.40867 3.41949 3.51354 3.48927 3.45329 3.42245 3.43442 3.50047 3.58657 3.63999 3.64884 3.61469 3.55812 3.48936 3.48479 3.53111 3.53980 3.45663 3.27408 3.00757 2.88457 3.01381 3.23367 3.22937 3.04467 2.79507 2.64021 2.47249 2.04126 1.58073 1.36483 1.26467 1.12702 0.88195 0.74116 0.75438 0.78533 0.72347 0.79393 1.13615 0.82392 0.81889 1.20534 1.63071 1.82970 1.48061 0.95502 0.72585 0.82125 0.87248 0.67167 0.50378 0.46646 0.55860 0.76304 0.79385 0.66527 0.68884 0.81031 0.84975 0.76780 0.92564
3.51439 3.53400 3.56099 3.54738 3.42648 3.33966 3.38252 3.36981 3.36447 3.37398 3.43141 3.53420 3.61900 3.64544 3.62939 3.59235 3.51769 3.40804 3.37711 3.46251 3.56185 3.48325 3.23932 3.02122 3.05485 3.20393 3.29542 3.29647 3.04993 2.69584 2.54660 2.35704 2.03838 1.69035 1.38813 0.92222 0.91130 1.07299 1.08976 0.74938 0.65975 0.66876 0.78248 0.90384 0.89219 0.78715 0.85009 1.49496 1.79796 1.57297 0.94170 0.57815 0.59497 0.77674 0.66287 0.50591 0.46117 0.47996 0.54077 0.70877 0.80867 0.84729 0.99837 0.66518 0.50579 0.58071
3.57923 3.57713 3.60084 3.61275 3.52648 3.41448 3.37233 3.37772 3.41549 3.46863 3.50783 3.56232 3.61215 3.64551 3.61086 3.57417 3.44906 3.26982 3.21220 3.43554 3.44932 3.41458 3.24701 3.13653 3.31819 3.27085 3.28972 3.27625 2.86150 2.60276 2.45534 2.16954 1.77246 1.54794 1.27144 0.71438 0.71539 1.02228 1.15666 0.73359 0.61024 0.67723 0.67328 0.73634 0.85649 0.64253 0.73263 1.42906 1.76717 1.55665 1.20035 0.66168 0.57726 0.61710 0.65468 0.71486 0.68869 0.54476 0.47163 0.55897 0.81839 1.03814 0.96208 0.52567 0.41946 0.49920
3.63640 3.62186 3.60068 3.58847 3.55652 3.49085 3.46079 3.47604 3.52019 3.56708 3.56593 3.54365 3.53873 3.54833 3.52721 3.50162 3.32289 3.09822 3.27685 3.37639 3.35856 3.34917 3.29815 3.25936 3.39692 3.29978 3.35248 3.14106 2.67641 2.52938 2.39511 2.04802 1.61437 1.46448 1.31561 0.90188 0.83408 1.11971 1.37603 1.11217 0.73016 0.78241 0.86414 0.80162 0.73391 0.69315 0.92514 1.51807 1.74100 1.25700 0.85958 0.95533 0.72709 0.60860 0.59250 0.69165 0.89133 0.65644 0.46340 0.50201 0.73432 1.07312 0.91410 0.59353 0.46912 0.53825
3.53856 3.53717 3.51665 3.51304 3.53368 3.53501 3.54680 3.57481 3.61296 3.65024 3.64037 3.57289 3.46510 3.46157 3.49684 3.47664 3.23206 2.85023 3.16914 3.40145 3.28221 3.31997 3.38439 3.27507 3.22817 3.06901 3.11763 2.73853 2.53303 2.47177 2.39184 2.06506 1.64799 1.54923 1.51771 1.38562 1.19385 1.23171 1.42588 1.50796 1.42281 1.34043 1.34870 1.06182 0.69426 0.60767 0.68418 1.38690 1.65593 0.83272 0.58888 0.66476 0.74465 0.64593 0.52871 0.53063 0.74462 0.90426 0.64906 0.63501 0.93346 1.29808 1.19666 0.87834 0.60770 0.64298
3.44406 3.41308 3.41513 3.47200 3.53106 3.57192 3.61478 3.65181 3.66940 3.68405 3.68502 3.61139 3.56703 3.57382 3.60493 3.56496 3.37127 2.66426 2.88165 3.27866 3.21774 3.39711 3.41306 3.10970 3.04414 2.70914 2.59772 2.47525 2.40292 2.42777 2.39971 2.13920 1.74447 1.68803 1.78681 1.65310 1.51132 1.47718 1.50125 1.59807 1.69847 1.60292 1.31447 0.91998 0.66803 0.55259 0.54495 0.97326 1.64845 1.33661 0.68714 0.58763 0.59059 0.51009 0.48122 0.46715 0.58842 0.64998 0.64996 0.86483 1.32534 1.51749 1.51669 1.42352 1.08727 0.97254
3.43678 3.41397 3.43141 3.48994 3.54053 3.57589 3.61981 3.66683 3.69136 3.72104 3.73706 3.68921 3.61550 3.62748 3.65694 3.59881 3.41027 2.88024 2.97169 3.31501 3.34068 3.38950 3.35624 2.83653 2.64587 2.59132 2.44971 2.40592 2.42594 2.42480 2.31403 2.06865 1.89893 1.89352 1.94903 1.83595 1.64541 1.53927 1.50489 1.61333 1.64029 1.41066 1.02924 0.80714 0.66891 0.67254 0.73778 0.98194 1.56184 1.63844 1.27602 0.90780 0.63573 0.51343 0.52799 0.57938 0.63256 0.65731 0.73422 1.02934 1.32018 1.46131 1.48144 1.34994 1.31022 1.36734
3.37741 3.45823 3.50388 3.52619 3.53896 3.54731 3.58158 3.64793 3.70124 3.73098 3.73429 3.70279 3.65115 3.65959 3.66956 3.61921 3.46792 3.11869 3.00477 3.29538 3.41056 3.43320 3.29412 2.99443 2.50251 2.43305 2.49913 2.55752 2.53677 2.43007 2.21766 2.04839 2.06525 2.14574 2.20760 2.01135 1.65133 1.47016 1.44225 1.51936 1.45959 1.10694 0.75348 0.65687 0.62930 0.74870 0.75640 0.69340 1.26100 1.55814 1.45227 1.44635 1.12581 0.58586 0.53144 0.55755 0.66550 0.81491 0.99267 1.16668 1.30415 1.36977 1.25741 1.04659 1.19592 1.40307
3.37048 3.51310 3.56827 3.55933 3.53823 3.51824 3.52302 3.57679 3.63423 3.66808 3.66068 3.61609 3.58932 3.62494 3.64734 3.60467 3.48245 3.17793 2.83171 2.95338 3.28170 3.33993 3.15178 2.87078 2.48162 2.38828 2.64375 2.67937 2.50644 2.30824 2.13715 2.15209 2.22578 2.29409 2.28465 2.05870 1.65068 1.41860 1.30437 1.21942 1.21377 1.10158 0.80703 0.67030 0.62563 0.64469 0.71215 0.68387 1.23046 1.47961 1.13859 1.40051 1.47893 0.92537 0.59619 0.62416 0.76501 1.02338 1.21835 1.27153 1.35290 1.40447 1.20657 0.92943 0.99427 1.22999
3.39998 3.49902 3.57383 3.56600 3.53659 3.51080 3.50781 3.53154 3.56711 3.58953 3.58013 3.56475 3.60910 3.65627 3.68570 3.65766 3.56782 3.36782 2.95538 2.77019 2.96479 3.11872 3.13782 2.63575 2.43689 2.48881 2.63967 2.56679 2.34337 2.16483 2.19014 2.28281 2.30214 2.26736 2.15103 1.90000 1.61610 1.43852 1.28739 1.14244 1.23545 1.34166 1.16574 0.85766 0.71370 0.73190 0.73990 0.69868 1.17224 1.34542 0.90061 0.90665 1.27430 1.24819 0.87321 1.04572 1.09884 1.07988 1.11918 1.30574 1.44550 1.44145 1.21658 1.00795 1.02828 1.14718
3.39353 3.39528 3.46754 3.50731 3.51677 3.51352 3.53040 3.56950 3.59153 3.58861 3.57687 3.59619 3.65393 3.68554 3.71361 3.68901 3.62868 3.54850 3.36591 2.98771 2.89614 3.11570 3.07729 2.68584 2.56142 2.53964 2.52833 2.40071 2.20277 2.17399 2.28241 2.31858 2.28074 2.16645 1.98655 1.79299 1.64979 1.48783 1.43422 1.44537 1.41490 1.43433 1.42464 1.29562 0.97291 0.78331 0.64030 0.57460 0.73176 0.93539 0.77859 0.68938 0.93258 0.68770 0.44345 0.50376 0.62495 0.76865 0.91655 1.11333 1.28732 1.36330 1.31698 1.25411 1.30573 1.25679
3.34274 3.22779 3.29835 3.43134 3.49776 3.51317 3.54566 3.61599 3.66230 3.64662 3.59582 3.56161 3.57703 3.64077 3.71079 3.71522 3.64921 3.58708 3.48572 3.26596 3.04846 3.11753 3.08851 2.80830 2.63021 2.52762 2.38544 2.17851 2.10145 2.20382 2.30026 2.30504 2.24105 1.98038 1.70406 1.64835 1.63178 1.54467 1.61296 1.79661 1.68249 1.60027 1.53078 1.44120 1.15199 0.80083 0.66149 0.60282 0.70816 0.67661 0.61168 0.59276 0.75673 0.56125 0.35797 0.40806 0.53155 0.63751 0.73787 0.92634 1.02756 1.08212 1.08227 1.16694 1.32968 1.28428
2.80911 2.86877 3.21683 3.44944 3.51068 3.47757 3.52067 3.63248 3.69892 3.65226 3.57286 3.53518 3.51465 3.54557 3.64127 3.67391 3.61043 3.56064 3.37683 3.18154 3.20282 3.35155 3.08530 2.88516 2.65236 2.56199 2.36146 2.03437 1.96632 2.15080 2.33306 2.33939 2.14855 1.66135 1.36946 1.37609 1.44464 1.59574 1.76198 1.99492 1.72920 1.48460 1.19673 0.98518 0.77682 0.73081 0.95106 0.77669 0.62298 0.60292 0.60574 0.55242 0.66588 0.48106 0.37286 0.39900 0.53166 0.60958 0.66584 0.76427 0.68037 0.66163 0.72076 0.97984 1.26568 1.30571
2.52253 2.99291 3.39559 3.53035 3.48997 3.40685 3.53040 3.66725 3.72092 3.65806 3.55945 3.55417 3.56992 3.50529 3.55324 3.58793 3.52155 3.33791 3.06460 2.89825 3.04102 3.29793 3.14445 2.92169 2.66180 2.53376 2.35041 1.97280 1.78440 2.11822 2.40985 2.35123 2.01074 1.39947 1.10742 1.14422 1.44702 1.72007 1.72106 1.68253 1.51402 1.24992 1.03156 0.78233 0.62450 0.73185 1.04272 0.98999 0.67338 0.57324 0.56973 0.54181 0.61151 0.51235 0.42313 0.47802 0.55753 0.60289 0.63474 0.72495 0.64263 0.60822 0.65917 0.82893 1.11899 1.30879
2.99076 3.36157 3.50567 3.50198 3.39203 3.43955 3.60416 3.69021 3.69857 3.66835 3.59072 3.57434 3.61061 3.56281 3.52721 3.54062 3.35484 3.04159 2.98612 3.10773 3.23348 3.29157 3.22804 2.85406 2.55856 2.34758 2.18687 1.98222 1.78896 2.07264 2.37713 2.32207 1.92756 1.25075 0.93591 1.20324 1.89659 1.88009 1.25100 1.06385 1.09668 0.85978 0.70349 0.62909 0.70071 0.74993 1.16828 1.29560 0.98160 0.78696 0.79026 0.69643 0.68097 0.58678 0.50614 0.58136 0.57061 0.58139 0.62318 0.71787 0.83835 0.81364 0.66567 0.70863 0.99612 1.37360
3.29915 3.45238 3.49968 3.44537 3.38744 3.51816 3.62846 3.60668 3.56463 3.57355 3.57907 3.60713 3.62362 3.58861 3.48737 3.35033 3.10179 3.13024 3.31445 3.15852 2.97430 3.09017 2.96500 2.59540 2.30543 2.01324 1.96336 1.94746 2.08497 2.21342 2.30009 2.28882 2.04589 1.51046 1.09307 0.97009 1.30001 1.40176 0.77317 0.82909 1.11629 0.86202 0.74641 0.71654 0.85586 1.10212 1.03379 0.85474 0.71529 0.76576 1.03351 0.91679 0.69343 0.58015 0.60598 0.61492 0.48878 0.50292 0.55805 0.63783 0.75089 0.89637 0.78438 0.78259 0.98579 1.35592
3.27134 3.40429 3.51716 3.47422 3.35794 3.46209 3.50013 3.38733 3.35936 3.47362 3.54263 3.60571 3.59119 3.52018 3.39844 3.19748 3.17105 3.39407 3.25271 2.80451 2.62280 2.60146 2.55133 2.27304 1.90373 1.82265 1.95145 2.00453 1.92082 2.12949 2.31795 2.44506 2.29710 1.93485 1.63264 1.42289 1.19574 1.03984 0.88269 0.79595 0.98134 0.90364 0.86698 0.93468 1.21864 1.49205 1.11076 0.70584 0.58118 0.69459 0.86727 0.93358 0.66872 0.55207 0.57974 0.49808 0.36504 0.39064 0.46696 0.54175 0.62581 0.75435 0.77100 0.81202 0.92734 1.34000
3.00936 3.41250 3.58383 3.56516 3.42367 3.32677 3.26136 3.15932 3.29454 3.46470 3.47843 3.48799 3.43057 3.37370 3.35796 3.29481 3.34900 3.34097 2.79593 2.50725 2.31496 2.11243 2.01643 1.80091 1.73756 1.90872 2.20339 2.32641 2.27339 2.26021 2.24714 2.26938 2.31028 2.23554 2.14602 2.08305 1.86540 1.78151 1.89705 1.81162 1.73223 1.59356 1.48974 1.51005 1.56081 1.52464 1.19957 0.93908 0.87673 0.88172 1.17546 1.01711 0.67948 0.57813 0.56978 0.47000 0.35965 0.34293 0.42128 0.51264 0.60896 0.74054 0.77335 0.74532 0.80385 1.36868
2.80640 3.47839 3.61415 3.61118 3.57262 3.46051 3.38499 3.37850 3.36781 3.31501 3.19823 3.06554 2.97731 3.23389 3.35622 3.41993 3.37744 3.22814 2.55071 2.28597 2.13622 1.74185 1.63505 1.67764 1.88333 2.25207 2.43677 2.33930 2.09274 1.98129 1.90518 1.85995 1.86806 1.92341 2.01346 2.09112 1.98383 1.84899 1.97176 2.19305 2.37546 2.20696 1.87800 1.75620 1.69052 1.50193 0.90539 0.73072 1.15220 1.31313 1.48871 1.10822 0.59474 0.52850 0.62598 0.61351 0.47902 0.42465 0.50233 0.60266 0.67860 0.69636 0.66165 0.65641 0.71538 1.27885
2.56869 3.33675 3.50546 3.57212 3.58504 3.54572 3.50520 3.49711 3.44396 3.08309 2.52778 2.17041 2.58444 3.26075 3.46806 3.38415 3.09054 2.71207 2.31302 2.04001 2.13207 2.02575 1.86692 1.98764 2.31637 2.50487 2.43596 2.03491 1.59240 1.43234 1.43371 1.51051 1.60821 1.68388 1.77989 1.90759 1.91604 1.97827 2.26319 2.42400 2.29526 1.89280 1.70286 1.65834 1.69694 1.64389 1.38015 1.03323 1.34448 1.54109 1.50160 1.13597 0.77437 0.59002 0.67579 0.63757 0.58119 0.58595 0.53963 0.54036 0.57656 0.57159 0.58822 0.62819 0.76600 1.29686
2.12172 2.67277 3.09262 3.36614 3.47370 3.35694 3.07144 3.00669 3.14575 3.11384 1.92124 1.99086 2.69997 3.19392 3.42910 3.18707 2.76369 2.36778 1.93854 1.85601 2.17286 2.37126 2.36758 2.44585 2.56289 2.55937 2.23381 1.58915 1.20460 1.06699 1.17816 1.36313 1.50938 1.57532 1.62183 1.69390 1.82016 1.98479 2.13466 2.04838 1.66251 1.36359 1.12079 1.18930 1.41388 1.67585 1.67153 1.57173 1.56902 1.56064 1.52425 1.34722 1.40866 1.24979 0.95872 0.63277 0.58000 0.52895 0.44889 0.42151 0.44718 0.53679 0.61036 0.68944 0.83457 1.17703
2.53397 2.40768 2.59762 2.70017 2.76979 2.68988 2.49515 2.37400 2.23701 2.29056 2.13211 2.63822 2.75851 2.98624 3.11207 2.67796 2.35870 2.00926 1.83734 2.01983 2.40218 2.64945 2.70807 2.70985 2.62414 2.50732 1.98055 1.35314 1.05671 1.04050 1.22836 1.37460 1.46385 1.54060 1.53705 1.53364 1.62533 1.78509 1.81890 1.62172 1.44538 1.24715 1.11367 1.08910 0.86690 1.29199 1.69243 1.71116 1.58638 1.52567 1.40039 1.12780 1.35209 1.46385 1.52955 1.20369 0.75036 0.48277 0.42033 0.43294 0.46105 0.57077 0.66597 0.82038 0.91218 1.07034
3.18317 2.80752 2.70001 2.28879 1.81536 2.12891 2.95208 3.04308 2.81652 2.73343 2.75077 2.78685 3.02974 2.92985 2.67704 2.40561 2.11854 1.95498 2.03049 2.35950 2.67490 2.82695 2.86179 2.75876 2.64655 2.48933 1.87759 1.27389 1.09893 1.19552 1.46076 1.46760 1.28923 1.31739 1.14505 1.03076 1.24434 1.52392 1.62023 1.53393 1.53046 1.48102 1.20294 0.87478 0.77540 0.86853 1.47136 1.73351 1.58465 1.40419 0.98779 0.68610 0.98023 1.10565 0.96789 0.87154 0.85286 0.75724 0.71593 0.65808 0.63178 0.71704 0.91341 1.02474 0.90520 1.00680
3.21348 2.99077 2.85670 2.32755 1.43760 2.08683 3.07865 3.42045 3.18089 2.77872 2.42660 2.41400 2.63004 2.58586 2.42304 2.26175 2.15939 2.15927 2.38236 2.73442 2.87408 2.73798 2.65695 2.57611 2.54175 2.47244 1.93950 1.37745 1.24056 1.32221 1.48682 1.33970 0.98107 0.78943 0.68962 0.67995 0.85864 1.32646 1.57020 1.54069 1.54629 1.49010 1.23867 0.75687 0.71235 0.70312 1.18842 1.71233 1.51990 1.21462 0.81030 0.68166 1.16400 0.80510 0.52183 0.48128 0.52349 0.53905 0.55607 0.59203 0.66468 0.83068 0.99252 0.90192 0.80982 1.13571
3.35698 3.21067 3.03934 2.49218 1.22698 2.01969 2.94627 2.97691 2.50608 2.15579 2.06160 2.31799 2.44547 2.40339 2.31810 2.30399 2.32558 2.49876 2.84293 2.90002 2.67505 2.54300 2.48070 2.41342 2.39559 2.40290 2.05520 1.52910 1.38754 1.39522 1.38195 1.11230 0.78427 0.66016 0.61687 0.58418 0.67664 1.11990 1.55455 1.56508 1.52639 1.37415 1.11057 0.79789 0.74005 0.88202 1.02773 1.65396 1.31865 0.79394 0.78070 1.06711 1.04819 0.63160 0.45756 0.36546 0.31690 0.32923 0.39206 0.48299 0.59486 0.71091 0.77872 0.72167 0.78890 1.40065
3.55458 3.40283 3.26124 2.50032 1.22503 2.01621 2.39526 2.30464 2.16096 2.21201 2.53290 2.74793 2.72883 2.58320 2.46101 2.48799 2.64444 2.99135 3.03729 2.78808 2.60260 2.50385 2.46426 2.47641 2.44167 2.42448 2.25332 1.70597 1.48877 1.46207 1.41885 1.08328 0.74839 0.66561 0.60524 0.55946 0.62965 0.95880 1.49833 1.44277 1.13427 1.01235 1.02936 1.04953 0.94436 0.92469 1.06042 1.60734 1.29673 0.77085 0.72972 0.80789 0.71613 0.66788 0.59885 0.40063 0.30222 0.26005 0.32499 0.45220 0.56588 0.64210 0.65846 0.68271 0.90364 1.70421
