mrvbf_slope0.5_pctl0.9.asc
NCOLS 410
NROWS 410
XLLCORNER 2398750.0000000000000000
YLLCORNER 2548750.0000000000000000
CELLSIZE 250.0000000000000000
NODATA_VALUE -99999.00000
[rows 232 to 260 of 410, columns 264 to 329 of 410]
2.25961 2.20472 2.23802 2.35517 2.56361 2.69195 2.73414 2.79016 2.83725 2.71410 2.66465 2.80147 3.25914 3.58262 3.82689 4.10349 4.26597 4.32690 4.34048 4.33930 4.25361 4.03786 3.82279 3.83600 3.88214 3.63739 3.27682 2.98083 2.80290 2.77870 2.84888 2.86524 2.67173 2.47204 2.37624 2.33756 2.51437 3.04678 3.38435 3.13242 2.56935 2.10259 1.62695 1.35021 1.72095 2.41491 2.68316 2.77864 2.78117 2.87530 2.86473 2.56521 1.61293 1.73176 2.43621 3.00787 3.30397 3.53279 3.62879 3.13864 2.55340 2.78041 2.47271 2.05703 1.74148 1.54061
2.36968 2.31499 2.32957 2.42464 2.55201 2.64859 2.72947 2.88476 3.07030 2.87651 2.70462 2.73572 3.08153 3.55866 3.77386 3.97975 4.17259 4.26302 4.27876 4.23133 4.00432 3.63085 3.49778 3.62513 3.68513 3.53125 3.29497 3.07493 2.91022 2.85379 2.88961 2.93042 2.77793 2.51400 2.37672 2.45057 2.69306 3.07251 3.21002 2.91371 2.54832 2.39844 2.04821 1.30384 1.50971 2.29348 2.63394 2.72120 2.76815 2.78485 2.81698 2.62946 1.88009 1.89935 2.49437 2.83952 2.91012 3.19740 3.08743 2.39970 2.18093 1.98776 2.14360 2.20030 1.68272 1.65546
2.50835 2.40232 2.37108 2.41497 2.50235 2.59823 2.69606 2.80615 2.98562 3.10118 2.81300 2.71895 2.90963 3.27265 3.44080 3.54366 3.77298 3.99627 4.14036 3.96249 3.48421 3.08408 3.15399 3.40543 3.49408 3.43802 3.30726 3.14280 2.98884 2.90609 2.91060 2.92043 2.66619 2.34032 2.29439 2.59068 3.06824 3.40060 3.33202 3.13545 2.99202 2.93942 2.62179 1.84709 1.80161 2.30531 2.61555 2.75732 2.77445 2.82606 2.83299 2.71133 2.33710 1.93203 2.18861 2.21528 2.35695 2.85327 2.44256 2.11635 2.17681 1.88014 1.81879 2.26966 1.75446 1.65103
2.74551 2.54458 2.45729 2.40867 2.51735 2.64636 2.74489 2.80089 2.89497 3.02390 2.83747 2.69290 2.79136 3.02257 3.09231 3.00740 3.05357 3.30348 3.60142 3.41367 2.83381 2.61497 2.94353 3.24930 3.34633 3.37689 3.34619 3.22340 3.06641 2.95629 2.93227 2.96229 2.72534 2.26549 2.31468 2.80544 3.32582 3.61537 3.51102 3.29674 3.05905 2.90958 2.60108 2.17889 2.21336 2.47318 2.63115 2.73043 2.84613 2.89506 2.86712 2.73826 2.43618 1.74453 1.88850 1.99503 2.34471 2.80657 2.31663 1.86997 1.85336 1.65008 2.07235 2.64747 2.04235 1.69148
2.92348 2.79631 2.78792 2.66738 2.69893 2.85010 2.95843 2.98514 3.02790 3.02731 2.84364 2.71112 2.76414 2.85543 2.79903 2.55909 2.35126 2.42792 2.68912 2.68245 2.34798 2.68245 3.03866 3.12810 3.21455 3.34198 3.41932 3.33223 3.15552 3.01655 2.96414 2.98380 2.87153 2.43245 2.29139 2.54818 2.99204 3.43613 3.65572 3.46487 3.13777 2.90243 2.44549 2.15265 2.30831 2.59613 2.74088 2.73205 2.80660 2.87543 2.80947 2.67170 2.44070 1.80241 1.67218 1.67881 1.86801 2.50924 2.63935 1.85059 1.61110 1.84462 2.60579 2.47242 2.00665 1.70894
3.04020 3.00622 3.21220 3.15332 2.89707 2.90703 3.07150 3.24713 3.36495 3.27624 3.01214 2.82063 2.74731 2.70991 2.62701 2.43730 2.29001 2.29599 2.18355 2.28217 2.57250 3.18579 3.12567 2.85489 2.98532 3.24760 3.45976 3.46638 3.25702 3.08087 3.00612 3.01807 3.04112 2.83604 2.51466 2.48465 2.66226 3.05566 3.46128 3.49940 3.22436 2.98895 2.37756 2.14946 2.35154 2.61270 2.72543 2.77180 2.80672 2.85428 2.74364 2.65797 2.56643 2.41091 2.07696 1.64097 1.61288 1.63861 1.92850 2.33931 2.43947 2.71031 2.65562 2.05694 1.72392 1.57571
3.24416 3.14667 3.28261 3.28777 3.06126 2.98461 3.15991 3.42324 3.68521 3.51940 3.15758 2.86208 2.65032 2.57912 2.62036 2.66691 2.83516 2.97153 2.55955 2.65628 3.15445 3.19535 2.58164 2.31965 2.63579 3.01488 3.31370 3.51661 3.33540 3.12132 3.04488 3.08621 3.15442 3.14242 2.92061 2.73836 2.72889 2.86314 3.15924 3.18621 2.91381 2.70952 2.28548 2.20966 2.49092 2.73814 2.90128 2.86831 2.83641 2.78186 2.73349 2.73355 2.62724 2.56840 2.57382 2.33543 2.04735 1.87804 1.79319 1.85761 2.24336 2.62066 2.26524 1.81098 1.59035 1.47047
3.41681 3.22018 3.19660 3.24440 3.20697 3.13520 3.23187 3.50354 3.86990 3.57412 3.15206 2.80038 2.53230 2.52768 2.77490 3.10305 3.36807 3.45289 3.35062 3.23644 2.94047 2.30330 1.95282 2.12987 2.57205 2.88617 3.08596 3.30471 3.31098 3.09918 3.05005 3.15472 3.28337 3.34281 3.18842 2.98994 2.92428 2.99993 3.15340 3.02709 2.82495 2.58979 2.22847 2.29795 2.60073 2.93851 3.09804 2.85769 2.73512 2.72165 2.75414 2.76728 2.65283 2.60984 2.57384 2.43179 2.36926 2.15843 2.02597 1.93726 1.86504 2.01353 1.99488 1.90441 1.81482 1.53738
3.55845 3.35651 3.25870 3.27167 3.27591 3.21235 3.29592 3.61992 4.00323 3.58818 3.10897 2.69649 2.44947 2.59174 3.05084 3.47924 3.61678 3.58702 3.50247 2.88199 2.17319 1.87484 2.01827 2.49943 2.97971 3.15661 3.10478 3.14475 3.20270 3.07306 3.10996 3.29863 3.44188 3.49714 3.34365 3.11597 3.00340 3.09742 3.30634 3.11676 2.94335 2.65171 2.31770 2.37757 2.64923 3.02550 3.01828 2.78073 2.72035 2.74652 2.84897 2.76555 2.69784 2.67170 2.59711 2.44172 2.33622 2.21854 2.10840 2.04253 1.92143 1.85295 2.03210 2.25543 2.18905 1.71425
3.74559 3.57427 3.42738 3.34452 3.27770 3.24928 3.43505 3.88716 4.08715 3.57016 3.05739 2.62256 2.46735 2.81793 3.30104 3.54651 3.67877 3.62001 3.16474 2.26725 1.91820 2.06145 2.58065 3.19958 3.58085 3.65647 3.45318 3.31364 3.27766 3.23109 3.30459 3.46477 3.47142 3.45219 3.39333 3.19150 3.02103 3.05586 3.24387 3.06384 2.79946 2.59968 2.41536 2.46421 2.68804 2.94989 2.91616 2.78442 2.68490 2.72750 2.81148 2.77693 2.81739 2.77013 2.71794 2.72423 2.42563 2.26533 2.20583 2.25013 2.24745 2.13482 2.17079 2.25957 2.20717 1.99598
3.74061 3.74388 3.62174 3.44944 3.36095 3.44259 3.77622 4.18283 4.08693 3.54327 3.02567 2.63117 2.62665 3.07415 3.25756 3.18778 3.43638 3.40841 3.05613 2.03169 1.90677 2.36300 3.18059 3.69165 4.05692 4.12824 3.94569 3.69204 3.55169 3.42239 3.33315 3.31287 3.27166 3.24359 3.26003 3.18144 3.01824 2.94598 2.97297 2.86909 2.67531 2.55976 2.49943 2.59150 2.75836 2.84341 2.81900 2.78636 2.78767 2.72637 2.75677 2.79119 2.96608 2.77952 2.77108 2.69639 2.43753 2.43443 2.64467 2.67560 2.43857 2.23333 2.21116 2.27199 2.26559 2.29307
3.74581 3.71952 3.63494 3.54687 3.56676 3.78126 4.14110 4.32578 4.11549 3.58483 3.07518 2.69160 2.74606 3.03648 2.77754 2.55792 2.85873 3.21065 3.13151 2.02744 1.88785 2.40176 3.18686 3.62636 3.84465 4.09991 4.15381 3.82587 3.52549 3.37698 3.27448 3.24680 3.21254 3.13088 3.10560 3.07678 2.93367 2.78793 2.74603 2.77576 2.69901 2.60760 2.59683 2.66889 2.78538 2.84041 2.87784 2.85038 2.75484 2.79422 2.74911 2.70031 2.77973 2.72284 2.65908 2.55935 2.48872 2.58747 2.87245 2.86858 2.43561 2.13520 2.23200 2.44586 2.40202 2.50771
3.66271 3.69770 3.65532 3.66452 3.67168 3.74109 3.99086 4.22046 4.18887 3.74142 3.25218 2.78657 2.77455 2.72617 2.36421 2.38753 2.24359 2.80363 3.34058 2.39889 1.92759 2.32593 2.88998 3.25820 3.40707 3.62624 3.77504 3.54042 3.40989 3.42502 3.41717 3.41687 3.38247 3.25748 3.13169 3.05693 2.90098 2.71903 2.68884 2.70410 2.66415 2.63001 2.59937 2.60070 2.68855 2.81571 2.85980 2.80573 2.75100 2.77291 2.68846 2.58494 2.67785 2.79247 2.67700 2.55889 2.51765 2.61814 2.57974 2.53968 2.23805 2.09783 2.51034 2.75342 2.39264 2.37025
3.65897 3.70448 3.76023 3.79539 3.68004 3.53737 3.58029 3.87048 4.13425 3.90691 3.40585 2.91848 2.81160 2.59638 2.65786 2.82425 2.24455 2.35782 3.30374 2.79211 2.12967 2.37068 2.76888 3.02950 3.14322 3.27451 3.42462 3.44599 3.42861 3.50394 3.55749 3.53155 3.40361 3.26562 3.22589 3.18812 3.08364 2.86818 2.69749 2.65067 2.61993 2.58674 2.56245 2.55628 2.60070 2.72461 2.79136 2.76774 2.81083 2.73682 2.71131 2.58958 2.65404 2.93367 2.73975 2.55149 2.62363 2.82822 2.49651 2.33986 2.14623 2.32795 2.91739 2.79365 2.24148 2.04545
3.84709 3.77546 3.85551 3.77853 3.51970 3.38547 3.33483 3.49761 3.84276 3.87350 3.43885 3.06766 2.89817 2.85824 3.22640 3.24188 2.40778 2.12031 3.06016 2.95581 2.34284 2.55617 2.96227 3.18360 3.20790 3.17831 3.26869 3.46757 3.54647 3.53337 3.54111 3.50810 3.38245 3.31495 3.34987 3.33407 3.28485 3.13143 2.85723 2.70679 2.63723 2.64133 2.72544 2.63040 2.57630 2.68527 2.76873 2.79671 2.94710 2.85767 2.90175 2.72055 2.63730 2.65308 2.67454 2.69061 2.80527 2.88268 2.66768 2.45048 2.26261 2.43114 2.64895 2.40478 2.05368 1.92710
3.92573 3.76130 3.62506 3.47752 3.24858 3.11452 3.09939 3.23436 3.51936 3.81476 3.62479 3.39018 3.18461 3.29863 3.33735 3.10147 2.39275 2.12305 2.85968 3.01964 2.38135 2.60485 3.09211 3.35522 3.37280 3.32359 3.26969 3.41736 3.66343 3.66491 3.54095 3.47091 3.36745 3.34593 3.27027 3.18996 3.17076 3.14829 2.94400 2.78027 2.69685 2.73468 2.87328 2.61755 2.45615 2.59968 2.71815 2.77690 2.86297 2.80177 2.84497 2.73774 2.65464 2.59077 2.63257 2.82884 3.04391 3.02627 3.03934 2.65580 2.42069 2.32719 2.31854 2.13928 1.94108 1.80626
3.66627 3.45748 3.23240 3.01545 2.84816 2.86850 2.92084 2.99163 3.30074 3.53245 3.42926 3.36527 3.34861 3.29340 2.98395 2.54440 2.06087 1.84226 2.60099 2.62931 2.27624 2.59175 3.12024 3.38597 3.31607 3.22323 3.27734 3.45358 3.72595 3.67223 3.45182 3.45229 3.40306 3.38867 3.31684 3.13220 2.97646 2.93406 2.85702 2.79605 2.75481 2.73022 2.76427 2.63612 2.33939 2.36097 2.60350 2.66706 2.69870 2.69150 2.72221 2.76412 2.62910 2.58325 2.68105 3.08789 3.39256 3.39392 3.13426 2.72144 2.56700 2.50806 2.24980 1.97440 1.76678 1.63578
3.44894 3.14792 2.86231 2.72178 2.69684 2.80964 2.79943 2.82785 3.10868 3.36842 3.33485 3.35867 3.36005 3.05577 2.59747 2.15776 1.76466 1.89684 2.74438 2.32905 2.21484 2.64019 3.12757 3.28829 3.18744 3.10169 3.16169 3.29308 3.49127 3.54420 3.40310 3.41372 3.45049 3.48938 3.38097 3.25548 3.00276 2.88067 2.86195 2.85837 2.89161 2.86324 2.81466 2.94061 2.60965 2.26481 2.56227 2.64118 2.72801 2.67992 2.70812 2.77348 2.65436 2.64864 2.87103 3.33894 3.56058 3.46066 3.16517 2.84942 2.67672 2.72352 2.28115 1.83132 1.63522 1.55848
3.24124 2.86648 2.69729 2.64097 2.69491 2.77769 2.69776 2.72355 2.90894 3.23953 3.25065 3.23318 3.09218 2.67035 2.27561 1.93511 1.68419 2.02531 2.35064 2.12288 2.22563 2.67482 2.97293 3.11962 2.97043 2.70171 2.64244 2.73868 3.01644 3.24798 3.21286 3.27888 3.39146 3.47802 3.29235 3.05399 2.92980 2.95388 3.02926 2.99739 3.00304 3.01205 3.02333 3.11018 2.94928 2.51851 2.60344 2.68384 2.81555 2.85424 2.80474 2.90892 2.70795 2.77917 3.08421 3.41794 3.64669 3.60883 3.30498 2.93901 2.58715 2.32528 2.01409 1.74156 1.62571 1.57711
2.97983 2.71738 2.61931 2.64461 2.74721 2.69964 2.61689 2.66977 2.74741 3.01139 2.99076 2.77684 2.56820 2.28150 2.01558 1.90830 1.77127 1.96228 1.42195 1.76797 2.18593 2.38412 2.59058 2.96106 2.85731 2.57334 2.48546 2.51170 2.68293 2.93997 2.92002 2.91417 3.03916 3.22035 2.90807 2.65733 2.77464 2.94349 3.05433 3.11994 3.14278 3.09194 3.08847 3.09501 2.94373 2.54896 2.51071 2.68883 2.89213 2.94305 2.76312 2.80790 2.66786 2.87842 3.10278 3.29784 3.51840 3.71743 3.53556 3.06511 2.52418 2.06223 1.80466 1.68680 1.61477 1.53145
2.91611 2.69361 2.58842 2.66802 2.85403 2.71443 2.57914 2.68474 2.74295 2.79809 2.75348 2.49960 2.25192 2.02083 2.09987 2.32103 2.28806 2.16193 1.24526 1.73330 1.92218 1.89818 2.20734 2.67928 2.79948 2.59140 2.80959 2.64364 2.73129 3.01600 3.02602 3.02643 2.97181 3.11635 2.76367 2.68489 2.83387 2.80641 2.88536 3.10691 3.19314 3.18491 3.18800 3.21479 3.14335 2.83170 2.57232 2.66296 3.00274 2.86425 2.68897 2.67665 2.70140 2.92299 3.01476 3.15630 3.33877 3.57079 3.64675 3.13539 2.49758 2.04297 1.77494 1.61919 1.49723 1.44967
2.94556 2.70753 2.52814 2.59632 2.93749 2.76566 2.54173 2.71235 2.87424 2.72784 2.56643 2.21980 2.10401 2.23398 2.64514 3.05032 2.98957 2.68751 2.42322 1.93288 1.61653 1.62165 1.91643 2.45655 3.05479 2.76138 2.72157 2.95834 3.06740 3.31024 3.31525 3.25662 3.19039 3.26501 2.91486 2.99212 3.14448 2.89398 2.78275 2.95400 3.13964 3.22842 3.24630 3.31203 3.26456 3.08127 2.95504 2.91802 3.09891 2.99711 3.02244 2.80545 2.93791 2.99555 3.18881 3.17908 3.25871 3.43739 3.50785 3.22141 2.63463 2.14982 1.72802 1.50053 1.31412 1.53289
2.76585 2.67628 2.46702 2.52866 2.96277 2.64073 2.48381 2.74692 2.97161 2.67866 2.38912 1.92149 2.14396 2.64988 3.05333 3.41018 3.45938 3.29034 3.03456 2.45446 2.08517 1.89687 1.85916 2.36976 3.17219 3.18683 2.94480 3.22722 3.27349 3.44933 3.44815 3.37602 3.33949 3.29119 2.99223 3.13112 3.36676 3.17198 2.92053 2.93293 3.08844 3.15678 3.11985 3.12665 3.12500 3.17283 3.32473 3.34553 3.21197 3.30948 3.33386 3.18624 3.00367 3.06563 3.15789 3.17781 3.29160 3.35671 3.24608 3.05455 2.71827 2.31403 1.79101 1.48929 1.29334 1.69710
2.60163 2.53666 2.40558 2.58576 2.94819 2.51212 2.47810 2.84695 3.06387 2.57834 2.16738 1.55164 2.08598 2.57724 3.07969 3.49526 3.62048 3.39634 2.99011 2.69184 2.84838 2.12416 1.83116 2.27872 3.06578 3.24642 2.88381 2.94687 3.03863 3.36391 3.41452 3.36623 3.34664 3.27547 3.05266 3.24789 3.48276 3.37283 3.15486 3.05452 3.06558 3.04436 2.99458 3.05395 3.22186 3.35033 3.40993 3.44012 3.42194 3.37280 3.21744 2.88731 2.74900 2.86683 3.19577 3.27605 3.29003 3.13106 3.02599 2.97115 2.84870 2.52929 2.00822 1.62890 1.50870 1.87263
2.61500 2.46165 2.47259 2.80659 2.73700 2.48328 2.48660 2.77725 2.83285 2.33869 1.78572 1.27116 1.93830 2.31157 2.88853 3.42851 3.51208 3.19400 2.80504 2.90634 3.05249 2.28173 1.74078 2.08536 2.61534 2.78560 2.59300 2.83292 2.78537 3.16693 3.33888 3.32837 3.24966 3.23971 3.08463 3.31036 3.44765 3.34348 3.18899 3.09190 3.06130 3.01440 2.96645 3.08429 3.34094 3.36679 3.34210 3.38371 3.41502 3.24648 2.96904 2.67211 2.67171 2.68678 2.90980 3.05059 3.05833 2.98999 3.03231 3.10222 3.10031 2.74503 2.28848 1.90791 1.87194 2.26985
2.65057 2.43565 2.53395 2.67366 2.61080 2.49467 2.43968 2.58705 2.44388 1.87035 1.29748 1.76819 2.11812 2.08309 2.52364 3.16268 3.32823 2.92164 2.79962 3.10853 3.15076 2.63554 1.82745 1.94354 2.32142 2.61739 2.64338 2.82988 2.78689 3.09853 3.29734 3.19512 3.08245 3.13266 3.07857 3.21761 3.21668 3.07099 2.98113 3.05500 3.14518 3.11683 2.98096 3.09404 3.39097 3.33049 3.29308 3.31152 3.31765 3.12788 2.95776 2.80166 2.71482 2.84422 3.00310 2.96881 3.03958 3.12153 3.30870 3.28699 3.34730 2.90482 2.49297 2.20181 2.17460 2.66813
2.49026 2.24660 2.28769 2.40945 2.52939 2.22449 1.97719 2.08250 2.02822 1.66728 1.42679 2.16561 2.23255 1.99149 2.25823 2.74666 2.99899 2.85167 3.09985 3.23292 3.24733 2.94233 2.62267 2.12334 2.22769 2.49981 2.79830 2.92123 2.93797 3.13709 2.95383 2.64278 2.49497 2.56718 2.85154 3.11295 3.04827 3.05564 3.16312 3.29339 3.35087 3.24573 2.96917 2.98945 3.22942 3.18160 3.24441 3.15994 3.14186 2.97332 2.89748 2.82601 2.79117 2.90841 3.23953 3.18472 3.22753 3.33850 3.33445 3.45428 3.57085 3.07769 2.60428 2.34049 2.24689 2.55909
2.28323 1.96693 2.19078 2.21447 2.25877 1.69800 1.32097 1.63555 1.70503 1.39646 1.62518 2.43835 2.20413 1.96661 2.25423 2.64287 2.74990 2.86797 3.19753 3.36464 3.19263 2.96458 2.93083 2.47895 2.39080 2.34600 2.40963 2.64180 2.87472 2.75720 2.33030 2.03177 1.95366 2.01630 2.30577 2.66211 2.96780 3.25876 3.42371 3.48314 3.38444 3.14153 2.88073 2.83965 2.96600 2.94759 2.93975 2.93920 3.00304 2.88199 2.88093 2.84134 2.75511 3.00988 3.28433 3.28531 3.26630 3.33655 3.38850 3.54313 3.59914 3.25603 2.71018 2.38629 2.16279 2.16020
2.18939 1.93509 2.44947 2.46900 2.34672 1.86426 1.54830 1.15953 1.16829 1.25351 2.18234 2.65048 1.97369 1.76033 2.33110 2.83158 2.83911 2.98747 3.08294 3.16916 2.98534 2.99357 2.85391 2.86612 2.89167 2.50132 2.28881 2.38870 2.68356 2.48246 2.03745 1.97775 2.05186 1.90840 1.90900 2.30260 2.74421 3.03544 3.06820 3.18029 3.07403 2.95767 2.84547 2.82036 2.83631 2.70713 2.62631 2.75923 2.92107 2.85068 2.77442 2.78801 2.88672 3.13636 3.30787 3.30903 3.20244 3.09519 3.06206 3.08574 3.04852 2.87600 2.61405 2.35430 2.06230 1.85943
