mrvbf_slope0.7_pctl1.asc
NCOLS 410
NROWS 410
XLLCORNER 2398750.0000000000000000
YLLCORNER 2548750.0000000000000000
CELLSIZE 250.0000000000000000
NODATA_VALUE -99999.00000
[rows 232 to 260 of 410, columns 132 to 197 of 410]
0.50782 0.31196 0.34884 0.48911 0.58361 0.73149 0.65773 0.51076 0.55923 0.68839 0.94603 1.27652 1.43007 1.55472 2.06542 2.60834 2.81278 3.00002 3.33650 3.50994 3.68700 4.02078 4.38923 4.56343 4.54387 4.50693 4.55423 4.68463 4.73913 4.68674 4.56882 4.49717 4.49594 4.55254 4.65358 4.76298 4.77639 4.78104 4.76299 4.87536 4.96549 4.89911 4.71608 4.67594 4.69072 4.66001 4.64056 4.58185 4.51634 4.51853 4.54520 4.63925 4.72306 4.79575 4.63009 4.58283 4.61548 4.63945 4.71800 4.83946 4.83342 4.73647 4.63109 4.51848 4.48172 4.46350
0.55237 0.43917 0.52933 0.67672 0.68843 0.75342 0.81056 0.69259 0.65467 0.71156 0.85438 1.17536 1.43929 1.51211 1.61456 2.38233 2.74351 2.91029 3.23783 3.50688 3.78430 4.07805 4.37050 4.52711 4.50889 4.50402 4.58541 4.70587 4.76711 4.58790 4.47967 4.48654 4.55609 4.63993 4.68525 4.66518 4.73408 4.82552 4.70556 4.70561 4.78649 4.79439 4.65145 4.65869 4.71378 4.64422 4.59213 4.61410 4.59903 4.57146 4.57571 4.62596 4.72687 4.69176 4.54628 4.52720 4.57013 4.56981 4.60870 4.70353 4.73219 4.66984 4.61538 4.52688 4.45215 4.43146
0.40838 0.35368 0.48278 0.56220 0.54840 0.57751 0.69095 0.78120 0.82481 0.84574 0.88164 1.16198 1.55956 1.56515 1.07704 1.67753 2.60851 2.85608 3.14607 3.51630 3.95313 4.17880 4.39359 4.52812 4.51231 4.52199 4.60537 4.61221 4.64124 4.50991 4.47235 4.60832 4.69862 4.65867 4.61419 4.63115 4.74673 4.71682 4.63182 4.60890 4.61065 4.64377 4.60724 4.70785 4.75040 4.68889 4.54996 4.57448 4.72456 4.72040 4.60821 4.59672 4.68796 4.60015 4.49015 4.52950 4.57478 4.54057 4.52121 4.56402 4.60791 4.62178 4.61405 4.59569 4.55390 4.51622
0.22651 0.19373 0.25833 0.34824 0.41888 0.50553 0.57369 0.67538 0.84581 0.94860 0.94794 1.16530 1.63973 1.66888 1.33057 1.13935 2.47713 2.86197 3.26949 3.56666 4.00264 4.30429 4.48820 4.57426 4.53335 4.52596 4.56635 4.53971 4.53349 4.49206 4.53897 4.71189 4.63189 4.58437 4.62646 4.73395 4.82710 4.68752 4.66847 4.68434 4.60706 4.60356 4.64784 4.75762 4.83178 4.89691 4.65412 4.55824 4.61703 4.64610 4.59151 4.62750 4.74357 4.58149 4.47441 4.54171 4.62128 4.59102 4.53196 4.51063 4.54395 4.61199 4.63046 4.60917 4.59198 4.57487
0.18616 0.16794 0.19113 0.31591 0.47143 0.56232 0.61677 0.72417 0.87625 0.95929 1.03008 1.29419 1.68974 1.57807 1.24941 1.47440 2.55229 2.93861 3.42308 3.70266 4.12574 4.40728 4.56780 4.57784 4.50644 4.47686 4.50067 4.53539 4.54869 4.56851 4.65661 4.74188 4.60977 4.63408 4.78900 4.88963 4.81009 4.65013 4.66460 4.79244 4.71700 4.65705 4.70935 4.75794 4.93763 5.09823 4.89817 4.68104 4.63960 4.64277 4.63835 4.70985 4.79345 4.59401 4.48306 4.52594 4.62065 4.66970 4.61390 4.55070 4.52269 4.55785 4.63996 4.65741 4.61914 4.57239
0.30585 0.27056 0.33461 0.43207 0.53414 0.61906 0.70634 0.86098 0.99998 1.06832 1.17867 1.39690 1.67441 1.68212 1.64129 2.38228 2.73954 3.11529 3.49052 3.85941 4.30377 4.51872 4.65154 4.59119 4.46206 4.41460 4.48681 4.61096 4.68867 4.70294 4.72707 4.74840 4.62360 4.58845 4.61814 4.65694 4.62769 4.56532 4.61514 4.78447 4.80655 4.71321 4.66167 4.67882 4.86091 4.98810 4.95204 4.91039 4.79038 4.71375 4.64578 4.60648 4.66372 4.58484 4.50193 4.53941 4.60013 4.66303 4.69955 4.62525 4.54572 4.49761 4.56353 4.69030 4.71545 4.62579
0.41631 0.51606 0.53949 0.52461 0.59243 0.67506 0.81756 1.01838 1.12303 1.21951 1.33760 1.48580 1.71156 2.04010 2.46648 2.72340 2.88598 3.20173 3.54912 3.97851 4.35017 4.55280 4.71219 4.64392 4.46289 4.39532 4.50290 4.61042 4.67165 4.72396 4.67771 4.72175 4.70933 4.61225 4.59143 4.61532 4.60502 4.56365 4.60580 4.67520 4.75479 4.67940 4.63392 4.58239 4.63951 4.72002 4.76354 4.80189 4.78230 4.61097 4.49071 4.45425 4.49938 4.52155 4.52192 4.59255 4.59948 4.60585 4.66604 4.70442 4.61474 4.50373 4.44993 4.58148 4.68859 4.64280
0.41150 0.58944 0.63874 0.62458 0.67642 0.78918 0.98570 1.14189 1.30125 1.43348 1.51151 1.73637 1.92595 2.44567 2.72751 2.83691 2.99577 3.36850 3.71982 4.11117 4.33539 4.51739 4.71243 4.67205 4.48183 4.43013 4.55025 4.63919 4.77348 4.87663 4.75218 4.68625 4.71173 4.72854 4.72803 4.72698 4.67059 4.61259 4.66864 4.65546 4.73127 4.65969 4.67208 4.60525 4.59463 4.66639 4.73643 4.70635 4.65598 4.50575 4.44523 4.48775 4.45613 4.50990 4.59233 4.65375 4.62945 4.57722 4.60100 4.67867 4.68765 4.59957 4.46016 4.46482 4.57740 4.58129
0.44261 0.55159 0.62049 0.70076 0.75550 0.91238 1.10775 1.27668 1.45022 1.58006 1.86406 2.26661 2.45353 2.68437 2.82668 2.89463 3.27125 3.68584 4.03409 4.25166 4.34717 4.47875 4.65323 4.61716 4.46104 4.44939 4.59389 4.70748 4.89767 4.93759 4.73969 4.63339 4.69965 4.79732 4.78268 4.82446 4.74243 4.67660 4.75250 4.70593 4.77744 4.68678 4.69832 4.69939 4.63154 4.65187 4.69107 4.64995 4.61469 4.52431 4.52752 4.63016 4.58280 4.58957 4.64171 4.67690 4.69023 4.60348 4.58564 4.65166 4.68312 4.63454 4.56027 4.50442 4.53392 4.54759
0.51245 0.59173 0.67416 0.72727 0.81187 0.98485 1.25670 1.42653 1.55804 1.90665 2.43176 2.60513 2.70235 2.81520 2.89591 3.03947 3.60336 4.03028 4.25728 4.39938 4.42123 4.45591 4.57041 4.55317 4.43953 4.45664 4.58792 4.67052 4.87647 4.83783 4.63382 4.60118 4.74547 4.80912 4.79077 4.84582 4.74802 4.68743 4.77870 4.74293 4.81406 4.71964 4.71634 4.75898 4.63600 4.63373 4.59795 4.57718 4.60268 4.56707 4.56629 4.67786 4.68840 4.70737 4.66964 4.64255 4.67598 4.61507 4.59034 4.66454 4.71171 4.68446 4.65589 4.59770 4.57031 4.56227
0.61942 0.74134 0.73076 0.69904 0.83235 1.05722 1.34951 1.47487 1.82675 2.44187 2.63619 2.72712 2.80833 2.91248 3.16546 3.22269 3.57918 4.05584 4.36006 4.49799 4.51969 4.48551 4.53036 4.54361 4.46716 4.47208 4.57561 4.65143 4.83403 4.75468 4.60710 4.62800 4.81499 4.86568 4.85607 4.87736 4.75737 4.69575 4.78589 4.74054 4.79885 4.72596 4.74385 4.80799 4.66230 4.64913 4.58032 4.60847 4.61578 4.60294 4.59832 4.63165 4.63743 4.63716 4.66099 4.61902 4.64820 4.58832 4.55771 4.63035 4.67902 4.68776 4.67759 4.64863 4.62917 4.60273
0.89657 1.09689 0.88202 0.84192 0.94807 1.08666 1.27594 1.65171 2.39445 2.67019 2.76208 2.80598 2.86581 3.07519 3.36488 3.36423 3.63100 4.10587 4.40321 4.51107 4.55227 4.54465 4.55018 4.57569 4.53677 4.50851 4.56029 4.67080 4.79608 4.75635 4.62739 4.63752 4.78294 4.89989 4.96963 4.98560 4.86418 4.72775 4.70458 4.75815 4.77104 4.76929 4.79788 4.83601 4.77893 4.73625 4.67583 4.66488 4.71020 4.67760 4.62549 4.60444 4.64228 4.63252 4.61643 4.64367 4.68260 4.56735 4.52772 4.61431 4.65649 4.68557 4.70472 4.66741 4.65706 4.61517
1.19736 1.22909 1.16054 1.29045 1.18493 1.21041 1.38837 2.17036 2.63575 2.78281 2.83985 2.85537 2.91442 3.25360 3.18564 3.27558 3.57927 4.00328 4.33741 4.48304 4.54227 4.56092 4.54557 4.56316 4.57526 4.52759 4.53502 4.57242 4.62056 4.64830 4.63919 4.71278 4.83482 4.93577 5.03342 5.04208 4.99490 4.83643 4.73819 4.71121 4.71421 4.81460 4.82947 4.82797 4.91109 4.89193 4.81292 4.77345 4.84819 4.77736 4.67497 4.67902 4.77921 4.76384 4.67776 4.70411 4.66293 4.54522 4.52631 4.61846 4.68081 4.71096 4.69604 4.66377 4.66498 4.59833
1.24427 1.36420 1.46905 1.56629 1.49076 1.61347 2.07118 2.55958 2.76676 2.84301 2.88610 2.89682 3.05493 3.28682 3.15975 3.35396 3.59024 3.82611 4.11802 4.36254 4.47525 4.48644 4.46060 4.46952 4.51137 4.46336 4.45465 4.51492 4.55955 4.62027 4.71344 4.88737 4.98162 5.01290 5.04668 5.06123 5.09387 5.01293 4.82727 4.67182 4.68565 4.76115 4.81406 4.83526 4.93743 4.95087 4.97768 5.00048 5.02813 4.95557 4.84190 4.87180 4.91621 4.80502 4.69383 4.66422 4.61410 4.53943 4.55009 4.61758 4.64018 4.67104 4.67171 4.65495 4.65324 4.55390
0.96172 1.36587 1.64632 1.75939 2.01005 2.36722 2.56502 2.73458 2.85274 2.89949 2.94794 3.02857 3.31766 3.39145 3.21233 3.42142 3.61681 3.71467 3.85466 4.11170 4.32455 4.35114 4.29992 4.28080 4.34772 4.38198 4.37354 4.48051 4.56534 4.65865 4.80971 4.99347 5.08810 5.11048 5.07995 5.11712 5.13255 5.03923 4.80768 4.66231 4.70507 4.74457 4.82116 4.82277 4.84227 4.86496 4.92283 4.99283 4.97922 4.95718 4.95443 4.98458 4.90337 4.73652 4.66879 4.65756 4.62702 4.56561 4.56136 4.57939 4.59044 4.61595 4.64438 4.63512 4.61780 4.49533
0.67029 1.41975 1.79691 2.28178 2.54635 2.66409 2.72974 2.78864 2.84697 2.91781 3.06344 3.28039 3.50025 3.41149 3.12397 3.31715 3.54500 3.62135 3.68432 3.84351 4.11995 4.15732 4.03953 3.97725 3.99295 4.09449 4.16576 4.37147 4.50582 4.61086 4.79500 4.97053 5.06247 5.10234 5.10053 5.11155 5.10151 5.00892 4.80118 4.69002 4.72910 4.79186 4.84626 4.80967 4.77332 4.78520 4.81437 4.79756 4.74638 4.73264 4.76736 4.81977 4.83940 4.74135 4.65120 4.64689 4.65480 4.60158 4.56719 4.57079 4.58927 4.58672 4.60535 4.62566 4.59010 4.46787
1.00134 1.57729 2.16985 2.57264 2.71363 2.79163 2.79254 2.79997 2.81887 2.83527 2.87861 3.13299 3.45213 3.21537 2.83104 3.21464 3.52355 3.60310 3.63921 3.72333 3.92352 3.93970 3.84812 3.84595 3.82248 3.80814 3.91468 4.19956 4.38052 4.51325 4.68088 4.87284 4.98176 5.01223 4.98884 4.95989 4.96848 4.94235 4.78013 4.70364 4.74948 4.79061 4.79097 4.82086 4.76205 4.73307 4.71612 4.65317 4.61352 4.59453 4.60304 4.64606 4.70568 4.71193 4.64981 4.63432 4.65397 4.63024 4.58876 4.58122 4.54262 4.51618 4.53626 4.57929 4.56201 4.45804
1.55203 1.95890 2.52867 2.77666 2.91087 2.94227 2.85757 2.84004 2.85350 2.86018 2.86492 3.02618 3.44683 3.01821 2.84553 3.46436 3.71217 3.76383 3.74696 3.78042 3.92926 3.92970 3.94244 4.06806 4.07602 4.02199 4.10159 4.20625 4.28939 4.42478 4.57562 4.73307 4.83794 4.83632 4.77387 4.74610 4.77081 4.81096 4.74532 4.69539 4.72739 4.76442 4.73060 4.78097 4.80819 4.70446 4.62068 4.57759 4.56272 4.54282 4.52401 4.54472 4.58798 4.61520 4.60369 4.60417 4.62355 4.62916 4.57772 4.50662 4.41973 4.36400 4.33099 4.39494 4.44821 4.38882
2.03009 2.46528 2.82303 3.26730 3.38763 3.09447 3.06982 3.12988 3.17261 3.10689 2.91091 3.16760 3.53879 3.20345 3.20696 3.63177 4.17535 4.14070 4.00178 4.04615 4.23081 4.23747 4.31361 4.42374 4.46958 4.45403 4.45086 4.35520 4.33072 4.42540 4.53082 4.61842 4.66766 4.65894 4.64239 4.64943 4.67012 4.72007 4.75038 4.71899 4.72062 4.73144 4.70304 4.75641 4.79726 4.66491 4.56859 4.54111 4.56205 4.56974 4.54375 4.52300 4.53503 4.55116 4.54695 4.54073 4.54282 4.54781 4.51345 4.40274 4.29397 4.28403 4.27686 4.22591 4.30216 4.29602
2.52933 2.96380 3.68229 3.62606 3.36795 3.25253 3.54328 3.62775 3.36049 3.10579 3.05527 3.52540 3.52602 3.35288 3.43785 3.77364 4.34397 4.24998 4.11046 4.26512 4.45855 4.45391 4.46561 4.50423 4.52941 4.51760 4.51581 4.41966 4.40315 4.49183 4.55433 4.57350 4.58121 4.58662 4.61157 4.63916 4.64976 4.68760 4.78305 4.79320 4.74623 4.71135 4.73214 4.79886 4.76965 4.63746 4.53615 4.50917 4.56187 4.61342 4.60020 4.56560 4.55527 4.54081 4.50929 4.47579 4.45457 4.45848 4.45242 4.36290 4.29426 4.37002 4.45694 4.38821 4.34213 4.27443
2.99700 3.78026 3.61894 3.27675 3.33590 3.67049 3.91392 3.81269 3.56535 3.29697 3.26144 3.72910 3.50146 3.40132 3.55806 3.99860 4.38557 4.25205 4.18003 4.37536 4.47349 4.43766 4.47197 4.56982 4.61859 4.58044 4.56118 4.44519 4.45781 4.56375 4.60057 4.57437 4.56355 4.58516 4.63271 4.67029 4.66266 4.66452 4.74928 4.84306 4.81095 4.77454 4.79932 4.78761 4.68520 4.57841 4.48736 4.49023 4.56708 4.63924 4.63474 4.61325 4.60438 4.56671 4.50670 4.45254 4.42006 4.42555 4.46180 4.41119 4.37442 4.45374 4.50110 4.49562 4.41717 4.27947
3.11729 3.35433 3.15100 3.20858 3.67125 4.05432 3.88520 3.68643 3.74277 3.65843 3.43537 3.68734 3.45935 3.47616 3.72395 4.22804 4.39289 4.25102 4.17896 4.33574 4.34273 4.30513 4.36851 4.47833 4.58169 4.56342 4.53758 4.42865 4.48705 4.61649 4.62738 4.59326 4.58910 4.61138 4.65552 4.69917 4.66694 4.65158 4.72040 4.84517 4.85566 4.80424 4.75472 4.67268 4.57777 4.48073 4.43173 4.49727 4.58481 4.64780 4.63703 4.63667 4.64571 4.58568 4.50921 4.46995 4.47314 4.44347 4.48683 4.43790 4.38785 4.44861 4.48781 4.48570 4.42865 4.28205
3.32051 3.28172 3.44403 3.81068 3.94022 3.83010 3.54436 3.49234 3.57327 3.53528 3.56593 3.86706 3.51498 3.58383 3.95769 4.36677 4.44778 4.34255 4.21150 4.24698 4.26492 4.35503 4.41468 4.41305 4.52623 4.53791 4.48244 4.41305 4.52340 4.65758 4.63464 4.61026 4.62357 4.63235 4.64996 4.67507 4.65578 4.64576 4.69245 4.76735 4.75310 4.69040 4.63206 4.56416 4.48179 4.42045 4.44722 4.52919 4.59286 4.61895 4.61484 4.63933 4.65646 4.58093 4.49670 4.48270 4.51292 4.43718 4.43771 4.40708 4.38009 4.44476 4.51843 4.51301 4.46255 4.28014
4.17593 4.16610 4.29390 4.31343 3.99286 3.61159 3.47565 3.59515 3.75012 3.79067 4.10920 3.98004 3.57674 3.60298 3.97364 4.41985 4.52081 4.47157 4.39681 4.37818 4.43249 4.50801 4.47093 4.39370 4.46168 4.50709 4.46004 4.46390 4.59423 4.68101 4.62254 4.61601 4.66671 4.65688 4.65122 4.66217 4.65236 4.64201 4.65656 4.67597 4.64892 4.59734 4.54420 4.48964 4.44962 4.44389 4.49255 4.55477 4.58088 4.57415 4.58947 4.64159 4.64848 4.56234 4.47083 4.46031 4.49343 4.42426 4.36738 4.40772 4.45360 4.49533 4.51218 4.52020 4.48230 4.28057
4.48317 4.48619 4.48245 4.45444 4.20063 3.65836 3.46761 3.69499 3.96003 3.94261 4.22423 4.15492 3.64735 3.61174 3.96473 4.45857 4.56341 4.54595 4.52393 4.54082 4.58505 4.57812 4.46466 4.35104 4.44552 4.51885 4.46120 4.49576 4.63810 4.68553 4.61165 4.61593 4.67764 4.66445 4.65818 4.67137 4.67093 4.65583 4.64601 4.63572 4.59961 4.54356 4.49340 4.46962 4.46525 4.47469 4.51215 4.55767 4.55838 4.52796 4.54737 4.60958 4.60891 4.51955 4.43539 4.44199 4.48141 4.48344 4.44898 4.48095 4.53149 4.54726 4.53148 4.53698 4.50912 4.37957
4.69261 4.68003 4.60157 4.52936 4.45657 4.04611 3.54905 3.59582 3.96017 3.99263 4.16847 4.33012 3.71841 3.62412 4.00911 4.49882 4.54436 4.53511 4.53728 4.56694 4.59694 4.57292 4.47576 4.35092 4.42872 4.43239 4.31017 4.33312 4.56041 4.63208 4.60359 4.60799 4.62966 4.65044 4.66998 4.68825 4.69820 4.67823 4.65231 4.63276 4.58623 4.52438 4.49010 4.49087 4.49221 4.49532 4.52099 4.55463 4.54313 4.48868 4.46721 4.51512 4.51863 4.45556 4.43951 4.48229 4.50845 4.51464 4.51755 4.54316 4.55678 4.53059 4.48274 4.43961 4.37599 4.23640
4.92586 4.96856 4.86270 4.64255 4.50979 4.37735 4.00306 3.75591 4.05238 4.04391 4.20723 4.29586 3.80247 3.69289 4.07395 4.49264 4.51843 4.52937 4.56968 4.62074 4.64563 4.61507 4.53368 4.38272 4.31417 4.23629 4.29423 4.10352 4.41072 4.60457 4.63456 4.61996 4.63537 4.66029 4.68397 4.68840 4.68301 4.66646 4.65329 4.63749 4.58616 4.51510 4.50413 4.52400 4.52142 4.51926 4.53764 4.56042 4.54665 4.48464 4.41442 4.40568 4.42339 4.44344 4.50028 4.54861 4.55358 4.53294 4.52803 4.54029 4.52791 4.47633 4.38430 4.23399 4.04253 3.83881
5.07807 5.02870 4.97695 4.78227 4.57352 4.48103 4.27845 3.87723 3.94735 4.12612 4.31910 4.21938 3.98432 3.87379 4.16495 4.50175 4.54417 4.54084 4.60480 4.70997 4.75121 4.67456 4.57371 4.43554 4.24804 4.20317 4.38737 4.16748 4.26650 4.52054 4.62982 4.67098 4.66184 4.62820 4.60617 4.59921 4.60530 4.61830 4.62568 4.61820 4.58911 4.51245 4.47608 4.50772 4.52928 4.53747 4.54716 4.55870 4.55515 4.51444 4.44548 4.39265 4.41149 4.49039 4.56031 4.57585 4.56344 4.53412 4.51307 4.51114 4.49530 4.42809 4.28632 4.04420 3.84773 3.80669
5.00786 4.89834 4.77570 4.69322 4.59365 4.52604 4.33245 3.96326 3.97902 4.24458 4.11728 4.05961 4.16897 4.07041 4.21587 4.49371 4.56100 4.51217 4.53101 4.64104 4.69347 4.59316 4.52384 4.47947 4.40147 4.36755 4.36312 4.22504 4.27878 4.42561 4.51143 4.58426 4.58121 4.53624 4.51064 4.51036 4.53463 4.56281 4.57744 4.56999 4.54112 4.48604 4.45773 4.48379 4.51644 4.53279 4.53716 4.54438 4.55571 4.54804 4.50910 4.45983 4.44564 4.49205 4.55130 4.53999 4.50791 4.48673 4.47786 4.48686 4.48244 4.39107 4.11027 3.86587 3.91783 4.03543
