mrvbf_slope0.9_pctl1.4.asc
NCOLS 410
NROWS 410
XLLCORNER 2398750.0000000000000000
YLLCORNER 2548750.0000000000000000
CELLSIZE 250.0000000000000000
NODATA_VALUE -99999.00000
[rows 29 to 57 of 410, columns 0 to 65 of 410]
-99999.00000 -99999.00000 -99999.00000 -99999.00000 -99999.00000 7.71653 7.71934 7.72912 7.73809 7.73666 7.72786 7.73683 7.73462 7.75512 7.77088 7.75974 7.73358 7.71732 7.71588 7.69830 7.67966 7.67164 7.69525 7.73022 7.72519 7.71679 7.72871 7.75028 7.75190 7.74181 7.73430 7.72334 7.72243 7.75051 7.76294 7.72997 7.70870 7.70925 7.72091 7.75870 7.77721 7.77413 7.75316 7.72057 7.70890 7.68922 7.67152 7.70937 7.69309 7.64107 7.61998 7.63574 7.67713 7.72217 7.73423 7.74194 7.72880 7.69945 7.68465 7.69864 7.70436 7.69401 7.71890 7.75324 7.77038 7.77628
-99999.00000 -99999.00000 -99999.00000 -99999.00000 -99999.00000 7.71370 7.71727 7.72794 7.73763 7.74162 7.74061 7.72966 7.73167 7.73600 7.75518 7.76070 7.74690 7.73076 7.71956 7.69453 7.68209 7.67845 7.68671 7.70070 7.70796 7.71285 7.72347 7.74059 7.75243 7.75647 7.75634 7.74753 7.72170 7.72818 7.75757 7.75448 7.73276 7.73154 7.75397 7.77580 7.77952 7.77358 7.76143 7.73802 7.72698 7.71769 7.67198 7.68010 7.72226 7.68682 7.65936 7.65123 7.66020 7.68496 7.69817 7.71214 7.71317 7.69582 7.67865 7.69116 7.72678 7.71995 7.71302 7.73805 7.76248 7.76854
-99999.00000 -99999.00000 -99999.00000 -99999.00000 -99999.00000 7.71629 7.72146 7.73577 7.74894 7.75647 7.75215 7.73276 7.73264 7.73908 7.75049 7.75757 7.74144 7.73774 7.72675 7.73486 7.74128 7.73780 7.72226 7.70086 7.69904 7.70593 7.71767 7.73144 7.74084 7.75088 7.75582 7.75718 7.73590 7.72509 7.74598 7.76519 7.76249 7.76301 7.76942 7.77025 7.76342 7.74990 7.73317 7.72037 7.72610 7.72753 7.68631 7.67755 7.71275 7.72665 7.70458 7.67727 7.63754 7.63063 7.65737 7.65848 7.68156 7.69261 7.68406 7.68449 7.71533 7.72850 7.71553 7.72860 7.74634 7.74394
-99999.00000 -99999.00000 -99999.00000 -99999.00000 -99999.00000 7.71960 7.73069 7.75117 7.75740 7.74948 7.75640 7.75347 7.74375 7.75540 7.75227 7.75198 7.75371 7.74705 7.75106 7.75834 7.76872 7.76527 7.74518 7.71751 7.70242 7.69808 7.70683 7.72070 7.73066 7.74034 7.74247 7.75477 7.74131 7.72958 7.74025 7.76218 7.76896 7.76150 7.75032 7.73830 7.72493 7.70714 7.69510 7.70020 7.71403 7.70829 7.68290 7.68542 7.71267 7.73168 7.72782 7.70884 7.64731 7.58765 7.59178 7.61572 7.67780 7.69913 7.68232 7.66756 7.69045 7.72156 7.71213 7.72729 7.73036 7.71862
-99999.00000 -99999.00000 -99999.00000 -99999.00000 -99999.00000 7.72121 7.73897 7.75973 7.74752 7.73464 7.74120 7.74632 7.74122 7.73444 7.73319 7.73149 7.73273 7.72322 7.73416 7.74746 7.76011 7.76604 7.76046 7.73937 7.71693 7.69894 7.69280 7.70200 7.71239 7.71639 7.71790 7.73311 7.74096 7.73887 7.74094 7.75415 7.75565 7.74592 7.73579 7.72179 7.70578 7.69157 7.68801 7.69247 7.69004 7.67609 7.66910 7.68982 7.71746 7.71637 7.71451 7.71310 7.69897 7.65191 7.62686 7.67771 7.71332 7.71671 7.68944 7.65764 7.66011 7.69035 7.70185 7.72723 7.72026 7.71872
-99999.00000 -99999.00000 -99999.00000 -99999.00000 -99999.00000 7.72826 7.73689 7.74524 7.72518 7.73423 7.71573 7.72903 7.72235 7.70628 7.70565 7.71247 7.71490 7.70722 7.71125 7.72482 7.73866 7.74867 7.76316 7.75717 7.73579 7.72052 7.70191 7.70004 7.70664 7.70586 7.70138 7.71451 7.73965 7.75304 7.75089 7.75097 7.74920 7.74469 7.74056 7.73250 7.71848 7.70650 7.70364 7.69702 7.67119 7.63962 7.64272 7.68008 7.70583 7.70578 7.71260 7.71143 7.70309 7.70417 7.70582 7.71711 7.72759 7.72025 7.71085 7.68317 7.65804 7.66031 7.68506 7.70971 7.70285 7.69886
-99999.00000 -99999.00000 -99999.00000 -99999.00000 -99999.00000 7.71865 7.72686 7.73724 7.72117 7.70207 7.71138 7.72357 7.72052 7.72437 7.72096 7.72510 7.72337 7.71714 7.71648 7.71943 7.72831 7.72575 7.75044 7.76527 7.75435 7.74246 7.73201 7.72336 7.72419 7.72203 7.71415 7.71560 7.73341 7.75496 7.75927 7.75761 7.75371 7.75234 7.74911 7.73952 7.72212 7.70626 7.70484 7.70529 7.67471 7.62029 7.60777 7.65236 7.68814 7.69405 7.69993 7.69730 7.68652 7.68638 7.69629 7.70374 7.69384 7.67085 7.68816 7.72174 7.70316 7.68504 7.69008 7.69604 7.68901 7.68478
-99999.00000 -99999.00000 -99999.00000 -99999.00000 -99999.00000 7.69900 7.70889 7.73215 7.74190 7.72101 7.73845 7.74045 7.73450 7.73366 7.73720 7.74607 7.74095 7.73857 7.73861 7.72934 7.73316 7.72260 7.73518 7.76360 7.76123 7.75339 7.74735 7.73952 7.73789 7.73654 7.72891 7.72724 7.73057 7.73789 7.74619 7.75624 7.75636 7.75596 7.75567 7.74690 7.72514 7.69754 7.68972 7.70469 7.70228 7.64955 7.60632 7.64030 7.68293 7.68207 7.67467 7.66699 7.66338 7.66947 7.68308 7.68664 7.66403 7.65600 7.65453 7.69074 7.72747 7.73083 7.72996 7.72702 7.71670 7.71212
-99999.00000 -99999.00000 -99999.00000 -99999.00000 -99999.00000 7.69773 7.69431 7.71237 7.74556 7.74881 7.75587 7.75030 7.74046 7.73289 7.73606 7.74251 7.73522 7.73742 7.74692 7.73263 7.72548 7.72273 7.73692 7.76419 7.77057 7.75666 7.73524 7.72035 7.71682 7.73197 7.72691 7.73738 7.74262 7.73921 7.73758 7.73880 7.74415 7.74722 7.75116 7.75213 7.73677 7.70102 7.67877 7.69490 7.71878 7.68735 7.63692 7.65905 7.69360 7.67698 7.65897 7.64755 7.64965 7.66649 7.68872 7.69556 7.68010 7.69025 7.67130 7.67351 7.70139 7.72497 7.73602 7.73993 7.74017 7.72442
-99999.00000 -99999.00000 -99999.00000 -99999.00000 -99999.00000 7.71921 7.70206 7.70288 7.73551 7.75635 7.76049 7.75811 7.75178 7.74664 7.74704 7.74585 7.73041 7.72859 7.74460 7.73060 7.71528 7.71891 7.73656 7.75956 7.76693 7.75264 7.71580 7.69856 7.70225 7.72337 7.71583 7.73529 7.74861 7.75117 7.73697 7.72510 7.72920 7.73680 7.74217 7.74778 7.74583 7.71415 7.68033 7.68491 7.71353 7.70375 7.66386 7.68325 7.70442 7.67962 7.66431 7.65840 7.65803 7.67235 7.70070 7.72146 7.70806 7.69571 7.69647 7.69166 7.69170 7.69729 7.70961 7.71802 7.72515 7.72120
-99999.00000 -99999.00000 -99999.00000 -99999.00000 -99999.00000 7.72384 7.70721 7.70634 7.73333 7.75205 7.75841 7.76365 7.76161 7.75692 7.75105 7.74113 7.71958 7.71647 7.73462 7.72372 7.70453 7.70709 7.72838 7.75412 7.76697 7.75896 7.71950 7.68654 7.69816 7.72306 7.72081 7.73082 7.74267 7.74738 7.72880 7.71494 7.72097 7.73522 7.73660 7.74094 7.74760 7.73093 7.69272 7.68008 7.70528 7.70919 7.68229 7.70296 7.71742 7.68716 7.67740 7.68580 7.67079 7.67229 7.70427 7.73204 7.72846 7.71620 7.71666 7.70234 7.69141 7.69093 7.69809 7.70363 7.70699 7.71862
-99999.00000 -99999.00000 -99999.00000 -99999.00000 -99999.00000 7.71261 7.70726 7.71893 7.73862 7.73621 7.73935 7.75280 7.75385 7.74121 7.71997 7.70070 7.68996 7.70550 7.72757 7.71527 7.69575 7.69507 7.71668 7.74581 7.76356 7.76627 7.74528 7.70997 7.70353 7.71468 7.71083 7.72399 7.73780 7.73856 7.72245 7.70882 7.71387 7.73219 7.73094 7.73795 7.75065 7.74374 7.70741 7.68208 7.69965 7.69651 7.67784 7.70631 7.71730 7.68440 7.66494 7.68121 7.68176 7.68320 7.71296 7.73262 7.72097 7.70086 7.69091 7.68497 7.68747 7.69611 7.70390 7.70496 7.69889 7.71032
-99999.00000 -99999.00000 -99999.00000 -99999.00000 -99999.00000 7.70984 7.71449 7.72514 7.73261 7.72254 7.71712 7.72821 7.72825 7.69659 7.66788 7.66101 7.67630 7.70471 7.72151 7.70800 7.69149 7.68916 7.70143 7.72394 7.74529 7.76006 7.74665 7.72034 7.71902 7.72328 7.72364 7.72619 7.73627 7.73395 7.72043 7.70640 7.70441 7.71644 7.72824 7.74270 7.75512 7.74774 7.71388 7.68820 7.69429 7.67197 7.67256 7.71373 7.72308 7.69722 7.67139 7.67981 7.71646 7.71067 7.71809 7.72152 7.70033 7.67927 7.67142 7.67249 7.68462 7.70312 7.71358 7.70619 7.69022 7.70018
-99999.00000 -99999.00000 -99999.00000 -99999.00000 -99999.00000 7.70843 7.70920 7.71729 7.72012 7.72224 7.71320 7.70601 7.68185 7.64047 7.63540 7.65717 7.68426 7.70667 7.71320 7.70395 7.69074 7.68615 7.69449 7.70685 7.72662 7.74295 7.72705 7.70765 7.70913 7.70361 7.70493 7.71586 7.73422 7.73782 7.72474 7.71037 7.70359 7.71189 7.73089 7.74848 7.75651 7.74932 7.72640 7.70615 7.69171 7.67590 7.70552 7.74084 7.74073 7.71404 7.67828 7.67083 7.70391 7.71156 7.72123 7.72101 7.69716 7.68188 7.68441 7.67921 7.68051 7.70574 7.72244 7.70827 7.68052 7.67349
-99999.00000 -99999.00000 -99999.00000 -99999.00000 -99999.00000 7.71219 7.70102 7.69682 7.71249 7.73023 7.72885 7.69826 7.64739 7.62398 7.65241 7.68405 7.69978 7.70158 7.70312 7.70687 7.69788 7.68471 7.67840 7.67850 7.70829 7.73677 7.71645 7.68769 7.69240 7.70077 7.71226 7.69946 7.70980 7.73203 7.72859 7.71811 7.71076 7.71392 7.72964 7.74688 7.75342 7.75025 7.74184 7.73150 7.71237 7.71357 7.74149 7.75494 7.74038 7.69920 7.65377 7.65723 7.68753 7.69668 7.72075 7.72665 7.70255 7.69690 7.71025 7.68874 7.67968 7.71371 7.72147 7.70579 7.68091 7.64979
-99999.00000 -99999.00000 -99999.00000 -99999.00000 -99999.00000 7.71559 7.69858 7.68416 7.69642 7.72359 7.72987 7.69352 7.64718 7.65219 7.69666 7.70905 7.69960 7.68838 7.70234 7.71963 7.71253 7.68321 7.64823 7.65979 7.71806 7.74300 7.72830 7.68243 7.67381 7.69167 7.70625 7.71372 7.69704 7.70392 7.73024 7.72693 7.71837 7.71627 7.72448 7.73757 7.74395 7.74484 7.74728 7.74836 7.73453 7.73253 7.74231 7.75144 7.74254 7.70580 7.65742 7.63238 7.64453 7.67766 7.71073 7.71668 7.70102 7.70193 7.71061 7.69445 7.69912 7.72775 7.71771 7.70217 7.69345 7.65426
-99999.00000 -99999.00000 -99999.00000 -99999.00000 -99999.00000 7.72066 7.71040 7.69076 7.68041 7.70268 7.71856 7.69912 7.66282 7.65539 7.68463 7.69445 7.68746 7.69715 7.72353 7.73275 7.72283 7.68824 7.63724 7.64243 7.70314 7.73071 7.71830 7.67902 7.66995 7.69001 7.70076 7.71596 7.70882 7.69639 7.71039 7.73413 7.72715 7.71668 7.71722 7.72604 7.73329 7.73697 7.74208 7.74356 7.72565 7.70285 7.70001 7.72057 7.73875 7.73114 7.69778 7.66404 7.66518 7.68828 7.70170 7.70073 7.69523 7.69559 7.69750 7.70361 7.70473 7.72044 7.71563 7.71077 7.70547 7.66994
-99999.00000 -99999.00000 -99999.00000 -99999.00000 -99999.00000 7.73216 7.72762 7.71010 7.69084 7.69165 7.69616 7.70711 7.68697 7.66819 7.67557 7.69056 7.70310 7.72274 7.73760 7.73724 7.72605 7.69862 7.64898 7.61641 7.64761 7.69167 7.67190 7.64578 7.65613 7.68095 7.69410 7.70954 7.71109 7.69389 7.69161 7.71362 7.72344 7.71270 7.70936 7.71862 7.72813 7.73301 7.73964 7.74251 7.72145 7.69270 7.68491 7.68986 7.71398 7.73140 7.72025 7.69997 7.70921 7.71829 7.70816 7.69479 7.69265 7.68639 7.67508 7.68750 7.71165 7.72259 7.73111 7.72778 7.69944 7.66430
-99999.00000 -99999.00000 -99999.00000 -99999.00000 -99999.00000 7.73834 7.72942 7.72060 7.71489 7.70256 7.68722 7.68414 7.69781 7.70419 7.69916 7.70943 7.72666 7.73357 7.73376 7.73011 7.71711 7.69915 7.66802 7.62708 7.61126 7.63565 7.62909 7.62897 7.65206 7.66938 7.68890 7.70691 7.71284 7.70109 7.68075 7.67740 7.71538 7.70705 7.70465 7.71682 7.72549 7.73010 7.73622 7.73430 7.71153 7.68988 7.69897 7.68093 7.69121 7.71159 7.68300 7.66451 7.67160 7.70483 7.72493 7.70373 7.69511 7.68382 7.68128 7.66430 7.68765 7.72295 7.73643 7.72788 7.70196 7.68298
-99999.00000 -99999.00000 -99999.00000 -99999.00000 -99999.00000 7.73656 7.73420 7.73288 7.73075 7.71696 7.70339 7.67383 7.68029 7.70801 7.71830 7.72160 7.72665 7.71979 7.71157 7.70884 7.70367 7.69878 7.68387 7.65252 7.62981 7.62137 7.63610 7.63900 7.64942 7.66872 7.69365 7.71406 7.71991 7.71596 7.69407 7.66513 7.69067 7.70057 7.70105 7.70708 7.71118 7.71890 7.71949 7.70504 7.69051 7.66716 7.66118 7.65849 7.67639 7.66347 7.63772 7.64645 7.64358 7.66310 7.70569 7.72412 7.71592 7.71837 7.72019 7.69532 7.68230 7.70814 7.72494 7.72574 7.71860 7.70753
-99999.00000 -99999.00000 -99999.00000 -99999.00000 -99999.00000 7.74017 7.74353 7.74234 7.73387 7.72045 7.68146 7.62314 7.67287 7.68791 7.71307 7.71340 7.70890 7.70472 7.69884 7.69660 7.70200 7.70498 7.69510 7.67155 7.65061 7.63955 7.64957 7.64853 7.66146 7.67758 7.69370 7.71111 7.71680 7.71174 7.69835 7.66752 7.67620 7.69844 7.69180 7.68938 7.68429 7.69351 7.69225 7.67936 7.69484 7.69487 7.66055 7.66480 7.66391 7.63101 7.63877 7.67630 7.66303 7.64813 7.67904 7.70940 7.70310 7.70227 7.71719 7.71707 7.70688 7.70817 7.71935 7.72748 7.73403 7.73228
-99999.00000 -99999.00000 -99999.00000 -99999.00000 -99999.00000 7.73139 7.73632 7.73666 7.72565 7.70613 7.63493 7.61523 7.63279 7.68493 7.70461 7.70181 7.69695 7.70111 7.70790 7.70376 7.70959 7.71317 7.70334 7.68753 7.66836 7.66027 7.67810 7.67074 7.68384 7.68312 7.68196 7.69986 7.71672 7.71507 7.70320 7.67969 7.67803 7.69127 7.69886 7.69112 7.67298 7.66480 7.66493 7.67614 7.69672 7.69385 7.67060 7.65956 7.63276 7.63122 7.67112 7.70379 7.68385 7.65763 7.65496 7.67687 7.67426 7.70107 7.70604 7.72645 7.72621 7.71326 7.71922 7.72910 7.73739 7.74062
-99999.00000 -99999.00000 -99999.00000 -99999.00000 -99999.00000 7.71357 7.71762 7.71611 7.70790 7.69704 7.63356 7.60927 7.62985 7.67693 7.68944 7.69094 7.69454 7.70394 7.71124 7.70747 7.70874 7.71304 7.70268 7.69521 7.68133 7.66843 7.67925 7.66783 7.68254 7.67822 7.66412 7.68402 7.71299 7.71667 7.70963 7.69608 7.67991 7.67122 7.67187 7.67932 7.69611 7.68837 7.68831 7.70062 7.68995 7.67954 7.65271 7.62803 7.63585 7.66703 7.69569 7.70930 7.70167 7.68655 7.67128 7.66216 7.66002 7.67487 7.67207 7.70284 7.72213 7.72695 7.72288 7.73009 7.73393 7.73417
-99999.00000 -99999.00000 -99999.00000 -99999.00000 -99999.00000 7.71047 7.71598 7.70976 7.70003 7.69614 7.68324 7.63777 7.66971 7.68725 7.68543 7.68345 7.69224 7.70502 7.70963 7.70793 7.70148 7.70648 7.69662 7.69245 7.69052 7.66745 7.66031 7.65780 7.65484 7.66915 7.64638 7.65879 7.69107 7.69417 7.69310 7.68854 7.68094 7.68340 7.67957 7.67316 7.67430 7.69480 7.71243 7.71111 7.68499 7.65960 7.64176 7.64835 7.67691 7.70113 7.70388 7.70987 7.71613 7.71049 7.70303 7.68872 7.66521 7.66111 7.65141 7.67754 7.70432 7.71754 7.73367 7.73433 7.73160 7.72763
-99999.00000 -99999.00000 -99999.00000 -99999.00000 -99999.00000 7.71507 7.72440 7.71982 7.70385 7.68301 7.69398 7.68101 7.70248 7.70909 7.69499 7.68517 7.68960 7.70093 7.71095 7.70820 7.68966 7.68525 7.68497 7.69407 7.69789 7.68535 7.66418 7.67018 7.64920 7.67612 7.65009 7.63042 7.64997 7.66142 7.67559 7.68231 7.68526 7.69213 7.68407 7.66878 7.66151 7.67673 7.69942 7.70056 7.67957 7.65771 7.65071 7.66901 7.69453 7.70533 7.71276 7.71738 7.72285 7.71611 7.71331 7.70775 7.68544 7.68374 7.67185 7.68190 7.70605 7.72143 7.73407 7.73378 7.72942 7.72334
-99999.00000 -99999.00000 -99999.00000 -99999.00000 -99999.00000 7.71855 7.72655 7.72359 7.70581 7.68006 7.69841 7.69401 7.70331 7.70440 7.69434 7.69090 7.69415 7.70008 7.71028 7.70492 7.68146 7.67344 7.67997 7.69300 7.69718 7.67741 7.66307 7.64841 7.64997 7.68138 7.67761 7.61758 7.61888 7.64403 7.66940 7.68451 7.68961 7.69011 7.68362 7.67696 7.66652 7.66646 7.68463 7.68676 7.67610 7.66768 7.66867 7.68261 7.70226 7.71633 7.72487 7.71597 7.70719 7.69947 7.69985 7.71467 7.69766 7.68177 7.67673 7.69485 7.71944 7.72480 7.72444 7.72132 7.71921 7.71414
-99999.00000 -99999.00000 -99999.00000 -99999.00000 -99999.00000 7.71695 7.72392 7.72482 7.70544 7.69643 7.69994 7.69954 7.68964 7.68147 7.68384 7.69725 7.70556 7.70556 7.71249 7.70130 7.68477 7.68748 7.69020 7.69075 7.68914 7.67630 7.66733 7.63878 7.66077 7.67682 7.67606 7.62214 7.61800 7.64429 7.67149 7.69424 7.70288 7.70195 7.69843 7.69267 7.67474 7.66823 7.67727 7.67657 7.67317 7.67462 7.68165 7.69559 7.71249 7.72109 7.71739 7.70198 7.69798 7.69343 7.68169 7.70022 7.70848 7.69960 7.70214 7.71471 7.70128 7.69097 7.69288 7.70437 7.71354 7.70705
-99999.00000 -99999.00000 -99999.00000 -99999.00000 -99999.00000 7.71425 7.72086 7.72239 7.70932 7.70657 7.70352 7.69653 7.67791 7.64715 7.66201 7.68990 7.71013 7.70989 7.71115 7.69661 7.69152 7.70894 7.70902 7.69666 7.69151 7.69677 7.68341 7.68198 7.68988 7.67479 7.65655 7.64634 7.63630 7.64396 7.67159 7.70318 7.71646 7.71580 7.70937 7.69802 7.68234 7.67430 7.67045 7.66576 7.66536 7.67109 7.68080 7.69454 7.70863 7.71578 7.71485 7.70789 7.69961 7.68224 7.67500 7.69747 7.71504 7.71793 7.71870 7.71019 7.68947 7.68578 7.68626 7.70311 7.72063 7.70984
-99999.00000 -99999.00000 -99999.00000 -99999.00000 -99999.00000 7.71582 7.72132 7.72136 7.71802 7.71447 7.70894 7.69115 7.66397 7.66289 7.63521 7.67329 7.70669 7.71160 7.71045 7.70424 7.69841 7.71159 7.71674 7.70155 7.69354 7.70640 7.69454 7.68147 7.68358 7.66597 7.64393 7.64872 7.64957 7.65006 7.68128 7.71509 7.72432 7.71777 7.70751 7.69584 7.68295 7.67591 7.66449 7.65703 7.65602 7.66065 7.67150 7.68798 7.70422 7.71694 7.72486 7.72081 7.69802 7.67856 7.68922 7.71175 7.72041 7.72173 7.72390 7.71533 7.69166 7.69304 7.70063 7.70477 7.72043 7.71527
