mrvbf_slope0.5_pctl1.3.asc
NCOLS 410
NROWS 410
XLLCORNER 2398750.0000000000000000
YLLCORNER 2548750.0000000000000000
CELLSIZE 250.0000000000000000
NODATA_VALUE -99999.00000
[rows 116 to 144 of 410, columns 132 to 197 of 410]
5.60590 5.56687 5.57814 5.58761 5.51859 5.37773 5.43205 5.58990 5.61809 5.56730 5.47927 5.35458 5.34249 5.51566 5.62425 5.61984 5.57508 5.53195 5.55926 5.58439 5.61366 5.64979 5.65256 5.59916 5.45122 4.68591 3.87661 4.33145 5.28937 5.45805 5.50073 5.45115 5.27484 5.10616 4.49735 4.61519 4.54381 3.56424 2.78574 3.53420 5.11943 5.49519 5.56424 5.52988 5.49752 5.51083 5.50767 5.50581 5.41513 5.46139 5.46531 5.51534 5.46214 5.53063 5.52178 5.54176 5.52255 5.53491 5.30544 2.66584 2.11379 2.02823 2.30074 2.40422 2.72953 2.31547
5.58509 5.57314 5.58958 5.57390 5.49798 5.42425 5.48282 5.58037 5.62266 5.60188 5.53995 5.33961 5.08700 5.32714 5.58257 5.67327 5.65969 5.59803 5.56095 5.57281 5.60446 5.61126 5.58153 5.51612 5.31523 4.74714 4.30633 4.59390 5.32551 5.31829 5.45706 5.48679 5.36060 4.95076 5.19817 4.51424 3.31901 2.16234 2.08864 2.41857 3.44658 4.32448 4.85083 5.32314 5.50464 5.56792 5.55523 5.52340 5.40967 5.42626 5.46444 5.44439 5.22495 5.40563 5.51449 5.55985 5.53382 5.42471 4.12044 3.45640 2.41782 2.49852 2.65146 2.83267 2.48929 1.90034
5.55176 5.57419 5.61003 5.60093 5.53378 5.47059 5.48300 5.54750 5.60011 5.60415 5.56915 5.39611 4.89057 4.95960 5.46652 5.64967 5.68908 5.63811 5.59022 5.55264 5.48369 5.35156 5.24588 5.22439 5.24024 5.15504 5.05399 5.11726 5.29830 5.46861 5.56474 5.52740 5.47399 5.14523 4.63405 3.41865 3.03427 1.56669 2.83018 1.72317 2.17399 2.80685 3.13307 3.82300 5.31971 5.54237 5.56062 5.53171 5.45249 5.43317 5.47263 5.44416 5.36820 5.24677 5.49254 5.54154 5.47684 5.32307 4.45165 3.62292 2.54408 2.60745 2.83926 2.78453 2.51035 1.89802
5.56528 5.61799 5.65811 5.63704 5.56119 5.46200 5.44420 5.52387 5.57824 5.57188 5.45753 5.30039 4.82698 4.60496 5.29788 5.58660 5.65237 5.61243 5.55688 5.31234 4.64476 4.16267 4.35128 4.90716 5.30146 5.36497 5.41598 5.51680 5.53978 5.63588 5.61601 5.52547 5.52802 5.12482 3.17915 2.96486 2.54463 2.05282 2.18778 1.13668 1.70676 2.08696 2.32261 2.54316 4.44203 5.41328 5.54244 5.58695 5.52172 5.45472 5.42766 5.48966 5.47202 5.30526 5.38321 5.46801 5.35163 4.85830 2.93441 2.53342 2.55360 2.62593 2.63333 2.59729 2.40236 1.44030
5.61090 5.65563 5.66366 5.65413 5.59114 5.48152 5.43940 5.53862 5.60501 5.59490 5.38137 5.23700 4.70131 4.42181 5.17908 5.52236 5.48988 5.23784 4.98165 3.74818 2.50110 2.46226 3.54190 4.66179 5.16056 5.28654 5.43066 5.56128 5.63298 5.70053 5.64100 5.55931 5.49670 4.74846 2.70764 3.40051 2.51235 1.90964 1.18644 0.77918 0.73874 1.69359 1.88149 1.94714 3.45348 5.21495 5.53349 5.60164 5.52619 5.44225 5.31407 5.47631 5.49641 5.31446 5.38075 5.47274 5.44071 5.20211 4.06004 2.69283 2.48471 2.25497 2.42490 2.44036 2.01805 2.43546
5.55522 5.62025 5.65797 5.65814 5.59681 5.47986 5.40683 5.52363 5.60790 5.61234 5.47669 5.33611 5.17831 4.79940 5.04820 5.12586 4.55076 4.13150 3.56420 2.27727 1.97968 3.38428 4.30226 4.95563 5.27064 5.38803 5.52203 5.57909 5.62540 5.69824 5.66064 5.59523 5.47811 5.19703 4.28079 2.73278 2.98009 2.19526 1.86227 1.68944 0.49801 0.48467 0.65660 1.24635 2.29212 5.01421 5.47359 5.55082 5.49958 5.35928 5.38766 5.47214 5.50902 5.31486 5.38906 5.49017 5.44980 5.47427 5.21516 4.62475 3.05595 2.32814 2.26157 2.27670 2.24845 3.13608
5.49881 5.55557 5.60311 5.59302 5.55693 5.45098 5.34668 5.47473 5.54592 5.52073 5.46000 5.50303 5.47474 5.09502 4.40974 3.67104 3.76110 4.65328 4.27251 3.38285 4.29582 5.33374 5.26345 5.42956 5.55188 5.58993 5.61988 5.59990 5.62145 5.65576 5.62163 5.58689 5.48036 5.27431 4.74317 2.64901 2.19586 2.19164 1.93317 1.78184 0.54841 0.33988 0.38914 0.54223 1.50526 2.50544 5.08531 5.45503 5.46184 5.37037 5.42810 5.45934 5.51327 5.38570 5.44580 5.47608 5.43670 5.42027 5.31737 5.14959 4.95733 2.86496 2.07247 2.25602 2.38383 2.62225
5.47784 5.46278 5.49930 5.47945 5.44882 5.43581 5.41482 5.41870 5.45306 5.36810 5.31649 5.46215 5.46971 5.24692 4.65843 4.42954 5.05612 5.40383 5.18768 4.71310 5.23935 5.39789 5.39713 5.52209 5.58870 5.63274 5.62228 5.62237 5.62491 5.60928 5.59071 5.61041 5.50885 4.79182 3.56843 2.19316 1.98144 1.81499 1.46149 1.32254 0.41979 0.19914 0.21496 0.31421 0.46912 1.07378 3.26822 5.24376 5.35181 5.36462 5.38347 5.42462 5.46347 5.42376 5.49164 5.47083 5.46894 5.36231 5.38543 5.25114 5.12306 5.07302 3.48334 2.65127 2.82754 2.24745
5.45178 5.32102 5.34213 5.36531 5.38159 5.46489 5.51876 5.41440 5.28466 5.25100 5.40260 5.54046 5.56458 5.52995 5.49657 5.46379 5.43891 5.43143 5.36268 4.79514 5.15455 5.45236 5.52130 5.58398 5.58909 5.59628 5.61215 5.62964 5.61244 5.60992 5.61700 5.60006 5.34254 3.87696 2.30965 1.78017 1.61107 0.62644 0.43905 0.56710 0.26667 0.17365 0.19068 0.27780 0.35202 1.13122 2.09384 3.82731 5.04718 5.28339 5.29001 5.38688 5.38862 5.42313 5.50551 5.52546 5.52988 5.41896 5.38614 5.40885 5.19049 5.14299 5.19114 4.76611 4.38934 2.54958
5.40250 5.17186 5.20087 5.34678 5.47056 5.49824 5.54465 5.47159 5.25936 5.19043 5.34793 5.47029 5.53996 5.55695 5.49629 5.43109 5.46289 5.51128 5.52314 5.21950 5.27502 5.53328 5.57599 5.62235 5.64028 5.61655 5.64039 5.63512 5.59375 5.59859 5.59479 5.53225 4.75296 3.06639 2.81779 1.41937 0.72391 0.36099 0.39219 0.69222 0.34102 0.28277 0.37080 0.41978 0.52356 1.83672 2.36286 2.79828 4.07128 4.77020 4.95805 5.32047 5.36516 5.48414 5.50087 5.52132 5.52125 5.42850 5.36129 5.36899 5.36806 5.26046 5.18767 5.13770 5.17115 5.20717
5.33977 5.13693 5.20249 5.34447 5.45449 5.50675 5.55083 5.49277 5.39263 5.35945 5.36469 5.32587 5.31557 5.29652 5.29238 5.42969 5.54187 5.58471 5.52722 5.19463 5.10196 5.43292 5.48764 5.56224 5.63688 5.63723 5.62399 5.61011 5.56253 5.52518 5.43207 5.20188 4.09719 3.53470 4.43258 4.32586 2.78005 0.47597 0.83791 1.22451 0.49046 0.59194 0.62931 0.64964 1.57136 2.02955 2.85541 2.47576 2.49538 3.81926 4.64157 4.98248 5.36496 5.50270 5.51449 5.50906 5.43856 5.34752 5.32118 5.30388 5.29420 5.39096 5.24576 5.26564 5.36994 5.41877
5.33082 5.17693 5.21076 5.23034 5.36184 5.48133 5.48589 5.45022 5.49656 5.54426 5.52682 5.47830 5.43363 5.39454 5.41778 5.56607 5.63885 5.63247 5.48874 4.82428 4.35706 5.25964 5.32326 5.46496 5.61928 5.61690 5.61901 5.59381 5.49456 5.31342 5.02482 4.87175 5.07183 4.97010 4.70677 5.03981 1.97805 0.69323 1.72749 0.68628 0.49827 1.47607 1.77864 2.10477 2.45473 2.40361 2.34093 2.33409 2.31889 3.23548 4.43988 4.63329 5.36039 5.36487 5.36878 5.38629 5.27090 5.33846 5.30365 5.19465 4.89224 5.17867 5.29992 5.40055 5.49249 5.37409
5.39427 5.48133 5.43244 5.30453 5.28755 5.30998 5.32720 5.46335 5.57307 5.63006 5.61859 5.56863 5.56652 5.52788 5.44396 5.56000 5.64345 5.61676 5.38857 4.22327 3.76145 5.17779 4.95871 5.35943 5.60181 5.60753 5.55348 5.51585 5.25898 4.73881 4.97315 5.27434 5.36969 5.39664 5.11627 4.87144 1.51592 1.75399 1.86287 1.39712 1.50736 2.99839 4.32523 4.08954 3.18360 2.24376 1.94095 1.99801 2.37179 3.97632 4.47559 4.07258 4.61902 4.22345 4.14352 4.52559 5.06661 5.08907 5.30302 5.21437 5.30211 5.22770 5.41896 5.45595 5.50888 5.38920
5.56287 5.57780 5.58661 5.52375 5.42878 5.31306 5.10990 5.32095 5.53989 5.58404 5.55682 5.49307 5.49700 5.39668 5.48225 5.41021 5.52928 5.51678 5.10174 3.57211 3.44372 4.71216 4.82827 5.39147 5.53886 5.55172 5.53466 5.51555 5.20266 4.29535 4.57837 5.24958 5.43282 5.32121 3.14758 1.17525 1.62685 1.94198 2.02394 2.04544 2.44886 3.00262 1.75519 1.45332 1.68164 1.82202 1.38141 1.30020 1.86608 3.47141 3.26902 2.66611 3.32064 4.13728 2.96892 2.14382 3.71212 4.83599 5.26627 5.24828 5.15445 5.41266 5.52735 5.51955 5.53754 5.45877
5.61694 5.60615 5.63364 5.61728 5.54440 5.47308 5.24428 5.12413 5.42269 5.39053 5.34837 5.47018 5.32646 5.27064 5.46289 5.24937 5.21156 5.10990 4.50904 2.82863 1.75045 3.44170 4.80721 5.42734 5.48021 5.51162 5.45088 5.45759 5.36463 4.82590 4.57942 5.06481 5.33271 4.46163 1.43689 0.44735 1.80255 1.16351 1.83829 2.31314 2.03055 1.45184 0.44608 0.50919 0.67903 1.03684 0.50269 0.47002 1.06115 1.52997 1.90639 3.63499 3.04534 3.79588 1.93828 1.31007 2.03417 4.17275 5.06452 5.12733 5.36321 5.49711 5.53618 5.50909 5.54611 5.53299
5.59036 5.57379 5.57312 5.60204 5.55660 5.49666 5.42403 5.19644 5.31902 5.34482 5.33107 5.28244 5.11557 4.98991 5.25588 5.24328 5.23012 5.12783 4.78967 3.75496 2.65569 2.04830 3.88875 5.16377 5.26104 5.26148 5.31596 5.45240 5.44732 5.28423 5.18465 5.28816 5.33885 4.67397 1.92697 0.57501 1.51404 1.01444 2.05027 2.34716 1.83017 0.43311 0.39226 0.87006 0.56815 0.42942 0.29478 0.35462 0.70023 0.95536 2.29593 3.75463 4.70975 4.03484 2.69043 1.75679 1.46023 3.64084 4.80487 4.75789 5.38641 5.47302 5.42664 5.44448 5.50857 5.52921
5.54713 5.51405 5.45967 5.44820 5.34079 5.24048 5.33536 5.35442 5.34524 5.41350 5.44218 5.43570 5.06317 5.24279 5.53207 5.57846 5.57583 5.55758 5.52034 5.43667 4.97835 3.20823 3.25442 4.73985 5.15541 5.23261 5.38283 5.39615 5.31152 5.35274 5.40532 5.49099 5.53319 5.36088 3.62598 1.15738 0.89518 1.92382 3.08512 2.76344 1.88166 0.74121 0.58448 0.34178 0.23000 0.17612 0.20365 0.47717 1.33881 1.96799 1.82295 4.08719 5.05672 4.24919 2.32849 2.69353 1.41320 3.46746 4.27846 4.07003 5.13741 5.24933 5.11964 5.17819 5.18104 5.30099
5.46740 5.33169 5.03651 4.49199 3.89372 3.93555 4.66533 5.20338 5.41769 5.55035 5.46788 5.18837 5.16536 5.53498 5.65799 5.70037 5.69635 5.68618 5.67100 5.65353 5.56051 5.16072 3.78802 4.09980 5.08663 5.21271 5.42389 5.09227 4.93781 5.33753 5.39687 5.43486 5.46280 5.36442 4.62218 2.74734 2.31282 3.26702 3.23356 2.09548 1.85803 1.40034 0.47361 0.41919 0.41345 0.23443 0.33655 1.29395 1.97742 2.75910 2.78461 4.78180 4.75303 3.59942 2.37755 1.35906 1.34466 3.93871 4.12248 2.54347 2.89069 2.94501 2.75470 3.69779 4.09723 3.80740
5.16731 4.51631 3.69165 2.94516 2.40798 3.00460 4.24472 5.27217 5.50149 5.46245 5.16674 5.19150 5.52728 5.65523 5.70968 5.71342 5.71216 5.70390 5.68937 5.67090 5.65142 5.48801 4.43915 3.56370 4.39313 4.99621 5.21234 4.44939 4.79440 5.09246 5.15599 4.95210 5.00042 4.89376 3.64819 3.22877 3.32101 3.82942 3.23788 1.52235 0.58835 0.34608 0.54519 0.79789 0.76733 0.39721 0.54918 1.74841 2.00378 2.08297 1.83643 2.18879 3.58977 2.42838 3.26487 0.78929 1.07691 2.01192 2.32069 1.93309 2.10655 1.72399 1.19465 1.26005 1.61885 1.82222
4.32754 3.49490 2.70548 2.14869 2.73399 3.46618 4.11914 5.20103 5.38818 4.95719 5.07720 5.51756 5.65543 5.71270 5.72120 5.72751 5.72844 5.72183 5.70769 5.68811 5.66590 5.59281 5.27985 3.70278 3.57887 4.59272 4.96619 4.01743 3.57691 2.85148 3.27859 2.96080 3.14961 4.44911 3.69008 2.60417 2.47840 3.62759 4.10484 1.95228 0.43115 0.35095 0.54659 0.79459 1.15989 0.45915 0.69914 2.48760 2.00952 0.76329 0.93992 1.82908 1.78272 2.47535 3.16494 1.85290 0.84460 1.30293 0.92083 1.14807 2.40783 1.38336 0.73483 0.64129 0.94284 1.22432
3.71628 3.14676 2.63972 3.17164 4.42229 4.11920 4.10793 4.97262 4.78674 4.63638 5.44413 5.63769 5.70518 5.72024 5.73260 5.74126 5.74391 5.73847 5.72378 5.70273 5.67849 5.65259 5.47479 4.30887 3.54005 4.26254 4.07846 2.13780 1.17520 1.00929 1.55710 1.58298 2.18503 2.70483 2.85015 2.14387 2.85563 2.87289 2.74078 2.33688 1.44852 1.04732 1.03736 1.17284 1.65224 0.88732 2.25115 4.44824 2.31544 0.53522 0.45655 1.62301 1.80782 3.28165 4.30484 3.22907 2.10808 1.47110 0.49053 0.93709 2.76502 1.58263 0.76510 0.67138 1.61896 1.58941
3.61497 3.40593 3.41166 4.09115 4.56350 3.84100 3.85510 4.87215 4.47026 4.67229 5.51478 5.68056 5.70437 5.72499 5.74158 5.75288 5.75698 5.75221 5.73597 5.71383 5.68880 5.66145 5.58099 5.21843 3.69889 3.60245 3.28011 1.07153 0.61379 1.19523 3.74263 3.77779 1.79700 0.77762 1.64283 1.92977 2.03517 2.53444 2.84964 3.21403 2.37859 1.89713 1.78568 1.48983 1.02972 1.64570 3.94107 2.90317 0.84670 0.40679 0.39943 0.34404 0.77816 3.25201 4.10788 2.45812 1.51100 1.57749 0.34465 0.53316 1.57705 1.18417 0.73980 1.34077 0.55794 0.73290
3.82040 4.06506 4.34176 4.64438 4.31049 3.60392 4.13209 4.19803 4.09050 4.56090 5.50002 5.67308 5.70089 5.72551 5.74585 5.75972 5.76441 5.75945 5.74317 5.72153 5.69706 5.66993 5.64055 5.36607 3.74907 3.47803 3.34968 1.02240 0.47737 0.48446 1.25357 1.81189 0.62979 0.52585 1.32737 2.35047 2.72106 3.21542 4.75436 5.22991 3.27123 1.89779 1.54824 1.71326 0.59785 0.57879 1.08745 0.75740 0.57128 1.61894 1.56997 0.39492 0.98309 3.70449 4.32283 2.77109 1.31523 0.52611 0.41304 0.38313 0.56218 0.49668 0.61852 0.59067 0.58479 1.26068
3.93820 4.67404 5.04543 4.94532 4.51747 4.29112 3.98159 3.80306 3.82985 4.55980 5.49854 5.66459 5.69444 5.72139 5.74439 5.76103 5.76699 5.76224 5.74783 5.72764 5.70440 5.67835 5.64965 5.45974 4.21840 3.51867 3.33046 2.48343 1.70988 1.44286 0.51705 0.74668 1.10254 0.71140 0.70844 2.35420 4.06213 5.30066 5.49920 5.29825 2.93559 1.78992 1.22653 1.59245 0.78800 0.33528 0.44800 0.47234 0.97997 1.84878 1.99770 1.48800 1.81860 4.92218 5.23426 4.63262 1.80238 0.51706 1.59785 1.76241 1.56607 0.49637 1.29436 0.99301 1.97472 3.65332
3.72375 4.46310 5.01258 4.98085 4.98811 5.01155 3.89445 3.63673 4.07899 5.25259 5.56447 5.65132 5.68264 5.71124 5.73600 5.75515 5.76434 5.76264 5.75126 5.73314 5.71145 5.68672 5.65928 5.57719 5.27263 4.12748 4.25985 3.79370 2.94537 1.88930 0.79526 1.29189 2.59136 0.75793 0.51715 2.45323 4.70172 5.52937 5.52984 4.82352 2.75216 1.37490 0.40204 0.29457 0.31488 0.33927 0.50685 0.52211 0.96041 1.60579 2.26725 3.04801 3.52247 4.59741 5.04848 4.64981 2.38989 1.10690 1.98649 1.50204 1.51532 1.68133 1.77088 1.53202 3.08094 3.98780
3.46257 3.70047 4.19382 4.84459 5.26337 5.17281 3.86019 3.59380 4.55956 5.44448 5.59315 5.62784 5.66193 5.69318 5.72026 5.74163 5.75451 5.75908 5.75267 5.73744 5.71760 5.69389 5.66724 5.63882 5.46773 4.66408 4.25131 3.78961 3.40409 2.47469 1.49813 2.28934 3.23495 1.06464 0.76425 2.70672 5.00241 5.55659 5.51578 4.57463 2.81791 1.69512 0.38373 0.32173 0.47362 0.55269 0.39302 0.62751 1.73413 1.56724 2.21746 3.94630 4.37851 3.96533 2.98199 2.09825 2.06306 1.88256 2.21648 1.53002 1.11042 0.46647 0.61862 1.69786 3.72434 3.76714
3.51072 3.13995 3.40030 4.30691 5.00735 4.83786 3.83175 3.34273 3.57541 5.01752 5.55378 5.59365 5.63230 5.66755 5.69818 5.72268 5.73976 5.74994 5.75084 5.73966 5.72193 5.69859 5.67134 5.64146 5.55737 5.18939 3.83179 3.55439 3.45247 3.11792 2.52084 2.88838 2.08254 0.94844 1.78683 3.26139 5.05017 5.49893 5.49783 4.87005 3.11534 2.43775 0.67005 0.45742 0.48974 0.38754 0.34568 1.48250 1.94124 2.30329 2.65256 3.44035 3.18709 1.91189 1.59287 1.80682 2.02042 2.15272 2.05399 1.56882 1.01440 0.87091 1.29218 2.27239 3.87754 3.68747
3.99472 2.98031 2.91378 3.43447 3.61369 3.47349 3.25561 2.52475 2.71103 3.64736 5.22827 5.55271 5.59683 5.63647 5.67101 5.69926 5.72061 5.73566 5.74309 5.73856 5.72345 5.70004 5.67118 5.63879 5.60312 5.22406 3.65199 3.33356 3.16723 3.48094 3.43960 3.25102 2.12529 1.51327 3.10122 4.29298 5.12629 5.34425 5.32454 4.83306 3.43685 2.86621 2.43267 1.18052 0.84985 0.78987 1.59572 1.77743 3.24460 3.63960 2.97075 2.79136 1.81149 1.71458 1.49079 0.58215 1.33342 1.88956 1.93254 1.57663 1.81555 3.11396 1.74292 2.04288 2.42906 2.56560
4.06292 3.32708 3.02825 3.06442 3.12195 3.11587 2.93422 2.04639 1.16552 2.82055 3.81721 5.34761 5.55735 5.60094 5.63908 5.67122 5.69701 5.71677 5.72942 5.73286 5.72186 5.69871 5.66849 5.63401 5.59592 5.04388 3.52014 3.08669 3.25961 3.56263 4.21635 3.84421 3.64660 2.79818 3.49877 4.73907 5.24401 5.30541 5.09039 4.57399 3.18247 2.97426 3.76733 3.57519 2.54761 2.39683 2.36124 3.29391 5.04331 5.10641 3.32023 2.42579 0.60087 0.37946 0.25700 0.23980 0.42155 1.51023 1.73926 0.98372 1.04953 1.30565 0.95717 1.20806 1.53876 1.59167
