mrvbf_slope0.6_pctl0.9.asc
NCOLS 410
NROWS 410
XLLCORNER 2398750.0000000000000000
YLLCORNER 2548750.0000000000000000
CELLSIZE 250.0000000000000000
NODATA_VALUE -99999.00000
[rows 58 to 86 of 410, columns 66 to 131 of 410]
6.55293 6.48427 6.46247 6.47570 6.47679 6.41995 6.35209 6.35973 6.38715 6.37556 6.40261 6.44632 6.37594 6.36207 6.45210 6.50145 6.50916 6.50032 6.44288 6.37903 6.38891 6.46018 6.56278 6.64198 6.67246 6.62990 6.56819 6.54231 6.54935 6.52265 6.53142 6.59503 6.65395 6.67899 6.73237 6.76197 6.77606 6.71336 6.57557 6.48116 6.44777 6.40932 6.30177 6.15721 5.95009 5.81034 5.90711 6.28036 6.47706 6.53006 6.56894 6.52121 6.52181 6.49941 6.13250 5.65046 5.64877 5.61406 5.86922 6.34227 6.33148 6.08954 6.33762 6.23969 6.46941 6.50339
6.65511 6.52857 6.42444 6.39816 6.44643 6.48201 6.50074 6.53991 6.54350 6.52945 6.51895 6.50051 6.48477 6.48867 6.54659 6.59679 6.57400 6.55477 6.48964 6.43929 6.41498 6.39461 6.46127 6.52443 6.53628 6.48645 6.40761 6.37057 6.49685 6.54316 6.54191 6.59656 6.70210 6.79844 6.87568 6.85652 6.75849 6.61965 6.52080 6.49945 6.56621 6.58896 6.50222 6.40620 6.16854 5.85112 5.82514 6.18458 6.42739 6.53832 6.63183 6.56899 6.50700 6.44303 6.21171 5.78308 5.61442 5.72955 5.94988 6.22811 6.25524 6.36786 5.95801 5.68567 5.97628 6.47599
6.54917 6.46542 6.36280 6.35223 6.45682 6.56051 6.62499 6.59926 6.55512 6.54446 6.55541 6.54958 6.54934 6.56148 6.59364 6.65118 6.64629 6.57571 6.51077 6.51460 6.51325 6.45344 6.44985 6.46163 6.44263 6.38434 6.29875 6.30270 6.40068 6.57771 6.57979 6.60362 6.71447 6.87355 6.93292 6.86124 6.70355 6.58253 6.52209 6.55861 6.68420 6.65386 6.52714 6.38558 6.15047 5.92602 5.89206 6.11264 6.43277 6.55042 6.59589 6.66066 6.58994 6.46910 6.33427 5.89520 5.71418 5.78364 6.13080 5.95768 5.89453 5.85970 5.68207 5.73197 5.67932 6.23334
6.41366 6.27952 6.25696 6.30130 6.41816 6.53299 6.61376 6.60029 6.57823 6.61671 6.68215 6.69181 6.64756 6.58577 6.52844 6.53409 6.55128 6.53834 6.51576 6.54150 6.58682 6.52308 6.49164 6.47779 6.44910 6.42303 6.42067 6.41160 6.43501 6.61366 6.61353 6.62098 6.71245 6.87008 6.92948 6.82343 6.67907 6.58354 6.53490 6.53770 6.54059 6.47453 6.39882 6.31947 6.21590 6.08511 6.00682 6.07191 6.32315 6.44632 6.47957 6.55331 6.58976 6.49644 6.30505 5.78528 5.74663 5.64717 5.78795 5.85816 5.89411 5.80029 5.78489 6.03537 5.80372 6.35421
6.26478 6.09283 6.17912 6.41009 6.43957 6.52056 6.62145 6.61218 6.64383 6.78363 6.89911 6.83080 6.64244 6.52572 6.44238 6.39122 6.38679 6.42975 6.49121 6.54968 6.61598 6.58404 6.55543 6.54510 6.51899 6.51555 6.54880 6.47462 6.49295 6.65298 6.63194 6.63454 6.71575 6.85540 6.87819 6.78892 6.66680 6.57935 6.52310 6.47403 6.39522 6.28142 6.26425 6.33892 6.36929 6.26336 6.10173 6.02565 6.09433 6.25411 6.36417 6.39063 6.48732 6.49308 6.45859 5.94267 5.63001 5.67358 5.67578 5.88747 5.90388 5.89216 5.64060 5.70121 5.66257 6.18584
6.14932 6.26739 6.30094 6.45574 6.47607 6.52789 6.63867 6.64298 6.71816 6.89559 6.98610 6.77638 6.56342 6.45636 6.39779 6.32561 6.27852 6.33176 6.43442 6.52713 6.60727 6.63336 6.63988 6.64986 6.59855 6.59097 6.61410 6.50005 6.49120 6.61891 6.60524 6.64221 6.72781 6.81928 6.80734 6.74763 6.63524 6.53991 6.46778 6.38279 6.25093 6.16113 6.23769 6.38203 6.48253 6.41295 6.21727 6.02308 5.95184 6.00452 6.11927 6.32192 6.43151 6.51010 6.51039 6.39717 5.80599 5.63980 5.76475 6.05127 6.28507 5.89099 5.61642 5.57697 5.80010 6.38187
6.29489 6.39647 6.40181 6.53108 6.50867 6.53039 6.62798 6.62951 6.66017 6.76241 6.81407 6.68150 6.50701 6.40310 6.37957 6.38606 6.39040 6.36961 6.41190 6.49873 6.57937 6.63090 6.68220 6.73874 6.66076 6.60941 6.61809 6.47960 6.43498 6.53298 6.60088 6.65421 6.74244 6.78763 6.75355 6.65897 6.54981 6.46281 6.37699 6.26991 6.16391 6.20347 6.28581 6.36957 6.51165 6.53714 6.40084 6.15906 5.94031 5.87860 5.89385 6.02458 6.32540 6.46862 6.46646 6.45988 6.32310 5.93966 6.10074 6.29500 6.17583 5.67087 5.70713 5.65200 6.07978 6.44401
6.47146 6.46067 6.44063 6.55367 6.51661 6.51730 6.58431 6.58062 6.54906 6.57474 6.62443 6.58835 6.47923 6.40190 6.39270 6.45089 6.52853 6.47870 6.44803 6.48642 6.54548 6.59526 6.65682 6.74398 6.70396 6.58493 6.53321 6.48943 6.39862 6.45978 6.58698 6.61814 6.69932 6.67487 6.64377 6.54167 6.45387 6.37589 6.30586 6.25091 6.26075 6.36458 6.30256 6.34198 6.52819 6.65919 6.55989 6.40755 6.15668 5.92718 5.82767 5.81869 5.98305 6.26771 6.43214 6.44669 6.46075 6.40682 6.30653 6.34187 5.85656 5.59125 5.61285 5.85320 6.40206 6.46207
6.53147 6.49750 6.46933 6.52937 6.53035 6.48889 6.50745 6.50043 6.47215 6.47665 6.52340 6.55088 6.51135 6.45341 6.41670 6.43253 6.49471 6.49258 6.45666 6.47401 6.52443 6.57798 6.63396 6.71221 6.73356 6.60597 6.50795 6.46902 6.43444 6.49431 6.59839 6.61699 6.60822 6.53406 6.51284 6.44877 6.36521 6.31791 6.32464 6.36879 6.43226 6.47752 6.33813 6.28107 6.44870 6.60534 6.65342 6.55060 6.41827 6.20305 5.98457 5.83244 5.84026 6.08177 6.37072 6.50528 6.51302 6.46344 6.36059 6.02232 5.59946 5.55301 5.57498 5.93678 6.35798 6.38882
6.54737 6.50482 6.48815 6.53508 6.52808 6.44295 6.41889 6.41222 6.41751 6.43421 6.48666 6.56795 6.59354 6.52330 6.45967 6.41053 6.39590 6.41575 6.43624 6.47374 6.52870 6.59350 6.64597 6.70691 6.78334 6.70939 6.58362 6.50933 6.51243 6.60907 6.64445 6.59211 6.51547 6.46346 6.39762 6.36352 6.30680 6.34546 6.42874 6.49692 6.52724 6.50773 6.39490 6.25318 6.31603 6.46568 6.53816 6.48551 6.36215 6.18852 6.01409 5.85380 5.84322 6.10172 6.41010 6.48983 6.49275 6.39440 6.28120 5.77870 5.50184 5.49425 5.61348 6.02824 6.34413 6.31816
6.48698 6.47024 6.46521 6.54335 6.49555 6.40685 6.32959 6.34023 6.38949 6.39956 6.45087 6.55350 6.64963 6.61433 6.54751 6.47797 6.42736 6.42403 6.46447 6.51338 6.57147 6.64585 6.69046 6.70879 6.71229 6.64003 6.59553 6.60131 6.62025 6.70041 6.63015 6.52748 6.47125 6.39574 6.34686 6.30503 6.30741 6.42525 6.48288 6.47815 6.44983 6.39719 6.35850 6.31560 6.27884 6.34773 6.34618 6.18587 5.99538 5.89845 5.84702 5.82765 5.90091 6.20986 6.43829 6.46732 6.40165 6.32340 6.05907 5.64076 5.59302 5.51611 5.77161 6.32927 6.40652 6.34215
6.38053 6.38308 6.42222 6.52479 6.50471 6.38856 6.24882 6.30949 6.41407 6.36280 6.39416 6.49677 6.56171 6.61144 6.65733 6.61258 6.56965 6.54453 6.56210 6.60501 6.65937 6.72132 6.72225 6.65925 6.56749 6.47652 6.43129 6.45966 6.53958 6.65919 6.62014 6.48500 6.42087 6.36125 6.38129 6.30277 6.34966 6.42121 6.40491 6.40178 6.40984 6.39336 6.35636 6.32975 6.34723 6.30063 6.07105 5.89215 5.83176 5.82166 5.82580 5.85948 5.99936 6.24951 6.38769 6.42812 6.38249 6.34215 5.92704 5.70810 5.62991 5.69024 6.17537 6.44606 6.45432 6.38810
6.32262 6.24352 6.26660 6.45385 6.51088 6.39969 6.24246 6.29162 6.44577 6.37550 6.33164 6.36992 6.40042 6.46665 6.55074 6.65110 6.74540 6.74494 6.71829 6.69171 6.66663 6.65862 6.64397 6.58449 6.47087 6.37199 6.33643 6.33366 6.40191 6.52215 6.50966 6.36606 6.32287 6.39215 6.44620 6.39746 6.38004 6.36215 6.39001 6.45418 6.49884 6.50894 6.47208 6.42510 6.35480 6.08695 5.88478 5.83570 5.83059 5.84557 5.87185 5.93462 6.06474 6.17367 6.31256 6.42113 6.30450 5.80198 5.64166 5.74842 5.77485 6.07027 6.35127 6.40511 6.46950 6.41129
6.39762 6.20177 6.02902 6.28060 6.48324 6.42466 6.26805 6.26583 6.41614 6.42100 6.32453 6.26630 6.27581 6.34512 6.43106 6.53262 6.66085 6.68502 6.61796 6.56359 6.53130 6.52565 6.53885 6.53231 6.43118 6.33794 6.40403 6.35420 6.34210 6.43047 6.38176 6.24909 6.31381 6.40469 6.49714 6.48464 6.41709 6.42380 6.47561 6.47423 6.43342 6.42873 6.42521 6.36512 6.12636 5.87322 5.82956 5.83813 5.86336 5.90847 5.95345 5.98832 6.01734 6.06042 6.11973 6.27636 5.99772 5.62521 5.60961 5.57634 5.82781 6.14678 6.14621 6.23666 6.36039 6.28030
6.43800 6.29555 5.95880 6.08473 6.42925 6.45518 6.28803 6.21282 6.33060 6.42846 6.40521 6.36414 6.33506 6.30363 6.33993 6.43359 6.52808 6.52510 6.47861 6.44218 6.42098 6.42261 6.44426 6.47146 6.45831 6.36003 6.38559 6.43314 6.40776 6.44521 6.36987 6.30939 6.40898 6.37519 6.46779 6.51915 6.50377 6.51651 6.44101 6.25902 6.12124 6.04665 6.00902 5.96922 5.87183 5.80225 5.80704 5.86393 5.94612 6.01611 6.03299 5.99276 5.98157 6.03284 5.98331 6.06620 6.10975 5.67972 5.37694 5.44468 5.68898 5.67116 5.68178 5.77489 6.07216 6.16377
6.40304 6.36008 6.07695 6.11031 6.45579 6.49467 6.30535 6.15997 6.24969 6.42624 6.50659 6.49556 6.43342 6.35776 6.31283 6.32790 6.37810 6.36959 6.34807 6.33721 6.33948 6.34669 6.36116 6.38128 6.39910 6.38090 6.41714 6.47441 6.43020 6.45300 6.41143 6.34441 6.38728 6.42197 6.45453 6.49916 6.55298 6.48973 6.23777 6.00031 5.93913 5.86714 5.81959 5.80701 5.80130 5.77692 5.82111 5.98814 6.11432 6.11167 6.05264 6.00681 6.04865 6.10998 5.95412 5.93574 6.03737 5.68648 5.49319 5.59963 5.53970 5.41327 5.38642 5.50172 5.68000 5.84043
6.42947 6.38303 6.14851 6.24473 6.48966 6.48258 6.28815 6.14252 6.24446 6.44792 6.57612 6.55563 6.50330 6.44260 6.36071 6.27728 6.23636 6.24597 6.27144 6.30029 6.32452 6.32900 6.32738 6.32959 6.32916 6.33655 6.39058 6.42039 6.39589 6.43310 6.43030 6.39583 6.41224 6.38244 6.41870 6.45849 6.51058 6.39688 6.06404 5.90711 5.93626 5.92976 5.88519 5.84194 5.81758 5.85054 6.03279 6.19373 6.24915 6.13662 6.04312 6.04238 6.16815 6.23399 5.96670 5.84024 5.76229 5.66019 5.62734 5.35000 5.31079 5.50224 5.46987 5.13328 5.16551 5.55332
6.47065 6.41820 6.26949 6.37049 6.50050 6.45117 6.25057 6.15018 6.29725 6.48503 6.60303 6.60901 6.58569 6.52892 6.44430 6.35194 6.29097 6.29418 6.33130 6.37271 6.39408 6.38772 6.37168 6.36370 6.36311 6.38123 6.42112 6.40134 6.37987 6.44715 6.42723 6.41477 6.43809 6.44568 6.39370 6.37287 6.39371 6.23956 5.94966 5.87585 5.94355 6.02252 6.06512 6.05598 6.06387 6.19330 6.21166 6.30664 6.31106 6.14599 6.01831 6.02337 6.20314 6.33976 5.99741 5.78529 5.66743 5.68071 5.55446 5.28025 5.42813 5.24407 5.29731 4.73580 5.19170 5.55862
6.50810 6.45833 6.34396 6.41093 6.49036 6.37841 6.18223 6.17517 6.37761 6.52996 6.61234 6.67184 6.69411 6.62524 6.53761 6.48217 6.45546 6.44874 6.46502 6.49401 6.50379 6.48752 6.46389 6.45264 6.46003 6.47714 6.44946 6.36603 6.39767 6.48586 6.40281 6.36443 6.39679 6.44123 6.39807 6.30421 6.25786 6.08325 5.90797 5.88842 5.94938 6.07742 6.24554 6.33648 6.39283 6.43298 6.38276 6.36109 6.31450 6.15386 6.00285 5.95901 6.06114 6.20133 5.98262 5.87751 5.76624 5.62063 5.37745 5.04477 5.26216 5.40286 5.60377 5.60121 5.44979 5.53908
6.46263 6.43698 6.41920 6.46111 6.46272 6.25493 6.13637 6.28069 6.47121 6.55170 6.61771 6.70754 6.76167 6.69484 6.62208 6.60208 6.61256 6.61002 6.61087 6.62918 6.62698 6.59828 6.56327 6.54209 6.54080 6.50941 6.41824 6.36074 6.42537 6.43570 6.32624 6.32794 6.39606 6.42865 6.39387 6.30688 6.21170 6.05102 5.91935 5.91179 5.97784 6.14923 6.30609 6.40071 6.46535 6.47515 6.46377 6.46690 6.41179 6.26374 6.06692 5.93804 5.92746 5.99693 5.94087 6.02816 6.04550 5.72411 5.64394 5.38811 5.42545 5.69589 5.89822 5.85078 5.71282 5.74014
6.38904 6.35986 6.43389 6.49219 6.38127 6.13274 6.14378 6.38418 6.51076 6.60263 6.70605 6.78264 6.77851 6.70087 6.64423 6.65941 6.68891 6.65975 6.62873 6.62570 6.63940 6.65649 6.65273 6.60938 6.57021 6.51573 6.42290 6.36311 6.38807 6.35165 6.27797 6.35730 6.41040 6.43318 6.40184 6.33767 6.23469 6.06464 5.93438 5.93151 6.01083 6.14416 6.24685 6.35674 6.38587 6.35221 6.40491 6.47287 6.46440 6.37262 6.21651 6.06297 5.94203 5.91406 5.98826 6.20856 6.17254 5.83038 5.68159 5.68210 5.71351 5.90783 5.93015 5.81095 5.77672 5.83850
6.33146 6.27119 6.41739 6.51707 6.32885 6.08573 6.17447 6.35120 6.50064 6.70184 6.87158 6.91703 6.86342 6.73002 6.61757 6.60392 6.58504 6.52198 6.48698 6.48626 6.51128 6.55651 6.62815 6.64856 6.59185 6.53788 6.47002 6.39345 6.36295 6.35771 6.35928 6.42760 6.46050 6.42979 6.38456 6.29454 6.19565 6.05757 5.94753 5.93941 5.96620 6.15278 6.21534 6.23126 6.23347 6.19510 6.32751 6.43006 6.39854 6.27479 6.18866 6.25905 6.20593 6.13185 6.24644 6.26876 6.09199 5.92936 5.87308 5.89983 5.90791 6.03064 5.95582 5.84075 5.86671 5.86847
6.27922 6.19058 6.40396 6.54544 6.29282 5.96114 6.13747 6.26354 6.42997 6.64251 6.86658 6.95367 6.93634 6.79510 6.61894 6.56116 6.48402 6.40076 6.36615 6.37007 6.40256 6.45601 6.52082 6.59350 6.60837 6.57294 6.53895 6.49898 6.47000 6.47280 6.44953 6.44710 6.47883 6.43769 6.31609 6.23258 6.05675 5.96382 5.90548 5.90417 5.90871 6.10936 6.22152 6.10461 6.10169 6.14964 6.25833 6.40538 6.34320 6.26557 6.24653 6.24838 6.34715 6.43326 6.47048 6.32909 6.07619 5.95118 5.97897 6.10491 6.09674 6.16796 6.07398 5.89528 5.97207 6.02571
6.24314 6.15728 6.41592 6.63782 6.44447 5.98642 5.92766 6.21423 6.32556 6.49863 6.70286 6.87672 6.89344 6.76376 6.60031 6.49694 6.36882 6.30653 6.32758 6.32724 6.31542 6.33865 6.39597 6.48233 6.56134 6.55611 6.52035 6.52388 6.55880 6.58634 6.49789 6.41796 6.43386 6.45378 6.35413 6.12167 6.04489 5.86486 5.85664 5.87458 5.95797 5.88561 6.08036 6.13845 6.06171 6.15947 6.33989 6.43108 6.39446 6.31833 6.30794 6.39287 6.41733 6.48476 6.54234 6.42875 6.22138 5.99640 5.92428 6.09155 6.18759 6.25430 6.21676 5.93727 5.92854 6.12904
6.25016 6.15787 6.41585 6.68624 6.53148 6.09095 5.87792 6.15327 6.30634 6.40865 6.56301 6.74974 6.76140 6.63754 6.52510 6.37969 6.29876 6.37454 6.44423 6.43581 6.36807 6.28936 6.26831 6.35646 6.46154 6.50076 6.51475 6.58470 6.67039 6.68190 6.56591 6.44275 6.36693 6.35926 6.33300 6.17772 5.99997 5.98772 6.01341 5.93684 5.89794 6.01566 6.16539 6.23325 6.19888 6.21419 6.28820 6.33407 6.44810 6.43743 6.40260 6.45701 6.47532 6.47151 6.49865 6.48228 6.40484 6.23844 6.05878 6.09799 6.24349 6.35812 6.36282 6.03867 5.90229 6.05387
6.31640 6.20526 6.40998 6.68806 6.59153 6.23893 5.89535 6.00503 6.33762 6.35928 6.45271 6.58972 6.62664 6.55129 6.41670 6.29020 6.38678 6.53746 6.61859 6.60269 6.52051 6.40992 6.29326 6.29425 6.40410 6.48461 6.55725 6.67037 6.74471 6.70497 6.61386 6.50837 6.38872 6.26930 6.19140 6.14475 6.08729 6.08214 6.05019 6.08427 6.15316 6.18232 6.20889 6.27097 6.32709 6.21907 6.18431 6.21632 6.36775 6.47625 6.44949 6.45542 6.47432 6.41453 6.38941 6.38849 6.38232 6.35423 6.26882 6.27253 6.36651 6.42647 6.26927 6.01180 5.93656 6.04181
6.41478 6.26021 6.36129 6.61024 6.63783 6.38505 6.00054 5.90676 6.15815 6.33298 6.36735 6.43523 6.49826 6.47591 6.32973 6.33616 6.51272 6.68731 6.79622 6.75631 6.64879 6.51726 6.37872 6.32091 6.41368 6.51384 6.63131 6.72265 6.71481 6.65638 6.60276 6.52679 6.40625 6.20380 6.06306 6.05955 6.09232 6.11044 6.13253 6.27617 6.36005 6.28725 6.23946 6.26876 6.25743 6.20074 6.19811 6.12126 6.27633 6.44774 6.41346 6.37250 6.36750 6.33030 6.29705 6.28088 6.27116 6.27048 6.28980 6.37821 6.43728 6.24480 5.89902 5.90880 6.03247 6.05433
6.44953 6.34528 6.30084 6.48201 6.57304 6.44443 6.18953 5.92684 5.94692 6.21324 6.30869 6.35239 6.37985 6.35266 6.28888 6.39780 6.58971 6.78220 6.84320 6.71804 6.56209 6.42686 6.30358 6.30251 6.41729 6.51044 6.60403 6.66148 6.64779 6.60006 6.53484 6.43989 6.26959 6.03949 5.97253 6.01464 6.08006 6.11697 6.20837 6.35812 6.41128 6.36181 6.26861 6.20763 6.19387 6.23910 6.18066 6.09747 6.29789 6.37589 6.28782 6.23416 6.24704 6.27459 6.29406 6.29446 6.28527 6.28102 6.33865 6.41936 6.34494 5.94391 5.85179 5.92765 6.06272 5.97861
6.50650 6.43930 6.36845 6.45063 6.54929 6.48094 6.36399 6.10895 5.87094 5.91549 6.11538 6.31620 6.33521 6.25798 6.24447 6.40935 6.61361 6.80370 6.71634 6.54394 6.37777 6.22182 6.19722 6.30204 6.41094 6.46005 6.49762 6.55059 6.54950 6.49569 6.40680 6.23141 6.00910 5.90207 5.92812 6.00429 6.06080 6.07818 6.19212 6.28954 6.31489 6.31825 6.26741 6.18649 6.18143 6.26753 6.22979 6.12981 6.20731 6.20168 6.13840 6.13957 6.20905 6.30474 6.37687 6.40757 6.41825 6.40999 6.42631 6.46370 6.36585 6.05713 5.89298 5.95221 6.06951 5.95263
