mrvbf_slope0.9_pctl1.3.asc
NCOLS 410
NROWS 410
XLLCORNER 2398750.0000000000000000
YLLCORNER 2548750.0000000000000000
CELLSIZE 250.0000000000000000
NODATA_VALUE -99999.00000
[rows 29 to 57 of 410, columns 66 to 131 of 410]
7.77130 7.74596 7.70464 7.68722 7.71408 7.74567 7.75077 7.73892 7.73380 7.74171 7.75843 7.77130 7.77523 7.77556 7.77670 7.77673 7.77271 7.76314 7.74703 7.73252 7.72838 7.73342 7.74355 7.74978 7.73783 7.72036 7.71061 7.71795 7.73339 7.74713 7.75523 7.75609 7.74608 7.70496 7.55668 7.44128 7.51862 7.48723 7.53351 7.69504 7.74446 7.74755 7.70966 7.65264 7.70542 7.73951 7.74814 7.75367 7.75675 7.75303 7.74414 7.73574 7.72873 7.69142 7.59549 7.60265 7.52669 7.64953 7.71985 7.73870 7.74724 7.74734 7.74456 7.73316 7.73405 7.73943
7.76955 7.75649 7.71906 7.69068 7.70541 7.73827 7.75157 7.74260 7.73609 7.73999 7.75369 7.76846 7.77696 7.77920 7.77681 7.77220 7.76429 7.74746 7.72626 7.71734 7.72155 7.72838 7.73915 7.75138 7.74434 7.72400 7.70735 7.70864 7.73205 7.74444 7.74959 7.75549 7.74917 7.71108 7.63703 7.58515 7.51283 7.56939 7.57822 7.70174 7.75007 7.75566 7.74906 7.73157 7.74532 7.74391 7.74738 7.75002 7.74759 7.74562 7.74130 7.73754 7.73631 7.71485 7.67128 7.57419 7.62395 7.71107 7.73976 7.74232 7.74339 7.74708 7.74635 7.73058 7.72894 7.73586
7.75114 7.76016 7.74064 7.70733 7.70454 7.73024 7.74829 7.74390 7.73770 7.74030 7.75315 7.76826 7.77654 7.77636 7.77101 7.76354 7.75137 7.72747 7.70857 7.71021 7.72042 7.72316 7.72991 7.74697 7.75014 7.72836 7.70737 7.70712 7.72464 7.73407 7.74121 7.75257 7.74334 7.68441 7.55418 7.57451 7.59850 7.56028 7.58304 7.70129 7.74983 7.75372 7.75093 7.75397 7.73836 7.73572 7.73066 7.73567 7.74045 7.74171 7.73752 7.73325 7.73366 7.72820 7.70641 7.61465 7.59368 7.66825 7.69680 7.72359 7.72898 7.73476 7.74114 7.73608 7.73209 7.73859
7.72295 7.74385 7.75066 7.72496 7.71270 7.73002 7.74339 7.73950 7.73611 7.74184 7.75701 7.77120 7.77537 7.77022 7.76039 7.74684 7.72889 7.70859 7.70249 7.71283 7.72550 7.71815 7.71938 7.74152 7.75419 7.73303 7.70655 7.70464 7.72027 7.73544 7.73640 7.73357 7.73251 7.70497 7.60054 7.49576 7.54942 7.55939 7.67819 7.73124 7.74151 7.71087 7.71826 7.70921 7.69732 7.71604 7.73145 7.73798 7.74132 7.73728 7.73221 7.73101 7.72705 7.72237 7.67443 7.58723 7.57999 7.54523 7.56506 7.63420 7.69851 7.71645 7.73429 7.73644 7.73456 7.73329
7.71273 7.72464 7.75000 7.73405 7.72264 7.73255 7.73672 7.73368 7.73717 7.74991 7.76536 7.77392 7.77060 7.75880 7.74338 7.72782 7.71378 7.70595 7.70914 7.72363 7.73561 7.71777 7.71124 7.73331 7.75132 7.73575 7.70865 7.70630 7.72252 7.73050 7.73117 7.73306 7.73822 7.72438 7.68889 7.60332 7.63322 7.63195 7.71337 7.72736 7.67546 7.57313 7.64406 7.59336 7.62141 7.67762 7.72650 7.74062 7.74098 7.73570 7.74014 7.73434 7.73525 7.72879 7.70485 7.65531 7.56850 7.50512 7.55675 7.45143 7.62161 7.69770 7.71542 7.72686 7.72890 7.73338
7.69755 7.71889 7.74720 7.73953 7.73539 7.73687 7.73689 7.74068 7.75111 7.76358 7.77225 7.77203 7.76082 7.74404 7.72995 7.72078 7.71490 7.71410 7.72083 7.73531 7.74285 7.72283 7.70705 7.71818 7.73682 7.73521 7.71843 7.71094 7.71753 7.72391 7.72580 7.73051 7.73818 7.72882 7.71944 7.68732 7.65767 7.69407 7.72473 7.69448 7.53517 7.53111 7.60181 7.53855 7.54475 7.63151 7.70957 7.73219 7.73509 7.73462 7.73693 7.74222 7.74278 7.73975 7.72899 7.71314 7.68814 7.62923 7.45846 7.53903 7.52508 7.66255 7.70368 7.71055 7.72030 7.73553
7.69854 7.72346 7.72936 7.73535 7.74965 7.75264 7.75467 7.76034 7.76749 7.77225 7.77312 7.76566 7.74946 7.73410 7.72690 7.72401 7.72294 7.72425 7.73079 7.74348 7.74970 7.73348 7.71442 7.70780 7.71870 7.73246 7.73562 7.72337 7.71570 7.71493 7.72012 7.72316 7.72537 7.73472 7.73397 7.72852 7.71541 7.72862 7.70562 7.67683 7.56755 7.47867 7.54456 7.52529 7.57077 7.66227 7.71352 7.73349 7.73942 7.73910 7.73590 7.73513 7.73166 7.73984 7.73233 7.72529 7.73096 7.71833 7.62392 7.51527 7.62229 7.66805 7.70288 7.70654 7.71236 7.71792
7.71829 7.70346 7.69686 7.71854 7.74545 7.76155 7.76801 7.77021 7.77191 7.77218 7.76838 7.75702 7.74082 7.73125 7.72959 7.73056 7.73098 7.73079 7.73435 7.74505 7.75511 7.74692 7.73128 7.71720 7.71456 7.72867 7.74658 7.73840 7.72266 7.71243 7.71274 7.71958 7.71883 7.72714 7.74002 7.74308 7.72904 7.69385 7.62692 7.63958 7.64664 7.59182 7.65269 7.65561 7.65857 7.68665 7.71336 7.73093 7.73873 7.74138 7.74001 7.73410 7.73212 7.73995 7.73424 7.73193 7.73189 7.73423 7.70978 7.65827 7.67082 7.69582 7.69867 7.70762 7.70926 7.68518
7.69524 7.66901 7.67926 7.70405 7.72327 7.74554 7.75884 7.76346 7.76553 7.76535 7.76039 7.74746 7.73578 7.73323 7.73541 7.73668 7.73433 7.72969 7.72791 7.73314 7.74368 7.75129 7.74803 7.73694 7.72463 7.72396 7.74140 7.74826 7.73511 7.71908 7.71068 7.71515 7.71980 7.72225 7.73140 7.73482 7.71519 7.63349 7.63037 7.59015 7.64162 7.67410 7.69191 7.70585 7.69175 7.68915 7.71602 7.73668 7.74198 7.73347 7.73220 7.73258 7.73763 7.74091 7.74329 7.73965 7.73249 7.73604 7.73175 7.71596 7.69537 7.70013 7.70888 7.70827 7.68993 7.68158
7.67215 7.65863 7.69557 7.71110 7.71329 7.72175 7.72989 7.74137 7.75015 7.75186 7.74673 7.73864 7.73643 7.73985 7.74339 7.74031 7.73276 7.72394 7.71733 7.71696 7.72447 7.73564 7.74327 7.74321 7.73442 7.72746 7.73574 7.75007 7.74772 7.73196 7.71507 7.70928 7.71341 7.71901 7.72335 7.72586 7.72317 7.66909 7.55523 7.61456 7.66112 7.69757 7.69420 7.70932 7.69192 7.69940 7.72166 7.73629 7.73361 7.72571 7.72641 7.72889 7.73717 7.73577 7.73621 7.73676 7.73212 7.73567 7.73822 7.72970 7.72059 7.71874 7.72397 7.72047 7.70047 7.63976
7.67607 7.65811 7.68960 7.71907 7.72844 7.72073 7.71343 7.72029 7.73371 7.74036 7.73977 7.73966 7.74332 7.74920 7.74956 7.74267 7.73565 7.72694 7.71676 7.70972 7.71190 7.72071 7.72929 7.73680 7.74084 7.73486 7.73285 7.74564 7.75492 7.74584 7.72632 7.70898 7.70585 7.71287 7.71651 7.71659 7.71320 7.63728 7.45836 7.49326 7.49732 7.62580 7.68203 7.69141 7.70066 7.70852 7.72487 7.73152 7.72180 7.69837 7.69736 7.71611 7.73255 7.73396 7.72535 7.72850 7.72909 7.73997 7.74261 7.73113 7.73404 7.73568 7.73197 7.73441 7.71312 7.63827
7.70497 7.67062 7.67373 7.69945 7.72055 7.72768 7.73262 7.72790 7.73686 7.74560 7.74785 7.74871 7.75222 7.75515 7.75110 7.74936 7.74730 7.74202 7.73312 7.72089 7.71201 7.71528 7.72047 7.72819 7.74066 7.73839 7.72958 7.73950 7.75488 7.75199 7.73656 7.71250 7.70194 7.71342 7.72304 7.71844 7.67429 7.50828 7.40805 7.26085 7.19051 7.48572 7.65351 7.66691 7.69680 7.71576 7.72235 7.71734 7.68753 7.64067 7.65330 7.67978 7.71342 7.71981 7.72673 7.72356 7.72423 7.73430 7.74010 7.73416 7.73475 7.73043 7.73295 7.74112 7.72487 7.67691
7.73176 7.70504 7.68450 7.68760 7.69820 7.70523 7.71049 7.72478 7.74069 7.75122 7.75467 7.75498 7.75641 7.75416 7.75429 7.75809 7.75759 7.75464 7.75012 7.74138 7.72715 7.71983 7.71909 7.71820 7.72743 7.73689 7.72606 7.73198 7.74916 7.75013 7.73634 7.70750 7.69311 7.70791 7.72546 7.72959 7.70433 7.60647 7.23073 7.07439 7.14849 7.35569 7.57095 7.48303 7.62495 7.69798 7.71591 7.70323 7.66296 7.64552 7.65985 7.66826 7.70966 7.71703 7.72701 7.72755 7.72981 7.73105 7.74020 7.73142 7.73118 7.72738 7.72494 7.73661 7.73322 7.69712
7.71563 7.72914 7.71135 7.69867 7.69679 7.70002 7.70772 7.71756 7.72701 7.73507 7.74127 7.74777 7.75446 7.75235 7.75563 7.76110 7.76143 7.75966 7.75734 7.75320 7.74452 7.73370 7.72660 7.71476 7.71391 7.73401 7.72665 7.72540 7.73884 7.74007 7.72135 7.68977 7.68338 7.70400 7.72480 7.73590 7.71896 7.68299 7.55674 7.29816 7.15431 7.37666 7.46545 7.31020 7.42271 7.65543 7.70749 7.69706 7.67032 7.67181 7.68756 7.70205 7.71504 7.71711 7.71928 7.71800 7.73101 7.73144 7.74082 7.73026 7.73069 7.72540 7.72446 7.72849 7.72767 7.67959
7.67657 7.72862 7.73641 7.72014 7.71269 7.71464 7.72007 7.72134 7.72223 7.72383 7.72776 7.73633 7.74728 7.75020 7.75530 7.76015 7.75989 7.75768 7.75590 7.75469 7.75187 7.74528 7.73561 7.71946 7.71253 7.72603 7.73127 7.72347 7.72246 7.71859 7.69932 7.68155 7.69145 7.71360 7.72009 7.73169 7.72700 7.70767 7.65698 7.51054 7.28336 7.53624 7.58839 7.33757 7.45685 7.66606 7.70543 7.68326 7.65896 7.69229 7.70854 7.69959 7.71187 7.72280 7.71537 7.72627 7.72389 7.72783 7.73844 7.73345 7.73697 7.72900 7.71730 7.72147 7.72950 7.71884
7.64736 7.69988 7.73856 7.73987 7.72458 7.72524 7.73399 7.73267 7.72978 7.72535 7.72313 7.73065 7.74320 7.75008 7.75528 7.75588 7.75125 7.74417 7.74034 7.74172 7.74440 7.74405 7.73798 7.72740 7.71957 7.72381 7.73388 7.72807 7.71465 7.70661 7.70019 7.70303 7.70503 7.69873 7.70421 7.71257 7.71562 7.71268 7.66978 7.53238 7.51964 7.47386 7.59993 7.49550 7.62241 7.70649 7.69494 7.65908 7.61788 7.64979 7.69508 7.68412 7.70798 7.72032 7.72526 7.73562 7.72822 7.72703 7.73018 7.72955 7.72748 7.72015 7.71759 7.72477 7.73332 7.73099
7.65087 7.68604 7.72913 7.73715 7.71754 7.72035 7.73063 7.73755 7.73537 7.72591 7.72165 7.72999 7.74362 7.75143 7.75253 7.74500 7.73082 7.71745 7.71532 7.72270 7.73194 7.73912 7.74116 7.73634 7.72789 7.72376 7.72601 7.72594 7.72141 7.71913 7.72307 7.72790 7.71498 7.70623 7.71181 7.70272 7.69550 7.70791 7.70800 7.64722 7.55082 7.61247 7.64742 7.65044 7.68373 7.69347 7.68213 7.58523 7.41239 7.59066 7.68871 7.69620 7.70547 7.72401 7.73082 7.73470 7.73063 7.72676 7.72559 7.72320 7.71871 7.71877 7.72335 7.73487 7.73278 7.72713
7.66897 7.69854 7.72039 7.71692 7.71045 7.70936 7.72129 7.73563 7.72871 7.71711 7.71645 7.72834 7.74322 7.75020 7.74643 7.73181 7.71464 7.70943 7.71353 7.71870 7.72733 7.73737 7.74477 7.74307 7.73406 7.72484 7.71865 7.71676 7.72037 7.72803 7.73516 7.73608 7.72811 7.72607 7.72904 7.70874 7.68327 7.68740 7.71088 7.69672 7.65930 7.65896 7.67245 7.68212 7.64687 7.59070 7.59775 7.44050 7.32368 7.39955 7.64469 7.69603 7.72105 7.73252 7.73183 7.72857 7.72867 7.72895 7.72561 7.72395 7.73098 7.73581 7.73656 7.73240 7.72991 7.72109
7.69070 7.70090 7.70663 7.70843 7.70750 7.70806 7.71395 7.72374 7.71527 7.70533 7.70913 7.72358 7.73716 7.74641 7.74631 7.73043 7.71139 7.71213 7.72207 7.72417 7.72878 7.73592 7.74273 7.74439 7.73873 7.72921 7.71830 7.71053 7.71225 7.72130 7.73136 7.73749 7.73430 7.72761 7.72864 7.71595 7.68348 7.66771 7.68901 7.70906 7.69910 7.67505 7.68811 7.64955 7.54352 7.55528 7.46297 7.36098 7.42474 7.39039 7.63151 7.70434 7.71725 7.72054 7.72016 7.72254 7.72541 7.72396 7.72486 7.73101 7.73652 7.73622 7.73187 7.72754 7.71824 7.69000
7.69760 7.69047 7.68845 7.68902 7.68723 7.68940 7.71130 7.70928 7.70109 7.69360 7.70084 7.71534 7.72609 7.73992 7.74836 7.74149 7.72095 7.70805 7.71500 7.72486 7.73181 7.73475 7.73549 7.73636 7.73613 7.73254 7.72309 7.71051 7.70828 7.71674 7.72665 7.73438 7.73841 7.73006 7.72498 7.71924 7.69223 7.65419 7.65844 7.69335 7.70366 7.69755 7.69293 7.68249 7.60554 7.47989 7.46086 7.45030 7.28939 7.49114 7.64652 7.69946 7.70281 7.70718 7.71113 7.72036 7.71982 7.71967 7.72589 7.72861 7.72935 7.72927 7.71486 7.68360 7.68357 7.60721
7.71689 7.70067 7.68781 7.67850 7.67421 7.67291 7.68048 7.70237 7.68934 7.68021 7.69074 7.70414 7.71064 7.72897 7.74602 7.74822 7.73770 7.72098 7.71874 7.72635 7.72980 7.72640 7.72303 7.72196 7.72189 7.72093 7.71420 7.70022 7.69699 7.71342 7.72692 7.73062 7.73449 7.73063 7.72167 7.71072 7.69515 7.67176 7.64423 7.67104 7.69353 7.69910 7.69361 7.69084 7.65974 7.59223 7.57151 7.57100 7.48239 7.62770 7.67890 7.69976 7.70797 7.71079 7.71052 7.72082 7.72608 7.72685 7.71970 7.72193 7.72418 7.70870 7.64341 7.53270 7.58044 7.60731
7.73342 7.72028 7.70116 7.68511 7.68004 7.67936 7.67604 7.69605 7.67468 7.66669 7.68402 7.70009 7.69688 7.71474 7.74103 7.74785 7.74016 7.72218 7.70955 7.70958 7.71174 7.71213 7.71184 7.71119 7.70941 7.70437 7.69261 7.67781 7.68447 7.70891 7.72726 7.72848 7.72650 7.72636 7.71927 7.70368 7.69650 7.69598 7.65741 7.66781 7.68999 7.68941 7.70018 7.70027 7.67453 7.63879 7.53253 7.54364 7.52680 7.66425 7.69811 7.70881 7.71818 7.71405 7.72162 7.71900 7.72611 7.73007 7.72225 7.71633 7.71498 7.66445 7.50403 7.55912 7.51997 7.61064
7.73013 7.71976 7.70617 7.69598 7.68422 7.66861 7.67379 7.69455 7.66527 7.66119 7.69090 7.70971 7.69355 7.70262 7.73146 7.73934 7.72704 7.70019 7.68963 7.69649 7.70305 7.70800 7.71121 7.71249 7.71146 7.70482 7.69103 7.68369 7.69384 7.70303 7.72130 7.72607 7.71840 7.71731 7.71172 7.69440 7.69527 7.69933 7.67324 7.66960 7.68552 7.69491 7.69947 7.70480 7.69595 7.67865 7.61890 7.54057 7.62788 7.65997 7.69259 7.69948 7.70522 7.70502 7.71257 7.71153 7.71109 7.70806 7.71810 7.71212 7.69955 7.62472 7.49956 7.47796 7.62522 7.66691
7.72233 7.71260 7.70561 7.70444 7.68375 7.65690 7.67759 7.68803 7.65707 7.66511 7.70197 7.71013 7.69983 7.70125 7.71054 7.71779 7.71046 7.68867 7.69308 7.70642 7.71278 7.71803 7.72274 7.72520 7.72523 7.71926 7.70729 7.70350 7.70222 7.70520 7.72510 7.72186 7.70781 7.70878 7.70547 7.69349 7.69426 7.70041 7.69201 7.67962 7.67695 7.68770 7.70058 7.70898 7.71072 7.70288 7.67799 7.64804 7.61752 7.51761 7.62131 7.68399 7.68434 7.65407 7.67611 7.68158 7.65798 7.65693 7.69254 7.70246 7.65411 7.57725 7.57270 7.55989 7.66883 7.66308
7.71699 7.70832 7.70513 7.70897 7.69055 7.66197 7.67655 7.69072 7.65705 7.66521 7.68447 7.69219 7.70301 7.71326 7.70331 7.70853 7.71584 7.69567 7.68804 7.70457 7.72167 7.72767 7.72868 7.72569 7.72055 7.71507 7.70806 7.70538 7.70477 7.71608 7.72769 7.71210 7.69913 7.71083 7.70644 7.69767 7.70122 7.70879 7.70699 7.69266 7.67323 7.68055 7.69742 7.69666 7.69927 7.70832 7.70835 7.65546 7.52183 7.54092 7.50384 7.64010 7.61683 7.49406 7.60641 7.59432 7.55924 7.62257 7.65232 7.64847 7.58750 7.59349 7.57762 7.65246 7.69335 7.68498
7.70937 7.70590 7.70827 7.71485 7.69714 7.67387 7.67922 7.69538 7.67248 7.65698 7.66916 7.68702 7.69922 7.69754 7.68508 7.69237 7.70594 7.69759 7.67956 7.68466 7.70823 7.71371 7.70934 7.70508 7.70303 7.70144 7.69846 7.70137 7.71047 7.72137 7.72141 7.70528 7.70216 7.71646 7.71203 7.70615 7.71198 7.72113 7.71830 7.70182 7.68265 7.67680 7.67631 7.67537 7.68934 7.69625 7.71278 7.69869 7.62636 7.51512 7.62351 7.64626 7.50489 7.52422 7.46734 7.36192 7.34128 7.53288 7.63612 7.58590 7.56346 7.44072 7.58295 7.67375 7.68118 7.67533
7.70042 7.70220 7.71536 7.72337 7.70456 7.68574 7.68252 7.68357 7.68299 7.68277 7.69008 7.69986 7.70047 7.69366 7.68559 7.69342 7.70329 7.70747 7.69163 7.67617 7.68685 7.69375 7.69627 7.70055 7.70814 7.70725 7.69960 7.70021 7.70937 7.71957 7.71683 7.70831 7.70941 7.71339 7.71200 7.71222 7.71877 7.72743 7.72396 7.70739 7.68837 7.67442 7.67011 7.66976 7.67436 7.69355 7.70557 7.70990 7.69235 7.65677 7.68586 7.65498 7.59408 7.41786 7.40043 7.30652 7.27789 7.46840 7.64623 7.61722 7.33075 7.28952 7.40466 7.63336 7.67438 7.66830
7.70455 7.71283 7.72020 7.72374 7.70991 7.69168 7.67879 7.66215 7.65488 7.65910 7.65844 7.65643 7.66414 7.67855 7.67213 7.67466 7.68018 7.69023 7.69866 7.69646 7.69119 7.69769 7.70731 7.71538 7.72451 7.72093 7.71093 7.70561 7.70665 7.71104 7.71247 7.71226 7.71331 7.71114 7.71131 7.71535 7.72130 7.72702 7.72442 7.70898 7.68700 7.66733 7.65617 7.65338 7.65944 7.67920 7.69393 7.70035 7.70377 7.70522 7.70473 7.67759 7.63883 7.62507 7.60680 7.45767 7.36676 7.59051 7.65762 7.64930 7.45292 7.30741 7.44829 7.64194 7.67925 7.67712
7.70224 7.69971 7.70951 7.71944 7.71263 7.69248 7.67279 7.65835 7.65303 7.65214 7.65302 7.65648 7.64974 7.66049 7.67458 7.68183 7.69055 7.68861 7.68984 7.69670 7.70851 7.71691 7.72601 7.72970 7.72850 7.72560 7.71982 7.71382 7.70865 7.70673 7.70919 7.71469 7.71709 7.71505 7.71697 7.72081 7.72460 7.72584 7.72040 7.70549 7.68552 7.66619 7.64985 7.63459 7.62252 7.62995 7.67391 7.68775 7.69819 7.69887 7.70112 7.69306 7.68509 7.68328 7.66885 7.56979 7.38211 7.53084 7.65232 7.67034 7.60479 7.49312 7.60016 7.67957 7.69045 7.68853
