mrvbf_slope1.3_pctl1.3.asc
NCOLS 410
NROWS 410
XLLCORNER 2398750.0000000000000000
YLLCORNER 2548750.0000000000000000
CELLSIZE 250.0000000000000000
NODATA_VALUE -99999.00000
[rows 232 to 260 of 410, columns 66 to 131 of 410]
7.66321 7.66093 7.65679 7.65189 7.64764 7.64105 7.63343 7.63796 7.64830 7.64349 7.64066 7.64537 7.64586 7.64356 7.64601 7.64932 7.64518 7.63444 7.63884 7.64132 7.63039 7.62967 7.64531 7.64814 7.64667 7.64440 7.64185 7.63963 7.64186 7.64083 7.63712 7.63115 7.62922 7.62675 7.62725 7.63241 7.63131 7.62564 7.61750 7.60703 7.58737 7.56757 7.55512 7.52426 7.41155 6.75619 5.04497 2.91197 1.70438 1.44211 1.03025 0.63616 0.52281 0.56802 0.41729 0.56342 1.55373 1.87132 1.92504 1.90083 1.89222 1.99001 2.29174 1.98504 1.81500 1.57075
7.66227 7.66092 7.65718 7.65346 7.65107 7.64660 7.63715 7.63349 7.63866 7.63575 7.63710 7.64379 7.64806 7.64995 7.65026 7.64859 7.64608 7.64156 7.64168 7.64382 7.64117 7.62850 7.63822 7.64455 7.64670 7.64624 7.64291 7.63760 7.63885 7.63790 7.63759 7.63537 7.63100 7.63179 7.63622 7.63666 7.63461 7.62987 7.62055 7.60970 7.59521 7.57507 7.55645 7.53407 7.45249 6.97768 5.06020 2.59492 1.44190 0.99348 0.71098 0.77681 0.82316 0.83968 0.60019 0.87287 1.68135 2.20255 2.65248 2.59498 2.31227 2.05965 1.84260 1.67952 1.47857 0.83747
7.65971 7.65849 7.65490 7.65307 7.65156 7.64719 7.64120 7.63789 7.63437 7.63196 7.63636 7.64390 7.64779 7.64738 7.64520 7.64594 7.64618 7.64593 7.64553 7.64596 7.64564 7.63476 7.63299 7.63870 7.64382 7.64594 7.64323 7.63740 7.63625 7.63832 7.64084 7.64188 7.63896 7.63841 7.63982 7.63945 7.63704 7.63212 7.62230 7.61047 7.59759 7.57461 7.56143 7.54441 7.47832 7.16456 5.45166 2.64750 1.04044 0.55222 0.45732 0.59822 1.12496 1.09722 0.77425 1.33485 2.17583 3.38483 4.63952 4.29304 3.05352 1.99479 1.77079 1.53492 0.82634 0.57791
7.65507 7.65427 7.65142 7.65121 7.64949 7.64414 7.64039 7.63856 7.63483 7.63429 7.63942 7.64566 7.64682 7.64123 7.63845 7.64388 7.64342 7.63970 7.64015 7.64057 7.63711 7.62537 7.63027 7.63766 7.64160 7.64385 7.64253 7.63750 7.63634 7.64065 7.64371 7.64442 7.64324 7.64103 7.64052 7.64080 7.63826 7.63241 7.62106 7.61095 7.59961 7.57478 7.56403 7.54395 7.48459 7.32356 6.29854 3.90864 1.42657 0.59288 0.48404 0.69841 1.43956 1.55774 1.43449 2.05207 3.06926 4.76414 5.54243 4.79515 2.98788 1.91331 1.75004 1.45914 0.62284 0.44102
7.65155 7.65048 7.64878 7.64991 7.64915 7.64419 7.63816 7.63799 7.64051 7.64320 7.64676 7.64848 7.64833 7.64192 7.63025 7.63238 7.63136 7.63246 7.63133 7.63872 7.62191 7.61736 7.62919 7.63906 7.64144 7.64204 7.64254 7.63925 7.63711 7.64095 7.64411 7.64437 7.64386 7.64273 7.64053 7.64015 7.63831 7.63193 7.62152 7.61486 7.60814 7.58831 7.57521 7.55855 7.52135 7.44358 7.01710 5.65530 2.88748 1.11956 0.77682 1.17658 1.82596 2.03636 1.98796 2.35182 2.86233 4.50533 5.27716 4.25110 2.54849 1.83789 1.71569 1.52509 0.72565 0.43918
7.65209 7.64952 7.64818 7.65029 7.65139 7.64982 7.64592 7.64496 7.64844 7.65029 7.64965 7.64829 7.64785 7.64433 7.63333 7.62923 7.63312 7.63089 7.62928 7.63516 7.61405 7.62181 7.63186 7.64002 7.64281 7.64194 7.64287 7.63990 7.63501 7.63872 7.64337 7.64404 7.64319 7.64171 7.64008 7.63901 7.63693 7.63166 7.62424 7.61948 7.61334 7.59850 7.59172 7.57989 7.54898 7.50097 7.36135 6.65146 5.31706 3.29170 2.29259 2.24957 2.63829 2.82791 2.56805 2.59875 2.73181 3.13304 3.78735 3.31665 2.13827 1.76286 1.67319 1.58391 1.00766 0.59964
7.65202 7.64838 7.64736 7.65018 7.65172 7.65216 7.65100 7.64994 7.65137 7.65075 7.64619 7.64046 7.64030 7.63740 7.63266 7.62868 7.63069 7.63038 7.63193 7.62449 7.61232 7.63286 7.63657 7.64142 7.64402 7.64134 7.64096 7.63706 7.63116 7.63562 7.64095 7.64147 7.63983 7.63863 7.63819 7.63271 7.62923 7.62573 7.62312 7.62314 7.61838 7.60555 7.60029 7.59212 7.57109 7.53822 7.47977 7.28948 6.66267 5.93313 5.21199 4.46125 4.30142 4.19629 4.02080 3.80869 3.57880 2.88367 2.50666 2.13948 1.78834 1.71207 1.65726 1.48246 0.88911 0.56043
7.65029 7.64762 7.64811 7.64891 7.64830 7.65054 7.65129 7.65098 7.65143 7.64685 7.63908 7.63495 7.63470 7.63534 7.63367 7.62490 7.62373 7.62875 7.63327 7.62214 7.62088 7.63837 7.63805 7.64224 7.64277 7.63745 7.63623 7.63272 7.62426 7.62670 7.63100 7.63095 7.63124 7.63179 7.63227 7.62378 7.61981 7.61529 7.61613 7.62253 7.61949 7.60681 7.60319 7.59816 7.57743 7.55454 7.52686 7.47490 7.28939 6.94912 6.56191 6.17322 5.77482 5.41440 5.27339 4.75068 3.68740 2.54389 1.94105 1.62126 1.55122 1.55275 1.48574 1.14652 0.74390 0.47603
7.65152 7.65067 7.65070 7.64907 7.64427 7.64461 7.64687 7.64748 7.64796 7.64282 7.63771 7.64214 7.64431 7.64582 7.64198 7.63298 7.62659 7.62601 7.63180 7.63167 7.63171 7.63785 7.64013 7.64405 7.64077 7.63267 7.63300 7.63494 7.62579 7.62239 7.62421 7.62609 7.62902 7.62831 7.62528 7.62380 7.62437 7.62249 7.62235 7.62588 7.62604 7.61260 7.60011 7.59338 7.57653 7.56886 7.54833 7.52862 7.47437 7.35812 7.16584 6.97400 6.79347 6.46690 5.75971 4.62066 2.85505 2.01640 1.65822 1.44260 1.24345 0.89426 0.71784 0.73524 0.59965 0.46022
7.65159 7.65243 7.64888 7.64702 7.64276 7.64077 7.64275 7.64336 7.64273 7.64164 7.64358 7.64801 7.65150 7.65067 7.64668 7.64130 7.63619 7.63252 7.63511 7.64047 7.63802 7.64002 7.64287 7.64319 7.63663 7.62957 7.63378 7.64019 7.63462 7.63058 7.63254 7.63542 7.63640 7.63448 7.63092 7.63443 7.63567 7.63554 7.62802 7.62827 7.63120 7.62403 7.61032 7.59636 7.58759 7.58165 7.56129 7.54503 7.53391 7.49748 7.42548 7.34171 7.21447 6.84320 6.03446 4.39266 2.37405 1.64154 1.38758 1.20201 0.75744 0.52251 0.40160 0.40202 0.36433 0.42917
7.64802 7.65214 7.64650 7.64378 7.64652 7.64418 7.64471 7.64516 7.64361 7.64543 7.65035 7.65122 7.65252 7.65232 7.64829 7.64357 7.64041 7.63831 7.63637 7.63659 7.63671 7.63761 7.63666 7.63448 7.62960 7.62930 7.63627 7.64271 7.64107 7.63836 7.63930 7.64132 7.64203 7.63995 7.63957 7.64088 7.63980 7.63697 7.63238 7.63552 7.63626 7.62938 7.61704 7.60276 7.59443 7.58557 7.56529 7.54345 7.53949 7.53579 7.49339 7.45083 7.34043 7.01152 6.32226 4.68603 2.33116 1.53586 1.33788 0.99513 0.60963 0.40356 0.28980 0.29967 0.47415 0.65833
7.64112 7.64777 7.64607 7.64649 7.65177 7.64987 7.65011 7.65106 7.64991 7.64942 7.65141 7.65236 7.65185 7.65289 7.64864 7.64454 7.64393 7.64226 7.63550 7.62852 7.62736 7.62906 7.62773 7.62663 7.62819 7.63289 7.63995 7.64477 7.64390 7.64112 7.64127 7.64376 7.64340 7.64103 7.64060 7.64209 7.64218 7.64024 7.63846 7.63974 7.63736 7.62738 7.61416 7.60358 7.59770 7.58978 7.57169 7.54439 7.52525 7.53657 7.52720 7.48514 7.39758 7.16563 6.70707 5.56710 2.88411 1.58439 1.35276 0.89722 0.53967 0.40852 0.31814 0.38717 0.57266 1.01796
7.64125 7.64637 7.65131 7.65142 7.65200 7.65250 7.65384 7.65476 7.65371 7.65064 7.64979 7.65244 7.65127 7.65159 7.64801 7.64555 7.64587 7.64072 7.63228 7.62664 7.62701 7.62903 7.62837 7.62850 7.63222 7.63786 7.64324 7.64598 7.64415 7.64122 7.64267 7.64574 7.64365 7.64272 7.63992 7.64072 7.64208 7.64098 7.63897 7.63901 7.63333 7.62051 7.61036 7.60529 7.60490 7.60143 7.58697 7.56217 7.52260 7.51940 7.52959 7.50419 7.43197 7.31306 7.09814 6.39708 4.18678 1.82969 1.42450 1.01693 0.57549 0.52542 0.48931 0.58660 0.84569 1.48677
7.64520 7.64734 7.65321 7.65431 7.65358 7.65428 7.65539 7.65508 7.65374 7.65189 7.64786 7.65015 7.65124 7.65036 7.64845 7.64640 7.64310 7.63559 7.63027 7.63007 7.63196 7.63411 7.63274 7.63204 7.63446 7.63946 7.64394 7.64548 7.64297 7.64060 7.64396 7.64766 7.64551 7.64355 7.64212 7.63914 7.63821 7.63659 7.63502 7.63653 7.62855 7.61751 7.61315 7.61458 7.61727 7.61627 7.60251 7.58395 7.54381 7.50964 7.54005 7.51420 7.46418 7.42911 7.34456 7.00528 5.72887 3.04989 1.61754 1.33521 0.87325 0.77648 0.71992 0.92967 1.35602 1.58732
7.64575 7.64673 7.65239 7.65535 7.65550 7.65569 7.65591 7.65505 7.65351 7.65118 7.64749 7.65018 7.65290 7.65158 7.65038 7.64666 7.63937 7.63309 7.63133 7.63235 7.63277 7.63430 7.63167 7.63228 7.63464 7.63802 7.64205 7.64317 7.64099 7.63998 7.64486 7.64876 7.64660 7.64360 7.64299 7.64019 7.63836 7.63606 7.63191 7.63270 7.62685 7.62176 7.62359 7.62839 7.62594 7.62558 7.61163 7.59961 7.57788 7.52412 7.53816 7.52122 7.50529 7.49934 7.45137 7.28917 6.76897 5.59822 3.25429 1.63139 1.30603 1.07115 0.67950 0.70843 0.90129 1.36286
7.64384 7.64831 7.65324 7.65540 7.65584 7.65580 7.65551 7.65474 7.65329 7.64986 7.64776 7.65128 7.65279 7.65202 7.64947 7.64434 7.63793 7.63395 7.63406 7.63519 7.63197 7.62979 7.62915 7.63380 7.63725 7.63848 7.63875 7.63882 7.63817 7.64015 7.64603 7.64865 7.64538 7.64246 7.64312 7.64359 7.64321 7.64152 7.63638 7.63324 7.63188 7.63217 7.63540 7.63455 7.63450 7.63179 7.61911 7.60993 7.59282 7.55209 7.55980 7.54794 7.53685 7.53060 7.50628 7.42239 7.15511 6.75027 5.91204 3.54423 1.67209 1.23385 0.68104 0.47899 0.59394 0.87279
7.64840 7.65196 7.65408 7.65487 7.65501 7.65488 7.65459 7.65397 7.65238 7.64871 7.64795 7.65050 7.65061 7.64944 7.64626 7.64190 7.63743 7.63536 7.63741 7.63977 7.63587 7.63051 7.63291 7.63861 7.64048 7.63858 7.63463 7.63320 7.63574 7.64206 7.64725 7.64652 7.64324 7.64294 7.64467 7.64610 7.64616 7.64516 7.64318 7.64031 7.64009 7.63967 7.64111 7.64011 7.63938 7.63426 7.62417 7.61390 7.59519 7.57258 7.58027 7.56054 7.54894 7.54462 7.53145 7.48105 7.39520 7.27111 6.98452 5.99524 3.83806 1.91962 1.02161 0.70271 0.83328 1.31237
7.65040 7.65284 7.65346 7.65350 7.65324 7.65307 7.65285 7.65230 7.65080 7.64744 7.64445 7.64501 7.64473 7.64281 7.64146 7.64100 7.63705 7.63520 7.63901 7.64095 7.63826 7.63637 7.63942 7.64054 7.63904 7.63619 7.63060 7.62947 7.63713 7.64506 7.64645 7.64360 7.64315 7.64502 7.64661 7.64720 7.64710 7.64671 7.64627 7.64606 7.64544 7.64228 7.64114 7.64200 7.63977 7.63608 7.62832 7.60957 7.59144 7.58530 7.59225 7.56399 7.55148 7.55688 7.54724 7.52369 7.50224 7.45377 7.37067 7.18491 6.64981 5.53343 4.15495 3.01033 3.61561 4.82919
7.64489 7.65063 7.65144 7.65045 7.64979 7.65014 7.65017 7.64972 7.64874 7.64419 7.63397 7.63061 7.63352 7.63564 7.63787 7.64053 7.63737 7.63458 7.63929 7.64068 7.63929 7.64163 7.64249 7.63577 7.63486 7.63568 7.63157 7.63074 7.63956 7.64547 7.64383 7.64231 7.64480 7.64690 7.64774 7.64796 7.64811 7.64791 7.64711 7.64691 7.64685 7.64427 7.64164 7.64105 7.63911 7.63794 7.62864 7.61245 7.60582 7.60452 7.60538 7.58453 7.55511 7.56250 7.56744 7.56226 7.54621 7.52849 7.49850 7.44512 7.37951 7.28285 7.11107 6.91059 6.93698 7.02831
7.64141 7.64606 7.64620 7.64292 7.64356 7.64562 7.64641 7.64651 7.64481 7.63525 7.62261 7.62139 7.62951 7.63715 7.63807 7.63999 7.64016 7.63594 7.63689 7.63854 7.64081 7.64495 7.64018 7.63245 7.63660 7.63988 7.63600 7.63149 7.63676 7.64168 7.64085 7.64255 7.64573 7.64690 7.64745 7.64791 7.64789 7.64706 7.64491 7.64489 7.64671 7.64695 7.64525 7.64318 7.64325 7.64346 7.63749 7.62746 7.61855 7.60974 7.60368 7.60308 7.57527 7.56209 7.57501 7.57784 7.57545 7.57013 7.55514 7.52774 7.50807 7.48375 7.44958 7.42348 7.41758 7.41448
7.64240 7.64200 7.63799 7.63635 7.63816 7.63985 7.64145 7.64196 7.63938 7.62501 7.61940 7.62714 7.63159 7.64063 7.64113 7.63948 7.64098 7.63667 7.63503 7.63665 7.64169 7.64486 7.63863 7.63157 7.63664 7.64014 7.63860 7.63402 7.63415 7.63697 7.63873 7.64219 7.64404 7.64383 7.64495 7.64631 7.64568 7.64200 7.63863 7.64051 7.64454 7.64732 7.64710 7.64634 7.64648 7.64688 7.64474 7.63888 7.62564 7.61027 7.60402 7.60190 7.59796 7.57153 7.56642 7.58124 7.59059 7.58604 7.57272 7.56222 7.55532 7.54241 7.53274 7.52923 7.52533 7.51228
7.64148 7.63763 7.63624 7.63915 7.63789 7.63675 7.63706 7.63336 7.62932 7.62008 7.62093 7.63063 7.63180 7.63961 7.64075 7.63983 7.63792 7.63303 7.63222 7.63716 7.64303 7.64039 7.63599 7.63635 7.63875 7.64172 7.64115 7.64062 7.63915 7.63639 7.63785 7.64143 7.64126 7.64018 7.64197 7.64440 7.64296 7.63841 7.63906 7.63838 7.64129 7.64381 7.64348 7.64399 7.64556 7.64704 7.64588 7.64169 7.62800 7.61690 7.61027 7.60526 7.61239 7.59925 7.57718 7.57643 7.59059 7.59323 7.58975 7.58683 7.57688 7.57629 7.57632 7.57424 7.56647 7.54754
7.63814 7.63799 7.64025 7.64137 7.63815 7.63689 7.63597 7.62918 7.62144 7.61652 7.62550 7.63188 7.63061 7.63612 7.64003 7.63861 7.63348 7.63000 7.63295 7.63992 7.63934 7.63579 7.63738 7.64013 7.64155 7.64062 7.64248 7.64510 7.64333 7.63868 7.64031 7.64386 7.64330 7.64285 7.64128 7.64314 7.64220 7.64007 7.64235 7.63895 7.64006 7.63873 7.63964 7.64010 7.64196 7.64504 7.64468 7.63906 7.62173 7.61964 7.60812 7.60981 7.61286 7.58938 7.57096 7.58250 7.60013 7.60783 7.60709 7.59753 7.59546 7.60090 7.59810 7.59078 7.58735 7.57515
7.63925 7.64075 7.64175 7.64029 7.63638 7.63515 7.63270 7.62619 7.62074 7.61853 7.62482 7.62880 7.62899 7.63262 7.63662 7.63546 7.63158 7.63222 7.63839 7.64035 7.63539 7.63910 7.64350 7.64372 7.64325 7.64143 7.64441 7.64669 7.64378 7.64152 7.64115 7.64380 7.64428 7.64285 7.64198 7.64245 7.64123 7.63979 7.64268 7.63977 7.63786 7.63724 7.63935 7.63705 7.63912 7.64161 7.64009 7.62691 7.61779 7.62819 7.60987 7.60997 7.60715 7.58770 7.58970 7.60501 7.61487 7.61660 7.61392 7.61000 7.61222 7.61379 7.60540 7.59908 7.60152 7.59596
7.64087 7.64089 7.63989 7.63677 7.63204 7.62974 7.62787 7.62106 7.61837 7.62157 7.62461 7.62590 7.62836 7.63261 7.63578 7.63343 7.63209 7.63697 7.64151 7.63678 7.63600 7.64264 7.64531 7.64525 7.64359 7.64203 7.64476 7.64717 7.64671 7.64336 7.64379 7.64582 7.64508 7.64283 7.64092 7.63985 7.63938 7.63931 7.64179 7.64111 7.63827 7.63634 7.63366 7.63325 7.63689 7.63390 7.62621 7.61750 7.62453 7.62657 7.61320 7.62030 7.61694 7.59567 7.60903 7.61881 7.62309 7.62837 7.62703 7.62481 7.62278 7.61939 7.60971 7.61079 7.61001 7.60920
7.63960 7.63862 7.63589 7.63248 7.62870 7.62622 7.62437 7.61914 7.61931 7.62364 7.62427 7.62158 7.62527 7.63070 7.63385 7.63140 7.63385 7.63936 7.63845 7.63450 7.63898 7.64409 7.64523 7.64396 7.63972 7.64006 7.64467 7.64646 7.64687 7.64624 7.64576 7.64493 7.64163 7.63815 7.63767 7.63711 7.63850 7.64002 7.64119 7.64066 7.63703 7.63125 7.62480 7.62771 7.62771 7.61614 7.61553 7.62163 7.62799 7.61729 7.61692 7.62984 7.61552 7.59938 7.61647 7.62713 7.62657 7.63212 7.63143 7.62748 7.62539 7.62472 7.61764 7.62072 7.61761 7.62010
7.63633 7.63532 7.63153 7.63098 7.63150 7.62975 7.62859 7.62336 7.62275 7.62599 7.62576 7.61891 7.62083 7.62614 7.62990 7.63063 7.63616 7.63784 7.63441 7.63471 7.64062 7.64392 7.64377 7.63859 7.63341 7.63406 7.64260 7.64482 7.64511 7.64467 7.64378 7.64201 7.63688 7.63404 7.63583 7.63560 7.63750 7.63918 7.63905 7.63675 7.63135 7.62758 7.61786 7.61417 7.61034 7.61239 7.62541 7.62557 7.61711 7.61295 7.62729 7.63107 7.61764 7.60949 7.61857 7.62835 7.63194 7.63634 7.63593 7.63420 7.63124 7.63124 7.62372 7.62397 7.62274 7.62557
7.63087 7.63105 7.62923 7.63203 7.63410 7.63290 7.63246 7.62566 7.62183 7.62494 7.62839 7.62070 7.61940 7.62357 7.62827 7.63266 7.63698 7.63566 7.63258 7.63472 7.64021 7.64277 7.64052 7.63403 7.63296 7.62793 7.63832 7.64201 7.64152 7.63952 7.63791 7.63521 7.62945 7.62898 7.63205 7.63200 7.63505 7.63769 7.63555 7.63149 7.62861 7.63161 7.62736 7.61801 7.61693 7.62696 7.62155 7.61218 7.61623 7.62619 7.63361 7.63701 7.62979 7.61621 7.61570 7.62920 7.63546 7.63909 7.63820 7.63690 7.63545 7.63531 7.63027 7.62739 7.62891 7.63108
7.62844 7.62819 7.63046 7.63378 7.63367 7.63281 7.63300 7.62661 7.61892 7.62022 7.62842 7.62178 7.61945 7.62355 7.62795 7.63273 7.63520 7.63308 7.63149 7.63436 7.63899 7.64061 7.63782 7.63431 7.63445 7.62818 7.63278 7.63614 7.63302 7.62794 7.62664 7.62646 7.62421 7.62673 7.62948 7.62821 7.63180 7.63674 7.63249 7.62973 7.63183 7.63655 7.63650 7.63268 7.63268 7.63120 7.61637 7.61454 7.62089 7.62179 7.62958 7.63298 7.62371 7.62324 7.62138 7.62896 7.63495 7.63611 7.63368 7.63441 7.63279 7.63152 7.63166 7.63299 7.63252 7.63242
