mrvbf_slope1.5_pctl0.9.asc
NCOLS 410
NROWS 410
XLLCORNER 2398750.0000000000000000
YLLCORNER 2548750.0000000000000000
CELLSIZE 250.0000000000000000
NODATA_VALUE -99999.00000
[rows 203 to 231 of 410, columns 132 to 197 of 410]
5.57803 2.52698 2.44018 5.83631 7.16602 7.43970 7.56993 7.63661 7.66696 7.68289 7.69195 7.70150 7.71354 7.72094 7.72018 7.71888 7.71779 7.72353 7.72704 7.73469 7.74463 7.74663 7.74588 7.74770 7.75026 7.75164 7.75214 7.75330 7.75270 7.75266 7.75198 7.75154 7.75139 7.75062 7.74884 7.74811 7.75066 7.75411 7.75643 7.75816 7.75904 7.75900 7.75868 7.75799 7.75708 7.75646 7.75636 7.75540 7.75432 7.75386 7.75409 7.75489 7.75558 7.75633 7.75696 7.75720 7.75684 7.75666 7.75647 7.75638 7.75639 7.75639 7.75646 7.75664 7.75694 7.75735
5.91783 5.16295 5.26433 7.03074 7.41588 7.48877 7.56121 7.62191 7.65818 7.67742 7.68850 7.69756 7.70904 7.71784 7.72137 7.72483 7.72561 7.72641 7.72789 7.73573 7.74452 7.74634 7.74637 7.74779 7.74978 7.75130 7.75204 7.75275 7.75198 7.75126 7.75067 7.75108 7.75173 7.75144 7.74995 7.74652 7.74734 7.75157 7.75444 7.75664 7.75834 7.75910 7.75917 7.75890 7.75836 7.75733 7.75603 7.75481 7.75402 7.75386 7.75452 7.75563 7.75644 7.75718 7.75780 7.75804 7.75802 7.75786 7.75769 7.75764 7.75764 7.75756 7.75749 7.75748 7.75750 7.75749
6.84014 6.81784 6.76845 7.37013 7.50198 7.53423 7.57118 7.61359 7.64802 7.66980 7.68265 7.69215 7.70337 7.71348 7.71976 7.72301 7.72449 7.72508 7.72864 7.73747 7.74435 7.74586 7.74605 7.74749 7.74926 7.75054 7.75103 7.75127 7.75140 7.75033 7.74857 7.74980 7.75125 7.75189 7.75187 7.74961 7.74834 7.75107 7.75342 7.75525 7.75718 7.75845 7.75885 7.75887 7.75862 7.75772 7.75613 7.75482 7.75435 7.75448 7.75517 7.75605 7.75671 7.75728 7.75778 7.75817 7.75838 7.75835 7.75820 7.75805 7.75788 7.75771 7.75755 7.75740 7.75729 7.75715
7.32067 7.26835 7.40651 7.52819 7.54988 7.55650 7.57629 7.60683 7.63791 7.66109 7.67624 7.68699 7.69717 7.70755 7.71529 7.71944 7.72211 7.72525 7.73110 7.73868 7.74343 7.74437 7.74477 7.74614 7.74771 7.74940 7.74973 7.74961 7.75030 7.74975 7.74688 7.74699 7.74902 7.75043 7.75072 7.74914 7.74894 7.75171 7.75371 7.75488 7.75638 7.75771 7.75835 7.75850 7.75822 7.75726 7.75593 7.75496 7.75478 7.75520 7.75579 7.75604 7.75618 7.75670 7.75744 7.75809 7.75834 7.75829 7.75813 7.75792 7.75769 7.75746 7.75723 7.75700 7.75680 7.75656
7.52985 7.53192 7.56938 7.58059 7.57363 7.56572 7.57219 7.59556 7.62655 7.65179 7.66856 7.68052 7.69068 7.70033 7.70877 7.71516 7.72058 7.72626 7.73230 7.73796 7.74158 7.74264 7.74332 7.74460 7.74676 7.74840 7.74886 7.74861 7.74852 7.74849 7.74591 7.74207 7.74407 7.74556 7.74538 7.74518 7.74844 7.75191 7.75356 7.75460 7.75582 7.75696 7.75755 7.75763 7.75731 7.75649 7.75546 7.75488 7.75518 7.75575 7.75593 7.75539 7.75508 7.75580 7.75707 7.75786 7.75805 7.75796 7.75776 7.75751 7.75723 7.75693 7.75657 7.75619 7.75595 7.75578
7.63314 7.62402 7.61854 7.59742 7.57650 7.56101 7.55902 7.57892 7.61343 7.64168 7.65916 7.67097 7.68169 7.69279 7.70257 7.71114 7.71898 7.72614 7.73188 7.73607 7.73947 7.74184 7.74200 7.74161 7.74447 7.74687 7.74743 7.74717 7.74617 7.74584 7.74386 7.73740 7.73844 7.74106 7.74151 7.74360 7.74765 7.75074 7.75259 7.75394 7.75513 7.75602 7.75638 7.75615 7.75601 7.75619 7.75531 7.75451 7.75502 7.75571 7.75534 7.75405 7.75347 7.75477 7.75665 7.75743 7.75754 7.75736 7.75713 7.75684 7.75651 7.75605 7.75528 7.75462 7.75441 7.75446
7.65595 7.64227 7.62415 7.59682 7.56699 7.54509 7.53869 7.55778 7.59594 7.62791 7.64729 7.65925 7.67134 7.68521 7.69668 7.70687 7.71636 7.72425 7.73003 7.73402 7.73714 7.73949 7.73995 7.73893 7.74208 7.74484 7.74520 7.74421 7.74283 7.74110 7.73782 7.73388 7.73856 7.74103 7.74234 7.74475 7.74716 7.74935 7.75155 7.75340 7.75465 7.75537 7.75555 7.75536 7.75544 7.75609 7.75486 7.75324 7.75400 7.75526 7.75452 7.75217 7.75106 7.75356 7.75613 7.75674 7.75658 7.75621 7.75602 7.75584 7.75546 7.75452 7.75326 7.75269 7.75248 7.75244
7.62416 7.61441 7.59895 7.57320 7.54025 7.51483 7.50699 7.52873 7.57171 7.60912 7.63266 7.64700 7.65955 7.67541 7.68927 7.70102 7.71170 7.72046 7.72698 7.73175 7.73493 7.73633 7.73635 7.73809 7.74245 7.74332 7.74261 7.74171 7.74068 7.73818 7.73617 7.73683 7.73940 7.74153 7.74382 7.74615 7.74752 7.74899 7.75099 7.75305 7.75451 7.75527 7.75529 7.75534 7.75544 7.75496 7.75325 7.75079 7.75284 7.75539 7.75472 7.75101 7.74867 7.75219 7.75542 7.75569 7.75505 7.75434 7.75398 7.75415 7.75377 7.75232 7.75140 7.75154 7.75118 7.75055
7.51444 7.53116 7.52855 7.50862 7.47671 7.45212 7.44343 7.47604 7.53681 7.58515 7.61471 7.63349 7.64784 7.66427 7.68010 7.69353 7.70562 7.71568 7.72327 7.72877 7.73222 7.73389 7.73619 7.73948 7.74185 7.74204 7.74159 7.74092 7.74038 7.73956 7.73955 7.73980 7.73982 7.74196 7.74470 7.74690 7.74827 7.74934 7.75073 7.75254 7.75424 7.75538 7.75552 7.75480 7.75466 7.75456 7.75224 7.74820 7.75151 7.75579 7.75568 7.75143 7.74776 7.75061 7.75431 7.75407 7.75262 7.75165 7.75098 7.75114 7.75123 7.75065 7.75098 7.75180 7.75124 7.75006
6.73661 6.91439 7.10241 7.20460 7.25832 7.27611 7.28696 7.35782 7.47463 7.54919 7.59005 7.61602 7.63476 7.65290 7.67059 7.68567 7.69932 7.71067 7.71918 7.72531 7.72955 7.73301 7.73684 7.73923 7.74056 7.74084 7.74077 7.74005 7.73999 7.74061 7.74076 7.74034 7.74059 7.74197 7.74457 7.74729 7.74915 7.75005 7.75076 7.75185 7.75329 7.75478 7.75570 7.75574 7.75551 7.75579 7.75378 7.74817 7.74885 7.75447 7.75573 7.75273 7.74949 7.74963 7.75143 7.75005 7.74856 7.74849 7.74826 7.74860 7.75004 7.75124 7.75190 7.75246 7.75188 7.75087
3.64994 3.49660 4.04566 4.94619 5.76687 6.43607 6.77716 7.03443 7.32944 7.48177 7.55132 7.59192 7.61865 7.64011 7.66030 7.67750 7.69282 7.70570 7.71527 7.72243 7.72813 7.73281 7.73554 7.73742 7.73777 7.73808 7.73874 7.73890 7.73926 7.73972 7.73970 7.74014 7.74120 7.74253 7.74484 7.74791 7.75009 7.75099 7.75128 7.75155 7.75210 7.75317 7.75453 7.75545 7.75603 7.75594 7.75392 7.74919 7.74870 7.75234 7.75416 7.75310 7.75203 7.75210 7.75041 7.74743 7.74709 7.74792 7.74828 7.74892 7.75096 7.75254 7.75234 7.75196 7.75165 7.75147
1.70307 1.73453 1.82130 2.18096 2.72337 3.96967 5.23913 6.17626 6.92934 7.33767 7.48812 7.55905 7.59972 7.62622 7.64882 7.66885 7.68580 7.70066 7.71183 7.72039 7.72706 7.73188 7.73410 7.73580 7.73445 7.73485 7.73673 7.73831 7.73889 7.73877 7.73932 7.74089 7.74251 7.74398 7.74574 7.74810 7.75026 7.75155 7.75206 7.75207 7.75202 7.75202 7.75231 7.75291 7.75436 7.75531 7.75343 7.75036 7.74979 7.75019 7.75067 7.75101 7.75233 7.75376 7.75183 7.74976 7.75029 7.75101 7.75037 7.74908 7.75003 7.75194 7.75205 7.75166 7.75154 7.75136
1.53617 1.56712 1.55844 1.59305 1.66780 2.00889 2.89005 4.69403 6.10135 6.99266 7.37462 7.51426 7.57876 7.61410 7.63869 7.66044 7.67888 7.69554 7.70838 7.71802 7.72518 7.72972 7.73171 7.73302 7.73105 7.73281 7.73650 7.73818 7.73908 7.73895 7.73998 7.74208 7.74393 7.74532 7.74634 7.74753 7.74923 7.75099 7.75222 7.75270 7.75284 7.75286 7.75266 7.75235 7.75247 7.75401 7.75431 7.75206 7.75063 7.74984 7.74936 7.74998 7.75176 7.75238 7.74976 7.74883 7.75147 7.75265 7.74958 7.74729 7.75024 7.75207 7.75214 7.75189 7.75159 7.75121
1.43860 1.45893 1.42590 1.44640 1.50137 1.59396 1.87565 2.92223 5.04540 6.35085 7.12548 7.44397 7.55120 7.60043 7.63060 7.65287 7.67169 7.68940 7.70312 7.71284 7.72190 7.72685 7.72789 7.72916 7.72970 7.73321 7.73650 7.73802 7.73954 7.73983 7.74026 7.74236 7.74450 7.74583 7.74654 7.74705 7.74801 7.74962 7.75140 7.75256 7.75288 7.75287 7.75273 7.75256 7.75300 7.75367 7.75380 7.75320 7.75338 7.75281 7.75231 7.75235 7.75315 7.75286 7.74989 7.74703 7.74931 7.75071 7.74767 7.74828 7.75115 7.75155 7.75145 7.75122 7.75090 7.75052
1.31655 1.27922 1.24005 1.32808 1.38721 1.50351 1.62658 2.07669 3.50941 5.29100 6.51826 7.32262 7.52073 7.58467 7.62084 7.64512 7.66230 7.68065 7.69428 7.70615 7.71549 7.72170 7.72657 7.72974 7.73084 7.73324 7.73604 7.73764 7.73936 7.74060 7.74027 7.74220 7.74469 7.74597 7.74685 7.74735 7.74754 7.74836 7.75022 7.75168 7.75173 7.75177 7.75233 7.75294 7.75367 7.75388 7.75327 7.75299 7.75360 7.75398 7.75369 7.75307 7.75343 7.75306 7.75098 7.74816 7.74862 7.74925 7.74804 7.74939 7.75082 7.75086 7.75073 7.75047 7.75011 7.74969
1.00664 0.87532 0.88607 1.03068 1.25662 1.43333 1.57975 1.75353 2.49263 4.02113 5.54962 7.03567 7.46528 7.56126 7.60841 7.63808 7.65900 7.67732 7.69022 7.70593 7.71489 7.72121 7.72828 7.73180 7.73230 7.73479 7.73669 7.73764 7.73868 7.74073 7.74012 7.74150 7.74439 7.74591 7.74702 7.74783 7.74798 7.74789 7.74925 7.75061 7.75082 7.75179 7.75276 7.75334 7.75361 7.75339 7.75288 7.75318 7.75292 7.75336 7.75291 7.75260 7.75225 7.75230 7.75040 7.74885 7.74912 7.74848 7.74832 7.74950 7.75027 7.75020 7.74999 7.74966 7.74925 7.74877
0.62461 0.62892 0.63745 0.65253 0.77369 1.29311 1.54362 1.66407 2.06065 3.02085 4.82013 6.58482 7.35826 7.52434 7.59043 7.62892 7.65699 7.67838 7.69301 7.70680 7.71632 7.72318 7.72901 7.73270 7.73350 7.73436 7.73612 7.73723 7.73716 7.73889 7.73978 7.74067 7.74343 7.74529 7.74650 7.74742 7.74794 7.74792 7.74885 7.75013 7.75092 7.75190 7.75245 7.75282 7.75296 7.75267 7.75209 7.75242 7.75195 7.75229 7.75204 7.75123 7.75061 7.75056 7.74991 7.74968 7.74952 7.74900 7.74918 7.74977 7.74972 7.74948 7.74916 7.74874 7.74825 7.74770
0.46804 0.42343 0.47702 0.51678 0.58472 0.84545 1.46527 1.64166 1.89558 2.62632 4.28002 6.08761 7.21277 7.47896 7.56782 7.61662 7.64958 7.67489 7.69095 7.70554 7.71620 7.72387 7.72864 7.73238 7.73309 7.73303 7.73446 7.73561 7.73506 7.73553 7.73708 7.73926 7.74222 7.74400 7.74489 7.74580 7.74625 7.74613 7.74745 7.74930 7.75027 7.75111 7.75166 7.75204 7.75209 7.75134 7.74995 7.75015 7.74996 7.75076 7.75057 7.74884 7.74791 7.74805 7.74906 7.75014 7.75010 7.74983 7.74956 7.74930 7.74899 7.74863 7.74820 7.74767 7.74705 7.74639
0.38052 0.41251 0.40971 0.46391 0.57629 0.81164 1.42039 1.61417 1.82680 2.45950 3.70048 5.46947 6.98818 7.42923 7.54470 7.60246 7.64383 7.66896 7.68876 7.70311 7.71397 7.72298 7.72847 7.73137 7.73136 7.73198 7.73293 7.73440 7.73451 7.73437 7.73573 7.73886 7.74195 7.74342 7.74349 7.74339 7.74297 7.74250 7.74359 7.74559 7.74783 7.74931 7.75008 7.75084 7.75095 7.74907 7.74694 7.74764 7.74727 7.74842 7.74691 7.74436 7.74555 7.74646 7.74745 7.74891 7.74939 7.74916 7.74880 7.74843 7.74805 7.74760 7.74705 7.74639 7.74560 7.74453
0.46562 0.42518 0.54046 0.64402 0.83896 1.33716 1.54441 1.63586 1.84822 2.41796 3.25406 4.97607 6.65963 7.34281 7.51722 7.59238 7.64060 7.66658 7.68663 7.70180 7.71246 7.72060 7.72737 7.73057 7.73038 7.73087 7.73132 7.73393 7.73590 7.73651 7.73804 7.74047 7.74250 7.74362 7.74364 7.74302 7.74187 7.74204 7.74369 7.74385 7.74591 7.74805 7.74889 7.74942 7.74957 7.74686 7.74516 7.74738 7.74634 7.74750 7.74512 7.74444 7.74635 7.74614 7.74576 7.74695 7.74797 7.74790 7.74743 7.74702 7.74680 7.74635 7.74571 7.74490 7.74364 7.74105
0.98400 0.67418 0.72500 1.03945 1.44081 1.56257 1.63829 1.73786 1.91926 2.28801 3.06440 5.04716 6.46706 7.21786 7.48522 7.58457 7.63732 7.66517 7.68547 7.70165 7.71211 7.71975 7.72769 7.73160 7.73057 7.72774 7.72723 7.73237 7.73681 7.73831 7.73930 7.74083 7.74275 7.74370 7.74345 7.74213 7.74176 7.74367 7.74556 7.74433 7.74487 7.74688 7.74780 7.74849 7.74866 7.74623 7.74442 7.74705 7.74592 7.74659 7.74516 7.74324 7.74585 7.74641 7.74503 7.74507 7.74618 7.74626 7.74586 7.74546 7.74510 7.74481 7.74418 7.74321 7.74074 7.73651
0.56876 0.70022 1.21946 1.55936 1.65871 1.65779 1.65558 1.76718 1.89324 2.14984 2.79560 4.90130 6.47845 7.19842 7.46789 7.57882 7.63489 7.66422 7.68491 7.70127 7.71153 7.71980 7.72746 7.73104 7.73002 7.72570 7.72518 7.73128 7.73682 7.73858 7.73895 7.74075 7.74277 7.74344 7.74330 7.74120 7.74054 7.74358 7.74458 7.74266 7.74357 7.74623 7.74723 7.74707 7.74699 7.74505 7.74407 7.74639 7.74544 7.74543 7.74577 7.74417 7.74476 7.74622 7.74479 7.74344 7.74405 7.74461 7.74452 7.74411 7.74329 7.74268 7.74223 7.74124 7.73771 7.73336
0.59495 0.94569 1.44633 1.68889 1.83400 1.70893 1.49269 1.50674 1.69321 2.01814 2.60040 4.62680 6.46628 7.23220 7.47994 7.58346 7.63441 7.66322 7.68441 7.70005 7.71049 7.71911 7.72594 7.72810 7.72674 7.72395 7.72388 7.73032 7.73635 7.73795 7.73831 7.74045 7.74243 7.74288 7.74214 7.73863 7.73875 7.74252 7.74247 7.74021 7.74297 7.74527 7.74398 7.74219 7.74200 7.74135 7.74273 7.74541 7.74490 7.74346 7.74317 7.74320 7.74484 7.74549 7.74442 7.74234 7.74182 7.74260 7.74288 7.74227 7.74097 7.73922 7.73829 7.73803 7.73497 7.73142
1.25519 1.42684 1.51581 1.70811 1.71616 1.62467 1.53323 1.55622 1.74034 2.11398 2.65128 4.73139 6.67667 7.33691 7.51046 7.59234 7.63485 7.66283 7.68436 7.69869 7.70964 7.71866 7.72305 7.72402 7.72506 7.72427 7.72444 7.73151 7.73608 7.73690 7.73771 7.73988 7.74178 7.74170 7.73836 7.73543 7.73891 7.74233 7.74130 7.73832 7.74142 7.74240 7.74001 7.73952 7.73939 7.74097 7.74360 7.74537 7.74527 7.74414 7.74327 7.74379 7.74476 7.74458 7.74364 7.74212 7.74039 7.74026 7.74039 7.73934 7.73750 7.73608 7.73582 7.73673 7.73594 7.73199
4.13288 2.59765 1.84227 1.91264 1.86935 1.82275 1.81735 2.00259 2.19988 2.41428 2.98261 5.10001 6.86896 7.39113 7.52845 7.59746 7.63509 7.66225 7.68336 7.69704 7.70894 7.71750 7.72030 7.72391 7.72687 7.72707 7.72792 7.73337 7.73680 7.73628 7.73684 7.73861 7.74023 7.73906 7.73563 7.73667 7.74048 7.74256 7.74086 7.73853 7.74116 7.74145 7.74040 7.74211 7.74273 7.74351 7.74465 7.74497 7.74500 7.74470 7.74416 7.74389 7.74398 7.74355 7.74241 7.74151 7.73956 7.73835 7.73725 7.73554 7.73458 7.73523 7.73584 7.73662 7.73731 7.73444
7.36458 7.19820 4.64299 2.84903 2.44783 2.48002 2.64351 2.65709 2.51250 2.65151 3.41061 5.33634 6.86774 7.38093 7.52620 7.59856 7.63436 7.66096 7.68267 7.69617 7.70803 7.71553 7.71972 7.72504 7.72883 7.72973 7.73013 7.73431 7.73789 7.73710 7.73597 7.73704 7.73867 7.73806 7.73659 7.73804 7.74118 7.74262 7.74026 7.73857 7.74174 7.74260 7.74165 7.74300 7.74398 7.74387 7.74382 7.74372 7.74381 7.74375 7.74338 7.74288 7.74248 7.74164 7.73999 7.73901 7.73767 7.73627 7.73399 7.73247 7.73299 7.73397 7.73368 7.73487 7.73659 7.73592
7.59149 7.50284 5.51036 2.31084 2.06080 2.10918 2.15345 2.32580 2.41363 2.58580 3.32642 5.29909 6.79338 7.34821 7.51639 7.59657 7.63538 7.66090 7.68309 7.69662 7.70790 7.71440 7.72004 7.72653 7.73078 7.73198 7.73088 7.73400 7.73841 7.73874 7.73739 7.73754 7.73899 7.73870 7.73792 7.73894 7.74132 7.74268 7.73993 7.73725 7.74102 7.74267 7.74174 7.74273 7.74343 7.74280 7.74217 7.74175 7.74239 7.74265 7.74191 7.73948 7.73938 7.73888 7.73677 7.73545 7.73440 7.73339 7.73172 7.73177 7.73277 7.73250 7.73014 7.73026 7.73382 7.73403
7.48910 6.67711 1.74995 1.53684 1.68582 1.72206 1.65304 1.68842 1.97129 2.31133 2.86999 5.02329 6.69101 7.29813 7.49547 7.58924 7.63559 7.66287 7.68397 7.69810 7.70766 7.71478 7.72240 7.72901 7.73231 7.73340 7.73191 7.73414 7.73796 7.73878 7.73781 7.73805 7.73942 7.73867 7.73863 7.74029 7.74142 7.74140 7.73994 7.73770 7.74081 7.74258 7.74159 7.74201 7.74209 7.74024 7.73752 7.73669 7.73860 7.74022 7.73760 7.73487 7.73739 7.73822 7.73633 7.73482 7.73303 7.73232 7.73279 7.73371 7.73386 7.73275 7.72958 7.72651 7.72928 7.72892
3.99642 1.14995 0.79294 0.95022 1.49930 1.74977 1.64938 1.42123 1.60353 2.07839 2.69690 4.80013 6.60709 7.22950 7.46169 7.57953 7.63505 7.66460 7.68446 7.69752 7.70721 7.71702 7.72561 7.73097 7.73352 7.73421 7.73424 7.73579 7.73756 7.73814 7.73798 7.73815 7.73764 7.73716 7.73896 7.74151 7.74143 7.73976 7.73900 7.74045 7.74253 7.74294 7.74131 7.74074 7.74034 7.73821 7.73534 7.73293 7.73207 7.73442 7.73207 7.73508 7.73669 7.73796 7.73536 7.73366 7.73328 7.73324 7.73425 7.73451 7.73407 7.73289 7.72986 7.72476 7.72606 7.72407
