mrvbf_slope0.7_pctl1.3.asc
NCOLS 410
NROWS 410
XLLCORNER 2398750.0000000000000000
YLLCORNER 2548750.0000000000000000
CELLSIZE 250.0000000000000000
NODATA_VALUE -99999.00000
[rows 232 to 260 of 410, columns 66 to 131 of 410]
4.97192 4.82825 4.64354 4.50556 4.41393 4.26737 4.09517 4.19540 4.43567 4.31864 4.25590 4.36904 4.37901 4.31859 4.37778 4.47411 4.35794 4.12335 4.22144 4.28232 4.05799 4.03088 4.40560 4.53358 4.47715 4.40681 4.33641 4.27924 4.38196 4.35981 4.23412 4.07133 4.02961 3.97931 3.99548 4.21344 4.30656 4.16763 3.99316 3.82250 3.55713 3.36658 3.21790 2.92150 2.64784 2.06353 1.45272 1.18139 0.88916 0.72298 0.64621 0.46101 0.36230 0.39844 0.26711 0.36501 0.72812 1.54546 1.70050 1.68396 1.65531 1.70344 1.75802 1.62948 1.42440 0.76248
4.97144 4.88551 4.68127 4.56902 4.52697 4.42337 4.20460 4.12119 4.23805 4.17245 4.20276 4.35617 4.46396 4.51746 4.52662 4.47365 4.40459 4.29418 4.30063 4.35589 4.29340 4.02863 4.22878 4.41698 4.51011 4.50788 4.39530 4.23958 4.28896 4.26820 4.26887 4.20628 4.09096 4.11895 4.30872 4.43281 4.49875 4.40883 4.07989 3.85517 3.64590 3.43071 3.20221 2.96720 2.71965 2.30557 1.48562 0.87118 0.61177 0.53134 0.41642 0.41467 0.61589 0.64474 0.40165 0.41478 0.90289 1.71134 1.85671 1.83608 1.78045 1.71587 1.53675 0.95189 0.56873 0.54387
4.80552 4.74814 4.60638 4.56984 4.55409 4.45144 4.31822 4.24505 4.16522 4.11166 4.20928 4.37976 4.47659 4.45820 4.40007 4.42269 4.43336 4.42640 4.41364 4.42863 4.43169 4.16970 4.13275 4.26862 4.42242 4.51903 4.42626 4.25418 4.22995 4.29909 4.40571 4.47958 4.36109 4.36243 4.48975 4.60122 4.66486 4.49593 4.09620 3.82820 3.65334 3.41050 3.24250 3.03061 2.76522 2.47278 1.53041 0.70402 0.47420 0.34980 0.25901 0.30686 0.66677 0.66272 0.40422 0.43686 1.40728 1.83854 1.93128 1.89548 1.82126 1.70307 1.34543 0.60723 0.45905 0.41043
4.61079 4.59246 4.52123 4.52875 4.49993 4.38667 4.31283 4.27642 4.19471 4.18326 4.29636 4.44240 4.46944 4.32959 4.26928 4.39917 4.38836 4.29696 4.30646 4.31764 4.24247 4.00712 4.09862 4.26689 4.37386 4.45206 4.41778 4.27665 4.25173 4.39627 4.56185 4.64338 4.58480 4.48606 4.50909 4.66697 4.68820 4.39019 3.99878 3.80897 3.65977 3.40855 3.25894 2.98372 2.77412 2.60476 1.79488 0.82094 0.53021 0.37232 0.29376 0.39464 0.68842 0.76319 0.52587 0.80541 1.61639 1.91502 2.03280 1.89932 1.79585 1.64450 1.28497 0.63809 0.44722 0.28994
4.52864 4.50809 4.47546 4.50906 4.50115 4.39768 4.27713 4.27616 4.33188 4.39380 4.48774 4.54736 4.54744 4.37016 4.11829 4.16388 4.14183 4.16405 4.14257 4.29820 3.96994 3.90159 4.09871 4.32569 4.38901 4.40828 4.43432 4.34384 4.29173 4.42466 4.60278 4.63752 4.62696 4.58765 4.49920 4.56125 4.59840 4.30134 3.98646 3.87372 3.79167 3.52836 3.37860 3.12928 2.85239 2.73307 2.36616 1.34377 0.79431 0.49123 0.43101 0.51897 0.81745 1.24595 1.14990 1.26113 1.47558 1.81864 1.94773 1.84971 1.72896 1.53465 1.15739 0.71420 0.55166 0.29364
4.55803 4.50086 4.47648 4.53172 4.57599 4.54055 4.44916 4.43162 4.52367 4.60624 4.59395 4.55143 4.55439 4.45815 4.20779 4.12153 4.20468 4.15353 4.12231 4.24174 3.87576 3.98513 4.17519 4.36591 4.44689 4.42102 4.46193 4.38084 4.25645 4.36749 4.59594 4.66161 4.60428 4.53801 4.48698 4.49209 4.46222 4.26583 4.04974 3.97044 3.88289 3.63701 3.57945 3.43505 2.98207 2.81559 2.63436 2.02726 1.18744 0.64360 0.58882 0.64003 1.23783 1.56266 1.58702 1.59835 1.67448 1.73044 1.77060 1.76010 1.63520 1.35569 1.00043 0.76776 0.63036 0.43227
4.56867 4.48858 4.47136 4.53931 4.59556 4.63065 4.59447 4.56215 4.62645 4.61745 4.48142 4.36116 4.36276 4.30889 4.21447 4.13310 4.17610 4.16478 4.19528 4.05625 3.87393 4.21551 4.29542 4.41314 4.49901 4.41863 4.41618 4.32102 4.18690 4.30109 4.50390 4.53536 4.45472 4.41823 4.42621 4.24096 4.14797 4.06109 4.00889 4.05529 3.99097 3.73004 3.70186 3.64555 3.25012 2.90445 2.77487 2.55520 1.97065 1.32698 1.21729 1.25361 1.54111 1.69057 1.76575 1.78479 1.79877 1.73893 1.67227 1.53097 1.36923 1.19488 0.98966 0.70861 0.58056 0.39261
4.53658 4.48427 4.49675 4.51737 4.50896 4.57746 4.61484 4.60618 4.63242 4.49675 4.34532 4.26943 4.26507 4.27922 4.25151 4.07398 4.05229 4.15208 4.24188 4.03957 4.01988 4.34850 4.34273 4.44553 4.46899 4.33720 4.31278 4.23819 4.07019 4.11538 4.20938 4.20656 4.21206 4.22608 4.24235 4.03750 3.95655 3.87768 3.87927 4.01678 3.97926 3.72973 3.70536 3.71059 3.30487 2.97990 2.86005 2.77456 2.59717 2.41913 2.27555 2.15236 2.02777 1.93815 1.92576 1.85015 1.78348 1.68006 1.48549 0.79699 0.69729 0.76063 0.76732 0.72342 0.55853 0.31296
4.57891 4.56032 4.56431 4.52935 4.44009 4.44959 4.49856 4.51443 4.52777 4.42457 4.33634 4.41598 4.45988 4.50304 4.43268 4.25711 4.12904 4.11791 4.23173 4.23138 4.23378 4.35286 4.40305 4.51667 4.43026 4.25280 4.26057 4.30511 4.11790 4.05563 4.08698 4.12127 4.18097 4.16266 4.09435 4.05907 4.06345 4.01965 4.01223 4.10471 4.16620 3.82695 3.62585 3.53039 3.25871 3.11651 2.92921 2.88082 2.81409 2.73377 2.65887 2.59865 2.52227 2.36241 2.01961 1.79713 1.61431 1.31626 0.88498 0.60261 0.55279 0.51889 0.54019 0.57661 0.43229 0.30503
4.59445 4.62085 4.53035 4.49661 4.42621 4.39470 4.42976 4.44229 4.43263 4.41619 4.45181 4.54240 4.65649 4.64786 4.54362 4.43466 4.33743 4.26469 4.31407 4.42253 4.37162 4.41561 4.49377 4.51956 4.35345 4.20998 4.29427 4.44883 4.31685 4.23289 4.27808 4.34959 4.37685 4.32382 4.23473 4.31930 4.35293 4.35304 4.16169 4.17264 4.31859 4.14287 3.79732 3.56321 3.42225 3.32730 2.99914 2.92943 2.93080 2.88977 2.83873 2.78485 2.69394 2.49262 2.02536 1.64886 1.15216 0.65236 0.57361 0.54868 0.49329 0.35885 0.25561 0.25748 0.23009 0.27675
4.52223 4.61907 4.49676 4.45619 4.50048 4.46292 4.47347 4.48370 4.45904 4.49366 4.60673 4.64197 4.70349 4.71789 4.58573 4.48277 4.42708 4.39083 4.35567 4.36280 4.36784 4.38981 4.37232 4.32879 4.23042 4.22385 4.36165 4.52890 4.48023 4.41512 4.44606 4.51838 4.55602 4.47517 4.46474 4.51359 4.47499 4.39514 4.28364 4.38139 4.50454 4.31792 3.96619 3.66501 3.53455 3.37588 3.01262 2.90605 2.93032 2.97356 2.90518 2.86877 2.76134 2.53791 2.02486 1.50587 0.82583 0.62153 0.59510 0.55134 0.44139 0.25641 0.17412 0.18025 0.31447 0.49304
4.42223 4.52751 4.50405 4.51582 4.62187 4.57928 4.58912 4.62258 4.59454 4.58718 4.65296 4.70408 4.69500 4.76111 4.59942 4.50753 4.50452 4.48259 4.35657 4.22784 4.20817 4.24392 4.21825 4.19606 4.22449 4.31177 4.45300 4.59983 4.56415 4.48360 4.49217 4.58333 4.57419 4.49725 4.48903 4.54519 4.55619 4.49334 4.44772 4.52383 4.50631 4.20769 3.87665 3.67823 3.57864 3.43185 3.07338 2.88121 2.88208 2.93737 2.95269 2.89256 2.78949 2.57998 2.13572 1.53519 1.03200 0.66118 0.60302 0.51809 0.37405 0.26038 0.19219 0.24323 0.40504 0.63360
4.44078 4.51825 4.61673 4.62977 4.65197 4.66726 4.72206 4.79456 4.74606 4.63401 4.62159 4.72247 4.68608 4.70860 4.59519 4.53940 4.55718 4.46020 4.31417 4.21418 4.22754 4.27262 4.25857 4.25695 4.32281 4.42489 4.54571 4.64477 4.56721 4.48925 4.53055 4.65086 4.57197 4.54802 4.47518 4.49911 4.55030 4.52027 4.46588 4.48753 4.34402 4.03140 3.81837 3.71647 3.70500 3.66419 3.33846 2.93744 2.84798 2.88575 2.92753 2.89814 2.79995 2.63599 2.35036 1.65924 1.20883 0.71453 0.60677 0.50454 0.39664 0.36199 0.32878 0.41968 0.59301 0.74155
4.51382 4.54811 4.68738 4.74121 4.72613 4.76204 4.83471 4.83514 4.76750 4.69227 4.58583 4.65130 4.70131 4.68119 4.62490 4.56994 4.50550 4.38120 4.29545 4.30222 4.35014 4.40247 4.36840 4.34339 4.37743 4.46414 4.56724 4.61987 4.53658 4.48264 4.57054 4.74667 4.64164 4.57671 4.53816 4.46636 4.44689 4.41256 4.37943 4.41987 4.24007 3.99778 3.89574 3.91043 4.00515 4.08159 3.69306 3.23754 2.85351 2.85060 2.92511 2.89119 2.81067 2.71365 2.54789 1.97226 1.40353 0.90147 0.68129 0.60004 0.51342 0.55739 0.48740 0.49244 0.68815 0.87398
4.53533 4.54904 4.67821 4.82832 4.85101 4.88521 4.93740 4.87949 4.78526 4.68546 4.58841 4.66776 4.82056 4.75351 4.70453 4.58915 4.45244 4.35468 4.33164 4.35992 4.37584 4.40980 4.35139 4.35380 4.38713 4.44079 4.52012 4.55124 4.49873 4.47866 4.60123 4.81378 4.68814 4.58052 4.56715 4.49812 4.45975 4.41385 4.33451 4.34686 4.22754 4.11525 4.14374 4.26993 4.22877 4.29323 3.91299 3.61535 3.11212 2.84301 2.90189 2.88311 2.83958 2.80331 2.66846 2.28932 1.60462 1.26560 1.06683 0.74400 0.58059 0.60047 0.43233 0.32984 0.43507 0.58064
4.51636 4.58680 4.73814 4.90280 4.96736 4.98965 4.98686 4.92023 4.81285 4.66049 4.60781 4.73933 4.89903 4.84551 4.69947 4.55180 4.44346 4.38485 4.39347 4.42020 4.36402 4.32480 4.31094 4.38552 4.43957 4.45910 4.46481 4.46790 4.45558 4.49059 4.64376 4.79189 4.63591 4.55315 4.57496 4.59599 4.59169 4.54624 4.43255 4.37380 4.34623 4.35008 4.42426 4.41337 4.44219 4.42554 4.13430 3.90537 3.45469 2.91561 2.98072 2.92697 2.88315 2.86958 2.77587 2.46885 1.69118 1.17790 1.20221 0.94784 0.64051 0.57694 0.44437 0.29382 0.33642 0.39169
4.59983 4.70946 4.85006 4.94244 4.96714 4.97398 4.97049 4.92152 4.79806 4.64489 4.62742 4.75434 4.81010 4.73698 4.61105 4.51965 4.45001 4.42214 4.46277 4.51424 4.43465 4.34526 4.38169 4.47085 4.50515 4.47331 4.41115 4.38943 4.42767 4.53662 4.69710 4.67350 4.57486 4.57056 4.62949 4.70384 4.72115 4.67854 4.60281 4.52522 4.52361 4.51738 4.56721 4.55247 4.56629 4.46472 4.25245 4.00657 3.54992 3.14619 3.28869 2.98639 2.90613 2.88218 2.80730 2.54420 1.94615 1.27921 1.31667 1.24386 0.80913 0.59489 0.50887 0.42774 0.45931 0.49508
4.67630 4.83423 4.89958 4.89372 4.86919 4.86946 4.87016 4.84221 4.75216 4.62819 4.56405 4.58357 4.58368 4.54374 4.52115 4.51817 4.45701 4.43196 4.50071 4.53843 4.47657 4.44441 4.49006 4.50963 4.48848 4.44785 4.36588 4.34964 4.46106 4.62188 4.66669 4.58591 4.57782 4.64091 4.72422 4.76773 4.76916 4.75579 4.74090 4.74125 4.71053 4.58839 4.56606 4.60561 4.55963 4.48674 4.33734 3.91845 3.55400 3.43885 3.62374 3.03054 2.90950 2.92318 2.83717 2.63846 2.40279 1.87054 1.62379 1.54724 1.36995 1.07585 0.73279 0.59952 0.67219 0.93501
4.56128 4.73398 4.80457 4.73278 4.70551 4.73365 4.74759 4.73807 4.71084 4.57419 4.41788 4.37037 4.41271 4.44390 4.47677 4.52207 4.47343 4.43399 4.51383 4.53286 4.49880 4.53565 4.55100 4.44986 4.43743 4.45411 4.39560 4.38335 4.51089 4.64606 4.59401 4.56334 4.63464 4.75032 4.82524 4.83980 4.87098 4.87021 4.79599 4.78621 4.78263 4.65959 4.59627 4.58559 4.54092 4.52306 4.35226 4.03605 3.89836 3.90434 3.97931 3.38000 2.94253 2.95011 3.03134 2.98754 2.70280 2.48031 2.18607 1.90190 1.67359 1.54139 1.42141 1.38045 1.51033 1.66261
4.52008 4.60269 4.61000 4.54783 4.56127 4.60821 4.63663 4.65400 4.61531 4.44701 4.26010 4.24045 4.36879 4.48056 4.49292 4.52420 4.53189 4.46602 4.48071 4.50079 4.53271 4.61496 4.52655 4.42054 4.47495 4.53784 4.47151 4.40802 4.47814 4.55656 4.54245 4.57894 4.69014 4.76799 4.80795 4.86088 4.87294 4.79253 4.67547 4.67818 4.77216 4.79193 4.72654 4.65211 4.65445 4.68898 4.52947 4.36344 4.21332 4.05439 3.93742 3.89104 3.19912 2.96898 3.11905 3.27977 3.35821 3.40656 2.90965 2.37674 2.18873 2.07083 1.95594 1.97855 2.07745 2.18967
4.54710 4.54275 4.48645 4.46597 4.49198 4.51862 4.54879 4.56782 4.52779 4.30948 4.21769 4.34645 4.41352 4.55851 4.56085 4.52783 4.56119 4.48826 4.46342 4.48408 4.56118 4.63092 4.51550 4.42292 4.48675 4.54696 4.51856 4.45387 4.45689 4.49381 4.51938 4.58280 4.63372 4.62717 4.66665 4.73744 4.71094 4.59438 4.53420 4.56878 4.67734 4.83007 4.81599 4.77894 4.80330 4.89474 4.77955 4.57722 4.35204 4.08076 3.96028 3.90478 3.77386 3.15281 3.00505 3.27515 3.80945 3.71345 3.14839 2.85926 2.79906 2.63964 2.60583 2.66203 2.66182 2.59140
4.54649 4.49168 4.47424 4.51811 4.50174 4.48764 4.49617 4.44622 4.39050 4.24053 4.25863 4.41422 4.43057 4.55389 4.57024 4.54888 4.51782 4.44890 4.43928 4.50504 4.60176 4.55779 4.49176 4.49297 4.52737 4.58227 4.56801 4.55661 4.53400 4.49876 4.51835 4.57660 4.57521 4.55837 4.59445 4.66439 4.62505 4.53895 4.55047 4.54145 4.59585 4.66555 4.65746 4.67774 4.74906 4.89928 4.89539 4.66113 4.40172 4.22965 4.11663 4.02830 4.16588 3.84106 3.27397 3.19883 3.62891 3.82286 3.77629 3.73743 3.35232 3.47655 3.69171 3.74195 3.38672 2.88739
4.50937 4.50932 4.54961 4.57912 4.52159 4.50625 4.49949 4.40165 4.27822 4.19057 4.35151 4.44922 4.42830 4.50782 4.57616 4.54324 4.46719 4.42404 4.46406 4.55990 4.55929 4.50602 4.51858 4.55804 4.58495 4.56671 4.60101 4.67071 4.61940 4.54211 4.56614 4.64232 4.63058 4.62284 4.59191 4.63868 4.61858 4.57694 4.63048 4.56120 4.58254 4.56009 4.57741 4.58762 4.63090 4.76978 4.81867 4.58662 4.34310 4.31162 4.14044 4.16752 4.20248 3.70014 3.30664 3.45684 3.96200 4.25343 4.31081 4.09760 4.07295 4.33967 4.32580 4.13132 4.06374 3.60118
4.54175 4.57565 4.61215 4.57862 4.50949 4.49634 4.46699 4.37254 4.28388 4.24549 4.35705 4.41911 4.42093 4.47145 4.52872 4.50761 4.45567 4.46561 4.54707 4.58634 4.51779 4.55463 4.64273 4.65117 4.63496 4.59192 4.66193 4.75609 4.64495 4.60093 4.59474 4.65262 4.67307 4.63628 4.61952 4.63581 4.61014 4.58409 4.65901 4.58864 4.55768 4.54974 4.58809 4.54910 4.58586 4.65414 4.61742 4.43229 4.33424 4.45049 4.23703 4.23652 4.15876 3.77667 3.76430 4.08867 4.32392 4.39809 4.40737 4.36764 4.43596 4.51496 4.37046 4.24966 4.33827 4.22533
4.60436 4.61180 4.58810 4.52793 4.45933 4.42989 4.40790 4.30113 4.25623 4.31669 4.36876 4.39074 4.42899 4.48944 4.53312 4.49245 4.47512 4.53814 4.61408 4.54490 4.52909 4.63576 4.76376 4.74246 4.65880 4.61741 4.69336 4.83722 4.77927 4.65532 4.66629 4.75987 4.73839 4.65570 4.61251 4.59450 4.58850 4.58958 4.65470 4.64046 4.58094 4.55270 4.51802 4.51455 4.56919 4.52579 4.44189 4.36102 4.43723 4.45968 4.33635 4.40923 4.34680 4.00701 4.21163 4.37373 4.45218 4.56523 4.58381 4.56953 4.55986 4.52258 4.38647 4.41717 4.42325 4.43083
4.59997 4.57686 4.52558 4.47614 4.42497 4.39139 4.36668 4.28216 4.28872 4.36512 4.37644 4.33740 4.39919 4.47862 4.51879 4.47878 4.50976 4.58942 4.57483 4.52299 4.57932 4.72442 4.80060 4.69528 4.58993 4.59561 4.72513 4.87011 4.88855 4.81130 4.80495 4.78066 4.64112 4.57590 4.57148 4.56527 4.59022 4.62540 4.66903 4.66059 4.57871 4.50359 4.43617 4.46902 4.47078 4.35370 4.35662 4.42541 4.48849 4.39927 4.40972 4.52576 4.37095 4.14856 4.36507 4.49642 4.50331 4.60405 4.61901 4.56776 4.55084 4.55494 4.47359 4.52939 4.50301 4.56122
4.54435 4.52963 4.47320 4.46820 4.47893 4.45698 4.44562 4.36959 4.36253 4.41439 4.41201 4.30849 4.34596 4.42740 4.47595 4.48219 4.55501 4.57931 4.53124 4.53426 4.63030 4.76716 4.72515 4.58825 4.52405 4.52980 4.67914 4.82936 4.84359 4.81054 4.77563 4.69110 4.57153 4.53615 4.56213 4.56037 4.59203 4.63122 4.63269 4.58787 4.51735 4.47966 4.38257 4.34587 4.30877 4.33835 4.46967 4.47619 4.40850 4.38131 4.51243 4.55171 4.42325 4.33236 4.42371 4.52514 4.57716 4.67001 4.68186 4.65867 4.61628 4.63556 4.53959 4.55644 4.55730 4.61927
4.47186 4.47724 4.45390 4.49722 4.53417 4.51852 4.52157 4.41967 4.36171 4.41083 4.46284 4.35242 4.33833 4.40508 4.46850 4.52424 4.59102 4.56197 4.52026 4.54703 4.64515 4.73946 4.64274 4.54373 4.52953 4.47914 4.59985 4.70743 4.68167 4.62744 4.60138 4.56329 4.49807 4.49482 4.52943 4.52982 4.56937 4.61797 4.58044 4.53052 4.50240 4.53799 4.49505 4.40699 4.40024 4.49708 4.45184 4.37446 4.41539 4.50433 4.57981 4.62794 4.54736 4.43234 4.43051 4.55242 4.63687 4.73111 4.72400 4.70579 4.68756 4.70869 4.62229 4.59794 4.63651 4.72716
4.45111 4.45010 4.48521 4.54078 4.54173 4.53163 4.55060 4.44978 4.32977 4.35316 4.47504 4.38385 4.35415 4.41853 4.47870 4.54420 4.58304 4.54253 4.52066 4.55748 4.64041 4.68167 4.60816 4.55772 4.55807 4.49173 4.53938 4.58387 4.54390 4.49249 4.48051 4.47990 4.45941 4.48570 4.51450 4.50321 4.54144 4.61283 4.55233 4.52479 4.54915 4.62153 4.62362 4.56576 4.56784 4.55310 4.42489 4.41269 4.47033 4.48258 4.55247 4.59040 4.51328 4.51135 4.50115 4.56842 4.64332 4.67253 4.64468 4.66194 4.64546 4.63648 4.64926 4.68972 4.70425 4.74357
