mrvbf_slope1_pctl1.asc
NCOLS 410
NROWS 410
XLLCORNER 2398750.0000000000000000
YLLCORNER 2548750.0000000000000000
CELLSIZE 250.0000000000000000
NODATA_VALUE -99999.00000
[rows 174 to 202 of 410, columns 264 to 329 of 410]
7.38825 6.64271 6.56870 7.39295 7.51819 7.53072 7.54269 7.55345 7.56409 7.56739 7.57212 7.56126 7.55040 7.51137 7.53761 7.52389 7.51998 7.49476 7.46733 7.46248 7.53230 7.54606 7.56060 7.55432 7.53048 7.50472 7.53945 7.52717 7.48650 7.50307 7.52517 7.55580 7.57375 7.58033 7.58068 7.57537 7.57746 7.58818 7.59875 7.58141 7.56311 7.56638 7.58879 7.60326 7.60994 7.61053 7.61340 7.61589 7.61956 7.61553 7.62564 7.62162 7.60691 7.60345 7.59804 7.60115 7.59663 7.58647 7.57699 7.57622 7.57676 7.56301 7.56072 7.56229 7.54550 7.52890
6.54493 6.01844 5.80948 6.38173 7.40709 7.50895 7.51939 7.53189 7.56251 7.57558 7.57870 7.57556 7.55513 7.50687 7.51716 7.47405 7.45792 7.50139 7.42723 7.43547 7.47127 7.49562 7.50789 7.51140 7.53000 7.51593 7.53067 7.52113 7.50237 7.49589 7.51737 7.53740 7.56022 7.57006 7.57514 7.57401 7.57645 7.58864 7.59836 7.57830 7.57424 7.55796 7.57069 7.60283 7.60638 7.61285 7.62113 7.62022 7.61847 7.61807 7.61870 7.62187 7.61571 7.60835 7.61283 7.61570 7.60132 7.59670 7.58717 7.57355 7.56186 7.54688 7.55522 7.55411 7.52786 7.50657
7.05838 6.79399 6.85545 6.20477 7.13783 7.46688 7.49837 7.53242 7.55308 7.56902 7.57964 7.57814 7.55491 7.49996 7.45025 7.43321 7.40639 7.42028 7.44482 7.36487 7.39539 7.41600 7.42419 7.46182 7.49665 7.53513 7.52360 7.52728 7.53344 7.50485 7.51858 7.52939 7.54366 7.55719 7.56800 7.57152 7.57057 7.58205 7.59189 7.58345 7.56602 7.55524 7.57743 7.59908 7.60924 7.61858 7.62197 7.62488 7.61478 7.61432 7.62184 7.62291 7.61651 7.61589 7.61882 7.61526 7.60280 7.60314 7.59034 7.57218 7.54784 7.55022 7.54440 7.51964 7.48264 7.43819
7.35313 7.27904 6.81586 6.19813 6.96467 7.45202 7.51023 7.53399 7.55215 7.56754 7.58084 7.57295 7.55133 7.52788 7.47665 7.46279 7.50547 7.44484 7.36479 7.30953 7.40554 7.39812 7.43356 7.42711 7.47038 7.48805 7.36756 7.47948 7.55628 7.53038 7.52632 7.52077 7.49173 7.52430 7.55564 7.56421 7.56638 7.57823 7.58996 7.58852 7.57652 7.58197 7.59574 7.59815 7.61339 7.61755 7.62544 7.61613 7.58893 7.60485 7.61897 7.62574 7.62135 7.62292 7.62291 7.61611 7.60366 7.59260 7.57084 7.55564 7.53890 7.52469 7.51006 7.45231 7.33050 7.11050
7.31567 7.30360 6.82900 6.23133 6.24081 7.38980 7.51272 7.53609 7.55383 7.56576 7.57107 7.57144 7.56130 7.54425 7.54987 7.55088 7.56043 7.53547 7.46495 7.47412 7.49937 7.48571 7.45908 7.42305 7.46062 7.40116 7.22686 7.37213 7.54715 7.54954 7.54191 7.52095 7.50497 7.50406 7.53146 7.54569 7.55790 7.57220 7.58797 7.59318 7.59531 7.60061 7.60019 7.61044 7.61831 7.62253 7.61953 7.58642 7.57493 7.59102 7.61513 7.62522 7.62709 7.62440 7.61494 7.60982 7.59483 7.57455 7.54669 7.50486 7.42324 7.38698 7.32992 7.28874 7.24031 7.15326
7.30328 7.05982 6.29765 5.73558 6.14689 7.31361 7.50151 7.53319 7.54405 7.54676 7.55060 7.56051 7.56595 7.56318 7.56938 7.56962 7.56898 7.56340 7.52533 7.53946 7.52652 7.49152 7.50401 7.51803 7.51495 7.35369 7.14232 7.30586 7.52548 7.53048 7.53382 7.52866 7.52534 7.47910 7.51992 7.54875 7.54961 7.54598 7.57684 7.59444 7.60087 7.59536 7.60496 7.61752 7.61783 7.62231 7.61960 7.58427 7.57873 7.60232 7.61480 7.62221 7.62847 7.62035 7.60812 7.58886 7.55620 7.51830 7.45665 7.36154 7.28808 7.33527 7.31734 7.36791 7.45088 7.46944
7.08231 6.79309 5.99469 6.10087 7.12351 7.40496 7.50290 7.51048 7.45732 7.42176 7.44764 7.52375 7.54578 7.55158 7.55795 7.56799 7.57457 7.58200 7.56740 7.55106 7.52397 7.53022 7.53387 7.53267 7.51406 7.42582 7.21678 7.42140 7.51561 7.49568 7.49392 7.50041 7.52402 7.48315 7.51644 7.54402 7.53442 7.53507 7.55462 7.58895 7.59193 7.58641 7.58820 7.60888 7.61177 7.61244 7.61579 7.60756 7.59621 7.61306 7.61868 7.62661 7.62471 7.61313 7.58633 7.53936 7.46877 7.43085 7.38994 7.40946 7.47694 7.50624 7.51441 7.51036 7.52522 7.52736
7.29913 6.90710 6.66505 7.07743 7.39299 7.46936 7.46613 7.30605 6.35623 6.05263 6.19087 7.33489 7.50642 7.52376 7.53660 7.55563 7.56919 7.57466 7.56978 7.56530 7.55118 7.53592 7.54248 7.51016 7.51756 7.46438 7.40632 7.48955 7.55245 7.55763 7.52559 7.47642 7.48069 7.46204 7.50972 7.53809 7.53964 7.53778 7.55047 7.58120 7.59065 7.58874 7.58387 7.59177 7.59384 7.59491 7.59977 7.60749 7.61779 7.62263 7.62997 7.62602 7.61572 7.59398 7.54647 7.46665 7.44906 7.48897 7.51550 7.53839 7.56166 7.56170 7.55965 7.55592 7.54915 7.55953
7.45250 7.22368 7.17561 7.29082 7.41452 7.34905 6.92588 5.84891 5.73322 6.34758 5.71590 6.02751 7.34388 7.42391 7.44646 7.46517 7.53819 7.55556 7.56266 7.57059 7.56777 7.55816 7.55722 7.55064 7.54049 7.54571 7.49193 7.52176 7.53913 7.54915 7.53391 7.51808 7.48818 7.43868 7.46723 7.51768 7.51465 7.52495 7.53463 7.56711 7.58373 7.58660 7.59454 7.60130 7.59166 7.58694 7.58072 7.57826 7.61140 7.62941 7.63213 7.62528 7.61016 7.57240 7.50339 7.46160 7.51739 7.56104 7.57857 7.58533 7.59017 7.58892 7.58265 7.57979 7.57715 7.58398
7.43511 7.18890 7.30742 7.01220 7.31564 6.68049 6.28394 6.56797 6.34496 6.66744 6.25502 6.19066 6.82739 6.41037 6.76797 6.40502 7.34410 7.52569 7.55429 7.56445 7.57288 7.56500 7.56944 7.57926 7.57938 7.57803 7.53699 7.52527 7.55906 7.56641 7.54258 7.52064 7.51166 7.43117 7.41278 7.50506 7.50598 7.51845 7.54548 7.55877 7.58373 7.59879 7.60204 7.58130 7.56376 7.57629 7.56744 7.56607 7.58540 7.62509 7.63346 7.62392 7.60192 7.55325 7.45912 7.48206 7.55605 7.58455 7.59648 7.60094 7.60427 7.60541 7.60382 7.60148 7.59830 7.59847
7.18398 6.98043 7.20536 7.33749 7.34038 7.26460 7.04657 7.17841 7.43073 7.42172 7.12178 7.23275 7.10796 6.27256 6.65550 6.09040 6.00460 7.37817 7.54533 7.56660 7.57445 7.57797 7.58018 7.58391 7.58551 7.57951 7.54639 7.52602 7.56845 7.54897 7.49124 7.47220 7.47191 7.44709 7.41527 7.48515 7.43831 7.46710 7.51301 7.52650 7.56590 7.58210 7.57714 7.53876 7.55551 7.57334 7.56368 7.58072 7.58232 7.61740 7.62988 7.62086 7.59084 7.50788 7.44146 7.53035 7.57676 7.59435 7.60547 7.61115 7.61321 7.61455 7.61310 7.60749 7.60263 7.60424
6.45940 6.82396 6.97596 7.30386 7.39645 7.20386 7.30184 7.42144 7.48519 7.43121 7.32731 6.92445 6.89468 7.08801 6.91581 6.47034 6.67802 7.10445 7.50290 7.56216 7.57281 7.57656 7.57609 7.58371 7.57351 7.55967 7.54259 7.50274 7.52282 7.48724 7.47505 7.41225 7.41890 7.41846 7.40163 7.45377 7.48629 7.43864 7.49628 7.51424 7.53957 7.56016 7.54596 7.52137 7.55726 7.54369 7.56531 7.58501 7.58570 7.60750 7.62167 7.61295 7.57703 7.48187 7.46251 7.55110 7.58682 7.60161 7.61215 7.61705 7.61985 7.61974 7.61637 7.60734 7.60380 7.60508
6.65213 6.75989 7.05903 6.84723 7.20232 7.12626 7.08649 7.35554 7.46503 7.43938 7.34316 6.47506 6.51765 6.52480 7.11789 7.11519 7.19100 7.33812 7.49987 7.55069 7.57191 7.56958 7.56560 7.56361 7.53964 7.49413 7.48351 7.43025 7.44272 7.49880 7.47374 7.49574 7.47520 7.46278 7.49732 7.49686 7.50400 7.50420 7.48501 7.52284 7.51980 7.53892 7.55490 7.53090 7.53623 7.54604 7.58279 7.58469 7.56454 7.60429 7.61347 7.59971 7.55035 7.45882 7.47558 7.54848 7.57337 7.59998 7.61464 7.62029 7.62210 7.62156 7.61866 7.61027 7.60392 7.60766
6.26575 6.89783 6.85305 6.71668 6.80300 6.24551 6.35269 6.75006 7.33522 7.24633 7.26342 7.04099 6.18873 6.51166 7.32498 7.30787 7.04949 6.82803 7.43513 7.52906 7.55963 7.55517 7.55146 7.53824 7.43726 7.02897 7.01509 7.00849 6.79530 7.32419 7.46220 7.53505 7.53586 7.48613 7.47700 7.49877 7.50848 7.49271 7.49955 7.52306 7.50930 7.50189 7.54650 7.57355 7.57963 7.57901 7.57614 7.57815 7.57658 7.60241 7.61488 7.59297 7.52523 7.44725 7.47612 7.49578 7.49117 7.56779 7.60698 7.61725 7.62066 7.62188 7.62057 7.61577 7.60602 7.60260
6.51669 6.64103 6.58245 7.11948 7.04946 5.86149 5.70985 6.07142 6.83888 7.10763 7.38304 7.43956 7.38153 7.25648 7.36617 7.41023 7.31000 6.79880 7.28694 7.50348 7.53664 7.54442 7.53274 7.48247 7.03030 6.62364 6.97438 6.98722 6.78545 6.20569 7.23500 7.50497 7.52607 7.50426 7.50642 7.52553 7.53980 7.50105 7.49315 7.47900 7.48343 7.51180 7.51883 7.55850 7.57592 7.56957 7.56989 7.57529 7.58441 7.60661 7.60941 7.58593 7.55590 7.45245 7.37390 7.24924 7.40985 7.49406 7.58257 7.60466 7.61291 7.61860 7.61989 7.61714 7.60978 7.59623
6.67438 6.95665 6.34487 6.44017 7.03036 6.02954 5.70640 6.15963 6.74657 7.33958 7.47417 7.48712 7.48715 7.43548 7.35700 7.27801 7.13938 6.77570 7.18041 7.48558 7.51046 7.47209 7.49670 7.37357 6.74351 6.96580 7.35285 7.42128 7.18566 6.53279 6.93782 7.46220 7.51766 7.52632 7.53667 7.54834 7.53981 7.53135 7.48742 7.45244 7.43986 7.47338 7.51954 7.49248 7.51876 7.55999 7.56176 7.57044 7.59346 7.60710 7.60067 7.59003 7.57722 7.52364 7.41649 7.08578 7.28999 7.49337 7.58311 7.59798 7.59774 7.60470 7.61206 7.61066 7.60650 7.58998
6.19066 6.86113 6.32275 6.12545 6.34889 6.66632 5.95364 6.36145 7.21974 7.44062 7.49044 7.49653 7.48208 7.43727 7.27626 6.41216 6.67450 6.10793 6.83153 7.35626 7.27159 6.61636 7.22750 6.01726 5.73161 6.98731 7.20692 7.42189 7.32158 6.46066 6.57475 7.41582 7.49004 7.50641 7.51519 7.54311 7.53986 7.55252 7.54554 7.49928 7.51985 7.46931 7.50609 7.46162 7.47694 7.53083 7.55334 7.57666 7.60301 7.60508 7.60661 7.59609 7.56759 7.51471 7.42949 7.26641 7.37873 7.56128 7.60563 7.60781 7.59126 7.59027 7.59385 7.59583 7.58895 7.59080
5.65006 5.55928 6.11461 6.00546 5.63024 5.68530 5.63160 7.05262 7.39988 7.46079 7.49638 7.50742 7.48708 7.47119 7.31342 5.92920 6.42733 6.01239 6.53337 6.60752 5.72443 6.07931 6.62025 5.95315 6.83313 7.21543 7.36787 7.37295 7.01575 6.12267 5.44187 7.05764 7.45827 7.49090 7.52087 7.53697 7.52286 7.53057 7.53540 7.51594 7.52091 7.49660 7.47833 7.45484 7.47143 7.52001 7.55127 7.58214 7.59734 7.60985 7.60870 7.58949 7.51725 7.41035 7.36590 7.38785 7.53354 7.58910 7.60748 7.61256 7.60369 7.58715 7.58443 7.56710 7.55332 7.58597
5.62917 5.48237 5.64550 6.03672 5.58495 5.24239 6.54372 7.31960 7.41172 7.47414 7.50275 7.50227 7.48901 7.47161 7.30659 5.83571 5.61505 5.99364 6.57699 6.80005 5.94277 6.77413 6.87540 7.00748 7.29167 7.42005 7.46064 7.49202 7.20847 6.07009 5.40873 5.83737 7.40397 7.52098 7.54113 7.54674 7.53795 7.54743 7.53284 7.53747 7.54047 7.51882 7.48708 7.40301 7.38646 7.50419 7.53277 7.55809 7.59676 7.60957 7.59335 7.55846 7.42928 7.38453 7.49519 7.54996 7.58883 7.60062 7.60712 7.61333 7.60856 7.58858 7.55980 7.46713 7.50231 7.56961
5.65139 5.20459 5.47267 5.99544 5.96169 5.44903 7.00473 7.36098 7.42623 7.48530 7.50897 7.49841 7.48115 7.47713 7.34396 6.47614 5.96658 5.87501 7.04422 7.27519 6.62557 6.00865 6.63311 7.25828 7.44270 7.49289 7.50798 7.46194 7.11938 6.76003 5.76512 6.41020 7.42613 7.51824 7.54883 7.55990 7.56047 7.56448 7.55980 7.56526 7.54549 7.53274 7.48923 7.42028 7.40620 7.47739 7.51933 7.55370 7.59475 7.59513 7.56730 7.48197 7.34490 7.46489 7.55314 7.58618 7.60353 7.61115 7.61121 7.60980 7.60315 7.57836 7.51248 7.46818 7.49419 7.56402
6.56184 5.19434 5.34235 5.61811 5.64290 5.45100 7.08555 7.39798 7.46039 7.49697 7.50891 7.50651 7.50428 7.48173 7.38954 6.60144 6.16185 5.90476 5.88445 6.31641 5.56127 5.50381 6.33479 6.82780 7.15836 7.37180 7.43654 7.20169 7.06267 6.50366 6.36673 7.10731 7.45373 7.51724 7.54879 7.56500 7.57365 7.56612 7.55773 7.56188 7.55265 7.55232 7.50997 7.48993 7.43470 7.48677 7.52090 7.56103 7.58650 7.58097 7.53843 7.44092 7.34148 7.49267 7.56906 7.59464 7.60835 7.61549 7.61399 7.60467 7.58575 7.55859 7.53661 7.50688 7.54996 7.60302
7.25881 6.37976 5.15280 4.94613 4.81463 5.41261 7.19227 7.43279 7.47909 7.49126 7.50710 7.52278 7.51466 7.49928 7.45854 7.25256 6.24782 6.63497 6.55820 6.93951 5.83894 6.69786 7.26835 7.22436 7.15009 7.14257 7.24060 7.21992 7.16955 7.22941 6.81843 6.68040 7.38215 7.51175 7.54280 7.56466 7.57137 7.57087 7.56685 7.54593 7.55093 7.54843 7.51505 7.50875 7.40225 7.43871 7.50356 7.54748 7.57237 7.57838 7.53498 7.45991 7.30763 7.43998 7.56796 7.59998 7.61183 7.61760 7.61524 7.59970 7.56463 7.55448 7.54268 7.54329 7.58689 7.61184
7.39712 7.34176 6.64981 5.34029 5.29583 6.67590 7.35957 7.44108 7.47261 7.48642 7.50413 7.51899 7.50948 7.50673 7.48562 7.40483 7.17897 7.21144 6.81150 7.01503 7.19136 7.30467 7.17739 7.38825 7.46194 7.36547 7.03325 7.22330 7.42360 7.46427 7.39442 6.75766 7.08301 7.47592 7.52888 7.54589 7.55149 7.54888 7.54437 7.51604 7.49913 7.52215 7.50206 7.47485 7.42536 7.39041 7.42812 7.52571 7.57130 7.58214 7.53804 7.36398 7.33289 7.51914 7.58661 7.60641 7.61570 7.61833 7.61390 7.60595 7.59133 7.53724 7.52920 7.56575 7.57315 7.60048
7.44367 7.41939 7.35251 7.10992 7.11184 7.30298 7.38431 7.43345 7.47103 7.48371 7.49848 7.50714 7.50500 7.50103 7.49194 7.41924 7.31768 7.37968 7.33842 7.11558 7.36563 7.18940 7.26849 7.11649 7.44991 7.46470 7.09675 7.27627 7.50016 7.52360 7.46882 7.11165 7.00360 7.43341 7.50960 7.52491 7.52317 7.49245 7.38031 7.34191 7.40069 7.46383 7.47179 7.48142 7.48221 7.47074 7.44178 7.47605 7.55569 7.56598 7.51024 7.41133 7.48938 7.56718 7.59787 7.61190 7.61925 7.62208 7.61469 7.60754 7.59761 7.55557 7.56338 7.55468 7.59346 7.60821
7.47601 7.46475 7.44362 7.40982 7.38723 7.37843 7.36272 7.41711 7.47763 7.49174 7.50098 7.50749 7.51124 7.49884 7.49516 7.45138 7.43115 7.38468 7.47525 7.47153 7.48840 7.41179 6.99554 6.98506 7.19931 7.32785 6.74425 7.22744 7.50756 7.54294 7.44327 7.02726 6.79620 7.23092 7.43032 7.45209 7.43651 7.17992 5.66619 6.00473 7.28254 7.46596 7.48028 7.48014 7.46595 7.48092 7.49444 7.49747 7.53344 7.56043 7.50627 7.47946 7.54650 7.58208 7.59988 7.60701 7.61680 7.62036 7.61514 7.61182 7.60771 7.59087 7.57501 7.59305 7.61142 7.61422
7.50500 7.49673 7.48046 7.46193 7.43066 7.38387 7.41082 7.41246 7.46096 7.48071 7.50349 7.51328 7.52026 7.50961 7.50949 7.48988 7.39976 7.38046 7.47357 7.51559 7.51471 7.47989 7.20422 7.25870 6.98495 6.80849 6.55476 6.87369 7.44066 7.48429 7.22287 6.97172 6.38545 5.67285 6.58381 7.00421 6.82609 5.53438 5.43487 5.49336 6.33029 7.30491 7.36698 7.39603 7.44923 7.46307 7.50549 7.52582 7.53221 7.56016 7.51509 7.50559 7.56006 7.58384 7.58826 7.58233 7.60461 7.61526 7.61036 7.61246 7.61227 7.60736 7.59860 7.60733 7.61237 7.61329
7.50928 7.49883 7.48589 7.47133 7.43958 7.41838 7.43837 7.47067 7.47385 7.47506 7.49943 7.51326 7.52197 7.52199 7.51884 7.50115 7.40296 7.39950 7.43729 7.49833 7.51830 7.49064 7.34018 7.23552 7.19964 7.02487 5.57688 6.14933 6.74472 7.16629 6.80464 6.74663 5.89089 6.22642 6.09063 6.59728 6.86204 5.98302 6.40408 6.72493 5.87563 6.29347 6.01420 6.95309 7.36570 7.48236 7.49933 7.51439 7.51591 7.55034 7.50900 7.50059 7.55896 7.57758 7.56523 7.57621 7.58546 7.61131 7.60983 7.61479 7.61401 7.61317 7.60817 7.60652 7.61016 7.61086
7.50701 7.50158 7.48937 7.46554 7.43189 7.45830 7.45441 7.48483 7.48172 7.48642 7.49265 7.49895 7.51344 7.51339 7.51638 7.49302 7.44363 7.42384 7.48448 7.50009 7.50457 7.49573 7.42512 7.30022 7.33378 7.13776 5.53836 6.61664 6.44476 6.52080 6.92464 6.94846 7.14791 6.89932 7.15996 7.04781 7.24290 7.30419 7.24930 7.20905 7.04710 5.92315 5.48617 5.63448 7.24856 7.46758 7.52762 7.54390 7.52566 7.53826 7.50003 7.47902 7.53532 7.57339 7.56892 7.54371 7.58583 7.61109 7.60707 7.61191 7.61250 7.61322 7.61035 7.60643 7.60850 7.60874
7.50095 7.49696 7.48229 7.45928 7.44107 7.47419 7.47323 7.47755 7.48241 7.50402 7.49792 7.49621 7.50448 7.51628 7.51887 7.51397 7.48069 7.46368 7.50065 7.50306 7.48530 7.49308 7.47451 7.37818 7.39735 7.17609 5.43964 6.03086 6.73463 6.83467 6.95191 7.25693 7.41424 7.29726 7.16015 7.29949 7.05313 7.23716 7.44261 7.45180 6.61785 5.76419 5.22052 5.88950 7.33011 7.45958 7.52674 7.53069 7.53483 7.54212 7.54811 7.50509 7.47079 7.53113 7.55375 7.56235 7.57869 7.60720 7.60564 7.60402 7.61116 7.61055 7.60712 7.60384 7.60306 7.60363
