mrvbf_slope0.8_pctl0.9.asc
NCOLS 410
NROWS 410
XLLCORNER 2398750.0000000000000000
YLLCORNER 2548750.0000000000000000
CELLSIZE 250.0000000000000000
NODATA_VALUE -99999.00000
[rows 290 to 318 of 410, columns 264 to 329 of 410]
3.95283 4.02242 4.07196 4.19716 4.17644 3.89873 3.84410 3.88883 3.90444 3.91557 4.01270 4.20992 4.15661 4.04116 3.80182 3.80195 3.94295 3.96481 3.97803 4.05498 3.96096 3.86309 3.79269 3.82106 3.95221 3.83913 3.70749 3.68985 3.75961 3.85918 3.95419 4.04522 4.11177 4.14734 4.05822 4.10397 3.93571 3.78494 3.75207 3.61911 3.69708 3.83294 3.93868 4.12543 4.24135 4.19644 4.16869 4.30830 4.30356 4.36642 4.47168 4.46620 4.44441 4.44725 4.46257 4.46960 4.46761 4.46331 4.46731 4.47149 4.46491 4.45771 4.45825 4.47503 4.51771 4.54625
3.93325 4.00302 4.00460 4.10880 4.10954 4.05412 4.01533 4.03686 4.05622 4.03072 4.04500 4.19937 4.15440 4.09658 3.99772 3.90810 3.91074 3.93028 3.89814 3.84166 3.75849 3.74747 3.63371 3.56330 3.67264 3.69629 3.61876 3.67634 3.67603 3.86119 4.11778 4.25107 4.23247 4.03205 4.16227 4.23437 4.07462 3.87712 3.78270 3.88658 4.15167 4.26609 4.31785 4.36341 4.36026 4.29485 4.16192 4.13266 4.19385 4.34454 4.38588 4.36854 4.36427 4.38004 4.40668 4.42987 4.45319 4.47510 4.50504 4.53127 4.52455 4.48711 4.44944 4.42046 4.41294 4.42194
3.96859 3.93350 3.97589 4.04429 4.07504 4.13447 4.04065 3.92184 3.95654 4.06596 4.14176 4.25003 4.16142 4.06805 4.11066 4.04195 3.96508 4.05070 4.07172 3.94716 3.93113 3.96695 3.86683 3.67756 3.67980 3.77952 3.68988 3.88290 3.92453 3.98454 4.17969 4.29863 4.24838 4.17895 4.23545 4.22895 4.17374 4.07489 4.08386 4.26087 4.37907 4.41862 4.43181 4.41837 4.39017 4.36807 4.29327 4.17575 4.23085 4.31908 4.27831 4.24036 4.26028 4.32234 4.40335 4.47896 4.52977 4.56281 4.58447 4.58438 4.54371 4.48472 4.43366 4.39226 4.36244 4.35563
4.02937 3.99918 4.01297 4.02611 4.10898 4.14864 4.03881 3.89329 3.93295 4.08687 4.07454 4.08304 4.00637 4.00441 4.14499 4.09367 3.91661 3.93161 3.99896 4.02461 4.08892 4.11711 4.10495 3.88504 3.72151 3.78892 3.74966 4.06667 4.08120 4.03996 4.09316 4.11277 4.12787 4.21290 4.19249 4.22002 4.17416 4.17417 4.22044 4.34152 4.42185 4.44900 4.44746 4.41077 4.37429 4.37593 4.37874 4.35017 4.34409 4.29194 4.16702 4.09683 4.14109 4.27516 4.43007 4.53947 4.59811 4.61446 4.58697 4.53556 4.49615 4.46546 4.43782 4.41888 4.41469 4.42876
4.05130 4.02710 4.02689 4.04681 4.10415 4.08353 4.01990 3.97636 3.97849 4.04208 4.01377 3.95997 3.95373 4.08619 4.21614 4.19300 3.99523 3.86042 3.87614 3.98474 4.10678 4.09316 4.09523 4.02623 3.74681 3.73436 3.80220 4.15027 4.19818 4.15782 4.05952 4.00020 4.16953 4.17969 4.17005 4.19962 4.24747 4.24351 4.24044 4.30481 4.37675 4.40713 4.40796 4.38437 4.37446 4.40313 4.45021 4.46892 4.42761 4.30446 4.11573 3.99991 4.05002 4.23135 4.42310 4.53341 4.55378 4.52215 4.47919 4.44849 4.45234 4.46399 4.46929 4.47851 4.49846 4.52394
4.02933 4.04578 4.09710 4.15806 4.19837 4.07779 4.01112 4.04817 4.10811 4.11200 4.09115 4.07937 4.11844 4.24161 4.28859 4.23532 4.11252 3.96822 3.92506 3.90080 3.93447 3.97329 4.04912 4.10527 3.99526 3.84772 4.09043 4.25886 4.29268 4.27971 4.13877 4.07173 4.03992 4.07048 4.14372 4.29387 4.36213 4.33445 4.30038 4.29222 4.32134 4.34936 4.36076 4.37449 4.40935 4.45383 4.48190 4.47089 4.41770 4.30945 4.12635 3.96917 3.99462 4.20440 4.40627 4.48114 4.45875 4.41065 4.39069 4.41559 4.45532 4.48831 4.50937 4.52655 4.54400 4.55620
4.01617 4.11739 4.21612 4.21723 4.11788 4.00867 4.02018 4.11370 4.17813 4.13943 4.12023 4.15923 4.23625 4.28433 4.22955 4.10095 4.01778 3.87630 3.80007 3.80574 3.85781 3.93521 4.03035 4.08550 4.12137 4.13680 4.23947 4.28195 4.28593 4.24961 4.19417 4.11187 4.02054 3.99988 4.22171 4.32679 4.38887 4.37162 4.34303 4.32404 4.32753 4.34506 4.36083 4.39388 4.44930 4.48963 4.47561 4.42871 4.37149 4.29341 4.14350 3.96706 3.97025 4.20704 4.40284 4.42308 4.38549 4.36988 4.40654 4.45944 4.50278 4.52681 4.53241 4.52865 4.52484 4.52279
4.00863 4.15136 4.25232 4.15638 4.02913 4.04981 4.13110 4.17330 4.14987 4.13185 4.09379 4.07945 4.12790 4.13961 4.02843 3.93020 3.88490 3.76733 3.70824 3.74941 3.85762 3.98033 4.06248 4.11697 4.14495 4.16943 4.19522 4.23903 4.23847 4.19082 4.15171 4.09175 4.03611 4.08736 4.20826 4.25434 4.32065 4.35561 4.37002 4.38308 4.38448 4.38876 4.40054 4.42483 4.45456 4.46684 4.43927 4.38871 4.33740 4.28297 4.16542 3.99696 3.98390 4.20345 4.36426 4.37860 4.37799 4.42130 4.48293 4.52791 4.55128 4.53626 4.50541 4.48296 4.47407 4.47292
3.93599 4.07877 4.13674 4.05215 4.04907 4.09026 4.01343 4.06099 4.14252 4.19640 4.16189 4.05048 3.96412 3.92014 3.89549 3.93613 3.91844 3.88183 3.90880 3.85822 3.89709 4.03395 4.16387 4.23051 4.20965 4.15731 4.13059 4.14156 4.08058 4.11160 3.95616 4.11958 4.20247 4.24013 4.21521 4.19574 4.21491 4.27844 4.33828 4.39803 4.42762 4.42997 4.43591 4.43487 4.41975 4.41322 4.39560 4.36493 4.34148 4.31863 4.23110 4.07897 4.01249 4.12089 4.27392 4.36615 4.42352 4.46631 4.50099 4.51176 4.50286 4.47710 4.44620 4.42422 4.42083 4.43340
3.80210 3.90456 3.92026 3.86972 3.81449 3.71607 3.69902 3.91350 4.15542 4.27051 4.23807 4.08901 3.91425 3.85758 3.94979 4.06965 4.02218 4.02101 4.08923 3.99771 3.94991 4.03579 4.18935 4.27991 4.27498 4.18197 4.09168 4.05405 4.01911 3.96857 3.97675 4.16435 4.26143 4.29363 4.24932 4.19581 4.16863 4.20511 4.25872 4.34256 4.39704 4.40634 4.41185 4.40157 4.36617 4.33969 4.32929 4.32655 4.35056 4.35711 4.28087 4.13827 4.01964 4.02531 4.18271 4.35858 4.45126 4.44841 4.43458 4.43049 4.42617 4.41328 4.39245 4.37872 4.38681 4.41602
3.72040 3.75786 3.76038 3.72952 3.68729 3.64891 3.69115 3.76351 4.08452 4.25756 4.17636 4.01682 3.93526 3.94202 3.98357 4.08092 4.01266 3.98730 4.02601 3.94223 3.86196 3.91921 4.12726 4.27071 4.23983 4.15663 4.05067 3.93334 3.98809 3.95261 4.06376 4.14710 4.23911 4.31628 4.30896 4.25061 4.18560 4.16680 4.19202 4.23754 4.27593 4.28268 4.29485 4.29295 4.27972 4.26465 4.24872 4.24395 4.25932 4.25641 4.21564 4.13715 4.05037 4.01306 4.11134 4.27497 4.37039 4.37603 4.36948 4.37387 4.38202 4.38173 4.36774 4.36027 4.37551 4.41417
3.74210 3.74327 3.74498 3.72231 3.74981 3.80218 3.68617 3.76568 4.08633 4.12976 3.97635 3.92794 4.01720 4.09043 4.00195 3.96055 3.87895 3.84377 3.83016 3.76406 3.68438 3.69419 3.91603 4.17481 4.14987 4.09767 4.08997 3.92384 3.74542 3.76062 3.90424 4.10826 4.25735 4.35224 4.34989 4.30312 4.20528 4.14751 4.14990 4.11057 4.09551 4.11374 4.13653 4.15197 4.15989 4.16426 4.18676 4.20144 4.18343 4.16722 4.15827 4.14186 4.11036 4.04092 4.01879 4.11881 4.23685 4.31714 4.36033 4.37640 4.38733 4.38859 4.37440 4.36630 4.38110 4.42411
3.85788 3.86678 3.87945 3.84536 3.81405 3.75979 3.63797 3.68044 3.83738 3.79991 3.77383 3.91983 4.13020 4.19247 4.05044 3.89223 3.80902 3.78144 3.75705 3.69413 3.59464 3.54515 3.64703 3.92433 4.03850 4.07230 4.15528 4.01939 3.63533 3.76352 3.70611 3.95448 4.13344 4.28991 4.32819 4.33403 4.23316 4.13721 4.08513 4.03700 4.00461 4.01078 4.02839 4.06251 4.06377 4.01541 4.05245 4.16396 4.19830 4.19309 4.15273 4.08657 4.00853 3.91636 3.90691 4.01447 4.16771 4.30782 4.39423 4.41940 4.42553 4.41848 4.39528 4.37881 4.38863 4.42637
4.02712 4.05970 4.08112 4.07695 3.95837 3.76804 3.60793 3.57142 3.63684 3.66711 3.76572 3.95160 4.14309 4.16703 4.02031 3.90031 3.87071 3.85697 3.83039 3.78113 3.66527 3.54573 3.55855 3.72756 3.95083 4.10586 4.12790 4.02934 3.80598 3.79286 3.96920 3.96370 3.92950 4.11205 4.27392 4.32908 4.26343 4.14513 4.06517 4.04557 4.04246 4.02298 4.02007 4.06441 4.07931 3.99846 3.90518 4.01651 4.20017 4.23612 4.11841 3.94932 3.82859 3.79383 3.86600 4.00479 4.16059 4.31082 4.40839 4.43873 4.44549 4.43002 4.39494 4.36885 4.37112 4.40262
4.14560 4.11894 4.15040 4.20987 4.08377 3.90961 3.74721 3.65598 3.69241 3.78540 3.89294 3.96473 4.12624 4.07627 3.95270 3.95445 4.02969 3.99609 3.92480 3.90513 3.83526 3.63167 3.61972 3.72584 3.88076 4.01720 4.06105 4.00017 3.87712 3.87389 3.95670 4.03112 3.98896 3.86956 3.99354 4.15711 4.22217 4.16313 4.10695 4.10809 4.12689 4.10213 4.06515 4.07735 4.12423 4.12178 3.95680 3.89051 4.05295 4.13807 4.02337 3.82703 3.72027 3.74597 3.87733 3.99924 4.10893 4.24125 4.32684 4.35320 4.36873 4.36991 4.34458 4.32108 4.32271 4.35368
4.14301 4.14655 4.26606 4.29899 4.12077 4.01452 3.99869 3.90929 3.95149 3.97969 3.92758 3.95440 4.15245 3.99455 3.92498 4.02352 4.09988 4.02611 3.93101 3.92465 3.79347 3.68877 3.74730 3.77874 3.77545 3.90243 4.03283 3.91904 3.71183 3.62325 3.65628 3.79621 3.90475 3.94607 3.88548 3.90773 4.04357 4.13914 4.14899 4.16167 4.19051 4.17492 4.10438 4.02781 4.08873 4.15535 4.01674 3.83991 3.82779 3.84249 3.84760 3.74735 3.66695 3.68560 3.79340 3.85291 3.88575 3.96728 4.06330 4.13723 4.21043 4.25413 4.25002 4.23864 4.24845 4.28157
3.98280 4.05884 4.29003 4.33237 4.13080 4.05139 4.05443 4.02825 4.15004 4.05633 3.84726 3.82431 4.06551 3.92253 3.94188 4.03514 3.97911 4.03999 3.96487 3.98743 3.91115 3.80645 3.75436 3.67858 3.62404 3.73951 3.82094 3.65636 3.57747 3.55959 3.62100 3.68101 3.79801 4.07878 3.89734 3.78069 3.87449 4.08246 4.15167 4.15123 4.17710 4.19452 4.10971 4.00390 4.02096 4.05662 4.02193 3.89922 3.77285 3.71503 3.69127 3.71312 3.67605 3.63469 3.67132 3.68613 3.66208 3.66261 3.73360 3.85765 3.99551 4.09335 4.12497 4.13538 4.15613 4.19072
3.88314 3.83283 4.10930 4.29775 4.11767 4.06952 4.01886 4.09464 4.18030 4.02191 3.80784 3.66760 3.82641 3.89181 3.91220 3.94858 3.96979 4.08449 3.83048 3.72981 3.76371 3.68126 3.64009 3.58737 3.49196 3.53421 3.60805 3.59741 3.68373 3.71250 3.65013 3.64275 3.75105 4.02105 3.93158 3.71741 3.77163 4.00509 4.13386 4.13421 4.12600 4.13793 4.09922 4.03165 3.96075 3.91509 3.91198 3.91718 3.86874 3.71259 3.64915 3.75123 3.76460 3.71007 3.69776 3.65214 3.58013 3.54125 3.57346 3.65851 3.77279 3.89097 3.96647 4.01140 4.05228 4.09576
3.98070 3.79160 3.95230 4.27103 4.18188 4.07251 4.09857 4.25601 4.24229 3.98617 3.85670 3.67567 3.67151 3.95466 3.94898 3.96001 4.07493 3.98635 3.66276 3.67876 3.86416 3.86346 3.80153 3.70446 3.54921 3.50443 3.61090 3.72380 3.89179 3.80157 3.69128 3.65249 3.67831 3.88635 3.93944 3.74129 3.69581 3.84771 4.07794 4.14238 4.11007 4.07259 4.05727 4.03842 3.96455 3.91950 3.85962 3.82557 3.80978 3.65755 3.65228 3.80914 3.78369 3.76195 3.79830 3.69857 3.59833 3.53891 3.53004 3.55498 3.60308 3.68880 3.77156 3.84446 3.92609 4.00630
3.79567 3.76531 4.08769 4.31720 4.30130 4.18512 4.24426 4.34568 4.31985 4.05336 3.84444 3.85277 3.66516 3.79135 3.98527 4.04955 4.04289 3.85322 3.66327 3.73249 3.89840 3.93593 3.89356 3.79575 3.63214 3.64238 3.76680 3.96017 3.99044 3.87578 3.81278 3.71607 3.62896 3.66247 3.80586 3.70602 3.65932 3.74198 3.98068 4.13029 4.12217 4.04398 3.98714 3.96755 3.96734 3.99677 3.91725 3.78670 3.70833 3.62611 3.64530 3.74205 3.69978 3.70519 3.77697 3.71538 3.68027 3.62917 3.55155 3.51651 3.49680 3.51998 3.57859 3.66054 3.77757 3.91746
3.75432 3.80133 4.10486 4.25779 4.27294 4.20197 4.14812 4.23016 4.30922 4.19879 3.91474 3.92707 3.71172 3.67567 3.77689 3.82143 3.77167 3.71659 3.68702 3.81594 3.96112 3.99268 3.83096 3.67417 3.62301 3.75932 3.95903 4.06449 4.03327 3.96677 3.93041 3.81735 3.63298 3.55685 3.76197 3.62703 3.63247 3.71724 3.83548 3.97625 4.10016 4.07175 3.97401 3.90726 3.90982 3.91968 3.84460 3.73756 3.69665 3.66539 3.58760 3.54569 3.60451 3.64111 3.71324 3.74564 3.78905 3.76956 3.61709 3.53038 3.46775 3.42564 3.44762 3.52093 3.64747 3.83672
3.84843 3.67897 3.75861 3.93143 3.95961 3.83913 3.81432 3.94539 4.13553 4.12097 3.85781 3.89246 3.83321 3.69422 3.69523 3.74581 3.73262 3.67663 3.67767 3.75301 3.76830 3.74230 3.64669 3.60594 3.52668 3.65166 3.82703 3.96596 4.00924 3.98644 3.98254 3.93440 3.71903 3.56068 3.67126 3.68395 3.69850 3.75098 3.76154 3.77348 3.89740 4.06056 4.03724 3.93819 3.85022 3.78836 3.73593 3.68470 3.68723 3.68500 3.58004 3.49247 3.47406 3.59153 3.69630 3.80597 3.82491 3.75006 3.64653 3.56179 3.50735 3.44103 3.40197 3.42932 3.54813 3.76959
4.04526 3.84189 3.67253 3.68518 3.70993 3.71884 3.80543 3.84586 3.99992 3.99438 3.85968 4.02931 4.05491 3.94682 3.85349 3.91568 3.89827 3.75304 3.73120 3.77558 3.71954 3.67541 3.67242 3.67526 3.52696 3.55078 3.64908 3.77091 3.87391 3.90756 3.90644 3.87830 3.73165 3.58905 3.65515 3.71625 3.71832 3.80866 3.83645 3.75528 3.72635 3.89246 4.06670 4.01831 3.87335 3.74043 3.66469 3.62866 3.61055 3.61499 3.58364 3.55033 3.45351 3.51188 3.60879 3.72145 3.70237 3.58806 3.54632 3.51527 3.51429 3.46204 3.37219 3.34835 3.46149 3.68792
4.25049 4.01108 3.86099 3.72048 3.73117 3.87449 3.95470 3.96378 4.10102 4.05788 4.03515 4.10408 4.19043 4.10107 3.96551 3.97956 3.93091 3.79010 3.80297 3.87642 3.83350 3.79969 3.85938 3.81397 3.61011 3.55194 3.59143 3.66598 3.75744 3.82867 3.83667 3.80312 3.71330 3.65547 3.72810 3.70020 3.58048 3.62500 3.67063 3.69764 3.69536 3.76038 3.97901 4.03386 3.94631 3.78809 3.66283 3.61194 3.60955 3.62047 3.59649 3.55032 3.47284 3.46718 3.48044 3.52394 3.50652 3.45267 3.45920 3.43438 3.44041 3.38951 3.28304 3.25809 3.39117 3.61014
4.32039 4.06874 3.88065 3.83091 3.83683 3.89990 3.93777 4.01929 4.20208 4.10555 4.06392 4.03094 4.15176 4.03378 3.94597 3.92267 3.88745 3.78876 3.89105 3.97846 3.91574 3.86331 3.89490 3.87825 3.70026 3.59500 3.58576 3.63173 3.71628 3.82138 3.82998 3.73305 3.66043 3.66453 3.72471 3.57707 3.53369 3.60674 3.62461 3.62534 3.67563 3.75992 3.86924 3.91409 3.92428 3.85565 3.70078 3.59808 3.58155 3.61518 3.62070 3.54664 3.51373 3.52080 3.47269 3.43718 3.43927 3.43041 3.42544 3.33638 3.35238 3.35416 3.22297 3.15224 3.27946 3.49213
4.21754 3.86780 3.81388 3.96472 3.95522 3.86189 3.84403 3.98359 4.22016 4.08316 3.94804 4.04168 4.13283 4.07014 3.94189 3.91017 3.87112 3.81439 4.02524 3.98861 3.90580 3.86067 3.77013 3.71019 3.66515 3.58712 3.57697 3.62630 3.73239 3.87589 3.84370 3.71007 3.61825 3.60889 3.66556 3.60012 3.55242 3.65073 3.70339 3.67572 3.67768 3.68389 3.69931 3.70967 3.74924 3.78267 3.70285 3.58469 3.50779 3.49896 3.50472 3.47237 3.48546 3.54624 3.54039 3.48962 3.47303 3.43964 3.29954 3.18322 3.32652 3.35020 3.18088 3.02890 3.12224 3.34481
3.99464 3.80876 3.99035 4.01046 3.85681 3.76196 3.79443 3.99630 4.24586 4.16715 3.95963 4.00604 4.18339 4.17522 3.99725 3.97660 3.89651 3.85048 4.08110 4.03408 4.07633 4.12687 3.92757 3.72553 3.61681 3.58655 3.60196 3.66778 3.82571 3.91258 3.78600 3.70663 3.62387 3.56585 3.59755 3.62893 3.57029 3.62303 3.71875 3.70552 3.63711 3.59024 3.59305 3.58690 3.59210 3.61322 3.60040 3.53986 3.45235 3.38701 3.33257 3.24226 3.24944 3.37266 3.45778 3.48049 3.46115 3.40338 3.15828 2.96007 3.03342 3.12222 3.04533 2.88394 2.91582 3.08488
4.01846 3.87138 4.02764 3.87200 3.72467 3.72627 3.87623 4.13419 4.29639 4.25918 4.07034 4.02550 4.15787 4.17170 4.00725 3.96199 3.83670 3.82447 4.04742 4.00896 4.08584 4.19211 4.06522 3.84825 3.70900 3.67220 3.67820 3.77103 3.95409 3.84988 3.71832 3.69802 3.63661 3.54886 3.53856 3.62445 3.59109 3.58951 3.63704 3.63790 3.57645 3.54220 3.55123 3.54331 3.52922 3.52949 3.52978 3.50545 3.45330 3.36591 3.19122 2.84070 2.65807 2.78909 3.07374 3.30222 3.35903 3.21895 2.92897 2.77019 2.73924 2.80260 2.80662 2.73106 2.71719 2.76065
3.99109 3.89067 4.04289 3.80511 3.71170 3.83150 4.04279 4.15813 4.15319 4.16070 4.10611 4.03004 4.05722 4.05398 3.94753 3.83354 3.72985 3.79004 3.96711 3.94730 4.01544 4.05959 3.96285 3.83396 3.69469 3.64235 3.65518 3.74618 3.90917 3.76080 3.68136 3.68092 3.62142 3.52434 3.46943 3.57887 3.56810 3.53956 3.56480 3.57099 3.54119 3.54434 3.56306 3.55662 3.53543 3.51974 3.51995 3.52837 3.51561 3.43224 3.16949 2.75367 2.54774 2.54402 2.68292 2.94285 3.10983 2.93515 2.85188 2.70001 2.57179 2.57378 2.60919 2.58689 2.63652 2.68557
