mrvbf_slope1.2_pctl0.8.asc
NCOLS 410
NROWS 410
XLLCORNER 2398750.0000000000000000
YLLCORNER 2548750.0000000000000000
CELLSIZE 250.0000000000000000
NODATA_VALUE -99999.00000
[rows 232 to 260 of 410, columns 132 to 197 of 410]
0.77067 0.57726 0.63522 0.74905 1.26143 1.56267 1.54423 1.37038 1.29971 1.55639 1.96831 2.40956 2.73425 3.31048 4.52388 6.39052 7.32391 7.47174 7.52841 7.55645 7.58327 7.61174 7.63449 7.64673 7.65055 7.65060 7.65401 7.66038 7.66300 7.66193 7.65587 7.64948 7.64893 7.65435 7.66221 7.66782 7.66828 7.66923 7.66900 7.67397 7.67680 7.67496 7.66717 7.66415 7.66493 7.66217 7.65982 7.65157 7.63930 7.63895 7.64297 7.65686 7.66376 7.66630 7.65351 7.64587 7.64970 7.65174 7.65710 7.66047 7.66012 7.65668 7.64788 7.62920 7.62220 7.61874
0.74738 0.81568 0.79766 0.95830 1.28015 1.49479 1.56353 1.50834 1.50112 1.66344 2.00658 2.40433 2.92625 3.66017 4.18333 5.62097 7.24272 7.45325 7.51738 7.55726 7.59240 7.61573 7.63568 7.64761 7.64996 7.65085 7.65596 7.66124 7.66363 7.65718 7.64787 7.64801 7.65475 7.66133 7.66399 7.66216 7.66656 7.67140 7.66589 7.66636 7.67087 7.67115 7.66225 7.66261 7.66643 7.66041 7.65288 7.65513 7.65222 7.64723 7.64735 7.65448 7.66384 7.66036 7.63984 7.63558 7.64247 7.64167 7.64686 7.65496 7.65608 7.65196 7.64552 7.63034 7.61685 7.61333
0.60667 0.57164 0.67185 0.75129 0.87317 1.08478 1.43037 1.57097 1.65107 1.84441 2.11147 2.45987 3.55455 4.51611 4.21473 4.68763 6.82998 7.43760 7.50323 7.55899 7.60357 7.62173 7.63819 7.64903 7.65077 7.65225 7.65716 7.65799 7.65976 7.65121 7.64673 7.65910 7.66461 7.66239 7.65855 7.65962 7.66771 7.66658 7.66060 7.65846 7.65854 7.66170 7.65728 7.66628 7.66860 7.66424 7.64447 7.64689 7.66444 7.66419 7.65106 7.64824 7.66043 7.64939 7.62876 7.63556 7.64284 7.63614 7.63188 7.63882 7.64500 7.64645 7.64500 7.64176 7.63428 7.62711
0.41962 0.39221 0.46370 0.55720 0.62718 0.91226 1.35865 1.53294 1.67423 1.97595 2.23626 2.57620 4.21554 5.15174 5.28791 4.68052 6.22397 7.44873 7.52510 7.56649 7.60767 7.62912 7.64397 7.65190 7.65241 7.65273 7.65546 7.65395 7.65346 7.64925 7.65338 7.66508 7.66048 7.65607 7.65992 7.66727 7.67172 7.66534 7.66419 7.66525 7.65810 7.65722 7.66158 7.66915 7.67228 7.67417 7.66000 7.64360 7.65218 7.65512 7.64564 7.65212 7.66433 7.64595 7.62550 7.63731 7.64935 7.64453 7.63342 7.62888 7.63429 7.64463 7.64673 7.64348 7.64025 7.63684
0.36187 0.35128 0.35874 0.50148 0.67235 1.15614 1.43410 1.56329 1.70661 2.02467 2.34127 2.79689 4.51730 5.10105 5.14435 4.91879 6.56886 7.47894 7.54896 7.58287 7.61534 7.63571 7.64834 7.65296 7.65118 7.64934 7.65111 7.65380 7.65480 7.65627 7.66228 7.66658 7.65862 7.66096 7.66980 7.67333 7.67123 7.66284 7.66387 7.67032 7.66694 7.66263 7.66637 7.66907 7.67555 7.67861 7.67382 7.66163 7.65565 7.65421 7.65330 7.66213 7.66605 7.64762 7.62666 7.63394 7.64911 7.65421 7.64705 7.63579 7.63007 7.63578 7.64729 7.64893 7.64366 7.63500
0.51490 0.44706 0.51360 0.62035 0.84642 1.34047 1.52407 1.62183 1.80043 2.16817 2.51174 3.14163 4.43564 4.83167 4.80829 5.77862 7.31546 7.51408 7.55893 7.59643 7.62562 7.64223 7.65200 7.65429 7.64817 7.64375 7.64991 7.65912 7.66340 7.66455 7.66589 7.66702 7.65992 7.65695 7.66004 7.66338 7.66099 7.65364 7.65934 7.67002 7.67080 7.66658 7.66256 7.66368 7.67291 7.67624 7.67513 7.67353 7.66853 7.66329 7.65624 7.65045 7.65700 7.64562 7.62959 7.63597 7.64594 7.65353 7.65606 7.64757 7.63382 7.62449 7.63580 7.65080 7.65223 7.64310
0.68277 0.68397 0.70927 0.82611 1.20266 1.47590 1.59436 1.69378 1.96324 2.37496 2.80122 3.65650 4.43890 4.98375 6.07636 7.25396 7.46547 7.52426 7.56784 7.60562 7.63023 7.64579 7.65484 7.65688 7.64823 7.64153 7.65128 7.65945 7.66309 7.66574 7.66363 7.66607 7.66595 7.65947 7.65744 7.65989 7.65866 7.65305 7.65806 7.66440 7.66900 7.66422 7.65954 7.65185 7.65912 7.66581 7.66800 7.66935 7.66777 7.65219 7.62867 7.62141 7.62971 7.63335 7.63264 7.64502 7.64545 7.64565 7.65274 7.65533 7.64494 7.62500 7.61512 7.63775 7.64935 7.64486
0.68688 0.82427 1.15101 1.35037 1.48216 1.57976 1.66049 1.83287 2.24808 2.60871 3.22906 4.25905 4.65031 5.75335 7.20586 7.42520 7.49332 7.54542 7.58665 7.61461 7.63186 7.64674 7.65684 7.65865 7.64977 7.64456 7.65526 7.66131 7.66712 7.67027 7.66750 7.66462 7.66636 7.66758 7.66777 7.66783 7.66445 7.65890 7.66403 7.66261 7.66793 7.66234 7.66310 7.65497 7.65274 7.66117 7.66597 7.66345 7.65827 7.63245 7.62022 7.62767 7.62063 7.62999 7.64513 7.65323 7.64946 7.64017 7.64329 7.65259 7.65266 7.64146 7.61634 7.61682 7.63592 7.63591
0.67969 0.99221 1.45000 1.53965 1.56528 1.63237 1.75874 2.16644 2.53286 3.04599 4.12580 5.13646 5.68166 6.93051 7.39117 7.45465 7.53462 7.58091 7.60700 7.62396 7.63446 7.64630 7.65722 7.65785 7.64779 7.64609 7.65843 7.66449 7.66976 7.67118 7.66725 7.66140 7.66594 7.67060 7.67035 7.67202 7.66887 7.66468 7.66936 7.66645 7.67030 7.66446 7.66505 7.66470 7.65754 7.65935 7.66242 7.65790 7.65265 7.63569 7.63554 7.65263 7.64436 7.64438 7.65165 7.65509 7.65558 7.64432 7.64045 7.64929 7.65160 7.64578 7.63372 7.62335 7.62811 7.62984
0.75411 1.34369 1.54524 1.57084 1.60668 1.69707 2.07763 2.53209 3.08737 4.21581 5.51350 6.39325 6.93801 7.34301 7.45641 7.49884 7.57227 7.60237 7.62026 7.63426 7.64068 7.64572 7.65497 7.65505 7.64524 7.64637 7.65812 7.66318 7.66948 7.66954 7.66170 7.65869 7.66841 7.67119 7.67075 7.67298 7.66910 7.66515 7.67059 7.66860 7.67182 7.66663 7.66605 7.66833 7.65751 7.65674 7.65072 7.64637 7.65031 7.64321 7.64206 7.65780 7.65786 7.65841 7.65321 7.64944 7.65376 7.64560 7.64093 7.65012 7.65311 7.65017 7.64650 7.63847 7.63351 7.63139
1.21979 1.55750 1.58279 1.57451 1.67246 1.98976 2.47891 2.94017 4.15411 5.56199 6.51246 6.99429 7.29788 7.46644 7.52658 7.53197 7.57516 7.60822 7.62879 7.64187 7.64799 7.64856 7.65293 7.65447 7.64757 7.64751 7.65713 7.66226 7.66864 7.66743 7.65954 7.66119 7.67115 7.67307 7.67297 7.67392 7.66930 7.66541 7.67083 7.66828 7.67106 7.66671 7.66739 7.67038 7.65965 7.65776 7.64588 7.65065 7.65137 7.64850 7.64659 7.65084 7.65019 7.64905 7.65162 7.64515 7.65009 7.64069 7.63459 7.64550 7.64984 7.64956 7.64774 7.64397 7.64061 7.63607
1.59504 1.67286 1.62588 1.64586 1.99825 2.43624 2.79335 3.65379 5.45758 6.70536 7.11901 7.26789 7.41315 7.51631 7.55090 7.55278 7.58246 7.61394 7.63380 7.64461 7.65056 7.65276 7.65430 7.65637 7.65372 7.65091 7.65559 7.66290 7.66751 7.66741 7.66121 7.66187 7.67015 7.67404 7.67597 7.67664 7.67370 7.66760 7.66593 7.66918 7.66957 7.66905 7.66984 7.67082 7.66767 7.66471 7.65880 7.65705 7.66131 7.65776 7.65023 7.64586 7.65136 7.64900 7.64529 7.64920 7.65290 7.63642 7.62848 7.64256 7.64686 7.64838 7.64865 7.64482 7.64240 7.63663
1.69178 1.70980 1.71913 2.05607 2.57273 3.14048 3.60442 4.97340 6.64066 7.21051 7.35533 7.39098 7.46836 7.54132 7.53049 7.53765 7.57809 7.61111 7.63175 7.64341 7.64943 7.65248 7.65285 7.65429 7.65522 7.65188 7.65257 7.65612 7.66022 7.66252 7.66203 7.66680 7.67192 7.67488 7.67717 7.67761 7.67685 7.67276 7.66816 7.66610 7.66587 7.67090 7.67083 7.66968 7.67190 7.67078 7.66708 7.66460 7.66768 7.66419 7.65611 7.65601 7.66162 7.66009 7.65339 7.65476 7.65009 7.63178 7.62772 7.64223 7.64790 7.64897 7.64681 7.64335 7.64177 7.63361
1.72193 1.82318 2.22067 3.28616 3.92738 4.52552 5.10362 6.42116 7.23257 7.38427 7.44689 7.46059 7.51736 7.54724 7.52227 7.54522 7.57739 7.60017 7.61919 7.63475 7.64338 7.64551 7.64409 7.64461 7.64789 7.64369 7.64257 7.64930 7.65435 7.66026 7.66649 7.67268 7.67522 7.67628 7.67724 7.67772 7.67793 7.67648 7.67198 7.66255 7.66325 7.66797 7.66977 7.66979 7.67231 7.67179 7.67153 7.67119 7.67061 7.66851 7.66499 7.66466 7.66409 7.66070 7.65403 7.65043 7.64337 7.63010 7.63138 7.64114 7.64310 7.64496 7.64379 7.64130 7.63913 7.62651
1.71171 2.18261 3.61255 5.12948 5.82284 6.31836 6.73778 7.23588 7.42392 7.46896 7.49774 7.51836 7.55342 7.55986 7.52420 7.55000 7.57718 7.58743 7.59953 7.61669 7.63019 7.63221 7.62781 7.62525 7.62990 7.63268 7.63175 7.64366 7.65370 7.66206 7.66918 7.67381 7.67622 7.67735 7.67747 7.67803 7.67772 7.67630 7.67096 7.66126 7.66456 7.66652 7.66957 7.66887 7.66888 7.66882 7.66966 7.66988 7.66845 7.66702 7.66589 7.66499 7.66295 7.65680 7.65087 7.64871 7.64406 7.63399 7.63251 7.63468 7.63543 7.63795 7.64014 7.63791 7.63409 7.61697
1.71310 3.18674 5.53314 6.75794 7.15765 7.29010 7.33020 7.38140 7.44620 7.49519 7.52908 7.55344 7.57354 7.56021 7.49547 7.51835 7.55953 7.56912 7.57572 7.59354 7.61380 7.61551 7.60530 7.59804 7.59766 7.60522 7.61032 7.62942 7.64561 7.65764 7.66737 7.67205 7.67477 7.67633 7.67694 7.67711 7.67672 7.67536 7.67034 7.66354 7.66586 7.66852 7.66987 7.66769 7.66525 7.66529 7.66581 7.66416 7.66093 7.65917 7.65963 7.66004 7.65937 7.65564 7.64805 7.64645 7.64572 7.63857 7.63254 7.63231 7.63423 7.63294 7.63431 7.63460 7.62887 7.61196
3.42514 5.67324 6.94501 7.33281 7.43337 7.46943 7.44970 7.42755 7.43230 7.44323 7.47515 7.53348 7.56945 7.51926 7.39319 7.48163 7.54776 7.56021 7.56223 7.57492 7.59709 7.59676 7.58469 7.58201 7.57644 7.57183 7.58404 7.61074 7.62862 7.64570 7.66222 7.66914 7.67229 7.67396 7.67446 7.67436 7.67442 7.67374 7.66907 7.66415 7.66654 7.66776 7.66682 7.66743 7.66420 7.66202 7.66004 7.65362 7.64750 7.64363 7.64413 7.64881 7.65239 7.65177 7.64645 7.64366 7.64402 7.64045 7.63441 7.63231 7.62588 7.62105 7.62313 7.62697 7.62297 7.60904
6.39342 7.05040 7.38938 7.49472 7.52456 7.53217 7.51332 7.49582 7.49220 7.48353 7.46831 7.50163 7.56558 7.45776 7.38883 7.53458 7.58215 7.58628 7.58031 7.58183 7.59655 7.59465 7.59386 7.60342 7.60260 7.59606 7.60183 7.61009 7.61706 7.63225 7.65292 7.66482 7.66891 7.66997 7.66876 7.66772 7.66873 7.67005 7.66687 7.66275 7.66436 7.66561 7.66247 7.66499 7.66531 7.65911 7.64937 7.64151 7.63800 7.63354 7.62929 7.63233 7.63876 7.64163 7.63922 7.63819 7.63902 7.63788 7.63087 7.61972 7.60682 7.59953 7.59558 7.60229 7.60744 7.59980
7.29895 7.43703 7.52849 7.55940 7.56892 7.55970 7.55749 7.55893 7.55761 7.54376 7.47978 7.51657 7.57527 7.48580 7.46814 7.56931 7.62033 7.61861 7.60621 7.60768 7.62053 7.62003 7.62533 7.63483 7.63933 7.63761 7.63670 7.62448 7.62042 7.63121 7.64611 7.65728 7.66178 7.66137 7.65977 7.66021 7.66185 7.66527 7.66651 7.66366 7.66278 7.66262 7.65962 7.66309 7.66312 7.65428 7.63980 7.63392 7.63681 7.63729 7.63200 7.62755 7.62887 7.63072 7.62912 7.62718 7.62648 7.62602 7.61996 7.60423 7.59172 7.59054 7.58966 7.58494 7.59126 7.58992
7.51066 7.56022 7.58430 7.58752 7.58155 7.57712 7.58866 7.59105 7.57503 7.53695 7.50090 7.57361 7.56627 7.50808 7.51852 7.58774 7.63406 7.62713 7.61399 7.62455 7.64059 7.64010 7.64107 7.64513 7.64793 7.64627 7.64514 7.63145 7.62816 7.63981 7.64876 7.65137 7.65211 7.65241 7.65538 7.65835 7.65917 7.66227 7.66732 7.66689 7.66338 7.66023 7.66151 7.66323 7.65941 7.64934 7.63277 7.62712 7.63562 7.64259 7.64006 7.63389 7.63125 7.62790 7.62187 7.61583 7.61200 7.61178 7.61009 7.59861 7.59112 7.59849 7.60751 7.59929 7.59390 7.58712
7.57859 7.60112 7.59767 7.58549 7.58700 7.60003 7.60901 7.60472 7.59056 7.55479 7.52341 7.59443 7.55038 7.50720 7.54627 7.60700 7.63889 7.62640 7.61828 7.63396 7.64285 7.63880 7.64222 7.65281 7.65688 7.65347 7.65039 7.63391 7.63474 7.64961 7.65436 7.65086 7.64863 7.65135 7.65706 7.66044 7.65968 7.65944 7.66493 7.66768 7.66583 7.66364 7.66299 7.65961 7.65278 7.63938 7.62300 7.62282 7.63535 7.64442 7.64336 7.63988 7.63743 7.63084 7.62044 7.61147 7.60633 7.60636 7.61009 7.60322 7.59861 7.60700 7.61172 7.60994 7.60030 7.58684
7.58820 7.59633 7.58499 7.58524 7.60463 7.61963 7.61240 7.60092 7.60222 7.59415 7.54266 7.58211 7.52396 7.51956 7.57645 7.62337 7.63984 7.62464 7.61640 7.62940 7.62879 7.62339 7.62876 7.64166 7.65386 7.65114 7.64691 7.63042 7.63818 7.65581 7.65729 7.65291 7.65178 7.65434 7.65875 7.66168 7.65918 7.65722 7.66231 7.66608 7.66527 7.66245 7.65843 7.65173 7.63892 7.62151 7.61293 7.62296 7.63690 7.64413 7.64266 7.64155 7.64065 7.63246 7.61989 7.61304 7.61246 7.60778 7.61235 7.60569 7.59948 7.60589 7.60979 7.60844 7.60090 7.58649
7.59796 7.59444 7.59967 7.61377 7.61868 7.61265 7.59318 7.58303 7.58532 7.57104 7.55637 7.59955 7.53126 7.54582 7.59914 7.63474 7.64553 7.63218 7.61740 7.61930 7.61940 7.62751 7.63338 7.63176 7.64643 7.64698 7.63818 7.62686 7.64298 7.65955 7.65768 7.65431 7.65573 7.65636 7.65778 7.65945 7.65723 7.65559 7.65930 7.66224 7.66036 7.65535 7.64802 7.63653 7.62133 7.61083 7.61427 7.62707 7.63680 7.64000 7.63890 7.64051 7.64004 7.63066 7.61706 7.61397 7.61695 7.60635 7.60577 7.60154 7.59797 7.60482 7.61254 7.61057 7.60348 7.58564
7.63469 7.63350 7.63998 7.64070 7.62248 7.59816 7.58123 7.58699 7.59777 7.59712 7.61757 7.60711 7.54241 7.54402 7.59827 7.63994 7.65414 7.64678 7.63561 7.63188 7.63728 7.64607 7.63993 7.62812 7.63618 7.64154 7.63370 7.63328 7.65244 7.66103 7.65508 7.65342 7.65944 7.65822 7.65721 7.65763 7.65596 7.65413 7.65498 7.65579 7.65182 7.64351 7.63313 7.62235 7.61478 7.61311 7.62014 7.62983 7.63381 7.63251 7.63401 7.63871 7.63746 7.62677 7.61231 7.61004 7.61375 7.60409 7.59673 7.60090 7.60579 7.61005 7.61093 7.61010 7.60410 7.58475
7.65824 7.65793 7.65717 7.65421 7.63436 7.59687 7.57118 7.59086 7.61035 7.60646 7.62544 7.61971 7.55464 7.54000 7.59497 7.64401 7.65927 7.65619 7.65190 7.65261 7.65638 7.65453 7.63811 7.62131 7.63257 7.64170 7.63249 7.63699 7.65563 7.66058 7.65256 7.65134 7.65888 7.65771 7.65699 7.65762 7.65674 7.65453 7.65260 7.65024 7.64384 7.63303 7.62292 7.61766 7.61583 7.61660 7.62214 7.62907 7.62911 7.62382 7.62613 7.63327 7.63195 7.61932 7.60646 7.60676 7.61145 7.61108 7.60584 7.60919 7.61431 7.61458 7.61139 7.60944 7.60406 7.59082
7.67490 7.67381 7.66936 7.66328 7.65470 7.62055 7.57273 7.57199 7.60645 7.60676 7.61758 7.63399 7.56400 7.53771 7.59659 7.64854 7.65658 7.65344 7.65324 7.65609 7.65842 7.65440 7.63879 7.61976 7.62879 7.62780 7.61072 7.61216 7.64504 7.65501 7.65110 7.64932 7.65145 7.65484 7.65718 7.65794 7.65744 7.65507 7.65174 7.64818 7.64012 7.62822 7.62096 7.61962 7.61877 7.61879 7.62258 7.62748 7.62542 7.61633 7.61240 7.61888 7.61870 7.60899 7.60620 7.61138 7.61432 7.61448 7.61399 7.61592 7.61568 7.61125 7.60450 7.59825 7.59058 7.57863
7.68479 7.68449 7.68189 7.67359 7.66104 7.64426 7.61110 7.58579 7.61011 7.60744 7.61902 7.62780 7.57308 7.55064 7.60018 7.64740 7.65153 7.65119 7.65734 7.66224 7.66338 7.65941 7.64701 7.62241 7.61231 7.60196 7.60714 7.58445 7.62005 7.64990 7.65453 7.65178 7.65289 7.65572 7.65730 7.65635 7.65456 7.65211 7.64973 7.64657 7.63830 7.62522 7.62182 7.62332 7.62206 7.62146 7.62410 7.62714 7.62461 7.61455 7.60390 7.60228 7.60418 7.60641 7.61357 7.61912 7.61915 7.61596 7.61437 7.61444 7.61126 7.60385 7.59303 7.57949 7.56578 7.55279
7.69000 7.68830 7.68652 7.68117 7.66794 7.65478 7.63031 7.59341 7.59734 7.61135 7.62892 7.61683 7.59123 7.57652 7.60642 7.64789 7.65473 7.65244 7.66158 7.66839 7.66894 7.66447 7.65252 7.62865 7.60250 7.59644 7.61693 7.58993 7.59968 7.63560 7.65230 7.65671 7.65553 7.65095 7.64692 7.64479 7.64447 7.64491 7.64451 7.64218 7.63668 7.62331 7.61620 7.61976 7.62212 7.62306 7.62441 7.62581 7.62466 7.61791 7.60725 7.59980 7.60178 7.61174 7.61997 7.62108 7.61925 7.61508 7.61144 7.60983 7.60613 7.59713 7.58312 7.56531 7.55235 7.54969
7.69063 7.68737 7.68276 7.67842 7.66986 7.65964 7.63378 7.59750 7.59627 7.61986 7.60205 7.59638 7.60672 7.59491 7.60915 7.64558 7.65652 7.64608 7.64919 7.66410 7.66717 7.65642 7.64351 7.63446 7.62070 7.61464 7.61250 7.59462 7.59962 7.61854 7.63222 7.64456 7.64321 7.63409 7.62847 7.62763 7.63105 7.63473 7.63594 7.63369 7.62784 7.61769 7.61219 7.61507 7.61919 7.62132 7.62197 7.62284 7.62387 7.62189 7.61549 7.60791 7.60550 7.61121 7.61815 7.61637 7.61168 7.60812 7.60607 7.60572 7.60287 7.59180 7.56935 7.55278 7.55563 7.56189
