mrvbf_slope0.8_pctl0.5.asc
NCOLS 410
NROWS 410
XLLCORNER 2398750.0000000000000000
YLLCORNER 2548750.0000000000000000
CELLSIZE 250.0000000000000000
NODATA_VALUE -99999.00000
[rows 145 to 173 of 410, columns 0 to 65 of 410]
-99999.00000 -99999.00000 -99999.00000 -99999.00000 -99999.00000 7.08934 7.10453 7.20631 7.30161 7.32359 7.22397 7.31886 7.40281 7.42512 7.41458 7.39941 7.41576 7.47067 7.48836 7.44569 7.40198 7.40501 7.33436 7.14579 7.06436 6.83716 6.91477 6.93786 6.91352 7.20757 7.10480 6.45785 6.52989 6.99428 6.98716 7.01578 7.22529 7.25679 7.24671 7.16103 7.03695 6.92157 6.89388 6.90148 6.93636 7.05397 7.19182 7.15371 7.11590 7.23579 7.19680 7.15213 7.14083 7.14018 7.16288 7.22567 7.25907 7.22723 7.20724 6.98423 6.79235 6.61568 6.59140 6.78168 6.83790 6.68060
-99999.00000 -99999.00000 -99999.00000 -99999.00000 -99999.00000 7.24752 7.14044 7.08940 7.22854 7.31962 7.28459 7.36484 7.39476 7.45026 7.46491 7.48134 7.49302 7.50834 7.51098 7.49346 7.47112 7.45938 7.36587 7.21517 7.21038 7.01025 7.02636 7.16514 7.20776 7.26892 7.11587 6.88644 6.76861 6.97443 6.93418 6.96824 7.27873 7.29883 7.32968 7.29931 7.20573 7.05208 6.95579 6.93355 6.96364 7.02596 7.05059 7.04073 7.09559 7.26745 7.29524 7.26169 7.22418 7.15687 7.06520 7.09281 7.15933 7.16077 6.94313 6.88652 6.91026 6.70892 6.64856 6.94801 7.19982 7.05160
-99999.00000 -99999.00000 -99999.00000 -99999.00000 -99999.00000 7.24355 7.05593 6.93155 7.16355 7.18439 7.10310 7.30054 7.38751 7.42570 7.45928 7.49173 7.50624 7.50544 7.48921 7.45332 7.41959 7.42581 7.31999 7.09634 7.05336 6.93002 7.04744 7.30006 7.31900 7.27214 7.19787 7.23423 7.06666 6.78267 6.99802 6.82230 7.18193 7.26437 7.25166 7.15155 7.02111 6.91348 6.85316 6.85929 6.95725 7.05225 6.94285 6.88437 7.08395 7.28874 7.34576 7.34457 7.31658 7.20402 7.02393 7.00198 7.20360 7.05577 6.96889 7.05499 7.15206 6.89330 6.57706 6.76107 7.14651 7.26093
-99999.00000 -99999.00000 -99999.00000 -99999.00000 -99999.00000 7.24819 7.16233 6.97201 7.10038 6.88633 6.91288 7.29049 7.36636 7.37965 7.40474 7.44586 7.47644 7.46742 7.41026 7.33534 7.32333 7.34593 7.22628 6.89471 6.90885 6.82530 6.85866 7.27908 7.33665 7.25818 7.27782 7.25929 7.02002 6.78549 6.75656 6.59585 6.82198 7.12304 7.01796 6.85344 6.75452 6.70720 6.70233 6.73238 6.85301 6.99871 6.96466 7.01890 7.17299 7.30433 7.36457 7.38298 7.34301 7.20160 7.06319 7.09289 7.18318 7.14132 7.13993 7.21199 7.25174 7.21116 6.80714 6.59245 6.89549 7.23289
-99999.00000 -99999.00000 -99999.00000 -99999.00000 -99999.00000 7.08650 7.10309 6.88098 6.96623 6.88516 7.07475 7.22011 7.32538 7.36746 7.36689 7.38336 7.40559 7.37417 7.29484 7.28084 7.29225 7.29025 7.18654 6.80881 6.90830 7.00009 6.82443 7.15850 7.33466 7.30978 7.32287 7.19341 7.13001 7.02668 6.60485 6.82754 6.70964 6.45308 6.52677 6.74759 6.78050 6.69363 6.69894 6.72497 6.79727 6.97738 7.13990 7.25709 7.28263 7.32663 7.36461 7.38452 7.33991 7.18651 7.07564 7.15491 7.19501 7.20175 7.23857 7.25207 7.34833 7.35638 7.16062 6.80388 6.78926 7.10693
-99999.00000 -99999.00000 -99999.00000 -99999.00000 -99999.00000 7.02312 7.08104 7.04465 7.08448 6.96209 7.09504 7.28633 7.34260 7.39344 7.38761 7.36352 7.33350 7.29346 7.28354 7.32065 7.27143 7.29991 7.23829 6.92332 6.99566 7.18849 7.06990 7.15826 7.28779 7.32586 7.34968 7.28719 7.29988 7.26834 7.03151 6.89255 6.76042 6.44634 6.12179 6.71561 6.97374 6.83304 6.90696 6.91776 6.88298 7.00872 7.19580 7.27338 7.32826 7.35955 7.35914 7.37432 7.32352 7.18313 7.10489 7.09539 7.08643 7.08876 7.14219 7.19581 7.29115 7.30743 7.20160 6.99498 6.91106 7.04370
-99999.00000 -99999.00000 -99999.00000 -99999.00000 -99999.00000 7.12089 7.16841 7.05254 7.17267 7.13907 7.12134 7.33460 7.37395 7.41232 7.43083 7.39647 7.34842 7.33107 7.33335 7.30758 7.17204 7.19466 7.18250 7.00849 7.16302 7.31578 7.22750 7.21844 7.23648 7.27881 7.35796 7.31047 7.21624 7.13212 6.96904 6.83194 6.73661 6.33199 6.34425 6.77800 6.93459 7.05276 7.20141 7.17781 7.02156 6.99566 7.16172 7.29261 7.30763 7.32438 7.32900 7.34890 7.27621 7.26583 7.16733 7.07000 7.02680 7.00627 6.96676 6.91917 6.94474 6.96260 6.96838 7.03597 7.12064 7.12309
-99999.00000 -99999.00000 -99999.00000 -99999.00000 -99999.00000 6.91774 7.05295 6.75210 6.98828 7.18664 7.28088 7.28916 7.30786 7.40046 7.41806 7.40917 7.40778 7.38982 7.35280 7.31631 7.19335 7.16088 7.17975 7.09767 7.25316 7.34565 7.25915 7.19468 7.14055 7.15476 7.27900 7.24886 7.05425 6.98154 6.62787 6.92458 6.71064 6.74883 7.12986 7.16370 7.24283 7.31301 7.31860 7.27252 7.09806 7.00583 7.15739 7.28889 7.29845 7.22837 7.28629 7.37149 7.34183 7.26256 7.26396 7.20939 7.11336 7.03056 6.93990 6.81828 6.71454 6.70685 6.82600 7.05124 7.23963 7.26688
-99999.00000 -99999.00000 -99999.00000 -99999.00000 -99999.00000 7.03821 7.03834 6.79967 7.11551 7.19634 7.36771 7.36696 7.23430 7.31971 7.37256 7.37233 7.37389 7.34623 7.25835 7.27649 7.27025 7.26189 7.26825 7.17783 7.29753 7.37730 7.32138 7.26336 7.18539 7.10092 7.19815 7.27128 7.04309 6.94254 6.79030 6.78957 7.15626 7.29481 7.35957 7.39202 7.40232 7.38601 7.35110 7.24824 7.06506 6.99837 7.12237 7.18308 7.11121 7.17733 7.32449 7.40532 7.39548 7.34503 7.36328 7.30173 7.17121 7.07067 7.01680 6.95940 6.89493 6.89366 6.93354 7.03611 7.18995 7.30495
-99999.00000 -99999.00000 -99999.00000 -99999.00000 -99999.00000 7.21289 7.18459 6.84721 7.07219 7.13082 7.30511 7.35296 7.31124 7.23624 7.30099 7.34730 7.37855 7.36753 7.27713 7.24472 7.26171 7.30392 7.21874 7.14303 7.31137 7.40134 7.38030 7.35525 7.26714 7.18069 7.25167 7.27842 7.10806 6.79196 7.09849 6.84647 7.24067 7.33576 7.36962 7.36876 7.29894 7.25655 7.24808 7.14660 6.97094 6.94666 7.05838 7.12707 7.19415 7.33173 7.40707 7.39997 7.35662 7.35767 7.37281 7.26679 7.10857 7.10714 7.15152 7.16457 7.15889 7.14813 7.10516 7.02731 7.01018 7.13055
-99999.00000 -99999.00000 -99999.00000 -99999.00000 -99999.00000 7.17720 7.20824 6.88934 6.78609 7.07517 7.20987 7.32323 7.25899 7.01871 6.99541 7.07550 7.14259 7.28202 7.35601 7.34637 7.35793 7.28090 7.13619 7.16109 7.34568 7.36050 7.27204 7.20269 7.12993 7.15403 7.27778 7.17247 7.00024 6.77795 6.90770 6.76374 7.08019 7.30124 7.36085 7.32105 7.21501 7.11433 7.02188 6.91345 6.84528 6.94851 7.13349 7.25370 7.34266 7.42305 7.41538 7.29845 7.23524 7.29143 7.31653 7.18897 7.07590 7.20767 7.29429 7.32046 7.32237 7.30691 7.25435 7.12026 6.93130 6.84043
-99999.00000 -99999.00000 -99999.00000 -99999.00000 -99999.00000 6.83158 7.17085 6.99134 6.84987 7.07162 7.10557 7.14286 7.00003 6.69065 6.94118 7.05968 7.04267 7.15185 7.29776 7.26402 7.22614 7.22228 7.23943 7.29672 7.34391 7.11120 6.86740 6.82114 6.89496 6.99903 7.07320 7.03819 7.20306 7.03262 6.89873 6.99851 6.92833 7.32114 7.37991 7.35194 7.31317 7.11717 6.85273 6.71695 6.79022 7.05799 7.27468 7.33940 7.34087 7.37683 7.30995 7.16681 7.20271 7.25965 7.29887 7.21571 7.14100 7.24358 7.31885 7.34765 7.34957 7.33214 7.29079 7.21554 7.08576 6.92627
-99999.00000 -99999.00000 -99999.00000 -99999.00000 -99999.00000 6.84964 7.19361 7.07886 6.91504 7.08388 7.16215 7.12160 6.97650 6.78038 7.17892 7.29423 7.21378 7.17794 7.22940 7.18744 7.25101 7.35887 7.41630 7.35488 7.13215 6.55328 6.61244 6.89676 7.14736 7.20256 7.13949 7.23234 7.13513 7.09972 7.11348 7.12571 6.97663 7.27497 7.41334 7.42600 7.33377 7.12119 6.83993 6.68766 6.83784 7.16000 7.30815 7.30109 7.25254 7.29254 7.26005 7.13089 7.23220 7.22084 7.25998 7.26009 7.14299 7.17961 7.27113 7.32364 7.34049 7.32403 7.28176 7.24421 7.19457 7.15383
-99999.00000 -99999.00000 -99999.00000 -99999.00000 -99999.00000 7.00448 7.19088 6.79834 6.66032 7.05752 7.17074 7.13940 7.07995 6.89607 7.10573 7.34249 7.36122 7.30882 7.26855 7.26742 7.34687 7.41456 7.43345 7.31057 6.87355 6.75595 6.86312 6.84909 6.95106 6.96394 7.13758 7.15602 7.26103 7.36076 7.30922 7.28580 7.15404 7.26918 7.42728 7.43691 7.33725 7.18123 6.98311 6.81136 6.85843 7.09588 7.21117 7.13375 6.97101 7.08865 7.26433 7.17613 7.13846 7.18474 7.25678 7.27489 7.17241 7.16872 7.24307 7.29347 7.31008 7.29734 7.28826 7.29111 7.20979 7.08531
-99999.00000 -99999.00000 -99999.00000 -99999.00000 -99999.00000 6.92457 7.01060 6.58344 6.57480 7.01610 6.98875 7.16536 7.20640 7.18124 7.08991 7.30910 7.41612 7.40753 7.36852 7.34920 7.35323 7.32048 7.29102 7.21076 7.07363 6.91182 6.81310 6.88879 6.95215 6.99334 7.17615 7.21856 7.39691 7.43683 7.28702 7.29681 7.11096 7.29025 7.40533 7.42004 7.37481 7.29993 7.17700 6.97391 6.85800 6.97313 7.04046 6.84891 6.72790 6.65812 7.07017 7.24230 7.21943 7.22091 7.19503 7.06638 6.99279 7.05120 7.14143 7.18559 7.19619 7.20762 7.24462 7.27918 7.21079 7.12034
-99999.00000 -99999.00000 -99999.00000 -99999.00000 -99999.00000 6.60401 6.77174 6.51700 6.51893 6.91687 6.86581 7.15716 7.25612 7.29642 7.20835 7.27514 7.35937 7.38676 7.35155 7.26363 7.16891 7.07183 7.10665 7.09207 7.05152 6.77584 7.07459 7.18967 7.01813 6.91258 7.23061 7.32810 7.42113 7.37881 7.25116 7.24859 7.15425 7.28668 7.37840 7.42701 7.43094 7.39218 7.29629 7.09014 6.86104 6.87516 6.86816 6.69031 6.78541 6.44504 6.68572 7.08971 7.19614 7.09304 6.80979 6.63204 6.63812 6.71991 6.81160 6.90245 6.97877 7.03750 7.08719 7.10930 7.03953 6.92814
-99999.00000 -99999.00000 -99999.00000 -99999.00000 -99999.00000 6.71633 6.89756 6.73921 6.50178 6.65066 6.89338 7.02299 7.23547 7.34026 7.29841 7.28171 7.29981 7.30241 7.24214 7.07725 6.86652 6.87241 6.99141 6.94756 6.63318 6.60261 7.24987 7.32592 7.16915 6.89507 7.14204 7.33833 7.37336 7.29160 7.30919 7.26707 7.13058 7.22805 7.35908 7.43731 7.46370 7.44043 7.36909 7.23940 7.00249 6.87084 6.77749 6.67249 6.82085 6.48699 6.51324 6.71117 6.79179 6.50608 6.27106 6.32066 6.43401 6.48244 6.51728 6.62926 6.76444 6.83173 6.86387 6.88951 6.85596 6.68238
-99999.00000 -99999.00000 -99999.00000 -99999.00000 -99999.00000 6.84094 6.96352 6.93576 6.57006 6.62099 6.92488 7.11117 7.30863 7.40827 7.39191 7.35721 7.33257 7.30713 7.25630 7.19437 7.17094 7.22407 7.20757 7.04853 6.75517 6.91760 7.24071 7.28488 7.18594 7.00955 7.15246 7.33907 7.36198 7.30555 7.34635 7.33925 7.16596 7.15037 7.29355 7.39548 7.44280 7.43878 7.40234 7.36099 7.23470 7.07732 6.86655 6.72166 6.66136 6.26679 6.35944 6.39981 6.35930 6.15256 6.17720 6.42356 6.63437 6.64796 6.61778 6.65477 6.69916 6.66909 6.65532 6.74017 6.84530 6.76732
-99999.00000 -99999.00000 -99999.00000 -99999.00000 -99999.00000 6.65476 6.79219 6.74915 6.71869 6.95559 7.17948 7.28576 7.35300 7.41905 7.44434 7.44016 7.41824 7.39671 7.39069 7.41162 7.38879 7.36173 7.28625 7.16891 7.23611 7.21303 7.24550 7.26678 7.21719 7.14438 7.24003 7.36961 7.38696 7.30578 7.28742 7.32094 7.10363 6.94649 7.09735 7.24034 7.33767 7.40510 7.40449 7.38090 7.32936 7.24590 6.95578 6.72325 6.52925 6.02332 6.05946 6.29858 6.39693 6.41128 6.61015 6.88832 7.08045 7.07126 7.03634 6.97503 6.86022 6.65624 6.54580 6.60009 6.75564 6.89093
-99999.00000 -99999.00000 -99999.00000 -99999.00000 -99999.00000 6.82645 6.92316 6.90424 7.00912 7.09243 7.14883 7.19543 7.28630 7.36017 7.40969 7.45246 7.47047 7.46266 7.45834 7.43290 7.36291 7.25059 7.04412 7.22211 7.39760 7.40822 7.39271 7.37629 7.34276 7.28659 7.29703 7.36610 7.35856 7.34205 7.24291 7.16036 6.86032 6.78636 6.92978 7.04184 7.14149 7.28944 7.38377 7.39145 7.37206 7.24300 6.86109 6.67593 6.66301 6.28179 5.91887 6.30347 6.50998 6.69397 6.96081 7.04803 7.10484 7.07567 7.09761 7.14539 7.01093 6.78670 6.64111 6.43136 6.57582 6.90990
-99999.00000 -99999.00000 -99999.00000 -99999.00000 -99999.00000 6.77072 6.91727 7.06530 7.11660 7.15230 7.11141 7.13509 7.21563 7.27144 7.34137 7.38222 7.41641 7.42970 7.41701 7.34392 7.17150 6.70194 6.75204 7.15520 7.35301 7.45347 7.47438 7.44571 7.38018 7.28360 7.24857 7.31656 7.34808 7.32715 7.23426 7.01949 6.87360 6.85678 6.97530 7.07582 7.04277 7.14146 7.31944 7.40625 7.39904 7.19436 6.71852 6.68629 6.91039 6.71874 6.25786 6.09526 6.52819 6.50970 6.90139 7.12247 7.21655 7.20633 7.13718 7.08681 6.88306 6.76582 6.88346 6.43683 6.40671 6.68343
-99999.00000 -99999.00000 -99999.00000 -99999.00000 -99999.00000 6.50583 6.75143 6.99940 7.06965 7.14739 7.00606 7.01935 7.18068 7.22930 7.28570 7.29690 7.31303 7.33501 7.31901 7.15990 6.65802 6.50826 6.94857 7.10615 7.25146 7.40546 7.44863 7.40792 7.35015 7.26483 7.21957 7.29623 7.36397 7.28258 7.29155 6.99443 7.00325 6.94379 7.05170 7.21033 7.07771 7.12368 7.28227 7.37876 7.37012 7.11056 6.69315 6.80466 7.13005 7.05542 6.64574 6.29480 6.27353 6.69602 6.92738 7.21877 7.33458 7.34722 7.27375 7.16579 6.91699 6.68462 6.83350 6.73262 6.32907 6.00999
-99999.00000 -99999.00000 -99999.00000 -99999.00000 -99999.00000 6.64583 6.80610 6.91920 6.91174 7.06453 6.89598 7.10816 7.25430 7.24499 7.26090 7.25501 7.21022 7.20569 7.24692 6.88136 6.70022 7.02962 7.21737 7.15572 7.21291 7.36398 7.40693 7.37266 7.34042 7.26831 7.19893 7.29429 7.37490 7.28419 7.25800 7.08185 7.13314 7.04507 7.06543 7.19167 7.16567 7.24679 7.27828 7.27354 7.25782 7.02511 6.82314 6.98490 7.22547 7.25761 6.91588 6.41047 6.32430 6.84773 6.61761 6.85958 7.16700 7.33742 7.34577 7.26587 7.02420 6.74306 6.87217 6.97599 6.43863 5.81795
-99999.00000 -99999.00000 -99999.00000 -99999.00000 -99999.00000 6.99441 6.92905 7.01001 6.99976 7.04963 6.93074 7.15778 7.21765 7.22726 7.24213 7.24413 7.16007 7.15120 7.09823 7.02338 7.17557 7.26172 7.29319 7.23175 7.22676 7.34236 7.37836 7.36892 7.32039 7.19058 7.19693 7.28671 7.31924 7.20848 7.19205 7.09943 7.20838 7.19793 7.21839 7.33120 7.31309 7.32017 7.26719 7.22960 7.22518 7.13590 7.08117 7.14528 7.19073 7.16320 6.97892 6.61860 6.44786 6.42438 6.15331 6.38283 6.70339 7.12918 7.29781 7.17984 6.81993 6.58183 6.77849 6.83496 6.38678 6.04243
-99999.00000 -99999.00000 -99999.00000 -99999.00000 -99999.00000 6.85049 6.75667 7.06661 7.14451 7.05005 7.06137 7.09843 7.15892 7.16521 7.20624 7.24009 7.11225 7.16426 7.14459 7.24453 7.31704 7.32609 7.35714 7.32762 7.24381 7.28054 7.30841 7.32111 7.26206 7.16253 7.19727 7.27197 7.26580 7.07192 6.94841 6.94421 7.04775 7.13117 7.26264 7.36767 7.32551 7.31497 7.33365 7.36190 7.36004 7.32523 7.26332 7.20529 7.12804 7.07365 7.02402 6.94604 6.77159 6.24796 6.34647 6.47835 6.49488 6.88644 7.22490 7.10153 6.72104 6.59928 6.89406 6.82929 6.62463 6.26251
-99999.00000 -99999.00000 -99999.00000 -99999.00000 -99999.00000 6.44741 6.79188 6.87925 7.14322 7.22590 7.17883 7.05722 7.05839 7.14530 7.16997 7.17169 6.97480 7.15369 7.14415 7.26571 7.34015 7.35951 7.39051 7.39653 7.31951 7.25987 7.26040 7.27199 7.19226 7.04418 7.03474 7.15615 7.19264 7.03554 6.63529 6.70279 6.87564 7.10598 7.31704 7.40018 7.36510 7.36216 7.39079 7.40664 7.43560 7.41610 7.35361 7.29080 7.25608 7.22821 7.17056 6.97331 6.89046 6.28671 6.75218 6.86469 6.61679 6.81476 7.18572 7.09413 6.76701 6.72139 6.94762 6.95866 6.87825 6.50448
-99999.00000 -99999.00000 -99999.00000 -99999.00000 -99999.00000 6.27090 6.76404 6.93450 7.01921 7.18072 7.15830 7.00281 7.02593 7.22863 7.14195 7.03060 6.86464 7.11803 7.12619 7.22052 7.30546 7.34270 7.37847 7.40676 7.38750 7.33612 7.31050 7.30351 7.22170 7.02578 6.90724 7.04609 7.09996 6.83425 6.53174 6.62485 6.92161 7.12268 7.32595 7.40042 7.38861 7.37080 7.39401 7.44302 7.47855 7.47351 7.43884 7.41586 7.40651 7.38215 7.30716 7.05396 6.89452 6.41881 6.93002 7.05745 6.73853 6.80932 7.17024 7.07905 6.75218 6.72323 6.88463 6.86212 6.81855 6.57229
-99999.00000 -99999.00000 -99999.00000 -99999.00000 -99999.00000 6.40998 6.99085 7.02077 7.15879 7.20359 7.06640 6.98806 7.14516 7.23633 7.16577 6.94182 6.70198 6.93716 6.97850 7.07973 7.16100 7.23027 7.29895 7.36015 7.39015 7.38753 7.36798 7.35387 7.29966 7.10770 6.84114 6.96326 7.03382 6.86105 6.64754 6.77303 7.15277 7.17795 7.28165 7.35983 7.36949 7.34189 7.38633 7.46084 7.49127 7.49309 7.47639 7.45705 7.42496 7.37780 7.26726 7.00767 6.88559 6.47957 6.89686 7.11651 6.80693 6.82345 7.17428 7.04570 6.62320 6.49648 6.55520 6.50676 6.44492 6.42168
-99999.00000 -99999.00000 -99999.00000 -99999.00000 -99999.00000 6.76696 7.09357 7.11694 7.26648 7.19310 7.02843 7.00086 7.12587 7.20978 7.12693 6.87292 6.54178 6.51136 6.68036 6.75886 6.84196 6.96044 7.10296 7.23143 7.32201 7.37545 7.37180 7.34748 7.30448 7.22596 7.10126 7.00395 7.08234 7.02840 6.93770 6.94307 7.15313 7.28685 7.29742 7.32865 7.32306 7.30112 7.38246 7.46588 7.48652 7.46707 7.42845 7.41741 7.40952 7.34801 7.11813 7.02944 6.73729 6.49597 6.89135 7.17997 6.88045 6.85062 7.18093 7.04289 6.50430 6.29596 6.46214 6.59508 6.57005 6.69035
