mrvbf_slope0.9_pctl1.5.asc
NCOLS 410
NROWS 410
XLLCORNER 2398750.0000000000000000
YLLCORNER 2548750.0000000000000000
CELLSIZE 250.0000000000000000
NODATA_VALUE -99999.00000
[rows 348 to 376 of 410, columns 66 to 131 of 410]
3.63441 3.69661 3.55966 3.48228 3.56489 3.64168 3.69478 3.71155 3.85409 3.88886 3.87784 3.81109 3.75615 3.81197 3.91450 3.94232 3.98534 4.09531 4.10755 4.03586 3.92710 3.94554 3.88987 3.90004 3.94527 3.93587 3.99662 4.16364 4.18655 4.16174 4.12832 3.98671 3.78040 3.90625 4.03507 3.98064 3.93018 3.95892 3.98838 4.08525 4.18940 4.23675 4.19548 4.11532 4.10297 4.16753 4.27489 4.34718 4.37231 4.37574 4.36764 4.37680 4.41313 4.44945 4.46519 4.45072 4.41921 4.38107 4.32898 4.36384 4.45195 4.47335 4.46328 4.47847 4.50059 4.48766
3.59971 3.63647 3.67303 3.59368 3.71527 3.76815 3.75838 3.73230 3.86014 3.89596 3.81692 3.75877 3.63715 3.74155 3.92070 3.95934 3.98805 4.02348 4.02534 4.07326 3.99371 3.94750 3.89829 3.93671 4.01501 3.91855 3.91145 4.05500 4.16799 4.19924 4.11779 3.93042 3.87065 4.10938 4.15792 4.08881 4.02294 3.97841 3.99348 4.06436 4.14672 4.19227 4.18760 4.12935 4.07719 4.06518 4.11207 4.22090 4.31574 4.34798 4.32815 4.32763 4.34982 4.38598 4.40515 4.39343 4.37546 4.36637 4.34108 4.37516 4.45531 4.46610 4.46415 4.48925 4.50003 4.45986
3.60260 3.65184 3.72845 3.61107 3.71562 3.79494 3.77922 3.80290 3.92042 3.90987 3.84173 3.71894 3.60329 3.69658 3.74220 3.70786 3.75496 3.88757 3.90363 3.94092 3.93762 3.90598 3.90198 4.00940 4.09335 3.97149 3.90415 3.95685 4.05635 4.12481 4.09274 3.96636 3.88655 3.97060 3.92719 3.83905 3.80419 3.81563 3.85208 3.90493 4.03336 4.16918 4.20186 4.12250 4.03110 3.95314 3.92184 4.01716 4.16496 4.26886 4.25002 4.27345 4.30916 4.32647 4.31559 4.32140 4.36989 4.38121 4.34873 4.37919 4.45167 4.45616 4.45066 4.47923 4.48548 4.44217
3.60280 3.66091 3.65590 3.61237 3.77543 3.85437 3.77901 3.78031 3.84586 3.84503 3.79701 3.70238 3.60082 3.66235 3.66553 3.72762 3.71664 3.77769 3.78733 3.79076 3.81320 3.85344 3.96861 4.09760 4.13074 4.02116 3.92808 3.91431 3.96009 4.01622 4.03469 3.98903 3.91297 3.92741 3.90940 3.89530 3.85817 3.79001 3.74069 3.74496 3.88308 4.07212 4.07462 4.03790 4.00676 3.98463 3.93598 3.91253 3.98449 4.08900 4.12015 4.23141 4.30228 4.28976 4.26094 4.28428 4.33454 4.34064 4.30742 4.34145 4.42286 4.43313 4.43368 4.46469 4.47026 4.43386
3.63435 3.67246 3.65073 3.64443 3.76774 3.73600 3.73152 3.73445 3.80887 3.82381 3.79593 3.74175 3.65720 3.73903 3.78783 3.88131 3.86130 3.76978 3.72562 3.72983 3.79436 3.93040 4.08274 4.16685 4.14520 4.02858 3.92897 3.89583 3.92084 3.96466 4.01233 4.06288 4.08570 4.11089 4.08220 4.03745 4.03356 3.92002 3.75930 3.69936 3.77495 3.91553 3.94968 3.98497 4.00440 4.05322 4.03221 3.93819 3.90705 3.92727 4.03259 4.18276 4.21872 4.23563 4.25949 4.30241 4.32960 4.31992 4.27075 4.29475 4.37119 4.39640 4.42019 4.44964 4.45331 4.42716
3.64475 3.69335 3.69501 3.64862 3.71085 3.72604 3.80358 3.76579 3.81590 3.85132 3.84486 3.72632 3.74774 3.81432 3.85789 3.84679 3.82188 3.75436 3.76518 3.79250 3.83754 3.97049 4.12311 4.16913 4.09873 3.97316 3.90741 3.89472 3.91934 3.95099 3.97404 4.00952 4.09022 4.19012 4.16908 4.06850 4.04495 4.04199 3.85691 3.75766 3.82194 3.89409 3.92005 3.94924 3.95103 3.98200 4.01162 3.96587 3.91975 3.93150 4.00184 4.02241 4.07374 4.18985 4.26445 4.30637 4.33194 4.29976 4.25327 4.28817 4.32088 4.35428 4.40211 4.42398 4.42988 4.42302
3.53572 3.57265 3.58573 3.58404 3.64569 3.75827 3.84207 3.82020 3.80635 3.87924 3.87087 3.79981 3.80427 3.81642 3.78872 3.78521 3.79340 3.79594 3.86616 3.86247 3.82906 3.96107 4.14792 4.13808 3.98536 3.88012 3.89178 3.90875 3.94139 3.96407 3.95024 3.93236 3.99484 4.14683 4.20305 4.13214 4.03452 3.94745 3.85847 3.86757 3.94851 3.95726 3.91100 3.91973 3.93371 3.95553 3.97985 3.95484 3.93724 3.95237 3.90683 3.87888 4.02248 4.13572 4.17071 4.21732 4.27819 4.26254 4.22441 4.24978 4.24483 4.26003 4.33221 4.38507 4.40144 4.40407
3.52968 3.55113 3.55876 3.55563 3.60162 3.70244 3.78978 3.83560 3.81915 3.86726 3.91877 3.91487 3.84834 3.82640 3.75714 3.83310 3.89836 3.90391 3.89711 3.79592 3.79324 3.99579 4.14929 4.05979 3.84224 3.81378 3.85099 3.87807 3.96454 4.01116 3.97126 3.90524 3.89036 4.01370 4.16216 4.19164 4.09492 3.92985 3.90085 3.99582 3.98953 3.90328 3.84818 3.88761 3.93276 3.99943 4.02328 3.95668 3.92756 3.90306 3.81467 3.79614 3.89134 3.98838 4.05578 4.09355 4.21797 4.25923 4.19941 4.17028 4.15736 4.15739 4.19352 4.28944 4.34878 4.36284
3.62308 3.65707 3.65707 3.62377 3.64438 3.69227 3.76391 3.78954 3.78772 3.85152 3.96894 3.99464 3.90544 3.83682 3.83029 3.86748 3.83526 3.78600 3.75575 3.69406 3.84110 4.08595 4.11696 3.92840 3.74312 3.82937 3.76368 3.83487 4.00070 4.04325 3.98733 3.93123 3.87757 3.91965 4.05617 4.10290 3.98088 3.80187 3.78263 3.87197 3.89941 3.84913 3.85699 3.88297 3.88894 3.97469 4.02004 3.97872 3.95488 3.91461 3.81557 3.73496 3.76024 3.87785 3.95492 3.95655 4.07324 4.19704 4.20446 4.16223 4.12235 4.10511 4.09794 4.15196 4.23249 4.27164
3.61836 3.68200 3.67303 3.67786 3.68697 3.66669 3.68828 3.73112 3.78081 3.88836 4.01174 3.98607 3.88515 3.84059 3.91522 3.81957 3.73831 3.75285 3.72533 3.78395 4.00204 4.08226 3.93956 3.73087 3.68513 3.81175 3.74699 3.86236 3.98655 3.94086 3.92733 3.94969 3.91081 3.92402 4.00984 4.00850 3.83739 3.70254 3.68167 3.78054 3.92245 3.94809 3.99355 3.94347 3.88970 3.90930 3.96475 4.02005 4.01133 3.99658 3.89190 3.77603 3.75624 3.81638 3.87659 3.83797 3.84649 4.00373 4.09744 4.09359 4.08883 4.08678 4.06033 4.08435 4.12074 4.14509
3.64010 3.71472 3.70705 3.67915 3.63523 3.60707 3.67902 3.76764 3.84009 3.92343 3.99112 3.91970 3.83735 3.86449 3.91892 3.76083 3.65254 3.65792 3.71635 3.80973 3.95388 3.86195 3.61274 3.54468 3.60853 3.69046 3.64646 3.72543 3.82489 3.79313 3.82164 3.87334 3.91060 3.97169 4.01811 4.00339 3.83841 3.79916 3.81176 3.78291 3.90997 4.00501 4.00855 4.02084 3.98537 3.88888 3.88867 3.95430 4.03477 4.03799 3.93113 3.86880 3.80871 3.82858 3.90413 3.86403 3.79323 3.83180 3.93294 3.99252 4.05753 4.04758 4.00652 4.03233 4.06194 4.06894
3.57047 3.62737 3.67021 3.63060 3.58663 3.59003 3.68616 3.78212 3.82963 3.85303 3.86522 3.80626 3.77706 3.85057 3.86541 3.74960 3.64551 3.58985 3.58132 3.61388 3.68035 3.59306 3.50441 3.55447 3.63437 3.65468 3.60443 3.66817 3.79629 3.79295 3.75475 3.75795 3.90198 4.00111 3.99093 3.99130 3.88438 3.80933 3.89536 3.78135 3.79426 3.92873 4.02675 4.06648 4.01678 3.91899 3.82084 3.88034 4.04830 3.99391 3.94153 3.94365 3.84712 3.86999 3.99424 3.98452 3.87718 3.81507 3.86339 3.92917 3.98710 3.96839 3.93687 3.95412 4.01319 4.04272
3.55909 3.61308 3.64583 3.62823 3.57900 3.55182 3.61066 3.70762 3.78699 3.80712 3.77662 3.74025 3.75553 3.82128 3.81898 3.81561 3.77881 3.70665 3.63609 3.58549 3.58398 3.57119 3.59172 3.70040 3.80811 3.76471 3.64186 3.68421 3.89396 3.87350 3.75063 3.73889 3.92021 3.93398 3.88140 3.87646 3.84786 3.74890 3.78125 3.75460 3.72056 3.77088 3.88235 4.00467 3.98579 3.93999 3.82302 3.77321 3.89480 3.95340 3.96000 3.96963 3.86282 3.90381 4.05608 4.01489 3.93359 3.85681 3.87585 3.94139 3.97933 3.94302 3.90914 3.90932 3.96229 4.01854
3.58269 3.64686 3.69017 3.68300 3.63761 3.60055 3.61616 3.69388 3.79577 3.82901 3.77187 3.74195 3.77182 3.84578 3.86859 3.90743 3.93371 3.91315 3.84963 3.74474 3.67699 3.69945 3.74633 3.79285 3.88300 3.73052 3.63689 3.76377 3.98776 3.94715 3.84689 3.82924 3.90019 3.81853 3.76661 3.79033 3.77530 3.70274 3.78402 3.82261 3.79262 3.77778 3.76532 3.80686 3.89319 3.90597 3.86614 3.76198 3.77362 3.91367 3.97646 3.99263 3.88992 3.92849 4.04074 3.97071 3.96201 3.93627 3.92787 3.99786 4.04853 4.00997 3.93977 3.89354 3.92244 3.98887
3.58679 3.65488 3.67559 3.68253 3.66453 3.63576 3.64226 3.70689 3.81530 3.83196 3.76873 3.76348 3.81968 3.91346 3.93694 3.96823 4.00770 4.00699 3.98846 3.95330 3.90180 3.86461 3.89303 3.81223 3.79941 3.70474 3.71674 3.89659 4.03089 4.00105 3.93571 3.91393 3.88861 3.73662 3.69671 3.75874 3.81978 3.77359 3.89097 3.92798 3.90050 3.91058 3.86013 3.78492 3.79717 3.80710 3.85176 3.81666 3.74907 3.80545 3.94720 3.99452 3.92746 3.91881 3.97296 3.92674 3.95973 3.92382 3.91930 4.02303 4.07683 4.04047 3.99094 3.90225 3.89151 3.94331
3.59005 3.60530 3.62626 3.66125 3.64060 3.62142 3.64180 3.71780 3.83796 3.80239 3.75521 3.79859 3.86842 3.93602 3.97725 4.03587 4.08610 4.09915 4.09431 4.07521 4.00890 3.94270 3.96110 3.90859 3.84771 3.80639 3.84432 3.92249 3.92947 3.90983 3.87391 3.87537 3.81697 3.68997 3.71259 3.71035 3.85029 3.82850 3.84124 3.96651 3.93551 3.93284 3.94483 3.93865 3.89237 3.85343 3.82658 3.73228 3.68976 3.79374 3.95105 3.95819 4.00753 3.97138 3.97082 3.93419 3.93466 3.85129 3.89028 4.04032 4.05441 3.99532 3.97758 3.91424 3.87442 3.88973
3.59136 3.57187 3.58610 3.60440 3.61223 3.61554 3.64094 3.72623 3.82739 3.76065 3.75029 3.84877 3.90287 3.91061 3.96956 4.06596 4.09780 4.12305 4.13327 4.11903 4.05086 3.92808 3.88413 3.92447 3.95227 3.93304 3.94059 3.91925 3.89415 3.89385 3.81940 3.80772 3.79325 3.70895 3.79773 3.70608 3.83832 3.90912 3.85903 3.90692 3.84074 3.84336 3.93660 3.94596 3.90129 3.89648 3.80463 3.68761 3.68803 3.81108 3.97576 3.97736 3.98920 4.03249 3.99464 3.96075 3.94159 3.82237 3.82665 3.94353 3.95402 3.92611 3.95177 3.92584 3.87960 3.86664
3.61961 3.53468 3.52285 3.58926 3.63698 3.63332 3.64155 3.71788 3.77888 3.71799 3.72786 3.82915 3.86176 3.86843 3.95138 4.04445 4.08855 4.09543 4.12277 4.10360 4.01445 3.93793 3.82530 3.80614 3.84543 3.90034 3.97655 3.98534 3.98801 3.98557 3.87863 3.83815 3.82297 3.80153 3.87512 3.74185 3.76028 3.80159 3.77926 3.81982 3.75099 3.72721 3.88062 3.99786 3.94573 3.86782 3.81611 3.73151 3.68825 3.71558 3.82212 3.91261 3.95340 3.99280 3.99854 3.97465 3.95899 3.84668 3.76162 3.77755 3.82047 3.86128 3.91603 3.91934 3.88421 3.86347
3.64242 3.54387 3.51997 3.56728 3.59490 3.59322 3.60352 3.65209 3.69672 3.67382 3.67639 3.79197 3.82760 3.82957 3.91832 4.02516 4.04088 4.03920 4.07250 4.07670 3.98862 3.90853 3.83541 3.76731 3.75144 3.80726 3.93612 4.01088 4.00142 3.98591 3.95392 3.96959 3.90410 3.89484 3.96737 3.83075 3.75278 3.75881 3.78717 3.84165 3.76871 3.65630 3.69786 3.89355 4.01192 3.94282 3.87750 3.85149 3.76351 3.72160 3.76848 3.85280 3.85626 3.89638 3.98541 4.00288 3.93785 3.85649 3.78291 3.75369 3.77646 3.82281 3.85720 3.86624 3.86321 3.85671
3.70598 3.61033 3.53784 3.54086 3.55702 3.54852 3.55298 3.56126 3.57390 3.59590 3.66538 3.77559 3.80392 3.79222 3.88022 3.98780 3.97015 3.92359 3.93895 4.00109 3.94742 3.84800 3.82854 3.78273 3.69870 3.73878 3.89863 4.01134 3.99330 3.96494 3.97326 4.02849 3.94329 3.91392 3.98548 3.93224 3.86592 3.86427 3.88047 3.90294 3.84901 3.69567 3.62126 3.70836 3.91800 3.93103 3.83248 3.82541 3.79472 3.74327 3.78243 3.87473 3.88474 3.87607 3.93094 3.91897 3.86219 3.84226 3.84910 3.84382 3.83140 3.83925 3.83039 3.82801 3.83938 3.84335
3.74218 3.69218 3.62480 3.59349 3.57226 3.54901 3.52896 3.51509 3.51864 3.56209 3.68152 3.78651 3.76972 3.72662 3.79543 3.90325 3.86677 3.83627 3.82110 3.86164 3.88760 3.83000 3.81760 3.79679 3.68171 3.70227 3.84450 3.91635 3.85518 3.81477 3.83140 3.94501 3.93318 3.90009 3.97173 3.98996 3.98341 4.00397 3.97098 3.94619 3.92909 3.81949 3.66222 3.64936 3.74760 3.74574 3.73008 3.73773 3.69563 3.68337 3.76549 3.86294 3.85076 3.88093 3.87760 3.81526 3.82013 3.86567 3.90307 3.89956 3.91033 3.90659 3.86409 3.84182 3.83522 3.83500
3.70446 3.69763 3.68942 3.66478 3.61764 3.57759 3.55297 3.55341 3.56183 3.59185 3.69392 3.79040 3.78685 3.70938 3.70051 3.76776 3.76871 3.77006 3.79091 3.79116 3.85106 3.87210 3.81830 3.80247 3.69504 3.65420 3.69965 3.71249 3.70078 3.73128 3.74215 3.84583 3.94770 3.89749 3.94090 3.99117 4.00585 4.05773 3.99761 3.97314 3.97318 3.85058 3.72571 3.72228 3.75021 3.74236 3.77190 3.70983 3.64068 3.66625 3.75272 3.83283 3.80721 3.81680 3.80204 3.80167 3.88344 3.88495 3.88008 3.88769 3.89068 3.87286 3.85926 3.85558 3.82733 3.82211
3.64581 3.64120 3.65313 3.66906 3.65729 3.62767 3.62655 3.63517 3.59429 3.60790 3.71751 3.80912 3.81611 3.79068 3.72158 3.70222 3.70171 3.74009 3.78581 3.76967 3.79213 3.85107 3.80746 3.75411 3.68099 3.61685 3.60571 3.61932 3.67564 3.75013 3.72728 3.80672 3.96923 3.87980 3.89456 3.98582 3.98660 4.03828 3.97423 3.98906 3.96096 3.82136 3.76765 3.82634 3.84162 3.83389 3.76812 3.72877 3.67200 3.67305 3.73541 3.74728 3.72972 3.75895 3.81041 3.87158 3.87918 3.84688 3.84714 3.87283 3.88459 3.85354 3.82983 3.83462 3.81621 3.81356
3.61562 3.61295 3.61440 3.62709 3.63991 3.64476 3.65787 3.68268 3.64425 3.60207 3.66826 3.81888 3.85521 3.85016 3.82458 3.76330 3.75334 3.79712 3.81453 3.76643 3.72358 3.72964 3.70755 3.66559 3.67668 3.64450 3.63230 3.65458 3.70097 3.71455 3.69180 3.78719 3.95886 3.88183 3.86634 3.98194 3.99122 3.98943 3.97219 4.01911 3.93882 3.83237 3.78934 3.81419 3.82605 3.79353 3.74367 3.76707 3.74002 3.72869 3.79065 3.76517 3.77650 3.79329 3.87410 3.90599 3.83813 3.82405 3.82038 3.79227 3.80327 3.83893 3.83077 3.81975 3.81217 3.82747
3.62014 3.63283 3.63095 3.63036 3.62950 3.62982 3.63577 3.63956 3.58274 3.57969 3.71313 3.85044 3.89869 3.90689 3.87559 3.82602 3.82467 3.85879 3.86296 3.80555 3.71111 3.64506 3.63946 3.64341 3.73526 3.74505 3.73970 3.74039 3.72402 3.69285 3.67545 3.74047 3.87563 3.88719 3.89797 3.96636 4.02685 4.00276 4.02730 4.00182 3.95707 3.91220 3.80830 3.75541 3.76292 3.71142 3.70024 3.72787 3.75663 3.78856 3.81931 3.81201 3.78845 3.78701 3.84877 3.84841 3.82792 3.82138 3.78036 3.78920 3.76784 3.78661 3.81435 3.82360 3.82752 3.81308
3.65298 3.68093 3.68334 3.68153 3.66971 3.65708 3.64170 3.61666 3.56600 3.58431 3.69696 3.80796 3.88109 3.90832 3.89665 3.84996 3.81162 3.82283 3.83252 3.80337 3.73864 3.66894 3.63861 3.70697 3.81479 3.79474 3.75658 3.74385 3.75314 3.72225 3.68088 3.70009 3.79358 3.90298 3.97578 3.97097 3.97143 3.98286 4.01660 3.97376 3.98269 3.95755 3.83237 3.72849 3.69525 3.66903 3.63353 3.67742 3.73790 3.79629 3.78979 3.76976 3.75301 3.76162 3.80227 3.81233 3.81833 3.81409 3.81084 3.79328 3.79197 3.78482 3.79205 3.80477 3.80160 3.78606
3.67369 3.70637 3.73181 3.73654 3.72114 3.69019 3.64222 3.60529 3.58609 3.61642 3.64975 3.69468 3.79586 3.85212 3.84286 3.79994 3.74015 3.77002 3.79808 3.75103 3.71341 3.71365 3.70592 3.75535 3.80046 3.75340 3.71468 3.74080 3.79676 3.76028 3.69510 3.68781 3.75358 3.88286 4.00489 3.99670 3.90674 3.88435 3.90318 3.90364 3.95276 3.89928 3.77967 3.69942 3.62832 3.58331 3.57329 3.63973 3.70814 3.74952 3.72711 3.71859 3.70608 3.69528 3.72326 3.77912 3.78362 3.80991 3.82926 3.82263 3.81900 3.79071 3.77406 3.77151 3.76717 3.76197
3.66521 3.70321 3.75000 3.76127 3.74984 3.69124 3.63961 3.60520 3.61685 3.68092 3.65439 3.62522 3.66633 3.72252 3.69894 3.65632 3.64319 3.66865 3.71598 3.68452 3.65982 3.69970 3.72803 3.74483 3.74689 3.69921 3.66625 3.71251 3.77990 3.76356 3.72535 3.70209 3.73240 3.81403 3.95173 4.00182 3.84674 3.77442 3.81120 3.79388 3.84041 3.80171 3.71427 3.68071 3.61630 3.47093 3.44556 3.52598 3.58412 3.63769 3.65372 3.67813 3.70004 3.68907 3.69387 3.74131 3.78450 3.80269 3.80679 3.82459 3.81116 3.77579 3.75600 3.74801 3.74749 3.75539
3.65153 3.68933 3.74091 3.76331 3.75711 3.69208 3.64989 3.63242 3.62590 3.69033 3.66648 3.61078 3.57014 3.57994 3.59422 3.60564 3.63794 3.62250 3.62904 3.60801 3.63253 3.69429 3.73034 3.73907 3.72253 3.66891 3.62434 3.64288 3.73064 3.72008 3.71381 3.72812 3.73972 3.76046 3.86715 3.95901 3.79997 3.71858 3.81374 3.77364 3.79229 3.75727 3.69549 3.68499 3.62555 3.41972 3.21020 3.42097 3.51777 3.58388 3.62781 3.67699 3.70521 3.69676 3.69692 3.73366 3.77404 3.77452 3.76934 3.77994 3.76685 3.75282 3.74278 3.73594 3.73994 3.75741
