mrvbf_slope0.8_pctl0.9.asc
NCOLS 410
NROWS 410
XLLCORNER 2398750.0000000000000000
YLLCORNER 2548750.0000000000000000
CELLSIZE 250.0000000000000000
NODATA_VALUE -99999.00000
[rows 0 to 28 of 410, columns 132 to 197 of 410]
-99999.00000 -99999.00000 -99999.00000 -99999.00000 -99999.00000 -99999.00000 -99999.00000 -99999.00000 -99999.00000 -99999.00000 -99999.00000 -99999.00000 -99999.00000 -99999.00000 -99999.00000 -99999.00000 -99999.00000 -99999.00000 -99999.00000 -99999.00000 -99999.00000 -99999.00000 -99999.00000 -99999.00000 -99999.00000 -99999.00000 -99999.00000 -99999.00000 -99999.00000 -99999.00000 -99999.00000 -99999.00000 -99999.00000 -99999.00000 -99999.00000 -99999.00000 -99999.00000 -99999.00000 -99999.00000 -99999.00000 -99999.00000 -99999.00000 -99999.00000 -99999.00000 -99999.00000 -99999.00000 -99999.00000 -99999.00000 -99999.00000 -99999.00000 -99999.00000 -99999.00000 -99999.00000 -99999.00000 -99999.00000 -99999.00000 -99999.00000 -99999.00000 -99999.00000 -99999.00000 -99999.00000 -99999.00000 -99999.00000 -99999.00000 -99999.00000 -99999.00000
-99999.00000 -99999.00000 -99999.00000 -99999.00000 -99999.00000 -99999.00000 -99999.00000 -99999.00000 -99999.00000 -99999.00000 -99999.00000 -99999.00000 -99999.00000 -99999.00000 -99999.00000 -99999.00000 -99999.00000 -99999.00000 -99999.00000 -99999.00000 -99999.00000 -99999.00000 -99999.00000 -99999.00000 -99999.00000 -99999.00000 -99999.00000 -99999.00000 -99999.00000 -99999.00000 -99999.00000 -99999.00000 -99999.00000 -99999.00000 -99999.00000 -99999.00000 -99999.00000 -99999.00000 -99999.00000 -99999.00000 -99999.00000 -99999.00000 -99999.00000 -99999.00000 -99999.00000 -99999.00000 -99999.00000 -99999.00000 -99999.00000 -99999.00000 -99999.00000 -99999.00000 -99999.00000 -99999.00000 -99999.00000 -99999.00000 -99999.00000 -99999.00000 -99999.00000 -99999.00000 -99999.00000 -99999.00000 -99999.00000 -99999.00000 -99999.00000 -99999.00000
-99999.00000 -99999.00000 -99999.00000 -99999.00000 -99999.00000 -99999.00000 -99999.00000 -99999.00000 -99999.00000 -99999.00000 -99999.00000 -99999.00000 -99999.00000 -99999.00000 -99999.00000 -99999.00000 -99999.00000 -99999.00000 -99999.00000 -99999.00000 -99999.00000 -99999.00000 -99999.00000 -99999.00000 -99999.00000 -99999.00000 -99999.00000 -99999.00000 -99999.00000 -99999.00000 -99999.00000 -99999.00000 -99999.00000 -99999.00000 -99999.00000 -99999.00000 -99999.00000 -99999.00000 -99999.00000 -99999.00000 -99999.00000 -99999.00000 -99999.00000 -99999.00000 -99999.00000 -99999.00000 -99999.00000 -99999.00000 -99999.00000 -99999.00000 -99999.00000 -99999.00000 -99999.00000 -99999.00000 -99999.00000 -99999.00000 -99999.00000 -99999.00000 -99999.00000 -99999.00000 -99999.00000 -99999.00000 -99999.00000 -99999.00000 -99999.00000 -99999.00000
-99999.00000 -99999.00000 -99999.00000 -99999.00000 -99999.00000 -99999.00000 -99999.00000 -99999.00000 -99999.00000 -99999.00000 -99999.00000 -99999.00000 -99999.00000 -99999.00000 -99999.00000 -99999.00000 -99999.00000 -99999.00000 -99999.00000 -99999.00000 -99999.00000 -99999.00000 -99999.00000 -99999.00000 -99999.00000 -99999.00000 -99999.00000 -99999.00000 -99999.00000 -99999.00000 -99999.00000 -99999.00000 -99999.00000 -99999.00000 -99999.00000 -99999.00000 -99999.00000 -99999.00000 -99999.00000 -99999.00000 -99999.00000 -99999.00000 -99999.00000 -99999.00000 -99999.00000 -99999.00000 -99999.00000 -99999.00000 -99999.00000 -99999.00000 -99999.00000 -99999.00000 -99999.00000 -99999.00000 -99999.00000 -99999.00000 -99999.00000 -99999.00000 -99999.00000 -99999.00000 -99999.00000 -99999.00000 -99999.00000 -99999.00000 -99999.00000 -99999.00000
-99999.00000 -99999.00000 -99999.00000 -99999.00000 -99999.00000 -99999.00000 -99999.00000 -99999.00000 -99999.00000 -99999.00000 -99999.00000 -99999.00000 -99999.00000 -99999.00000 -99999.00000 -99999.00000 -99999.00000 -99999.00000 -99999.00000 -99999.00000 -99999.00000 -99999.00000 -99999.00000 -99999.00000 -99999.00000 -99999.00000 -99999.00000 -99999.00000 -99999.00000 -99999.00000 -99999.00000 -99999.00000 -99999.00000 -99999.00000 -99999.00000 -99999.00000 -99999.00000 -99999.00000 -99999.00000 -99999.00000 -99999.00000 -99999.00000 -99999.00000 -99999.00000 -99999.00000 -99999.00000 -99999.00000 -99999.00000 -99999.00000 -99999.00000 -99999.00000 -99999.00000 -99999.00000 -99999.00000 -99999.00000 -99999.00000 -99999.00000 -99999.00000 -99999.00000 -99999.00000 -99999.00000 -99999.00000 -99999.00000 -99999.00000 -99999.00000 -99999.00000
7.67746 7.64504 7.67230 7.68418 7.68402 7.69090 7.70005 7.68457 7.65217 7.64891 7.65476 7.67545 7.67787 7.65608 7.65627 7.66658 7.68430 7.68281 7.66753 7.64984 7.65533 7.67771 7.66539 7.60637 -99999.00000 -99999.00000 -99999.00000 -99999.00000 -99999.00000 -99999.00000 -99999.00000 -99999.00000 -99999.00000 -99999.00000 -99999.00000 -99999.00000 -99999.00000 -99999.00000 -99999.00000 -99999.00000 -99999.00000 -99999.00000 -99999.00000 -99999.00000 -99999.00000 -99999.00000 -99999.00000 -99999.00000 -99999.00000 -99999.00000 -99999.00000 -99999.00000 -99999.00000 -99999.00000 -99999.00000 -99999.00000 -99999.00000 -99999.00000 -99999.00000 -99999.00000 -99999.00000 -99999.00000 -99999.00000 -99999.00000 -99999.00000 -99999.00000
7.68332 7.65608 7.67623 7.69075 7.68314 7.69475 7.69747 7.68708 7.66553 7.66306 7.66830 7.67704 7.67394 7.67300 7.67699 7.68073 7.68601 7.68383 7.67634 7.66215 7.65150 7.66095 7.66500 7.61551 7.50424 -99999.00000 -99999.00000 -99999.00000 -99999.00000 -99999.00000 -99999.00000 -99999.00000 -99999.00000 -99999.00000 -99999.00000 -99999.00000 -99999.00000 -99999.00000 -99999.00000 -99999.00000 -99999.00000 -99999.00000 -99999.00000 -99999.00000 -99999.00000 -99999.00000 -99999.00000 -99999.00000 -99999.00000 -99999.00000 -99999.00000 -99999.00000 -99999.00000 -99999.00000 -99999.00000 -99999.00000 -99999.00000 -99999.00000 -99999.00000 -99999.00000 -99999.00000 -99999.00000 -99999.00000 -99999.00000 -99999.00000 -99999.00000
7.67360 7.65948 7.66765 7.68337 7.68278 7.69968 7.70642 7.69749 7.69036 7.67972 7.66575 7.66879 7.67588 7.66709 7.67219 7.67709 7.68118 7.68164 7.67623 7.66377 7.64636 7.64555 7.66329 7.62980 7.43974 7.27326 7.46726 7.51988 -99999.00000 -99999.00000 -99999.00000 -99999.00000 -99999.00000 -99999.00000 -99999.00000 -99999.00000 -99999.00000 -99999.00000 -99999.00000 -99999.00000 -99999.00000 -99999.00000 -99999.00000 -99999.00000 -99999.00000 -99999.00000 -99999.00000 -99999.00000 -99999.00000 -99999.00000 -99999.00000 -99999.00000 -99999.00000 -99999.00000 -99999.00000 -99999.00000 -99999.00000 -99999.00000 -99999.00000 -99999.00000 -99999.00000 -99999.00000 -99999.00000 -99999.00000 -99999.00000 -99999.00000
7.68666 7.66493 7.66641 7.67057 7.67476 7.68593 7.69795 7.69369 7.68763 7.67368 7.64977 7.66247 7.66964 7.66388 7.67261 7.68295 7.67789 7.67808 7.67310 7.65628 7.65658 7.64235 7.63455 7.62728 7.52091 7.28786 7.33132 7.29989 6.82389 7.13406 7.49840 -99999.00000 -99999.00000 -99999.00000 -99999.00000 -99999.00000 -99999.00000 -99999.00000 -99999.00000 -99999.00000 -99999.00000 -99999.00000 -99999.00000 -99999.00000 -99999.00000 -99999.00000 -99999.00000 -99999.00000 -99999.00000 -99999.00000 -99999.00000 -99999.00000 -99999.00000 -99999.00000 -99999.00000 -99999.00000 -99999.00000 -99999.00000 -99999.00000 -99999.00000 -99999.00000 -99999.00000 -99999.00000 -99999.00000 -99999.00000 -99999.00000
7.69697 7.69870 7.68436 7.66943 7.67132 7.68129 7.69213 7.69597 7.69109 7.68014 7.64671 7.64883 7.66278 7.67107 7.68610 7.69147 7.68307 7.68289 7.68672 7.66535 7.65165 7.64634 7.63848 7.62371 7.59812 7.47346 7.11843 7.10555 7.18448 7.45193 7.54399 7.53015 7.45467 -99999.00000 -99999.00000 -99999.00000 -99999.00000 -99999.00000 -99999.00000 -99999.00000 -99999.00000 -99999.00000 -99999.00000 -99999.00000 -99999.00000 -99999.00000 -99999.00000 -99999.00000 -99999.00000 -99999.00000 -99999.00000 -99999.00000 -99999.00000 -99999.00000 -99999.00000 -99999.00000 -99999.00000 -99999.00000 -99999.00000 -99999.00000 -99999.00000 -99999.00000 -99999.00000 -99999.00000 -99999.00000 -99999.00000
7.70360 7.70862 7.69700 7.67700 7.67888 7.68266 7.67994 7.69345 7.68543 7.67183 7.64493 7.64938 7.66389 7.67149 7.68001 7.68741 7.67905 7.68210 7.69653 7.68689 7.66946 7.65504 7.63781 7.63445 7.60405 7.48468 7.37363 7.25845 7.36201 7.45043 7.55650 7.51943 7.29542 6.83933 7.28614 -99999.00000 -99999.00000 -99999.00000 -99999.00000 -99999.00000 -99999.00000 -99999.00000 -99999.00000 -99999.00000 -99999.00000 -99999.00000 -99999.00000 -99999.00000 -99999.00000 -99999.00000 -99999.00000 -99999.00000 -99999.00000 -99999.00000 -99999.00000 -99999.00000 -99999.00000 -99999.00000 -99999.00000 -99999.00000 -99999.00000 -99999.00000 -99999.00000 -99999.00000 -99999.00000 -99999.00000
7.70497 7.70900 7.69514 7.67996 7.67364 7.67477 7.66466 7.67787 7.68220 7.65758 7.64548 7.65753 7.66432 7.66446 7.66978 7.67270 7.67574 7.67553 7.68874 7.69135 7.68869 7.67891 7.65278 7.63965 7.62869 7.54464 7.33073 7.33358 7.39761 7.40059 7.45021 7.49090 7.43337 6.94529 6.84958 7.36509 7.51446 -99999.00000 -99999.00000 -99999.00000 -99999.00000 -99999.00000 -99999.00000 -99999.00000 -99999.00000 -99999.00000 -99999.00000 -99999.00000 -99999.00000 -99999.00000 -99999.00000 -99999.00000 -99999.00000 -99999.00000 -99999.00000 -99999.00000 -99999.00000 -99999.00000 -99999.00000 -99999.00000 -99999.00000 -99999.00000 -99999.00000 -99999.00000 -99999.00000 -99999.00000
7.67916 7.68699 7.67107 7.68016 7.67204 7.66268 7.66152 7.66364 7.66919 7.65351 7.65148 7.65368 7.65331 7.65466 7.66004 7.65708 7.64310 7.65669 7.67459 7.68359 7.67877 7.67602 7.65285 7.63535 7.64166 7.62787 7.52346 7.29528 7.28680 7.39767 7.35787 7.39020 7.41856 7.24457 6.99024 6.99428 7.43384 7.53580 7.51774 -99999.00000 -99999.00000 -99999.00000 -99999.00000 -99999.00000 -99999.00000 -99999.00000 -99999.00000 -99999.00000 -99999.00000 -99999.00000 -99999.00000 -99999.00000 -99999.00000 -99999.00000 -99999.00000 -99999.00000 -99999.00000 -99999.00000 -99999.00000 -99999.00000 -99999.00000 -99999.00000 -99999.00000 -99999.00000 -99999.00000 -99999.00000
7.64396 7.64086 7.66225 7.66574 7.68174 7.67152 7.67385 7.68117 7.66695 7.66168 7.64837 7.65588 7.66095 7.66170 7.65124 7.59232 7.52525 7.59296 7.64065 7.65988 7.66906 7.67382 7.65142 7.63728 7.65055 7.65634 7.62916 7.54272 7.32094 7.31262 7.45229 7.33321 7.24666 7.24008 7.34351 7.19472 7.33302 7.48710 7.52458 7.51876 -99999.00000 -99999.00000 -99999.00000 -99999.00000 -99999.00000 -99999.00000 -99999.00000 -99999.00000 -99999.00000 -99999.00000 -99999.00000 -99999.00000 -99999.00000 -99999.00000 -99999.00000 -99999.00000 -99999.00000 -99999.00000 -99999.00000 -99999.00000 -99999.00000 -99999.00000 -99999.00000 -99999.00000 -99999.00000 -99999.00000
7.65983 7.63974 7.63951 7.67833 7.69588 7.68707 7.68585 7.66900 7.66012 7.65980 7.64787 7.65875 7.66172 7.65649 7.62064 7.53443 7.55029 7.52673 7.60863 7.64897 7.66819 7.67201 7.66231 7.64717 7.64982 7.65930 7.65285 7.63615 7.56095 7.40980 7.34780 7.47738 7.38678 7.10866 7.17496 7.31843 7.32198 7.34044 7.47346 7.49249 7.39064 7.21108 -99999.00000 -99999.00000 -99999.00000 -99999.00000 -99999.00000 -99999.00000 -99999.00000 -99999.00000 -99999.00000 -99999.00000 -99999.00000 -99999.00000 -99999.00000 -99999.00000 -99999.00000 -99999.00000 -99999.00000 -99999.00000 -99999.00000 -99999.00000 -99999.00000 -99999.00000 -99999.00000 -99999.00000
7.66352 7.67178 7.67140 7.67102 7.68481 7.67631 7.67661 7.63530 7.61485 7.63371 7.64700 7.66416 7.66347 7.66070 7.64466 7.59874 7.55214 7.61366 7.63998 7.64490 7.66352 7.66555 7.66753 7.66173 7.66414 7.66055 7.65756 7.65887 7.63867 7.53012 7.19406 7.30022 6.95418 7.02231 7.20891 7.48402 7.48655 7.33464 7.39867 7.42826 7.44676 7.43496 7.45259 -99999.00000 -99999.00000 -99999.00000 -99999.00000 -99999.00000 -99999.00000 -99999.00000 -99999.00000 -99999.00000 -99999.00000 -99999.00000 -99999.00000 -99999.00000 -99999.00000 -99999.00000 -99999.00000 -99999.00000 -99999.00000 -99999.00000 -99999.00000 -99999.00000 -99999.00000 -99999.00000
7.67677 7.67627 7.67845 7.66809 7.67101 7.67017 7.65322 7.61427 7.57572 7.60099 7.65428 7.66508 7.65818 7.66079 7.65924 7.64455 7.63743 7.67341 7.66989 7.66504 7.66201 7.66559 7.66488 7.65711 7.65755 7.65735 7.66238 7.66350 7.65614 7.60347 7.42014 6.80158 7.12367 6.86652 7.43863 7.56353 7.51746 7.30906 7.26666 7.36426 7.44720 7.49138 7.50414 7.48690 7.40352 -99999.00000 -99999.00000 -99999.00000 -99999.00000 -99999.00000 -99999.00000 -99999.00000 -99999.00000 -99999.00000 -99999.00000 -99999.00000 -99999.00000 -99999.00000 -99999.00000 -99999.00000 -99999.00000 -99999.00000 -99999.00000 -99999.00000 -99999.00000 -99999.00000
7.67225 7.67274 7.66361 7.64355 7.65731 7.63589 7.63597 7.58524 7.58862 7.61383 7.65689 7.65026 7.65215 7.65736 7.65476 7.66060 7.66840 7.68637 7.68300 7.67640 7.67553 7.67700 7.65956 7.65626 7.65555 7.64920 7.65705 7.65216 7.65560 7.62712 7.58351 7.42892 7.07617 7.40825 7.47261 7.47798 7.45395 7.44710 7.22619 7.24859 7.25681 7.37581 7.47389 7.40184 7.22606 7.22851 7.06253 -99999.00000 -99999.00000 -99999.00000 -99999.00000 -99999.00000 -99999.00000 -99999.00000 -99999.00000 -99999.00000 -99999.00000 -99999.00000 -99999.00000 -99999.00000 -99999.00000 -99999.00000 -99999.00000 -99999.00000 -99999.00000 -99999.00000
7.66665 7.66706 7.67154 7.66342 7.65281 7.64193 7.62526 7.56713 7.57903 7.63816 7.65948 7.65397 7.65865 7.65454 7.66375 7.67220 7.67763 7.69185 7.69463 7.68036 7.67600 7.67287 7.65649 7.66026 7.66485 7.66664 7.66168 7.64152 7.63702 7.62428 7.62276 7.61584 7.54419 7.50359 7.45761 7.24769 7.39139 7.44601 7.40681 7.44393 7.36440 7.29661 7.35723 7.29809 7.14333 7.07027 7.28744 7.09614 6.79817 -99999.00000 -99999.00000 -99999.00000 -99999.00000 -99999.00000 -99999.00000 -99999.00000 -99999.00000 -99999.00000 -99999.00000 -99999.00000 -99999.00000 -99999.00000 -99999.00000 -99999.00000 -99999.00000 -99999.00000
7.66300 7.67279 7.67746 7.67543 7.65551 7.63931 7.58703 7.59059 7.56360 7.62015 7.65394 7.65555 7.66454 7.65327 7.66659 7.67189 7.67308 7.68445 7.68786 7.68539 7.68242 7.67006 7.66924 7.66370 7.66313 7.66731 7.66075 7.66093 7.65438 7.65231 7.65294 7.64675 7.62571 7.55396 7.27852 7.30704 7.18773 7.39629 7.45924 7.47024 7.51208 7.48076 7.44116 7.43676 7.28780 7.15285 7.32943 7.32479 7.25713 7.47892 7.56074 -99999.00000 -99999.00000 -99999.00000 -99999.00000 -99999.00000 -99999.00000 -99999.00000 -99999.00000 -99999.00000 -99999.00000 -99999.00000 -99999.00000 -99999.00000 -99999.00000 -99999.00000
7.65754 7.67463 7.66174 7.66521 7.66535 7.65767 7.62896 7.57836 7.59102 7.58700 7.61854 7.62740 7.65268 7.64861 7.63915 7.64059 7.65806 7.67376 7.67957 7.67966 7.68504 7.68325 7.67447 7.66974 7.65703 7.65714 7.67176 7.68042 7.67772 7.67331 7.66021 7.64849 7.63826 7.61868 7.50585 7.27581 7.45800 7.36773 7.40942 7.46642 7.53468 7.52371 7.52846 7.51899 7.36079 7.18633 7.32481 7.35694 7.38942 7.39464 7.51570 7.53471 -99999.00000 -99999.00000 -99999.00000 -99999.00000 -99999.00000 -99999.00000 -99999.00000 -99999.00000 -99999.00000 -99999.00000 -99999.00000 -99999.00000 -99999.00000 -99999.00000
7.66515 7.67553 7.66181 7.65971 7.65978 7.65853 7.65912 7.62105 7.58599 7.59960 7.61703 7.61426 7.61999 7.64341 7.62241 7.62171 7.63341 7.66298 7.67451 7.67702 7.67790 7.67673 7.66943 7.65398 7.64545 7.65734 7.67908 7.68805 7.68389 7.67639 7.66919 7.66166 7.65726 7.64169 7.59479 7.51871 7.53668 7.32228 7.29659 7.18397 7.43989 7.47272 7.50135 7.48623 7.44844 7.21132 7.24648 7.33605 7.29336 7.25568 7.40698 7.46693 7.22148 6.84017 -99999.00000 -99999.00000 -99999.00000 -99999.00000 -99999.00000 -99999.00000 -99999.00000 -99999.00000 -99999.00000 -99999.00000 -99999.00000 -99999.00000
7.65981 7.66588 7.67306 7.66415 7.67157 7.66930 7.66787 7.63985 7.59388 7.57424 7.61516 7.62304 7.61262 7.62951 7.62363 7.62395 7.63622 7.64768 7.64972 7.65995 7.67413 7.67022 7.66852 7.65812 7.64161 7.64815 7.66638 7.67489 7.68000 7.68222 7.68438 7.67533 7.66486 7.62664 7.57623 7.45867 7.48906 7.41798 7.11707 7.33319 7.29164 7.24827 7.38463 7.17209 7.37314 7.32657 7.14002 7.25356 7.19448 7.29661 7.08158 7.25128 7.13461 6.97074 6.65361 -99999.00000 -99999.00000 -99999.00000 -99999.00000 -99999.00000 -99999.00000 -99999.00000 -99999.00000 -99999.00000 -99999.00000 -99999.00000
7.67048 7.66067 7.66829 7.65648 7.66124 7.66006 7.64921 7.65489 7.63495 7.58979 7.58913 7.59514 7.61989 7.64539 7.62615 7.63394 7.65684 7.64950 7.64709 7.64334 7.66097 7.67012 7.67508 7.66504 7.63307 7.62688 7.65327 7.66185 7.68088 7.67642 7.67468 7.66873 7.65812 7.62584 7.60253 7.53456 7.42144 7.49664 7.36379 7.29346 7.23881 7.33273 7.43440 7.28774 7.13013 7.26308 7.06613 7.04360 6.99071 6.91409 6.80846 6.79075 6.77630 6.75243 7.04852 7.40361 -99999.00000 -99999.00000 -99999.00000 -99999.00000 -99999.00000 -99999.00000 -99999.00000 -99999.00000 -99999.00000 -99999.00000
7.67668 7.67569 7.67598 7.65953 7.65892 7.66080 7.65880 7.67064 7.67379 7.65632 7.63032 7.60776 7.63903 7.64435 7.65589 7.65298 7.66203 7.64959 7.64233 7.64697 7.67132 7.67514 7.66723 7.66392 7.65243 7.64440 7.65627 7.67276 7.68026 7.67347 7.65712 7.65393 7.64792 7.61368 7.59917 7.61333 7.57957 7.54583 7.40786 7.10358 7.00131 7.06094 7.40686 7.17831 7.07333 6.83016 7.09066 6.96418 6.72444 6.49515 6.34874 6.44597 6.51066 6.81008 7.37042 7.41430 7.48639 -99999.00000 -99999.00000 -99999.00000 -99999.00000 -99999.00000 -99999.00000 -99999.00000 -99999.00000 -99999.00000
7.68012 7.68671 7.68186 7.65329 7.65131 7.65983 7.66236 7.66241 7.67800 7.68061 7.66502 7.65090 7.64563 7.64942 7.67621 7.67377 7.65420 7.67039 7.66073 7.65414 7.66089 7.66884 7.66992 7.65808 7.65206 7.65658 7.66789 7.67478 7.67470 7.66882 7.65572 7.64917 7.64380 7.59039 7.58236 7.61239 7.61028 7.56781 7.38468 6.80281 6.89666 6.87127 7.26387 7.27511 6.71729 6.54073 6.62552 6.73629 6.60883 6.30335 5.79677 6.30551 6.56739 7.14283 7.41644 7.50068 7.51195 7.56203 7.58800 -99999.00000 -99999.00000 -99999.00000 -99999.00000 -99999.00000 -99999.00000 -99999.00000
7.68621 7.66846 7.66160 7.65558 7.65846 7.66502 7.65997 7.63583 7.64157 7.66808 7.65531 7.63344 7.62903 7.63580 7.66980 7.66898 7.63178 7.65725 7.64990 7.64594 7.65171 7.66146 7.66370 7.65127 7.65902 7.67136 7.67713 7.67418 7.67105 7.67049 7.65588 7.64242 7.60279 7.50785 7.55511 7.56506 7.54207 7.54830 7.47817 7.26815 6.84154 6.86278 6.81136 7.10638 6.67630 6.59514 6.72041 6.57121 6.32018 6.18145 6.16462 6.25380 6.87849 7.43819 7.51974 7.52706 7.55630 7.57683 7.59455 7.60013 -99999.00000 -99999.00000 -99999.00000 -99999.00000 -99999.00000 -99999.00000
7.68231 7.67301 7.63590 7.64630 7.64594 7.66469 7.64919 7.61386 7.56499 7.60689 7.63372 7.61356 7.61335 7.63329 7.65591 7.61108 7.52738 7.58948 7.63910 7.64917 7.65517 7.64915 7.64446 7.64946 7.67374 7.68022 7.68392 7.67916 7.67811 7.67440 7.66757 7.63932 7.55448 7.52076 7.47873 7.50007 7.49736 7.47150 7.51584 7.49096 7.08244 6.60657 6.65829 6.60317 7.11447 7.13020 6.87169 6.42151 6.38837 6.58037 6.44459 6.39674 7.19882 7.49544 7.53121 7.55194 7.56412 7.58436 7.59792 7.61352 7.62701 7.62798 -99999.00000 -99999.00000 -99999.00000 -99999.00000
7.68289 7.67423 7.65276 7.64062 7.65889 7.65550 7.64794 7.57552 7.57862 7.55116 7.60338 7.61629 7.59858 7.62872 7.63904 7.54399 7.55055 7.52258 7.62360 7.64668 7.64805 7.65391 7.65080 7.66457 7.67607 7.68318 7.68276 7.68146 7.67903 7.68091 7.66842 7.64194 7.57845 7.52331 7.56566 7.57390 7.48897 7.54882 7.56637 7.48832 6.98981 6.61990 6.57236 6.39115 6.73804 7.28163 6.98845 6.44680 6.76689 6.92001 6.51024 6.29541 7.19101 7.49339 7.54277 7.57824 7.56396 7.54903 7.57960 7.62183 7.63260 7.61918 7.58375 -99999.00000 -99999.00000 -99999.00000
