mrvbf_slope1_pctl1.5.asc
NCOLS 410
NROWS 410
XLLCORNER 2398750.0000000000000000
YLLCORNER 2548750.0000000000000000
CELLSIZE 250.0000000000000000
NODATA_VALUE -99999.00000
[rows 116 to 144 of 410, columns 132 to 197 of 410]
7.64976 7.64333 7.64414 7.64490 7.63634 7.62411 7.62830 7.64644 7.65052 7.64269 7.63235 7.62283 7.62090 7.63468 7.65024 7.64892 7.64082 7.63445 7.63826 7.64140 7.64609 7.65226 7.65119 7.64212 7.62413 7.59432 7.57967 7.59316 7.61725 7.62617 7.62908 7.62502 7.61295 7.60511 7.58680 7.58472 7.57637 7.55133 7.52050 7.55586 7.60083 7.62350 7.63149 7.62664 7.62278 7.62353 7.62240 7.62165 7.61403 7.61782 7.61836 7.62333 7.61742 7.62476 7.62318 7.62502 7.62077 7.62303 7.60183 7.52748 7.41513 7.00204 6.81337 7.03486 7.46107 7.41025
7.64522 7.64306 7.64465 7.64206 7.63298 7.62656 7.63177 7.64352 7.64993 7.64684 7.63798 7.62223 7.61061 7.61865 7.64255 7.65626 7.65409 7.64396 7.63804 7.64003 7.64461 7.64433 7.63905 7.63007 7.61413 7.59521 7.58717 7.59719 7.61802 7.61466 7.62347 7.62746 7.61739 7.59922 7.60596 7.57567 7.53064 7.48674 7.48231 7.50417 7.55460 7.57663 7.58874 7.60777 7.62205 7.62760 7.62562 7.62216 7.61274 7.61416 7.61734 7.61530 7.60190 7.61102 7.62132 7.62671 7.62206 7.60957 7.56537 7.54774 7.42054 7.22031 7.22497 7.43948 7.09990 6.85024
7.63902 7.64190 7.64604 7.64424 7.63560 7.62904 7.63030 7.63767 7.64530 7.64620 7.64097 7.62465 7.60603 7.60418 7.62748 7.65067 7.65621 7.64942 7.64175 7.63561 7.62688 7.61615 7.61018 7.60900 7.60968 7.60676 7.60412 7.60827 7.61475 7.62352 7.63558 7.63071 7.62465 7.60519 7.58516 7.53734 7.52006 7.43603 7.53381 7.48511 7.48342 7.53004 7.54419 7.56508 7.60648 7.62268 7.62467 7.62189 7.61487 7.61354 7.61691 7.61382 7.60782 7.60029 7.61770 7.62318 7.61429 7.60159 7.57330 7.55232 7.38748 7.13022 7.41293 7.33645 6.78508 6.62553
7.63960 7.64614 7.64982 7.64698 7.63754 7.62705 7.62564 7.63335 7.64069 7.64025 7.62607 7.61801 7.60399 7.59585 7.61507 7.63985 7.64782 7.64198 7.63327 7.61300 7.59065 7.58070 7.58518 7.59806 7.61199 7.61615 7.62016 7.62962 7.63213 7.64576 7.64240 7.62949 7.62912 7.60316 7.54562 7.51336 7.48897 7.50168 7.53021 7.49858 7.44475 7.48959 7.51297 7.52400 7.57898 7.60944 7.62153 7.62632 7.61995 7.61401 7.61183 7.61678 7.61473 7.60243 7.60670 7.61340 7.60238 7.58196 7.53231 7.46258 7.30939 7.05689 6.66563 6.60227 6.67665 6.86676
7.64410 7.64833 7.64846 7.64694 7.63969 7.62753 7.62395 7.63333 7.64209 7.64219 7.61789 7.61292 7.59973 7.59042 7.60918 7.62981 7.62626 7.60972 7.59962 7.57289 7.55483 7.56014 7.57656 7.59350 7.60662 7.61212 7.62098 7.63449 7.64462 7.65310 7.64490 7.63286 7.62491 7.59054 7.52686 7.54137 7.50125 7.50722 7.51116 7.46892 7.35757 7.26191 7.35622 7.47323 7.55709 7.59586 7.61829 7.62688 7.61949 7.61182 7.60330 7.61417 7.61592 7.60179 7.60560 7.61298 7.60946 7.59422 7.56365 7.50377 7.35316 6.54909 6.29276 6.37578 6.62473 7.44743
7.63528 7.64254 7.64564 7.64513 7.63875 7.62614 7.62036 7.63027 7.64030 7.64249 7.62596 7.61586 7.61010 7.59714 7.60370 7.60588 7.59019 7.58215 7.57160 7.55176 7.55382 7.57771 7.59089 7.60277 7.61180 7.61785 7.62916 7.63579 7.64200 7.65174 7.64663 7.63712 7.62206 7.60377 7.57746 7.53003 7.54600 7.51904 7.47332 7.36727 7.23251 6.90996 6.92051 7.30326 7.52526 7.58386 7.60955 7.62084 7.61600 7.60505 7.60662 7.61270 7.61609 7.60055 7.60519 7.61362 7.60939 7.61135 7.59397 7.57514 7.52863 7.12322 6.51401 6.53496 7.14303 7.52510
7.62724 7.63307 7.63796 7.63679 7.63274 7.62241 7.61539 7.62435 7.63159 7.62971 7.62369 7.62803 7.62528 7.60473 7.58659 7.57155 7.57570 7.59427 7.58818 7.57634 7.59090 7.61560 7.61273 7.62101 7.63222 7.63718 7.64120 7.63726 7.64018 7.64534 7.64028 7.63497 7.62143 7.60654 7.58932 7.54277 7.51629 7.51426 7.44547 7.24185 6.76313 6.60617 6.64434 6.85009 7.33481 7.53706 7.59003 7.61083 7.61157 7.60462 7.60831 7.61048 7.61541 7.60393 7.60855 7.61098 7.60714 7.60547 7.59807 7.58910 7.58031 7.51689 7.22772 7.23729 7.44607 7.51022
7.62353 7.62191 7.62509 7.62342 7.62094 7.61997 7.61843 7.61874 7.62149 7.61613 7.61319 7.62277 7.62351 7.60977 7.59353 7.59054 7.60476 7.61826 7.60811 7.59702 7.61119 7.61834 7.61634 7.62716 7.63604 7.64211 7.63955 7.63893 7.63994 7.63782 7.63489 7.63600 7.62258 7.59158 7.56851 7.52217 7.47325 7.33516 7.20730 6.92733 6.40340 6.65351 6.84330 6.77190 6.99306 7.43609 7.55828 7.59802 7.60274 7.60321 7.60412 7.60664 7.60935 7.60580 7.61149 7.60924 7.60873 7.60024 7.60124 7.59290 7.58598 7.58132 7.54433 7.51075 7.52218 7.49102
7.61944 7.61039 7.61171 7.61339 7.61472 7.62113 7.62596 7.61714 7.60997 7.60909 7.61732 7.63031 7.63311 7.62835 7.62463 7.62110 7.61868 7.61854 7.61404 7.59487 7.60610 7.61971 7.62348 7.63393 7.63473 7.63507 7.63630 7.63930 7.63740 7.63667 7.63605 7.63200 7.60941 7.57775 7.55370 7.50543 7.40612 7.24079 7.26873 7.03339 6.60149 7.14322 7.02019 6.95676 6.93681 7.27692 7.51191 7.56402 7.58929 7.59795 7.59802 7.60307 7.60263 7.60478 7.61146 7.61289 7.61283 7.60299 7.60021 7.60093 7.58871 7.58529 7.58502 7.57265 7.56482 7.52692
7.61398 7.60158 7.60306 7.61086 7.62006 7.62286 7.62740 7.62037 7.60704 7.60489 7.61242 7.62125 7.62876 7.63097 7.62286 7.61552 7.61848 7.62515 7.62623 7.60572 7.60877 7.62720 7.63142 7.63886 7.64102 7.63732 7.64025 7.63959 7.63372 7.63324 7.63098 7.62271 7.59012 7.56734 7.56472 7.53437 7.48493 7.42640 7.38217 7.29606 6.89732 6.63840 6.80485 7.00360 7.05891 7.35082 7.52661 7.53666 7.56801 7.58188 7.58611 7.59835 7.60031 7.60852 7.60951 7.61083 7.61032 7.60240 7.59754 7.59755 7.59690 7.59053 7.58677 7.58457 7.58566 7.58679
7.60851 7.59878 7.60177 7.60930 7.61723 7.62215 7.62658 7.62100 7.61318 7.61133 7.61186 7.60930 7.60851 7.60755 7.60722 7.61599 7.62794 7.63277 7.62490 7.60355 7.60148 7.61631 7.61867 7.62888 7.63914 7.63898 7.63685 7.63493 7.62817 7.62300 7.61403 7.60191 7.57845 7.57307 7.58628 7.58389 7.56141 7.47590 7.25940 7.31106 7.12175 6.95208 7.22940 7.33076 7.38346 7.48616 7.54518 7.52710 7.53732 7.56619 7.57913 7.58571 7.59926 7.60818 7.60862 7.60775 7.60208 7.59605 7.59424 7.59292 7.59200 7.59742 7.58877 7.58914 7.59497 7.59869
7.60664 7.59916 7.60083 7.60193 7.60919 7.61806 7.61873 7.61598 7.62026 7.62555 7.62417 7.61929 7.61521 7.61213 7.61391 7.62870 7.63617 7.63442 7.61889 7.59155 7.58557 7.60601 7.60639 7.61602 7.63538 7.63484 7.63491 7.63123 7.61920 7.60718 7.59742 7.59359 7.59820 7.59504 7.58729 7.59493 7.54351 7.41641 7.42980 7.35208 7.33911 7.44287 7.50520 7.52355 7.53330 7.52872 7.52438 7.52443 7.53089 7.55913 7.57571 7.57725 7.59760 7.59721 7.59682 7.59732 7.59146 7.59438 7.59235 7.58684 7.57528 7.58398 7.58935 7.59528 7.60345 7.59411
7.60912 7.61567 7.61209 7.60430 7.60353 7.60485 7.60596 7.61550 7.62658 7.63321 7.63311 7.62783 7.62718 7.62259 7.61457 7.62588 7.63297 7.62936 7.60907 7.57898 7.57628 7.60203 7.59451 7.60751 7.63146 7.63211 7.62480 7.62041 7.60298 7.59068 7.59600 7.60425 7.60807 7.60944 7.59606 7.59101 7.51041 7.45026 7.47651 7.44755 7.48737 7.55100 7.57490 7.57071 7.55275 7.52072 7.48337 7.49729 7.53274 7.56739 7.57520 7.56706 7.57562 7.56822 7.56604 7.57172 7.58319 7.58358 7.59131 7.58670 7.58961 7.58326 7.59518 7.59810 7.60378 7.59379
7.62104 7.62302 7.62399 7.61843 7.61079 7.60358 7.59410 7.60424 7.62209 7.62803 7.62551 7.61827 7.61853 7.60962 7.61655 7.61054 7.62023 7.61751 7.59444 7.56871 7.56996 7.58873 7.59107 7.60907 7.62207 7.62354 7.62130 7.61888 7.59930 7.58090 7.58743 7.60195 7.61038 7.60416 7.56177 7.52730 7.44825 7.47997 7.50681 7.51415 7.53483 7.55044 7.50008 7.46282 7.47403 7.48762 7.42886 7.45450 7.51872 7.56000 7.56027 7.54966 7.55620 7.56796 7.55224 7.53113 7.55656 7.57609 7.58847 7.58738 7.58205 7.59462 7.60481 7.60340 7.60559 7.59820
7.62331 7.62356 7.62587 7.62484 7.61887 7.61283 7.59854 7.59274 7.60981 7.60678 7.60310 7.61440 7.60321 7.60031 7.61350 7.59959 7.59781 7.59340 7.57712 7.54814 7.53385 7.56642 7.58724 7.60880 7.61403 7.61740 7.61139 7.61192 7.60510 7.58798 7.58456 7.59473 7.60358 7.58197 7.53470 7.47386 7.47921 7.44221 7.46806 7.52159 7.49904 7.37221 7.24186 7.35560 7.23396 7.22250 7.23620 7.42164 7.50801 7.52835 7.53861 7.56432 7.55136 7.55933 7.52574 7.52223 7.52361 7.56327 7.58039 7.58192 7.59165 7.60142 7.60512 7.60198 7.60558 7.60443
7.61793 7.61731 7.61745 7.61938 7.61659 7.61252 7.60770 7.59406 7.59981 7.59970 7.59873 7.59737 7.59005 7.58577 7.59832 7.59798 7.59744 7.59281 7.58166 7.55715 7.52412 7.52281 7.56629 7.59358 7.59853 7.59857 7.60087 7.60997 7.60889 7.59938 7.59578 7.59985 7.60246 7.58308 7.54438 7.47838 7.44731 7.43472 7.47630 7.51965 7.35068 7.04721 7.08552 6.93404 6.48800 6.37833 6.76222 7.31775 7.48292 7.48088 7.52647 7.55917 7.57454 7.56109 7.53504 7.53309 7.52287 7.55649 7.57334 7.57148 7.58999 7.59581 7.59346 7.59503 7.60042 7.60232
7.60986 7.60737 7.60355 7.60262 7.59769 7.59419 7.59987 7.60144 7.59862 7.60148 7.60658 7.60761 7.58571 7.59553 7.61788 7.62246 7.62143 7.61801 7.61222 7.60346 7.58393 7.53879 7.54446 7.57969 7.59218 7.59574 7.60349 7.60419 7.59922 7.60092 7.60392 7.61069 7.61558 7.60160 7.56345 7.51449 7.48250 7.46211 7.53911 7.53699 7.31463 7.04891 6.87513 6.44409 6.66450 6.76196 6.54434 6.93200 7.41430 7.49776 7.51251 7.56424 7.58134 7.56188 7.52974 7.54554 7.52152 7.55393 7.56372 7.55848 7.57628 7.57947 7.57586 7.57810 7.57858 7.58391
7.59893 7.59181 7.58142 7.56726 7.55009 7.55150 7.57285 7.59133 7.60322 7.61780 7.60836 7.58858 7.58866 7.61683 7.62850 7.63004 7.62923 7.62676 7.62272 7.61758 7.61002 7.58864 7.55384 7.56315 7.58755 7.59281 7.60356 7.58907 7.58522 7.59771 7.60131 7.60491 7.60778 7.59984 7.57782 7.54030 7.51517 7.54036 7.54409 7.49166 7.29979 6.98623 6.97026 7.05781 6.88170 6.98225 6.73581 7.22054 7.49161 7.53469 7.53961 7.57590 7.57140 7.54421 7.50787 7.51071 7.51090 7.55839 7.56059 7.53121 7.53487 7.53455 7.52879 7.54683 7.55227 7.54534
7.58177 7.56513 7.54094 7.50845 7.49188 7.51884 7.55970 7.59361 7.61044 7.60649 7.58566 7.58745 7.61391 7.62734 7.63060 7.63167 7.63142 7.62968 7.62645 7.62185 7.61638 7.60456 7.56838 7.54451 7.56817 7.58298 7.58984 7.57254 7.57959 7.58624 7.58886 7.58485 7.58648 7.58383 7.56165 7.55030 7.54619 7.55235 7.54348 7.45645 7.22374 7.15161 7.41314 7.45783 7.35461 7.34917 7.27190 7.45195 7.49032 7.49502 7.47938 7.52386 7.55350 7.51570 7.53091 7.46060 7.50165 7.52235 7.53250 7.51924 7.51880 7.50432 7.48422 7.49344 7.50680 7.50930
7.55802 7.53143 7.50174 7.48606 7.50981 7.53550 7.55510 7.58877 7.59868 7.57734 7.58141 7.61037 7.62492 7.62922 7.63151 7.63275 7.63271 7.63142 7.62885 7.62486 7.61956 7.61217 7.59163 7.54468 7.54311 7.57004 7.57847 7.56226 7.55934 7.54816 7.55451 7.55029 7.55856 7.57616 7.56423 7.53993 7.52325 7.54667 7.56218 7.50850 7.36802 7.31555 7.43143 7.46403 7.43825 7.43775 7.45564 7.52936 7.51533 7.43981 7.41981 7.45424 7.51218 7.51519 7.52745 7.46340 7.47401 7.51696 7.50464 7.50787 7.53179 7.50982 7.48713 7.47396 7.48546 7.49214
7.53912 7.51744 7.50610 7.52667 7.56389 7.55465 7.55355 7.57870 7.57236 7.56652 7.60099 7.61931 7.62546 7.62922 7.63177 7.63300 7.63296 7.63191 7.62979 7.62636 7.62148 7.61514 7.60136 7.56167 7.53555 7.55922 7.55595 7.52247 7.50641 7.50468 7.52385 7.52607 7.54347 7.55301 7.55122 7.53571 7.53773 7.52639 7.51702 7.49502 7.39050 7.22722 7.25801 7.38753 7.46664 7.48062 7.52823 7.56760 7.53365 7.46616 7.38511 7.36360 7.48847 7.53461 7.55590 7.53805 7.49801 7.39729 7.45075 7.49988 7.54019 7.52124 7.49392 7.40812 7.45035 7.49257
7.53502 7.52960 7.53398 7.55323 7.56394 7.54257 7.54348 7.57347 7.56200 7.56762 7.60432 7.61816 7.62398 7.62830 7.63106 7.63233 7.63231 7.63140 7.62959 7.62667 7.62238 7.61645 7.60781 7.58557 7.53791 7.53573 7.52967 7.46781 7.45379 7.50905 7.55956 7.55878 7.53149 7.49662 7.49918 7.50413 7.48015 7.48149 7.51530 7.53639 7.49748 7.37374 7.29906 7.19589 7.30146 7.50847 7.55611 7.53896 7.45865 7.41037 7.38988 7.30906 7.44102 7.53115 7.55074 7.51520 7.47349 7.40998 7.36480 7.45983 7.50919 7.50240 7.48159 7.46781 7.40205 7.45951
7.54000 7.54825 7.55662 7.56315 7.55445 7.53235 7.55160 7.55316 7.54888 7.56374 7.60108 7.61534 7.62164 7.62628 7.62929 7.63076 7.63092 7.63020 7.62871 7.62626 7.62256 7.61731 7.61029 7.59167 7.53670 7.52276 7.52313 7.43362 7.36149 7.36354 7.49028 7.51316 7.46448 7.45467 7.45455 7.50920 7.51004 7.53357 7.56977 7.57580 7.53174 7.37075 7.34145 7.12448 7.10330 7.32189 7.45080 7.43232 7.39102 7.26933 7.31274 7.37548 7.48794 7.54108 7.55466 7.53405 7.51057 7.38465 7.30793 7.37472 7.42086 7.44315 7.44654 7.45640 7.42783 7.48624
7.54104 7.55877 7.56986 7.56761 7.55919 7.55453 7.54490 7.53637 7.53599 7.56278 7.59854 7.61191 7.61836 7.62322 7.62656 7.62844 7.62900 7.62865 7.62754 7.62551 7.62237 7.61785 7.61166 7.59728 7.55453 7.51787 7.50971 7.46828 7.36797 7.26962 7.36214 7.43158 7.43132 7.47141 7.42932 7.49125 7.55322 7.58338 7.59332 7.57682 7.51423 7.38490 7.29477 6.76001 6.84778 7.18668 7.42617 7.36575 7.33015 7.44156 7.48101 7.44547 7.51098 7.56819 7.58009 7.56368 7.52028 7.43936 7.35337 7.38940 7.26511 7.30246 7.37148 7.47229 7.49453 7.53487
7.53394 7.55113 7.56501 7.56611 7.56768 7.56848 7.53956 7.52364 7.54597 7.58026 7.59818 7.60716 7.61389 7.61913 7.62292 7.62534 7.62651 7.62674 7.62613 7.62456 7.62193 7.61809 7.61279 7.60485 7.58494 7.54950 7.55113 7.53431 7.49392 7.40111 7.40349 7.46598 7.51244 7.47115 7.39942 7.47679 7.56382 7.59503 7.59585 7.56414 7.48892 7.30751 6.92446 6.73531 7.20720 7.37774 7.44576 7.35682 7.37718 7.46264 7.51277 7.53234 7.53945 7.56063 7.57263 7.56201 7.51651 7.47558 7.47971 7.41475 7.36080 7.37841 7.39074 7.46732 7.52524 7.53776
7.52571 7.53158 7.54348 7.55841 7.56904 7.56751 7.53580 7.51833 7.55643 7.58092 7.59154 7.60019 7.60783 7.61391 7.61843 7.62154 7.62345 7.62440 7.62438 7.62329 7.62114 7.61784 7.61323 7.60718 7.59437 7.56417 7.55055 7.53207 7.51365 7.46209 7.45136 7.49964 7.52877 7.47636 7.39691 7.49036 7.57042 7.59800 7.59534 7.55807 7.49066 7.34547 7.03018 7.08584 7.31464 7.39796 7.30590 7.02997 7.38652 7.43910 7.50802 7.54805 7.55636 7.54898 7.53131 7.50291 7.49412 7.46468 7.49467 7.48713 7.45976 7.38968 7.38815 7.47031 7.53347 7.53123
7.52359 7.51536 7.51960 7.54259 7.55681 7.55487 7.53148 7.49041 7.51031 7.56245 7.58077 7.59080 7.59998 7.60744 7.61308 7.61709 7.61982 7.62152 7.62214 7.62155 7.61987 7.61702 7.61276 7.60683 7.59796 7.57697 7.53191 7.51079 7.50976 7.49637 7.48468 7.50810 7.47260 7.43453 7.42354 7.52119 7.57215 7.59578 7.59372 7.56307 7.51295 7.43620 7.27065 7.11081 7.22026 7.18374 6.73499 6.99188 7.44887 7.48734 7.50792 7.53532 7.53001 7.47494 7.36070 7.37395 7.46908 7.48688 7.47093 7.43506 7.48154 7.46676 7.44031 7.49361 7.53271 7.52603
7.52386 7.50913 7.50134 7.51580 7.52122 7.51319 7.49515 7.42725 7.37867 7.51190 7.56424 7.57987 7.59061 7.59969 7.60673 7.61187 7.61553 7.61800 7.61927 7.61922 7.61805 7.61559 7.61145 7.60527 7.59672 7.57595 7.51209 7.46552 7.47500 7.51590 7.51977 7.51149 7.46958 7.42361 7.50503 7.55113 7.57475 7.58571 7.58316 7.56203 7.52561 7.49842 7.47211 7.39465 7.27275 7.04309 6.98616 7.39957 7.52619 7.53775 7.51513 7.50918 7.43933 7.21511 6.64687 6.61953 7.06107 7.38301 7.43682 7.43810 7.49869 7.52411 7.47514 7.47503 7.49266 7.49284
7.51609 7.50900 7.50188 7.50010 7.49916 7.49713 7.48223 7.41277 7.26787 7.35759 7.52236 7.56640 7.58024 7.59061 7.59913 7.60563 7.61041 7.61377 7.61574 7.61629 7.61565 7.61362 7.60960 7.60318 7.59411 7.56878 7.47582 7.40334 7.47178 7.51619 7.54911 7.53381 7.52889 7.48201 7.52091 7.56157 7.57906 7.58258 7.57239 7.55538 7.51349 7.50450 7.53472 7.53169 7.49179 7.47129 7.44692 7.52458 7.56252 7.56571 7.52437 7.46145 7.31148 6.73028 6.47522 6.66346 6.73222 7.07764 7.31343 7.37560 7.44554 7.48028 7.46347 7.44270 7.42176 7.41355
