mrvbf_slope1.2_pctl1.asc
NCOLS 410
NROWS 410
XLLCORNER 2398750.0000000000000000
YLLCORNER 2548750.0000000000000000
CELLSIZE 250.0000000000000000
NODATA_VALUE -99999.00000
[rows 319 to 347 of 410, columns 198 to 263 of 410]
7.39702 7.40678 7.40331 7.39031 7.37856 7.37800 7.39189 7.38788 7.40015 7.36231 7.32379 7.32657 7.35558 7.37330 7.19239 7.10030 7.27826 7.28342 7.10186 6.83980 6.87610 7.02715 7.13257 7.17490 7.14564 6.96731 6.68113 6.91826 7.15293 7.12090 6.96150 6.90064 7.18042 7.28920 6.98707 6.48512 6.58625 6.78130 6.79504 6.74962 6.79461 6.92803 7.11587 7.26994 7.32366 7.31580 7.27518 7.27236 7.27334 7.16399 7.05993 7.04498 7.02717 7.00641 6.91091 6.30931 6.54849 7.12668 7.04007 7.13193 7.26581 7.31290 7.31263 7.20080 7.26471 7.34371
7.40754 7.41393 7.40943 7.36422 7.30546 7.32910 7.35829 7.38088 7.36534 7.36094 7.37765 7.37886 7.40555 7.38597 7.20586 7.04351 7.24831 7.33951 7.27808 7.08628 6.97389 7.19201 7.29464 7.28880 7.24439 7.04576 6.63555 6.76986 7.18058 7.26722 6.98854 6.84101 7.20154 7.14052 6.49156 6.35712 6.66172 6.81535 6.91139 6.99427 7.07057 7.18343 7.29108 7.34960 7.36685 7.36346 7.32208 7.23331 7.31187 7.30964 7.27974 7.22528 7.14830 7.10034 6.92477 6.18529 6.24515 6.84473 6.94600 7.20583 7.32950 7.29369 7.19523 7.17164 7.28976 7.27012
7.41448 7.41094 7.38686 7.29846 7.26458 7.30963 7.28689 7.30251 7.29215 7.31618 7.36407 7.40319 7.40763 7.37179 7.28158 7.11469 7.15186 7.29165 7.34128 7.27017 7.09357 7.20469 7.32926 7.27856 7.06635 6.79169 6.70442 6.93466 7.19718 7.28963 6.95021 6.91103 7.25401 7.03939 6.31650 6.49629 6.96010 7.11462 7.18058 7.23718 7.28073 7.32505 7.35796 7.37681 7.39476 7.40118 7.38184 7.27933 7.30071 7.29249 7.30216 7.29352 7.27458 7.22377 7.04349 6.62319 6.36648 6.75222 7.08018 7.28008 7.29174 7.18672 7.16275 7.28330 7.34824 7.22187
7.41223 7.39609 7.37088 7.28839 7.22340 7.31158 7.33565 7.33797 7.36686 7.34414 7.33895 7.38130 7.39274 7.38128 7.32643 7.22975 7.15511 7.23956 7.33465 7.32082 7.15972 7.20794 7.29360 7.10202 6.84293 6.91949 7.10416 7.12707 7.10664 7.19331 6.99651 6.76739 7.15419 6.91495 6.20384 6.54626 7.10822 7.27286 7.30783 7.32148 7.33943 7.36257 7.37776 7.38611 7.40171 7.40748 7.38833 7.29246 7.27482 7.22956 7.24086 7.18470 7.25734 7.26590 7.18003 7.01056 6.86234 7.02330 7.19841 7.27679 7.23663 7.16834 7.21513 7.31989 7.31725 7.13897
7.38558 7.31774 7.31478 7.30645 7.19753 7.24695 7.36140 7.36436 7.37792 7.37449 7.34720 7.35944 7.38662 7.35882 7.26797 7.18465 7.17873 7.28130 7.35380 7.31329 7.23509 7.28524 7.22148 6.97656 7.01749 7.19937 7.24306 7.23840 7.09625 6.95969 6.99790 6.69250 7.07198 6.85581 6.12658 6.51327 7.05086 7.17665 7.20677 7.24073 7.28395 7.32483 7.36781 7.38719 7.39924 7.40525 7.38440 7.34203 7.27582 7.24029 7.19821 7.13395 7.07032 7.15414 7.18850 7.17685 7.09053 7.11280 7.15550 7.18698 7.22031 7.25151 7.21526 7.24537 7.24846 7.13251
7.29217 7.17894 7.14803 7.19477 7.12208 7.21758 7.36220 7.37691 7.40339 7.37748 7.33742 7.31883 7.36024 7.28024 7.17724 7.17808 7.26898 7.35062 7.38001 7.34667 7.32698 7.31463 7.15317 7.00822 7.15551 7.26727 7.29375 7.33653 7.28853 7.09902 6.89935 6.95181 7.24362 7.04953 6.42167 6.47189 6.97713 7.14471 7.22538 7.28570 7.31744 7.32042 7.33698 7.37789 7.39324 7.40119 7.39649 7.37137 7.33374 7.28886 7.22302 7.28260 7.16690 7.15247 7.13545 7.10794 7.03466 6.98104 7.09217 7.19280 7.27076 7.30672 7.31924 7.30557 7.30293 7.25749
7.17749 7.13937 7.12693 7.08889 7.11421 7.28632 7.35141 7.38543 7.40276 7.34279 7.31835 7.25603 7.30196 7.24920 7.24954 7.31087 7.35213 7.37066 7.36717 7.34255 7.34354 7.30321 7.13920 7.09515 7.23752 7.28869 7.29648 7.34273 7.35628 7.29383 7.17065 7.16769 7.19267 6.95098 6.62010 6.77648 7.13008 7.27503 7.34726 7.37483 7.37916 7.36071 7.33004 7.34753 7.36805 7.37633 7.37785 7.36919 7.34872 7.30197 7.16409 7.20211 7.23402 7.25257 7.19095 7.13611 7.08429 7.06782 7.19975 7.28706 7.32457 7.33819 7.33822 7.34329 7.34709 7.32053
7.11719 7.14800 7.26685 7.26790 7.28455 7.32580 7.33316 7.38855 7.36647 7.29416 7.32300 7.24835 7.27544 7.31847 7.32256 7.31923 7.31768 7.33562 7.33975 7.30303 7.31919 7.26632 7.10727 7.14226 7.27387 7.29297 7.30801 7.31367 7.32291 7.28160 7.19912 7.12260 6.91137 6.48934 6.37934 6.77284 7.09890 7.24499 7.32484 7.34438 7.34214 7.31361 7.26222 7.27275 7.28998 7.29383 7.29925 7.27943 7.25114 7.22851 7.10244 7.01994 7.03236 7.03288 6.98459 7.03131 7.01287 6.96186 7.09293 7.24960 7.31081 7.33999 7.35471 7.35967 7.35313 7.33815
7.14869 7.14233 7.26586 7.30036 7.30040 7.31101 7.33985 7.40661 7.35981 7.28442 7.34431 7.32098 7.32355 7.36387 7.36525 7.33757 7.26907 7.25078 7.29759 7.25587 7.29284 7.20702 7.01973 7.13018 7.24557 7.27552 7.28645 7.27654 7.19947 7.04599 6.86785 6.75482 6.43979 6.19616 6.40358 6.82836 6.99295 7.02928 7.11808 7.14535 7.13748 7.10375 7.09219 7.16878 7.19574 7.17483 7.15199 7.13006 7.14212 7.18137 7.13744 7.03294 6.95011 6.84050 6.70746 6.65492 6.65722 6.57889 6.69018 7.04125 7.24913 7.31341 7.33767 7.34165 7.32019 7.29661
7.25896 7.29138 7.32223 7.33739 7.31120 7.32370 7.37172 7.41849 7.39860 7.31104 7.27333 7.30721 7.34617 7.37094 7.37982 7.35374 7.22497 7.17927 7.26274 7.20658 7.26130 7.11496 6.92115 7.10680 7.16550 7.23248 7.26420 7.14571 6.87137 6.63108 6.37272 6.12947 6.15934 6.25654 6.62578 6.95125 7.03943 6.99990 6.96467 6.96974 6.96638 6.96592 7.06129 7.14341 7.15419 7.13357 7.10923 7.13080 7.16753 7.20087 7.19851 7.14370 7.07790 7.00156 6.93913 6.75887 6.55672 6.29772 6.31359 6.64816 7.09693 7.26286 7.29994 7.29639 7.25356 7.23900
7.31075 7.34226 7.37814 7.40324 7.39821 7.37813 7.41055 7.42255 7.41653 7.38703 7.33222 7.31590 7.33373 7.36633 7.35957 7.30783 7.16545 7.19920 7.27177 7.22558 7.26009 7.08731 6.97049 7.16280 7.12130 7.15715 7.15379 6.87477 6.59165 6.56500 6.49792 6.23967 6.31909 6.52459 6.84337 7.03088 7.11517 7.14451 7.13765 7.14453 7.13364 7.11685 7.14878 7.15550 7.14459 7.14814 7.16344 7.19721 7.21634 7.23081 7.22828 7.20295 7.17113 7.14000 7.10628 7.02427 6.84954 6.47010 6.11694 6.33340 6.92287 7.18466 7.22047 7.19000 7.16407 7.19817
7.27569 7.34463 7.37136 7.40551 7.40491 7.38608 7.39660 7.40835 7.40674 7.39644 7.37489 7.35001 7.32669 7.34183 7.32796 7.24172 7.17197 7.26483 7.27967 7.27321 7.28873 7.12742 7.06301 7.20778 7.11027 7.09026 6.97880 6.57844 6.54476 6.68539 6.75603 6.76214 6.74110 6.86534 7.01113 7.10505 7.17229 7.21472 7.23913 7.24344 7.22524 7.21025 7.19445 7.16799 7.15589 7.15822 7.17805 7.21847 7.24210 7.25208 7.24403 7.21326 7.17794 7.15080 7.12789 7.08814 6.98125 6.62633 6.03640 6.12604 6.78139 7.02510 7.01297 6.99885 7.04535 7.10600
7.23570 7.33774 7.37076 7.38456 7.33818 7.25954 7.26702 7.35755 7.37771 7.34777 7.27232 7.20451 7.22773 7.30607 7.28818 7.19500 7.18335 7.25880 7.23459 7.27383 7.28600 7.12872 7.03347 7.14333 7.04330 6.97229 6.69351 6.29402 6.54556 6.73749 6.89643 6.99803 7.00403 7.04246 7.11538 7.17312 7.20786 7.23942 7.26513 7.26531 7.24209 7.21893 7.19279 7.17096 7.17189 7.18713 7.21420 7.24323 7.26980 7.28162 7.26238 7.21544 7.16596 7.12732 7.10195 7.07500 7.00055 6.69966 5.91832 5.72418 6.48376 6.61202 6.61508 6.75528 6.84748 6.86315
7.20409 7.29226 7.34602 7.32659 7.20325 7.10081 7.02538 7.17339 7.30184 7.22569 7.00695 6.87061 7.02585 7.23963 7.26217 7.16669 7.16687 7.22503 7.12013 7.20928 7.29055 7.15635 6.93643 6.90854 6.94677 6.95816 6.52339 6.28028 6.62830 6.84491 7.00110 7.06415 7.08292 7.11685 7.18147 7.22292 7.23212 7.25257 7.27617 7.27036 7.23565 7.19891 7.17639 7.17909 7.21187 7.25583 7.28115 7.28117 7.30437 7.31591 7.27832 7.21466 7.15839 7.10366 7.05640 7.03004 7.00263 6.86395 6.26423 5.32586 5.49518 5.89380 6.23661 6.50379 6.63851 6.60367
7.22284 7.22828 7.30092 7.28695 7.12881 7.09112 7.06811 6.96118 7.14957 7.01217 6.72235 6.84383 6.90591 7.11609 7.25493 7.18529 7.15555 7.20683 7.07287 7.12804 7.30496 7.25100 7.06108 6.81215 6.76454 6.74780 6.08131 5.99921 6.67195 6.94006 7.03653 7.07490 7.10232 7.14599 7.20338 7.23271 7.23305 7.24854 7.27420 7.26247 7.21145 7.16866 7.16777 7.20729 7.26308 7.29996 7.29404 7.29161 7.33079 7.33472 7.27911 7.21251 7.17004 7.11243 7.03769 6.99901 7.00443 6.97540 6.76012 6.16580 5.69011 6.01849 6.33038 6.45372 6.56149 6.56194
7.19856 7.22099 7.26416 7.29197 7.17427 6.99736 7.05143 6.99673 7.00004 6.81836 6.70581 7.05619 7.03647 7.09599 7.28020 7.26442 7.21283 7.16806 7.05187 7.21112 7.32128 7.29156 7.20228 7.06130 6.91648 6.64715 5.53894 5.51399 6.66964 6.95491 7.02107 7.06021 7.09722 7.14325 7.18707 7.20420 7.19856 7.21025 7.24286 7.23018 7.16270 7.13290 7.17744 7.25160 7.30224 7.30494 7.27411 7.29968 7.35446 7.34027 7.26349 7.20949 7.20999 7.17704 7.08110 7.01498 7.04489 7.06316 6.94547 6.72415 6.57004 6.60624 6.67297 6.68610 6.71083 6.74861
7.14083 7.23574 7.18795 7.23532 7.26930 7.14652 7.02942 7.15006 7.02996 6.88667 6.99700 7.18970 7.15462 7.15051 7.28085 7.30680 7.27865 7.24276 7.18948 7.27054 7.27658 7.18940 7.08017 6.90891 6.60519 6.08304 5.13793 5.54497 6.73229 6.93429 6.98286 7.03229 7.08269 7.12824 7.15696 7.15692 7.13348 7.12266 7.15048 7.14511 7.08394 7.11023 7.21603 7.30214 7.32565 7.29914 7.25440 7.30458 7.36766 7.34204 7.24620 7.21279 7.26272 7.26458 7.15353 7.02376 7.08280 7.13422 7.03240 6.84403 6.70130 6.72675 6.78472 6.82336 6.88273 6.89366
7.00318 6.94241 6.97186 7.05365 7.22336 7.27500 7.13852 7.09268 7.06862 7.03603 7.15667 7.26171 7.20220 7.16455 7.26064 7.28491 7.20291 7.11518 6.97807 7.06823 7.06736 6.98179 6.92979 6.73273 6.35205 5.90113 5.55548 6.34045 6.79689 6.88191 6.94609 7.02025 7.08616 7.12971 7.14575 7.12762 7.07808 7.02200 7.00666 7.00959 7.03147 7.14190 7.27094 7.33067 7.32294 7.30285 7.26490 7.29097 7.36152 7.34238 7.25146 7.22991 7.29046 7.29953 7.16638 7.03815 7.13483 7.14486 7.06688 6.95555 6.79553 6.77640 6.82846 6.87079 6.94822 6.96053
6.36991 6.62687 6.87159 6.91250 7.10175 7.20979 7.10132 7.10089 7.08472 7.09179 7.20061 7.25786 7.19097 7.11271 7.17972 7.22709 7.08391 7.06793 6.97298 6.91922 6.99502 7.05871 7.03799 6.87016 6.58399 6.28392 6.28876 6.68092 6.79756 6.84717 6.94159 7.04147 7.11734 7.16213 7.17688 7.15831 7.10898 7.04317 7.01273 7.03280 7.10835 7.21357 7.28525 7.28821 7.28575 7.31199 7.31002 7.28041 7.32723 7.33885 7.28473 7.25816 7.28910 7.29629 7.17696 7.08639 7.15722 7.10766 7.01504 6.99813 6.93792 6.91715 6.93278 6.94485 6.96716 7.01123
6.49389 6.89499 6.91838 6.91038 7.16176 7.24768 7.22885 7.16268 7.01699 7.02501 7.21373 7.28020 7.23063 7.13952 7.10712 7.19958 7.06788 7.05768 7.14480 7.10422 7.13654 7.17271 7.11411 6.93072 6.64182 6.33236 6.45107 6.75037 6.80334 6.85499 6.96897 7.08269 7.16247 7.20846 7.22754 7.22726 7.21972 7.21065 7.21557 7.23725 7.26303 7.28429 7.23476 7.19008 7.28021 7.32721 7.32842 7.30343 7.31115 7.34633 7.33319 7.29481 7.27826 7.27725 7.17299 6.92378 6.89807 6.85284 6.85174 6.96370 6.98020 6.97659 7.00127 7.00554 6.98577 7.01243
6.88140 6.78275 6.65992 6.97383 7.26052 7.31098 7.26180 7.17666 6.95134 6.88737 7.13845 7.26772 7.23738 7.13943 7.01576 7.11745 6.95624 6.95853 7.10202 7.15602 7.15842 7.17785 7.12024 6.92307 6.58863 6.37406 6.51133 6.72877 6.80255 6.86782 6.99168 7.11120 7.19124 7.23579 7.25596 7.26626 7.28700 7.31915 7.33237 7.33891 7.32373 7.29433 7.14143 7.14236 7.31319 7.32788 7.31805 7.31996 7.31991 7.35606 7.36119 7.32364 7.25709 7.17425 7.11482 6.92293 6.71820 6.72775 6.86531 6.98502 6.99994 6.99983 7.03045 7.03925 7.02796 7.04774
6.79733 6.76330 6.91218 7.19166 7.29639 7.32342 7.30499 7.24447 7.04470 6.88048 7.09175 7.24460 7.19951 7.10761 7.04015 7.06563 6.96252 6.83780 6.99554 7.13088 7.10744 7.13194 7.04045 6.71821 6.41057 6.47690 6.69346 6.80509 6.83825 6.89020 6.99817 7.11446 7.19748 7.24345 7.26151 7.26012 7.24742 7.23218 7.23246 7.22891 7.19327 7.12144 7.05413 7.23316 7.35358 7.33620 7.31779 7.29095 7.32021 7.35604 7.35574 7.33736 7.27460 7.10388 6.98650 7.04374 6.99944 7.02324 7.09548 7.10234 7.07567 7.04520 7.01681 7.01545 7.05205 7.09210
7.06427 6.99727 6.90602 7.10478 7.25727 7.30178 7.29704 7.24950 7.09358 6.90851 7.05356 7.22268 7.17193 7.11694 7.09874 7.06131 6.98069 6.92383 6.98986 7.09846 7.02794 6.98507 6.75287 6.41860 6.45902 6.71026 6.85776 6.88290 6.87566 6.91567 7.01360 7.12606 7.20982 7.25332 7.26375 7.24450 7.20255 7.16406 7.17330 7.18571 7.17571 7.16850 7.23622 7.35135 7.38503 7.37156 7.32526 7.30751 7.33104 7.30406 7.27213 7.29735 7.27730 7.08054 6.85922 7.02049 7.16775 7.20903 7.21166 7.19287 7.19070 7.14213 7.04251 7.02780 7.06725 7.08077
7.03368 6.82822 6.77554 6.79992 7.11064 7.25646 7.26496 7.21806 7.06791 6.84672 6.90883 7.08964 7.05429 6.98874 7.02390 7.07825 7.04141 6.91612 6.95122 7.06103 6.94600 6.75168 6.50095 6.47135 6.67068 6.84710 6.91938 6.90551 6.89235 6.93665 7.03359 7.15015 7.23919 7.27716 7.27653 7.25566 7.24265 7.25858 7.28420 7.30214 7.31441 7.33530 7.36410 7.38527 7.38712 7.35925 7.31735 7.29769 7.25997 7.11504 7.05785 7.18894 7.23328 6.92824 6.71812 7.03451 7.22190 7.22759 7.20507 7.21429 7.24316 7.19474 7.12421 7.09182 7.07775 7.06247
7.09128 6.98971 7.00025 6.77046 6.97492 7.19023 7.20447 7.11764 6.86184 6.59363 6.68625 6.89886 6.91805 6.84151 6.84994 6.93522 6.90813 6.71314 6.86402 7.01385 6.90545 6.67820 6.57237 6.64294 6.79729 6.86532 6.87247 6.86035 6.87580 6.89461 6.99660 7.14663 7.25728 7.29687 7.29730 7.30109 7.32077 7.34390 7.35528 7.36273 7.36979 7.37806 7.38388 7.37875 7.34862 7.28608 7.26778 7.25412 7.17142 6.99041 6.96459 7.03492 7.17511 6.76038 6.73455 7.14515 7.20535 7.15899 7.16251 7.21046 7.20949 7.14554 7.12641 6.97556 7.02895 7.10667
7.17056 7.06631 7.04977 6.85077 6.84796 7.03554 7.04054 6.85950 6.51502 6.41919 6.64138 6.85888 6.93943 6.83077 6.72638 6.63739 6.47328 6.44439 6.80670 6.96205 6.85771 6.71432 6.70528 6.79072 6.86733 6.90396 6.90045 6.89462 6.82416 6.76142 6.87800 7.09868 7.22655 7.27511 7.30011 7.32156 7.33316 7.34024 7.34600 7.35073 7.35436 7.35623 7.35489 7.34144 7.27875 7.21675 7.25869 7.25087 7.17383 7.05131 7.06463 7.00068 7.14038 6.76385 6.88709 7.21169 7.17147 7.11522 7.16864 7.23282 7.20161 7.02911 6.86755 6.89959 7.12781 7.20478
7.13744 7.00033 6.98213 6.87633 6.71902 6.77117 6.81758 6.73910 6.49819 6.51925 6.76469 6.95786 6.99686 6.90860 6.85018 6.55182 6.22204 6.43872 6.78151 6.89314 6.85727 6.80651 6.84530 6.90817 6.97816 6.99997 6.94780 6.85705 6.68093 6.62055 6.82891 7.04367 7.14621 7.21400 7.26031 7.26494 7.24494 7.23553 7.24776 7.26411 7.27494 7.27622 7.27108 7.25541 7.17495 7.13648 7.18196 7.17238 7.19647 7.18244 7.15031 7.17170 7.18883 6.97868 7.05267 7.18897 7.17899 7.19390 7.22497 7.22796 7.21847 7.11777 7.02555 7.21905 7.27766 7.27345
7.02142 6.85583 6.96030 6.96613 6.88628 6.83831 6.86946 6.86865 6.54204 6.55994 6.86047 7.02776 7.02544 6.99097 6.92146 6.73366 6.67466 6.75567 6.84329 6.89578 6.95307 6.95970 6.95801 6.94967 6.95154 6.96676 6.89083 6.70744 6.45322 6.52999 6.83906 6.93140 7.05751 7.14706 7.15390 7.05832 6.93087 6.83339 6.81262 6.89960 6.97147 6.95027 6.90208 6.97046 7.00963 7.02365 7.06136 7.05231 7.15376 7.26406 7.24799 7.26942 7.25313 7.15141 7.19755 7.24556 7.25091 7.28745 7.27783 7.21610 7.13796 7.09740 7.18145 7.28775 7.30612 7.28391
6.99980 6.82009 6.86182 7.00702 7.01192 6.97360 6.94136 6.88222 6.47312 6.48245 6.87708 7.02262 7.03809 7.01199 6.96204 6.89528 6.87332 6.92944 6.95106 6.95911 7.01884 7.05113 7.01746 6.97654 6.95718 6.95175 6.84203 6.60041 6.44501 6.62713 6.75702 6.95376 7.06621 7.02591 6.82460 6.52942 6.34215 6.26355 6.31293 6.51061 6.65593 6.61636 6.57785 6.70267 6.96195 7.01502 7.06680 7.12286 7.15154 7.19953 7.20374 7.24783 7.24933 7.19811 7.26555 7.31122 7.32013 7.32137 7.28428 7.24659 7.15721 7.00614 7.06280 7.24809 7.30220 7.25712
