mrvbf_slope1.2_pctl1.4.asc
NCOLS 410
NROWS 410
XLLCORNER 2398750.0000000000000000
YLLCORNER 2548750.0000000000000000
CELLSIZE 250.0000000000000000
NODATA_VALUE -99999.00000
[rows 116 to 144 of 410, columns 198 to 263 of 410]
7.68840 7.71290 7.71254 7.70467 7.70418 7.69319 7.66481 7.69140 7.70065 7.71326 7.71069 7.71034 7.71632 7.71789 7.71787 7.71880 7.71789 7.71607 7.71552 7.71552 7.71164 7.70587 7.70407 7.70455 7.70686 7.70679 7.70592 7.70249 7.69837 7.69842 7.69605 7.69703 7.69764 7.69485 7.69299 7.69024 7.68891 7.69046 7.69221 7.69196 7.69272 7.69227 7.69083 7.69036 7.68960 7.68887 7.68695 7.68911 7.69051 7.68813 7.68551 7.68387 7.68206 7.67568 7.67378 7.67750 7.67822 7.67708 -99999.00000 -99999.00000 -99999.00000 -99999.00000 -99999.00000 -99999.00000 -99999.00000 -99999.00000
7.61902 7.69757 7.70617 7.70910 7.70235 7.70520 7.70166 7.69589 7.70414 7.70851 7.70825 7.70967 7.71224 7.71473 7.71669 7.71758 7.71651 7.71507 7.71443 7.71509 7.71162 7.70324 7.70248 7.70128 7.70072 7.70472 7.70535 7.70337 7.70026 7.69780 7.69579 7.69648 7.69522 7.69341 7.69319 7.69054 7.68918 7.68935 7.68811 7.68833 7.69007 7.69050 7.68851 7.68867 7.68818 7.68792 7.68783 7.68883 7.68716 7.68344 7.68168 7.68146 7.67955 7.67269 7.67377 7.67577 7.67542 7.67543 7.67370 7.66277 -99999.00000 -99999.00000 -99999.00000 -99999.00000 -99999.00000 -99999.00000
7.57960 7.68927 7.71036 7.71082 7.70315 7.70161 7.70932 7.70598 7.69962 7.70861 7.70548 7.70821 7.71448 7.71378 7.71480 7.71594 7.71585 7.71555 7.71472 7.71211 7.70902 7.70397 7.70043 7.70507 7.70123 7.70318 7.70512 7.70238 7.70074 7.69870 7.69526 7.69472 7.69175 7.69179 7.69363 7.69032 7.68826 7.68671 7.68649 7.68805 7.68982 7.68848 7.68670 7.68646 7.68799 7.68747 7.68935 7.68865 7.68447 7.68158 7.68284 7.68113 7.67917 7.67688 7.67175 7.67456 7.67556 7.67408 7.66832 7.66088 7.65679 -99999.00000 -99999.00000 -99999.00000 -99999.00000 -99999.00000
7.66402 7.70464 7.71406 7.71235 7.69140 7.67982 7.69875 7.70967 7.70930 7.71288 7.71210 7.71085 7.71283 7.71014 7.71315 7.71474 7.71551 7.71508 7.71387 7.71280 7.70897 7.70494 7.70182 7.70407 7.69748 7.70160 7.70384 7.70122 7.70068 7.69836 7.69470 7.69318 7.69292 7.69302 7.69158 7.68859 7.68767 7.68669 7.68753 7.68999 7.68926 7.68509 7.68331 7.68420 7.68526 7.68607 7.68837 7.68719 7.68344 7.68051 7.68233 7.68167 7.68010 7.67726 7.67196 7.67177 7.67562 7.67295 7.66883 7.66593 7.66076 7.65813 -99999.00000 -99999.00000 -99999.00000 -99999.00000
7.70166 7.70910 7.71469 7.70292 7.66234 7.65141 7.67382 7.70561 7.71356 7.71519 7.71353 7.70865 7.70565 7.70393 7.70867 7.71003 7.71255 7.71345 7.71209 7.71091 7.70964 7.70711 7.70395 7.69643 7.69328 7.69512 7.70029 7.69932 7.69875 7.69687 7.69479 7.69291 7.69525 7.69493 7.69095 7.68952 7.68904 7.68741 7.68808 7.68990 7.68895 7.68612 7.68321 7.68449 7.68502 7.68508 7.68665 7.68596 7.68253 7.67934 7.67875 7.67942 7.67834 7.67400 7.67117 7.67465 7.67521 7.67288 7.67103 7.66902 7.66621 7.66651 7.67224 -99999.00000 -99999.00000 -99999.00000
7.70364 7.70214 7.70712 7.69363 7.62013 7.63879 7.63710 7.69824 7.71080 7.71247 7.71302 7.70978 7.70184 7.70299 7.70714 7.70507 7.70645 7.70980 7.70962 7.70822 7.70833 7.70620 7.70188 7.69621 7.69621 7.68967 7.69421 7.69621 7.69686 7.69694 7.69500 7.69267 7.69503 7.69445 7.69101 7.68846 7.68777 7.68719 7.68730 7.68760 7.68923 7.68755 7.68587 7.68629 7.68486 7.68247 7.68331 7.68419 7.68242 7.67891 7.67646 7.67544 7.67431 7.67232 7.67430 7.67579 7.67557 7.67449 7.67083 7.66707 7.66663 7.66748 7.67257 7.67426 -99999.00000 -99999.00000
7.66807 7.65147 7.67525 7.67774 7.58635 7.58439 7.63592 7.69563 7.70746 7.71223 7.71184 7.70787 7.70575 7.70078 7.70303 7.70148 7.70329 7.70470 7.70469 7.70487 7.70548 7.70584 7.70449 7.69812 7.69511 7.68663 7.68563 7.69565 7.69824 7.69715 7.69470 7.69560 7.69630 7.69373 7.68727 7.68363 7.68222 7.68497 7.68610 7.68589 7.68601 7.68635 7.68327 7.68278 7.68395 7.68349 7.68105 7.68150 7.68071 7.67736 7.67388 7.67193 7.67296 7.67370 7.67503 7.67554 7.67438 7.67252 7.66888 7.66770 7.66889 7.66815 7.66914 7.67353 7.67594 -99999.00000
7.65260 7.66132 7.63587 7.65720 7.65291 7.60474 7.67998 7.70260 7.70411 7.70806 7.70821 7.70758 7.70840 7.70607 7.70616 7.70407 7.70439 7.70158 7.70058 7.70185 7.70001 7.70140 7.70061 7.69156 7.69014 7.67693 7.67976 7.69098 7.69610 7.69719 7.69581 7.69416 7.69356 7.68908 7.68491 7.67961 7.68034 7.68179 7.68310 7.68474 7.68363 7.68458 7.68095 7.67859 7.68020 7.68152 7.68045 7.67800 7.67582 7.67646 7.67467 7.67172 7.67139 7.67337 7.67395 7.67294 7.67082 7.66936 7.66969 7.67112 7.66882 7.66517 7.66799 7.67015 7.67237 -99999.00000
7.66037 7.63464 7.64799 7.68330 7.65554 7.67889 7.70148 7.70463 7.70675 7.70704 7.70696 7.70880 7.70829 7.70758 7.70307 7.70389 7.70544 7.70430 7.70130 7.69765 7.69819 7.70148 7.69965 7.69289 7.67945 7.67588 7.68472 7.67756 7.68833 7.69655 7.69321 7.69097 7.68895 7.68617 7.68658 7.68031 7.67742 7.68030 7.68027 7.68058 7.67992 7.68175 7.67955 7.67836 7.67862 7.67853 7.67850 7.67486 7.67224 7.67349 7.67167 7.66835 7.66775 7.67252 7.67154 7.67002 7.67087 7.67031 7.67015 7.66986 7.66592 7.66313 7.66628 7.66600 7.66527 7.66632
7.69745 7.64661 7.58061 7.66526 7.69469 7.70520 7.70747 7.70795 7.70818 7.70653 7.70607 7.70539 7.70455 7.69945 7.68561 7.69452 7.70184 7.70335 7.70357 7.70097 7.69797 7.69626 7.69516 7.68895 7.68346 7.68598 7.67765 7.66004 7.66683 7.68175 7.67650 7.67986 7.68042 7.68448 7.68614 7.68488 7.68434 7.68242 7.68111 7.67970 7.67647 7.67184 7.67524 7.67830 7.67847 7.67679 7.67634 7.67148 7.66946 7.67293 7.67319 7.67036 7.66787 7.66769 7.66807 7.66736 7.67025 7.66803 7.66584 7.66810 7.66756 7.66279 7.65919 7.66149 7.66332 7.66500
7.68906 7.57544 7.57220 7.57235 7.68533 7.70295 7.70206 7.70476 7.70540 7.70291 7.69436 7.69101 7.69550 7.68271 7.68490 7.68791 7.69631 7.70268 7.70222 7.70338 7.70224 7.69996 7.69826 7.69490 7.69169 7.68183 7.66099 7.64100 7.65029 7.64662 7.66807 7.68170 7.68427 7.68539 7.67992 7.68044 7.68348 7.68239 7.67998 7.68102 7.67744 7.67104 7.66921 7.67609 7.67691 7.67605 7.67468 7.67340 7.67182 7.67080 7.67283 7.67151 7.66546 7.66200 7.66334 7.66517 7.66818 7.66714 7.66832 7.66561 7.66403 7.65882 7.64667 7.65283 7.66071 7.66586
7.69848 7.62744 7.52630 7.59333 7.67989 7.70097 7.70099 7.70064 7.70059 7.68440 7.64646 7.66161 7.67976 7.66667 7.67725 7.69869 7.70473 7.70338 7.70334 7.70375 7.70323 7.70093 7.69882 7.69621 7.69335 7.68835 7.67618 7.65905 7.65942 7.66668 7.66853 7.67629 7.67759 7.68037 7.67889 7.68411 7.68575 7.68156 7.67928 7.67931 7.67500 7.66888 7.67264 7.67450 7.67462 7.67642 7.67606 7.67267 7.67134 7.67090 7.67108 7.66903 7.66484 7.65860 7.65570 7.65789 7.66620 7.66780 7.66696 7.66567 7.66396 7.65528 7.65029 7.64426 7.65624 7.66142
7.70418 7.68134 7.61951 7.64622 7.63570 7.68592 7.69864 7.69631 7.68729 7.65201 7.63149 7.62816 7.61863 7.61712 7.65433 7.69814 7.70555 7.70396 7.70204 7.70254 7.70194 7.70029 7.69880 7.69692 7.69213 7.69441 7.69023 7.68059 7.67150 7.67990 7.67897 7.68364 7.68413 7.68660 7.68491 7.68370 7.68064 7.68052 7.67564 7.67486 7.67331 7.67173 7.67339 7.67426 7.67360 7.67543 7.67607 7.67412 7.67051 7.66916 7.66918 7.66683 7.66505 7.65937 7.65656 7.66429 7.66788 7.66618 7.66406 7.66516 7.66219 7.65731 7.64751 7.65501 7.65972 7.65913
7.70570 7.70029 7.67634 7.61852 7.59065 7.64951 7.67209 7.67784 7.65264 7.63253 7.62157 7.62287 7.58926 7.60629 7.63142 7.69127 7.70171 7.70239 7.70238 7.70200 7.70096 7.69984 7.69838 7.69657 7.69287 7.69306 7.68998 7.68465 7.67227 7.67875 7.67013 7.68271 7.68338 7.68575 7.68221 7.67460 7.66655 7.67252 7.67305 7.67146 7.67037 7.67100 7.67304 7.67213 7.67219 7.67475 7.67380 7.67197 7.67003 7.66963 7.66913 7.66619 7.66309 7.66260 7.66390 7.66639 7.66696 7.66341 7.66061 7.66163 7.66008 7.65931 7.65727 7.65956 7.66126 7.66009
7.70792 7.70584 7.68581 7.60434 7.60716 7.53506 7.55885 7.60622 7.64565 7.61135 7.58726 7.61942 7.63674 7.60461 7.66169 7.68949 7.69496 7.69740 7.70037 7.70056 7.70012 7.69700 7.69527 7.69498 7.69377 7.69023 7.68716 7.68736 7.68051 7.67042 7.67826 7.67877 7.67875 7.67951 7.67461 7.66024 7.66440 7.65374 7.66216 7.66671 7.66733 7.66957 7.67127 7.67204 7.67437 7.67443 7.67196 7.67107 7.67038 7.66984 7.66921 7.66737 7.66309 7.66115 7.66353 7.66387 7.66365 7.66286 7.65861 7.65439 7.65893 7.66186 7.66145 7.65995 7.65977 7.65774
7.70795 7.70673 7.70021 7.66648 7.58258 7.54765 7.59852 7.56972 7.60463 7.60513 7.63118 7.59451 7.62114 7.64046 7.65164 7.67772 7.68874 7.69367 7.69813 7.69948 7.69713 7.69402 7.69420 7.69388 7.69148 7.68630 7.68742 7.68933 7.68650 7.68053 7.68002 7.67634 7.67542 7.67992 7.67583 7.66465 7.65307 7.65532 7.65887 7.65452 7.66280 7.66577 7.66884 7.67126 7.67152 7.67041 7.67124 7.67121 7.66996 7.66850 7.66604 7.66432 7.66171 7.66174 7.66424 7.66252 7.66073 7.66148 7.65888 7.65604 7.65247 7.65824 7.65996 7.65552 7.65434 7.65460
7.70308 7.70426 7.70304 7.69615 7.67693 7.65931 7.61053 7.64614 7.61429 7.56894 7.59444 7.47958 7.44634 7.53192 7.51774 7.62892 7.67644 7.68795 7.69352 7.69652 7.69338 7.69314 7.69451 7.69427 7.69086 7.68809 7.68476 7.68717 7.68658 7.68480 7.67553 7.67186 7.67188 7.67794 7.67822 7.67491 7.67232 7.66803 7.65749 7.65906 7.65983 7.65441 7.66331 7.66566 7.66638 7.66603 7.66685 7.66843 7.66840 7.66566 7.66318 7.66311 7.66194 7.66045 7.66192 7.66074 7.66148 7.66104 7.65819 7.65577 7.65460 7.65321 7.65470 7.64962 7.64683 7.64727
7.69661 7.70138 7.70205 7.69928 7.69726 7.69285 7.67580 7.65994 7.58464 7.56371 7.59242 7.49181 7.30785 7.35135 7.53483 7.53344 7.64145 7.67805 7.68610 7.69031 7.69270 7.69350 7.69425 7.69354 7.69206 7.68775 7.68747 7.68560 7.68519 7.68121 7.67579 7.67071 7.67652 7.67764 7.67886 7.67670 7.67847 7.66800 7.64925 7.64873 7.65323 7.65556 7.65779 7.65975 7.66014 7.66385 7.65978 7.66524 7.66559 7.66311 7.66369 7.66163 7.65717 7.65573 7.65854 7.66044 7.66044 7.66008 7.65868 7.65590 7.65220 7.65383 7.64955 7.64376 7.64432 7.64842
7.68422 7.69626 7.69595 7.69060 7.69354 7.69408 7.69157 7.68137 7.63519 7.55805 7.47029 7.21612 7.12037 7.06002 7.39557 7.59042 7.61993 7.65702 7.67786 7.68562 7.68936 7.69088 7.69107 7.68602 7.68673 7.68563 7.68142 7.68296 7.68279 7.67738 7.67517 7.67317 7.67674 7.67727 7.67455 7.67121 7.67316 7.66035 7.64490 7.62000 7.64787 7.65799 7.65717 7.65532 7.65841 7.66151 7.65758 7.66186 7.66423 7.66269 7.66091 7.66010 7.66022 7.65596 7.65139 7.65664 7.65773 7.65922 7.65883 7.65646 7.65442 7.65073 7.64580 7.63880 7.64453 7.65001
7.67381 7.68928 7.69006 7.69212 7.68933 7.69228 7.69055 7.68816 7.67897 7.65426 7.61884 7.51268 7.31758 6.91525 7.25001 7.52794 7.61621 7.62340 7.66022 7.65735 7.67720 7.68518 7.67696 7.66154 7.67115 7.68410 7.68534 7.68378 7.68327 7.67499 7.67272 7.67335 7.67295 7.67073 7.66643 7.66688 7.66443 7.65434 7.59874 7.56544 7.60276 7.64568 7.65186 7.65376 7.65742 7.66106 7.65371 7.65613 7.65602 7.65955 7.65756 7.65457 7.65613 7.65292 7.64972 7.64789 7.64861 7.65584 7.65786 7.65623 7.65588 7.64984 7.64327 7.63672 7.64713 7.64708
7.67725 7.68410 7.68947 7.68768 7.69108 7.69439 7.69374 7.69089 7.68577 7.67111 7.65736 7.63107 7.59662 7.38688 7.36020 7.31651 7.52746 7.60397 7.60781 7.53533 7.62636 7.67006 7.65716 7.65355 7.65124 7.67654 7.68434 7.68056 7.67938 7.67821 7.67758 7.67281 7.67234 7.66815 7.65215 7.64069 7.65308 7.61988 7.52429 7.55173 7.56352 7.63600 7.65106 7.65259 7.65340 7.65796 7.65460 7.65692 7.65352 7.64728 7.65174 7.65460 7.65649 7.65041 7.64565 7.64924 7.64636 7.64377 7.65100 7.65568 7.65497 7.65123 7.64459 7.63846 7.64425 7.64616
7.67628 7.68329 7.68513 7.68926 7.69325 7.69396 7.69297 7.69227 7.69029 7.68232 7.66646 7.65976 7.64513 7.52878 7.30002 7.40262 7.47705 7.47559 7.50090 7.51552 7.52384 7.64642 7.64413 7.63384 7.63879 7.65494 7.66723 7.67028 7.67368 7.67864 7.67917 7.67602 7.67227 7.65494 7.61865 7.62980 7.61621 7.56960 7.56139 7.51848 7.61432 7.64960 7.65241 7.65350 7.65753 7.65886 7.65395 7.65463 7.64659 7.64755 7.65526 7.65577 7.65165 7.64792 7.64504 7.64372 7.64247 7.64517 7.64658 7.65391 7.64853 7.64776 7.64596 7.64083 7.64087 7.64583
7.68135 7.68547 7.68519 7.68771 7.69187 7.69288 7.69151 7.69112 7.69008 7.68725 7.68002 7.67609 7.66467 7.63021 7.53910 7.48137 7.40791 7.54984 7.56397 7.48217 7.57229 7.61139 7.55903 7.60978 7.52902 7.54240 7.58969 7.61404 7.65775 7.67365 7.67323 7.66809 7.66404 7.65891 7.63928 7.61403 7.63770 7.61111 7.56505 7.61481 7.64731 7.65258 7.65421 7.65682 7.65957 7.65768 7.65332 7.65091 7.64557 7.65483 7.65568 7.65082 7.64916 7.65080 7.64734 7.64612 7.64789 7.64499 7.64972 7.65156 7.64784 7.64396 7.64731 7.64582 7.64116 7.64126
7.68082 7.68374 7.68524 7.68344 7.68590 7.68890 7.68751 7.68736 7.68585 7.68531 7.68435 7.68281 7.67631 7.66585 7.64782 7.63311 7.60887 7.58582 7.62128 7.56609 7.47329 7.38823 7.55408 7.62829 7.54118 7.54888 7.57858 7.57733 7.62547 7.66518 7.67080 7.66626 7.66209 7.66538 7.66087 7.65715 7.65919 7.64996 7.64137 7.65329 7.65517 7.65380 7.65483 7.65634 7.65872 7.65511 7.64771 7.64864 7.65468 7.65740 7.65385 7.65027 7.65098 7.64914 7.64892 7.64804 7.65394 7.65074 7.64905 7.64845 7.64232 7.64300 7.64291 7.63976 7.63862 7.63706
7.67640 7.68025 7.67872 7.67793 7.67963 7.68423 7.68369 7.68328 7.68264 7.68171 7.68241 7.68259 7.68199 7.67747 7.67118 7.66754 7.66148 7.64379 7.58167 7.49650 7.52594 7.37837 7.31644 7.58203 7.50597 7.52030 7.56619 7.59882 7.65068 7.66785 7.66841 7.67063 7.67032 7.66697 7.66549 7.66459 7.66383 7.65942 7.65944 7.65838 7.65643 7.65634 7.65870 7.65921 7.65916 7.65411 7.65201 7.65408 7.65735 7.65675 7.65278 7.65191 7.65428 7.65179 7.65018 7.65047 7.65181 7.65211 7.65405 7.65100 7.64647 7.64260 7.63199 7.63399 7.63068 7.63445
7.67636 7.67325 7.67098 7.67228 7.67757 7.67877 7.67855 7.67849 7.67895 7.67881 7.67845 7.67867 7.68026 7.68054 7.67637 7.67249 7.66940 7.66423 7.63606 7.53664 7.50146 7.43087 7.39517 7.60058 7.63516 7.62623 7.61587 7.64520 7.65840 7.66358 7.66742 7.67123 7.67164 7.67046 7.66825 7.66528 7.66564 7.66243 7.65833 7.65747 7.65985 7.65948 7.65963 7.66013 7.65969 7.65729 7.65784 7.65658 7.65564 7.65418 7.65181 7.65281 7.65744 7.65706 7.65495 7.65635 7.65547 7.65143 7.65262 7.65228 7.64910 7.64656 7.63701 7.63135 7.63442 7.63244
7.67119 7.66614 7.66754 7.66151 7.66599 7.67413 7.67608 7.67539 7.67541 7.67563 7.67535 7.67424 7.67697 7.67753 7.67424 7.67419 7.67463 7.66862 7.65142 7.57405 7.49875 7.48758 7.46623 7.46261 7.61158 7.54355 7.44748 7.60061 7.65045 7.65758 7.66199 7.66563 7.66847 7.66793 7.66856 7.66583 7.66393 7.66200 7.65930 7.66044 7.66092 7.65866 7.65923 7.65921 7.65963 7.65999 7.65925 7.65678 7.65397 7.65340 7.65068 7.65056 7.65615 7.65778 7.65760 7.65719 7.65516 7.65176 7.65110 7.65157 7.64880 7.64919 7.64590 7.64229 7.63538 7.63601
7.65858 7.64802 7.64717 7.64691 7.64618 7.65852 7.66774 7.66955 7.67050 7.67319 7.67255 7.67061 7.67212 7.67285 7.67203 7.67404 7.67394 7.66861 7.64094 7.53206 7.53471 7.56991 7.59729 7.47723 7.53480 7.35958 7.31455 7.40172 7.62213 7.64834 7.65169 7.65232 7.66178 7.66430 7.66526 7.66355 7.66159 7.66178 7.65991 7.65987 7.65928 7.65877 7.65709 7.65757 7.65921 7.65973 7.65949 7.65774 7.65148 7.64914 7.65040 7.65220 7.65547 7.65790 7.65809 7.65710 7.65616 7.65346 7.64928 7.64774 7.64712 7.64789 7.64625 7.64389 7.64008 7.63908
7.63895 7.63968 7.64203 7.64365 7.63751 7.64195 7.65289 7.66102 7.66493 7.66744 7.66758 7.66817 7.66775 7.66888 7.67255 7.67224 7.67218 7.67029 7.65972 7.61132 7.48720 7.42452 7.54311 7.45621 7.59003 7.44448 7.51183 7.39803 7.60485 7.62029 7.60527 7.61175 7.63667 7.65538 7.65697 7.65812 7.65900 7.66053 7.65975 7.65971 7.65991 7.65768 7.65756 7.65750 7.65629 7.65573 7.65617 7.65565 7.64941 7.64600 7.65017 7.65201 7.65472 7.65694 7.65742 7.65703 7.65572 7.65283 7.64784 7.64453 7.64530 7.64703 7.64699 7.64416 7.64279 7.64053
