mrvbf_slope0.9_pctl1.2.asc
NCOLS 410
NROWS 410
XLLCORNER 2398750.0000000000000000
YLLCORNER 2548750.0000000000000000
CELLSIZE 250.0000000000000000
NODATA_VALUE -99999.00000
[rows 319 to 347 of 410, columns 132 to 197 of 410]
4.68150 4.68840 4.74388 4.78116 4.77514 4.72121 4.72310 4.73188 4.71542 4.70942 4.68917 4.68909 4.73220 4.72469 4.68222 4.64738 4.63500 4.63429 4.63952 4.65632 4.68424 4.67392 4.64753 4.65453 4.62643 4.58572 4.57612 4.56944 4.56043 4.56334 4.57984 4.59491 4.57835 4.54408 4.51957 4.52761 4.55014 4.51610 4.44574 4.41256 4.41943 4.36806 4.38442 4.37576 4.31008 4.29755 4.32972 4.39880 4.43433 4.42847 4.44724 4.48407 4.50871 4.50699 4.48830 4.47119 4.44320 4.40348 4.37580 4.34994 4.29322 4.25624 4.28453 4.35386 4.41274 4.43549
4.74614 4.72221 4.73381 4.74926 4.74904 4.71808 4.70631 4.73872 4.72878 4.73925 4.73325 4.70932 4.74528 4.73203 4.70702 4.68404 4.67734 4.68172 4.69027 4.66895 4.66347 4.67524 4.64095 4.63153 4.59529 4.54350 4.54043 4.55480 4.56248 4.58407 4.59702 4.59045 4.56416 4.52773 4.52003 4.57594 4.59917 4.55491 4.51134 4.51029 4.50796 4.47164 4.39440 4.38439 4.40760 4.42065 4.43210 4.43690 4.43971 4.45200 4.47413 4.49776 4.50738 4.49155 4.46775 4.45224 4.43097 4.39482 4.37060 4.35370 4.30935 4.29869 4.35362 4.42217 4.44901 4.45183
4.77308 4.78636 4.77775 4.78431 4.79549 4.77736 4.74511 4.78765 4.75566 4.74688 4.79215 4.75789 4.77295 4.75631 4.72592 4.70825 4.70505 4.69746 4.67390 4.67097 4.66178 4.63760 4.63348 4.60338 4.55296 4.51651 4.54141 4.58066 4.59876 4.61527 4.61375 4.59316 4.56843 4.55799 4.57066 4.58718 4.61713 4.58812 4.54587 4.52619 4.51118 4.50351 4.47609 4.44965 4.45432 4.43488 4.41920 4.42776 4.44807 4.47208 4.48758 4.48989 4.48304 4.46593 4.44979 4.44595 4.44028 4.41117 4.37504 4.34984 4.33421 4.36056 4.42102 4.44539 4.44529 4.46504
4.77939 4.86634 4.87666 4.87463 4.87476 4.81241 4.76095 4.79711 4.79645 4.74787 4.77864 4.77827 4.80481 4.78141 4.73077 4.70811 4.70229 4.68913 4.65861 4.65962 4.69264 4.64320 4.61990 4.57472 4.53339 4.54346 4.57595 4.59977 4.61245 4.62742 4.62295 4.60486 4.59680 4.59378 4.58941 4.61102 4.63267 4.61429 4.57769 4.55522 4.52282 4.49142 4.47951 4.46322 4.43652 4.41396 4.40730 4.42538 4.44541 4.46628 4.48423 4.48063 4.45358 4.43018 4.43112 4.44275 4.44359 4.42524 4.39314 4.37227 4.39165 4.42892 4.46702 4.45253 4.47124 4.49284
4.81599 4.87800 4.91198 4.90488 4.90033 4.83539 4.75214 4.75406 4.78741 4.76173 4.78597 4.79041 4.84209 4.82197 4.74208 4.70525 4.69419 4.66605 4.64885 4.68559 4.71733 4.64206 4.58630 4.56220 4.57124 4.59814 4.60083 4.59433 4.59572 4.60156 4.60404 4.60520 4.61530 4.62243 4.61763 4.63742 4.63622 4.60011 4.54957 4.52350 4.51044 4.48642 4.46916 4.46800 4.45209 4.42418 4.41476 4.41342 4.42110 4.42994 4.43396 4.43046 4.38985 4.36827 4.40393 4.43796 4.43694 4.42842 4.43021 4.44650 4.46524 4.46251 4.46329 4.45861 4.48301 4.48492
4.84899 4.90328 4.92952 4.88808 4.87642 4.86729 4.77669 4.71945 4.71798 4.73494 4.78126 4.78229 4.83424 4.86047 4.78627 4.72722 4.71606 4.69726 4.69474 4.73100 4.70856 4.62383 4.56754 4.57329 4.61106 4.62637 4.62404 4.61286 4.59962 4.57930 4.57104 4.57747 4.59168 4.60141 4.60323 4.62451 4.62524 4.58219 4.52537 4.51322 4.51156 4.47965 4.45120 4.46926 4.46096 4.42440 4.40058 4.39249 4.39641 4.38749 4.36330 4.32410 4.27505 4.29715 4.37685 4.43133 4.44747 4.45665 4.47035 4.46805 4.47264 4.46779 4.45792 4.46999 4.48006 4.43464
4.86460 4.92076 4.93107 4.87036 4.84833 4.85964 4.81865 4.74120 4.71127 4.72479 4.73984 4.70921 4.73929 4.81518 4.81842 4.76261 4.75598 4.75848 4.73776 4.70170 4.66047 4.59686 4.55815 4.58395 4.62976 4.64845 4.66063 4.65420 4.62380 4.57561 4.55470 4.55372 4.55772 4.57853 4.57170 4.57358 4.59268 4.57844 4.52502 4.47603 4.47003 4.43730 4.44332 4.46201 4.43560 4.40540 4.38960 4.38818 4.38396 4.36948 4.33938 4.28947 4.27433 4.33600 4.40710 4.45303 4.47900 4.48968 4.49242 4.48601 4.49379 4.48809 4.46276 4.45390 4.44004 4.34716
4.77813 4.83728 4.87046 4.83900 4.81854 4.80476 4.77797 4.74882 4.74199 4.72501 4.69903 4.64187 4.63260 4.70509 4.76687 4.73886 4.73708 4.72605 4.68337 4.63715 4.60582 4.56977 4.55909 4.58883 4.62478 4.63621 4.64767 4.65939 4.64493 4.59036 4.53342 4.50979 4.51153 4.54269 4.55983 4.53352 4.52658 4.52872 4.51873 4.46047 4.40642 4.40194 4.43494 4.42979 4.41473 4.40332 4.39234 4.38434 4.37040 4.35833 4.35689 4.36628 4.39151 4.41948 4.43703 4.48151 4.50165 4.49415 4.47915 4.45906 4.46112 4.44322 4.38744 4.32300 4.28894 4.24547
4.65700 4.70654 4.77256 4.79642 4.78167 4.74483 4.70362 4.68328 4.68304 4.68583 4.64223 4.59162 4.55912 4.61103 4.70251 4.70236 4.69579 4.67970 4.62938 4.59768 4.58078 4.56900 4.57195 4.59161 4.61363 4.61903 4.62195 4.63180 4.64633 4.62551 4.56903 4.50177 4.44275 4.46520 4.50479 4.50664 4.49432 4.46839 4.46038 4.42229 4.37133 4.39371 4.41646 4.40822 4.41788 4.41054 4.37840 4.34655 4.32545 4.33287 4.37936 4.43041 4.43842 4.44828 4.48275 4.51273 4.51337 4.48582 4.43866 4.40387 4.32498 4.26614 4.22929 4.15775 4.09564 4.16189
4.63499 4.65991 4.71782 4.74884 4.70491 4.65125 4.61513 4.59967 4.59622 4.62206 4.60817 4.57566 4.53607 4.55014 4.65425 4.66396 4.65183 4.63767 4.59617 4.57977 4.58238 4.58495 4.58759 4.59729 4.61104 4.61863 4.61602 4.60865 4.62330 4.63832 4.61306 4.56287 4.48246 4.43006 4.45743 4.45821 4.45234 4.45380 4.44641 4.41262 4.39574 4.39699 4.39840 4.41007 4.41014 4.37823 4.31063 4.26086 4.26283 4.32432 4.39907 4.43104 4.45941 4.49808 4.50773 4.50912 4.50561 4.47684 4.39917 4.27961 4.15108 4.15846 4.24641 4.23137 4.17671 4.15852
4.65603 4.66667 4.71376 4.71262 4.62969 4.57273 4.55121 4.55954 4.57733 4.60018 4.62070 4.59596 4.54256 4.52137 4.60419 4.61246 4.59759 4.57854 4.55729 4.56518 4.58800 4.60137 4.60009 4.59541 4.59675 4.61097 4.60325 4.58206 4.59007 4.60393 4.58941 4.55188 4.48815 4.42428 4.40283 4.38294 4.40133 4.44548 4.43074 4.39394 4.40087 4.42463 4.42603 4.39366 4.34773 4.25370 4.14842 4.14158 4.23730 4.36577 4.42733 4.41973 4.46155 4.49247 4.46092 4.45238 4.47149 4.44721 4.31932 4.14532 4.17608 4.25534 4.27436 4.26459 4.22765 4.28884
4.64376 4.67087 4.71311 4.65174 4.57001 4.53305 4.53660 4.56053 4.57081 4.59118 4.62422 4.60608 4.56938 4.49937 4.54233 4.55579 4.53375 4.51769 4.52791 4.56020 4.59383 4.61392 4.60078 4.58215 4.59086 4.61147 4.59505 4.55509 4.52780 4.52212 4.50593 4.46777 4.40953 4.35875 4.33658 4.34027 4.39335 4.44074 4.40036 4.37360 4.39676 4.44389 4.42852 4.36490 4.28142 4.09443 3.97767 4.09118 4.27798 4.37590 4.38820 4.43511 4.48287 4.45000 4.40182 4.38372 4.40478 4.39265 4.23601 4.14521 4.28037 4.26049 4.31213 4.32954 4.29451 4.26706
4.62288 4.66244 4.70044 4.60839 4.53660 4.53139 4.56427 4.57657 4.53948 4.55010 4.59831 4.58613 4.57387 4.52230 4.53190 4.56187 4.53656 4.52393 4.53791 4.56522 4.59141 4.61532 4.61031 4.57870 4.56732 4.56942 4.56456 4.55489 4.50938 4.46986 4.44427 4.41340 4.38227 4.36214 4.33985 4.35877 4.42877 4.45553 4.41781 4.40586 4.41419 4.43130 4.35687 4.25013 4.15010 4.03436 4.01595 4.17679 4.30453 4.32313 4.40749 4.46926 4.47137 4.41462 4.38633 4.35755 4.34992 4.28607 4.10669 4.15311 4.31419 4.30232 4.32119 4.18395 4.08822 4.08074
4.61305 4.66342 4.70169 4.59714 4.53387 4.55162 4.61628 4.64154 4.57706 4.52499 4.56537 4.58168 4.57196 4.56238 4.54634 4.58108 4.54231 4.54484 4.56805 4.57520 4.57269 4.58664 4.61401 4.60399 4.57766 4.56331 4.53638 4.50268 4.49656 4.48590 4.46801 4.43981 4.41129 4.39165 4.36298 4.40184 4.45864 4.46141 4.44007 4.43569 4.42846 4.41987 4.27523 4.16996 4.17449 4.18771 4.22898 4.26814 4.28999 4.38215 4.44532 4.41213 4.39597 4.39660 4.39986 4.34749 4.29329 4.03278 3.95543 4.15480 4.27021 4.27339 4.25401 4.06957 4.04417 4.04493
4.60434 4.67165 4.71909 4.60119 4.53485 4.56105 4.63368 4.64954 4.62494 4.57641 4.57014 4.61793 4.59116 4.59366 4.54761 4.55313 4.52714 4.53378 4.57849 4.58201 4.54378 4.53382 4.56668 4.60406 4.60524 4.58562 4.53700 4.46154 4.45417 4.49955 4.50584 4.47189 4.43229 4.41092 4.38696 4.41043 4.44072 4.45658 4.43917 4.43063 4.42494 4.37473 4.17141 4.14269 4.28734 4.33142 4.36988 4.38559 4.39181 4.43751 4.39242 4.34135 4.36251 4.37895 4.36274 4.28552 4.13039 3.91523 4.08157 4.22732 4.22028 4.22660 4.24969 4.01002 4.03707 4.15622
4.60891 4.69257 4.75030 4.61590 4.53034 4.55611 4.64115 4.64553 4.63861 4.63065 4.59809 4.63524 4.59750 4.59171 4.55087 4.52183 4.50615 4.53823 4.58262 4.57250 4.51983 4.49617 4.50319 4.53906 4.55363 4.53189 4.46933 4.40202 4.45571 4.51934 4.52285 4.46838 4.42058 4.40333 4.37729 4.37708 4.39017 4.40332 4.39569 4.35956 4.32737 4.25852 4.10680 4.17892 4.32778 4.34543 4.34230 4.38329 4.39509 4.40801 4.33294 4.34175 4.29921 4.26799 4.29725 4.30962 4.21637 4.04920 4.03268 4.08386 4.17480 4.19118 4.26335 3.99841 3.95275 4.08689
4.59950 4.67790 4.75155 4.62988 4.53523 4.55155 4.64003 4.65993 4.66293 4.64700 4.62465 4.65097 4.59691 4.59049 4.58926 4.55777 4.54730 4.56901 4.57323 4.55614 4.53911 4.51699 4.49590 4.48984 4.48521 4.45939 4.41901 4.43326 4.50336 4.52731 4.53018 4.48338 4.39210 4.34205 4.33847 4.35367 4.38224 4.36878 4.32822 4.28556 4.24804 4.17125 4.16173 4.27933 4.35128 4.37009 4.34248 4.34627 4.38459 4.35905 4.28114 4.27840 4.17763 4.17952 4.28810 4.31662 4.29983 4.15176 4.06408 4.00176 4.06568 4.10776 4.17906 4.07468 3.93402 3.94467
4.56803 4.62392 4.70275 4.62340 4.54161 4.55924 4.64955 4.66485 4.68158 4.67508 4.66467 4.66423 4.61507 4.57865 4.59315 4.59996 4.60016 4.61224 4.58775 4.58239 4.56477 4.57292 4.54462 4.49946 4.46368 4.44719 4.45096 4.48647 4.52174 4.52739 4.52412 4.49332 4.40360 4.29466 4.29304 4.31865 4.36389 4.37619 4.31611 4.27726 4.26318 4.23097 4.24851 4.29211 4.33789 4.35258 4.33319 4.31871 4.33780 4.33033 4.26212 4.19029 4.20306 4.20069 4.23688 4.27753 4.17932 4.02683 4.02823 3.92535 3.90910 3.98885 4.04659 4.15627 4.05338 3.96413
4.55171 4.57857 4.62221 4.58279 4.53297 4.55948 4.63741 4.65907 4.65900 4.64546 4.65104 4.63997 4.60411 4.58081 4.59897 4.61477 4.61178 4.61586 4.61573 4.60902 4.60704 4.60038 4.57224 4.52719 4.49375 4.48524 4.49326 4.50556 4.49981 4.48832 4.47870 4.44099 4.33071 4.26871 4.32712 4.30396 4.32281 4.35420 4.30150 4.27828 4.29441 4.29024 4.27604 4.25842 4.27502 4.25515 4.18526 4.17537 4.23613 4.30332 4.27811 4.17449 4.08605 4.13052 4.23474 4.22167 4.01304 3.92624 3.91167 3.78144 3.78599 3.82467 3.87030 4.07825 3.99937 3.74777
4.55311 4.57861 4.59205 4.56314 4.54963 4.58147 4.65858 4.70603 4.67939 4.63499 4.64293 4.62572 4.59276 4.60061 4.63310 4.63766 4.61480 4.60088 4.60005 4.60067 4.59417 4.58305 4.55847 4.53278 4.52933 4.52816 4.52582 4.51619 4.48401 4.43970 4.40595 4.35333 4.27122 4.31532 4.33385 4.28717 4.31922 4.33009 4.25958 4.22735 4.25077 4.25983 4.25637 4.27628 4.25180 4.19282 4.11719 4.13344 4.10108 4.18514 4.28244 4.24076 4.16333 4.16386 4.21316 4.21337 4.02348 3.90193 3.92272 3.82262 3.87453 3.77281 3.76227 3.96243 3.74684 3.63581
4.55151 4.61152 4.63309 4.61466 4.59892 4.61950 4.67742 4.66244 4.63733 4.64135 4.66162 4.63433 4.62169 4.63986 4.65195 4.66179 4.63792 4.61082 4.60053 4.58875 4.56740 4.56019 4.54074 4.51075 4.50699 4.52337 4.52787 4.50824 4.46862 4.42138 4.37177 4.31975 4.33064 4.37946 4.34247 4.30243 4.31700 4.29930 4.21304 4.12483 4.11422 4.14310 4.17637 4.21782 4.22094 4.14036 4.02823 4.06248 4.05367 4.00531 4.10832 4.03370 4.04562 4.05847 4.20290 4.17511 4.13065 3.95173 3.82336 3.80627 3.97411 3.78629 3.78862 3.78380 3.68072 3.72146
4.54718 4.63149 4.68871 4.64306 4.59496 4.61354 4.67020 4.64464 4.64511 4.66753 4.66130 4.62991 4.62541 4.64941 4.66696 4.66803 4.63929 4.60127 4.58429 4.55721 4.52278 4.53001 4.53717 4.50456 4.48311 4.49563 4.50416 4.48429 4.44267 4.40743 4.37251 4.33125 4.37516 4.39084 4.33316 4.30981 4.31235 4.28253 4.20390 4.09160 4.02878 4.04658 4.12417 4.18727 4.19233 4.11463 3.93792 3.87190 3.98223 3.97239 4.00868 4.06891 4.05845 4.08731 4.09388 4.09228 4.08002 4.02791 3.82878 3.76354 3.92573 3.83423 3.76562 3.77851 3.79872 3.79246
4.54807 4.59925 4.68708 4.68267 4.59662 4.58731 4.64836 4.63055 4.60213 4.59705 4.60087 4.60153 4.61177 4.64261 4.65997 4.64080 4.59083 4.55331 4.53896 4.51536 4.48134 4.47368 4.49481 4.47267 4.43402 4.44621 4.45692 4.44080 4.41617 4.37266 4.33102 4.32430 4.34064 4.36365 4.28000 4.23738 4.21059 4.14789 4.01635 3.87719 3.80705 3.85841 4.02492 4.17246 4.21472 4.15835 3.91918 3.74249 3.87786 3.99632 3.97933 4.05921 4.08532 4.04146 3.95846 3.93235 4.00645 4.03359 3.82654 3.73802 3.80490 3.90222 3.83977 3.88045 3.95045 3.91589
4.54026 4.54354 4.61050 4.68776 4.61083 4.56571 4.60665 4.62767 4.60506 4.58730 4.59091 4.59315 4.59193 4.60864 4.63241 4.60089 4.54285 4.50793 4.48821 4.49400 4.47692 4.44116 4.42347 4.35830 4.33480 4.38930 4.39382 4.36335 4.37948 4.34717 4.30813 4.31943 4.30886 4.31132 4.19365 4.09632 3.99414 3.76382 3.58694 3.49802 3.49601 3.57732 3.73533 3.95740 4.13467 4.12389 3.82532 3.66644 3.81191 3.97190 3.93431 3.91111 3.94136 3.88633 3.86159 3.89122 3.95064 3.98506 3.92042 3.81616 3.74696 3.86731 3.98921 4.00111 3.97268 3.93448
4.54787 4.53031 4.55390 4.64281 4.63032 4.56339 4.56872 4.61328 4.64450 4.64366 4.63963 4.62202 4.59410 4.56923 4.58986 4.56469 4.49679 4.46424 4.45261 4.45341 4.44347 4.42309 4.37446 4.30326 4.33968 4.39471 4.39570 4.34479 4.33387 4.35636 4.34544 4.29378 4.24659 4.23048 4.10121 3.88826 3.67680 3.47402 3.28588 3.15359 3.21880 3.37720 3.50745 3.64924 3.87546 3.98155 3.73346 3.61231 3.72904 3.91557 3.91510 3.83166 3.79841 3.78803 3.81109 3.83852 3.87620 3.98208 3.91055 3.83247 3.76863 3.79136 3.88850 4.00231 4.04934 4.00110
4.54760 4.51911 4.52479 4.60801 4.63987 4.56524 4.54656 4.59793 4.64962 4.63938 4.63995 4.61022 4.58656 4.54428 4.54089 4.52552 4.46504 4.45979 4.48712 4.44565 4.44149 4.42594 4.40526 4.40607 4.44655 4.43792 4.42965 4.38136 4.29198 4.34311 4.33963 4.19902 4.02775 3.98614 3.94847 3.69791 3.45574 3.10861 2.78047 2.65722 2.84332 3.13792 3.31940 3.46811 3.62445 3.74467 3.63489 3.56234 3.64676 3.82293 3.89933 3.88196 3.82182 3.79021 3.78746 3.73585 3.75417 3.86809 3.79703 3.76481 3.82646 3.82190 3.82598 3.89211 3.99302 4.04557
4.54989 4.49788 4.48883 4.56674 4.62495 4.55712 4.53723 4.59484 4.62245 4.62739 4.64257 4.59224 4.55947 4.55278 4.52504 4.50439 4.47944 4.50115 4.50234 4.47788 4.45714 4.46839 4.45600 4.44546 4.43901 4.46079 4.43885 4.34018 4.32335 4.25805 4.18267 3.96853 3.89647 3.81432 3.75550 3.54943 3.08880 2.38151 2.30431 2.57221 2.85214 2.96003 3.11650 3.33843 3.50810 3.57922 3.51848 3.50895 3.61305 3.75017 3.84083 3.90388 3.86252 3.82212 3.79640 3.70103 3.64285 3.64857 3.62614 3.68230 3.77103 3.82444 3.89557 3.89983 3.97857 4.06636
4.57147 4.49933 4.46688 4.53344 4.59558 4.55511 4.55216 4.60385 4.62071 4.64017 4.66056 4.60767 4.54969 4.55993 4.55190 4.52915 4.52443 4.53992 4.52864 4.48823 4.44424 4.45674 4.44404 4.44359 4.41431 4.41674 4.40312 4.32835 4.23262 4.25051 4.06525 3.89664 3.93091 3.77986 3.68363 3.38515 2.46783 1.94857 2.36055 3.08988 3.34724 3.20348 3.09271 3.30101 3.49278 3.54819 3.50710 3.54186 3.64273 3.72373 3.76837 3.81918 3.83212 3.83189 3.79301 3.77253 3.67353 3.61064 3.61930 3.67637 3.69939 3.74930 3.83929 3.90035 3.98322 4.03410
4.57328 4.49907 4.47802 4.53889 4.58390 4.56129 4.57324 4.62059 4.62764 4.64140 4.65277 4.60088 4.54219 4.55350 4.56653 4.54667 4.54160 4.55855 4.54808 4.50221 4.45913 4.43652 4.43951 4.44248 4.40211 4.35929 4.33079 4.27960 4.20616 4.18173 3.95168 3.80341 3.76729 3.66673 3.55830 3.07703 2.01484 1.82045 2.96929 3.40145 3.44735 3.41843 3.24247 3.36220 3.54340 3.61004 3.58376 3.63145 3.73249 3.77276 3.78103 3.79517 3.80851 3.83615 3.81904 3.74282 3.69648 3.66977 3.69573 3.71726 3.69974 3.71387 3.75373 3.80803 3.88465 3.94896
