mrvbf_slope1.1_pctl0.8.asc
NCOLS 410
NROWS 410
XLLCORNER 2398750.0000000000000000
YLLCORNER 2548750.0000000000000000
CELLSIZE 250.0000000000000000
NODATA_VALUE -99999.00000
[rows 319 to 347 of 410, columns 198 to 263 of 410]
7.35274 7.36958 7.36450 7.34368 7.32493 7.32480 7.34848 7.34255 7.36313 7.30388 7.24439 7.25069 7.29687 7.32486 7.01655 6.85159 7.16985 7.18141 6.85741 6.39635 6.46190 6.73072 6.92214 7.00154 6.95299 6.63241 6.15463 6.55151 6.97002 6.91555 6.63744 6.53782 7.02571 7.21133 6.68659 5.88793 6.03506 6.34345 6.36859 6.29692 6.37287 6.59934 6.92667 7.18904 7.27467 7.26169 7.20025 7.19808 7.19862 7.02041 6.84542 6.82142 6.79363 6.76248 6.60468 5.70613 6.03630 6.97212 6.82823 6.98352 7.19927 7.27152 7.27175 7.10474 7.20379 7.31897
7.37158 7.38283 7.37652 7.30218 7.20290 7.24470 7.29497 7.33304 7.30870 7.30353 7.33225 7.33559 7.37673 7.34719 7.04280 6.75393 7.12064 7.27804 7.17596 6.83679 6.63956 7.03081 7.21168 7.20640 7.13561 6.77946 6.08886 6.30781 7.02372 7.17402 6.69342 6.44752 7.06671 6.96050 5.90103 5.71804 6.15483 6.40502 6.56952 6.71468 6.84908 7.04514 7.22421 7.31588 7.34161 7.33644 7.27566 7.14370 7.26307 7.25889 7.21350 7.12803 7.00289 6.92596 6.63152 5.55850 5.63542 6.50457 6.67684 7.10739 7.29877 7.24593 7.09751 7.06473 7.24393 7.21420
7.38454 7.37984 7.34127 7.19203 7.13363 7.21388 7.17611 7.20474 7.18926 7.23189 7.31148 7.37380 7.38154 7.32640 7.17816 6.88461 6.95404 7.20027 7.28390 7.16704 6.85991 7.05763 7.27242 7.19122 6.81714 6.34018 6.20175 6.59139 7.05796 7.21602 6.63915 6.57545 7.16000 6.78854 5.67110 5.91092 6.65682 6.92763 7.04123 7.13720 7.20885 7.27912 7.32938 7.35752 7.38443 7.39477 7.36604 7.21573 7.24943 7.23695 7.25164 7.23931 7.21152 7.13365 6.83558 6.15409 5.79571 6.36192 6.90427 7.22735 7.24549 7.08564 7.05093 7.23666 7.33010 7.14442
7.38314 7.35810 7.31783 7.17738 7.06332 7.22019 7.26204 7.26701 7.31526 7.27950 7.27241 7.34115 7.36014 7.34402 7.25713 7.09324 6.96382 7.11557 7.27619 7.25518 6.98488 7.06835 7.21526 6.88278 6.43000 6.56359 6.89390 6.93613 6.90801 7.06085 6.72434 6.35440 6.99998 6.57871 5.53699 5.98785 6.92190 7.20061 7.25410 7.27572 7.30362 7.33855 7.36120 7.37355 7.39635 7.40600 7.37746 7.23778 7.21244 7.14355 7.16147 7.07423 7.18819 7.20275 7.06754 6.78627 6.54123 6.81174 7.10250 7.22602 7.16495 7.06030 7.13585 7.29263 7.28898 7.02025
7.34217 7.22913 7.22578 7.21280 7.02074 7.11128 7.30703 7.31259 7.33517 7.33067 7.28792 7.30866 7.35315 7.31047 7.16119 7.01777 7.00985 7.18926 7.30920 7.24753 7.12014 7.20258 7.09578 6.66524 6.73915 7.06565 7.14161 7.13415 6.89619 6.66760 6.73297 6.24960 6.86382 6.48267 5.45145 5.94526 6.82354 7.04133 7.09652 7.15573 7.22433 7.28671 7.34970 7.37741 7.39472 7.40403 7.37378 7.31398 7.21764 7.16360 7.09865 6.99803 6.89584 7.02921 7.08474 7.06853 6.92754 6.96618 7.03748 7.08954 7.14345 7.19278 7.14083 7.18873 7.19263 7.01568
7.18682 6.98555 6.93096 7.01793 6.89015 7.06463 7.31066 7.33493 7.37728 7.33757 7.27469 7.24553 7.31376 7.18388 7.00772 7.01064 7.16936 7.30454 7.35189 7.30265 7.27256 7.25356 6.98083 6.72605 6.98961 7.18502 7.22903 7.29901 7.22394 6.91212 6.58057 6.67251 7.15407 6.82096 5.82019 5.89234 6.69943 6.99209 7.13081 7.22835 7.27720 7.28234 7.30681 7.36560 7.38813 7.40080 7.39369 7.35792 7.30497 7.23958 7.14021 7.23239 7.05472 7.03131 7.00314 6.95894 6.83897 6.75172 6.93848 7.10337 7.22530 7.27911 7.29804 7.27969 7.27570 7.21038
6.98598 6.91822 6.89794 6.83317 6.88435 7.18845 7.29685 7.35090 7.37807 7.28575 7.24706 7.14497 7.22206 7.13514 7.13675 7.24084 7.30883 7.33852 7.33446 7.29836 7.30088 7.23826 6.96049 6.88488 7.13646 7.22317 7.23692 7.31216 7.33481 7.23868 7.03780 7.03033 7.07430 6.65527 6.11147 6.36267 6.97053 7.21207 7.32391 7.36493 7.37086 7.34288 7.29713 7.32330 7.35462 7.36803 7.37092 7.35809 7.32867 7.26030 7.04619 7.10882 7.16120 7.19240 7.09708 7.01057 6.92772 6.90261 7.12155 7.25864 7.31268 7.32961 7.32911 7.33661 7.34202 7.30526
6.88199 6.93955 7.15292 7.15672 7.18827 7.25914 7.27351 7.35903 7.32625 7.21355 7.25879 7.13789 7.18270 7.25325 7.26105 7.25714 7.25597 7.28612 7.29452 7.23854 7.26521 7.18107 6.90887 6.97290 7.20163 7.23375 7.25953 7.27034 7.28726 7.22267 7.08726 6.95908 6.59209 5.92044 5.77042 6.36284 6.92225 7.16811 7.29444 7.32381 7.31995 7.27580 7.19551 7.21288 7.24083 7.24766 7.25704 7.22718 7.18424 7.15039 6.94634 6.81126 6.83463 6.83830 6.76044 6.84302 6.81656 6.73340 6.95516 7.21001 7.30122 7.33945 7.35817 7.36495 7.35525 7.33413
6.94516 6.93634 7.15586 7.21672 7.22121 7.24239 7.28813 7.38852 7.31933 7.20281 7.29613 7.26032 7.26438 7.32765 7.33149 7.28943 7.17996 7.15235 7.23067 7.16489 7.22607 7.08486 6.76006 6.95664 7.15787 7.20948 7.22970 7.21684 7.09057 6.82565 6.51837 6.33395 5.85513 5.54037 5.80964 6.46471 6.74490 6.80656 6.95985 7.00661 6.99388 6.93758 6.91913 7.04968 7.09562 7.06195 7.02525 6.99030 7.01245 7.08026 7.01069 6.83835 6.70227 6.52346 6.31263 6.23438 6.24255 6.12632 6.29989 6.87805 7.21463 7.30877 7.34137 7.34542 7.31315 7.27950
7.14524 7.20188 7.25448 7.28095 7.24322 7.26529 7.33857 7.40862 7.37914 7.24701 7.18836 7.24226 7.30248 7.34123 7.35765 7.31851 7.10995 7.03589 7.17739 7.08657 7.17814 6.93035 6.59518 6.92102 7.02615 7.14290 7.20072 7.00217 6.52446 6.13360 5.76220 5.46158 5.50027 5.62166 6.14519 6.68716 6.83507 6.76218 6.70136 6.71116 6.70680 6.70763 6.87267 7.01428 7.03331 6.99928 6.95926 6.99693 7.06002 7.11789 7.11803 7.03154 6.92576 6.80166 6.70216 6.40866 6.09866 5.73864 5.76206 6.24469 6.97911 7.24227 7.29477 7.28635 7.22152 7.20029
7.23707 7.28938 7.34673 7.38602 7.37899 7.35028 7.39869 7.41812 7.40910 7.36467 7.28218 7.25746 7.28564 7.33746 7.32945 7.24865 7.01256 7.07296 7.19554 7.12231 7.18021 6.88791 6.68655 7.02369 6.95513 7.01987 7.01940 6.53413 6.07627 6.04264 5.94904 5.60066 5.70581 5.99577 6.50844 6.83080 6.97248 7.01917 7.00551 7.01725 6.99945 6.97203 7.02802 7.04024 7.02208 7.02831 7.05424 7.11068 7.14310 7.16895 7.16879 7.13267 7.08647 7.04200 6.99448 6.86536 6.57863 5.98671 5.52243 5.79789 6.70196 7.13372 7.18415 7.13324 7.09274 7.14856
7.18291 7.29677 7.33942 7.39296 7.39209 7.36373 7.38019 7.39974 7.39871 7.38323 7.35063 7.31310 7.27771 7.30340 7.28347 7.14376 7.02779 7.18564 7.21232 7.20451 7.23084 6.96329 6.85327 7.10596 6.94128 6.90954 6.71871 6.05867 6.01447 6.24399 6.36722 6.37881 6.34113 6.54963 6.80039 6.95926 7.07072 7.13961 7.17884 7.18567 7.15616 7.13275 7.10757 7.06358 7.04320 7.04688 7.07967 7.14587 7.18470 7.20271 7.19361 7.14915 7.09758 7.06007 7.03146 6.97780 6.81063 6.23188 5.43466 5.54191 6.48423 6.88738 6.86022 6.83600 6.91520 7.01851
7.12002 7.28959 7.34202 7.36384 7.29262 7.16796 7.18032 7.32478 7.35858 7.31246 7.19188 7.07944 7.12009 7.25108 7.22329 7.06925 7.05195 7.18029 7.14541 7.21108 7.23123 6.97183 6.80798 7.00099 6.82996 6.70923 6.24161 5.66553 6.02500 6.33740 6.61326 6.79244 6.79599 6.85771 6.98020 7.07463 7.12941 7.17938 7.22030 7.22051 7.18372 7.14740 7.10526 7.06911 7.07025 7.09486 7.13860 7.18511 7.22756 7.24797 7.22174 7.15232 7.07779 7.02052 6.98651 6.95352 6.84377 6.35284 5.30781 5.11262 6.03264 6.22420 6.22726 6.45115 6.60451 6.63246
7.07158 7.22049 7.30723 7.27726 7.07726 6.90381 6.77404 7.02685 7.24276 7.11781 6.73880 6.50677 6.77567 7.14607 7.18449 7.02638 7.03031 7.13149 6.96591 7.11517 7.24355 7.02476 6.64698 6.59906 6.66740 6.69522 5.98648 5.65483 6.16404 6.52812 6.80136 6.90659 6.93202 6.98565 7.09267 7.15837 7.17000 7.20132 7.23846 7.22916 7.17420 7.11549 7.07892 7.08298 7.13547 7.20449 7.24340 7.24382 7.27972 7.29917 7.24593 7.15143 7.06611 6.98192 6.91011 6.87563 6.84423 6.62569 5.72364 4.76847 4.90942 5.29341 5.70022 6.07420 6.28171 6.22839
7.10937 7.11956 7.23981 7.21818 6.95601 6.89196 6.85164 6.66598 6.99066 6.75144 6.26512 6.46585 6.57438 6.94034 7.17663 7.06421 7.01936 7.10901 6.89382 6.98753 7.27045 7.18638 6.86727 6.44094 6.36337 6.34447 5.41611 5.32881 6.24532 6.70449 6.86596 6.92379 6.96509 7.03623 7.13048 7.17614 7.17381 7.19732 7.23806 7.21919 7.13734 7.06776 7.06609 7.12933 7.21620 7.27184 7.26318 7.26037 7.31862 7.32635 7.24746 7.14911 7.08584 6.99731 6.87986 6.82289 6.84327 6.81021 6.46293 5.60594 5.08893 5.43757 5.83415 6.00956 6.17091 6.17183
7.07404 7.11228 7.18473 7.23075 7.03836 6.73860 6.82857 6.73172 6.73552 6.42556 6.24469 6.83758 6.80567 6.91213 7.22186 7.19912 7.12026 7.05199 6.86165 7.12369 7.29984 7.25717 7.11607 6.87958 6.63604 6.19401 4.90044 4.88118 6.25091 6.73698 6.83983 6.89908 6.95798 7.03362 7.10520 7.13162 7.12058 7.13888 7.19190 7.17116 7.06050 7.01102 7.08328 7.19969 7.27567 7.27975 7.23503 7.27366 7.35293 7.33450 7.22552 7.14620 7.14969 7.10181 6.95246 6.84967 6.90782 6.95155 6.76701 6.41161 6.17822 6.24168 6.35017 6.36999 6.40822 6.46829
6.97997 7.14214 7.06230 7.14323 7.20001 6.99785 6.79618 7.00177 6.79364 6.54699 6.73898 7.07436 7.01578 7.01121 7.22750 7.27003 7.22878 7.17436 7.08936 7.22168 7.23519 7.09544 6.91299 6.62074 6.12512 5.42620 4.60874 4.90850 6.36392 6.70353 6.77432 6.85277 6.93560 7.01068 7.05712 7.05560 7.01547 6.99709 7.04388 7.03483 6.93230 6.97573 7.14607 7.27650 7.31043 7.27254 7.20768 7.28222 7.37208 7.33774 7.20188 7.15360 7.23049 7.23614 7.06999 6.86546 6.96830 7.06355 6.90615 6.60238 6.37943 6.42845 6.52709 6.59099 6.68857 6.70474
6.74520 6.64223 6.69514 6.83978 7.13051 7.21499 6.98846 6.90871 6.86774 6.81208 7.02245 7.19863 7.10178 7.04061 7.20026 7.24089 7.11314 6.96919 6.73731 6.88922 6.88938 6.74384 6.65789 6.33000 5.76302 5.23433 4.91860 5.76739 6.47950 6.61171 6.71217 6.83484 6.94443 7.01547 7.04014 7.00834 6.92437 6.82975 6.80447 6.81006 6.84735 7.02968 7.23139 7.31836 7.30751 7.27942 7.22513 7.26442 7.36415 7.33920 7.21170 7.18153 7.27195 7.28732 7.09211 6.89141 7.05219 7.07741 6.95960 6.78447 6.52796 6.50348 6.59304 6.66437 6.79305 6.81233
5.77011 6.13813 6.53294 6.60593 6.93366 7.11606 6.93207 6.92960 6.90281 6.91596 7.10253 7.19729 7.08956 6.95950 7.07456 7.15529 6.92197 6.89291 6.73115 6.63923 6.77017 6.88577 6.85909 6.57577 6.11239 5.68767 5.69971 6.29251 6.47998 6.55210 6.70713 6.87474 7.00014 7.07143 7.09274 7.06022 6.97770 6.86789 6.81775 6.85225 6.97770 7.14587 7.25406 7.25888 7.25574 7.29405 7.29198 7.25125 7.31854 7.33557 7.26142 7.22470 7.27113 7.28355 7.11051 6.97096 7.08894 7.01749 6.87348 6.85358 6.76086 6.73238 6.76235 6.78409 6.82135 6.89386
5.94895 6.58198 6.62362 6.61179 7.04176 7.18430 7.15243 7.04300 6.79197 6.80710 7.13036 7.23855 7.16054 7.01089 6.96016 7.11692 6.89950 6.87970 7.02859 6.96242 7.02265 7.09559 7.00626 6.69232 6.21132 5.75650 5.93006 6.40875 6.48916 6.56765 6.75803 6.94885 7.07822 7.14858 7.17503 7.17193 7.15860 7.14361 7.15094 7.18425 7.22327 7.25478 7.18280 7.11567 7.24960 7.31700 7.31924 7.28568 7.29814 7.34688 7.33014 7.27841 7.25676 7.25738 7.10551 6.71334 6.67337 6.60454 6.60755 6.79575 6.82846 6.82769 6.87263 6.88197 6.85054 6.89492
6.56837 6.41622 6.22107 6.72783 7.20962 7.28932 7.21221 7.07394 6.68590 6.57782 7.01127 7.22501 7.17759 7.01732 6.81306 6.98829 6.71634 6.71590 6.96243 7.05838 7.06825 7.11545 7.02885 6.68668 6.13112 5.81746 6.02133 6.36952 6.48790 6.59232 6.80060 7.00023 7.12757 7.19338 7.22043 7.23362 7.26308 7.30842 7.32620 7.33462 7.31288 7.27099 7.04266 7.04439 7.29847 7.31943 7.30679 7.31042 7.31149 7.36103 7.36961 7.32006 7.22776 7.10658 7.01703 6.71390 6.39271 6.40995 6.63156 6.82968 6.85830 6.86270 6.91694 6.93442 6.91810 6.95147
6.44942 6.40082 6.63536 7.10448 7.27570 7.31708 7.28892 7.19590 6.85670 6.57380 6.93891 7.19439 7.12308 6.97060 6.85873 6.90504 6.72944 6.51696 6.78608 7.02419 6.98888 7.04416 6.89332 6.33882 5.86852 5.96983 6.31378 6.50020 6.55089 6.63384 6.81453 7.00757 7.13903 7.20685 7.23086 7.22655 7.20632 7.18276 7.18269 7.17702 7.12293 7.01197 6.90709 7.18458 7.35606 7.33279 7.30895 7.27282 7.31314 7.36253 7.36397 7.34148 7.25575 6.99989 6.81594 6.91013 6.84233 6.88371 7.00215 7.01631 6.97774 6.93331 6.89212 6.89389 6.95556 7.02137
6.90520 6.79242 6.63314 6.96693 7.22108 7.29257 7.28684 7.21413 6.95152 6.63033 6.88141 7.16666 7.08398 6.99270 6.96307 6.90110 6.76415 6.66761 6.78470 6.97956 6.86047 6.79300 6.39739 5.88149 5.94450 6.34385 6.59769 6.63697 6.61791 6.68095 6.84385 7.02888 7.16025 7.22391 7.23662 7.20536 7.13984 7.07924 7.09338 7.11267 7.09764 7.08743 7.19093 7.35469 7.40052 7.38198 7.32084 7.29675 7.32950 7.29343 7.24977 7.28765 7.26334 6.96645 6.61655 6.87587 7.10795 7.17230 7.17893 7.15374 7.15359 7.08338 6.93275 6.91344 6.97911 7.00371
6.86411 6.52020 6.42641 6.46120 6.98619 7.22986 7.24708 7.17405 6.91899 6.53493 6.64106 6.95300 6.89296 6.78115 6.84327 6.93915 6.87799 6.66335 6.72830 6.92808 6.72825 6.39838 6.00484 5.96498 6.27974 6.58157 6.70746 6.67817 6.64997 6.72076 6.88108 7.07088 7.20829 7.26212 7.25816 7.22493 7.20394 7.22673 7.26375 7.28916 7.30613 7.33489 7.37408 7.40304 7.40491 7.36745 7.31138 7.28489 7.23248 7.01781 6.93059 7.13186 7.20096 6.72756 6.40271 6.90183 7.18904 7.19938 7.16907 7.18510 7.22942 7.16204 7.06029 7.01434 6.99640 6.97670
6.96949 6.79653 6.80985 6.42139 6.76392 7.13321 7.16015 7.01549 6.57270 6.13318 6.27954 6.63450 6.66786 6.53825 6.55376 6.70259 6.65826 6.33077 6.58861 6.85849 6.66861 6.28568 6.12087 6.23602 6.49571 6.61360 6.62465 6.60182 6.62539 6.65235 6.82115 7.06759 7.23831 7.29388 7.29152 7.29454 7.32078 7.35235 7.36726 7.37656 7.38538 7.39609 7.40391 7.39667 7.35542 7.26976 7.24449 7.22572 7.10453 6.82704 6.78898 6.89908 7.11545 6.47048 6.43593 7.07628 7.16956 7.10315 7.10848 7.18073 7.18183 7.09142 7.06573 6.83910 6.92395 7.04598
7.11153 6.93586 6.90559 6.56521 6.55882 6.88059 6.89073 6.57922 6.02423 5.88506 6.21907 6.57772 6.71592 6.53031 6.35732 6.21510 5.96642 5.92577 6.50158 6.77653 6.59310 6.35171 6.33936 6.48476 6.61786 6.68227 6.67653 6.66621 6.54201 6.43351 6.62566 6.99293 7.19428 7.26471 7.29851 7.32736 7.34273 7.35198 7.35946 7.36530 7.36965 7.37192 7.37031 7.35125 7.26239 7.17243 7.23517 7.22428 7.11087 6.92555 6.94894 6.85193 7.06557 6.48426 6.67892 7.17742 7.12628 7.04139 7.11940 7.21432 7.17202 6.91900 6.67525 6.72635 7.07603 7.19196
7.06987 6.83654 6.80350 6.62146 6.35851 6.44205 6.51915 6.38970 6.01099 6.04298 6.43355 6.76168 6.82723 6.67440 6.57617 6.09173 5.63242 5.92615 6.46775 6.66030 6.59735 6.51132 6.57925 6.68975 6.81469 6.85594 6.76547 6.60743 6.31072 6.21411 6.55004 6.90702 7.07215 7.17591 7.24571 7.25310 7.22209 7.20740 7.22592 7.25016 7.26572 7.26705 7.25927 7.23592 7.11337 7.05413 7.12487 7.11070 7.14768 7.12807 7.08243 7.11565 7.14106 6.82324 6.94076 7.14862 7.13849 7.15764 7.20257 7.20904 7.19791 7.05428 6.91893 7.20706 7.29257 7.28920
6.88757 6.60658 6.78053 6.78820 6.65049 6.56796 6.62169 6.62546 6.08938 6.11651 6.60876 6.89519 6.88664 6.82718 6.70880 6.39123 6.29633 6.43148 6.58016 6.66931 6.76802 6.77958 6.77796 6.76563 6.77215 6.80404 6.67480 6.36379 5.96840 6.08215 6.57222 6.72538 6.93215 7.07764 7.09187 6.93667 6.72533 6.56495 6.53165 6.67463 6.79336 6.75853 6.68036 6.79284 6.85688 6.87977 6.94075 6.92802 7.08658 7.24951 7.22689 7.25762 7.23572 7.09051 7.15993 7.23069 7.24026 7.28874 7.27756 7.19415 7.08372 7.02642 7.15241 7.30459 7.33259 7.30324
6.86748 6.56146 6.62997 6.87297 6.88038 6.81463 6.76122 6.66300 5.99739 6.01017 6.64744 6.89461 6.91751 6.87222 6.78743 6.67415 6.63817 6.73644 6.77235 6.78395 6.88643 6.94246 6.88576 6.81844 6.79117 6.79189 6.60552 6.20290 5.96410 6.23734 6.44340 6.76766 6.95530 6.89081 6.55731 6.09475 5.83130 5.72910 5.79582 6.07357 6.29349 6.23367 6.17732 6.36954 6.78632 6.87111 6.95357 7.04189 7.08659 7.15938 7.16615 7.23042 7.23292 7.16126 7.25745 7.32011 7.33301 7.33506 7.28789 7.23885 7.11435 6.89196 6.98078 7.25091 7.32669 7.26849
