mrvbf_slope1_pctl1.1.asc
NCOLS 410
NROWS 410
XLLCORNER 2398750.0000000000000000
YLLCORNER 2548750.0000000000000000
CELLSIZE 250.0000000000000000
NODATA_VALUE -99999.00000
[rows 319 to 347 of 410, columns 0 to 65 of 410]
-99999.00000 -99999.00000 -99999.00000 -99999.00000 -99999.00000 7.18087 7.15210 6.94754 6.66807 6.61395 6.49277 6.22032 6.35194 6.73552 6.89757 6.95456 6.90838 6.85159 6.80071 6.76503 6.86594 6.91327 6.88685 6.53847 6.07116 5.98257 6.11160 6.11165 5.75483 5.60429 5.75341 6.16106 6.25772 6.10530 5.69872 5.84261 6.12946 6.27897 6.28139 5.99105 5.60942 5.58510 5.91328 6.36670 6.66489 6.68441 6.52161 6.38857 6.37799 6.33036 6.23523 6.12507 6.16521 6.30645 6.16624 6.11959 6.21276 6.14856 6.08981 6.02616 6.06439 6.34276 6.63716 6.82515 6.89826 6.92539
-99999.00000 -99999.00000 -99999.00000 -99999.00000 -99999.00000 7.05360 7.02385 6.80836 6.64269 6.68392 6.61573 6.24334 6.08096 6.33544 6.65473 6.84588 6.87341 6.81639 6.79203 6.87375 6.85831 6.94777 6.83464 6.34087 6.26403 6.17030 6.05444 5.89607 5.54163 5.53302 5.93837 6.29183 6.26455 6.19261 6.06054 6.01792 6.07356 6.27560 6.32688 5.90494 5.56742 5.62561 6.03827 6.52342 6.73749 6.69162 6.57997 6.55803 6.60495 6.61205 6.59652 6.46023 6.37996 6.45946 6.39049 6.41691 6.59099 6.53909 6.45770 6.43812 6.50923 6.61054 6.69238 6.77122 6.74094 6.70301
-99999.00000 -99999.00000 -99999.00000 -99999.00000 -99999.00000 6.55638 6.51754 6.19228 6.41230 6.77247 6.81090 6.61889 6.42362 6.34986 6.45201 6.62764 6.73392 6.78083 6.76719 6.79151 6.93368 7.02633 6.97120 6.57701 6.06883 6.36133 6.41748 6.17211 5.34056 5.26184 6.02255 6.27314 6.11722 5.86726 5.95161 6.10122 5.77495 5.95697 6.12691 5.91048 5.70277 5.87311 6.39175 6.74394 6.80925 6.70299 6.60695 6.64625 6.75318 6.79384 6.74462 6.59223 6.51522 6.59939 6.54749 6.41169 6.52377 6.62881 6.60212 6.61269 6.60770 6.61964 6.56037 6.48068 6.40042 6.44248
-99999.00000 -99999.00000 -99999.00000 -99999.00000 -99999.00000 5.76531 5.56885 5.55472 6.02325 6.49802 6.61762 6.57055 6.69800 6.76817 6.58848 6.54786 6.60354 6.65111 6.75159 6.87629 6.99402 7.03713 7.01969 6.86372 6.42604 6.39728 6.38699 6.08762 5.83682 5.86244 6.12824 6.19566 6.19049 5.72845 5.56996 5.42762 5.46075 5.82416 6.10078 6.06400 5.95353 6.17366 6.63507 6.82228 6.84352 6.70132 6.58144 6.64935 6.78548 6.80885 6.71416 6.53608 6.45894 6.53491 6.52177 6.36090 6.33984 6.43297 6.41121 6.41619 6.45715 6.36222 6.22797 6.11224 6.16870 6.32661
-99999.00000 -99999.00000 -99999.00000 -99999.00000 -99999.00000 5.77044 5.66133 5.94234 5.98204 6.17464 6.53515 6.66522 6.86729 6.92963 6.83805 6.67818 6.60335 6.54534 6.55057 6.74472 6.94506 6.99938 6.96741 6.79234 6.59462 6.73451 6.48168 6.55390 6.54919 6.54385 6.49329 6.31151 6.30550 6.02126 5.70239 5.63744 5.90283 6.03107 6.19242 6.18112 6.18814 6.25582 6.50892 6.74609 6.85082 6.68364 6.52173 6.60674 6.72749 6.67983 6.55177 6.33132 6.10408 6.01225 5.98229 5.92386 5.97674 6.08805 6.09660 6.02584 5.98345 5.86266 5.85064 5.88564 6.13899 6.35131
-99999.00000 -99999.00000 -99999.00000 -99999.00000 -99999.00000 6.27998 6.38946 6.50171 6.23522 6.08264 6.30849 6.67427 6.88156 6.93312 6.96282 6.88222 6.77891 6.68252 6.55471 6.57003 6.80110 6.90670 6.79991 6.48786 6.46110 6.79359 6.59602 6.60593 6.41791 6.57420 6.56395 6.47851 6.40864 6.32289 6.23662 6.20449 6.09691 6.23110 6.15580 6.16472 6.34405 6.40520 6.46080 6.58947 6.76117 6.67498 6.48721 6.47632 6.51052 6.41578 6.27739 6.06670 5.75594 5.47925 5.42681 5.55526 5.69710 5.82448 5.88787 5.80499 5.60701 5.59519 5.66197 5.77159 6.03430 6.29943
-99999.00000 -99999.00000 -99999.00000 -99999.00000 -99999.00000 6.27784 6.43708 6.58843 6.47154 6.22759 6.23528 6.51739 6.77718 6.80646 6.88270 6.90872 6.83348 6.70285 6.58001 6.59434 6.71664 6.69950 6.36364 6.10087 6.32202 6.58906 6.42574 6.29907 6.46384 6.37731 6.43208 6.46644 6.37820 6.47120 6.46737 6.36303 6.14476 6.13888 6.11485 6.26354 6.22358 6.42107 6.60433 6.54128 6.62656 6.68691 6.51722 6.38456 6.29014 6.18542 6.06395 5.83908 5.44603 5.24150 5.26759 5.44703 5.60471 5.70340 5.75046 5.67672 5.58832 5.67185 5.75470 5.86104 5.80109 6.02588
-99999.00000 -99999.00000 -99999.00000 -99999.00000 -99999.00000 6.03199 6.18158 6.43598 6.59729 6.43766 6.30858 6.29853 6.53934 6.62059 6.68240 6.72674 6.67905 6.58759 6.54447 6.62268 6.68945 6.45821 6.08530 6.12403 6.39160 6.29405 6.36935 6.47960 6.66704 6.30816 6.22046 6.08302 6.00344 6.31853 6.45830 6.39742 6.18849 6.08606 6.19689 6.38480 6.25690 6.29050 6.38929 6.43447 6.55793 6.62166 6.47603 6.30350 6.11867 5.92867 5.79159 5.53890 5.10318 5.10433 5.23443 5.39637 5.55713 5.65035 5.63146 5.57066 5.63070 5.82423 6.00025 6.08939 5.75982 5.73837
-99999.00000 -99999.00000 -99999.00000 -99999.00000 -99999.00000 5.97430 6.14150 6.33847 6.54242 6.55306 6.42859 6.36019 6.29559 6.43497 6.47545 6.50496 6.51184 6.50645 6.56032 6.67176 6.65377 6.33730 6.20907 6.12656 6.09506 6.24444 6.44139 6.45997 6.46269 5.85312 5.78123 5.55721 5.48421 5.79582 6.17499 6.13093 5.90351 5.75388 5.98885 6.26115 6.30410 6.31130 6.36683 6.41291 6.47684 6.43791 6.27577 6.07882 5.74298 5.26951 5.08107 5.05628 4.91114 5.11416 5.25107 5.35339 5.48782 5.54732 5.50681 5.50458 5.65298 5.91208 6.13453 6.10738 5.76248 5.50779
-99999.00000 -99999.00000 -99999.00000 -99999.00000 -99999.00000 5.93341 6.09095 6.18230 6.32009 6.46075 6.29900 6.30045 6.34458 6.32797 6.31859 6.35887 6.40716 6.45523 6.55582 6.64795 6.62937 6.48238 6.21679 6.34140 6.31452 6.23740 6.19701 6.27396 6.12315 5.68295 5.55487 5.57358 5.21054 5.24145 5.55139 5.36116 5.09533 5.03354 5.56274 6.05410 6.11198 6.16295 6.28932 6.27264 6.21975 6.14930 5.97957 5.73944 5.25495 4.89763 4.88165 5.02065 5.16830 5.47193 5.47586 5.45843 5.51261 5.52580 5.46553 5.43945 5.54788 5.75270 5.96526 5.76516 5.49430 5.26134
-99999.00000 -99999.00000 -99999.00000 -99999.00000 -99999.00000 5.88465 5.85612 5.69488 5.68284 5.95878 5.67626 5.82847 6.15311 6.10773 6.10543 6.20134 6.27639 6.32739 6.43174 6.43271 6.35838 6.14310 5.82233 5.95271 5.86849 5.38724 5.06441 5.38518 5.92516 5.61976 5.47134 5.68169 5.27258 5.03003 5.15881 4.96781 4.71804 4.61754 4.92384 5.67917 5.90256 5.57812 5.68560 5.79034 5.81136 5.83762 5.75880 5.49833 5.08862 5.00386 5.15833 5.26386 5.69807 6.03118 5.95182 5.79576 5.72777 5.68184 5.52054 5.34113 5.29099 5.35266 5.44596 5.23765 5.17558 5.09508
-99999.00000 -99999.00000 -99999.00000 -99999.00000 -99999.00000 5.80645 5.57334 5.09569 4.83016 5.41910 5.44514 5.56358 5.82996 5.67725 5.68088 5.86953 5.98784 5.92868 6.01788 5.88923 5.48933 5.10171 5.11984 5.44481 5.38644 4.92530 4.58271 4.65023 5.40331 5.34998 5.30738 5.48921 5.62124 5.33738 5.32046 5.12624 4.90770 4.74697 4.70902 5.37434 5.70216 5.43794 5.35218 5.41578 5.47666 5.53287 5.54192 5.33651 5.06523 5.14233 5.47101 5.58356 6.09114 6.31224 6.29411 6.12402 5.96145 5.81651 5.50920 5.30950 5.22403 5.16461 5.14888 5.12399 5.28651 5.31520
-99999.00000 -99999.00000 -99999.00000 -99999.00000 -99999.00000 5.65198 5.31312 4.89229 4.82075 4.90402 5.36773 5.59795 5.54446 5.49558 5.59166 5.64900 5.74063 5.69746 5.57217 5.27095 4.87509 4.80819 5.12862 5.34921 5.23636 5.00134 5.13733 4.60897 5.19903 5.42582 5.35641 5.49160 5.93825 5.76538 5.68456 5.56000 5.27638 4.71221 4.93103 5.46218 5.58461 5.55871 5.38441 5.22508 5.17514 5.21220 5.30381 5.31500 5.27913 5.47334 5.85103 5.90479 6.22678 6.41122 6.37943 6.23706 6.01991 5.74106 5.41153 5.42174 5.47852 5.37428 5.37494 5.51261 5.78826 5.80257
-99999.00000 -99999.00000 -99999.00000 -99999.00000 -99999.00000 5.50236 5.38746 5.23648 5.03604 4.96064 5.46757 5.54188 5.58428 5.59999 5.80387 5.75107 5.68716 5.62862 5.28554 4.88848 4.71992 4.82966 4.97946 5.06775 5.07247 5.06409 4.97000 4.60147 5.57481 5.74126 5.43346 5.49393 5.93405 5.79918 5.71294 5.75344 5.43217 5.00895 5.06120 5.21692 5.28271 5.35969 5.29218 5.10528 4.98753 4.97043 5.10044 5.37980 5.65711 5.77751 5.89359 6.10473 6.34109 6.41823 6.28592 6.08512 5.84268 5.56136 5.41460 5.62556 5.79931 5.75607 5.80539 5.89235 5.97293 6.02656
-99999.00000 -99999.00000 -99999.00000 -99999.00000 -99999.00000 5.30112 5.36889 5.53212 5.48795 5.28704 5.27304 5.24185 5.10452 5.05659 5.52467 5.79550 5.57960 5.21036 4.85750 4.64277 4.56836 4.54236 4.46547 4.50121 4.77200 4.98230 4.60206 4.48714 5.20215 5.46371 5.25053 5.23124 5.47336 5.52495 5.54611 5.55895 5.38335 4.98086 4.77691 4.86705 5.05703 5.29399 5.33082 5.12200 4.94594 4.84305 4.91506 5.28880 5.83160 6.03546 6.10881 6.27343 6.37856 6.27367 6.00778 5.76380 5.59308 5.46197 5.47806 5.69076 5.81272 5.88051 5.93633 5.81804 5.73133 5.87088
-99999.00000 -99999.00000 -99999.00000 -99999.00000 -99999.00000 4.76308 4.94118 5.28656 5.35771 5.35708 5.25825 5.01384 4.56052 4.50190 5.01003 5.70178 5.38344 4.92831 4.75520 4.71950 4.53527 4.35469 4.23226 4.26690 4.59689 5.04276 4.78189 4.26893 4.65874 5.13191 5.11920 4.97386 5.10335 5.53912 5.73886 5.71963 5.45927 4.99162 4.78663 4.86776 5.09076 5.44929 5.52542 5.17364 4.94127 4.80698 4.73706 4.88670 5.43226 5.96109 6.15773 6.20808 6.14267 5.91116 5.66022 5.52820 5.48756 5.49264 5.58395 5.71808 5.68911 5.72360 5.74196 5.62602 5.59292 5.66932
-99999.00000 -99999.00000 -99999.00000 -99999.00000 -99999.00000 4.09888 4.49212 4.88864 5.29493 5.55392 5.46200 5.03402 4.65554 4.71724 4.72321 5.47138 5.25107 5.02976 5.16407 4.98643 4.47918 4.35737 4.50306 4.40518 4.58592 5.09404 5.23892 4.63638 4.49572 4.96301 5.21172 4.81938 4.94236 5.75750 6.00434 6.10398 5.87740 5.47538 5.31184 5.22971 5.26579 5.50734 5.56457 5.07254 4.92864 4.92598 4.72666 4.53689 4.70604 5.23903 5.59641 5.71551 5.68700 5.58736 5.51820 5.51831 5.56967 5.65448 5.78954 5.92183 5.83250 5.67346 5.63972 5.68272 5.72531 5.71784
-99999.00000 -99999.00000 -99999.00000 -99999.00000 -99999.00000 4.20522 4.46277 4.72164 5.03673 5.38431 5.53036 5.29019 5.03564 4.87443 4.96280 5.61764 5.48028 5.22530 5.13847 4.83105 4.32721 4.46071 5.20257 4.77157 4.67182 5.16456 5.54640 5.17913 4.75185 4.84831 5.20342 4.98564 4.95266 5.40548 5.83629 6.09063 5.96703 5.79973 5.98713 5.70158 5.47647 5.60849 5.52787 5.00142 5.02497 5.29071 5.18852 4.75768 4.55381 4.75500 5.07226 5.29945 5.43813 5.55974 5.62817 5.66444 5.74814 5.88952 6.06582 6.22228 6.19023 5.95338 5.80450 5.79419 5.65919 5.63433
-99999.00000 -99999.00000 -99999.00000 -99999.00000 -99999.00000 4.14940 4.37847 4.49848 4.73189 4.98286 5.27250 5.37199 5.32511 5.16852 5.21391 5.68933 5.73196 5.43675 5.10355 4.59780 4.32423 4.66901 5.56107 5.02241 4.83415 5.32370 5.71194 5.47209 5.07006 4.93810 5.26858 5.62250 5.31748 5.51648 5.91807 6.11063 5.97260 5.86978 6.11064 5.95610 5.72646 5.86910 5.66680 5.13830 5.18382 5.65312 5.88224 5.48182 5.08090 4.99948 5.12185 5.28444 5.50595 5.76760 5.84905 5.81877 5.90267 6.10140 6.28579 6.37292 6.37026 6.21249 5.99150 5.83284 5.58233 5.50836
-99999.00000 -99999.00000 -99999.00000 -99999.00000 -99999.00000 4.21539 4.28997 4.73553 4.69282 4.60504 4.76514 4.93644 5.01971 4.96774 4.82931 5.21865 5.46308 5.30030 4.81436 4.51383 4.43157 4.83909 5.54701 4.99249 4.97840 5.55727 5.61755 5.30873 5.13929 5.02609 5.21222 5.74194 5.76575 5.79738 6.11108 6.14405 5.90144 5.82563 6.06779 5.98812 5.75416 5.96939 5.86659 5.19828 5.14369 5.67957 5.97711 5.81496 5.69896 5.64371 5.56473 5.54054 5.67795 5.95835 5.99594 5.87879 5.98959 6.22889 6.41018 6.44137 6.38996 6.21685 6.00349 5.91833 5.73463 5.67528
-99999.00000 -99999.00000 -99999.00000 -99999.00000 -99999.00000 4.36238 4.59029 4.80863 4.74718 4.49413 4.44476 4.56067 4.70606 4.75159 4.62494 4.72544 5.11999 5.14708 4.73046 4.61324 4.45922 4.67762 5.15469 4.76896 5.15834 5.68286 5.26825 4.95682 4.90517 4.80071 4.96701 5.42009 5.32938 5.30371 5.80076 5.96793 5.72812 5.66378 5.91304 5.84436 5.58376 5.95162 6.14067 5.40349 4.99531 5.45259 5.89988 6.02113 6.12040 6.15049 6.02579 5.88488 5.78344 5.93558 5.98848 5.82064 5.98069 6.20640 6.36982 6.42054 6.36859 6.15739 5.97841 6.03466 5.87548 5.77575
-99999.00000 -99999.00000 -99999.00000 -99999.00000 -99999.00000 4.43935 4.60392 4.73298 4.85956 4.78176 4.54546 4.55751 4.70408 4.74825 4.61429 4.63081 4.94436 5.19270 5.08980 4.63913 4.30565 4.33565 4.72145 4.69978 5.31277 5.36205 4.80676 4.81025 4.79912 4.59415 4.54886 4.60288 4.54350 5.10360 5.29275 5.56176 5.45295 5.45457 5.71097 5.57357 5.38634 5.84110 6.19540 5.80672 5.13719 5.34279 5.94430 6.23377 6.30379 6.25900 6.18571 6.04744 5.78244 5.83727 5.94439 5.65578 5.75717 6.04882 6.20730 6.24168 6.20105 6.07704 6.04571 6.17495 6.00715 5.78236
-99999.00000 -99999.00000 -99999.00000 -99999.00000 -99999.00000 4.48535 4.64064 4.83307 4.91337 4.73159 4.76589 4.84090 4.94236 4.89284 4.67025 4.56460 4.72762 5.15669 5.53557 5.18882 4.57090 4.34606 4.53736 4.95654 5.24830 4.78277 4.58185 4.93518 4.98635 4.76610 4.58384 4.47766 4.56814 4.76516 5.36828 5.42524 5.14344 5.14779 5.32466 5.15591 5.00744 5.43172 5.81769 5.53121 5.04556 5.39699 5.93754 6.09858 6.09372 6.07450 6.07155 6.00743 5.62798 5.53319 5.59733 5.30635 5.60924 5.86677 5.96053 6.02832 6.04241 6.04434 6.11591 6.21801 6.06080 5.71112
-99999.00000 -99999.00000 -99999.00000 -99999.00000 -99999.00000 4.48799 4.66965 4.76088 4.72375 4.88357 4.63305 5.08644 5.29778 5.23962 4.93495 4.59796 4.52390 4.75982 5.26203 5.37817 5.14108 4.80200 4.79878 5.10771 4.78753 4.51592 4.70977 5.08018 5.13513 5.13211 5.06783 4.84024 4.75505 5.03770 5.53333 5.23231 4.88282 4.84249 4.90342 4.74798 4.53004 4.65852 4.83942 4.66313 4.83324 5.49363 5.67646 5.65995 5.68360 5.76501 5.80503 5.73149 5.43363 5.34720 5.42278 5.35003 5.79068 5.78428 5.82731 5.97181 6.06353 6.13921 6.19490 6.18920 6.01626 5.71268
-99999.00000 -99999.00000 -99999.00000 -99999.00000 -99999.00000 4.39713 4.59004 4.81472 4.75744 4.63458 4.75667 4.97497 5.30389 5.40432 5.29879 4.87173 4.54677 4.47613 4.64867 4.99995 5.27282 4.91489 4.55618 4.52745 4.59874 4.78858 5.10165 5.15299 5.06310 5.13297 5.20831 4.95727 4.87816 5.14519 5.50304 5.07343 4.71685 4.69013 4.81573 4.72700 4.49742 4.39779 4.49231 4.68509 5.21043 5.46303 5.35070 5.29545 5.37225 5.54230 5.62732 5.44176 5.39868 5.23100 5.43525 5.42249 5.63900 5.73368 5.90948 6.12703 6.26122 6.32712 6.30480 6.18493 5.99055 5.77080
-99999.00000 -99999.00000 -99999.00000 -99999.00000 -99999.00000 4.30014 4.52214 4.87926 4.76055 4.67454 5.10209 5.04348 5.24925 5.30225 5.20988 5.19166 4.88312 4.62372 4.56744 4.76575 5.07542 4.46400 4.26585 4.51297 5.06780 5.33244 5.03915 4.79317 4.73114 4.95429 4.92406 4.82042 5.20323 5.46136 5.43467 5.01957 4.65271 4.66553 5.03423 5.11320 4.86001 4.71417 4.86146 5.26994 5.56721 5.50919 5.26528 5.25281 5.33112 5.44275 5.61362 5.37212 5.39291 5.06031 5.06618 5.14012 5.42797 5.77425 6.00917 6.27973 6.44100 6.46832 6.35944 6.15663 5.94631 5.76660
-99999.00000 -99999.00000 -99999.00000 -99999.00000 -99999.00000 4.28294 4.44741 4.53057 4.42117 4.57013 5.26724 5.46051 5.50580 5.41911 5.11771 5.18723 5.17833 4.91300 4.73768 4.63598 4.70963 4.35154 4.29103 4.45616 4.92192 5.17982 5.02479 4.86195 5.09716 5.43568 5.00166 4.78993 5.14634 5.46450 5.30902 4.88523 4.61486 4.69997 5.12421 5.54989 5.34620 5.11229 5.19331 5.44298 5.68959 5.58939 5.30019 5.36711 5.41834 5.37375 5.48589 5.32141 5.32663 5.07450 4.96325 5.24804 5.57605 5.73347 5.91672 6.29939 6.49856 6.50743 6.35820 6.08430 5.79964 5.59550
-99999.00000 -99999.00000 -99999.00000 -99999.00000 -99999.00000 4.35473 4.44809 4.21320 4.11901 4.47855 5.24709 5.62058 5.65413 5.33636 5.05158 5.06795 5.18865 4.98512 4.66808 4.56267 4.43240 4.62541 4.57408 4.53990 4.83294 5.21954 5.45260 5.47599 5.53830 5.64105 5.24540 4.67954 4.78781 5.05987 4.75048 4.41479 4.70662 4.86294 5.11597 5.54495 5.58745 5.26369 5.10166 5.33698 5.73146 5.68976 5.38207 5.27485 5.30682 5.17300 5.08317 5.16446 5.36187 5.38908 5.39489 5.59022 5.54407 5.51359 5.95662 6.37006 6.48701 6.45397 6.31537 6.02100 5.62617 5.39889
-99999.00000 -99999.00000 -99999.00000 -99999.00000 -99999.00000 4.17530 4.30922 4.00951 3.99354 4.47882 5.16138 5.53543 5.53831 5.03336 4.84962 4.97687 5.10740 4.96100 4.71027 4.61031 4.33008 4.36239 4.50919 4.62150 4.97883 5.16153 5.19373 5.31419 5.54463 5.57754 5.16656 4.99661 4.84386 4.87453 4.35138 4.33898 4.74199 4.90907 5.06284 5.40368 5.58690 5.29449 4.90588 5.12143 5.56144 5.45056 5.15294 4.97498 4.81980 4.73220 4.76340 5.02798 5.23668 5.39066 5.67878 5.69703 5.32636 5.41899 6.06845 6.33530 6.30976 6.18689 6.11821 5.96435 5.52836 5.28885
