mrvbf_slope1.2_pctl1.3.asc
NCOLS 410
NROWS 410
XLLCORNER 2398750.0000000000000000
YLLCORNER 2548750.0000000000000000
CELLSIZE 250.0000000000000000
NODATA_VALUE -99999.00000
[rows 116 to 144 of 410, columns 330 to 395 of 410]
-99999.00000 -99999.00000 -99999.00000 -99999.00000 -99999.00000 -99999.00000 -99999.00000 -99999.00000 -99999.00000 -99999.00000 -99999.00000 -99999.00000 -99999.00000 -99999.00000 -99999.00000 -99999.00000 -99999.00000 -99999.00000 -99999.00000 -99999.00000 7.66986 7.67241 7.67036 7.67165 7.66727 7.67152 7.67534 7.67739 7.67521 7.67027 7.66964 7.66607 7.65922 7.64634 7.60894 7.56029 7.36184 6.96626 7.15618 7.42424 7.53618 7.56199 7.55763 7.54225 7.50566 7.54715 7.58138 7.60776 7.62712 7.64527 7.65677 7.66544 7.67145 7.67523 7.67636 7.67932 7.67878 7.68026 7.67485 7.67348 7.67784 7.67771 7.67655 7.68437 7.68549 7.68548
-99999.00000 -99999.00000 -99999.00000 -99999.00000 -99999.00000 -99999.00000 -99999.00000 -99999.00000 -99999.00000 -99999.00000 -99999.00000 -99999.00000 -99999.00000 -99999.00000 -99999.00000 -99999.00000 -99999.00000 -99999.00000 -99999.00000 7.63618 7.66190 7.66760 7.66217 7.66394 7.66657 7.66864 7.67597 7.67391 7.67237 7.67191 7.67367 7.66765 7.65838 7.64374 7.61605 7.56272 7.41994 6.89539 6.83007 7.34540 7.51711 7.56857 7.57263 7.55374 7.56757 7.59652 7.61156 7.62240 7.63323 7.64879 7.65881 7.66671 7.66952 7.67078 7.67452 7.67735 7.67554 7.67260 7.66990 7.67722 7.67694 7.67558 7.67686 7.67814 7.67794 7.68218
-99999.00000 -99999.00000 -99999.00000 -99999.00000 -99999.00000 -99999.00000 -99999.00000 -99999.00000 -99999.00000 -99999.00000 -99999.00000 -99999.00000 -99999.00000 -99999.00000 -99999.00000 -99999.00000 -99999.00000 -99999.00000 -99999.00000 7.64384 7.66041 7.66912 7.66259 7.65606 7.65928 7.67068 7.67467 7.67532 7.67326 7.67344 7.67440 7.66850 7.65939 7.64789 7.62523 7.58260 7.46783 6.77917 6.25553 7.19103 7.50101 7.55380 7.56661 7.56444 7.58922 7.60905 7.62029 7.63039 7.63922 7.65165 7.66052 7.66709 7.66898 7.67205 7.67454 7.67548 7.67284 7.67247 7.67679 7.67918 7.67808 7.68095 7.68212 7.67754 7.67612 7.68435
-99999.00000 -99999.00000 -99999.00000 -99999.00000 -99999.00000 -99999.00000 -99999.00000 -99999.00000 -99999.00000 -99999.00000 -99999.00000 -99999.00000 -99999.00000 -99999.00000 -99999.00000 -99999.00000 -99999.00000 -99999.00000 -99999.00000 7.63931 7.65358 7.66207 7.66017 7.66130 7.66499 7.67231 7.67563 7.67568 7.67699 7.67595 7.67301 7.66651 7.65635 7.64750 7.62954 7.59961 7.53037 7.03369 5.73784 6.86896 7.47619 7.53910 7.55117 7.56744 7.59760 7.61570 7.62607 7.63606 7.64413 7.65244 7.65947 7.66523 7.66957 7.67340 7.67351 7.67082 7.67265 7.67957 7.68279 7.68348 7.68095 7.68089 7.68173 7.67485 7.67722 7.68382
-99999.00000 -99999.00000 -99999.00000 -99999.00000 -99999.00000 -99999.00000 -99999.00000 -99999.00000 -99999.00000 -99999.00000 -99999.00000 -99999.00000 -99999.00000 -99999.00000 -99999.00000 -99999.00000 -99999.00000 -99999.00000 -99999.00000 7.65571 7.66362 7.66480 7.66389 7.66321 7.66850 7.67336 7.67507 7.67528 7.67877 7.67729 7.67383 7.66588 7.65446 7.64337 7.63333 7.61006 7.56050 7.37466 5.84373 6.20160 7.40896 7.51954 7.53866 7.57189 7.60235 7.61882 7.62954 7.63822 7.64520 7.65070 7.65805 7.66289 7.66761 7.66940 7.67100 7.67256 7.67767 7.68090 7.68181 7.67863 7.68269 7.68250 7.68111 7.67826 7.67809 7.67724
-99999.00000 -99999.00000 -99999.00000 -99999.00000 -99999.00000 -99999.00000 -99999.00000 -99999.00000 -99999.00000 -99999.00000 -99999.00000 -99999.00000 -99999.00000 -99999.00000 -99999.00000 -99999.00000 -99999.00000 -99999.00000 -99999.00000 7.66179 7.66546 7.66812 7.66523 7.66573 7.67143 7.67404 7.67432 7.67411 7.67650 7.67616 7.67151 7.66376 7.65461 7.64535 7.63766 7.61117 7.55933 7.42077 6.23131 5.94695 7.28857 7.48654 7.51478 7.56126 7.60147 7.61854 7.62945 7.63657 7.64068 7.64586 7.65054 7.65438 7.66280 7.66275 7.66593 7.67364 7.67875 7.67961 7.67227 7.66275 7.67049 7.67814 7.68196 7.68157 7.67709 7.67656
-99999.00000 -99999.00000 -99999.00000 -99999.00000 -99999.00000 -99999.00000 -99999.00000 -99999.00000 -99999.00000 -99999.00000 -99999.00000 -99999.00000 -99999.00000 -99999.00000 -99999.00000 -99999.00000 -99999.00000 -99999.00000 7.66626 7.66465 7.66654 7.66730 7.66478 7.66880 7.67146 7.66960 7.67354 7.66880 7.67427 7.67080 7.66655 7.66269 7.65668 7.64682 7.63667 7.60849 7.57337 7.46849 6.66242 5.49789 6.97035 7.44368 7.49747 7.53145 7.58909 7.61342 7.62614 7.63300 7.63708 7.64488 7.63555 7.62376 7.64937 7.66244 7.65641 7.66336 7.67431 7.67507 7.66051 7.66186 7.65718 7.67490 7.67866 7.68224 7.68092 7.68213
-99999.00000 -99999.00000 -99999.00000 -99999.00000 -99999.00000 -99999.00000 -99999.00000 -99999.00000 -99999.00000 -99999.00000 -99999.00000 -99999.00000 -99999.00000 -99999.00000 -99999.00000 -99999.00000 -99999.00000 -99999.00000 7.65964 7.66213 7.66493 7.66090 7.66108 7.66235 7.66763 7.66989 7.67186 7.66466 7.66265 7.66548 7.66782 7.66187 7.65528 7.64060 7.63121 7.61757 7.57614 7.52425 7.19636 5.48479 6.36980 7.40512 7.49424 7.52504 7.57964 7.60844 7.62064 7.62731 7.63697 7.62823 7.60326 7.62664 7.62898 7.65264 7.65845 7.66123 7.66767 7.67350 7.67027 7.66146 7.67017 7.67334 7.67772 7.68180 7.68376 7.68382
-99999.00000 -99999.00000 -99999.00000 -99999.00000 -99999.00000 -99999.00000 -99999.00000 -99999.00000 -99999.00000 -99999.00000 -99999.00000 -99999.00000 -99999.00000 -99999.00000 -99999.00000 -99999.00000 -99999.00000 -99999.00000 7.65683 7.65953 7.66250 7.65601 7.65161 7.65364 7.66146 7.66937 7.67115 7.66813 7.65896 7.66036 7.66568 7.66072 7.65314 7.63937 7.63126 7.61906 7.59382 7.55518 7.41890 6.12513 5.97080 7.29832 7.46371 7.50723 7.57085 7.59930 7.61251 7.62123 7.62767 7.60804 7.61877 7.61032 7.64659 7.66150 7.66372 7.66254 7.66841 7.67310 7.67651 7.67353 7.67667 7.67659 7.67965 7.67787 7.67980 7.68088
-99999.00000 -99999.00000 -99999.00000 -99999.00000 -99999.00000 -99999.00000 -99999.00000 -99999.00000 -99999.00000 -99999.00000 -99999.00000 -99999.00000 -99999.00000 -99999.00000 -99999.00000 -99999.00000 -99999.00000 -99999.00000 7.64007 7.64343 7.64648 7.65018 7.64753 7.65042 7.65781 7.66833 7.67187 7.67055 7.66562 7.66571 7.66576 7.66058 7.64784 7.63817 7.63406 7.62273 7.59806 7.55548 7.42327 6.44121 6.18531 7.19561 7.40178 7.48018 7.56001 7.59255 7.60794 7.62318 7.62766 7.62835 7.61121 7.63993 7.65847 7.66426 7.66404 7.66492 7.66348 7.65700 7.66857 7.67347 7.67713 7.67905 7.67773 7.67831 7.67868 7.67719
-99999.00000 -99999.00000 -99999.00000 -99999.00000 -99999.00000 -99999.00000 -99999.00000 -99999.00000 -99999.00000 -99999.00000 -99999.00000 -99999.00000 -99999.00000 -99999.00000 -99999.00000 -99999.00000 -99999.00000 -99999.00000 7.63693 7.63681 7.63742 7.63466 7.64717 7.65540 7.66286 7.66632 7.66969 7.67095 7.66754 7.66530 7.66568 7.66062 7.65250 7.64329 7.63343 7.62517 7.60481 7.56653 7.47959 6.84873 6.04142 6.88653 7.31090 7.46448 7.55153 7.59337 7.61110 7.61972 7.61810 7.62034 7.63682 7.65535 7.66072 7.66001 7.66296 7.66259 7.64527 7.63929 7.65556 7.67341 7.67847 7.67757 7.67762 7.67788 7.67825 7.67956
-99999.00000 -99999.00000 -99999.00000 -99999.00000 -99999.00000 -99999.00000 -99999.00000 -99999.00000 -99999.00000 -99999.00000 -99999.00000 -99999.00000 -99999.00000 -99999.00000 -99999.00000 -99999.00000 -99999.00000 7.61990 7.64140 7.65087 7.65011 7.63950 7.64134 7.65469 7.66399 7.66585 7.66605 7.67054 7.67063 7.66744 7.66345 7.65715 7.65127 7.64399 7.63439 7.62595 7.60760 7.57525 7.50826 7.14651 6.03506 6.37593 7.24041 7.48398 7.55564 7.59300 7.59917 7.60785 7.60887 7.62164 7.63891 7.64757 7.65674 7.66361 7.66312 7.64773 7.63713 7.64417 7.64993 7.66808 7.67578 7.67573 7.67449 7.67878 7.68072 7.68071
-99999.00000 -99999.00000 -99999.00000 -99999.00000 -99999.00000 -99999.00000 -99999.00000 -99999.00000 -99999.00000 -99999.00000 -99999.00000 -99999.00000 -99999.00000 -99999.00000 -99999.00000 -99999.00000 -99999.00000 7.64532 7.64963 7.65333 7.65322 7.64740 7.64662 7.65739 7.66617 7.66968 7.66817 7.66964 7.67273 7.67175 7.66680 7.65998 7.65004 7.63836 7.63309 7.62777 7.60363 7.56683 7.50508 7.20890 5.83042 6.00877 7.24038 7.50062 7.56375 7.59668 7.60747 7.60675 7.61759 7.61674 7.63713 7.63259 7.63136 7.65393 7.65796 7.65150 7.65340 7.64985 7.65985 7.66654 7.66731 7.67165 7.67389 7.67888 7.68034 7.67958
-99999.00000 -99999.00000 -99999.00000 -99999.00000 -99999.00000 -99999.00000 -99999.00000 -99999.00000 -99999.00000 -99999.00000 -99999.00000 -99999.00000 -99999.00000 -99999.00000 -99999.00000 -99999.00000 7.65027 7.65036 7.64681 7.64819 7.65116 7.64930 7.65419 7.66078 7.66387 7.66495 7.66536 7.66905 7.67104 7.67002 7.66680 7.65714 7.64805 7.63750 7.62890 7.62395 7.60444 7.55772 7.47561 7.07030 4.98434 5.85407 7.31661 7.51574 7.56891 7.59984 7.61142 7.61282 7.61819 7.62368 7.62678 7.62031 7.63285 7.63568 7.65807 7.66580 7.66983 7.66478 7.66330 7.65903 7.65934 7.66955 7.67746 7.68053 7.67894 7.67629
-99999.00000 -99999.00000 -99999.00000 -99999.00000 -99999.00000 -99999.00000 -99999.00000 -99999.00000 -99999.00000 -99999.00000 -99999.00000 -99999.00000 -99999.00000 -99999.00000 -99999.00000 7.64140 7.64926 7.65269 7.64603 7.64461 7.64901 7.65087 7.65691 7.66035 7.66011 7.65842 7.66570 7.66988 7.67023 7.66593 7.66086 7.65614 7.64413 7.63092 7.62253 7.61652 7.59034 7.52715 7.34663 5.80296 4.42244 6.69799 7.42168 7.53105 7.57588 7.60310 7.60779 7.59882 7.61949 7.61554 7.62972 7.62862 7.63022 7.64630 7.65902 7.66284 7.66640 7.65554 7.66069 7.65558 7.65446 7.66573 7.67659 7.68000 7.67681 7.67657
-99999.00000 -99999.00000 -99999.00000 -99999.00000 -99999.00000 -99999.00000 -99999.00000 -99999.00000 -99999.00000 -99999.00000 -99999.00000 -99999.00000 -99999.00000 -99999.00000 -99999.00000 7.64243 7.64930 7.65155 7.64838 7.64630 7.64685 7.65050 7.65420 7.65909 7.66118 7.65653 7.66135 7.66882 7.67010 7.66529 7.66021 7.65375 7.63617 7.62392 7.61676 7.60139 7.55590 7.44198 6.79340 3.28823 4.95799 7.14635 7.46969 7.54039 7.58461 7.60678 7.61413 7.61449 7.61400 7.63102 7.63357 7.64367 7.63193 7.64255 7.65706 7.66173 7.65647 7.65142 7.65646 7.65546 7.65961 7.66449 7.67312 7.67487 7.66776 7.67344
-99999.00000 -99999.00000 -99999.00000 -99999.00000 -99999.00000 -99999.00000 -99999.00000 -99999.00000 -99999.00000 -99999.00000 -99999.00000 -99999.00000 -99999.00000 -99999.00000 7.62133 7.63020 7.63709 7.64404 7.64749 7.64687 7.64450 7.65068 7.65590 7.65942 7.66140 7.65723 7.66043 7.66733 7.66879 7.66556 7.65634 7.64567 7.63262 7.62306 7.61195 7.58876 7.52136 7.24548 4.73156 1.84566 6.41673 7.39064 7.50614 7.55974 7.59217 7.61181 7.61842 7.62380 7.63131 7.64290 7.64673 7.64755 7.65472 7.65350 7.65290 7.65322 7.65081 7.65680 7.64329 7.64118 7.65939 7.66195 7.67095 7.66881 7.66924 7.66745
-99999.00000 -99999.00000 -99999.00000 -99999.00000 -99999.00000 -99999.00000 -99999.00000 -99999.00000 -99999.00000 -99999.00000 -99999.00000 -99999.00000 -99999.00000 -99999.00000 7.60426 7.62830 7.62798 7.63422 7.64377 7.64641 7.64236 7.64610 7.65276 7.65668 7.65753 7.65924 7.66243 7.66517 7.66518 7.66148 7.65246 7.64116 7.62928 7.61827 7.60210 7.57214 7.49463 7.08703 2.31218 2.57278 7.01424 7.45105 7.53008 7.57565 7.60102 7.61503 7.62031 7.62627 7.63832 7.64465 7.64764 7.65679 7.66394 7.66224 7.66104 7.65497 7.65296 7.64921 7.65553 7.64406 7.65559 7.65923 7.67133 7.66866 7.66302 7.67216
-99999.00000 -99999.00000 -99999.00000 -99999.00000 -99999.00000 -99999.00000 -99999.00000 -99999.00000 -99999.00000 -99999.00000 -99999.00000 -99999.00000 -99999.00000 7.40429 7.53596 7.61080 7.62703 7.63133 7.63582 7.63909 7.64182 7.64518 7.65045 7.65499 7.65759 7.66309 7.66396 7.66351 7.66083 7.65488 7.64873 7.63875 7.62529 7.61094 7.59418 7.56041 7.45887 6.63002 1.01110 4.33017 7.21760 7.47884 7.54715 7.58536 7.60424 7.61331 7.61857 7.62679 7.63875 7.64419 7.65030 7.65923 7.65889 7.64636 7.65116 7.65689 7.65594 7.66247 7.66603 7.65347 7.66039 7.66248 7.66976 7.67004 7.67166 7.67704
-99999.00000 -99999.00000 -99999.00000 -99999.00000 -99999.00000 -99999.00000 -99999.00000 -99999.00000 -99999.00000 -99999.00000 -99999.00000 -99999.00000 -99999.00000 7.43440 7.51414 7.58296 7.61027 7.62170 7.62981 7.63436 7.63826 7.64309 7.65089 7.65482 7.65628 7.66204 7.66324 7.66146 7.65510 7.64913 7.64618 7.63557 7.61877 7.60765 7.59149 7.53349 7.28409 4.37507 1.36419 6.36499 7.37433 7.50194 7.56116 7.59266 7.60767 7.61559 7.62244 7.62410 7.63508 7.64556 7.65146 7.65544 7.64522 7.64356 7.64237 7.65902 7.65734 7.66219 7.66107 7.65345 7.66759 7.66751 7.66700 7.66828 7.67118 7.67666
-99999.00000 -99999.00000 -99999.00000 -99999.00000 -99999.00000 -99999.00000 -99999.00000 -99999.00000 -99999.00000 -99999.00000 -99999.00000 -99999.00000 -99999.00000 7.55525 7.57116 7.57509 7.58120 7.60591 7.62527 7.63168 7.63790 7.64460 7.64766 7.64927 7.65336 7.65851 7.66177 7.65867 7.64881 7.64400 7.64555 7.63490 7.61590 7.60986 7.59428 7.50495 7.04753 3.16157 2.39575 6.88058 7.42635 7.52344 7.57111 7.59595 7.61039 7.62000 7.62541 7.62609 7.62761 7.64256 7.65073 7.65581 7.65661 7.64575 7.65432 7.66320 7.65531 7.65416 7.65282 7.65686 7.66981 7.66892 7.66344 7.66476 7.66984 7.67346
-99999.00000 -99999.00000 -99999.00000 -99999.00000 -99999.00000 -99999.00000 -99999.00000 -99999.00000 -99999.00000 -99999.00000 -99999.00000 -99999.00000 7.57936 7.59486 7.60601 7.58696 7.57522 7.59652 7.62225 7.63239 7.63774 7.64165 7.64466 7.64663 7.65109 7.65447 7.65727 7.65445 7.64712 7.64334 7.63955 7.62615 7.60605 7.59277 7.57687 7.49478 7.14825 3.42166 3.48070 7.04245 7.45684 7.53828 7.57957 7.60063 7.61171 7.62168 7.62810 7.63163 7.63113 7.63138 7.63947 7.65234 7.65834 7.66182 7.66481 7.66734 7.66171 7.65211 7.64246 7.65693 7.66876 7.66198 7.65873 7.66526 7.67000 7.66949
-99999.00000 -99999.00000 -99999.00000 -99999.00000 -99999.00000 -99999.00000 -99999.00000 -99999.00000 -99999.00000 -99999.00000 -99999.00000 -99999.00000 7.60856 7.60548 7.61890 7.61197 7.58929 7.59492 7.61687 7.62650 7.63564 7.64162 7.64457 7.64229 7.64769 7.65069 7.65042 7.64500 7.64102 7.63459 7.62914 7.61694 7.59959 7.59036 7.56486 7.44402 6.52972 1.39988 4.08336 7.16485 7.47982 7.54788 7.58389 7.60324 7.61290 7.62336 7.63121 7.63718 7.64054 7.63991 7.64126 7.64711 7.65366 7.65942 7.66360 7.66432 7.66429 7.66079 7.64502 7.65558 7.66305 7.65443 7.65574 7.66384 7.66645 7.66539
-99999.00000 -99999.00000 -99999.00000 -99999.00000 -99999.00000 -99999.00000 -99999.00000 -99999.00000 -99999.00000 -99999.00000 -99999.00000 -99999.00000 7.64770 7.63262 7.63408 7.62107 7.59583 7.60004 7.61483 7.62134 7.63023 7.63795 7.63980 7.63947 7.64777 7.64596 7.63955 7.64017 7.64304 7.62922 7.62282 7.61148 7.60085 7.59060 7.54686 7.31968 4.70868 1.36245 5.96818 7.33108 7.49366 7.55445 7.58652 7.60560 7.61363 7.62350 7.63293 7.63967 7.64614 7.64891 7.65204 7.65307 7.65537 7.65686 7.66150 7.66374 7.65458 7.64550 7.63439 7.64168 7.64350 7.64471 7.65726 7.66287 7.66386 7.66449
-99999.00000 -99999.00000 -99999.00000 -99999.00000 -99999.00000 -99999.00000 -99999.00000 -99999.00000 -99999.00000 -99999.00000 -99999.00000 7.65879 7.65660 7.64844 7.63402 7.62169 7.58559 7.58755 7.60823 7.61953 7.62924 7.63599 7.63690 7.64020 7.64419 7.64215 7.64099 7.63970 7.63096 7.61883 7.61841 7.61141 7.60080 7.58252 7.53202 7.24387 3.65124 2.17825 6.63934 7.38109 7.49821 7.55818 7.58923 7.60664 7.61631 7.62449 7.63419 7.64194 7.64893 7.65305 7.65742 7.66099 7.66269 7.66407 7.66377 7.66328 7.65347 7.61908 7.61101 7.59614 7.61507 7.64564 7.65782 7.65927 7.65917 7.66178
-99999.00000 -99999.00000 -99999.00000 -99999.00000 -99999.00000 -99999.00000 -99999.00000 -99999.00000 -99999.00000 -99999.00000 -99999.00000 7.66329 7.65964 7.64252 7.63205 7.62356 7.57763 7.57435 7.60279 7.61338 7.62243 7.63013 7.63458 7.64013 7.64186 7.64436 7.64295 7.63014 7.61702 7.62097 7.61961 7.60857 7.58933 7.56735 7.51896 7.23791 3.40939 2.48219 6.70477 7.38726 7.49815 7.55730 7.58889 7.60518 7.61654 7.62589 7.63410 7.64097 7.64738 7.65302 7.65647 7.65985 7.66474 7.66629 7.66712 7.66577 7.66042 7.64511 7.59262 7.60438 7.59167 7.63994 7.65168 7.65336 7.65723 7.65916
-99999.00000 -99999.00000 -99999.00000 -99999.00000 -99999.00000 -99999.00000 -99999.00000 -99999.00000 -99999.00000 -99999.00000 -99999.00000 7.66330 7.65716 7.63584 7.63247 7.63012 7.58560 7.56619 7.59037 7.60212 7.60899 7.62066 7.63125 7.63886 7.64156 7.64095 7.63385 7.62633 7.62739 7.62549 7.61392 7.59713 7.58291 7.56636 7.51563 7.25477 3.74500 2.15545 6.40482 7.35745 7.50088 7.55334 7.58592 7.60546 7.61557 7.62504 7.63340 7.63964 7.64273 7.64831 7.65400 7.65909 7.66143 7.66690 7.66672 7.66647 7.66575 7.64469 7.59410 7.61364 7.58001 7.62873 7.64150 7.64169 7.65127 7.65855
-99999.00000 -99999.00000 -99999.00000 -99999.00000 -99999.00000 -99999.00000 -99999.00000 -99999.00000 -99999.00000 -99999.00000 -99999.00000 7.66060 7.65033 7.63234 7.62471 7.63385 7.60855 7.58139 7.57232 7.58073 7.58783 7.60446 7.62647 7.63701 7.63870 7.63660 7.63118 7.62810 7.62811 7.62025 7.60530 7.59637 7.59239 7.57273 7.51498 7.26518 4.22047 2.26547 6.15033 7.24667 7.48967 7.55561 7.58270 7.60429 7.61599 7.62350 7.63201 7.63792 7.64276 7.64936 7.65626 7.66154 7.66322 7.66493 7.66034 7.66507 7.65700 7.61247 7.55394 7.56327 7.55138 7.61760 7.63876 7.64440 7.64467 7.65116
-99999.00000 -99999.00000 -99999.00000 -99999.00000 -99999.00000 -99999.00000 -99999.00000 -99999.00000 -99999.00000 -99999.00000 7.66170 7.65850 7.64972 7.62905 7.61365 7.63393 7.62059 7.61051 7.58970 7.57472 7.55946 7.57888 7.61874 7.63128 7.63440 7.63529 7.62956 7.62314 7.62131 7.61569 7.60743 7.60453 7.59967 7.57119 7.49625 7.16933 3.59888 3.41846 6.63512 7.27369 7.44160 7.54572 7.57921 7.59889 7.61142 7.62259 7.63037 7.63744 7.64443 7.65211 7.65696 7.65599 7.66112 7.64567 7.62511 7.64628 7.63563 7.59176 7.57523 7.52452 7.57691 7.62794 7.64572 7.64952 7.65112 7.65320
