mrvbf_slope0.7_pctl1.1.asc
NCOLS 410
NROWS 410
XLLCORNER 2398750.0000000000000000
YLLCORNER 2548750.0000000000000000
CELLSIZE 250.0000000000000000
NODATA_VALUE -99999.00000
[rows 87 to 115 of 410, columns 0 to 65 of 410]
-99999.00000 -99999.00000 -99999.00000 -99999.00000 -99999.00000 7.34340 7.21039 6.84103 6.73817 6.66755 6.67936 6.55882 6.48775 6.63196 6.66504 6.82804 6.97345 6.98755 6.91379 6.75400 6.74945 6.63891 6.55154 6.54717 6.59834 6.71972 6.96704 6.87262 6.92238 7.05851 6.97838 6.75454 6.66577 6.72390 6.92297 7.21212 7.28965 7.01636 6.76772 6.74322 6.72159 6.76378 6.99777 7.05370 6.92611 6.86610 6.89737 7.01093 7.14033 7.22920 7.21133 7.06502 7.02968 7.04773 7.27445 7.39068 7.30964 7.22437 7.23752 7.28283 7.38493 7.47217 7.50457 7.50218 7.48309 7.44628
-99999.00000 -99999.00000 -99999.00000 -99999.00000 -99999.00000 7.29117 7.12891 6.77127 6.81632 6.68320 6.73666 6.62585 6.49165 6.64494 6.72290 6.93814 7.05007 7.10778 7.02305 6.85585 6.82107 6.63028 6.57830 6.61037 6.64935 6.77988 6.95317 6.83656 6.92911 7.03129 6.97250 6.80591 6.68367 6.69074 6.86702 7.17376 7.25296 7.00976 6.71637 6.65401 6.77211 7.03271 7.19600 7.06215 6.79677 6.73817 6.82373 6.97105 7.13276 7.26668 7.30467 7.21112 7.12461 7.26783 7.39863 7.34343 7.21787 7.24642 7.26822 7.22442 7.32288 7.45436 7.49571 7.46712 7.39290 7.29470
-99999.00000 -99999.00000 -99999.00000 -99999.00000 -99999.00000 7.13246 7.10263 6.79940 6.69016 6.73402 6.75894 6.66294 6.46702 6.54744 6.66018 6.86864 7.00337 7.10539 7.03621 6.91422 6.88822 6.66388 6.57502 6.58340 6.63283 6.77452 6.83121 6.78181 6.88627 6.85628 6.88609 6.87920 6.71134 6.68669 6.80272 7.02832 7.07059 6.85833 6.68316 6.65955 6.78154 7.08450 7.22521 6.98956 6.68329 6.68202 6.84490 7.04562 7.24162 7.35717 7.37323 7.36858 7.36727 7.40133 7.39499 7.28197 7.21659 7.30123 7.27275 7.20294 7.31985 7.45068 7.47809 7.40323 7.26495 7.19762
-99999.00000 -99999.00000 -99999.00000 -99999.00000 -99999.00000 6.91711 6.97939 6.91562 6.68638 6.72507 6.75416 6.72467 6.49817 6.51324 6.73054 6.83187 6.91281 6.96562 7.00380 7.01936 6.91371 6.67757 6.55041 6.56562 6.65768 6.76062 6.79014 6.79589 6.80748 6.76885 6.80587 6.93124 6.73723 6.70685 6.79196 6.84741 6.79311 6.68323 6.64509 6.69725 6.88621 7.15246 7.24222 6.98118 6.68032 6.63864 6.78990 7.08661 7.30602 7.33564 7.27330 7.24200 7.28372 7.29688 7.25825 7.21270 7.25662 7.30846 7.21698 7.21102 7.35803 7.45538 7.46838 7.38490 7.22688 7.20989
-99999.00000 -99999.00000 -99999.00000 -99999.00000 -99999.00000 6.70205 6.79925 6.81149 6.76559 6.69359 6.57876 6.59882 6.49873 6.49638 6.71937 6.79819 6.89363 6.96639 6.94657 6.91397 6.72900 6.58351 6.58567 6.67165 6.79333 6.83433 6.93568 6.91454 6.78613 6.80512 6.76026 6.92192 6.71793 6.72584 6.82051 6.75628 6.69266 6.67091 6.70321 6.83089 7.07208 7.24064 7.23274 6.97404 6.70870 6.61388 6.71417 7.04335 7.28288 7.23146 7.14328 7.11797 7.11647 7.12620 7.14145 7.22166 7.31722 7.27871 7.18259 7.27144 7.40270 7.45995 7.46728 7.40839 7.24507 7.15294
-99999.00000 -99999.00000 -99999.00000 -99999.00000 -99999.00000 6.60560 6.74071 6.84869 6.77018 6.75678 6.59406 6.51953 6.48773 6.46299 6.62519 6.70630 6.77265 6.77671 6.77152 6.68790 6.57657 6.57499 6.64085 6.75384 6.86908 6.90547 6.95971 6.95127 6.86170 6.77412 6.84285 6.90833 6.67235 6.66078 6.72196 6.70818 6.71207 6.73830 6.82043 7.00860 7.19661 7.21522 7.02401 6.76080 6.63551 6.59438 6.67725 6.99495 7.25626 7.18204 7.09911 7.16345 7.15872 7.15832 7.20705 7.26826 7.29596 7.21702 7.19808 7.32830 7.41868 7.45555 7.46202 7.42353 7.30687 7.14382
-99999.00000 -99999.00000 -99999.00000 -99999.00000 -99999.00000 6.53906 6.65585 6.77403 6.76682 6.86540 6.67839 6.58105 6.54290 6.49915 6.57295 6.68151 6.67875 6.71102 6.62427 6.57792 6.57221 6.63670 6.70257 6.75211 6.77945 6.77455 6.81276 6.88171 6.92729 6.95032 6.98733 6.91252 6.68274 6.59082 6.63206 6.68412 6.74427 6.83719 6.99977 7.17900 7.26099 7.15435 6.87536 6.75287 6.57737 6.58344 6.66047 6.93058 7.18094 7.11346 7.08200 7.18606 7.26008 7.29369 7.31720 7.30022 7.25008 7.14702 7.15096 7.30438 7.40551 7.44516 7.45330 7.43326 7.37477 7.24051
-99999.00000 -99999.00000 -99999.00000 -99999.00000 -99999.00000 6.47603 6.57206 6.66489 6.74659 6.84712 6.70544 6.58693 6.54981 6.54598 6.59376 6.65673 6.66141 6.65906 6.58702 6.60804 6.67401 6.71322 6.72539 6.72895 6.76263 6.82586 6.77758 6.80899 6.96487 6.97120 6.79983 6.66884 6.62928 6.56437 6.57693 6.64294 6.74706 6.96392 7.17818 7.27609 7.30521 7.24059 6.98653 6.73713 6.63723 6.60323 6.67606 6.90052 7.05747 7.06284 7.15476 7.24309 7.29649 7.34360 7.36604 7.32778 7.24442 7.10614 7.07131 7.23601 7.38057 7.43374 7.44490 7.43336 7.40466 7.33866
-99999.00000 -99999.00000 -99999.00000 -99999.00000 -99999.00000 6.52288 6.64968 6.72410 6.81045 6.78296 6.67772 6.59549 6.50352 6.54645 6.60676 6.68051 6.67050 6.63623 6.64443 6.74107 6.79243 6.75435 6.72638 6.74830 6.85909 6.86547 6.78106 6.87803 6.94703 6.80392 6.65811 6.61270 6.62401 6.59962 6.58673 6.62041 6.72847 6.94022 7.18626 7.29867 7.28327 7.13529 6.91388 6.81086 6.66735 6.60032 6.71704 6.97460 7.07065 7.16646 7.26950 7.31072 7.31728 7.34198 7.33185 7.28378 7.19053 7.04022 7.02785 7.22005 7.36897 7.42175 7.43548 7.42711 7.40712 7.37352
-99999.00000 -99999.00000 -99999.00000 -99999.00000 -99999.00000 6.75249 6.82398 6.88736 6.96800 6.79298 6.67409 6.61951 6.53538 6.57806 6.65868 6.79433 6.68153 6.63929 6.67983 6.74816 6.79595 6.74305 6.72574 6.82674 6.94124 6.89043 6.84661 6.86639 6.83957 6.74673 6.70040 6.76381 6.78607 6.75732 6.71994 6.69256 6.72649 6.88335 7.12451 7.26538 7.17682 6.93250 6.79721 6.68228 6.58890 6.59432 6.76497 7.06191 7.16241 7.25116 7.32315 7.33835 7.34541 7.33459 7.27743 7.18280 7.05626 6.96038 7.08286 7.28933 7.37878 7.40993 7.42474 7.41962 7.39964 7.37341
-99999.00000 -99999.00000 -99999.00000 -99999.00000 -99999.00000 7.00879 7.02152 7.00443 7.02140 6.83170 6.70418 6.67749 6.62544 6.64437 6.72203 6.72907 6.60048 6.57884 6.62853 6.63500 6.69065 6.75184 6.78366 6.86856 6.93860 6.96749 6.89952 6.81393 6.80171 6.80212 6.83676 6.94848 7.04595 6.99294 6.86817 6.71030 6.69671 6.88257 7.13453 7.23693 7.06206 6.84417 6.83975 6.62464 6.56520 6.60936 6.77771 7.08214 7.20219 7.25973 7.30701 7.33449 7.36002 7.32333 7.23041 7.11162 7.00911 7.02604 7.20664 7.33112 7.37698 7.39541 7.40824 7.40633 7.38874 7.36271
-99999.00000 -99999.00000 -99999.00000 -99999.00000 -99999.00000 7.07103 6.98247 6.90486 6.94064 6.90292 6.75630 6.72174 6.69687 6.70023 6.74815 6.67080 6.56873 6.53148 6.59607 6.63217 6.65343 6.77898 6.96202 6.97142 7.01154 6.99463 6.89168 6.84554 6.87990 6.95575 7.03022 7.11105 7.18187 7.09953 6.86493 6.65333 6.68231 6.93664 7.17189 7.22853 7.05754 6.82585 6.72987 6.63128 6.57053 6.60396 6.77142 7.08748 7.21142 7.22967 7.26601 7.31402 7.33136 7.27549 7.17332 7.07557 7.02853 7.10932 7.26289 7.33162 7.35409 7.36744 7.37574 7.37706 7.36796 7.34511
-99999.00000 -99999.00000 -99999.00000 -99999.00000 -99999.00000 6.99532 6.98669 6.91116 6.88887 6.98854 6.80812 6.75622 6.75933 6.68630 6.67915 6.56664 6.53230 6.55924 6.62908 6.74611 6.74461 6.79121 6.92791 7.03581 7.06140 6.91726 6.87672 6.98009 7.06007 7.14342 7.18398 7.20333 7.23501 7.15763 6.92645 6.63967 6.59048 6.79558 7.09271 7.20175 7.08498 6.84501 6.70838 6.63835 6.55772 6.58779 6.81242 7.16178 7.23852 7.18432 7.18982 7.24619 7.25055 7.18429 7.10232 7.05155 7.01627 7.06163 7.19061 7.26165 7.29876 7.31673 7.32341 7.32732 7.32750 7.30837
-99999.00000 -99999.00000 -99999.00000 -99999.00000 -99999.00000 6.96945 7.04077 6.98241 6.88253 6.97107 6.79019 6.76817 6.83248 6.73009 6.62294 6.55299 6.56803 6.57101 6.70749 6.93098 6.92349 6.87740 6.85890 6.86075 6.86910 6.85615 6.97917 7.15614 7.16459 7.13477 7.09769 7.08950 7.13526 7.10393 6.96859 6.70294 6.60121 6.69902 6.94269 7.08116 6.95705 6.77921 6.63286 6.54598 6.51843 6.67404 7.03825 7.24990 7.22001 7.09482 7.06156 7.10792 7.09526 7.04421 7.02719 7.01250 6.92227 6.87157 6.93736 7.05152 7.15507 7.19885 7.19959 7.19744 7.21206 7.21934
-99999.00000 -99999.00000 -99999.00000 -99999.00000 -99999.00000 6.80899 6.93365 7.01297 6.87950 6.83838 6.74589 6.77044 6.83610 6.82073 6.64120 6.60222 6.54567 6.64067 6.86518 7.05483 7.07415 7.03718 6.95744 6.88955 6.90240 7.01353 7.14097 7.16158 7.02548 6.95740 6.94202 6.88879 6.93277 7.00796 6.83188 6.65259 6.63355 6.73804 6.92168 6.94920 6.81640 6.70564 6.59575 6.54267 6.64531 6.96161 7.20758 7.24308 7.08699 6.89464 6.87255 6.91523 6.88353 6.85148 6.88354 6.81896 6.73443 6.69948 6.70726 6.76306 6.87170 6.95587 6.92227 6.88892 6.93056 7.01010
-99999.00000 -99999.00000 -99999.00000 -99999.00000 -99999.00000 6.67277 6.76882 6.95785 6.89727 6.80703 6.76175 6.79299 6.84190 6.79243 6.69690 6.56676 6.57949 6.82716 7.01813 7.10315 7.16328 7.16784 7.12387 7.12159 7.14581 7.19401 7.15733 6.99805 6.84085 6.90276 6.98669 6.85577 6.77304 6.80451 6.70680 6.65068 6.69770 6.82899 6.97989 6.93775 6.75175 6.64666 6.61096 6.65757 6.89461 7.13198 7.20709 7.10720 6.83638 6.68217 6.71222 6.75738 6.71451 6.65143 6.62331 6.59413 6.59620 6.61383 6.62467 6.61910 6.66642 6.73819 6.66399 6.61897 6.65193 6.74088
-99999.00000 -99999.00000 -99999.00000 -99999.00000 -99999.00000 6.62284 6.67811 6.82488 6.86552 6.80187 6.74442 6.73751 6.76615 6.72708 6.64045 6.56492 6.71935 6.98573 7.08932 7.15859 7.22829 7.23516 7.21946 7.24011 7.20386 7.15941 7.00242 6.81357 6.82206 7.05750 7.19407 7.07016 6.86687 6.80098 6.73582 6.74389 6.77552 6.79443 6.88343 6.94672 6.77175 6.62524 6.56184 6.59788 6.79944 6.97449 7.01345 6.86988 6.63547 6.57298 6.62823 6.67646 6.64064 6.56559 6.52653 6.53762 6.57598 6.60645 6.64250 6.59275 6.55777 6.59316 6.53347 6.51432 6.52614 6.55731
-99999.00000 -99999.00000 -99999.00000 -99999.00000 -99999.00000 6.63631 6.58341 6.57776 6.57093 6.57514 6.60337 6.58749 6.59939 6.66401 6.61650 6.63541 6.80747 7.00475 7.12030 7.20484 7.27246 7.27766 7.25812 7.24894 7.15680 7.03452 6.87656 6.81024 6.99654 7.21137 7.21926 7.04766 6.91104 6.91548 6.86382 6.77111 6.66175 6.66313 6.71887 6.86933 6.83464 6.65220 6.53034 6.50007 6.56047 6.62329 6.66974 6.64493 6.52302 6.51379 6.62638 6.68269 6.65614 6.60678 6.61361 6.64004 6.62399 6.60702 6.68725 6.63111 6.47553 6.43393 6.43807 6.48328 6.46089 6.39156
-99999.00000 -99999.00000 -99999.00000 -99999.00000 -99999.00000 6.67134 6.54254 6.47057 6.45605 6.47845 6.53543 6.57256 6.58598 6.67319 6.71623 6.76121 6.76545 6.89075 7.09498 7.21153 7.26824 7.28287 7.26332 7.23460 7.12657 6.96941 6.86087 6.90569 7.09238 7.13607 6.95532 6.78630 6.75129 6.72222 6.73848 6.66564 6.67766 6.60808 6.60866 6.66239 6.70948 6.68765 6.56055 6.47950 6.45450 6.44841 6.45431 6.47635 6.45628 6.52066 6.71556 6.77996 6.77148 6.77423 6.78231 6.79689 6.68237 6.59138 6.59498 6.54728 6.47713 6.43237 6.46324 6.49583 6.41260 6.22354
-99999.00000 -99999.00000 -99999.00000 -99999.00000 -99999.00000 6.52944 6.50424 6.48070 6.47054 6.46231 6.49724 6.59251 6.66363 6.71967 6.83965 6.79985 6.78779 6.78722 6.97985 7.18624 7.25261 7.26626 7.25467 7.23055 7.14102 6.98977 6.87860 6.86843 6.93459 6.88973 6.75670 6.73456 6.79326 6.68419 6.66132 6.68261 6.74951 6.61767 6.56331 6.54793 6.56708 6.60114 6.58112 6.50286 6.43911 6.37203 6.34488 6.41005 6.47195 6.59642 6.75361 6.78274 6.81658 6.82872 6.77447 6.69280 6.63306 6.62523 6.58981 6.57413 6.62119 6.61566 6.57233 6.48984 6.32231 6.24648
-99999.00000 -99999.00000 -99999.00000 -99999.00000 -99999.00000 6.47059 6.50339 6.55504 6.56260 6.49149 6.49606 6.58846 6.66701 6.74877 6.86500 6.80170 6.73403 6.75645 6.85043 7.12912 7.23514 7.24048 7.23350 7.22573 7.17493 7.05695 6.93475 6.86063 6.83359 6.79059 6.75107 6.78151 6.83296 6.69430 6.64017 6.67886 6.72811 6.62535 6.54366 6.52263 6.53033 6.55066 6.55828 6.50818 6.45662 6.40932 6.39624 6.43760 6.51063 6.60566 6.64332 6.65177 6.70760 6.78722 6.68445 6.58687 6.54978 6.61161 6.69410 6.73919 6.71031 6.62973 6.55595 6.46595 6.33665 6.42678
-99999.00000 -99999.00000 -99999.00000 -99999.00000 -99999.00000 6.50277 6.54386 6.65452 6.67422 6.51832 6.51609 6.59860 6.63700 6.70985 6.77221 6.70284 6.63733 6.65348 6.87643 7.09366 7.17079 7.18602 7.19362 7.21066 7.20179 7.13501 7.02423 6.92046 6.86341 6.82537 6.79167 6.77225 6.73667 6.62004 6.56290 6.59897 6.68752 6.67727 6.61134 6.56888 6.55393 6.57683 6.59422 6.55275 6.52533 6.54411 6.52272 6.50113 6.53964 6.56495 6.56267 6.57086 6.60189 6.68186 6.60911 6.55714 6.55225 6.57692 6.75389 6.68941 6.58757 6.53460 6.50695 6.48523 6.43723 6.43909
-99999.00000 -99999.00000 -99999.00000 -99999.00000 -99999.00000 6.53626 6.51737 6.58372 6.66159 6.53984 6.53573 6.60006 6.59175 6.58905 6.69622 6.54724 6.54360 6.62669 6.76309 6.90031 6.99002 7.06548 7.13735 7.18769 7.20461 7.19223 7.11539 7.00355 6.91901 6.87727 6.80811 6.70563 6.61894 6.52707 6.47187 6.50881 6.64647 6.73441 6.67443 6.61247 6.58887 6.63632 6.71237 6.68693 6.67210 6.71509 6.65205 6.58673 6.59329 6.57872 6.56293 6.55568 6.54387 6.57896 6.56595 6.58100 6.59354 6.59250 6.74166 6.61682 6.55482 6.55141 6.55565 6.57902 6.57970 6.50020
-99999.00000 -99999.00000 -99999.00000 -99999.00000 -99999.00000 6.57730 6.51182 6.49194 6.54226 6.51469 6.54279 6.64250 6.60875 6.53671 6.62647 6.49096 6.50767 6.54153 6.57596 6.64567 6.74655 6.88254 7.03365 7.14514 7.19214 7.19418 7.12921 7.00443 6.87533 6.82978 6.78254 6.61899 6.51886 6.46294 6.41867 6.41332 6.52835 6.64978 6.59458 6.55792 6.55032 6.61253 6.72806 6.73477 6.71046 6.72512 6.76054 6.75281 6.71941 6.67161 6.66254 6.63261 6.56894 6.55584 6.56882 6.62644 6.57358 6.58177 6.68575 6.59713 6.60709 6.64614 6.63256 6.69701 6.66968 6.50961
-99999.00000 -99999.00000 -99999.00000 -99999.00000 -99999.00000 6.42938 6.36256 6.38071 6.44962 6.44021 6.47133 6.63588 6.62571 6.52155 6.58394 6.47295 6.50979 6.50444 6.49561 6.52459 6.59308 6.70502 6.87575 7.05080 7.15754 7.15352 7.03471 6.84854 6.69074 6.62567 6.67195 6.54576 6.44330 6.43827 6.45503 6.36024 6.42795 6.52855 6.50511 6.49394 6.46346 6.52366 6.65849 6.76326 6.80042 6.80839 6.79069 6.80262 6.80743 6.80682 6.85193 6.80028 6.69348 6.63126 6.63988 6.67797 6.53412 6.56081 6.67702 6.60583 6.63504 6.62740 6.57586 6.67992 6.67983 6.49738
-99999.00000 -99999.00000 -99999.00000 -99999.00000 -99999.00000 6.30946 6.28506 6.36967 6.43730 6.39391 6.38679 6.58770 6.60245 6.49969 6.57898 6.41574 6.49261 6.51208 6.49586 6.49915 6.52413 6.57956 6.71160 6.93395 7.09972 7.07707 6.86858 6.65343 6.53944 6.47108 6.46505 6.47484 6.44646 6.47299 6.51850 6.41582 6.44945 6.50485 6.49473 6.46636 6.38683 6.44822 6.59936 6.79741 6.96678 7.03037 6.94096 6.79069 6.76514 6.86858 6.98830 6.95924 6.86187 6.76841 6.74486 6.68961 6.55433 6.57484 6.76464 6.65733 6.64471 6.62925 6.55252 6.65859 6.68889 6.55626
-99999.00000 -99999.00000 -99999.00000 -99999.00000 -99999.00000 6.36366 6.42385 6.51298 6.52882 6.43488 6.35973 6.50869 6.58790 6.52548 6.52835 6.36438 6.48547 6.55067 6.54113 6.52303 6.50944 6.51221 6.58001 6.77367 7.00135 6.96091 6.69739 6.53019 6.48046 6.48614 6.45290 6.50534 6.58277 6.59236 6.53308 6.49981 6.59057 6.53345 6.49715 6.45031 6.34283 6.36017 6.47445 6.63479 6.88239 7.06483 7.05525 6.82313 6.72636 6.79683 6.87736 6.95909 6.96782 6.88657 6.76931 6.63738 6.57631 6.62673 6.72495 6.66818 6.57160 6.58593 6.58567 6.70611 6.75552 6.66881
-99999.00000 -99999.00000 -99999.00000 -99999.00000 -99999.00000 6.55870 6.65660 6.75740 6.67328 6.50694 6.39598 6.46676 6.57199 6.57676 6.51139 6.37832 6.53657 6.64481 6.61416 6.57915 6.54823 6.50507 6.50164 6.60461 6.81307 6.77701 6.57277 6.48539 6.50835 6.61387 6.63386 6.65249 6.79252 6.77378 6.65048 6.60568 6.61197 6.49608 6.46631 6.44156 6.33806 6.32725 6.41283 6.51475 6.66351 6.87275 7.02244 6.90505 6.75497 6.71649 6.71726 6.76241 6.84101 6.87718 6.70204 6.57481 6.58678 6.70165 6.73148 6.65930 6.55074 6.66724 6.69173 6.70745 6.78069 6.78147
-99999.00000 -99999.00000 -99999.00000 -99999.00000 -99999.00000 6.64674 6.71663 6.78121 6.66863 6.53100 6.47154 6.52709 6.67185 6.66641 6.53761 6.36312 6.48816 6.73830 6.69109 6.63978 6.64125 6.56500 6.48805 6.49386 6.59934 6.59911 6.50021 6.48154 6.56030 6.72535 6.78016 6.77549 6.87036 6.79527 6.60020 6.47845 6.48323 6.46803 6.47004 6.45312 6.33427 6.34885 6.44505 6.52826 6.59503 6.69792 6.85151 6.95011 6.88139 6.82679 6.77972 6.72181 6.71589 6.71781 6.58748 6.54066 6.60812 6.72075 6.73279 6.73238 6.54739 6.58996 6.68857 6.72225 6.74092 6.72137
