mrvbf_slope0.8_pctl0.5.asc
NCOLS 410
NROWS 410
XLLCORNER 2398750.0000000000000000
YLLCORNER 2548750.0000000000000000
CELLSIZE 250.0000000000000000
NODATA_VALUE -99999.00000
[rows 203 to 231 of 410, columns 132 to 197 of 410]
0.61738 0.61924 0.69637 1.18312 1.50844 1.65590 2.25598 2.93986 3.53752 3.87583 3.98813 4.29186 4.91834 5.18897 4.90242 4.68753 4.55837 4.80859 4.95874 5.27657 5.81507 5.97043 5.82351 5.93772 6.22452 6.41446 6.44356 6.56201 6.32790 6.25848 6.10358 6.00980 5.96795 5.85393 5.68320 5.62441 5.78812 6.15559 6.48903 6.78987 6.94850 6.88336 6.78796 6.62335 6.44445 6.34979 6.36256 6.23863 6.11460 6.07567 6.11752 6.23605 6.35039 6.49313 6.63808 6.71535 6.66267 6.65730 6.65434 6.66998 6.70736 6.73544 6.77248 6.82994 6.91264 7.02524
0.69153 0.70627 0.86600 1.42658 1.66306 1.80070 2.20912 2.68721 3.36606 3.81917 4.02701 4.24313 4.78948 5.16695 5.12299 5.14180 5.04710 5.00442 5.02206 5.34695 5.91423 6.04240 5.93784 6.03992 6.27902 6.50383 6.58715 6.65020 6.35318 6.15079 6.01853 6.05630 6.14993 6.05211 5.82065 5.56631 5.59867 5.89011 6.21859 6.56272 6.89319 7.04394 7.02276 6.93109 6.79392 6.58360 6.37143 6.21275 6.13068 6.12826 6.23069 6.41746 6.56869 6.72686 6.88330 6.96407 6.97910 6.96894 6.96165 6.99325 7.04376 7.06415 7.08030 7.10767 7.14140 7.16750
0.94997 0.96864 1.10262 1.56400 1.92636 2.10743 2.33169 2.61865 3.18087 3.66566 3.94942 4.14447 4.60200 5.06143 5.20687 5.16283 5.06639 4.97652 5.09194 5.47396 6.06373 6.11269 5.99694 6.12111 6.35367 6.52913 6.53775 6.48571 6.42530 6.13414 5.85130 5.98108 6.24518 6.37806 6.24683 5.81446 5.68783 5.89397 6.14778 6.39655 6.73543 6.99081 7.04353 7.02316 6.96488 6.75471 6.45792 6.27209 6.22899 6.26509 6.38332 6.54579 6.67829 6.80536 6.92877 7.04090 7.13404 7.16339 7.16327 7.17408 7.17790 7.18083 7.18150 7.17913 7.19605 7.20721
1.24189 1.16984 1.44555 2.02812 2.26447 2.31192 2.42003 2.60144 3.03359 3.53058 3.89875 4.12927 4.43650 4.87098 5.11504 5.07850 5.01765 5.05125 5.26639 5.63734 6.09459 6.01669 5.93240 6.03363 6.20229 6.46834 6.42007 6.29465 6.38777 6.20521 5.75900 5.74646 5.96909 6.22077 6.15886 5.82679 5.77353 6.03615 6.29195 6.43213 6.67409 6.93151 7.04577 7.05227 6.95831 6.73378 6.49279 6.35416 6.34598 6.42927 6.54427 6.60057 6.63789 6.75368 6.92637 7.10192 7.21128 7.24454 7.24393 7.23690 7.22714 7.22370 7.21574 7.20111 7.20131 7.19151
1.70062 1.76427 2.23171 2.43682 2.44959 2.42607 2.45847 2.57225 2.90437 3.43452 3.83564 4.09354 4.31919 4.59857 4.84093 4.95492 5.05051 5.20578 5.41045 5.69014 5.95281 5.89030 5.85184 5.92802 6.19783 6.50147 6.46626 6.27656 6.19259 6.17647 5.74841 5.48097 5.57329 5.65259 5.61153 5.57824 5.78105 6.16261 6.37569 6.48751 6.66873 6.86877 6.95126 6.91615 6.82132 6.65580 6.48122 6.40405 6.46845 6.58108 6.62855 6.55182 6.52039 6.66945 6.94301 7.15283 7.23982 7.25859 7.26188 7.25501 7.24395 7.22218 7.17345 7.12721 7.12836 7.14641
2.59456 2.59373 2.65932 2.56978 2.51221 2.47075 2.46700 2.54322 2.80384 3.37095 3.74461 3.88237 4.06032 4.36464 4.64300 4.88440 5.11946 5.33912 5.50656 5.63703 5.79874 5.93339 5.79774 5.68940 5.93744 6.35602 6.38405 6.19636 5.94412 5.88495 5.65626 5.31171 5.34276 5.44116 5.44515 5.52638 5.76832 6.07326 6.29065 6.45959 6.62695 6.75200 6.76719 6.68218 6.63962 6.68270 6.53333 6.41012 6.49956 6.62809 6.58341 6.40612 6.34852 6.58059 6.97173 7.17575 7.21566 7.20900 7.22449 7.23190 7.21021 7.13358 6.99987 6.91544 6.92378 6.99014
3.66135 3.25860 2.88191 2.63908 2.54126 2.48557 2.46803 2.52540 2.71231 3.23475 3.59832 3.65756 3.82299 4.20716 4.53513 4.83984 5.16368 5.40552 5.52942 5.58758 5.66578 5.75131 5.67602 5.54965 5.74491 6.07326 6.05378 5.83491 5.66629 5.53108 5.36056 5.19506 5.37475 5.47453 5.51632 5.63069 5.77898 5.95611 6.20110 6.45772 6.63172 6.70718 6.69003 6.62348 6.61968 6.75433 6.53646 6.29033 6.40632 6.61408 6.51787 6.21733 6.11001 6.47133 6.99941 7.14511 7.10328 7.06910 7.09722 7.14696 7.10829 6.92381 6.72537 6.67188 6.68096 6.72144
2.91881 2.96210 2.79722 2.62978 2.53381 2.47554 2.45501 2.50557 2.64089 3.01952 3.43245 3.52067 3.62477 3.96380 4.35258 4.69296 5.05311 5.31330 5.45737 5.54908 5.58692 5.54331 5.47461 5.53662 5.90978 5.96023 5.78416 5.66157 5.56480 5.41330 5.31406 5.33393 5.44242 5.53379 5.64746 5.79739 5.86698 5.97254 6.19353 6.49677 6.71880 6.79071 6.73371 6.71218 6.70540 6.61801 6.35468 6.06503 6.32016 6.71629 6.62890 6.14916 5.93606 6.34492 6.97449 7.03895 6.92299 6.82852 6.81050 6.90492 6.86547 6.62562 6.51641 6.57849 6.56393 6.50679
2.38471 2.52871 2.58001 2.53714 2.46449 2.41821 2.39073 2.44739 2.58587 2.83503 3.26124 3.42238 3.50731 3.74727 4.10277 4.45018 4.83523 5.15470 5.34076 5.44697 5.46940 5.44242 5.51083 5.71441 5.98422 5.89143 5.76455 5.66237 5.59870 5.52659 5.51625 5.51423 5.48469 5.58175 5.75262 5.92089 6.00919 6.07875 6.22471 6.48677 6.77743 6.94720 6.88223 6.71762 6.66345 6.63460 6.28810 5.88838 6.22566 6.86824 6.87095 6.27140 5.91788 6.20873 6.82381 6.81640 6.59267 6.47741 6.40646 6.46206 6.50763 6.45364 6.54210 6.72307 6.67421 6.52630
1.59453 1.69715 1.86953 2.02400 2.18546 2.23984 2.22996 2.30355 2.50414 2.68265 2.98927 3.26259 3.39894 3.60491 3.91742 4.24843 4.64348 4.99944 5.20490 5.31294 5.37112 5.45114 5.64402 5.80330 5.88808 5.83504 5.76782 5.65028 5.62216 5.66737 5.65405 5.57249 5.54712 5.59486 5.75270 6.00061 6.20270 6.25930 6.30284 6.43071 6.65225 6.91778 7.04750 6.98699 6.90827 6.98376 6.61336 5.93070 6.01163 6.73970 6.96813 6.52762 6.14613 6.17599 6.41376 6.26101 6.11476 6.13144 6.13083 6.19672 6.41611 6.63711 6.79219 6.94597 6.89461 6.76561
1.34025 1.34576 1.41169 1.47498 1.58939 1.78679 1.92679 2.03863 2.32878 2.55069 2.70440 2.97868 3.24026 3.45929 3.74786 4.07358 4.47156 4.86361 5.09597 5.24034 5.37530 5.53410 5.60535 5.66683 5.61613 5.59738 5.62144 5.60355 5.60517 5.61460 5.57606 5.56983 5.60437 5.65491 5.80814 6.15123 6.48034 6.53865 6.48601 6.45925 6.50156 6.65710 6.88329 7.03162 7.12165 7.12225 6.72018 6.07747 6.04721 6.50081 6.80146 6.66591 6.54493 6.58662 6.38231 6.06222 6.03553 6.13727 6.20387 6.31536 6.64670 6.96421 6.97902 6.96916 6.96839 6.99271
1.10398 1.15135 1.19462 1.30871 1.37125 1.49678 1.62162 1.75969 2.02335 2.36549 2.56120 2.73197 3.04852 3.30982 3.57382 3.90431 4.28335 4.73402 5.04293 5.25633 5.43937 5.59408 5.56097 5.58866 5.42837 5.42188 5.51078 5.59995 5.61035 5.55969 5.56475 5.64818 5.74457 5.82981 5.96688 6.26183 6.62790 6.80921 6.77881 6.66658 6.58326 6.53977 6.57181 6.67205 6.90846 7.05379 6.71531 6.27773 6.22314 6.29093 6.37789 6.45568 6.67981 6.93714 6.67849 6.40450 6.49058 6.62993 6.57287 6.43309 6.60823 6.96750 7.04734 7.04364 7.08066 7.10971
0.92774 0.99020 0.98632 1.05034 1.14710 1.29257 1.43695 1.60212 1.76390 2.07603 2.40539 2.60968 2.89161 3.24875 3.48166 3.77921 4.13140 4.60708 5.00139 5.26591 5.45395 5.49600 5.43777 5.42997 5.27815 5.34080 5.53379 5.63120 5.66155 5.59653 5.63944 5.80537 5.98771 6.09870 6.13681 6.23279 6.46888 6.76868 6.96387 6.94569 6.87112 6.80431 6.72536 6.67136 6.71333 6.93522 6.96389 6.59957 6.40654 6.32097 6.28612 6.39236 6.67142 6.80360 6.47683 6.37880 6.76864 7.00229 6.58640 6.31099 6.73695 7.12945 7.21624 7.23138 7.24899 7.24797
0.80761 0.82379 0.78379 0.79244 0.86900 1.04662 1.25753 1.48963 1.65255 1.82741 2.15594 2.50160 2.73850 3.18693 3.49502 3.71277 3.98144 4.40219 4.75375 4.95804 5.27096 5.33916 5.23953 5.23978 5.23178 5.38538 5.57123 5.65109 5.75093 5.70656 5.69107 5.87721 6.16901 6.30053 6.26369 6.22925 6.30932 6.54285 6.86211 7.05548 7.01074 6.92357 6.84677 6.80081 6.87976 6.98641 6.98937 6.88275 6.91893 6.84321 6.78525 6.81837 6.98511 6.97244 6.54331 6.22795 6.54792 6.79974 6.41443 6.49811 7.02789 7.21831 7.26239 7.28079 7.29135 7.28972
0.73594 0.71383 0.69160 0.71560 0.74574 0.87090 1.11206 1.38267 1.56679 1.65268 1.82793 2.36652 2.67486 3.13716 3.49399 3.64713 3.75301 4.08415 4.33416 4.61617 4.87866 5.04599 5.19930 5.29872 5.30918 5.40792 5.55981 5.64432 5.76574 5.85021 5.72710 5.89544 6.29208 6.44077 6.45543 6.39437 6.30989 6.38460 6.69010 6.94894 6.87410 6.81778 6.88306 6.97336 7.09449 7.11959 7.00786 6.96682 7.06788 7.15333 7.12421 7.04130 7.15209 7.14724 6.79861 6.41770 6.52131 6.65481 6.51510 6.75941 7.13023 7.23688 7.26289 7.28195 7.29118 7.28434
0.65688 0.63936 0.64196 0.65511 0.68914 0.77496 1.00605 1.28022 1.49013 1.57066 1.63363 2.11246 2.57241 2.87539 3.40190 3.63571 3.80266 4.08783 4.25713 4.71648 4.92191 5.06726 5.35274 5.47150 5.41341 5.53932 5.65590 5.68139 5.72504 5.94225 5.75265 5.85052 6.28865 6.55010 6.68127 6.68169 6.51272 6.39110 6.59581 6.82650 6.80669 6.93479 7.10199 7.19954 7.22731 7.13950 7.03322 7.09324 7.06467 7.15991 7.10453 7.07699 7.04699 7.10350 6.80847 6.60781 6.68638 6.63000 6.64625 6.90379 7.16487 7.24533 7.26887 7.28426 7.28461 7.25520
0.56541 0.55469 0.55782 0.56435 0.61613 0.70014 0.91598 1.20061 1.39750 1.51676 1.60040 1.88700 2.42643 2.66889 3.06805 3.52437 3.96466 4.38373 4.56795 4.93721 5.13462 5.26588 5.45829 5.59917 5.52478 5.52468 5.62625 5.67894 5.61154 5.72879 5.76114 5.79878 6.14183 6.46267 6.64980 6.73785 6.65136 6.49120 6.61209 6.82951 6.93323 7.10879 7.21033 7.25912 7.24035 7.12224 6.99525 7.07141 6.99245 7.08052 7.05969 6.94386 6.87226 6.90414 6.84404 6.85605 6.87236 6.82703 6.91471 7.12309 7.22301 7.25675 7.27206 7.26998 7.24860 7.20713
0.45481 0.42142 0.45398 0.47826 0.52043 0.62253 0.78101 1.14099 1.36310 1.50535 1.59150 1.76304 2.29287 2.58182 2.80760 3.28530 3.77742 4.36460 4.59248 4.97984 5.23757 5.40315 5.46786 5.59267 5.51422 5.45008 5.51053 5.55885 5.48466 5.48637 5.55846 5.69481 5.99252 6.22187 6.28610 6.37277 6.35004 6.23669 6.41772 6.74559 6.90729 7.06288 7.14824 7.20699 7.18362 6.97377 6.71448 6.75878 6.74419 6.91971 6.91922 6.63665 6.52656 6.59037 6.81040 7.06648 7.12580 7.14209 7.17779 7.22732 7.25099 7.26037 7.25362 7.22554 7.18416 7.12335
0.41043 0.45048 0.41847 0.44485 0.51979 0.60284 0.74255 1.05001 1.33314 1.48643 1.55048 1.65148 2.12347 2.51821 2.70029 3.03775 3.68937 4.14018 4.59192 4.89568 5.12627 5.38768 5.50668 5.52374 5.41063 5.40397 5.43154 5.49532 5.47089 5.43820 5.49437 5.69193 6.01785 6.19645 6.09546 6.00558 5.90209 5.83086 5.92873 6.15490 6.48916 6.75431 6.88859 7.03765 7.05499 6.65165 6.33243 6.44272 6.40692 6.60641 6.39585 6.10525 6.26862 6.43262 6.63903 6.96988 7.16968 7.21993 7.21410 7.21453 7.23296 7.23031 7.20206 7.15347 7.06287 6.86385
0.47487 0.42393 0.48073 0.55738 0.62446 0.70840 0.91915 1.13617 1.33751 1.46933 1.49699 1.58191 1.92139 2.40181 2.62896 2.92844 3.71855 4.14773 4.57394 4.90631 5.08959 5.25783 5.45452 5.48379 5.36693 5.35820 5.35716 5.48757 5.59577 5.60037 5.69270 5.93183 6.22186 6.37072 6.22635 6.02246 5.83128 5.82526 5.98277 5.98849 6.24532 6.60657 6.75508 6.85136 6.88501 6.37445 6.15878 6.48333 6.34808 6.55308 6.22996 6.17219 6.46781 6.47813 6.46238 6.72595 7.04609 7.12448 7.06765 7.05700 7.12209 7.15116 7.12575 7.03879 6.78268 6.28457
0.59250 0.58067 0.61676 0.67687 0.78715 0.95602 1.17038 1.34204 1.33187 1.36764 1.47651 1.63091 1.85735 2.25442 2.57177 2.86389 3.69544 4.19455 4.60794 5.00888 5.13218 5.24044 5.52600 5.64881 5.40212 5.20405 5.16337 5.40604 5.71751 5.82417 5.88280 6.04669 6.39363 6.55668 6.29567 5.95773 5.86588 6.07598 6.35628 6.10375 6.16159 6.48478 6.64886 6.79220 6.86528 6.35675 6.11963 6.53224 6.36799 6.50529 6.31400 6.10658 6.49772 6.64767 6.44976 6.50816 6.81793 6.92615 6.90230 6.89619 6.91062 6.99328 7.01199 6.86433 6.31920 5.79680
0.54437 0.60407 0.70267 0.94923 1.23932 1.24982 1.22367 1.28561 1.21407 1.22988 1.42565 1.64910 1.94114 2.28067 2.55871 2.82599 3.65690 4.24076 4.66496 5.07272 5.13390 5.26642 5.54021 5.64843 5.39330 5.11472 5.07841 5.35750 5.73961 5.89216 5.86568 6.08751 6.53740 6.67486 6.42176 5.89223 5.78362 6.13349 6.25709 5.95259 6.05039 6.46996 6.67070 6.63323 6.64387 6.26380 6.13590 6.53226 6.38494 6.41732 6.51309 6.30066 6.43386 6.77164 6.53701 6.34830 6.52838 6.75217 6.84171 6.84333 6.71250 6.67064 6.70215 6.57608 5.96569 5.60747
0.55252 0.63486 0.78444 1.30218 1.55562 1.36560 0.88621 0.83095 0.94275 1.12539 1.40411 1.65058 2.00230 2.36479 2.60201 2.89505 3.67741 4.24349 4.69764 4.99824 5.07336 5.22262 5.40627 5.36321 5.20311 5.04041 5.02837 5.31618 5.70073 5.82638 5.81738 6.08918 6.55706 6.62029 6.21694 5.67390 5.66795 6.03842 6.00280 5.76102 6.03485 6.39247 6.16350 5.94127 5.92587 5.87222 6.03475 6.47020 6.40014 6.21310 6.21099 6.25527 6.57335 6.79873 6.62726 6.28548 6.25722 6.49599 6.72734 6.67243 6.40883 6.13210 6.04577 6.06668 5.75111 5.53223
0.67368 0.75360 0.82995 1.22889 1.27063 1.04258 0.84111 0.81722 0.95541 1.21281 1.47511 1.72326 2.18340 2.50910 2.68100 3.06197 3.71115 4.25746 4.73755 4.88675 5.00882 5.19123 5.19205 5.11131 5.12125 5.06392 5.06033 5.38990 5.68828 5.73115 5.77800 6.03881 6.43624 6.28910 5.70531 5.49097 5.71100 6.07561 5.91377 5.65293 5.90765 6.01911 5.78102 5.74028 5.73557 5.88329 6.23718 6.61117 6.60982 6.41865 6.31602 6.45307 6.73186 6.79694 6.65706 6.39978 6.15191 6.20836 6.34741 6.21034 5.95890 5.82706 5.83513 5.99277 5.93472 5.60929
1.14724 1.12015 1.20258 1.42666 1.42405 1.32963 1.21715 1.29892 1.36268 1.44399 1.57627 1.81621 2.31300 2.58245 2.74011 3.18857 3.70952 4.23199 4.64402 4.74274 4.94636 5.10287 5.01844 5.11349 5.23640 5.21322 5.23064 5.51811 5.78952 5.69558 5.71405 5.87748 6.08709 5.84713 5.53028 5.58470 5.91200 6.18605 5.91398 5.69513 5.93067 5.96474 5.85388 6.05746 6.16844 6.32218 6.59914 6.69700 6.73754 6.70192 6.62533 6.63476 6.77228 6.79363 6.58467 6.50407 6.17110 6.04776 5.95036 5.78680 5.72545 5.82738 5.94307 6.11501 6.34964 5.89710
1.57841 1.55931 1.48602 1.56330 1.61571 1.64778 1.65743 1.64170 1.56672 1.56558 1.64666 1.86854 2.29462 2.56113 2.72604 3.19067 3.64668 4.14108 4.55902 4.65780 4.86258 4.95543 4.98425 5.18792 5.36937 5.36911 5.35056 5.59881 5.97974 5.80899 5.66144 5.72607 5.87666 5.76933 5.61654 5.71798 6.06176 6.26678 5.90007 5.73463 6.06243 6.18881 6.05111 6.29224 6.57844 6.55495 6.55590 6.56025 6.63406 6.67795 6.64598 6.59586 6.60146 6.49438 6.22462 6.14272 6.00782 5.88042 5.67889 5.58643 5.65413 5.78266 5.77670 5.97005 6.45228 6.34546
1.84584 1.66466 1.38561 1.40398 1.49845 1.53835 1.50048 1.52298 1.52109 1.53772 1.62486 1.84473 2.22673 2.51108 2.69160 3.11198 3.65842 4.09047 4.53605 4.65298 4.83324 4.87157 4.99863 5.28259 5.52314 5.52784 5.39450 5.58178 6.10774 6.09168 5.83081 5.80779 5.97024 5.88661 5.75969 5.84318 6.14531 6.36417 5.92427 5.68392 6.03796 6.28531 6.13619 6.34109 6.57696 6.43151 6.32627 6.28867 6.51752 6.71083 6.50713 6.06664 6.10381 6.08873 5.85606 5.76122 5.70500 5.65544 5.55609 5.58530 5.70343 5.70845 5.53949 5.57201 6.01566 6.14734
1.51738 1.02900 0.70637 0.79775 1.07450 1.16855 0.98495 0.96381 1.20379 1.37857 1.52860 1.75698 2.13284 2.43416 2.63250 2.94181 3.63281 4.12487 4.52864 4.71307 4.78650 4.87860 5.14036 5.47875 5.66630 5.64536 5.46353 5.60708 6.03986 6.13633 5.91588 5.90405 6.10537 5.91704 5.87243 6.07181 6.25276 6.23709 5.99055 5.76731 6.08967 6.36058 6.19106 6.30034 6.36480 6.05302 5.76743 5.71411 5.93768 6.27439 5.87245 5.65645 5.91990 6.10876 5.89319 5.77303 5.64610 5.62322 5.70438 5.86836 5.95936 5.83436 5.54916 5.38728 5.58225 5.58442
0.80169 0.58409 0.57573 0.62485 0.87621 1.27283 1.06585 0.74225 0.86385 1.20942 1.45648 1.67159 2.01887 2.31088 2.54637 2.81350 3.58202 4.14265 4.47717 4.61039 4.71911 4.99921 5.37902 5.72730 5.80689 5.71902 5.65437 5.78486 5.99469 6.04545 5.96976 5.95485 5.84795 5.76761 5.95874 6.36957 6.36107 6.08282 5.95088 6.11011 6.44845 6.53518 6.22890 6.16227 6.12682 5.86552 5.63898 5.50499 5.46872 5.61873 5.49642 5.71388 5.91046 6.20410 5.85840 5.72529 5.73999 5.79392 6.05961 6.26819 6.21955 6.00043 5.63331 5.32807 5.41779 5.32882
