mrvbf_slope1_pctl1.5.asc
NCOLS 410
NROWS 410
XLLCORNER 2398750.0000000000000000
YLLCORNER 2548750.0000000000000000
CELLSIZE 250.0000000000000000
NODATA_VALUE -99999.00000
[rows 203 to 231 of 410, columns 132 to 197 of 410]
0.27483 0.33357 0.50594 0.73502 1.36056 1.52925 2.26152 4.50171 5.29758 5.46510 5.51708 5.60710 5.83073 6.02713 5.86287 5.76939 5.71899 5.83566 5.92847 6.23397 6.83310 6.93016 6.84886 6.92556 7.05514 7.11711 7.12523 7.16371 7.09869 7.07606 7.01728 6.97479 6.95293 6.88876 6.75957 6.70108 6.84653 7.04225 7.15597 7.23642 7.27495 7.26109 7.23804 7.19669 7.14593 7.11413 7.11460 7.06785 7.01391 6.99264 7.00880 7.05535 7.09502 7.13905 7.17873 7.19747 7.18147 7.17751 7.17405 7.17573 7.18355 7.18923 7.19786 7.21243 7.23394 7.26338
0.38869 0.40114 0.58799 1.07403 1.47201 1.55110 2.06764 3.74626 5.11400 5.41815 5.50267 5.57402 5.75012 5.97423 5.97752 6.01895 5.96391 5.94349 5.96381 6.31060 6.87475 6.95051 6.90697 6.96396 7.06223 7.13333 7.15640 7.17501 7.09424 7.02423 6.96691 6.98178 7.01712 6.97805 6.85488 6.62153 6.65949 6.90524 7.06175 7.17264 7.25715 7.29289 7.28820 7.26667 7.23312 7.17725 7.11078 7.05002 7.01189 7.00736 7.04720 7.11151 7.15692 7.19987 7.23906 7.25826 7.26118 7.25737 7.25376 7.25962 7.27007 7.27356 7.27661 7.28299 7.29148 7.29816
0.48045 0.40565 0.58331 1.38762 1.64838 1.79453 2.29860 3.38738 4.80337 5.32092 5.45374 5.52563 5.66193 5.87137 6.00587 6.00555 5.95667 5.90943 6.00722 6.45833 6.92659 6.96493 6.92314 6.98468 7.07298 7.12837 7.13237 7.11947 7.10248 7.00324 6.86083 6.93202 7.03444 7.07297 7.03756 6.83911 6.73879 6.89562 7.02402 7.11588 7.21272 7.27614 7.28967 7.28443 7.26881 7.21635 7.13140 7.06479 7.04442 7.05548 7.09586 7.14608 7.18342 7.21712 7.24860 7.27645 7.29870 7.30496 7.30369 7.30448 7.30358 7.30262 7.30146 7.29991 7.30337 7.30530
0.53361 0.43946 0.79079 1.72079 1.97391 2.13377 2.49893 3.20128 4.43497 5.18345 5.40317 5.49344 5.58974 5.74583 5.89845 5.91261 5.90064 5.94438 6.16183 6.61302 6.91973 6.90433 6.87317 6.93084 7.00673 7.09731 7.08595 7.04717 7.07600 7.01319 6.77924 6.76856 6.90641 7.00818 6.99220 6.83372 6.79833 6.96013 7.06754 7.11785 7.18962 7.25609 7.28450 7.28616 7.26346 7.20622 7.13557 7.08694 7.08098 7.10713 7.14177 7.15734 7.16701 7.19855 7.24420 7.28931 7.31621 7.32343 7.32227 7.31878 7.31430 7.31111 7.30713 7.30177 7.30018 7.29578
1.32935 1.00739 1.72889 2.43448 2.47496 2.43155 2.56107 2.96679 4.02152 5.01201 5.33495 5.44981 5.53119 5.62559 5.73080 5.81115 5.89651 6.04906 6.30566 6.63206 6.83110 6.81856 6.80770 6.85993 6.98778 7.08735 7.08180 7.02467 6.99310 6.98078 6.75114 6.46634 6.58177 6.66667 6.62794 6.59288 6.78960 7.00291 7.08538 7.12568 7.18055 7.23450 7.25701 7.24983 7.22564 7.17971 7.12524 7.09703 7.11606 7.14952 7.16185 7.13639 7.12389 7.16770 7.24307 7.29817 7.32024 7.32456 7.32326 7.31892 7.31329 7.30531 7.29048 7.27536 7.27316 7.27595
3.88616 3.64661 3.76758 3.05833 2.66884 2.52868 2.54070 2.75796 3.62162 4.81445 5.22984 5.34104 5.43046 5.53456 5.63376 5.74814 5.91149 6.14634 6.38007 6.55517 6.71533 6.81902 6.75156 6.67311 6.85271 7.02495 7.03544 6.97433 6.86148 6.82252 6.64793 6.21370 6.25537 6.39347 6.40082 6.51268 6.76360 6.95180 7.04663 7.10843 7.16170 7.19882 7.20524 7.18296 7.17059 7.18084 7.13421 7.09167 7.12009 7.15889 7.14276 7.07972 7.05448 7.13203 7.24385 7.29830 7.31018 7.30761 7.30817 7.30550 7.29706 7.27465 7.23395 7.20560 7.20469 7.22145
5.21354 4.95361 4.39294 3.28077 2.67912 2.52980 2.51954 2.63947 3.21052 4.44328 5.03352 5.15822 5.29787 5.46082 5.57305 5.69856 5.90254 6.16551 6.35951 6.47365 6.58399 6.67784 6.63372 6.51064 6.70664 6.90238 6.89552 6.77713 6.64332 6.49593 6.26723 6.05437 6.28311 6.42000 6.47899 6.61656 6.75615 6.87965 7.00202 7.09862 7.15543 7.18028 7.17758 7.15878 7.15771 7.19446 7.12764 7.03826 7.08051 7.14872 7.11446 6.99407 6.93799 7.08593 7.24321 7.28361 7.27356 7.26147 7.26537 7.27413 7.26086 7.20586 7.14063 7.11872 7.11751 7.12689
4.47500 4.37283 3.85516 2.96472 2.56870 2.49086 2.49434 2.57172 2.87427 3.84775 4.69121 4.92625 5.09865 5.34157 5.49281 5.61744 5.79832 6.03387 6.23983 6.39285 6.47681 6.46239 6.39558 6.47803 6.79458 6.82671 6.72169 6.62005 6.51818 6.32531 6.18992 6.21396 6.35871 6.47874 6.61043 6.74679 6.80526 6.87669 6.98816 7.10159 7.17190 7.19660 7.18314 7.17770 7.17615 7.14839 7.05590 6.92146 7.03735 7.17330 7.14306 6.94952 6.82123 7.02820 7.22870 7.24715 7.21273 7.18096 7.17150 7.19592 7.18140 7.10097 7.05709 7.07550 7.06537 7.03874
2.14225 2.40861 2.55091 2.44433 2.39041 2.40421 2.42869 2.50105 2.67686 3.27807 4.19573 4.62934 4.86443 5.16830 5.38140 5.51680 5.66939 5.87145 6.07995 6.24723 6.32130 6.32102 6.41963 6.63295 6.80928 6.76700 6.68536 6.59955 6.53438 6.45143 6.43594 6.43301 6.40109 6.52259 6.69260 6.81890 6.87858 6.92118 6.99121 7.09016 7.18040 7.23139 7.21850 7.17078 7.15533 7.14583 7.01875 6.79506 6.98481 7.21254 7.21123 6.99392 6.79168 6.95723 7.17972 7.17443 7.09797 7.05156 7.01969 7.03758 7.05130 7.02595 7.05572 7.11664 7.09479 7.03452
1.57374 1.70036 1.81333 1.74794 1.98166 2.17196 2.26686 2.37944 2.55226 2.82833 3.48077 4.12566 4.54206 4.95080 5.25379 5.42406 5.57430 5.74775 5.92516 6.07445 6.18175 6.30685 6.53270 6.67405 6.73711 6.71038 6.66519 6.56801 6.53905 6.57729 6.56462 6.48813 6.46643 6.52816 6.68582 6.85750 6.96085 6.99109 7.01320 7.06368 7.13833 7.21741 7.25739 7.24352 7.22180 7.24065 7.12710 6.81034 6.85696 7.16472 7.23426 7.08536 6.91444 6.92602 7.03073 6.95958 6.88001 6.88358 6.87790 6.90730 7.00332 7.08492 7.13572 7.18372 7.16196 7.11231
1.10446 1.17984 1.28355 1.24785 1.43623 1.70450 1.90971 2.11688 2.39763 2.59298 2.84038 3.39386 4.03452 4.61699 5.07256 5.32022 5.49236 5.65726 5.81695 5.97469 6.15559 6.36782 6.47193 6.54812 6.51222 6.49726 6.52185 6.50437 6.50603 6.51582 6.47892 6.47664 6.52032 6.58009 6.71919 6.92254 7.05469 7.08173 7.07029 7.06506 7.08241 7.13530 7.20533 7.25038 7.27791 7.27502 7.15388 6.88734 6.86477 7.07223 7.17390 7.12486 7.07659 7.08792 7.00238 6.83606 6.81675 6.87191 6.90186 6.95070 7.08218 7.18957 7.19097 7.18285 7.17835 7.18250
0.81402 0.84168 0.83279 0.97220 1.09040 1.32294 1.56907 1.76431 2.09250 2.41543 2.59936 2.86766 3.48049 4.16425 4.78505 5.18153 5.40033 5.58178 5.75439 5.95216 6.18259 6.38638 6.40148 6.45113 6.28067 6.27545 6.38525 6.48365 6.49694 6.44756 6.45671 6.54729 6.63960 6.71390 6.81087 6.95991 7.09393 7.15487 7.15326 7.12428 7.10061 7.08737 7.09824 7.13030 7.20610 7.25242 7.14511 6.97495 6.94562 6.97336 7.00722 7.03461 7.11499 7.19983 7.10574 6.99471 7.02823 7.07852 7.05171 6.98810 7.05493 7.18218 7.20576 7.19903 7.20823 7.21472
0.67384 0.72524 0.68830 0.75081 0.83493 0.96327 1.24369 1.55352 1.72000 2.08662 2.42620 2.64537 3.09704 3.85813 4.51230 5.01865 5.30286 5.51250 5.70215 5.91980 6.15070 6.26156 6.24428 6.25515 6.08160 6.15870 6.39404 6.49870 6.53266 6.47549 6.52313 6.66709 6.78823 6.85607 6.88624 6.93776 7.03478 7.13648 7.19883 7.19950 7.18189 7.16445 7.14056 7.12068 7.13072 7.20646 7.21710 7.09300 7.01506 6.97394 6.95299 6.99620 7.10280 7.14599 7.01465 6.96779 7.12211 7.20134 7.04038 6.91347 7.09302 7.22912 7.25644 7.25882 7.26089 7.25598
0.57787 0.62980 0.58285 0.56766 0.60991 0.67434 0.91453 1.36307 1.51784 1.67718 2.12524 2.50685 2.81333 3.56892 4.37285 4.86369 5.17704 5.41621 5.57730 5.70589 5.95968 6.07629 6.00760 6.02055 6.01689 6.19917 6.41830 6.50384 6.59513 6.56739 6.56000 6.70677 6.86599 6.93110 6.93000 6.92473 6.96441 7.05613 7.16216 7.22394 7.21588 7.19295 7.17057 7.15499 7.17925 7.21398 7.21636 7.18066 7.19161 7.16374 7.14098 7.14953 7.20375 7.19627 7.03411 6.88065 7.02402 7.11732 6.95242 6.98911 7.18688 7.24671 7.25929 7.26378 7.26393 7.25965
0.53311 0.54782 0.50128 0.51386 0.52357 0.57965 0.78166 1.21392 1.46113 1.51230 1.75046 2.35810 2.69212 3.32867 4.17228 4.67480 4.92912 5.24355 5.39614 5.53498 5.67940 5.80585 5.95237 6.06992 6.09087 6.21342 6.39340 6.48523 6.59504 6.66272 6.57867 6.70817 6.90773 6.97292 6.99072 6.97906 6.95302 6.98737 7.09994 7.18512 7.16499 7.14971 7.17296 7.20302 7.24324 7.25201 7.21338 7.19819 7.23303 7.26112 7.24912 7.21804 7.25308 7.24637 7.12134 6.96247 7.00213 7.05182 6.98850 7.08339 7.21130 7.24200 7.25075 7.25514 7.25412 7.24668
0.46141 0.48314 0.50553 0.51764 0.50404 0.57327 0.73209 1.08388 1.38804 1.46200 1.57214 2.08717 2.56712 2.94373 3.82172 4.52365 4.90384 5.20207 5.33276 5.55561 5.68415 5.80470 6.09015 6.24698 6.20029 6.35081 6.47288 6.50463 6.54958 6.70495 6.58574 6.66540 6.89865 6.99972 7.05087 7.06333 7.01869 6.97806 7.05714 7.13696 7.13275 7.17920 7.23526 7.26842 7.27930 7.25147 7.21503 7.23496 7.22293 7.25541 7.23334 7.22145 7.20816 7.22454 7.11397 7.03049 7.05756 7.02952 7.03113 7.12582 7.21439 7.23711 7.24393 7.24572 7.24031 7.22467
0.33269 0.36838 0.38631 0.41591 0.49443 0.57199 0.68137 0.95415 1.24409 1.41722 1.53849 1.80998 2.41893 2.71017 3.23218 4.20387 4.96341 5.30668 5.43579 5.62851 5.79028 5.94666 6.18375 6.35911 6.31223 6.32323 6.43299 6.48758 6.43153 6.54394 6.57734 6.61310 6.82487 6.96188 7.03170 7.06767 7.05307 7.00567 7.05302 7.12939 7.16683 7.22600 7.25944 7.27697 7.27418 7.23707 7.19358 7.21848 7.18965 7.21857 7.20884 7.16444 7.13471 7.14256 7.11494 7.11429 7.11644 7.09459 7.12335 7.19495 7.22454 7.23239 7.23425 7.22780 7.21276 7.19113
0.16640 0.13866 0.18435 0.22536 0.31096 0.50741 0.64744 0.95833 1.22744 1.42934 1.50167 1.65446 2.26762 2.62098 2.90142 3.66498 4.70176 5.25979 5.41917 5.62706 5.84077 6.05286 6.17860 6.34170 6.28814 6.22619 6.30003 6.35703 6.27766 6.28237 6.36884 6.51121 6.73343 6.85638 6.89197 6.93367 6.93155 6.88774 6.96921 7.09265 7.14931 7.20164 7.23215 7.25308 7.24623 7.17709 7.08323 7.09774 7.08968 7.15054 7.14689 7.03739 6.98693 7.00812 7.09030 7.18294 7.20103 7.20227 7.20938 7.22038 7.22310 7.22207 7.21345 7.19486 7.17008 7.13922
0.09216 0.09686 0.12117 0.17414 0.29009 0.43105 0.58348 0.88317 1.23287 1.37986 1.40623 1.52923 2.06500 2.55872 2.78261 3.22110 4.49594 5.09114 5.39253 5.56924 5.74691 6.02011 6.19879 6.26090 6.15905 6.15864 6.19474 6.27243 6.24780 6.21057 6.28056 6.49399 6.73327 6.83076 6.78875 6.74378 6.68075 6.62822 6.69929 6.83587 6.98961 7.08941 7.13717 7.18866 7.19365 7.05000 6.91020 6.95835 6.93839 7.02072 6.92526 6.76425 6.85152 6.92575 7.00939 7.13401 7.20347 7.21574 7.20940 7.20457 7.20440 7.19535 7.17570 7.14683 7.10368 7.02099
0.13889 0.13783 0.27889 0.40602 0.49131 0.56899 0.67033 0.90618 1.20462 1.28394 1.24972 1.36115 1.79984 2.46663 2.71920 3.05909 4.43351 5.04666 5.35821 5.55335 5.70418 5.88196 6.12825 6.20460 6.09613 6.09154 6.09322 6.24896 6.37131 6.38198 6.47547 6.66090 6.82036 6.88925 6.83640 6.73775 6.61327 6.60922 6.72203 6.72452 6.86899 7.02341 7.07899 7.11347 7.12375 6.92117 6.80679 6.96340 6.89720 6.98516 6.82699 6.78896 6.93312 6.93172 6.91806 7.02449 7.14037 7.16432 7.14001 7.12997 7.14728 7.14671 7.12340 7.08001 6.97485 6.74540
0.29651 0.45574 0.53855 0.62699 0.67334 0.83173 1.00236 1.13849 1.03760 0.99477 1.16318 1.28690 1.63578 2.36797 2.68673 2.98169 4.31579 5.03135 5.34671 5.58019 5.71295 5.85015 6.18167 6.33913 6.12104 5.91153 5.87144 6.14136 6.46906 6.56130 6.60965 6.71568 6.87911 6.94165 6.85188 6.68328 6.62386 6.76169 6.90212 6.78026 6.81178 6.96206 7.02703 7.07885 7.10041 6.89926 6.77099 6.96982 6.89230 6.95008 6.85505 6.73158 6.93036 6.98873 6.89611 6.91596 7.03636 7.07186 7.05768 7.04852 7.04609 7.06557 7.05450 6.98823 6.74857 6.40341
0.19981 0.46734 0.64148 0.80132 1.08816 1.06728 0.97321 0.89332 0.76101 0.77847 1.10048 1.36391 1.81045 2.42227 2.69655 2.94861 4.19609 5.01944 5.34687 5.59194 5.69874 5.86053 6.17832 6.31483 6.09461 5.81536 5.78262 6.07247 6.47607 6.59746 6.58652 6.72575 6.91848 6.96150 6.88415 6.62400 6.54376 6.77848 6.84359 6.67092 6.73306 6.94138 7.02001 7.00397 7.00338 6.83823 6.76569 6.95410 6.88494 6.89483 6.93262 6.82444 6.88359 7.02198 6.91792 6.82267 6.89836 6.98247 7.00908 7.00124 6.94215 6.91492 6.91414 6.84888 6.51966 6.20402
0.24725 0.41636 0.57181 1.15902 1.35287 0.63089 0.35462 0.38814 0.54952 0.87037 1.29670 1.56649 2.05539 2.52312 2.74279 3.01243 4.17140 4.98102 5.33820 5.54130 5.64908 5.81499 6.03906 6.03372 5.88438 5.74086 5.72963 6.01381 6.43362 6.54118 6.53848 6.71387 6.91218 6.93141 6.78505 6.42809 6.42217 6.71003 6.68897 6.50464 6.70795 6.89292 6.77922 6.63765 6.62294 6.57773 6.68768 6.91127 6.87575 6.77426 6.76574 6.78250 6.92962 7.01467 6.93736 6.77126 6.74767 6.85187 6.93343 6.90193 6.78243 6.63128 6.56954 6.57222 6.33122 6.10342
0.46575 0.45960 0.61301 1.26221 1.15185 0.64838 0.39225 0.43355 0.68579 1.18786 1.53289 1.76951 2.30560 2.62792 2.80629 3.15977 4.17513 4.95367 5.33483 5.47518 5.60081 5.78060 5.82834 5.78278 5.79769 5.74912 5.74547 6.08875 6.41184 6.45291 6.49441 6.67306 6.85713 6.80124 6.44133 6.21162 6.44851 6.71668 6.61322 6.38412 6.60606 6.67986 6.49686 6.45751 6.44901 6.56953 6.78708 6.95308 6.95019 6.86174 6.80454 6.86455 6.97710 6.99361 6.92801 6.80525 6.66719 6.68666 6.74258 6.66353 6.50536 6.40019 6.39774 6.50164 6.45268 6.16531
1.04207 1.02241 1.46251 1.68872 1.67522 1.57622 1.38654 1.38905 1.41272 1.51407 1.65815 1.89222 2.41781 2.68253 2.85314 3.27431 4.13979 4.89680 5.27104 5.39169 5.55495 5.70474 5.68113 5.77312 5.89285 5.87527 5.89687 6.22389 6.48429 6.40776 6.42693 6.55868 6.69016 6.54164 6.24528 6.30600 6.59528 6.76260 6.59748 6.41153 6.60637 6.62711 6.54209 6.68030 6.73935 6.81429 6.93196 6.96927 6.98260 6.96512 6.92861 6.92545 6.97105 6.96742 6.87349 6.82371 6.65091 6.56640 6.49169 6.36068 6.29976 6.37485 6.45110 6.55126 6.66493 6.39182
1.65132 1.59809 1.69040 1.80180 1.83867 1.84515 1.80968 1.74782 1.66672 1.65161 1.71450 1.93786 2.41091 2.67490 2.84859 3.27421 4.03071 4.78201 5.20521 5.33200 5.49696 5.59610 5.64569 5.82724 6.01893 6.03129 6.01945 6.29822 6.60279 6.48950 6.36406 6.42622 6.54716 6.46631 6.32540 6.42420 6.67746 6.79043 6.57045 6.43194 6.67699 6.74771 6.66438 6.79166 6.90946 6.89872 6.89715 6.89579 6.92131 6.93385 6.91530 6.88701 6.87925 6.82242 6.68136 6.62224 6.52717 6.42761 6.25307 6.15464 6.21188 6.31412 6.30309 6.43597 6.68090 6.62492
1.81491 1.64128 1.53819 1.67488 1.74963 1.75399 1.67779 1.64393 1.61940 1.61632 1.68198 1.89449 2.35016 2.64117 2.82511 3.19979 4.02193 4.70636 5.17240 5.31344 5.46785 5.53207 5.64541 5.90827 6.16851 6.19433 6.06113 6.27078 6.66529 6.66136 6.49560 6.48053 6.59524 6.54102 6.44531 6.51428 6.71143 6.82339 6.56927 6.36216 6.64390 6.78267 6.69896 6.79988 6.89437 6.83020 6.77621 6.75098 6.84638 6.91390 6.83116 6.59976 6.61307 6.59326 6.42491 6.33705 6.27617 6.21945 6.11227 6.13325 6.23367 6.22967 6.06315 6.08787 6.42675 6.49091
1.63076 0.61890 0.41653 0.73841 1.25035 1.29019 0.80522 0.71970 1.17633 1.40136 1.57165 1.78336 2.23626 2.58198 2.78058 3.05672 3.96760 4.71644 5.14913 5.33168 5.42859 5.52516 5.74581 6.09412 6.29371 6.30259 6.12980 6.28428 6.61804 6.67437 6.54393 6.53812 6.65978 6.54946 6.52075 6.65389 6.75107 6.74030 6.59628 6.41939 6.65677 6.80457 6.71365 6.76395 6.78787 6.61548 6.39771 6.34273 6.51485 6.70169 6.45349 6.25616 6.47160 6.58119 6.42934 6.32393 6.20055 6.16816 6.23121 6.34701 6.39649 6.30411 6.05263 5.87575 6.06756 6.06061
0.65281 0.24569 0.20392 0.33755 0.47870 0.68573 0.38100 0.34517 0.59360 1.06756 1.43026 1.65070 2.05548 2.48475 2.71395 2.95072 3.88594 4.70971 5.09616 5.25633 5.37531 5.59578 5.95152 6.29135 6.39792 6.36164 6.31602 6.43109 6.57985 6.61235 6.56763 6.55898 6.48585 6.42299 6.56702 6.79636 6.78564 6.63040 6.54782 6.65460 6.83338 6.87100 6.71786 6.67437 6.64772 6.46719 6.25734 6.10432 6.05659 6.21665 6.07474 6.29316 6.44452 6.61103 6.38165 6.26207 6.26095 6.29099 6.44863 6.53904 6.50989 6.38634 6.11027 5.79698 5.88190 5.78381
