mrvbf_slope0.8_pctl1.asc
NCOLS 410
NROWS 410
XLLCORNER 2398750.0000000000000000
YLLCORNER 2548750.0000000000000000
CELLSIZE 250.0000000000000000
NODATA_VALUE -99999.00000
[rows 29 to 57 of 410, columns 66 to 131 of 410]
7.70163 7.65641 7.58745 7.55805 7.60374 7.65665 7.66598 7.64596 7.63754 7.65104 7.68010 7.70389 7.71144 7.71208 7.71481 7.71591 7.70902 7.69103 7.66221 7.63755 7.63080 7.63953 7.65705 7.66847 7.64816 7.61884 7.60276 7.61555 7.64208 7.66568 7.67935 7.68096 7.66408 7.59559 7.21830 6.81284 7.08609 6.96640 7.13534 7.58070 7.66341 7.66865 7.60786 7.51397 7.60163 7.65621 7.67110 7.68110 7.68693 7.68059 7.66546 7.65146 7.63978 7.57848 7.37482 7.39655 7.12610 7.50670 7.62661 7.65842 7.67361 7.67412 7.66953 7.65012 7.65191 7.66143
7.69858 7.67543 7.61215 7.56475 7.58999 7.64484 7.66766 7.65263 7.64196 7.64878 7.67241 7.69915 7.71597 7.72094 7.71700 7.70921 7.69444 7.66376 7.62752 7.61272 7.61998 7.63166 7.65018 7.67187 7.65997 7.62550 7.59775 7.60031 7.64063 7.66190 7.67015 7.68070 7.67020 7.60638 7.47094 7.33029 7.05459 7.28022 7.30874 7.59237 7.67412 7.68365 7.67254 7.64430 7.66677 7.66430 7.67047 7.67540 7.67149 7.66845 7.66143 7.65537 7.65334 7.61787 7.54547 7.31055 7.45456 7.61309 7.66072 7.66541 7.66756 7.67444 7.67353 7.64645 7.64398 7.65602
7.66626 7.68224 7.64892 7.59354 7.58917 7.63207 7.66266 7.65545 7.64528 7.64990 7.67209 7.69949 7.71605 7.71659 7.70691 7.69364 7.67169 7.63016 7.59843 7.60138 7.61875 7.62352 7.63513 7.66469 7.67082 7.63341 7.59832 7.59832 7.62850 7.64447 7.65637 7.67628 7.66052 7.56223 7.21094 7.29165 7.37438 7.24049 7.32563 7.59234 7.67396 7.68100 7.67683 7.68253 7.65592 7.65117 7.64288 7.65151 7.65990 7.66241 7.65575 7.64906 7.64998 7.64079 7.60510 7.43322 7.38027 7.54520 7.59230 7.63487 7.64373 7.65366 7.66509 7.65654 7.64999 7.66143
7.62191 7.65496 7.66660 7.62347 7.60338 7.63234 7.65504 7.64866 7.64320 7.65307 7.67950 7.70592 7.71492 7.70542 7.68755 7.66375 7.63309 7.59896 7.58877 7.60642 7.62802 7.61572 7.61806 7.65591 7.67892 7.64192 7.59748 7.59466 7.62167 7.64791 7.64893 7.64459 7.64317 7.59754 7.38027 6.97431 7.19435 7.23656 7.55358 7.64258 7.66031 7.61209 7.62436 7.61037 7.59004 7.61926 7.64465 7.65597 7.66200 7.65555 7.64762 7.64617 7.64021 7.63247 7.55398 7.36016 7.33973 7.22369 7.29810 7.48131 7.59419 7.62359 7.65398 7.65800 7.65494 7.65305
7.60611 7.62478 7.66599 7.63925 7.62051 7.63719 7.64438 7.63953 7.64558 7.66750 7.69535 7.71233 7.70635 7.68464 7.65780 7.63158 7.60815 7.59512 7.60065 7.62529 7.64605 7.61572 7.60500 7.64251 7.67443 7.64717 7.60164 7.59801 7.62622 7.64012 7.64087 7.64411 7.65356 7.63050 7.57170 7.39030 7.46599 7.46397 7.61327 7.63681 7.55357 7.31728 7.49968 7.37871 7.44756 7.55598 7.63694 7.66131 7.66212 7.65349 7.66145 7.65225 7.65426 7.64370 7.60458 7.52068 7.29938 7.05798 7.26308 6.87181 7.45073 7.59308 7.62274 7.64225 7.64598 7.65394
7.58080 7.61566 7.66190 7.64911 7.64242 7.64514 7.64541 7.65194 7.67000 7.69263 7.70961 7.70967 7.68860 7.65917 7.63546 7.62033 7.61068 7.60951 7.62100 7.64583 7.65920 7.62489 7.59859 7.61754 7.64944 7.64692 7.61876 7.60642 7.61810 7.62939 7.63260 7.64052 7.65378 7.63891 7.62320 7.57011 7.51793 7.58180 7.63276 7.58387 7.16581 7.15107 7.39814 7.17281 7.19367 7.46760 7.60943 7.64752 7.65272 7.65227 7.65656 7.66600 7.66735 7.66241 7.64433 7.61817 7.57721 7.46872 6.88788 7.18244 7.12176 7.53343 7.60392 7.61576 7.63239 7.65841
7.58190 7.62291 7.63271 7.64281 7.66722 7.67272 7.67649 7.68675 7.70055 7.71041 7.71270 7.69826 7.66900 7.64283 7.63098 7.62645 7.62491 7.62728 7.63848 7.66054 7.67177 7.64362 7.61164 7.60080 7.61942 7.64298 7.64858 7.62798 7.61543 7.61457 7.62373 7.62894 7.63274 7.64883 7.64798 7.63913 7.61787 7.63975 7.60255 7.55559 7.29018 6.94320 7.19325 7.10988 7.29128 7.52905 7.61661 7.65045 7.66094 7.66064 7.65542 7.65442 7.64892 7.66312 7.65052 7.63881 7.64865 7.62755 7.45620 7.08253 7.45199 7.54399 7.60339 7.61013 7.62046 7.63033
7.61446 7.59025 7.57961 7.61564 7.66071 7.68924 7.70172 7.70667 7.71082 7.71199 7.70447 7.68309 7.65469 7.63865 7.63618 7.63821 7.63921 7.63900 7.64518 7.66393 7.68225 7.66769 7.64081 7.61725 7.61318 7.63731 7.66845 7.65436 7.62776 7.61085 7.61181 7.62378 7.62249 7.63669 7.65887 7.66447 7.64168 7.58483 7.46224 7.48965 7.50321 7.36849 7.51154 7.51684 7.52279 7.57256 7.61721 7.64680 7.66048 7.66546 7.66335 7.65332 7.65024 7.66404 7.65444 7.65073 7.65094 7.65552 7.61428 7.52677 7.54942 7.59212 7.59765 7.61330 7.61699 7.57949
7.57663 7.53109 7.54987 7.59235 7.62439 7.66177 7.68566 7.69486 7.69924 7.69924 7.69000 7.66668 7.64670 7.64264 7.64673 7.64928 7.64549 7.63769 7.63482 7.64395 7.66247 7.67635 7.67075 7.65150 7.63077 7.63008 7.66021 7.67252 7.64971 7.62271 7.60890 7.61698 7.62512 7.62927 7.64488 7.65103 7.61945 7.47518 7.46761 7.36502 7.49253 7.55160 7.58148 7.60472 7.58218 7.57875 7.62290 7.65743 7.66700 7.65242 7.65053 7.65146 7.66051 7.66654 7.67106 7.66486 7.65272 7.65921 7.65210 7.62564 7.59214 7.60057 7.61581 7.61625 7.58800 7.57502
7.53705 7.51188 7.57818 7.60455 7.60900 7.62311 7.63637 7.65576 7.67128 7.67460 7.66578 7.65201 7.64847 7.65465 7.66120 7.65610 7.64330 7.62851 7.61756 7.61715 7.63011 7.64946 7.66304 7.66319 7.64816 7.63662 7.65108 7.67663 7.67282 7.64540 7.61692 7.60756 7.61497 7.62462 7.63191 7.63657 7.63232 7.54143 7.23182 7.42671 7.52685 7.59060 7.58521 7.61083 7.58309 7.59657 7.63317 7.65755 7.65312 7.63989 7.64136 7.64588 7.66056 7.65828 7.65937 7.66064 7.65297 7.65927 7.66399 7.64960 7.63474 7.63228 7.64168 7.63705 7.60552 7.50407
7.54486 7.51155 7.56858 7.61823 7.63430 7.62282 7.61091 7.62177 7.64388 7.65523 7.65442 7.65446 7.66107 7.67181 7.67278 7.66082 7.64893 7.63430 7.61728 7.60560 7.60953 7.62467 7.63950 7.65272 7.66008 7.64994 7.64679 7.66944 7.68715 7.67094 7.63686 7.60765 7.60272 7.61483 7.62103 7.62193 7.61621 7.47941 6.85747 6.97151 6.98353 7.45248 7.56503 7.58128 7.59712 7.61075 7.63845 7.65000 7.63376 7.59520 7.59372 7.62498 7.65325 7.65591 7.64185 7.64764 7.64895 7.66765 7.67256 7.65308 7.65826 7.66139 7.65564 7.66024 7.62596 7.50151
7.59495 7.53599 7.54143 7.58606 7.62149 7.63377 7.64257 7.63540 7.65037 7.66519 7.66924 7.67102 7.67768 7.68340 7.67625 7.67350 7.67037 7.66146 7.64613 7.62527 7.61040 7.61618 7.62520 7.63859 7.66052 7.65689 7.64203 7.65938 7.68797 7.68389 7.65586 7.61434 7.59667 7.61645 7.63275 7.62588 7.55157 7.03263 6.73952 6.58564 6.54525 6.93715 7.51309 7.53881 7.59158 7.62381 7.63497 7.62660 7.57750 7.49449 7.51938 7.56576 7.62160 7.63268 7.64487 7.64037 7.64202 7.65904 7.66920 7.65923 7.66035 7.65336 7.65798 7.67236 7.64547 7.56886
7.63999 7.59597 7.56099 7.56636 7.58463 7.59669 7.60586 7.62995 7.65703 7.67572 7.68234 7.68327 7.68630 7.68243 7.68301 7.69084 7.69089 7.68595 7.67792 7.66195 7.63693 7.62461 7.62356 7.62230 7.63843 7.65523 7.63716 7.64717 7.67810 7.68187 7.65649 7.60644 7.58214 7.60766 7.63758 7.64522 7.60259 7.40382 6.56446 6.49638 6.53055 6.66578 7.28711 6.92906 7.45275 7.59450 7.62528 7.60352 7.53539 7.50522 7.53354 7.54762 7.61619 7.62882 7.64605 7.64768 7.65209 7.65480 7.67051 7.65571 7.65527 7.64918 7.64563 7.66557 7.66015 7.60189
7.61353 7.63660 7.60692 7.58574 7.58276 7.58840 7.60153 7.61820 7.63429 7.64822 7.65920 7.67101 7.68362 7.68000 7.68650 7.69788 7.69980 7.69686 7.69282 7.68487 7.66849 7.64928 7.63716 7.61717 7.61629 7.65091 7.63917 7.63680 7.66009 7.66331 7.63047 7.57672 7.56598 7.60162 7.63719 7.65666 7.62777 7.56689 7.22950 6.60728 6.53170 6.70236 6.88327 6.61636 6.76481 7.51894 7.61176 7.59379 7.54830 7.55221 7.58030 7.60447 7.62593 7.62983 7.63407 7.63267 7.65468 7.65602 7.67242 7.65488 7.65547 7.64686 7.64575 7.65299 7.65183 7.57460
7.54714 7.63610 7.64960 7.62233 7.61010 7.61369 7.62308 7.62528 7.62688 7.62977 7.63668 7.65165 7.67130 7.67690 7.68684 7.69715 7.69759 7.69327 7.68996 7.68797 7.68294 7.67085 7.65364 7.62584 7.61449 7.63775 7.64727 7.63413 7.63232 7.62595 7.59347 7.56327 7.58062 7.61860 7.62985 7.65010 7.64224 7.60978 7.52035 7.03276 6.59415 7.15357 7.35357 6.64267 6.85321 7.53962 7.60873 7.57079 7.52772 7.58693 7.61474 7.60065 7.62169 7.64038 7.62863 7.64685 7.64329 7.65025 7.66863 7.66042 7.66662 7.65336 7.63460 7.64191 7.65533 7.63772
7.49085 7.58825 7.65401 7.65651 7.63064 7.63208 7.64771 7.64556 7.64061 7.63309 7.62949 7.64259 7.66485 7.67767 7.68804 7.68986 7.68104 7.66807 7.66145 7.66420 7.66936 7.66907 7.65847 7.64018 7.62701 7.63456 7.65231 7.64246 7.61977 7.60632 7.59569 7.60077 7.60446 7.59419 7.60374 7.61824 7.62396 7.61881 7.54496 7.12677 7.07121 6.89742 7.38735 6.98391 7.45077 7.61051 7.59118 7.52808 7.44018 7.51098 7.59269 7.57522 7.61617 7.63750 7.64564 7.66345 7.65101 7.64931 7.65496 7.65423 7.65106 7.63929 7.63563 7.64797 7.66246 7.65856
7.49825 7.56485 7.63858 7.65261 7.62012 7.62451 7.64208 7.65475 7.65126 7.63483 7.62768 7.64223 7.66665 7.68166 7.68407 7.66988 7.64502 7.62263 7.61932 7.63197 7.64806 7.66098 7.66496 7.65667 7.64209 7.63521 7.63937 7.63954 7.63197 7.62835 7.63543 7.64410 7.62216 7.60768 7.61720 7.60213 7.59062 7.61180 7.61184 7.50286 7.20749 7.42208 7.50384 7.51060 7.57228 7.59003 7.57041 7.34936 6.75106 7.36556 7.58254 7.59573 7.61220 7.64368 7.65556 7.66264 7.65579 7.64948 7.64783 7.64418 7.63715 7.63781 7.64602 7.66578 7.66227 7.65273
7.53412 7.58707 7.62455 7.61875 7.60877 7.60731 7.62694 7.65198 7.64030 7.62049 7.61955 7.64024 7.66712 7.68069 7.67328 7.64722 7.61838 7.60996 7.61709 7.62599 7.64087 7.65868 7.67259 7.66986 7.65377 7.63785 7.62744 7.62447 7.63098 7.64473 7.65781 7.65943 7.64554 7.64220 7.64784 7.61298 7.56993 7.57759 7.61750 7.59363 7.52749 7.52690 7.55213 7.56953 7.50579 7.37178 7.39341 6.83030 6.63414 6.72931 7.50286 7.59605 7.63896 7.65940 7.65827 7.65275 7.65324 7.65404 7.64862 7.64620 7.65861 7.66744 7.66919 7.66211 7.65824 7.64344
7.57372 7.59177 7.60178 7.60493 7.60358 7.60499 7.61511 7.63199 7.61785 7.60110 7.60782 7.63287 7.65699 7.67430 7.67410 7.64563 7.61362 7.61514 7.63218 7.63601 7.64411 7.65695 7.66989 7.67357 7.66323 7.64638 7.62762 7.61455 7.61777 7.63365 7.65161 7.66284 7.65740 7.64600 7.64778 7.62606 7.57074 7.54318 7.58094 7.61535 7.59866 7.55736 7.58031 7.51045 7.19067 7.24036 6.88789 6.68387 6.78689 6.71219 7.47536 7.61148 7.63368 7.63930 7.63877 7.64315 7.64843 7.64623 7.64812 7.65911 7.66919 7.66897 7.66170 7.65482 7.63939 7.59211
7.58622 7.57414 7.57090 7.57215 7.56923 7.57338 7.61111 7.60794 7.59425 7.58158 7.59433 7.61941 7.63811 7.66298 7.67936 7.66626 7.63035 7.60891 7.62089 7.63786 7.65021 7.65592 7.65766 7.65963 7.65967 7.65357 7.63692 7.61529 7.61171 7.62651 7.64402 7.65803 7.66570 7.65135 7.64257 7.63250 7.58652 7.51839 7.52672 7.58921 7.60714 7.59710 7.58939 7.57153 7.40906 6.92891 6.86907 6.84336 6.59751 6.97264 7.50742 7.60408 7.60950 7.61708 7.62411 7.64019 7.63958 7.63968 7.65068 7.65574 7.65735 7.65775 7.63332 7.58143 7.58163 7.43218
7.61989 7.59240 7.57037 7.55404 7.54647 7.54446 7.55852 7.59679 7.57451 7.55860 7.57745 7.60081 7.61225 7.64413 7.67590 7.68069 7.66066 7.63130 7.62770 7.64117 7.64767 7.64201 7.63638 7.63480 7.63499 7.63370 7.62224 7.59839 7.59318 7.62156 7.64536 7.65215 7.65942 7.65281 7.63771 7.61941 7.59256 7.55168 7.49923 7.55070 7.59050 7.60038 7.59150 7.58674 7.53148 7.36978 7.29901 7.29855 6.93948 7.46718 7.56867 7.60513 7.61902 7.62394 7.62395 7.64178 7.65121 7.65286 7.64084 7.64495 7.64939 7.62315 7.51043 7.18516 7.35821 7.43365
7.64956 7.62709 7.59432 7.56648 7.55765 7.55663 7.55110 7.58652 7.54898 7.53448 7.56630 7.59461 7.58980 7.62038 7.66734 7.68171 7.66659 7.63420 7.61266 7.61298 7.61695 7.61792 7.61771 7.61688 7.61408 7.60571 7.58581 7.56055 7.57257 7.61459 7.64681 7.64921 7.64597 7.64601 7.63394 7.60828 7.59633 7.59465 7.52597 7.54547 7.58531 7.58435 7.60325 7.60369 7.55930 7.49092 7.14321 7.19177 7.12272 7.54232 7.60268 7.62112 7.63723 7.63045 7.64383 7.63960 7.65213 7.65959 7.64602 7.63615 7.63439 7.54858 7.06945 7.28857 7.13855 7.44298
7.64458 7.62675 7.60350 7.58614 7.56570 7.53763 7.54774 7.58462 7.53243 7.52487 7.57908 7.61197 7.58545 7.60079 7.65057 7.66530 7.64326 7.59715 7.57927 7.59132 7.60283 7.61157 7.61735 7.61983 7.61833 7.60723 7.58400 7.57181 7.58958 7.60556 7.63705 7.64577 7.63263 7.63100 7.62162 7.59280 7.59509 7.60136 7.55592 7.54944 7.57838 7.59497 7.60279 7.61224 7.59735 7.56755 7.44798 7.18650 7.47066 7.53574 7.59338 7.60557 7.61590 7.61603 7.62886 7.62738 7.62693 7.62208 7.63977 7.62981 7.60857 7.47241 7.05675 6.98005 7.47578 7.55474
7.63171 7.61498 7.60316 7.60142 7.56551 7.51609 7.55536 7.57426 7.51806 7.53332 7.59899 7.61386 7.59724 7.59954 7.61565 7.62813 7.61533 7.57810 7.58583 7.60905 7.62027 7.62965 7.63812 7.64270 7.64303 7.63287 7.61263 7.60651 7.60480 7.61024 7.64458 7.63917 7.61544 7.61726 7.61171 7.59164 7.59361 7.60416 7.58951 7.56815 7.56382 7.58324 7.60590 7.62044 7.62364 7.61040 7.56783 7.51392 7.45076 7.11253 7.46175 7.58066 7.58151 7.52846 7.56732 7.57701 7.53605 7.53489 7.59676 7.61386 7.53071 7.34991 7.33885 7.29332 7.55795 7.54779
7.62322 7.60834 7.60318 7.60997 7.57822 7.52665 7.55417 7.57973 7.51944 7.53478 7.56993 7.58450 7.60328 7.62071 7.60484 7.61343 7.62530 7.59081 7.57789 7.60662 7.63654 7.64736 7.64949 7.64450 7.63577 7.62647 7.61469 7.61041 7.60975 7.62934 7.65016 7.62309 7.60175 7.62179 7.61429 7.59950 7.60596 7.61926 7.61620 7.59182 7.55776 7.57133 7.60155 7.59983 7.60470 7.62096 7.62107 7.52988 7.13265 7.21404 7.06950 7.50438 7.45365 7.01772 7.42517 7.39287 7.27974 7.46740 7.52825 7.52133 7.38130 7.40087 7.35281 7.52878 7.60086 7.58721
7.61067 7.60492 7.60946 7.62100 7.59047 7.54944 7.55943 7.58825 7.54862 7.52057 7.54424 7.57674 7.59796 7.59553 7.57528 7.58688 7.60915 7.59490 7.56403 7.57327 7.61400 7.62375 7.61657 7.60957 7.60633 7.60381 7.59896 7.60419 7.62013 7.63957 7.63989 7.61214 7.60752 7.63248 7.62488 7.61485 7.62519 7.64163 7.63696 7.60857 7.57539 7.56538 7.56475 7.56314 7.58809 7.60083 7.62988 7.60572 7.47327 7.10555 7.46904 7.51628 7.06858 7.14113 6.92303 6.68965 6.66653 7.19089 7.50009 7.37913 7.30567 6.85459 7.36413 7.56689 7.58047 7.57100
7.59597 7.59937 7.62252 7.63687 7.60414 7.57140 7.56590 7.56807 7.56737 7.56744 7.58083 7.59827 7.59976 7.58852 7.57507 7.58844 7.60531 7.61266 7.58591 7.55976 7.57849 7.59043 7.59492 7.60247 7.61575 7.61450 7.60164 7.60298 7.61914 7.63758 7.63280 7.61805 7.62034 7.62777 7.62567 7.62614 7.63791 7.65401 7.64821 7.61915 7.58630 7.56190 7.55443 7.55394 7.56238 7.59655 7.61788 7.62572 7.59549 7.53319 7.58482 7.53078 7.39250 6.77936 6.74677 6.62575 6.60460 6.94027 7.51791 7.45707 6.64579 6.60158 6.74952 7.49056 7.56912 7.55877
7.60393 7.61856 7.63182 7.63846 7.61429 7.58265 7.55994 7.52919 7.51530 7.52408 7.52343 7.52026 7.53544 7.56193 7.55092 7.55585 7.56605 7.58395 7.59890 7.59587 7.58741 7.59832 7.61468 7.62882 7.64533 7.63930 7.62201 7.61310 7.61523 7.62326 7.62603 7.62582 7.62785 7.62446 7.62510 7.63238 7.64339 7.65448 7.65035 7.62287 7.58461 7.54963 7.52894 7.52380 7.53574 7.57230 7.59840 7.60984 7.61618 7.61920 7.61872 7.57130 7.49916 7.46976 7.42637 6.88808 6.69252 7.38588 7.53806 7.52253 6.86975 6.61175 6.85242 7.50873 7.57831 7.57496
7.60086 7.59663 7.61387 7.63170 7.61997 7.58483 7.54970 7.52251 7.51222 7.51082 7.51306 7.52041 7.50755 7.52911 7.55556 7.56887 7.58452 7.58159 7.58436 7.59681 7.61742 7.63207 7.64826 7.65521 7.65330 7.64845 7.63848 7.62821 7.61950 7.61645 7.62105 7.63101 7.63545 7.63205 7.63579 7.64311 7.65075 7.65383 7.64401 7.61746 7.58269 7.54821 7.51719 7.48546 7.45783 7.47582 7.56394 7.58873 7.60736 7.60876 7.61304 7.59916 7.58563 7.58308 7.55755 7.31512 6.71114 7.16812 7.52860 7.56166 7.42427 7.01029 7.41284 7.57917 7.59855 7.59551
