mrvbf_slope0.7_pctl0.8.asc
NCOLS 410
NROWS 410
XLLCORNER 2398750.0000000000000000
YLLCORNER 2548750.0000000000000000
CELLSIZE 250.0000000000000000
NODATA_VALUE -99999.00000
[rows 145 to 173 of 410, columns 132 to 197 of 410]
5.79519 5.77290 5.73145 5.70776 5.73568 5.70095 5.62319 5.55606 5.48805 5.43893 5.58682 5.87389 6.27091 6.48813 6.63491 6.77967 6.90542 7.00165 7.06290 7.09001 7.08419 7.03326 6.93665 6.80297 6.64849 6.20098 5.64657 5.52094 5.67239 5.75697 6.07787 5.93025 5.89832 5.70359 5.86388 6.24226 6.25906 6.35151 6.20447 5.83635 5.62445 5.67560 5.96479 6.07620 5.96561 5.86416 5.97181 6.23404 6.48012 6.31677 5.76285 5.57817 5.51674 4.96799 3.09287 5.33651 5.20643 5.26804 5.42217 5.50795 5.57047 5.47471 5.62549 5.56241 5.55951 5.55968
5.73052 5.72305 5.69151 5.68178 5.68148 5.65699 5.63327 5.56885 5.54012 5.58106 5.60384 5.64641 5.89856 6.27878 6.49829 6.64436 6.78664 6.90726 6.99227 7.03882 7.05061 7.01206 6.92272 6.79467 6.64462 6.28265 5.71733 5.53183 5.61964 5.75790 6.10441 5.97516 5.88170 5.76388 5.97185 6.39334 6.44859 6.22186 5.84643 5.58366 5.51973 5.62407 5.80153 6.15607 6.31298 6.18289 6.39389 6.60678 6.65744 6.36425 5.78441 5.54994 5.55895 5.45340 4.19087 4.96781 5.42200 5.44872 5.56683 5.60883 5.49861 5.55742 5.65003 5.55063 5.45862 5.38764
5.62407 5.62144 5.61698 5.61579 5.60259 5.61031 5.65812 5.66906 5.65124 5.76373 5.72262 5.60677 5.63258 5.88607 6.28170 6.51059 6.65842 6.79676 6.90486 6.97282 7.00401 6.98357 6.90522 6.78771 6.64700 6.43780 5.94182 5.58672 5.58566 5.75373 5.97512 5.92243 5.89777 5.87773 6.06850 6.48764 6.62101 6.23007 5.68994 5.55257 5.56797 5.62967 5.68631 6.00729 6.29038 6.26182 6.54181 6.75261 6.72387 6.49245 5.99128 5.59664 5.52059 5.55408 5.38245 5.27391 5.52672 5.53722 5.68537 5.80137 5.61449 5.50303 5.54503 5.49158 5.36644 5.04095
5.55305 5.56171 5.57470 5.58131 5.56005 5.56862 5.61298 5.66122 5.72832 5.79817 5.74196 5.66078 5.57874 5.61927 5.88232 6.29754 6.53526 6.68111 6.80623 6.89404 6.94445 6.94607 6.88060 6.77551 6.64702 6.51511 6.09971 5.66696 5.65774 5.83053 5.95203 5.89680 5.91519 6.00829 6.21732 6.54940 6.56640 6.18142 5.73155 5.58009 5.54021 5.60078 5.69572 5.86040 5.98911 5.91192 6.23563 6.56029 6.65622 6.54800 6.21780 5.74360 5.55354 5.49405 5.32113 5.36017 5.48790 5.57266 5.75089 5.91105 5.71937 5.53349 5.09940 4.74463 3.26539 4.25109
5.51594 5.55014 5.58260 5.59445 5.55297 5.56100 5.62633 5.66373 5.72432 5.77235 5.72838 5.70513 5.63190 5.56809 5.61887 5.92804 6.35273 6.57211 6.70472 6.80600 6.87128 6.89384 6.84607 6.75307 6.63666 6.51402 6.02220 5.60603 5.62563 5.71579 5.99582 6.12142 6.09473 6.20089 6.43487 6.55454 6.27359 5.86112 5.64252 5.62146 5.63366 5.66212 5.72594 5.82693 5.75805 5.69150 5.79936 6.22849 6.50144 6.44343 6.12958 5.76133 5.61611 5.52712 5.39352 5.33984 5.48378 5.63485 5.77682 5.75564 5.55620 5.28621 4.25769 3.94694 2.81695 5.20507
5.50235 5.56684 5.59961 5.56477 5.51005 5.52093 5.60516 5.67751 5.75866 5.77243 5.72871 5.73490 5.68372 5.62078 5.56436 5.66910 6.10939 6.47921 6.60997 6.71504 6.78775 6.82540 6.80172 6.71869 6.61105 6.49606 6.08193 5.65244 5.63194 5.80711 6.20868 6.40044 6.40826 6.47781 6.59239 6.40015 6.05612 5.81680 5.74607 5.73002 5.78840 5.73123 5.74206 5.72796 5.70596 5.65684 5.64490 5.88152 6.20628 6.21003 5.81799 5.62389 5.57054 5.55024 5.53831 5.53221 5.58718 5.65760 5.66096 5.53829 5.14186 3.52751 2.26781 3.85043 3.27302 4.84279
5.46071 5.53916 5.54988 5.51960 5.48261 5.51090 5.60519 5.69434 5.81588 5.77368 5.72024 5.75428 5.72425 5.63772 5.56124 5.60917 5.90688 6.32605 6.52655 6.62647 6.69992 6.74747 6.74608 6.66970 6.56542 6.45367 6.10629 5.70774 5.68586 5.86373 6.03996 6.12583 6.19878 6.31766 6.43209 6.31055 6.03786 5.84954 5.82750 5.86697 5.90152 5.71667 5.63538 5.67337 5.75568 5.69487 5.59430 5.64374 5.79883 5.91681 5.65191 5.55797 5.57400 5.56701 5.58741 5.68725 5.75281 5.68565 5.55188 5.04558 2.87043 2.04088 2.29065 2.01622 3.70813 4.16194
5.29962 5.45117 5.50066 5.50784 5.48361 5.48571 5.56045 5.66093 5.75551 5.72044 5.70188 5.72739 5.63272 5.57133 5.57302 5.61189 5.70267 6.03595 6.38280 6.53665 6.60480 6.65626 6.66797 6.59710 6.49126 6.37789 5.99962 5.63654 5.61835 5.76540 5.86213 5.86187 5.87154 5.94033 6.11005 6.28915 6.15881 5.88256 5.76203 5.87325 5.98731 5.75319 5.59372 5.61329 5.77108 5.78628 5.64737 5.59611 5.63239 5.69082 5.56686 5.54327 5.64001 5.71722 5.76526 5.78684 5.79266 5.66301 5.35898 3.26038 1.45564 2.29689 4.09305 3.80811 3.60747 3.13023
4.83314 5.31320 5.47033 5.49900 5.46479 5.42435 5.45999 5.54547 5.61376 5.62833 5.64827 5.64263 5.55342 5.53702 5.60011 5.63838 5.69755 5.79096 6.05542 6.22096 6.41745 6.53466 6.54300 6.47877 6.37230 6.25712 5.87788 5.57966 5.57216 5.74987 5.86378 5.83417 5.79328 5.76142 5.81042 6.05754 6.28888 6.08627 5.80762 5.78193 5.91610 5.75518 5.61157 5.59385 5.63101 5.67800 5.73470 5.63874 5.62392 5.65633 5.55036 5.56889 5.67600 5.75175 5.82992 5.89205 5.88083 5.63801 5.22458 2.38539 1.08976 3.53810 5.01654 5.34361 5.41966 5.26012
3.88137 5.08156 5.43186 5.44251 5.40400 5.35839 5.36934 5.45685 5.54277 5.58226 5.59969 5.57159 5.49828 5.52782 5.64478 5.68685 5.73208 5.75018 5.72519 5.76755 6.04232 6.31055 6.37601 6.31135 6.20623 6.02836 5.72078 5.53235 5.53899 5.62670 5.67117 5.71090 5.73649 5.68153 5.66144 5.77688 6.09572 6.01482 5.81147 5.72040 5.67235 5.60229 5.59808 5.66522 5.66373 5.60675 5.62936 5.64482 5.62724 5.67703 5.55309 5.59172 5.63600 5.75817 5.95728 5.98688 5.98889 5.73852 5.43489 3.57389 1.28332 1.60994 4.09779 5.31500 5.54761 5.57038
2.92734 4.60294 5.26127 5.30383 5.34279 5.36067 5.36378 5.43997 5.54037 5.58232 5.58640 5.54508 5.47094 5.48802 5.58922 5.64393 5.68807 5.67764 5.63992 5.65054 5.74070 6.03285 6.18395 6.11523 6.01754 5.76395 5.53485 5.36555 5.40643 5.48132 5.56291 5.58156 5.59289 5.60343 5.58731 5.63596 5.85305 5.76892 5.66557 5.61076 5.55119 5.52694 5.57531 5.65481 5.72275 5.56922 5.57817 5.62841 5.59070 5.62367 5.54279 5.57121 5.62602 5.69083 5.78327 5.85691 5.87423 5.84835 5.60227 5.21009 3.03877 2.19641 3.32887 4.93545 5.46053 5.58590
2.45725 3.70253 4.77492 5.08118 5.31084 5.40372 5.38599 5.41968 5.52948 5.57454 5.59533 5.55616 5.47464 5.50079 5.56085 5.57785 5.57011 5.56304 5.57764 5.63024 5.78797 5.96242 5.99135 5.92769 5.78645 5.58816 5.31741 5.01172 5.25395 5.33085 5.39938 5.45577 5.51306 5.56598 5.55228 5.57108 5.73552 5.68850 5.62611 5.57404 5.53310 5.55905 5.58754 5.59868 5.68044 5.56334 5.55335 5.65074 5.58312 5.59723 5.60888 5.61244 5.75959 5.69486 5.68900 5.76391 5.79875 5.79418 5.56861 5.30599 4.91352 4.71148 4.77563 4.72886 5.06126 5.47287
2.21536 2.79291 4.07881 4.95978 5.32964 5.38674 5.27511 5.30837 5.49873 5.55437 5.55744 5.55302 5.45473 5.50982 5.53474 5.52570 5.49459 5.46517 5.48086 5.59033 5.62680 5.62525 5.66639 5.63159 5.51649 5.20406 4.64218 4.82736 5.37119 5.48657 5.48061 5.48845 5.53074 5.58219 5.56787 5.54649 5.61826 5.64297 5.61800 5.58519 5.57136 5.62146 5.62421 5.55581 5.61873 5.59430 5.50705 5.59319 5.60311 5.60432 5.71850 5.71856 5.75826 5.74425 5.72293 5.71675 5.74396 5.72667 5.47888 5.21769 5.27383 5.34833 5.22538 4.11502 4.23015 5.38307
2.12219 2.55238 3.86343 5.08166 5.35734 5.23740 5.05676 5.29661 5.53957 5.60815 5.58634 5.54743 5.49337 5.52965 5.50907 5.50843 5.52102 5.49194 5.35588 5.30603 5.17430 5.11520 5.37496 5.28925 4.52391 4.04997 4.38949 5.16067 5.52226 5.63810 5.65405 5.62811 5.58777 5.55672 5.60499 5.63902 5.63179 5.68734 5.68173 5.62157 5.60250 5.65663 5.71370 5.59249 5.55983 5.60150 5.51190 5.50461 5.58544 5.55767 5.70529 5.79615 5.68859 5.75008 5.81587 5.69933 5.70119 5.70409 5.43680 5.25626 5.45930 5.39694 4.94328 3.17149 4.14049 5.41331
2.14621 2.56722 3.78738 4.99499 5.14161 5.04885 5.06648 5.34379 5.54329 5.61811 5.60905 5.55135 5.56140 5.54243 5.55020 5.58533 5.59638 5.57709 5.47837 5.29531 5.09259 4.92908 5.07727 4.88510 4.22259 4.57896 5.22209 5.48412 5.54752 5.57625 5.59050 5.55980 5.51911 5.57358 5.72683 5.85708 5.89358 5.89066 5.81934 5.66179 5.61632 5.64774 5.73010 5.71067 5.58867 5.55706 5.47757 5.45472 5.59126 5.53410 5.58923 5.79780 5.67155 5.68718 5.74385 5.63276 5.66533 5.72119 5.46587 5.25602 5.43237 5.47031 4.89117 3.17073 4.01297 5.11933
2.24651 2.55174 3.42116 4.59026 4.96448 5.13415 5.25060 5.34127 5.47596 5.56842 5.56978 5.54249 5.60023 5.55858 5.57556 5.63767 5.70718 5.69139 5.59406 5.54192 5.47613 5.40693 5.39244 5.26477 4.96356 5.37327 5.55724 5.55341 5.52141 5.55593 5.60766 5.59319 5.60941 5.83430 6.12070 6.19247 6.12638 6.21741 6.00445 5.73037 5.65923 5.63069 5.60208 5.61378 5.64876 5.63906 5.53341 5.54026 5.56394 5.51493 5.59729 5.83291 5.67576 5.64623 5.61617 5.59492 5.71240 5.81397 5.53095 5.30934 5.35431 5.39671 4.94190 3.18005 2.60120 3.65476
2.39815 2.64649 3.42376 4.55807 5.11053 5.33065 5.37528 5.33224 5.34588 5.46237 5.52673 5.54867 5.57642 5.59001 5.54386 5.54636 5.60488 5.59923 5.56249 5.52778 5.52374 5.53253 5.52637 5.38756 5.29785 5.48275 5.58337 5.57221 5.55056 5.63804 5.83278 5.84671 5.83832 5.96141 6.05424 6.16533 6.31062 6.35529 5.95030 5.71735 5.72495 5.65382 5.60859 5.57080 5.57856 5.66848 5.62096 5.55170 5.52801 5.56608 5.73291 5.87891 5.71916 5.63844 5.61899 5.70149 5.97922 6.00057 5.62991 5.43599 5.34670 5.31357 4.97209 3.81262 2.91920 3.29742
2.66691 3.00669 3.76000 4.73099 5.25715 5.43506 5.45083 5.38062 5.21660 5.34629 5.50722 5.52738 5.60326 5.70066 5.63412 5.57486 5.57909 5.59761 5.62035 5.56994 5.53739 5.56079 5.52181 5.43182 5.48253 5.55111 5.59515 5.60843 5.61526 5.70742 5.91951 5.85933 5.77481 5.73003 5.72697 5.78949 6.04787 6.27779 5.92594 5.71778 5.73682 5.69669 5.78688 5.73536 5.64004 5.65987 5.70146 5.65758 5.68115 5.84226 6.16271 6.17887 5.93716 5.81756 5.87438 6.11518 6.31604 6.23800 5.87235 5.58506 5.46662 5.43712 5.35878 5.07776 4.50786 4.29631
3.38525 3.44909 3.80037 4.63181 5.24987 5.44821 5.47638 5.40146 5.22280 5.27179 5.45125 5.52013 5.61206 5.75946 5.83482 5.73707 5.67232 5.71570 5.72374 5.58209 5.50710 5.51225 5.51936 5.54518 5.58731 5.63001 5.68870 5.73840 5.74346 5.74170 5.78792 5.71820 5.69304 5.67652 5.66907 5.67617 5.78861 6.14805 6.22843 5.85373 5.79661 5.91778 6.17467 6.10904 5.80981 5.72995 5.85011 5.95730 6.15032 6.38028 6.55253 6.53038 6.38842 6.36070 6.40753 6.51112 6.53506 6.44464 6.23245 5.87233 5.63004 5.58784 5.57914 5.50361 5.35157 5.15749
3.66496 3.50126 3.56474 4.28614 5.13799 5.41773 5.46036 5.41051 5.29812 5.22571 5.29210 5.35894 5.48255 5.61462 5.70448 5.66282 5.66440 5.72935 5.66325 5.52586 5.45430 5.47616 5.54038 5.62748 5.69625 5.83816 5.97566 5.94017 5.80052 5.73583 5.72158 5.68975 5.69361 5.72657 5.70672 5.64697 5.71966 6.09388 6.27726 6.04704 6.12071 6.30118 6.44623 6.28372 5.88993 5.74918 5.86823 6.04128 6.21265 6.41626 6.41875 6.30471 6.26636 6.37369 6.50573 6.55672 6.55956 6.54483 6.45202 6.22466 5.92590 5.79320 5.77179 5.65009 5.57458 5.49071
4.18442 3.72678 3.47923 3.98129 4.90616 5.28734 5.36214 5.35635 5.28306 5.18507 5.16638 5.16571 5.24460 5.45269 5.52211 5.53490 5.57661 5.60321 5.57156 5.45684 5.40985 5.47041 5.54656 5.59773 5.67345 5.90447 5.98492 5.80635 5.75118 5.74763 5.76400 5.71801 5.70538 5.73116 5.66542 5.59956 5.68272 6.00051 5.90228 5.77869 5.89262 6.13450 6.42586 6.27344 5.81931 5.69399 5.81421 5.97140 6.02225 6.04726 5.88764 5.72933 5.70649 5.84038 6.11187 6.22046 6.23353 6.25183 6.24185 6.14049 6.04231 6.02315 5.92000 5.77221 5.71407 5.65923
4.52285 4.00380 3.63555 3.90454 4.53894 5.00822 5.23816 5.29882 5.25990 5.23140 5.22188 5.12741 5.04080 5.29729 5.41108 5.48588 5.52184 5.53141 5.50317 5.41055 5.41217 5.48806 5.56075 5.61157 5.62034 5.70519 5.76006 5.72964 5.82111 5.80603 5.84991 5.72651 5.67666 5.67585 5.60542 5.54977 5.62261 5.83382 5.70386 5.70814 5.76231 5.93043 6.32584 6.20329 5.74562 5.66081 5.83154 6.06064 6.10918 5.95644 5.70830 5.62527 5.60960 5.62670 5.72124 5.77641 5.78459 5.80624 5.82946 5.85965 5.93395 6.06977 6.12716 5.94878 5.86708 5.86076
4.31058 4.14457 3.88356 3.96814 4.30198 4.85453 5.26409 5.35356 5.33561 5.37245 5.40661 5.26920 4.98773 5.18734 5.40029 5.46895 5.48025 5.48193 5.46838 5.43608 5.46299 5.51239 5.56345 5.65273 5.69633 5.70892 5.77473 5.84355 5.86237 5.83776 5.82987 5.66264 5.60850 5.61201 5.55286 5.48723 5.53423 5.69398 5.68535 5.73297 5.78381 5.94372 6.28557 6.10547 5.68816 5.64014 5.85009 5.98429 5.99816 5.81816 5.66813 5.70297 5.77675 5.69947 5.70163 5.67319 5.66179 5.68567 5.73708 5.84446 5.92848 5.97467 6.12869 6.17293 6.13669 6.05860
3.62672 4.11031 4.20498 4.15968 4.24516 4.71643 5.18559 5.32900 5.38451 5.41420 5.48438 5.39597 5.19892 5.10017 5.41262 5.50434 5.49762 5.50246 5.49309 5.46786 5.50292 5.55202 5.56910 5.65304 5.84558 5.86700 5.97803 6.00900 5.89278 5.83741 5.74525 5.58666 5.55130 5.57737 5.52278 5.41550 5.41922 5.57652 5.67647 5.79325 5.81223 5.95234 6.19035 5.84228 5.57620 5.59928 5.81237 5.97713 6.07284 5.82511 5.68069 5.76713 5.88978 5.86132 5.90728 5.77785 5.76118 5.77476 5.80529 5.86252 5.89446 5.90706 6.01985 6.23883 6.38055 6.17476
2.82114 3.67584 4.48923 4.46718 4.25515 4.27178 4.91817 5.23221 5.34669 5.42506 5.52492 5.44734 5.35876 5.30634 5.41119 5.54773 5.56768 5.58014 5.53952 5.48051 5.50354 5.55056 5.58283 5.67025 5.84594 5.85435 5.95405 5.88551 5.85018 5.77160 5.66890 5.53125 5.52092 5.59408 5.56147 5.42047 5.31085 5.49275 5.65721 5.73628 5.72034 5.82927 5.94080 5.60478 5.50008 5.59714 5.70977 5.89086 6.00182 5.79305 5.68295 5.80709 5.81826 5.86284 5.85353 5.81291 5.92581 5.90764 5.86055 5.85125 5.83484 5.75824 5.78622 5.95188 6.28152 6.35586
2.50560 2.95226 4.22002 4.62546 4.32533 4.05195 4.84529 5.35507 5.38631 5.52634 5.61363 5.57485 5.48378 5.46970 5.49147 5.53428 5.58861 5.64538 5.55501 5.47765 5.52858 5.54916 5.61855 5.75005 5.81094 5.88961 6.02587 5.85392 5.78146 5.75844 5.69080 5.52167 5.48393 5.58871 5.63655 5.50838 5.27794 5.41797 5.61797 5.68867 5.68794 5.73979 5.76576 5.54528 5.52234 5.58934 5.67232 5.90486 5.93776 5.78900 5.66754 5.74150 5.75775 5.95412 6.00374 5.80646 5.81073 5.89696 5.95060 5.82977 5.70708 5.68892 5.69992 5.76568 6.01170 6.33636
2.25710 2.60088 3.61999 4.54474 4.38943 4.06695 4.63759 5.33275 5.47947 5.57357 5.65005 5.66798 5.61653 5.56818 5.54516 5.51467 5.58133 5.71101 5.58689 5.48140 5.52642 5.61406 5.68777 5.76299 5.82633 6.00996 6.13591 5.96403 5.76633 5.77194 5.72527 5.57552 5.49548 5.55562 5.58891 5.47670 5.31648 5.44842 5.66353 5.70773 5.72041 5.77580 5.76415 5.58021 5.56548 5.61157 5.75192 5.85141 5.82443 5.73574 5.64837 5.66426 5.80850 6.17451 6.32525 6.06816 5.91346 5.86891 5.87508 5.81291 5.77885 5.74140 5.68370 5.71009 5.90831 6.23696
1.93182 2.45867 3.19253 4.56547 4.69556 4.13960 3.98987 4.67212 5.36232 5.53912 5.62320 5.66186 5.60970 5.51646 5.48478 5.46255 5.55323 5.73479 5.63835 5.48930 5.49659 5.63152 5.71951 5.72790 5.80882 6.02053 6.08730 5.88495 5.66391 5.59154 5.55990 5.51099 5.51622 5.60832 5.54899 5.41534 5.37688 5.51582 5.71275 5.78077 5.82295 5.85638 5.73994 5.59710 5.59517 5.61809 5.65025 5.62826 5.58332 5.54377 5.54244 5.60956 5.79605 6.14288 6.29532 6.17600 6.07654 5.92548 5.79969 5.83134 5.95182 5.76496 5.67303 5.70778 5.87902 6.15401
1.58957 2.37220 3.11369 4.64765 4.80786 4.23583 3.69001 3.67517 4.58759 5.41080 5.57814 5.60077 5.50423 5.41960 5.41110 5.36496 5.48600 5.69281 5.74333 5.52914 5.44830 5.54700 5.64473 5.68344 5.71661 5.85380 5.88584 5.64981 5.51793 5.50261 5.49656 5.48033 5.54891 5.60635 5.50155 5.41053 5.45948 5.59757 5.81298 5.93306 5.95004 5.87706 5.64344 5.52036 5.49613 5.49565 5.47862 5.43278 5.38394 5.36313 5.37356 5.42540 5.52839 5.73786 5.83230 5.69356 5.70310 5.80593 5.77330 5.81235 6.01118 5.76422 5.69804 5.68008 5.70544 5.86495
