mrvbf_slope1.5_pctl1.2.asc
NCOLS 410
NROWS 410
XLLCORNER 2398750.0000000000000000
YLLCORNER 2548750.0000000000000000
CELLSIZE 250.0000000000000000
NODATA_VALUE -99999.00000
[rows 145 to 173 of 410, columns 264 to 329 of 410]
7.74024 7.73966 7.74138 7.74147 7.74128 7.74145 7.74108 7.74058 7.74123 7.74106 7.74035 7.73997 7.73943 7.73958 7.73934 7.73896 7.73896 7.73799 7.73672 7.73808 7.73837 7.73769 7.73738 7.73705 7.73757 7.73712 7.73527 7.73230 7.72952 -99999.00000 -99999.00000 -99999.00000 -99999.00000 -99999.00000 -99999.00000 -99999.00000 -99999.00000 -99999.00000 -99999.00000 -99999.00000 -99999.00000 -99999.00000 -99999.00000 -99999.00000 -99999.00000 -99999.00000 -99999.00000 -99999.00000 -99999.00000 -99999.00000 -99999.00000 -99999.00000 -99999.00000 -99999.00000 -99999.00000 -99999.00000 -99999.00000 -99999.00000 -99999.00000 -99999.00000 -99999.00000 -99999.00000 -99999.00000 -99999.00000 -99999.00000 -99999.00000
7.73862 7.73927 7.74093 7.74102 7.73963 7.74008 7.74037 7.74010 7.74030 7.74003 7.73983 7.73920 7.73851 7.73856 7.73842 7.73842 7.73844 7.73784 7.73592 7.73652 7.73762 7.73688 7.73613 7.73605 7.73699 7.73688 7.73606 7.73483 7.73362 7.73430 -99999.00000 -99999.00000 -99999.00000 -99999.00000 -99999.00000 -99999.00000 -99999.00000 -99999.00000 -99999.00000 -99999.00000 -99999.00000 -99999.00000 -99999.00000 -99999.00000 -99999.00000 -99999.00000 -99999.00000 -99999.00000 -99999.00000 -99999.00000 -99999.00000 -99999.00000 -99999.00000 -99999.00000 -99999.00000 -99999.00000 -99999.00000 -99999.00000 -99999.00000 -99999.00000 -99999.00000 -99999.00000 -99999.00000 -99999.00000 -99999.00000 -99999.00000
7.73941 7.73879 7.73978 7.73958 7.73979 7.73919 7.73977 7.73915 7.73832 7.73873 7.73871 7.73787 7.73719 7.73741 7.73780 7.73709 7.73620 7.73619 7.73457 7.73530 7.73643 7.73604 7.73557 7.73481 7.73494 7.73545 7.73556 7.73442 7.73524 7.73450 7.73105 -99999.00000 -99999.00000 -99999.00000 -99999.00000 -99999.00000 -99999.00000 -99999.00000 -99999.00000 -99999.00000 -99999.00000 -99999.00000 -99999.00000 -99999.00000 -99999.00000 -99999.00000 -99999.00000 -99999.00000 -99999.00000 -99999.00000 -99999.00000 -99999.00000 -99999.00000 -99999.00000 -99999.00000 -99999.00000 -99999.00000 -99999.00000 -99999.00000 -99999.00000 -99999.00000 -99999.00000 -99999.00000 -99999.00000 -99999.00000 -99999.00000
7.74067 7.74030 7.73985 7.73923 7.74012 7.73838 7.73804 7.73784 7.73791 7.73853 7.73755 7.73647 7.73678 7.73703 7.73586 7.73455 7.73546 7.73442 7.73407 7.73509 7.73509 7.73467 7.73384 7.73331 7.73340 7.73454 7.73388 7.73380 7.73404 7.73308 7.73006 7.72907 7.73117 -99999.00000 -99999.00000 -99999.00000 -99999.00000 -99999.00000 -99999.00000 -99999.00000 -99999.00000 -99999.00000 -99999.00000 -99999.00000 -99999.00000 -99999.00000 -99999.00000 -99999.00000 -99999.00000 -99999.00000 -99999.00000 -99999.00000 -99999.00000 -99999.00000 -99999.00000 -99999.00000 -99999.00000 -99999.00000 -99999.00000 -99999.00000 -99999.00000 -99999.00000 -99999.00000 -99999.00000 -99999.00000 -99999.00000
7.74029 7.74008 7.73977 7.73911 7.74013 7.73931 7.73755 7.73636 7.73725 7.73795 7.73683 7.73665 7.73714 7.73616 7.73521 7.73607 7.73603 7.73537 7.73493 7.73477 7.73462 7.73434 7.73338 7.73278 7.73340 7.73397 7.73249 7.73222 7.73160 7.72954 7.72934 7.73133 7.73348 7.73500 7.73521 7.73566 -99999.00000 -99999.00000 -99999.00000 -99999.00000 -99999.00000 -99999.00000 -99999.00000 -99999.00000 -99999.00000 -99999.00000 -99999.00000 -99999.00000 -99999.00000 -99999.00000 -99999.00000 -99999.00000 -99999.00000 -99999.00000 -99999.00000 -99999.00000 -99999.00000 -99999.00000 -99999.00000 -99999.00000 -99999.00000 -99999.00000 -99999.00000 -99999.00000 -99999.00000 -99999.00000
7.73983 7.73982 7.73943 7.73826 7.73878 7.73824 7.73659 7.73650 7.73586 7.73612 7.73612 7.73671 7.73676 7.73566 7.73484 7.73559 7.73585 7.73539 7.73445 7.73425 7.73400 7.73276 7.73228 7.73252 7.73325 7.73314 7.73181 7.73116 7.73065 7.73101 7.73209 7.73344 7.73466 7.73524 7.73519 7.73519 7.73512 7.73425 7.73548 -99999.00000 -99999.00000 -99999.00000 -99999.00000 -99999.00000 -99999.00000 -99999.00000 -99999.00000 -99999.00000 -99999.00000 -99999.00000 -99999.00000 -99999.00000 -99999.00000 -99999.00000 -99999.00000 -99999.00000 -99999.00000 -99999.00000 -99999.00000 -99999.00000 -99999.00000 -99999.00000 -99999.00000 -99999.00000 -99999.00000 -99999.00000
7.73973 7.73944 7.73917 7.73758 7.73630 7.73675 7.73642 7.73643 7.73643 7.73556 7.73479 7.73565 7.73613 7.73583 7.73462 7.73406 7.73453 7.73474 7.73410 7.73310 7.73201 7.73154 7.73165 7.73141 7.73210 7.73167 7.73090 7.73071 7.73250 7.73332 7.73383 7.73424 7.73471 7.73482 7.73491 7.73461 7.73354 7.73430 7.73496 7.73427 7.73386 7.73144 7.73168 -99999.00000 -99999.00000 -99999.00000 -99999.00000 -99999.00000 -99999.00000 -99999.00000 -99999.00000 -99999.00000 -99999.00000 -99999.00000 -99999.00000 -99999.00000 -99999.00000 -99999.00000 -99999.00000 -99999.00000 -99999.00000 -99999.00000 -99999.00000 -99999.00000 -99999.00000 -99999.00000
7.73911 7.73894 7.73899 7.73698 7.73607 7.73699 7.73686 7.73648 7.73587 7.73471 7.73399 7.73458 7.73534 7.73523 7.73415 7.73347 7.73397 7.73403 7.73293 7.73206 7.73162 7.73174 7.73027 7.72631 7.72849 7.73030 7.73126 7.73180 7.73321 7.73334 7.73328 7.73364 7.73416 7.73439 7.73423 7.73399 7.73353 7.73322 7.73475 7.73481 7.73485 7.73348 7.73336 7.73348 7.73298 -99999.00000 -99999.00000 -99999.00000 -99999.00000 -99999.00000 -99999.00000 -99999.00000 -99999.00000 -99999.00000 -99999.00000 -99999.00000 -99999.00000 -99999.00000 -99999.00000 -99999.00000 -99999.00000 -99999.00000 -99999.00000 -99999.00000 -99999.00000 -99999.00000
7.73861 7.73844 7.73799 7.73642 7.73606 7.73561 7.73565 7.73506 7.73356 7.73308 7.73311 7.73413 7.73410 7.73351 7.73333 7.73390 7.73352 7.73312 7.73232 7.73175 7.73150 7.73088 7.72419 7.71383 7.71290 7.72618 7.73222 7.73334 7.73354 7.73276 7.73192 7.73309 7.73330 7.73352 7.73293 7.73359 7.73451 7.73441 7.73456 7.73443 7.73395 7.73383 7.73339 7.73283 7.73265 7.73315 7.73282 -99999.00000 -99999.00000 -99999.00000 -99999.00000 -99999.00000 -99999.00000 -99999.00000 -99999.00000 -99999.00000 -99999.00000 -99999.00000 -99999.00000 -99999.00000 -99999.00000 -99999.00000 -99999.00000 -99999.00000 -99999.00000 -99999.00000
7.73748 7.73709 7.73598 7.73534 7.73562 7.73436 7.73321 7.73302 7.73261 7.73281 7.73246 7.73315 7.73310 7.73356 7.73386 7.73372 7.73244 7.73275 7.73202 7.73107 7.73045 7.72959 7.71552 7.69902 7.70474 7.71312 7.72901 7.73102 7.73215 7.73180 7.73155 7.73312 7.73300 7.73267 7.73290 7.73332 7.73420 7.73398 7.73422 7.73342 7.73315 7.73398 7.73362 7.73256 7.73257 7.73301 7.73241 7.72819 7.72591 -99999.00000 -99999.00000 -99999.00000 -99999.00000 -99999.00000 -99999.00000 -99999.00000 -99999.00000 -99999.00000 -99999.00000 -99999.00000 -99999.00000 -99999.00000 -99999.00000 -99999.00000 -99999.00000 -99999.00000
7.73194 7.73302 7.73405 7.73254 7.73443 7.73455 7.73363 7.73345 7.73328 7.73276 7.73245 7.73306 7.73355 7.73353 7.73387 7.73361 7.73318 7.73241 7.73113 7.72978 7.72883 7.72975 7.72641 7.71227 7.70815 7.72587 7.73145 7.72991 7.72950 7.73000 7.73100 7.73201 7.73176 7.73229 7.73254 7.73355 7.73378 7.73333 7.73369 7.73324 7.73280 7.73347 7.73288 7.73246 7.73222 7.73233 7.73223 7.73038 7.72929 7.72990 7.72873 -99999.00000 -99999.00000 -99999.00000 -99999.00000 -99999.00000 -99999.00000 -99999.00000 -99999.00000 -99999.00000 -99999.00000 -99999.00000 -99999.00000 -99999.00000 -99999.00000 -99999.00000
7.71699 7.72453 7.73157 7.72987 7.73284 7.73402 7.73404 7.73362 7.73347 7.73249 7.73211 7.73301 7.73346 7.73363 7.73282 7.73262 7.73163 7.73180 7.73152 7.72968 7.72860 7.72981 7.73092 7.72966 7.72901 7.73161 7.73106 7.72874 7.72844 7.72978 7.73032 7.73126 7.73203 7.73142 7.73022 7.73214 7.73269 7.73256 7.73217 7.73235 7.73263 7.73259 7.73170 7.73155 7.73188 7.73239 7.73243 7.73216 7.73113 7.73083 7.73021 7.73015 -99999.00000 -99999.00000 -99999.00000 -99999.00000 -99999.00000 -99999.00000 -99999.00000 -99999.00000 -99999.00000 -99999.00000 -99999.00000 -99999.00000 -99999.00000 -99999.00000
7.72427 7.72287 7.72466 7.72615 7.73004 7.73231 7.73324 7.73286 7.73254 7.73230 7.73262 7.73325 7.73344 7.73320 7.73259 7.73223 7.73191 7.73174 7.73099 7.72918 7.72824 7.73023 7.73090 7.73078 7.73046 7.73137 7.72981 7.72948 7.72925 7.72939 7.72918 7.73045 7.73135 7.72906 7.73038 7.73090 7.73217 7.73257 7.73212 7.73166 7.73179 7.73142 7.73135 7.73147 7.73112 7.73049 7.73074 7.73120 7.73120 7.73083 7.73036 7.72973 7.72844 -99999.00000 -99999.00000 -99999.00000 -99999.00000 -99999.00000 -99999.00000 -99999.00000 -99999.00000 -99999.00000 -99999.00000 -99999.00000 -99999.00000 -99999.00000
7.72890 7.72908 7.72440 7.72526 7.72678 7.72935 7.73180 7.73225 7.73231 7.73302 7.73325 7.73351 7.73330 7.73256 7.73216 7.73199 7.73209 7.73068 7.72977 7.72760 7.72838 7.73057 7.73067 7.73018 7.73046 7.73072 7.72981 7.73001 7.72958 7.72954 7.72852 7.72854 7.73004 7.72959 7.73005 7.73120 7.73198 7.73245 7.73207 7.73205 7.73152 7.73197 7.73196 7.73141 7.73146 7.73128 7.72970 7.73028 7.73042 7.73016 7.73016 7.72910 7.72785 7.72733 7.72697 -99999.00000 -99999.00000 -99999.00000 -99999.00000 -99999.00000 -99999.00000 -99999.00000 -99999.00000 -99999.00000 -99999.00000 -99999.00000
7.73110 7.72988 7.72667 7.72686 7.72515 7.72599 7.72961 7.73165 7.73278 7.73312 7.73317 7.73309 7.73270 7.73220 7.73188 7.73158 7.73191 7.73085 7.72960 7.72876 7.72986 7.73047 7.73056 7.73018 7.73078 7.73042 7.73002 7.72919 7.72872 7.72860 7.72851 7.72891 7.72938 7.72996 7.73061 7.73110 7.73175 7.73193 7.73163 7.73142 7.73127 7.73185 7.73158 7.73110 7.73167 7.73148 7.73000 7.73007 7.73023 7.72895 7.72828 7.72731 7.72691 7.72737 7.72778 7.72710 -99999.00000 -99999.00000 -99999.00000 -99999.00000 -99999.00000 -99999.00000 -99999.00000 -99999.00000 -99999.00000 7.72577
7.72572 7.72876 7.72379 7.72456 7.72444 7.72639 7.72845 7.72853 7.73038 7.73204 7.73267 7.73213 7.73061 7.73044 7.73156 7.73175 7.73167 7.73131 7.73051 7.72977 7.72980 7.73002 7.73024 7.72981 7.73001 7.73027 7.73000 7.72937 7.72797 7.72807 7.72814 7.72810 7.72850 7.72961 7.73078 7.73098 7.73095 7.73099 7.73122 7.73106 7.73126 7.73134 7.73130 7.73084 7.73086 7.73100 7.73000 7.72865 7.72846 7.72833 7.72866 7.72822 7.72831 7.72770 7.72768 7.72628 7.72339 -99999.00000 -99999.00000 -99999.00000 -99999.00000 -99999.00000 -99999.00000 -99999.00000 7.72510 7.72455
7.72266 7.72694 7.72381 7.72147 7.72020 7.72298 7.72651 7.72709 7.72737 7.72998 7.73063 7.72783 7.72430 7.72339 7.72931 7.73116 7.73111 7.73109 7.73071 7.73021 7.72924 7.72919 7.72957 7.72925 7.72938 7.72954 7.72910 7.72816 7.72821 7.72852 7.72790 7.72776 7.72791 7.72849 7.72950 7.72974 7.72987 7.73011 7.73028 7.72977 7.73039 7.73088 7.73081 7.73056 7.73007 7.73014 7.72960 7.72759 7.72735 7.72740 7.72820 7.72795 7.72784 7.72786 7.72744 7.72598 7.72420 7.72377 -99999.00000 -99999.00000 -99999.00000 -99999.00000 7.72367 7.72346 7.72372 7.72329
7.72227 7.72033 7.72679 7.72281 7.71248 7.71647 7.72387 7.72489 7.72491 7.72766 7.72657 7.72227 7.72431 7.71789 7.72196 7.72924 7.72993 7.73005 7.72999 7.72973 7.72909 7.72852 7.72854 7.72856 7.72898 7.72864 7.72795 7.72794 7.72845 7.72831 7.72775 7.72778 7.72716 7.72750 7.72800 7.72812 7.72846 7.72802 7.72927 7.72849 7.72918 7.73001 7.73030 7.73056 7.73026 7.72912 7.72830 7.72739 7.72680 7.72610 7.72649 7.72620 7.72581 7.72678 7.72664 7.72537 7.72411 7.72390 7.72351 -99999.00000 -99999.00000 7.72265 7.72270 7.72246 7.72254 7.72228
7.72834 7.72101 7.72317 7.72264 7.71768 7.70686 7.71554 7.71773 7.72149 7.71965 7.72128 7.72271 7.72397 7.71866 7.72295 7.72681 7.72663 7.72808 7.72936 7.72926 7.72865 7.72805 7.72765 7.72805 7.72773 7.72656 7.72654 7.72692 7.72737 7.72702 7.72703 7.72693 7.72630 7.72689 7.72751 7.72689 7.72466 7.72665 7.72786 7.72845 7.72848 7.72907 7.72904 7.72932 7.72926 7.72812 7.72837 7.72655 7.72559 7.72562 7.72379 7.72459 7.72595 7.72568 7.72557 7.72415 7.72380 7.72397 7.72351 7.72260 7.72223 7.72220 7.72212 7.72195 7.72206 7.72201
7.73063 7.72912 7.72688 7.72551 7.72046 7.71609 7.70939 7.71158 7.71940 7.71571 7.71794 7.71743 7.72174 7.71885 7.72433 7.72493 7.72285 7.72290 7.72744 7.72837 7.72834 7.72673 7.72515 7.72610 7.72410 7.72352 7.72375 7.72494 7.72605 7.72593 7.72629 7.72623 7.72661 7.72586 7.72625 7.72538 7.72438 7.72341 7.72611 7.72747 7.72853 7.72880 7.72744 7.72653 7.72558 7.72584 7.72783 7.72673 7.72532 7.72575 7.72366 7.72217 7.72433 7.72551 7.72515 7.72441 7.72363 7.72351 7.72272 7.72253 7.72224 7.72168 7.72135 7.72133 7.72142 7.72100
7.73046 7.72991 7.72711 7.72667 7.72697 7.72393 7.71711 7.71699 7.72120 7.71828 7.71017 7.71399 7.72227 7.72170 7.72215 7.72265 7.72304 7.72032 7.72369 7.72703 7.72700 7.72549 7.72385 7.72283 7.72169 7.72057 7.71980 7.72199 7.72463 7.72380 7.72448 7.72639 7.72630 7.72561 7.72475 7.72449 7.72240 7.72338 7.72455 7.72459 7.72635 7.72716 7.72656 7.72586 7.72638 7.72422 7.72647 7.72645 7.72581 7.72391 7.72376 7.72283 7.72289 7.72479 7.72506 7.72466 7.72291 7.72249 7.72242 7.72204 7.72122 7.72068 7.72044 7.72033 7.72041 7.71967
7.72882 7.72916 7.72541 7.72342 7.72636 7.72807 7.72683 7.72252 7.72477 7.72410 7.71714 7.71801 7.71774 7.72158 7.72231 7.72304 7.72135 7.72151 7.72393 7.72647 7.72680 7.72486 7.72369 7.72338 7.72246 7.72253 7.72252 7.71928 7.72134 7.72203 7.72221 7.72476 7.72513 7.72586 7.72444 7.72295 7.72185 7.72263 7.72336 7.72313 7.72522 7.72597 7.72581 7.72417 7.72531 7.72495 7.72695 7.72626 7.72489 7.72237 7.72235 7.72388 7.72363 7.72454 7.72421 7.72448 7.72388 7.72219 7.72210 7.72188 7.72091 7.71948 7.71952 7.71952 7.71901 7.71814
7.72729 7.72755 7.72558 7.72247 7.72238 7.72565 7.72686 7.72466 7.72387 7.72584 7.72127 7.71811 7.71925 7.71985 7.72161 7.72171 7.72168 7.72271 7.72430 7.72490 7.72516 7.72503 7.72534 7.72364 7.72384 7.72312 7.72156 7.72022 7.72196 7.72115 7.72059 7.72335 7.72417 7.72377 7.72255 7.72265 7.71931 7.71941 7.72274 7.72480 7.72526 7.72623 7.72618 7.72536 7.72530 7.72601 7.72671 7.72576 7.72378 7.72169 7.72359 7.72341 7.72256 7.72373 7.72410 7.72386 7.72368 7.72268 7.72185 7.72161 7.72061 7.71837 7.71850 7.71898 7.71750 7.71576
7.72651 7.72668 7.72659 7.72587 7.72244 7.72265 7.72452 7.72272 7.72185 7.72305 7.72381 7.71652 7.71294 7.71689 7.71795 7.71710 7.71746 7.71927 7.72183 7.72255 7.72231 7.72387 7.72503 7.72424 7.72422 7.72322 7.72291 7.72192 7.72127 7.72214 7.71993 7.72275 7.72398 7.72419 7.72292 7.72064 7.71927 7.72131 7.72312 7.72445 7.72444 7.72500 7.72449 7.72438 7.72500 7.72484 7.72465 7.72292 7.72248 7.72383 7.72419 7.72222 7.72247 7.72403 7.72388 7.72269 7.72207 7.72157 7.72138 7.72113 7.71990 7.71732 7.71723 7.71778 7.71652 7.71371
7.72609 7.72556 7.72600 7.72666 7.72560 7.72246 7.72398 7.72240 7.72315 7.71952 7.71881 7.71752 7.71798 7.71796 7.71811 7.71930 7.71863 7.71765 7.71722 7.71705 7.71830 7.71832 7.72245 7.72273 7.72253 7.72290 7.72407 7.72381 7.72309 7.72214 7.72127 7.72292 7.72348 7.72386 7.72320 7.72145 7.72168 7.72276 7.72364 7.72397 7.72368 7.72301 7.72321 7.72423 7.72591 7.72543 7.72423 7.72340 7.72200 7.72455 7.72413 7.72364 7.72370 7.72209 7.72271 7.72210 7.72198 7.72173 7.72149 7.72030 7.71866 7.71753 7.71746 7.71694 7.71539 7.71245
7.72501 7.72525 7.72526 7.72556 7.72552 7.72406 7.72301 7.72232 7.72230 7.71952 7.71701 7.71734 7.70894 7.71486 7.71740 7.72194 7.71970 7.71881 7.71744 7.71768 7.71896 7.71664 7.71672 7.71699 7.71974 7.72253 7.72345 7.72329 7.72287 7.72203 7.72106 7.72200 7.72305 7.72332 7.72267 7.72209 7.72199 7.72258 7.72350 7.72412 7.72433 7.72382 7.72280 7.72412 7.72543 7.72465 7.72387 7.72236 7.72199 7.72453 7.72467 7.72428 7.72330 7.72155 7.72164 7.72027 7.72086 7.72102 7.72057 7.71904 7.71771 7.71778 7.71718 7.71581 7.71392 7.71022
7.72273 7.72441 7.72457 7.72487 7.72585 7.72519 7.72348 7.72212 7.72270 7.72099 7.71580 7.71928 7.71356 7.71885 7.71992 7.72174 7.72087 7.71835 7.72158 7.72121 7.71833 7.71716 7.71603 7.71508 7.71127 7.71875 7.72145 7.72205 7.72198 7.72110 7.72113 7.72187 7.72282 7.72259 7.72198 7.72184 7.72162 7.72253 7.72306 7.72328 7.72409 7.72430 7.72338 7.72381 7.72371 7.72427 7.72451 7.72348 7.72372 7.72444 7.72449 7.72334 7.72238 7.72219 7.72081 7.71905 7.71915 7.71961 7.71875 7.71698 7.71636 7.71649 7.71642 7.71476 7.71146 7.70726
7.72113 7.72289 7.72261 7.72270 7.72404 7.72443 7.72393 7.72311 7.72298 7.72197 7.71952 7.71830 7.71661 7.71624 7.71400 7.71877 7.72058 7.72015 7.72164 7.72149 7.72024 7.71789 7.71596 7.71667 7.71140 7.71234 7.71747 7.71896 7.72020 7.72050 7.72069 7.72139 7.72188 7.72177 7.72123 7.72081 7.72064 7.72139 7.72259 7.72328 7.72313 7.72343 7.72260 7.72234 7.72242 7.72346 7.72383 7.72409 7.72379 7.72344 7.72393 7.72325 7.72099 7.71977 7.72017 7.71773 7.71572 7.71735 7.71707 7.71610 7.71625 7.71517 7.71519 7.71341 7.71061 7.70743
7.71986 7.71431 7.71471 7.71906 7.72042 7.72190 7.72254 7.72236 7.72254 7.72307 7.72266 7.71927 7.71673 7.70927 7.71778 7.71835 7.71879 7.71647 7.71153 7.71478 7.71927 7.71916 7.71999 7.71843 7.71283 7.71372 7.71591 7.71524 7.71490 7.71695 7.71896 7.72010 7.72060 7.72106 7.72092 7.72003 7.71979 7.72074 7.72242 7.72247 7.71982 7.72004 7.72208 7.72279 7.72260 7.72210 7.72302 7.72303 7.72335 7.72266 7.72366 7.72283 7.72070 7.71952 7.71855 7.71775 7.71728 7.71492 7.71558 7.71620 7.71572 7.71281 7.71261 7.71221 7.70993 7.70677
