mrvbf_slope1.3_pctl1.3.asc
NCOLS 410
NROWS 410
XLLCORNER 2398750.0000000000000000
YLLCORNER 2548750.0000000000000000
CELLSIZE 250.0000000000000000
NODATA_VALUE -99999.00000
[rows 0 to 28 of 410, columns 0 to 65 of 410]
-99999.00000 -99999.00000 -99999.00000 -99999.00000 -99999.00000 -99999.00000 -99999.00000 -99999.00000 -99999.00000 -99999.00000 -99999.00000 -99999.00000 -99999.00000 -99999.00000 -99999.00000 -99999.00000 -99999.00000 -99999.00000 -99999.00000 -99999.00000 -99999.00000 -99999.00000 -99999.00000 -99999.00000 -99999.00000 -99999.00000 -99999.00000 -99999.00000 -99999.00000 -99999.00000 -99999.00000 -99999.00000 -99999.00000 -99999.00000 -99999.00000 -99999.00000 -99999.00000 -99999.00000 -99999.00000 -99999.00000 -99999.00000 -99999.00000 -99999.00000 -99999.00000 -99999.00000 -99999.00000 -99999.00000 -99999.00000 -99999.00000 -99999.00000 -99999.00000 -99999.00000 -99999.00000 -99999.00000 -99999.00000 -99999.00000 -99999.00000 -99999.00000 -99999.00000 -99999.00000 -99999.00000 -99999.00000 -99999.00000 -99999.00000 -99999.00000 -99999.00000
-99999.00000 -99999.00000 -99999.00000 -99999.00000 -99999.00000 -99999.00000 -99999.00000 -99999.00000 -99999.00000 -99999.00000 -99999.00000 -99999.00000 -99999.00000 -99999.00000 -99999.00000 -99999.00000 -99999.00000 -99999.00000 -99999.00000 -99999.00000 -99999.00000 -99999.00000 -99999.00000 -99999.00000 -99999.00000 -99999.00000 -99999.00000 -99999.00000 -99999.00000 -99999.00000 -99999.00000 -99999.00000 -99999.00000 -99999.00000 -99999.00000 -99999.00000 -99999.00000 -99999.00000 -99999.00000 -99999.00000 -99999.00000 -99999.00000 -99999.00000 -99999.00000 -99999.00000 -99999.00000 -99999.00000 -99999.00000 -99999.00000 -99999.00000 -99999.00000 -99999.00000 -99999.00000 -99999.00000 -99999.00000 -99999.00000 -99999.00000 -99999.00000 -99999.00000 -99999.00000 -99999.00000 -99999.00000 -99999.00000 -99999.00000 -99999.00000 -99999.00000
-99999.00000 -99999.00000 -99999.00000 -99999.00000 -99999.00000 -99999.00000 -99999.00000 -99999.00000 -99999.00000 -99999.00000 -99999.00000 -99999.00000 -99999.00000 -99999.00000 -99999.00000 -99999.00000 -99999.00000 -99999.00000 -99999.00000 -99999.00000 -99999.00000 -99999.00000 -99999.00000 -99999.00000 -99999.00000 -99999.00000 -99999.00000 -99999.00000 -99999.00000 -99999.00000 -99999.00000 -99999.00000 -99999.00000 -99999.00000 -99999.00000 -99999.00000 -99999.00000 -99999.00000 -99999.00000 -99999.00000 -99999.00000 -99999.00000 -99999.00000 -99999.00000 -99999.00000 -99999.00000 -99999.00000 -99999.00000 -99999.00000 -99999.00000 -99999.00000 -99999.00000 -99999.00000 -99999.00000 -99999.00000 -99999.00000 -99999.00000 -99999.00000 -99999.00000 -99999.00000 -99999.00000 -99999.00000 -99999.00000 -99999.00000 -99999.00000 -99999.00000
-99999.00000 -99999.00000 -99999.00000 -99999.00000 -99999.00000 -99999.00000 -99999.00000 -99999.00000 -99999.00000 -99999.00000 -99999.00000 -99999.00000 -99999.00000 -99999.00000 -99999.00000 -99999.00000 -99999.00000 -99999.00000 -99999.00000 -99999.00000 -99999.00000 -99999.00000 -99999.00000 -99999.00000 -99999.00000 -99999.00000 -99999.00000 -99999.00000 -99999.00000 -99999.00000 -99999.00000 -99999.00000 -99999.00000 -99999.00000 -99999.00000 -99999.00000 -99999.00000 -99999.00000 -99999.00000 -99999.00000 -99999.00000 -99999.00000 -99999.00000 -99999.00000 -99999.00000 -99999.00000 -99999.00000 -99999.00000 -99999.00000 -99999.00000 -99999.00000 -99999.00000 -99999.00000 -99999.00000 -99999.00000 -99999.00000 -99999.00000 -99999.00000 -99999.00000 -99999.00000 -99999.00000 -99999.00000 -99999.00000 -99999.00000 -99999.00000 -99999.00000
-99999.00000 -99999.00000 -99999.00000 -99999.00000 -99999.00000 -99999.00000 -99999.00000 -99999.00000 -99999.00000 -99999.00000 -99999.00000 -99999.00000 -99999.00000 -99999.00000 -99999.00000 -99999.00000 -99999.00000 -99999.00000 -99999.00000 -99999.00000 -99999.00000 -99999.00000 -99999.00000 -99999.00000 -99999.00000 -99999.00000 -99999.00000 -99999.00000 -99999.00000 -99999.00000 -99999.00000 -99999.00000 -99999.00000 -99999.00000 -99999.00000 -99999.00000 -99999.00000 -99999.00000 -99999.00000 -99999.00000 -99999.00000 -99999.00000 -99999.00000 -99999.00000 -99999.00000 -99999.00000 -99999.00000 -99999.00000 -99999.00000 -99999.00000 -99999.00000 -99999.00000 -99999.00000 -99999.00000 -99999.00000 -99999.00000 -99999.00000 -99999.00000 -99999.00000 -99999.00000 -99999.00000 -99999.00000 -99999.00000 -99999.00000 -99999.00000 -99999.00000
-99999.00000 -99999.00000 -99999.00000 -99999.00000 -99999.00000 7.87742 7.87781 7.87925 7.87869 7.87199 7.86306 7.87524 7.87668 7.86937 7.87480 7.87723 7.87683 7.87729 7.87757 7.87535 7.86983 7.86251 7.85623 7.84945 7.84520 7.85321 7.86625 7.86479 7.83870 7.81907 7.82475 7.84549 7.85802 7.85708 7.85451 7.86148 7.86623 7.86761 7.86818 7.86778 7.86545 7.86701 7.87169 7.87551 7.87741 7.87852 7.87884 7.87870 7.87846 7.87827 7.87815 7.87804 7.87774 7.87683 7.87560 7.87516 7.87517 7.87492 7.87471 7.87417 7.87249 7.87075 7.86981 7.87026 7.86983 7.86442
-99999.00000 -99999.00000 -99999.00000 -99999.00000 -99999.00000 7.87714 7.87736 7.87855 7.87651 7.86994 7.87184 7.87441 7.87444 7.87378 7.87240 7.87627 7.87665 7.87684 7.87662 7.87425 7.86894 7.86330 7.85974 7.85488 7.85136 7.85557 7.86197 7.86345 7.84804 7.82769 7.82854 7.84728 7.85974 7.86059 7.86230 7.86649 7.87017 7.86968 7.86757 7.87009 7.86412 7.86601 7.87218 7.87598 7.87760 7.87830 7.87834 7.87811 7.87769 7.87719 7.87719 7.87745 7.87734 7.87637 7.87481 7.87423 7.87425 7.87380 7.87339 7.87342 7.87256 7.87041 7.86817 7.86846 7.87026 7.86662
-99999.00000 -99999.00000 -99999.00000 -99999.00000 -99999.00000 7.87562 7.87639 7.87808 7.87676 7.87417 7.86868 7.87444 7.87671 7.87229 7.87268 7.87522 7.87603 7.87622 7.87585 7.87371 7.86916 7.86644 7.86593 7.86270 7.85793 7.85452 7.85214 7.85440 7.85810 7.83965 7.83437 7.84998 7.86286 7.86727 7.87227 7.87313 7.87508 7.87321 7.86835 7.86833 7.86142 7.86627 7.87322 7.87640 7.87758 7.87789 7.87777 7.87714 7.87512 7.87296 7.87360 7.87576 7.87674 7.87603 7.87412 7.87296 7.87289 7.87254 7.87172 7.87150 7.87191 7.87073 7.86797 7.86762 7.86946 7.86905
-99999.00000 -99999.00000 -99999.00000 -99999.00000 -99999.00000 7.87298 7.87408 7.87708 7.87808 7.87611 7.87154 7.87212 7.87231 7.86810 7.87043 7.87349 7.87496 7.87592 7.87617 7.87499 7.87192 7.86939 7.86877 7.86629 7.86118 7.85469 7.84896 7.84610 7.85664 7.84568 7.83467 7.84917 7.86523 7.87105 7.87426 7.87260 7.87100 7.86893 7.86637 7.86050 7.85976 7.86747 7.87357 7.87608 7.87720 7.87742 7.87703 7.87493 7.87153 7.87081 7.87078 7.87290 7.87559 7.87580 7.87376 7.87159 7.87116 7.87145 7.87110 7.86966 7.86924 7.86888 7.86585 7.86569 7.86862 7.86883
-99999.00000 -99999.00000 -99999.00000 -99999.00000 -99999.00000 7.87191 7.87168 7.87441 7.87724 7.87598 7.87070 7.86974 7.86107 7.86163 7.86819 7.87238 7.87494 7.87661 7.87728 7.87681 7.87513 7.87286 7.87148 7.86950 7.86564 7.86203 7.85884 7.84671 7.84677 7.85385 7.84150 7.84929 7.86544 7.87174 7.87310 7.87053 7.87065 7.87195 7.86415 7.85716 7.86013 7.86772 7.87291 7.87503 7.87648 7.87686 7.87604 7.87345 7.87191 7.87304 7.87149 7.87202 7.87497 7.87558 7.87370 7.87083 7.86959 7.87028 7.87120 7.86970 7.86666 7.86302 7.85872 7.86129 7.86514 7.86583
-99999.00000 -99999.00000 -99999.00000 -99999.00000 -99999.00000 7.87355 7.87133 7.87120 7.87465 7.87429 7.87381 7.86443 7.86312 7.86804 7.87148 7.87434 7.87658 7.87788 7.87843 7.87819 7.87713 7.87566 7.87499 7.87447 7.87297 7.87181 7.86916 7.85739 7.84807 7.85234 7.85008 7.85227 7.86411 7.87046 7.87132 7.87035 7.87228 7.87091 7.85923 7.85432 7.86052 7.86794 7.87201 7.87356 7.87514 7.87605 7.87528 7.87366 7.87327 7.87295 7.87185 7.87280 7.87499 7.87529 7.87362 7.87071 7.86887 7.86908 7.87002 7.86976 7.86671 7.86149 7.85976 7.86408 7.86638 7.86616
-99999.00000 -99999.00000 -99999.00000 -99999.00000 -99999.00000 7.87287 7.87197 7.86771 7.86936 7.86984 7.87186 7.86809 7.86790 7.87109 7.87485 7.87683 7.87815 7.87877 7.87885 7.87854 7.87771 7.87663 7.87658 7.87740 7.87761 7.87706 7.87537 7.86897 7.85840 7.85560 7.85790 7.85933 7.86539 7.87084 7.87156 7.87196 7.87329 7.86638 7.85377 7.85519 7.86409 7.86975 7.87218 7.87297 7.87389 7.87497 7.87466 7.87418 7.87442 7.87383 7.87317 7.87346 7.87450 7.87471 7.87324 7.87075 7.86894 7.86841 7.86841 7.86795 7.86589 7.86215 7.86094 7.86450 7.86776 7.86848
-99999.00000 -99999.00000 -99999.00000 -99999.00000 -99999.00000 7.86641 7.86976 7.86413 7.86066 7.87041 7.86799 7.86835 7.87011 7.87116 7.87337 7.87596 7.87769 7.87844 7.87848 7.87789 7.87644 7.87509 7.87553 7.87690 7.87788 7.87882 7.87835 7.87655 7.87193 7.86854 7.86963 7.86825 7.86514 7.86727 7.86886 7.87022 7.87238 7.86188 7.85183 7.85933 7.86858 7.87225 7.87320 7.87337 7.87385 7.87446 7.87408 7.87375 7.87405 7.87378 7.87323 7.87278 7.87308 7.87348 7.87263 7.87081 7.86917 7.86819 7.86759 7.86658 7.86435 7.86022 7.85620 7.85788 7.86353 7.86768
-99999.00000 -99999.00000 -99999.00000 -99999.00000 -99999.00000 7.85686 7.86189 7.86616 7.86457 7.86503 7.86749 7.87034 7.86879 7.87293 7.87393 7.87549 7.87666 7.87729 7.87723 7.87621 7.87448 7.87367 7.87501 7.87640 7.87640 7.87798 7.87932 7.87904 7.87810 7.87663 7.87516 7.87286 7.86809 7.86564 7.86472 7.86470 7.86870 7.85766 7.85233 7.86297 7.86947 7.87193 7.87277 7.87332 7.87406 7.87430 7.87315 7.87232 7.87227 7.87197 7.87180 7.87181 7.87192 7.87219 7.87197 7.87044 7.86888 7.86797 7.86756 7.86690 7.86553 7.86350 7.86057 7.85851 7.86031 7.86386
-99999.00000 -99999.00000 -99999.00000 -99999.00000 -99999.00000 7.84564 7.85827 7.86872 7.87129 7.87001 7.87139 7.87084 7.87374 7.87513 7.87475 7.87579 7.87630 7.87603 7.87534 7.87404 7.87293 7.87336 7.87541 7.87694 7.87613 7.87588 7.87802 7.87919 7.87882 7.87732 7.87564 7.87496 7.87277 7.86917 7.86561 7.86169 7.86205 7.85767 7.85099 7.85737 7.86248 7.86651 7.86934 7.87167 7.87334 7.87313 7.87161 7.87109 7.87128 7.87064 7.86976 7.86950 7.86942 7.86955 7.86962 7.86877 7.86778 7.86746 7.86771 7.86793 7.86772 7.86676 7.86494 7.86338 7.86253 7.86241
-99999.00000 -99999.00000 -99999.00000 -99999.00000 -99999.00000 7.85312 7.85552 7.85856 7.86509 7.87151 7.87225 7.87399 7.87644 7.87583 7.87354 7.87433 7.87537 7.87397 7.87291 7.87220 7.87237 7.87386 7.87593 7.87728 7.87665 7.87504 7.87577 7.87733 7.87669 7.87538 7.87540 7.87578 7.87465 7.87210 7.86864 7.86345 7.85838 7.85984 7.85498 7.85332 7.85466 7.85862 7.86344 7.86831 7.87115 7.87078 7.87040 7.87124 7.87136 7.86867 7.86544 7.86504 7.86629 7.86787 7.86861 7.86780 7.86670 7.86662 7.86730 7.86785 7.86754 7.86630 7.86528 7.86584 7.86606 7.86526
-99999.00000 -99999.00000 -99999.00000 -99999.00000 -99999.00000 7.85864 7.85897 7.85831 7.86344 7.86986 7.87288 7.87527 7.87674 7.87668 7.87369 7.87202 7.87279 7.87148 7.87134 7.87162 7.87279 7.87473 7.87628 7.87706 7.87699 7.87588 7.87477 7.87488 7.87429 7.87459 7.87569 7.87595 7.87500 7.87365 7.87149 7.86814 7.86211 7.85706 7.86203 7.86233 7.85807 7.85571 7.85736 7.86241 7.86596 7.86767 7.86991 7.87163 7.86956 7.86393 7.86095 7.86374 7.86751 7.86956 7.86999 7.86869 7.86633 7.86557 7.86636 7.86707 7.86676 7.86596 7.86624 7.86678 7.86720 7.86731
-99999.00000 -99999.00000 -99999.00000 -99999.00000 -99999.00000 7.85914 7.85930 7.85814 7.86349 7.86471 7.86685 7.87173 7.87411 7.87525 7.87389 7.87169 7.86999 7.86990 7.87089 7.87172 7.87343 7.87525 7.87624 7.87667 7.87686 7.87679 7.87590 7.87505 7.87503 7.87554 7.87561 7.87533 7.87492 7.87395 7.87283 7.87112 7.86770 7.86136 7.86180 7.86685 7.86723 7.86095 7.85472 7.85496 7.85934 7.86474 7.86933 7.87025 7.86535 7.85979 7.86143 7.86690 7.86988 7.87092 7.87070 7.86923 7.86611 7.86428 7.86543 7.86676 7.86678 7.86573 7.86517 7.86606 7.86702 7.86696
-99999.00000 -99999.00000 -99999.00000 -99999.00000 -99999.00000 7.85444 7.85524 7.85746 7.86287 7.86126 7.85916 7.85936 7.86512 7.87154 7.86997 7.86983 7.87012 7.86901 7.86911 7.87075 7.87330 7.87509 7.87599 7.87640 7.87651 7.87654 7.87642 7.87612 7.87595 7.87571 7.87500 7.87480 7.87492 7.87406 7.87281 7.87131 7.86795 7.86450 7.86397 7.86585 7.86653 7.86540 7.85883 7.84947 7.85364 7.86217 7.86776 7.86780 7.86168 7.85893 7.86426 7.86886 7.87053 7.87096 7.87004 7.86791 7.86405 7.86229 7.86432 7.86656 7.86729 7.86667 7.86524 7.86440 7.86506 7.86431
-99999.00000 -99999.00000 -99999.00000 -99999.00000 -99999.00000 7.84863 7.84871 7.84965 7.85704 7.85857 7.85479 7.84303 7.85626 7.86789 7.86699 7.86548 7.86913 7.86850 7.86608 7.86831 7.87243 7.87429 7.87521 7.87564 7.87582 7.87578 7.87561 7.87535 7.87500 7.87465 7.87442 7.87475 7.87475 7.87399 7.87265 7.87095 7.86797 7.86610 7.86576 7.86567 7.86538 7.86513 7.86353 7.85378 7.85012 7.85734 7.86394 7.86492 7.85990 7.86007 7.86619 7.86953 7.87042 7.86996 7.86822 7.86463 7.85986 7.85921 7.86183 7.86449 7.86660 7.86740 7.86668 7.86343 7.86091 7.86125
-99999.00000 -99999.00000 -99999.00000 -99999.00000 -99999.00000 7.85224 7.85183 7.84616 7.84077 7.85120 7.85297 7.83802 7.83817 7.85467 7.86217 7.86824 7.87170 7.86977 7.86447 7.86543 7.87055 7.87234 7.87287 7.87304 7.87389 7.87438 7.87470 7.87485 7.87472 7.87454 7.87455 7.87455 7.87400 7.87309 7.87181 7.87014 7.86785 7.86641 7.86617 7.86617 7.86577 7.86488 7.86551 7.86266 7.85317 7.85439 7.86149 7.86270 7.86034 7.86286 7.86778 7.86948 7.86924 7.86784 7.86498 7.85972 7.85538 7.85589 7.85828 7.86013 7.86334 7.86629 7.86633 7.86221 7.85865 7.86180
-99999.00000 -99999.00000 -99999.00000 -99999.00000 -99999.00000 7.86061 7.86113 7.85906 7.84201 7.83549 7.84635 7.85435 7.84391 7.85514 7.86519 7.86973 7.87168 7.86927 7.86297 7.86212 7.86652 7.86713 7.86691 7.86781 7.87006 7.87238 7.87413 7.87471 7.87481 7.87466 7.87427 7.87361 7.87252 7.87067 7.86856 7.86706 7.86571 7.86518 7.86526 7.86519 7.86446 7.86341 7.86461 7.86593 7.85883 7.85561 7.86137 7.86173 7.86224 7.86598 7.86821 7.86780 7.86640 7.86386 7.85984 7.85507 7.85256 7.85391 7.85661 7.85697 7.85842 7.86290 7.86434 7.86123 7.85991 7.86297
-99999.00000 -99999.00000 -99999.00000 -99999.00000 -99999.00000 7.86427 7.86571 7.86650 7.85652 7.83765 7.84513 7.85513 7.86259 7.86376 7.86170 7.86639 7.86880 7.86528 7.85863 7.85886 7.86265 7.86366 7.86444 7.86442 7.86549 7.87000 7.87323 7.87400 7.87422 7.87402 7.87331 7.87202 7.86943 7.86573 7.86284 7.86135 7.86070 7.86172 7.86267 7.86273 7.86182 7.86026 7.86039 7.86265 7.86050 7.85475 7.85728 7.85994 7.86390 7.86630 7.86458 7.86190 7.85997 7.85791 7.85564 7.85349 7.85227 7.85447 7.85854 7.85832 7.85711 7.86006 7.86254 7.86229 7.86287 7.86400
-99999.00000 -99999.00000 -99999.00000 -99999.00000 -99999.00000 7.86221 7.86353 7.86535 7.86168 7.84724 7.84869 7.85798 7.86738 7.86769 7.86441 7.86515 7.86641 7.85953 7.85607 7.85988 7.86399 7.86738 7.86899 7.86447 7.86284 7.86861 7.87229 7.87299 7.87320 7.87299 7.87207 7.86963 7.86511 7.86100 7.85873 7.85631 7.85456 7.85607 7.85861 7.85982 7.85931 7.85722 7.85508 7.85544 7.85778 7.85941 7.85823 7.86070 7.86274 7.86039 7.85549 7.85252 7.85287 7.85461 7.85532 7.85488 7.85452 7.85693 7.86107 7.86088 7.85917 7.86095 7.86365 7.86485 7.86472 7.86423
-99999.00000 -99999.00000 -99999.00000 -99999.00000 -99999.00000 7.85861 7.86143 7.86540 7.86578 7.85991 7.85333 7.86442 7.86788 7.86575 7.86615 7.86792 7.86236 7.85221 7.85747 7.86458 7.86824 7.86959 7.86797 7.86386 7.86430 7.86885 7.87106 7.87146 7.87171 7.87166 7.87090 7.86743 7.86159 7.85844 7.85829 7.85685 7.85331 7.85291 7.85614 7.85898 7.85933 7.85702 7.85280 7.84862 7.84858 7.85388 7.86190 7.86169 7.85618 7.84886 7.84426 7.84473 7.84871 7.85381 7.85689 7.85758 7.85696 7.85849 7.86182 7.86126 7.85923 7.86078 7.86377 7.86494 7.86468 7.86394
-99999.00000 -99999.00000 -99999.00000 -99999.00000 -99999.00000 7.85887 7.86290 7.86721 7.86813 7.86642 7.86148 7.86779 7.86627 7.86370 7.86786 7.86772 7.85654 7.85487 7.86353 7.86844 7.87103 7.87059 7.86780 7.86577 7.86756 7.86847 7.86687 7.86702 7.86898 7.86996 7.86979 7.86654 7.86013 7.85659 7.85872 7.86241 7.85935 7.85618 7.85760 7.86100 7.86229 7.86015 7.85517 7.84755 7.84132 7.84431 7.85548 7.85961 7.84668 7.83617 7.83671 7.84222 7.84705 7.85330 7.85837 7.85993 7.85831 7.85838 7.86061 7.85903 7.85653 7.85941 7.86327 7.86470 7.86504 7.86469
-99999.00000 -99999.00000 -99999.00000 -99999.00000 -99999.00000 7.86188 7.86444 7.86777 7.86900 7.86798 7.86328 7.86712 7.86349 7.86097 7.86690 7.86512 7.85859 7.85829 7.86511 7.86940 7.87067 7.87004 7.86827 7.86815 7.86950 7.86507 7.85906 7.85751 7.86089 7.86599 7.86784 7.86651 7.86232 7.85693 7.85511 7.85994 7.86406 7.86133 7.85968 7.86231 7.86446 7.86266 7.85822 7.85192 7.84338 7.83778 7.84732 7.85749 7.83909 7.82822 7.83864 7.84800 7.85040 7.85478 7.86000 7.86173 7.85890 7.85721 7.85799 7.85463 7.85149 7.85705 7.86239 7.86404 7.86493 7.86516
-99999.00000 -99999.00000 -99999.00000 -99999.00000 -99999.00000 7.86338 7.86460 7.86694 7.86843 7.86734 7.86273 7.86217 7.86204 7.86543 7.86931 7.86518 7.86047 7.85984 7.86391 7.86767 7.86884 7.86789 7.86691 7.86801 7.86743 7.86010 7.85748 7.85519 7.85229 7.85687 7.86188 7.86458 7.86614 7.86254 7.85590 7.85449 7.86154 7.86217 7.85841 7.86070 7.86452 7.86224 7.85648 7.85378 7.85225 7.83927 7.84368 7.85780 7.83765 7.82573 7.84148 7.85125 7.85350 7.85721 7.86175 7.86306 7.85889 7.85530 7.85589 7.85312 7.84510 7.85214 7.86090 7.86309 7.86425 7.86474
-99999.00000 -99999.00000 -99999.00000 -99999.00000 -99999.00000 7.86309 7.86364 7.86539 7.86699 7.86660 7.86388 7.86260 7.86580 7.87017 7.87093 7.86686 7.86186 7.85979 7.86120 7.86276 7.86405 7.86312 7.86321 7.86629 7.86423 7.85926 7.86078 7.86277 7.85843 7.85569 7.85742 7.85996 7.86418 7.86673 7.86310 7.85550 7.85698 7.85883 7.85580 7.86152 7.86606 7.86475 7.85813 7.85238 7.85190 7.84405 7.84568 7.85836 7.84394 7.82987 7.83317 7.84280 7.85093 7.85784 7.86185 7.86258 7.85836 7.85300 7.85295 7.85566 7.84540 7.84755 7.85842 7.86208 7.86339 7.86397
