mrvbf_slope0.6_pctl1.2.asc
NCOLS 410
NROWS 410
XLLCORNER 2398750.0000000000000000
YLLCORNER 2548750.0000000000000000
CELLSIZE 250.0000000000000000
NODATA_VALUE -99999.00000
[rows 377 to 405 of 410, columns 66 to 131 of 410]
3.23412 3.34372 3.44140 3.48813 3.44674 3.34322 3.25352 3.23858 3.17682 3.26441 3.26852 3.12201 2.79033 2.69127 2.76569 2.96023 3.12544 2.97943 2.77602 2.78461 3.01143 3.16352 3.20344 3.23017 3.19827 3.00351 2.69951 2.52692 2.73859 3.02973 3.18245 3.26276 3.24363 3.19449 3.31448 3.47008 3.37166 3.12187 3.17882 3.30174 3.37442 3.17782 2.83202 2.61880 1.55547 0.68030 0.52024 0.77955 1.84919 2.66396 3.03724 3.22853 3.17321 3.01167 3.13755 3.35565 3.40081 3.32921 3.21696 3.17261 3.15319 3.19135 3.23069 3.19825 3.22250 3.32811
3.19663 3.31528 3.39949 3.42284 3.37481 3.30700 3.29215 3.33491 3.34594 3.39040 3.35182 3.23981 3.08873 2.94885 2.86095 2.97394 3.10775 3.06906 2.95341 3.08541 3.19932 3.22555 3.24724 3.25926 3.26600 3.20883 2.93456 2.45547 2.44136 2.79350 3.08575 3.00875 3.06211 3.07583 3.18094 3.40288 3.44102 3.24532 3.17770 3.33835 3.37844 3.12741 2.90974 3.03455 2.76434 0.84962 0.74265 1.37683 2.47626 3.12226 3.35293 3.40825 3.22068 2.96119 3.17788 3.43519 3.38251 3.22132 2.96445 2.73011 2.71777 2.98709 3.18773 3.25259 3.27891 3.28347
3.11957 3.25724 3.34258 3.35903 3.33139 3.29212 3.31495 3.36373 3.33071 3.39486 3.25282 3.24485 3.22832 3.25185 3.13834 3.04383 3.07082 3.07916 3.10777 3.23486 3.30132 3.31333 3.35253 3.27840 3.27498 3.30977 3.27511 2.80032 2.35022 2.38992 2.55692 2.68174 2.83031 2.88041 3.04015 3.29542 3.36367 3.21835 3.17486 3.30134 3.28985 3.09516 3.07407 3.23807 2.82487 1.75849 1.95823 2.49375 3.04891 3.34015 3.38124 3.35350 3.13215 3.00891 3.27005 3.40916 3.33482 3.18986 2.95462 2.75924 2.74350 2.98546 3.22406 3.32958 3.33346 3.24562
3.01535 3.19777 3.31728 3.36452 3.35281 3.33473 3.38448 3.44999 3.42753 3.34839 3.31510 3.28625 3.26124 3.30925 3.32089 3.17371 3.07380 3.06304 3.13307 3.26869 3.36060 3.27188 3.21138 3.23361 3.30566 3.37517 3.36330 3.17916 2.82788 2.49455 2.50973 2.62381 2.67488 2.74866 2.92219 3.04943 2.96600 2.85526 2.94316 3.12938 3.13263 3.07625 3.21155 3.28636 2.73747 2.30470 2.59880 3.12922 3.43314 3.50649 3.47626 3.38230 3.19419 3.16606 3.25039 3.30366 3.27044 3.12276 3.04733 3.13047 3.12075 3.17361 3.31466 3.39466 3.36470 3.22809
3.03897 3.28226 3.40128 3.43373 3.35031 3.27821 3.36168 3.45489 3.46426 3.42528 3.36557 3.25409 3.21311 3.22214 3.20928 3.11768 3.04040 3.02379 3.03538 3.09173 3.14213 3.12413 3.17575 3.28797 3.39334 3.45789 3.42802 3.30861 3.16643 2.93738 2.73680 2.61929 2.58543 2.67132 2.73443 2.72848 2.69081 2.76075 2.99714 3.10672 3.02662 3.04516 3.24423 3.17722 2.65154 2.53424 2.86111 3.34265 3.51914 3.55981 3.52138 3.41037 3.30267 3.31130 3.18065 3.19551 3.25817 3.01625 3.02388 3.29823 3.27505 3.24812 3.34098 3.40248 3.33530 3.21365
3.27939 3.43894 3.45481 3.37106 3.21918 3.06099 3.10537 3.30857 3.44112 3.38700 3.25304 3.08322 2.99710 2.94484 2.91550 2.90778 2.91097 2.90254 2.84267 2.77565 2.74861 2.86100 3.10800 3.30177 3.42152 3.46329 3.42081 3.33295 3.16695 2.86400 2.65836 2.56094 2.50980 2.53124 2.54004 2.57601 2.62197 2.80609 2.98638 2.97374 2.85055 2.92002 3.02085 2.83334 2.66792 2.71077 2.87491 3.23486 3.44460 3.49937 3.46413 3.33352 3.22259 3.27812 3.27099 3.15713 3.07334 2.81854 2.78277 3.08138 3.13199 3.10885 3.20361 3.28341 3.25465 3.17772
3.29459 3.36820 3.30048 3.17514 3.09822 2.98954 2.91845 3.08357 3.31925 3.20974 3.02126 2.87777 2.77702 2.71007 2.68479 2.69926 2.72983 2.72561 2.64584 2.51679 2.40658 2.40045 2.58148 2.90600 3.22914 3.37666 3.33922 3.19541 2.92602 2.66670 2.47779 2.45363 2.45062 2.40135 2.43737 2.50204 2.59057 2.64868 2.68311 2.64509 2.66714 2.80388 2.80256 2.59295 2.53838 2.58935 2.66925 2.87260 3.15184 3.27615 3.23729 3.10408 2.94326 2.97693 3.20854 3.16011 2.79408 2.55208 2.46647 2.47994 2.55225 2.65680 2.75140 2.82206 3.02511 3.12228
2.83004 2.90663 2.96370 3.03120 3.08144 3.03823 2.88705 2.95173 3.08871 2.95333 2.84927 2.78140 2.71049 2.64961 2.60446 2.57262 2.57137 2.57403 2.52706 2.40820 2.31737 2.30342 2.40680 2.62288 2.95903 3.25126 3.25098 3.08494 2.84780 2.71735 2.56534 2.41833 2.40295 2.37238 2.40477 2.44667 2.52388 2.55299 2.54513 2.56339 2.66817 2.80381 2.80654 2.57113 2.47962 2.51384 2.57672 2.69104 2.84416 2.93454 2.91216 2.86888 2.79971 2.78938 2.93057 2.95890 2.62422 2.35099 2.04774 2.04268 2.08377 2.17531 2.18258 2.19940 2.37805 2.76172
2.62796 2.67361 2.77077 2.94352 3.05397 2.94488 2.88398 2.97769 2.86311 2.77894 2.76423 2.80981 2.76210 2.65387 2.57163 2.52217 2.51052 2.52804 2.53746 2.46354 2.38525 2.35096 2.39825 2.58302 2.84058 3.09857 3.15627 3.06273 2.88034 2.70895 2.61711 2.53516 2.41739 2.38109 2.37723 2.41016 2.43820 2.48016 2.54364 2.60732 2.69261 2.81316 2.86582 2.71720 2.54755 2.52416 2.55733 2.64702 2.75632 2.77517 2.76483 2.77655 2.77626 2.75119 2.80574 2.79691 2.55091 2.22384 2.16757 2.21750 2.13138 2.03420 1.88459 1.89444 1.99684 2.19549
2.53463 2.58274 2.67951 2.79497 2.87088 2.87622 2.85209 2.80946 2.74544 2.69632 2.74680 2.92788 2.83779 2.60227 2.49355 2.59274 2.62013 2.65284 2.71084 2.63179 2.38914 2.18025 2.30399 2.51422 2.68654 2.85880 2.95948 2.98498 2.97416 2.75820 2.60067 2.54230 2.57446 2.57623 2.44028 2.37811 2.39907 2.43454 2.50322 2.58108 2.59507 2.67069 2.75659 2.82687 2.67992 2.55713 2.54225 2.61765 2.69733 2.68463 2.69431 2.73802 2.73665 2.68659 2.69800 2.68156 2.56908 2.39230 2.27524 2.42755 2.46779 2.21436 1.96446 1.85843 1.95121 2.03014
2.58030 2.56257 2.63571 2.73923 2.79582 2.73571 2.65504 2.65701 2.68205 2.72453 2.79220 2.91277 2.80843 2.53010 2.44768 2.78304 2.87739 2.89135 2.97702 2.84118 2.43168 1.98231 2.00663 2.34288 2.55066 2.69789 2.77373 2.74718 2.69793 2.66424 2.61780 2.56584 2.63406 2.62641 2.43788 2.30489 2.35339 2.45995 2.53035 2.54796 2.50114 2.51356 2.57703 2.69605 2.74368 2.56610 2.48295 2.54131 2.58483 2.60086 2.65258 2.70794 2.69200 2.66063 2.62377 2.61948 2.59543 2.49665 2.38971 2.36688 2.31202 2.03761 1.69408 1.54663 1.88116 2.13632
2.83618 2.64899 2.65117 2.75023 2.81022 2.68252 2.61092 2.62099 2.72390 2.78593 2.87967 3.10626 2.86146 2.54985 2.42688 2.69516 2.92901 3.00550 3.08814 2.86050 2.49540 2.31185 2.04899 2.27333 2.51400 2.66583 2.72041 2.65771 2.57965 2.53230 2.54065 2.52800 2.46663 2.26723 2.02095 1.96261 2.15537 2.42270 2.60186 2.54572 2.49666 2.48022 2.51080 2.59071 2.67693 2.58289 2.43647 2.33800 2.47617 2.56387 2.62962 2.66062 2.64462 2.65577 2.63781 2.60200 2.55732 2.45919 2.33347 2.12459 1.69586 1.35794 1.10150 1.09429 1.65056 2.11671
2.75910 2.66515 2.73291 2.79822 2.88442 2.68634 2.68294 2.66943 2.71454 2.77504 2.91706 3.12598 3.08563 2.70773 2.52938 2.61978 2.91789 3.12528 3.23897 2.98663 2.61532 2.55290 2.39112 2.38069 2.54001 2.68972 2.73325 2.64791 2.58406 2.52973 2.53585 2.48998 2.31998 1.95523 1.79557 1.68650 1.81986 2.25269 2.48844 2.52052 2.56316 2.54817 2.53483 2.58298 2.64618 2.56345 2.26426 1.77446 2.35353 2.54883 2.56014 2.58698 2.62060 2.62292 2.64076 2.59907 2.52160 2.40062 2.07362 1.48367 0.92886 0.81675 0.92579 1.27911 1.70844 1.99638
2.69752 2.79443 2.99633 2.93099 2.72361 2.63708 2.66002 2.60636 2.53992 2.52665 2.56957 2.67040 2.86530 2.77329 2.61096 2.63981 2.92403 3.20708 3.31485 3.09010 2.73456 2.65691 2.53727 2.47218 2.55927 2.69194 2.73245 2.64680 2.63421 2.62136 2.56849 2.48262 2.36625 2.20305 2.21044 2.08535 1.86138 2.15551 2.40555 2.52708 2.62100 2.58634 2.58652 2.60488 2.59483 2.40114 1.27823 0.69221 1.81461 2.37970 2.44282 2.53431 2.62486 2.61480 2.60519 2.57878 2.48946 2.21880 1.53239 0.64526 0.47770 0.52698 0.93514 1.55993 1.81550 1.90720
2.82974 2.85680 3.02946 3.00817 2.69193 2.62479 2.61114 2.52064 2.36311 2.25270 2.33740 2.47263 2.53844 2.47567 2.41665 2.51589 2.72723 2.97774 3.17384 2.98462 2.71962 2.68475 2.56070 2.48861 2.55075 2.67386 2.73545 2.64217 2.62156 2.65069 2.53806 2.46721 2.47035 2.38786 2.28939 2.39618 2.27252 2.32010 2.46373 2.53256 2.56420 2.57872 2.62450 2.59261 2.48886 1.96539 0.64376 0.50042 0.89476 1.76660 2.18537 2.41987 2.56856 2.61285 2.59064 2.53926 2.34849 1.79991 1.13818 0.52571 0.48798 0.61723 1.23502 1.78102 1.77101 1.74435
2.82611 2.79607 2.82602 2.96948 2.75160 2.64304 2.69775 2.62103 2.53722 2.54163 2.46290 2.51361 2.48769 2.26580 2.26220 2.45485 2.63016 2.77460 2.97686 2.87536 2.67653 2.65970 2.56201 2.48592 2.50650 2.60108 2.65978 2.59510 2.55179 2.54106 2.47023 2.42835 2.39286 2.31224 2.34608 2.45853 2.44737 2.46753 2.53395 2.58242 2.55346 2.55924 2.60707 2.55914 2.42030 1.69845 0.89507 1.04368 0.62099 0.94187 1.49390 2.02179 2.39049 2.50826 2.47983 2.25089 1.80213 1.46953 0.91319 0.94429 1.23987 1.41413 1.81054 1.93394 1.82010 1.83319
2.82532 2.75540 2.83669 2.92937 2.85564 2.64297 2.60977 2.71826 2.72210 2.57141 2.64921 2.78836 2.64205 2.50645 2.50253 2.55641 2.61679 2.70604 2.91123 2.90388 2.69073 2.62051 2.58678 2.49175 2.37702 2.37802 2.43433 2.44205 2.46120 2.47249 2.46382 2.43288 2.27943 2.03395 2.10497 2.33441 2.44815 2.51851 2.49841 2.54839 2.57612 2.56543 2.56499 2.57236 2.51647 2.23208 1.39833 1.13217 0.66514 0.58657 0.88836 1.54832 1.98810 2.25120 2.03892 1.67015 1.32286 0.79450 0.65514 1.28358 1.62942 1.77084 2.02208 2.04170 2.05330 2.10319
2.74734 2.76663 2.93175 2.98239 2.80910 2.60932 2.56198 2.76433 2.77431 2.64540 2.85693 3.15921 3.00714 2.71879 2.65825 2.69608 2.68022 2.67022 2.75677 2.81476 2.70880 2.62128 2.55258 2.38310 2.02948 1.82032 1.98433 2.21079 2.39353 2.48921 2.51219 2.46568 2.36336 2.35227 2.28165 2.36599 2.45526 2.49880 2.45737 2.37417 2.43807 2.46243 2.50119 2.56720 2.59349 2.46042 1.89387 0.92804 0.76830 0.57025 0.74081 1.44438 1.72061 1.82137 1.67297 1.32748 0.62966 0.52668 0.56284 1.13705 1.35036 1.64442 1.98482 2.13251 2.24111 2.21822
2.57150 2.64986 2.81960 2.96170 2.71377 2.57421 2.64688 2.96146 2.92408 2.60965 2.72089 3.12776 3.27961 3.09251 2.92252 2.82558 2.71075 2.61618 2.60604 2.60544 2.54315 2.44684 2.30814 2.00049 1.34805 0.95285 1.22513 1.97193 2.32867 2.49820 2.53029 2.43832 2.36695 2.46027 2.36124 2.39779 2.45386 2.45710 2.39408 2.24972 2.19343 2.26961 2.39480 2.47514 2.51803 2.48813 2.11971 1.42393 0.77764 1.10683 0.90490 1.47255 1.68647 1.71670 1.54706 1.07413 0.63153 0.63799 0.63896 0.99338 1.33696 1.63948 2.02103 2.19949 2.26389 2.23984
2.54656 2.58798 2.72709 2.98657 2.75270 2.70142 2.81229 2.79141 2.73814 2.65528 2.73697 3.06827 3.24637 3.02434 2.73852 2.67477 2.66379 2.60628 2.55821 2.50771 2.39150 2.21497 2.09343 1.94381 1.58522 1.61489 1.46870 1.91028 2.26997 2.40868 2.42727 2.28475 2.18319 2.27936 2.21952 2.27224 2.34144 2.28365 2.14627 2.12742 2.08671 2.17725 2.35337 2.42514 2.41594 2.33297 2.01581 1.59730 0.89981 1.03714 1.09121 1.50057 1.64708 1.67619 1.57426 1.24969 0.73616 0.66965 0.78468 1.01064 1.37473 1.65708 2.00523 2.08474 2.11775 2.18342
2.65538 2.66715 2.73698 2.94028 2.86185 2.80933 2.80898 2.81504 2.82471 2.80274 3.00882 3.16128 2.98408 2.68606 2.59759 2.65588 2.70254 2.67323 2.61215 2.51206 2.35539 2.28582 2.37471 2.38184 2.01646 1.85170 1.96419 2.16564 2.32738 2.29822 2.15553 1.93937 1.86703 2.06222 2.03672 2.06833 1.94677 1.73337 1.48014 1.64336 2.09862 2.26132 2.39383 2.47222 2.42603 2.20320 1.79107 1.21917 0.75624 0.78519 0.98423 1.31117 1.48338 1.60730 1.64078 1.42632 0.61206 0.45270 0.51586 0.70082 1.34730 1.64952 1.86864 1.84112 2.02640 2.17537
2.71547 2.82107 2.87072 2.86026 3.02247 3.04559 3.03168 3.18393 3.26148 3.20660 3.15396 2.87742 2.61796 2.50303 2.54231 2.70075 2.75619 2.75046 2.69743 2.52686 2.36145 2.36225 2.56502 2.63864 2.48555 2.32693 2.37000 2.43715 2.43574 2.16040 1.75676 1.39890 1.81370 2.07102 1.97264 1.92117 1.51431 0.71044 0.59988 0.76576 1.66601 2.28366 2.43488 2.54074 2.48805 2.25952 1.77924 1.29031 0.81937 0.64943 0.78795 0.73051 1.25320 1.60394 1.65026 1.25559 0.47796 0.33501 0.40400 0.54612 1.24443 1.63205 1.74290 1.69759 1.91250 2.11138
3.03953 3.07248 2.88037 2.74701 2.78387 2.93391 3.09265 3.32016 3.39096 3.24101 2.85380 2.54711 2.34712 2.26071 2.42314 2.56503 2.69213 2.74948 2.69451 2.48719 2.27732 2.32781 2.53332 2.73359 2.65147 2.52156 2.52995 2.52241 2.37119 1.89646 1.33661 1.42103 1.86988 2.03405 1.95927 1.77284 0.76093 0.41154 0.39041 0.48577 0.81939 1.81666 2.37221 2.55888 2.50566 2.40848 2.23095 1.70938 1.20325 0.52455 0.54915 0.51146 1.05689 1.59312 1.45344 0.67630 0.36445 0.27969 0.40046 0.56432 1.22831 1.63892 1.65204 1.60977 1.70777 1.82832
3.33249 3.00604 2.71826 2.64869 2.61633 2.71002 2.92701 3.22827 3.29497 2.97596 2.56009 2.20662 1.75827 1.78451 2.02978 2.37046 2.60558 2.65145 2.53964 2.35764 2.16424 2.36000 2.53532 2.69582 2.58513 2.54298 2.49361 2.50759 2.27125 1.76258 1.70959 1.67761 1.78190 1.87128 1.87737 1.79791 0.81072 0.33443 0.31283 0.36246 0.57814 1.52707 2.17412 2.43594 2.41825 2.43782 2.32926 1.82187 1.42806 0.91315 0.67080 0.48840 0.64557 1.20975 0.92399 0.64524 0.39902 0.37645 0.50273 0.62359 1.07676 1.63153 1.68157 1.67636 1.66676 1.63909
3.16132 2.67389 2.49901 2.46610 2.42551 2.53562 2.74619 3.02338 3.04321 2.65562 2.19562 1.40906 0.94540 0.95088 1.24894 1.89348 2.28947 2.27850 2.11303 1.92856 1.87617 2.36472 2.58904 2.74843 2.63034 2.55859 2.52120 2.51080 2.26634 1.90098 1.77549 1.61892 1.23949 1.36296 1.67628 1.78490 1.56752 0.56015 0.36330 0.44446 0.57651 1.45427 1.92397 2.02420 2.01671 2.18134 2.25348 1.93538 1.69119 1.31932 0.51442 0.32633 0.45537 0.71655 0.74305 0.71739 0.50242 0.41595 0.57863 0.66393 0.96664 1.61321 1.78112 1.79937 1.73654 1.71604
2.62880 2.34613 2.09716 2.21850 2.15220 2.19570 2.46273 2.59268 2.55498 2.20341 1.56523 0.77424 0.64889 0.60677 0.72851 1.40579 1.76310 1.68317 1.25575 0.89464 1.03554 1.88020 2.46304 2.72246 2.70626 2.61475 2.53413 2.45684 2.31607 2.04903 1.65182 0.93022 0.64458 0.70039 1.40742 1.75978 1.72427 1.15148 0.74693 1.02842 1.16300 1.43316 1.58724 1.42036 1.30956 1.58779 1.86258 1.92793 1.76631 1.52526 0.63689 0.43978 0.53685 0.48490 0.54546 0.64462 0.36924 0.36227 0.59498 0.68790 0.86186 1.53401 1.78586 1.79324 1.85991 1.88977
2.22532 1.67851 1.81516 2.05064 2.01562 1.85330 1.98447 2.09360 1.82196 1.34565 0.62803 0.54854 0.48911 0.42586 0.49892 0.91186 1.26204 0.64313 0.49987 0.52279 0.68050 1.04032 2.19680 2.58831 2.60532 2.52018 2.42566 2.29772 2.17950 1.98494 1.57380 0.71572 0.58145 0.78434 1.39189 1.85266 1.82188 1.71601 1.80136 1.92117 1.61810 0.97246 0.59822 0.50700 0.64204 0.75282 1.36854 1.67574 1.62793 1.55927 1.35314 0.90471 0.66953 0.38022 0.38332 0.57366 0.40860 0.51428 0.61375 0.64016 0.68837 1.13369 1.62590 1.56917 1.47055 1.31614
1.42383 1.19805 1.81377 1.89389 1.66604 1.65605 1.43028 1.03584 0.45557 0.33903 0.34393 0.35219 0.31687 0.28718 0.36904 0.63812 0.80270 0.39168 0.28786 0.35201 0.55252 0.77966 1.84130 2.47080 2.50017 2.39422 2.24305 1.99492 1.80325 1.49892 0.93264 0.60243 0.55419 0.77172 1.46806 1.90278 1.82749 1.63698 1.59694 1.77990 1.22524 0.47160 0.32494 0.31107 0.54895 0.50175 0.64945 0.96605 1.34513 1.46635 1.49228 1.39967 0.86034 0.65730 0.57122 0.53411 0.53888 0.67221 0.73773 0.62693 0.54593 0.66438 1.23426 1.24951 0.96537 0.68635
-99999.00000 -99999.00000 -99999.00000 -99999.00000 -99999.00000 -99999.00000 -99999.00000 -99999.00000 -99999.00000 -99999.00000 -99999.00000 -99999.00000 -99999.00000 -99999.00000 -99999.00000 -99999.00000 -99999.00000 -99999.00000 -99999.00000 -99999.00000 -99999.00000 -99999.00000 -99999.00000 -99999.00000 -99999.00000 -99999.00000 -99999.00000 -99999.00000 -99999.00000 -99999.00000 -99999.00000 -99999.00000 -99999.00000 -99999.00000 -99999.00000 -99999.00000 -99999.00000 -99999.00000 -99999.00000 -99999.00000 -99999.00000 -99999.00000 -99999.00000 -99999.00000 -99999.00000 -99999.00000 -99999.00000 -99999.00000 -99999.00000 -99999.00000 -99999.00000 -99999.00000 -99999.00000 -99999.00000 -99999.00000 -99999.00000 -99999.00000 -99999.00000 -99999.00000 -99999.00000 -99999.00000 -99999.00000 -99999.00000 -99999.00000 -99999.00000 -99999.00000
