mrvbf_slope0.8_pctl1.1.asc
NCOLS 410
NROWS 410
XLLCORNER 2398750.0000000000000000
YLLCORNER 2548750.0000000000000000
CELLSIZE 250.0000000000000000
NODATA_VALUE -99999.00000
[rows 348 to 376 of 410, columns 0 to 65 of 410]
-99999.00000 -99999.00000 -99999.00000 -99999.00000 -99999.00000 3.57631 3.59336 3.52882 3.56039 3.67028 3.77304 3.84949 3.81951 3.71298 3.68633 3.71671 3.75363 3.73651 3.70896 3.68863 3.68679 3.64394 3.64104 3.62224 3.61022 3.62076 3.64053 3.67826 3.73283 3.75559 3.72989 3.70028 3.72662 3.67287 3.57396 3.63698 3.61908 3.63656 3.67359 3.74032 3.79597 3.72791 3.60743 3.59087 3.61877 3.57155 3.51410 3.48268 3.48873 3.54735 3.59275 3.63326 3.65087 3.69111 3.76936 3.77907 3.63719 3.72162 3.99677 4.03912 3.96695 3.92176 3.93865 3.96290 3.81623 3.71613
-99999.00000 -99999.00000 -99999.00000 -99999.00000 -99999.00000 3.57230 3.55096 3.48807 3.53244 3.62868 3.71408 3.77595 3.78913 3.72611 3.66336 3.68325 3.72398 3.70982 3.69756 3.69474 3.72504 3.69210 3.67867 3.62252 3.58828 3.59513 3.60849 3.63201 3.66641 3.70675 3.71884 3.67594 3.67046 3.60450 3.56732 3.65462 3.62623 3.64461 3.69216 3.73767 3.76951 3.73653 3.63830 3.56393 3.53942 3.50507 3.48618 3.50947 3.58501 3.69053 3.75672 3.76901 3.79645 3.76955 3.72706 3.69382 3.62231 3.70671 3.86126 3.85811 3.84285 3.89338 3.89628 3.89016 3.81245 3.73578
-99999.00000 -99999.00000 -99999.00000 -99999.00000 -99999.00000 3.49329 3.47750 3.46774 3.53948 3.57884 3.62638 3.68774 3.73040 3.70440 3.64128 3.65102 3.70306 3.71388 3.70524 3.72225 3.70981 3.73725 3.72427 3.66798 3.67046 3.66759 3.65015 3.64297 3.64794 3.66295 3.69448 3.62207 3.58097 3.53608 3.57273 3.63549 3.63517 3.68081 3.73249 3.73991 3.75212 3.73691 3.69280 3.62485 3.59321 3.58101 3.60382 3.69666 3.76742 3.81884 3.84333 3.87650 3.88802 3.79922 3.72670 3.65975 3.68610 3.77749 3.82559 3.83938 3.89893 3.99047 3.97544 3.91365 3.81469 3.75245
-99999.00000 -99999.00000 -99999.00000 -99999.00000 -99999.00000 3.15935 3.32072 3.50783 3.56872 3.55108 3.54023 3.58793 3.64336 3.61506 3.57471 3.62624 3.68402 3.70361 3.73084 3.72520 3.72390 3.73114 3.71454 3.68873 3.69828 3.70535 3.66785 3.66376 3.67544 3.67070 3.66311 3.58808 3.56127 3.58311 3.65311 3.70666 3.68995 3.70310 3.74242 3.73314 3.75020 3.74170 3.73392 3.72755 3.73569 3.75318 3.76964 3.77112 3.81107 3.87345 3.78240 3.79795 3.73361 3.73854 3.63461 3.62878 3.79542 3.88590 3.86620 3.88066 3.92644 3.95026 3.97696 3.88199 3.78427 3.74530
-99999.00000 -99999.00000 -99999.00000 -99999.00000 -99999.00000 3.08487 3.17658 3.39581 3.50224 3.54359 3.51861 3.49386 3.54010 3.53153 3.55502 3.63231 3.67768 3.70384 3.75485 3.73397 3.71642 3.72815 3.73039 3.67603 3.65084 3.68354 3.62256 3.66145 3.70915 3.68751 3.64393 3.61248 3.63697 3.67265 3.72914 3.77188 3.76299 3.74283 3.72536 3.73583 3.75076 3.74757 3.75135 3.82883 3.89595 3.89109 3.89790 3.90327 3.83987 3.85161 3.74806 3.82376 3.73197 3.68794 3.62485 3.65976 3.84309 3.91742 3.84589 3.79787 3.80132 3.85378 3.83289 3.72846 3.70976 3.75353
-99999.00000 -99999.00000 -99999.00000 -99999.00000 -99999.00000 3.43213 3.30297 3.27455 3.43106 3.53275 3.52383 3.44481 3.42890 3.50232 3.59440 3.66010 3.68237 3.70400 3.75267 3.76810 3.74520 3.72690 3.70047 3.67540 3.63517 3.68139 3.66189 3.66940 3.73327 3.71988 3.67942 3.68102 3.68912 3.73339 3.76914 3.80104 3.80903 3.77976 3.72088 3.73503 3.74143 3.75552 3.74636 3.80562 3.92168 3.97288 4.03001 4.04851 3.94671 3.81597 3.80481 3.92257 3.84288 3.70272 3.67834 3.71913 3.83852 3.81247 3.69062 3.60338 3.54471 3.56018 3.55389 3.53514 3.58479 3.68406
-99999.00000 -99999.00000 -99999.00000 -99999.00000 -99999.00000 3.52171 3.48839 3.42326 3.42621 3.47904 3.49226 3.48359 3.48387 3.56802 3.66251 3.68582 3.68372 3.69513 3.74146 3.77429 3.73981 3.71346 3.69431 3.66338 3.65607 3.69696 3.69270 3.73173 3.74826 3.75046 3.74315 3.74128 3.72229 3.72774 3.74912 3.77205 3.77072 3.72684 3.71827 3.73679 3.77077 3.80385 3.74801 3.76217 3.87804 3.95553 4.00573 4.01756 3.96276 3.83040 3.80620 3.84953 3.84592 3.76725 3.71830 3.69930 3.71216 3.60427 3.50727 3.45342 3.39732 3.38938 3.39899 3.42229 3.46696 3.53628
-99999.00000 -99999.00000 -99999.00000 -99999.00000 -99999.00000 3.53745 3.52360 3.49988 3.48135 3.48494 3.52150 3.56873 3.57840 3.60655 3.66953 3.69437 3.68488 3.68230 3.73185 3.79182 3.74428 3.69793 3.69016 3.70838 3.72895 3.73570 3.74142 3.76611 3.78167 3.79233 3.76876 3.71158 3.68420 3.70819 3.71566 3.71512 3.71222 3.69376 3.73570 3.79113 3.85415 3.85487 3.78422 3.73540 3.77172 3.81347 3.84892 3.87142 3.84716 3.73913 3.65435 3.62629 3.62339 3.60867 3.57379 3.52490 3.48902 3.41564 3.36684 3.37320 3.38876 3.40330 3.39115 3.39365 3.44034 3.52987
-99999.00000 -99999.00000 -99999.00000 -99999.00000 -99999.00000 3.56408 3.55554 3.54397 3.54302 3.55332 3.57707 3.58361 3.57101 3.61315 3.68550 3.69458 3.66045 3.65890 3.72503 3.79685 3.78129 3.71325 3.67251 3.68626 3.71616 3.71826 3.74173 3.76896 3.77602 3.77953 3.75187 3.70215 3.68511 3.70872 3.70935 3.69140 3.67673 3.69217 3.74367 3.81415 3.90081 3.90642 3.85087 3.75276 3.72494 3.71970 3.71546 3.70265 3.65879 3.59262 3.53479 3.49259 3.46414 3.44317 3.41366 3.36508 3.31673 3.28759 3.30463 3.36476 3.40061 3.39118 3.36659 3.40516 3.51364 3.64624
-99999.00000 -99999.00000 -99999.00000 -99999.00000 -99999.00000 3.58652 3.58029 3.56933 3.57546 3.60248 3.60304 3.57807 3.54642 3.59331 3.67057 3.66804 3.65312 3.62040 3.67185 3.75656 3.78543 3.74337 3.69467 3.66380 3.66197 3.70126 3.73832 3.76176 3.75483 3.74733 3.74312 3.70637 3.64504 3.66597 3.69872 3.69432 3.67475 3.68071 3.70918 3.78115 3.89748 3.92308 3.85508 3.80600 3.76268 3.71345 3.66553 3.62110 3.57082 3.52155 3.48183 3.43975 3.38855 3.34813 3.32340 3.29558 3.27497 3.28017 3.32421 3.38153 3.40567 3.37092 3.39862 3.48389 3.55443 3.59596
-99999.00000 -99999.00000 -99999.00000 -99999.00000 -99999.00000 3.58204 3.58512 3.57526 3.57313 3.59447 3.60435 3.57938 3.53165 3.54843 3.63484 3.63333 3.64316 3.61306 3.64762 3.71977 3.73557 3.71539 3.69862 3.68477 3.66145 3.67153 3.70085 3.71300 3.72600 3.71391 3.70962 3.67316 3.62254 3.62750 3.69027 3.70922 3.69442 3.67915 3.66553 3.71710 3.84922 3.90935 3.85012 3.80432 3.79012 3.72319 3.64431 3.59067 3.54818 3.51204 3.49265 3.45716 3.41258 3.38170 3.36272 3.34357 3.32574 3.32922 3.37935 3.45814 3.51391 3.54056 3.59786 3.59200 3.52226 3.58811
-99999.00000 -99999.00000 -99999.00000 -99999.00000 -99999.00000 3.56294 3.56362 3.55613 3.57561 3.57331 3.58382 3.57246 3.51819 3.49741 3.59195 3.58483 3.57292 3.57815 3.65302 3.70874 3.69065 3.66846 3.65829 3.66085 3.67474 3.68802 3.69858 3.67804 3.69088 3.70324 3.69442 3.65127 3.61760 3.68433 3.71648 3.72596 3.73082 3.70328 3.65059 3.67298 3.78337 3.85059 3.82627 3.78333 3.72576 3.66146 3.60761 3.57719 3.56022 3.54215 3.53869 3.53203 3.53321 3.52728 3.48587 3.45249 3.42496 3.43053 3.47912 3.56460 3.63172 3.71019 3.80330 3.71259 3.54641 3.53847
-99999.00000 -99999.00000 -99999.00000 -99999.00000 -99999.00000 3.55659 3.54811 3.54009 3.55507 3.57110 3.56821 3.55622 3.50760 3.44455 3.47993 3.47843 3.49713 3.59333 3.67785 3.68462 3.64882 3.62934 3.61418 3.61133 3.63425 3.67569 3.70889 3.68513 3.66752 3.68368 3.68496 3.66139 3.67249 3.71214 3.70511 3.72514 3.75328 3.72002 3.65549 3.65453 3.72056 3.74157 3.75993 3.74841 3.66205 3.59179 3.56953 3.56945 3.58980 3.58771 3.60354 3.65483 3.70181 3.66414 3.59021 3.54768 3.53018 3.54041 3.57065 3.61298 3.64443 3.68597 3.78194 3.81922 3.67751 3.59061
-99999.00000 -99999.00000 -99999.00000 -99999.00000 -99999.00000 3.52668 3.53201 3.52356 3.53271 3.55394 3.54769 3.52797 3.48647 3.42999 3.32026 3.35873 3.52951 3.63785 3.68492 3.66240 3.59835 3.55884 3.54986 3.55049 3.56298 3.60201 3.66933 3.69748 3.67490 3.66560 3.65858 3.64526 3.66431 3.69945 3.70451 3.70278 3.73813 3.72538 3.67261 3.63984 3.65311 3.64772 3.67145 3.67512 3.60263 3.54120 3.55129 3.57652 3.58953 3.60492 3.67705 3.78095 3.77555 3.67458 3.61123 3.60253 3.61589 3.63614 3.66096 3.67434 3.68150 3.67610 3.70557 3.80674 3.75737 3.66296
-99999.00000 -99999.00000 -99999.00000 -99999.00000 -99999.00000 3.47773 3.49357 3.50887 3.51166 3.52170 3.51231 3.48516 3.45777 3.38135 3.24452 3.32528 3.51250 3.59989 3.63640 3.61948 3.53899 3.45685 3.45138 3.48684 3.49136 3.49718 3.58400 3.67011 3.68575 3.67622 3.65420 3.62716 3.63876 3.68546 3.69867 3.72257 3.74231 3.71810 3.68664 3.63481 3.59713 3.57977 3.58085 3.58210 3.54374 3.51652 3.55641 3.60023 3.59518 3.64352 3.77591 3.85806 3.77658 3.65574 3.62816 3.68680 3.75030 3.79976 3.83239 3.82453 3.79624 3.72431 3.68838 3.76657 3.73644 3.66133
-99999.00000 -99999.00000 -99999.00000 -99999.00000 -99999.00000 3.44596 3.44864 3.46890 3.48751 3.49106 3.46455 3.40096 3.34049 3.30112 3.26708 3.35589 3.44707 3.49296 3.51970 3.51816 3.43135 3.28769 3.30763 3.43371 3.46071 3.40078 3.44321 3.55865 3.62346 3.66577 3.65768 3.61831 3.61611 3.67239 3.70283 3.73855 3.74695 3.72070 3.66799 3.62036 3.57995 3.56026 3.52851 3.51727 3.51183 3.53509 3.58581 3.62465 3.63822 3.68926 3.78216 3.84506 3.74993 3.67251 3.68476 3.77195 3.88809 3.98666 4.02265 3.96009 3.86196 3.76138 3.71371 3.70949 3.65403 3.67988
-99999.00000 -99999.00000 -99999.00000 -99999.00000 -99999.00000 3.45376 3.43567 3.42967 3.43642 3.43761 3.40547 3.33533 3.16487 3.07455 3.21791 3.39090 3.41798 3.37786 3.32565 3.27410 3.15583 3.04083 3.14737 3.38187 3.48035 3.40397 3.35579 3.44323 3.55089 3.63328 3.65276 3.62397 3.61638 3.65434 3.70245 3.72421 3.72903 3.69229 3.62944 3.59249 3.58284 3.58217 3.54863 3.53567 3.52905 3.56590 3.62722 3.64933 3.69013 3.69216 3.78540 3.83172 3.75196 3.70994 3.73185 3.81944 3.94884 4.03046 4.01129 3.94078 3.86404 3.79112 3.71120 3.63890 3.70356 3.71547
-99999.00000 -99999.00000 -99999.00000 -99999.00000 -99999.00000 3.47524 3.45270 3.42889 3.40392 3.36386 3.30437 3.19013 2.99113 2.92164 3.12052 3.32443 3.32987 3.24945 3.09345 2.93535 2.82838 2.79829 3.00007 3.36676 3.50551 3.46371 3.37766 3.42250 3.51397 3.60409 3.64135 3.62702 3.62318 3.64115 3.66813 3.68930 3.68710 3.63136 3.58563 3.55316 3.58303 3.60825 3.60322 3.59227 3.56867 3.58622 3.66911 3.67802 3.68347 3.71882 3.82461 3.80222 3.74948 3.73546 3.76650 3.86175 3.97350 3.98090 3.91813 3.85771 3.82423 3.78992 3.72707 3.72510 3.75327 3.82386
-99999.00000 -99999.00000 -99999.00000 -99999.00000 -99999.00000 3.46719 3.45475 3.44752 3.41368 3.31633 3.17034 2.97890 2.84954 2.87691 3.02028 3.12469 3.11446 3.03629 2.85241 2.71649 2.60927 2.53387 2.77611 3.27962 3.47577 3.47250 3.27770 3.23802 3.46733 3.58391 3.60722 3.60882 3.62004 3.63569 3.64149 3.64929 3.64676 3.59367 3.51089 3.50901 3.61181 3.64226 3.64520 3.63030 3.60724 3.59189 3.63034 3.66884 3.68805 3.75896 3.75759 3.66727 3.69018 3.74597 3.81049 3.92049 3.97595 3.92935 3.86453 3.81618 3.78526 3.74352 3.74720 3.86659 3.94049 3.99672
-99999.00000 -99999.00000 -99999.00000 -99999.00000 -99999.00000 3.42549 3.42973 3.44769 3.40596 3.28194 3.06945 2.80856 2.74555 2.82745 2.91563 2.89245 2.83190 2.73930 2.59778 2.45284 2.12457 1.93377 2.36432 2.78929 3.24906 3.37452 3.09996 3.04487 3.34282 3.46645 3.52410 3.56884 3.59457 3.61794 3.61622 3.59737 3.56214 3.50326 3.47988 3.53278 3.59760 3.63754 3.66042 3.65401 3.63152 3.58811 3.59707 3.61733 3.63901 3.68619 3.59640 3.55125 3.61344 3.73895 3.86527 3.95936 3.94091 3.90564 3.87803 3.85766 3.83949 3.82550 3.90664 4.02413 4.10186 4.09240
-99999.00000 -99999.00000 -99999.00000 -99999.00000 -99999.00000 3.39147 3.40877 3.41630 3.32647 3.18164 2.99552 2.72090 2.68492 2.75970 2.77289 2.70959 2.61867 2.44744 1.97346 1.48999 0.93938 0.96457 1.50850 2.15151 2.66204 3.17231 3.17328 2.94902 3.05125 3.22482 3.36413 3.45226 3.49861 3.52525 3.52318 3.50606 3.50502 3.50029 3.50466 3.57159 3.61055 3.63447 3.65234 3.66794 3.62109 3.59281 3.59399 3.58499 3.58181 3.56053 3.50242 3.54988 3.59144 3.69688 3.83387 3.89361 3.92083 3.94561 3.95051 3.93042 3.92971 3.97221 4.05299 4.14251 4.17209 4.14312
-99999.00000 -99999.00000 -99999.00000 -99999.00000 -99999.00000 3.29752 3.30808 3.29944 3.18672 2.99851 2.87280 2.67301 2.64006 2.69141 2.65601 2.54614 2.27256 1.65894 1.03914 0.63687 0.55798 0.68231 0.88537 1.52576 2.19825 2.73294 3.16152 3.14086 3.08646 3.11376 3.14055 3.18672 3.29533 3.36502 3.38662 3.44290 3.51120 3.54333 3.56536 3.56105 3.60632 3.61435 3.62606 3.64029 3.60451 3.57459 3.60102 3.60161 3.54680 3.49678 3.52717 3.62072 3.60638 3.62761 3.73636 3.86779 3.94915 3.98049 3.95276 3.90008 3.90651 3.98852 4.08883 4.14333 4.11576 4.06464
-99999.00000 -99999.00000 -99999.00000 -99999.00000 -99999.00000 2.98009 2.94433 2.94379 2.95718 2.83489 2.73761 2.64741 2.58203 2.59511 2.46399 2.02826 1.60345 1.15520 0.65145 0.55817 0.98125 0.92465 0.87116 1.40216 1.91993 2.42888 2.78186 2.99474 3.11629 3.14767 3.00848 2.94249 3.03816 3.17365 3.28249 3.42582 3.53308 3.58013 3.56150 3.57891 3.57761 3.57486 3.59416 3.59802 3.56562 3.52441 3.51699 3.51358 3.49290 3.50666 3.55990 3.61686 3.57877 3.58327 3.70232 3.87607 3.93236 3.85404 3.75501 3.73533 3.75907 3.86833 3.98964 4.00768 3.93023 3.89474
-99999.00000 -99999.00000 -99999.00000 -99999.00000 -99999.00000 2.78705 2.71305 2.67062 2.68844 2.70060 2.64784 2.60753 2.46778 2.33168 1.93045 1.55275 1.33461 1.08193 0.83076 1.86907 2.09957 1.50204 1.20261 1.60821 1.98720 2.26092 2.44289 2.56609 2.72134 2.83762 2.78625 2.80960 2.91337 3.04601 3.17747 3.32225 3.47636 3.55090 3.56524 3.59572 3.52218 3.52545 3.58000 3.59527 3.56248 3.51863 3.50508 3.49875 3.49822 3.53567 3.57490 3.58107 3.52733 3.53913 3.63540 3.75525 3.75435 3.64210 3.60057 3.60987 3.62130 3.69558 3.77158 3.77284 3.76474 3.78276
-99999.00000 -99999.00000 -99999.00000 -99999.00000 -99999.00000 2.75094 2.68086 2.59172 2.53186 2.50975 2.44872 2.43609 2.15749 1.78431 1.63823 1.47448 1.24841 1.12119 1.45827 2.15317 1.87806 1.51719 1.73368 2.13977 2.30764 2.30521 2.29516 2.36814 2.48386 2.56858 2.62105 2.73597 2.89480 3.03367 3.09120 3.14799 3.37273 3.51968 3.57350 3.57900 3.51655 3.50055 3.58224 3.61865 3.60475 3.59165 3.57540 3.57131 3.58399 3.62179 3.64019 3.57987 3.51010 3.47121 3.44825 3.49380 3.52563 3.51173 3.56692 3.56901 3.56440 3.59119 3.63471 3.66481 3.71781 3.76591
-99999.00000 -99999.00000 -99999.00000 -99999.00000 -99999.00000 2.74192 2.65531 2.57092 2.42436 2.23318 2.13604 1.98307 1.70718 1.61798 1.59442 1.51617 1.07734 0.90312 1.16339 1.53110 1.77827 1.91666 2.24949 2.46047 2.53252 2.48060 2.42287 2.40219 2.46942 2.57902 2.71006 2.89477 3.05944 3.19385 3.20433 3.15348 3.24673 3.48049 3.57841 3.59637 3.49976 3.46531 3.56904 3.61951 3.61041 3.62206 3.66530 3.68127 3.67553 3.67658 3.63965 3.58311 3.55846 3.35887 2.96426 2.94732 3.28289 3.48155 3.61119 3.59108 3.55744 3.55925 3.59781 3.65589 3.73274 3.81762
-99999.00000 -99999.00000 -99999.00000 -99999.00000 -99999.00000 2.72333 2.61647 2.48680 2.34113 2.13655 1.99812 1.74450 1.64540 1.65337 1.57278 1.46341 1.46176 1.61884 1.65656 1.58738 1.82807 2.10996 2.41026 2.54041 2.62372 2.60288 2.61509 2.56505 2.59198 2.77034 2.98754 3.05556 3.15185 3.25292 3.21926 3.11024 3.22057 3.45828 3.56840 3.58954 3.42901 3.34129 3.47200 3.55939 3.56659 3.61562 3.69466 3.68543 3.67401 3.69471 3.68945 3.64046 3.49710 3.18086 2.92229 2.81369 3.20305 3.52597 3.65920 3.63024 3.58335 3.57504 3.60448 3.67028 3.76616 3.86895
-99999.00000 -99999.00000 -99999.00000 -99999.00000 -99999.00000 2.64566 2.51943 2.33693 2.23477 2.05350 1.77838 1.65315 1.60516 1.55216 1.14209 0.91518 1.35728 1.89421 2.13961 2.19492 2.11966 2.07860 2.26354 2.45196 2.56276 2.56685 2.59425 2.57993 2.62502 2.78166 2.88950 2.88317 2.96091 3.06117 3.02680 3.02550 3.26239 3.46500 3.55589 3.56855 3.34508 3.00913 3.01939 3.38562 3.48107 3.59121 3.65803 3.65993 3.69043 3.76825 3.75969 3.63888 3.52253 3.44510 3.35602 3.19003 3.40507 3.62249 3.73891 3.69006 3.64524 3.63373 3.64685 3.69475 3.77440 3.86083
-99999.00000 -99999.00000 -99999.00000 -99999.00000 -99999.00000 2.50098 2.33576 2.16333 2.03150 1.71367 1.39744 1.30336 1.17913 0.98897 0.63241 0.53918 0.71127 1.46469 2.21431 2.43572 2.41473 2.30149 2.25863 2.30391 2.35706 2.39141 2.45130 2.48382 2.55755 2.65731 2.69579 2.69946 2.81068 2.95255 2.96375 3.03903 3.28884 3.45884 3.52774 3.54028 3.39624 3.09492 2.90300 2.93186 3.43250 3.59125 3.63936 3.64998 3.67702 3.75184 3.75025 3.67723 3.65611 3.61492 3.47811 3.47024 3.60372 3.70634 3.74274 3.77022 3.74144 3.71186 3.69816 3.71651 3.76591 3.83125
