mrvbf_slope0.7_pctl0.7.asc
NCOLS 410
NROWS 410
XLLCORNER 2398750.0000000000000000
YLLCORNER 2548750.0000000000000000
CELLSIZE 250.0000000000000000
NODATA_VALUE -99999.00000
[rows 174 to 202 of 410, columns 132 to 197 of 410]
1.59484 2.44088 3.43703 4.57050 4.52494 4.24852 3.98918 3.65670 3.78434 4.98999 5.50561 5.56205 5.42564 5.38993 5.40952 5.27641 5.37744 5.60533 5.84085 5.63438 5.46848 5.45686 5.51938 5.59627 5.67398 5.72925 5.69838 5.50555 5.45147 5.54749 5.57898 5.57608 5.63926 5.51613 5.41104 5.42856 5.55560 5.77601 6.03403 6.08155 5.98352 5.84716 5.55826 5.41100 5.40266 5.44888 5.42325 5.36294 5.34908 5.36942 5.38625 5.36938 5.35974 5.50394 5.51864 5.45114 5.51044 5.64943 5.79558 5.85181 6.06611 5.83507 5.78295 5.63958 5.56384 5.58867
1.86713 2.62707 3.82183 4.51278 4.39185 4.38269 4.58716 4.00301 3.72069 4.61521 5.46058 5.56210 5.43889 5.41441 5.49646 5.33249 5.28784 5.49828 5.72503 5.75543 5.58035 5.49879 5.47549 5.49834 5.57357 5.57327 5.53386 5.45648 5.53318 5.61396 5.61967 5.61036 5.64183 5.49448 5.39326 5.45396 5.62088 5.87975 5.92438 5.81387 5.76165 5.69583 5.49221 5.36528 5.41337 5.50077 5.50275 5.47372 5.49764 5.54117 5.55108 5.49477 5.43147 5.48333 5.44410 5.46569 5.49134 5.59496 5.84668 5.91519 6.01288 5.86835 5.83128 5.68454 5.57277 5.48999
2.18259 2.64933 3.54326 4.38781 4.39046 4.47270 4.71084 4.04650 3.71842 4.54997 5.44960 5.55729 5.43098 5.41718 5.53013 5.39896 5.27978 5.40969 5.55390 5.58610 5.57108 5.58716 5.52358 5.37798 5.36137 5.46115 5.50898 5.52882 5.66293 5.64781 5.65251 5.59615 5.61934 5.51554 5.43071 5.46396 5.59152 5.69705 5.61943 5.53809 5.51002 5.52137 5.41942 5.38000 5.48124 5.53682 5.49027 5.45334 5.53888 5.70009 5.64130 5.51973 5.50825 5.61277 5.56987 5.63295 5.54804 5.63767 5.93567 5.92652 5.86866 5.82308 5.82918 5.72928 5.68793 5.54960
2.44435 2.62143 3.22992 4.26837 4.44781 4.37187 4.25977 3.76025 3.72249 4.80307 5.47151 5.53226 5.39445 5.41201 5.48455 5.39730 5.35607 5.44424 5.50916 5.50465 5.51425 5.56074 5.55179 5.27327 5.20305 5.42289 5.55761 5.58016 5.66431 5.63136 5.67724 5.58354 5.57878 5.52382 5.49823 5.51240 5.54802 5.55253 5.48387 5.41543 5.34054 5.35420 5.34873 5.41706 5.54843 5.62355 5.54379 5.42855 5.49790 5.72038 5.62185 5.48555 5.49798 5.59846 5.55951 5.65421 5.58218 5.71952 5.87864 5.73698 5.65855 5.62850 5.73149 5.74140 5.72672 5.63918
2.57988 2.70323 3.17521 3.95077 4.29390 4.18985 3.97235 3.70557 4.10586 5.25422 5.50129 5.46897 5.36638 5.43834 5.41619 5.34823 5.41712 5.52309 5.53371 5.52462 5.51835 5.53105 5.59826 5.46125 5.19016 5.28159 5.43513 5.50056 5.56330 5.58603 5.66507 5.58411 5.54473 5.55259 5.61112 5.64495 5.58789 5.53583 5.48294 5.45172 5.41202 5.35489 5.39106 5.49425 5.60915 5.65965 5.64187 5.46706 5.45747 5.65817 5.61006 5.48276 5.52528 5.64111 5.56233 5.58313 5.61207 5.81728 5.81198 5.63014 5.65207 5.59447 5.65954 5.79234 5.81937 5.66464
2.56890 2.71702 3.20289 3.79673 4.18148 4.28193 4.25262 4.13407 4.67311 5.32247 5.41677 5.32283 5.30563 5.46276 5.43429 5.37727 5.43200 5.52919 5.56784 5.53715 5.52955 5.55816 5.56988 5.54206 5.46557 5.39123 5.40077 5.47223 5.54012 5.60922 5.73945 5.70673 5.65173 5.68297 5.76569 5.76953 5.66151 5.59344 5.56347 5.51213 5.47322 5.45307 5.48313 5.58604 5.63647 5.74475 5.77243 5.53497 5.44925 5.59538 5.63233 5.49545 5.51315 5.67048 5.65626 5.61901 5.75865 6.06640 5.89484 5.62298 5.60514 5.69036 5.73124 5.87859 5.88330 5.65529
2.50805 2.70256 3.15424 3.47188 3.70087 3.96503 4.26044 4.20868 4.40522 4.96607 5.05481 4.97451 5.18258 5.40951 5.42967 5.37423 5.37033 5.48236 5.61907 5.63324 5.56799 5.51765 5.46342 5.44457 5.45764 5.45758 5.44240 5.50479 5.59591 5.69349 5.76424 5.71210 5.66399 5.71016 5.72617 5.63179 5.57043 5.56991 5.58031 5.52467 5.42529 5.41799 5.49413 5.55288 5.65036 5.91488 5.88674 5.58380 5.44820 5.52989 5.63027 5.48235 5.44971 5.58917 5.76775 5.78315 5.95833 6.12564 5.97018 5.67908 5.62046 5.75958 5.81651 5.96101 5.94491 5.68605
2.47913 2.51650 2.76016 3.17804 3.41993 3.62385 3.90864 4.07398 4.19923 4.60494 4.76645 4.94083 5.22455 5.27223 5.25109 5.22753 5.33983 5.49685 5.58807 5.54259 5.45509 5.40405 5.40029 5.40430 5.41039 5.40840 5.43753 5.48967 5.59994 5.58943 5.50655 5.39510 5.32505 5.42978 5.50348 5.50916 5.50716 5.52108 5.46568 5.33083 5.24507 5.40721 5.51423 5.50470 5.59591 5.88386 5.75050 5.48616 5.37181 5.50104 5.63546 5.46726 5.35546 5.48832 5.65664 5.64465 5.68382 5.76256 5.72359 5.57877 5.55884 5.66598 5.73371 5.88375 5.87584 5.63899
2.66426 2.55218 2.74446 3.34119 3.72642 3.86328 4.02521 4.25606 4.48321 4.83417 4.99138 5.15618 5.22612 5.01943 4.99781 5.21580 5.40622 5.47403 5.41449 5.32550 5.29689 5.37840 5.45395 5.48457 5.44997 5.41172 5.42120 5.49053 5.51617 5.42420 5.29148 5.15497 5.16260 5.23800 5.41282 5.53163 5.58535 5.55834 5.41954 5.28618 5.36878 5.53502 5.56345 5.50600 5.55705 5.73208 5.56555 5.38680 5.40132 5.54876 5.66923 5.51727 5.31387 5.36470 5.48894 5.51105 5.54369 5.59656 5.58999 5.51728 5.55173 5.59389 5.61368 5.71432 5.65536 5.47251
2.73651 2.66293 2.74336 3.29404 3.82486 4.15109 4.23095 4.33575 4.72408 5.12813 5.12809 5.14917 5.00794 4.82720 5.07469 5.27294 5.25657 5.13732 5.03079 5.08434 5.26702 5.43933 5.52415 5.49022 5.42665 5.43933 5.48217 5.47199 5.43682 5.35368 5.31773 5.35440 5.40689 5.37778 5.42768 5.53190 5.56864 5.53416 5.45896 5.41663 5.41168 5.45831 5.47550 5.48816 5.60014 5.77879 5.55399 5.40404 5.41975 5.45308 5.48625 5.52962 5.44709 5.33279 5.36142 5.43655 5.49879 5.56935 5.62102 5.57687 5.65031 5.61343 5.58738 5.62672 5.49826 5.32724
2.73000 2.68395 2.70947 3.28332 4.01267 4.33766 4.24293 4.27220 4.78044 5.08522 4.94033 4.86107 4.51482 4.65926 5.22721 5.15214 4.79456 4.66367 4.79505 5.03129 5.25437 5.41581 5.47474 5.36720 5.34130 5.39586 5.41681 5.41573 5.40340 5.39134 5.44050 5.46893 5.47584 5.48815 5.47333 5.47687 5.49285 5.51724 5.55076 5.50944 5.47298 5.52242 5.55322 5.58463 5.79574 5.97841 5.67684 5.49175 5.45414 5.44579 5.43452 5.46242 5.56716 5.45890 5.36387 5.39432 5.45622 5.54612 5.70055 5.64581 5.71263 5.64787 5.60342 5.58189 5.41385 5.31971
2.65327 2.61064 2.74786 3.40567 3.94678 4.08941 4.05418 4.08120 4.61133 4.87543 4.62996 4.67406 4.09217 4.48403 5.17817 4.94327 4.73009 4.87514 5.01356 5.09637 5.16617 5.31749 5.29518 5.17021 5.32260 5.40530 5.39460 5.43570 5.41724 5.44254 5.51745 5.55658 5.57180 5.59171 5.52761 5.44078 5.43419 5.50299 5.57736 5.57840 5.59181 5.67123 5.68414 5.67367 5.83499 6.00349 5.81568 5.61067 5.57806 5.57705 5.54487 5.44544 5.46160 5.50602 5.47586 5.41598 5.40103 5.51339 5.69290 5.65975 5.73315 5.63277 5.59592 5.50905 5.35703 5.36182
2.50069 2.58488 2.86224 3.54225 3.87996 4.16153 4.03956 3.99821 4.42644 4.82754 4.55397 4.44644 4.04216 4.70328 5.22240 4.86118 4.78915 5.19397 5.30833 5.20677 5.12262 5.21902 5.04588 5.13754 5.36815 5.45485 5.49288 5.47730 5.44108 5.43527 5.47757 5.52256 5.60668 5.61676 5.53857 5.50090 5.51168 5.54623 5.59280 5.56792 5.50767 5.48984 5.46333 5.44971 5.53948 5.69484 5.62421 5.51851 5.55081 5.57462 5.57058 5.44494 5.36603 5.36894 5.39862 5.32803 5.30478 5.50796 5.60844 5.60331 5.66348 5.56441 5.57610 5.43656 5.31043 5.39768
2.41037 2.61928 3.06132 3.75803 4.01925 4.27515 4.07307 4.01103 4.42500 4.99671 4.75352 4.47104 4.30340 4.94855 5.31491 4.95076 4.65979 5.07856 5.38129 5.33458 5.19103 5.05545 5.03767 5.29850 5.38111 5.45239 5.51695 5.45396 5.34754 5.32143 5.41279 5.46592 5.54575 5.60602 5.55751 5.58214 5.59416 5.57684 5.63703 5.61508 5.48715 5.39113 5.36367 5.36120 5.38052 5.48556 5.45455 5.45281 5.57723 5.56561 5.60186 5.54460 5.41522 5.31403 5.23178 5.24150 5.43351 5.67288 5.70323 5.58397 5.54632 5.54291 5.57759 5.39664 5.20840 5.35049
2.46048 2.74256 3.33434 3.83189 4.11754 4.40134 4.06136 3.96844 4.37397 5.00009 5.03069 4.86463 4.54476 4.82204 5.27849 5.06740 4.61850 4.92006 5.33656 5.41323 5.32999 5.17392 5.25983 5.35696 5.35020 5.44955 5.48664 5.34104 5.12546 5.21746 5.39451 5.42187 5.49962 5.59695 5.58262 5.63908 5.58768 5.59165 5.65666 5.55890 5.46518 5.45477 5.46500 5.40504 5.40064 5.41697 5.36113 5.43400 5.47331 5.56499 5.73740 5.75868 5.62199 5.53802 5.44684 5.48047 5.67283 5.86345 5.75500 5.58635 5.52421 5.58229 5.59841 5.45822 5.20153 5.23027
2.53145 2.83950 3.42387 3.78679 4.13505 4.30988 3.97911 3.89036 4.24734 4.90974 5.09074 5.02012 4.63382 4.54989 5.01296 4.91386 4.52751 4.87616 5.21870 5.29086 5.30658 5.32727 5.36278 5.30504 5.29943 5.39193 5.30971 4.95425 4.84456 5.22503 5.39003 5.37511 5.46016 5.58702 5.57676 5.64630 5.57210 5.61717 5.65987 5.50250 5.44397 5.51585 5.45648 5.41607 5.43297 5.31603 5.27433 5.31696 5.37841 5.60015 5.85310 5.94370 5.87565 5.79929 5.72326 5.74708 5.74972 5.59246 5.47494 5.39223 5.39753 5.45999 5.41296 5.25824 5.07473 5.21958
2.65257 2.98596 3.56452 4.01403 4.29936 4.20559 3.87117 3.78928 4.06353 4.71205 4.90982 4.86513 4.63112 4.36611 4.63967 4.60254 4.64484 4.91314 4.99888 5.00680 5.00582 5.15651 5.36256 5.29247 5.20765 5.22697 5.07327 4.84949 5.11593 5.32617 5.29803 5.30661 5.46473 5.59715 5.55376 5.54264 5.54365 5.60497 5.60283 5.46525 5.43179 5.49579 5.47088 5.47631 5.37675 5.25193 5.25979 5.17328 5.24833 5.56039 5.79615 5.88863 5.93616 5.91491 5.84200 5.68204 5.50513 5.37549 5.30771 5.30315 5.32091 5.32345 5.13015 4.88722 4.88014 5.10709
2.78793 3.32540 3.84118 4.04281 4.08797 4.05882 3.75696 3.65544 3.83857 4.45652 4.71881 4.68446 4.60456 4.25810 4.36513 4.74469 4.67829 4.86935 5.04271 5.04421 4.79113 4.86763 5.32215 5.40312 5.30752 5.29341 5.27076 5.20742 5.27813 5.26196 5.20581 5.34912 5.53751 5.67299 5.59654 5.51426 5.53410 5.50973 5.45756 5.37593 5.41366 5.48010 5.51395 5.50352 5.35809 5.25620 5.27798 5.03618 5.14880 5.50343 5.67247 5.71159 5.72052 5.73352 5.64508 5.48183 5.33968 5.33912 5.41217 5.34233 5.35178 5.25713 4.90831 4.76948 4.83798 5.03772
3.05122 3.65408 4.01547 3.98803 3.81329 3.77989 3.65548 3.54250 3.63469 4.11647 4.40020 4.29291 4.33128 4.09039 4.01246 4.38685 4.72537 4.92756 5.13175 5.13424 4.78246 4.69022 5.19764 5.42558 5.45545 5.47635 5.44284 5.34295 5.26636 5.26408 5.34285 5.43872 5.54741 5.66262 5.61700 5.48010 5.38698 5.31984 5.23858 5.19097 5.30841 5.40832 5.50936 5.49447 5.23390 5.09042 5.18040 4.86725 4.93654 5.38826 5.51267 5.44810 5.46153 5.50850 5.47565 5.31809 5.25410 5.39586 5.42491 5.39741 5.42756 5.12616 4.74359 4.75865 4.89287 5.06357
2.99234 3.38859 3.61284 3.62989 3.53893 3.58752 3.64856 3.51033 3.52642 3.84698 4.03497 4.01748 4.22349 4.03475 3.80397 3.82283 4.01506 4.04625 4.17258 4.48211 4.58563 4.68892 5.19548 5.40371 5.49611 5.51300 5.48943 5.46007 5.41702 5.44385 5.48587 5.44105 5.45398 5.51551 5.50629 5.35375 5.22703 5.17256 5.12521 5.16502 5.23016 5.25133 5.39882 5.33367 4.91036 4.95604 5.13441 4.79966 4.67554 5.01871 5.15946 4.77137 4.88037 5.11814 5.11788 5.02027 5.18929 5.41965 5.42100 5.40737 5.38235 4.97814 4.67472 4.79524 5.09599 5.21696
2.70123 2.83440 3.04166 3.22835 3.33533 3.51130 3.65776 3.49445 3.49895 3.80344 3.93996 3.97897 4.36081 4.16274 3.75643 3.61476 3.62339 3.64366 3.70609 3.89589 4.40832 4.88451 5.13628 5.35272 5.42457 5.46818 5.48025 5.55029 5.56858 5.55201 5.48743 5.45426 5.39105 5.38312 5.40407 5.23049 5.01661 5.02901 5.13338 5.25459 5.19883 5.13410 5.29171 5.06453 4.79332 5.11377 5.26584 4.96135 4.71008 4.59328 4.54523 4.47684 4.53589 4.67506 4.72413 4.83156 5.13208 5.36929 5.42734 5.43087 5.38072 5.01574 4.72906 4.83411 5.14586 5.25149
2.34812 2.51950 2.62562 2.81736 3.16236 3.46597 3.52914 3.42378 3.49529 3.82570 3.98903 3.83478 3.97316 3.93735 3.66952 3.50142 3.53838 3.66014 3.78434 3.90184 4.36111 5.07972 5.20157 5.25010 5.41270 5.47412 5.44865 5.46564 5.49566 5.51044 5.47384 5.47211 5.39128 5.26574 5.19531 4.97897 4.77320 4.86221 5.11395 5.21678 5.01160 5.06702 5.31394 5.02828 4.84294 5.14892 5.31507 5.15450 5.16850 4.78870 4.51027 4.71449 4.67858 4.64579 4.68826 4.87254 5.05889 5.19553 5.39054 5.47255 5.40400 5.11350 4.81962 4.89773 5.09341 5.17669
1.40800 1.65582 2.12613 2.52039 2.89394 3.36358 3.39791 3.33020 3.44867 3.78029 4.05577 3.79322 3.73439 3.63215 3.43362 3.01398 3.37481 3.73784 4.05309 4.09240 4.39779 5.08001 5.33106 5.28238 5.40447 5.51154 5.50265 5.47892 5.48496 5.49519 5.48678 5.45364 5.36858 5.14735 4.88042 4.67554 4.64366 4.80770 5.06774 5.05123 4.77872 4.88339 5.10082 4.90021 4.86907 5.16975 5.29376 5.20137 5.24318 4.86307 4.62138 4.82762 4.78764 4.77633 4.87689 4.92016 4.85706 5.06435 5.36061 5.38610 5.29947 5.13568 4.95353 4.96824 5.20512 5.29479
0.69430 0.85039 1.26956 1.83502 2.53947 3.06129 3.24265 3.20255 3.30469 3.60045 3.93244 3.69084 3.57204 3.44064 2.63472 2.31366 2.93830 3.54442 3.91520 4.09002 4.42472 5.09216 5.32779 5.27667 5.41900 5.49196 5.50252 5.45250 5.48858 5.52601 5.45806 5.36002 5.25166 5.02212 4.74988 4.62475 4.65425 4.82197 5.02782 4.91061 4.61375 4.54052 4.63576 4.70755 4.91180 5.19695 5.25650 5.20056 5.18574 4.84114 4.76222 5.05561 5.06805 5.07933 5.10846 4.89898 4.74286 4.88471 5.05917 5.02161 5.06313 5.12270 5.07282 4.95208 5.14437 5.37411
0.58886 0.62310 0.74086 1.25889 1.91267 2.55881 2.93869 3.06209 3.17332 3.48683 3.82434 3.61427 3.52121 3.40571 2.45384 2.92656 3.11200 3.48782 3.79816 3.99489 4.44336 5.17013 5.27783 5.21004 5.34313 5.38314 5.39646 5.41968 5.51991 5.52930 5.39981 5.25027 5.12063 4.94153 4.77336 4.70378 4.70162 4.83402 4.95082 4.79462 4.61673 4.53980 4.64356 4.82994 5.02517 5.18267 5.21213 5.20501 5.16133 5.02494 5.07323 5.21073 5.27152 5.30665 5.30627 5.08869 4.78983 4.65534 4.68549 4.78843 4.92943 5.02981 5.04049 4.99984 5.18654 5.33437
0.52568 0.56570 0.64161 0.86296 1.47778 2.22589 2.69494 2.88069 3.01126 3.36215 3.65817 3.54740 3.48665 3.49785 3.45135 3.58588 3.63854 3.66672 3.77351 3.90752 4.53670 5.24959 5.19346 5.06961 5.26785 5.34834 5.33033 5.36784 5.48658 5.45938 5.29381 5.15610 5.08043 4.89151 4.70946 4.68394 4.69539 4.84088 4.93711 4.90640 4.84995 4.79788 5.01793 5.15930 5.15151 5.22009 5.16215 5.19373 5.24551 5.28895 5.30557 5.32061 5.36284 5.41310 5.38903 5.27875 5.10914 4.88009 4.82469 4.91594 4.96623 4.99320 5.02330 5.07790 5.21806 5.24710
0.47682 0.55233 0.64910 0.84919 1.32127 1.82226 2.54987 2.75512 2.81832 3.09051 3.44279 3.48486 3.49794 3.47802 3.17791 3.38908 3.41275 3.49269 3.65648 3.90416 4.77151 5.23994 5.00189 4.87934 5.18067 5.24416 5.25321 5.31784 5.38275 5.29034 5.11486 5.07682 5.10269 4.93461 4.55688 4.41436 4.59095 4.91852 5.10707 5.18547 5.08533 4.98701 5.10638 5.24689 5.25747 5.29451 5.29538 5.28008 5.32004 5.34346 5.35831 5.38257 5.40342 5.39727 5.33756 5.24548 5.20691 5.21856 5.19434 5.12766 5.05784 5.04484 5.09178 5.18724 5.25862 5.28082
0.42063 0.53053 0.64766 0.82211 1.25569 1.66549 2.39816 2.69425 2.76371 2.83212 3.17833 3.46771 3.60203 3.54432 3.26472 3.13387 3.42089 3.46503 3.62826 3.95615 4.94288 5.12853 4.76964 4.84782 5.19880 5.15568 5.21061 5.31132 5.27603 5.13479 5.01201 4.97350 4.88496 4.66513 4.39501 4.34206 4.65857 5.09284 5.29963 5.33888 5.22714 5.08996 5.02703 5.08234 5.21796 5.35103 5.37292 5.33386 5.29613 5.24402 5.23644 5.24539 5.26692 5.26767 5.22445 5.18289 5.13712 5.20137 5.23357 5.19356 5.13674 5.12115 5.16307 5.22460 5.27398 5.34118
0.42461 0.50564 0.61110 0.79185 1.22119 1.51678 2.03867 2.57327 2.83147 2.95445 3.13913 3.46364 3.72482 3.73742 3.53256 3.37643 3.49664 3.55615 3.68197 3.99806 4.88365 5.02884 4.75228 4.93102 5.25537 5.28436 5.26079 5.33555 5.24873 5.14486 5.04107 4.97471 4.83480 4.63414 4.51232 4.58646 4.81752 5.18892 5.38504 5.43733 5.38626 5.27950 5.18114 5.09069 5.11519 5.21581 5.28329 5.23586 5.16051 5.11287 5.10707 5.12913 5.16805 5.21074 5.22882 5.23955 5.20813 5.22746 5.25302 5.24266 5.22265 5.22471 5.24877 5.28453 5.33527 5.41631
