mrvbf_slope0.9_pctl1.4.asc
NCOLS 410
NROWS 410
XLLCORNER 2398750.0000000000000000
YLLCORNER 2548750.0000000000000000
CELLSIZE 250.0000000000000000
NODATA_VALUE -99999.00000
[rows 29 to 57 of 410, columns 132 to 197 of 410]
7.74119 7.73709 7.73513 7.72779 7.73623 7.73740 7.73596 7.71201 7.67950 7.70610 7.70927 7.71065 7.70758 7.72851 7.73032 7.69336 7.64844 7.69574 7.71698 7.70783 7.72706 7.73809 7.73649 7.73949 7.73768 7.73696 7.73769 7.73833 7.73501 7.73291 7.73170 7.72655 7.71019 7.68465 7.70483 7.69775 7.66344 7.68899 7.68596 7.66406 7.58683 7.38441 6.88640 7.02187 6.87981 7.38495 7.46622 7.37954 7.50981 7.45134 7.29015 6.76414 7.47553 7.62338 7.65046 7.67279 7.66090 7.66030 7.66522 7.68803 7.69655 7.69028 7.67093 7.65300 -99999.00000 -99999.00000
7.72885 7.73207 7.72831 7.72227 7.72991 7.72762 7.72981 7.72406 7.72051 7.72419 7.72533 7.72467 7.71840 7.73213 7.73725 7.72246 7.70565 7.72365 7.69918 7.64185 7.68481 7.73196 7.73962 7.73610 7.73167 7.72863 7.72423 7.72298 7.71058 7.71549 7.72468 7.72009 7.71881 7.70633 7.70948 7.68396 7.63254 7.65556 7.68276 7.68486 7.66172 7.58632 7.29243 6.77136 7.00983 7.46431 7.53332 7.46704 7.38578 7.29495 6.80076 6.90989 7.49607 7.62078 7.66088 7.68026 7.67568 7.66767 7.68003 7.69430 7.69298 7.68459 7.65823 7.64814 7.63851 -99999.00000
7.73115 7.72639 7.73864 7.73082 7.72422 7.72333 7.72913 7.72665 7.73102 7.73259 7.72586 7.71988 7.72124 7.73060 7.73269 7.73685 7.73223 7.71921 7.65704 7.65269 7.63885 7.71503 7.73374 7.72203 7.69264 7.71560 7.71474 7.70648 7.70910 7.70345 7.71817 7.72241 7.70967 7.71029 7.69154 7.64987 7.65215 7.62694 7.67955 7.69206 7.68667 7.66395 7.58468 7.37480 7.37429 7.55736 7.54741 7.52361 7.31686 7.36933 7.03406 7.46733 7.59256 7.63529 7.67461 7.69219 7.69142 7.69042 7.70149 7.70088 7.68976 7.67345 7.65238 7.62572 7.64003 7.62030
7.72916 7.73734 7.74354 7.73730 7.73003 7.73269 7.73215 7.72435 7.72547 7.73316 7.72566 7.72642 7.72800 7.73410 7.72838 7.72405 7.72160 7.72822 7.69679 7.64195 7.69022 7.73046 7.72481 7.68435 7.63950 7.66919 7.70460 7.70271 7.70873 7.71214 7.71653 7.71257 7.69523 7.68758 7.69624 7.66768 7.65944 7.66896 7.69379 7.69300 7.69033 7.68370 7.66195 7.62634 7.62793 7.65109 7.63457 7.58951 7.54569 7.44824 7.56497 7.63995 7.64475 7.66064 7.67922 7.68536 7.69942 7.70410 7.70441 7.69853 7.69236 7.67447 7.62248 7.57032 7.59163 7.57973
7.73409 7.73813 7.74295 7.74261 7.73646 7.73937 7.72949 7.72343 7.72624 7.73324 7.72803 7.72730 7.73238 7.72826 7.72485 7.71427 7.71428 7.70965 7.70344 7.68520 7.71081 7.72835 7.71102 7.64204 7.62136 7.57803 7.65058 7.66977 7.66804 7.68387 7.70399 7.70200 7.69040 7.67870 7.68437 7.67620 7.67877 7.67405 7.69629 7.69758 7.69030 7.68716 7.67801 7.68272 7.68054 7.67648 7.67492 7.66337 7.65792 7.63431 7.66283 7.68255 7.68260 7.69405 7.69710 7.68655 7.69010 7.69513 7.69384 7.68891 7.68481 7.66137 7.60685 7.61064 7.56880 7.54828
7.73876 7.73568 7.73409 7.73898 7.73342 7.73149 7.72995 7.71931 7.71966 7.72410 7.72370 7.73308 7.73294 7.73098 7.72733 7.72440 7.71011 7.69463 7.69299 7.68391 7.69074 7.71435 7.69907 7.63897 7.58983 7.60111 7.58666 7.62203 7.65811 7.66583 7.70373 7.71090 7.68909 7.69787 7.69722 7.69444 7.67737 7.68673 7.70017 7.69541 7.69730 7.69795 7.69683 7.69260 7.68535 7.68793 7.69061 7.69107 7.68755 7.67958 7.68278 7.69378 7.70083 7.70633 7.70348 7.69725 7.69781 7.69705 7.69078 7.68023 7.68373 7.68304 7.65806 7.61701 7.62997 7.58354
7.73279 7.73465 7.73671 7.73480 7.72776 7.72422 7.73329 7.73242 7.71748 7.71199 7.71451 7.72425 7.72506 7.72282 7.71791 7.72253 7.71853 7.71210 7.69540 7.68141 7.69306 7.68601 7.66645 7.66265 7.65284 7.61812 7.65736 7.64638 7.65690 7.66954 7.69786 7.70610 7.69366 7.68148 7.69546 7.69882 7.68661 7.69623 7.69858 7.69550 7.69334 7.69270 7.69021 7.69374 7.69888 7.69867 7.69559 7.69682 7.69739 7.69245 7.69629 7.70133 7.70521 7.70935 7.70612 7.69929 7.69785 7.69443 7.68514 7.67522 7.68643 7.69051 7.67561 7.65710 7.66935 7.64392
7.70287 7.71696 7.72259 7.72582 7.72764 7.72448 7.72736 7.73196 7.73016 7.71066 7.71345 7.70883 7.71481 7.71518 7.71460 7.71489 7.71795 7.71884 7.72176 7.70665 7.69412 7.70058 7.68944 7.66863 7.67507 7.67288 7.68287 7.65807 7.66541 7.68026 7.69591 7.70574 7.67935 7.65031 7.67908 7.68973 7.69031 7.68827 7.69376 7.69065 7.68686 7.69366 7.69693 7.69339 7.70051 7.69968 7.69847 7.69499 7.69438 7.70295 7.69798 7.70053 7.70122 7.70207 7.70300 7.70133 7.69782 7.68924 7.67775 7.67890 7.67564 7.67781 7.67192 7.67179 7.67902 7.66966
7.64843 7.68841 7.71001 7.71931 7.72618 7.72871 7.72634 7.72729 7.73496 7.72922 7.71745 7.72065 7.72387 7.72243 7.70723 7.70396 7.70958 7.70790 7.71890 7.70719 7.70421 7.70636 7.70760 7.70558 7.69691 7.68732 7.68574 7.68834 7.69308 7.68287 7.70139 7.68713 7.64369 7.63968 7.63491 7.68809 7.69456 7.68860 7.69195 7.68889 7.68452 7.69153 7.69251 7.68731 7.68608 7.69441 7.69828 7.70016 7.69333 7.69980 7.68999 7.69030 7.69391 7.69864 7.69363 7.69121 7.68571 7.68054 7.67852 7.67982 7.68420 7.68910 7.68356 7.67357 7.67686 7.67207
7.62129 7.68003 7.70193 7.71758 7.72383 7.73059 7.72820 7.72161 7.72945 7.73330 7.73063 7.72612 7.72903 7.72603 7.72063 7.71035 7.70317 7.70697 7.71683 7.71243 7.70334 7.69526 7.69685 7.70107 7.69490 7.68611 7.68363 7.70419 7.71315 7.70312 7.69918 7.69603 7.66867 7.64811 7.66166 7.69535 7.69776 7.69425 7.69405 7.69292 7.68623 7.68488 7.68735 7.68536 7.67342 7.67436 7.68892 7.69421 7.68772 7.68850 7.66748 7.65114 7.67360 7.68734 7.68771 7.68186 7.64953 7.63374 7.65833 7.67368 7.67877 7.68275 7.68700 7.68737 7.68346 7.67719
7.65420 7.65180 7.70337 7.72071 7.72428 7.72931 7.72400 7.72211 7.72356 7.72938 7.73003 7.72900 7.72549 7.72627 7.72921 7.72178 7.71654 7.71498 7.71440 7.71870 7.71292 7.70217 7.69316 7.68886 7.69301 7.69898 7.69436 7.70183 7.71493 7.70399 7.69424 7.70339 7.69801 7.68963 7.69085 7.70083 7.70395 7.70141 7.70077 7.69820 7.69746 7.68991 7.69345 7.69282 7.68178 7.67088 7.67790 7.69229 7.68778 7.67987 7.63197 7.64084 7.63499 7.67361 7.68728 7.66769 7.60643 7.61201 7.64011 7.66795 7.67471 7.68090 7.68432 7.68032 7.68496 7.68124
7.61976 7.64185 7.70160 7.72200 7.72321 7.72690 7.72476 7.72729 7.72672 7.72674 7.72787 7.72576 7.72635 7.72916 7.72819 7.73045 7.72874 7.72432 7.72487 7.72844 7.72124 7.71351 7.69710 7.69305 7.69551 7.69869 7.70367 7.69503 7.69747 7.68587 7.68796 7.68050 7.67576 7.68588 7.68165 7.70054 7.69994 7.70121 7.70818 7.70600 7.70099 7.69670 7.69522 7.68620 7.68513 7.68223 7.67997 7.68943 7.67997 7.67286 7.63178 7.61526 7.63294 7.67071 7.68169 7.64701 7.62644 7.61620 7.64656 7.67520 7.68108 7.68070 7.68456 7.67508 7.67529 7.68161
7.61726 7.52306 7.62243 7.69808 7.71647 7.72551 7.72562 7.72794 7.72800 7.72765 7.72857 7.72465 7.72624 7.72630 7.72983 7.73047 7.73196 7.72246 7.71925 7.72206 7.71605 7.71501 7.69254 7.69444 7.68667 7.70250 7.70002 7.68343 7.68164 7.67763 7.66735 7.66840 7.66453 7.69106 7.68826 7.67807 7.68136 7.69531 7.70310 7.70745 7.70175 7.68867 7.69304 7.68747 7.68524 7.69348 7.68647 7.68570 7.67422 7.65461 7.58194 7.59835 7.59186 7.66696 7.68823 7.66982 7.63741 7.65310 7.68218 7.68738 7.68067 7.67611 7.68056 7.67965 7.67548 7.67648
7.54142 7.55048 7.46841 7.63562 7.69663 7.71158 7.72043 7.72284 7.73115 7.73173 7.72288 7.72277 7.72715 7.72606 7.72321 7.72940 7.73075 7.71968 7.71349 7.71413 7.72149 7.71379 7.69199 7.68026 7.69319 7.70684 7.69359 7.68463 7.68862 7.70074 7.69126 7.67215 7.67216 7.69374 7.68881 7.67021 7.67222 7.68281 7.69187 7.70033 7.69289 7.68591 7.69087 7.68073 7.68543 7.69569 7.68942 7.67336 7.66306 7.65504 7.62192 7.57887 7.63928 7.67821 7.68902 7.68692 7.67925 7.68655 7.69241 7.69095 7.68164 7.68040 7.68388 7.68060 7.67449 7.66653
7.63455 7.49815 7.57909 7.58483 7.66765 7.70802 7.71333 7.72340 7.72749 7.72883 7.72337 7.72096 7.71566 7.71079 7.71318 7.72170 7.71215 7.66882 7.66740 7.69994 7.70977 7.70010 7.69396 7.69088 7.70096 7.70029 7.69821 7.68838 7.68769 7.69203 7.69531 7.69609 7.69554 7.69688 7.69981 7.68038 7.67339 7.68277 7.69604 7.69297 7.68555 7.67538 7.67366 7.67113 7.65714 7.67622 7.69029 7.66891 7.66154 7.65929 7.65729 7.65811 7.67848 7.68127 7.68689 7.68793 7.69180 7.69415 7.69005 7.68714 7.68194 7.68159 7.67392 7.66494 7.66288 7.66186
7.70677 7.64298 7.58950 7.62246 7.67025 7.70322 7.71990 7.72040 7.72026 7.72423 7.71888 7.71135 7.69539 7.67165 7.68952 7.69357 7.62572 7.42985 7.46549 7.62518 7.68188 7.69893 7.69219 7.70037 7.70058 7.69930 7.69668 7.69847 7.68405 7.68360 7.68157 7.69039 7.70085 7.70299 7.70307 7.69606 7.68175 7.68352 7.68409 7.69210 7.67834 7.67213 7.67256 7.66379 7.64990 7.65028 7.67543 7.66897 7.66373 7.66356 7.67042 7.67254 7.68418 7.67961 7.67747 7.68522 7.69243 7.68797 7.68822 7.68953 7.68768 7.67882 7.66855 7.66252 7.65245 7.65536
7.72050 7.69210 7.61631 7.55173 7.62748 7.70251 7.71893 7.71593 7.71698 7.71375 7.69980 7.64741 7.61355 7.57102 7.63710 7.64535 7.48450 7.26376 7.22479 7.50630 7.64084 7.68316 7.69870 7.70941 7.70447 7.70130 7.70109 7.70492 7.68535 7.69438 7.68505 7.68271 7.69480 7.69458 7.69643 7.69897 7.69313 7.68094 7.68690 7.69195 7.67453 7.66208 7.67291 7.66515 7.63718 7.64949 7.66646 7.66015 7.66598 7.67612 7.67828 7.67238 7.68320 7.67705 7.67943 7.68578 7.69094 7.68962 7.68451 7.69233 7.69471 7.68974 7.67936 7.66798 7.65694 7.66508
7.69915 7.62426 7.50667 7.55264 7.51441 7.65866 7.71242 7.71972 7.71190 7.70348 7.61899 7.45050 7.44817 7.56847 7.56950 7.66455 7.61767 7.39931 7.42947 7.61411 7.64938 7.67816 7.70144 7.70313 7.70560 7.70403 7.70242 7.69882 7.68495 7.68599 7.69189 7.67520 7.67788 7.68896 7.68975 7.70137 7.69792 7.68685 7.68330 7.67857 7.67235 7.64654 7.67208 7.68216 7.65923 7.66962 7.67533 7.67166 7.67784 7.67837 7.67275 7.66808 7.67792 7.67759 7.67890 7.68118 7.68698 7.68933 7.69040 7.69476 7.69607 7.69202 7.68581 7.67733 7.66091 7.66262
7.61125 7.48428 7.52189 7.48663 7.60921 7.66136 7.69443 7.71623 7.71894 7.66784 7.46865 7.47933 7.37258 7.52253 7.64490 7.69640 7.69155 7.64884 7.63549 7.61744 7.64637 7.66573 7.69451 7.70115 7.70074 7.70607 7.70635 7.69900 7.69245 7.68453 7.68192 7.67662 7.67886 7.68097 7.69394 7.69600 7.69545 7.67487 7.66509 7.66216 7.64949 7.63869 7.63845 7.67643 7.67943 7.68507 7.68138 7.68407 7.68816 7.67763 7.67119 7.67290 7.67093 7.68135 7.67466 7.67290 7.68436 7.69042 7.69190 7.69195 7.68969 7.68928 7.68752 7.68158 7.65831 7.64951
7.45006 7.40434 7.43206 7.59996 7.65078 7.67328 7.67066 7.70719 7.70691 7.63407 7.45200 7.35043 7.57261 7.64649 7.69632 7.70915 7.71178 7.69875 7.65058 7.56798 7.60505 7.68244 7.70099 7.69341 7.70050 7.70708 7.70411 7.70537 7.69694 7.69311 7.68773 7.67990 7.67948 7.69023 7.69267 7.69156 7.68446 7.66685 7.65703 7.65785 7.65434 7.62693 7.64689 7.68547 7.69352 7.68558 7.69349 7.68762 7.68433 7.68127 7.67315 7.66273 7.66623 7.67891 7.68006 7.66928 7.67277 7.68552 7.68613 7.68071 7.67903 7.68430 7.68047 7.66756 7.65058 7.64396
7.54066 7.39140 7.48371 7.64846 7.66719 7.65952 7.66688 7.69059 7.66530 7.55789 7.56749 7.48734 7.62738 7.69187 7.70443 7.71053 7.70893 7.68351 7.60931 7.61786 7.59417 7.67884 7.69339 7.68535 7.68505 7.69006 7.68496 7.68915 7.68837 7.69128 7.69488 7.68997 7.67773 7.68463 7.68936 7.69116 7.67067 7.66797 7.66532 7.66884 7.66599 7.64926 7.65580 7.68335 7.69129 7.69599 7.69558 7.67235 7.64876 7.66186 7.66336 7.65978 7.66405 7.66977 7.67328 7.67206 7.66472 7.67388 7.67700 7.66703 7.65917 7.66715 7.66819 7.65029 7.64776 7.64164
7.61614 7.50251 7.60544 7.63773 7.65641 7.65261 7.64293 7.66071 7.65428 7.60493 7.54693 7.61493 7.66703 7.68501 7.70092 7.70501 7.69926 7.68708 7.65241 7.59846 7.62862 7.68935 7.68146 7.67200 7.64211 7.64036 7.66449 7.66067 7.64952 7.66910 7.66411 7.67638 7.67345 7.67379 7.68195 7.67993 7.67423 7.67375 7.67271 7.67666 7.67015 7.65168 7.63188 7.65189 7.66852 7.68597 7.68609 7.64764 7.64505 7.63810 7.66317 7.66164 7.66425 7.65745 7.66525 7.66746 7.65483 7.64558 7.65654 7.65650 7.65422 7.65364 7.66112 7.65860 7.64947 7.65238
7.61161 7.46989 7.53262 7.45737 7.57856 7.64739 7.64807 7.61860 7.63726 7.64269 7.64465 7.68462 7.68675 7.68176 7.69198 7.69572 7.68375 7.68233 7.67225 7.61674 7.55397 7.62916 7.63617 7.60912 7.41079 7.40701 7.59708 7.57933 7.52207 7.61786 7.59670 7.63418 7.66256 7.66293 7.67701 7.68089 7.67938 7.66349 7.67563 7.68269 7.65548 7.61780 7.63213 7.63477 7.66294 7.67005 7.68206 7.65290 7.62816 7.63620 7.66764 7.66346 7.64377 7.64919 7.67273 7.67109 7.64722 7.65068 7.64527 7.65480 7.65687 7.66179 7.66352 7.65999 7.65085 7.64647
7.50277 7.48262 7.56933 7.39813 7.37160 7.58913 7.59025 7.53605 7.62665 7.65198 7.67912 7.70038 7.69348 7.67981 7.67680 7.68015 7.68389 7.69682 7.67136 7.55095 7.56738 7.49890 7.50159 7.46765 7.05783 6.96295 7.40597 7.42751 7.50692 7.60246 7.60600 7.58165 7.65469 7.66043 7.65633 7.66214 7.66371 7.66335 7.67540 7.67549 7.66680 7.61837 7.60482 7.61362 7.64005 7.67628 7.68685 7.67567 7.64958 7.65673 7.66400 7.64775 7.62930 7.64242 7.65352 7.66557 7.66287 7.65122 7.65213 7.64601 7.64855 7.66609 7.66550 7.66360 7.65699 7.64158
7.59788 7.43544 7.43357 7.29727 7.30425 7.53153 7.45656 7.44259 7.53859 7.64294 7.68433 7.70219 7.70289 7.69410 7.68463 7.68317 7.67379 7.67606 7.68398 7.62929 7.51120 7.48626 7.57348 7.57839 7.12241 6.97651 7.37010 7.51727 7.47885 7.60476 7.57763 7.64269 7.68017 7.67240 7.65644 7.66604 7.66774 7.67192 7.68038 7.67699 7.67787 7.65427 7.63606 7.62700 7.65468 7.67849 7.68371 7.68390 7.67377 7.66393 7.66081 7.65030 7.64464 7.63248 7.63192 7.64925 7.66472 7.66157 7.64477 7.63953 7.63444 7.64688 7.66448 7.66102 7.65591 7.65304
7.64553 7.60212 7.55623 7.35389 7.49606 7.57700 7.54272 7.45281 7.54038 7.66151 7.69603 7.70794 7.70682 7.69718 7.68189 7.67570 7.67591 7.67926 7.67609 7.67928 7.64324 7.61787 7.56653 7.61519 7.45517 7.40541 7.59441 7.64015 7.63234 7.66059 7.65552 7.68232 7.68295 7.67009 7.67338 7.67381 7.67903 7.68507 7.68275 7.68453 7.67959 7.66460 7.65686 7.63048 7.64060 7.65460 7.66159 7.66625 7.67175 7.67442 7.67262 7.66625 7.65665 7.64248 7.64990 7.62575 7.63773 7.63899 7.62836 7.64065 7.64282 7.63186 7.65164 7.65941 7.66289 7.66148
7.63997 7.63456 7.62320 7.55422 7.46431 7.54405 7.51608 7.54573 7.63470 7.68675 7.69639 7.70143 7.70349 7.70356 7.69226 7.66731 7.66058 7.66518 7.67276 7.68199 7.67985 7.66885 7.64388 7.66711 7.64274 7.63059 7.65116 7.63014 7.67516 7.67830 7.65133 7.67799 7.68053 7.67009 7.67214 7.66692 7.67646 7.67893 7.68763 7.68853 7.68052 7.66865 7.63783 7.61350 7.64677 7.64406 7.63294 7.63989 7.66552 7.67075 7.65378 7.65429 7.66730 7.66357 7.63969 7.63693 7.64239 7.64276 7.63681 7.64452 7.63221 7.62566 7.63596 7.65417 7.66340 7.66040
7.66638 7.64739 7.64690 7.64206 7.62025 7.63354 7.63040 7.65011 7.67440 7.68609 7.68865 7.69086 7.70076 7.69708 7.69574 7.67708 7.67157 7.66477 7.67696 7.68514 7.68302 7.68305 7.67224 7.67158 7.66902 7.65238 7.58288 7.46140 7.59493 7.60964 7.53416 7.61729 7.66571 7.65582 7.66467 7.66260 7.65665 7.62550 7.66747 7.68044 7.67710 7.65752 7.62850 7.61675 7.61313 7.64322 7.62673 7.63053 7.63224 7.64510 7.64077 7.63945 7.65056 7.65966 7.64869 7.63461 7.62501 7.63022 7.63536 7.64685 7.63481 7.63838 7.63794 7.65453 7.65909 7.65308
7.67641 7.66850 7.66688 7.66374 7.65615 7.66561 7.67654 7.67752 7.67989 7.68414 7.68227 7.68785 7.69445 7.68987 7.68281 7.68159 7.67035 7.67414 7.68333 7.68833 7.68495 7.68586 7.68084 7.66380 7.66049 7.62326 7.44301 7.49484 7.39838 7.47462 7.55707 7.53332 7.61531 7.57939 7.62492 7.65391 7.59418 7.45677 7.58555 7.66526 7.67254 7.66237 7.61669 7.60506 7.61331 7.65513 7.62428 7.61090 7.64279 7.65020 7.64141 7.63938 7.63658 7.63826 7.64430 7.65496 7.64742 7.64472 7.65744 7.65813 7.64978 7.63493 7.64243 7.65568 7.64481 7.63723
