mrvbf_slope0.6_pctl1.3.asc
NCOLS 410
NROWS 410
XLLCORNER 2398750.0000000000000000
YLLCORNER 2548750.0000000000000000
CELLSIZE 250.0000000000000000
NODATA_VALUE -99999.00000
[rows 58 to 86 of 410, columns 66 to 131 of 410]
6.62374 6.57376 6.55892 6.56758 6.56814 6.53155 6.49227 6.49630 6.51162 6.50480 6.52025 6.54686 6.50440 6.49637 6.55000 6.58317 6.58843 6.58198 6.54333 6.50468 6.51017 6.55389 6.62626 6.68523 6.70787 6.67551 6.62927 6.61000 6.61491 6.59531 6.60139 6.64774 6.69101 6.70925 6.74889 6.77095 6.78125 6.73318 6.63145 6.56402 6.54169 6.51741 6.45532 6.37139 6.20657 6.01024 6.15621 6.44173 6.55910 6.59566 6.62315 6.58887 6.58902 6.57311 6.35067 5.74866 5.74706 5.71696 6.09959 6.47293 6.46640 6.31763 6.46929 6.41258 6.54982 6.57262
6.70176 6.60461 6.53403 6.51813 6.54743 6.57077 6.58361 6.61181 6.61426 6.60370 6.59587 6.58252 6.57138 6.57387 6.61527 6.65259 6.63521 6.62066 6.57356 6.54005 6.52479 6.51241 6.55362 6.59712 6.60547 6.56993 6.51903 6.49707 6.57647 6.60929 6.60813 6.64788 6.72567 6.79877 6.85988 6.84367 6.76632 6.66290 6.59102 6.57576 6.62313 6.63931 6.57697 6.51411 6.37643 6.07661 6.03390 6.38497 6.52590 6.60062 6.66707 6.62189 6.57776 6.53455 6.39834 5.95559 5.71694 5.85570 6.19614 6.40599 6.42144 6.48617 6.20228 5.78906 6.21939 6.55304
6.61933 6.55955 6.49722 6.49113 6.55337 6.62679 6.67556 6.65564 6.62209 6.61395 6.62187 6.61731 6.61692 6.62571 6.64954 6.69270 6.68865 6.63534 6.58760 6.59011 6.58894 6.54790 6.54537 6.55285 6.54031 6.50458 6.45612 6.45802 6.51354 6.63363 6.63488 6.65206 6.73363 6.85709 6.90580 6.84581 6.72368 6.63485 6.59107 6.61697 6.70768 6.68519 6.59364 6.50080 6.36350 6.17481 6.13235 6.33719 6.52839 6.60828 6.64035 6.68604 6.63545 6.55075 6.46770 6.13159 5.82910 5.95459 6.34411 6.20137 6.12797 6.07975 5.78408 5.85943 5.78089 6.40514
6.52624 6.45094 6.43845 6.46228 6.52823 6.60552 6.66598 6.65547 6.63856 6.66738 6.71699 6.72404 6.68986 6.64296 6.60033 6.60423 6.61659 6.60688 6.59035 6.60873 6.64187 6.59494 6.57253 6.56283 6.54364 6.52694 6.52525 6.51947 6.53376 6.65900 6.65859 6.66371 6.73078 6.85257 6.90110 6.81403 6.70434 6.63459 6.59930 6.60104 6.60284 6.55653 6.50803 6.46157 6.40191 6.31695 6.25374 6.30619 6.46209 6.53591 6.55767 6.60877 6.63425 6.56839 6.44974 5.95633 5.88447 5.74554 5.96058 6.07613 6.12503 5.98186 5.95421 6.26849 5.98701 6.47466
6.44205 6.33911 6.39335 6.52271 6.54072 6.59566 6.67083 6.66351 6.68724 6.79548 6.88977 6.83242 6.68487 6.59776 6.54058 6.50906 6.50624 6.53199 6.57227 6.61383 6.66250 6.63857 6.61731 6.60953 6.59049 6.58782 6.61147 6.55900 6.57129 6.68675 6.67096 6.67251 6.73188 6.83902 6.85679 6.78563 6.69413 6.63055 6.59001 6.55581 6.50543 6.43944 6.42930 6.47156 6.48892 6.42773 6.32645 6.26736 6.32018 6.42091 6.48416 6.49965 6.56151 6.56517 6.54170 6.18307 5.73015 5.77298 5.77560 6.11452 6.13494 6.11953 5.73975 5.80902 5.76139 6.37294
6.37458 6.44209 6.46020 6.55051 6.56386 6.60017 6.68286 6.68582 6.74307 6.88572 6.96349 6.78721 6.62474 6.54900 6.51227 6.47069 6.44430 6.47362 6.53387 6.59661 6.65501 6.67397 6.67845 6.68548 6.64739 6.64154 6.65815 6.57560 6.56924 6.66068 6.65041 6.67695 6.73949 6.80874 6.79884 6.75281 6.67006 6.60130 6.55099 6.49728 6.42104 6.36667 6.41262 6.49573 6.55943 6.51398 6.39901 6.26303 6.19472 6.24560 6.33482 6.45809 6.52376 6.57597 6.57589 6.50146 5.98946 5.73873 5.91504 6.27949 6.43345 6.11558 5.71922 5.69105 5.97689 6.48907
6.45627 6.51326 6.51624 6.60209 6.58573 6.60117 6.67369 6.67454 6.69740 6.77574 6.81628 6.71247 6.58294 6.51477 6.50062 6.50420 6.50654 6.49414 6.51902 6.57563 6.63347 6.67104 6.70863 6.75064 6.69197 6.65397 6.65998 6.56068 6.53113 6.59751 6.64617 6.68449 6.74899 6.78265 6.75629 6.68637 6.60768 6.54705 6.49311 6.43101 6.36723 6.39126 6.43910 6.48730 6.57857 6.59617 6.50528 6.36097 6.17988 6.10329 6.12310 6.25986 6.45860 6.54677 6.54506 6.54041 6.45589 6.17375 6.31565 6.43834 6.36559 5.76987 5.81651 5.75031 6.29673 6.52713
6.55990 6.55252 6.53933 6.61784 6.59059 6.59088 6.63989 6.63689 6.61331 6.63202 6.66871 6.64157 6.56283 6.51315 6.50743 6.54336 6.59657 6.56143 6.54087 6.56627 6.60784 6.64381 6.68861 6.75318 6.72267 6.63510 6.59752 6.56653 6.50769 6.54608 6.63508 6.65721 6.71568 6.69743 6.67458 6.60119 6.54051 6.49171 6.45071 6.41868 6.42404 6.48388 6.44750 6.47002 6.58919 6.68116 6.61089 6.50815 6.35724 6.16207 6.02410 6.00888 6.21922 6.42324 6.52167 6.53079 6.53976 6.50480 6.44420 6.46474 6.06398 5.70059 5.71629 6.05758 6.49969 6.53802
6.60132 6.57681 6.55730 6.59917 6.59967 6.57004 6.58283 6.57768 6.55802 6.56087 6.59336 6.61305 6.58433 6.54458 6.52106 6.53073 6.57180 6.57010 6.54564 6.55698 6.59181 6.63019 6.67066 6.72790 6.74340 6.64930 6.57875 6.55181 6.52899 6.56854 6.64222 6.65525 6.64862 6.59538 6.58018 6.53652 6.48463 6.45678 6.46035 6.48589 6.52460 6.55408 6.46695 6.43344 6.53416 6.64206 6.67540 6.60302 6.51357 6.38450 6.21957 6.02925 6.04112 6.30037 6.48252 6.56917 6.57420 6.54028 6.47512 6.24861 5.70622 5.67557 5.68941 6.16189 6.47152 6.49006
6.61210 6.58115 6.56930 6.60246 6.59717 6.53857 6.52321 6.51890 6.52195 6.53218 6.56666 6.62459 6.64311 6.59175 6.54763 6.51614 6.50703 6.51890 6.53155 6.55593 6.59396 6.64043 6.67824 6.72259 6.77968 6.72352 6.63178 6.57856 6.58049 6.64911 6.67415 6.63632 6.58160 6.54577 6.50360 6.48285 6.44948 6.47164 6.52193 6.56690 6.58770 6.57383 6.49974 6.41573 6.45220 6.54415 6.59360 6.55695 6.47814 6.37380 6.24458 6.05990 6.04348 6.31313 6.50568 6.55762 6.55932 6.49498 6.42651 5.93393 5.65098 5.64566 5.71665 6.24894 6.46195 6.44592
6.56805 6.55646 6.55290 6.60760 6.57320 6.51514 6.46984 6.47564 6.50404 6.50987 6.54183 6.61310 6.68336 6.65702 6.60801 6.55881 6.52547 6.52315 6.54907 6.58243 6.62374 6.67732 6.70953 6.72261 6.72473 6.67162 6.63927 6.64309 6.65632 6.71372 6.66269 6.58936 6.55030 6.50172 6.47224 6.44756 6.44861 6.51902 6.55663 6.55316 6.53406 6.50041 6.47671 6.45106 6.42912 6.46936 6.46811 6.37136 6.22639 6.11998 6.04800 6.01739 6.12131 6.38373 6.52266 6.54147 6.49873 6.45076 6.27549 5.73932 5.70108 5.65561 5.91948 6.45208 6.49927 6.45915
6.49950 6.50080 6.52432 6.59327 6.57878 6.50320 6.42303 6.45713 6.51802 6.48713 6.50545 6.57173 6.61785 6.65380 6.68710 6.65400 6.62253 6.60417 6.61653 6.64723 6.68631 6.73141 6.73162 6.68505 6.61872 6.55465 6.52470 6.54289 6.59773 6.68262 6.65436 6.55893 6.51658 6.47992 6.49164 6.44500 6.47216 6.51548 6.50500 6.50277 6.50751 6.49701 6.47430 6.45817 6.46822 6.44028 6.28984 6.11063 6.02316 6.00651 6.01277 6.06361 6.22528 6.40657 6.48959 6.51477 6.48573 6.46079 6.14655 5.81518 5.72968 5.79142 6.35544 6.52398 6.52911 6.48624
6.46518 6.42011 6.43301 6.54349 6.58227 6.50895 6.41805 6.44584 6.53719 6.49358 6.46785 6.48981 6.50783 6.54987 6.60843 6.68092 6.75041 6.74957 6.72914 6.70905 6.69032 6.68411 6.67314 6.63012 6.55017 6.48748 6.46623 6.46432 6.50482 6.58422 6.57524 6.48227 6.45648 6.49748 6.53135 6.50019 6.48926 6.47817 6.49477 6.53526 6.56507 6.57174 6.54635 6.51530 6.47159 6.30049 6.09911 6.02768 6.01921 6.04186 6.07929 6.15714 6.27924 6.35711 6.44278 6.50923 6.43716 5.96911 5.73983 5.87769 5.92246 6.27816 6.46332 6.49649 6.53814 6.49977
6.50782 6.39429 6.27366 6.43945 6.56213 6.52344 6.43145 6.42989 6.51747 6.52028 6.46265 6.42898 6.43415 6.47376 6.52552 6.59425 6.68641 6.70365 6.65463 6.61530 6.59204 6.58780 6.59687 6.59198 6.52322 6.46626 6.50565 6.47526 6.46782 6.52151 6.49094 6.41215 6.44995 6.50420 6.56456 6.55575 6.51115 6.51513 6.54884 6.54764 6.52047 6.51717 6.51464 6.47699 6.32771 6.08163 6.01638 6.02931 6.06616 6.12516 6.17595 6.21065 6.23697 6.27295 6.31755 6.41912 6.21638 5.72557 5.71305 5.68919 6.00731 6.33278 6.33182 6.39099 6.46697 6.41729
6.53205 6.44728 6.20555 6.31503 6.52564 6.54220 6.44164 6.39752 6.46554 6.52406 6.50931 6.48434 6.46707 6.44863 6.46937 6.52598 6.58982 6.58746 6.55498 6.53057 6.51677 6.51755 6.53120 6.54895 6.53993 6.47819 6.49330 6.52276 6.50644 6.53006 6.48266 6.44643 6.50612 6.48501 6.54369 6.57849 6.56759 6.57609 6.52494 6.41360 6.32423 6.26662 6.23333 6.19438 6.07792 5.97014 5.97780 6.06518 6.16684 6.23540 6.24963 6.21249 6.20099 6.24761 6.20138 6.27415 6.30707 5.77787 5.60278 5.62250 5.78882 5.76850 5.78035 5.91888 6.27326 6.34033
6.50923 6.48330 6.30777 6.33152 6.54192 6.56804 6.45037 6.36324 6.41759 6.52172 6.57521 6.56731 6.52561 6.47900 6.45246 6.46094 6.49036 6.48499 6.47194 6.46526 6.46631 6.47028 6.47860 6.49044 6.50109 6.48967 6.51184 6.54898 6.51963 6.53420 6.50717 6.46596 6.49161 6.51303 6.53389 6.56370 6.60064 6.55670 6.39958 6.22477 6.16170 6.07069 5.99812 5.97705 5.96712 5.92513 5.99887 6.20819 6.31292 6.31043 6.26392 6.22326 6.25936 6.30689 6.16905 6.14828 6.24724 5.78546 5.64300 5.70520 5.66570 5.60927 5.60056 5.64637 5.77809 6.01946
6.52479 6.49590 6.35596 6.41484 6.56388 6.55881 6.43922 6.35014 6.41313 6.53475 6.62368 6.60873 6.57151 6.53037 6.47940 6.43019 6.40563 6.41103 6.42578 6.44241 6.45633 6.45867 6.45741 6.45842 6.45785 6.46193 6.49425 6.51263 6.49698 6.52024 6.51816 6.49610 6.50611 6.48725 6.50964 6.53524 6.57024 6.49502 6.27812 6.12223 6.15602 6.14800 6.09240 6.03059 5.99207 6.04238 6.24730 6.36608 6.40082 6.32635 6.25364 6.25238 6.34655 6.38906 6.17969 6.02200 5.89660 5.75678 5.72701 5.58926 5.57665 5.64558 5.63099 5.53254 5.54397 5.67458
6.55087 6.51651 6.42826 6.48691 6.57048 6.53683 6.41597 6.35348 6.44267 6.55866 6.64189 6.64586 6.62885 6.58825 6.53029 6.47280 6.43659 6.43816 6.45972 6.48417 6.49697 6.49278 6.48272 6.47761 6.47697 6.48770 6.51234 6.49958 6.48601 6.52837 6.51517 6.50693 6.52164 6.52632 6.49282 6.47963 6.49224 6.39799 6.16960 6.07920 6.16167 6.23906 6.27445 6.26641 6.27224 6.36500 6.37642 6.43509 6.43741 6.33095 6.22956 6.23345 6.36799 6.45316 6.20755 5.93351 5.76394 5.77823 5.67465 5.56917 5.61402 5.55806 5.57303 5.44479 5.54747 5.67748
6.57575 6.54150 6.47037 6.51056 6.56252 6.49014 6.37286 6.36801 6.48892 6.58900 6.64740 6.68983 6.70558 6.65558 6.59309 6.55434 6.53617 6.53150 6.54204 6.56144 6.56791 6.55649 6.54028 6.53256 6.53719 6.54841 6.52968 6.47672 6.49594 6.55324 6.49860 6.47453 6.49424 6.52238 6.49445 6.43672 6.40814 6.28947 6.11899 6.09360 6.16555 6.28261 6.39801 6.45348 6.48808 6.51349 6.48110 6.46725 6.43814 6.33447 6.21288 6.16861 6.26276 6.36449 6.19068 6.06960 5.90054 5.72142 5.59996 5.51300 5.56350 5.60523 5.70811 5.70624 5.62372 5.66593
6.54365 6.52659 6.51500 6.54198 6.54284 6.41608 6.34107 6.43069 6.54763 6.60336 6.65003 6.71441 6.75400 6.70426 6.65175 6.63724 6.64430 6.64216 6.64241 6.65495 6.65302 6.63253 6.60772 6.59265 6.59146 6.56943 6.50842 6.47233 6.51244 6.51885 6.45045 6.45114 6.49268 6.51315 6.49071 6.43698 6.37764 6.26135 6.13026 6.12057 6.19270 6.33357 6.43389 6.49224 6.53407 6.54033 6.53241 6.53419 6.49772 6.40477 6.26645 6.14331 6.13065 6.20275 6.14442 6.23017 6.24464 5.83354 5.74107 5.60182 5.61400 5.79549 6.08912 6.02611 5.81737 5.85675
6.49570 6.47782 6.52341 6.56212 6.49000 6.33716 6.34429 6.49104 6.57380 6.63843 6.71233 6.76876 6.76508 6.70719 6.66619 6.67658 6.69722 6.67600 6.65372 6.65122 6.66045 6.67206 6.66900 6.63835 6.61079 6.57274 6.51035 6.47260 6.48773 6.46496 6.41983 6.46778 6.50065 6.51502 6.49461 6.45443 6.39058 6.27028 6.14519 6.14129 6.22192 6.32803 6.39563 6.46343 6.48134 6.45990 6.49280 6.53708 6.53110 6.47127 6.37239 6.26023 6.14449 6.11174 6.19112 6.36460 6.33962 5.99769 5.77842 5.77898 5.81786 6.09892 6.12427 5.96584 5.91255 6.00541
6.46006 6.42420 6.51188 6.57844 6.45744 6.30131 6.36287 6.46996 6.56579 6.70826 6.83717 6.87376 6.82932 6.72692 6.64607 6.63612 6.62254 6.57823 6.55389 6.55314 6.57001 6.60107 6.65050 6.66432 6.62460 6.58695 6.54028 6.49027 6.47100 6.46746 6.46810 6.51089 6.53224 6.51174 6.48256 6.42663 6.36372 6.26220 6.15729 6.14768 6.17584 6.33210 6.37375 6.38358 6.38453 6.35893 6.44282 6.50760 6.48687 6.40858 6.35200 6.39768 6.36256 6.31026 6.38816 6.40204 6.27806 6.12424 6.05455 6.08795 6.09710 6.22322 6.14975 6.00741 6.04245 6.04416
6.42791 6.37341 6.50240 6.59739 6.43480 6.18836 6.33630 6.41634 6.51749 6.66426 6.83134 6.90285 6.88738 6.77377 6.64577 6.60501 6.55137 6.49658 6.47480 6.47692 6.49689 6.53124 6.57496 6.62485 6.63475 6.60998 6.58626 6.55855 6.53866 6.54025 6.52445 6.52257 6.54344 6.51580 6.43886 6.38637 6.25981 6.17279 6.10601 6.10378 6.10871 6.29846 6.37602 6.29367 6.29084 6.32566 6.39786 6.49041 6.45052 6.40112 6.38843 6.38915 6.45148 6.50655 6.53092 6.43885 6.26304 6.14572 6.17387 6.28391 6.27686 6.32945 6.25716 6.07712 6.16253 6.21334
6.40482 6.34996 6.50891 6.66186 6.52688 6.21167 6.14830 6.38454 6.45188 6.56214 6.70561 6.83701 6.84989 6.74861 6.63147 6.55942 6.47585 6.43759 6.45004 6.44951 6.44200 6.45583 6.49105 6.54730 6.60114 6.59722 6.57236 6.57448 6.59808 6.61655 6.55584 6.50244 6.51248 6.52531 6.46109 6.30891 6.24745 6.05117 6.03913 6.06324 6.16211 6.07657 6.27307 6.31668 6.25659 6.33059 6.44783 6.50595 6.48181 6.43304 6.42604 6.47973 6.49525 6.53963 6.57779 6.50170 6.36709 6.18912 6.11247 6.27103 6.34180 6.38636 6.36074 6.12357 6.11306 6.29620
6.40761 6.34856 6.50783 6.69527 6.58518 6.29914 6.08269 6.34300 6.43902 6.50151 6.60553 6.73771 6.74577 6.65656 6.57802 6.48170 6.43184 6.47793 6.52216 6.51636 6.47302 6.42434 6.41099 6.46489 6.53198 6.55817 6.56741 6.61489 6.67302 6.68048 6.60104 6.51750 6.46850 6.46336 6.44661 6.34661 6.20442 6.19191 6.21573 6.13715 6.09041 6.21583 6.33438 6.37968 6.35635 6.36612 6.41368 6.44237 6.51567 6.50828 6.48513 6.52058 6.53246 6.52957 6.54738 6.53607 6.48442 6.37612 6.24228 6.27378 6.37793 6.45215 6.45479 6.22123 6.07978 6.23307
6.44615 6.37779 6.50304 6.69515 6.62621 6.39749 6.10368 6.22375 6.45666 6.46961 6.52880 6.62264 6.64800 6.59532 6.50425 6.42554 6.48470 6.58456 6.64015 6.62882 6.57202 6.49795 6.42493 6.42518 6.49334 6.54610 6.59528 6.67199 6.72333 6.69491 6.63224 6.56041 6.48105 6.40566 6.35450 6.32152 6.27766 6.27295 6.24591 6.27342 6.32479 6.34470 6.36224 6.40240 6.43770 6.36753 6.34338 6.36467 6.46208 6.53291 6.51472 6.51832 6.53058 6.49059 6.47382 6.47285 6.46845 6.44985 6.39394 6.39589 6.45659 6.49553 6.39224 6.19408 6.11666 6.21994
6.50552 6.41046 6.47159 6.63846 6.65754 6.48549 6.21768 6.11534 6.34217 6.45227 6.47311 6.51597 6.55794 6.54249 6.44872 6.45235 6.56673 6.68686 6.76485 6.73495 6.65878 6.56837 6.47665 6.44027 6.49835 6.56483 6.64432 6.70668 6.70068 6.66006 6.62340 6.57173 6.49108 6.36145 6.25688 6.25333 6.27934 6.29280 6.30882 6.40587 6.45877 6.41209 6.38071 6.39933 6.39152 6.35326 6.35092 6.29498 6.40194 6.51269 6.48970 6.46265 6.45903 6.43460 6.41263 6.40161 6.39474 6.39380 6.40602 6.46323 6.50179 6.37460 6.07199 6.08296 6.20970 6.22830
6.52708 6.46085 6.43349 6.54814 6.61085 6.52248 6.36224 6.13717 6.15944 6.37649 6.43575 6.46233 6.47915 6.46189 6.42219 6.48963 6.61842 6.75332 6.79868 6.70597 6.59814 6.50664 6.42844 6.42741 6.49952 6.56136 6.62446 6.66296 6.65322 6.62062 6.57630 6.51219 6.40306 6.23497 6.17097 6.21130 6.26722 6.29555 6.36016 6.45656 6.49050 6.45818 6.39802 6.35709 6.34712 6.37721 6.33680 6.27418 6.41428 6.46426 6.40683 6.37085 6.37898 6.39675 6.40905 6.40884 6.40233 6.39904 6.43637 6.48898 6.43962 6.12150 6.00941 6.10201 6.23367 6.15482
6.56461 6.51904 6.47363 6.52602 6.59315 6.54585 6.46975 6.30344 6.06305 6.12019 6.30679 6.43867 6.45010 6.40176 6.39283 6.49587 6.63348 6.76753 6.70369 6.58486 6.47422 6.37532 6.35858 6.42565 6.49423 6.52624 6.55120 6.58672 6.58564 6.54897 6.48966 6.37708 6.20556 6.08991 6.12022 6.19903 6.24891 6.26269 6.34715 6.41124 6.42710 6.42885 6.39555 6.34053 6.33642 6.39422 6.36864 6.29693 6.35224 6.34779 6.30154 6.30178 6.35123 6.41487 6.46157 6.48137 6.48806 6.48221 6.49265 6.51719 6.45187 6.22846 6.05946 6.12621 6.23687 6.12514
