mrvbf_slope1.3_pctl1.asc
NCOLS 410
NROWS 410
XLLCORNER 2398750.0000000000000000
YLLCORNER 2548750.0000000000000000
CELLSIZE 250.0000000000000000
NODATA_VALUE -99999.00000
[rows 319 to 347 of 410, columns 66 to 131 of 410]
7.63786 7.63905 7.63943 7.63930 7.63877 7.63736 7.63514 7.63224 7.62903 7.62715 7.62763 7.62927 7.62902 7.62589 7.62399 7.62520 7.62007 7.61237 7.61090 7.61235 7.61441 7.61963 7.62525 7.62540 7.62200 7.62063 7.62209 7.62242 7.62010 7.62218 7.62160 7.61864 7.62084 7.62381 7.62443 7.62326 7.62229 7.62044 7.61552 7.61456 7.61789 7.61919 7.61840 7.61780 7.61848 7.61969 7.61890 7.61389 7.61083 7.61388 7.61636 7.61378 7.60819 7.60419 7.60593 7.61186 7.61532 7.61425 7.61446 7.61496 7.61356 7.61376 7.61654 7.61470 7.60959 7.60814
7.63238 7.63487 7.63653 7.63735 7.63737 7.63683 7.63568 7.63380 7.63027 7.62608 7.62496 7.62651 7.62419 7.61947 7.61908 7.61924 7.61188 7.60807 7.61005 7.61603 7.62025 7.62361 7.62573 7.62264 7.62108 7.62286 7.62444 7.62122 7.61672 7.61745 7.61497 7.61507 7.62064 7.62432 7.62516 7.62476 7.62344 7.61940 7.61532 7.61704 7.62033 7.62093 7.62037 7.61891 7.61784 7.61758 7.61644 7.61476 7.61624 7.61934 7.61937 7.61343 7.60417 7.59639 7.59319 7.59796 7.60641 7.60558 7.60633 7.60864 7.60718 7.60738 7.61335 7.61498 7.60822 7.60830
7.62610 7.62874 7.63307 7.63514 7.63558 7.63523 7.63454 7.63357 7.63116 7.62722 7.62585 7.62567 7.62273 7.61804 7.61531 7.61493 7.61114 7.61401 7.61623 7.62082 7.62583 7.62621 7.62307 7.62023 7.62249 7.62535 7.62440 7.61772 7.61517 7.61190 7.60623 7.61167 7.62037 7.62358 7.62436 7.62417 7.62258 7.61802 7.61559 7.61769 7.61931 7.61938 7.61804 7.61324 7.61113 7.61401 7.61627 7.61851 7.62115 7.62211 7.61938 7.61059 7.60248 7.59640 7.58670 7.58150 7.58799 7.59389 7.60064 7.60415 7.60159 7.59794 7.60589 7.61389 7.60931 7.60653
7.62068 7.62198 7.62888 7.63186 7.63294 7.63315 7.63273 7.63163 7.62949 7.62704 7.62721 7.62747 7.62574 7.62362 7.62140 7.62017 7.61887 7.62156 7.62143 7.62357 7.62636 7.62578 7.62237 7.62186 7.62461 7.62504 7.62125 7.61666 7.61668 7.60996 7.60339 7.60834 7.61698 7.62097 7.62256 7.62285 7.62176 7.61831 7.61503 7.61403 7.61439 7.61414 7.61040 7.60493 7.60878 7.61593 7.61942 7.62179 7.62289 7.62193 7.61795 7.60821 7.60312 7.60273 7.59234 7.57837 7.57838 7.59268 7.60316 7.60475 7.60130 7.59344 7.59528 7.60677 7.60642 7.60522
7.61793 7.61521 7.62125 7.62522 7.62755 7.62920 7.63004 7.62925 7.62712 7.62511 7.62580 7.62664 7.62492 7.62421 7.62503 7.62321 7.62202 7.62298 7.62173 7.62376 7.62438 7.62200 7.61811 7.61878 7.62189 7.62097 7.61738 7.61592 7.61382 7.61083 7.60775 7.60695 7.61125 7.61586 7.61905 7.62068 7.62053 7.61858 7.61522 7.61182 7.60996 7.60722 7.60008 7.59557 7.60436 7.61525 7.61964 7.62171 7.62262 7.62125 7.61660 7.60818 7.60359 7.60385 7.60002 7.59028 7.58728 7.59882 7.60732 7.60710 7.60280 7.59448 7.58958 7.59767 7.60257 7.60749
7.61845 7.61395 7.61453 7.61752 7.62011 7.62273 7.62462 7.62470 7.62273 7.62075 7.62199 7.62398 7.62361 7.62346 7.62395 7.62134 7.61968 7.62008 7.61976 7.62135 7.61907 7.61487 7.60951 7.60865 7.61306 7.61075 7.60753 7.60856 7.61018 7.61132 7.60935 7.60631 7.60723 7.61052 7.61357 7.61563 7.61638 7.61657 7.61580 7.61386 7.61086 7.60580 7.59656 7.58513 7.58884 7.60641 7.61677 7.61990 7.62052 7.61910 7.61490 7.60764 7.60175 7.60007 7.60020 7.59778 7.59134 7.60221 7.60932 7.60812 7.60417 7.59689 7.58933 7.59250 7.60220 7.61099
7.61758 7.61510 7.61332 7.61426 7.61592 7.61755 7.61866 7.61850 7.61608 7.61215 7.61113 7.61402 7.61559 7.61661 7.61860 7.61629 7.61399 7.61433 7.61369 7.61462 7.60978 7.60651 7.60225 7.59607 7.59658 7.59371 7.59453 7.59753 7.59689 7.60058 7.60258 7.60282 7.60426 7.60755 7.60987 7.60980 7.61106 7.61408 7.61613 7.61604 7.61372 7.60937 7.60192 7.58784 7.57957 7.59658 7.61245 7.61639 7.61700 7.61583 7.61319 7.60770 7.60070 7.59965 7.60064 7.59474 7.59997 7.60875 7.60897 7.60615 7.60489 7.60174 7.59437 7.59174 7.59938 7.60932
7.61242 7.61398 7.61339 7.61311 7.61413 7.61534 7.61539 7.61481 7.61290 7.60762 7.60279 7.60209 7.60289 7.60298 7.60671 7.60776 7.60528 7.60707 7.60498 7.60340 7.59752 7.59928 7.59888 7.59024 7.58341 7.58487 7.59120 7.59545 7.59051 7.59060 7.59453 7.59734 7.60044 7.60541 7.60873 7.60764 7.60783 7.61065 7.61434 7.61549 7.61407 7.61175 7.60630 7.59069 7.57907 7.59116 7.60599 7.61048 7.61072 7.60906 7.60619 7.60112 7.59536 7.59726 7.60299 7.60092 7.60524 7.60565 7.60186 7.60097 7.60416 7.60544 7.60168 7.59538 7.59511 7.60306
7.60484 7.60970 7.61108 7.61074 7.61147 7.61336 7.61442 7.61423 7.61322 7.60999 7.60462 7.59960 7.59693 7.59391 7.59222 7.59401 7.59431 7.59903 7.59540 7.58950 7.59040 7.59528 7.59694 7.59169 7.58850 7.59166 7.59758 7.59894 7.59381 7.58955 7.59010 7.59202 7.59449 7.60021 7.60571 7.60695 7.60565 7.60590 7.61136 7.61409 7.61325 7.61087 7.60627 7.59151 7.58203 7.58620 7.59080 7.59415 7.59369 7.58895 7.57919 7.56563 7.56831 7.58075 7.58743 7.58645 7.58990 7.58512 7.58385 7.59069 7.59971 7.60467 7.60443 7.59919 7.59290 7.59355
7.59370 7.59944 7.60379 7.60522 7.60585 7.60903 7.61326 7.61455 7.61380 7.61193 7.60754 7.60155 7.59743 7.59416 7.58626 7.57960 7.58751 7.59175 7.58699 7.58406 7.59185 7.59505 7.59716 7.59689 7.59807 7.59970 7.60218 7.60230 7.59760 7.58919 7.58622 7.58774 7.58695 7.59043 7.59910 7.60304 7.60231 7.60089 7.60593 7.61136 7.61292 7.61153 7.60691 7.59357 7.58492 7.58439 7.57992 7.57429 7.57218 7.57103 7.56224 7.55403 7.56315 7.57440 7.57706 7.57214 7.57094 7.57040 7.57773 7.58432 7.59094 7.59974 7.60346 7.60058 7.59456 7.59105
7.58157 7.57912 7.58555 7.59362 7.59736 7.60079 7.60816 7.61261 7.61190 7.60971 7.60645 7.60274 7.59947 7.59519 7.58451 7.57839 7.58588 7.58750 7.58431 7.58521 7.59095 7.59577 7.59919 7.60192 7.60305 7.60269 7.60195 7.60039 7.59668 7.59160 7.58371 7.57952 7.57734 7.57914 7.58718 7.59064 7.59291 7.58997 7.59189 7.60215 7.61010 7.61152 7.60697 7.59178 7.57951 7.58626 7.59003 7.58497 7.58342 7.58638 7.58407 7.58271 7.58648 7.58801 7.58727 7.58391 7.57982 7.58381 7.58742 7.58650 7.58772 7.59476 7.59909 7.59803 7.59538 7.59455
7.58627 7.57332 7.57197 7.58179 7.59063 7.59385 7.59904 7.60621 7.60766 7.60690 7.60553 7.60445 7.60213 7.59630 7.58696 7.58622 7.59156 7.59327 7.58966 7.58861 7.59057 7.59678 7.60216 7.60624 7.60754 7.60691 7.60534 7.60162 7.59563 7.59462 7.58829 7.57804 7.57264 7.57635 7.58705 7.59304 7.59410 7.58961 7.58360 7.58735 7.60206 7.60763 7.59921 7.59013 7.58496 7.59200 7.60169 7.60125 7.59984 7.59807 7.59524 7.59071 7.59463 7.59949 7.60027 7.59821 7.59435 7.59356 7.59176 7.58881 7.59018 7.59482 7.59574 7.59538 7.59396 7.59264
7.60146 7.59481 7.58494 7.58342 7.58988 7.59352 7.59518 7.60078 7.60601 7.60773 7.60859 7.60920 7.60752 7.60236 7.59747 7.59784 7.59888 7.60179 7.59861 7.59996 7.59898 7.60048 7.60424 7.60762 7.60886 7.60861 7.60904 7.60634 7.59775 7.59561 7.59307 7.59030 7.57987 7.57399 7.58580 7.59611 7.59866 7.59656 7.59004 7.58155 7.59247 7.60395 7.59682 7.59574 7.59106 7.59559 7.60516 7.60569 7.60346 7.59866 7.59456 7.59327 7.59834 7.60336 7.60479 7.60342 7.59929 7.59475 7.58928 7.58758 7.59304 7.59897 7.59852 7.59762 7.59416 7.58914
7.60860 7.60462 7.59923 7.59335 7.59480 7.59721 7.59748 7.60212 7.60859 7.61233 7.61388 7.61374 7.61163 7.60755 7.60302 7.60014 7.60132 7.60404 7.60146 7.59891 7.60358 7.60302 7.60251 7.60462 7.60772 7.60866 7.60871 7.60719 7.60298 7.59858 7.59701 7.59623 7.58811 7.57611 7.58153 7.59456 7.59730 7.59611 7.59429 7.58309 7.58648 7.60152 7.60055 7.59742 7.59904 7.60139 7.60413 7.60314 7.59912 7.59273 7.58710 7.59140 7.60220 7.60654 7.60656 7.60239 7.59811 7.59378 7.58174 7.58025 7.59276 7.60099 7.60099 7.60084 7.59733 7.58883
7.60840 7.60480 7.60193 7.59771 7.59959 7.60317 7.60365 7.60647 7.61242 7.61585 7.61597 7.61429 7.61154 7.60774 7.60323 7.59972 7.59859 7.59990 7.59909 7.59334 7.59624 7.59812 7.59714 7.60141 7.60690 7.60705 7.60516 7.60473 7.60349 7.59893 7.59480 7.59198 7.58582 7.57506 7.57535 7.58664 7.59150 7.59003 7.58812 7.58468 7.58365 7.59619 7.60216 7.60123 7.60307 7.60672 7.60463 7.60192 7.59701 7.59203 7.59087 7.59433 7.60098 7.60728 7.60769 7.60087 7.59593 7.59482 7.57473 7.57023 7.59119 7.60016 7.60057 7.60060 7.59721 7.58682
7.60400 7.59872 7.59531 7.59173 7.59464 7.59952 7.60326 7.60892 7.61499 7.61705 7.61563 7.61230 7.60662 7.59801 7.58818 7.57970 7.57465 7.57730 7.58048 7.57854 7.58601 7.58514 7.58861 7.59788 7.60088 7.59933 7.59966 7.59902 7.60071 7.59664 7.59597 7.59220 7.58303 7.57313 7.56738 7.57449 7.58801 7.59128 7.58795 7.58918 7.58773 7.58912 7.59482 7.60222 7.60346 7.60233 7.60079 7.59949 7.59683 7.59601 7.59977 7.59765 7.60008 7.60610 7.60646 7.59988 7.59535 7.59268 7.57639 7.56598 7.58419 7.59455 7.59844 7.59948 7.59352 7.58390
7.60311 7.59927 7.58629 7.57810 7.58588 7.59780 7.60619 7.61288 7.61664 7.61640 7.61327 7.60658 7.59624 7.58312 7.56966 7.55495 7.53917 7.53634 7.55813 7.57493 7.57755 7.57115 7.58457 7.59193 7.58966 7.59359 7.59881 7.59910 7.59687 7.59811 7.59741 7.59010 7.57947 7.56434 7.55689 7.57378 7.58669 7.58464 7.58556 7.59055 7.58966 7.57943 7.57756 7.58824 7.60046 7.60339 7.59814 7.59385 7.59451 7.59782 7.60266 7.60062 7.59836 7.59941 7.59917 7.59648 7.59798 7.59119 7.58431 7.58284 7.58235 7.58728 7.59473 7.59705 7.59194 7.58285
7.60148 7.59933 7.57862 7.56906 7.58535 7.60137 7.60986 7.61410 7.61560 7.61409 7.60837 7.59834 7.58704 7.57358 7.55940 7.54305 7.51992 7.48715 7.49962 7.55143 7.56910 7.56683 7.57799 7.58015 7.58428 7.59143 7.59430 7.59784 7.59635 7.59647 7.59379 7.58698 7.57775 7.56025 7.55122 7.56544 7.56757 7.56289 7.56549 7.57241 7.57797 7.57765 7.57741 7.57537 7.58833 7.59694 7.59154 7.58804 7.59028 7.59509 7.59969 7.59950 7.59779 7.59712 7.59761 7.59736 7.59482 7.59127 7.59401 7.59438 7.58838 7.58565 7.58922 7.59386 7.59077 7.58068
7.59794 7.59200 7.56831 7.56124 7.58021 7.59608 7.60674 7.61151 7.61251 7.60973 7.60102 7.59146 7.58335 7.56980 7.55381 7.54161 7.53193 7.50481 7.45857 7.49057 7.53464 7.55702 7.57413 7.57849 7.58699 7.58686 7.58946 7.59277 7.59284 7.59138 7.58719 7.58236 7.57627 7.56364 7.54970 7.54951 7.54987 7.55565 7.55377 7.55916 7.57023 7.58356 7.58571 7.58162 7.58557 7.59055 7.58604 7.58487 7.58966 7.59669 7.60119 7.60228 7.60368 7.60432 7.60445 7.60320 7.59470 7.59014 7.59078 7.59079 7.58957 7.58467 7.58554 7.58867 7.58471 7.57804
7.59918 7.58957 7.56549 7.55327 7.56792 7.58159 7.59540 7.60512 7.60591 7.59851 7.58979 7.58879 7.58498 7.56976 7.55397 7.54909 7.55132 7.55853 7.53733 7.50823 7.51530 7.54944 7.58004 7.58445 7.59019 7.58362 7.58664 7.59008 7.58865 7.58504 7.57937 7.57349 7.57022 7.56156 7.54630 7.54455 7.55046 7.55935 7.55881 7.55707 7.56551 7.57916 7.58434 7.58561 7.58962 7.58889 7.58404 7.58722 7.59533 7.60191 7.60516 7.60520 7.60591 7.60681 7.60662 7.60508 7.59884 7.59048 7.58692 7.58786 7.58730 7.58488 7.58555 7.58106 7.57581 7.57366
7.60009 7.59438 7.57119 7.55699 7.56778 7.57487 7.58027 7.58912 7.58776 7.57872 7.58074 7.58841 7.58681 7.57079 7.56284 7.57150 7.56349 7.54731 7.54518 7.55231 7.53958 7.55271 7.58716 7.59310 7.59554 7.59128 7.58869 7.59167 7.58452 7.57979 7.57252 7.56274 7.55641 7.54233 7.51359 7.50442 7.53038 7.55739 7.56940 7.56407 7.56440 7.57274 7.58027 7.58495 7.58876 7.58611 7.58545 7.59352 7.60073 7.60438 7.60622 7.60640 7.60592 7.60690 7.60666 7.60492 7.60174 7.59669 7.59536 7.59146 7.58655 7.58766 7.58975 7.58113 7.57517 7.56775
7.60038 7.59620 7.57450 7.56049 7.56798 7.57388 7.57591 7.57868 7.57743 7.57968 7.58563 7.58623 7.58179 7.57197 7.57732 7.59412 7.58363 7.57277 7.56516 7.56874 7.56446 7.56899 7.59187 7.59623 7.59866 7.59914 7.59737 7.59052 7.58334 7.58211 7.57416 7.56073 7.54553 7.51881 7.47302 7.42650 7.47960 7.54418 7.56394 7.56657 7.56909 7.57449 7.57945 7.58268 7.58327 7.58285 7.58897 7.59769 7.60221 7.60476 7.60610 7.60647 7.60535 7.60549 7.60519 7.60367 7.60306 7.60159 7.59827 7.59248 7.58644 7.59055 7.59377 7.58676 7.58124 7.56271
7.59736 7.59118 7.57440 7.55971 7.56228 7.57009 7.57663 7.58344 7.58782 7.59276 7.59433 7.58727 7.57947 7.58046 7.59034 7.59999 7.59875 7.60531 7.60033 7.59171 7.58302 7.58050 7.59590 7.60151 7.60339 7.60410 7.60099 7.59062 7.58951 7.59145 7.58640 7.57701 7.56265 7.53282 7.49156 7.43201 7.41524 7.50033 7.55487 7.57064 7.57408 7.57679 7.57882 7.58064 7.57819 7.58033 7.58996 7.59752 7.60144 7.60341 7.60463 7.60443 7.60388 7.60386 7.60225 7.60097 7.60150 7.60012 7.59507 7.58776 7.58665 7.59456 7.59617 7.59168 7.58287 7.56818
7.59725 7.59100 7.57753 7.56517 7.56490 7.57021 7.57780 7.58734 7.59211 7.59344 7.59015 7.58112 7.58108 7.59350 7.60202 7.60298 7.60700 7.61229 7.60980 7.60089 7.58599 7.57789 7.59553 7.60387 7.60478 7.60368 7.60051 7.59488 7.59435 7.59498 7.59497 7.59218 7.58141 7.54806 7.51315 7.50966 7.40621 7.45833 7.54510 7.57296 7.57632 7.57635 7.57568 7.57524 7.57395 7.57782 7.58490 7.59244 7.59835 7.60085 7.60183 7.60198 7.60190 7.59990 7.59642 7.59575 7.59620 7.59379 7.58864 7.58514 7.59151 7.59844 7.59634 7.59131 7.58448 7.57291
7.60049 7.59739 7.58657 7.57496 7.57299 7.57359 7.57666 7.58433 7.58460 7.58126 7.57620 7.57621 7.58824 7.59912 7.60540 7.60726 7.61233 7.61374 7.60956 7.59884 7.58971 7.57054 7.58595 7.59877 7.59978 7.59905 7.59871 7.59650 7.59667 7.59524 7.59547 7.59312 7.58661 7.56511 7.51609 7.48040 7.44202 7.49566 7.55607 7.57375 7.57603 7.57409 7.56995 7.56783 7.57301 7.57922 7.58133 7.58542 7.59187 7.59705 7.59942 7.59989 7.59740 7.59112 7.58828 7.58994 7.58938 7.58473 7.58067 7.58431 7.59416 7.59863 7.59394 7.58790 7.58616 7.57529
7.60143 7.59989 7.58961 7.57802 7.57799 7.57673 7.57357 7.57313 7.56885 7.56767 7.57331 7.58810 7.59999 7.60307 7.60350 7.60475 7.60998 7.61281 7.61008 7.60134 7.59262 7.58291 7.58866 7.59581 7.59589 7.59446 7.59275 7.59523 7.59113 7.58660 7.58821 7.58630 7.58613 7.58543 7.56224 7.53093 7.51823 7.54244 7.56840 7.57099 7.57117 7.56891 7.56274 7.56332 7.57298 7.58069 7.58153 7.58220 7.58551 7.59149 7.59575 7.59491 7.58749 7.58102 7.58472 7.58812 7.58425 7.57509 7.57173 7.58191 7.59364 7.59716 7.59244 7.58748 7.58823 7.57922
7.59864 7.59846 7.58205 7.57317 7.58363 7.57965 7.56651 7.56256 7.56461 7.57136 7.58328 7.59548 7.60215 7.60648 7.60431 7.59932 7.60103 7.60816 7.61089 7.60635 7.59606 7.59513 7.59839 7.59576 7.59258 7.58977 7.58980 7.59092 7.58461 7.58332 7.58482 7.57844 7.57362 7.58359 7.58414 7.56813 7.54879 7.55497 7.56979 7.57050 7.56842 7.56511 7.56333 7.56513 7.57022 7.57753 7.58083 7.58150 7.58200 7.58382 7.58643 7.58372 7.57816 7.58132 7.58893 7.59055 7.58248 7.56743 7.56314 7.57813 7.59097 7.59441 7.59056 7.58611 7.58668 7.58212
7.59756 7.60023 7.57356 7.57007 7.58238 7.57369 7.56814 7.57396 7.58361 7.58908 7.59087 7.59450 7.60115 7.60484 7.60546 7.60139 7.59707 7.60194 7.60786 7.60384 7.59575 7.59791 7.59810 7.59074 7.58680 7.58659 7.59111 7.59387 7.58975 7.59139 7.59143 7.58054 7.56298 7.57186 7.58013 7.56577 7.54649 7.54475 7.56066 7.56691 7.56788 7.56598 7.56809 7.56835 7.56830 7.57361 7.57895 7.58126 7.58193 7.58094 7.58005 7.57897 7.58109 7.58695 7.59133 7.59143 7.58329 7.56646 7.55829 7.57142 7.58528 7.58898 7.58577 7.58274 7.58388 7.58289
7.59744 7.60169 7.57717 7.56554 7.57302 7.57328 7.58065 7.58764 7.59828 7.59969 7.59702 7.59501 7.59763 7.60322 7.60307 7.60186 7.59822 7.60202 7.60616 7.59956 7.59183 7.59204 7.59180 7.58639 7.58475 7.58640 7.59088 7.59767 7.59362 7.59237 7.59373 7.58704 7.56357 7.56434 7.57303 7.56669 7.55039 7.54626 7.55385 7.56458 7.56964 7.57090 7.57054 7.56655 7.56535 7.56996 7.57712 7.58097 7.58180 7.58136 7.58083 7.58159 7.58547 7.58989 7.59098 7.58942 7.58414 7.57114 7.56009 7.56707 7.58075 7.58408 7.58090 7.58049 7.58325 7.58303
