mrvbf_slope0.8_pctl1.asc
NCOLS 410
NROWS 410
XLLCORNER 2398750.0000000000000000
YLLCORNER 2548750.0000000000000000
CELLSIZE 250.0000000000000000
NODATA_VALUE -99999.00000
[rows 174 to 202 of 410, columns 66 to 131 of 410]
6.20726 6.08087 6.25937 6.43320 6.45623 6.19502 6.08610 6.15274 6.29059 6.27749 6.28335 6.42342 6.44347 6.36330 6.29430 6.39740 6.55472 6.48724 6.19309 6.07065 5.99081 5.66246 5.69424 6.06939 6.12417 5.86324 5.73389 5.65364 5.57610 5.61044 5.65974 5.60651 5.61201 5.67296 5.72050 5.74811 5.68902 5.61841 5.60469 5.63273 5.60570 5.52778 5.48376 5.49336 5.48539 5.34500 4.75674 3.44982 2.82763 2.55141 1.66677 0.77892 0.62000 0.62131 0.51934 0.50250 0.73460 1.15191 0.56669 0.41971 0.32904 0.28911 0.42561 0.54852 0.62260 0.83891
6.31098 6.41160 6.75300 6.86698 6.73119 6.42602 6.26395 6.17375 6.29403 6.46092 6.43027 6.37720 6.20852 6.01238 6.08462 6.13338 6.27498 6.42798 6.29704 6.08702 6.00043 5.63352 5.65790 5.87263 5.71167 5.57639 5.54362 5.52872 5.53031 5.59790 5.60366 5.56921 5.58455 5.56233 5.57688 5.61264 5.56192 5.52154 5.47574 5.47520 5.40812 5.19270 4.89873 4.82900 4.75166 3.89473 3.03059 2.76503 2.58265 1.78960 0.72818 0.46281 0.46957 0.51416 0.39264 0.42247 0.67510 1.76620 0.70022 0.50132 0.44845 0.46894 0.52461 0.60630 0.71424 1.16107
6.55222 6.63651 6.97660 7.05084 6.80781 6.56966 6.51920 6.29526 6.25789 6.43311 6.55223 6.54893 6.39411 5.94647 5.88720 6.17787 6.23471 6.35715 6.36830 6.11227 5.89651 5.61591 5.58210 5.59973 5.49474 5.46215 5.50153 5.48997 5.52622 5.57123 5.52401 5.53437 5.51755 5.42918 5.38699 5.45634 5.45923 5.38474 5.32523 5.27512 4.88062 4.11977 3.42957 3.12263 3.01728 2.82535 2.71460 2.60815 2.24172 1.30152 0.54150 0.33259 0.36823 0.43661 0.42413 0.50387 1.11161 1.97232 1.39844 0.71358 0.60229 0.64957 0.77346 0.98956 1.30334 1.78180
6.46614 6.57821 6.99232 7.09934 6.80712 6.52802 6.49974 6.34346 6.24579 6.27090 6.26583 6.38925 6.53894 6.16678 5.89593 6.05472 6.19263 6.29686 6.32078 6.11903 5.86300 5.64857 5.60952 5.48757 5.41046 5.48720 5.53867 5.52691 5.52900 5.49324 5.39941 5.42260 5.26346 5.14572 4.92071 5.00130 5.20808 5.13703 4.98797 4.78235 3.69821 2.94031 2.82510 2.78563 2.72842 2.66482 2.54798 2.22668 1.63768 1.32210 0.83880 0.58747 0.53881 0.65672 0.66532 0.92224 1.60430 1.78585 1.65751 1.51581 1.40996 1.58612 1.72033 1.75865 2.19133 2.59350
6.39527 6.57435 7.02474 7.09506 6.72141 6.37858 6.38299 6.33849 6.26667 6.21579 6.01588 5.97962 6.18192 6.29194 6.05478 6.00761 6.13866 6.21189 6.18875 6.06274 5.85311 5.64280 5.52474 5.42463 5.46857 5.55652 5.57670 5.57974 5.56041 5.47161 5.19335 5.04082 5.00884 5.08161 4.58658 4.00142 3.97231 3.73879 3.51407 3.21945 2.76813 2.59308 2.54890 2.60479 2.58148 2.46006 1.95071 1.59087 1.47752 1.33933 1.26920 1.30291 1.23919 1.38087 1.23293 1.57590 1.79454 1.83693 1.82202 1.79956 1.80765 1.99120 2.36015 2.64432 2.95687 3.22294
6.38946 6.62746 7.03303 7.06520 6.65087 6.25211 6.33314 6.40611 6.32013 6.23513 6.08021 5.89772 5.85596 6.07392 6.16495 6.10283 6.20439 6.23907 6.04582 5.73239 5.59805 5.51812 5.47769 5.50657 5.55814 5.59157 5.59332 5.61195 5.58385 5.48344 5.24585 5.07543 5.23783 5.24124 4.71987 3.56939 2.98516 2.70843 2.56362 2.42349 2.11302 1.67359 1.54919 1.87051 2.06583 1.75082 1.58531 1.49509 1.22190 0.68402 0.63966 0.86437 1.19394 1.23578 1.13674 1.63122 1.83964 1.90817 2.04580 2.17355 2.22813 2.36441 2.68079 3.17992 3.34621 3.17358
6.37996 6.55812 6.95178 7.03668 6.69105 6.23686 6.28236 6.58015 6.52658 6.44814 6.32839 6.06395 5.77946 5.77626 5.90271 5.94967 6.10956 6.22811 5.93304 5.58204 5.49023 5.53960 5.58737 5.61200 5.60526 5.58977 5.54520 5.55045 5.52743 5.41293 5.35071 5.28807 5.34320 5.23091 4.65923 3.47566 2.73287 2.43185 1.80085 1.53035 1.18812 0.96506 1.17468 1.40554 1.59716 1.58502 1.54976 1.45325 0.71151 0.43787 0.38807 0.55736 0.88433 1.20866 1.11325 1.57421 1.80972 1.86329 1.90780 2.05575 2.19899 2.36971 2.64671 3.19284 3.50680 2.95842
6.43692 6.38215 6.66629 6.87061 6.62228 6.20967 6.28153 6.62529 6.64021 6.64735 6.40583 6.18846 5.82292 5.65215 5.64080 5.68363 5.81753 5.98289 5.81544 5.51256 5.46365 5.64016 5.67607 5.66918 5.63310 5.58643 5.48494 5.43235 5.31675 4.78515 4.59740 5.03242 5.23683 5.03244 4.32425 3.18402 2.45538 1.76296 1.00541 0.56660 0.57007 0.73046 1.25152 1.33708 1.32537 1.25745 1.38187 1.35129 0.62925 0.34696 0.30947 0.46866 0.59964 1.01448 1.38602 1.59126 1.73855 1.77195 1.75239 1.74305 1.80133 2.07997 2.53014 3.21929 3.69032 3.41099
6.66018 6.40272 6.38068 6.50864 6.40970 6.20307 6.38504 6.59666 6.64558 6.69221 6.35539 6.09096 5.90299 5.69042 5.61903 5.63602 5.67483 5.79021 5.71923 5.50054 5.50117 5.65694 5.70600 5.69364 5.66242 5.56909 5.40973 5.08120 2.84005 1.77179 1.75682 2.70079 4.45705 4.67901 3.92145 2.54755 1.78946 1.18944 0.55165 0.41424 0.43252 0.67972 1.17057 1.27210 0.88522 0.63509 1.08229 1.45328 0.82276 0.37692 0.32754 0.43110 0.54379 0.76891 1.36810 1.57850 1.64950 1.65636 1.65671 1.61969 1.61036 1.72922 2.20565 2.71018 3.39931 3.73419
6.80325 6.66876 6.44338 6.41826 6.46644 6.39956 6.52113 6.61117 6.61673 6.57742 6.23006 6.03569 5.97946 5.84444 5.71833 5.65308 5.62064 5.67467 5.60608 5.50153 5.56034 5.65309 5.67330 5.66814 5.57846 5.41376 5.01773 2.08294 0.80777 0.53074 0.68545 1.47079 2.60393 4.22473 2.86846 1.84413 1.42252 0.74042 0.52462 0.40708 0.45125 0.68707 0.85805 0.91647 0.60755 0.40774 0.70785 1.62661 1.54655 0.66544 0.46280 0.52217 0.66775 0.84376 1.27555 1.50503 1.55407 1.55014 1.53194 1.41872 1.13422 1.34356 1.74509 2.27295 2.77787 3.49842
6.69379 6.79773 6.71477 6.62306 6.71255 6.59038 6.53268 6.63568 6.59615 6.46364 6.20487 6.08104 6.02595 5.98384 5.86597 5.69053 5.61388 5.61138 5.55788 5.54164 5.60802 5.67336 5.73034 5.68841 5.54063 5.25897 2.74746 1.56156 0.37072 0.28425 0.48341 1.07243 1.93387 2.94193 2.09669 1.49171 1.09481 0.70028 0.54390 0.45123 0.64282 0.71280 0.70285 0.77008 0.56827 0.41230 0.62766 1.65240 1.77300 1.51865 1.05667 0.85935 0.81882 0.79277 0.84466 1.15489 1.38533 1.43167 1.25892 0.78885 0.60926 0.61053 0.99143 1.69066 2.38417 2.99215
6.68445 6.79686 6.79193 6.74548 6.83691 6.74247 6.55023 6.60814 6.63711 6.50958 6.33706 6.16370 5.97466 5.89278 5.97103 5.78433 5.68109 5.62374 5.59451 5.62655 5.68265 5.75836 5.80747 5.63995 5.48195 5.16845 1.86249 0.76863 0.22678 0.20333 0.42014 0.81667 1.65972 2.10720 1.79758 1.19659 0.93934 0.60884 0.49766 0.47289 0.68039 0.55169 0.57895 0.77572 0.58735 0.56919 0.91489 1.61855 1.80349 1.73101 1.41656 0.91250 0.64004 0.55828 0.60892 0.71892 1.09997 1.35920 0.83134 0.50440 0.44454 0.47502 0.56916 1.14563 1.79926 2.55682
6.74041 6.84149 6.82501 6.87877 6.92032 6.75819 6.57182 6.58025 6.65946 6.63372 6.53120 6.32808 6.02315 5.77445 5.76491 5.80038 5.85021 5.71543 5.65863 5.70255 5.76590 5.85088 5.82022 5.62528 5.47962 5.02675 1.91343 0.66157 0.27850 0.28316 0.51589 0.89958 1.50192 1.90395 1.97906 1.50811 1.24149 0.81888 0.64366 0.68062 0.63862 0.49537 0.55675 0.71387 0.58045 0.58139 0.99967 1.57037 1.61827 1.43336 0.90077 0.73269 0.57322 0.47031 0.54606 0.64128 0.90724 1.34539 0.60826 0.35913 0.34472 0.42899 0.56744 0.70941 1.31571 2.22876
6.73389 6.83433 6.95963 6.97672 6.79398 6.55849 6.49392 6.59866 6.71496 6.75274 6.70449 6.54359 6.31086 5.97743 5.79980 5.82538 5.80979 5.77011 5.76329 5.81599 5.88435 5.95592 5.79468 5.60591 5.47269 4.98890 2.04985 1.32370 0.62570 0.62321 0.97558 0.90460 1.27308 1.78602 2.32425 1.75390 1.47267 1.07101 0.82744 0.76399 0.66570 0.53582 0.47476 0.43572 0.49332 0.53254 0.73739 1.47970 0.95873 0.53843 0.42475 0.50703 0.55774 0.50882 0.53732 0.62278 1.09409 1.40532 0.74897 0.41563 0.36542 0.43763 0.57877 0.63578 0.97250 1.88768
6.68743 6.81248 7.02078 6.88316 6.58108 6.45659 6.53302 6.67662 6.79701 6.84698 6.80689 6.71316 6.56805 6.25934 5.99448 5.89859 5.85315 5.81864 5.86673 6.01197 6.09127 6.06120 5.76939 5.57699 5.43835 5.04223 2.37880 1.64180 1.13154 0.83616 1.03665 0.60946 0.88641 1.64892 2.21658 1.88033 1.58571 1.05947 0.80548 0.75976 0.67478 0.53478 0.44486 0.43267 0.43124 0.52791 0.77339 1.90908 0.68880 0.40220 0.34552 0.37645 0.60055 0.67635 0.65218 0.83518 1.42605 1.50146 1.13239 0.65636 0.45518 0.46363 0.52276 0.60293 0.80591 1.81235
6.65751 6.82822 6.99214 6.74639 6.46726 6.48493 6.64776 6.73380 6.79629 6.84725 6.83322 6.77761 6.61508 6.28631 6.04573 5.97094 5.94713 5.88410 5.85733 5.93479 6.06016 6.06586 5.73536 5.54050 5.37439 4.53740 1.92413 1.24379 0.73285 0.55076 0.48886 0.50814 0.61897 1.49127 2.09689 2.01313 1.63892 0.73902 0.51840 0.65105 0.87656 0.56391 0.49489 0.50610 0.53919 0.65973 1.21061 1.50815 0.88200 0.52338 0.39170 0.45662 0.66825 0.81096 0.92784 1.37064 1.60076 1.66175 1.51342 0.81003 0.51219 0.46321 0.49922 0.59435 0.85948 2.07422
6.65444 6.84985 6.93025 6.65435 6.41967 6.48210 6.66844 6.70399 6.70025 6.72007 6.70433 6.67515 6.51928 6.22381 6.04072 6.02585 6.07606 5.99817 5.89478 5.88599 5.95828 6.00444 5.69923 5.49564 5.17204 2.14381 1.50794 0.49060 0.38476 0.44663 0.53428 0.57253 0.90751 1.60717 2.15734 2.26593 1.77463 0.77383 0.46727 0.63260 0.95919 0.69721 0.59135 0.57776 0.67681 1.13287 1.53388 1.58357 1.16136 0.61539 0.48315 0.53715 0.66344 0.84839 1.27085 1.51657 1.62314 1.72095 1.64320 1.06831 0.57054 0.52885 0.55003 0.74759 1.64902 2.52859
6.63759 6.84612 6.84838 6.55910 6.35743 6.42301 6.57562 6.57282 6.47992 6.42858 6.39783 6.37985 6.29307 6.12730 6.05785 6.13724 6.23952 6.14693 5.96950 5.88714 5.89335 5.92097 5.69733 5.46598 4.35402 1.83664 0.48296 0.24127 0.27105 0.43916 0.70837 1.02533 1.29657 1.74415 2.33139 2.48970 1.94941 1.56692 0.88797 1.03533 1.12562 1.09124 0.85601 0.78065 1.09370 1.44267 1.62147 1.57764 1.05293 0.56434 0.47976 0.57611 0.66829 0.96532 1.37944 1.52320 1.61537 1.72159 1.63356 1.21342 0.73917 0.67273 0.86193 1.80043 2.50281 2.70311
6.50542 6.70276 6.66633 6.40242 6.27130 6.33181 6.40400 6.36411 6.26448 6.17254 6.11806 6.08806 6.07185 6.06981 6.10099 6.22297 6.34124 6.26321 6.05586 5.90986 5.88101 5.89703 5.73334 5.45454 4.39484 1.85757 0.50657 0.25177 0.31312 0.55478 0.94966 1.28840 1.47887 2.01487 2.74187 2.70405 2.18807 1.80593 1.61386 1.58245 1.42049 1.29962 1.17942 1.20070 1.35973 1.55076 1.66792 1.55751 0.92133 0.52382 0.48502 0.57939 0.68569 0.96623 1.29345 1.48642 1.57557 1.68317 1.66932 1.49075 1.31783 1.49787 2.24818 2.60412 2.69152 2.86278
6.23609 6.32038 6.31362 6.16061 6.12908 6.17615 6.18958 6.17539 6.15120 6.08088 6.01454 5.96697 5.97897 6.04801 6.11506 6.20984 6.20168 6.12503 6.05593 5.96116 5.90923 5.93166 5.74522 5.47725 5.09752 2.19945 0.82458 0.44890 0.45466 0.72734 1.16856 1.35641 1.76368 2.50179 3.68806 2.73585 2.40584 1.93889 1.77084 1.75253 1.65059 1.42400 1.15347 1.36986 1.47249 1.61035 1.72241 1.65429 1.18364 0.60577 0.55664 0.62462 0.77048 1.07568 1.33112 1.51432 1.68365 2.08850 2.37198 2.43218 2.47903 2.60663 2.78326 2.97583 2.82070 2.92312
6.07382 6.02301 6.01196 5.93630 5.92830 5.98683 6.04600 6.08528 6.07421 6.01493 5.94687 5.89046 5.91113 6.00948 6.08160 6.09951 6.03356 5.98405 5.99577 5.98938 6.00815 6.07034 5.80548 5.55776 5.44433 4.81492 1.94580 0.89256 0.66783 0.95281 1.26468 1.63393 2.30247 3.27964 3.40810 2.72473 2.37355 1.81967 1.80907 1.83628 1.77220 1.56765 1.26519 1.35656 1.54736 1.66568 1.74012 1.68704 1.46138 0.81652 0.66825 0.70164 0.98173 1.40565 1.52898 1.72556 2.26785 2.56508 2.70935 2.75232 2.82168 3.06391 3.21735 3.06357 2.78940 2.74251
6.03443 5.91214 5.82552 5.80958 5.87334 5.96114 5.99936 6.01012 5.98424 5.97028 5.94229 5.90327 5.92098 6.01118 6.08462 6.05910 6.01182 5.98397 6.00468 6.07645 6.17832 6.23037 5.92188 5.65867 5.57697 5.45604 4.46628 2.13786 1.38461 1.43712 1.88117 2.42771 3.17411 3.95747 2.98970 2.52117 1.88777 1.40969 1.53040 1.77616 1.79465 1.65260 1.31352 1.16628 1.55719 1.67685 1.75291 1.74286 1.65531 1.50531 1.34961 1.29418 1.44776 1.63241 1.86092 2.31140 2.58806 2.73839 3.02010 3.46983 3.05577 2.91219 2.76862 2.66559 2.56620 2.44714
6.07321 5.96004 5.90126 5.95554 6.03005 6.05356 6.00714 5.97532 5.99795 6.08214 6.11673 6.14840 6.09358 6.10046 6.14735 6.13158 6.08936 6.11275 6.16875 6.28378 6.40230 6.32202 6.06836 5.82297 5.69979 5.56805 5.36876 4.81395 3.25856 3.02435 3.33712 4.04906 4.61436 3.96434 2.67024 2.14824 1.22344 0.67511 0.56738 1.44625 1.67685 1.37227 0.84281 0.96376 1.46852 1.55617 1.71230 1.80749 1.81911 1.82051 1.76680 1.76682 1.79380 2.00465 2.37524 2.60823 2.75946 3.19823 3.31325 2.84111 2.67385 2.54471 2.41038 2.03847 1.60605 1.32380
6.17386 6.21302 6.28109 6.24821 6.18451 6.10507 6.04607 6.05303 6.16449 6.33907 6.38961 6.38599 6.37075 6.29034 6.27835 6.27170 6.26892 6.36940 6.38968 6.42223 6.50761 6.41891 6.21085 5.99191 5.82029 5.63573 5.51334 5.40811 5.29627 5.19137 5.13520 5.22046 5.14836 3.70470 2.58464 2.09992 0.79810 0.39511 0.37043 0.70564 1.38667 0.75278 0.46224 0.55215 0.86397 1.29780 1.63818 1.82540 1.97827 2.20808 2.08579 1.92791 2.09574 2.43872 2.63750 2.85629 3.23279 2.93343 2.75141 2.57665 2.21378 1.61486 1.41492 1.23089 0.93090 0.69625
6.20294 6.33926 6.39503 6.26243 6.15676 6.09771 6.13433 6.27020 6.42638 6.52950 6.58267 6.52491 6.54669 6.49118 6.47095 6.47455 6.48763 6.58506 6.47350 6.53651 6.65283 6.56561 6.36075 6.07872 5.90352 5.79672 5.73554 5.58259 5.49516 5.48902 5.48746 5.41661 5.13826 3.47665 2.62466 2.39526 0.91205 0.37545 0.34441 0.60889 1.19652 0.72875 0.52560 0.57908 0.62614 1.07606 1.53628 1.68883 1.73972 1.87346 2.05281 1.96712 2.12350 2.47053 2.61943 2.69102 2.69864 2.61683 2.45710 2.04542 1.39219 1.25087 1.06772 0.76936 0.68220 0.59923
6.15012 6.14397 6.24325 6.20375 6.15162 6.19214 6.31645 6.42502 6.50774 6.63351 6.67214 6.59288 6.57225 6.62385 6.64671 6.65102 6.59672 6.60707 6.55836 6.66971 6.76225 6.66023 6.46498 6.26953 6.08727 6.03269 6.03104 5.81689 5.63521 5.56031 5.54210 5.48462 5.22069 3.57311 2.70356 2.57127 1.43561 0.57001 0.47108 0.83380 1.40569 1.23041 1.20993 1.15951 1.00698 1.08336 1.42067 1.07241 0.73401 0.80610 1.22554 1.68333 2.07727 2.34000 2.45656 2.47576 2.40637 2.32935 2.00080 1.46931 0.88413 0.85676 0.80407 0.64983 0.59024 0.51905
6.32106 6.23217 6.29376 6.37164 6.29416 6.36027 6.49025 6.47617 6.46254 6.47834 6.51681 6.55232 6.61985 6.69678 6.69014 6.66092 6.59842 6.56009 6.59516 6.68283 6.81274 6.78040 6.58807 6.37292 6.25099 6.21962 6.14744 5.99927 5.82198 5.67012 5.59207 5.50609 5.35358 4.27428 2.78473 2.49342 2.12773 1.58207 1.19514 1.47281 1.56349 1.51762 1.64006 1.72274 1.60803 1.27331 0.77594 0.55784 0.48409 0.45471 0.52782 1.10033 2.26863 2.47918 2.46796 2.39411 2.20048 2.23227 2.02724 1.19363 0.62767 0.63972 0.69274 0.59921 0.48770 0.39178
6.41969 6.46654 6.55097 6.63394 6.43124 6.32856 6.45720 6.53885 6.46060 6.45551 6.48891 6.59143 6.68924 6.65187 6.59724 6.59987 6.63597 6.60646 6.64756 6.78867 6.86608 6.84527 6.73114 6.50581 6.30167 6.23001 6.11238 6.02411 5.93136 5.82666 5.65021 5.52283 5.42854 4.95039 3.35815 2.68723 2.50067 2.47912 2.18436 2.07039 1.71452 1.67477 1.80896 1.85435 1.72401 1.44677 0.72074 0.44803 0.46977 0.39493 0.49710 1.23637 2.71876 3.26516 2.97459 2.84313 2.87863 2.65603 2.42211 1.04963 0.54926 0.57683 0.64969 0.55799 0.39053 0.31455
6.38910 6.57103 6.73800 6.80712 6.62367 6.37558 6.30895 6.39108 6.46379 6.55609 6.54983 6.57637 6.49016 6.33977 6.31709 6.34738 6.45305 6.56599 6.69756 6.80477 6.81702 6.79054 6.77221 6.64316 6.41459 6.26332 6.17711 6.16361 6.05920 5.89534 5.70219 5.54992 5.46929 5.21947 4.52333 3.36511 2.91193 2.73711 2.59226 2.62019 2.41723 2.38096 2.26254 1.88186 1.63913 1.46482 0.84050 0.51941 0.41053 0.47164 0.62144 2.01802 3.79686 4.58763 4.66194 4.69921 4.22478 4.59617 3.47551 1.37121 0.66676 0.59417 0.57783 0.49766 0.37335 0.31308
