mrvbf_slope1_pctl1.2.asc
NCOLS 410
NROWS 410
XLLCORNER 2398750.0000000000000000
YLLCORNER 2548750.0000000000000000
CELLSIZE 250.0000000000000000
NODATA_VALUE -99999.00000
[rows 348 to 376 of 410, columns 132 to 197 of 410]
4.95633 4.75844 4.78712 5.03531 5.09896 5.03491 5.13624 5.25405 5.24127 5.26992 5.23678 4.98754 4.87028 4.94654 4.95430 4.85817 4.82824 4.89272 4.83636 4.70818 4.67592 4.61603 4.60731 4.60641 4.56909 4.52022 4.49137 4.46127 4.40784 4.36440 4.28153 4.11696 3.99114 3.90395 3.63437 3.32860 2.83030 3.15393 3.62404 3.64576 3.63400 3.60948 3.56481 3.61301 3.85800 3.97617 3.92287 3.95650 4.06305 4.12381 4.12864 4.11195 4.05772 4.01833 4.09376 4.01025 3.97532 3.87463 3.82514 3.88498 3.90967 3.90400 3.91131 3.94176 3.99811 4.07423
4.87989 4.76256 4.83699 5.04503 5.04310 5.06546 5.18210 5.20837 5.22408 5.24908 5.10814 4.93515 4.94599 4.97680 5.01452 4.89886 4.79240 4.80419 4.78166 4.70091 4.61037 4.59494 4.58712 4.57646 4.55540 4.51777 4.47624 4.42589 4.35823 4.32899 4.29012 4.16232 3.99628 3.84895 3.52160 2.88779 2.47305 3.30191 3.60037 3.61905 3.64722 3.55656 3.58236 3.68225 3.92042 4.00019 3.94535 3.95735 4.02234 4.07237 4.10256 4.08132 3.99495 3.93383 4.00548 3.95052 3.89861 3.88641 3.79261 3.78749 3.83935 3.86805 3.91674 3.89978 3.93030 3.99152
4.89806 4.80784 4.82346 4.92886 4.99725 5.10300 5.18927 5.20682 5.20846 5.15156 4.97879 4.87776 4.93282 4.97646 5.00528 4.91011 4.80914 4.79371 4.75206 4.67502 4.62633 4.63098 4.61484 4.58366 4.55177 4.51357 4.44838 4.37074 4.31041 4.26940 4.17982 4.01774 3.88064 3.71140 3.29715 2.11389 2.42520 3.43021 3.53241 3.53911 3.63090 3.61942 3.64281 3.78755 3.96293 3.97369 3.91589 3.93347 3.97971 4.00088 3.99992 3.97711 3.95299 3.96979 3.98192 3.95410 3.88491 3.82260 3.74693 3.75266 3.77597 3.78367 3.82618 3.86991 3.95213 3.98265
4.93732 4.86542 4.85615 4.90119 4.97450 5.08040 5.12862 5.09577 5.02646 4.93985 4.82913 4.79748 4.85508 4.86426 4.88277 4.84449 4.82716 4.83069 4.78129 4.73506 4.71568 4.68579 4.64189 4.58615 4.52966 4.49025 4.43713 4.34393 4.22291 4.12794 4.02331 3.92022 3.76440 3.61103 2.97990 1.77429 2.68821 3.45790 3.38851 3.38309 3.55548 3.68158 3.72895 3.84150 3.92907 3.88066 3.83151 3.86833 3.92384 3.94582 3.89841 3.87415 3.92735 3.94185 3.96194 3.94169 3.90180 3.82229 3.75757 3.77048 3.77712 3.74195 3.78205 3.85001 3.88460 3.93667
4.94378 4.85086 4.83342 4.86124 4.91764 4.97783 4.97203 4.90525 4.84006 4.80080 4.78479 4.81289 4.86768 4.85921 4.85425 4.86151 4.88551 4.85310 4.82854 4.78679 4.73816 4.68511 4.63308 4.57630 4.50829 4.44933 4.40061 4.32265 4.18477 4.04715 3.92106 3.80712 3.71858 3.59316 2.87916 1.63537 2.59889 3.46396 3.39049 3.05531 3.31501 3.55644 3.68386 3.78147 3.80974 3.73926 3.69644 3.73295 3.79605 3.85795 3.81500 3.79060 3.87425 3.88070 3.88881 3.90720 3.88106 3.82304 3.75557 3.75501 3.80704 3.80685 3.84273 3.85987 3.84700 3.87536
4.97498 4.84622 4.77075 4.76734 4.81026 4.84130 4.82553 4.79221 4.78736 4.81388 4.86063 4.88883 4.88368 4.88568 4.89560 4.89346 4.87282 4.85802 4.83140 4.77703 4.71619 4.66152 4.60826 4.55415 4.49385 4.42193 4.34345 4.25698 4.14619 4.00683 3.86961 3.74321 3.67265 3.57284 3.00990 1.70025 1.66940 3.32747 3.47639 3.12224 3.09277 3.38442 3.53454 3.62517 3.64753 3.59657 3.56711 3.60738 3.65574 3.72737 3.75430 3.72950 3.77051 3.82031 3.80444 3.80298 3.81235 3.81713 3.77771 3.74775 3.79763 3.83944 3.86539 3.88043 3.89280 3.89915
4.99932 4.89790 4.81009 4.76797 4.76451 4.76420 4.76436 4.77582 4.81246 4.86768 4.92290 4.94218 4.90388 4.87892 4.87628 4.87022 4.84727 4.82183 4.78125 4.72333 4.66462 4.62312 4.57538 4.52231 4.46649 4.40042 4.31010 4.21108 4.09533 3.96238 3.84226 3.72385 3.61958 3.47571 2.89019 2.03981 2.01550 3.10242 3.39853 3.24107 3.14686 3.23697 3.33249 3.42202 3.46087 3.44189 3.44313 3.51239 3.56422 3.62946 3.68677 3.68699 3.69739 3.73681 3.76175 3.77955 3.79472 3.79380 3.81117 3.77639 3.78773 3.80621 3.83093 3.86493 3.90970 3.95719
4.92860 4.91210 4.88368 4.84137 4.80762 4.78503 4.79206 4.81871 4.84856 4.86147 4.89541 4.93743 4.92406 4.89213 4.84580 4.79659 4.75657 4.73299 4.69783 4.63736 4.59128 4.56531 4.53249 4.48441 4.42881 4.36668 4.28742 4.18197 4.07742 3.95464 3.82563 3.70229 3.55357 3.22154 2.49482 2.33390 2.61272 3.08222 3.37055 3.28022 3.10456 2.94216 2.91303 2.98985 3.08941 3.14721 3.23810 3.34219 3.43239 3.53812 3.57934 3.60611 3.64237 3.68876 3.71653 3.72774 3.76005 3.78475 3.79382 3.82064 3.82460 3.84199 3.87257 3.90754 3.92283 3.95682
4.79566 4.81940 4.83239 4.84363 4.84797 4.83944 4.84879 4.86179 4.85150 4.82394 4.85206 4.88846 4.87462 4.83384 4.76083 4.70453 4.68639 4.65789 4.62695 4.58115 4.53774 4.50555 4.48421 4.44038 4.38422 4.31927 4.24223 4.14350 4.02614 3.89476 3.76758 3.66614 3.52039 3.05552 2.27712 2.09492 2.46645 3.11119 3.12089 2.87295 2.68699 2.47139 2.41043 2.52776 2.71368 2.79685 2.75462 2.90255 3.05861 3.30333 3.43328 3.50686 3.55981 3.61386 3.65757 3.68812 3.73030 3.75649 3.77409 3.79964 3.84060 3.88503 3.91538 3.92823 3.90890 3.90960
4.65423 4.67815 4.69349 4.73913 4.78593 4.78895 4.79552 4.78884 4.78123 4.79416 4.82683 4.81926 4.78614 4.73147 4.66283 4.64427 4.65296 4.62178 4.58969 4.55495 4.49514 4.46243 4.43775 4.39105 4.33223 4.26167 4.17612 4.06781 3.95363 3.83342 3.72366 3.63762 3.50898 3.11347 2.37706 1.97444 1.97836 2.11920 1.68408 1.57686 1.73023 1.74789 1.80623 2.12558 2.57131 2.59150 2.32515 2.69461 2.90616 3.18537 3.37904 3.46164 3.51420 3.55766 3.59966 3.63939 3.67685 3.69999 3.73506 3.77479 3.78081 3.80699 3.84226 3.85982 3.85568 3.86889
4.57232 4.58584 4.58399 4.60293 4.64879 4.68859 4.71253 4.72397 4.74492 4.76652 4.75526 4.70744 4.66149 4.61609 4.59578 4.61649 4.62508 4.59336 4.54984 4.49855 4.44983 4.42521 4.39007 4.33667 4.27238 4.19432 4.10251 3.99540 3.88695 3.78819 3.69093 3.59156 3.41454 2.90689 2.36645 2.03729 1.69765 1.07926 0.80341 0.77302 1.03472 1.12651 1.33552 1.56833 1.89572 2.21957 2.44627 2.68666 3.10077 3.38022 3.45577 3.49655 3.53092 3.54872 3.57219 3.60494 3.64046 3.66880 3.69424 3.73929 3.75852 3.76862 3.78606 3.80524 3.82433 3.84300
4.54008 4.53571 4.52895 4.51531 4.52030 4.55088 4.57564 4.62287 4.67847 4.68652 4.63913 4.58155 4.55695 4.55334 4.57614 4.59958 4.58923 4.54915 4.49265 4.43800 4.41027 4.38559 4.33776 4.27645 4.20490 4.11903 4.02410 3.92540 3.83138 3.74720 3.65618 3.53796 3.26589 2.62607 2.15960 1.81825 1.37343 0.69617 0.58805 0.48153 0.67013 0.70199 0.81518 0.92305 1.37548 2.08291 2.72674 2.88719 3.22220 3.42750 3.48765 3.51766 3.54104 3.55566 3.56904 3.59182 3.62255 3.65244 3.67056 3.69332 3.73064 3.75143 3.76788 3.78122 3.80589 3.81502
4.52559 4.50625 4.50158 4.49048 4.46423 4.45218 4.45834 4.48775 4.55745 4.57479 4.52196 4.49714 4.50914 4.53040 4.55319 4.55299 4.52554 4.48284 4.42760 4.39257 4.37435 4.33628 4.27837 4.20938 4.13023 4.04108 3.94908 3.86141 3.77952 3.69506 3.59117 3.43402 3.07996 2.54087 2.10817 1.81341 1.45741 0.83276 0.48212 1.04286 1.22357 0.86826 1.08079 0.96223 1.26869 1.91874 2.72604 2.98251 3.18976 3.37741 3.45311 3.49148 3.52041 3.54543 3.56524 3.58695 3.61502 3.64179 3.65940 3.66597 3.68403 3.70456 3.73150 3.76274 3.78122 3.78022
4.51416 4.49305 4.48146 4.48181 4.46708 4.43208 4.39773 4.37264 4.41877 4.45326 4.43346 4.45252 4.48323 4.49566 4.49330 4.47913 4.45685 4.41911 4.37569 4.35752 4.33031 4.27820 4.21104 4.13472 4.05281 3.96837 3.88648 3.80992 3.73050 3.63359 3.49940 3.21450 2.71927 2.39937 2.15128 1.93281 1.67770 1.37076 0.99754 1.63240 1.90941 1.89349 1.42822 1.84244 1.85824 2.11776 2.60713 2.86773 2.99315 3.12969 3.26999 3.39413 3.47375 3.51883 3.54763 3.57105 3.59464 3.62231 3.64498 3.65773 3.66817 3.67664 3.69974 3.73127 3.74926 3.75626
4.49318 4.48534 4.46798 4.46097 4.45352 4.42903 4.39077 4.34205 4.33479 4.36027 4.37891 4.42005 4.44257 4.44048 4.41921 4.40339 4.39114 4.35882 4.33519 4.31864 4.27421 4.20910 4.13323 4.05469 3.97909 3.90692 3.83829 3.76934 3.68511 3.57363 3.37170 2.85854 2.46900 2.26399 2.10517 1.88050 1.70322 1.62281 1.61783 2.35507 2.89708 2.49367 2.57756 2.40029 2.29398 2.35913 2.60399 2.81379 2.85497 2.84062 2.98683 3.23473 3.40717 3.48106 3.51213 3.53806 3.56222 3.58924 3.61825 3.64070 3.65951 3.67506 3.68968 3.71169 3.73133 3.75059
4.44079 4.46177 4.46473 4.45630 4.44506 4.42266 4.39002 4.36520 4.36344 4.34941 4.34330 4.37441 4.38852 4.37288 4.34128 4.32439 4.31871 4.30910 4.29839 4.26360 4.20170 4.12555 4.04432 3.97117 3.91214 3.85768 3.80080 3.73483 3.64535 3.52575 3.19037 2.56572 2.29765 2.19163 1.94305 1.56304 1.44274 1.59009 1.84685 2.56172 3.07723 3.08274 2.93576 2.65668 2.50579 2.40348 2.55758 2.83447 2.96301 2.96821 2.97550 3.10185 3.31725 3.42135 3.45712 3.48875 3.52149 3.55384 3.58878 3.62070 3.64516 3.66072 3.67192 3.69193 3.72093 3.73460
4.37353 4.40436 4.45047 4.47480 4.46692 4.44048 4.38932 4.34448 4.36428 4.35759 4.34563 4.33265 4.32069 4.29758 4.26235 4.24909 4.26580 4.27063 4.24431 4.18783 4.11351 4.03013 3.94748 3.88817 3.85013 3.81529 3.76894 3.70318 3.60333 3.46198 2.95546 2.41257 2.12824 2.04665 1.63786 1.27791 1.06227 1.56774 1.90693 1.99979 2.58602 3.01059 2.98463 2.76759 2.57935 2.37247 2.44233 2.75199 3.05454 3.18236 3.11154 3.05133 3.17551 3.30289 3.38029 3.43970 3.47889 3.51642 3.55836 3.59567 3.62354 3.64247 3.65374 3.66785 3.69494 3.70998
4.32230 4.32215 4.39053 4.44999 4.45678 4.43554 4.36262 4.31626 4.34290 4.35327 4.31511 4.29574 4.27279 4.22892 4.18986 4.19675 4.22327 4.21211 4.16549 4.09490 4.01281 3.93234 3.87548 3.83644 3.80280 3.77297 3.73316 3.66475 3.55116 3.31844 2.68188 2.30674 2.06501 1.88954 1.54323 1.46307 1.63837 1.75849 1.42148 1.19326 1.63651 2.32107 2.76325 2.80658 2.74339 2.55065 2.43465 2.62740 2.94167 3.16276 3.15242 3.04224 3.01587 3.13520 3.29197 3.40359 3.45565 3.48854 3.52383 3.55662 3.58623 3.61323 3.63091 3.64642 3.66620 3.68511
4.28676 4.25429 4.31615 4.36683 4.37335 4.36815 4.30151 4.26813 4.27870 4.28955 4.27478 4.26029 4.20782 4.15002 4.12381 4.13628 4.15103 4.12710 4.07037 3.98894 3.91133 3.86166 3.83379 3.80750 3.77169 3.73335 3.68702 3.61289 3.48810 3.08090 2.53399 2.17933 1.97633 1.70917 1.50712 1.60162 1.73597 1.56480 0.74420 0.58258 1.11363 1.66588 2.05688 2.45322 2.74831 2.72444 2.64945 2.70672 2.87830 3.06378 3.09831 2.99168 2.91276 2.98181 3.14703 3.30474 3.40087 3.45198 3.47866 3.50223 3.53230 3.56673 3.59720 3.62006 3.63980 3.65359
4.26404 4.23396 4.25624 4.27323 4.26026 4.23443 4.19424 4.19676 4.16044 4.14112 4.14589 4.16486 4.12579 4.06808 4.04177 4.03231 4.03100 4.01693 3.96901 3.89955 3.85143 3.82594 3.80437 3.77929 3.74423 3.69864 3.63664 3.55059 3.39490 2.83781 2.44149 2.01901 1.70529 1.44456 1.46819 1.66748 1.56468 0.87097 0.50031 0.41575 0.78835 1.38819 1.57648 1.82969 2.34560 2.60646 2.76698 2.91962 2.97391 3.05061 3.04490 2.92803 2.84131 2.82678 2.88701 3.04399 3.25154 3.34392 3.37527 3.40826 3.45407 3.50341 3.54687 3.58313 3.60664 3.61013
4.25434 4.25779 4.25959 4.23465 4.17979 4.10284 4.05756 4.03220 4.01975 4.00350 3.99447 4.00408 4.01071 3.99170 3.97406 3.95734 3.93944 3.92172 3.89298 3.85336 3.82472 3.80758 3.77687 3.74213 3.70744 3.65783 3.58230 3.47040 3.18572 2.64785 2.33830 1.92387 1.42579 1.19308 1.58284 1.85204 1.56762 0.82531 0.60500 0.80160 1.10755 1.29849 1.33726 1.43610 1.86603 2.41239 2.71610 2.94950 3.02417 3.04627 2.99649 2.90702 2.81751 2.68463 2.65697 2.73456 2.93010 3.05755 3.14763 3.23874 3.32739 3.41110 3.47959 3.52757 3.55275 3.54034
4.23761 4.27213 4.27498 4.23052 4.15795 4.05080 3.97309 3.95414 3.94932 3.93312 3.92530 3.92386 3.93321 3.93522 3.93199 3.92450 3.90349 3.87559 3.85002 3.82457 3.80045 3.78148 3.74565 3.70496 3.66051 3.60571 3.52010 3.36486 2.89286 2.56305 2.29602 1.82457 1.23684 1.25001 2.00876 1.76576 1.13262 0.54203 0.95488 1.78672 1.93995 1.61175 1.36764 1.26212 1.55098 2.33519 2.66691 2.86761 2.98311 3.01783 2.98403 2.92842 2.80010 2.60225 2.54689 2.62022 2.73467 2.78966 2.89562 3.02054 3.13659 3.27041 3.38308 3.44387 3.46102 3.43915
4.27091 4.26521 4.24065 4.21138 4.16025 4.07481 4.00505 3.96586 3.94426 3.91364 3.89041 3.88462 3.89097 3.90130 3.90471 3.89927 3.88105 3.85123 3.81840 3.78986 3.76561 3.74425 3.71051 3.67124 3.61352 3.54689 3.44038 3.19516 2.74204 2.55489 2.42072 2.17224 1.67642 1.65896 1.93334 1.56165 0.86969 0.42506 1.11715 2.19018 2.48107 2.32949 1.99251 1.49805 1.50853 2.36399 2.75137 2.94002 3.02640 3.03702 3.00295 2.91107 2.74120 2.66325 2.56870 2.59339 2.69068 2.71566 2.75856 2.84181 2.94694 3.10177 3.23826 3.30930 3.32616 3.32637
4.22146 4.20822 4.19315 4.19017 4.17306 4.11719 4.06543 4.02424 3.99301 3.93809 3.87958 3.85153 3.84655 3.85804 3.87234 3.87328 3.85582 3.82541 3.78379 3.74013 3.72545 3.70375 3.66479 3.61613 3.54354 3.44237 3.24870 2.90662 2.68101 2.56035 2.49586 2.43063 2.05835 1.79595 1.87467 1.66818 1.21748 0.49058 1.30814 2.29867 2.60210 2.37474 1.99050 1.67056 1.93289 2.51255 2.80358 2.96425 3.05434 3.04315 2.97220 2.87153 2.76449 2.69342 2.67695 2.68708 2.69882 2.72852 2.71947 2.73465 2.82070 2.93565 3.02520 3.09814 3.14953 3.19375
4.14305 4.11754 4.12312 4.14746 4.16260 4.11643 4.07968 4.04592 4.01906 3.95418 3.87288 3.82402 3.80693 3.81840 3.83699 3.83675 3.81647 3.77888 3.72893 3.68645 3.66576 3.64328 3.59188 3.51280 3.38165 3.15990 2.88134 2.70565 2.61987 2.56063 2.53122 2.42236 2.04337 1.83319 1.77808 1.59594 1.32792 1.43633 2.05235 2.17904 2.30910 2.20046 1.97976 1.95308 2.34208 2.63806 2.83232 2.91845 2.99240 2.97098 2.83252 2.70147 2.63157 2.62296 2.64545 2.72182 2.74745 2.75304 2.70140 2.70233 2.74897 2.79010 2.82791 2.88609 2.95965 3.04046
4.03544 4.02362 4.02771 4.04781 4.08235 4.06064 4.03194 3.99005 3.96534 3.91113 3.85528 3.80596 3.76988 3.77896 3.79450 3.78252 3.75256 3.71541 3.67818 3.65360 3.61229 3.56641 3.48171 3.30782 3.01953 2.77446 2.67700 2.62272 2.58388 2.55869 2.50778 2.25900 1.90145 1.83202 1.58970 1.36559 1.26138 1.78899 1.72988 1.56226 1.54932 1.98505 2.08393 2.24282 2.51089 2.69347 2.81575 2.83151 2.84287 2.81211 2.68460 2.53989 2.37701 2.34863 2.43735 2.60743 2.73623 2.75887 2.70820 2.68332 2.68853 2.71545 2.74496 2.78293 2.83866 2.91847
3.98913 3.99903 3.97394 3.96534 3.99224 4.00816 3.99175 3.94565 3.90384 3.87577 3.85058 3.80883 3.74984 3.74434 3.74346 3.71529 3.68948 3.67321 3.65413 3.63352 3.57468 3.48312 3.30070 2.95220 2.71875 2.62035 2.58851 2.56300 2.54590 2.52088 2.35678 1.99769 1.98177 2.08398 1.77189 1.58589 1.41872 1.10728 1.36550 1.71892 1.41692 1.90444 2.18712 2.40490 2.60178 2.72421 2.76565 2.73277 2.70619 2.68876 2.58351 2.35936 2.30628 2.34289 2.23418 2.44113 2.65150 2.73092 2.70358 2.65469 2.63248 2.67329 2.71404 2.73899 2.77425 2.83266
4.02180 4.04690 3.99036 3.95006 3.95711 3.98046 3.96573 3.92273 3.88485 3.87666 3.86162 3.81451 3.76376 3.73679 3.70795 3.66836 3.64918 3.63609 3.61720 3.58047 3.49418 3.32375 2.97734 2.68116 2.58167 2.54288 2.52129 2.45650 2.38290 2.27726 2.02038 1.95438 2.09506 1.85917 1.61813 1.50784 1.25283 0.56484 0.94645 1.63069 2.08782 2.25654 2.38635 2.53678 2.67758 2.73430 2.70807 2.65043 2.59444 2.56543 2.50758 2.33694 2.45786 2.55767 2.35424 2.29594 2.57154 2.66646 2.66082 2.62805 2.58761 2.61989 2.68438 2.71288 2.72822 2.75743
4.04523 4.03479 3.99301 3.96683 3.95089 3.93763 3.90926 3.88579 3.87912 3.86860 3.84566 3.80972 3.78272 3.75579 3.71009 3.66912 3.62810 3.58679 3.54591 3.46745 3.29770 2.96074 2.65602 2.52887 2.46783 2.44888 2.37484 2.19478 2.02758 1.99077 2.00445 2.06283 1.80175 1.49767 1.46238 1.25869 0.92215 0.74528 1.02400 1.33673 2.15347 2.37965 2.53989 2.65014 2.72305 2.71881 2.64774 2.58375 2.52352 2.45004 2.42023 2.45171 2.50537 2.61142 2.50226 2.29954 2.47934 2.54151 2.53201 2.54474 2.57983 2.54681 2.61470 2.67333 2.67463 2.66854
