mrvbf_slope0.5_pctl0.7.asc
NCOLS 410
NROWS 410
XLLCORNER 2398750.0000000000000000
YLLCORNER 2548750.0000000000000000
CELLSIZE 250.0000000000000000
NODATA_VALUE -99999.00000
[rows 232 to 260 of 410, columns 198 to 263 of 410]
2.63572 3.18579 3.36232 3.50697 3.54134 3.33932 2.98552 2.87335 3.14501 3.18673 3.06493 3.03646 2.98001 2.95081 3.13175 2.87979 2.94218 3.22246 3.35603 3.39894 3.11305 2.93940 2.83242 2.68878 2.58612 2.40636 2.44715 2.65580 2.77624 2.93575 3.02158 2.83673 2.84410 2.86378 2.89781 2.98686 3.30229 3.53702 3.09494 2.64817 2.47548 2.16124 1.91222 2.13651 2.24689 2.46858 2.11919 1.86274 1.88406 2.01363 2.16308 2.30900 2.40983 2.57348 2.84556 2.91169 2.99511 3.12792 3.25609 3.38000 3.33549 3.27821 3.17056 2.91303 2.54315 2.39914
2.36585 2.56451 2.78019 2.93060 3.00448 3.02647 2.88131 2.85449 2.98492 2.85130 2.78635 2.77049 2.73230 2.71115 2.72881 2.52345 2.50151 2.56023 2.68824 2.76360 2.67208 2.76801 2.78689 2.61887 2.61504 2.69942 2.84313 2.95511 2.71752 2.76357 2.86988 2.74282 2.95345 3.11183 3.04431 2.83330 3.01802 3.19646 2.66687 2.46136 2.25919 1.93836 1.98552 2.20042 2.07064 2.18551 1.99760 1.88183 1.90559 2.00273 2.18543 2.41653 2.68741 3.06166 3.36038 3.36894 3.43322 3.56335 3.62512 3.64458 3.68250 3.67770 3.56460 3.28229 2.85122 2.59754
2.49061 2.49412 2.68052 2.81611 2.85379 3.03901 2.93465 2.64896 2.52735 2.34938 2.21717 2.14529 2.11821 2.18518 2.26803 2.20148 2.19416 2.21848 2.25125 2.26608 2.26880 2.47659 2.77987 2.59690 2.58037 2.88913 3.26751 3.24422 2.82536 2.65351 2.69006 2.67657 3.00174 3.31657 3.06652 2.82395 2.98732 2.95258 2.55387 2.40811 2.34239 2.26049 2.42093 2.49752 2.21133 2.10251 2.02421 1.93806 1.94754 2.08343 2.33637 2.72899 3.14230 3.44075 3.49776 3.53648 3.68874 3.89167 3.90384 3.88603 3.94555 3.90659 3.77490 3.60083 3.27541 2.91381
3.10413 3.10020 3.11379 3.21665 3.11785 3.09561 2.75154 2.33460 2.27545 2.22478 2.08678 1.96828 1.91463 1.99255 2.14188 2.28879 2.38465 2.41563 2.24864 2.08644 2.11442 2.25815 2.54603 2.61774 2.66155 2.94781 3.18454 3.27913 3.08509 2.75293 2.57943 2.66694 3.06848 3.28084 3.05930 2.87586 2.96103 2.73038 2.50028 2.47689 2.48111 2.40065 2.51695 2.69507 2.42549 2.24500 2.11768 2.00124 2.07690 2.32122 2.71239 3.18884 3.40961 3.49696 3.52894 3.62547 3.79689 3.93158 3.97401 3.99029 4.03685 4.05336 3.92618 3.77582 3.55796 3.30558
3.09267 3.18722 3.24068 3.30951 3.27703 3.15596 2.55349 2.16462 2.21519 2.42754 2.47126 2.42231 2.34378 2.23173 2.40758 2.80392 2.68924 2.55587 2.46496 2.37905 2.47571 2.33685 2.51257 2.89947 2.98122 2.97766 2.97983 2.94112 3.01255 3.01099 2.82017 2.91818 3.14759 3.23844 3.09668 2.91708 2.99015 2.66440 2.53922 2.69708 2.68429 2.39815 2.35602 2.59911 2.57857 2.39080 2.21785 2.13253 2.30343 2.72860 3.16513 3.35218 3.46036 3.48319 3.44837 3.44899 3.50556 3.58236 3.63537 3.65568 3.70541 3.82147 3.87952 3.87493 3.68128 3.41455
3.28222 3.33703 3.44309 3.51590 3.43457 2.97567 2.41709 2.13846 2.30942 2.82812 3.09652 3.04813 2.94327 2.64087 2.57761 2.91160 2.96815 2.57052 2.30854 2.38471 2.62243 2.41342 2.55900 3.09858 3.24091 3.17275 3.15633 2.95548 2.72379 2.78416 3.00975 3.14102 3.18624 3.32185 3.20954 2.91014 2.89873 2.64007 2.62186 2.98235 2.92778 2.47684 2.26923 2.43550 2.61699 2.51290 2.37372 2.38063 2.70836 3.21715 3.41691 3.43776 3.40103 3.25671 3.12962 3.10834 3.15919 3.22974 3.27752 3.29783 3.32243 3.39052 3.50506 3.67768 3.77042 3.51626
3.44327 3.54409 3.66382 3.49409 3.22715 2.85313 2.44893 2.26713 2.59368 3.07587 3.06120 3.01151 2.87556 2.83497 2.72486 2.85013 2.67248 2.22907 1.99657 2.20752 2.40602 2.24964 2.41980 2.81258 2.90611 2.94858 3.14707 3.10966 2.70193 2.67995 3.11591 3.20846 3.30906 3.38567 3.22811 2.91592 2.77600 2.68811 2.71105 2.94584 2.86837 2.54060 2.31741 2.36310 2.55687 2.59969 2.54631 2.60492 2.93077 3.34591 3.49775 3.41733 3.15919 2.89949 2.80999 2.82985 2.87952 2.94157 3.00694 3.04481 3.05648 3.10686 3.26511 3.47847 3.74249 3.70851
3.21599 3.16119 3.16287 3.07638 3.07141 2.98431 2.64675 2.51029 2.72128 2.91947 3.07708 3.25069 3.10347 2.98405 3.00935 2.89293 2.33373 1.93676 1.92975 2.21731 2.29418 2.10833 2.27562 2.53311 2.55264 2.55152 2.63698 2.63438 2.46450 2.61230 3.01440 3.05373 3.09174 3.13421 3.02839 2.80346 2.71409 2.75127 2.69275 2.65866 2.57971 2.51399 2.40981 2.33383 2.44293 2.54478 2.60341 2.77234 3.08022 3.39959 3.49120 3.26109 2.88032 2.72078 2.86053 2.93203 2.94455 2.97695 3.06436 3.13370 3.15274 3.15613 3.23432 3.39290 3.65722 3.89276
3.00314 2.81635 2.70791 2.74989 2.99417 3.20804 2.92662 2.72078 2.83242 3.07219 3.39383 3.64445 3.49632 3.26038 3.12415 2.62414 2.13112 1.90562 2.05256 2.34901 2.31616 2.07367 2.24843 2.53610 2.46809 2.42929 2.47622 2.54150 2.53919 2.82791 3.11145 3.04433 2.94599 2.92192 2.83090 2.72568 2.72672 2.82874 2.58519 2.47853 2.43723 2.44603 2.47735 2.29642 2.34476 2.49890 2.64630 2.87710 3.19842 3.43684 3.44618 3.15776 2.80117 2.81165 3.16830 3.29494 3.28448 3.29362 3.35742 3.43542 3.45458 3.39221 3.30513 3.35390 3.53658 3.81304
2.95046 2.77354 2.66372 2.68466 2.80501 3.14624 3.15641 2.88638 2.98955 3.32236 3.59562 3.48209 3.22039 3.04884 2.84635 2.36962 1.95026 1.85495 2.08860 2.37882 2.25245 1.93255 2.09092 2.42163 2.29997 2.32646 2.40508 2.59621 2.73442 3.13304 3.37825 3.27942 3.04542 2.80006 2.69063 2.66304 2.65025 2.65581 2.42381 2.34796 2.39228 2.33732 2.30281 2.25869 2.44267 2.57106 2.74046 3.04549 3.22371 3.32009 3.35879 3.11837 2.84291 2.89646 3.23166 3.50543 3.59542 3.57175 3.56019 3.54020 3.42161 3.29843 3.27553 3.36347 3.52360 3.77681
3.06892 2.94727 2.91584 2.85745 2.71849 2.94141 3.26379 2.98448 2.96962 3.29768 3.36554 3.08770 2.86526 2.75702 2.54277 2.16290 1.89143 1.90318 2.08571 2.22138 2.04049 1.73300 1.80540 2.02382 2.14838 2.42746 2.41870 2.48712 2.82174 3.24575 3.40320 3.28963 3.00855 2.72205 2.63465 2.54602 2.46099 2.35891 2.21138 2.25567 2.36780 2.31718 2.24153 2.41947 2.59980 2.66787 2.79708 3.05842 3.13961 3.08651 3.05749 2.94579 2.85296 2.98785 3.26409 3.54579 3.78962 3.60993 3.43145 3.29066 3.14816 3.09339 3.21553 3.40665 3.61458 3.80338
3.07522 2.99221 3.06180 2.87799 2.62998 2.87667 3.26864 2.92979 2.79542 3.03322 3.13067 2.95857 2.84752 2.77285 2.47394 2.17435 2.04885 1.89395 1.88193 1.90745 1.86659 1.73176 1.68654 1.87044 2.44674 2.90667 2.83166 2.62519 2.77725 3.21080 3.44346 3.24007 2.84740 2.72379 2.64288 2.47655 2.28278 2.08787 2.06636 2.22989 2.33340 2.33486 2.36218 2.52803 2.62663 2.65906 2.74620 2.93655 2.99990 2.87363 2.74006 2.67884 2.77483 3.01136 3.27873 3.52255 3.67573 3.45293 3.22480 3.06060 3.02843 3.15304 3.31787 3.45960 3.65567 3.88711
2.88496 2.79887 2.89474 2.62802 2.45837 2.70919 2.98169 2.64248 2.57513 2.75421 2.96161 2.95712 2.69261 2.47395 2.22261 2.07781 2.04584 1.78083 1.60373 1.72094 1.98861 2.02394 1.89353 2.12099 2.52791 3.03075 3.13527 3.03442 2.86779 3.13847 3.49180 3.42704 3.01598 2.67259 2.48144 2.31271 2.21685 2.09795 2.11349 2.25893 2.33947 2.42508 2.47785 2.50470 2.51926 2.53438 2.64924 2.92846 3.03086 2.89959 2.69825 2.53524 2.57459 2.81705 3.14481 3.39186 3.44754 3.26565 3.04070 2.97156 3.14372 3.41473 3.57186 3.61251 3.63234 3.72086
2.57182 2.57579 2.69689 2.35879 2.12285 2.37635 2.49500 2.34629 2.37368 2.54907 2.64665 2.59617 2.43386 2.16952 1.81626 1.70196 1.63142 1.55459 1.60886 1.85800 2.21818 2.24421 1.98442 2.12861 2.45819 2.99591 3.31846 3.19282 2.92522 2.97990 3.29978 3.37285 3.20651 2.81150 2.49892 2.16348 2.07533 2.20168 2.27910 2.30308 2.38302 2.52647 2.57528 2.52886 2.45652 2.41641 2.59547 3.11574 3.24066 3.08792 2.84418 2.55488 2.45713 2.63699 2.96863 3.19930 3.20072 3.03280 2.89777 2.98391 3.31567 3.69120 3.98382 3.98807 3.85826 3.81493
2.39063 2.54796 2.69977 2.34677 1.88382 2.04306 2.20060 2.13559 2.32826 2.49434 2.52688 2.35178 2.07994 1.83415 1.64001 1.54816 1.48808 1.49810 1.64509 1.89787 2.28670 2.35521 2.24710 2.18947 2.33576 2.64901 3.12255 3.03970 2.82009 2.69185 2.72774 2.76315 2.72024 2.53813 2.24725 1.96284 2.20252 2.32469 2.35708 2.30358 2.36269 2.52945 2.66955 2.67586 2.53100 2.40686 2.48716 3.04941 3.39225 3.11867 2.61347 2.45763 2.58465 2.76637 2.93872 3.00707 2.92212 2.80619 2.81712 3.02773 3.39654 3.82871 4.24860 4.24004 4.18921 4.17633
2.41041 2.49698 2.55446 2.49403 2.28389 2.13351 2.26101 2.36203 2.57272 2.57965 2.54233 2.22868 1.98217 1.94708 1.84382 1.68595 1.60497 1.62393 1.73448 2.04798 2.33788 2.34765 2.38237 2.35754 2.40294 2.63206 3.08498 3.01668 2.81710 2.62127 2.53335 2.50834 2.45599 2.28540 2.08167 2.13831 2.27079 2.27317 2.27290 2.28374 2.39999 2.62141 2.87360 2.96827 2.74514 2.60448 2.47104 2.87442 3.46493 3.30040 2.44876 2.15101 2.82721 3.13125 3.05846 2.88245 2.69226 2.65653 2.78388 3.03361 3.37743 3.71626 4.00251 4.07687 4.05709 4.15563
2.45906 2.43498 2.39711 2.51932 2.67085 2.55272 2.71092 2.71384 2.70345 2.61989 2.46348 2.13559 2.10372 2.08339 1.88971 1.63154 1.57310 1.77748 2.09731 2.31810 2.33972 2.31100 2.40559 2.42213 2.40378 2.57779 2.95526 2.81413 2.69442 2.62114 2.53905 2.46312 2.35604 2.26533 2.26556 2.28964 2.25741 2.22414 2.24666 2.37391 2.59160 2.83443 3.11028 3.27238 3.01243 2.72780 2.67217 2.97606 3.52118 3.46510 2.59868 2.04412 2.83335 3.38298 3.21328 2.85254 2.59733 2.61900 2.80795 3.03376 3.27176 3.46682 3.60312 3.72590 3.88312 3.87644
2.41008 2.34092 2.26861 2.38408 2.50433 2.57067 2.99241 2.82047 2.59610 2.46491 2.28048 1.97177 1.94490 1.75819 1.67621 1.57090 1.60482 1.82801 2.14169 2.26492 2.21742 2.21888 2.32789 2.42101 2.42419 2.45936 2.58564 2.59520 2.59663 2.59625 2.56742 2.50455 2.42238 2.44551 2.42649 2.36137 2.34996 2.36471 2.46925 2.74395 2.98022 3.06209 3.14562 3.27479 3.29461 3.10498 3.05043 3.43361 3.74634 3.53499 2.81704 2.15969 2.67899 3.43096 3.29163 2.86462 2.61671 2.68110 2.89856 3.09097 3.19465 3.27406 3.36529 3.47782 3.61131 3.75291
2.32893 2.25632 2.16067 2.24638 2.39703 2.38977 2.73958 2.51487 2.30811 2.11122 1.98358 1.83092 1.75172 1.62102 1.57311 1.62310 1.64367 1.78233 2.10338 2.20339 2.12363 2.18832 2.28972 2.37045 2.42731 2.46145 2.50189 2.54308 2.55937 2.50150 2.54433 2.56519 2.57037 2.63382 2.59316 2.56749 2.64304 2.64430 2.74315 3.08951 3.23682 3.22570 3.12909 3.28295 3.53680 3.55137 3.53582 3.67921 3.86327 3.51308 2.77039 2.12382 2.66251 3.43642 3.29154 2.87656 2.69680 2.80870 3.04181 3.19669 3.20340 3.15554 3.13395 3.18265 3.34094 3.50103
2.25320 2.18033 2.16181 2.30991 2.33231 2.31316 2.61520 2.31876 2.07994 1.96881 1.87664 1.85279 1.78597 1.74046 1.68981 1.62381 1.58695 1.80123 2.15332 2.24411 2.15605 2.24078 2.36192 2.39954 2.44856 2.54527 2.61652 2.61115 2.49381 2.47911 2.55730 2.61729 2.75065 2.98626 2.91602 2.80538 2.75949 2.63341 2.52610 2.58358 2.85498 3.18028 3.14958 3.24752 3.58954 3.81559 3.58038 3.39746 3.51127 3.42089 2.50952 1.94189 2.85243 3.44353 3.22988 2.87707 2.78307 2.93911 3.20739 3.34881 3.29278 3.14932 2.99466 2.87798 2.90827 3.13554
2.15586 2.08131 2.18108 2.37417 2.20391 2.17790 2.40207 2.18399 1.97048 2.12829 2.13792 2.04515 1.94034 1.82853 1.71643 1.60452 1.59491 1.82703 2.10837 2.19132 2.21762 2.36816 2.49031 2.49571 2.49850 2.55368 2.65402 2.60676 2.48173 2.54802 2.59498 2.63890 2.85397 3.25325 3.32453 3.12666 3.03490 2.85007 2.65420 2.53691 2.58236 2.95493 3.13926 3.11301 3.40548 3.51266 3.13646 2.79548 2.94852 3.15801 2.33489 1.95272 3.16866 3.48939 3.23214 2.89469 2.79417 2.97383 3.29691 3.48957 3.39208 3.20618 3.00437 2.84401 2.76217 2.87146
2.13761 2.10943 2.24506 2.40605 2.18909 1.82394 1.97038 1.94718 2.04639 2.35564 2.43056 2.26163 2.01375 1.76118 1.61482 1.49042 1.50425 1.69167 1.84526 1.97078 2.19998 2.46669 2.57097 2.51905 2.48083 2.50611 2.56341 2.51283 2.46078 2.53124 2.60713 2.68137 2.82874 3.15071 3.37124 3.27727 3.33215 3.32998 3.20407 3.01674 2.75073 2.66987 2.96765 3.04786 3.22373 3.20370 2.65387 2.38377 2.30691 2.58512 2.32747 2.50368 3.31056 3.51139 3.33258 3.01379 2.78610 2.91794 3.28474 3.54033 3.38977 3.20555 3.08468 2.97146 2.80930 2.81516
2.16755 2.28268 2.46755 2.53317 2.39006 2.12278 1.93668 2.10532 2.40354 2.67383 2.53676 2.25059 1.93000 1.65764 1.51415 1.37073 1.39524 1.51364 1.54083 1.71019 2.08746 2.45633 2.53121 2.44060 2.37020 2.37486 2.40089 2.36473 2.35441 2.43934 2.59135 2.75027 2.81331 3.02289 3.21284 3.24604 3.27153 3.40920 3.46609 3.37961 3.05779 2.74842 2.77368 2.84864 3.11465 2.87319 2.44844 2.46857 2.38815 2.60879 2.90136 3.19303 3.39419 3.41663 3.29966 3.14301 2.85408 2.87365 3.24245 3.51319 3.34058 3.12941 3.13668 3.07053 2.80069 2.70474
2.07503 2.07080 2.39714 2.55948 2.57455 2.63125 2.58318 2.61276 2.86598 2.93347 2.52233 2.15838 1.81079 1.56819 1.41051 1.30941 1.38949 1.45276 1.32830 1.51630 1.87961 2.29578 2.43680 2.34167 2.21312 2.15132 2.13148 2.09212 2.12101 2.30368 2.52439 2.63918 2.68097 2.95664 3.16420 3.11693 3.23099 3.29159 3.34580 3.28072 3.21178 3.15468 3.01231 3.14456 3.34574 2.98030 2.42627 2.13930 2.27190 2.80925 3.19837 3.35255 3.39585 3.27686 3.01326 2.96621 2.84666 2.87657 3.25423 3.52585 3.31702 3.02332 3.08665 3.17196 2.87062 2.64957
2.25375 1.97215 2.06909 2.32219 2.53226 2.67038 2.90810 3.08248 2.99007 2.72620 2.40666 2.06953 1.76533 1.52795 1.35691 1.25470 1.43295 1.59483 1.27191 1.32183 1.68184 2.18683 2.42498 2.23524 2.00858 1.90995 1.86384 1.82468 1.87758 2.16292 2.43176 2.49881 2.52710 2.76057 3.09393 2.99204 3.00664 3.09227 3.15175 2.94815 2.88288 3.03403 3.15905 3.37599 3.58802 3.47217 2.92023 2.51891 2.47423 2.54814 2.68384 3.06696 3.26728 3.08630 2.94215 2.84214 2.90894 3.02840 3.29393 3.52056 3.36213 2.97372 2.90277 3.15683 3.08257 2.82023
2.22746 2.03483 2.02750 2.20056 2.55095 2.66059 2.77479 2.88751 2.58871 2.44958 2.28725 2.05206 1.76363 1.55932 1.36668 1.20367 1.50519 2.11402 1.59070 1.27815 1.56723 2.15570 2.42575 2.11632 1.86527 1.78768 1.82844 1.90889 2.03675 2.24503 2.45168 2.57305 2.48562 2.51038 2.60053 2.55623 2.60838 2.71473 2.77282 2.58410 2.62154 2.79420 2.90671 3.07066 3.41924 3.59902 3.34630 3.05239 3.08390 2.80334 2.44311 2.37567 2.58445 2.47097 2.67570 2.90841 3.09812 3.07503 3.02396 3.19105 3.23994 2.93700 2.74808 2.98731 3.00280 2.98301
2.02245 2.07479 2.21857 2.47388 2.67673 2.75846 2.76802 2.54330 2.39809 2.38374 2.33852 2.19257 1.94531 1.71525 1.45549 1.17324 1.49342 2.44027 1.99246 1.45887 1.58546 2.17041 2.34813 2.02823 2.03983 2.16297 2.29597 2.46965 2.50205 2.32979 2.48318 2.96434 2.94917 2.62866 2.49443 2.44241 2.45549 2.41636 2.35594 2.26362 2.48994 2.76228 2.92092 2.98318 3.21029 3.39646 3.12620 2.91509 2.95511 2.91527 2.19975 1.59071 1.49586 1.51616 1.76674 2.03239 2.41403 2.72872 2.61070 2.50929 2.54553 2.54673 2.48754 2.69344 2.77115 2.95525
2.19462 2.28430 2.39700 2.58220 2.68197 2.74751 2.63139 2.41412 2.40352 2.47736 2.51690 2.45531 2.22675 1.88353 1.62353 1.32429 1.23977 1.51969 1.55203 1.55868 1.88773 2.52285 2.56830 2.07115 2.18282 2.70420 2.49710 2.27040 2.26376 2.40960 2.82734 3.36547 3.33845 3.09869 2.73572 2.65872 2.63731 2.39904 2.17523 2.29643 2.37692 2.43137 2.66455 2.98026 3.32124 3.22121 2.98632 2.95318 2.75886 2.63861 1.72653 0.92141 1.34070 1.42001 1.20355 1.33611 2.04628 2.73031 2.74822 2.49847 2.42026 2.42154 2.39545 2.52583 2.48017 2.70682
2.38227 2.33808 2.36395 2.37584 2.42110 2.53792 2.49252 2.32231 2.35823 2.49862 2.63105 2.67274 2.42833 2.10148 1.83383 1.72899 1.70084 1.81026 1.94431 2.01404 2.34905 3.16257 3.09264 2.29013 2.18206 2.85941 2.37394 2.25432 2.51245 2.90078 3.36600 3.56935 3.50227 3.26292 2.95992 2.98327 3.05445 2.87929 2.78246 2.96974 2.51095 2.36289 2.60619 3.03798 3.37677 3.19365 2.97786 3.10576 2.80549 2.54566 1.63090 1.00443 2.05300 2.79165 2.27760 1.57295 2.02563 2.79466 2.99102 2.86620 2.76270 2.52227 2.39067 2.41859 2.24909 2.47105
