mrvbf_slope1.1_pctl0.6.asc
NCOLS 410
NROWS 410
XLLCORNER 2398750.0000000000000000
YLLCORNER 2548750.0000000000000000
CELLSIZE 250.0000000000000000
NODATA_VALUE -99999.00000
[rows 203 to 231 of 410, columns 264 to 329 of 410]
7.67061 7.67301 7.67160 7.65827 7.65360 7.66810 7.67415 7.67450 7.67677 7.68329 7.68092 7.68024 7.68053 7.68330 7.68397 7.68585 7.68399 7.68146 7.67858 7.67320 7.67438 7.67987 7.67274 7.65412 7.64877 7.61704 7.39723 7.14650 7.48346 7.51009 7.57708 7.61846 7.62576 7.60707 7.60016 7.54090 7.57331 7.60344 7.62690 7.65855 7.57047 7.51099 7.21647 7.50732 7.64856 7.66953 7.69122 7.69390 7.70437 7.70633 7.70874 7.70077 7.67995 7.68125 7.70293 7.71288 7.72353 7.73419 7.73613 7.73315 7.73658 7.73720 7.73656 7.73398 7.73419 7.73425
7.66569 7.66360 7.66988 7.66151 7.64767 7.65060 7.66681 7.67755 7.68131 7.68046 7.67892 7.68014 7.67878 7.68206 7.68183 7.68569 7.68642 7.68335 7.68019 7.67612 7.68137 7.67975 7.66451 7.65830 7.64122 7.64501 7.59199 7.41260 7.45711 7.40228 7.47004 7.51586 7.48222 7.53229 7.57044 7.54664 7.57657 7.59694 7.55873 7.59806 7.65621 7.60053 7.50857 7.55752 7.65917 7.67972 7.68291 7.69567 7.70606 7.71156 7.70268 7.69871 7.69465 7.67253 7.69811 7.71422 7.72572 7.73148 7.73401 7.73095 7.73489 7.73538 7.73600 7.73391 7.73308 7.72955
7.66466 7.66117 7.66580 7.66368 7.65213 7.64777 7.65414 7.67203 7.67834 7.67650 7.67714 7.68403 7.68175 7.67868 7.68333 7.68481 7.68246 7.67964 7.68010 7.67906 7.68190 7.68384 7.67406 7.65524 7.66409 7.66559 7.65340 7.62794 7.61499 7.57271 7.51645 7.51460 7.52933 7.59213 7.62435 7.62443 7.65515 7.63961 7.50807 7.58171 7.66577 7.61163 7.47653 7.50419 7.65682 7.68107 7.67876 7.69961 7.70244 7.71199 7.70797 7.70489 7.69641 7.66779 7.67828 7.71327 7.72580 7.72892 7.72941 7.72924 7.73404 7.73318 7.73455 7.73347 7.72851 7.72506
7.66301 7.65883 7.66351 7.66506 7.65626 7.64983 7.65046 7.66253 7.67561 7.67248 7.67723 7.68270 7.68405 7.68199 7.68101 7.67858 7.67912 7.67952 7.67739 7.67893 7.67957 7.67995 7.67561 7.67605 7.67864 7.67763 7.67064 7.66645 7.65942 7.64804 7.63201 7.63404 7.64271 7.65335 7.66875 7.66820 7.68160 7.66372 7.55816 7.55657 7.66280 7.63643 7.52551 7.56449 7.66259 7.68218 7.67956 7.69224 7.69372 7.69745 7.69434 7.69666 7.69649 7.68010 7.66738 7.70607 7.72356 7.72807 7.72886 7.73192 7.73304 7.73206 7.73164 7.72970 7.72508 7.72327
7.66885 7.65894 7.66667 7.66730 7.66084 7.64944 7.64579 7.65565 7.66980 7.67218 7.67451 7.67840 7.68016 7.68164 7.67487 7.66849 7.67603 7.67915 7.68008 7.68234 7.67865 7.67641 7.67919 7.68179 7.68020 7.68313 7.67792 7.67545 7.67374 7.67049 7.66857 7.66880 7.66826 7.67046 7.68150 7.68103 7.68268 7.66007 7.56218 7.56562 7.66861 7.67258 7.57697 7.58535 7.65152 7.65074 7.63996 7.65549 7.64971 7.65368 7.66425 7.68439 7.69573 7.68570 7.66671 7.69998 7.71905 7.72608 7.72628 7.72673 7.72985 7.73017 7.72996 7.72851 7.72481 7.72193
7.67234 7.66299 7.66744 7.66671 7.66333 7.65212 7.64694 7.64757 7.65831 7.67104 7.67563 7.67430 7.67673 7.67554 7.66632 7.66831 7.67433 7.67810 7.67568 7.67856 7.67160 7.67400 7.67472 7.67649 7.67745 7.68225 7.68276 7.68093 7.68258 7.68108 7.67992 7.67504 7.67419 7.67762 7.68266 7.67809 7.67255 7.64917 7.53409 7.56449 7.66034 7.67299 7.59693 7.58387 7.54752 7.53429 7.50147 7.56814 7.53555 7.55786 7.58901 7.65533 7.68945 7.69785 7.67444 7.68769 7.71094 7.71875 7.72202 7.72196 7.72318 7.72547 7.72975 7.72754 7.72482 7.72232
7.66318 7.65556 7.66211 7.66253 7.65893 7.65311 7.65698 7.65427 7.65142 7.66004 7.67167 7.67440 7.67537 7.67003 7.66477 7.67497 7.67557 7.67728 7.67821 7.67095 7.67236 7.67257 7.66565 7.66906 7.67006 7.67893 7.67704 7.68283 7.68501 7.68352 7.67788 7.67850 7.68073 7.67997 7.67949 7.67403 7.65924 7.62654 7.46524 7.50962 7.60787 7.63438 7.59498 7.58171 7.39289 7.48056 7.56343 7.60665 7.58080 7.53505 7.51306 7.53985 7.64348 7.68828 7.67737 7.68923 7.70539 7.70942 7.71729 7.71999 7.72078 7.72275 7.72437 7.72631 7.72118 7.71738
7.65721 7.65474 7.65359 7.65868 7.64978 7.65032 7.65797 7.65909 7.65471 7.65262 7.65965 7.66680 7.66757 7.66447 7.66693 7.67353 7.66829 7.66446 7.67315 7.67259 7.67434 7.67316 7.66866 7.66921 7.67296 7.67816 7.67908 7.67882 7.68121 7.68049 7.67995 7.67235 7.67955 7.68393 7.68213 7.66586 7.65598 7.59988 7.31505 7.45475 7.52619 7.51376 7.49927 7.52337 7.46946 7.49491 7.57737 7.63596 7.60707 7.63652 7.62089 7.54132 7.55818 7.65490 7.66381 7.67092 7.69080 7.68449 7.69225 7.71121 7.71666 7.71760 7.71779 7.71998 7.71412 7.70775
7.65972 7.65215 7.65575 7.65821 7.64338 7.63549 7.64229 7.63786 7.62724 7.62543 7.64395 7.66050 7.66195 7.65703 7.66210 7.66458 7.65229 7.66263 7.65933 7.66732 7.66787 7.67353 7.67457 7.66832 7.67418 7.67814 7.67969 7.67742 7.67733 7.67909 7.67634 7.67391 7.68238 7.68259 7.67740 7.66844 7.65483 7.60286 7.25066 7.36814 7.56974 7.52282 7.49086 7.56854 7.49589 7.50963 7.63106 7.66569 7.66244 7.66744 7.66777 7.63700 7.54753 7.57924 7.63115 7.63687 7.62936 7.55097 7.57126 7.66758 7.70452 7.70626 7.70755 7.70893 7.70425 7.69205
7.65194 7.65121 7.65547 7.65258 7.63540 7.61533 7.60856 7.60091 7.59705 7.61015 7.62443 7.64130 7.65409 7.65223 7.65417 7.65428 7.65113 7.66236 7.66335 7.66668 7.66324 7.67140 7.66593 7.65831 7.66410 7.66975 7.67531 7.67318 7.67434 7.67688 7.67608 7.67076 7.67664 7.68152 7.67608 7.66676 7.65636 7.62476 7.46599 7.17689 7.54414 7.51812 7.60561 7.57927 7.49668 7.58844 7.55550 7.60680 7.60479 7.60002 7.66112 7.65739 7.56497 7.46224 7.55589 7.59220 7.49247 7.46754 7.48398 7.57393 7.67884 7.69423 7.69560 7.70176 7.69387 7.64335
7.61822 7.62295 7.63722 7.63584 7.61002 7.58048 7.57570 7.58295 7.60084 7.62055 7.61787 7.61808 7.62971 7.63924 7.64832 7.64688 7.64742 7.65174 7.64771 7.65588 7.66617 7.66165 7.64711 7.65225 7.64891 7.65932 7.66609 7.66866 7.66782 7.66819 7.65798 7.65748 7.66497 7.67913 7.67775 7.66903 7.65634 7.64462 7.59108 7.41428 7.51039 7.54245 7.59051 7.57371 7.59059 7.59124 7.58906 7.57139 7.47696 7.52525 7.59611 7.65000 7.58502 7.52337 7.56345 7.61523 7.61934 7.56298 7.54098 7.55679 7.64704 7.67526 7.67529 7.66428 7.65987 7.52067
7.56992 7.57237 7.59510 7.60377 7.56975 7.54643 7.55780 7.58012 7.60488 7.62003 7.61559 7.59986 7.59680 7.60761 7.61683 7.61694 7.62480 7.63460 7.63814 7.64994 7.65903 7.65131 7.64565 7.64596 7.64110 7.65019 7.65665 7.66085 7.66441 7.65438 7.65051 7.64834 7.66044 7.67748 7.67908 7.67296 7.66212 7.64832 7.61948 7.50566 7.50698 7.57233 7.52873 7.57576 7.61413 7.63173 7.63280 7.60865 7.50299 7.46322 7.56211 7.64006 7.57860 7.58769 7.64757 7.68631 7.69294 7.66281 7.58410 7.52054 7.57390 7.64454 7.61427 7.53181 7.58676 7.45890
7.53789 7.52919 7.54142 7.55793 7.52540 7.52447 7.55302 7.58025 7.59873 7.60863 7.60576 7.59091 7.58902 7.59837 7.59826 7.58254 7.58329 7.60533 7.62434 7.63843 7.64007 7.63284 7.64136 7.64690 7.63873 7.64309 7.64170 7.64307 7.65440 7.65264 7.64714 7.65253 7.66870 7.67610 7.67638 7.67145 7.66516 7.65368 7.63108 7.54705 7.48042 7.55302 7.49805 7.57115 7.53440 7.55571 7.61999 7.62003 7.59251 7.49397 7.52265 7.60799 7.59615 7.59429 7.67063 7.69430 7.68643 7.65695 7.52288 7.52252 7.53427 7.62036 7.56536 7.58136 7.54266 7.54401
7.54048 7.51980 7.49906 7.50055 7.49394 7.53026 7.57056 7.59545 7.60665 7.61303 7.61631 7.61225 7.61197 7.61862 7.61384 7.59150 7.57423 7.59056 7.61767 7.63080 7.62731 7.61641 7.62179 7.63221 7.61585 7.61028 7.61014 7.62533 7.64212 7.64794 7.64827 7.65762 7.66779 7.67048 7.66884 7.66823 7.66427 7.65639 7.64560 7.61057 7.51340 7.52696 7.55785 7.51873 7.54628 7.59502 7.61317 7.63173 7.58743 7.55682 7.47953 7.53167 7.50457 7.58683 7.65107 7.66683 7.65341 7.62052 7.48069 7.41841 7.49512 7.63084 7.62825 7.49300 7.43311 7.32419
7.57977 7.56995 7.53778 7.52087 7.54201 7.58293 7.60926 7.62186 7.62279 7.62329 7.63117 7.62670 7.62569 7.63233 7.62533 7.61527 7.60770 7.60637 7.62515 7.63635 7.63361 7.62562 7.62797 7.63299 7.61760 7.60563 7.59935 7.60657 7.62226 7.63239 7.63769 7.64626 7.65782 7.66141 7.66108 7.66430 7.66434 7.65725 7.65044 7.63152 7.56415 7.50753 7.54251 7.57714 7.59211 7.59582 7.62501 7.60939 7.59053 7.53858 7.60455 7.62276 7.58735 7.56059 7.55691 7.58876 7.62747 7.62889 7.53734 7.34332 7.41013 7.52246 7.58336 7.47622 7.34962 7.45341
7.62017 7.61872 7.60440 7.59681 7.61247 7.62491 7.63205 7.63465 7.63012 7.62760 7.63613 7.63591 7.63514 7.64216 7.63814 7.62522 7.62225 7.61706 7.62461 7.63291 7.62949 7.62841 7.63527 7.63290 7.61610 7.60778 7.60438 7.59578 7.59889 7.60913 7.61710 7.62749 7.64343 7.64971 7.65916 7.66160 7.66048 7.65620 7.65123 7.64427 7.61534 7.55604 7.50641 7.51680 7.54565 7.58909 7.61703 7.62045 7.59172 7.58040 7.62201 7.64021 7.62831 7.60819 7.56893 7.56557 7.61424 7.62058 7.58266 7.37995 7.30851 7.40718 7.48077 7.53456 7.50314 7.62933
7.63296 7.61951 7.61427 7.62083 7.63551 7.64077 7.64191 7.64122 7.63786 7.62751 7.62260 7.61796 7.62140 7.63614 7.63766 7.63099 7.62542 7.61298 7.61488 7.62441 7.62526 7.63150 7.64125 7.62594 7.60323 7.60069 7.60721 7.59600 7.58079 7.58103 7.58263 7.59344 7.61697 7.63563 7.64597 7.65133 7.65144 7.65147 7.65127 7.65207 7.63870 7.62251 7.59203 7.55805 7.55308 7.57614 7.60483 7.60694 7.58399 7.57895 7.62822 7.64938 7.64681 7.65183 7.64497 7.61600 7.60157 7.59962 7.62460 7.57237 7.41572 7.46947 7.59422 7.64400 7.65428 7.67950
7.62386 7.61695 7.61426 7.60642 7.62720 7.64009 7.64345 7.64298 7.64520 7.63537 7.62458 7.61886 7.60347 7.60814 7.61308 7.60842 7.60326 7.58863 7.57975 7.58656 7.59877 7.62200 7.63500 7.61462 7.58530 7.58899 7.59954 7.59807 7.58392 7.56977 7.56364 7.56689 7.59215 7.61024 7.60742 7.62098 7.63811 7.64644 7.65184 7.65354 7.64781 7.64514 7.63755 7.63441 7.62976 7.60805 7.59806 7.61904 7.58978 7.60468 7.64824 7.66585 7.67123 7.67319 7.67132 7.65326 7.62275 7.59785 7.60386 7.63804 7.62276 7.64162 7.66105 7.67091 7.68187 7.68938
7.61949 7.62828 7.62941 7.60751 7.61233 7.63526 7.64271 7.64326 7.64814 7.64416 7.63796 7.63460 7.61448 7.59545 7.59299 7.58853 7.58499 7.57001 7.55327 7.54717 7.55318 7.58046 7.61267 7.60083 7.56179 7.56589 7.58550 7.59963 7.60288 7.59470 7.57891 7.57591 7.59928 7.61626 7.60813 7.59969 7.62161 7.64321 7.65087 7.65146 7.65192 7.65180 7.64856 7.64923 7.65352 7.64400 7.61478 7.62381 7.60287 7.62780 7.66350 7.67396 7.67935 7.68128 7.67971 7.66822 7.64733 7.61507 7.60859 7.62733 7.64078 7.66120 7.66858 7.67412 7.68441 7.69233
7.62214 7.62628 7.61779 7.60405 7.61388 7.63041 7.63653 7.64125 7.64731 7.64440 7.63729 7.63475 7.62641 7.61060 7.59872 7.59248 7.59121 7.58475 7.57538 7.56834 7.55341 7.53764 7.57205 7.57652 7.53185 7.54945 7.59275 7.61361 7.61974 7.61162 7.58001 7.57191 7.61264 7.62933 7.62329 7.62124 7.61693 7.63388 7.64416 7.64440 7.64719 7.64607 7.64652 7.64723 7.64972 7.64690 7.61616 7.61672 7.60754 7.64578 7.66634 7.67437 7.67427 7.68278 7.68128 7.67027 7.65295 7.62738 7.60949 7.60767 7.63782 7.64555 7.66517 7.67323 7.68509 7.69110
7.60191 7.59218 7.58112 7.58551 7.61083 7.62972 7.63691 7.64142 7.64346 7.64091 7.63081 7.62581 7.62473 7.61906 7.61052 7.60573 7.60791 7.60888 7.60441 7.59723 7.58131 7.53625 7.51290 7.51354 7.51947 7.57906 7.61817 7.63555 7.63119 7.61108 7.57370 7.57561 7.62129 7.63915 7.63417 7.63502 7.62510 7.62564 7.62625 7.62213 7.62069 7.61768 7.61712 7.62361 7.61358 7.58457 7.50744 7.46509 7.52818 7.62901 7.65428 7.66575 7.67058 7.67775 7.67896 7.67481 7.66160 7.63250 7.60297 7.60127 7.61193 7.64535 7.65299 7.67146 7.68069 7.69037
7.56693 7.57166 7.58297 7.60013 7.61351 7.62872 7.64281 7.64500 7.64339 7.64067 7.62706 7.61388 7.61484 7.61771 7.61394 7.61495 7.61873 7.61996 7.61689 7.60901 7.59905 7.57666 7.53718 7.53712 7.58166 7.61723 7.63467 7.64423 7.63823 7.62103 7.58279 7.56319 7.60880 7.63363 7.62823 7.63453 7.63168 7.62853 7.61563 7.60318 7.59949 7.59141 7.56998 7.53613 7.43501 7.06936 6.49159 7.38809 7.25232 7.58006 7.63214 7.64591 7.65421 7.66772 7.68093 7.67635 7.66975 7.65208 7.61045 7.58556 7.60145 7.62377 7.64942 7.66737 7.67712 7.68578
7.57679 7.60010 7.61707 7.62742 7.62643 7.63157 7.64337 7.64608 7.64130 7.63147 7.61468 7.60244 7.61096 7.61841 7.62034 7.62927 7.63046 7.62862 7.62603 7.62029 7.61255 7.60659 7.59891 7.60322 7.62035 7.63298 7.64294 7.64877 7.64169 7.63055 7.60453 7.56075 7.58475 7.62107 7.62797 7.63744 7.63875 7.63333 7.61978 7.61704 7.61567 7.59309 7.50843 7.23614 6.64101 6.47590 6.44129 7.04236 7.01461 7.43990 7.57317 7.61924 7.64682 7.66269 7.67249 7.67851 7.67315 7.66239 7.63772 7.59372 7.57784 7.60521 7.63600 7.65139 7.66748 7.67767
7.60329 7.61335 7.62465 7.63333 7.62924 7.63600 7.64607 7.64162 7.62859 7.61586 7.60362 7.60891 7.62265 7.62630 7.63083 7.64097 7.64418 7.64144 7.63825 7.63470 7.63004 7.62698 7.62723 7.62990 7.63426 7.63991 7.64652 7.64816 7.64130 7.63437 7.62059 7.57851 7.57208 7.61453 7.63474 7.64173 7.64507 7.63632 7.63214 7.63233 7.61976 7.56980 7.43268 7.04940 6.97278 7.36925 7.52076 7.43050 7.21333 6.93439 7.15420 7.49981 7.61465 7.65274 7.66704 7.67296 7.67203 7.66470 7.65514 7.62777 7.58253 7.57909 7.60376 7.63622 7.65594 7.66984
7.62128 7.62076 7.62123 7.63411 7.63483 7.63908 7.64283 7.63193 7.61928 7.61378 7.61406 7.62425 7.63006 7.63227 7.63823 7.64724 7.65320 7.65296 7.65091 7.64905 7.64728 7.64514 7.64396 7.64414 7.64525 7.64819 7.65118 7.64798 7.64016 7.63515 7.62878 7.60351 7.57916 7.60068 7.62837 7.64370 7.64299 7.63896 7.64236 7.63314 7.61196 7.56362 7.43664 7.20779 7.21803 7.43562 7.55291 7.52422 7.48110 7.47692 7.27184 7.20413 7.52271 7.62548 7.65373 7.66423 7.67042 7.67017 7.66244 7.64706 7.61545 7.58019 7.58452 7.60401 7.63205 7.65488
7.63037 7.63645 7.62878 7.62987 7.63632 7.63524 7.63547 7.62790 7.61852 7.61725 7.62362 7.62981 7.63286 7.63707 7.64420 7.65201 7.65772 7.65985 7.65989 7.65903 7.65782 7.65693 7.65619 7.65542 7.65537 7.65629 7.65541 7.64882 7.64074 7.63649 7.63319 7.62285 7.60481 7.59979 7.61453 7.63457 7.63847 7.63976 7.64000 7.63191 7.61764 7.58889 7.48178 7.24627 7.22783 7.38906 7.36671 7.22000 7.39586 7.50944 7.49785 7.39304 7.46081 7.59497 7.63515 7.65527 7.66948 7.67036 7.66086 7.64757 7.63465 7.60549 7.57661 7.56748 7.58613 7.62442
7.62616 7.63822 7.63534 7.62678 7.63182 7.63165 7.63068 7.62797 7.61694 7.61645 7.62599 7.63120 7.63568 7.64234 7.65000 7.65662 7.66080 7.66276 7.66346 7.66338 7.66303 7.66286 7.66271 7.66221 7.66179 7.66093 7.65689 7.64948 7.64241 7.63889 7.63623 7.62954 7.62022 7.61208 7.61066 7.62360 7.63550 7.63785 7.63815 7.64036 7.62529 7.59454 7.53362 7.33103 7.28136 7.43483 7.20139 7.34101 7.39572 7.46991 7.56621 7.45010 7.43209 7.57262 7.62417 7.64748 7.66287 7.66533 7.65720 7.64986 7.63896 7.62808 7.60658 7.59066 7.54275 7.57027
7.60305 7.62462 7.62756 7.61729 7.61766 7.62666 7.62804 7.62521 7.61794 7.61940 7.62740 7.63294 7.64004 7.64817 7.65542 7.66062 7.66348 7.66514 7.66611 7.66657 7.66669 7.66643 7.66568 7.66510 7.66469 7.66258 7.65731 7.65033 7.64443 7.64138 7.63895 7.63310 7.62508 7.61825 7.61197 7.61635 7.63276 7.63953 7.64757 7.64858 7.63412 7.60512 7.55338 7.42806 7.41752 7.50047 7.46582 7.40263 7.41046 7.54700 7.58320 7.48920 7.42375 7.53566 7.61480 7.64719 7.66068 7.66464 7.66006 7.65425 7.64870 7.63720 7.62074 7.61582 7.58392 7.53373
7.57322 7.58422 7.58895 7.58831 7.60468 7.62296 7.62703 7.62598 7.62500 7.62576 7.63023 7.63751 7.64662 7.65381 7.65942 7.66318 7.66541 7.66685 7.66768 7.66806 7.66808 7.66768 7.66657 7.66595 7.66553 7.66270 7.65739 7.65124 7.64609 7.64317 7.64128 7.63679 7.62836 7.62079 7.61444 7.61208 7.62573 7.64250 7.65016 7.64759 7.63251 7.60788 7.56519 7.46965 7.43807 7.50325 7.50633 7.47808 7.52555 7.60957 7.59641 7.48595 7.40313 7.52807 7.61258 7.64196 7.65865 7.66461 7.66333 7.66115 7.65452 7.64883 7.63475 7.61831 7.60851 7.55975
