mrvbf_slope0.9_pctl1.1.asc
NCOLS 410
NROWS 410
XLLCORNER 2398750.0000000000000000
YLLCORNER 2548750.0000000000000000
CELLSIZE 250.0000000000000000
NODATA_VALUE -99999.00000
[rows 87 to 115 of 410, columns 0 to 65 of 410]
-99999.00000 -99999.00000 -99999.00000 -99999.00000 -99999.00000 7.69751 7.68559 7.65433 7.64281 7.63260 7.63424 7.60964 7.58732 7.62491 7.62855 7.65163 7.66458 7.66562 7.65894 7.64089 7.64138 7.62584 7.60639 7.60489 7.61712 7.63760 7.66221 7.65418 7.65873 7.66868 7.66201 7.64152 7.62943 7.63787 7.65851 7.68189 7.68856 7.66646 7.64324 7.64016 7.63729 7.64258 7.66478 7.66945 7.65881 7.65315 7.65596 7.66585 7.67686 7.68484 7.68276 7.66876 7.66525 7.66667 7.68864 7.70250 7.69254 7.68329 7.68455 7.68925 7.70165 7.71411 7.71846 7.71844 7.71579 7.71000
-99999.00000 -99999.00000 -99999.00000 -99999.00000 -99999.00000 7.69256 7.67846 7.64592 7.65133 7.63476 7.64156 7.62454 7.58943 7.62768 7.63788 7.66121 7.67010 7.67415 7.66767 7.65280 7.64968 7.62413 7.61304 7.61957 7.62690 7.64475 7.66070 7.64991 7.65881 7.66622 7.66134 7.64680 7.63197 7.63303 7.65308 7.67784 7.68396 7.66496 7.63635 7.62680 7.64308 7.66681 7.68001 7.66959 7.64570 7.63861 7.64821 7.66185 7.67553 7.68763 7.69152 7.68207 7.67361 7.68729 7.70256 7.69565 7.68192 7.68497 7.68732 7.68263 7.69319 7.71057 7.71641 7.71248 7.70152 7.68900
-99999.00000 -99999.00000 -99999.00000 -99999.00000 -99999.00000 7.67757 7.67557 7.64862 7.63524 7.64141 7.64359 7.63037 7.58193 7.60597 7.62869 7.65391 7.66599 7.67349 7.66809 7.65802 7.65542 7.62960 7.61216 7.61392 7.62401 7.64376 7.64855 7.64386 7.65467 7.65189 7.65437 7.65342 7.63564 7.63216 7.64637 7.66595 7.66899 7.65152 7.63120 7.62742 7.64375 7.67051 7.68203 7.66313 7.63071 7.63032 7.64958 7.66708 7.68379 7.69570 7.69810 7.69775 7.69772 7.70196 7.70131 7.68833 7.68142 7.69026 7.68723 7.68007 7.69224 7.70901 7.71300 7.70232 7.68528 7.67818
-99999.00000 -99999.00000 -99999.00000 -99999.00000 -99999.00000 7.65913 7.66519 7.65983 7.63447 7.63987 7.64243 7.63794 7.59241 7.59659 7.63969 7.64996 7.65784 7.66219 7.66489 7.66542 7.65635 7.63114 7.60609 7.60981 7.62806 7.64154 7.64339 7.64508 7.64671 7.64253 7.64656 7.65756 7.63865 7.63466 7.64469 7.65018 7.64473 7.63099 7.62476 7.63283 7.65359 7.67532 7.68273 7.66169 7.62989 7.62278 7.64341 7.66945 7.68848 7.69291 7.68663 7.68377 7.68802 7.68940 7.68554 7.68097 7.68502 7.69045 7.68105 7.68045 7.69597 7.70841 7.71041 7.69909 7.68097 7.67911
-99999.00000 -99999.00000 -99999.00000 -99999.00000 -99999.00000 7.63596 7.64840 7.64965 7.64456 7.63526 7.61444 7.61805 7.59274 7.59189 7.63805 7.64678 7.65583 7.66143 7.65930 7.65594 7.63776 7.61402 7.61431 7.62975 7.64502 7.64890 7.65740 7.65614 7.64394 7.64603 7.64115 7.65641 7.63586 7.63665 7.64668 7.64008 7.63202 7.62873 7.63330 7.64777 7.66791 7.68163 7.68114 7.66033 7.63347 7.61785 7.63396 7.66549 7.68578 7.68216 7.67432 7.67232 7.67222 7.67300 7.67419 7.68128 7.69074 7.68669 7.67738 7.68582 7.70019 7.70736 7.70857 7.70110 7.68250 7.67340
-99999.00000 -99999.00000 -99999.00000 -99999.00000 -99999.00000 7.62008 7.64154 7.65270 7.64461 7.64270 7.61757 7.59899 7.58957 7.58182 7.62329 7.63577 7.64361 7.64366 7.64255 7.63214 7.61246 7.61190 7.62444 7.63985 7.65174 7.65512 7.65948 7.65890 7.65120 7.64238 7.64932 7.65451 7.62909 7.62708 7.63527 7.63352 7.63406 7.63736 7.64625 7.66222 7.67674 7.67924 7.66426 7.63993 7.62187 7.61367 7.62839 7.66111 7.68267 7.67712 7.67015 7.67558 7.67517 7.67511 7.67932 7.68497 7.68767 7.68006 7.67825 7.69063 7.70048 7.70509 7.70612 7.70155 7.68822 7.67240
-99999.00000 -99999.00000 -99999.00000 -99999.00000 -99999.00000 7.60475 7.62939 7.64470 7.64377 7.65263 7.63157 7.61392 7.60488 7.59319 7.61244 7.63196 7.63135 7.63514 7.62196 7.61265 7.61121 7.62338 7.63304 7.63946 7.64289 7.64217 7.64607 7.65262 7.65638 7.65795 7.66009 7.65371 7.63000 7.61406 7.62167 7.62971 7.63749 7.64728 7.66090 7.67428 7.68133 7.67385 7.65103 7.63854 7.61003 7.61118 7.62549 7.65537 7.67585 7.67067 7.66811 7.67668 7.68307 7.68633 7.68876 7.68716 7.68235 7.67318 7.67342 7.68718 7.69765 7.70236 7.70360 7.70098 7.69427 7.68066
-99999.00000 -99999.00000 -99999.00000 -99999.00000 -99999.00000 7.58648 7.61297 7.63033 7.64107 7.65062 7.63480 7.61506 7.60661 7.60591 7.61674 7.62782 7.62821 7.62731 7.61445 7.61829 7.62865 7.63384 7.63575 7.63669 7.64072 7.64715 7.64210 7.64541 7.65869 7.65867 7.64387 7.62790 7.62124 7.60805 7.61074 7.62323 7.63753 7.65746 7.67332 7.68106 7.68436 7.67989 7.65996 7.63620 7.62158 7.61513 7.62754 7.65229 7.66549 7.66576 7.67331 7.68068 7.68558 7.69031 7.69261 7.68868 7.68079 7.66904 7.66607 7.67994 7.69380 7.69947 7.70107 7.69929 7.69564 7.68866
-99999.00000 -99999.00000 -99999.00000 -99999.00000 -99999.00000 7.60040 7.62771 7.63807 7.64745 7.64425 7.63093 7.61674 7.59482 7.60608 7.61909 7.63087 7.62900 7.62329 7.62421 7.63633 7.64165 7.63852 7.63594 7.63875 7.64986 7.65040 7.64210 7.65141 7.65675 7.64416 7.62620 7.61832 7.62014 7.61543 7.61276 7.61925 7.63514 7.65548 7.67398 7.68285 7.68247 7.67080 7.65333 7.64357 7.62596 7.61438 7.63268 7.65767 7.66579 7.67338 7.68201 7.68566 7.68661 7.68909 7.68810 7.68333 7.67514 7.66294 7.66184 7.67759 7.69121 7.69650 7.69833 7.69713 7.69414 7.68999
-99999.00000 -99999.00000 -99999.00000 -99999.00000 -99999.00000 7.64130 7.64855 7.65410 7.66056 7.64492 7.63025 7.62112 7.60342 7.61322 7.62756 7.64325 7.63004 7.62340 7.62890 7.63697 7.64213 7.63746 7.63578 7.64649 7.65635 7.65213 7.64821 7.64994 7.64736 7.63774 7.63192 7.63920 7.64123 7.63799 7.63360 7.63016 7.63456 7.65037 7.66914 7.68009 7.67309 7.65365 7.64187 7.62816 7.61210 7.61302 7.63775 7.66342 7.67207 7.67945 7.68560 7.68710 7.68807 7.68712 7.68182 7.67369 7.66354 7.65568 7.66550 7.68225 7.69025 7.69355 7.69535 7.69466 7.69193 7.68818
-99999.00000 -99999.00000 -99999.00000 -99999.00000 -99999.00000 7.66369 7.66430 7.66253 7.66404 7.64820 7.63404 7.62993 7.62199 7.62514 7.63565 7.63610 7.61698 7.61241 7.62127 7.62253 7.63080 7.63834 7.64187 7.64987 7.65570 7.65797 7.65243 7.64463 7.64334 7.64326 7.64643 7.65560 7.66239 7.65823 7.64823 7.63217 7.63038 7.64963 7.66890 7.67690 7.66344 7.64550 7.64549 7.61877 7.60691 7.61566 7.63862 7.66418 7.67422 7.67908 7.68312 7.68558 7.68799 7.68464 7.67658 7.66706 7.65899 7.66024 7.67410 7.68403 7.68802 7.69024 7.69167 7.69137 7.68915 7.68570
-99999.00000 -99999.00000 -99999.00000 -99999.00000 -99999.00000 7.66729 7.65999 7.65336 7.65699 7.65381 7.63978 7.63543 7.63231 7.63279 7.63827 7.62840 7.61047 7.60175 7.61554 7.62198 7.62545 7.64093 7.65676 7.65774 7.66083 7.65956 7.65128 7.64713 7.65013 7.65627 7.66185 7.66770 7.67256 7.66612 7.64784 7.62392 7.62800 7.65300 7.66983 7.67457 7.66255 7.64361 7.63346 7.61950 7.60790 7.61446 7.63755 7.66394 7.67397 7.67547 7.67844 7.68237 7.68386 7.67911 7.67087 7.66330 7.65960 7.66556 7.67678 7.68179 7.68393 7.68541 7.68628 7.68633 7.68517 7.68256
-99999.00000 -99999.00000 -99999.00000 -99999.00000 -99999.00000 7.66029 7.65985 7.65373 7.65206 7.65974 7.64459 7.63911 7.63935 7.63062 7.62953 7.61014 7.60212 7.60807 7.62113 7.63661 7.63684 7.64180 7.65376 7.66191 7.66387 7.65296 7.64942 7.65786 7.66387 7.66998 7.67291 7.67426 7.67646 7.67004 7.65241 7.62142 7.61259 7.64030 7.66311 7.67048 7.66303 7.64459 7.63016 7.62010 7.60500 7.61122 7.64114 7.66843 7.67493 7.67083 7.67118 7.67530 7.67556 7.67048 7.66426 7.66033 7.65755 7.66072 7.66958 7.67439 7.67695 7.67826 7.67890 7.67923 7.67913 7.67770
-99999.00000 -99999.00000 -99999.00000 -99999.00000 -99999.00000 7.65730 7.66325 7.65883 7.65082 7.65784 7.64240 7.64002 7.64607 7.63555 7.62065 7.60704 7.60999 7.61051 7.63182 7.65239 7.65254 7.64917 7.64764 7.64776 7.64840 7.64707 7.65721 7.67050 7.67099 7.66853 7.66571 7.66498 7.66818 7.66544 7.65492 7.62996 7.61439 7.62914 7.65173 7.66121 7.65275 7.63756 7.61912 7.60238 7.59570 7.62498 7.65820 7.67358 7.67215 7.66301 7.66044 7.66352 7.66249 7.65870 7.65717 7.65577 7.64897 7.64478 7.64986 7.65787 7.66453 7.66725 7.66746 7.66744 7.66840 7.66890
-99999.00000 -99999.00000 -99999.00000 -99999.00000 -99999.00000 7.64315 7.65418 7.66041 7.64982 7.64636 7.63715 7.63965 7.64580 7.64431 7.62328 7.61661 7.60515 7.62265 7.64694 7.66106 7.66304 7.66082 7.65514 7.64969 7.65065 7.65933 7.66876 7.67022 7.65976 7.65439 7.65320 7.64869 7.65222 7.65770 7.64328 7.62265 7.61960 7.63314 7.64913 7.65113 7.64054 7.62887 7.61244 7.60152 7.62044 7.65143 7.66836 7.67173 7.66115 7.64683 7.64481 7.64799 7.64534 7.64246 7.64465 7.63904 7.63063 7.62648 7.62731 7.63328 7.64273 7.64873 7.64639 7.64391 7.64696 7.65241
-99999.00000 -99999.00000 -99999.00000 -99999.00000 -99999.00000 7.62802 7.63947 7.65573 7.65089 7.64294 7.63835 7.64134 7.64571 7.64106 7.63047 7.60968 7.61208 7.64328 7.65812 7.66464 7.66906 7.66951 7.66663 7.66656 7.66837 7.67188 7.66923 7.65738 7.64413 7.64955 7.65613 7.64518 7.63695 7.64017 7.62946 7.62187 7.62817 7.64125 7.65198 7.64902 7.63347 7.62047 7.61473 7.62174 7.64519 7.66100 7.66620 7.66061 7.64095 7.62472 7.62821 7.63289 7.62815 7.61995 7.61555 7.61051 7.61070 7.61350 7.61508 7.61413 7.62073 7.62866 7.62007 7.61357 7.61826 7.62856
-99999.00000 -99999.00000 -99999.00000 -99999.00000 -99999.00000 7.62083 7.62875 7.64384 7.64692 7.64148 7.63585 7.63507 7.63797 7.63371 7.62242 7.60909 7.63244 7.65512 7.66294 7.66828 7.67334 7.67391 7.67286 7.67424 7.67177 7.66855 7.65718 7.64133 7.64196 7.66084 7.67039 7.66130 7.64489 7.63875 7.63208 7.63314 7.63620 7.63758 7.64433 7.64802 7.63429 7.61661 7.60528 7.61191 7.63625 7.64927 7.65181 7.64201 7.61757 7.60687 7.61617 7.62270 7.61778 7.60502 7.59665 7.59897 7.60644 7.61147 7.61658 7.60886 7.60231 7.60832 7.59686 7.59248 7.59492 7.60117
-99999.00000 -99999.00000 -99999.00000 -99999.00000 -99999.00000 7.62245 7.61357 7.61233 7.61086 7.61151 7.61640 7.61365 7.61567 7.62546 7.61832 7.62119 7.64099 7.65639 7.66469 7.67086 7.67580 7.67633 7.67500 7.67421 7.66766 7.65890 7.64662 7.64051 7.65578 7.67091 7.67142 7.65860 7.64773 7.64826 7.64402 7.63538 7.62242 7.62242 7.62875 7.64105 7.63777 7.61942 7.59822 7.59115 7.60421 7.61483 7.62103 7.61771 7.59611 7.59395 7.61503 7.62251 7.61918 7.61187 7.61272 7.61630 7.61376 7.61097 7.62118 7.61384 7.58360 7.57280 7.57362 7.58445 7.57885 7.56125
-99999.00000 -99999.00000 -99999.00000 -99999.00000 -99999.00000 7.62627 7.60516 7.58812 7.58419 7.58976 7.60289 7.61032 7.61291 7.62612 7.63135 7.63615 7.63654 7.64762 7.66244 7.67051 7.67462 7.67578 7.67450 7.67236 7.66471 7.65339 7.64466 7.64823 7.66176 7.66462 7.65151 7.63685 7.63317 7.62987 7.63159 7.62265 7.62395 7.61368 7.61344 7.62056 7.62526 7.62225 7.60356 7.58577 7.57936 7.57770 7.57916 7.58469 7.57970 7.59517 7.62492 7.63124 7.63073 7.63088 7.63127 7.63202 7.62087 7.60815 7.60846 7.59967 7.58396 7.57252 7.57978 7.58683 7.56671 7.52003
-99999.00000 -99999.00000 -99999.00000 -99999.00000 -99999.00000 7.60245 7.59657 7.59071 7.58797 7.58570 7.59408 7.61312 7.62378 7.63082 7.64226 7.63928 7.63814 7.63779 7.65362 7.66796 7.67259 7.67365 7.67292 7.67114 7.66481 7.65414 7.64547 7.64448 7.64959 7.64589 7.63371 7.63119 7.63668 7.62488 7.62167 7.62399 7.63056 7.61446 7.60497 7.60170 7.60493 7.61010 7.60642 7.59087 7.57534 7.55807 7.55112 7.56780 7.58350 7.60875 7.62750 7.63061 7.63362 7.63460 7.63018 7.62202 7.61440 7.61306 7.60743 7.60443 7.61095 7.60925 7.60198 7.58569 7.54481 7.52636
-99999.00000 -99999.00000 -99999.00000 -99999.00000 -99999.00000 7.58852 7.59636 7.60700 7.60804 7.59292 7.59379 7.61202 7.62349 7.63285 7.64311 7.63866 7.63224 7.63444 7.64299 7.66313 7.67010 7.67085 7.67046 7.66980 7.66613 7.65803 7.64916 7.64314 7.64068 7.63658 7.63241 7.63481 7.63842 7.62500 7.61785 7.62230 7.62704 7.61472 7.60074 7.59618 7.59753 7.60125 7.60236 7.59216 7.58000 7.56802 7.56463 7.57506 7.59231 7.60968 7.61529 7.61672 7.62328 7.63065 7.62081 7.60723 7.60042 7.61085 7.62107 7.62487 7.62114 7.61125 7.59959 7.58086 7.54887 7.57136
-99999.00000 -99999.00000 -99999.00000 -99999.00000 -99999.00000 7.59629 7.60496 7.62229 7.62417 7.59900 7.59827 7.61332 7.61915 7.62817 7.63453 7.62801 7.61986 7.62205 7.64421 7.65885 7.66405 7.66577 7.66660 7.66764 7.66678 7.66223 7.65466 7.64704 7.64229 7.63867 7.63514 7.63271 7.62875 7.61453 7.60489 7.61065 7.62175 7.62033 7.61168 7.60471 7.60190 7.60581 7.60857 7.60151 7.59605 7.59954 7.59517 7.59051 7.59840 7.60309 7.60280 7.60430 7.60939 7.61990 7.61046 7.60165 7.60061 7.60496 7.62686 7.62000 7.60603 7.59632 7.59053 7.58572 7.57423 7.57460
-99999.00000 -99999.00000 -99999.00000 -99999.00000 -99999.00000 7.60338 7.59932 7.61172 7.62234 7.60330 7.60222 7.61325 7.61220 7.61195 7.62618 7.60440 7.60358 7.61757 7.63319 7.64445 7.65108 7.65650 7.66143 7.66473 7.66566 7.66445 7.65931 7.65166 7.64523 7.64135 7.63522 7.62518 7.61408 7.59786 7.58529 7.59358 7.61628 7.62510 7.61896 7.61107 7.60753 7.61438 7.62327 7.62102 7.61943 7.62397 7.61670 7.60719 7.60804 7.60555 7.60275 7.60138 7.59912 7.60533 7.60304 7.60554 7.60747 7.60713 7.62560 7.61064 7.60032 7.59951 7.60017 7.60415 7.60416 7.58878
-99999.00000 -99999.00000 -99999.00000 -99999.00000 -99999.00000 7.61005 7.59785 7.59345 7.60373 7.59801 7.60333 7.61862 7.61444 7.60230 7.61707 7.59225 7.59579 7.60261 7.60887 7.61943 7.63100 7.64271 7.65328 7.66040 7.66328 7.66287 7.65843 7.65018 7.64075 7.63641 7.63180 7.61382 7.59615 7.58331 7.57215 7.57075 7.59732 7.61592 7.60825 7.60211 7.60070 7.61077 7.62454 7.62590 7.62360 7.62504 7.62846 7.62756 7.62404 7.61858 7.61726 7.61327 7.60346 7.60104 7.60324 7.61207 7.60375 7.60476 7.61908 7.60704 7.60864 7.61376 7.61196 7.61970 7.61643 7.59047
-99999.00000 -99999.00000 -99999.00000 -99999.00000 -99999.00000 7.57882 7.56242 7.56670 7.58344 7.58101 7.58818 7.61734 7.61652 7.59914 7.61044 7.58808 7.59607 7.59473 7.59270 7.59880 7.61119 7.62595 7.64121 7.65312 7.65939 7.65878 7.65140 7.63832 7.62340 7.61484 7.62015 7.60142 7.57867 7.57720 7.58119 7.55722 7.57446 7.59701 7.59200 7.58938 7.58248 7.59537 7.61644 7.62785 7.63155 7.63186 7.63019 7.63148 7.63186 7.63164 7.63487 7.63059 7.62032 7.61258 7.61358 7.61807 7.59613 7.60052 7.61702 7.60764 7.61217 7.61097 7.60299 7.61711 7.61695 7.58735
-99999.00000 -99999.00000 -99999.00000 -99999.00000 -99999.00000 7.55033 7.54429 7.56435 7.58065 7.56994 7.56804 7.61044 7.61314 7.59444 7.60955 7.57419 7.59243 7.59637 7.59270 7.59323 7.59833 7.60849 7.62594 7.64425 7.65420 7.65276 7.63927 7.61864 7.60054 7.58580 7.58427 7.58641 7.57940 7.58539 7.59533 7.57107 7.57967 7.59217 7.58977 7.58325 7.56432 7.57882 7.60775 7.62924 7.64207 7.64706 7.64117 7.62960 7.62738 7.63595 7.64394 7.64196 7.63500 7.62715 7.62466 7.61884 7.59975 7.60275 7.62571 7.61427 7.61298 7.61079 7.59859 7.61388 7.61708 7.59853
-99999.00000 -99999.00000 -99999.00000 -99999.00000 -99999.00000 7.56356 7.57797 7.59797 7.60089 7.58013 7.56175 7.59641 7.61094 7.59969 7.60011 7.56078 7.59078 7.60404 7.60198 7.59812 7.59513 7.59567 7.60818 7.63111 7.64688 7.64434 7.62333 7.59867 7.58805 7.58918 7.58143 7.59307 7.60737 7.60864 7.59771 7.59083 7.60783 7.59776 7.59027 7.57968 7.55412 7.55814 7.58465 7.61241 7.63538 7.64758 7.64785 7.63172 7.62295 7.62955 7.63579 7.64130 7.64173 7.63594 7.62635 7.61218 7.60321 7.61044 7.62129 7.61506 7.60185 7.60417 7.60395 7.61907 7.62347 7.61451
-99999.00000 -99999.00000 -99999.00000 -99999.00000 -99999.00000 7.60705 7.62131 7.63153 7.62260 7.59641 7.57080 7.58742 7.60830 7.60870 7.59547 7.56280 7.60084 7.61841 7.61405 7.60822 7.60247 7.59403 7.59334 7.61153 7.63318 7.63009 7.60612 7.58921 7.59387 7.61165 7.61452 7.61700 7.63104 7.62942 7.61616 7.60988 7.61066 7.58998 7.58346 7.57778 7.55336 7.55079 7.57072 7.59303 7.61595 7.63495 7.64500 7.63733 7.62502 7.62122 7.62121 7.62542 7.63194 7.63463 7.61938 7.60270 7.60449 7.61888 7.62169 7.61348 7.59783 7.61451 7.61712 7.61875 7.62546 7.62538
-99999.00000 -99999.00000 -99999.00000 -99999.00000 -99999.00000 7.61989 7.62795 7.63402 7.62219 7.60117 7.58870 7.60014 7.62204 7.62103 7.59908 7.55713 7.58916 7.62819 7.62333 7.61700 7.61638 7.60496 7.59036 7.59151 7.61000 7.60974 7.59234 7.58826 7.60324 7.62395 7.62927 7.62923 7.63657 7.63070 7.60870 7.58561 7.58685 7.58353 7.58421 7.58044 7.55284 7.55615 7.57817 7.59538 7.60660 7.61946 7.63291 7.63973 7.63491 7.63054 7.62646 7.62069 7.61968 7.61996 7.60397 7.59653 7.60708 7.61970 7.62121 7.62116 7.59685 7.60398 7.61626 7.61962 7.62131 7.61930
