mrvbf_slope1.5_pctl0.9.asc
NCOLS 410
NROWS 410
XLLCORNER 2398750.0000000000000000
YLLCORNER 2548750.0000000000000000
CELLSIZE 250.0000000000000000
NODATA_VALUE -99999.00000
[rows 116 to 144 of 410, columns 198 to 263 of 410]
7.80228 7.80992 7.80976 7.80737 7.80717 7.80358 7.79299 7.80265 7.80555 7.80920 7.80835 7.80818 7.80971 7.80995 7.80980 7.80983 7.80952 7.80902 7.80875 7.80859 7.80758 7.80601 7.80545 7.80551 7.80597 7.80578 7.80541 7.80450 7.80338 7.80324 7.80253 7.80258 7.80253 7.80177 7.80120 7.80042 7.79997 7.80020 7.80045 7.80028 7.80031 7.80009 7.79966 7.79943 7.79913 7.79884 7.79828 7.79862 7.79874 7.79813 7.79744 7.79694 7.79638 7.79473 7.79413 7.79495 7.79501 7.79463 -99999.00000 -99999.00000 -99999.00000 -99999.00000 -99999.00000 -99999.00000 -99999.00000 -99999.00000
7.77507 7.80526 7.80777 7.80850 7.80642 7.80725 7.80609 7.80411 7.80660 7.80776 7.80756 7.80787 7.80849 7.80901 7.80931 7.80933 7.80899 7.80856 7.80828 7.80825 7.80736 7.80511 7.80484 7.80446 7.80425 7.80511 7.80504 7.80445 7.80360 7.80288 7.80226 7.80225 7.80181 7.80125 7.80104 7.80028 7.79983 7.79973 7.79933 7.79926 7.79954 7.79950 7.79893 7.79883 7.79859 7.79840 7.79825 7.79831 7.79783 7.79688 7.79634 7.79617 7.79559 7.79377 7.79395 7.79433 7.79414 7.79402 7.79349 7.79054 -99999.00000 -99999.00000 -99999.00000 -99999.00000 -99999.00000 -99999.00000
7.75871 7.80248 7.80880 7.80875 7.80645 7.80596 7.80815 7.80711 7.80509 7.80767 7.80667 7.80734 7.80884 7.80856 7.80866 7.80875 7.80859 7.80838 7.80807 7.80739 7.80654 7.80513 7.80409 7.80524 7.80420 7.80454 7.80472 7.80400 7.80346 7.80285 7.80193 7.80165 7.80082 7.80068 7.80091 7.80003 7.79941 7.79892 7.79875 7.79900 7.79926 7.79884 7.79830 7.79812 7.79832 7.79807 7.79828 7.79799 7.79701 7.79623 7.79638 7.79586 7.79528 7.79462 7.79325 7.79383 7.79394 7.79348 7.79197 7.78987 7.78861 -99999.00000 -99999.00000 -99999.00000 -99999.00000 -99999.00000
7.79368 7.80707 7.80957 7.80896 7.80242 7.79828 7.80473 7.80793 7.80776 7.80857 7.80827 7.80787 7.80823 7.80747 7.80806 7.80825 7.80823 7.80800 7.80763 7.80728 7.80631 7.80520 7.80429 7.80479 7.80303 7.80396 7.80421 7.80351 7.80319 7.80255 7.80160 7.80111 7.80090 7.80077 7.80029 7.79945 7.79909 7.79873 7.79880 7.79921 7.79892 7.79783 7.79727 7.79738 7.79750 7.79754 7.79782 7.79745 7.79655 7.79576 7.79602 7.79572 7.79523 7.79448 7.79311 7.79296 7.79371 7.79299 7.79191 7.79108 7.78960 7.78875 -99999.00000 -99999.00000 -99999.00000 -99999.00000
7.80601 7.80815 7.80949 7.80606 7.79156 7.78698 7.79564 7.80657 7.80861 7.80882 7.80835 7.80711 7.80622 7.80564 7.80679 7.80700 7.80741 7.80742 7.80703 7.80665 7.80623 7.80553 7.80466 7.80259 7.80169 7.80216 7.80326 7.80287 7.80257 7.80203 7.80143 7.80086 7.80121 7.80097 7.79996 7.79948 7.79921 7.79870 7.79872 7.79896 7.79863 7.79787 7.79706 7.79724 7.79721 7.79709 7.79723 7.79694 7.79611 7.79527 7.79500 7.79499 7.79461 7.79352 7.79272 7.79341 7.79338 7.79275 7.79221 7.79165 7.79089 7.79087 7.79215 -99999.00000 -99999.00000 -99999.00000
7.80652 7.80596 7.80717 7.80295 7.77387 7.78154 7.78081 7.80420 7.80773 7.80800 7.80798 7.80716 7.80500 7.80523 7.80621 7.80558 7.80582 7.80645 7.80628 7.80584 7.80572 7.80511 7.80395 7.80237 7.80234 7.80050 7.80163 7.80196 7.80196 7.80183 7.80128 7.80061 7.80098 7.80068 7.79978 7.79904 7.79873 7.79845 7.79834 7.79826 7.79843 7.79795 7.79745 7.79737 7.79693 7.79629 7.79632 7.79633 7.79583 7.79494 7.79425 7.79388 7.79349 7.79291 7.79323 7.79339 7.79319 7.79283 7.79196 7.79100 7.79080 7.79093 7.79199 7.79226 -99999.00000 -99999.00000
7.79433 7.78702 7.79617 7.79717 7.75895 7.75811 7.78065 7.80333 7.80668 7.80769 7.80747 7.80648 7.80585 7.80446 7.80497 7.80446 7.80483 7.80507 7.80495 7.80486 7.80487 7.80480 7.80437 7.80273 7.80188 7.79947 7.79914 7.80162 7.80200 7.80168 7.80102 7.80106 7.80101 7.80032 7.79871 7.79768 7.79720 7.79773 7.79784 7.79766 7.79754 7.79745 7.79665 7.79640 7.79648 7.79623 7.79560 7.79553 7.79521 7.79436 7.79343 7.79284 7.79296 7.79299 7.79313 7.79307 7.79272 7.79222 7.79132 7.79095 7.79113 7.79088 7.79102 7.79185 7.79216 -99999.00000
7.78803 7.79094 7.78036 7.78908 7.78746 7.76748 7.79810 7.80529 7.80561 7.80651 7.80642 7.80616 7.80620 7.80558 7.80549 7.80491 7.80488 7.80409 7.80373 7.80393 7.80335 7.80358 7.80327 7.80081 7.80037 7.79637 7.79725 7.80032 7.80139 7.80149 7.80105 7.80053 7.80024 7.79908 7.79794 7.79644 7.79653 7.79677 7.79695 7.79717 7.79679 7.79684 7.79591 7.79522 7.79545 7.79557 7.79520 7.79455 7.79392 7.79391 7.79337 7.79257 7.79237 7.79268 7.79266 7.79233 7.79177 7.79134 7.79129 7.79145 7.79089 7.78998 7.79055 7.79092 7.79126 -99999.00000
7.79107 7.78032 7.78549 7.79890 7.78863 7.79766 7.80489 7.80564 7.80606 7.80601 7.80587 7.80612 7.80590 7.80566 7.80455 7.80465 7.80488 7.80452 7.80370 7.80267 7.80270 7.80338 7.80283 7.80103 7.79705 7.79592 7.79855 7.79630 7.79929 7.80114 7.80023 7.79958 7.79898 7.79818 7.79815 7.79646 7.79559 7.79622 7.79608 7.79602 7.79573 7.79600 7.79537 7.79496 7.79487 7.79470 7.79454 7.79361 7.79286 7.79302 7.79247 7.79156 7.79131 7.79226 7.79193 7.79149 7.79155 7.79131 7.79116 7.79098 7.79004 7.78929 7.78994 7.78979 7.78952 7.78966
7.80404 7.78546 7.75685 7.79220 7.80278 7.80576 7.80619 7.80619 7.80610 7.80561 7.80538 7.80514 7.80487 7.80351 7.79928 7.80195 7.80383 7.80408 7.80400 7.80329 7.80245 7.80192 7.80154 7.79979 7.79814 7.79881 7.79624 7.79019 7.79231 7.79697 7.79530 7.79632 7.79646 7.79753 7.79785 7.79741 7.79712 7.79653 7.79608 7.79561 7.79469 7.79337 7.79414 7.79471 7.79459 7.79408 7.79383 7.79260 7.79198 7.79266 7.79256 7.79183 7.79113 7.79097 7.79095 7.79067 7.79118 7.79061 7.79002 7.79040 7.79018 7.78901 7.78802 7.78851 7.78886 7.78914
7.80128 7.75555 7.75344 7.75324 7.79964 7.80497 7.80465 7.80522 7.80525 7.80455 7.80217 7.80109 7.80230 7.79815 7.79876 7.79967 7.80214 7.80369 7.80347 7.80357 7.80319 7.80257 7.80205 7.80115 7.80024 7.79740 7.79045 7.78286 7.78612 7.78462 7.79234 7.79665 7.79734 7.79757 7.79604 7.79610 7.79673 7.79632 7.79561 7.79567 7.79472 7.79300 7.79240 7.79398 7.79401 7.79368 7.79324 7.79281 7.79232 7.79196 7.79224 7.79183 7.79035 7.78937 7.78962 7.78995 7.79051 7.79019 7.79033 7.78965 7.78919 7.78783 7.78436 7.78607 7.78803 7.78907
7.80398 7.77773 7.73468 7.76239 7.79769 7.80425 7.80416 7.80397 7.80386 7.79887 7.78481 7.79063 7.79704 7.79219 7.79582 7.80258 7.80402 7.80361 7.80347 7.80339 7.80311 7.80252 7.80194 7.80123 7.80044 7.79906 7.79535 7.78937 7.78932 7.79176 7.79242 7.79495 7.79534 7.79607 7.79558 7.79681 7.79700 7.79592 7.79523 7.79505 7.79392 7.79225 7.79309 7.79338 7.79327 7.79349 7.79326 7.79242 7.79199 7.79175 7.79164 7.79107 7.79000 7.78830 7.78743 7.78794 7.78986 7.79009 7.78982 7.78945 7.78897 7.78672 7.78529 7.78347 7.78674 7.78788
7.80529 7.79835 7.77398 7.78467 7.78068 7.79962 7.80334 7.80259 7.79971 7.78676 7.77852 7.77745 7.77354 7.77261 7.78733 7.80222 7.80394 7.80348 7.80295 7.80290 7.80262 7.80214 7.80168 7.80115 7.79994 7.80034 7.79922 7.79642 7.79347 7.79600 7.79569 7.79696 7.79700 7.79746 7.79692 7.79650 7.79564 7.79546 7.79416 7.79380 7.79328 7.79277 7.79302 7.79309 7.79282 7.79305 7.79299 7.79247 7.79158 7.79115 7.79101 7.79036 7.78984 7.78834 7.78751 7.78932 7.78994 7.78952 7.78897 7.78910 7.78835 7.78708 7.78435 7.78633 7.78737 7.78714
7.80541 7.80398 7.79631 7.77326 7.76152 7.78629 7.79476 7.79667 7.78746 7.77967 7.77557 7.77634 7.76247 7.76909 7.77893 7.80026 7.80288 7.80290 7.80276 7.80252 7.80216 7.80178 7.80133 7.80082 7.79989 7.79980 7.79896 7.79748 7.79373 7.79562 7.79295 7.79656 7.79662 7.79704 7.79606 7.79394 7.79157 7.79328 7.79331 7.79276 7.79235 7.79236 7.79270 7.79239 7.79228 7.79266 7.79232 7.79180 7.79125 7.79101 7.79075 7.79000 7.78917 7.78894 7.78912 7.78951 7.78950 7.78870 7.78797 7.78811 7.78765 7.78738 7.78679 7.78722 7.78745 7.78711
7.80561 7.80509 7.79940 7.76745 7.76850 7.73858 7.74846 7.76863 7.78504 7.77195 7.76276 7.77584 7.78239 7.76960 7.79108 7.79968 7.80105 7.80154 7.80208 7.80197 7.80172 7.80096 7.80045 7.80024 7.79985 7.79893 7.79807 7.79800 7.79610 7.79302 7.79528 7.79533 7.79523 7.79531 7.79387 7.78945 7.79078 7.78751 7.79018 7.79136 7.79139 7.79180 7.79208 7.79214 7.79247 7.79232 7.79170 7.79137 7.79107 7.79080 7.79051 7.79000 7.78896 7.78840 7.78881 7.78877 7.78862 7.78835 7.78730 7.78615 7.78718 7.78771 7.78750 7.78707 7.78691 7.78637
7.80529 7.80497 7.80343 7.79256 7.75833 7.74359 7.76480 7.75310 7.76877 7.76991 7.78050 7.76647 7.77677 7.78384 7.78773 7.79599 7.79913 7.80041 7.80135 7.80149 7.80087 7.80007 7.79998 7.79977 7.79911 7.79775 7.79792 7.79824 7.79746 7.79584 7.79560 7.79450 7.79415 7.79523 7.79405 7.79073 7.78703 7.78787 7.78906 7.78776 7.79003 7.79068 7.79131 7.79173 7.79165 7.79128 7.79129 7.79112 7.79072 7.79029 7.78965 7.78914 7.78843 7.78832 7.78872 7.78826 7.78777 7.78783 7.78716 7.78639 7.78540 7.78671 7.78696 7.78588 7.78550 7.78545
7.80401 7.80417 7.80383 7.80207 7.79610 7.78972 7.77012 7.78492 7.77306 7.75560 7.76627 7.72382 7.71396 7.74251 7.73777 7.77968 7.79530 7.79859 7.80003 7.80061 7.79981 7.79963 7.79979 7.79959 7.79874 7.79798 7.79705 7.79752 7.79725 7.79671 7.79422 7.79309 7.79300 7.79453 7.79446 7.79348 7.79268 7.79148 7.78848 7.78894 7.78906 7.78745 7.78976 7.79023 7.79028 7.79007 7.79013 7.79032 7.79016 7.78947 7.78880 7.78866 7.78828 7.78782 7.78802 7.78766 7.78770 7.78750 7.78679 7.78613 7.78575 7.78532 7.78558 7.78423 7.78342 7.78346
7.80225 7.80326 7.80332 7.80262 7.80205 7.80083 7.79560 7.79037 7.76161 7.75404 7.76556 7.72715 7.68055 7.69028 7.74390 7.74386 7.78408 7.79553 7.79788 7.79895 7.79941 7.79946 7.79948 7.79918 7.79874 7.79766 7.79747 7.79691 7.79670 7.79563 7.79412 7.79260 7.79409 7.79424 7.79438 7.79368 7.79396 7.79124 7.78575 7.78574 7.78706 7.78762 7.78813 7.78854 7.78853 7.78933 7.78821 7.78940 7.78935 7.78869 7.78869 7.78811 7.78696 7.78651 7.78707 7.78737 7.78726 7.78707 7.78668 7.78596 7.78497 7.78528 7.78412 7.78251 7.78259 7.78357
7.79875 7.80182 7.80166 7.80011 7.80085 7.80094 7.80025 7.79741 7.78191 7.75252 7.72226 7.66837 7.65196 7.64285 7.70062 7.76530 7.77646 7.78914 7.79534 7.79746 7.79836 7.79863 7.79855 7.79725 7.79731 7.79693 7.79573 7.79603 7.79590 7.79444 7.79377 7.79313 7.79394 7.79393 7.79307 7.79201 7.79238 7.78880 7.78419 7.77602 7.78536 7.78805 7.78777 7.78719 7.78790 7.78856 7.78747 7.78841 7.78881 7.78836 7.78785 7.78755 7.78746 7.78638 7.78514 7.78633 7.78647 7.78667 7.78649 7.78589 7.78532 7.78433 7.78297 7.78097 7.78249 7.78376
7.79551 7.79985 7.79993 7.80033 7.79949 7.80023 7.79974 7.79909 7.79645 7.78874 7.77641 7.73721 7.68657 7.62858 7.67180 7.74086 7.77501 7.77762 7.79010 7.78915 7.79505 7.79702 7.79483 7.78999 7.79294 7.79637 7.79652 7.79603 7.79578 7.79361 7.79292 7.79300 7.79277 7.79205 7.79071 7.79071 7.78987 7.78681 7.76759 7.75593 7.77024 7.78451 7.78616 7.78660 7.78746 7.78823 7.78628 7.78682 7.78669 7.78742 7.78685 7.78604 7.78631 7.78544 7.78453 7.78396 7.78406 7.78575 7.78607 7.78563 7.78544 7.78392 7.78214 7.78025 7.78298 7.78287
7.79642 7.79826 7.79956 7.79893 7.79971 7.80045 7.80023 7.79951 7.79812 7.79389 7.78939 7.78067 7.76835 7.70172 7.69403 7.68469 7.74070 7.77007 7.77141 7.74324 7.77814 7.79281 7.78878 7.78752 7.78667 7.79428 7.79598 7.79506 7.79465 7.79425 7.79397 7.79267 7.79244 7.79122 7.78639 7.78257 7.78658 7.77533 7.74045 7.75128 7.75618 7.78150 7.78574 7.78610 7.78623 7.78728 7.78634 7.78681 7.78587 7.78414 7.78523 7.78583 7.78616 7.78463 7.78328 7.78415 7.78330 7.78249 7.78431 7.78530 7.78503 7.78407 7.78233 7.78062 7.78208 7.78245
7.79596 7.79781 7.79820 7.79909 7.79990 7.79998 7.79970 7.79948 7.79896 7.79690 7.79232 7.78985 7.78514 7.74362 7.68539 7.70456 7.72382 7.72258 7.73029 7.73542 7.73886 7.78528 7.78448 7.78083 7.78253 7.78787 7.79150 7.79225 7.79305 7.79412 7.79409 7.79324 7.79222 7.78733 7.77504 7.77912 7.77442 7.75740 7.75482 7.74026 7.77446 7.78516 7.78587 7.78613 7.78704 7.78725 7.78599 7.78605 7.78388 7.78406 7.78585 7.78585 7.78483 7.78381 7.78296 7.78250 7.78206 7.78271 7.78299 7.78470 7.78330 7.78303 7.78251 7.78111 7.78105 7.78217
7.79711 7.79807 7.79794 7.79842 7.79921 7.79934 7.79899 7.79882 7.79854 7.79785 7.79599 7.79453 7.79107 7.78041 7.74736 7.72754 7.70637 7.74900 7.75319 7.72299 7.75668 7.77245 7.75249 7.77199 7.74132 7.74628 7.76432 7.77351 7.78844 7.79270 7.79249 7.79108 7.78991 7.78842 7.78237 7.77378 7.78196 7.77308 7.75670 7.77458 7.78445 7.78571 7.78612 7.78672 7.78726 7.78677 7.78564 7.78493 7.78344 7.78564 7.78571 7.78453 7.78404 7.78436 7.78340 7.78298 7.78335 7.78249 7.78361 7.78395 7.78294 7.78187 7.78265 7.78219 7.78095 7.78088
7.79672 7.79734 7.79762 7.79707 7.79749 7.79808 7.79773 7.79760 7.79721 7.79703 7.79675 7.79622 7.79435 7.79136 7.78604 7.78128 7.77268 7.76355 7.77624 7.75403 7.72063 7.69860 7.75020 7.77870 7.74585 7.74890 7.76031 7.75990 7.77773 7.79034 7.79167 7.79041 7.78921 7.78995 7.78869 7.78759 7.78793 7.78541 7.78290 7.78592 7.78623 7.78591 7.78614 7.78645 7.78689 7.78598 7.78401 7.78418 7.78553 7.78596 7.78513 7.78423 7.78431 7.78377 7.78362 7.78330 7.78461 7.78377 7.78326 7.78301 7.78134 7.78146 7.78138 7.78050 7.78014 7.77965
7.79532 7.79618 7.79571 7.79538 7.79564 7.79662 7.79645 7.79629 7.79607 7.79581 7.79590 7.79588 7.79559 7.79433 7.79258 7.79146 7.78986 7.78462 7.76198 7.73031 7.73921 7.69560 7.68451 7.76126 7.73364 7.73880 7.75580 7.76819 7.78611 7.79079 7.79086 7.79125 7.79103 7.79011 7.78960 7.78919 7.78879 7.78762 7.78741 7.78702 7.78650 7.78642 7.78686 7.78690 7.78679 7.78555 7.78494 7.78533 7.78589 7.78564 7.78472 7.78444 7.78489 7.78422 7.78372 7.78370 7.78392 7.78389 7.78420 7.78342 7.78226 7.78120 7.77824 7.77879 7.77784 7.77881
7.79501 7.79410 7.79340 7.79364 7.79484 7.79498 7.79482 7.79477 7.79480 7.79470 7.79458 7.79458 7.79486 7.79478 7.79381 7.79280 7.79190 7.79043 7.78199 7.74556 7.73210 7.70926 7.70108 7.76845 7.78110 7.77801 7.77440 7.78437 7.78816 7.78949 7.79038 7.79113 7.79106 7.79064 7.78998 7.78916 7.78901 7.78816 7.78710 7.78677 7.78715 7.78697 7.78690 7.78689 7.78670 7.78608 7.78607 7.78568 7.78535 7.78492 7.78431 7.78445 7.78533 7.78517 7.78462 7.78480 7.78451 7.78353 7.78368 7.78348 7.78268 7.78200 7.77952 7.77791 7.77872 7.77813
7.79336 7.79190 7.79214 7.79044 7.79157 7.79351 7.79386 7.79361 7.79355 7.79352 7.79341 7.79314 7.79369 7.79377 7.79306 7.79302 7.79296 7.79135 7.78664 7.75987 7.73257 7.72743 7.72033 7.71969 7.77250 7.74723 7.71706 7.76917 7.78570 7.78765 7.78878 7.78959 7.79011 7.78985 7.78980 7.78905 7.78847 7.78788 7.78714 7.78724 7.78719 7.78661 7.78662 7.78650 7.78646 7.78640 7.78612 7.78550 7.78479 7.78454 7.78385 7.78374 7.78486 7.78508 7.78493 7.78473 7.78421 7.78339 7.78314 7.78310 7.78240 7.78235 7.78153 7.78060 7.77881 7.77889
7.78964 7.78643 7.78611 7.78595 7.78565 7.78915 7.79145 7.79182 7.79196 7.79246 7.79228 7.79185 7.79217 7.79233 7.79215 7.79260 7.79255 7.79120 7.78340 7.74496 7.74565 7.75765 7.76718 7.72365 7.74295 7.69514 7.68839 7.70720 7.77681 7.78480 7.78573 7.78590 7.78820 7.78871 7.78880 7.78830 7.78772 7.78759 7.78705 7.78690 7.78665 7.78642 7.78595 7.78594 7.78615 7.78611 7.78591 7.78544 7.78403 7.78339 7.78359 7.78391 7.78450 7.78485 7.78476 7.78446 7.78415 7.78351 7.78253 7.78208 7.78182 7.78185 7.78139 7.78077 7.77980 7.77945
7.78352 7.78370 7.78432 7.78471 7.78283 7.78411 7.78718 7.78923 7.79012 7.79065 7.79068 7.79081 7.79074 7.79101 7.79180 7.79177 7.79178 7.79130 7.78862 7.77347 7.73047 7.71257 7.74763 7.71778 7.76329 7.71420 7.73638 7.70627 7.77090 7.77614 7.77112 7.77331 7.78116 7.78611 7.78653 7.78676 7.78686 7.78704 7.78675 7.78661 7.78653 7.78597 7.78583 7.78569 7.78533 7.78510 7.78506 7.78481 7.78336 7.78245 7.78333 7.78365 7.78413 7.78443 7.78439 7.78418 7.78380 7.78313 7.78200 7.78115 7.78120 7.78141 7.78127 7.78060 7.78019 7.77958
