mrvbf_slope1_pctl1.asc
NCOLS 410
NROWS 410
XLLCORNER 2398750.0000000000000000
YLLCORNER 2548750.0000000000000000
CELLSIZE 250.0000000000000000
NODATA_VALUE -99999.00000
[rows 319 to 347 of 410, columns 264 to 329 of 410]
4.57810 4.55384 4.71991 4.42372 4.20365 4.40483 4.64043 4.66664 4.70964 4.83141 4.94484 4.92320 4.82636 4.76344 4.63416 4.35903 4.29808 4.46591 4.54068 4.57548 4.66305 4.61587 4.57375 4.46502 4.27431 4.21694 4.21289 4.27953 4.47582 4.28799 4.16779 4.20649 4.10465 3.91845 3.74894 3.84796 3.84380 3.81831 3.94808 4.05504 4.07254 4.12870 4.12902 4.11324 4.07916 4.02272 3.99588 4.00855 4.01810 3.91721 3.66623 3.52516 3.46292 3.21536 3.15420 3.28115 3.37052 3.29988 3.13016 2.88343 2.66469 2.58922 2.65898 2.72644 2.86258 3.10678
4.40689 4.59862 4.78128 4.50807 4.10505 3.98090 4.15411 4.33869 4.56672 4.69574 4.70775 4.65550 4.57841 4.53460 4.35323 4.19606 4.25881 4.35281 4.33454 4.33572 4.35922 4.36223 4.35013 4.25705 4.17161 4.22641 4.21949 4.22930 4.39749 4.26460 4.06086 4.10869 4.13532 3.90518 3.77234 3.92515 3.80112 3.78109 3.95280 4.10583 4.15448 4.14428 4.13587 4.14161 4.09602 4.00182 3.92628 3.89914 3.93209 3.86976 3.72381 3.58608 3.39104 3.27577 3.17321 3.04496 2.91398 2.78901 2.67713 2.54132 2.43024 2.41527 2.44221 2.51292 2.56518 2.69634
4.38331 4.71772 5.04086 4.88726 4.50227 4.08754 4.07350 4.30201 4.59157 4.76676 4.68669 4.47237 4.26579 4.13369 4.14150 4.15941 4.33073 4.38529 4.33246 4.31071 4.28451 4.24526 4.14828 4.00824 3.95399 3.97241 3.97588 4.09903 4.38717 4.33534 4.03148 3.98757 4.10667 3.89125 3.82667 3.90872 3.74344 3.78591 3.91958 3.99813 4.12727 4.15047 4.14169 4.10004 4.01218 3.93041 3.84423 3.78168 3.80295 3.79722 3.74916 3.58969 3.43719 3.37962 3.12441 2.75889 2.59414 2.49234 2.38214 2.31293 2.36036 2.37103 2.29081 2.30884 2.36234 2.44899
4.40703 4.78580 4.86515 4.79348 4.70938 4.54206 4.30029 4.32916 4.58120 4.88984 4.77416 4.44301 4.22377 4.15459 4.19976 4.35801 4.41307 4.52613 4.48272 4.53649 4.48919 4.33100 4.16745 3.98689 3.83758 3.75742 3.72265 3.80735 4.13521 4.25381 4.00967 3.94082 4.12635 3.94022 3.86572 3.88312 3.72050 3.82454 3.98128 3.95692 4.02651 4.09488 4.03934 3.93882 3.88194 3.83911 3.76234 3.69270 3.68978 3.71525 3.71413 3.55425 3.41342 3.19489 2.86013 2.63861 2.51570 2.38505 2.17930 1.97588 2.04353 2.16273 2.10596 2.07132 2.11733 2.20581
4.52792 4.67542 4.56833 4.59746 4.50648 4.68681 4.38114 4.32839 4.62650 5.02428 4.86736 4.38911 4.27459 4.51204 4.48357 4.62509 4.55556 4.50299 4.53543 4.58099 4.43567 4.32484 4.26005 4.17670 3.99307 3.79749 3.68896 3.66847 3.76438 3.91353 3.87913 3.89144 4.02974 3.87340 3.77526 3.88234 3.71877 3.81522 4.04075 4.04022 4.03158 4.01003 3.90428 3.83444 3.81327 3.77246 3.68883 3.61477 3.59631 3.62056 3.61552 3.48487 3.28248 2.95999 2.72475 2.61290 2.51750 2.37130 2.06564 1.65947 1.62338 1.76113 1.81199 1.87775 1.91686 1.97973
4.70738 4.53602 4.61686 4.69615 4.40816 4.39848 4.36871 4.46520 4.68596 4.93606 4.76823 4.32523 4.30893 4.63642 4.63507 4.77064 4.74273 4.74039 4.70260 4.51749 4.27069 4.22470 4.25838 4.25240 4.10453 3.97604 3.81806 3.75565 3.76622 3.84616 3.88605 3.91632 4.01236 3.89031 3.81147 3.89368 3.87059 3.88296 4.03018 4.10707 4.10601 4.00427 3.89178 3.85796 3.83634 3.76252 3.64462 3.54905 3.50466 3.49334 3.46005 3.33591 3.07725 2.79196 2.65492 2.58408 2.48116 2.24703 1.79657 1.46567 1.38515 1.43686 1.50761 1.61626 1.72186 1.85024
4.88239 4.71580 4.99099 5.11123 4.73980 4.51926 4.64966 4.87730 4.77780 4.60228 4.45742 4.30057 4.44282 4.68475 4.72173 4.80989 4.75710 4.72190 4.68072 4.34278 4.18388 4.23109 4.21242 4.15718 4.13614 4.02859 3.88873 3.87244 3.96073 4.04927 4.01088 4.03555 4.12755 3.91463 3.89575 4.03687 3.97949 3.95275 4.04264 4.12538 4.13093 4.00635 3.91239 3.88312 3.84941 3.77543 3.63999 3.50917 3.42891 3.37527 3.29629 3.12726 2.85745 2.67814 2.60207 2.52946 2.37451 1.97908 1.56747 1.39457 1.29017 1.25048 1.31527 1.43975 1.57509 1.67829
5.09497 5.00105 5.23341 5.33443 5.18202 5.07678 5.17453 5.09615 4.73736 4.41684 4.32479 4.41959 4.63255 4.73745 4.83103 4.87853 4.89384 4.72522 4.66078 4.31860 4.13454 4.17896 4.20244 4.07819 4.03403 3.98708 3.89000 3.93426 4.09330 4.13195 4.08865 4.12656 4.08890 3.90069 4.01026 4.11534 4.05843 3.99349 4.03645 4.09218 4.07945 3.98236 3.86939 3.78187 3.71699 3.67190 3.60360 3.47020 3.36274 3.28215 3.14268 2.91691 2.72244 2.61972 2.56440 2.46994 2.23871 1.79583 1.52753 1.38050 1.24212 1.28217 1.41534 1.46769 1.54078 1.57620
4.90564 4.82456 5.03579 5.11844 4.97568 5.12050 5.17505 4.86832 4.49128 4.33538 4.34628 4.47711 4.62936 4.72464 4.82765 4.80544 4.79376 4.70374 4.61282 4.38627 4.10761 4.00081 4.06030 4.06284 3.96430 3.90641 3.86694 3.89901 4.00636 4.06584 4.14064 4.17551 4.04049 3.96070 4.08692 4.16124 4.02282 3.92340 3.94471 3.97996 3.97469 3.92645 3.82993 3.73136 3.62983 3.53399 3.46037 3.35830 3.24534 3.15775 2.96902 2.76002 2.64752 2.58453 2.53334 2.41952 2.13355 1.74228 1.53684 1.40012 1.40821 1.47660 1.64354 1.65896 1.58863 1.53052
4.75616 4.59253 4.64085 4.63934 4.66447 4.73369 4.85868 4.56197 4.29394 4.30564 4.41506 4.46315 4.47311 4.56159 4.75865 4.77449 4.69150 4.62296 4.53930 4.39488 4.16322 3.96690 3.92681 4.07308 3.99833 3.89689 3.86473 3.87187 3.93524 4.04377 4.15082 4.13758 4.03929 4.02804 4.08840 4.06033 3.88328 3.81213 3.86651 3.86944 3.83540 3.79968 3.72811 3.64035 3.51548 3.35480 3.23871 3.15230 3.03278 2.93335 2.77955 2.67567 2.60944 2.57317 2.51707 2.38409 2.06694 1.77015 1.62341 1.47456 1.42803 1.37011 1.51635 1.65060 1.60991 1.53023
4.65333 4.50773 4.41330 4.41470 4.59917 4.62524 4.69132 4.42120 4.26348 4.37412 4.53140 4.48124 4.36999 4.34182 4.50188 4.67185 4.62794 4.53700 4.40153 4.15903 3.97857 3.88816 3.92200 4.15490 4.10546 3.97578 3.92233 3.91584 3.96039 4.03694 4.07949 4.07309 4.05162 4.00997 3.96369 3.91768 3.79136 3.71901 3.76990 3.77644 3.69485 3.62636 3.55541 3.46008 3.29159 3.09159 3.05337 2.99243 2.86125 2.76588 2.68996 2.63992 2.58333 2.53026 2.46666 2.34078 2.06118 1.82166 1.69174 1.49155 1.23950 1.08494 1.13285 1.39074 1.47258 1.52015
4.48638 4.32276 4.17182 4.16397 4.32954 4.50524 4.57923 4.38731 4.29844 4.42316 4.58024 4.49273 4.33109 4.23028 4.28003 4.42103 4.44568 4.34879 4.12944 3.93477 3.86797 3.86769 4.03516 4.25978 4.15300 4.03605 3.99299 3.96856 3.96492 3.99171 4.02038 4.03701 4.05028 4.01533 3.91566 3.82089 3.75932 3.70288 3.68924 3.65625 3.57686 3.50019 3.41898 3.28250 3.10336 3.03440 3.05371 2.95827 2.80283 2.70900 2.64984 2.59592 2.51914 2.40078 2.34659 2.30493 2.06344 1.79506 1.62733 1.30292 0.79637 0.61501 0.71600 1.18033 1.39447 1.52583
4.13686 4.00687 3.95937 3.93438 3.96452 4.22217 4.44115 4.36330 4.29769 4.39132 4.51720 4.48687 4.36670 4.21260 4.20417 4.25360 4.16126 4.02849 3.89718 3.84968 3.86883 4.00384 4.28566 4.31766 4.13514 4.03447 4.02062 4.01873 3.97709 3.93828 3.95199 4.00859 4.03356 3.98799 3.91591 3.83642 3.71722 3.64852 3.60950 3.56435 3.49745 3.43470 3.35977 3.20959 3.08114 3.05014 3.01040 2.91081 2.77113 2.68271 2.62467 2.56035 2.43190 2.25423 2.18134 2.17924 1.99568 1.72313 1.43074 0.84912 0.55275 0.45455 0.53286 0.79230 1.35716 1.55305
3.91643 3.87453 3.94629 3.96942 3.86228 3.98728 4.31366 4.38029 4.30956 4.38223 4.50589 4.50012 4.42609 4.23946 4.21828 4.19799 3.98328 3.89196 3.86356 3.88611 3.99835 4.26057 4.41314 4.27507 4.05240 3.95993 3.98203 4.04133 4.01830 3.92139 3.90290 3.97966 3.98876 3.95014 3.88420 3.79321 3.65937 3.59229 3.55433 3.50529 3.45332 3.41727 3.31440 3.13899 3.04402 2.98214 2.90647 2.82381 2.72724 2.65976 2.60848 2.53042 2.32245 2.15474 2.19262 2.08738 1.97203 1.71067 1.38802 0.73541 0.53445 0.45443 0.47322 0.65242 1.05471 1.50346
3.93781 4.01787 4.11698 4.11684 3.94631 3.96838 4.26489 4.38840 4.32676 4.37791 4.49816 4.52049 4.42008 4.23301 4.14284 4.01403 3.89003 3.93164 3.97125 4.04869 4.24942 4.39823 4.38838 4.26776 3.97812 3.86723 3.92928 4.01659 4.00916 3.93380 3.91232 3.95952 3.93107 3.86848 3.83418 3.71124 3.61629 3.55581 3.50473 3.44959 3.39876 3.33634 3.17758 3.05025 2.99728 2.91325 2.82761 2.75011 2.68887 2.64134 2.58932 2.47240 2.23695 2.25043 2.36488 2.20665 1.93300 1.70550 1.49263 1.07626 0.65054 0.51187 0.45754 0.59306 0.72504 1.21082
4.11650 4.25646 4.27844 4.15824 3.95548 3.95634 4.21636 4.27834 4.25003 4.28621 4.32261 4.27752 4.18040 4.02276 3.89896 3.82553 3.86770 4.01409 4.14476 4.28740 4.42276 4.50627 4.46593 4.24447 3.99651 3.85641 3.89519 4.00061 4.01135 3.96372 3.94259 3.95023 3.91130 3.83881 3.76965 3.69104 3.58133 3.50403 3.44977 3.36840 3.28018 3.18822 3.05700 2.97135 2.90619 2.82808 2.76101 2.70798 2.66712 2.62949 2.57911 2.48202 2.37952 2.41544 2.45492 2.26087 1.85450 1.76059 1.69781 1.52135 0.82027 0.55422 0.48995 0.51878 0.65842 0.94354
4.19395 4.28843 4.30461 4.16151 3.94674 3.91725 4.07165 4.11031 4.13388 4.18164 4.21831 4.20647 4.14721 4.04726 3.91596 3.87267 4.01478 4.13803 4.29943 4.46070 4.50489 4.52232 4.47402 4.25361 3.99144 3.85833 3.87432 3.97344 3.98916 3.93594 3.90744 3.92016 3.89528 3.81211 3.74185 3.66224 3.53206 3.41801 3.36374 3.26043 3.15567 3.07184 2.96098 2.84534 2.79269 2.76108 2.73032 2.69716 2.66506 2.63541 2.60078 2.54812 2.48634 2.46176 2.41587 2.05818 1.68972 1.68359 1.71720 1.68628 1.31082 0.62832 0.43676 0.48353 0.64521 0.95535
4.27575 4.31521 4.31801 4.24353 4.03980 3.92323 3.97542 4.02555 4.06961 4.12657 4.20950 4.22423 4.21258 4.24208 4.19060 4.17063 4.26453 4.28175 4.37465 4.48697 4.43687 4.41596 4.38383 4.20210 3.98017 3.86159 3.84802 3.86222 3.83777 3.80988 3.80051 3.82775 3.84005 3.76505 3.67512 3.59973 3.47232 3.29565 3.17511 3.07984 2.99709 2.90256 2.80018 2.72561 2.73241 2.74328 2.73251 2.70522 2.67586 2.65362 2.63259 2.60184 2.55958 2.44984 2.15497 1.76243 1.60993 1.54714 1.50424 1.51320 1.60305 0.97498 0.54505 0.58636 0.94407 1.24847
4.39840 4.38908 4.33955 4.29399 4.20334 4.06322 4.03245 4.06438 4.09855 4.13344 4.17481 4.19621 4.24269 4.35597 4.38172 4.40157 4.49684 4.40484 4.43461 4.48010 4.42815 4.37604 4.33700 4.22181 4.00942 3.86543 3.79340 3.77786 3.76486 3.73748 3.71934 3.74563 3.74844 3.67563 3.59112 3.50044 3.35422 3.13960 2.93950 2.81213 2.76502 2.71571 2.66776 2.67467 2.72792 2.75589 2.74639 2.71630 2.68603 2.67008 2.65316 2.62345 2.58384 2.44489 2.03142 1.69486 1.54585 1.36315 1.21863 1.21684 1.38650 1.45730 1.20489 1.26092 1.47209 1.57445
4.38153 4.39632 4.33267 4.21970 4.18315 4.18687 4.18100 4.23045 4.23019 4.21738 4.20013 4.21653 4.33562 4.46925 4.51413 4.53903 4.62342 4.49491 4.47138 4.53299 4.44420 4.42633 4.41568 4.28542 4.07517 3.93587 3.85114 3.80539 3.76587 3.71107 3.65895 3.67303 3.67095 3.60464 3.52465 3.40227 3.20208 2.87377 2.66892 2.58735 2.58673 2.59316 2.59781 2.65876 2.73128 2.75674 2.74267 2.71762 2.68962 2.67726 2.65163 2.59243 2.48239 2.21072 1.89436 1.77913 1.66872 1.42998 1.24305 1.32809 1.10408 1.15122 1.04706 1.20844 1.34669 1.47735
4.38383 4.44210 4.43962 4.26245 4.13154 4.14646 4.25486 4.40168 4.34432 4.30733 4.29894 4.33338 4.41189 4.53496 4.63140 4.61350 4.64268 4.51310 4.45499 4.52793 4.48518 4.46151 4.42484 4.27840 4.15757 4.05272 3.96005 3.87097 3.80089 3.71924 3.64301 3.64891 3.64162 3.56882 3.47592 3.32011 2.95710 2.59225 2.45092 2.39444 2.43467 2.50993 2.56211 2.63231 2.68855 2.70962 2.70667 2.70394 2.69114 2.67771 2.62707 2.52734 2.29635 1.75035 1.62011 1.67205 1.71562 1.74678 1.61585 1.47838 0.89934 0.52205 0.46884 0.53627 0.61873 0.94123
4.39347 4.47474 4.58253 4.48060 4.37800 4.24847 4.28747 4.47582 4.41229 4.43241 4.47884 4.49016 4.50590 4.53484 4.60935 4.58339 4.53945 4.45776 4.43933 4.48737 4.40014 4.37082 4.30266 4.16564 4.16732 4.03509 3.87972 3.81126 3.80898 3.73274 3.63198 3.62173 3.60364 3.52296 3.40656 3.10129 2.60409 2.33133 2.19330 2.21133 2.33949 2.46646 2.55156 2.59917 2.61454 2.63103 2.66826 2.69305 2.70074 2.67547 2.60654 2.47727 2.11222 1.52711 1.42805 1.51891 1.60742 1.65968 1.68033 1.56559 0.98858 0.47007 0.44737 0.45619 0.46367 0.64766
4.35688 4.51985 4.74150 4.66081 4.58625 4.45177 4.38840 4.53117 4.52728 4.55494 4.66264 4.68880 4.57578 4.48701 4.58139 4.61709 4.53319 4.46830 4.47943 4.41902 4.34551 4.31337 4.12099 3.95242 4.03756 3.93746 3.82507 3.75859 3.71754 3.68534 3.63224 3.62384 3.57177 3.47718 3.25901 2.77389 2.42631 2.19577 2.14025 2.30044 2.44361 2.49651 2.57643 2.60816 2.59258 2.59373 2.66739 2.70821 2.71935 2.67304 2.58636 2.45569 2.08942 1.50079 1.23473 1.20008 1.38169 1.39792 1.54279 1.47525 1.07590 0.72733 0.76484 0.67104 0.60400 0.88800
4.34324 4.53711 4.81200 4.77165 4.66405 4.55941 4.48088 4.61543 4.67792 4.69278 4.78007 4.81349 4.62536 4.50785 4.58208 4.53619 4.37313 4.27350 4.25377 4.24930 4.27425 4.18438 3.93927 3.96796 3.91448 4.00285 3.83878 3.72895 3.70457 3.70034 3.68383 3.62892 3.55100 3.43058 3.10002 2.65335 2.36545 2.17424 2.27297 2.46076 2.50748 2.51387 2.58629 2.61449 2.58691 2.58096 2.64947 2.72380 2.72671 2.66371 2.57626 2.46608 2.23639 1.65531 1.21060 1.13903 1.25560 0.87637 0.93679 1.48032 1.13659 0.91674 0.92665 1.16237 1.22305 1.33562
4.42205 4.52722 4.76289 4.68952 4.58927 4.49780 4.47992 4.72104 4.79943 4.80757 4.83525 4.80309 4.65260 4.54801 4.57764 4.38948 4.19844 4.15742 4.13821 4.09097 4.04923 4.04365 3.95226 3.88181 4.02666 4.09409 3.91673 3.80543 3.72497 3.69033 3.66235 3.61950 3.53079 3.36340 2.96371 2.58851 2.32376 2.16032 2.30098 2.38802 2.37237 2.44314 2.50477 2.51184 2.47954 2.52789 2.59212 2.68694 2.69499 2.64531 2.57271 2.48358 2.36166 1.99019 1.53940 1.27552 1.15965 0.72075 0.64289 0.94924 1.26112 1.00454 0.69475 0.86194 1.34745 1.46409
4.62778 4.58132 4.73113 4.67214 4.53132 4.37398 4.50628 4.80820 4.84685 4.85332 4.78679 4.69989 4.61328 4.53813 4.50343 4.25886 4.15200 4.25141 4.23869 4.16063 4.02309 3.87755 3.87134 3.92253 4.10462 4.08450 3.96521 3.83407 3.79080 3.71618 3.65102 3.60106 3.50148 3.26872 2.80539 2.51288 2.32196 2.20583 2.14677 2.12871 2.28113 2.30344 2.24242 2.08553 2.13429 2.44219 2.53761 2.63368 2.62157 2.59200 2.54055 2.46580 2.29236 1.98894 1.73135 1.58154 1.44987 0.90406 0.54981 0.53104 0.90308 1.43801 1.27415 1.43357 1.64410 1.64437
4.76703 4.59162 4.64553 4.69304 4.52551 4.45746 4.73573 4.86098 4.83794 4.82873 4.72777 4.67422 4.58574 4.51280 4.43491 4.28438 4.17782 4.25217 4.28784 4.15293 3.94731 3.82429 3.89784 3.84756 4.01179 4.02046 3.95509 3.86551 3.81021 3.73441 3.64961 3.57375 3.45563 3.13667 2.66097 2.42810 2.32056 2.22791 2.06163 1.97509 2.23895 2.16750 1.78476 1.55670 1.62693 2.27767 2.47851 2.61081 2.55420 2.48086 2.42269 2.42619 2.34919 2.07916 1.85786 1.77034 1.65058 1.15849 0.51717 0.48192 0.63812 1.30365 1.54026 1.59191 1.64427 1.61176
4.69441 4.50066 4.46230 4.52393 4.48640 4.50046 4.71100 4.80710 4.82283 4.76980 4.71586 4.63608 4.44810 4.32147 4.25114 4.21538 4.24545 4.29139 4.22731 4.11866 4.02357 3.91151 3.83387 3.81817 3.92778 3.95840 3.90023 3.82508 3.76547 3.71523 3.64437 3.54587 3.38390 2.96707 2.56047 2.34110 2.21611 2.13156 1.95088 1.80012 2.02844 2.03361 1.82977 1.79061 1.82943 2.07328 2.40055 2.59771 2.53054 2.43863 2.27916 1.95428 1.88348 1.96399 1.87125 1.81382 1.76679 1.50262 0.67762 0.48793 0.72468 1.23199 1.46175 1.49626 1.51339 1.52617
4.63609 4.52812 4.44054 4.42732 4.38207 4.37438 4.53653 4.70282 4.75051 4.66239 4.56506 4.36269 4.19128 4.16285 4.16250 4.16982 4.22111 4.26421 4.22690 4.18049 4.10166 3.98783 3.84126 3.87153 3.83497 3.88444 3.83603 3.77436 3.71799 3.66818 3.59934 3.48325 3.24315 2.79755 2.47477 2.25272 2.12950 1.99640 1.70832 1.61151 1.93640 1.96834 1.75662 1.60571 2.02873 1.98506 2.32251 2.56321 2.52099 2.37381 1.99699 1.35548 1.41757 1.68170 1.72789 1.67495 1.73219 1.77985 1.52863 0.96891 0.99615 1.00765 1.18829 1.39857 1.52072 1.58690
