mrvbf_slope1.3_pctl0.7.asc
NCOLS 410
NROWS 410
XLLCORNER 2398750.0000000000000000
YLLCORNER 2548750.0000000000000000
CELLSIZE 250.0000000000000000
NODATA_VALUE -99999.00000
[rows 174 to 202 of 410, columns 132 to 197 of 410]
7.46669 7.61297 7.67351 7.69670 7.70405 7.70504 7.70415 7.69727 7.70213 7.72685 7.74144 7.74643 7.74317 7.74286 7.74508 7.73991 7.74476 7.75641 7.76134 7.75886 7.75132 7.75127 7.75560 7.75996 7.76302 7.76468 7.76444 7.75687 7.75350 7.76008 7.76211 7.76175 7.76468 7.75853 7.75161 7.75302 7.76136 7.76837 7.77174 7.77286 7.77215 7.77006 7.76200 7.75212 7.75148 7.75440 7.75269 7.74880 7.74783 7.74895 7.74989 7.74856 7.74758 7.75793 7.75881 7.75281 7.75726 7.76559 7.76956 7.77042 7.77285 7.77006 7.76902 7.76493 7.76108 7.76243
7.50944 7.63225 7.67707 7.69610 7.70184 7.70568 7.71195 7.70604 7.69927 7.72017 7.73938 7.74545 7.74299 7.74321 7.74854 7.74182 7.74034 7.75105 7.75910 7.76045 7.75684 7.75330 7.75247 7.75434 7.75884 7.75934 7.75779 7.75325 7.75851 7.76282 7.76337 7.76264 7.76464 7.75706 7.75047 7.75467 7.76412 7.76927 7.77043 7.76946 7.76829 7.76630 7.75746 7.74922 7.75205 7.75743 7.75769 7.75603 7.75773 7.76053 7.76105 7.75735 7.75261 7.75626 7.75273 7.75395 7.75555 7.76263 7.76996 7.77079 7.77170 7.76999 7.76927 7.76610 7.76148 7.75606
7.55925 7.63600 7.67554 7.69451 7.70060 7.70566 7.71260 7.70623 7.69848 7.71859 7.73825 7.74440 7.74182 7.74243 7.74917 7.74423 7.73962 7.74581 7.75369 7.75520 7.75535 7.75704 7.75470 7.74681 7.74632 7.75259 7.75587 7.75742 7.76316 7.76340 7.76390 7.76176 7.76342 7.75831 7.75284 7.75522 7.76287 7.76642 7.76431 7.76038 7.75854 7.75890 7.75252 7.75008 7.75625 7.75946 7.75700 7.75468 7.76034 7.76689 7.76519 7.75889 7.75802 7.76391 7.76159 7.76450 7.75935 7.76413 7.77049 7.77029 7.76949 7.76874 7.76863 7.76670 7.76545 7.75988
7.59939 7.63420 7.66976 7.69225 7.69999 7.70353 7.70608 7.69841 7.69781 7.72199 7.73792 7.74286 7.73956 7.74138 7.74643 7.74354 7.74236 7.74702 7.75085 7.75037 7.75094 7.75503 7.75542 7.74119 7.73873 7.75001 7.75760 7.75922 7.76247 7.76222 7.76394 7.76093 7.76114 7.75844 7.75707 7.75814 7.76040 7.76074 7.75664 7.75225 7.74786 7.74860 7.74830 7.75232 7.76015 7.76314 7.76009 7.75283 7.75731 7.76707 7.76392 7.75600 7.75702 7.76295 7.76045 7.76472 7.76079 7.76612 7.76904 7.76644 7.76424 7.76322 7.76638 7.76640 7.76584 7.76346
7.62066 7.64044 7.66665 7.68754 7.69705 7.70029 7.70049 7.69553 7.70805 7.72871 7.73744 7.74013 7.73808 7.74216 7.74264 7.74084 7.74450 7.74994 7.75128 7.75111 7.75086 7.75268 7.75643 7.75071 7.73804 7.74250 7.75073 7.75483 7.75848 7.75988 7.76290 7.76031 7.75853 7.75948 7.76250 7.76377 7.76189 7.75938 7.75621 7.75414 7.75171 7.74858 7.75067 7.75707 7.76287 7.76444 7.76382 7.75528 7.75417 7.76483 7.76281 7.75558 7.75872 7.76422 7.76046 7.76107 7.76192 7.76745 7.76719 7.76239 7.76359 7.76121 7.76391 7.76662 7.76664 7.76372
7.61627 7.63893 7.66508 7.68346 7.69427 7.70047 7.70427 7.70570 7.71634 7.72907 7.73469 7.73488 7.73568 7.74270 7.74287 7.74148 7.74447 7.74937 7.75173 7.75115 7.75140 7.75348 7.75460 7.75406 7.75095 7.74752 7.74843 7.75275 7.75677 7.76005 7.76355 7.76334 7.76232 7.76368 7.76530 7.76529 7.76339 7.76116 7.75958 7.75700 7.75495 7.75405 7.75611 7.76165 7.76375 7.76615 7.76604 7.75930 7.75351 7.76198 7.76336 7.75637 7.75773 7.76447 7.76429 7.76260 7.76624 7.76969 7.76809 7.76211 7.76140 7.76435 7.76514 7.76689 7.76651 7.76289
7.59783 7.63433 7.66069 7.67492 7.68544 7.69494 7.70336 7.70619 7.71191 7.72248 7.72631 7.72618 7.73180 7.73998 7.74184 7.74068 7.74122 7.74669 7.75195 7.75307 7.75221 7.75098 7.74909 7.74874 7.74996 7.75049 7.75020 7.75393 7.75824 7.76114 7.76277 7.76266 7.76212 7.76323 7.76354 7.76185 7.75986 7.75960 7.75957 7.75738 7.75237 7.75206 7.75667 7.75993 7.76375 7.76772 7.76679 7.76128 7.75339 7.75808 7.76285 7.75524 7.75333 7.76128 7.76585 7.76645 7.76837 7.76921 7.76808 7.76390 7.76187 7.76523 7.76579 7.76656 7.76582 7.76281
7.58966 7.60093 7.63896 7.66273 7.67534 7.68597 7.69677 7.70315 7.70794 7.71647 7.72077 7.72512 7.73242 7.73486 7.73515 7.73505 7.73938 7.74636 7.74972 7.74926 7.74666 7.74505 7.74547 7.74623 7.74707 7.74751 7.74944 7.75251 7.75712 7.75751 7.75480 7.74899 7.74546 7.75155 7.75589 7.75637 7.75640 7.75708 7.75431 7.74706 7.74244 7.75083 7.75729 7.75624 7.76091 7.76710 7.76524 7.75587 7.74829 7.75612 7.76255 7.75379 7.74703 7.75564 7.76281 7.76280 7.76387 7.76526 7.76449 7.76001 7.75883 7.76271 7.76392 7.76506 7.76413 7.76079
7.61902 7.60816 7.63557 7.66648 7.68213 7.69040 7.69778 7.70508 7.71145 7.71893 7.72369 7.72858 7.73168 7.72803 7.72802 7.73411 7.74116 7.74427 7.74268 7.74000 7.73956 7.74309 7.74656 7.74839 7.74790 7.74701 7.74801 7.75157 7.75311 7.74960 7.74379 7.73824 7.73860 7.74190 7.75060 7.75677 7.75890 7.75823 7.75155 7.74411 7.74786 7.75767 7.75901 7.75554 7.75822 7.76449 7.75982 7.74935 7.75020 7.75898 7.76324 7.75649 7.74399 7.74771 7.75538 7.75663 7.75836 7.76062 7.76029 7.75645 7.75815 7.75987 7.76046 7.76242 7.76069 7.75357
7.61863 7.62205 7.63330 7.66323 7.68242 7.69299 7.69954 7.70528 7.71360 7.72202 7.72507 7.72759 7.72634 7.72351 7.72929 7.73515 7.73535 7.73256 7.73027 7.73209 7.73774 7.74395 7.74711 7.74725 7.74600 7.74722 7.74948 7.74974 7.74889 7.74587 7.74473 7.74664 7.74944 7.74826 7.75103 7.75625 7.75791 7.75699 7.75333 7.75039 7.74870 7.75086 7.75294 7.75412 7.76001 7.76464 7.75884 7.75027 7.75129 7.75306 7.75424 7.75621 7.75152 7.74522 7.74745 7.75200 7.75563 7.75909 7.76088 7.75907 7.76134 7.76001 7.75899 7.75993 7.75469 7.74560
7.60868 7.62057 7.62801 7.66133 7.68358 7.69366 7.69878 7.70360 7.71338 7.72060 7.72123 7.72171 7.71640 7.71951 7.73233 7.73092 7.72303 7.72075 7.72430 7.73024 7.73657 7.74211 7.74472 7.74234 7.74219 7.74480 7.74623 7.74676 7.74683 7.74692 7.74963 7.75154 7.75236 7.75331 7.75292 7.75337 7.75440 7.75580 7.75746 7.75511 7.75173 7.75522 7.75761 7.75918 7.76402 7.76561 7.76239 7.75533 7.75317 7.75257 7.75140 7.75214 7.75806 7.75204 7.74670 7.74902 7.75281 7.75764 7.76222 7.76072 7.76194 7.76032 7.75899 7.75797 7.74992 7.74513
7.59120 7.60721 7.62876 7.66431 7.68222 7.69062 7.69539 7.69972 7.71040 7.71680 7.71556 7.71784 7.70566 7.71498 7.73001 7.72487 7.72128 7.72533 7.72891 7.73137 7.73371 7.73852 7.73864 7.73566 7.74096 7.74447 7.74476 7.74678 7.74673 7.74841 7.75204 7.75427 7.75549 7.75653 7.75484 7.75102 7.75086 7.75456 7.75784 7.75792 7.75842 7.76089 7.76133 7.76130 7.76354 7.76456 7.76355 7.76014 7.75905 7.75898 7.75768 7.75195 7.75222 7.75442 7.75272 7.74944 7.74870 7.75535 7.76138 7.76005 7.76131 7.75914 7.75814 7.75454 7.74679 7.74695
7.55838 7.59738 7.63440 7.66712 7.68080 7.69043 7.69406 7.69710 7.70694 7.71495 7.71352 7.71316 7.70357 7.71880 7.72999 7.72243 7.72226 7.73205 7.73565 7.73374 7.73216 7.73529 7.73128 7.73426 7.74186 7.74540 7.74715 7.74733 7.74690 7.74758 7.75012 7.75262 7.75570 7.75650 7.75463 7.75336 7.75413 7.75583 7.75765 7.75703 7.75457 7.75390 7.75269 7.75206 7.75673 7.76102 7.75982 7.75567 7.75725 7.75839 7.75823 7.75201 7.74724 7.74686 7.74826 7.74400 7.74268 7.75453 7.75839 7.75731 7.75903 7.75623 7.75686 7.75055 7.74443 7.74837
7.52913 7.59741 7.64239 7.67032 7.68173 7.69039 7.69327 7.69614 7.70556 7.71519 7.71527 7.71276 7.71011 7.72276 7.73148 7.72410 7.71894 7.72871 7.73702 7.73671 7.73331 7.73036 7.73050 7.73837 7.74168 7.74463 7.74680 7.74584 7.74308 7.74283 7.74697 7.74971 7.75331 7.75549 7.75445 7.75565 7.75635 7.75614 7.75795 7.75770 7.75327 7.74854 7.74740 7.74744 7.74847 7.75385 7.75225 7.75172 7.75754 7.75708 7.75868 7.75662 7.75015 7.74467 7.74022 7.74016 7.75023 7.75969 7.75987 7.75600 7.75468 7.75509 7.75605 7.74823 7.74005 7.74589
7.53053 7.61011 7.65105 7.67136 7.68195 7.69007 7.69164 7.69391 7.70332 7.71320 7.71700 7.71751 7.71411 7.71957 7.72954 7.72602 7.71749 7.72459 7.73496 7.73815 7.73657 7.73274 7.73596 7.73959 7.74012 7.74381 7.74528 7.74165 7.73550 7.73866 7.74561 7.74706 7.75077 7.75438 7.75417 7.75603 7.75516 7.75573 7.75742 7.75537 7.75175 7.75147 7.75210 7.74939 7.74926 7.75007 7.74738 7.75084 7.75248 7.75649 7.76046 7.76030 7.75810 7.75558 7.75130 7.75278 7.75901 7.76084 7.75971 7.75624 7.75395 7.75569 7.75498 7.75008 7.73975 7.74073
7.54656 7.61932 7.65486 7.67112 7.68118 7.68787 7.68872 7.69064 7.69988 7.71018 7.71555 7.71782 7.71459 7.71404 7.72311 7.72201 7.71456 7.72296 7.73114 7.73382 7.73509 7.73650 7.73837 7.73738 7.73793 7.74146 7.73955 7.72969 7.72623 7.73806 7.74467 7.74436 7.74846 7.75329 7.75297 7.75515 7.75385 7.75554 7.75642 7.75261 7.75025 7.75347 7.75116 7.74946 7.75022 7.74523 7.74350 7.74519 7.74782 7.75693 7.75998 7.76038 7.75996 7.75936 7.75879 7.75906 7.75904 7.75615 7.75143 7.74735 7.74782 7.75033 7.74774 7.74147 7.73513 7.74000
7.58053 7.63134 7.65972 7.67327 7.68107 7.68514 7.68489 7.68620 7.69516 7.70612 7.71168 7.71415 7.71323 7.71002 7.71581 7.71541 7.71657 7.72292 7.72547 7.72633 7.72691 7.73117 7.73758 7.73633 7.73455 7.73583 7.73195 7.72547 7.73324 7.74057 7.74002 7.74112 7.74814 7.75269 7.75152 7.75175 7.75246 7.75426 7.75427 7.75046 7.74921 7.75201 7.75116 7.75141 7.74733 7.74245 7.74276 7.73958 7.74228 7.75424 7.75736 7.75856 7.75901 7.75875 7.75824 7.75705 7.75266 7.74656 7.74348 7.74342 7.74424 7.74401 7.73692 7.72865 7.72828 7.73565
7.61049 7.64634 7.66436 7.67264 7.67759 7.68148 7.68011 7.67919 7.68829 7.70130 7.70758 7.71010 7.71115 7.70697 7.70998 7.71760 7.71729 7.72153 7.72574 7.72656 7.72163 7.72385 7.73562 7.73889 7.73689 7.73716 7.73702 7.73505 7.73721 7.73682 7.73618 7.74249 7.74987 7.75281 7.75215 7.75043 7.75132 7.75070 7.74915 7.74625 7.74791 7.75067 7.75193 7.75150 7.74607 7.74230 7.74303 7.73496 7.73859 7.75056 7.75352 7.75468 7.75520 7.75515 7.75449 7.75091 7.74505 7.74490 7.74784 7.74483 7.74494 7.74098 7.72941 7.72405 7.72651 7.73293
7.63346 7.65335 7.66429 7.66996 7.67204 7.67491 7.67453 7.67014 7.67772 7.69476 7.70194 7.70306 7.70550 7.70197 7.70040 7.70950 7.71622 7.72100 7.72599 7.72747 7.72110 7.71923 7.73174 7.73870 7.74069 7.74230 7.74205 7.73857 7.73591 7.73692 7.74103 7.74534 7.74928 7.75159 7.75142 7.74847 7.74539 7.74322 7.74074 7.73929 7.74336 7.74723 7.75078 7.75015 7.74114 7.73649 7.73938 7.72938 7.73164 7.74510 7.74842 7.74743 7.74789 7.74899 7.74845 7.74364 7.74144 7.74663 7.74771 7.74649 7.74688 7.73642 7.72309 7.72351 7.72824 7.73349
7.63288 7.64567 7.65481 7.66104 7.66282 7.66692 7.67157 7.66554 7.66684 7.68672 7.69386 7.69588 7.70189 7.69891 7.69058 7.69120 7.69896 7.70076 7.70525 7.71362 7.71626 7.71872 7.73107 7.73747 7.74100 7.74250 7.74256 7.74223 7.74151 7.74342 7.74559 7.74459 7.74561 7.74801 7.74780 7.74321 7.73942 7.73801 7.73690 7.73822 7.74033 7.74106 7.74628 7.74401 7.73047 7.73202 7.73763 7.72699 7.72214 7.73353 7.73708 7.72552 7.72907 7.73584 7.73613 7.73355 7.73883 7.74666 7.74692 7.74628 7.74477 7.73163 7.71988 7.72488 7.73423 7.73801
7.59601 7.61246 7.62805 7.64125 7.64995 7.66027 7.66821 7.66211 7.66229 7.68290 7.68922 7.69310 7.70120 7.69874 7.68592 7.67015 7.67014 7.67242 7.67983 7.69352 7.71146 7.72274 7.72892 7.73541 7.73837 7.74039 7.74126 7.74412 7.74536 7.74577 7.74468 7.74435 7.74283 7.74299 7.74343 7.73848 7.73303 7.73351 7.73651 7.74014 7.73891 7.73713 7.74201 7.73519 7.72648 7.73670 7.74118 7.73214 7.72354 7.71826 7.71558 7.71141 7.71446 7.72106 7.72312 7.72718 7.73657 7.74414 7.74637 7.74641 7.74411 7.73257 7.72231 7.72623 7.73566 7.73928
7.47771 7.53465 7.57419 7.60752 7.63286 7.65124 7.65859 7.65400 7.66023 7.68094 7.68808 7.68685 7.69182 7.69082 7.67727 7.65021 7.65504 7.67414 7.68626 7.69351 7.70980 7.72641 7.72977 7.73165 7.73727 7.73987 7.73973 7.74104 7.74270 7.74387 7.74361 7.74414 7.74207 7.73860 7.73661 7.73126 7.72594 7.72858 7.73518 7.73813 7.73326 7.73490 7.74173 7.73393 7.72828 7.73738 7.74222 7.73743 7.73731 7.72616 7.71355 7.72267 7.72103 7.71958 7.72145 7.72821 7.73394 7.73811 7.74423 7.74652 7.74405 7.73512 7.72579 7.72828 7.73420 7.73705
6.09875 7.04043 7.44093 7.54865 7.60313 7.63398 7.64527 7.64408 7.65389 7.67665 7.68665 7.68292 7.68062 7.67265 7.64264 7.60543 7.63325 7.68195 7.69746 7.70055 7.71026 7.72579 7.73249 7.73189 7.73636 7.74002 7.74074 7.74094 7.74181 7.74278 7.74310 7.74247 7.74023 7.73465 7.72820 7.72250 7.72149 7.72650 7.73315 7.73320 7.72629 7.72942 7.73523 7.73002 7.72904 7.73758 7.74117 7.73847 7.73922 7.72853 7.71918 7.72675 7.72526 7.72479 7.72796 7.72935 7.72760 7.73380 7.74200 7.74293 7.74033 7.73542 7.73004 7.73037 7.73707 7.74026
2.14670 3.72660 6.25940 7.37649 7.54821 7.60465 7.62781 7.63210 7.63941 7.66561 7.68113 7.67549 7.66490 7.64527 7.58881 7.56879 7.59611 7.65620 7.69216 7.69957 7.71023 7.72534 7.73172 7.73120 7.73607 7.73871 7.73983 7.73950 7.74109 7.74233 7.74128 7.73898 7.73623 7.73090 7.72418 7.72038 7.72131 7.72625 7.73141 7.72913 7.72033 7.71716 7.72104 7.72365 7.73013 7.73789 7.73969 7.73815 7.73761 7.72765 7.72485 7.73349 7.73365 7.73375 7.73421 7.72866 7.72333 7.72818 7.73315 7.73222 7.73328 7.73465 7.73320 7.72986 7.73539 7.74218
1.30751 1.50603 2.79441 6.00312 7.39543 7.55378 7.60225 7.61906 7.62809 7.65393 7.67500 7.66789 7.65708 7.64089 7.58059 7.59777 7.60375 7.64584 7.68540 7.69535 7.70992 7.72610 7.72978 7.72896 7.73338 7.73530 7.73648 7.73784 7.74055 7.74097 7.73878 7.73532 7.73235 7.72830 7.72414 7.72218 7.72230 7.72618 7.72936 7.72584 7.72019 7.71694 7.72115 7.72743 7.73290 7.73715 7.73812 7.73797 7.73674 7.73296 7.73422 7.73777 7.73926 7.73982 7.73922 7.73367 7.72495 7.71917 7.72044 7.72455 7.72905 7.73180 7.73214 7.73114 7.73637 7.74080
0.95033 1.23317 1.63450 3.59963 6.70049 7.48126 7.57405 7.60262 7.61554 7.64059 7.66570 7.65991 7.65204 7.65268 7.64640 7.66322 7.66972 7.67431 7.68289 7.69092 7.71133 7.72694 7.72705 7.72506 7.73081 7.73369 7.73401 7.73572 7.73887 7.73867 7.73531 7.73233 7.73057 7.72646 7.72196 7.72125 7.72193 7.72631 7.72913 7.72868 7.72730 7.72596 7.73158 7.73521 7.73570 7.73778 7.73654 7.73740 7.73874 7.73980 7.74021 7.74067 7.74176 7.74259 7.74136 7.73821 7.73380 7.72758 7.72566 7.72830 7.72968 7.73052 7.73148 7.73311 7.73701 7.73815
0.67584 0.89927 1.45353 2.52971 5.64130 7.35270 7.54551 7.58729 7.60041 7.61943 7.64685 7.65173 7.65310 7.65000 7.61799 7.63167 7.63237 7.64502 7.67052 7.69030 7.71514 7.72631 7.72192 7.72006 7.72806 7.73033 7.73133 7.73372 7.73587 7.73416 7.73060 7.72987 7.73006 7.72663 7.71706 7.71159 7.71862 7.72821 7.73306 7.73511 7.73307 7.73093 7.73373 7.73713 7.73799 7.73930 7.73959 7.73931 7.74027 7.74079 7.74119 7.74190 7.74245 7.74212 7.74031 7.73763 7.73620 7.73595 7.73509 7.73351 7.73196 7.73179 7.73317 7.73581 7.73796 7.73892
0.60534 0.73535 1.33184 1.97253 4.70158 7.07773 7.51202 7.57480 7.59359 7.60144 7.62362 7.64849 7.66342 7.65832 7.62165 7.60693 7.63429 7.63905 7.66561 7.69241 7.71751 7.72362 7.71580 7.71892 7.72784 7.72723 7.72945 7.73283 7.73264 7.73002 7.72780 7.72717 7.72538 7.72014 7.71051 7.70800 7.72072 7.73194 7.73735 7.73897 7.73671 7.73366 7.73228 7.73377 7.73714 7.74035 7.74097 7.74015 7.73922 7.73797 7.73782 7.73814 7.73874 7.73872 7.73748 7.73622 7.73485 7.73607 7.73653 7.73551 7.73420 7.73392 7.73512 7.73689 7.73845 7.74055
0.77975 0.68856 1.14016 1.89503 4.51163 6.62313 7.44450 7.55785 7.59327 7.60778 7.62038 7.64643 7.66900 7.67343 7.65442 7.62830 7.64515 7.65401 7.67301 7.69398 7.71664 7.72078 7.71513 7.72054 7.72851 7.72967 7.72974 7.73261 7.73130 7.72959 7.72780 7.72668 7.72397 7.71900 7.71500 7.71781 7.72490 7.73369 7.73907 7.74132 7.74074 7.73835 7.73610 7.73403 7.73476 7.73727 7.73881 7.73759 7.73571 7.73451 7.73438 7.73500 7.73604 7.73715 7.73757 7.73775 7.73685 7.73720 7.73768 7.73734 7.73683 7.73691 7.73762 7.73871 7.74025 7.74264
