mrvbf_slope0.7_pctl0.9.asc
NCOLS 410
NROWS 410
XLLCORNER 2398750.0000000000000000
YLLCORNER 2548750.0000000000000000
CELLSIZE 250.0000000000000000
NODATA_VALUE -99999.00000
[rows 377 to 405 of 410, columns 0 to 65 of 410]
-99999.00000 -99999.00000 -99999.00000 -99999.00000 -99999.00000 1.95926 1.79661 1.73454 1.60484 1.29180 0.88417 0.78285 0.76432 0.71481 0.56792 0.58373 0.64541 1.18124 1.98344 2.45027 2.46972 2.37526 2.20892 1.97908 1.77006 1.84015 2.07400 2.22478 2.38957 2.45050 2.42981 2.37429 2.36735 2.42808 2.46895 2.56960 2.74524 3.04038 3.25571 3.34363 3.31085 2.94972 2.87441 2.75258 3.07812 3.51950 3.59471 3.60831 3.62871 3.69418 3.74268 3.70837 3.70867 3.63648 3.56530 3.63745 3.77469 3.67276 3.65283 3.79595 3.78191 3.71016 3.64006 3.61453 3.62960 3.67096
-99999.00000 -99999.00000 -99999.00000 -99999.00000 -99999.00000 1.83788 1.75799 1.63422 1.39012 1.02694 1.01534 1.01383 0.91198 0.91082 1.07464 0.94160 0.82718 1.34296 1.98167 2.40972 2.49751 2.51165 2.38680 2.13565 1.83713 1.54856 1.75328 2.07278 2.24100 2.24812 2.18432 2.06219 1.97368 2.03805 2.09218 2.19248 2.47931 2.74575 3.05909 3.25730 3.34365 3.27683 3.24892 2.99222 2.94977 3.49931 3.58923 3.62172 3.65383 3.71579 3.83197 3.80040 3.76653 3.73236 3.63444 3.65737 3.82446 3.73263 3.62705 3.65381 3.77396 3.84856 3.72661 3.63926 3.61985 3.64268
-99999.00000 -99999.00000 -99999.00000 -99999.00000 -99999.00000 1.83377 1.70058 1.45293 1.11286 1.06523 1.23683 0.97852 0.63998 0.72698 1.23919 1.30292 0.94604 1.32918 1.89760 2.35062 2.48906 2.53895 2.44317 2.33514 2.15253 1.42479 1.72808 1.87516 1.94504 1.96113 1.90823 1.78160 1.69068 1.80316 2.05064 2.19541 2.42791 2.71296 3.17051 3.34231 3.29403 3.22677 3.32594 2.99080 3.01142 3.51087 3.57803 3.63001 3.67883 3.71645 3.83365 3.87183 3.80439 3.76657 3.70342 3.61848 3.70860 3.86938 3.73281 3.64770 3.66043 3.77624 3.76306 3.65905 3.60992 3.60560
-99999.00000 -99999.00000 -99999.00000 -99999.00000 -99999.00000 1.72523 1.56838 1.21446 0.91982 0.97197 0.86375 0.67695 0.56719 0.61779 1.01992 1.33299 1.15383 1.47934 1.90695 2.29094 2.45324 2.45128 2.24840 1.90676 1.73465 1.59877 1.67294 1.74277 1.79413 1.82878 1.80119 1.70969 1.61922 1.67143 1.88226 1.97051 2.38116 2.68890 2.98765 3.04823 2.99274 3.16355 3.12470 2.92619 3.17368 3.53832 3.59836 3.64563 3.68271 3.69548 3.76136 3.83270 3.78385 3.76015 3.76969 3.64810 3.68975 3.92271 3.95754 3.76627 3.65420 3.69083 3.67237 3.61234 3.57385 3.55409
-99999.00000 -99999.00000 -99999.00000 -99999.00000 -99999.00000 1.63491 1.37472 0.68931 0.60035 0.67470 0.63174 0.50045 0.53995 0.57585 0.82966 1.43012 1.58460 1.69857 1.92800 2.19689 2.35248 2.20223 1.73946 1.32906 1.21928 1.41200 1.64546 1.75609 1.77518 1.76620 1.73616 1.69790 1.57114 1.44051 1.47429 1.85888 2.44957 2.71594 2.90600 2.95373 3.13092 2.98987 3.03905 3.09792 3.37173 3.54451 3.60593 3.67686 3.69886 3.65424 3.63793 3.65513 3.67538 3.72767 3.73292 3.66118 3.70616 3.90928 4.04045 3.85771 3.71118 3.65577 3.59563 3.54270 3.51161 3.51676
-99999.00000 -99999.00000 -99999.00000 -99999.00000 -99999.00000 1.60967 1.09276 0.51392 0.50361 0.56407 0.60764 0.77311 0.78941 0.59287 0.77233 1.52240 1.70492 1.77138 1.87115 1.97196 1.97128 1.79576 1.53575 1.16591 0.92578 1.04589 1.51392 1.61457 1.61134 1.56767 1.52964 1.61123 1.53071 1.34557 1.30099 1.61800 2.34911 2.70096 2.96927 3.13744 3.24950 3.16434 3.16157 3.21793 3.42882 3.53845 3.61546 3.71654 3.70324 3.62702 3.58382 3.58423 3.62170 3.68165 3.66528 3.64796 3.72022 3.90639 4.06010 3.95489 3.80720 3.69292 3.60858 3.55542 3.54074 3.59168
-99999.00000 -99999.00000 -99999.00000 -99999.00000 -99999.00000 1.66434 1.23998 0.57473 0.56919 0.78162 0.89429 1.22465 1.14064 1.01809 1.42549 1.72424 1.76002 1.76490 1.78259 1.77361 1.70337 1.59274 1.46030 1.21498 0.94991 0.73653 0.92273 1.09613 1.08293 1.02768 1.07919 1.37797 1.66705 1.25606 1.04677 1.42354 2.15512 2.63575 2.85518 3.08223 3.30408 3.22285 3.12703 3.21438 3.47328 3.56909 3.65771 3.71549 3.66115 3.62077 3.60662 3.60055 3.60748 3.61364 3.60527 3.63047 3.73917 3.90195 4.01706 4.00739 3.89203 3.80757 3.71078 3.61054 3.59349 3.65333
-99999.00000 -99999.00000 -99999.00000 -99999.00000 -99999.00000 1.71173 1.50409 0.90911 0.61215 0.88672 1.42657 1.53484 1.49948 1.60491 1.78062 1.87407 1.80492 1.73112 1.70301 1.61174 1.50342 1.47874 1.51217 1.47069 1.35853 0.99198 0.93709 0.98273 0.89174 0.77228 0.79934 1.13944 1.62082 1.48170 1.12893 1.40737 2.14076 2.64725 2.87196 2.99722 3.19547 3.23504 2.98873 3.20631 3.52508 3.62430 3.70810 3.67967 3.62867 3.63918 3.64760 3.61132 3.60322 3.58278 3.56281 3.60809 3.72237 3.77962 3.82934 3.87232 3.90946 3.91718 3.77506 3.56607 3.46964 3.45058
-99999.00000 -99999.00000 -99999.00000 -99999.00000 -99999.00000 1.72674 1.54445 0.72668 0.47557 0.59956 1.38139 1.47694 1.48466 1.61294 1.75169 1.89683 1.85653 1.67635 1.58331 1.42710 1.23941 1.25808 1.41503 1.54267 1.44382 1.17453 1.17471 1.25038 1.12087 0.88947 0.81023 0.99702 1.35126 1.39115 1.36869 1.57069 2.25505 2.68709 2.93843 3.02918 3.17533 3.24041 2.94021 3.20875 3.49778 3.61806 3.70832 3.65844 3.61606 3.64418 3.61103 3.61927 3.64766 3.58442 3.51563 3.52489 3.58777 3.61441 3.63812 3.70411 3.84506 3.84450 3.64807 3.48603 3.36037 3.28782
-99999.00000 -99999.00000 -99999.00000 -99999.00000 -99999.00000 1.66228 1.66935 1.22848 0.51836 0.49456 0.86768 1.02534 1.21287 1.37824 1.61351 1.82654 1.91256 1.65392 1.38425 1.11062 0.87511 0.72040 0.85544 1.41411 1.45038 1.14821 0.85775 1.21512 1.02472 0.87163 1.01609 1.24865 1.42796 1.54971 1.66489 1.91153 2.35735 2.66221 2.84096 3.00839 3.23029 3.17510 2.97189 3.19998 3.50775 3.61870 3.69826 3.66232 3.62114 3.62892 3.62479 3.61071 3.58497 3.54027 3.47532 3.44616 3.50479 3.53112 3.51644 3.53701 3.64782 3.68627 3.51019 3.38838 3.34129 3.28644
-99999.00000 -99999.00000 -99999.00000 -99999.00000 -99999.00000 1.40060 1.08056 0.77866 0.55177 0.56314 1.05545 1.22689 0.99850 1.21274 1.58090 1.81556 1.94600 1.65565 1.32478 1.06629 0.88982 0.78327 0.84491 1.28959 1.53282 1.08860 0.78986 1.00220 0.80669 0.88204 1.29054 1.54929 1.70694 1.88347 2.05600 2.23083 2.43645 2.63720 2.81698 3.10135 3.17410 3.09585 3.10043 3.26752 3.50035 3.59203 3.65758 3.63497 3.60996 3.60853 3.57743 3.53817 3.51990 3.50973 3.46874 3.42420 3.49303 3.51079 3.44347 3.37993 3.43134 3.50132 3.42366 3.34648 3.43485 3.43829
-99999.00000 -99999.00000 -99999.00000 -99999.00000 -99999.00000 0.89246 0.65244 0.68844 0.61886 0.60597 1.20286 1.39180 1.46076 1.53448 1.70297 1.89220 2.03515 1.72696 1.46460 1.29947 1.20789 0.88400 0.85461 1.22240 1.61693 1.23180 1.05243 1.17619 0.99768 1.05767 1.38226 1.59880 1.78474 2.03484 2.31798 2.46083 2.53069 2.67159 2.84076 2.98434 2.99444 3.04051 3.15707 3.30398 3.48616 3.54784 3.59103 3.55464 3.52119 3.50701 3.49033 3.49182 3.51189 3.53081 3.50748 3.43812 3.45649 3.45345 3.37635 3.25120 3.18158 3.28793 3.42082 3.36003 3.43241 3.57490
-99999.00000 -99999.00000 -99999.00000 -99999.00000 -99999.00000 0.70907 0.52412 0.57072 0.61032 0.72786 1.27597 1.63963 1.72882 1.73167 1.73314 1.89709 2.04999 1.73215 1.46985 1.49580 1.37241 0.69299 0.73514 1.21700 1.59502 1.59672 1.47787 1.20115 0.95597 1.13387 1.40234 1.52008 1.52659 1.59819 2.21936 2.56010 2.62171 2.72247 2.88179 2.89183 2.93170 3.06501 3.27882 3.39210 3.52030 3.55551 3.55976 3.48565 3.42086 3.39301 3.44216 3.50663 3.54859 3.55994 3.52570 3.46275 3.40000 3.34664 3.30560 3.22745 3.09194 2.95991 3.20475 3.38726 3.43553 3.56710
-99999.00000 -99999.00000 -99999.00000 -99999.00000 -99999.00000 0.60667 0.40092 0.45218 0.49198 0.65272 0.89731 1.51495 1.49661 1.46525 1.62049 1.87623 1.94844 1.63495 1.40793 1.57726 1.14975 0.58311 0.70187 1.44185 1.68169 1.70176 1.55609 1.20299 0.97466 1.23297 1.46264 1.52604 1.63291 1.94755 2.37040 2.59874 2.72648 2.80385 2.88376 2.85444 2.92297 3.07666 3.29165 3.39530 3.50480 3.56392 3.52630 3.41975 3.37358 3.41789 3.50288 3.57276 3.59591 3.58050 3.57426 3.51004 3.38624 3.35161 3.37804 3.39967 3.35722 3.09396 2.92774 3.31220 3.47798 3.51117
-99999.00000 -99999.00000 -99999.00000 -99999.00000 -99999.00000 0.71166 0.43691 0.51301 0.60928 0.65068 0.79210 1.48843 1.53893 1.42776 1.71439 1.98167 1.81485 1.53962 1.57094 1.25859 0.90840 1.02176 1.37811 1.67455 1.72222 1.68133 1.56055 1.38354 1.33800 1.50490 1.60957 1.66613 2.03300 2.54346 2.69513 2.75792 2.83059 2.88645 2.84289 2.82756 2.91023 2.98856 3.05945 3.11577 3.34627 3.49456 3.50398 3.39745 3.40106 3.51956 3.56799 3.60558 3.59615 3.60203 3.63682 3.54462 3.48556 3.50135 3.54753 3.57531 3.55053 3.39920 3.03283 3.18915 3.45607 3.52314
-99999.00000 -99999.00000 -99999.00000 -99999.00000 -99999.00000 0.80126 0.49970 0.54764 0.78609 1.06062 1.29674 1.66941 1.64700 1.72269 1.90683 1.92450 1.64607 1.54350 1.89047 0.98937 0.71989 1.18954 1.65983 1.80539 1.76551 1.71072 1.66239 1.64109 1.65296 1.71431 1.74905 1.93593 2.45464 2.70755 2.84901 2.90063 2.90950 2.88325 2.81473 2.81701 2.95603 3.06742 3.09902 3.16164 3.28424 3.43040 3.51621 3.45925 3.46585 3.53023 3.60029 3.65078 3.63638 3.65652 3.63390 3.57371 3.59951 3.67154 3.67917 3.58288 3.49021 3.22752 2.92890 3.09474 3.50197 3.66102
-99999.00000 -99999.00000 -99999.00000 -99999.00000 -99999.00000 0.70539 0.59721 0.60109 0.85347 1.15862 1.18924 1.63658 1.79454 1.93790 1.98046 1.72516 1.26049 1.10832 1.36814 0.73546 0.69701 1.32899 1.66364 1.77173 1.81653 1.83699 1.82264 1.87393 1.90872 1.91522 1.86809 2.20360 2.67730 2.81107 2.87015 2.91891 2.90480 2.84211 2.77724 2.81955 3.12480 3.30046 3.31630 3.27405 3.38025 3.50403 3.55374 3.52421 3.53062 3.58770 3.67674 3.72929 3.68953 3.68582 3.64276 3.64601 3.72226 3.77361 3.67777 3.52294 3.37957 3.13725 3.07578 3.39601 3.61842 3.68631
-99999.00000 -99999.00000 -99999.00000 -99999.00000 -99999.00000 0.54866 0.66764 0.89596 1.09347 0.92997 0.68844 1.37245 1.84416 2.10160 1.90883 1.41076 0.64567 0.54069 0.81700 0.99023 1.26947 1.63774 1.76913 1.80837 1.87500 1.95210 1.86446 1.97497 2.05670 2.04392 2.01979 2.43195 2.76215 2.83569 2.84030 2.83771 2.83017 2.78129 2.74053 2.75100 3.03745 3.29674 3.27256 3.34660 3.49013 3.58024 3.56702 3.52377 3.52850 3.58763 3.67794 3.74321 3.71306 3.70402 3.71262 3.76678 3.80989 3.77060 3.66839 3.47453 3.31843 3.33864 3.41682 3.37933 3.37014 3.41330
-99999.00000 -99999.00000 -99999.00000 -99999.00000 -99999.00000 0.79223 0.59840 0.67121 0.75423 0.81468 1.17964 1.55243 1.84358 2.03655 1.87992 1.51032 0.59464 0.50570 0.68446 1.19955 1.04120 1.22777 1.61808 1.76718 1.82032 1.83766 1.64722 1.66440 1.87919 2.05012 2.14534 2.49433 2.77074 2.79731 2.75333 2.71836 2.68531 2.70614 2.70888 2.72343 3.00654 3.22508 3.23357 3.41058 3.55707 3.57654 3.51879 3.46904 3.48066 3.54561 3.63960 3.71845 3.74539 3.74099 3.80208 3.89088 3.87198 3.77801 3.66877 3.42645 3.30560 3.43756 3.32928 3.16042 3.14783 3.16787
-99999.00000 -99999.00000 -99999.00000 -99999.00000 -99999.00000 0.67120 0.57864 0.67492 1.13474 0.92815 0.72971 1.34537 1.80518 1.84860 1.43929 1.23101 1.00415 0.73040 1.22075 1.43927 0.74360 0.70340 1.22599 1.62934 1.73564 1.69211 1.50540 1.52862 1.76853 1.85230 2.01099 2.45729 2.69001 2.66405 2.68036 2.70697 2.66113 2.65452 2.65827 2.71905 3.04640 3.14307 3.17687 3.37723 3.51784 3.51142 3.45038 3.40783 3.43344 3.48301 3.55620 3.65623 3.71920 3.75301 3.84034 3.94112 3.89913 3.76631 3.58621 3.38677 3.40012 3.42754 3.24615 3.26501 3.35156 3.34160
-99999.00000 -99999.00000 -99999.00000 -99999.00000 -99999.00000 0.46609 0.46979 0.55857 0.67944 0.70636 0.95256 1.71369 1.86693 1.53992 0.51524 0.50056 0.65769 1.02508 1.35368 1.22581 0.83555 0.78285 1.27308 2.01513 1.97312 1.59370 1.30676 1.48287 1.84566 1.80695 1.53360 2.26689 2.52356 2.60976 2.72153 2.75982 2.71354 2.67404 2.66631 2.74530 2.94233 2.97999 3.07547 3.29669 3.43558 3.44872 3.40265 3.37708 3.42425 3.45461 3.46598 3.55875 3.61583 3.68914 3.79702 3.90698 3.89528 3.73197 3.53038 3.44690 3.54811 3.42423 3.32685 3.47030 3.55848 3.49563
-99999.00000 -99999.00000 -99999.00000 -99999.00000 -99999.00000 0.55287 0.57201 0.64485 0.93954 1.38343 1.68706 1.75508 1.63709 1.24656 0.48032 0.46006 0.55113 1.10402 1.46028 1.36867 1.12921 1.08031 1.54469 2.22459 2.11751 1.46529 1.23106 1.51154 1.99192 2.04844 1.26045 2.06914 2.48538 2.62178 2.70920 2.75953 2.79932 2.84006 2.84320 2.87672 2.87239 2.83802 2.94126 3.18396 3.35305 3.40811 3.38799 3.38847 3.46398 3.49982 3.43473 3.46739 3.52251 3.59604 3.69692 3.82897 3.85447 3.72007 3.54236 3.50643 3.58010 3.45923 3.44274 3.59736 3.48081 3.42309
-99999.00000 -99999.00000 -99999.00000 -99999.00000 -99999.00000 0.49199 0.64611 1.15486 1.62895 1.76460 1.67435 1.46803 0.92753 1.23229 0.76857 0.65065 1.03331 1.38641 1.34880 1.41537 1.50904 1.43975 1.83543 2.10062 1.86607 1.45731 1.50717 1.84468 2.20375 2.25053 1.57518 2.02899 2.58221 2.64664 2.69423 2.74047 2.83215 3.01016 3.09408 3.13888 3.02207 2.86045 2.92433 3.14798 3.33012 3.39558 3.38834 3.40398 3.47522 3.51759 3.46582 3.44712 3.47360 3.52667 3.61372 3.74896 3.82146 3.76492 3.58843 3.51909 3.58235 3.52470 3.48572 3.52230 3.39297 3.53007
-99999.00000 -99999.00000 -99999.00000 -99999.00000 -99999.00000 0.56869 1.02559 1.60749 1.78797 1.63010 1.39655 1.22172 0.73145 0.96375 1.41697 1.44749 1.54224 1.16395 1.00486 1.29834 1.61973 1.82220 2.07467 2.19001 1.95630 1.82709 2.10459 2.34457 2.41099 2.36062 1.70587 2.03495 2.32620 2.54520 2.67827 2.78234 2.91324 3.04829 3.15708 3.28506 3.23125 3.05124 3.06490 3.22556 3.36406 3.39928 3.38444 3.39591 3.44614 3.48656 3.48234 3.46852 3.45139 3.47391 3.56328 3.70308 3.79358 3.77706 3.67341 3.57699 3.59147 3.62441 3.52837 3.47550 3.55423 3.92218
-99999.00000 -99999.00000 -99999.00000 -99999.00000 -99999.00000 1.59695 1.76614 1.83874 1.73706 1.41955 0.98765 0.94140 0.81768 1.06194 1.56716 1.78536 1.47655 1.23039 1.20408 1.43721 1.74407 2.15544 2.33450 2.37738 2.24293 2.23320 2.38686 2.41589 2.42724 2.39597 1.83773 2.18999 1.99507 2.37234 2.59078 2.74945 2.97970 3.08901 3.21741 3.37752 3.32628 3.20470 3.22053 3.34513 3.42433 3.40999 3.36751 3.35920 3.40360 3.45574 3.47812 3.46410 3.41271 3.41419 3.51940 3.64740 3.68066 3.67349 3.66273 3.55956 3.52545 3.59204 3.62465 3.63819 3.85562 4.07938
-99999.00000 -99999.00000 -99999.00000 -99999.00000 -99999.00000 1.63815 1.59448 1.37251 1.48420 1.46111 1.34534 0.77322 0.88025 1.12839 1.55055 1.66586 1.53395 1.50428 1.58007 1.78198 2.07494 2.34567 2.48619 2.48157 2.38391 2.32933 2.30315 2.26552 2.41958 2.45592 2.09982 2.11205 2.42883 2.53313 2.56482 2.67372 2.94953 3.15230 3.30812 3.42251 3.34431 3.25499 3.29827 3.42842 3.46636 3.39015 3.30471 3.28943 3.35746 3.43586 3.46924 3.44833 3.38543 3.36315 3.43833 3.51654 3.54056 3.55518 3.57753 3.48698 3.37992 3.37744 3.41444 3.48668 3.63117 3.70332
-99999.00000 -99999.00000 -99999.00000 -99999.00000 -99999.00000 0.87162 0.57854 0.57384 0.95966 1.72418 1.67894 1.34228 0.98982 1.23697 1.63190 1.63165 1.53807 1.65897 1.92962 2.20034 2.26496 2.43239 2.53140 2.48778 2.35733 2.26210 2.15408 1.97697 2.23298 2.02673 1.47320 2.06431 2.57820 2.63053 2.61252 2.69774 2.94890 3.26614 3.36456 3.43614 3.36548 3.26776 3.32272 3.46156 3.42696 3.29930 3.20448 3.20913 3.31780 3.41833 3.46087 3.45614 3.41922 3.37805 3.37613 3.42320 3.47156 3.50842 3.50201 3.45329 3.30728 3.19074 3.21528 3.31371 3.43307 3.44742
-99999.00000 -99999.00000 -99999.00000 -99999.00000 -99999.00000 0.50324 0.38724 0.40640 0.59958 1.45498 1.93922 1.57171 1.21865 1.12829 1.52439 1.56323 1.52001 1.67441 2.09654 2.29251 2.31052 2.46336 2.53536 2.48164 2.36005 2.25852 2.00389 1.90667 1.99561 1.78685 1.54315 1.13033 2.49345 2.66605 2.68979 2.77303 2.94233 3.23013 3.39809 3.42747 3.36546 3.27272 3.33288 3.45573 3.37326 3.22189 3.13935 3.17190 3.29371 3.37842 3.42681 3.46378 3.47224 3.42806 3.38568 3.40327 3.45405 3.50301 3.50828 3.45361 3.32375 3.21747 3.22563 3.28412 3.38082 3.33196
-99999.00000 -99999.00000 -99999.00000 -99999.00000 -99999.00000 -99999.00000 -99999.00000 -99999.00000 -99999.00000 -99999.00000 -99999.00000 -99999.00000 -99999.00000 -99999.00000 -99999.00000 -99999.00000 -99999.00000 -99999.00000 -99999.00000 -99999.00000 -99999.00000 -99999.00000 -99999.00000 -99999.00000 -99999.00000 -99999.00000 -99999.00000 -99999.00000 -99999.00000 -99999.00000 -99999.00000 -99999.00000 -99999.00000 -99999.00000 -99999.00000 -99999.00000 -99999.00000 -99999.00000 -99999.00000 -99999.00000 -99999.00000 -99999.00000 -99999.00000 -99999.00000 -99999.00000 -99999.00000 -99999.00000 -99999.00000 -99999.00000 -99999.00000 -99999.00000 -99999.00000 -99999.00000 -99999.00000 -99999.00000 -99999.00000 -99999.00000 -99999.00000 -99999.00000 -99999.00000 -99999.00000 -99999.00000 -99999.00000 -99999.00000 -99999.00000 -99999.00000
