mrvbf_slope0.8_pctl0.6.asc
NCOLS 410
NROWS 410
XLLCORNER 2398750.0000000000000000
YLLCORNER 2548750.0000000000000000
CELLSIZE 250.0000000000000000
NODATA_VALUE -99999.00000
[rows 58 to 86 of 410, columns 0 to 65 of 410]
-99999.00000 -99999.00000 -99999.00000 -99999.00000 -99999.00000 7.61372 7.62406 7.61938 7.62323 7.62285 7.62027 7.61187 7.58974 7.52931 7.53129 7.50810 7.57591 7.60453 7.59912 7.59886 7.60909 7.62851 7.63213 7.60415 7.57761 7.57286 7.55170 7.51318 7.47211 7.47246 7.50499 7.50921 7.54028 7.54515 7.59133 7.63713 7.64244 7.61481 7.58965 7.57837 7.55886 7.54040 7.52612 7.52241 7.51968 7.52301 7.54294 7.57726 7.61004 7.63668 7.64915 7.63631 7.60953 7.60455 7.62592 7.62637 7.61507 7.61133 7.61917 7.63026 7.60104 7.60059 7.61471 7.63843 7.66481 7.66119
-99999.00000 -99999.00000 -99999.00000 -99999.00000 -99999.00000 7.55442 7.57165 7.58272 7.59238 7.61088 7.62021 7.61960 7.61147 7.58583 7.54761 7.52866 7.58164 7.61205 7.61263 7.61591 7.63345 7.64962 7.64461 7.61542 7.57055 7.52075 7.52751 7.54832 7.51315 7.44479 7.46056 7.53927 7.59675 7.58540 7.60476 7.63813 7.63055 7.59342 7.57944 7.58315 7.57597 7.56367 7.56397 7.56033 7.55065 7.54980 7.56371 7.58869 7.61284 7.62949 7.63239 7.62475 7.62222 7.63525 7.63714 7.61314 7.58577 7.56717 7.59382 7.61621 7.62640 7.62310 7.63931 7.65747 7.66445 7.66445
-99999.00000 -99999.00000 -99999.00000 -99999.00000 -99999.00000 7.50481 7.51771 7.53572 7.54500 7.56679 7.58921 7.60671 7.61039 7.58721 7.54717 7.51085 7.57246 7.62008 7.63658 7.64502 7.65573 7.65978 7.64706 7.61656 7.56753 7.50678 7.54113 7.61786 7.60298 7.51010 7.39979 7.44283 7.53933 7.54732 7.57113 7.62051 7.61994 7.58756 7.59125 7.60588 7.60909 7.61448 7.61314 7.59413 7.57985 7.58842 7.60064 7.60061 7.60472 7.60995 7.61177 7.61602 7.63186 7.65327 7.64049 7.60455 7.57800 7.53929 7.54534 7.58456 7.59291 7.63347 7.63903 7.62644 7.62191 7.63209
-99999.00000 -99999.00000 -99999.00000 -99999.00000 -99999.00000 7.52292 7.53142 7.54921 7.55577 7.55517 7.56696 7.59038 7.60423 7.58685 7.55054 7.53911 7.57410 7.60906 7.63466 7.64584 7.65297 7.65758 7.64723 7.61815 7.57394 7.51032 7.52000 7.61130 7.60613 7.53663 7.31663 7.29699 7.50257 7.52236 7.53254 7.59363 7.62138 7.59240 7.59116 7.61384 7.61855 7.63631 7.64091 7.61537 7.59365 7.60653 7.61586 7.59674 7.58851 7.59122 7.60057 7.62077 7.64852 7.66820 7.64706 7.59509 7.56544 7.56680 7.54532 7.56053 7.57578 7.61108 7.60744 7.59606 7.59399 7.60141
-99999.00000 -99999.00000 -99999.00000 -99999.00000 -99999.00000 7.55668 7.56267 7.57255 7.57787 7.58311 7.57703 7.57794 7.60045 7.59296 7.56363 7.59227 7.59666 7.60942 7.63684 7.64540 7.64996 7.65007 7.64441 7.62420 7.58488 7.53186 7.47642 7.55080 7.58261 7.53993 7.29006 7.28041 7.52868 7.53424 7.51844 7.58400 7.63149 7.59462 7.57271 7.59550 7.60057 7.62946 7.65238 7.63916 7.61814 7.62086 7.61441 7.59196 7.58190 7.58810 7.61096 7.64195 7.66645 7.67521 7.66152 7.62406 7.57411 7.57829 7.60104 7.59178 7.57273 7.59067 7.59135 7.59066 7.59649 7.58500
-99999.00000 -99999.00000 -99999.00000 -99999.00000 -99999.00000 7.56760 7.56036 7.54950 7.55031 7.56242 7.56778 7.58024 7.59450 7.57289 7.55256 7.59706 7.60287 7.61283 7.64269 7.65161 7.66079 7.65731 7.64431 7.62827 7.59035 7.52913 7.45126 7.50182 7.57599 7.50706 7.21355 7.34233 7.53633 7.52757 7.52292 7.59578 7.64214 7.59621 7.54531 7.57004 7.58460 7.60746 7.64733 7.65085 7.63770 7.63984 7.62336 7.59667 7.58771 7.60148 7.63236 7.65852 7.66966 7.66750 7.65796 7.64163 7.60870 7.60010 7.62384 7.61361 7.58074 7.58279 7.59899 7.58554 7.57918 7.57469
-99999.00000 -99999.00000 -99999.00000 -99999.00000 -99999.00000 7.56099 7.54651 7.53209 7.54955 7.58345 7.59138 7.58066 7.57491 7.54364 7.56465 7.57859 7.59592 7.61734 7.64309 7.65283 7.66984 7.67181 7.65311 7.62319 7.59333 7.55948 7.48943 7.45201 7.52385 7.45979 7.34805 7.46685 7.54251 7.51731 7.54116 7.61828 7.65090 7.60737 7.53621 7.54754 7.59275 7.60049 7.63016 7.64283 7.63188 7.63199 7.61269 7.58899 7.58664 7.60804 7.63989 7.65669 7.65302 7.63875 7.62231 7.61370 7.60562 7.61365 7.63276 7.62717 7.59909 7.58021 7.57855 7.58022 7.56911 7.55202
-99999.00000 -99999.00000 -99999.00000 -99999.00000 -99999.00000 7.55954 7.54403 7.53717 7.56608 7.59310 7.57280 7.52575 7.54098 7.56423 7.54690 7.57846 7.60319 7.62804 7.64352 7.64611 7.66254 7.67340 7.65920 7.62818 7.60826 7.59584 7.54114 7.53274 7.54867 7.53629 7.53107 7.53775 7.55977 7.53990 7.57250 7.63698 7.66032 7.63086 7.55986 7.53542 7.58535 7.61247 7.63066 7.63658 7.62077 7.62213 7.60965 7.58093 7.57688 7.59620 7.62380 7.63055 7.60541 7.57178 7.56718 7.58191 7.60035 7.62235 7.63796 7.63555 7.61527 7.59392 7.57875 7.56869 7.56915 7.58732
-99999.00000 -99999.00000 -99999.00000 -99999.00000 -99999.00000 7.57126 7.54532 7.53641 7.56799 7.58822 7.51888 7.52053 7.52529 7.55795 7.57594 7.57722 7.61240 7.64105 7.65226 7.64741 7.65209 7.66594 7.66539 7.64010 7.62208 7.61354 7.58619 7.59090 7.61002 7.60793 7.60789 7.61500 7.59934 7.57630 7.59994 7.64712 7.66637 7.64775 7.59373 7.55089 7.57700 7.61336 7.63234 7.63156 7.61077 7.61105 7.61844 7.59693 7.58772 7.59427 7.60152 7.58463 7.54028 7.51975 7.54882 7.58415 7.61360 7.63681 7.64866 7.64777 7.63335 7.61656 7.60538 7.59888 7.60295 7.62311
-99999.00000 -99999.00000 -99999.00000 -99999.00000 -99999.00000 7.57574 7.54148 7.55838 7.58661 7.58669 7.54932 7.53598 7.54855 7.58617 7.58140 7.60406 7.62544 7.64568 7.65902 7.65314 7.64818 7.66041 7.66992 7.65422 7.63852 7.63494 7.61910 7.61683 7.63642 7.63326 7.63677 7.64819 7.62334 7.59723 7.61111 7.64947 7.66930 7.65896 7.62520 7.58281 7.58251 7.61413 7.63302 7.63354 7.61151 7.59767 7.60846 7.61902 7.61913 7.61671 7.60397 7.57036 7.54546 7.56564 7.58028 7.60051 7.62725 7.64872 7.65867 7.65658 7.64668 7.63595 7.63137 7.62650 7.62242 7.63186
-99999.00000 -99999.00000 -99999.00000 -99999.00000 -99999.00000 7.57014 7.55431 7.55303 7.58811 7.60053 7.59554 7.57672 7.58964 7.60495 7.59979 7.61822 7.62938 7.64271 7.64828 7.64376 7.64470 7.65901 7.67016 7.66002 7.64729 7.64603 7.63117 7.62333 7.64034 7.64337 7.63423 7.63961 7.62922 7.60448 7.60684 7.63914 7.66530 7.65843 7.63116 7.60353 7.60053 7.62652 7.64635 7.65180 7.63750 7.61637 7.61375 7.63389 7.64761 7.64485 7.62665 7.60358 7.59540 7.60088 7.60140 7.61594 7.64052 7.65833 7.66428 7.65975 7.65090 7.64189 7.63790 7.63338 7.62149 7.61692
-99999.00000 -99999.00000 -99999.00000 -99999.00000 -99999.00000 7.54201 7.53665 7.55012 7.57950 7.57958 7.58771 7.59978 7.61089 7.60759 7.61338 7.61274 7.61390 7.61717 7.62319 7.63081 7.63600 7.64720 7.66015 7.64799 7.63403 7.63465 7.62162 7.61627 7.63779 7.65088 7.63141 7.61789 7.61537 7.59876 7.59844 7.62691 7.65344 7.63830 7.60083 7.58229 7.59767 7.62734 7.65059 7.66517 7.66312 7.64987 7.63641 7.64435 7.66034 7.65995 7.64666 7.63614 7.62803 7.61975 7.62132 7.63967 7.65861 7.66751 7.66657 7.66094 7.65231 7.64015 7.63062 7.62548 7.61434 7.59902
-99999.00000 -99999.00000 -99999.00000 -99999.00000 -99999.00000 7.51181 7.51233 7.53778 7.56915 7.56494 7.56181 7.55887 7.57679 7.60638 7.60787 7.59300 7.58044 7.58391 7.59481 7.60564 7.61710 7.63010 7.63955 7.62567 7.61182 7.61547 7.60552 7.59983 7.62485 7.63655 7.59723 7.57153 7.58099 7.57357 7.58194 7.61913 7.64395 7.61452 7.58034 7.58371 7.60659 7.62365 7.63952 7.66288 7.67044 7.66378 7.65178 7.65115 7.65983 7.66133 7.65651 7.65268 7.64605 7.63890 7.64509 7.66133 7.67032 7.66765 7.65873 7.65173 7.64727 7.63746 7.62186 7.61376 7.61093 7.59898
-99999.00000 -99999.00000 -99999.00000 -99999.00000 -99999.00000 7.48033 7.53567 7.54301 7.56980 7.57103 7.55548 7.52684 7.51425 7.54229 7.59217 7.60381 7.59240 7.58976 7.59457 7.59952 7.59798 7.60814 7.61255 7.59692 7.58635 7.59868 7.59573 7.58889 7.61147 7.60306 7.55538 7.55622 7.55498 7.53861 7.56331 7.61324 7.63822 7.61518 7.57416 7.57944 7.61803 7.62971 7.63243 7.65186 7.66238 7.65517 7.64937 7.65358 7.66037 7.66285 7.66102 7.65781 7.65418 7.65264 7.65981 7.66931 7.66859 7.65630 7.64365 7.63423 7.62839 7.62513 7.61763 7.61004 7.61066 7.61830
-99999.00000 -99999.00000 -99999.00000 -99999.00000 -99999.00000 7.49733 7.52582 7.55771 7.56817 7.56212 7.55854 7.53836 7.46543 7.50480 7.58560 7.62316 7.63208 7.62510 7.61583 7.60772 7.59290 7.59996 7.59613 7.57548 7.55775 7.55952 7.56374 7.58354 7.61749 7.58983 7.56100 7.58148 7.55978 7.52781 7.54605 7.59116 7.61333 7.60492 7.57626 7.57946 7.61935 7.63604 7.63543 7.64855 7.65510 7.64993 7.65192 7.65911 7.66453 7.66597 7.66404 7.66045 7.65884 7.66021 7.66489 7.66683 7.65708 7.64209 7.62960 7.61825 7.60789 7.60580 7.61856 7.62357 7.61366 7.60750
-99999.00000 -99999.00000 -99999.00000 -99999.00000 -99999.00000 7.54642 7.57759 7.58193 7.57317 7.57128 7.57909 7.55517 7.48445 7.49992 7.57852 7.62079 7.64410 7.63645 7.60415 7.57167 7.55474 7.55389 7.57586 7.56014 7.53556 7.53122 7.54642 7.58904 7.61231 7.58848 7.56713 7.58082 7.57998 7.54753 7.54235 7.56512 7.58188 7.58586 7.58095 7.59696 7.62679 7.63370 7.63738 7.65372 7.65553 7.65289 7.65882 7.66390 7.66756 7.66838 7.66729 7.66497 7.66360 7.66492 7.66674 7.66173 7.64731 7.63115 7.61857 7.60847 7.60026 7.59679 7.61006 7.63206 7.63352 7.61349
-99999.00000 -99999.00000 -99999.00000 -99999.00000 -99999.00000 7.60060 7.60617 7.61184 7.59788 7.59596 7.58684 7.55759 7.50922 7.51684 7.57022 7.60138 7.62869 7.63510 7.59930 7.55808 7.55500 7.54249 7.52557 7.50124 7.49262 7.52239 7.55684 7.58672 7.59023 7.57914 7.56219 7.57175 7.58513 7.56117 7.55610 7.57324 7.58963 7.60173 7.60775 7.62036 7.62700 7.62919 7.64207 7.65992 7.65780 7.65040 7.65539 7.66167 7.66555 7.66899 7.67057 7.67006 7.66875 7.66849 7.66787 7.66099 7.64353 7.62088 7.60620 7.60223 7.60635 7.60764 7.60118 7.62269 7.64428 7.62911
-99999.00000 -99999.00000 -99999.00000 -99999.00000 -99999.00000 7.58891 7.59144 7.60560 7.60241 7.58275 7.56719 7.54899 7.50253 7.50079 7.55689 7.58338 7.60253 7.62780 7.61390 7.57507 7.54975 7.53024 7.48208 7.46875 7.47826 7.46450 7.50891 7.53097 7.54532 7.54432 7.53477 7.55794 7.57236 7.55516 7.55985 7.58975 7.61651 7.62988 7.63078 7.63212 7.63013 7.63793 7.65447 7.66306 7.65688 7.64645 7.64791 7.65560 7.66014 7.66535 7.67011 7.67134 7.67097 7.67001 7.66740 7.66174 7.64767 7.61887 7.59417 7.59472 7.61327 7.62414 7.60567 7.61025 7.62974 7.62727
-99999.00000 -99999.00000 -99999.00000 -99999.00000 -99999.00000 7.58784 7.59175 7.59600 7.59092 7.57053 7.56901 7.53947 7.50213 7.50560 7.52512 7.54516 7.55657 7.59488 7.61153 7.58906 7.56525 7.53118 7.47208 7.51847 7.54394 7.41401 7.37369 7.47886 7.53421 7.53685 7.53827 7.57272 7.57084 7.53688 7.54332 7.58928 7.62422 7.63952 7.63970 7.63758 7.64117 7.64918 7.65795 7.65994 7.65165 7.64068 7.64161 7.65150 7.65548 7.65883 7.66442 7.66798 7.66921 7.66879 7.66601 7.66109 7.65036 7.62491 7.59128 7.58591 7.61050 7.63184 7.61837 7.60858 7.61333 7.61794
-99999.00000 -99999.00000 -99999.00000 -99999.00000 -99999.00000 7.59964 7.60044 7.59990 7.59689 7.59086 7.60037 7.56744 7.52511 7.54431 7.51856 7.50619 7.48904 7.52570 7.57527 7.58397 7.55042 7.48675 7.50415 7.58374 7.57439 7.40534 7.28934 7.45210 7.51583 7.52726 7.54473 7.58425 7.57420 7.51722 7.53044 7.59375 7.62689 7.63931 7.64143 7.63517 7.63393 7.63615 7.64411 7.64925 7.64361 7.63422 7.63514 7.64576 7.65140 7.65236 7.65711 7.66224 7.66402 7.66411 7.66288 7.65921 7.65220 7.63329 7.59452 7.57802 7.60227 7.62992 7.62779 7.61561 7.60981 7.61032
-99999.00000 -99999.00000 -99999.00000 -99999.00000 -99999.00000 7.55679 7.56098 7.57733 7.58414 7.58745 7.59444 7.56566 7.53047 7.51410 7.49675 7.48043 7.44745 7.43927 7.49824 7.53614 7.50142 7.48877 7.57508 7.61977 7.59026 7.47185 7.30927 7.39713 7.46582 7.48976 7.53197 7.58176 7.56621 7.50753 7.53205 7.59896 7.62554 7.63287 7.63346 7.62518 7.62227 7.62322 7.62633 7.63227 7.63223 7.62524 7.62571 7.63540 7.64370 7.64512 7.64948 7.65527 7.65699 7.65699 7.65688 7.65529 7.65088 7.63436 7.59572 7.57368 7.59349 7.62142 7.62982 7.62274 7.61363 7.60603
-99999.00000 -99999.00000 -99999.00000 -99999.00000 -99999.00000 7.52062 7.52663 7.54298 7.54647 7.54494 7.54718 7.53683 7.51634 7.50375 7.49406 7.47647 7.48059 7.42516 7.42626 7.44358 7.42865 7.49949 7.58739 7.61282 7.58950 7.51932 7.38118 7.38476 7.45563 7.46961 7.52244 7.58109 7.55414 7.51610 7.54283 7.59123 7.61524 7.62200 7.62349 7.61967 7.61071 7.61281 7.61583 7.61448 7.61313 7.60688 7.60625 7.61661 7.62780 7.63411 7.64111 7.64488 7.64128 7.64088 7.64619 7.64867 7.64694 7.63152 7.59144 7.56636 7.58485 7.61471 7.63117 7.63132 7.62231 7.60861
-99999.00000 -99999.00000 -99999.00000 -99999.00000 -99999.00000 7.52408 7.52132 7.52303 7.52401 7.52547 7.53222 7.52205 7.48686 7.45040 7.43628 7.45193 7.52019 7.46565 7.40346 7.31903 7.34643 7.49923 7.56644 7.56048 7.52482 7.41585 7.30214 7.40113 7.43831 7.43351 7.49819 7.56762 7.54558 7.53468 7.53413 7.54385 7.57655 7.58682 7.58894 7.59040 7.59068 7.60003 7.59736 7.57633 7.56614 7.56514 7.57053 7.58793 7.60394 7.61803 7.62997 7.62422 7.60669 7.60137 7.61534 7.62910 7.63278 7.61719 7.57362 7.55645 7.58448 7.61771 7.63901 7.64398 7.63484 7.61489
-99999.00000 -99999.00000 -99999.00000 -99999.00000 -99999.00000 7.53754 7.52719 7.51408 7.51260 7.53077 7.54924 7.54372 7.47674 7.35176 7.39372 7.33982 7.51106 7.47884 7.39124 7.30431 7.20097 7.32483 7.47228 7.40772 7.29816 7.12755 7.12954 7.25076 7.30404 7.35997 7.45540 7.53187 7.53317 7.55774 7.53360 7.49578 7.48790 7.48619 7.49064 7.50230 7.53312 7.56705 7.55157 7.50051 7.49946 7.51468 7.53459 7.55883 7.57627 7.59776 7.61604 7.59542 7.56886 7.54992 7.55165 7.58259 7.59922 7.58363 7.55647 7.56835 7.60225 7.62867 7.63985 7.63511 7.62855 7.61513
-99999.00000 -99999.00000 -99999.00000 -99999.00000 -99999.00000 7.54001 7.52916 7.51212 7.49381 7.49927 7.53632 7.55945 7.51420 7.38104 7.43954 7.29500 7.49200 7.47967 7.35908 7.22676 7.15818 7.09917 7.22547 7.10127 6.94219 6.84163 6.98196 7.10859 7.18789 7.29257 7.43791 7.47541 7.50549 7.55314 7.53379 7.51532 7.45633 7.40757 7.40692 7.42733 7.45769 7.50292 7.47356 7.43506 7.47623 7.50513 7.52843 7.54185 7.55314 7.57579 7.59588 7.56836 7.54475 7.54192 7.53766 7.55487 7.58386 7.58654 7.58522 7.59862 7.61373 7.61924 7.61180 7.60369 7.60016 7.59959
-99999.00000 -99999.00000 -99999.00000 -99999.00000 -99999.00000 7.52800 7.53299 7.51316 7.50762 7.51702 7.52344 7.55119 7.51648 7.37867 7.40139 7.26925 7.45014 7.49910 7.43648 7.31043 7.26026 7.19745 7.08775 7.03419 6.95956 6.92530 7.07657 7.25636 7.37536 7.42214 7.46083 7.43370 7.45410 7.52562 7.53745 7.52226 7.49791 7.49481 7.49031 7.47274 7.43363 7.44464 7.41338 7.43082 7.50932 7.53447 7.54483 7.54386 7.54697 7.55930 7.56839 7.54894 7.54630 7.57465 7.58159 7.58024 7.60595 7.62282 7.61578 7.60631 7.60202 7.59890 7.59763 7.60472 7.59932 7.59137
-99999.00000 -99999.00000 -99999.00000 -99999.00000 -99999.00000 7.54636 7.55198 7.49798 7.49459 7.54583 7.54037 7.54516 7.52881 7.45645 7.45575 7.39353 7.45525 7.51781 7.52277 7.43303 7.40594 7.43638 7.30402 7.18699 7.17258 7.22777 7.32401 7.42457 7.50769 7.53053 7.51244 7.45199 7.43538 7.49969 7.55731 7.55906 7.52420 7.49287 7.51708 7.52907 7.49669 7.46579 7.42399 7.47298 7.54145 7.55662 7.55583 7.55499 7.56078 7.56490 7.55911 7.55049 7.56650 7.59906 7.59338 7.59268 7.62052 7.64142 7.63898 7.62935 7.61978 7.61520 7.62330 7.63689 7.62935 7.60997
-99999.00000 -99999.00000 -99999.00000 -99999.00000 -99999.00000 7.57989 7.56742 7.48542 7.49657 7.53843 7.52404 7.50611 7.48922 7.43861 7.49524 7.43147 7.47916 7.52001 7.53556 7.48591 7.44425 7.48876 7.40978 7.34901 7.36400 7.40930 7.44738 7.49808 7.53941 7.55712 7.53926 7.49031 7.46322 7.49234 7.54989 7.58880 7.57908 7.53554 7.53394 7.55765 7.53612 7.48796 7.43835 7.50302 7.55588 7.56058 7.55814 7.56661 7.58228 7.58975 7.58167 7.57416 7.58768 7.59596 7.58460 7.60450 7.63629 7.64614 7.64839 7.65107 7.65001 7.64700 7.64998 7.65518 7.64980 7.62868
-99999.00000 -99999.00000 -99999.00000 -99999.00000 -99999.00000 7.60162 7.58619 7.52674 7.49017 7.49636 7.46170 7.44011 7.46339 7.43643 7.47231 7.47505 7.51350 7.52803 7.53016 7.49235 7.46461 7.49662 7.42373 7.37832 7.41101 7.45833 7.50507 7.51775 7.54079 7.56142 7.54590 7.49850 7.47249 7.50319 7.54672 7.58997 7.60313 7.56440 7.53696 7.54307 7.51579 7.46758 7.48284 7.54408 7.55977 7.55376 7.55483 7.57143 7.59414 7.60845 7.59989 7.58892 7.59773 7.57765 7.58433 7.62046 7.63502 7.62307 7.62187 7.63290 7.65016 7.65825 7.66062 7.66216 7.66090 7.64732
