mrvbf_slope0.5_pctl0.7.asc
NCOLS 410
NROWS 410
XLLCORNER 2398750.0000000000000000
YLLCORNER 2548750.0000000000000000
CELLSIZE 250.0000000000000000
NODATA_VALUE -99999.00000
[rows 348 to 376 of 410, columns 198 to 263 of 410]
3.18256 3.04775 3.06201 3.24158 3.28932 3.25044 3.02029 2.60109 2.07236 1.94847 2.87538 3.23551 3.24431 3.15809 2.93121 2.70677 2.67236 2.91913 3.01326 2.92177 2.89156 2.96959 2.97146 2.67535 2.53575 2.31683 1.90567 1.62512 1.53505 1.60160 1.87007 2.31486 2.15837 1.70777 1.43537 1.18340 1.07710 1.08025 1.27877 1.61887 1.87906 1.79290 1.66230 1.60924 1.86120 2.17358 2.08194 2.21843 2.43091 2.26719 2.08980 2.16990 2.25273 2.26131 2.61999 3.07677 3.11946 2.92670 2.94387 2.97648 2.70896 2.33705 2.33611 2.84086 3.41553 3.26067
3.06601 3.06717 3.26293 3.22448 3.28030 3.06733 2.73817 2.54262 2.35719 2.38705 3.04422 3.39401 3.43646 3.35898 3.10765 2.92202 2.99226 3.23584 3.34755 3.28840 3.12886 2.97248 2.80277 2.58322 2.39960 1.94226 1.42055 1.04101 0.84355 0.76507 1.14743 1.84386 1.79843 1.36104 0.94070 0.83878 0.85129 0.90381 1.14934 1.69852 2.22606 1.97400 1.62282 1.29214 1.35379 1.70021 1.94468 2.24911 2.42371 2.19914 1.71922 1.70350 1.87097 2.10602 2.62538 3.09831 2.97741 2.82451 2.82246 2.51736 2.45333 2.41877 2.54250 2.96206 3.45529 3.45660
3.19120 3.21989 3.27399 3.15798 3.00677 2.76658 2.80103 2.87114 2.90756 2.85521 3.11685 3.44040 3.51208 3.42459 3.22342 3.15292 3.27014 3.42206 3.49569 3.47960 3.42675 3.29752 2.96971 2.67972 2.38357 1.82269 1.18598 0.80618 0.66278 0.56260 0.61616 1.57988 1.66567 1.06335 0.73664 0.79303 0.89020 0.88084 0.89716 1.65419 2.16323 1.79654 1.36556 1.30660 1.04578 0.93965 1.30212 2.05894 2.45318 2.06430 1.19453 0.98728 1.35583 1.84591 2.37125 2.83147 2.76419 2.53200 2.25348 2.32064 2.63767 2.77980 2.91396 3.01564 3.30200 3.38182
3.07807 3.00584 3.14218 3.22913 3.09510 3.12786 3.32063 3.34166 3.28067 3.20589 3.25179 3.43673 3.45504 3.38816 3.21259 3.16716 3.27985 3.38938 3.38939 3.37216 3.45384 3.45161 3.16195 2.73216 2.44035 1.93199 1.18631 0.76499 0.62303 0.55144 0.54149 1.33225 1.60581 0.94742 0.71111 1.04716 1.76713 1.43720 0.79458 1.57690 2.13664 1.70003 1.49491 2.08418 1.94876 1.37706 1.33170 2.03586 2.49322 1.90228 1.15830 1.24545 1.29499 1.75707 2.22597 2.54986 2.53064 2.31100 1.80082 2.23902 2.99265 3.23944 3.15612 3.01177 3.05869 3.00290
2.96069 3.08732 3.36465 3.46057 3.43712 3.45929 3.46266 3.42177 3.35831 3.29802 3.27461 3.39239 3.40813 3.34955 3.13606 3.07315 3.20616 3.26409 3.25467 3.29495 3.37180 3.42855 3.29641 2.87285 2.47379 2.03533 1.38634 0.90592 0.69714 0.61008 0.63625 1.47249 1.79521 1.26940 0.77313 0.76838 1.02588 1.38449 1.02196 1.69885 2.35502 2.02275 1.87001 2.09614 1.75072 1.36053 1.91232 2.49342 2.80325 2.14545 1.47949 1.89710 2.02886 2.18153 2.47678 2.69883 2.67689 2.44546 1.69470 2.14656 2.89678 3.21422 3.25587 3.26941 3.21701 3.05234
3.16242 3.40389 3.45431 3.47577 3.43117 3.46046 3.40447 3.33058 3.32783 3.36144 3.22308 3.32850 3.39497 3.20737 2.96508 2.96843 3.15223 3.23722 3.27288 3.31465 3.36012 3.33538 3.27073 3.11119 2.67502 2.30941 1.80675 1.38879 1.09226 1.03744 1.32467 2.07281 2.27023 1.75761 1.47444 1.15099 0.97770 1.44384 1.63543 2.00736 2.54388 2.44459 2.16943 2.10536 1.96853 2.07124 2.51337 2.86762 2.69059 2.29875 2.09055 2.28254 2.43543 2.57023 2.91770 3.17947 3.11933 2.74413 2.16642 2.22272 2.64335 3.06380 3.31715 3.46260 3.47085 3.40842
3.41609 3.52331 3.54267 3.53070 3.43563 3.37240 3.32095 3.23263 3.06627 3.20359 3.25770 3.16242 2.98374 2.71723 2.68892 2.93077 3.16971 3.33136 3.33247 3.34601 3.35957 3.30351 3.21701 3.06335 2.93765 2.56389 2.24163 1.76905 1.45987 1.44179 1.63359 2.10499 2.45768 2.12665 1.82531 1.71692 1.43147 1.89456 2.27111 2.28255 2.64183 2.92408 2.55888 2.36274 2.32891 2.51159 2.51029 2.20676 2.05957 2.11106 2.46291 2.68068 2.69988 2.90487 3.27943 3.40858 3.31964 3.00272 2.46940 2.35422 2.54028 2.92226 3.37304 3.50675 3.52195 3.49021
3.46948 3.51201 3.56019 3.57364 3.53015 3.41017 3.36723 3.08287 2.85373 2.98069 3.07144 2.91071 2.67708 2.57554 2.58067 2.62247 2.93779 3.16596 3.33752 3.38770 3.33999 3.36547 3.30430 3.00769 2.95339 2.73550 2.41888 1.95032 1.47033 1.03740 1.43622 1.84205 2.33859 1.87599 1.62429 1.82262 1.84151 2.31731 2.64568 2.46236 2.55446 2.84197 2.57934 2.27519 2.17480 2.13718 1.87067 1.63810 1.51811 1.74540 2.33039 2.65800 2.82858 3.20752 3.46659 3.49408 3.35573 3.16432 2.68411 2.45528 2.53377 2.82000 3.28399 3.45395 3.38894 3.20320
3.39937 3.35156 3.34194 3.37362 3.44783 3.34139 2.99069 2.67208 2.65594 2.86986 2.94146 2.83375 2.65008 2.50605 2.12412 1.57374 1.76182 2.28153 3.05314 3.38303 3.37615 3.31185 3.25620 3.14107 2.94637 2.80027 2.53078 2.13689 1.64889 1.18717 1.34064 2.01835 2.50640 2.10962 1.86895 2.27250 2.37894 2.50779 2.76559 2.45311 2.34121 2.35204 1.96923 1.72253 1.68346 1.65554 1.41233 1.13599 1.15650 1.41961 1.88844 2.36817 2.85157 3.37409 3.54446 3.51505 3.35408 3.20164 2.98951 2.59661 2.56298 2.77521 3.24453 3.43250 3.23677 2.94234
3.38181 3.21108 3.03225 2.98933 3.14397 3.08019 2.66972 2.51496 2.59463 2.73267 2.79546 2.91682 2.44930 1.81667 0.88641 0.63735 0.66777 1.09139 2.38181 3.32295 3.48518 3.39240 3.19394 3.01368 2.87376 2.68698 2.54071 2.29657 1.93417 1.72339 1.73288 2.16472 2.55185 2.38067 2.21890 2.32872 2.37544 2.41288 2.55382 2.43744 2.14126 1.84316 1.57374 1.32713 1.14720 0.91775 0.87148 0.97650 1.11591 1.26371 1.58757 2.21185 2.85296 3.41042 3.56435 3.51128 3.36580 3.24175 3.01987 2.64198 2.59737 2.79573 3.26370 3.41612 3.15615 2.81981
3.35914 3.21387 3.09083 2.98472 2.95632 2.91609 2.50095 2.44179 2.57736 2.64636 2.68234 2.69152 2.22583 1.06320 0.59051 0.52715 0.54988 0.67348 1.82584 3.04305 3.51375 3.43538 3.02217 2.71918 2.58220 2.42456 2.21599 2.05483 1.95301 1.91862 1.91638 1.98552 2.09598 2.22905 2.39070 2.45973 2.47099 2.43970 2.44084 2.41724 1.85025 1.47934 1.20719 1.02683 0.83013 0.71541 0.79467 1.05289 1.16950 1.26350 1.54330 2.17262 2.87005 3.40849 3.50974 3.45069 3.32406 3.26959 2.92174 2.66609 2.66170 2.86023 3.15196 3.27394 3.12373 2.71229
3.20969 3.22997 3.10915 2.95346 2.91368 2.60168 2.30727 2.44815 2.63762 2.66034 2.62130 2.56046 2.34840 1.24758 0.61723 0.59871 0.79067 0.71937 1.71590 2.87764 3.42711 3.16581 2.73996 2.60113 2.38358 1.93704 1.57117 1.52618 1.58464 1.65889 1.66846 1.59036 1.53606 1.67702 2.03811 2.41334 2.59233 2.54566 2.37340 2.04017 1.54063 1.29442 1.20426 1.07900 0.87349 0.84279 0.94846 1.12018 1.21011 1.29183 1.55448 2.09496 2.70568 3.17430 3.24059 3.16662 3.13236 3.20701 2.87964 2.74140 2.77596 2.85834 2.94225 3.02311 2.93367 2.62205
2.84345 2.89939 2.99284 2.97577 2.77632 2.41057 2.26416 2.68528 2.81639 2.92504 2.86119 2.67756 2.59029 1.95777 0.84108 0.59857 0.74115 0.88490 2.06635 2.91230 3.36571 3.10393 2.67989 2.47665 2.03094 1.30384 1.06584 1.01771 1.06404 1.14173 1.14218 1.03076 0.93250 1.09573 1.58808 2.12381 2.51081 2.54443 2.27351 1.81345 1.48726 1.37833 1.36132 1.16851 0.81805 0.76148 0.87749 1.14325 1.25964 1.29324 1.51069 1.91579 2.43575 2.59553 2.61033 2.66729 2.83572 2.99842 2.85279 2.83886 2.97377 3.03490 3.08155 3.07598 3.00915 2.73457
2.79281 2.70876 2.70412 2.67423 2.56797 2.36972 2.43222 2.76493 2.85245 3.13028 3.10948 3.03746 2.97941 2.72370 1.96410 0.91109 0.86416 1.69386 2.63970 3.17362 3.27276 3.05637 2.75119 2.35100 1.52283 0.94574 0.80406 0.76849 0.76332 0.76696 0.73534 0.70050 0.67253 0.76541 1.19840 1.85481 2.36444 2.45291 2.16898 1.72484 1.48752 1.45808 1.45756 1.22639 0.79940 0.84715 0.79841 1.16794 1.34365 1.29011 1.43129 1.82627 2.32766 2.35270 2.34397 2.46686 2.62534 2.74025 2.77105 2.87463 3.13163 3.32888 3.33682 3.25874 3.19236 2.94067
2.80887 2.75405 2.68483 2.59185 2.48025 2.41487 2.57111 2.76307 2.72248 2.89349 2.99620 3.18680 3.33810 3.21471 2.83113 2.39859 2.33570 2.65954 3.10241 3.27837 3.18839 2.99760 2.78915 2.34459 1.32986 0.82697 0.74014 0.70788 0.66853 0.63006 0.59665 0.62007 0.68083 0.73351 1.07861 1.80813 2.36681 2.39610 2.02543 1.65717 1.49871 1.49234 1.50629 1.35081 1.03549 0.90594 1.04606 1.34741 1.44510 1.39732 1.52411 1.94232 2.40554 2.33979 2.35509 2.41948 2.49436 2.57597 2.67025 2.82286 3.09558 3.32715 3.34209 3.17016 2.94034 2.75779
2.73808 2.85296 2.80348 2.61595 2.49265 2.49730 2.73795 2.90337 2.70309 2.66324 2.86307 3.21885 3.37353 3.16151 2.86075 2.70164 2.72184 2.99646 3.20423 3.16562 3.07812 3.02834 2.89847 2.44863 1.43850 0.82317 0.70432 0.65064 0.61726 0.57745 0.57704 0.61586 0.80124 0.80663 1.12557 1.92323 2.52383 2.35646 1.82136 1.58164 1.52601 1.49507 1.49356 1.29533 0.93977 0.94335 1.07489 1.30961 1.43310 1.49229 1.66045 2.10163 2.43259 2.37198 2.45660 2.44332 2.40054 2.46879 2.58857 2.72991 2.93612 3.13103 3.03274 2.72253 2.46790 2.19724
2.73704 2.79302 2.71984 2.55456 2.43796 2.39818 2.42645 2.43809 2.46230 2.61721 2.85195 3.15794 2.99513 2.61844 2.42563 2.37066 2.49435 2.62980 2.97593 2.94409 2.94866 3.04435 2.97374 2.57608 1.82999 1.04276 0.78245 0.68542 0.61154 0.63576 0.74761 0.74307 0.87863 1.02640 1.51562 2.22940 2.75416 2.23966 1.65687 1.49444 1.50851 1.49353 1.48055 1.13450 0.68689 0.63405 0.63616 0.84710 1.37828 1.58667 1.76530 2.11075 2.32659 2.33257 2.34264 2.37234 2.27053 2.34578 2.47641 2.55072 2.61066 2.67076 2.60318 2.36783 2.00882 1.66394
2.66244 2.62073 2.49520 2.31922 1.92742 1.59705 1.53884 1.64385 1.73213 2.02625 2.44973 2.57643 2.53291 2.34646 2.17484 2.21588 2.35049 2.46249 2.64362 2.85946 2.80007 2.90404 2.98572 2.69061 2.25888 1.53762 1.13204 0.88163 0.72888 0.82457 1.35239 1.31455 1.24669 1.56544 1.96104 2.51766 2.88828 2.13020 1.54688 1.35785 1.28879 1.09249 1.34953 1.22682 0.71501 0.66297 0.61202 0.85025 1.49116 1.70347 1.83384 1.93380 1.92265 1.81507 1.85113 1.97505 1.89809 2.04174 2.18363 2.24381 2.28861 2.32525 2.25862 1.91251 1.62831 1.50134
2.55829 2.45185 2.18430 1.73831 1.24760 0.82615 0.72863 0.71033 0.72630 1.34829 1.73130 1.92458 2.21843 2.17783 1.94256 2.19476 2.36762 2.43709 2.56197 2.69880 2.84316 2.96931 3.00112 2.88421 2.53472 2.16668 1.72330 1.51303 1.39566 1.46447 1.80058 1.93125 2.02502 2.28247 2.40861 2.86326 2.96408 2.12174 1.56273 1.34585 1.28325 1.19391 1.45636 1.62937 0.97542 0.77148 0.91489 1.44010 1.66475 1.77935 1.79406 1.82010 1.80174 1.73455 1.81797 1.82180 1.66225 1.66297 1.71959 1.79059 1.83125 1.85891 1.79604 1.59033 1.40606 1.54098
2.42267 2.15490 1.74636 1.33403 0.84432 0.65688 0.62917 0.56618 0.54153 0.65644 1.15081 1.52063 1.79659 2.19216 1.99942 2.05517 2.42076 2.52418 2.58299 2.62144 2.87366 2.71812 2.62082 2.73237 2.65343 2.49619 2.34458 2.09120 1.82145 1.77877 2.00761 2.25493 2.62078 2.89323 2.78549 2.96486 2.89556 2.09335 1.56993 1.36726 1.48798 1.64918 1.90032 2.23329 1.62105 1.39553 1.75662 2.03793 1.85873 1.78610 1.83578 2.07030 2.22852 2.29421 2.33925 2.21382 1.99305 1.75051 1.62464 1.62498 1.64095 1.66456 1.63439 1.46333 1.40201 1.74326
2.15972 1.82617 1.41435 0.93811 0.73295 0.69583 0.68824 0.64796 0.63405 0.72061 0.92802 1.37812 1.65180 1.80259 1.87330 2.15646 2.50962 2.57771 2.59846 2.57777 2.63436 2.56434 2.56208 2.53073 2.53596 2.48683 2.42028 2.34228 2.21878 2.10698 2.13604 2.31298 2.72429 3.00634 2.71653 2.64815 2.66687 2.07847 1.58722 1.33692 1.43408 2.04762 2.75179 2.80263 2.65919 2.68160 2.91007 2.94968 2.39464 2.04624 2.23140 2.53244 2.77765 2.74780 2.79741 2.72596 2.57741 2.44298 2.14979 1.73459 1.61264 1.60602 1.62543 1.51854 1.53719 1.58533
1.94903 1.64150 1.24520 0.80426 0.75301 0.85981 1.07016 0.92697 0.98147 1.08477 1.10946 1.29930 1.49945 1.54787 1.51438 1.61495 2.08959 2.37866 2.52274 2.58828 2.58385 2.61918 2.53303 2.54759 2.54501 2.45818 2.39514 2.40896 2.39166 2.23126 2.11712 2.30753 2.67918 2.84653 2.55645 2.43738 2.47588 2.13218 1.64872 1.27150 1.14309 1.80378 2.58750 2.81529 3.11722 3.32252 3.25043 3.23585 3.08785 2.49794 2.49542 2.88763 3.23990 3.12218 3.04775 2.99835 3.08028 3.07551 2.52845 2.03877 1.59649 1.49946 1.69123 1.76127 1.60449 1.31345
1.94698 1.69242 1.41635 1.07027 0.97407 1.01165 0.86179 0.62350 0.75241 1.12434 1.18408 1.22246 1.27773 1.23056 1.16098 1.20494 1.44756 1.97806 2.38077 2.54666 2.59855 2.65381 2.60830 2.57703 2.55962 2.46882 2.44692 2.48386 2.44204 2.18538 2.05736 2.43693 2.85936 2.88507 2.62588 2.38957 2.36681 2.24460 1.82161 1.50720 1.39731 1.99284 2.39801 3.00160 3.19401 3.33674 3.22418 3.24574 3.28163 2.97657 2.53611 2.59827 3.04357 3.22249 3.30548 3.32282 3.43472 3.30476 2.67799 2.36007 2.15904 1.64298 1.81051 2.11144 1.79479 1.24648
1.98600 1.84821 1.61998 1.40863 1.16904 0.90417 0.60823 0.59756 0.60777 1.03846 1.26533 1.24483 1.21061 1.12411 1.05879 1.08488 1.19605 1.57104 2.17926 2.47844 2.55822 2.62553 2.73942 2.58723 2.47096 2.45342 2.56466 2.61080 2.48166 2.23311 2.34200 2.75311 3.03512 2.87645 2.93910 2.54982 2.40546 2.19623 1.81619 1.68219 1.94486 2.32878 2.48087 2.86225 3.25460 3.32241 3.31985 3.23124 3.33690 3.36869 2.96537 2.52813 2.63720 2.89155 3.23966 3.44957 3.53179 3.33341 2.82071 2.63948 2.63907 2.53999 2.18805 2.42621 2.12247 1.10873
1.96417 1.84289 1.63530 1.51744 1.32768 1.09792 0.92480 0.84583 1.04009 1.32130 1.43573 1.45822 1.36107 1.26505 1.21472 1.19795 1.23849 1.39402 1.97970 2.44963 2.49377 2.53038 2.67483 2.58804 2.47908 2.53061 2.65882 2.72697 2.59525 2.48873 2.57171 2.83078 2.99099 2.79122 2.74127 2.73985 2.59594 2.26468 1.85233 1.80148 2.04436 2.15429 2.34558 2.63441 3.13721 3.32526 3.26788 3.32480 3.38159 3.39375 3.14227 2.77890 2.62137 2.69752 3.05198 3.48053 3.59683 3.47483 3.12489 2.72128 2.59941 2.52570 2.90195 3.02438 2.98679 1.90930
1.87820 1.67744 1.52464 1.47193 1.43957 1.29701 1.23595 1.20794 1.07703 0.92934 0.98477 1.37187 1.51995 1.49008 1.42473 1.37493 1.32054 1.30312 1.66106 2.43539 2.50473 2.50141 2.62989 2.58116 2.55932 2.67409 2.73711 2.69602 2.63372 2.61663 2.67487 2.78771 2.85010 2.73610 2.63758 2.65662 2.60200 2.29314 1.81762 1.72128 1.99338 2.15384 2.30071 2.53219 2.78126 3.08112 3.10651 3.16762 3.17329 3.13085 3.01760 2.86315 2.51293 2.66966 3.22308 3.53325 3.62917 3.58408 3.44018 3.14979 2.86070 2.67440 2.70095 2.74216 3.04628 2.79361
1.77353 1.55694 1.43448 1.32742 1.12350 0.95626 0.85753 0.80444 0.79013 0.77757 0.78832 1.05890 1.50155 1.63179 1.57044 1.51223 1.38944 1.21217 1.34981 2.14059 2.50675 2.54036 2.65149 2.62090 2.64404 2.77050 2.81784 2.72026 2.66414 2.71357 2.80617 2.83943 2.82395 2.75569 2.64510 2.55715 2.45841 2.16550 1.72545 1.75874 2.19781 2.35352 2.63664 2.82696 2.91893 2.84743 2.70326 2.74215 2.76935 2.78173 2.80565 2.54632 2.51039 2.92150 3.39053 3.50834 3.57674 3.62968 3.59346 3.51912 3.42513 3.25157 2.90930 2.22992 1.93118 1.98885
1.68491 1.45399 1.26131 0.83822 0.62840 0.67661 0.68206 0.74602 0.86601 0.93582 0.83849 0.86682 1.24088 1.52927 1.54261 1.48814 1.31777 1.09874 1.17897 1.70130 2.43478 2.58075 2.66513 2.69927 2.70831 2.77680 2.82450 2.70415 2.70892 2.88133 3.04692 3.04654 2.98704 2.85930 2.69054 2.50178 2.30441 2.01398 1.78631 1.95672 2.28961 2.51640 2.91070 2.92569 3.19856 2.87940 2.77251 2.75685 2.69562 2.59721 2.46026 2.36513 2.56294 2.98012 3.18897 3.25147 3.42159 3.55607 3.62566 3.63951 3.59419 3.52129 3.14639 1.98077 1.17397 1.57891
1.61289 1.43706 1.08612 0.65411 0.61060 0.72041 0.68305 1.00723 1.22820 1.24167 1.00139 0.80714 0.87375 1.01208 1.06110 1.03387 0.91259 0.85942 0.99246 1.52269 2.02183 2.42577 2.60204 2.73406 2.75183 2.75612 2.72082 2.68144 2.77407 3.07153 3.27073 3.31229 3.24341 2.93780 2.66147 2.46939 2.24247 2.02015 1.93166 2.11613 2.36331 2.62856 2.90550 2.96003 3.22437 2.97568 3.06742 3.16849 3.05977 2.75750 2.43146 2.31907 2.37176 2.53364 2.66815 2.86158 3.13466 3.40914 3.55694 3.62206 3.62068 3.59453 3.16192 1.94061 1.04484 2.44675
