mrvbf_slope0.6_pctl1.4.asc
NCOLS 410
NROWS 410
XLLCORNER 2398750.0000000000000000
YLLCORNER 2548750.0000000000000000
CELLSIZE 250.0000000000000000
NODATA_VALUE -99999.00000
[rows 319 to 347 of 410, columns 132 to 197 of 410]
3.64069 3.65765 3.77626 3.87302 3.86182 3.73775 3.74554 3.76935 3.73406 3.72224 3.67809 3.67818 3.79536 3.78312 3.66666 3.58250 3.55062 3.54507 3.55379 3.59553 3.68286 3.64618 3.56176 3.58524 3.48800 3.28803 3.19114 3.10543 3.01738 3.04036 3.17558 3.28830 3.14526 2.79424 2.53879 2.59620 2.85421 2.54996 1.92875 1.55971 1.80599 1.92397 2.33348 2.36532 2.25595 2.17508 2.21139 2.36764 2.46554 2.40563 2.46440 2.73729 3.02396 3.06455 2.97381 2.92821 2.83966 2.73195 2.70072 2.67409 2.57256 2.50825 2.53658 2.73657 3.04655 3.18532
3.77580 3.72895 3.75887 3.79946 3.80406 3.73739 3.71579 3.79318 3.77293 3.80379 3.79263 3.73448 3.84099 3.80969 3.74139 3.68089 3.66474 3.67779 3.70447 3.64125 3.62741 3.66328 3.55865 3.52799 3.39301 3.03973 2.87153 2.93925 3.01248 3.24355 3.33419 3.28451 3.03508 2.46261 2.25260 3.13052 3.34641 2.95609 2.40095 2.44252 2.51821 2.36322 2.30008 2.36396 2.43457 2.47038 2.51146 2.52771 2.52489 2.56617 2.70391 2.93294 3.07498 2.99192 2.87668 2.85430 2.81741 2.73084 2.71216 2.71047 2.62413 2.60131 2.75268 3.10230 3.25421 3.29198
3.84450 3.88434 3.86834 3.89222 3.93047 3.88916 3.81134 3.93182 3.84993 3.83275 3.97164 3.87818 3.93500 3.89345 3.80450 3.75623 3.75124 3.73202 3.67083 3.66788 3.64188 3.57236 3.55454 3.46071 3.22333 2.87321 2.95285 3.26551 3.36881 3.46028 3.45155 3.32786 3.09918 2.88395 3.06880 3.27641 3.49235 3.30383 2.94418 2.76764 2.69366 2.69163 2.58612 2.53209 2.59319 2.54580 2.49831 2.51819 2.59670 2.74159 2.88238 2.94007 2.93553 2.86685 2.82784 2.88075 2.92547 2.84356 2.75658 2.72189 2.70597 2.80059 3.10175 3.24226 3.27524 3.37279
3.86492 4.09852 4.12822 4.13131 4.14541 3.99017 3.85888 3.96621 3.97302 3.84551 3.94156 3.95199 4.04628 3.98627 3.82949 3.76589 3.75436 3.72351 3.65048 3.65263 3.74692 3.59970 3.53648 3.38847 3.16359 3.15909 3.32780 3.42885 3.47403 3.53694 3.51783 3.42838 3.37466 3.33922 3.31724 3.46060 3.62769 3.51748 3.28756 3.12863 2.87591 2.67818 2.64564 2.60963 2.54427 2.49718 2.47800 2.53199 2.62046 2.76028 2.93373 2.94905 2.80321 2.72039 2.78895 2.92548 2.99697 2.95635 2.85851 2.82019 2.93552 3.14405 3.33844 3.30832 3.39855 3.48590
3.96683 4.12862 4.21007 4.20107 4.20528 4.05820 3.84434 3.85588 3.95806 3.89239 3.97421 4.00048 4.17054 4.13045 3.87970 3.77009 3.74313 3.67483 3.63792 3.73270 3.87035 3.61257 3.46533 3.37523 3.39595 3.48214 3.48091 3.44625 3.44385 3.46163 3.46693 3.46707 3.50970 3.54386 3.52023 3.65493 3.69545 3.45878 3.13386 2.93298 2.85793 2.71953 2.64427 2.67907 2.63248 2.54073 2.51217 2.50138 2.53063 2.59074 2.65357 2.68571 2.55622 2.52387 2.71470 2.95340 3.00538 3.01363 3.06587 3.19115 3.31214 3.32506 3.35231 3.36316 3.46087 3.49818
4.07161 4.20048 4.25539 4.17034 4.15573 4.15259 3.91817 3.77733 3.77820 3.82720 3.97810 3.99077 4.17263 4.26267 4.04774 3.85285 3.82342 3.77046 3.76879 3.93248 3.87176 3.58537 3.43619 3.44647 3.55185 3.59138 3.57771 3.53975 3.49420 3.41425 3.36665 3.38536 3.43980 3.47836 3.48612 3.60216 3.64413 3.39972 3.02499 2.94021 2.96249 2.76237 2.62280 2.75220 2.73220 2.56979 2.47440 2.42009 2.42103 2.40196 2.36701 2.32823 2.26827 2.34004 2.64597 2.96574 3.10858 3.20187 3.30452 3.32514 3.37055 3.37677 3.36739 3.42946 3.48953 3.38067
4.16162 4.28438 4.28360 4.14226 4.09997 4.15606 4.06435 3.84315 3.77199 3.81459 3.86904 3.78102 3.87750 4.16308 4.17874 3.99595 3.98980 4.03122 3.97001 3.83505 3.69917 3.54084 3.43642 3.50315 3.62502 3.68349 3.73234 3.70673 3.59619 3.44040 3.34748 3.32931 3.32772 3.41863 3.38055 3.39063 3.48816 3.43247 3.10794 2.78477 2.76536 2.61610 2.65447 2.78104 2.65411 2.52855 2.43609 2.39626 2.36469 2.31883 2.24790 2.14804 2.10624 2.32819 2.79114 3.13269 3.31011 3.39007 3.42963 3.42985 3.48316 3.48329 3.42058 3.41893 3.40754 3.13343
3.91606 4.08377 4.16765 4.08319 4.04365 4.03127 3.97334 3.89684 3.89259 3.84439 3.76941 3.64406 3.62835 3.79414 4.02835 3.92328 3.93703 3.92345 3.76991 3.64642 3.57975 3.49690 3.46550 3.53697 3.62514 3.65219 3.68889 3.74610 3.69494 3.51758 3.31012 3.17333 3.14605 3.29945 3.37497 3.22808 3.18413 3.20025 3.14822 2.78488 2.56591 2.54945 2.68845 2.67475 2.61571 2.56953 2.50257 2.43697 2.35295 2.29743 2.30034 2.32806 2.56053 2.83951 3.03645 3.32086 3.43938 3.43914 3.41335 3.36946 3.40880 3.37466 3.20914 3.02670 2.96012 2.87040
3.64794 3.74176 3.90612 3.99058 3.97390 3.88113 3.77554 3.73335 3.73868 3.75068 3.65467 3.56221 3.50045 3.60077 3.81613 3.81828 3.80938 3.77278 3.64282 3.57898 3.54377 3.51613 3.52006 3.56212 3.61041 3.61971 3.62712 3.65861 3.72068 3.65036 3.47903 3.21156 2.89678 2.94703 3.14713 3.13842 3.05049 2.88801 2.85200 2.68029 2.52249 2.58310 2.67095 2.63751 2.69808 2.67754 2.51943 2.34271 2.21308 2.16844 2.36724 2.82646 2.97280 3.10870 3.33017 3.48663 3.52289 3.44614 3.30581 3.20857 2.95206 2.81149 2.74413 2.59161 2.52003 2.71366
3.61915 3.66484 3.77877 3.87387 3.77451 3.67129 3.61071 3.58345 3.57781 3.62719 3.60259 3.54155 3.46008 3.49739 3.70134 3.72879 3.70375 3.67746 3.59191 3.55970 3.56537 3.56992 3.57320 3.59127 3.61952 3.63604 3.62959 3.61178 3.65573 3.74538 3.65247 3.49105 3.16397 2.88837 2.97712 2.94642 2.88255 2.88233 2.85178 2.70305 2.64915 2.65916 2.66139 2.71809 2.74576 2.61158 2.34734 2.10659 1.95416 1.96098 2.53761 2.90840 3.17872 3.40620 3.47140 3.50490 3.53719 3.46362 3.21225 2.81908 2.44312 2.45796 2.79267 2.77841 2.65690 2.74719
3.66155 3.68310 3.77889 3.79285 3.63918 3.54031 3.48892 3.50558 3.54847 3.59725 3.63645 3.59231 3.48890 3.44985 3.61481 3.63244 3.60660 3.57225 3.53059 3.54663 3.59317 3.62036 3.61449 3.60111 3.60178 3.63353 3.61568 3.56630 3.58427 3.63084 3.59763 3.49018 3.25040 2.93763 2.80745 2.68059 2.70521 2.92307 2.84611 2.68777 2.72612 2.84671 2.87206 2.73594 2.58402 2.33433 2.01221 1.63606 1.56903 2.30918 2.88083 2.95161 3.25738 3.42316 3.33393 3.33671 3.44787 3.41018 2.98199 2.51434 2.47824 2.81330 2.97561 3.00178 2.94078 3.16946
3.64841 3.69668 3.78393 3.67774 3.54543 3.45566 3.45383 3.51597 3.54416 3.59086 3.65276 3.62172 3.55707 3.41534 3.51170 3.54016 3.49806 3.46455 3.48626 3.55247 3.61934 3.66171 3.62798 3.58847 3.60539 3.65146 3.61386 3.52429 3.45407 3.43331 3.37964 3.23257 2.97526 2.75769 2.63289 2.56776 2.73348 2.97848 2.75819 2.65647 2.76452 3.03698 2.97847 2.70254 2.48287 2.12972 1.63068 1.15072 1.80547 2.54128 2.79588 3.15846 3.40331 3.30706 3.15383 3.12889 3.26083 3.27160 2.78763 2.50967 2.94763 2.93831 3.17721 3.26887 3.20917 3.17318
3.62353 3.68962 3.76169 3.61768 3.49097 3.46660 3.53812 3.56267 3.47431 3.52124 3.61584 3.59677 3.57673 3.47957 3.50526 3.56588 3.51936 3.49446 3.52341 3.57709 3.62735 3.67755 3.66197 3.59805 3.57634 3.57829 3.56567 3.54264 3.43055 3.30703 3.20622 3.07067 2.92369 2.81049 2.67225 2.66830 2.99591 3.14231 2.90152 2.82774 2.91270 3.04845 2.72384 2.45024 2.27169 1.99933 1.31658 1.53447 2.17238 2.45781 3.06955 3.37496 3.40976 3.22675 3.15537 3.09694 3.12881 2.96542 2.53895 2.57007 3.15870 3.16822 3.26500 2.91300 2.66313 2.71967
3.61734 3.69855 3.76961 3.60993 3.50117 3.53132 3.64656 3.68842 3.57813 3.46905 3.57013 3.60098 3.58564 3.57153 3.54675 3.61422 3.54491 3.55123 3.59703 3.61025 3.60371 3.62925 3.68748 3.66351 3.61085 3.58176 3.52515 3.44532 3.42392 3.38988 3.32892 3.21815 3.08547 2.97555 2.80724 2.95072 3.24392 3.24289 3.11060 3.09323 3.08270 3.07762 2.55752 2.33627 2.32298 2.28036 2.15837 2.23613 2.42696 2.99249 3.31460 3.21178 3.18273 3.22656 3.28132 3.14163 3.01377 2.48301 2.18051 2.62485 3.08033 3.15342 3.14531 2.55611 2.41306 2.50939
3.61368 3.71856 3.81132 3.62596 3.52086 3.56523 3.68287 3.70912 3.67351 3.59667 3.59296 3.67094 3.63078 3.63727 3.56251 3.57530 3.52962 3.54288 3.62897 3.63607 3.56345 3.54552 3.60619 3.68526 3.69316 3.64940 3.54685 3.37000 3.33887 3.45731 3.47603 3.37248 3.21930 3.11601 2.98036 3.06894 3.20963 3.28362 3.19133 3.15992 3.16209 2.94137 2.42711 2.33798 2.65310 2.80916 2.97343 3.05170 3.10100 3.32571 3.17635 3.00456 3.13070 3.23850 3.22439 3.01773 2.67663 2.16791 2.45134 2.97639 3.00066 3.10457 3.20861 2.52149 2.46413 3.00977
3.62956 3.76008 3.89524 3.65695 3.52985 3.57178 3.70362 3.71429 3.70867 3.69608 3.65067 3.70983 3.65336 3.64558 3.58151 3.53277 3.50311 3.56339 3.64673 3.62906 3.53199 3.48937 3.50570 3.57204 3.60020 3.55822 3.42478 3.24504 3.37503 3.53367 3.54793 3.39361 3.22054 3.14006 3.00179 2.95946 3.00585 3.07942 3.05038 2.89037 2.79036 2.62220 2.38733 2.48605 2.89684 2.97071 2.94909 3.14114 3.21350 3.28883 3.04101 3.10153 3.00242 2.95585 3.08886 3.17620 2.95530 2.55196 2.45568 2.62282 2.96256 3.09560 3.30504 2.65883 2.18276 2.85817
3.62605 3.74396 3.91292 3.68625 3.55367 3.57976 3.71141 3.74655 3.76034 3.73380 3.70256 3.74807 3.66541 3.65603 3.65669 3.60776 3.59060 3.63006 3.63995 3.61312 3.58374 3.54551 3.51028 3.49935 3.48932 3.43408 3.33576 3.36006 3.51923 3.57766 3.59569 3.47123 3.17075 2.95429 2.90247 2.91277 3.04178 2.98699 2.81703 2.66624 2.59725 2.48464 2.51065 2.80586 3.09209 3.17655 3.06496 3.09367 3.26216 3.19577 2.96391 2.97562 2.72851 2.79623 3.15036 3.27359 3.27074 2.93135 2.75959 2.63642 2.76598 2.94877 3.19002 2.97876 2.48275 2.57056
3.59195 3.67550 3.80602 3.68684 3.57815 3.60584 3.73589 3.76377 3.80398 3.79371 3.77933 3.78430 3.70402 3.65219 3.67564 3.68968 3.69313 3.71857 3.67793 3.67241 3.64489 3.66083 3.61417 3.53639 3.46940 3.43350 3.43685 3.50821 3.58529 3.60398 3.60843 3.53333 3.27270 2.86560 2.81272 2.87342 3.05610 3.12810 2.85629 2.72608 2.73168 2.68677 2.77486 2.93988 3.12697 3.19481 3.13379 3.10104 3.18919 3.19114 3.01154 2.83468 2.92176 2.97243 3.11402 3.25074 3.05538 2.75580 2.77345 2.54771 2.37072 2.62656 2.94536 3.24889 3.05464 2.85637
3.58053 3.62608 3.68901 3.64367 3.58082 3.61988 3.72731 3.76422 3.77326 3.75388 3.76619 3.75181 3.70032 3.66918 3.69791 3.72717 3.72593 3.73800 3.74331 3.73569 3.73683 3.72956 3.67920 3.60276 3.54546 3.53009 3.54516 3.57016 3.55874 3.53546 3.51829 3.43073 3.09148 2.85933 3.05114 2.93818 2.97778 3.13259 2.91596 2.85325 2.95373 2.97101 2.94571 2.92007 3.00165 2.96163 2.80123 2.79303 2.97575 3.20126 3.15943 2.93802 2.79537 2.93855 3.20147 3.20417 2.79721 2.58949 2.55984 2.03612 1.63317 1.76454 2.49156 3.16391 3.01488 2.24259
3.59548 3.63764 3.66155 3.63080 3.61742 3.66190 3.76932 3.86247 3.81669 3.74879 3.76372 3.74115 3.69760 3.71066 3.76866 3.78531 3.74568 3.72723 3.73061 3.73601 3.72799 3.71143 3.67159 3.63066 3.62762 3.63022 3.63106 3.61546 3.55099 3.45950 3.38104 3.23508 2.96478 3.10094 3.16277 2.97698 3.08622 3.14559 2.89351 2.81264 2.92341 2.98041 2.98813 3.07622 3.02751 2.88942 2.73100 2.77689 2.74608 2.97896 3.25911 3.18776 3.05960 3.10616 3.23573 3.26696 2.91778 2.66527 2.67581 2.20589 2.26718 1.60507 2.23949 2.97018 2.25997 1.09771
3.60610 3.69138 3.72326 3.70601 3.69193 3.72198 3.81212 3.78999 3.75963 3.76809 3.80711 3.76591 3.75101 3.78818 3.82551 3.87281 3.81030 3.75924 3.74617 3.73034 3.69896 3.69004 3.66127 3.61531 3.61006 3.64253 3.66012 3.62380 3.54795 3.45398 3.33873 3.19258 3.22323 3.37438 3.26940 3.13678 3.19641 3.15171 2.88441 2.68322 2.69696 2.78599 2.88105 3.01115 3.04672 2.87530 2.67095 2.72952 2.72809 2.70593 2.93754 2.83605 2.90099 2.97988 3.28916 3.27104 3.22699 2.89939 2.60986 2.37405 2.90934 2.08524 2.46526 2.47722 1.73123 1.43429
3.61328 3.72884 3.81881 3.75170 3.69897 3.72553 3.80975 3.77455 3.78040 3.82368 3.82077 3.77190 3.77015 3.82398 3.89609 3.94052 3.83935 3.75922 3.73599 3.69799 3.65089 3.66274 3.67716 3.62767 3.59502 3.61681 3.63694 3.60338 3.52839 3.46165 3.38815 3.28651 3.40825 3.45921 3.31730 3.26359 3.29834 3.23598 3.00645 2.72400 2.63014 2.68889 2.86350 3.03575 3.07448 2.92368 2.65543 2.54212 2.68155 2.70369 2.82491 2.98736 3.00958 3.11310 3.16539 3.19875 3.21297 3.15137 2.73368 2.41356 2.90945 2.54627 2.41296 2.50552 2.48327 2.39432
3.62758 3.69876 3.82768 3.81923 3.71328 3.70682 3.78693 3.76692 3.73703 3.73354 3.74106 3.74547 3.76364 3.82622 3.90443 3.85816 3.75435 3.70421 3.68795 3.65816 3.61295 3.60338 3.63493 3.60341 3.54489 3.56183 3.57950 3.55369 3.51248 3.43075 3.33826 3.31585 3.37878 3.45028 3.25602 3.16122 3.13572 3.00024 2.65441 2.40433 2.33705 2.45200 2.75207 3.11645 3.23899 3.12808 2.69882 2.47468 2.58846 2.84254 2.85364 3.07037 3.16945 3.11680 2.99137 2.97911 3.15649 3.24207 2.81796 2.50986 2.60444 2.97544 2.76865 3.01355 3.23990 3.21494
3.63092 3.64394 3.72871 3.83931 3.74124 3.69571 3.74562 3.77530 3.75246 3.73553 3.74266 3.74889 3.75131 3.77944 3.83931 3.78371 3.70498 3.66380 3.64079 3.65014 3.62705 3.57900 3.55831 3.46505 3.41039 3.49425 3.50048 3.44649 3.48220 3.42543 3.33549 3.36565 3.36936 3.40189 3.12862 2.87716 2.62856 2.08155 1.84008 1.76444 1.75093 1.81862 2.28645 2.74165 3.18271 3.17122 2.63846 2.42914 2.56429 2.90342 2.85505 2.85034 2.96030 2.88832 2.87634 2.97249 3.12926 3.22634 3.12143 2.86739 2.53811 2.98873 3.31872 3.36400 3.35228 3.32746
3.65349 3.64170 3.67695 3.78400 3.77494 3.70647 3.71622 3.77043 3.81692 3.82184 3.82275 3.80191 3.76890 3.74261 3.77506 3.74701 3.66789 3.62962 3.61200 3.61818 3.60223 3.57186 3.51728 3.38262 3.40622 3.51677 3.52057 3.41724 3.44005 3.48842 3.47731 3.39048 3.30988 3.31120 3.01930 2.39210 1.76195 1.30168 0.90710 0.76427 0.76454 0.83687 1.48542 2.22594 2.71028 2.96565 2.57115 2.39401 2.51061 2.89241 2.91371 2.76273 2.73514 2.74944 2.83077 2.92816 3.04926 3.29799 3.17740 2.99847 2.78973 2.84415 3.19662 3.42152 3.48870 3.45753
3.66581 3.64234 3.65766 3.75512 3.79806 3.72168 3.70650 3.76583 3.83965 3.82900 3.83738 3.79977 3.77477 3.73050 3.73001 3.71643 3.65321 3.64262 3.67445 3.62188 3.61777 3.59296 3.56613 3.56230 3.62249 3.61459 3.61008 3.53792 3.40660 3.51082 3.51899 3.27114 2.79031 2.70309 2.70602 2.00011 1.47135 0.68771 0.53329 0.53585 0.54271 0.56670 0.88383 1.74434 2.31309 2.58418 2.46758 2.33211 2.43017 2.77236 2.98167 2.96228 2.84509 2.80052 2.82425 2.72126 2.79476 3.13662 2.94996 2.84846 3.07384 3.08904 3.13950 3.32187 3.47188 3.53112
3.68070 3.63223 3.63330 3.72324 3.79204 3.72688 3.71138 3.77573 3.81306 3.82599 3.85768 3.79295 3.76041 3.75638 3.73032 3.71188 3.68805 3.71176 3.71385 3.68415 3.65902 3.67315 3.66070 3.65117 3.64452 3.68012 3.65834 3.53240 3.51176 3.43750 3.31898 2.45942 1.99918 1.87039 2.10162 1.78510 1.23289 0.61247 0.50542 0.43267 0.39780 0.48778 0.55261 1.51738 1.99938 2.31316 2.24835 2.17261 2.36731 2.66774 2.91715 3.11586 3.03032 2.94812 2.89875 2.61194 2.47321 2.47955 2.33334 2.50651 2.94420 3.16653 3.35544 3.38419 3.49296 3.58051
3.71785 3.64734 3.62575 3.70160 3.77224 3.73839 3.74037 3.79913 3.82489 3.86101 3.91997 3.82684 3.76623 3.78082 3.77697 3.75672 3.75577 3.77927 3.76831 3.72222 3.67418 3.68736 3.67821 3.68261 3.64999 3.65386 3.64718 3.56767 3.45717 3.48935 3.16383 2.21426 2.54738 1.96391 1.93063 1.48439 0.75853 0.54445 0.47574 0.32743 0.26167 0.33695 0.45287 1.14775 1.91893 2.21973 2.15586 2.07414 2.39487 2.63360 2.78101 2.95447 3.02078 3.04953 2.95243 2.89177 2.44475 1.91670 1.71655 2.26556 2.58008 2.91303 3.29235 3.42539 3.53241 3.58796
3.73160 3.66036 3.65017 3.71977 3.77252 3.75752 3.77463 3.83348 3.84961 3.88200 3.92978 3.83422 3.77485 3.79079 3.81166 3.79410 3.79384 3.82596 3.81603 3.75966 3.71456 3.69187 3.69869 3.70834 3.66937 3.62952 3.60685 3.56203 3.49045 3.46882 2.97550 1.80881 1.63001 1.78438 1.74973 1.28368 0.64524 0.45787 0.29837 0.28233 0.34133 0.29299 0.37960 0.85232 2.05027 2.38945 2.35246 2.39479 2.70064 2.83769 2.88253 2.95451 3.02389 3.13905 3.11242 2.84477 2.59121 2.21334 2.36060 2.55928 2.41679 2.68079 3.02764 3.28120 3.45670 3.54306
