mrvbf_slope1_pctl1.4.asc
NCOLS 410
NROWS 410
XLLCORNER 2398750.0000000000000000
YLLCORNER 2548750.0000000000000000
CELLSIZE 250.0000000000000000
NODATA_VALUE -99999.00000
[rows 290 to 318 of 410, columns 66 to 131 of 410]
5.82902 5.64169 5.74538 5.80617 5.42199 5.29988 5.35837 5.27351 5.18956 5.21092 5.41759 5.70494 5.91203 6.06630 6.07471 6.01641 5.96478 5.85662 5.85931 6.11046 6.39288 6.34021 6.07289 5.85721 6.04269 6.39673 6.60469 6.65094 6.57240 6.41581 6.21055 6.00480 5.86200 6.10078 6.35187 6.16006 6.23924 6.42748 6.33361 6.00682 5.82259 5.99438 6.24661 6.26949 6.40668 6.41570 6.45537 6.26091 5.92451 5.88129 6.20036 6.00571 5.78828 5.95791 5.86810 5.98884 6.35172 6.52833 6.42348 6.27692 6.10704 5.99882 5.99361 6.11197 6.36764 6.48582
5.78162 5.49971 5.50992 5.44305 5.11759 5.06899 5.16796 5.21412 5.25829 5.44599 5.83615 6.07191 6.23092 6.36363 6.28510 6.12041 5.94377 5.76106 5.69232 5.88509 6.22800 6.37177 6.28716 6.28788 6.51895 6.63728 6.62357 6.47634 6.15194 5.98805 6.03873 6.18906 6.21745 6.20622 6.30257 6.12543 6.11144 6.38139 6.47017 6.13302 5.74084 5.66616 5.96232 6.25982 6.42639 6.39950 6.31899 6.17982 5.95784 6.19355 6.44654 6.12321 5.97844 6.16730 5.86775 5.89873 6.34628 6.50793 6.38083 6.25723 6.12674 6.02041 6.02351 6.13278 6.22985 6.21141
5.60758 5.36844 5.22759 5.10089 4.94346 4.96771 5.10537 5.22704 5.33064 5.50148 5.78867 6.11974 6.35710 6.42312 6.35304 6.21960 5.94282 5.65857 5.53941 5.72913 6.15446 6.38584 6.30936 6.18179 6.23562 6.27998 6.13315 5.80103 5.58697 5.70182 5.94530 6.23250 6.35917 6.09069 5.71749 5.54090 5.74515 6.14306 6.31985 6.25512 6.25622 5.99280 5.95513 6.17967 6.33533 6.32361 6.19485 5.99882 5.97128 6.35435 6.53057 6.09729 5.96360 6.23368 5.81434 5.81788 6.32946 6.47298 6.31402 6.23256 6.24905 6.26413 6.30863 6.36146 6.25933 6.00018
5.78349 5.64586 5.38005 5.08973 4.93157 4.96681 5.14601 5.33394 5.46449 5.56106 5.64727 5.89268 6.21599 6.38198 6.35310 6.26397 5.97292 5.61570 5.48697 5.66853 6.01050 6.15090 6.07944 5.89271 5.70866 5.55888 5.42626 5.37706 5.58916 5.87368 5.95590 6.00884 6.11462 5.99106 5.60492 5.55529 5.79241 5.99608 6.07726 6.05055 6.16110 6.34194 6.34691 6.36391 6.37391 6.32579 6.18280 5.95664 5.89784 6.26674 6.44724 6.04839 6.02358 6.30220 5.86970 5.79998 6.26907 6.50080 6.29176 6.21759 6.38398 6.53431 6.56440 6.48565 6.26857 6.03285
6.04852 5.95871 5.73515 5.21225 4.96205 5.05785 5.30879 5.54317 5.68207 5.72652 5.65765 5.76298 6.06357 6.25400 6.27073 6.17866 5.94760 5.64056 5.55634 5.71508 5.86840 5.88828 5.89297 5.83512 5.55709 5.24624 5.22477 5.49118 5.94713 6.22659 6.16175 5.98544 5.79452 5.66660 5.69865 6.02916 6.25346 6.20603 6.06834 5.96877 5.94695 6.11435 6.29716 6.40944 6.40431 6.27538 6.11120 5.95653 5.93459 6.19434 6.31711 6.13121 6.20042 6.31657 6.04376 5.84925 6.20102 6.56913 6.29832 6.14913 6.39712 6.64281 6.55065 6.31155 6.13485 6.12484
6.08090 6.07971 5.80441 5.13312 4.95148 5.24316 5.58202 5.73671 5.72470 5.63176 5.59074 5.79145 5.98528 5.96220 5.95714 5.99281 5.88488 5.70867 5.68642 5.81500 5.78807 5.72340 5.81199 5.86172 5.56885 5.34308 5.42296 5.67202 6.03014 6.26907 6.28670 6.12337 5.81404 5.54458 5.52655 5.91068 6.34895 6.41504 6.24075 6.04955 5.89946 5.87138 5.93675 6.00602 6.06263 6.06202 6.05738 6.08069 6.15482 6.24988 6.32934 6.36401 6.38766 6.37555 6.19792 5.81327 6.08811 6.56761 6.31538 6.05515 6.31951 6.54910 6.36129 6.13162 6.12838 6.29815
6.04127 6.12164 5.83659 5.08867 4.92775 5.35167 5.74866 5.77491 5.60216 5.46767 5.58099 5.85727 5.70986 5.40470 5.29774 5.47538 5.67281 5.67661 5.69984 5.78054 5.68524 5.66522 5.80332 5.89739 5.55936 5.48990 5.71328 5.74549 5.94130 6.14481 6.10065 5.90576 5.75533 5.63934 5.47148 5.62080 6.11308 6.44385 6.44147 6.29673 6.15659 6.06993 6.03906 6.02250 6.02481 6.10475 6.21046 6.29505 6.31969 6.31201 6.39020 6.52049 6.51829 6.43794 6.31929 5.79241 5.91053 6.46873 6.30543 6.01236 6.23070 6.35221 6.19172 6.10964 6.27157 6.45810
5.88039 5.94812 5.62926 5.07411 4.98578 5.30375 5.67506 5.69790 5.46206 5.37129 5.56385 5.68322 5.33266 5.06505 4.95494 5.03343 5.31201 5.51889 5.60243 5.67056 5.72816 5.84231 5.88343 5.95217 5.54402 5.55037 5.78422 5.73401 5.91733 5.98553 5.83639 5.75857 5.82448 5.59585 5.29308 5.32357 5.77416 6.30347 6.51083 6.51706 6.47864 6.44304 6.42753 6.41517 6.39174 6.40930 6.41238 6.36470 6.24641 6.23879 6.35258 6.50923 6.54727 6.44833 6.32321 5.89987 5.77140 6.24820 6.30569 6.04530 6.09933 6.17053 6.17500 6.19846 6.24833 6.33091
5.65220 5.66155 5.39321 5.09423 5.08521 5.31398 5.68102 5.78755 5.43704 5.37785 5.61184 5.63011 5.28213 5.17203 5.09917 4.96009 5.21290 5.49464 5.57711 5.72222 5.94882 5.95160 5.96330 5.92262 5.42489 5.45935 5.52874 5.55249 5.94030 5.95480 5.68159 5.64179 5.71630 5.36829 5.10647 5.02410 5.48479 6.14906 6.40518 6.47471 6.48674 6.47900 6.47278 6.46530 6.45011 6.40829 6.27014 6.09296 6.06229 6.15107 6.28033 6.44027 6.52470 6.47051 6.34045 5.98229 5.77859 6.14088 6.36956 6.19953 6.06510 6.07150 6.18704 6.26443 6.15816 6.14796
5.66531 5.60372 5.38852 5.22844 5.31915 5.60599 5.81859 5.89306 5.62200 5.52626 5.75011 5.84943 5.54717 5.39460 5.07484 5.04225 5.46586 5.62993 5.60374 5.70388 5.82997 5.95905 6.16019 5.94800 5.28584 5.38392 5.29557 5.41333 5.82236 5.75357 5.52303 5.51638 5.59966 5.31830 5.02549 4.90565 5.41937 5.98671 6.15653 6.18525 6.14712 6.11022 6.07883 6.03501 5.99771 5.91349 5.79655 5.85130 5.99414 6.07922 6.18150 6.34909 6.47291 6.45105 6.35545 6.06679 5.74618 5.97702 6.32670 6.39619 6.29367 6.22161 6.14189 6.07520 6.12624 6.13432
5.96734 5.81533 5.56601 5.43467 5.61533 6.00502 6.15785 6.10673 5.94276 5.69177 5.81356 6.07784 5.88685 5.57294 5.21871 5.40593 5.72142 5.64145 5.50943 5.44568 5.69486 6.15131 6.31755 5.97026 5.33928 5.40728 5.45863 5.35760 5.53057 5.56041 5.33005 5.39593 5.66722 5.52811 5.06680 4.99104 5.30579 5.55095 5.64858 5.60360 5.42689 5.31592 5.22910 5.14980 5.15950 5.26431 5.45300 5.78723 5.83723 5.89950 6.08956 6.29290 6.42283 6.41194 6.33586 6.15566 5.74996 5.71461 5.97539 6.33537 6.47595 6.48396 6.36348 6.11796 5.90773 6.04033
6.21650 6.00395 5.71150 5.59348 5.83924 6.20560 6.34265 6.23377 5.96180 5.63239 5.66454 6.00849 6.07304 5.87968 5.54552 5.56333 5.63045 5.59242 5.33321 5.23473 5.77579 6.32038 6.23464 5.65989 5.25847 5.54322 5.71492 5.48527 5.50752 5.56572 5.37411 5.42461 5.64792 5.67432 5.24339 4.91718 4.93818 5.01868 5.07869 5.09014 5.04548 4.99292 4.92746 4.89138 4.94647 5.12757 5.30906 5.40896 5.57169 5.90232 6.16800 6.31536 6.37550 6.37701 6.32140 6.22671 5.99937 5.71294 5.67358 5.92959 6.32579 6.47470 6.42203 6.20586 5.90702 6.04541
6.12912 5.96836 5.71493 5.67833 6.01329 6.17497 6.19186 6.04318 5.86313 5.52721 5.44326 5.76200 5.89288 5.74971 5.45598 5.38888 5.60093 5.66570 5.21988 5.22890 5.91782 6.30840 5.90846 5.23542 5.12965 5.51485 5.67681 5.50399 5.44956 5.43274 5.47720 5.64583 5.77322 5.71100 5.37434 5.01539 4.91386 4.89364 4.89355 4.98316 5.13096 5.17666 5.14547 5.16551 5.19517 5.20558 5.13414 5.20042 5.65741 6.08713 6.22247 6.16729 6.14307 6.17493 6.22869 6.24527 6.17142 5.96872 5.76385 5.66223 6.00447 6.26445 6.14845 5.80635 5.65535 5.86758
5.78885 5.75009 5.69348 5.75855 6.06629 6.13738 6.09291 5.79201 5.85395 5.63812 5.42047 5.55098 5.66597 5.65004 5.52516 5.33822 5.53187 5.56752 5.13343 5.25357 6.01665 6.18646 5.46303 4.97469 5.15029 5.57081 5.52342 5.23994 5.17811 5.34763 5.59691 5.80421 5.88880 5.74725 5.55705 5.50026 5.31057 5.15833 5.07027 5.16373 5.44479 5.57471 5.50803 5.52507 5.36281 5.12503 5.03667 5.21523 5.73505 6.04805 5.97143 5.86005 5.85173 5.88083 5.97663 6.11571 6.17346 6.10858 5.90275 5.65392 5.74680 5.91215 5.72967 5.56678 5.72541 5.80837
5.58650 5.66325 5.81811 5.99749 6.14971 6.26359 6.26157 5.92477 5.78247 5.88975 5.74111 5.66489 5.73487 5.55464 5.11857 5.10528 5.35552 5.41711 5.14108 5.26989 6.00163 6.02854 5.18804 4.91831 5.30995 5.71875 5.42656 5.05074 5.04482 5.29941 5.53710 5.71487 5.85288 5.80462 5.63445 5.48846 5.43219 5.44737 5.48050 5.42350 5.66467 5.83081 5.70572 5.53054 5.31627 5.09646 5.05694 5.29739 5.74402 5.82214 5.70156 5.71686 5.75983 5.72900 5.73889 5.88383 6.05977 6.10180 6.00057 5.77833 5.69036 5.72508 5.66372 5.73254 5.90262 5.78178
5.69422 5.85173 5.98833 6.19322 6.25576 6.24735 6.10374 5.94801 5.96602 5.96869 5.85930 5.73195 5.57738 5.26556 5.08515 5.38128 5.58791 5.46581 5.29218 5.43256 5.93660 5.86986 5.15698 4.91933 5.26690 5.74495 5.48847 5.16574 4.96354 4.99549 5.17714 5.40687 5.64952 5.78078 5.78122 5.73085 5.63892 5.51196 5.46805 5.61303 5.87523 5.98014 5.89341 5.67645 5.39906 5.16912 5.13862 5.35375 5.65410 5.64713 5.65873 5.81602 5.88587 5.78961 5.67938 5.69870 5.86267 5.99837 5.99039 5.84560 5.75796 5.76213 5.74705 5.82042 5.86195 5.74437
5.89446 5.91026 6.01296 6.21527 6.19656 5.98392 5.76043 5.75670 5.87669 5.82225 5.66876 5.57665 5.48921 5.27993 5.30302 5.66928 5.84296 5.73522 5.56530 5.55649 5.68616 5.49361 5.07753 4.98636 5.27565 5.73602 5.73541 5.40769 5.13829 4.95731 4.99627 5.18769 5.39636 5.49583 5.51210 5.62226 5.77869 5.72663 5.68590 5.84215 5.93212 5.92635 5.83408 5.68062 5.41867 5.20344 5.18414 5.35238 5.54982 5.64455 5.77390 5.87957 5.89265 5.86659 5.80036 5.74352 5.76860 5.91161 5.93975 5.80896 5.74064 5.77151 5.74534 5.73585 5.68491 5.60120
5.88958 5.83156 5.89197 6.05119 5.96713 5.71248 5.69525 5.88491 5.63691 5.54864 5.59161 5.66100 5.59910 5.32945 5.33146 5.55516 5.60034 5.65770 5.63391 5.53287 5.37897 5.16194 5.00507 5.07773 5.39461 5.77451 5.86497 5.73307 5.42913 5.03302 4.93255 5.09087 5.22886 5.27571 5.24317 5.23279 5.47935 5.68106 5.67927 5.62612 5.63322 5.63707 5.58338 5.47487 5.27802 5.13352 5.14784 5.31925 5.52209 5.67883 5.84717 5.85290 5.84603 5.86617 5.91220 5.92518 5.79226 5.85766 5.86544 5.69520 5.63235 5.70708 5.69540 5.61836 5.51740 5.42942
5.73791 5.56204 5.44846 5.55987 5.61333 5.62483 5.73910 5.62876 5.49496 5.57765 5.74355 5.66283 5.34524 5.08184 5.04742 5.21747 5.31955 5.42180 5.48091 5.42634 5.24177 5.09248 5.06453 5.22203 5.51165 5.73025 5.81968 5.78546 5.52071 5.12153 4.87777 4.97993 5.11209 5.21771 5.18957 5.02271 5.04572 5.22914 5.19131 5.15571 5.28258 5.43998 5.48332 5.38411 5.18275 5.05409 5.08002 5.26152 5.49281 5.62144 5.70527 5.76855 5.92901 6.01900 6.02239 5.93697 5.79350 5.74381 5.65781 5.55770 5.54322 5.65198 5.67834 5.56655 5.50356 5.32400
5.38079 5.21939 5.07236 5.07917 5.23932 5.52575 5.69980 5.56078 5.57993 5.77595 5.81569 5.43675 5.17601 5.02573 4.96826 5.16131 5.37519 5.42031 5.44477 5.37707 5.25433 5.21480 5.27653 5.41352 5.54279 5.54391 5.58763 5.71677 5.53246 5.29404 4.90986 4.85729 5.00987 5.22643 5.26352 5.03832 4.84662 4.85278 4.87832 5.00646 5.19566 5.45116 5.54434 5.45573 5.22725 5.03479 5.03313 5.18042 5.39368 5.51964 5.53850 5.60881 5.88141 6.03623 6.03297 5.89082 5.76887 5.63281 5.50628 5.57474 5.50681 5.57229 5.65903 5.53063 5.59605 5.38813
5.07637 5.02238 4.97027 4.94217 5.05414 5.28335 5.41036 5.44113 5.57327 5.76276 5.71021 5.32235 5.23484 5.22022 5.05724 5.20147 5.43002 5.54677 5.53986 5.38198 5.29551 5.35762 5.45632 5.46098 5.49053 5.49194 5.38213 5.50539 5.49124 5.31307 5.09018 4.87915 4.90482 5.09445 5.15477 4.97345 4.83456 4.81645 4.90592 5.06074 5.17900 5.42954 5.57663 5.50219 5.35619 5.11328 5.06382 5.14787 5.29213 5.42806 5.41272 5.47489 5.77167 5.94457 5.95714 5.86761 5.67468 5.52627 5.52378 5.65427 5.52719 5.51799 5.54923 5.45240 5.57146 5.51609
4.97254 5.03001 5.10202 5.06842 5.04096 5.09195 5.14505 5.24008 5.34296 5.44804 5.55865 5.38650 5.21137 5.27811 5.12873 5.23656 5.49337 5.64162 5.54040 5.31131 5.24887 5.35677 5.50430 5.42028 5.38667 5.51678 5.36860 5.40655 5.55887 5.33221 5.17559 4.98903 4.87208 4.95013 4.92076 4.84428 4.91230 4.99333 5.02434 5.01172 5.13629 5.44211 5.62322 5.56894 5.46314 5.25388 5.16780 5.18569 5.24677 5.30509 5.27916 5.38195 5.66021 5.79326 5.76890 5.65015 5.42920 5.34302 5.45816 5.60489 5.55262 5.51320 5.44573 5.46416 5.63283 5.61870
5.02912 5.19850 5.42167 5.33855 5.14689 5.05989 5.03392 5.05605 5.05911 5.09541 5.18642 5.19340 5.14425 5.26992 5.12129 5.18720 5.39162 5.53371 5.40151 5.19341 5.17431 5.20834 5.28094 5.30814 5.32471 5.49847 5.35920 5.36674 5.52024 5.29324 5.11446 5.01763 4.87485 4.88172 4.83671 4.92732 5.05282 4.98587 4.93199 4.97913 5.20841 5.46935 5.51953 5.49359 5.44650 5.33213 5.28900 5.27904 5.26424 5.22940 5.19032 5.26070 5.44453 5.50687 5.38604 5.18632 5.06241 5.12437 5.28495 5.43569 5.50494 5.52577 5.52836 5.61446 5.69121 5.65460
5.17638 5.42623 5.68862 5.55372 5.31053 5.18067 5.12907 5.09421 5.07997 5.08598 5.13950 5.13045 5.14480 5.15144 5.06084 5.05855 5.20503 5.40319 5.32227 5.16684 5.21902 5.16385 5.10623 5.12786 5.24705 5.41930 5.31615 5.25367 5.27087 5.06569 5.04435 5.03881 4.86990 4.88379 4.97352 5.06991 4.94104 4.87454 4.93183 5.09706 5.33286 5.43921 5.44098 5.40711 5.31018 5.31417 5.35869 5.35747 5.31146 5.24806 5.18779 5.17504 5.21668 5.20504 5.08796 4.98613 5.01395 5.10355 5.15608 5.24945 5.38208 5.49262 5.59935 5.65842 5.67258 5.64985
5.38418 5.64701 5.82934 5.67218 5.44933 5.33101 5.30902 5.33256 5.33742 5.28033 5.34119 5.41946 5.35427 5.31167 5.23172 5.18188 5.19476 5.35885 5.35151 5.16428 5.20246 5.17489 5.05831 5.03235 5.13009 5.26124 5.25795 5.22729 5.15197 5.03305 5.14028 5.20774 5.01362 5.00440 5.05575 4.96577 4.87066 4.92586 5.08007 5.21045 5.29240 5.35375 5.33911 5.23043 5.22597 5.31359 5.35436 5.33773 5.32633 5.31218 5.24237 5.17351 5.14557 5.12251 5.08879 5.10612 5.23348 5.26646 5.17251 5.15840 5.24108 5.38371 5.54133 5.52943 5.43870 5.49669
5.61372 5.82559 5.89424 5.73686 5.53923 5.41185 5.37001 5.38763 5.39502 5.34448 5.35990 5.47471 5.43956 5.39673 5.27306 5.22348 5.20043 5.30794 5.34818 5.09533 5.01328 5.02784 4.99561 4.99251 5.05247 5.13430 5.18759 5.25234 5.21275 5.12519 5.23349 5.30896 5.19422 5.07724 5.00000 4.91766 4.91252 4.98926 5.04796 5.08154 5.10854 5.13688 5.12880 5.11781 5.20435 5.27128 5.23340 5.21667 5.26603 5.28714 5.23875 5.18889 5.18054 5.20480 5.23901 5.29725 5.39822 5.42462 5.27917 5.16912 5.15666 5.24246 5.39344 5.30266 5.20391 5.24511
5.78920 5.92832 5.91694 5.77443 5.59609 5.45473 5.37066 5.34226 5.34967 5.31653 5.24571 5.27415 5.31381 5.26204 5.11004 5.07525 5.09144 5.14796 5.16401 4.94066 4.83058 4.86896 4.94006 4.98864 5.02035 5.05524 5.11599 5.22235 5.23020 5.15414 5.28401 5.21699 5.11314 5.09603 5.04569 4.98153 4.91504 4.84993 4.84479 4.90486 4.96168 4.96926 4.93577 4.91791 4.96123 4.96963 4.93743 4.92760 5.00650 5.08900 5.13398 5.15648 5.19602 5.27787 5.36140 5.39068 5.42318 5.46404 5.36364 5.21553 5.12337 5.11767 5.19854 5.13718 5.16561 5.07366
5.84495 5.92318 5.90827 5.80811 5.65694 5.50884 5.38814 5.30029 5.27299 5.28573 5.26752 5.24874 5.28536 5.27251 5.11938 5.01342 5.01485 4.99226 4.92933 4.79246 4.75146 4.83669 4.96465 5.03460 5.02287 5.01127 5.06303 5.15984 5.15373 5.12872 5.26975 5.11700 5.10400 5.18661 5.15398 5.04650 4.92353 4.83480 4.80594 4.84957 4.92547 4.94365 4.90341 4.85631 4.84215 4.84646 4.82030 4.78184 4.82665 4.94664 5.04803 5.09715 5.13396 5.21910 5.33877 5.38177 5.36983 5.38390 5.35723 5.24882 5.13838 5.07656 5.09283 5.10617 5.13260 4.99688
5.81160 5.87917 5.88250 5.82960 5.72182 5.58159 5.43862 5.30653 5.23486 5.25377 5.31018 5.35755 5.39122 5.29848 5.12502 5.10954 5.07021 4.92597 4.83905 4.77893 4.78968 4.90897 5.07211 5.14247 5.07383 5.02052 5.06355 5.14021 5.09632 5.14690 5.23609 5.08419 5.10807 5.21120 5.21601 5.12675 5.04756 5.00673 4.94056 4.91116 4.99015 5.03028 4.99488 4.95553 4.94000 4.95362 4.93732 4.86173 4.84128 4.93610 5.03901 5.05633 5.02935 5.04549 5.14595 5.26982 5.27294 5.25595 5.26711 5.23320 5.16118 5.12084 5.13689 5.10222 5.06108 4.94259
