mrvbf_slope0.6_pctl1.asc
NCOLS 410
NROWS 410
XLLCORNER 2398750.0000000000000000
YLLCORNER 2548750.0000000000000000
CELLSIZE 250.0000000000000000
NODATA_VALUE -99999.00000
[rows 203 to 231 of 410, columns 66 to 131 of 410]
4.26836 4.97382 5.30613 5.35852 5.21085 4.78566 4.36634 4.33869 4.54141 4.74009 4.90172 4.62232 4.17933 4.09824 4.21604 4.18797 4.09167 4.15777 4.65102 5.10139 5.11719 5.12206 5.20107 5.16430 4.70431 4.24739 4.18544 4.47548 4.58074 4.14593 3.76513 3.55080 3.39139 3.17313 2.93105 2.81831 2.72178 2.65525 2.56666 2.52336 2.40738 2.22043 1.89550 1.44628 0.77082 0.69090 0.53187 0.46113 0.45468 0.53832 0.65930 1.52873 2.33169 2.47200 2.48818 2.53508 2.54835 2.51872 2.07572 1.22729 0.60469 0.51537 0.49916 0.45118 0.41161 0.35747
4.04182 4.67605 5.22711 5.34258 5.15052 4.58208 4.09961 4.13508 4.30991 4.44647 4.70486 4.26149 4.12379 4.35242 4.41641 4.31570 4.03057 3.88861 4.03514 4.64318 4.93679 5.02719 5.02219 4.75155 4.03423 3.82262 3.78508 3.92254 4.30888 4.27690 3.96237 3.63497 3.46357 3.39559 3.19570 3.06307 3.04192 2.89897 2.76563 2.72776 2.68499 2.57932 2.08112 1.37872 0.54570 0.50694 0.48368 0.50438 0.58083 0.81168 1.35784 1.67305 2.04765 2.35057 2.44878 2.49640 2.54401 2.53430 2.32824 1.64463 0.68588 0.51205 0.54861 0.55682 0.54176 0.50383
4.23132 4.68932 5.10936 5.14567 4.84560 4.24542 3.96110 4.17408 4.31084 4.30844 4.50750 4.37200 4.38671 4.54556 4.70231 4.58887 4.42555 4.17299 3.98643 4.31213 4.78944 4.98898 4.91451 4.16967 3.80100 3.83007 3.76803 3.73457 3.91038 4.28735 4.06489 3.67639 3.53797 3.52455 3.42415 3.28597 3.36905 3.13339 2.92821 2.90257 2.82143 2.65921 2.37784 1.72459 0.68583 0.61393 0.68780 0.70625 0.89491 1.26611 1.50081 1.71824 2.01407 2.29399 2.40241 2.43471 2.45837 2.46677 2.39641 1.84861 1.11400 0.59160 0.60246 0.63559 0.62206 0.59658
4.54293 4.67931 4.71143 4.54120 4.17324 3.87789 4.00858 4.41327 4.54330 4.47202 4.40223 4.44707 4.66486 4.91225 4.96852 4.72946 4.60652 4.37155 4.02554 4.21478 4.77956 5.06094 4.65828 3.96137 3.83964 4.10868 3.97534 3.77587 3.76770 3.99609 4.02287 3.65947 3.55877 3.56750 3.51213 3.42896 3.44995 3.30159 3.05722 3.05316 3.01879 2.78530 2.59917 2.30251 1.85824 1.73993 1.76376 1.67388 1.57813 1.52509 1.67899 1.92099 2.16019 2.33605 2.40727 2.42216 2.41397 2.38621 2.32173 2.11213 1.55058 1.11445 1.05349 1.00560 0.76778 0.65479
4.74657 4.45995 4.18405 3.91165 3.72975 3.80011 4.22868 4.65718 4.79714 4.60338 4.45979 4.52663 4.62499 4.75938 4.99737 4.84094 4.66826 4.59190 4.09996 4.02873 4.35795 4.84698 4.65545 3.96150 3.83830 4.01255 4.08642 3.97358 3.76319 3.76152 3.79060 3.62996 3.57484 3.57770 3.47229 3.43499 3.50528 3.32838 3.11616 3.12712 3.16790 3.03412 2.79316 2.67834 2.61835 2.56208 2.56704 2.55692 2.47330 2.39449 2.37653 2.38221 2.42449 2.47985 2.50372 2.49214 2.45144 2.38910 2.32050 2.23997 2.11771 1.83171 1.74071 1.72216 1.58123 1.26782
4.69851 4.27203 3.92933 3.74555 3.78945 4.07505 4.30756 4.67249 4.75666 4.58735 4.65546 4.77805 4.62980 4.67736 4.92582 4.87998 4.63802 4.56695 4.31900 4.05533 4.03747 4.28902 4.63004 4.24584 3.91717 3.95628 4.02635 4.08589 3.93906 3.75876 3.74693 3.66791 3.64050 3.63534 3.47901 3.47720 3.54632 3.34456 3.19455 3.27020 3.34048 3.21846 3.07855 2.94031 2.82740 2.82242 2.78636 2.78130 2.76934 2.73195 2.71362 2.67236 2.62380 2.61621 2.61757 2.59633 2.54155 2.45732 2.37106 2.32083 2.33563 2.39786 2.41223 2.27782 2.07219 1.90833
4.42525 4.09687 3.89596 3.89193 4.09552 4.20227 4.30920 4.70350 4.74680 4.56749 4.63079 4.62664 4.53198 4.64228 4.73411 4.78737 4.71189 4.54624 4.45941 4.30211 4.02110 3.93111 4.09692 4.22811 4.19582 4.24274 4.11646 4.01926 4.11708 3.92012 3.83754 3.82997 3.75467 3.67019 3.55937 3.55389 3.54586 3.39482 3.35073 3.45758 3.47670 3.34132 3.24951 3.22942 3.07714 2.98609 2.90310 2.88692 2.88731 2.86411 2.86296 2.83275 2.75319 2.70381 2.69948 2.68761 2.63930 2.54270 2.42564 2.34377 2.35423 2.45136 2.51938 2.51192 2.48588 2.47726
4.19476 4.01393 3.94794 4.07471 4.22926 4.12709 4.27291 4.75300 4.96434 4.66933 4.53158 4.59711 4.43785 4.23958 4.11445 4.26936 4.61810 4.69935 4.48926 4.35930 4.18246 3.95342 3.90517 3.95510 3.97707 4.05497 4.03374 4.02657 4.15114 4.02591 3.88835 4.03321 3.95009 3.76331 3.62746 3.61447 3.54240 3.46823 3.50851 3.55776 3.47375 3.37834 3.34471 3.33833 3.23375 3.08927 2.99127 2.95771 2.94890 2.91468 2.90379 2.88037 2.79346 2.72076 2.70687 2.70729 2.68692 2.59104 2.42700 2.25885 2.19584 2.26650 2.33803 2.27422 2.10227 2.15495
4.17593 4.11267 4.10940 4.25795 4.33913 4.05699 4.14817 4.58620 4.82090 4.64547 4.43679 4.34470 4.18360 3.99920 3.93564 3.93130 4.21146 4.48742 4.24289 4.24953 4.41342 4.28963 4.12310 4.10746 4.15571 4.21101 4.22589 4.20201 4.08406 3.95269 3.83198 3.87746 4.00748 3.80493 3.66430 3.68210 3.57385 3.54879 3.60931 3.55393 3.47631 3.45972 3.45183 3.42232 3.34277 3.20427 3.08872 2.99560 2.95114 2.91730 2.90040 2.86897 2.75986 2.64690 2.59872 2.58071 2.54461 2.45054 2.23809 2.03685 1.91047 1.75599 1.62719 1.54931 1.51903 1.76718
4.38809 4.38003 4.35538 4.45599 4.61549 4.20617 4.05769 4.22728 4.19016 3.98878 3.95930 4.11472 4.23774 4.24456 4.26247 3.95274 3.99194 4.05574 3.97896 4.17704 4.47389 4.53212 4.45788 4.50766 4.49859 4.57391 4.60449 4.35329 3.98532 3.81911 3.87120 3.78161 3.83286 3.74108 3.65602 3.69879 3.61130 3.58282 3.62535 3.54492 3.53330 3.56442 3.51814 3.40724 3.34043 3.27556 3.11169 2.96530 2.91667 2.89082 2.86299 2.78627 2.63184 2.43638 2.29367 2.25164 2.14626 1.92826 1.82023 1.74562 1.61795 1.21098 1.03607 0.96848 0.79668 0.94588
4.72400 4.70548 4.56375 4.52571 4.63715 4.55161 4.31865 4.16188 3.96027 3.86191 3.96429 4.29652 4.60267 4.55764 4.45635 4.30653 4.21154 4.12168 4.14812 4.17330 4.35643 4.43777 4.36301 4.50301 4.63733 4.59926 4.48215 4.40474 4.14876 3.82869 3.80006 3.79550 3.80185 3.72342 3.63718 3.68192 3.64030 3.62166 3.64536 3.58332 3.55232 3.49736 3.35659 3.17031 3.08552 3.10480 2.99150 2.90729 2.86080 2.83015 2.74751 2.57647 2.24553 1.76086 1.58402 1.68434 1.65170 1.55845 1.57157 1.41689 0.87899 0.63893 0.66011 0.67212 0.61036 0.63384
4.84825 4.85446 4.63086 4.46961 4.49485 4.69140 4.69124 4.44429 4.28697 4.36506 4.34997 4.39730 4.52765 4.49202 4.43331 4.52945 4.63872 4.49013 4.27856 4.29950 4.43865 4.16589 4.05524 4.14042 4.29896 4.12840 3.93895 3.92537 3.90360 3.77459 3.74396 3.80141 3.85505 3.70333 3.64937 3.65581 3.61841 3.63212 3.66127 3.60564 3.53086 3.39548 3.19723 3.00782 2.92451 2.92981 2.90560 2.84385 2.79614 2.71300 2.50246 1.93925 1.35191 1.17032 1.24789 1.43523 1.44908 1.40487 1.29334 0.91459 0.64428 0.56247 0.57285 0.60987 0.57774 0.60308
4.88660 5.00399 4.83070 4.60163 4.46039 4.48369 4.57824 4.61736 4.65055 4.60940 4.29652 4.26764 4.45755 4.54974 4.51631 4.56440 4.67082 4.61081 4.53504 4.60388 4.26477 3.99629 4.00567 4.04135 4.19475 3.96886 3.83179 3.79893 3.77255 3.73473 3.75250 3.76019 3.78632 3.70080 3.69717 3.62747 3.61295 3.63233 3.62067 3.58155 3.51301 3.36745 3.19901 3.00987 2.85614 2.85538 2.85294 2.77644 2.61922 2.31539 1.67119 1.26750 1.01291 0.83402 0.87666 1.18930 1.27943 1.35695 1.19828 0.88669 0.69327 0.56245 0.56268 0.58204 0.59244 0.61098
5.05544 5.20940 5.14974 4.98766 4.70936 4.50693 4.39781 4.39217 4.51627 4.37305 4.17506 4.38320 4.73893 4.90978 4.85222 4.83434 4.94059 4.93487 4.95857 4.74244 4.14750 4.01572 4.07744 4.10172 4.30433 4.01181 3.90145 3.91583 3.89378 3.88073 3.78378 3.72509 3.76502 3.69743 3.72937 3.61275 3.64421 3.67831 3.63098 3.58931 3.51993 3.42236 3.31601 3.01625 2.79945 2.78143 2.74252 2.57325 2.07663 1.30436 1.20502 1.20119 0.95418 0.62899 0.51588 0.65265 1.00750 1.37539 1.34456 1.16253 0.73326 0.58300 0.59233 0.62215 0.62236 0.57559
5.19798 5.30318 5.29969 5.22823 5.05361 4.79271 4.53412 4.34289 4.43963 4.31100 4.34384 4.73900 5.07159 5.16336 5.15585 5.15204 5.16095 5.10835 5.04825 4.71806 4.23841 4.08221 4.12708 4.22825 4.45654 4.17079 3.90881 3.95530 4.12394 3.89611 3.74146 3.72406 3.73439 3.67699 3.66586 3.60236 3.69173 3.69369 3.64831 3.63927 3.55396 3.49667 3.39745 3.01261 2.74575 2.69097 2.60072 2.24978 1.47691 1.00743 0.96324 1.01714 0.83539 0.62746 0.46133 0.51074 1.06929 1.46867 1.51720 1.19979 0.68901 0.55334 0.54719 0.58255 0.59327 0.55026
5.19846 5.22003 5.21647 5.26341 5.23037 5.11447 4.81003 4.42662 4.43944 4.38282 4.52639 4.94864 5.07371 5.09594 5.20529 5.19234 5.03885 4.88719 4.74853 4.53992 4.29189 4.24328 4.26339 4.27633 4.42532 4.35276 4.03148 3.98797 4.10221 3.85279 3.77368 3.77300 3.73670 3.72021 3.63404 3.61132 3.67788 3.68153 3.66007 3.63814 3.57530 3.53897 3.34020 2.88507 2.69051 2.62443 2.42444 1.80070 1.41993 0.80957 0.67473 0.71462 0.77310 0.80189 0.62883 0.84269 1.34384 1.53858 1.49449 1.05732 0.63397 0.51188 0.51032 0.53600 0.53892 0.49872
4.93783 4.92663 4.86319 5.03953 5.19919 5.23964 4.95660 4.50629 4.39701 4.41741 4.62668 4.89935 4.74621 4.70956 4.91649 4.95676 4.80821 4.65047 4.42587 4.22712 4.09329 4.07352 4.02271 3.95951 4.03591 4.10031 4.02938 4.07142 4.15846 3.90055 3.81066 3.77265 3.73470 3.74091 3.63392 3.61714 3.65721 3.69723 3.66984 3.61488 3.57659 3.52386 3.23996 2.76622 2.65401 2.57075 2.01114 1.29646 0.76606 0.56808 0.53340 0.57223 0.68201 0.77640 0.69088 1.03773 1.29769 1.46404 1.42000 1.04359 0.64099 0.53280 0.51183 0.50034 0.47876 0.40497
4.50623 4.54596 4.54745 4.63165 4.89852 5.10123 5.06912 4.79017 4.51656 4.58462 4.80038 4.63817 4.45129 4.43101 4.54525 4.71554 4.67180 4.44092 4.15565 3.97176 3.92881 3.97303 3.99971 3.94794 3.92659 3.95169 3.95914 4.06381 4.09923 3.85668 3.76541 3.72176 3.69678 3.65948 3.58907 3.57298 3.63785 3.70341 3.65483 3.59679 3.56892 3.49602 3.20482 2.71951 2.66561 2.52783 1.79315 1.17309 0.65919 0.54488 0.52642 0.54316 0.56130 0.57009 0.52443 0.60516 0.87931 1.39473 1.49913 1.31988 0.83675 0.59162 0.53875 0.50241 0.44802 0.33427
4.15841 4.29535 4.36249 4.37360 4.54602 4.78749 4.78601 4.71159 4.62946 4.69063 4.67647 4.42122 4.34601 4.35269 4.36514 4.52817 4.52022 4.20199 3.92065 3.85123 3.93204 4.10815 4.24844 4.19809 4.13871 4.10195 4.08905 4.15228 4.09074 3.87403 3.81412 3.73308 3.67128 3.59296 3.54204 3.58902 3.65317 3.69521 3.65676 3.59168 3.51478 3.39012 3.10105 2.68270 2.64060 2.48919 1.66546 1.21380 0.76222 0.64623 0.62380 0.57784 0.48649 0.43664 0.39399 0.47754 0.62895 1.28440 1.52794 1.42557 1.17160 0.83868 0.63413 0.50982 0.43744 0.28434
3.92714 4.09789 4.14474 4.11037 4.27982 4.44884 4.33235 4.22652 4.23049 4.32363 4.31985 4.21130 4.24003 4.25109 4.18389 4.30597 4.36294 4.00747 3.79217 3.82104 3.97955 4.17689 4.27090 4.27759 4.34001 4.30768 4.27391 4.26688 4.12904 3.91307 3.78916 3.77429 3.74722 3.67254 3.66581 3.67834 3.67414 3.66696 3.62638 3.53639 3.41914 3.24485 3.00644 2.67125 2.55740 2.27407 1.53863 1.15175 0.68622 0.59036 0.57996 0.57515 0.45957 0.38318 0.33836 0.39065 0.49173 0.95977 1.38223 1.34954 1.24125 0.96785 0.67878 0.58500 0.49360 0.33246
3.91374 4.01747 3.92894 3.77985 3.87467 4.05609 3.92407 3.82942 3.83395 3.92856 3.95271 3.90284 3.94933 4.01035 3.99996 4.10089 4.23533 3.90140 3.73831 3.87649 3.94824 4.07927 4.17279 4.11764 4.17339 4.17183 4.18112 4.15950 4.11694 3.99193 3.76369 3.77626 3.79852 3.73052 3.69307 3.71155 3.66648 3.58139 3.48208 3.38846 3.26895 3.06392 2.93578 2.70341 2.51845 1.99655 1.46588 1.21635 0.70454 0.53681 0.53769 0.75695 0.58216 0.47618 0.41575 0.43920 0.45123 0.72300 1.17477 1.27966 1.19947 0.93041 0.79810 0.67401 0.56783 0.40619
4.01224 4.07681 3.93215 3.74274 3.65281 3.77027 3.77388 3.78714 3.84587 3.92026 3.99653 4.04541 4.12395 4.15493 4.06556 4.01352 4.09010 3.90866 3.73767 3.89117 3.96940 4.01166 3.91917 3.82881 3.82220 3.86920 3.91228 3.93687 3.97650 3.96005 3.78011 3.75424 3.86319 3.79521 3.69577 3.66772 3.62098 3.52572 3.42853 3.36211 3.28164 3.06189 2.86919 2.71879 2.54349 2.03850 1.54528 1.38586 1.13782 0.86100 0.90075 1.24330 0.98547 0.71499 0.66783 0.61821 0.51626 0.59554 0.76945 0.88561 0.95478 0.97670 0.82584 0.63314 0.43831 0.29073
4.15974 4.23187 4.13929 4.13414 3.89780 3.93386 3.94492 4.01840 4.06763 4.16882 4.34163 4.38940 4.39782 4.33807 4.20645 4.07289 4.03850 3.96917 3.85137 3.91007 4.06221 3.90953 3.83062 3.81510 3.78509 3.81020 3.83148 3.83931 3.90870 3.96180 3.80525 3.72748 3.78579 3.76752 3.67738 3.63674 3.60736 3.57215 3.55829 3.51053 3.44663 3.24047 2.91959 2.72321 2.57900 2.16639 1.63229 1.48524 1.40901 1.34742 1.38529 1.49734 1.48688 1.29347 1.09315 0.81477 0.61682 0.50810 0.50078 0.55709 0.64697 0.77385 0.85028 0.67619 0.42722 0.29447
4.13316 4.19984 4.19962 4.18529 4.22379 4.28737 4.19551 4.26905 4.14481 4.25065 4.45465 4.46382 4.42065 4.40361 4.35078 4.18882 4.04867 4.01752 4.05565 3.94465 3.92111 3.88152 3.95702 4.07091 4.01953 3.96555 3.92486 3.88423 3.92551 4.03766 3.85304 3.70708 3.69727 3.71644 3.67198 3.63938 3.63503 3.63942 3.61093 3.56629 3.50771 3.34525 2.95825 2.68128 2.53310 2.04031 1.60218 1.52071 1.44484 1.32826 1.32709 1.41051 1.36804 1.23036 1.20218 0.94510 0.69157 0.52092 0.43817 0.43875 0.45252 0.50049 0.64088 0.58233 0.49597 0.47212
3.92216 3.89587 4.06791 4.23925 4.29571 4.34328 4.21750 4.18568 4.21823 4.37489 4.41641 4.34066 4.38764 4.46173 4.40398 4.20954 4.06207 4.07970 4.17636 4.05504 3.85305 3.87181 4.11044 4.25208 4.24697 4.22495 4.13465 3.97565 3.93108 4.05167 3.86850 3.76241 3.69429 3.72250 3.72408 3.66974 3.64275 3.64414 3.59851 3.52610 3.44338 3.28398 2.96765 2.70799 2.50955 1.93470 1.54410 1.53214 1.46638 1.13756 0.95074 1.02960 0.88672 0.76182 0.65437 0.62817 0.61184 0.50868 0.40514 0.33841 0.27727 0.28293 0.42942 0.42936 0.53382 0.65619
3.86137 3.73146 3.80585 3.97770 4.14847 4.33058 4.35064 4.30765 4.39605 4.40298 4.21010 4.05033 4.13952 4.35400 4.25395 4.02422 3.98168 4.05205 4.17601 4.16313 3.89295 3.84552 4.04927 4.25525 4.32151 4.32799 4.19631 3.99531 3.94484 3.98321 3.88730 3.89131 3.76922 3.73816 3.72405 3.64973 3.62051 3.58968 3.53260 3.46752 3.41314 3.20680 2.86186 2.66479 2.42779 1.61309 1.31953 1.42242 1.25782 0.76659 0.63793 0.67393 0.65929 0.62393 0.50085 0.48733 0.59634 0.55416 0.42013 0.27717 0.23119 0.23399 0.37665 0.48173 0.56117 0.87592
3.96218 3.83770 3.77367 3.78550 3.81202 4.00542 4.32054 4.46097 4.48205 4.24901 3.94674 3.89027 3.81088 4.01268 3.91692 3.79086 3.86274 3.90930 4.02381 4.07875 3.83847 3.83309 3.99093 4.15874 4.21711 4.22089 4.13297 4.00059 3.91943 3.90362 3.89965 3.97359 3.85018 3.79632 3.69422 3.63499 3.60636 3.57693 3.53200 3.48856 3.45903 3.19801 2.79640 2.66569 2.27890 1.41607 1.22380 1.13997 0.77930 0.60209 0.56185 0.55815 0.57761 0.58612 0.53958 0.66140 0.78288 0.66978 0.47936 0.35253 0.29380 0.29278 0.44803 0.55889 0.82230 1.48244
4.10405 3.90965 3.76975 3.67774 3.58366 3.57705 3.82935 4.26922 4.39133 4.04977 3.79708 3.89615 3.67277 3.67354 3.64536 3.69064 3.77962 3.78244 3.88321 3.96540 3.72961 3.74578 3.85275 3.94029 3.96060 3.94745 3.92097 3.91495 3.91980 3.90359 3.88377 3.86324 3.84746 3.80282 3.67976 3.64055 3.63575 3.61537 3.58731 3.48990 3.32470 3.08229 2.87269 2.68361 2.31426 1.47568 1.18794 0.79669 0.56789 0.52507 0.49887 0.42813 0.38389 0.41246 0.37192 0.55950 0.86402 0.86957 0.59966 0.47573 0.42622 0.42306 0.57393 1.10880 1.55733 1.59715
4.29813 4.08961 3.86174 3.68573 3.55266 3.42913 3.45837 3.77254 4.15284 3.84190 3.69326 3.82940 3.67663 3.57751 3.60185 3.73092 3.72461 3.66480 3.77957 3.81537 3.65826 3.67793 3.81660 3.88870 3.87186 3.83916 3.82305 3.84568 3.93601 3.92426 3.82527 3.76596 3.78060 3.72833 3.65519 3.66992 3.70897 3.68245 3.64997 3.50366 3.26174 3.12841 3.01046 2.73540 2.44413 1.61548 1.25230 0.93039 0.68346 0.61583 0.55056 0.38503 0.31335 0.34369 0.30597 0.39413 0.73457 1.32868 1.17777 0.77107 0.67087 0.81993 1.38552 1.60696 1.61107 1.20804
