mrvbf_slope0.7_pctl1.1.asc
NCOLS 410
NROWS 410
XLLCORNER 2398750.0000000000000000
YLLCORNER 2548750.0000000000000000
CELLSIZE 250.0000000000000000
NODATA_VALUE -99999.00000
[rows 58 to 86 of 410, columns 0 to 65 of 410]
-99999.00000 -99999.00000 -99999.00000 -99999.00000 -99999.00000 7.34330 7.38657 7.36718 7.38315 7.38096 7.36860 7.33072 7.22289 6.90182 6.90673 6.81142 7.14402 7.29549 7.26743 7.26579 7.31473 7.39494 7.40916 7.29096 7.14870 7.12103 7.00550 6.82732 6.70568 6.70479 6.79278 6.81383 6.94982 6.96452 7.21955 7.42818 7.44409 7.33426 7.20767 7.14454 7.03253 6.93355 6.86660 6.85088 6.83918 6.85173 6.94268 7.13169 7.30466 7.41281 7.45318 7.41018 7.30013 7.27565 7.36983 7.37117 7.32319 7.30576 7.34040 7.38512 7.26056 7.25969 7.32504 7.41532 7.49440 7.48463
-99999.00000 -99999.00000 -99999.00000 -99999.00000 -99999.00000 7.02792 7.12527 7.18742 7.23949 7.33084 7.36988 7.36443 7.32793 7.19971 6.98654 6.89245 7.17587 7.33051 7.33079 7.34433 7.41232 7.46512 7.45164 7.34340 7.10781 6.85323 6.88387 6.98428 6.82165 6.65363 6.67967 6.93443 7.25124 7.18663 7.28792 7.42882 7.39805 7.22753 7.14901 7.16994 7.12907 7.05785 7.06000 7.03888 6.98359 6.97743 7.05340 7.19475 7.31701 7.38641 7.39673 7.36645 7.35552 7.40537 7.41179 7.31608 7.17599 7.06970 7.21646 7.32642 7.36930 7.35698 7.41761 7.47414 7.49419 7.49515
-99999.00000 -99999.00000 -99999.00000 -99999.00000 -99999.00000 6.79910 6.84718 6.92739 6.97404 7.09418 7.21945 7.30685 7.32265 7.20669 6.98373 6.81937 7.12271 7.36503 7.42541 7.45113 7.48229 7.49386 7.45823 7.34775 7.09016 6.79927 6.94550 7.34904 7.28123 6.80785 6.59851 6.65133 6.94038 6.97691 7.10350 7.35786 7.35443 7.19578 7.21394 7.29035 7.30672 7.33305 7.32697 7.22869 7.14661 7.19388 7.25839 7.25763 7.27767 7.30264 7.31059 7.32919 7.39339 7.46433 7.42460 7.27768 7.13269 6.92133 6.94813 7.16359 7.20976 7.39608 7.41585 7.36873 7.34951 7.38983
-99999.00000 -99999.00000 -99999.00000 -99999.00000 -99999.00000 6.86786 6.90580 6.99585 7.03128 7.02736 7.09344 7.22379 7.29359 7.20440 7.00121 6.94059 7.13120 7.31478 7.41734 7.45271 7.47358 7.48648 7.45690 7.35309 7.12672 6.81081 6.84825 7.31953 7.29518 6.91912 6.53720 6.52822 6.78813 6.86063 6.89980 7.22807 7.36014 7.22193 7.21272 7.32655 7.34724 7.41879 7.43525 7.33113 7.22255 7.28843 7.33102 7.23707 7.19164 7.20616 7.25527 7.34965 7.45054 7.50696 7.44527 7.22889 7.06256 7.06536 6.94655 7.02564 7.11178 7.30110 7.28340 7.22492 7.21262 7.25086
-99999.00000 -99999.00000 -99999.00000 -99999.00000 -99999.00000 7.03700 7.07051 7.12698 7.15670 7.18522 7.14995 7.15557 7.27511 7.23620 7.07262 7.23196 7.25439 7.31546 7.42401 7.45068 7.46451 7.46512 7.44660 7.37626 7.18804 6.89947 6.71198 6.99395 7.17132 6.93500 6.52134 6.51810 6.88686 6.91264 6.83940 7.17533 7.39909 7.23328 7.10901 7.23462 7.26066 7.38941 7.46874 7.42379 7.34241 7.35491 7.32461 7.21071 7.15388 7.18844 7.30653 7.43048 7.50391 7.52780 7.48925 7.36119 7.10898 7.13023 7.25222 7.20179 7.09258 7.19439 7.19782 7.19343 7.22451 7.15966
-99999.00000 -99999.00000 -99999.00000 -99999.00000 -99999.00000 7.09802 7.05595 6.99486 6.99886 7.06623 7.09726 7.16862 7.24497 7.12629 7.01107 7.25641 7.28491 7.33029 7.44283 7.46915 7.49484 7.48555 7.44648 7.39069 7.21676 6.88704 6.66218 6.78108 7.13394 6.79603 6.48461 6.55249 6.92395 6.88137 6.85588 7.23816 7.43569 7.24016 6.95754 7.09201 7.17551 7.29523 7.45041 7.46093 7.41826 7.42568 7.36219 7.23546 7.18631 7.26034 7.39785 7.48412 7.51626 7.51031 7.48212 7.42836 7.29151 7.24824 7.35912 7.31368 7.13758 7.14865 7.23860 7.16310 7.12561 7.09869
-99999.00000 -99999.00000 -99999.00000 -99999.00000 -99999.00000 7.05917 6.97810 6.90480 6.99366 7.18524 7.22837 7.17127 7.13873 6.96591 7.07736 7.15563 7.24934 7.34951 7.44353 7.47252 7.51887 7.52369 7.47319 7.37229 7.23285 7.04307 6.74413 6.66367 6.86298 6.67660 6.55492 6.69150 6.95433 6.83614 6.93754 7.34646 7.46462 7.29506 6.91090 6.96654 7.21864 7.26042 7.39102 7.43514 7.39799 7.39831 7.31591 7.19348 7.17968 7.29271 7.42554 7.48049 7.46850 7.42035 7.35518 7.31565 7.27571 7.31408 7.39493 7.37317 7.23962 7.13266 7.12219 7.13121 7.06554 6.96926
-99999.00000 -99999.00000 -99999.00000 -99999.00000 -99999.00000 7.04977 6.96372 6.92822 7.08571 7.23734 7.12704 6.88452 6.95377 7.07597 6.98042 7.15480 7.28557 7.39204 7.44468 7.45314 7.49975 7.52771 7.49005 7.39360 7.30830 7.24515 6.94486 6.90326 6.98270 6.92001 6.89504 6.92932 7.04402 6.93339 7.10833 7.42071 7.49473 7.39615 7.03325 6.90489 7.17721 7.31666 7.39224 7.41350 7.35387 7.35990 7.30223 7.14875 7.12379 7.23103 7.36295 7.39043 7.27744 7.08947 7.06185 7.14644 7.24808 7.35281 7.41442 7.40584 7.32056 7.21022 7.12232 7.06247 7.06455 7.17032
-99999.00000 -99999.00000 -99999.00000 -99999.00000 -99999.00000 7.11654 6.96948 6.92363 7.09619 7.21104 6.85381 6.86047 6.87967 7.04153 7.14124 7.14826 7.32835 7.43753 7.47128 7.45796 7.47217 7.50852 7.50650 7.43451 7.36970 7.33053 7.19335 7.21760 7.31248 7.30233 7.30208 7.33451 7.25917 7.13115 7.25977 7.45483 7.51310 7.45540 7.22438 6.98242 7.12938 7.32065 7.39873 7.39511 7.30857 7.31074 7.34179 7.23730 7.18575 7.22041 7.25786 7.16490 6.91737 6.82512 6.95882 7.15860 7.31377 7.41028 7.45153 7.44897 7.39737 7.32611 7.27105 7.23601 7.25717 7.35413
-99999.00000 -99999.00000 -99999.00000 -99999.00000 -99999.00000 7.14169 6.94855 7.04020 7.20178 7.20193 6.99394 6.92715 6.99208 7.19961 7.17306 7.28999 7.38248 7.45231 7.49075 7.47432 7.46018 7.49385 7.51873 7.47603 7.42936 7.41467 7.35351 7.34337 7.41886 7.40693 7.41925 7.45622 7.36797 7.24594 7.31417 7.46123 7.51914 7.48996 7.37415 7.16272 7.16054 7.32402 7.40129 7.40255 7.31103 7.24428 7.29763 7.34375 7.34299 7.33144 7.27013 7.08265 6.94358 7.05286 7.13692 7.24877 7.37315 7.45128 7.48319 7.47704 7.44515 7.40727 7.39022 7.37024 7.35178 7.39107
-99999.00000 -99999.00000 -99999.00000 -99999.00000 -99999.00000 7.10841 7.01654 7.00886 7.21009 7.27563 7.24860 7.14491 7.21787 7.29656 7.27149 7.35380 7.39759 7.44346 7.46014 7.44570 7.44860 7.48997 7.52040 7.49231 7.45601 7.45129 7.40069 7.37023 7.43223 7.44163 7.41045 7.42865 7.39103 7.28241 7.29347 7.42637 7.50628 7.48766 7.39729 7.27434 7.25831 7.37667 7.44739 7.46429 7.41631 7.33265 7.32163 7.40307 7.44872 7.43929 7.37292 7.26746 7.22402 7.25276 7.25572 7.32545 7.42304 7.48105 7.49987 7.48631 7.45869 7.42849 7.41461 7.39743 7.34685 7.32555
-99999.00000 -99999.00000 -99999.00000 -99999.00000 -99999.00000 6.94994 6.92123 6.99125 7.16125 7.16087 7.20633 7.27006 7.32308 7.30926 7.33567 7.33029 7.33475 7.34884 7.37339 7.40205 7.42011 7.45605 7.49401 7.45792 7.41299 7.41562 7.36517 7.34131 7.42360 7.46641 7.40008 7.34561 7.33401 7.25306 7.25076 7.38137 7.47231 7.42259 7.26063 7.15871 7.24316 7.37980 7.46041 7.50357 7.49765 7.45704 7.41190 7.43894 7.48714 7.48576 7.44507 7.40882 7.37833 7.34592 7.35254 7.42090 7.48136 7.50858 7.50686 7.49043 7.46362 7.42194 7.38542 7.36390 7.31290 7.23350
-99999.00000 -99999.00000 -99999.00000 -99999.00000 -99999.00000 6.81319 6.81290 6.92439 7.10009 7.07450 7.05529 7.03785 7.14220 7.30138 7.30887 7.23348 7.16336 7.18253 7.24180 7.29625 7.34786 7.39895 7.43188 7.38141 7.32426 7.34206 7.29767 7.26750 7.37620 7.41944 7.24740 7.10330 7.15496 7.11078 7.15874 7.34989 7.44369 7.32739 7.14720 7.16569 7.28816 7.36510 7.42506 7.49657 7.51801 7.49871 7.46272 7.46050 7.48605 7.49022 7.47588 7.46407 7.44317 7.41947 7.43978 7.48962 7.51626 7.50896 7.48281 7.46155 7.44743 7.41224 7.34804 7.31018 7.29588 7.23281
-99999.00000 -99999.00000 -99999.00000 -99999.00000 -99999.00000 6.71522 6.91425 6.95025 7.10320 7.11026 7.01761 6.86860 6.81639 6.94593 7.22761 7.28758 7.22827 7.21370 7.23957 7.26529 7.25773 7.30708 7.32666 7.25022 7.19315 7.25887 7.24631 7.21395 7.32068 7.27760 7.01150 7.01301 7.00298 6.91406 7.04840 7.32477 7.42631 7.33069 7.10986 7.14007 7.34162 7.38944 7.40079 7.46547 7.49567 7.47411 7.45584 7.46836 7.48833 7.49534 7.48972 7.48002 7.46890 7.46399 7.48573 7.51393 7.51154 7.47509 7.43423 7.40006 7.37676 7.36273 7.32866 7.29184 7.29464 7.33037
-99999.00000 -99999.00000 -99999.00000 -99999.00000 -99999.00000 6.76409 6.86857 7.03156 7.09217 7.05573 7.03422 6.92218 6.67239 6.77849 7.19078 7.37639 7.40995 7.38230 7.34273 7.30497 7.22993 7.26602 7.24549 7.12915 7.02541 7.03476 7.06041 7.17626 7.34554 7.20641 7.03923 7.15633 7.02786 6.85988 6.94911 7.20994 7.32373 7.28114 7.12092 7.13934 7.34738 7.41363 7.41236 7.45582 7.47545 7.45902 7.46432 7.48570 7.50151 7.50532 7.49928 7.48850 7.48362 7.48769 7.50167 7.50739 7.47794 7.42904 7.38205 7.33281 7.28205 7.27075 7.33276 7.35465 7.30980 7.27922
-99999.00000 -99999.00000 -99999.00000 -99999.00000 -99999.00000 6.97894 7.15157 7.17467 7.12226 7.10974 7.15588 7.01355 6.71323 6.75873 7.15031 7.36817 7.45336 7.42512 7.28797 7.11038 7.01325 7.00568 7.13022 7.03725 6.90257 6.88054 6.95691 7.20178 7.32300 7.19719 7.07142 7.15136 7.14585 6.95570 6.92729 7.05510 7.15389 7.17665 7.14784 7.23800 7.37913 7.40665 7.42068 7.47268 7.47764 7.46875 7.48626 7.50136 7.51192 7.51353 7.50977 7.50269 7.49854 7.50248 7.50816 7.49310 7.44749 7.38867 7.33471 7.28540 7.24152 7.22204 7.29178 7.38982 7.39529 7.30995
-99999.00000 -99999.00000 -99999.00000 -99999.00000 -99999.00000 7.28440 7.30921 7.33385 7.26398 7.25206 7.20121 7.02694 6.78892 6.81845 7.10086 7.27717 7.39885 7.42138 7.26571 7.03253 7.01033 6.93877 6.85455 6.75934 6.73149 6.83721 7.01357 7.19146 7.21034 7.14322 7.04015 7.09657 7.17587 7.03208 7.00188 7.10301 7.19862 7.26454 7.29488 7.35338 7.38142 7.39189 7.43750 7.49277 7.48572 7.46194 7.47702 7.49597 7.50706 7.51677 7.52108 7.51930 7.51508 7.51431 7.51334 7.49264 7.43557 7.34563 7.27413 7.25255 7.27364 7.27972 7.24561 7.35058 7.43477 7.37758
-99999.00000 -99999.00000 -99999.00000 -99999.00000 -99999.00000 7.22396 7.23675 7.30642 7.28828 7.17840 7.08366 6.97587 6.76320 6.75706 7.02003 7.17792 7.28250 7.39620 7.33625 7.12815 6.97649 6.87344 6.70132 6.66953 6.68992 6.65900 6.78003 6.87269 6.94569 6.93812 6.88775 7.01376 7.09865 6.99528 7.02267 7.20257 7.34186 7.39667 7.39843 7.40309 7.39591 7.42475 7.47852 7.50489 7.48447 7.45019 7.45435 7.47854 7.49191 7.50720 7.52153 7.52546 7.52384 7.52077 7.51392 7.49767 7.45173 7.33696 7.20825 7.21070 7.30860 7.35816 7.26899 7.29190 7.37996 7.36931
-99999.00000 -99999.00000 -99999.00000 -99999.00000 -99999.00000 7.21778 7.23797 7.25827 7.22784 7.10631 7.09462 6.92282 6.76052 6.77192 6.85019 6.95084 7.01536 7.24264 7.32698 7.20650 7.06423 6.87511 6.67433 6.81663 6.94028 6.57990 6.53989 6.68698 6.88929 6.89867 6.90332 7.10163 7.08930 6.89423 6.92695 7.20038 7.37973 7.43705 7.43389 7.42557 7.43818 7.46443 7.49218 7.49809 7.46985 7.43154 7.43410 7.46707 7.47897 7.48877 7.50562 7.51683 7.52077 7.51912 7.51119 7.49796 7.46297 7.36511 7.19142 7.15905 7.29504 7.39115 7.33143 7.28311 7.30638 7.32793
-99999.00000 -99999.00000 -99999.00000 -99999.00000 -99999.00000 7.27565 7.27989 7.27686 7.26012 7.22589 7.27948 7.08449 6.85038 6.94656 6.81988 6.77100 6.71587 6.84977 7.13004 7.18290 6.97698 6.70788 6.76093 7.17718 7.12313 6.56721 6.47707 6.63014 6.80593 6.85170 6.93676 7.17199 7.11006 6.80349 6.86013 7.22873 7.39654 7.44215 7.44388 7.41812 7.41287 7.42039 7.44806 7.46588 7.44529 7.40919 7.41181 7.44983 7.46790 7.46984 7.48456 7.50113 7.50736 7.50711 7.50338 7.49331 7.47206 7.40210 7.21035 7.11123 7.25214 7.38405 7.37356 7.31800 7.28891 7.29117
-99999.00000 -99999.00000 -99999.00000 -99999.00000 -99999.00000 7.02296 7.04777 7.14748 7.18842 7.20800 7.24952 7.07388 6.87453 6.80131 6.73840 6.69117 6.62324 6.60995 6.74151 6.90308 6.75069 6.71071 7.12457 7.37382 7.22321 6.66663 6.48584 6.55541 6.65388 6.71005 6.86929 7.15803 7.06166 6.76504 6.86648 7.26204 7.39876 7.42557 7.41972 7.38050 7.36616 7.36929 7.38193 7.40683 7.40665 7.37550 7.37603 7.41458 7.44434 7.44760 7.46183 7.48191 7.48888 7.48843 7.48774 7.48309 7.47088 7.40800 7.21767 7.08451 7.20294 7.34742 7.38219 7.35102 7.30817 7.26933
-99999.00000 -99999.00000 -99999.00000 -99999.00000 -99999.00000 6.83094 6.85798 6.94224 6.96127 6.95177 6.96388 6.90610 6.80955 6.76159 6.72892 6.67976 6.68893 6.58769 6.58916 6.61449 6.59172 6.74260 7.21126 7.36106 7.23648 6.82353 6.53790 6.54113 6.63264 6.65803 6.82388 7.15520 6.98874 6.79560 6.92143 7.21875 7.35488 7.38890 7.38990 7.36467 7.31566 7.32477 7.33953 7.33298 7.32603 7.29135 7.28552 7.33623 7.38524 7.40943 7.43559 7.44959 7.43517 7.43330 7.45389 7.46432 7.46007 7.39773 7.19277 7.03950 7.15162 7.31562 7.38737 7.38718 7.34893 7.28332
-99999.00000 -99999.00000 -99999.00000 -99999.00000 -99999.00000 6.84751 6.83372 6.84063 6.84436 6.85033 6.88268 6.83298 6.70709 6.62862 6.60587 6.62853 6.82256 6.65273 6.55987 6.48832 6.50803 6.74699 7.10438 7.06083 6.85539 6.57351 6.47523 6.55666 6.60261 6.59288 6.73061 7.07256 6.93826 6.87857 6.87489 6.92571 7.12786 7.19411 7.20598 7.21191 7.21002 7.26451 7.24808 7.11595 7.05015 7.04229 7.07403 7.18070 7.27177 7.34238 7.39557 7.36881 7.28133 7.25170 7.32476 7.38791 7.40324 7.33267 7.08370 6.98018 7.14903 7.32980 7.41760 7.43471 7.40152 7.31556
-99999.00000 -99999.00000 -99999.00000 -99999.00000 -99999.00000 6.91686 6.86137 6.80063 6.79381 6.87651 6.97879 6.94416 6.67886 6.51736 6.55377 6.50587 6.78285 6.68125 6.54475 6.47548 6.41132 6.48927 6.67152 6.56290 6.47063 6.36712 6.36806 6.43951 6.47253 6.51294 6.62510 6.86610 6.87135 7.01100 6.87155 6.71875 6.69509 6.68975 6.70147 6.73696 6.86459 7.06370 6.96522 6.72878 6.72495 6.77830 6.86619 7.00049 7.10751 7.23732 7.33543 7.22076 7.05676 6.94375 6.95331 7.13969 7.23752 7.14490 6.98056 7.05088 7.25184 7.37866 7.42099 7.40258 7.37638 7.31719
-99999.00000 -99999.00000 -99999.00000 -99999.00000 -99999.00000 6.92815 6.86924 6.79092 6.72471 6.74213 6.90449 7.04195 6.79643 6.53949 6.60774 6.47241 6.71565 6.68110 6.51276 6.42283 6.38196 6.34662 6.42169 6.34744 6.24789 6.17854 6.27307 6.35030 6.39642 6.46088 6.59449 6.66413 6.75139 6.98446 6.87185 6.78640 6.62340 6.55458 6.55312 6.57692 6.62329 6.73670 6.65466 6.58604 6.65998 6.74169 6.83551 6.90205 6.96443 7.10320 7.22666 7.05390 6.91414 6.89888 6.87721 6.97094 7.14642 7.16244 7.15429 7.23192 7.31129 7.33694 7.30099 7.25909 7.23919 7.23578
-99999.00000 -99999.00000 -99999.00000 -99999.00000 -99999.00000 6.86106 6.88643 6.79339 6.77116 6.80943 6.83819 6.99050 6.80471 6.53503 6.55720 6.45273 6.61817 6.73635 6.59452 6.47296 6.43960 6.40062 6.33419 6.30120 6.25335 6.23006 6.32689 6.43629 6.52295 6.57181 6.63219 6.58590 6.61811 6.83292 6.89012 6.81553 6.72295 6.71173 6.69729 6.65224 6.58281 6.59866 6.55627 6.57787 6.75631 6.86572 6.91951 6.91203 6.92775 6.99901 7.05424 6.93655 6.92160 7.09086 7.13331 7.12444 7.27363 7.35563 7.32230 7.27459 7.25129 7.23371 7.22621 7.26448 7.23493 7.18930
-99999.00000 -99999.00000 -99999.00000 -99999.00000 -99999.00000 6.95866 6.99294 6.73553 6.72400 6.95947 6.92725 6.95423 6.86072 6.63273 6.63150 6.54330 6.62555 6.80698 6.82917 6.58710 6.55251 6.59409 6.46530 6.39008 6.38171 6.41600 6.48031 6.57695 6.77364 6.87311 6.78135 6.61299 6.58589 6.72786 7.00596 7.01504 6.82591 6.70755 6.78918 6.84156 6.71330 6.63454 6.56689 6.64908 6.90318 6.98989 6.98243 6.97516 7.00857 7.03249 6.99616 6.94527 7.04045 7.23819 7.20437 7.19991 7.34615 7.43136 7.42105 7.38306 7.34079 7.31862 7.35588 7.41241 7.38139 7.29177
-99999.00000 -99999.00000 -99999.00000 -99999.00000 -99999.00000 7.16761 7.08905 6.69598 6.72888 6.91541 6.84003 6.76190 6.70455 6.60051 6.72714 6.58665 6.67572 6.81636 6.89346 6.69348 6.60248 6.70192 6.55491 6.49647 6.51010 6.55641 6.60940 6.73197 6.91849 7.02648 6.91247 6.69983 6.63190 6.70320 6.96006 7.20451 7.14240 6.87781 6.86610 7.00194 6.87664 6.68545 6.58462 6.73038 6.98495 7.01177 6.99465 7.04629 7.14407 7.18789 7.13745 7.09108 7.17388 7.22203 7.15437 7.26731 7.41369 7.44915 7.45528 7.46346 7.45952 7.44939 7.46029 7.47868 7.45800 7.37830
-99999.00000 -99999.00000 -99999.00000 -99999.00000 -99999.00000 7.29743 7.20838 6.85041 6.70733 6.72644 6.63549 6.59631 6.63856 6.59441 6.66506 6.66587 6.78686 6.85307 6.86862 6.71890 6.64238 6.72287 6.56942 6.51879 6.55414 6.62629 6.75288 6.80033 6.91562 7.04695 6.94938 6.72420 6.65035 6.73769 6.94121 7.21291 7.28875 7.04523 6.88042 6.91398 6.77908 6.63451 6.66951 6.91415 7.00679 6.96812 6.97360 7.07696 7.21762 7.29542 7.24930 7.18788 7.23771 7.11811 7.15539 7.34768 7.40892 7.35806 7.35258 7.39859 7.46069 7.48841 7.49677 7.50118 7.49435 7.44876
