mrvbf_slope0.7_pctl1.4.asc
NCOLS 410
NROWS 410
XLLCORNER 2398750.0000000000000000
YLLCORNER 2548750.0000000000000000
CELLSIZE 250.0000000000000000
NODATA_VALUE -99999.00000
[rows 232 to 260 of 410, columns 198 to 263 of 410]
4.52059 4.60403 4.62671 4.64422 4.64678 4.61900 4.56842 4.55034 4.58464 4.58826 4.56913 4.56026 4.54547 4.53290 4.55466 4.50280 4.50855 4.55216 4.56975 4.57298 4.51847 4.47496 4.43775 4.37336 4.30785 4.14138 4.17863 4.33027 4.37335 4.41894 4.43585 4.36033 4.35019 4.34104 4.33669 4.36100 4.46899 4.52923 4.37633 4.01118 3.66686 3.18875 3.10187 3.44007 3.54169 3.85150 3.26171 2.87358 3.02625 3.29566 3.54595 3.74708 3.86607 4.01775 4.18034 4.21457 4.25111 4.30399 4.35034 4.39000 4.37570 4.35244 4.30392 4.17166 3.80167 3.44076
4.45621 4.50105 4.54055 4.56238 4.57106 4.57156 4.54732 4.54092 4.55671 4.53497 4.51919 4.50879 4.49166 4.47427 4.46584 4.36783 4.34246 4.36287 4.41039 4.42699 4.37711 4.40929 4.40765 4.31487 4.31218 4.35616 4.40477 4.43058 4.33189 4.33429 4.36680 4.29072 4.37582 4.41915 4.38245 4.24939 4.33953 4.40306 3.98919 3.57200 3.31480 3.10286 3.28387 3.52885 3.27647 3.33932 3.00281 2.86315 3.00557 3.22854 3.54409 3.84505 4.07228 4.26288 4.37634 4.38417 4.40617 4.44064 4.45481 4.45944 4.46555 4.46097 4.43125 4.33699 4.11661 3.85884
4.49794 4.49085 4.51965 4.53967 4.54296 4.56802 4.54889 4.49906 4.47512 4.42868 4.36687 4.30743 4.24850 4.20500 4.20342 4.11488 4.10134 4.08934 4.05849 4.00623 3.95685 4.19500 4.39188 4.28258 4.27291 4.41245 4.50243 4.49197 4.36201 4.25177 4.25328 4.22447 4.37410 4.46529 4.36951 4.21335 4.29868 4.26238 3.71305 3.49007 3.50315 3.50097 3.76469 3.85551 3.46346 3.22763 3.07307 2.97679 3.06347 3.32323 3.70910 4.06637 4.27791 4.39450 4.41723 4.43052 4.46390 4.49469 4.49860 4.49799 4.50573 4.49869 4.47510 4.43561 4.32615 4.14341
4.58676 4.58394 4.58302 4.59497 4.57786 4.57046 4.51106 4.40856 4.40299 4.38751 4.32303 4.25061 4.18819 4.11727 4.15155 4.23638 4.29174 4.29081 4.13465 3.93711 3.92030 3.95616 4.24063 4.28455 4.30741 4.41596 4.47237 4.48991 4.42999 4.29392 4.15175 4.19986 4.37934 4.43869 4.34449 4.22398 4.25678 4.03328 3.59488 3.63247 3.71060 3.65820 3.83678 3.99677 3.70980 3.43111 3.22936 3.10361 3.24986 3.61288 4.01168 4.27231 4.37133 4.40732 4.42012 4.44439 4.47479 4.49344 4.50053 4.50468 4.51169 4.51412 4.49708 4.47122 4.42086 4.33039
4.57811 4.58953 4.59543 4.60350 4.59553 4.57305 4.45388 4.32601 4.37903 4.44006 4.44519 4.42720 4.39432 4.32088 4.35016 4.45548 4.41508 4.35593 4.29994 4.23610 4.26872 4.11157 4.21363 4.40247 4.41875 4.40843 4.39952 4.37678 4.39091 4.37891 4.28954 4.31643 4.38858 4.40750 4.33752 4.22309 4.24574 3.90473 3.68485 3.95119 3.93695 3.58786 3.58302 3.86858 3.83402 3.59563 3.35972 3.27307 3.52758 3.97387 4.23396 4.33091 4.38124 4.39409 4.38457 4.38488 4.40238 4.42312 4.43604 4.44152 4.45282 4.47459 4.48528 4.48544 4.44931 4.36950
4.60015 4.60626 4.62000 4.62691 4.61165 4.53942 4.39219 4.29899 4.40127 4.50705 4.54245 4.53116 4.50909 4.44390 4.40687 4.47256 4.47177 4.35079 4.20484 4.24587 4.33409 4.19354 4.24813 4.44303 4.47378 4.44942 4.43616 4.36069 4.23686 4.25805 4.34433 4.37953 4.38296 4.41905 4.36143 4.18820 4.15427 3.83355 3.81041 4.14143 4.09087 3.62163 3.38539 3.62284 3.81939 3.70000 3.53142 3.56142 3.91713 4.23034 4.33484 4.35526 4.34846 4.29139 4.23682 4.22865 4.25169 4.28251 4.30322 4.31218 4.32272 4.35089 4.39392 4.44357 4.46466 4.39846
4.61978 4.63069 4.64114 4.61785 4.57614 4.51049 4.39354 4.34479 4.45784 4.53690 4.53116 4.51639 4.48537 4.47025 4.43389 4.45035 4.38785 4.11710 3.94640 4.14147 4.23147 4.06884 4.12832 4.33642 4.35880 4.36167 4.41456 4.39173 4.18461 4.15242 4.36045 4.38307 4.40821 4.42297 4.34465 4.15860 4.01024 3.87770 3.89516 4.08223 4.01161 3.65746 3.36301 3.45650 3.70131 3.74857 3.69802 3.77628 4.04719 4.28441 4.35874 4.33616 4.22188 4.09873 4.05968 4.07540 4.10243 4.13264 4.16331 4.18036 4.18371 4.20496 4.28005 4.37448 4.45320 4.44527
4.58072 4.56953 4.56660 4.54975 4.54526 4.52639 4.44812 4.40840 4.46860 4.50264 4.52310 4.54542 4.51098 4.48387 4.48283 4.44568 4.19251 3.84000 3.90567 4.13454 4.15176 3.92445 3.96518 4.15038 4.12931 4.09077 4.13900 4.10992 3.87430 4.05241 4.29429 4.29624 4.29587 4.29535 4.21866 4.03268 3.90298 3.91848 3.83119 3.77885 3.66975 3.57672 3.43377 3.35386 3.51071 3.64608 3.72422 3.89529 4.11683 4.30098 4.34795 4.24721 4.05238 3.97614 4.06072 4.10312 4.11308 4.13013 4.17213 4.20440 4.21070 4.20888 4.24600 4.32365 4.42318 4.47737
4.54139 4.50461 4.47461 4.47920 4.52467 4.55613 4.50296 4.45108 4.47566 4.51708 4.56598 4.59558 4.57241 4.52653 4.49018 4.33548 3.92128 3.75764 3.97030 4.17708 4.13001 3.84495 3.90715 4.12069 4.01273 3.91260 3.91562 3.96591 3.94615 4.18442 4.31098 4.26455 4.19061 4.14925 4.05231 3.91767 3.88135 3.94917 3.64682 3.48717 3.43538 3.44740 3.49095 3.25535 3.34227 3.55536 3.73888 3.94903 4.16670 4.30664 4.31709 4.17209 3.98082 4.00246 4.19563 4.26355 4.26140 4.26729 4.29864 4.33406 4.34124 4.31111 4.26358 4.28652 4.37243 4.45340
4.52583 4.48933 4.45772 4.45486 4.47755 4.53890 4.53606 4.47778 4.49476 4.54950 4.58437 4.56591 4.51489 4.47074 4.40533 4.07355 3.53225 3.57524 3.93270 4.15262 4.04239 3.61466 3.64650 3.97019 3.76332 3.74978 3.78049 3.98952 4.10088 4.31028 4.40164 4.34982 4.21707 4.02399 3.88297 3.81238 3.75538 3.72970 3.38894 3.30734 3.36902 3.29700 3.24181 3.20309 3.44445 3.61609 3.80167 4.03829 4.16294 4.22991 4.25700 4.12750 3.97956 4.02510 4.21283 4.35041 4.38611 4.37938 4.37437 4.36528 4.31118 4.24164 4.22351 4.27156 4.35401 4.43595
4.53789 4.51383 4.50336 4.48664 4.44414 4.49063 4.54614 4.48732 4.47767 4.53536 4.54172 4.48273 4.41796 4.36616 4.22155 3.71734 3.37571 3.53876 3.85209 3.99308 3.80401 3.29639 3.12501 3.36090 3.54386 3.86844 3.78855 3.80875 4.13379 4.34080 4.39902 4.33651 4.16607 3.91285 3.78309 3.63072 3.46904 3.30715 3.15582 3.22061 3.34666 3.28857 3.19276 3.40294 3.61912 3.70010 3.82900 4.02693 4.09291 4.07138 4.06169 4.00389 3.96236 4.05329 4.21479 4.35870 4.42899 4.38241 4.30435 4.22121 4.12851 4.08391 4.15427 4.27500 4.37727 4.43220
4.53206 4.51397 4.52010 4.48092 4.39995 4.46342 4.53580 4.46093 4.41205 4.47026 4.48341 4.43415 4.38730 4.33941 4.09782 3.66629 3.53118 3.37524 3.49297 3.58799 3.54181 3.30472 3.06689 3.23535 3.90393 4.21689 4.16083 3.96598 4.06890 4.30673 4.40189 4.29102 4.01442 3.87219 3.75362 3.51872 3.27762 3.08606 3.07578 3.22899 3.33307 3.33411 3.35497 3.53406 3.63970 3.68447 3.77904 3.93341 3.98939 3.92207 3.84859 3.82404 3.89886 4.04690 4.20619 4.33835 4.39173 4.30100 4.15957 4.04493 4.00898 4.08125 4.19216 4.28654 4.37985 4.44079
4.49132 4.47046 4.48236 4.40715 4.29068 4.39450 4.46462 4.32372 4.25026 4.36267 4.42348 4.40898 4.28060 4.03154 3.59674 3.38828 3.37750 2.85689 2.68915 3.20609 3.64740 3.64539 3.39214 3.55173 3.94393 4.25395 4.28885 4.22910 4.10543 4.24710 4.40238 4.36179 4.10324 3.76386 3.48321 3.30182 3.22955 3.14097 3.16546 3.29487 3.37308 3.45504 3.49956 3.52317 3.54455 3.57848 3.70352 3.91861 3.99699 3.92869 3.82022 3.73715 3.77893 3.92815 4.11187 4.25558 4.28286 4.16517 4.00727 3.94190 4.04628 4.23796 4.33050 4.35082 4.35994 4.39118
4.40764 4.40657 4.42933 4.28281 3.94835 4.08395 4.17922 3.85661 3.91167 4.17438 4.25143 4.18123 3.89825 3.31968 2.75951 2.58993 2.33382 2.17103 2.61178 3.37978 3.84673 3.82843 3.44077 3.47517 3.80895 4.21716 4.34658 4.28301 4.11283 4.12231 4.28538 4.30154 4.17746 3.86203 3.45752 3.10248 3.10145 3.25041 3.34351 3.37402 3.44554 3.56661 3.60593 3.57026 3.51973 3.51142 3.67850 4.03195 4.12132 4.03196 3.89813 3.75082 3.71537 3.82263 3.99492 4.11745 4.10694 3.98506 3.87349 3.90675 4.14184 4.35923 4.43048 4.43925 4.41711 4.40700
4.32451 4.38220 4.41701 4.27315 3.76686 3.54015 3.63285 3.50759 3.84329 4.07044 4.08442 3.71888 3.15887 2.76387 2.47970 2.30900 2.11769 2.18179 2.72873 3.39247 3.86936 3.88407 3.68741 3.50090 3.58513 3.94012 4.24174 4.18005 3.99459 3.81325 3.82197 3.83108 3.75267 3.47931 3.07082 2.92138 3.21009 3.36713 3.43233 3.41402 3.46689 3.59322 3.69495 3.70506 3.61916 3.56327 3.62740 3.98401 4.21845 4.04048 3.76543 3.69384 3.77416 3.87383 3.95806 3.97946 3.91081 3.81176 3.78042 3.89943 4.17857 4.38386 4.45746 4.47349 4.47195 4.47093
4.30144 4.33954 4.35597 4.32312 4.17091 3.83386 3.84856 3.96626 4.18822 4.15781 4.07500 3.46294 3.05572 2.99768 2.83023 2.53660 2.40948 2.61909 3.01266 3.57935 3.87672 3.82103 3.77414 3.64435 3.60718 3.87208 4.19689 4.13605 3.95195 3.66689 3.47953 3.41567 3.32595 3.10995 2.94840 3.08789 3.27975 3.34583 3.40130 3.44784 3.53939 3.68464 3.84289 3.90620 3.77390 3.70347 3.62188 3.84549 4.26252 4.14504 3.66061 3.52346 3.88224 4.04845 4.00140 3.88476 3.75446 3.69166 3.72383 3.86927 4.13717 4.34181 4.41371 4.43525 4.43641 4.45239
4.28957 4.27589 4.25390 4.30753 4.34840 4.25833 4.31549 4.29536 4.26439 4.16714 3.90347 3.25902 3.23000 3.17665 2.79190 2.20887 2.22545 2.94792 3.58655 3.85203 3.83213 3.70987 3.72639 3.64843 3.50788 3.73083 4.08972 3.94688 3.77063 3.62395 3.46037 3.32383 3.17775 3.10521 3.15090 3.24259 3.29733 3.35039 3.43350 3.55547 3.69358 3.83190 3.99821 4.11057 3.92834 3.74294 3.69055 3.86839 4.28941 4.24268 3.70607 3.44631 3.86526 4.18877 4.07092 3.84244 3.67692 3.64272 3.71135 3.83997 4.01729 4.18908 4.28410 4.33814 4.38144 4.37908
4.22541 4.17340 4.12586 4.20459 4.24664 4.24449 4.39996 4.32593 4.15064 3.90172 3.44293 2.93242 2.92209 2.53924 2.18624 1.96823 2.27521 3.03173 3.62191 3.76305 3.63396 3.50551 3.53035 3.55597 3.45182 3.42667 3.62776 3.60009 3.57134 3.54500 3.47916 3.37336 3.26588 3.32810 3.34493 3.33720 3.40046 3.48117 3.60390 3.78843 3.92640 3.96960 4.01666 4.10390 4.11161 3.94775 3.88941 4.21368 4.36827 4.26892 3.79773 3.47620 3.76653 4.20709 4.10145 3.82254 3.66190 3.65336 3.74549 3.85693 3.92462 3.98339 4.06419 4.17073 4.26556 4.31880
4.12850 4.05973 3.98610 4.06246 4.13734 4.03809 4.28882 4.06091 3.63345 3.15870 2.88872 2.67903 2.56292 2.28041 2.02957 2.14490 2.37941 2.91507 3.54233 3.65155 3.44777 3.38659 3.39743 3.39435 3.38763 3.37776 3.40506 3.45286 3.46186 3.34058 3.41867 3.45859 3.47914 3.57746 3.55190 3.55574 3.64892 3.67615 3.76403 3.98526 4.08158 4.05934 3.98216 4.09408 4.29032 4.29583 4.28277 4.34961 4.37742 4.24006 3.74456 3.42452 3.72979 4.19614 4.08014 3.80363 3.67826 3.70176 3.81755 3.91602 3.90932 3.85609 3.82593 3.85877 4.00485 4.15893
4.04537 3.97537 3.95284 4.06458 4.02108 3.84885 4.17166 3.61811 3.16927 2.96674 2.76644 2.69935 2.57963 2.50747 2.35172 2.21879 2.27345 2.93356 3.57366 3.65829 3.44129 3.41946 3.47388 3.41330 3.39743 3.52051 3.60977 3.56076 3.30459 3.28916 3.43059 3.52999 3.69870 3.89953 3.84706 3.75798 3.72288 3.63363 3.57984 3.64107 3.80534 4.01181 3.97627 4.04450 4.31319 4.38830 4.30133 4.16209 4.23915 4.15851 3.57492 3.30768 3.79733 4.18557 4.01258 3.77882 3.69901 3.75495 3.91623 4.02738 3.96755 3.83304 3.70484 3.61007 3.62515 3.79648
3.97156 3.88518 3.94465 4.07708 3.78498 3.46977 3.79443 3.20160 2.91274 3.17843 3.16907 3.01902 2.84607 2.64394 2.39309 2.17067 2.28445 2.95099 3.46858 3.54076 3.47704 3.57339 3.65266 3.56625 3.47656 3.51204 3.64636 3.52919 3.27061 3.41115 3.49353 3.56074 3.79688 4.10036 4.15559 3.99590 3.91369 3.76425 3.60789 3.52394 3.57497 3.83188 3.95106 3.90885 4.15388 4.25048 3.92484 3.70506 3.80305 3.93972 3.46285 3.31425 3.95853 4.20431 3.98973 3.76326 3.68448 3.75617 3.97180 4.14228 4.04584 3.86351 3.70329 3.58756 3.52089 3.59657
3.95798 3.90503 3.98009 4.07214 3.73721 2.93730 2.89107 2.79196 3.00566 3.58133 3.71066 3.38990 2.95254 2.46792 2.11572 1.86456 2.02617 2.62852 2.96998 3.12974 3.38541 3.67939 3.74268 3.58932 3.42809 3.40145 3.46827 3.33791 3.24181 3.39326 3.52164 3.61969 3.76929 4.02364 4.19134 4.10432 4.13991 4.12640 4.00888 3.85373 3.64472 3.59159 3.80057 3.83974 3.96770 3.95290 3.58663 3.47342 3.43294 3.58063 3.46641 3.57760 4.04051 4.20512 4.04540 3.80380 3.66016 3.70473 3.94482 4.17542 4.02937 3.84814 3.74867 3.66731 3.55933 3.55894
3.93217 4.01314 4.12550 4.14246 3.96371 3.52560 3.04009 3.15242 3.68344 4.06103 3.86683 3.33669 2.77117 2.20771 1.85461 1.53277 1.78024 2.23041 2.23174 2.51259 3.12281 3.63830 3.67377 3.44585 3.22028 3.15399 3.16082 3.09187 3.10558 3.27873 3.51847 3.69830 3.74718 3.91146 4.05041 4.06509 4.07314 4.18644 4.22567 4.14094 3.85072 3.59854 3.61575 3.66071 3.85881 3.68202 3.44165 3.50054 3.48116 3.58313 3.74126 3.92635 4.09057 4.10179 3.99323 3.85871 3.67265 3.66028 3.88936 4.14255 3.96083 3.77316 3.77308 3.72246 3.55458 3.48630
3.70001 3.71045 4.02411 4.13123 4.11454 4.12760 4.04769 4.04358 4.20843 4.21561 3.81650 3.10956 2.51664 1.99550 1.60186 1.41190 1.96015 2.29505 1.78830 2.00698 2.66110 3.37007 3.52879 3.28801 3.00572 2.87405 2.83267 2.81805 2.90481 3.15528 3.45646 3.58103 3.60338 3.84166 3.99118 3.94021 4.01997 4.06008 4.09886 4.03245 3.96076 3.89067 3.74265 3.84912 4.04764 3.72725 3.32638 3.24642 3.37649 3.66072 3.90419 4.03291 4.07012 3.94604 3.76370 3.72823 3.64766 3.64253 3.87817 4.13651 3.91736 3.68702 3.72590 3.78034 3.59304 3.45313
3.75151 3.37709 3.54679 3.85464 4.05469 4.13891 4.25751 4.30967 4.25660 4.07745 3.55216 2.90932 2.40721 1.91101 1.46577 1.44091 2.32362 2.83982 2.01023 1.60658 2.30825 3.20324 3.52983 3.16538 2.82149 2.68097 2.63781 2.65776 2.79195 3.10211 3.38372 3.42264 3.41293 3.65725 3.91398 3.81847 3.81401 3.86549 3.90099 3.74269 3.68389 3.78299 3.86264 4.06014 4.26522 4.15641 3.65993 3.36954 3.39763 3.48760 3.57841 3.78868 3.93055 3.79015 3.70036 3.63948 3.65838 3.71017 3.89040 4.10495 3.93845 3.64653 3.60723 3.75670 3.70621 3.55661
3.62068 3.33765 3.35835 3.63837 4.04085 4.10963 4.16928 4.21532 3.92773 3.63706 3.27046 2.86890 2.42938 2.00123 1.50513 1.47699 2.63717 3.62385 2.87165 1.81275 2.15350 3.19036 3.56533 3.05730 2.73336 2.64884 2.72057 2.86540 3.05515 3.26015 3.43661 3.52622 3.38073 3.37209 3.46993 3.41333 3.47350 3.56818 3.60927 3.45511 3.47763 3.59558 3.65767 3.75778 4.08282 4.25419 3.99119 3.73552 3.76312 3.60138 3.42795 3.43235 3.53905 3.48163 3.55596 3.65035 3.73893 3.71807 3.68168 3.77823 3.80541 3.61651 3.51969 3.64384 3.64995 3.63578
3.34341 3.39476 3.58793 3.92918 4.11165 4.15491 4.14091 3.85358 3.53020 3.47852 3.37580 3.11147 2.74824 2.33786 1.74386 1.36278 2.61494 3.88983 3.43031 2.28224 2.22299 3.17155 3.43486 2.97727 3.06475 3.23474 3.38382 3.56251 3.57681 3.36201 3.46186 3.86954 3.83535 3.53688 3.38163 3.34316 3.36854 3.33388 3.28872 3.24163 3.40117 3.57165 3.65927 3.68334 3.84276 4.02807 3.75916 3.62276 3.66009 3.64282 3.23293 2.81938 2.96043 2.91010 2.98089 3.18094 3.40120 3.53552 3.46763 3.39094 3.40044 3.39861 3.37307 3.49390 3.52714 3.61160
3.59705 3.67614 3.81061 4.00943 4.08570 4.12078 3.98686 3.56733 3.53263 3.67201 3.73967 3.62857 3.21137 2.60384 2.08424 1.48904 1.79077 2.64629 2.59821 2.28849 2.73391 3.72996 3.74356 3.01872 3.29105 3.83779 3.63413 3.35716 3.30202 3.39972 3.77808 4.16154 4.12679 3.92035 3.62974 3.56824 3.55297 3.39361 3.26857 3.35450 3.36543 3.32257 3.46522 3.66941 3.93699 3.82483 3.64539 3.63493 3.53316 3.48366 2.80436 2.15227 3.00291 3.03650 2.68609 2.69399 3.23460 3.53255 3.53314 3.41108 3.35541 3.34662 3.34194 3.41488 3.37605 3.48548
3.82074 3.73623 3.75500 3.73488 3.74834 3.87489 3.75133 3.37546 3.44806 3.71486 3.90609 3.94006 3.57153 2.92327 2.43095 2.38018 2.54956 2.89452 3.11792 3.10196 3.51349 4.22578 4.16821 3.31033 3.25072 3.95188 3.48982 3.27021 3.52173 3.84951 4.16736 4.28531 4.24713 4.04282 3.78931 3.79412 3.83122 3.70893 3.64547 3.74039 3.46082 3.28762 3.41549 3.69626 3.97588 3.78807 3.63339 3.71573 3.55085 3.42644 2.81369 2.46236 3.36101 3.60203 3.42976 3.09259 3.22390 3.55344 3.63079 3.57044 3.52160 3.41546 3.35611 3.36800 3.23247 3.35179
