mrvbf_slope1_pctl1.3.asc
NCOLS 410
NROWS 410
XLLCORNER 2398750.0000000000000000
YLLCORNER 2548750.0000000000000000
CELLSIZE 250.0000000000000000
NODATA_VALUE -99999.00000
[rows 319 to 347 of 410, columns 132 to 197 of 410]
5.12998 5.15212 5.35609 5.47034 5.44743 5.25756 5.25883 5.28544 5.21839 5.18997 5.10514 5.10032 5.25582 5.22157 5.05857 4.92323 4.87697 4.87240 4.88825 4.94490 5.04152 5.00283 4.90920 4.93020 4.83903 4.73555 4.71657 4.70472 4.68992 4.69530 4.72619 4.75873 4.72542 4.66851 4.63730 4.64777 4.68085 4.63506 4.57057 4.54789 4.55179 4.52066 4.52923 4.52363 4.48855 4.48115 4.49522 4.53287 4.55736 4.55358 4.56972 4.60768 4.64022 4.64050 4.61802 4.59853 4.56923 4.53364 4.51160 4.49235 4.45558 4.43300 4.44835 4.49411 4.54535 4.57148
5.37398 5.28464 5.32070 5.36816 5.36188 5.24624 5.19539 5.30929 5.26814 5.29920 5.27233 5.17956 5.30031 5.24859 5.15368 5.06326 5.03377 5.04616 5.07372 4.99329 4.97004 5.00927 4.88944 4.85816 4.75833 4.66440 4.66040 4.68133 4.69427 4.73556 4.76461 4.75084 4.70041 4.64690 4.63801 4.72653 4.77692 4.69077 4.63027 4.62970 4.62758 4.59080 4.53425 4.52748 4.54063 4.54808 4.55529 4.55873 4.56153 4.57291 4.59562 4.62440 4.63898 4.62079 4.59406 4.57815 4.55751 4.52628 4.50723 4.49434 4.46448 4.45703 4.49382 4.55458 4.58723 4.59302
5.45785 5.49148 5.46186 5.47550 5.50089 5.44350 5.33617 5.46137 5.35876 5.32373 5.45420 5.34643 5.38503 5.32741 5.22185 5.15437 5.13775 5.10578 5.01446 4.99919 4.96404 4.88075 4.86784 4.78041 4.67865 4.63199 4.66223 4.72866 4.76960 4.81171 4.80823 4.75931 4.70953 4.69209 4.71639 4.75182 4.82114 4.75617 4.67809 4.65009 4.63154 4.62281 4.59424 4.57071 4.57347 4.55743 4.54554 4.55159 4.56832 4.59187 4.61036 4.61507 4.60874 4.59085 4.57490 4.57165 4.56639 4.53962 4.51025 4.49147 4.48017 4.49899 4.55324 4.58247 4.58412 4.61237
5.47448 5.68100 5.69837 5.68945 5.68282 5.53693 5.38597 5.48438 5.47622 5.32486 5.41265 5.40415 5.46821 5.39807 5.23752 5.15417 5.12809 5.07495 4.95821 4.95968 5.07501 4.90298 4.82867 4.71751 4.65191 4.66551 4.72026 4.77345 4.80652 4.84727 4.83511 4.78918 4.77097 4.76540 4.75694 4.80909 4.85962 4.81556 4.73632 4.69506 4.64641 4.60935 4.59699 4.58131 4.55884 4.54179 4.53659 4.54921 4.56558 4.58567 4.60587 4.60354 4.57646 4.55519 4.55657 4.56840 4.57012 4.55281 4.52468 4.50791 4.52417 4.56128 4.60944 4.59266 4.62045 4.65486
5.56796 5.70061 5.75984 5.74289 5.72761 5.58862 5.35620 5.35611 5.44747 5.36679 5.42964 5.43395 5.54907 5.49492 5.27176 5.14362 5.09946 4.99243 4.92692 5.05539 5.15210 4.90142 4.74356 4.69568 4.71203 4.77017 4.77760 4.76266 4.76656 4.78130 4.78788 4.79131 4.81734 4.83665 4.82578 4.87378 4.86724 4.78432 4.68528 4.64679 4.63032 4.60355 4.58654 4.58483 4.57037 4.54809 4.54076 4.53946 4.54506 4.55222 4.55595 4.55341 4.52161 4.50603 4.53261 4.56391 4.56413 4.55669 4.55957 4.57869 4.60364 4.60276 4.60615 4.60195 4.63906 4.64167
5.63582 5.73989 5.78198 5.70600 5.67719 5.65050 5.42760 5.23976 5.22876 5.28020 5.41090 5.40704 5.52278 5.56607 5.39339 5.21617 5.17415 5.10547 5.09198 5.19779 5.11862 4.84556 4.70669 4.71743 4.80465 4.84736 4.84198 4.81154 4.77770 4.73197 4.71595 4.72953 4.76121 4.78527 4.79091 4.84195 4.84061 4.74582 4.64879 4.63318 4.63078 4.59579 4.56995 4.58502 4.57708 4.54720 4.52974 4.52364 4.52575 4.51927 4.50287 4.47816 4.44931 4.46014 4.51098 4.55792 4.57615 4.58837 4.60733 4.60664 4.61521 4.61113 4.60008 4.61875 4.63343 4.57396
5.65166 5.75276 5.77239 5.66442 5.61280 5.62540 5.52695 5.31041 5.20446 5.24338 5.28413 5.17974 5.27167 5.46119 5.46187 5.31767 5.29096 5.28677 5.22019 5.10442 4.96500 4.77271 4.69108 4.74104 4.85817 4.91356 4.94937 4.92950 4.84233 4.72566 4.68723 4.68609 4.69378 4.73459 4.72229 4.72707 4.76718 4.73699 4.64809 4.59218 4.58608 4.55827 4.56227 4.57732 4.55508 4.53237 4.52087 4.51905 4.51561 4.50570 4.48642 4.45672 4.44684 4.48213 4.53476 4.58158 4.61564 4.63253 4.63856 4.63181 4.64469 4.63894 4.60649 4.59630 4.57931 4.48560
5.45126 5.59126 5.65713 5.59100 5.53737 5.49345 5.41457 5.32396 5.29409 5.23571 5.14568 4.93621 4.89980 5.15289 5.32908 5.24702 5.23309 5.19008 5.05107 4.89493 4.79902 4.71399 4.69382 4.75371 4.84683 4.88110 4.91440 4.94556 4.90174 4.75905 4.65511 4.62552 4.62778 4.67031 4.69996 4.65825 4.64910 4.65249 4.63878 4.57709 4.53589 4.53200 4.55432 4.54984 4.53812 4.52920 4.52073 4.51457 4.50504 4.49710 4.49598 4.50210 4.52066 4.54493 4.56315 4.61800 4.64864 4.63980 4.62045 4.59567 4.59937 4.57886 4.52051 4.46562 4.43980 4.40876
5.05194 5.23028 5.42920 5.48295 5.43415 5.32176 5.18305 5.10506 5.09740 5.10105 4.94298 4.77812 4.70189 4.82944 5.13437 5.13003 5.10176 5.04132 4.87413 4.78074 4.73896 4.71375 4.71923 4.76218 4.81873 4.83430 4.84175 4.86795 4.90608 4.84721 4.71521 4.61652 4.56422 4.58159 4.62037 4.62285 4.60927 4.58374 4.57630 4.54608 4.51256 4.52508 4.53935 4.53277 4.53850 4.53203 4.50943 4.48909 4.47622 4.48010 4.51036 4.55276 4.56207 4.57389 4.61816 4.66336 4.66541 4.62772 4.56955 4.53353 4.46689 4.42497 4.39975 4.35329 4.31260 4.35215
4.97086 5.06039 5.26280 5.34840 5.20085 5.00140 4.86743 4.81459 4.80142 4.87887 4.83134 4.74097 4.66472 4.68653 4.96998 4.99874 4.95369 4.90240 4.77967 4.73911 4.74376 4.74886 4.75478 4.77824 4.81408 4.83467 4.82681 4.80644 4.84394 4.87741 4.81052 4.70324 4.59655 4.55384 4.57395 4.57428 4.56912 4.56981 4.56326 4.53779 4.52573 4.52555 4.52545 4.53218 4.53074 4.50805 4.46754 4.44025 4.44005 4.47339 4.52458 4.55341 4.58485 4.63723 4.65394 4.65791 4.65207 4.61332 4.52742 4.43408 4.35289 4.35504 4.40857 4.39731 4.36027 4.34671
5.05346 5.08871 5.24854 5.23368 4.93140 4.75043 4.70092 4.71554 4.75364 4.81294 4.87374 4.79570 4.67651 4.64451 4.81142 4.83288 4.78876 4.74025 4.69627 4.71021 4.75826 4.79055 4.78769 4.77635 4.77957 4.81554 4.79466 4.74398 4.76183 4.79152 4.75581 4.68344 4.60109 4.54850 4.53371 4.52083 4.53114 4.56135 4.54966 4.52382 4.52740 4.54306 4.54299 4.51889 4.48883 4.43710 4.38417 4.37859 4.42417 4.49849 4.54830 4.54148 4.58701 4.62945 4.59007 4.58157 4.60530 4.57502 4.46028 4.34862 4.36481 4.41335 4.42537 4.41757 4.39094 4.43395
5.01124 5.10719 5.24702 5.02277 4.74976 4.67230 4.67643 4.71994 4.74080 4.79055 4.88852 4.82826 4.72988 4.61900 4.67567 4.69805 4.66061 4.63816 4.65092 4.70221 4.77442 4.82625 4.79265 4.74712 4.76690 4.81809 4.77571 4.69145 4.64855 4.64087 4.62053 4.58193 4.53811 4.50734 4.49443 4.49515 4.52411 4.55589 4.52704 4.50939 4.52294 4.55620 4.54268 4.49820 4.45005 4.35695 4.29523 4.34982 4.44320 4.50399 4.51235 4.55530 4.61353 4.57480 4.52599 4.51053 4.53000 4.51767 4.40229 4.34501 4.42899 4.41436 4.45130 4.46500 4.43670 4.41542
4.93806 5.07926 5.20764 4.87084 4.68192 4.67117 4.73323 4.76051 4.67951 4.69724 4.81193 4.77543 4.74273 4.64765 4.66068 4.71129 4.66577 4.64684 4.66626 4.71352 4.77111 4.83269 4.82004 4.74094 4.71581 4.72000 4.71038 4.69225 4.62509 4.58412 4.56258 4.54003 4.51974 4.50703 4.49380 4.50277 4.54553 4.56600 4.53713 4.52812 4.53300 4.54425 4.49279 4.43346 4.38236 4.32264 4.30987 4.38863 4.45566 4.46466 4.52668 4.59328 4.59789 4.53654 4.51113 4.48722 4.48059 4.43327 4.32046 4.34600 4.45130 4.44213 4.45660 4.35710 4.29186 4.28420
4.90698 5.08571 5.21369 4.83795 4.67901 4.71074 4.88681 4.97123 4.76186 4.65552 4.72929 4.76686 4.74096 4.71810 4.68572 4.75535 4.67623 4.67933 4.72142 4.73619 4.73098 4.76229 4.83070 4.80402 4.73983 4.70961 4.66251 4.61747 4.61027 4.59845 4.58075 4.55685 4.53570 4.52194 4.50406 4.52608 4.56666 4.56940 4.55193 4.54789 4.54123 4.53305 4.44514 4.39065 4.39023 4.39454 4.41382 4.43336 4.44376 4.50443 4.56301 4.53089 4.51712 4.51830 4.52154 4.47711 4.43673 4.27319 4.21847 4.34302 4.41681 4.41821 4.40329 4.27700 4.25697 4.25446
4.88103 5.11834 5.26986 4.85525 4.68274 4.73428 4.95198 5.00425 4.91213 4.76007 4.74243 4.87735 4.79319 4.79768 4.68991 4.69878 4.65431 4.66338 4.74665 4.75400 4.67783 4.66133 4.71951 4.80343 4.80392 4.75604 4.66389 4.57648 4.56976 4.61205 4.61765 4.58192 4.54860 4.53234 4.51593 4.52977 4.55086 4.56337 4.54898 4.54142 4.53556 4.49964 4.38990 4.37312 4.44398 4.46803 4.49284 4.50522 4.51066 4.55223 4.51127 4.47132 4.48738 4.50074 4.48719 4.42974 4.33097 4.18713 4.29550 4.38551 4.37921 4.38190 4.39710 4.22984 4.24625 4.32693
4.90156 5.19254 5.35704 4.90931 4.67672 4.72592 4.98247 4.99190 4.96107 4.93097 4.82099 4.93800 4.81428 4.79581 4.69809 4.64868 4.62720 4.67227 4.76015 4.73624 4.64248 4.61259 4.62025 4.66965 4.69357 4.65695 4.58332 4.53177 4.57008 4.63488 4.63746 4.57800 4.53891 4.52562 4.50799 4.50661 4.51366 4.52127 4.51503 4.49084 4.47036 4.43156 4.35339 4.38672 4.46371 4.47423 4.47246 4.50116 4.51089 4.52227 4.46347 4.46937 4.43887 4.41713 4.43565 4.44342 4.37964 4.27253 4.25840 4.28845 4.34497 4.35385 4.40394 4.21518 4.17682 4.27360
4.87397 5.14471 5.35644 4.96246 4.68779 4.71865 4.98231 5.04565 5.04748 4.98976 4.90907 4.99321 4.81565 4.79581 4.79001 4.71298 4.69115 4.73433 4.74249 4.70499 4.67301 4.63884 4.61213 4.60498 4.59953 4.57448 4.54262 4.55206 4.61611 4.64457 4.64566 4.59080 4.51816 4.48710 4.48330 4.49014 4.50579 4.49627 4.47113 4.44613 4.42450 4.38349 4.37605 4.43448 4.47496 4.48735 4.46945 4.47168 4.49946 4.47994 4.42588 4.42283 4.35860 4.35736 4.42579 4.44529 4.43167 4.33226 4.27344 4.22757 4.26786 4.29323 4.33974 4.26504 4.15583 4.16126
4.78139 4.95771 5.21821 4.94391 4.70293 4.73951 5.01861 5.06530 5.11175 5.08609 5.04611 5.03862 4.87496 4.76736 4.80417 4.82017 4.81795 4.84861 4.78047 4.76516 4.72353 4.73986 4.68243 4.61603 4.57834 4.56346 4.56572 4.59787 4.63789 4.64343 4.63603 4.59858 4.52314 4.45910 4.45615 4.46755 4.49127 4.49725 4.46067 4.43770 4.42802 4.40899 4.41588 4.43771 4.46341 4.47235 4.45959 4.44963 4.46157 4.45577 4.40993 4.36380 4.36907 4.36519 4.38699 4.41347 4.34694 4.24579 4.24343 4.16442 4.14632 4.20420 4.24283 4.31764 4.24263 4.17192
4.74261 4.81130 4.95024 4.81473 4.68818 4.74349 4.98085 5.04827 5.03936 4.98968 5.00345 4.96223 4.84477 4.77632 4.82400 4.86626 4.85409 4.86205 4.85779 4.83581 4.82727 4.80655 4.73824 4.65411 4.60877 4.59829 4.60585 4.61872 4.61070 4.59658 4.58475 4.54963 4.47690 4.44241 4.47038 4.45595 4.46409 4.48001 4.44842 4.43372 4.44013 4.43578 4.42614 4.41471 4.42228 4.40938 4.36811 4.36005 4.39296 4.43320 4.41563 4.34890 4.29044 4.31523 4.38088 4.37110 4.23269 4.16611 4.15039 4.02438 4.02229 4.05626 4.09508 4.25698 4.19607 3.94779
4.74983 4.81600 4.85271 4.76304 4.72644 4.80687 5.05503 5.19687 5.10875 4.95813 4.97984 4.91947 4.81494 4.83519 4.92768 4.93564 4.86533 4.82256 4.81701 4.81564 4.79628 4.76691 4.71171 4.66391 4.65651 4.65227 4.64633 4.63116 4.59236 4.55035 4.52354 4.48851 4.44215 4.46267 4.47028 4.44292 4.45770 4.46149 4.42111 4.40175 4.41143 4.41401 4.41015 4.41937 4.40383 4.36883 4.32377 4.33017 4.30827 4.35507 4.41320 4.38495 4.33349 4.33111 4.36157 4.36006 4.23274 4.13823 4.15060 4.05682 4.10028 3.99036 3.97180 4.16296 3.94153 3.77579
4.74973 4.92644 4.99589 4.92719 4.86965 4.93238 5.11650 5.06404 4.97426 4.98309 5.04154 4.95028 4.90597 4.95559 4.98358 5.00190 4.93180 4.85242 4.82110 4.78797 4.73581 4.71864 4.67987 4.63175 4.62529 4.64532 4.64821 4.62004 4.57538 4.53391 4.49849 4.46618 4.46969 4.49542 4.47094 4.44619 4.45126 4.43881 4.39084 4.34208 4.33322 4.34557 4.36066 4.38077 4.38023 4.33274 4.26410 4.28142 4.27259 4.23806 4.29955 4.24862 4.25242 4.25721 4.34895 4.32851 4.29625 4.16849 4.05280 4.02971 4.17458 3.99458 3.99191 3.98126 3.83658 3.88871
4.74299 4.99661 5.17590 5.02760 4.86139 4.91702 5.09544 5.00844 5.00372 5.06726 5.04070 4.93906 4.92003 4.98398 5.02171 5.01227 4.93334 4.82844 4.78188 4.71812 4.65361 4.66407 4.67387 4.62342 4.59607 4.60856 4.61610 4.59124 4.55022 4.52108 4.49560 4.46867 4.49162 4.49799 4.46063 4.44415 4.44122 4.42107 4.37690 4.31517 4.27700 4.28396 4.32437 4.35653 4.35686 4.31007 4.19639 4.14295 4.21827 4.20747 4.22805 4.26372 4.25368 4.26931 4.27063 4.26656 4.25487 4.21489 4.04721 3.97065 4.12660 4.03607 3.95237 3.96301 3.98180 3.96785
4.74927 4.89431 5.17028 5.15543 4.87078 4.83740 5.02840 4.96568 4.86891 4.84986 4.85794 4.85593 4.88188 4.96447 4.99918 4.94136 4.80658 4.71581 4.68553 4.64437 4.59834 4.58884 4.61189 4.58524 4.54809 4.55695 4.56469 4.54850 4.52686 4.49478 4.46717 4.46043 4.46650 4.47584 4.42529 4.39795 4.37752 4.33846 4.26201 4.16864 4.11056 4.14838 4.25631 4.33781 4.35963 4.32508 4.17234 4.01291 4.13166 4.21331 4.19796 4.24715 4.26044 4.22890 4.16674 4.14242 4.19457 4.20972 4.03367 3.92666 4.00017 4.09222 4.02583 4.06272 4.12358 4.08756
4.73424 4.73810 4.93121 5.16966 4.92102 4.77888 4.89769 4.95941 4.88261 4.82489 4.83217 4.83501 4.82780 4.87036 4.92656 4.83747 4.69849 4.63671 4.60876 4.61482 4.59304 4.55647 4.54053 4.49403 4.47854 4.51124 4.51255 4.49041 4.49831 4.47533 4.44976 4.45267 4.44289 4.43912 4.37191 4.31335 4.24557 4.06567 3.85037 3.72452 3.71933 3.82830 4.01829 4.19602 4.30034 4.29234 4.08506 3.90878 4.06196 4.18370 4.15343 4.13134 4.14983 4.10179 4.07562 4.09708 4.14177 4.16442 4.10909 4.00622 3.91873 4.04907 4.15360 4.16006 4.13271 4.09473
4.75708 4.71137 4.76440 5.03397 4.98795 4.77696 4.78827 4.91696 5.00690 4.99788 4.97909 4.92160 4.83699 4.76763 4.81626 4.75004 4.62301 4.58233 4.56948 4.56925 4.55875 4.54005 4.50335 4.45893 4.47854 4.51264 4.51127 4.47545 4.46616 4.47657 4.46608 4.43246 4.40241 4.38742 4.31106 4.16812 3.95445 3.67818 3.52312 3.45232 3.48011 3.57658 3.70806 3.89575 4.11744 4.18964 3.97991 3.81824 3.96204 4.12781 4.12460 4.05043 4.01276 3.99619 4.01429 4.03628 4.06693 4.14979 4.08937 4.01173 3.93385 3.95534 4.05444 4.15185 4.18733 4.14517
4.76081 4.69125 4.69959 4.92540 5.02019 4.78643 4.73511 4.87330 5.02174 4.98609 4.98076 4.88967 4.81921 4.71240 4.70354 4.67179 4.58417 4.57753 4.60824 4.56123 4.55621 4.54118 4.52313 4.52227 4.55487 4.54470 4.53482 4.49527 4.43693 4.46343 4.45655 4.37441 4.27327 4.24098 4.20352 3.96425 3.64140 3.43668 3.30346 3.25106 3.32341 3.43707 3.52155 3.63887 3.83934 3.97925 3.84112 3.73017 3.84269 4.03547 4.09668 4.07951 4.02166 3.98456 3.97596 3.91023 3.92659 4.04162 3.96580 3.92281 3.98923 3.97915 3.97810 4.04320 4.13228 4.17399
4.77135 4.65481 4.63700 4.80424 4.97573 4.76870 4.71709 4.86756 4.94399 4.95199 4.98758 4.84099 4.75222 4.73444 4.67483 4.63805 4.60163 4.63000 4.63017 4.59602 4.57101 4.58191 4.56659 4.55399 4.54569 4.56406 4.53959 4.46370 4.44993 4.40831 4.36237 4.22846 4.17050 4.09242 4.01930 3.73391 3.42462 3.11992 3.09141 3.21359 3.32849 3.36589 3.41734 3.52002 3.66611 3.75407 3.66486 3.64682 3.77996 3.94759 4.03266 4.08182 4.04446 4.00294 3.97184 3.85126 3.76222 3.76387 3.72689 3.79919 3.91321 3.97113 4.04061 4.04120 4.11068 4.18049
4.83507 4.66036 4.60758 4.72281 4.88822 4.76759 4.75707 4.89685 4.94009 4.98744 5.03030 4.88578 4.73252 4.75399 4.73240 4.68285 4.67168 4.69725 4.67414 4.60970 4.55650 4.56776 4.55261 4.55033 4.52169 4.52083 4.50617 4.45149 4.39174 4.39657 4.28595 4.16168 4.18258 4.03724 3.90577 3.56275 3.15745 2.87676 3.11529 3.42564 3.56017 3.47061 3.40839 3.49257 3.63665 3.69761 3.63987 3.67597 3.80618 3.90267 3.94777 3.99441 4.00261 3.99827 3.95469 3.92699 3.79384 3.70342 3.70989 3.78013 3.80641 3.86892 3.97264 4.03190 4.10387 4.14318
4.84430 4.66308 4.62547 4.74009 4.85703 4.78828 4.81739 4.94586 4.95930 4.98817 5.00515 4.86830 4.71899 4.74165 4.76733 4.71992 4.70605 4.73438 4.71014 4.63006 4.57173 4.54619 4.54723 4.54731 4.50886 4.47417 4.45151 4.41609 4.36916 4.34899 4.19749 4.05677 4.01140 3.86912 3.70702 3.41636 2.87507 2.82052 3.36791 3.59151 3.62368 3.59043 3.47048 3.52390 3.68516 3.76704 3.72502 3.78290 3.90068 3.93986 3.94521 3.95559 3.96480 3.98739 3.96720 3.87870 3.81338 3.77156 3.80127 3.82479 3.79658 3.81090 3.85948 3.92316 4.00300 4.06093
