mrvbf_slope0.8_pctl1.2.asc
NCOLS 410
NROWS 410
XLLCORNER 2398750.0000000000000000
YLLCORNER 2548750.0000000000000000
CELLSIZE 250.0000000000000000
NODATA_VALUE -99999.00000
[rows 58 to 86 of 410, columns 132 to 197 of 410]
7.57766 7.58161 7.56939 7.56422 7.56256 7.54317 7.54028 7.54956 7.55553 7.56008 7.58190 7.59753 7.60991 7.61062 7.58886 7.57268 7.57687 7.59780 7.59322 7.59798 7.58894 7.56918 7.56836 7.57351 7.56820 7.55243 7.40126 6.91268 7.38116 7.45390 7.25892 7.45225 7.34590 6.95884 7.02518 7.31384 6.83538 6.94953 6.89351 7.49274 7.56699 7.56369 7.51812 7.41861 7.50727 7.55931 7.50957 7.41439 7.51493 7.55459 7.53687 7.52447 7.52841 7.52165 7.53306 7.56419 7.57836 7.56895 7.57472 7.57040 7.54801 7.51491 7.52411 7.54362 7.52114 7.50702
7.58084 7.56824 7.57434 7.56689 7.55524 7.56138 7.53047 7.54815 7.54977 7.55005 7.57736 7.59268 7.58929 7.59153 7.60318 7.58954 7.59965 7.57735 7.58863 7.59203 7.58158 7.55905 7.55071 7.56246 7.57594 7.57687 7.54727 7.49765 7.54836 7.55224 7.53611 7.52430 7.20998 6.87087 6.72973 6.81214 6.98044 6.73324 7.33954 7.52509 7.54279 7.53158 7.53656 7.49779 7.47252 7.51628 7.46317 7.46713 7.46380 7.52880 7.53700 7.53497 7.53418 7.54870 7.55733 7.54832 7.58123 7.58679 7.57906 7.56388 7.51107 7.48838 7.47359 7.52673 7.53448 7.51632
7.58722 7.57104 7.56765 7.56779 7.56464 7.56245 7.52645 7.52638 7.55170 7.56496 7.56629 7.58287 7.57035 7.57031 7.57899 7.58275 7.58283 7.55439 7.56241 7.59159 7.58023 7.56639 7.56109 7.55407 7.57862 7.58481 7.56906 7.55889 7.55726 7.56931 7.57417 7.55937 7.47900 7.10903 6.80489 7.15299 6.89211 7.15782 7.50763 7.54160 7.54591 7.52681 7.51863 7.52369 7.52513 7.46212 7.43183 7.41768 7.47699 7.51972 7.51816 7.52482 7.53969 7.52453 7.54977 7.55436 7.57848 7.59296 7.57777 7.53815 7.50898 7.47282 7.49230 7.53758 7.55153 7.54051
7.60002 7.59683 7.58436 7.56187 7.56569 7.57576 7.56974 7.54348 7.54483 7.54465 7.54155 7.57674 7.57551 7.55246 7.55754 7.56924 7.56077 7.54100 7.55418 7.57424 7.56638 7.57974 7.57835 7.57742 7.57491 7.58820 7.57430 7.57195 7.58768 7.58993 7.57076 7.56226 7.55418 7.51245 7.40345 7.08447 7.17743 6.98852 7.33677 7.52858 7.53946 7.54092 7.53213 7.55162 7.53607 7.44316 7.46891 7.43074 7.50452 7.54718 7.53305 7.52918 7.53679 7.53182 7.52624 7.51928 7.54905 7.55190 7.53218 7.46693 7.48308 7.50145 7.54267 7.55891 7.54665 7.54654
7.58445 7.59075 7.59296 7.57883 7.58072 7.56438 7.55393 7.56298 7.53802 7.54406 7.51957 7.56153 7.58334 7.56314 7.54616 7.55184 7.57708 7.55701 7.56567 7.55288 7.56189 7.57735 7.58458 7.59618 7.57551 7.56023 7.53835 7.55187 7.57667 7.56122 7.55688 7.55346 7.54669 7.56494 7.54164 7.41722 7.13522 7.17167 6.98655 7.43685 7.54505 7.54108 7.54790 7.56968 7.56533 7.51061 7.44515 7.51844 7.54767 7.53525 7.51684 7.47258 7.51927 7.54487 7.50590 7.51127 7.46770 7.45411 7.43587 7.45942 7.43434 7.52867 7.56048 7.55990 7.55989 7.55265
7.58293 7.58964 7.57544 7.56586 7.56265 7.55578 7.55763 7.57481 7.57275 7.53862 7.56386 7.58906 7.58455 7.57695 7.57375 7.56526 7.58042 7.55750 7.57979 7.59235 7.59495 7.57458 7.59380 7.59863 7.57866 7.55027 7.53752 7.54037 7.55587 7.54524 7.56350 7.55211 7.54253 7.54326 7.55009 7.53906 7.41690 7.10792 7.26576 7.49644 7.52857 7.52792 7.54828 7.57019 7.57295 7.56488 7.54167 7.55463 7.54310 7.51023 7.45147 7.46514 7.44946 7.53573 7.53481 7.48567 7.43697 7.45381 7.47338 7.45510 7.48605 7.53350 7.53668 7.54219 7.55579 7.56405
7.58579 7.58614 7.57764 7.54910 7.54488 7.53382 7.55513 7.57679 7.58920 7.56305 7.58320 7.60147 7.59233 7.57131 7.57866 7.58825 7.57177 7.55297 7.58549 7.59511 7.59955 7.58652 7.57726 7.58773 7.58072 7.58110 7.55249 7.54580 7.55417 7.58261 7.59237 7.57311 7.56786 7.54187 7.55496 7.55950 7.53282 7.30625 6.90378 7.34383 7.47647 7.52153 7.54194 7.56274 7.57984 7.58138 7.58045 7.56347 7.53589 7.49418 7.47616 7.41223 7.50349 7.55359 7.56939 7.54862 7.49252 7.46757 7.52636 7.49224 7.49896 7.52677 7.51816 7.54061 7.53912 7.55602
7.57910 7.58836 7.58008 7.56932 7.55554 7.53442 7.54308 7.57497 7.58481 7.56071 7.56912 7.57570 7.57377 7.56221 7.56089 7.58115 7.57114 7.56782 7.57826 7.59507 7.59895 7.59250 7.57406 7.56933 7.55802 7.57857 7.55226 7.55862 7.56662 7.59408 7.58808 7.59243 7.58339 7.54569 7.55660 7.57945 7.51281 6.99995 6.68468 6.74251 7.26563 7.43712 7.50615 7.54956 7.57669 7.57887 7.57877 7.56721 7.56737 7.54414 7.49946 7.49743 7.53707 7.55371 7.57031 7.54794 7.50370 7.51183 7.53446 7.52075 7.50945 7.52167 7.48884 7.48364 7.51493 7.54021
7.58178 7.58164 7.58939 7.58970 7.57949 7.55973 7.53736 7.54430 7.54918 7.53586 7.54080 7.55165 7.54568 7.54541 7.55816 7.58585 7.58408 7.57096 7.58127 7.58265 7.59776 7.60106 7.59041 7.57796 7.55591 7.57924 7.56370 7.57998 7.56674 7.55180 7.54598 7.55781 7.55472 7.54829 7.56970 7.57349 7.51002 7.08972 6.66586 6.66356 6.78679 7.23537 7.41817 7.50960 7.53947 7.55981 7.56491 7.57612 7.58638 7.57446 7.55474 7.54700 7.54780 7.55354 7.55977 7.51352 7.48125 7.48294 7.50493 7.53934 7.53509 7.47865 7.41432 7.39458 7.49054 7.54010
7.56275 7.57137 7.57380 7.57586 7.56755 7.56683 7.56351 7.54738 7.53638 7.53272 7.55363 7.55769 7.53759 7.54474 7.58329 7.58671 7.58549 7.58064 7.56988 7.58860 7.58916 7.60230 7.59660 7.59332 7.56385 7.57148 7.56335 7.56420 7.57179 7.55166 7.53738 7.54772 7.56201 7.55605 7.55676 7.55386 7.54111 7.41490 6.82291 6.65461 6.51563 6.72875 7.40311 7.51027 7.52038 7.53006 7.52579 7.48171 7.54763 7.56747 7.56562 7.54738 7.53497 7.54644 7.56049 7.51797 7.46385 7.48730 7.53339 7.54286 7.53199 7.46461 7.35847 7.34817 7.41414 7.51621
7.55534 7.54756 7.56368 7.57514 7.56060 7.54312 7.56422 7.57249 7.57356 7.57580 7.56512 7.54082 7.54747 7.54782 7.56880 7.57649 7.57914 7.57504 7.57307 7.59166 7.59743 7.59946 7.60483 7.60482 7.58173 7.56263 7.56604 7.56836 7.57530 7.56347 7.55619 7.53470 7.54256 7.53404 7.53045 7.54939 7.56476 7.53271 7.27917 6.55538 6.52762 6.54583 7.20660 7.49478 7.52426 7.51300 7.31844 6.80206 7.31823 7.52707 7.54260 7.53585 7.50910 7.54213 7.54919 7.52615 7.50209 7.53493 7.55327 7.55056 7.54567 7.52275 7.42272 7.38933 7.46017 7.47996
7.54873 7.56133 7.57578 7.58470 7.57123 7.55317 7.55170 7.57493 7.58823 7.58408 7.57215 7.55349 7.52880 7.53227 7.53645 7.52616 7.54649 7.56583 7.57288 7.58859 7.57947 7.58400 7.59563 7.60013 7.59484 7.57102 7.56156 7.56396 7.57091 7.56803 7.56187 7.52766 7.51574 7.52206 7.53901 7.55805 7.56671 7.55556 7.49763 7.17365 6.57617 6.74521 6.83162 7.33434 7.52322 7.43078 6.78974 7.09010 6.77781 7.44355 7.52636 7.49382 7.51639 7.52713 7.52148 7.50841 7.51320 7.55168 7.55773 7.56056 7.56262 7.56187 7.53245 7.48758 7.47290 7.46313
7.54434 7.56321 7.57717 7.58042 7.56914 7.55263 7.57611 7.58522 7.59073 7.58026 7.57890 7.58539 7.57189 7.54078 7.50132 7.49745 7.49667 7.55868 7.57318 7.56607 7.56705 7.57413 7.57989 7.57181 7.57552 7.57839 7.57275 7.56122 7.58003 7.56620 7.56582 7.55283 7.55225 7.55494 7.55241 7.55731 7.56654 7.56434 7.54320 7.49749 7.26825 6.81639 6.93802 6.91387 7.45753 7.48512 7.22599 7.41701 7.29227 7.49740 7.53716 7.50538 7.47919 7.51383 7.51869 7.52640 7.53574 7.54762 7.55557 7.55942 7.55331 7.56137 7.55423 7.52820 7.48599 7.44077
7.53789 7.53699 7.54349 7.56897 7.56597 7.56510 7.57665 7.57998 7.57749 7.57046 7.58698 7.59743 7.58107 7.53868 7.51037 7.47326 7.51269 7.56744 7.58074 7.57025 7.57067 7.56195 7.57562 7.54981 7.54783 7.55948 7.57579 7.56414 7.57852 7.57201 7.56962 7.57371 7.57243 7.56600 7.53853 7.55959 7.56758 7.57542 7.55207 7.52912 7.49160 7.33790 6.93894 7.37332 7.50156 7.22467 6.53410 6.90769 6.77046 7.43302 7.53255 7.53496 7.51653 7.50205 7.52225 7.54640 7.55056 7.55571 7.55681 7.54205 7.49789 7.53208 7.55072 7.55616 7.53025 7.46321
7.54420 7.55602 7.53809 7.53944 7.54528 7.55392 7.56756 7.56962 7.56168 7.56953 7.58951 7.59938 7.59341 7.57170 7.53911 7.52242 7.54806 7.55527 7.57509 7.58789 7.58535 7.55725 7.56169 7.53261 7.54340 7.56197 7.56245 7.56994 7.57849 7.57596 7.55634 7.56087 7.57363 7.56948 7.53914 7.55410 7.57019 7.57056 7.55333 7.54589 7.52390 7.50539 7.47982 7.53881 7.45900 6.70926 6.64583 6.46103 7.10086 7.48041 7.51448 7.51535 7.52672 7.50890 7.52807 7.55049 7.54847 7.55085 7.55088 7.51647 7.51681 7.49724 7.53692 7.54870 7.53525 7.48268
7.47727 7.54489 7.55117 7.52831 7.51665 7.50400 7.52753 7.54336 7.56573 7.57868 7.58730 7.59216 7.58447 7.57927 7.57489 7.56088 7.56782 7.55264 7.57802 7.57665 7.57586 7.55078 7.54296 7.53506 7.55744 7.55844 7.55563 7.57300 7.57689 7.56368 7.55037 7.54555 7.56032 7.55186 7.53835 7.53902 7.57183 7.56260 7.54465 7.53925 7.54709 7.55702 7.55503 7.55229 7.52199 7.21942 6.55721 6.94986 7.42088 7.51132 7.51462 7.52439 7.53027 7.51977 7.50480 7.52556 7.52954 7.54379 7.54105 7.52858 7.49526 7.51564 7.53660 7.53742 7.49816 7.48287
6.90356 7.37330 7.48444 7.51494 7.48178 7.44578 7.47770 7.51705 7.55556 7.56516 7.57783 7.57489 7.57181 7.56988 7.57870 7.55899 7.55648 7.55010 7.58139 7.57784 7.57955 7.55932 7.53490 7.54906 7.56195 7.57531 7.56133 7.56391 7.57799 7.55790 7.53579 7.53072 7.54025 7.54451 7.54155 7.53910 7.56659 7.56276 7.55194 7.54441 7.54910 7.56961 7.56327 7.53762 7.52017 7.37800 6.83632 7.25503 7.46830 7.52958 7.52832 7.51228 7.51641 7.48297 7.47655 7.49993 7.52337 7.53367 7.52659 7.44049 7.33033 7.42478 7.51402 7.53026 7.50386 7.48455
6.63333 6.80562 7.21548 7.39377 7.46800 7.42658 7.42912 7.47863 7.51696 7.54458 7.56174 7.55850 7.56312 7.56587 7.57424 7.56562 7.55162 7.56370 7.58192 7.57967 7.56821 7.56088 7.54700 7.53574 7.55049 7.57647 7.56461 7.56595 7.57595 7.56594 7.54600 7.55509 7.55435 7.53832 7.53811 7.53844 7.54569 7.55544 7.55751 7.55660 7.56070 7.55154 7.52664 7.49322 7.33916 7.01749 7.09216 7.06552 7.44770 7.52116 7.51861 7.50763 7.48558 7.46976 7.46475 7.48050 7.50433 7.51948 7.49805 7.33141 7.28657 7.32029 7.50236 7.52053 7.51119 7.50308
6.79208 7.04813 7.10358 6.71721 7.21324 7.46872 7.44285 7.45468 7.50127 7.52623 7.53334 7.54772 7.55616 7.56429 7.56824 7.55743 7.56407 7.56695 7.57362 7.57470 7.56428 7.56595 7.54776 7.52811 7.54935 7.56871 7.55625 7.55665 7.56092 7.55378 7.55843 7.56974 7.56634 7.54655 7.53577 7.53519 7.55737 7.55908 7.55725 7.55920 7.55956 7.53873 7.49597 7.20268 6.53953 6.65250 6.79980 7.28734 7.43444 7.50837 7.52799 7.51598 7.48361 7.46550 7.46598 7.48903 7.50407 7.49739 7.49260 7.44806 7.27056 7.42219 7.52694 7.51798 7.48943 7.48637
7.42073 7.35751 6.73671 6.78530 6.60456 7.39055 7.50782 7.47330 7.50306 7.53510 7.53687 7.54409 7.56285 7.57738 7.56790 7.55733 7.55469 7.54849 7.55362 7.56252 7.56197 7.54410 7.53492 7.51525 7.54013 7.55649 7.56357 7.55801 7.55291 7.53976 7.55738 7.55899 7.55400 7.54975 7.54707 7.55139 7.55985 7.55123 7.54914 7.54760 7.54033 7.50602 7.33644 6.47991 6.18210 6.23463 6.60611 7.14683 7.14313 7.40236 7.52002 7.52932 7.51305 7.49311 7.51151 7.49794 7.49693 7.49952 7.49995 7.48463 7.37008 7.31304 7.45554 7.47788 7.44275 7.45348
7.49159 7.48126 7.12918 6.49324 6.51194 7.28878 7.48181 7.48678 7.52804 7.55779 7.55189 7.54982 7.56512 7.58192 7.57819 7.56611 7.54722 7.53954 7.54727 7.55559 7.55809 7.54275 7.50322 7.51565 7.49859 7.53573 7.54447 7.54038 7.55003 7.53175 7.54450 7.54084 7.54568 7.55533 7.55006 7.53881 7.53540 7.53669 7.53914 7.53204 7.50981 7.48308 7.22603 6.30059 6.20219 6.20176 6.36728 6.74791 7.04532 7.11206 7.45015 7.51625 7.52120 7.52373 7.51871 7.51030 7.49750 7.50368 7.49892 7.41664 7.28158 7.38181 7.30939 7.44585 7.44009 7.44725
7.46673 7.46529 7.23945 6.50974 6.60919 6.73270 7.39279 7.52043 7.54809 7.56322 7.55200 7.54976 7.55373 7.56741 7.57986 7.56777 7.52978 7.50379 7.50163 7.54464 7.54013 7.53629 7.52135 7.48486 7.51111 7.50416 7.51050 7.52758 7.53034 7.53127 7.52031 7.53459 7.54645 7.55730 7.55187 7.52720 7.52023 7.53494 7.52292 7.51823 7.51077 7.50030 7.21863 6.25464 5.96676 5.91867 6.41278 6.74986 6.63036 7.20933 7.36773 7.48714 7.51119 7.53107 7.52679 7.51819 7.51501 7.48956 7.47334 7.46075 7.39987 7.34698 7.43233 7.48367 7.49178 7.47730
7.47442 7.46610 7.38171 6.84878 6.59515 6.98209 7.38144 7.45548 7.51642 7.52795 7.50930 7.51808 7.53407 7.55565 7.56589 7.55460 7.51737 7.48332 7.49596 7.54415 7.53467 7.53529 7.54666 7.52926 7.50183 7.50738 7.51842 7.49454 7.50143 7.51020 7.52442 7.53968 7.53995 7.55173 7.54631 7.52749 7.51577 7.51306 7.52574 7.53381 7.51482 7.44903 7.01835 6.33768 6.08093 6.02500 6.50271 6.34425 6.48320 7.07939 6.74927 7.26673 7.48458 7.52123 7.52289 7.51929 7.49935 7.47806 7.49001 7.45334 7.27156 7.11749 7.29625 7.47199 7.50764 7.50582
7.50707 7.50380 7.47409 7.34371 7.10901 7.37663 7.30629 7.22043 7.38099 7.44594 7.46825 7.50010 7.51310 7.53719 7.55236 7.54654 7.52559 7.48626 7.51924 7.54402 7.53104 7.53767 7.55098 7.53523 7.52287 7.51562 7.49654 7.48720 7.51404 7.53166 7.54345 7.53386 7.54457 7.53761 7.53765 7.52217 7.49597 7.50564 7.53401 7.51554 7.48591 7.33734 6.48453 6.29353 6.60197 6.47107 6.16727 6.38230 6.73670 6.79681 6.42223 6.62329 7.37084 7.48880 7.50230 7.51124 7.50603 7.50099 7.50340 7.42822 7.04477 7.05527 7.05792 7.43629 7.49303 7.50250
7.53824 7.53969 7.52543 7.49153 7.44679 7.39099 6.98270 7.12548 7.09039 7.36004 7.42580 7.47036 7.49253 7.51565 7.53274 7.53692 7.52154 7.49832 7.52000 7.53813 7.54445 7.54077 7.53688 7.52149 7.52140 7.51862 7.50935 7.53152 7.54304 7.54180 7.54687 7.53643 7.53814 7.54972 7.54058 7.51280 7.50294 7.50136 7.52624 7.50574 7.49111 7.32788 6.43846 6.27424 6.52437 6.63483 6.57015 6.95615 6.56325 6.43164 6.38105 6.51108 7.32011 7.45067 7.46151 7.50202 7.50933 7.50286 7.50412 7.44652 7.05384 6.89701 6.96160 7.38133 7.44628 7.45491
7.54224 7.55410 7.56295 7.54473 7.52553 7.46971 7.30011 7.03044 7.22579 7.24687 7.40034 7.46509 7.47717 7.51510 7.50297 7.50294 7.48654 7.48168 7.49049 7.51206 7.52926 7.53721 7.53421 7.52619 7.53266 7.54000 7.53712 7.55021 7.55128 7.54496 7.54128 7.54759 7.54506 7.54856 7.54535 7.52725 7.49145 7.50686 7.52832 7.51356 7.49098 7.44478 7.06388 6.43254 6.53583 6.64387 6.78115 7.24412 7.28332 7.06938 6.52149 7.03858 7.43760 7.43638 7.43526 7.45430 7.46934 7.45611 7.47638 7.47890 7.35930 7.04748 7.20420 7.37725 7.40500 7.44637
7.52354 7.54169 7.55753 7.55855 7.53990 7.50768 7.48776 7.41685 7.31674 7.12225 7.32359 7.46979 7.50659 7.51696 7.49058 7.45091 7.44768 7.49046 7.45256 7.45871 7.48983 7.52528 7.53887 7.52568 7.53538 7.54687 7.54666 7.55423 7.55240 7.53883 7.54870 7.55538 7.55132 7.54113 7.54537 7.53286 7.50895 7.51485 7.51612 7.50316 7.49119 7.49559 7.45183 7.25707 7.14134 6.81957 6.97207 6.70866 7.00190 7.36442 7.25479 7.36061 7.43363 7.42926 7.43894 7.44523 7.41189 7.43277 7.42253 7.47542 7.41790 7.26204 7.29261 7.28529 7.38684 7.46638
7.48116 7.52734 7.54664 7.55336 7.54052 7.51986 7.49342 7.29779 6.77853 7.00537 7.23784 7.46109 7.52271 7.51597 7.49410 7.47202 7.44719 7.46235 7.42660 7.42489 7.47715 7.50701 7.52418 7.52591 7.51922 7.53839 7.53946 7.54950 7.54717 7.52619 7.54409 7.55253 7.55128 7.54253 7.53575 7.53135 7.50722 7.50964 7.50779 7.50150 7.48012 7.48640 7.49485 7.47584 7.39703 7.07050 6.52056 6.40303 6.28165 6.70551 7.35603 7.39530 7.42956 7.41511 7.46114 7.47361 7.45904 7.42103 7.44877 7.48130 7.42893 7.37746 7.26326 7.37221 7.42880 7.45918
7.43732 7.49117 7.54017 7.55498 7.54806 7.53583 7.45416 6.93090 6.80516 6.90828 7.19405 7.42167 7.49526 7.51452 7.52495 7.48592 7.44060 7.44407 7.44322 7.46847 7.47330 7.49099 7.49988 7.50706 7.51956 7.54074 7.54201 7.54624 7.52231 7.50661 7.54058 7.54767 7.55578 7.54692 7.53933 7.51933 7.49986 7.49853 7.45556 7.45402 7.49620 7.49132 7.48927 7.46902 7.35244 6.82512 6.43433 6.25544 5.97853 5.97647 6.74650 7.36541 7.47042 7.48586 7.48015 7.47028 7.47331 7.46148 7.48040 7.49219 7.43267 7.38450 7.38639 7.45019 7.45415 7.46504
