mrvbf_slope0.8_pctl0.7.asc
NCOLS 410
NROWS 410
XLLCORNER 2398750.0000000000000000
YLLCORNER 2548750.0000000000000000
CELLSIZE 250.0000000000000000
NODATA_VALUE -99999.00000
[rows 319 to 347 of 410, columns 330 to 395 of 410]
2.89695 2.93239 2.89531 2.88592 2.92611 2.98084 3.05365 3.14058 3.23693 3.33284 3.43596 3.55572 3.72306 3.91847 4.05119 4.10169 4.11660 4.14703 4.22086 4.32314 4.41307 4.47424 4.52145 4.56714 4.62104 4.70373 4.87232 5.14465 5.26523 5.03233 4.71093 4.63816 4.69362 4.72859 4.79899 4.96585 5.08061 5.14160 5.16210 5.16597 5.17376 5.20511 5.30913 5.43406 5.49649 5.57772 5.69263 5.79341 5.86217 5.80707 5.65469 5.47947 5.30521 5.16263 5.06843 5.02633 5.00991 4.97600 4.88760 4.77527 4.68631 4.62287 4.57177 4.44231 3.13762 1.47588
2.62866 2.74674 2.78721 2.80335 2.83857 2.87715 2.94315 3.02824 3.11573 3.22403 3.35165 3.48469 3.63439 3.81366 3.96768 4.05478 4.10092 4.14605 4.20689 4.28719 4.37332 4.44121 4.49193 4.53456 4.57810 4.62935 4.71051 4.88796 5.10697 5.05654 4.83009 4.75084 4.77096 4.82387 4.97522 5.15223 5.11486 5.06614 5.04651 5.05622 5.09669 5.17926 5.34920 5.56914 5.67097 5.71617 5.78195 5.85124 5.89894 5.87958 5.76162 5.58185 5.39634 5.25155 5.16179 5.13557 5.15129 5.15742 5.09682 4.96933 4.82925 4.71120 4.61802 4.52460 4.35315 3.94077
2.37770 2.49921 2.59799 2.67753 2.72248 2.75026 2.80151 2.90280 3.02063 3.16176 3.30848 3.44303 3.57544 3.73334 3.89928 4.02812 4.11735 4.18596 4.24319 4.30409 4.37476 4.43743 4.48552 4.52415 4.56206 4.60384 4.65554 4.74596 4.91917 5.04980 5.00543 4.95181 4.95988 5.04938 5.22914 5.26508 5.11901 5.02375 4.98981 5.00339 5.06139 5.16820 5.34543 5.58054 5.77137 5.83570 5.86495 5.90529 5.94257 5.92968 5.82939 5.65844 5.47847 5.34092 5.25811 5.24478 5.28860 5.33675 5.31850 5.20254 5.02745 4.84186 4.69124 4.57752 4.47572 4.33890
1.99957 2.18309 2.35081 2.47956 2.54667 2.60873 2.67004 2.77471 2.92223 3.09557 3.25297 3.39003 3.51976 3.66877 3.84455 4.00828 4.13999 4.23982 4.30715 4.35599 4.40696 4.45692 4.49894 4.53284 4.56481 4.60277 4.64808 4.71124 4.82539 5.00112 5.15686 5.20763 5.23099 5.31256 5.36615 5.24068 5.09017 5.00367 4.97345 4.99013 5.05136 5.15931 5.32137 5.53006 5.75136 5.89468 5.95297 5.97932 5.99578 5.97736 5.88892 5.73340 5.56613 5.43857 5.36102 5.35255 5.41041 5.48798 5.50739 5.41215 5.23057 5.00636 4.80160 4.65612 4.56017 4.47508
1.70881 1.82294 2.01215 2.21058 2.35095 2.45969 2.55060 2.65714 2.79917 2.94166 3.09453 3.27814 3.44911 3.60627 3.78728 3.97556 4.13827 4.26362 4.34543 4.39647 4.43929 4.47919 4.51465 4.54631 4.57656 4.61221 4.65641 4.71443 4.80366 4.94933 5.14420 5.31136 5.38302 5.37939 5.29651 5.16861 5.06151 4.99992 4.98051 5.00168 5.06169 5.16077 5.30234 5.47936 5.68144 5.86383 5.98351 6.03449 6.04769 6.02825 5.95502 5.82124 5.67106 5.55450 5.48002 5.46787 5.52248 5.60720 5.64752 5.56866 5.38914 5.15568 4.92666 4.74987 4.63910 4.56824
1.64615 1.65139 1.72805 1.89205 2.10959 2.27252 2.39227 2.50549 2.63707 2.72527 2.84935 3.10694 3.36657 3.54553 3.72133 3.91138 4.09267 4.24318 4.34152 4.40144 4.44790 4.48923 4.52463 4.55589 4.58719 4.62379 4.66941 4.72727 4.80651 4.91870 5.06398 5.20359 5.27446 5.26062 5.19163 5.11058 5.04350 5.00549 4.99781 5.02376 5.08321 5.17433 5.29771 5.44754 5.62074 5.79805 5.95137 6.04629 6.08521 6.08097 6.02985 5.92394 5.79548 5.69179 5.62019 5.59888 5.63660 5.70511 5.74164 5.67232 5.50234 5.27647 5.04709 4.85601 4.72632 4.65153
1.60251 1.60002 1.56306 1.61343 1.77530 2.05786 2.26455 2.34008 2.45591 2.55909 2.65149 2.88783 3.24497 3.47250 3.64376 3.81516 4.00260 4.18035 4.29988 4.37327 4.42994 4.48041 4.52335 4.56029 4.59551 4.63463 4.68254 4.74217 4.81767 4.91058 5.01770 5.11455 5.16749 5.16431 5.12428 5.07613 5.03612 5.01623 5.01901 5.04927 5.10832 5.19424 5.30530 5.43563 5.58411 5.74216 5.89767 6.02179 6.09870 6.12666 6.10751 6.03740 5.93903 5.85417 5.78916 5.75763 5.77051 5.80894 5.82448 5.75482 5.59623 5.38359 5.16114 4.96698 4.82272 4.73956
1.51071 1.57164 1.56191 1.54515 1.59382 1.72975 2.00993 2.16896 2.25904 2.42625 2.52070 2.65939 3.01871 3.36939 3.56326 3.72446 3.90788 4.08853 4.22511 4.32317 4.40141 4.46647 4.51891 4.56298 4.60296 4.64437 4.69309 4.75348 4.82816 4.91313 5.00087 5.07235 5.11050 5.11089 5.08627 5.05645 5.03276 5.02510 5.03617 5.07071 5.13008 5.21278 5.31635 5.43490 5.56744 5.70943 5.85697 5.99155 6.09670 6.16032 6.17912 6.15127 6.09260 6.03531 5.98390 5.94600 5.93264 5.93520 5.92338 5.84919 5.70396 5.50763 5.29242 5.09518 4.93457 4.83521
1.41857 1.51426 1.62584 1.64697 1.61321 1.63622 1.66322 1.78108 1.92009 2.16143 2.37201 2.52435 2.82316 3.26288 3.49554 3.65335 3.82599 4.00590 4.16089 4.28711 4.38820 4.46499 4.52327 4.57125 4.61322 4.65397 4.69980 4.75685 4.82847 4.90922 4.98804 5.04671 5.07581 5.07695 5.06082 5.04195 5.02867 5.02945 5.04710 5.08577 5.14642 5.22727 5.32562 5.43645 5.55910 5.69091 5.83117 5.96824 6.08963 6.18154 6.23778 6.25639 6.24770 6.23047 6.20449 6.16931 6.13350 6.09897 6.05619 5.97469 5.84333 5.66587 5.45674 5.25197 5.07037 4.94212
1.41701 1.47431 1.57539 1.63870 1.61069 1.60023 1.55377 1.55293 1.62456 1.79490 2.11386 2.40956 2.66888 3.07055 3.37268 3.55501 3.73129 3.93667 4.13397 4.28963 4.40240 4.48181 4.53983 4.58528 4.62260 4.65749 4.69689 4.74740 4.81288 4.88895 4.96356 5.01776 5.04394 5.04698 5.03713 5.02610 5.02029 5.02721 5.05002 5.09240 5.15463 5.23438 5.32876 5.43407 5.55073 5.67718 5.81379 5.95278 6.08434 6.19558 6.28138 6.34184 6.38567 6.41925 6.43309 6.41603 6.37038 6.30515 6.23150 6.14027 6.02300 5.86813 5.66427 5.44241 5.23247 5.06611
1.46436 1.50790 1.57136 1.56572 1.53045 1.51200 1.50886 1.49893 1.54133 1.66073 1.91577 2.22159 2.45710 2.69746 3.08733 3.41089 3.61284 3.84793 4.11789 4.31485 4.43278 4.50491 4.55343 4.58629 4.61344 4.64235 4.67752 4.72339 4.78327 4.85449 4.92615 4.97983 5.00731 5.01426 5.01058 5.00641 5.00706 5.01934 5.04672 5.09248 5.15625 5.23483 5.32530 5.42574 5.53797 5.66184 5.79830 5.94058 6.07920 6.20254 6.30829 6.40115 6.49176 6.57997 6.64657 6.66469 6.62455 6.54075 6.44093 6.33880 6.23638 6.11222 5.92271 5.67633 5.42408 5.21326
1.55517 1.60066 1.57403 1.49733 1.46254 1.49952 1.53830 1.54734 1.56885 1.68026 2.03791 2.25588 2.35578 2.51087 2.77483 3.22023 3.51029 3.75035 4.08482 4.32704 4.44060 4.48840 4.51929 4.54632 4.57420 4.60557 4.64238 4.68801 4.74545 4.81353 4.88315 4.93748 4.96774 4.97912 4.98111 4.98296 4.98943 5.00679 5.03849 5.08718 5.15180 5.22840 5.31438 5.40973 5.51767 5.64009 5.77901 5.92552 6.06772 6.19684 6.31460 6.42919 6.55178 6.68227 6.80245 6.87131 6.85080 6.76510 6.65456 6.54830 6.46184 6.37358 6.21199 5.94327 5.63552 5.37227
1.59204 1.64842 1.56840 1.50662 1.39484 1.43489 1.57792 1.65238 1.61681 1.70121 2.10404 2.41103 2.46385 2.49361 2.64105 3.02667 3.42621 3.67296 4.01548 4.26503 4.36344 4.41213 4.45288 4.49114 4.52751 4.56434 4.60398 4.65040 4.70683 4.77318 4.84153 4.89630 4.92863 4.94355 4.95015 4.95712 4.96904 4.99159 5.02779 5.07937 5.14424 5.21784 5.29836 5.38748 5.48995 5.61034 5.75066 5.89756 6.03776 6.16885 6.29676 6.42903 6.57084 6.71957 6.86400 6.97001 6.97647 6.90909 6.81438 6.72549 6.66397 6.61328 6.49182 6.21467 5.85583 5.53618
1.43005 1.48520 1.47405 1.51037 1.45626 1.42100 1.52225 1.62333 1.63640 1.69910 2.00142 2.38798 2.50468 2.50186 2.58281 2.89645 3.36602 3.62090 3.90506 4.12033 4.22697 4.30232 4.37185 4.43234 4.48223 4.52643 4.56932 4.61625 4.67144 4.73609 4.80341 4.85826 4.89162 4.90870 4.91860 4.92975 4.94672 4.97449 5.01552 5.07026 5.13525 5.20535 5.27925 5.36006 5.45431 5.56787 5.70020 5.83610 5.96933 6.10508 6.24936 6.40498 6.56378 6.71348 6.84041 6.92738 6.94946 6.92357 6.87770 6.84070 6.82382 6.79862 6.69316 6.41489 6.03602 5.67880
1.26704 1.31362 1.29662 1.34880 1.43709 1.43579 1.46663 1.57905 1.66516 1.70119 1.85324 2.26703 2.47962 2.49115 2.54667 2.81949 3.31794 3.56910 3.77742 3.95526 4.07474 4.18030 4.28540 4.37384 4.43991 4.49277 4.53966 4.58733 4.64111 4.70363 4.76966 4.82407 4.85740 4.87515 4.88700 4.90153 4.92331 4.95660 5.00317 5.06193 5.12781 5.19473 5.26135 5.33234 5.41543 5.51421 5.62409 5.73509 5.85694 6.00190 6.17326 6.36730 6.55434 6.70693 6.80768 6.85379 6.85490 6.84308 6.84467 6.86954 6.89592 6.86378 6.72568 6.47089 6.12713 5.77443
1.13736 1.25515 1.27233 1.21072 1.28683 1.36925 1.43246 1.56980 1.66654 1.70071 1.83708 2.14934 2.40122 2.47616 2.56106 2.79258 3.24032 3.50157 3.67191 3.83038 3.94998 4.06648 4.20208 4.31825 4.40039 4.46224 4.51371 4.56270 4.61551 4.67591 4.74040 4.79390 4.82605 4.84299 4.85555 4.87264 4.89891 4.93800 4.99093 5.05515 5.12385 5.18942 5.24973 5.31058 5.37952 5.45657 5.53520 5.61405 5.71821 5.86997 6.07518 6.32209 6.55470 6.72625 6.81632 6.83091 6.78577 6.74786 6.76650 6.80966 6.82788 6.77696 6.62267 6.38491 6.09675 5.79209
1.21187 1.32734 1.25436 1.21480 1.27898 1.35803 1.45602 1.57741 1.64984 1.69252 1.89522 2.13776 2.32192 2.47410 2.60618 2.82564 3.19803 3.44963 3.60332 3.74581 3.85383 3.96771 4.12951 4.26789 4.36423 4.43412 4.48967 4.54032 4.59310 4.65247 4.71612 4.76846 4.79810 4.81282 4.82512 4.84413 4.87471 4.92001 4.98051 5.05249 5.12715 5.19477 5.25167 5.30364 5.35782 5.41630 5.47357 5.53073 5.62028 5.77067 5.99113 6.26870 6.54054 6.74844 6.85539 6.85891 6.77060 6.68484 6.67277 6.69843 6.69178 6.62307 6.46513 6.22419 5.97166 5.72845
1.37431 1.46377 1.36846 1.38261 1.47684 1.48000 1.50027 1.62072 1.71240 1.74572 1.95296 2.16740 2.34547 2.51677 2.66650 2.91734 3.23522 3.43397 3.55644 3.66419 3.76500 3.90668 4.07416 4.22116 4.33499 4.40962 4.46591 4.51821 4.57243 4.63251 4.69666 4.74772 4.77354 4.78501 4.79639 4.81682 4.85153 4.90353 4.97311 5.05564 5.14058 5.21638 5.27613 5.32282 5.36282 5.41033 5.46916 5.53426 5.62438 5.75848 5.93672 6.17700 6.46096 6.71513 6.85490 6.86775 6.78028 6.65003 6.55518 6.51592 6.46407 6.37611 6.24664 6.04187 5.81083 5.61473
1.53942 1.51609 1.50129 1.57881 1.59092 1.53494 1.59417 1.74529 1.78357 1.77585 1.94552 2.14841 2.37265 2.58942 2.84653 3.13051 3.34356 3.46536 3.54672 3.62612 3.74632 3.93394 4.03558 4.17270 4.30964 4.38320 4.43860 4.49479 4.55304 4.61590 4.68204 4.73148 4.75231 4.76010 4.77048 4.79257 4.83224 4.89243 4.97318 5.06927 5.16924 5.26053 5.33111 5.37659 5.39951 5.43739 5.52151 5.65533 5.81647 5.87982 5.89971 6.04279 6.36910 6.70726 6.86794 6.87950 6.78164 6.58725 6.38370 6.24025 6.12024 6.02138 5.94828 5.83665 5.65150 5.50303
1.45216 1.51110 1.58064 1.63152 1.61724 1.59570 1.63119 1.73154 1.78009 1.78833 1.92131 2.10229 2.38801 2.67227 3.10106 3.35831 3.46190 3.52118 3.57636 3.65187 3.79077 3.95426 4.00841 4.11886 4.25521 4.33577 4.40286 4.47005 4.53614 4.60363 4.67208 4.71832 4.73354 4.73831 4.74858 4.77371 4.82035 4.89106 4.98524 5.09736 5.21619 5.32948 5.41968 5.47162 5.47670 5.50333 5.60470 5.82481 6.15049 6.05524 5.88530 5.96803 6.35233 6.74726 6.89505 6.85440 6.69584 6.43654 6.15404 5.92283 5.78330 5.70764 5.66208 5.61519 5.53408 5.46740
1.08933 1.30112 1.43900 1.50245 1.53385 1.60976 1.70236 1.77585 1.78032 1.79872 1.89099 2.07921 2.43699 2.79485 3.31519 3.51929 3.55535 3.56918 3.61452 3.69582 3.81601 3.92280 3.98254 4.06595 4.17307 4.28061 4.36425 4.44613 4.52339 4.59608 4.66475 4.70519 4.71603 4.72036 4.73319 4.76488 4.82279 4.90801 5.01833 5.14756 5.28630 5.42527 5.53991 5.60404 5.61205 5.62943 5.69637 5.82421 5.97213 5.95881 5.90854 6.02921 6.39610 6.76795 6.90103 6.77970 6.51836 6.21960 5.95034 5.73523 5.62939 5.58319 5.54630 5.51923 5.52538 5.55176
0.94798 1.11263 1.22259 1.33970 1.44907 1.59598 1.77828 1.85013 1.74519 1.74057 1.84723 2.10384 2.49171 2.89365 3.38250 3.56949 3.59668 3.60305 3.64735 3.72902 3.82739 3.91255 3.99847 4.09975 4.19458 4.26674 4.33781 4.43253 4.51956 4.59335 4.65508 4.68820 4.69977 4.70872 4.72849 4.77188 4.84692 4.95222 5.08191 5.22713 5.38301 5.54854 5.69652 5.78895 5.80164 5.78960 5.79002 5.78786 5.79793 5.85863 5.98307 6.18951 6.49052 6.78439 6.88014 6.68897 6.32308 6.00061 5.81604 5.71623 5.68069 5.67100 5.65558 5.63730 5.66418 5.71218
1.06534 1.08872 1.10941 1.23372 1.35261 1.52815 1.70352 1.70762 1.54432 1.54152 1.73397 2.18810 2.56045 2.92171 3.28678 3.47544 3.57796 3.64475 3.70515 3.78184 3.86512 3.93766 4.02152 4.13017 4.20649 4.25091 4.33326 4.43908 4.52542 4.58870 4.63527 4.66581 4.68644 4.70657 4.73848 4.79908 4.89889 5.03359 5.18576 5.34178 5.50666 5.69085 5.87668 6.01547 6.03086 5.98289 5.93641 5.88983 5.88718 5.97642 6.14968 6.38735 6.62518 6.81380 6.83654 6.60397 6.16021 5.82473 5.73531 5.80454 5.92045 5.97250 5.97937 5.94748 5.91206 5.85364
1.14298 1.16491 1.28062 1.26969 1.27854 1.51746 1.80940 1.69091 1.34846 1.31962 1.64552 2.29449 2.60807 2.83840 3.04163 3.32104 3.53102 3.68743 3.81946 3.90127 3.95238 3.99175 4.03151 4.08807 4.14326 4.22059 4.34665 4.45693 4.52427 4.56567 4.60268 4.64097 4.67872 4.71756 4.76738 4.85026 4.98420 5.15961 5.33676 5.49482 5.65218 5.83191 6.03468 6.21678 6.26468 6.22356 6.18629 6.18154 6.23363 6.32782 6.44754 6.59786 6.75451 6.85131 6.79459 6.52754 6.04974 5.72899 5.71287 5.93442 6.23404 6.25931 6.14825 5.99833 5.90283 5.79193
1.39575 1.46086 1.46816 1.45207 1.51942 1.71952 1.79543 1.53325 1.24409 1.29677 1.68716 2.34434 2.61030 2.69634 2.71631 3.03797 3.45131 3.66222 3.91098 4.05588 4.06941 4.07051 4.05803 4.05328 4.08268 4.19372 4.35088 4.44034 4.48358 4.52313 4.56858 4.62080 4.67901 4.74358 4.81838 4.92660 5.08881 5.29504 5.50420 5.66555 5.80522 5.96071 6.14269 6.32284 6.42947 6.45205 6.46392 6.51263 6.59186 6.65949 6.71964 6.78201 6.84657 6.85784 6.74844 6.44900 5.97142 5.69156 5.73200 6.01900 6.26576 6.14209 5.96721 5.81520 5.65783 5.48463
1.49374 1.53019 1.56577 1.58635 1.63167 1.72765 1.72402 1.58635 1.40798 1.41674 1.81794 2.43637 2.67318 2.69835 2.59577 2.56838 3.12058 3.54409 3.80594 4.04667 4.16444 4.19479 4.14861 4.08993 4.06889 4.13676 4.25475 4.32716 4.40602 4.47974 4.54362 4.60926 4.68641 4.78170 4.89089 5.02292 5.19099 5.39461 5.61791 5.80312 5.94079 6.07222 6.21643 6.36856 6.50431 6.59417 6.64514 6.69594 6.75184 6.79672 6.83130 6.86465 6.88336 6.84384 6.71177 6.39494 5.91702 5.66361 5.74917 6.06385 6.12836 5.93044 5.85851 5.81914 5.51806 5.23748
1.54124 1.63093 1.61055 1.62991 1.72168 1.68692 1.57702 1.53971 1.46757 1.52293 2.06458 2.60081 2.86447 2.93454 2.71709 2.51179 2.43351 3.18589 3.57957 3.81064 4.21923 4.33897 4.28362 4.20044 4.14444 4.12994 4.16828 4.24827 4.36450 4.46184 4.53631 4.60925 4.70022 4.82468 4.97590 5.13704 5.29542 5.46544 5.66426 5.86757 6.03208 6.15364 6.26634 6.38720 6.52689 6.65257 6.72992 6.78047 6.82134 6.85367 6.87644 6.89418 6.88679 6.82767 6.69512 6.38291 5.88627 5.62516 5.72910 6.03808 5.94665 5.82671 5.93523 5.93215 5.45284 5.08063
1.51986 1.56064 1.53141 1.63684 1.73475 1.59547 1.50408 1.53662 1.53782 1.72101 2.37874 2.72858 3.19847 3.38792 3.19673 2.80052 2.46743 2.48211 3.36526 3.68106 4.22578 4.40091 4.37362 4.31837 4.28958 4.28027 4.30394 4.35570 4.40730 4.47829 4.54741 4.62087 4.71962 4.86267 5.04692 5.24217 5.40290 5.54340 5.70904 5.89933 6.07626 6.20761 6.31305 6.41563 6.53657 6.66770 6.76550 6.82481 6.86363 6.88942 6.90264 6.90563 6.88138 6.81695 6.68832 6.38673 5.89407 5.62201 5.68190 5.87325 5.79803 5.82128 5.98212 5.84251 5.31063 4.96616
1.64114 1.54431 1.37897 1.52407 1.64368 1.59236 1.60498 1.70452 1.82762 2.15743 2.58050 2.84319 3.37922 3.54536 3.53118 3.40195 2.96073 2.69169 3.18210 3.59795 4.09753 4.39974 4.41838 4.39777 4.40347 4.42490 4.44398 4.45226 4.46669 4.50888 4.56663 4.63815 4.74029 4.88935 5.08617 5.30232 5.48976 5.62220 5.75721 5.91942 6.09171 6.24392 6.36085 6.45512 6.55071 6.66564 6.77213 6.83975 6.88038 6.90385 6.91206 6.90590 6.87558 6.81240 6.68696 6.40223 5.96210 5.69808 5.66819 5.69562 5.73311 5.85835 5.89688 5.55458 5.11657 4.88702
