mrvbf_slope0.6_pctl1.1.asc
NCOLS 410
NROWS 410
XLLCORNER 2398750.0000000000000000
YLLCORNER 2548750.0000000000000000
CELLSIZE 250.0000000000000000
NODATA_VALUE -99999.00000
[rows 174 to 202 of 410, columns 198 to 263 of 410]
4.83927 4.54786 4.64619 4.88463 4.90299 4.60844 4.75425 5.06767 5.12725 5.08952 4.78200 4.79709 5.30623 5.34084 5.19709 5.17098 5.23491 5.26408 5.19857 5.26504 5.44427 5.50478 5.34382 5.21658 5.20289 5.21356 5.11702 5.05490 5.15300 5.14478 5.07239 4.86232 4.55915 4.54287 4.59264 4.63624 4.80955 4.94228 4.93981 5.05347 4.83629 4.75506 4.87529 5.15614 5.29932 5.30186 5.04955 4.59437 4.17592 4.07303 4.15279 4.30369 4.36755 4.39664 4.37399 4.30419 3.97892 3.82485 3.78968 3.83259 3.95310 4.14608 4.52003 4.76454 4.86965 4.61157
4.51419 4.52370 4.61160 4.69470 4.83788 4.61347 4.77571 5.15719 5.25575 5.13860 4.72281 4.77199 5.28718 5.26754 5.11830 5.16141 5.29405 5.33471 5.15626 5.12349 5.37173 5.47314 5.26017 5.12119 5.10301 5.04776 5.06873 5.11334 5.15918 5.14001 4.97406 4.66920 4.47781 4.47676 4.54023 4.57120 4.67194 4.89337 4.83692 4.77911 4.65639 4.72194 4.93262 5.07612 5.17510 5.13510 4.87419 4.47995 3.91971 3.97556 3.99075 4.46544 4.49879 4.40372 4.50950 4.35796 4.27842 4.07720 3.79581 3.97500 3.87792 4.13320 4.44227 4.73043 4.61511 4.09526
4.73141 4.97357 4.83764 4.82671 4.90169 4.70585 4.88853 5.23586 5.29536 5.17341 4.90072 4.76249 4.98580 5.09388 5.15744 5.15951 5.26509 5.35223 5.13511 4.96988 5.23599 5.45117 5.32065 5.08031 5.15015 4.99044 4.81271 4.82913 5.07578 5.23325 4.99807 4.57858 4.40095 4.41581 4.54379 4.71342 4.70952 4.78592 4.81588 4.75671 4.83885 4.86290 4.83927 4.85202 4.92462 4.80829 4.51472 4.14250 3.78306 2.83363 3.09200 4.18378 4.57312 4.54615 4.64735 4.58861 4.52245 4.21242 3.56722 3.86833 4.33274 4.28095 4.38353 4.51275 4.24095 3.58683
5.08517 5.24842 4.95906 4.97287 4.90499 4.66607 4.86050 5.25781 5.38008 5.29504 5.06061 4.75918 4.74545 4.96933 5.28336 5.19669 5.17201 5.29464 5.12595 4.84688 4.99761 5.37348 5.40947 5.13031 4.98412 4.86580 4.72080 4.62925 4.64965 4.87034 4.71411 4.45428 4.33159 4.37487 4.54677 4.83900 4.81199 4.77929 4.83814 4.88072 5.03502 5.03475 4.87091 4.86657 4.82697 4.64370 4.33955 3.83021 2.77225 2.39621 2.66660 3.35718 4.41367 4.54710 4.45875 4.19944 4.01193 3.44813 3.92252 4.07037 4.34334 4.12363 4.24720 4.06341 3.96174 3.87240
5.08546 5.19903 4.89664 4.93079 4.72073 4.50023 4.69172 4.95596 5.25124 5.05599 4.83513 4.79341 4.80538 4.91589 5.20701 5.22466 5.08108 5.20118 5.13694 4.80198 4.81947 5.23242 5.43149 5.19798 4.86199 4.71464 4.69260 4.74410 4.56541 4.57476 4.49821 4.35603 4.30647 4.40810 4.63577 4.93968 4.87016 4.77815 4.78242 4.85209 5.00100 5.10403 4.98380 4.83460 4.80734 4.70395 4.44612 3.78963 3.23180 3.70412 3.67429 3.74648 4.28291 4.45220 4.43128 3.98784 3.49552 3.90451 3.77304 3.64585 4.00083 4.30619 4.21188 3.85170 4.05394 4.29475
4.99126 5.12740 4.82013 4.78416 4.55524 4.41685 4.71987 4.83561 5.07082 4.85448 4.91379 4.93823 4.86651 4.86746 5.16524 5.28153 5.07030 5.05996 5.01496 4.71691 4.76192 5.19402 5.45261 5.27143 4.86312 4.67719 4.62970 4.69449 4.70742 4.57525 4.47703 4.38840 4.37611 4.51424 4.75913 4.90130 4.82759 4.71840 4.67039 4.68915 4.78718 4.91155 4.81389 4.71370 4.79742 4.77130 4.60731 4.46434 4.19461 4.04047 3.99833 3.74744 4.18447 4.41677 4.46618 4.28327 3.83387 4.01503 3.65296 3.46037 3.66036 3.96603 4.22288 4.33705 4.12724 4.09858
4.94618 5.02537 4.84190 4.67075 4.50445 4.51297 4.85591 5.04547 5.16162 5.03373 5.13764 5.06525 4.84483 4.84080 5.16577 5.33422 5.18590 5.03854 4.75830 4.67159 4.89630 5.32886 5.48441 5.34741 4.93245 4.69813 4.62979 4.63968 4.69382 4.60613 4.51234 4.44069 4.45971 4.59712 4.73974 4.77193 4.73265 4.64750 4.57250 4.54074 4.59041 4.72091 4.65414 4.67161 4.77671 4.72934 4.66293 4.63228 4.59852 4.52798 4.47934 4.39210 4.31148 4.26950 4.28982 4.34382 4.35524 3.94244 3.44639 3.10973 3.18942 3.64971 4.02847 4.03279 4.27561 4.13030
4.75178 4.73511 4.78768 4.68645 4.58105 4.68948 5.06478 5.15278 5.24889 5.15240 5.20356 5.09351 4.83888 4.83120 5.14667 5.38314 5.33106 5.17487 4.81402 4.86738 5.21826 5.41846 5.40545 5.24780 4.86448 4.65391 4.57673 4.55467 4.59667 4.59760 4.52870 4.47846 4.50662 4.62490 4.70543 4.70618 4.67306 4.60288 4.50933 4.40494 4.39246 4.52413 4.51340 4.53801 4.59597 4.63281 4.65502 4.63336 4.73581 4.71540 4.60133 4.55636 4.50456 4.34110 4.26889 4.37399 4.51497 4.23704 3.67014 2.62083 2.83019 3.54454 3.76720 3.82917 4.13396 4.41102
4.47863 4.56026 4.77121 4.88845 4.74580 4.82288 5.04117 5.02126 5.10447 5.11270 5.19375 4.97827 4.78055 4.80104 5.11777 5.32888 5.19401 4.97291 4.72346 4.83302 5.16641 5.25452 4.99615 4.82351 4.71447 4.62340 4.53925 4.52758 4.57783 4.56816 4.51096 4.50665 4.54402 4.64006 4.68007 4.66594 4.63210 4.57259 4.48870 4.34999 4.11987 4.16492 4.21175 4.24574 4.39422 4.55975 4.60703 4.62800 4.72283 4.72922 4.61144 4.52450 4.57982 4.48724 4.39739 4.33102 4.41473 4.30918 4.24025 4.14890 4.32066 4.31900 4.12571 3.81049 3.90235 4.43138
4.44058 4.64529 4.77714 5.07193 4.85463 4.88774 5.14167 5.12092 5.10152 5.12184 4.98075 4.72959 4.67538 4.83753 5.21630 5.16942 4.85670 4.79123 4.63112 4.60943 4.77590 4.84538 4.73910 4.74686 4.83152 4.73372 4.56135 4.49838 4.44261 4.34460 4.32621 4.46370 4.55363 4.62364 4.64761 4.64002 4.60502 4.55094 4.50099 4.47137 4.34870 4.08241 4.04605 4.08429 4.19269 4.47246 4.59579 4.65933 4.74411 4.72645 4.59855 4.54673 4.55839 4.57473 4.44793 4.44000 4.35190 4.42393 4.50022 4.51152 4.53227 4.53053 4.47566 4.35193 4.01405 4.25017
4.58630 4.81784 4.85119 5.13817 4.93090 4.90588 5.16448 5.31376 5.26220 5.06261 4.72617 4.60445 4.68951 5.04168 5.29466 5.01589 4.76837 4.85248 4.80320 4.68095 4.78912 4.88572 4.93649 4.92067 4.96435 4.90761 4.65050 4.51670 4.43218 4.27856 3.92223 4.14928 4.47749 4.60130 4.64480 4.65153 4.60677 4.54661 4.51741 4.55129 4.57340 4.43908 4.34496 4.33483 4.22896 4.40967 4.59258 4.64828 4.71325 4.69268 4.64290 4.63622 4.60369 4.51317 4.49192 4.42855 4.43657 4.56295 4.58302 4.63148 4.62992 4.62602 4.58903 4.57216 4.40389 4.09929
4.75170 4.93483 4.90813 5.12285 5.00054 4.91648 5.13446 5.33565 5.25729 4.88162 4.59428 4.58485 4.84677 5.14467 5.13685 4.93440 4.86668 4.91419 4.84092 4.77418 4.95944 5.15700 5.09345 5.06774 5.15731 5.06686 4.73332 4.54946 4.43379 4.22676 3.72854 3.94537 4.44513 4.59461 4.68685 4.70419 4.62584 4.55002 4.52194 4.54613 4.55627 4.49628 4.45996 4.44707 4.25197 4.36975 4.57884 4.60333 4.70169 4.71689 4.72952 4.70380 4.64463 4.50914 4.46528 4.34593 4.40528 4.53881 4.58514 4.65657 4.72587 4.70775 4.66491 4.66546 4.56973 4.17622
4.85274 4.93805 4.88013 5.04067 5.00448 4.89741 5.11281 5.20966 5.07053 4.77633 4.54404 4.61119 4.93833 4.93441 4.93466 4.99100 5.06874 5.03625 4.88200 4.88481 5.14242 5.30624 5.28088 5.25346 5.19152 4.81223 4.51478 4.35917 4.21295 3.98556 3.81911 4.15430 4.47616 4.62569 4.74432 4.74379 4.62055 4.52781 4.49413 4.50784 4.48998 4.46784 4.50862 4.49857 4.14930 4.23874 4.44435 4.47212 4.53856 4.64386 4.69763 4.71498 4.60326 4.54709 4.54891 4.41263 4.41268 4.49174 4.59272 4.64932 4.77166 4.79246 4.70363 4.64038 4.59663 4.34721
4.77510 4.86281 4.83011 4.96615 4.92994 4.88292 5.13363 5.13111 4.99778 4.79490 4.56207 4.59388 4.77228 4.82136 4.98107 5.10002 5.18338 5.12270 4.93688 4.94388 5.15029 5.28177 5.31440 5.28493 5.00497 4.59395 4.38548 4.28608 4.25466 4.21188 4.23469 4.39313 4.54779 4.62084 4.65936 4.65299 4.55602 4.46127 4.41783 4.42761 4.43856 4.49565 4.57707 4.51214 4.06653 3.81474 3.85740 3.99857 4.17936 4.44736 4.57652 4.59887 4.50838 4.45000 4.38559 4.21557 4.37046 4.56803 4.64357 4.69256 4.79336 4.79937 4.67753 4.59476 4.54640 3.87811
4.65059 4.74121 4.84003 4.93443 4.84921 4.93132 5.11427 5.14215 5.08384 4.86789 4.64283 4.60704 4.73490 4.89696 5.07551 5.16391 5.13358 4.97006 4.73192 4.67183 4.76480 4.92320 5.10396 5.16020 4.90496 4.57050 4.31201 4.14245 4.28729 4.39308 4.44291 4.50092 4.53874 4.56757 4.59811 4.57349 4.48011 4.37404 4.33150 4.38161 4.47214 4.56482 4.59004 4.49870 3.98715 3.17342 3.25529 3.44183 3.50044 4.03183 4.35691 4.39326 4.31684 4.27934 4.08533 4.26836 4.53771 4.66637 4.65533 4.67710 4.75579 4.70004 4.65123 4.52778 4.32415 2.97366
4.66039 4.69877 4.77089 4.72360 4.72542 4.91972 4.96085 4.85117 4.75747 4.70074 4.61050 4.58473 4.71604 4.97363 5.04339 5.06610 4.99168 4.80555 4.61774 4.51040 4.48671 4.52410 4.68217 4.84342 4.66623 4.48447 4.22831 3.88860 4.15324 4.41261 4.51628 4.55713 4.57786 4.60383 4.60598 4.53196 4.42290 4.30995 4.26300 4.38865 4.55144 4.59015 4.56668 4.37072 4.12316 4.19024 4.26250 4.17393 3.67950 3.41469 3.65684 4.04635 4.25241 4.05083 4.18918 4.49175 4.58075 4.61444 4.62542 4.67660 4.73728 4.68211 4.64284 4.58047 4.22980 3.00965
4.48782 4.47788 4.49230 4.50165 4.64207 4.88523 4.83945 4.64033 4.54553 4.53038 4.52304 4.52123 4.61752 4.88412 4.94941 4.89991 4.80412 4.65053 4.57143 4.48400 4.36440 4.25267 4.37913 4.53062 4.38325 4.11257 3.67274 3.52147 3.98679 4.27960 4.41609 4.50871 4.61014 4.60325 4.50875 4.42955 4.42226 4.36543 4.24341 4.37790 4.58393 4.64106 4.67476 4.48939 4.25269 4.40909 4.47484 4.36946 4.11185 3.77508 3.66052 3.94215 4.19888 4.28708 4.47895 4.54856 4.56533 4.58072 4.59065 4.62775 4.63928 4.66785 4.67417 4.58005 4.17288 2.71343
4.42428 4.35356 4.25972 4.33572 4.53715 4.72748 4.67444 4.55991 4.55433 4.54302 4.49760 4.47615 4.54042 4.70866 4.72521 4.64806 4.63303 4.57553 4.48861 4.46513 4.41740 4.25233 3.97002 4.13881 3.80287 3.53533 3.24900 3.46492 3.86305 4.07057 4.21000 4.35984 4.51006 4.45712 4.23554 4.21200 4.44777 4.48474 4.24832 4.29520 4.56362 4.65090 4.67821 4.55393 4.50268 4.53740 4.56758 4.50224 4.43211 4.32566 4.02966 4.14113 4.38973 4.47874 4.54196 4.55713 4.59807 4.62507 4.63134 4.59734 4.59592 4.59717 4.61976 4.59492 4.43638 3.62248
4.32022 4.25985 4.17062 4.23161 4.35442 4.57777 4.63861 4.57225 4.59344 4.58783 4.54811 4.48666 4.49835 4.59250 4.52736 4.46627 4.46338 4.47997 4.42826 4.42164 4.47026 4.41489 4.05478 3.72768 3.67558 3.81843 3.81372 3.76242 3.78163 3.89099 4.11812 4.27544 4.45116 4.27185 4.04310 4.22063 4.38867 4.50498 4.29922 4.18097 4.49854 4.54383 4.51852 4.45648 4.52677 4.64494 4.78514 4.71391 4.51928 4.31825 4.04812 4.15507 4.45020 4.50097 4.43685 4.46621 4.57594 4.64568 4.66557 4.64464 4.63117 4.57113 4.54185 4.53583 4.49008 3.95013
4.24925 4.18817 4.34641 4.38518 4.24619 4.43294 4.59316 4.62155 4.62007 4.61343 4.61068 4.53207 4.45686 4.44550 4.34648 4.36571 4.37095 4.39143 4.42568 4.40523 4.42868 4.39065 4.26733 4.05240 4.18287 4.28284 4.07951 3.73487 3.60415 3.77952 3.98716 4.06934 4.40439 4.12692 4.14286 4.37188 4.36757 4.51165 4.39974 4.28891 4.43521 4.47571 4.33298 4.33853 4.56523 4.63097 4.73469 4.69930 4.47312 4.34319 3.98754 4.06383 4.42211 4.53360 4.28233 4.36117 4.53541 4.60465 4.68791 4.66032 4.62487 4.61279 4.52599 4.47067 4.42752 3.97339
4.37820 4.42133 4.46688 4.44869 4.41973 4.43569 4.53886 4.62554 4.62605 4.58840 4.57109 4.52410 4.43395 4.33422 4.29676 4.40463 4.41588 4.36877 4.39881 4.36696 4.39119 4.38436 4.40823 4.41847 4.45857 4.42365 4.04346 3.51548 3.47902 3.53353 3.27902 3.39503 4.24932 4.14897 4.29897 4.37387 4.41062 4.54248 4.44975 4.43142 4.49558 4.54866 4.34171 4.16786 4.50667 4.63234 4.65013 4.63517 4.47821 4.12863 4.09464 4.30605 4.50202 4.52292 4.27451 4.38974 4.52732 4.59307 4.66860 4.67106 4.61188 4.58770 4.53447 4.45331 4.39148 4.25802
4.43299 4.51733 4.48838 4.50259 4.49171 4.47739 4.51747 4.57823 4.58083 4.57724 4.57744 4.54408 4.47500 4.40357 4.41985 4.48248 4.48529 4.41511 4.40429 4.43623 4.45798 4.50901 4.54419 4.55940 4.55542 4.45331 3.98195 3.08663 3.03172 3.23782 2.61470 2.55461 3.95545 4.20352 4.36285 4.31835 4.40548 4.46561 4.31409 4.32520 4.41229 4.51487 4.19086 3.83496 4.42742 4.60085 4.58461 4.49965 4.40969 4.34169 4.41475 4.48947 4.56710 4.55099 4.34931 4.36917 4.52526 4.53243 4.53267 4.53159 4.53569 4.54821 4.54574 4.49746 4.42595 4.32781
4.48856 4.51817 4.57325 4.58015 4.52905 4.51809 4.54115 4.62665 4.65255 4.62501 4.67059 4.63725 4.55597 4.51339 4.53214 4.54375 4.52972 4.48987 4.47142 4.52225 4.54019 4.59272 4.66641 4.65354 4.59927 4.42542 3.80752 2.78154 2.84631 3.53058 3.06669 2.12355 3.51120 3.93618 4.20209 4.06956 4.18898 4.30961 4.19648 4.28347 4.29518 4.38629 3.84258 3.72811 4.31263 4.48869 4.49836 4.34166 4.04136 4.00903 4.27646 4.41694 4.49784 4.49128 4.20448 4.07607 4.31304 4.34372 4.35230 4.34350 4.47440 4.53703 4.54870 4.55220 4.50640 4.42342
4.64451 4.61446 4.63374 4.58880 4.59512 4.58118 4.63336 4.64092 4.59815 4.57807 4.61085 4.65458 4.59597 4.56721 4.56539 4.56423 4.55682 4.54245 4.53048 4.55703 4.61281 4.68735 4.77477 4.74434 4.61845 4.40736 3.70989 2.61162 2.86233 3.92628 3.60662 2.17183 3.04757 3.73783 4.20803 4.21710 4.14292 4.41467 4.40720 4.35244 4.40815 4.49045 4.27556 4.01771 4.08643 4.18275 4.19774 4.26797 3.94121 3.68713 4.00159 4.29669 4.41680 4.28510 3.62445 3.72295 4.10991 4.06751 3.97025 4.15077 4.38917 4.50936 4.53668 4.55644 4.55521 4.56535
4.56363 4.56866 4.59776 4.61857 4.58126 4.59314 4.64857 4.64461 4.60736 4.59731 4.58669 4.61918 4.58478 4.57083 4.57755 4.59589 4.60817 4.61775 4.61480 4.61450 4.66095 4.74779 4.81563 4.77994 4.64053 4.41886 3.64901 2.37957 2.61791 3.94609 4.19133 2.88001 2.97275 4.14797 4.41206 4.39029 4.31289 4.50603 4.57352 4.46174 4.44045 4.49652 4.46395 4.27969 4.25586 3.69872 3.95521 4.47377 4.39359 4.10560 4.08467 4.38170 4.48850 4.28381 3.90072 4.22630 4.38545 4.34429 4.20181 4.28800 4.35661 4.50739 4.57165 4.59268 4.62292 4.62752
4.53030 4.57593 4.63831 4.68897 4.58571 4.58924 4.67776 4.66002 4.65247 4.62089 4.59112 4.56454 4.56289 4.58515 4.64094 4.69775 4.72305 4.74280 4.75336 4.71573 4.72551 4.77600 4.80643 4.77877 4.68357 4.47096 3.86540 2.46636 2.11535 3.06273 3.87908 3.25682 3.57410 4.40321 4.48155 4.42499 4.34976 4.53785 4.63590 4.50717 4.38392 4.33422 4.24507 4.03518 4.15731 3.89061 4.01379 4.50676 4.49632 4.09372 4.01549 4.47393 4.57014 4.44259 4.34197 4.37777 4.43182 4.42707 4.41686 4.49556 4.45907 4.54692 4.65143 4.71512 4.73568 4.66302
4.60601 4.72560 4.78831 4.73054 4.62294 4.60117 4.61144 4.58514 4.55685 4.52677 4.51988 4.53586 4.57982 4.66379 4.80459 4.88182 4.84620 4.81028 4.85991 4.85078 4.81517 4.81169 4.81267 4.78003 4.71475 4.52712 4.22785 3.38528 2.37658 1.98597 1.40265 1.33718 2.72141 4.05737 4.32428 4.37029 4.49970 4.65075 4.59150 4.44836 4.34674 4.21076 4.04406 4.02141 4.25349 4.46696 4.28939 4.33756 4.39201 3.84831 4.10540 4.58865 4.63076 4.48449 4.44904 4.50589 4.50689 4.40891 4.38620 4.52118 4.46894 4.52718 4.64123 4.68938 4.71540 4.66591
4.68849 4.87643 4.87674 4.76859 4.68047 4.62544 4.58419 4.54618 4.50533 4.47647 4.49051 4.54015 4.60988 4.75580 4.93439 5.04170 4.99683 4.87479 4.86462 4.92967 4.91993 4.85342 4.81877 4.77983 4.74716 4.57382 4.42221 4.18562 3.71533 2.82744 2.28032 2.97119 3.82874 4.15161 4.39746 4.52721 4.58552 4.65654 4.59820 4.39557 4.10338 4.06379 4.29316 4.39717 4.41339 4.57564 4.53907 4.39907 4.29483 3.98689 4.34431 4.66271 4.62332 4.40996 4.30879 4.39212 4.45788 4.38519 4.36678 4.53472 4.43659 4.49297 4.64412 4.65499 4.61754 4.62609
4.79025 4.96160 4.92620 4.82888 4.73056 4.63709 4.57401 4.52748 4.49447 4.48574 4.50821 4.55069 4.60260 4.70750 4.91932 5.08784 5.06478 4.94193 4.89410 4.89864 4.90506 4.84321 4.79200 4.77317 4.76688 4.60882 4.51776 4.45599 4.33665 4.17336 4.25408 4.48373 4.53363 4.41913 4.30976 4.32091 4.36730 4.45660 4.46140 4.24542 3.99895 4.16915 4.41990 4.44677 4.48784 4.62184 4.66686 4.55668 4.45008 4.32682 4.51999 4.73857 4.59581 4.27617 4.06857 4.36296 4.42633 4.47624 4.42278 4.44024 4.41391 4.49705 4.62971 4.64511 4.57952 4.58119
