mrvbf_slope1.2_pctl1.3.asc
NCOLS 410
NROWS 410
XLLCORNER 2398750.0000000000000000
YLLCORNER 2548750.0000000000000000
CELLSIZE 250.0000000000000000
NODATA_VALUE -99999.00000
[rows 377 to 405 of 410, columns 264 to 329 of 410]
4.91879 4.66226 4.42024 4.03847 3.76966 3.76960 3.77355 3.79575 3.85011 3.92099 3.95961 3.91693 3.88079 3.84626 3.82154 3.81388 3.81421 3.79744 3.76458 3.73102 3.69567 3.66117 3.63103 3.59803 3.53933 3.47421 3.32200 2.98765 2.71411 2.62883 2.59342 2.46786 2.11964 2.03504 2.33527 2.45611 2.52393 2.60828 2.58304 2.40086 2.10680 2.11496 2.05999 2.12444 1.89493 1.67104 1.66403 2.08274 1.95851 1.73545 1.24222 0.59505 0.56304 0.63528 0.75671 0.55167 0.26097 0.18721 0.30836 0.48265 0.65791 1.04410 1.11878 1.45248 1.73291 2.34756
4.83670 4.62939 4.31624 3.96379 3.79626 3.89382 3.87471 3.81916 3.88242 3.99909 4.01673 3.96623 3.90955 3.87140 3.85154 3.83278 3.81517 3.78258 3.74823 3.71581 3.68220 3.65508 3.63003 3.58365 3.52457 3.43911 3.26672 3.00870 2.76722 2.66493 2.61402 2.53334 2.32054 2.19815 2.34768 2.48035 2.57590 2.63440 2.56380 2.27449 2.12218 2.23082 2.12935 1.99436 1.83918 2.03702 1.76742 2.01190 2.01695 1.86508 1.64262 0.71508 0.46652 0.41012 0.45675 0.43655 0.28024 0.31419 0.42622 0.55553 0.78183 1.14204 1.17384 1.45724 1.72364 2.29393
4.69703 4.29876 3.99362 3.81406 3.69973 3.77927 3.83220 3.79144 3.81710 3.95094 4.01637 3.99075 3.92811 3.88674 3.84841 3.80416 3.77357 3.75263 3.73011 3.69879 3.66572 3.63766 3.60684 3.55218 3.46950 3.34378 3.14366 2.93480 2.80872 2.74801 2.66895 2.60856 2.52955 2.44834 2.49067 2.56266 2.58983 2.58703 2.48866 2.18523 2.28447 2.37602 2.20526 2.14628 2.13404 2.24885 1.95097 2.02986 1.93357 1.87789 1.83815 1.56410 0.67050 0.38908 0.32489 0.39599 0.37870 0.41101 0.49991 0.61227 1.06153 1.23618 1.26131 1.42473 1.72358 2.25855
4.27946 3.90745 3.78087 3.68562 3.71412 3.90092 3.89381 3.79723 3.81986 3.93156 3.99023 3.97533 3.93857 3.88478 3.82140 3.77609 3.74888 3.73439 3.71442 3.68187 3.64683 3.61401 3.57615 3.52075 3.43300 3.29297 3.07891 2.89332 2.80903 2.77011 2.73220 2.69151 2.64973 2.60980 2.60790 2.63855 2.64934 2.60401 2.49373 2.28832 2.26615 2.38127 2.24425 1.97124 1.97805 2.20127 1.97001 1.99179 1.81146 1.75277 1.90951 1.85511 1.65130 1.12713 0.67844 0.76604 0.74824 0.53306 0.59313 0.92342 1.16081 1.08263 1.31742 1.48946 1.83403 2.29556
3.92208 3.77404 3.72293 3.74272 3.85926 3.96126 3.84551 3.80288 3.83225 3.90918 3.96250 3.97122 3.93446 3.87007 3.80554 3.77991 3.76521 3.73776 3.70617 3.66709 3.62914 3.59524 3.55861 3.51074 3.43350 3.29045 3.06558 2.91066 2.85419 2.80907 2.77296 2.75304 2.71503 2.67381 2.66288 2.66728 2.66822 2.65131 2.61601 2.50412 2.35430 2.38190 2.36501 2.07707 1.73990 1.98773 2.02127 1.88383 1.69977 1.56295 1.69274 1.72228 1.82980 1.85190 1.82874 1.75636 1.55290 0.90116 1.11260 1.48230 1.49405 1.42474 1.49963 1.65927 2.08083 2.39569
3.85002 3.82791 3.82131 3.92441 4.04891 3.96998 3.81958 3.81161 3.84252 3.91094 3.94913 3.96913 3.91848 3.84089 3.78272 3.77127 3.75542 3.73282 3.69388 3.64818 3.60889 3.57737 3.54638 3.50110 3.41459 3.24052 3.01391 2.90161 2.86126 2.84222 2.81591 2.78324 2.73850 2.70918 2.69111 2.68468 2.69669 2.69942 2.67319 2.57444 2.42685 2.44185 2.46703 2.24433 1.69732 1.57000 1.74999 1.57329 1.55686 0.87859 0.57479 1.23480 1.76387 1.91491 1.91250 1.88033 1.68617 1.45091 1.58772 1.68167 1.67490 1.64027 1.67217 1.80605 2.10974 2.36797
3.86348 3.91377 4.07544 4.08657 3.88815 3.75452 3.75185 3.82288 3.88615 3.93399 3.92468 3.91681 3.90224 3.84793 3.77077 3.72882 3.71801 3.70007 3.66107 3.61639 3.57876 3.55050 3.52344 3.47909 3.38718 3.18820 2.96852 2.88101 2.85529 2.85460 2.83077 2.78029 2.74116 2.72861 2.71664 2.69960 2.69561 2.69401 2.63218 2.45782 2.37835 2.50607 2.49794 2.16729 1.62717 1.44191 1.35157 1.15346 0.83685 0.45072 0.31759 0.63428 1.65393 1.81553 1.76352 1.33475 0.55585 0.74547 1.38627 1.58102 1.67664 1.69742 1.75496 1.98440 2.21080 2.39945
3.87895 3.84279 4.03570 4.45538 3.99464 3.69804 3.69347 3.81485 3.87882 3.88515 3.86365 3.84114 3.83890 3.82647 3.77962 3.72191 3.68994 3.66143 3.61964 3.57356 3.53852 3.51399 3.48753 3.43872 3.32966 3.14028 2.97329 2.88347 2.84682 2.84400 2.81988 2.76164 2.71541 2.69986 2.70328 2.70619 2.69406 2.67122 2.57042 2.40702 2.48109 2.57503 2.51907 2.14004 1.79643 1.67048 1.44083 1.29638 0.77779 0.37788 0.34849 0.75304 1.52539 1.42983 1.01972 0.45253 0.37859 0.53840 0.99108 1.36536 1.53934 1.58802 1.62556 1.79634 2.12827 2.40887
3.95522 3.85192 3.84620 4.06158 3.90770 3.70279 3.69304 3.79174 3.81823 3.80619 3.78478 3.76185 3.75263 3.74554 3.71596 3.67540 3.64710 3.62163 3.57978 3.53022 3.50385 3.48747 3.45197 3.39379 3.26789 3.10769 2.98968 2.89491 2.83481 2.82094 2.78975 2.71811 2.66097 2.64354 2.64196 2.66505 2.67623 2.66297 2.59985 2.50827 2.45416 2.50882 2.46082 2.16904 2.07199 1.95084 1.71581 1.67397 1.40627 0.73477 0.75961 1.36041 1.34967 0.74666 0.61336 0.31004 0.33184 0.53760 0.77823 1.16774 1.41145 1.49749 1.52399 1.64682 2.01268 2.36036
4.04350 3.89570 3.85017 3.96812 3.87143 3.69578 3.69113 3.76314 3.77227 3.75367 3.72895 3.70052 3.68344 3.66899 3.63975 3.60699 3.58806 3.58041 3.55408 3.50657 3.48746 3.48007 3.42263 3.33914 3.19461 3.05262 2.95905 2.88480 2.83021 2.80207 2.76174 2.69725 2.65133 2.64145 2.64948 2.62688 2.62458 2.62745 2.61556 2.60138 2.54300 2.47155 2.44574 2.32196 2.11848 2.00139 1.89059 1.82552 1.72213 1.60435 1.56994 1.57033 0.88486 0.63511 0.50354 0.27492 0.34159 0.55961 0.68933 0.91683 1.24220 1.44226 1.48835 1.56097 1.81808 2.23901
4.19122 3.89120 3.79645 3.85046 3.75628 3.68944 3.72044 3.75015 3.73995 3.72389 3.70151 3.66445 3.63589 3.61976 3.59092 3.55459 3.53329 3.53947 3.53691 3.49359 3.46696 3.45720 3.39377 3.27799 3.11936 2.99465 2.92104 2.87121 2.83786 2.80356 2.75678 2.70277 2.66694 2.66840 2.65623 2.53829 2.45356 2.48485 2.48831 2.49315 2.48485 2.50939 2.54443 2.46609 2.20731 1.91103 1.77350 1.63566 1.55363 1.55550 1.48285 1.39489 0.64502 0.52043 0.35465 0.21079 0.35305 0.56756 0.63940 0.77388 1.01330 1.18287 1.32745 1.52744 1.74651 2.18818
4.05019 3.75252 3.80030 3.81025 3.75371 3.74360 3.75566 3.73859 3.71681 3.70957 3.70438 3.67597 3.63990 3.62142 3.58872 3.54182 3.49974 3.47815 3.48350 3.45435 3.42655 3.40544 3.34123 3.21418 3.05370 2.95171 2.90269 2.87477 2.85253 2.81366 2.76028 2.70093 2.65299 2.63051 2.54128 2.33523 2.24777 2.32057 2.39576 2.46744 2.40471 2.40741 2.51438 2.23876 1.89348 1.79229 1.68864 1.48005 1.30973 1.31728 1.46261 1.36380 0.66697 0.45089 0.19221 0.12589 0.26953 0.49411 0.58532 0.65936 0.77337 0.91860 1.16235 1.52797 1.73023 2.17655
3.76152 3.72589 3.86783 3.88221 3.83119 3.80638 3.76660 3.72617 3.70263 3.70896 3.73249 3.73194 3.69021 3.66400 3.61325 3.55746 3.50728 3.42939 3.39359 3.37140 3.35161 3.32536 3.26162 3.13200 2.97546 2.90233 2.87346 2.85024 2.83388 2.81636 2.76929 2.70521 2.63098 2.56643 2.45479 2.28498 2.34384 2.21642 2.22147 2.41258 2.17077 2.22647 2.37561 1.97522 1.64516 1.61420 1.69969 1.51787 1.08285 0.81054 1.21735 1.43070 0.66995 0.38740 0.12940 0.09736 0.17448 0.39633 0.51394 0.60255 0.67407 0.79128 1.09338 1.45488 1.66145 2.12882
3.74278 3.75871 3.92362 3.91312 3.88200 3.85011 3.75490 3.70340 3.69113 3.72190 3.75500 3.72591 3.70188 3.68008 3.60747 3.55135 3.52119 3.43145 3.33957 3.28316 3.24751 3.20540 3.12389 2.99005 2.85981 2.82002 2.80430 2.79883 2.80508 2.80442 2.77799 2.71899 2.63927 2.57690 2.48245 2.19418 1.80075 1.59952 1.78820 2.25199 1.98986 2.11559 2.05599 2.02268 1.71070 1.57669 1.58560 1.67756 1.17828 0.57990 1.28152 1.53053 0.62017 0.34604 0.13268 0.13162 0.13769 0.29090 0.44403 0.54070 0.62116 0.72774 1.03788 1.38891 1.58988 2.02677
3.85615 3.74523 3.91555 3.84386 3.78082 3.80346 3.72481 3.67008 3.67491 3.73107 3.75253 3.73518 3.72662 3.68011 3.58675 3.51782 3.50113 3.44138 3.35159 3.25865 3.16597 3.07023 2.93049 2.80763 2.73122 2.70927 2.70938 2.73727 2.77362 2.77301 2.75577 2.72295 2.64599 2.56475 2.49922 2.23937 1.63290 1.18982 2.04093 2.11809 2.17503 2.17197 2.02667 2.16189 1.80038 1.68457 1.50417 1.58299 1.59037 1.46216 1.51504 1.46447 0.74023 0.49797 0.26230 0.24716 0.26396 0.39043 0.45546 0.52359 0.56389 0.64495 0.91362 1.27209 1.52127 1.91732
4.21418 3.78873 3.79430 3.92557 3.73956 3.68465 3.64768 3.61288 3.65851 3.72603 3.73532 3.73802 3.71936 3.65042 3.55214 3.48324 3.47230 3.46285 3.40457 3.30413 3.17338 3.02016 2.84076 2.68980 2.62225 2.59414 2.59775 2.63605 2.68663 2.70392 2.69394 2.66027 2.60136 2.57009 2.52813 2.30457 2.06059 1.93794 1.86099 2.03492 2.20780 2.37356 2.06414 1.90181 1.51737 1.59428 1.72623 1.40272 0.80143 0.50732 0.68891 1.42004 0.88383 0.57028 0.23890 0.20018 0.26085 0.41333 0.51382 0.60676 0.63111 0.70948 1.01583 1.25989 1.49070 1.81369
4.53298 4.12963 3.84323 3.83178 3.76868 3.68644 3.57254 3.51999 3.61374 3.67028 3.70009 3.71073 3.67429 3.59832 3.51401 3.47148 3.47659 3.48201 3.43658 3.35110 3.22649 3.04237 2.83162 2.63740 2.54914 2.50967 2.52204 2.54555 2.59271 2.63799 2.65480 2.62045 2.57712 2.58488 2.51434 2.30817 2.21493 2.16080 2.04690 2.12259 2.30893 2.41387 2.11319 1.72300 1.47805 1.31922 1.48312 1.46802 0.71460 0.35541 0.51458 1.36563 0.98730 0.55342 0.17977 0.14708 0.21708 0.42057 0.57403 0.67528 0.78796 1.06462 1.28370 1.41749 1.52453 1.79967
4.29422 4.25580 4.14494 3.91846 3.79953 3.74310 3.63600 3.53265 3.55360 3.61835 3.65965 3.66382 3.62352 3.55990 3.50684 3.48761 3.49123 3.48052 3.43685 3.36094 3.24572 3.06383 2.82545 2.61752 2.50796 2.48867 2.53560 2.56930 2.58039 2.60371 2.62561 2.55898 2.48268 2.48991 2.43721 2.30048 2.27265 2.16435 1.98980 2.03705 2.03433 1.92025 1.62019 1.23628 1.68123 1.12247 0.84506 0.91824 1.08767 0.90790 0.93039 1.47949 1.20506 0.63563 0.26012 0.17072 0.28934 0.49639 0.61976 0.70138 0.82560 1.01484 1.17293 1.35982 1.48981 1.76405
4.08851 4.02275 3.92790 3.86121 3.88104 3.76642 3.62278 3.58395 3.60692 3.61062 3.61816 3.61719 3.59021 3.54967 3.52087 3.50964 3.49960 3.47397 3.42505 3.34286 3.22939 3.07716 2.85013 2.62940 2.53175 2.54318 2.59272 2.63341 2.61478 2.58291 2.55283 2.37634 2.19161 2.24261 2.33852 2.33838 2.41805 2.26519 1.89705 2.03797 1.88107 1.37153 1.60242 2.26699 2.21589 1.79576 1.38664 1.10560 0.77143 0.60362 0.77901 1.66108 1.47061 0.72345 0.38503 0.25294 0.40050 0.56297 0.65291 0.80408 0.81015 0.85597 1.28922 1.46392 1.51096 1.79109
4.35313 4.30943 4.04215 3.94254 3.88278 3.70523 3.62699 3.63999 3.62135 3.59537 3.59025 3.58987 3.57595 3.55270 3.53235 3.51949 3.50456 3.47474 3.41821 3.32764 3.21133 3.07756 2.88358 2.67688 2.58588 2.58183 2.61078 2.63864 2.63576 2.59105 2.48508 2.10483 1.92693 2.25578 2.41382 2.46527 2.45523 2.12458 2.02286 2.36816 2.33873 1.57182 1.72577 2.19670 2.11032 1.97059 1.86188 1.74752 1.62992 1.49795 1.58530 1.83236 1.59297 0.65487 0.36461 0.27454 0.39340 0.51085 0.60772 0.78272 0.95663 1.14864 1.40017 1.47882 1.54667 1.83810
4.22219 4.31464 4.14924 3.91195 3.80257 3.72298 3.65822 3.63910 3.59766 3.57170 3.57481 3.58344 3.57774 3.55936 3.54080 3.52622 3.51133 3.48090 3.41857 3.32286 3.20719 3.07592 2.90485 2.71786 2.60433 2.57147 2.57958 2.59900 2.60236 2.54564 2.31186 1.77363 1.75677 2.28598 2.49909 2.52151 2.30334 1.96533 2.42036 2.49178 2.50900 2.32820 2.01490 2.02812 2.07287 2.11898 2.00305 1.91793 1.88017 1.83869 1.80132 1.78703 1.55117 0.70662 0.43725 0.26306 0.23531 0.46927 0.66027 0.85077 1.08324 1.12545 1.30447 1.52452 1.76729 2.20736
4.13906 4.01886 4.00639 3.76010 3.74176 3.73590 3.65330 3.61656 3.56884 3.55180 3.57155 3.58785 3.58507 3.56641 3.54976 3.53595 3.51724 3.48402 3.42286 3.33057 3.21842 3.08705 2.92896 2.75443 2.61754 2.55227 2.54019 2.54282 2.51666 2.35168 1.90015 1.35749 1.52878 2.18703 2.50040 2.55364 2.37659 2.34040 2.42103 2.46927 2.48311 2.48235 2.36903 2.25531 2.05503 1.83722 1.86273 1.71241 1.72014 1.84160 1.85788 1.77497 1.57592 0.96444 0.53507 0.28350 0.26060 0.50930 0.67874 0.78713 0.79110 0.91080 1.32124 1.56028 1.94894 2.38464
4.36928 4.08618 3.88213 3.76866 3.75004 3.71567 3.65811 3.59712 3.52199 3.52141 3.57272 3.59075 3.58486 3.56894 3.55738 3.54268 3.52247 3.48984 3.43049 3.34121 3.23066 3.10634 2.96762 2.79982 2.64225 2.54393 2.50411 2.47829 2.36066 2.00875 1.72865 1.69365 2.00542 2.30388 2.49462 2.60954 2.53501 2.45068 2.50210 2.55094 2.56362 2.57110 2.51856 2.31848 1.91759 1.77457 1.64678 1.15430 1.18335 1.53704 1.82209 1.88756 1.71884 1.25121 0.63451 0.35122 0.32044 0.44299 0.56169 0.70373 0.76101 0.96029 1.37728 1.59591 2.08087 2.41142
4.55173 4.28048 4.03263 3.84498 3.74187 3.72439 3.69568 3.60636 3.46211 3.45986 3.56507 3.58812 3.57258 3.56031 3.55290 3.54609 3.53305 3.49651 3.43285 3.33939 3.22578 3.11084 2.99234 2.80747 2.60825 2.49959 2.46437 2.40924 2.21172 1.90799 2.02138 2.28615 2.32556 2.19808 2.49065 2.60851 2.61659 2.57321 2.53415 2.46132 2.42360 2.46847 2.48975 2.37194 1.95447 1.67428 1.24181 0.65234 0.77988 0.47396 1.55477 1.86461 1.82723 1.46752 0.76266 0.45572 0.24309 0.33621 0.57382 0.80387 0.93495 1.08641 1.37171 1.60314 2.13803 2.39433
4.33173 4.25042 3.91607 3.75205 3.70517 3.71312 3.66751 3.61040 3.39681 3.29172 3.51429 3.54599 3.51157 3.50568 3.51452 3.53538 3.54011 3.50036 3.42216 3.31367 3.19873 3.09337 2.95808 2.72310 2.51271 2.42682 2.44160 2.40023 2.24415 2.11346 2.26404 2.36709 2.32125 2.39266 2.52576 2.57254 2.57099 2.48271 2.32016 2.11886 2.02590 2.21010 2.30682 2.33969 2.13284 1.78509 1.46723 0.80100 0.49775 0.30515 1.01610 1.76267 1.69504 1.29315 0.71517 0.42382 0.25514 0.39723 0.61001 0.84563 0.99753 1.13543 1.38898 1.64814 2.22291 2.38482
4.16437 4.17813 3.83005 3.71236 3.72835 3.67659 3.61382 3.57515 3.39169 3.07185 3.30466 3.32597 3.23861 3.27722 3.44499 3.49840 3.52332 3.49753 3.39607 3.26458 3.17573 3.06388 2.84196 2.58171 2.43653 2.44693 2.49955 2.47432 2.40843 2.34823 2.31821 2.34301 2.39425 2.53585 2.54042 2.54740 2.49092 2.29302 2.00610 1.40492 1.29962 2.14752 2.20617 2.10251 2.02492 1.90562 1.57166 1.27097 0.65632 0.41425 1.44080 1.72090 1.58523 0.89156 0.59611 0.28706 0.24380 0.46014 0.65011 0.85335 1.04800 1.17989 1.44362 1.75780 2.33889 2.42524
4.07231 3.77844 3.71115 3.75441 3.70859 3.63713 3.61253 3.58804 3.54578 3.44423 3.43841 3.44724 3.10846 2.80803 3.37757 3.45777 3.48540 3.45683 3.32485 3.17527 3.12820 2.98183 2.70538 2.50280 2.45719 2.54328 2.59979 2.56820 2.52609 2.48691 2.45764 2.44364 2.51255 2.55226 2.51364 2.47310 2.30175 2.06017 1.98301 1.29484 1.30660 2.28259 2.16817 1.63298 2.00055 2.19858 2.05293 1.84866 1.69315 1.37335 1.65867 1.71459 1.47653 0.67080 0.46016 0.18476 0.21573 0.39847 0.53112 0.63621 0.86116 1.22016 1.50789 1.81437 2.38616 2.47328
3.83203 3.64954 3.66366 3.72294 3.68130 3.63646 3.64207 3.62642 3.60530 3.54866 3.47964 3.38655 3.26286 2.99031 3.12854 3.42633 3.43050 3.38098 3.23732 3.03587 2.96062 2.84523 2.64168 2.48532 2.46593 2.57020 2.64675 2.63363 2.59318 2.58614 2.57700 2.53392 2.55181 2.52873 2.45822 2.31221 1.99278 1.99406 2.28431 1.81781 0.87462 1.04285 1.35248 1.20127 1.95861 2.22160 1.90999 1.85094 1.89173 1.81145 1.78818 1.75707 1.34587 0.58543 0.32901 0.13368 0.15994 0.34026 0.51825 0.56658 0.65302 1.11170 1.56672 1.89938 2.41364 2.50306
-99999.00000 -99999.00000 -99999.00000 -99999.00000 -99999.00000 -99999.00000 -99999.00000 -99999.00000 -99999.00000 -99999.00000 -99999.00000 -99999.00000 -99999.00000 -99999.00000 -99999.00000 -99999.00000 -99999.00000 -99999.00000 -99999.00000 -99999.00000 -99999.00000 -99999.00000 -99999.00000 -99999.00000 -99999.00000 -99999.00000 -99999.00000 -99999.00000 -99999.00000 -99999.00000 -99999.00000 -99999.00000 -99999.00000 -99999.00000 -99999.00000 -99999.00000 -99999.00000 -99999.00000 -99999.00000 -99999.00000 -99999.00000 -99999.00000 -99999.00000 -99999.00000 -99999.00000 -99999.00000 -99999.00000 -99999.00000 -99999.00000 -99999.00000 -99999.00000 -99999.00000 -99999.00000 -99999.00000 -99999.00000 -99999.00000 -99999.00000 -99999.00000 -99999.00000 -99999.00000 -99999.00000 -99999.00000 -99999.00000 -99999.00000 -99999.00000 -99999.00000
