mrvbf_slope0.7_pctl0.7.asc
NCOLS 410
NROWS 410
XLLCORNER 2398750.0000000000000000
YLLCORNER 2548750.0000000000000000
CELLSIZE 250.0000000000000000
NODATA_VALUE -99999.00000
[rows 348 to 376 of 410, columns 330 to 395 of 410]
1.57804 1.26729 0.96570 1.17927 1.36979 1.37990 1.46082 1.52477 1.57036 2.05143 2.62119 2.86477 3.30918 3.50972 3.52399 3.41689 2.89315 2.29753 2.00324 3.34958 3.65111 3.97671 4.06600 4.02025 4.02071 4.04730 4.05605 4.06353 4.11870 4.23008 4.35443 4.45388 4.52898 4.59043 4.65228 4.72491 4.80676 4.86254 4.90749 4.96826 5.04521 5.12734 5.19516 5.24009 5.27743 5.32726 5.39670 5.46121 5.50237 5.51979 5.52031 5.50955 5.47879 5.42760 5.33192 5.17036 4.98251 4.86334 4.81190 4.79154 4.81825 4.87050 4.79932 4.66767 4.58052 4.52822
1.57489 1.23899 1.15367 1.19086 1.26145 1.28841 1.32397 1.38836 1.70031 2.46660 2.78178 3.05926 3.45218 3.56829 3.58455 3.50451 3.08690 2.41956 2.00833 3.37480 3.66060 3.95063 4.03447 3.95557 3.92189 3.92961 3.95786 4.01643 4.12432 4.26115 4.38342 4.47432 4.54261 4.60018 4.65963 4.73069 4.81399 4.87601 4.92188 4.97828 5.04994 5.13204 5.21218 5.26919 5.30413 5.33549 5.37984 5.43749 5.48658 5.51052 5.51092 5.50480 5.47757 5.43036 5.34991 5.22462 5.07621 4.94487 4.86167 4.82001 4.80750 4.77733 4.69472 4.61928 4.56483 4.53240
1.55882 1.50305 1.41265 1.39454 1.29355 1.22138 1.24267 1.42613 2.18223 2.69284 2.91586 3.33017 3.53043 3.61634 3.62695 3.57033 3.31598 2.56403 1.92932 3.24486 3.65063 3.88059 3.92938 3.84158 3.80939 3.82939 3.89382 4.00375 4.15412 4.30434 4.41844 4.49932 4.56079 4.61530 4.67412 4.74315 4.81853 4.88174 4.93274 4.98753 5.05409 5.13063 5.21184 5.28473 5.33171 5.35951 5.38078 5.41373 5.45892 5.49343 5.49981 5.49717 5.47496 5.43104 5.36475 5.27607 5.17040 5.05485 4.96443 4.88691 4.78714 4.70384 4.64171 4.59487 4.56122 4.54459
1.36122 1.43193 1.52900 1.49583 1.31097 1.26254 1.37136 1.68485 2.52453 2.82006 3.13270 3.45750 3.58215 3.65809 3.66529 3.64075 3.51183 2.81596 1.90509 2.82666 3.61876 3.79779 3.81791 3.75564 3.74014 3.78110 3.89055 4.06492 4.24608 4.38162 4.47166 4.53680 4.59023 4.64199 4.69746 4.75648 4.81716 4.87830 4.93843 4.99774 5.06122 5.13086 5.20476 5.27837 5.34166 5.38406 5.40187 5.41063 5.43239 5.46746 5.48627 5.48586 5.46672 5.42705 5.37162 5.30350 5.21879 5.12139 5.00382 4.85644 4.73644 4.66320 4.61530 4.58273 4.56410 4.56068
1.12730 1.44184 1.32592 1.05698 1.00827 1.24556 1.51563 2.09693 2.64416 2.87804 3.28869 3.52262 3.62404 3.69522 3.70475 3.69506 3.61008 3.24128 2.20080 1.93999 3.55124 3.71494 3.75445 3.71824 3.71224 3.78131 3.97137 4.22579 4.38904 4.47929 4.53711 4.58218 4.62269 4.66304 4.70113 4.74202 4.79100 4.85094 4.91988 4.99210 5.06607 5.13535 5.20141 5.26668 5.32883 5.38169 5.41537 5.42428 5.42365 5.44589 5.47345 5.47317 5.44877 5.40910 5.35599 5.28571 5.18187 5.04183 4.89900 4.77839 4.69565 4.64141 4.60306 4.57920 4.57084 4.57694
0.83577 1.23276 1.09445 0.89265 0.91921 1.36235 1.84521 2.39849 2.71569 2.93981 3.39498 3.56432 3.64272 3.70936 3.74501 3.74398 3.70410 3.55990 2.82450 1.66471 3.32794 3.65358 3.70916 3.69220 3.71246 3.84620 4.16474 4.39339 4.48720 4.53687 4.56676 4.58704 4.60868 4.63387 4.66310 4.69922 4.74472 4.80269 4.87405 4.95783 5.04901 5.13198 5.20072 5.26120 5.31818 5.36777 5.40243 5.41948 5.42171 5.44122 5.46675 5.45692 5.42363 5.37886 5.31390 5.21261 5.06969 4.92444 4.81176 4.72992 4.67161 4.62934 4.59799 4.57997 4.57765 4.58915
0.85783 1.20921 1.22947 1.07991 1.28270 1.75372 2.25106 2.53360 2.77247 3.11705 3.48063 3.57511 3.63225 3.69272 3.76304 3.80248 3.78985 3.68524 3.43145 2.40503 2.63843 3.63695 3.66604 3.67844 3.76587 3.99751 4.28112 4.39974 4.44911 4.48034 4.50689 4.53354 4.56127 4.59086 4.62287 4.65935 4.70276 4.75744 4.82647 4.91186 5.00986 5.10903 5.19171 5.25894 5.31705 5.36376 5.39525 5.41372 5.42932 5.45503 5.46398 5.43528 5.39488 5.33721 5.24145 5.10222 4.95614 4.84257 4.76157 4.70238 4.65763 4.62314 4.59675 4.58163 4.58024 4.58986
1.03411 1.29476 1.40869 1.44146 1.69001 2.22001 2.44835 2.63238 2.81831 3.22357 3.45687 3.49217 3.56848 3.64755 3.73452 3.83668 3.87198 3.80439 3.65811 3.26740 2.29851 3.53588 3.61429 3.72922 3.89828 4.00127 4.08039 4.18461 4.27830 4.35451 4.41877 4.47261 4.51702 4.55646 4.59341 4.63138 4.67344 4.72455 4.78906 4.87059 4.96708 5.07031 5.16679 5.24945 5.31941 5.37492 5.41208 5.43354 5.45223 5.46742 5.44981 5.40968 5.36257 5.27804 5.14351 4.99639 4.87929 4.79502 4.73312 4.68694 4.65084 4.62200 4.59911 4.58470 4.58047 4.58332
1.31843 1.40899 1.48507 1.63808 2.10800 2.39834 2.55208 2.69836 2.83142 3.03072 3.18181 3.03576 3.25556 3.52132 3.67182 3.79409 3.94274 3.93805 3.81851 3.60984 2.78905 3.19627 3.52775 3.69276 3.74603 3.76084 3.80852 3.91762 4.06913 4.21801 4.33319 4.41791 4.47956 4.52852 4.57032 4.61000 4.65129 4.69937 4.75935 4.83614 4.93023 5.03490 5.13871 5.23330 5.31949 5.39205 5.43811 5.45916 5.46993 5.46566 5.42815 5.38186 5.32062 5.20579 5.05053 4.92009 4.83111 4.76660 4.71760 4.68019 4.65024 4.62588 4.60592 4.59190 4.58465 4.58268
1.50997 1.46366 1.53141 1.87499 2.35625 2.52251 2.62868 2.70401 2.74759 2.78181 2.78090 2.68123 2.72748 3.05178 3.53994 3.72216 3.90290 4.04065 3.97419 3.71138 3.27434 2.52888 3.45724 3.60824 3.65755 3.69315 3.74026 3.82808 3.96852 4.13447 4.27489 4.37869 4.45201 4.50749 4.55276 4.59368 4.63440 4.67989 4.73574 4.80782 4.89943 5.00587 5.11584 5.21779 5.31249 5.39487 5.44715 5.46932 5.47152 5.44827 5.40242 5.35130 5.27156 5.12591 4.96844 4.86358 4.79688 4.74857 4.71070 4.68042 4.65529 4.63486 4.61796 4.60529 4.59677 4.59223
1.52441 1.47927 1.61906 2.12680 2.50412 2.63617 2.69896 2.69294 2.67245 2.67111 2.61966 2.54453 2.52346 2.62913 3.17705 3.62731 3.81881 4.09859 4.05938 3.80276 3.56109 2.60696 3.22489 3.64387 3.72316 3.74970 3.78390 3.85560 3.97521 4.12336 4.25782 4.36164 4.43719 4.49444 4.54095 4.58209 4.62210 4.66538 4.71765 4.78545 4.87473 4.98314 5.10004 5.20889 5.30412 5.38734 5.44465 5.46453 5.45387 5.42150 5.37128 5.31539 5.21796 5.04840 4.89932 4.81946 4.77252 4.73977 4.71295 4.68882 4.66693 4.64914 4.63497 4.62469 4.61669 4.60945
1.45411 1.49641 1.76679 2.29241 2.59193 2.73603 2.81009 2.74435 2.68396 2.65627 2.61167 2.58464 2.71172 2.41027 2.69927 3.50144 3.75439 4.03206 4.11033 3.93868 3.69896 3.21540 3.01740 3.66362 3.89321 3.96664 3.94492 3.96900 4.05036 4.16258 4.27264 4.36311 4.43330 4.48826 4.53391 4.57425 4.61319 4.65443 4.70349 4.76722 4.85415 4.96488 5.08978 5.20763 5.30170 5.37687 5.43452 5.44743 5.42723 5.38764 5.33310 5.26960 5.15335 4.97258 4.84055 4.78335 4.75627 4.74177 4.72808 4.70808 4.68517 4.66644 4.65373 4.64745 4.64213 4.62998
1.41544 1.55281 2.02464 2.46134 2.65530 2.83629 2.94534 2.83239 2.76510 2.70877 2.78233 2.96640 3.04342 2.44125 2.29585 3.24345 3.70627 3.95300 4.13388 3.95137 3.70196 3.25045 3.12790 3.68036 3.96565 4.18079 4.15181 4.11692 4.14982 4.22238 4.30406 4.37693 4.43802 4.48825 4.53149 4.57018 4.60770 4.64702 4.69326 4.75324 4.83746 4.94948 5.08000 5.20504 5.30494 5.36909 5.40913 5.41314 5.37957 5.33283 5.27594 5.20446 5.07458 4.89745 4.79077 4.75563 4.75105 4.76223 4.76601 4.74084 4.70505 4.67849 4.66525 4.66614 4.66857 4.65143
1.46310 1.70816 2.29596 2.55117 2.69502 2.98700 3.07593 2.84703 2.93215 3.02860 3.12735 3.32853 3.34888 3.08861 1.93167 2.79164 3.63814 3.85849 4.11722 3.84235 3.58585 2.95648 3.40500 3.70715 3.85521 4.05508 4.16048 4.17988 4.21024 4.26587 4.33070 4.39152 4.44523 4.49112 4.53181 4.56876 4.60485 4.64249 4.68634 4.74297 4.82456 4.93751 5.06842 5.18512 5.28319 5.35286 5.37416 5.35999 5.30604 5.23992 5.16769 5.08125 4.95513 4.81593 4.75097 4.74312 4.77078 4.82408 4.83842 4.77739 4.71348 4.67517 4.66018 4.67000 4.68593 4.67074
1.53425 1.96730 2.44714 2.60157 2.72723 3.10548 3.11963 2.91265 3.14056 3.39251 3.44909 3.54530 3.57388 3.43876 2.30796 2.47283 3.49345 3.76141 4.01418 3.80984 3.53463 3.25691 3.42872 3.63076 3.74186 3.87766 4.04747 4.15124 4.21700 4.28106 4.34424 4.40161 4.45190 4.49531 4.53417 4.56978 4.60477 4.64128 4.68359 4.73803 4.81786 4.93187 5.06087 5.16606 5.24887 5.30411 5.31780 5.29258 5.22632 5.12935 5.02391 4.91790 4.81988 4.75292 4.73695 4.76376 4.84339 4.93287 4.88139 4.78030 4.70496 4.66111 4.64251 4.65185 4.67351 4.67703
1.65833 2.25138 2.55322 2.64739 2.76418 3.14576 3.04225 3.04977 3.39923 3.47777 3.54776 3.64398 3.67480 3.59173 3.09060 2.55384 3.34063 3.68306 3.88474 3.88604 3.67887 3.49269 3.49636 3.60815 3.71790 3.82871 3.97957 4.10845 4.19979 4.27830 4.34747 4.40702 4.45720 4.50000 4.53799 4.57294 4.60736 4.64347 4.68547 4.73972 4.81891 4.93119 5.06043 5.16905 5.24732 5.28631 5.27591 5.21711 5.13227 5.02964 4.92103 4.82614 4.76271 4.74104 4.76259 4.83639 4.95915 4.94124 4.84120 4.76341 4.69910 4.65451 4.63211 4.63364 4.65358 4.67673
1.85724 2.41096 2.60095 2.69191 2.81984 3.13931 3.03859 3.06921 3.41676 3.48578 3.46196 3.56615 3.64317 3.60740 3.26718 2.80801 3.35280 3.66511 3.83888 3.96712 3.81413 3.68796 3.63378 3.67466 3.76704 3.86529 3.97831 4.08597 4.17984 4.26767 4.34449 4.40882 4.46103 4.50468 4.54277 4.57777 4.61227 4.64884 4.69176 4.74739 4.82675 4.93653 5.07031 5.19479 5.27912 5.30770 5.27629 5.17849 5.05585 4.95296 4.86642 4.80025 4.76653 4.77582 4.83438 4.93942 4.98438 4.88133 4.81046 4.78008 4.72099 4.66611 4.64046 4.63708 4.65187 4.67419
2.12992 2.52967 2.67109 2.72005 2.73260 2.82625 2.95313 3.03099 3.38534 3.42869 3.30620 3.34091 3.49898 3.54449 3.26268 3.18746 3.46146 3.66613 3.80771 3.92632 3.86547 3.75864 3.69901 3.72818 3.82675 3.92795 4.00466 4.08485 4.17237 4.26344 4.34488 4.41254 4.46634 4.51083 4.54919 4.58456 4.61959 4.65731 4.70216 4.76046 4.84163 4.95207 5.08989 5.22304 5.30892 5.32630 5.28747 5.17469 5.01713 4.90081 4.83261 4.79549 4.79645 4.84710 4.94111 4.99979 4.90312 4.81434 4.82366 4.87001 4.80704 4.71005 4.66842 4.66193 4.66887 4.67320
2.25104 2.60651 2.67225 2.65582 2.56410 2.56190 2.70011 2.95281 3.35763 3.25453 3.36473 3.27819 3.25477 3.41981 3.29506 3.39716 3.55624 3.68936 3.78592 3.84228 3.82816 3.77617 3.75475 3.78791 3.88167 3.96728 4.02600 4.09504 4.17930 4.27014 4.35196 4.41988 4.47378 4.51843 4.55694 4.59278 4.62864 4.66811 4.71589 4.77849 4.86395 4.97738 5.11336 5.23956 5.31456 5.32429 5.28149 5.16663 5.00329 4.88733 4.82803 4.80130 4.81243 4.86171 4.91073 4.90711 4.82715 4.79179 4.87295 4.98931 4.91025 4.76061 4.69886 4.69522 4.70088 4.68585
2.31467 2.64682 2.68052 2.58661 2.13037 1.89292 2.35048 2.70392 3.09976 3.02984 3.35530 3.44805 3.29001 3.26030 3.34671 3.50187 3.63653 3.73768 3.77052 3.78271 3.79596 3.80810 3.82287 3.86943 3.93810 3.99440 4.05028 4.12149 4.20549 4.29264 4.36982 4.43403 4.48563 4.52909 4.56713 4.60322 4.64003 4.68169 4.73334 4.80188 4.89398 5.01131 5.14068 5.24387 5.29051 5.29640 5.25401 5.14042 5.00706 4.91528 4.85679 4.81501 4.79309 4.79070 4.79436 4.78942 4.77821 4.80857 4.91501 4.94449 4.81124 4.71019 4.68518 4.70466 4.73516 4.72619
2.38166 2.68100 2.67362 2.41259 1.67580 0.66080 0.82538 1.50549 2.41919 2.77052 3.06449 3.39223 3.43429 3.33618 3.45797 3.60538 3.71263 3.77653 3.73806 3.72745 3.76049 3.85553 3.92128 3.96026 4.00456 4.04949 4.10473 4.17568 4.25409 4.33102 4.39811 4.45482 4.50187 4.54280 4.57972 4.61581 4.65364 4.69775 4.75340 4.82778 4.92582 5.04442 5.15768 5.22307 5.24540 5.24853 5.22078 5.14207 5.04767 4.96870 4.90139 4.83730 4.78697 4.75806 4.74709 4.74298 4.75684 4.82124 4.87107 4.77703 4.69170 4.65372 4.65642 4.68625 4.73836 4.77391
2.38314 2.70802 2.82049 2.57941 1.56257 0.62668 0.56093 0.62994 0.92187 1.97184 2.61712 3.00330 3.32893 3.47703 3.59361 3.69801 3.76368 3.74594 3.68719 3.66635 3.69126 3.80738 4.02821 4.14732 4.15781 4.16657 4.20055 4.25522 4.31780 4.37861 4.43256 4.48003 4.52144 4.55919 4.59467 4.63068 4.66970 4.71630 4.77515 4.85197 4.94760 5.05242 5.13779 5.18934 5.21797 5.23213 5.22790 5.18716 5.11287 5.03512 4.95836 4.88149 4.81855 4.77705 4.75758 4.74934 4.75602 4.77661 4.74546 4.68616 4.65183 4.64174 4.65438 4.68449 4.72364 4.74136
2.38616 2.71044 2.99154 2.92642 2.46314 1.39973 0.61799 0.56161 0.57918 0.85821 1.85573 2.53220 3.02966 3.42237 3.62548 3.74619 3.79699 3.72527 3.64197 3.65312 3.61586 3.72338 3.93076 4.25413 4.32260 4.31909 4.32492 4.34941 4.38740 4.42861 4.46898 4.50720 4.54289 4.57733 4.61138 4.64742 4.68775 4.73652 4.79661 4.87007 4.95273 5.03477 5.10251 5.15686 5.21066 5.25213 5.26348 5.24234 5.17819 5.10642 5.03433 4.96383 4.90899 4.86607 4.83519 4.81418 4.77993 4.72213 4.67630 4.65584 4.65137 4.65913 4.68918 4.73277 4.72876 4.70470
2.26957 2.68814 2.97991 3.24437 2.98461 2.33291 1.42768 0.57136 0.50391 0.60261 1.03896 1.98733 2.61804 3.20705 3.55402 3.73055 3.82956 3.78599 3.65847 3.53287 3.62582 3.66413 3.85058 4.18794 4.36113 4.42120 4.43578 4.44436 4.45742 4.47705 4.50372 4.53341 4.56405 4.59563 4.62859 4.66495 4.70672 4.75696 4.81603 4.88212 4.94918 5.01221 5.06822 5.12033 5.17504 5.22884 5.26313 5.26470 5.22972 5.17983 5.12929 5.08624 5.05603 5.02320 4.97966 4.92429 4.80765 4.69954 4.64977 4.64161 4.65406 4.67833 4.72880 4.76551 4.70663 4.67963
2.09739 2.67124 2.95182 3.26526 3.28747 3.05301 2.18375 1.32602 0.55266 0.56201 0.70421 1.35585 2.17272 2.90654 3.44293 3.67308 3.80396 3.79374 3.66320 3.51946 3.64342 3.66600 3.84269 4.13014 4.33297 4.45326 4.50045 4.51762 4.52383 4.52989 4.54058 4.55913 4.58406 4.61274 4.64455 4.68101 4.72376 4.77437 4.83140 4.89050 4.94594 4.99550 5.04093 5.08577 5.13408 5.18665 5.23464 5.26384 5.26536 5.24669 5.22430 5.19955 5.17689 5.14755 5.10196 4.99725 4.81596 4.69743 4.64512 4.63389 4.64868 4.67107 4.68923 4.68300 4.66253 4.66631
2.02321 2.66746 2.93566 3.29220 3.34181 3.35282 3.14792 2.04051 1.21001 0.60224 0.61903 0.85810 1.67201 2.49749 3.26069 3.60894 3.75187 3.71673 3.58677 3.59428 3.64841 3.70618 3.86448 4.09858 4.27033 4.40918 4.48890 4.53837 4.56343 4.57471 4.57848 4.58421 4.59977 4.62359 4.65239 4.68627 4.72664 4.77442 4.82921 4.88725 4.94222 4.98740 5.02364 5.05856 5.09884 5.14727 5.20081 5.24935 5.27627 5.27522 5.25766 5.22500 5.19158 5.16232 5.13077 5.01684 4.82434 4.70347 4.64764 4.63235 4.64191 4.64494 4.63579 4.63094 4.63769 4.66346
2.11989 2.67940 2.93906 3.30242 3.39946 3.40604 3.42872 2.82245 1.68661 0.62618 0.60024 0.68440 1.09184 1.97821 2.99944 3.53573 3.69911 3.70284 3.65411 3.67028 3.72941 3.74592 3.82541 3.95343 4.10257 4.26619 4.39531 4.48442 4.54480 4.58669 4.60305 4.60236 4.60591 4.62112 4.64352 4.67080 4.70373 4.74340 4.79217 4.85157 4.91930 4.98019 5.01672 5.03999 5.06745 5.10640 5.15589 5.20714 5.24101 5.25034 5.24652 5.23009 5.19841 5.15131 5.11041 5.02625 4.84664 4.71989 4.65650 4.63219 4.62568 4.61030 4.59685 4.60064 4.62643 4.66070
2.26660 2.70260 2.93364 3.29574 3.44627 3.45947 3.46676 3.38609 2.27107 1.31146 0.59281 0.61101 0.77894 1.47876 2.75349 3.49421 3.68844 3.74158 3.71974 3.73261 3.78183 3.81579 3.83963 3.88823 3.96739 4.08729 4.24050 4.37897 4.47769 4.54698 4.58724 4.59397 4.59275 4.60135 4.61821 4.64013 4.66686 4.69877 4.73829 4.78942 4.85692 4.94093 5.00741 5.03320 5.04302 5.06468 5.10255 5.14981 5.19088 5.21503 5.22888 5.23598 5.22020 5.15113 5.09732 5.03650 4.88431 4.75951 4.68664 4.64482 4.61860 4.59730 4.58804 4.59045 4.60967 4.62205
2.40278 2.72579 2.91762 3.27658 3.47376 3.50189 3.50577 3.51754 3.06617 1.66371 0.57547 0.64207 0.68136 1.07074 2.35192 3.42851 3.67981 3.76070 3.75982 3.76574 3.82494 3.92531 3.89378 3.87751 3.90251 3.96837 4.08603 4.24076 4.38198 4.48446 4.54587 4.56306 4.56394 4.57117 4.58608 4.60622 4.63047 4.65810 4.69032 4.73052 4.78374 4.85883 4.95322 5.02565 5.03457 5.03103 5.05067 5.09120 5.14009 5.18221 5.21063 5.22461 5.21554 5.15120 5.08820 5.03586 4.91870 4.81783 4.74704 4.69076 4.65659 4.63989 4.62882 4.59558 4.53673 4.45951
