mrvbf_slope0.9_pctl1.3.asc
NCOLS 410
NROWS 410
XLLCORNER 2398750.0000000000000000
YLLCORNER 2548750.0000000000000000
CELLSIZE 250.0000000000000000
NODATA_VALUE -99999.00000
[rows 290 to 318 of 410, columns 0 to 65 of 410]
-99999.00000 -99999.00000 -99999.00000 -99999.00000 -99999.00000 4.80060 4.81885 5.11494 5.46088 5.02625 4.54153 4.41858 4.47246 4.35633 4.50206 4.72092 4.77742 4.90651 4.74774 4.87501 4.85328 4.76458 4.66868 4.41502 4.52493 4.58390 4.71533 4.72117 4.70260 4.77766 4.74976 4.90037 4.95680 4.99873 4.82159 4.81288 4.83180 4.86161 4.96435 5.11295 5.14226 5.01937 5.08024 5.46072 5.55790 5.18737 4.98615 5.19093 5.14299 5.07782 4.93854 4.74090 4.67711 4.78170 4.84094 4.80044 4.88357 4.79756 4.71776 4.67946 4.65142 4.63596 4.67627 4.76530 4.79893 4.80545
-99999.00000 -99999.00000 -99999.00000 -99999.00000 -99999.00000 4.41532 4.60348 5.01434 5.38109 4.84453 4.43423 4.39494 4.40860 4.41693 4.59800 4.67749 4.86707 4.95164 4.75444 4.79956 4.94782 4.69856 4.47772 4.36922 4.49043 4.66762 4.77438 4.73230 4.69725 4.82505 4.83520 4.90225 4.79991 4.67257 4.58591 4.64860 4.70455 4.73789 4.74645 4.81568 4.97039 4.89473 4.95934 5.37511 5.55043 5.24324 4.99020 5.19582 5.28573 5.27136 5.03202 4.74769 4.64011 4.71480 4.80777 4.79741 4.86287 4.85675 4.78143 4.71453 4.65179 4.59357 4.59520 4.69118 4.80891 4.82232
-99999.00000 -99999.00000 -99999.00000 -99999.00000 -99999.00000 4.13323 4.41855 4.78934 5.11673 4.70577 4.36297 4.37686 4.31600 4.46656 4.72107 4.73279 5.03046 4.95376 4.84243 4.77721 4.85722 4.60572 4.44866 4.47067 4.64051 4.80527 4.94559 4.83174 4.70868 4.79430 4.69180 4.65993 4.56608 4.49041 4.53499 4.67801 4.79863 4.89587 4.85030 4.75335 4.83423 4.84914 4.78693 4.92781 5.19333 5.21132 5.05515 5.03504 5.18152 5.07397 4.91743 4.72462 4.60442 4.62181 4.71679 4.76201 4.79608 4.78061 4.71940 4.66641 4.63515 4.59364 4.56814 4.62521 4.70948 4.71535
-99999.00000 -99999.00000 -99999.00000 -99999.00000 -99999.00000 4.27763 4.39168 4.52055 4.74997 4.66990 4.41202 4.46876 4.34121 4.56066 4.71175 4.73594 5.05606 4.99556 4.93651 4.91554 4.78109 4.61729 4.59137 4.64646 4.88446 4.86295 4.99994 4.88013 4.78453 4.59079 4.49744 4.51251 4.50640 4.52979 4.67097 4.80680 4.89685 5.09548 5.14712 5.05488 5.04011 5.15020 4.99931 4.90955 4.97544 4.99132 5.08573 5.00530 4.91854 4.88959 4.91504 4.81831 4.67683 4.66217 4.73383 4.76085 4.72597 4.66081 4.59684 4.56574 4.56597 4.55671 4.55300 4.60654 4.67840 4.70400
-99999.00000 -99999.00000 -99999.00000 -99999.00000 -99999.00000 4.46861 4.46587 4.38090 4.41615 4.42458 4.43239 4.47032 4.41329 4.64673 4.66524 4.71774 5.00948 5.10605 5.02621 4.92591 4.66416 4.57071 4.62566 4.75320 4.96605 4.90334 5.07069 4.97078 4.69182 4.44478 4.46019 4.57106 4.67046 4.78950 4.94750 4.92505 4.85129 4.98158 5.12089 5.05442 5.05710 5.08628 5.12129 5.22325 5.22814 5.02851 4.97375 4.93768 4.76404 4.80634 4.97493 4.92036 4.79497 4.82704 4.90220 4.81730 4.69083 4.60354 4.55564 4.54133 4.54017 4.51966 4.52872 4.60948 4.72713 4.80257
-99999.00000 -99999.00000 -99999.00000 -99999.00000 -99999.00000 4.44743 4.28493 4.23355 4.41915 4.24242 4.29007 4.51855 4.41966 4.55351 4.74707 4.78050 4.81639 4.77794 4.69664 4.63512 4.51950 4.54623 4.72296 4.94802 4.92375 4.99158 5.09305 4.87685 4.61673 4.47341 4.62449 4.77095 4.83850 4.94447 5.13031 5.12883 4.88045 4.78314 4.81134 4.88055 5.09372 5.19941 5.20661 5.20984 5.13445 5.01415 4.92268 4.75722 4.67618 4.80463 4.96507 4.83893 4.82953 5.02527 5.11382 4.86735 4.69202 4.63922 4.64968 4.66251 4.62989 4.52851 4.49866 4.60791 4.78393 4.87161
-99999.00000 -99999.00000 -99999.00000 -99999.00000 -99999.00000 4.52359 4.43825 4.32467 4.33988 4.07906 4.18416 4.36751 4.45360 4.52387 4.72266 4.86145 4.74986 4.63654 4.57248 4.53785 4.58278 4.75540 4.94695 4.96801 4.95308 5.12007 4.99307 4.93161 4.76176 4.55814 4.60070 4.71149 4.77764 4.85535 4.98167 5.20959 5.09593 4.78761 4.66227 4.81228 5.29378 5.51105 5.33660 5.04283 4.90334 4.85922 4.77104 4.68112 4.71408 4.91071 4.85488 4.73082 4.89255 5.25240 5.23896 4.88629 4.71171 4.72872 4.83683 4.88515 4.77989 4.54168 4.48959 4.61904 4.76174 4.84122
-99999.00000 -99999.00000 -99999.00000 -99999.00000 -99999.00000 4.65784 4.67743 4.45519 4.29722 4.19191 4.34495 4.46141 4.43271 4.51897 4.61505 4.76915 4.76927 4.70617 4.70041 4.70275 4.85127 4.89382 4.97412 5.03728 5.11445 5.14184 4.91050 4.94069 4.98486 4.86323 4.74151 4.78802 4.93635 4.87578 4.85462 5.17563 5.30680 4.90220 4.68479 4.75256 5.15731 5.33013 4.99210 4.73628 4.68471 4.73522 4.80178 4.77211 4.86448 5.02376 4.76062 4.72806 5.04204 5.42876 5.35924 4.95737 4.78113 4.78322 4.80469 4.82834 4.80273 4.58308 4.49977 4.56142 4.65200 4.73401
-99999.00000 -99999.00000 -99999.00000 -99999.00000 -99999.00000 4.63381 4.55602 4.48635 4.41982 4.37748 4.34254 4.43251 4.40554 4.44477 4.55743 4.71978 4.79870 4.85150 4.85860 4.87247 4.93257 5.11019 5.25551 5.26500 5.10167 4.89126 4.81728 5.01151 5.19789 5.19664 5.09496 5.03118 5.13514 4.89700 4.77731 5.08503 5.28662 4.99614 4.78914 4.77653 5.02929 5.14486 4.82435 4.72772 4.79540 4.88333 5.00759 4.90817 4.99555 4.97765 4.70937 4.72204 5.06600 5.45918 5.41879 5.02572 4.89051 4.94287 4.91549 4.86534 4.76886 4.62562 4.50056 4.51349 4.58735 4.64883
-99999.00000 -99999.00000 -99999.00000 -99999.00000 -99999.00000 4.35690 4.44401 4.39882 4.34210 4.19100 4.25824 4.41669 4.39545 4.42270 4.55593 4.78750 4.94562 4.90593 4.92039 4.95024 5.14842 5.41636 5.46538 5.18251 4.90912 4.82213 4.90614 5.09743 5.21485 5.34051 5.28692 5.24719 5.13406 4.86268 4.70730 4.94232 5.12874 4.96128 4.81503 4.82282 5.07763 5.26842 4.91880 4.83923 4.94727 5.04141 5.05962 4.95316 5.09938 4.96733 4.70261 4.67851 4.94654 5.36734 5.32257 4.92816 4.79158 4.82402 4.88370 4.89226 4.69568 4.66935 4.60824 4.58106 4.63459 4.67786
-99999.00000 -99999.00000 -99999.00000 -99999.00000 -99999.00000 4.13662 4.28156 4.31343 4.23086 4.21408 4.37387 4.44549 4.54599 4.64013 4.67598 4.76387 4.96194 5.12450 5.21759 5.16384 5.28058 5.37541 5.37739 5.08229 4.87262 4.91914 5.07327 5.13148 5.12218 5.17910 5.14298 5.06106 5.13031 4.93748 4.69248 4.77434 4.87398 4.84119 4.76568 4.83078 5.15866 5.43491 5.07243 4.97167 5.11890 5.27602 5.15058 5.00885 5.06764 4.97168 4.76419 4.68470 4.83463 5.18485 5.15805 4.84171 4.75647 4.87187 4.83533 4.95170 4.71503 4.61098 4.60604 4.67799 4.79042 4.84585
-99999.00000 -99999.00000 -99999.00000 -99999.00000 -99999.00000 4.07783 4.32098 4.39403 4.24098 4.36637 4.48496 4.51486 4.65425 4.68601 4.68161 4.76926 4.99043 5.15784 5.12435 4.97079 4.92027 5.00406 5.17136 5.12715 4.88506 4.79579 4.86667 5.00037 4.94467 4.89401 4.93914 5.08955 5.23433 5.10966 4.73511 4.61569 4.61310 4.64131 4.71273 4.93246 5.34881 5.34683 4.97358 4.91868 5.09312 5.28963 5.31172 5.18689 5.07199 4.99691 4.91901 4.77858 4.78658 4.98147 5.03403 4.90549 4.86289 4.84978 4.83751 4.96358 4.85748 4.71509 4.73873 4.87384 5.01492 5.06178
-99999.00000 -99999.00000 -99999.00000 -99999.00000 -99999.00000 4.14092 4.34056 4.39268 4.37333 4.52712 4.54596 4.52388 4.60456 4.65571 4.71042 4.82990 4.85271 4.78991 4.69305 4.63350 4.65314 4.72556 4.88066 5.10828 5.02828 4.79498 4.67176 4.71251 4.76815 4.81706 4.93746 5.10854 5.16517 5.14410 4.89752 4.76463 4.77508 4.82492 4.97990 5.31544 5.54171 5.18561 4.82762 4.85292 5.03551 5.12686 5.25281 5.36971 5.28374 5.16137 5.09024 4.86937 4.79163 4.89275 5.01099 5.06724 5.07054 4.96076 5.00169 5.16024 5.16471 5.11904 5.18286 5.26432 5.25596 5.11390
-99999.00000 -99999.00000 -99999.00000 -99999.00000 -99999.00000 4.35866 4.38262 4.39125 4.48019 4.61635 4.55147 4.50380 4.55538 4.65676 4.75982 4.69381 4.51686 4.43762 4.44673 4.50276 4.57424 4.60513 4.67766 4.92242 5.12587 4.90293 4.59649 4.53134 4.66401 4.87259 4.85262 4.82069 4.98394 5.18127 5.18647 5.29097 5.38093 5.41541 5.43709 5.52563 5.39766 5.00272 4.77836 4.87880 5.04713 5.01409 5.06338 5.19522 5.29211 5.15231 5.03523 4.86231 4.77027 4.83240 4.95849 5.08855 5.16399 5.18042 5.31583 5.39533 5.39392 5.39209 5.40431 5.36048 5.18469 4.89468
-99999.00000 -99999.00000 -99999.00000 -99999.00000 -99999.00000 4.58442 4.54369 4.55993 4.64640 4.66424 4.57184 4.50570 4.50397 4.56966 4.61456 4.46156 4.34074 4.34493 4.42223 4.51290 4.56555 4.54933 4.56444 4.74773 4.99774 4.79415 4.49220 4.44761 4.61565 4.77273 4.66529 4.68412 4.87984 5.02812 5.13157 5.28180 5.48837 5.40974 5.14241 5.13026 5.06068 4.87522 4.78744 4.88229 5.03173 5.02110 5.07324 5.07452 5.19214 5.07118 5.03182 4.88431 4.75611 4.76001 4.82028 4.90107 4.99416 5.14198 5.30427 5.36282 5.37096 5.35598 5.31359 5.20080 4.93010 4.68915
-99999.00000 -99999.00000 -99999.00000 -99999.00000 -99999.00000 4.78252 4.73867 4.74078 4.78350 4.74390 4.67953 4.59685 4.52561 4.53543 4.54405 4.42893 4.42631 4.55888 4.57722 4.61234 4.58133 4.51300 4.50007 4.62975 4.72583 4.48942 4.34845 4.43722 4.62679 4.69187 4.54211 4.51470 4.69062 4.83588 4.90985 4.94041 5.00249 4.92105 4.91792 5.02044 5.04298 4.94239 4.85383 4.89858 5.06363 5.17140 5.03235 4.98723 5.15952 5.01151 4.95019 4.92484 4.78336 4.73174 4.72657 4.72489 4.73927 4.88862 5.10207 5.16297 5.12935 5.10846 5.10020 4.99476 4.72933 4.61110
-99999.00000 -99999.00000 -99999.00000 -99999.00000 -99999.00000 4.97934 4.86865 4.75386 4.71719 4.73179 4.78795 4.78617 4.67372 4.64203 4.66168 4.57440 4.59841 4.65926 4.74736 4.76337 4.60266 4.48731 4.47683 4.55127 4.45543 4.26300 4.30783 4.50376 4.70245 4.76254 4.56738 4.39301 4.44272 4.57205 4.61975 4.61251 4.62753 4.69869 4.94230 5.13714 5.19473 5.02951 4.87441 4.87653 5.02224 5.14455 4.94433 4.94106 5.08212 4.89070 4.80797 4.84477 4.78185 4.74306 4.70908 4.65396 4.58949 4.64207 4.82470 4.86295 4.77824 4.75754 4.79753 4.77406 4.62409 4.62456
-99999.00000 -99999.00000 -99999.00000 -99999.00000 -99999.00000 4.99983 4.95989 4.83757 4.73429 4.71352 4.75042 4.77386 4.74072 4.79293 4.82324 4.71251 4.75290 4.87335 4.93562 4.85189 4.62351 4.49033 4.47036 4.47104 4.28204 4.19713 4.39408 4.56618 4.77382 4.81732 4.63671 4.48289 4.41835 4.48416 4.52070 4.52008 4.52138 4.59834 4.81652 5.07553 5.24239 5.09412 4.87233 4.82148 4.91819 5.02860 4.88242 4.82866 4.83235 4.69814 4.68844 4.74968 4.74322 4.74648 4.74167 4.68787 4.57473 4.50620 4.54437 4.55136 4.53031 4.53841 4.58065 4.63285 4.61081 4.67067
-99999.00000 -99999.00000 -99999.00000 -99999.00000 -99999.00000 5.01192 5.08371 4.98503 4.84545 4.83632 4.83136 4.82629 4.84447 4.89249 4.79142 4.70044 4.80708 4.96086 4.99036 4.88502 4.65361 4.49630 4.41366 4.32947 4.19727 4.29261 4.51008 4.58976 4.78662 4.86043 4.67477 4.65860 4.55736 4.61597 4.63290 4.57993 4.56410 4.57811 4.69163 4.95668 5.18610 5.13228 4.89199 4.78172 4.84227 4.94634 4.86555 4.73799 4.63451 4.58746 4.63603 4.71180 4.73230 4.77146 4.83383 4.81504 4.68787 4.53522 4.46679 4.46105 4.48169 4.48639 4.50119 4.56986 4.65270 4.69827
-99999.00000 -99999.00000 -99999.00000 -99999.00000 -99999.00000 4.86845 4.92083 4.85460 4.84612 4.98951 4.96956 4.89998 4.85284 4.76978 4.64676 4.67055 4.85231 4.96591 4.96505 4.88136 4.70440 4.53214 4.39395 4.25627 4.26758 4.45993 4.56765 4.57910 4.70935 4.79926 4.66242 4.71224 4.62781 4.68790 4.66762 4.62494 4.57592 4.51422 4.66557 4.91276 5.00721 4.95763 4.79382 4.71085 4.75559 4.82387 4.74930 4.60309 4.53440 4.56611 4.65705 4.74283 4.74875 4.80611 4.93567 4.93699 4.81695 4.66114 4.56594 4.57062 4.60513 4.58926 4.54580 4.57768 4.67335 4.64872
-99999.00000 -99999.00000 -99999.00000 -99999.00000 -99999.00000 4.70969 4.74633 4.68176 4.68066 4.81998 4.75536 4.64331 4.58312 4.55521 4.55938 4.68597 4.82813 4.89163 4.87080 4.78537 4.68363 4.56903 4.46125 4.39820 4.46049 4.59524 4.59079 4.53456 4.56609 4.57795 4.48983 4.54566 4.53763 4.68479 4.74225 4.66958 4.58780 4.56116 4.64575 4.65106 4.63797 4.60973 4.57792 4.60833 4.64921 4.63518 4.56329 4.50744 4.53840 4.63791 4.75904 4.80248 4.73070 4.81220 5.02451 5.04681 4.88297 4.74459 4.75538 4.73404 4.68878 4.64834 4.62252 4.63062 4.64978 4.55641
-99999.00000 -99999.00000 -99999.00000 -99999.00000 -99999.00000 4.64268 4.67609 4.59313 4.52627 4.54823 4.50868 4.46027 4.44642 4.46348 4.50454 4.58322 4.65875 4.71104 4.69007 4.61912 4.57398 4.55796 4.54569 4.48972 4.51508 4.60262 4.64203 4.65720 4.58007 4.49477 4.45605 4.41724 4.47660 4.68964 4.82988 4.77310 4.73471 4.72391 4.61022 4.49128 4.45902 4.44827 4.47408 4.57971 4.60121 4.54973 4.52239 4.55776 4.67332 4.78704 4.82667 4.75028 4.72062 4.86907 5.07043 5.11142 5.01465 4.83641 4.81464 4.76227 4.72168 4.70830 4.70452 4.67090 4.57584 4.48637
-99999.00000 -99999.00000 -99999.00000 -99999.00000 -99999.00000 4.60555 4.64176 4.59420 4.49792 4.46547 4.45240 4.44988 4.46739 4.48399 4.48146 4.47179 4.49438 4.52110 4.49953 4.45502 4.43692 4.43789 4.45405 4.49128 4.52324 4.58693 4.63257 4.64961 4.54941 4.45270 4.35705 4.41705 4.57646 4.77417 4.88314 4.87345 4.90926 4.79441 4.55200 4.49478 4.50431 4.50489 4.51138 4.57726 4.56718 4.52865 4.58902 4.72224 4.87738 4.87538 4.78067 4.70292 4.74785 4.91277 4.99127 4.99484 5.00582 4.88804 4.84244 4.77896 4.73963 4.77472 4.70802 4.59288 4.50653 4.46710
-99999.00000 -99999.00000 -99999.00000 -99999.00000 -99999.00000 4.60054 4.67506 4.70845 4.63751 4.57495 4.54126 4.54239 4.55751 4.54557 4.50789 4.45325 4.41950 4.39679 4.36157 4.32665 4.31319 4.31567 4.31951 4.36741 4.43854 4.54195 4.56223 4.51623 4.45862 4.37522 4.33833 4.46688 4.52929 4.59076 4.73125 4.91506 4.95812 4.69128 4.54643 4.56777 4.59090 4.55575 4.51162 4.53023 4.50187 4.51626 4.66205 4.80958 4.86256 4.81665 4.71292 4.68372 4.78057 4.89396 4.84487 4.83370 4.88731 4.85530 4.80868 4.79721 4.72570 4.70929 4.60077 4.51318 4.47343 4.48147
-99999.00000 -99999.00000 -99999.00000 -99999.00000 -99999.00000 4.62918 4.73126 4.77938 4.77868 4.73392 4.65122 4.60971 4.57832 4.53570 4.49950 4.44139 4.36730 4.31190 4.27311 4.25006 4.24697 4.25869 4.26741 4.28871 4.32753 4.40452 4.46516 4.43866 4.49423 4.39654 4.29957 4.37455 4.40663 4.39906 4.49781 4.75726 4.95616 4.81998 4.57037 4.52141 4.53617 4.47019 4.39034 4.38255 4.40876 4.50437 4.67319 4.77266 4.76059 4.70765 4.64756 4.68180 4.82118 4.83215 4.78188 4.80057 4.80527 4.86078 4.77308 4.72450 4.72071 4.63652 4.52062 4.47101 4.47304 4.51915
-99999.00000 -99999.00000 -99999.00000 -99999.00000 -99999.00000 4.58914 4.62635 4.68086 4.70734 4.66308 4.60741 4.56788 4.52116 4.47453 4.44721 4.39900 4.32478 4.27438 4.25512 4.25495 4.25984 4.26652 4.25536 4.23320 4.22798 4.21818 4.29174 4.35346 4.41331 4.45865 4.36900 4.38327 4.44078 4.39195 4.38592 4.55748 4.82061 4.84404 4.65376 4.50996 4.37323 4.28315 4.28677 4.27923 4.35026 4.45915 4.56108 4.63278 4.65221 4.63238 4.63295 4.73280 4.87351 4.85420 4.74866 4.72152 4.74730 4.81635 4.77462 4.72663 4.67987 4.53974 4.45222 4.45522 4.50765 4.58654
-99999.00000 -99999.00000 -99999.00000 -99999.00000 -99999.00000 4.45683 4.52319 4.67700 4.65632 4.54485 4.50249 4.48612 4.45709 4.42297 4.40582 4.38250 4.33614 4.30249 4.30309 4.30708 4.29495 4.31026 4.28398 4.21784 4.21388 4.14893 4.09832 4.13946 4.23420 4.39509 4.41990 4.42635 4.45061 4.33367 4.32812 4.52737 4.69841 4.68543 4.61456 4.48535 4.31956 4.26820 4.36719 4.38197 4.38721 4.41877 4.43726 4.47125 4.54165 4.59103 4.63312 4.71707 4.79065 4.79326 4.73805 4.68945 4.64930 4.67521 4.70460 4.68268 4.57812 4.45529 4.41677 4.47255 4.57703 4.68075
-99999.00000 -99999.00000 -99999.00000 -99999.00000 -99999.00000 4.50042 4.65036 4.79116 4.59636 4.46061 4.42912 4.42680 4.42291 4.41461 4.42001 4.43079 4.40149 4.38010 4.38193 4.37497 4.36963 4.41387 4.38661 4.29757 4.27473 4.24721 4.17236 4.14880 4.19326 4.17169 4.32882 4.43377 4.38844 4.27582 4.18375 4.38674 4.54142 4.53345 4.52272 4.45736 4.31043 4.24160 4.32145 4.42594 4.45434 4.44602 4.39008 4.36982 4.44100 4.48410 4.48294 4.51684 4.57705 4.60103 4.54353 4.48317 4.45411 4.46579 4.50284 4.51086 4.44593 4.39506 4.42971 4.52021 4.64145 4.74721
-99999.00000 -99999.00000 -99999.00000 -99999.00000 -99999.00000 4.75309 4.87557 4.72559 4.51166 4.43794 4.41197 4.39125 4.41958 4.47788 4.51239 4.53680 4.51161 4.48907 4.46185 4.44591 4.51361 4.49537 4.47577 4.43017 4.28398 4.25950 4.27842 4.21481 4.24397 4.14244 4.17230 4.32701 4.31865 4.31340 4.14451 4.25802 4.40060 4.39703 4.37446 4.35752 4.23273 4.18876 4.27839 4.39433 4.47819 4.48988 4.40960 4.35474 4.37964 4.38658 4.36058 4.36207 4.41334 4.45786 4.40923 4.36043 4.34488 4.34266 4.36226 4.36854 4.34681 4.38593 4.47577 4.57860 4.67963 4.75067
