mrvbf_slope1.1_pctl0.8.asc
NCOLS 410
NROWS 410
XLLCORNER 2398750.0000000000000000
YLLCORNER 2548750.0000000000000000
CELLSIZE 250.0000000000000000
NODATA_VALUE -99999.00000
[rows 174 to 202 of 410, columns 66 to 131 of 410]
7.66361 7.65620 7.66803 7.67667 7.67733 7.66348 7.65638 7.66033 7.66761 7.66647 7.66627 7.67215 7.67230 7.66828 7.66427 7.66813 7.67337 7.66985 7.65579 7.64881 7.64341 7.60688 7.61261 7.64380 7.64431 7.62850 7.61462 7.60138 7.58334 7.59027 7.59793 7.58575 7.58439 7.59161 7.59338 7.59118 7.58019 7.56436 7.55653 7.55421 7.54341 7.52465 7.51132 7.50794 7.49942 7.46761 7.37929 7.14488 6.68179 5.98015 4.86592 1.95437 1.09466 0.97085 0.74238 1.55715 5.02698 5.88032 4.79771 3.37006 1.88412 0.46344 0.58277 1.00108 2.31123 4.33222
7.67038 7.67630 7.69030 7.69371 7.68871 7.67560 7.66704 7.66165 7.66773 7.67496 7.67314 7.67013 7.66115 7.64851 7.65274 7.65480 7.66135 7.66700 7.66007 7.64890 7.64368 7.60099 7.60649 7.63066 7.61330 7.58603 7.57650 7.57167 7.57108 7.58585 7.58490 7.57476 7.57461 7.56610 7.56463 7.56574 7.55110 7.53652 7.52043 7.51281 7.49191 7.45019 7.40381 7.38554 7.36254 7.22997 6.89703 6.43453 5.88287 4.66296 1.55336 0.63855 0.62010 0.75344 2.24676 4.52586 5.61671 6.97839 5.63744 2.71858 0.69967 0.61769 0.73146 1.63622 2.96302 4.83477
7.68285 7.68643 7.69787 7.69992 7.69155 7.68182 7.67887 7.66818 7.66585 7.67354 7.67784 7.67709 7.67001 7.64334 7.63801 7.65745 7.65939 7.66382 7.66289 7.64960 7.63579 7.59743 7.58960 7.59383 7.56531 7.55641 7.56540 7.56160 7.56925 7.57779 7.56448 7.56330 7.55522 7.53250 7.51968 7.52606 7.51938 7.49816 7.47797 7.45533 7.38986 7.27814 7.11929 6.96040 6.84775 6.49988 6.12812 5.81770 5.16814 2.24664 0.88500 0.50948 0.95895 3.67296 4.93540 4.57619 5.65686 6.95156 5.90324 3.02265 0.99966 1.07686 1.53066 2.97308 4.87851 5.70932
7.67850 7.68375 7.69869 7.70167 7.69132 7.67993 7.67808 7.67051 7.66520 7.66598 7.66529 7.67041 7.67561 7.65780 7.63858 7.65017 7.65718 7.66097 7.66069 7.65028 7.63325 7.60597 7.59737 7.56497 7.54599 7.56309 7.57421 7.57005 7.56871 7.55820 7.53594 7.53652 7.50629 7.48571 7.45387 7.45380 7.46568 7.43954 7.39496 7.32977 7.13960 6.75035 6.50247 6.35597 6.11927 5.87125 5.54221 4.96420 3.09513 1.79203 1.44825 1.01672 1.55698 5.47488 5.07070 4.76756 5.78587 6.27908 5.72079 4.63050 2.66729 2.90645 4.62648 5.45451 6.17755 6.80711
7.67505 7.68341 7.69950 7.70127 7.68795 7.67299 7.67288 7.67029 7.66626 7.66315 7.65111 7.64808 7.65978 7.66435 7.65046 7.64674 7.65413 7.65688 7.65457 7.64709 7.63239 7.60555 7.57649 7.55092 7.56048 7.57992 7.58232 7.58048 7.57351 7.55152 7.50350 7.48208 7.47358 7.47401 7.41518 7.33792 7.30772 7.22371 7.08715 6.86213 6.33637 5.65460 5.51692 5.70304 5.63166 5.33992 4.31481 2.66456 1.85011 1.65214 1.63622 2.30294 4.83077 6.04745 5.15423 5.04072 5.65857 5.74629 5.66664 5.48016 5.37785 5.75050 6.37860 6.76131 7.01509 7.16090
7.67487 7.68545 7.69919 7.69974 7.68504 7.66655 7.67043 7.67332 7.66885 7.66414 7.65528 7.64229 7.63824 7.65332 7.65744 7.65316 7.65733 7.65751 7.64693 7.62143 7.59735 7.57626 7.56534 7.57177 7.58259 7.58735 7.58454 7.58270 7.57223 7.54875 7.50785 7.48385 7.49492 7.48554 7.41952 7.26132 7.01873 6.56064 5.91223 5.37896 4.42221 3.10454 3.28290 4.14682 4.62669 3.58099 2.34180 1.82946 1.59282 1.24771 0.99131 1.47817 4.59442 5.38275 3.28512 3.64969 5.19822 5.67691 6.10245 6.26254 6.26593 6.44271 6.85171 7.10535 7.18588 7.18153
7.67428 7.68237 7.69620 7.69806 7.68623 7.66581 7.66787 7.68014 7.67740 7.67339 7.66739 7.65372 7.63109 7.63044 7.64156 7.64426 7.65241 7.65558 7.63951 7.59495 7.57042 7.58295 7.59302 7.59618 7.59271 7.58660 7.57301 7.56558 7.55074 7.52461 7.50993 7.49799 7.49838 7.47537 7.40057 7.20752 6.72374 5.83602 4.35636 2.10382 1.66227 1.60987 1.85325 1.92713 2.07612 1.87181 1.78001 1.69143 1.31622 0.59194 0.54652 0.80808 3.11489 4.72589 2.14399 2.26612 4.45826 5.29197 5.64286 5.93277 6.10383 6.36690 6.81762 7.12773 7.22496 7.11392
7.67674 7.67409 7.68611 7.69265 7.68340 7.66437 7.66779 7.68155 7.68127 7.68013 7.67050 7.66003 7.63597 7.61285 7.61051 7.61790 7.63320 7.64327 7.63029 7.57801 7.56525 7.60463 7.60843 7.60552 7.59722 7.58395 7.55585 7.53263 7.50079 7.44311 7.42344 7.45412 7.47073 7.44430 7.34915 7.06534 6.17751 4.63351 1.60359 0.91676 0.85812 1.38225 1.65548 1.65345 1.62506 1.59014 1.64612 1.63086 1.03214 0.50928 0.49333 0.63629 1.21620 2.32646 2.00202 2.06440 3.33386 4.49016 4.91205 5.06511 5.24245 5.68098 6.50776 7.05994 7.21840 7.22267
7.68607 7.67472 7.67357 7.67911 7.67445 7.66395 7.67255 7.68035 7.68123 7.68129 7.66863 7.65546 7.64293 7.62021 7.60694 7.61020 7.61656 7.62930 7.62050 7.57628 7.57603 7.60767 7.61248 7.60854 7.59939 7.57529 7.53156 7.47272 7.25545 6.51656 6.58729 7.16218 7.38868 7.39980 7.27764 6.62242 5.19451 1.73158 0.80305 0.57264 0.61027 1.26137 1.58087 1.60950 1.43609 1.15189 1.52597 1.68441 1.36104 0.54978 0.55909 0.86350 1.17477 1.45987 1.76145 1.92255 2.27868 3.05289 3.72722 3.25282 3.08687 4.34826 5.66567 6.63850 7.08208 7.23493
7.69102 7.68589 7.67619 7.67485 7.67673 7.67346 7.67798 7.68060 7.67996 7.67757 7.66323 7.65255 7.64847 7.63806 7.62438 7.61409 7.60761 7.61618 7.60335 7.57791 7.59157 7.60795 7.60931 7.60542 7.58485 7.54122 7.47415 7.04668 4.00352 2.28125 5.11367 6.00937 7.09495 7.34928 7.06885 5.57630 2.64832 1.31348 0.67090 0.58141 0.78301 1.17616 1.39966 1.45245 1.02696 0.65349 1.37005 2.06103 1.96457 1.26599 1.15330 4.70822 2.14952 1.51681 1.68706 1.82510 1.89110 2.01031 2.13466 1.85442 1.61740 1.74264 3.21868 5.69719 6.69835 7.13467
7.68613 7.69025 7.68692 7.68307 7.68589 7.68093 7.67819 7.68113 7.67895 7.67342 7.66201 7.65517 7.65147 7.64828 7.63951 7.62067 7.60708 7.60608 7.59368 7.58915 7.60252 7.61170 7.61620 7.60726 7.57508 7.51227 7.26731 2.55067 0.51027 0.44517 1.17038 5.18138 6.43064 7.19268 6.32396 3.93431 1.76500 1.21785 0.69138 0.74646 1.41849 1.23644 1.10514 1.30461 0.82163 0.86743 1.24363 2.04975 4.13909 2.76083 3.73192 5.42150 4.43157 1.64240 1.48463 1.64356 1.85695 1.94655 1.70231 1.41336 1.12529 1.14303 1.54153 3.32719 5.88650 6.90065
7.68569 7.68962 7.68909 7.68706 7.68962 7.68584 7.67858 7.67990 7.67989 7.67476 7.66754 7.65934 7.64842 7.64198 7.64670 7.63184 7.61922 7.60929 7.60289 7.60790 7.61500 7.62166 7.62306 7.60185 7.56242 7.49484 6.23651 0.91647 0.36496 0.35190 0.57158 4.17963 5.88831 6.70300 5.61757 3.16032 1.95167 1.13290 0.68689 1.01432 1.54853 0.99302 0.92851 1.36924 0.98336 1.43231 1.55607 2.14864 4.32703 4.27395 4.34227 5.23498 4.80288 1.97535 1.38477 1.53135 2.32225 3.66194 1.72306 0.76593 0.62992 0.65394 0.97890 1.70032 4.66484 6.36088
7.68770 7.69070 7.68955 7.69108 7.69158 7.68590 7.67906 7.67865 7.68026 7.67839 7.67408 7.66612 7.65147 7.63174 7.62987 7.63317 7.63711 7.62356 7.61506 7.61965 7.62469 7.62934 7.62478 7.60048 7.56080 7.47798 6.43248 1.01631 0.43294 0.45139 2.13443 5.31544 5.65672 6.36756 6.17000 3.83767 2.24870 1.45546 1.12078 1.16538 1.04176 0.80499 1.33656 1.89334 3.55846 3.09486 3.43122 4.38315 3.74600 2.80735 2.80484 4.70866 5.29314 3.96237 1.78477 1.76574 2.85834 5.11783 2.33445 0.74812 0.56299 0.59379 0.76458 1.35282 2.77976 5.60313
7.68715 7.68997 7.69357 7.69349 7.68730 7.67887 7.67596 7.67891 7.68152 7.68137 7.67871 7.67297 7.66431 7.64830 7.63451 7.63613 7.63417 7.62980 7.62804 7.63103 7.63400 7.63580 7.62381 7.59827 7.55867 7.47203 6.89350 5.02061 2.02325 5.10307 6.96503 6.13995 5.58346 6.06885 6.93945 4.99006 2.26948 1.56397 1.40885 1.31313 1.04990 0.80228 2.09589 4.67574 6.32542 5.80486 5.53313 6.54145 5.36176 2.38288 1.35853 4.41462 5.45860 2.73150 1.23038 1.30488 2.28859 4.92392 2.93830 0.83377 0.96611 0.63819 0.76320 1.14029 2.03266 4.92473
7.68513 7.68885 7.69478 7.69013 7.67985 7.67484 7.67703 7.68085 7.68318 7.68317 7.68094 7.67712 7.67181 7.66122 7.64863 7.64207 7.63804 7.63443 7.63663 7.64280 7.64423 7.64085 7.62253 7.59350 7.55015 7.46869 7.13827 5.84758 5.44185 6.28175 7.08267 5.69899 5.35445 5.75699 6.80862 5.52235 2.47536 1.55825 1.39685 1.36952 1.19041 0.76091 1.04811 5.27141 5.81866 5.44220 5.95519 7.27582 5.98523 4.15958 5.52864 2.48295 1.28774 1.21533 1.24149 1.44694 1.97978 3.16681 2.51455 1.26899 1.16407 1.03781 0.75973 1.04730 1.91995 4.40498
7.68373 7.68897 7.69320 7.68541 7.67544 7.67556 7.68009 7.68176 7.68253 7.68257 7.68102 7.67821 7.67307 7.66232 7.65142 7.64658 7.64419 7.63943 7.63659 7.63986 7.64386 7.64161 7.62001 7.58575 7.53476 7.42358 6.39527 3.50008 3.18695 4.78971 5.61854 5.83725 4.50070 5.56388 6.57823 6.04001 2.53981 1.37440 0.97562 1.38960 1.49323 0.86660 0.70475 1.24274 1.93614 3.30140 5.25579 6.41403 5.53941 4.55228 4.61167 1.35450 1.02702 1.39828 1.48661 1.66468 1.92541 2.41913 2.32063 1.61005 1.17303 0.86862 0.74272 1.13553 2.26949 4.84129
7.68328 7.68904 7.69060 7.68196 7.67338 7.67499 7.67983 7.68017 7.67945 7.67902 7.67762 7.67564 7.67063 7.66021 7.65147 7.64971 7.65065 7.64605 7.63955 7.63779 7.64014 7.63975 7.61658 7.57591 7.50728 7.00614 2.08029 0.62153 0.56056 5.28455 4.63813 4.86851 5.50575 5.88623 6.65064 6.63313 3.06314 1.39578 0.97695 1.26109 1.50414 1.27905 0.96989 1.04199 1.73060 3.23874 4.95422 5.41562 4.64145 3.61688 4.07601 0.98596 1.10333 1.43796 1.62031 1.76368 1.98721 2.84944 2.97909 1.92801 1.26108 0.86248 0.86650 1.71848 3.47531 5.73871
7.68228 7.68790 7.68718 7.67824 7.67065 7.67238 7.67637 7.67580 7.67261 7.67033 7.66858 7.66717 7.66350 7.65643 7.65255 7.65489 7.65701 7.65269 7.64428 7.63864 7.63754 7.63679 7.61643 7.57047 7.44753 5.15189 0.61667 0.40443 0.44612 1.13471 5.69171 6.07899 5.93649 6.06179 6.86704 6.96374 5.13463 1.86070 1.47168 1.52520 1.55348 1.55134 1.48677 1.59765 2.64303 3.75206 4.80511 4.61648 2.86585 2.15831 1.47127 0.96979 1.23742 1.50862 1.67588 1.81956 2.27344 3.35800 3.22771 2.36833 1.86308 1.63560 2.03669 3.54427 5.52771 6.50703
7.67727 7.68263 7.68088 7.67219 7.66680 7.66846 7.67035 7.66864 7.66470 7.66058 7.65771 7.65583 7.65456 7.65391 7.65462 7.65829 7.66046 7.65713 7.64896 7.64078 7.63773 7.63671 7.62074 7.57141 7.45460 5.44863 0.64036 0.41601 0.48926 2.64858 6.17616 6.28426 6.03849 6.52076 7.21877 7.15097 6.07002 4.36279 2.36447 1.94950 1.68747 1.63872 1.89866 3.17312 4.25472 4.78191 5.06470 4.01874 1.81458 1.33456 0.99631 1.11028 1.32565 1.52160 1.67551 1.95164 2.49877 3.19224 3.16897 2.90134 2.83090 3.05666 4.70061 5.95603 6.46206 6.99700
7.66659 7.66947 7.66866 7.66214 7.66030 7.66185 7.66203 7.66111 7.65969 7.65621 7.65261 7.64972 7.64996 7.65290 7.65527 7.65808 7.65705 7.65349 7.64979 7.64436 7.64024 7.63986 7.62462 7.58073 7.51577 7.03663 3.16545 0.61000 1.16989 5.62860 6.23649 6.19263 6.45229 7.12772 7.39283 7.17709 6.62555 5.55872 4.83263 3.75218 2.15549 1.72309 2.01733 4.89478 5.41676 5.51369 5.50250 4.76401 2.09257 1.30950 1.13274 1.23292 1.40122 1.58139 1.88187 2.42398 3.13424 4.18829 4.86674 5.02673 5.22991 5.90508 6.87068 7.11848 6.99419 7.11359
7.65887 7.65596 7.65501 7.65045 7.64968 7.65270 7.65539 7.65687 7.65606 7.65297 7.64908 7.64541 7.64636 7.65126 7.65410 7.65436 7.65103 7.64806 7.64787 7.64658 7.64611 7.64718 7.63171 7.60029 7.56769 7.48459 6.76046 4.96676 5.25076 5.92367 6.20698 6.52287 7.04076 7.36644 7.37092 7.16985 6.55920 5.43891 5.43536 5.30391 3.96678 2.17654 2.11613 5.28216 5.98373 5.94627 5.71234 5.10014 3.07036 1.53996 1.35323 1.38364 1.55498 2.08562 2.88800 3.53413 4.61352 5.53460 6.41738 6.73560 7.03144 7.25752 7.29734 7.23087 6.96580 6.79616
7.65658 7.64943 7.64315 7.64168 7.64613 7.65116 7.65296 7.65334 7.65187 7.65093 7.64915 7.64659 7.64734 7.65176 7.65464 7.65314 7.65053 7.64864 7.64898 7.65126 7.65384 7.65382 7.63993 7.61819 7.59986 7.56518 7.46352 7.03419 6.29923 6.40164 6.80248 7.14480 7.36146 7.43096 7.30532 6.95626 5.60015 4.77867 4.95502 5.54089 5.43169 4.17879 2.72811 5.21804 6.33849 6.26404 5.87723 5.19696 3.85170 2.21571 1.86949 1.80615 2.29693 3.43930 4.00306 4.77017 5.63722 6.61115 7.26435 7.38391 7.29242 7.20589 6.98846 6.57366 5.97804 5.47205
7.65812 7.65222 7.64855 7.65142 7.65487 7.65576 7.65355 7.65189 7.65293 7.65667 7.65792 7.65891 7.65637 7.65630 7.65777 7.65673 7.65456 7.65501 7.65653 7.65954 7.66157 7.65768 7.64720 7.63375 7.62138 7.59865 7.55896 7.49949 7.35966 7.32477 7.37871 7.44388 7.47807 7.43122 7.15726 6.10178 4.89434 4.04351 3.04375 5.24148 5.67626 4.02814 2.96983 5.56608 6.46979 6.14554 5.82108 5.71890 5.46417 5.31015 4.89892 4.09498 4.11110 4.65607 5.18661 5.92232 6.85108 7.35120 7.37752 7.14857 6.55444 5.91625 5.55170 4.60810 3.17652 2.50691
7.66207 7.66327 7.66520 7.66390 7.66154 7.65843 7.65585 7.65611 7.66066 7.66649 7.66788 7.66756 7.66678 7.66390 7.66309 7.66245 7.66191 7.66456 7.66447 7.66443 7.66524 7.66139 7.65361 7.64339 7.63301 7.61517 7.59403 7.57206 7.55195 7.53662 7.52853 7.53214 7.51802 7.40958 6.99366 5.99965 4.01854 1.40650 1.87579 3.59256 5.25383 3.07792 3.19213 5.37379 5.82757 5.85742 5.88634 6.21211 6.57094 6.84680 6.32266 5.33820 5.31457 5.84330 6.56328 7.19728 7.37088 7.27140 6.99384 6.07645 5.04576 3.92768 2.85556 1.86401 1.57209 1.36507
7.66322 7.66765 7.66915 7.66513 7.66122 7.65872 7.66012 7.66501 7.66971 7.67238 7.67357 7.67200 7.67221 7.67041 7.66948 7.66919 7.66912 7.67112 7.66737 7.66814 7.66943 7.66587 7.65920 7.64834 7.63861 7.63049 7.62422 7.60577 7.58943 7.58432 7.57898 7.56281 7.52382 7.38645 6.97106 6.55011 4.25967 0.87221 1.45679 2.69283 5.02838 3.32030 1.70579 1.86338 3.83865 5.58665 6.15411 6.19307 5.96220 6.13709 6.29960 5.59126 5.44165 6.10297 6.63408 6.89473 6.91044 6.48466 5.77952 5.02232 3.39627 2.63833 1.70543 1.37912 1.23221 1.04215
7.66155 7.66144 7.66516 7.66363 7.66145 7.66287 7.66707 7.67026 7.67244 7.67535 7.67606 7.67406 7.67323 7.67413 7.67433 7.67413 7.67237 7.67204 7.66997 7.67196 7.67249 7.66899 7.66295 7.65595 7.64812 7.64388 7.64096 7.62848 7.61118 7.59863 7.59237 7.57867 7.53765 7.39938 7.03082 6.90381 5.32764 1.74760 1.08727 3.40378 5.11073 3.91602 1.99989 1.68552 1.89540 4.44736 6.41963 6.05812 4.90888 4.16238 4.96754 5.46852 5.60953 5.85336 6.00018 5.96220 5.72811 5.72994 5.36697 4.29132 2.31658 1.74976 1.45438 1.10181 0.79406 0.68565
7.66771 7.66498 7.66715 7.66961 7.66689 7.66888 7.67250 7.67199 7.67142 7.67164 7.67245 7.67310 7.67446 7.67584 7.67543 7.67451 7.67253 7.67090 7.67123 7.67270 7.67426 7.67219 7.66679 7.65990 7.65467 7.65139 7.64646 7.63863 7.62775 7.61377 7.60168 7.58662 7.55845 7.46764 7.08288 6.55302 6.07460 5.17198 4.28718 4.68421 5.05407 4.32921 3.18795 2.81467 2.36539 2.68703 4.40266 5.32618 5.24853 4.31820 3.92588 5.36605 6.50796 6.82804 6.61455 6.28811 5.93073 6.27061 6.18815 4.68695 1.92837 1.41579 1.30185 0.85533 0.63827 0.55593
7.67082 7.67254 7.67502 7.67706 7.67133 7.66790 7.67168 7.67373 7.67139 7.67098 7.67165 7.67399 7.67574 7.67462 7.67308 7.67283 7.67337 7.67224 7.67274 7.67518 7.67557 7.67399 7.67046 7.66414 7.65725 7.65328 7.64743 7.64169 7.63497 7.62688 7.61137 7.59289 7.57474 7.52195 7.36414 6.95214 6.69027 6.77418 6.11084 5.77226 5.10324 4.43245 4.58010 4.89355 3.77856 2.89987 1.99247 3.14363 5.83630 4.64299 3.37524 5.70820 7.30666 7.42604 7.39296 7.36407 7.37497 7.30854 7.19882 5.08715 1.87261 2.22758 1.66627 0.80315 0.57012 0.50971
7.67003 7.67526 7.67950 7.68085 7.67651 7.66940 7.66706 7.66950 7.67143 7.67364 7.67315 7.67339 7.67082 7.66611 7.66501 7.66558 7.66827 7.67081 7.67339 7.67502 7.67489 7.67357 7.67167 7.66757 7.66103 7.65539 7.65089 7.64762 7.64140 7.63261 7.61890 7.60012 7.58559 7.55110 7.49452 7.36719 7.23127 7.12407 6.89197 6.99453 6.30856 6.23620 5.96112 5.16970 4.30395 4.23429 2.95504 2.24833 3.28666 2.61620 4.06942 6.72340 7.46647 7.52269 7.53293 7.53651 7.51109 7.52118 7.43874 5.78870 2.17873 2.22432 2.17513 1.00031 0.68662 0.64291
