mrvbf_slope1.5_pctl1.2.asc
NCOLS 410
NROWS 410
XLLCORNER 2398750.0000000000000000
YLLCORNER 2548750.0000000000000000
CELLSIZE 250.0000000000000000
NODATA_VALUE -99999.00000
[rows 145 to 173 of 410, columns 132 to 197 of 410]
7.76939 7.77039 7.77099 7.77145 7.77247 7.77238 7.77021 7.76662 7.76215 7.75888 7.76857 7.77571 7.77791 7.77913 7.78009 7.78079 7.78126 7.78157 7.78174 7.78179 7.78173 7.78158 7.78126 7.78065 7.77958 7.77758 7.76921 7.75942 7.77002 7.77256 7.77667 7.77494 7.77441 7.76989 7.77344 7.77657 7.77667 7.77687 7.77554 7.77175 7.76486 7.76727 7.77258 7.77332 7.77216 7.77073 7.77159 7.77301 7.77354 7.77253 7.76740 7.75944 7.75451 7.73082 7.70303 7.74011 7.73379 7.73763 7.74598 7.75147 7.75531 7.74443 7.75880 7.75521 7.75564 7.75562
7.76606 7.76748 7.76838 7.76923 7.77002 7.76999 7.76956 7.76659 7.76501 7.76767 7.76889 7.77078 7.77517 7.77718 7.77835 7.77927 7.77994 7.78037 7.78062 7.78072 7.78071 7.78060 7.78034 7.77980 7.77881 7.77714 7.77136 7.76009 7.76679 7.77199 7.77607 7.77489 7.77355 7.77113 7.77419 7.77675 7.77685 7.77544 7.77164 7.76147 7.75542 7.76384 7.76977 7.77334 7.77394 7.77296 7.77362 7.77378 7.77333 7.77184 7.76701 7.75711 7.75685 7.74973 7.71682 7.72571 7.74227 7.74678 7.75703 7.75940 7.74957 7.75443 7.76044 7.75483 7.74854 7.74454
7.76173 7.76345 7.76477 7.76586 7.76627 7.76715 7.76917 7.76989 7.76971 7.77201 7.77163 7.76832 7.76949 7.77431 7.77641 7.77759 7.77847 7.77907 7.77942 7.77959 7.77962 7.77956 7.77936 7.77891 7.77806 7.77675 7.77405 7.76436 7.76396 7.77130 7.77434 7.77365 7.77313 7.77262 7.77442 7.77648 7.77651 7.77467 7.76732 7.75837 7.75951 7.76356 7.76566 7.77147 7.77309 7.77266 7.77322 7.77319 7.77270 7.77136 7.76830 7.75980 7.75418 7.75576 7.74542 7.73831 7.75256 7.75329 7.76237 7.76436 7.75899 7.75142 7.75451 7.75082 7.74366 7.73265
7.75689 7.75921 7.76129 7.76285 7.76307 7.76415 7.76648 7.76844 7.77019 7.77132 7.77098 7.76955 7.76611 7.76817 7.77354 7.77575 7.77689 7.77768 7.77816 7.77840 7.77848 7.77847 7.77832 7.77796 7.77726 7.77615 7.77440 7.76845 7.76787 7.77210 7.77346 7.77265 7.77264 7.77341 7.77472 7.77590 7.77554 7.77358 7.76813 7.76033 7.75628 7.76084 7.76556 7.76921 7.77044 7.76940 7.77128 7.77180 7.77160 7.77066 7.76865 7.76418 7.75634 7.75205 7.74233 7.74347 7.75027 7.75568 7.76313 7.76450 7.76106 7.75321 7.73481 7.72754 7.70581 7.72012
7.75247 7.75594 7.75893 7.76100 7.76111 7.76241 7.76543 7.76715 7.76886 7.76996 7.76982 7.76963 7.76788 7.76478 7.76741 7.77319 7.77523 7.77621 7.77683 7.77715 7.77729 7.77730 7.77720 7.77691 7.77634 7.77541 7.77347 7.76481 7.76573 7.76910 7.77317 7.77394 7.77354 7.77404 7.77492 7.77507 7.77378 7.77021 7.76414 7.76283 7.76323 7.76422 7.76618 7.76815 7.76666 7.76465 7.76697 7.76980 7.77009 7.76951 7.76783 7.76424 7.75968 7.75422 7.74550 7.74215 7.75015 7.75944 7.76293 7.76140 7.75374 7.74009 7.72114 7.71749 7.70319 7.73728
7.74824 7.75283 7.75622 7.75779 7.75774 7.75931 7.76328 7.76591 7.76783 7.76871 7.76875 7.76913 7.76844 7.76673 7.76383 7.76861 7.77340 7.77474 7.77545 7.77585 7.77603 7.77608 7.77601 7.77578 7.77529 7.77448 7.77299 7.76682 7.76558 7.77045 7.77374 7.77443 7.77431 7.77437 7.77447 7.77375 7.77171 7.76890 7.76733 7.76671 7.76768 7.76625 7.76622 7.76555 7.76472 7.76284 7.76219 7.76685 7.76820 7.76780 7.76509 7.76011 7.75697 7.75544 7.75441 7.75375 7.75701 7.75973 7.75912 7.75256 7.73573 7.71350 7.69546 7.71588 7.70944 7.72898
7.74309 7.74844 7.75207 7.75404 7.75492 7.75731 7.76155 7.76443 7.76653 7.76735 7.76747 7.76829 7.76812 7.76648 7.76309 7.76555 7.77136 7.77328 7.77406 7.77450 7.77472 7.77480 7.77477 7.77456 7.77411 7.77333 7.77207 7.76807 7.76730 7.77045 7.77191 7.77232 7.77257 7.77294 7.77315 7.77256 7.77081 7.76872 7.76818 7.76832 7.76830 7.76530 7.76203 7.76335 7.76541 7.76365 7.75890 7.76143 7.76480 7.76543 7.76095 7.75587 7.75668 7.75589 7.75681 7.76060 7.76112 7.75888 7.75275 7.73331 7.70629 7.69751 7.70038 7.68832 7.71307 7.71810
7.73641 7.74290 7.74768 7.75100 7.75283 7.75473 7.75858 7.76215 7.76443 7.76542 7.76599 7.76680 7.76527 7.76298 7.76310 7.76498 7.76795 7.77143 7.77265 7.77311 7.77336 7.77347 7.77346 7.77325 7.77275 7.77189 7.77040 7.76507 7.76407 7.76820 7.76946 7.76939 7.76934 7.76986 7.77087 7.77155 7.77081 7.76844 7.76643 7.76766 7.76799 7.76537 7.75932 7.76011 7.76510 7.76510 7.76116 7.75847 7.76016 7.76178 7.75618 7.75441 7.75941 7.76135 7.76191 7.76181 7.76080 7.75678 7.74207 7.71004 7.68744 7.70209 7.71966 7.71499 7.71189 7.70654
7.72834 7.73687 7.74344 7.74780 7.75006 7.75120 7.75378 7.75791 7.76112 7.76256 7.76379 7.76418 7.76122 7.76049 7.76360 7.76521 7.76697 7.76865 7.77069 7.77141 7.77186 7.77203 7.77202 7.77174 7.77107 7.76996 7.76811 7.76162 7.76100 7.76655 7.76793 7.76782 7.76732 7.76677 7.76742 7.76946 7.77033 7.76929 7.76655 7.76578 7.76657 7.76460 7.75998 7.75855 7.76014 7.76176 7.76323 7.76008 7.75924 7.76022 7.75457 7.75557 7.76004 7.76139 7.76207 7.76222 7.76079 7.75528 7.73689 7.69883 7.67807 7.71427 7.73160 7.74034 7.74386 7.73697
7.71901 7.73048 7.73889 7.74374 7.74644 7.74792 7.74986 7.75359 7.75769 7.76004 7.76136 7.76088 7.75774 7.75932 7.76411 7.76547 7.76659 7.76711 7.76681 7.76753 7.76969 7.77031 7.77026 7.76979 7.76877 7.76720 7.76456 7.75800 7.75817 7.76223 7.76373 7.76470 7.76515 7.76406 7.76343 7.76596 7.76843 7.76787 7.76575 7.76380 7.76224 7.75922 7.75875 7.76151 7.76113 7.75790 7.75901 7.75971 7.75881 7.76033 7.75410 7.75629 7.75805 7.76086 7.76246 7.76217 7.76084 7.75639 7.74386 7.71154 7.67366 7.68927 7.71719 7.73802 7.75078 7.75167
7.70809 7.72342 7.73332 7.73892 7.74311 7.74617 7.74831 7.75180 7.75633 7.75883 7.75984 7.75887 7.75575 7.75663 7.76148 7.76349 7.76470 7.76473 7.76387 7.76423 7.76619 7.76800 7.76791 7.76707 7.76552 7.76317 7.75700 7.74853 7.75014 7.75399 7.75859 7.75963 7.76012 7.76049 7.75956 7.76169 7.76584 7.76469 7.76204 7.75951 7.75584 7.75389 7.75688 7.76056 7.76227 7.75504 7.75547 7.75837 7.75622 7.75781 7.75250 7.75418 7.75687 7.75877 7.76019 7.76064 7.76011 7.75734 7.75069 7.73455 7.70356 7.69171 7.70635 7.72743 7.74469 7.75220
7.69524 7.71525 7.72680 7.73410 7.74044 7.74512 7.74732 7.74997 7.75472 7.75741 7.75900 7.75841 7.75518 7.75655 7.75951 7.76036 7.76011 7.75983 7.76054 7.76251 7.76482 7.76524 7.76470 7.76337 7.76122 7.75733 7.74616 7.73736 7.74371 7.74630 7.74904 7.75175 7.75504 7.75806 7.75701 7.75790 7.76356 7.76236 7.75993 7.75699 7.75417 7.75565 7.75711 7.75733 7.76054 7.75424 7.75329 7.75876 7.75502 7.75566 7.75596 7.75573 7.75999 7.75814 7.75760 7.75884 7.75903 7.75752 7.75068 7.73787 7.72776 7.72410 7.72505 7.72383 7.72906 7.74441
7.68181 7.70492 7.72043 7.73068 7.73846 7.74296 7.74380 7.74617 7.75253 7.75564 7.75682 7.75739 7.75330 7.75615 7.75756 7.75723 7.75569 7.75418 7.75494 7.75983 7.76075 7.76044 7.76036 7.75845 7.75372 7.74238 7.73002 7.73322 7.74790 7.75367 7.75317 7.75315 7.75564 7.75852 7.75748 7.75574 7.75958 7.76039 7.75906 7.75711 7.75612 7.75851 7.75841 7.75363 7.75734 7.75580 7.74906 7.75526 7.75544 7.75508 7.75910 7.75864 7.75908 7.75833 7.75752 7.75700 7.75753 7.75680 7.74665 7.73532 7.73591 7.73697 7.73322 7.71440 7.71480 7.73924
7.67550 7.69770 7.71661 7.72882 7.73643 7.73910 7.73948 7.74482 7.75217 7.75546 7.75659 7.75621 7.75393 7.75593 7.75524 7.75557 7.75635 7.75493 7.74869 7.74683 7.74266 7.74115 7.74900 7.74548 7.72860 7.71758 7.72482 7.74090 7.75533 7.76070 7.76136 7.76031 7.75827 7.75629 7.75885 7.76006 7.75943 7.76119 7.76071 7.75839 7.75732 7.75934 7.76066 7.75496 7.75230 7.75544 7.74870 7.74744 7.75302 7.74997 7.75748 7.75905 7.75602 7.75729 7.75832 7.75565 7.75583 7.75602 7.74395 7.73619 7.74249 7.73852 7.72675 7.70253 7.71516 7.74104
7.67371 7.69554 7.71378 7.72585 7.73242 7.73553 7.73841 7.74447 7.75076 7.75413 7.75591 7.75537 7.75597 7.75487 7.75588 7.75814 7.75886 7.75826 7.75353 7.74560 7.73979 7.73635 7.74001 7.73570 7.72203 7.72894 7.74275 7.75317 7.75638 7.75719 7.75753 7.75555 7.75262 7.75644 7.76197 7.76358 7.76381 7.76359 7.76251 7.75935 7.75739 7.75832 7.76024 7.75917 7.75327 7.75136 7.74474 7.74170 7.75182 7.74592 7.75077 7.75858 7.75537 7.75581 7.75705 7.75345 7.75462 7.75574 7.74508 7.73572 7.74142 7.74085 7.72531 7.70343 7.71371 7.73026
7.67425 7.69288 7.71012 7.72205 7.72943 7.73485 7.73932 7.74322 7.74809 7.75212 7.75396 7.75409 7.75645 7.75457 7.75585 7.75869 7.76049 7.76049 7.75806 7.75599 7.75287 7.74977 7.74899 7.74438 7.73662 7.74783 7.75643 7.75604 7.75277 7.75510 7.75808 7.75718 7.75778 7.76285 7.76434 7.76464 7.76448 7.76457 7.76339 7.76044 7.75842 7.75701 7.75505 7.75519 7.75663 7.75615 7.74922 7.74909 7.75002 7.74550 7.75216 7.75889 7.75561 7.75445 7.75301 7.75170 7.75549 7.75611 7.74826 7.73717 7.73828 7.73816 7.72556 7.70215 7.69623 7.70803
7.67745 7.69377 7.70902 7.72053 7.72892 7.73533 7.73967 7.74194 7.74423 7.74849 7.75170 7.75341 7.75478 7.75546 7.75380 7.75427 7.75706 7.75691 7.75543 7.75419 7.75450 7.75489 7.75423 7.74827 7.74475 7.75234 7.75696 7.75530 7.75438 7.75888 7.76210 7.76230 7.76222 7.76309 7.76349 7.76387 7.76427 7.76428 7.76255 7.75950 7.75947 7.75734 7.75518 7.75270 7.75295 7.75686 7.75481 7.75017 7.74773 7.75039 7.75708 7.75875 7.75625 7.75366 7.75267 7.75505 7.75737 7.75649 7.75190 7.74235 7.73786 7.73556 7.72577 7.70758 7.69649 7.70120
7.68714 7.69924 7.71028 7.72035 7.72867 7.73502 7.73938 7.74156 7.74103 7.74470 7.74999 7.75178 7.75476 7.75708 7.75643 7.75490 7.75539 7.75633 7.75731 7.75576 7.75449 7.75526 7.75359 7.74962 7.75186 7.75496 7.75623 7.75672 7.75735 7.75988 7.76202 7.76168 7.76077 7.76005 7.75992 7.76075 7.76268 7.76345 7.76155 7.75858 7.75898 7.75793 7.75930 7.75825 7.75555 7.75598 7.75684 7.75536 7.75574 7.75829 7.75991 7.75974 7.75828 7.75685 7.75714 7.75802 7.75782 7.75682 7.75472 7.74939 7.74308 7.74061 7.73604 7.72703 7.71577 7.71222
7.69600 7.70300 7.71037 7.71931 7.72765 7.73395 7.73842 7.74071 7.74018 7.74231 7.74726 7.75036 7.75370 7.75630 7.75757 7.75751 7.75706 7.75796 7.75802 7.75535 7.75239 7.75254 7.75287 7.75412 7.75595 7.75724 7.75838 7.75942 7.75963 7.75965 7.76028 7.75932 7.75882 7.75836 7.75804 7.75803 7.75990 7.76228 7.76243 7.75978 7.75907 7.76028 7.76105 7.76041 7.75837 7.75700 7.75830 7.75897 7.75973 7.76014 7.76015 7.75994 7.75946 7.75906 7.75873 7.75838 7.75788 7.75712 7.75593 7.75390 7.75006 7.74760 7.74547 7.74111 7.73438 7.72818
7.69937 7.70395 7.70887 7.71713 7.72602 7.73254 7.73702 7.73963 7.74022 7.74057 7.74266 7.74485 7.74897 7.75323 7.75537 7.75564 7.75601 7.75704 7.75619 7.75237 7.74938 7.75028 7.75302 7.75605 7.75778 7.75941 7.76024 7.76028 7.75949 7.75885 7.75873 7.75814 7.75811 7.75849 7.75806 7.75659 7.75815 7.76118 7.76181 7.76052 7.76087 7.76134 7.76112 7.76038 7.75849 7.75668 7.75784 7.75880 7.75933 7.75963 7.75939 7.75887 7.75846 7.75834 7.75811 7.75777 7.75740 7.75694 7.75628 7.75530 7.75367 7.75186 7.75020 7.74745 7.74446 7.74064
7.70223 7.70534 7.70795 7.71491 7.72379 7.73041 7.73489 7.73781 7.73897 7.73904 7.73963 7.74016 7.74190 7.74750 7.75036 7.75132 7.75303 7.75400 7.75311 7.74875 7.74693 7.74933 7.75258 7.75471 7.75673 7.75896 7.75949 7.75861 7.75821 7.75834 7.75851 7.75781 7.75746 7.75762 7.75635 7.75422 7.75659 7.75969 7.75926 7.75716 7.75819 7.75987 7.76053 7.75974 7.75717 7.75494 7.75661 7.75768 7.75778 7.75767 7.75632 7.75393 7.75325 7.75513 7.75644 7.75641 7.75616 7.75590 7.75557 7.75493 7.75412 7.75349 7.75230 7.75051 7.74897 7.74739
7.70314 7.70639 7.70863 7.71386 7.72101 7.72743 7.73264 7.73613 7.73778 7.73885 7.73963 7.73876 7.73765 7.74240 7.74566 7.74850 7.75016 7.75074 7.74977 7.74625 7.74632 7.74932 7.75240 7.75438 7.75475 7.75651 7.75730 7.75702 7.75821 7.75816 7.75832 7.75712 7.75620 7.75596 7.75386 7.75125 7.75410 7.75758 7.75603 7.75555 7.75602 7.75782 7.75950 7.75871 7.75549 7.75345 7.75602 7.75720 7.75724 7.75635 7.75317 7.75032 7.74941 7.75000 7.75250 7.75313 7.75298 7.75297 7.75294 7.75289 7.75305 7.75331 7.75305 7.75189 7.75090 7.75023
7.70129 7.70618 7.70947 7.71359 7.71893 7.72553 7.73187 7.73586 7.73801 7.74030 7.74211 7.74039 7.73620 7.73945 7.74443 7.74693 7.74774 7.74804 7.74764 7.74646 7.74751 7.74961 7.75186 7.75452 7.75550 7.75574 7.75665 7.75741 7.75770 7.75760 7.75739 7.75533 7.75375 7.75368 7.75102 7.74727 7.74959 7.75489 7.75496 7.75563 7.75600 7.75734 7.75844 7.75747 7.75373 7.75221 7.75538 7.75604 7.75595 7.75447 7.75151 7.75209 7.75316 7.75145 7.75130 7.75036 7.74981 7.75025 7.75106 7.75211 7.75244 7.75238 7.75263 7.75232 7.75179 7.75111
7.69610 7.70430 7.70987 7.71385 7.71781 7.72378 7.73021 7.73463 7.73785 7.74029 7.74310 7.74231 7.73885 7.73717 7.74410 7.74720 7.74754 7.74801 7.74781 7.74695 7.74835 7.75037 7.75138 7.75378 7.75594 7.75629 7.75699 7.75732 7.75705 7.75677 7.75586 7.75237 7.75067 7.75173 7.74890 7.74288 7.74284 7.75082 7.75394 7.75573 7.75572 7.75664 7.75728 7.75532 7.74925 7.75010 7.75430 7.75520 7.75537 7.75379 7.75117 7.75247 7.75352 7.75292 7.75319 7.75148 7.75105 7.75108 7.75126 7.75155 7.75150 7.75131 7.75162 7.75197 7.75185 7.75104
7.68532 7.69980 7.70898 7.71414 7.71699 7.72004 7.72711 7.73248 7.73622 7.73947 7.74310 7.74271 7.74129 7.74045 7.74344 7.74772 7.74888 7.74965 7.74872 7.74674 7.74776 7.74972 7.75106 7.75323 7.75506 7.75521 7.75595 7.75590 7.75595 7.75540 7.75393 7.74920 7.74842 7.75169 7.75019 7.74256 7.73730 7.74611 7.75270 7.75423 7.75363 7.75479 7.75551 7.75012 7.74431 7.74945 7.75227 7.75394 7.75427 7.75270 7.75052 7.75220 7.75163 7.75154 7.75115 7.75053 7.75187 7.75162 7.75103 7.75072 7.75028 7.74915 7.74925 7.75032 7.75113 7.75094
7.66721 7.69132 7.70583 7.71328 7.71636 7.71750 7.72553 7.73251 7.73571 7.74010 7.74302 7.74439 7.74359 7.74392 7.74503 7.74672 7.74862 7.75011 7.74844 7.74583 7.74795 7.74892 7.75115 7.75326 7.75379 7.75441 7.75529 7.75487 7.75457 7.75431 7.75332 7.74811 7.74564 7.75051 7.75222 7.74680 7.73555 7.74169 7.75097 7.75270 7.75219 7.75273 7.75325 7.74679 7.74546 7.74859 7.75083 7.75301 7.75299 7.75186 7.74952 7.75048 7.74989 7.75178 7.75189 7.74950 7.74942 7.75048 7.75091 7.74968 7.74768 7.74715 7.74718 7.74798 7.74961 7.75024
7.64505 7.67901 7.70107 7.71141 7.71556 7.71665 7.72305 7.73068 7.73522 7.73893 7.74179 7.74389 7.74506 7.74537 7.74555 7.74529 7.74757 7.74989 7.74844 7.74505 7.74706 7.74986 7.75142 7.75240 7.75288 7.75400 7.75452 7.75436 7.75345 7.75326 7.75266 7.74979 7.74549 7.74764 7.74978 7.74458 7.73695 7.74289 7.75124 7.75227 7.75205 7.75258 7.75243 7.74811 7.74730 7.74874 7.75092 7.75132 7.75100 7.75023 7.74859 7.74858 7.75052 7.75235 7.75252 7.75144 7.75019 7.74957 7.74945 7.74863 7.74810 7.74739 7.74611 7.74639 7.74823 7.74914
7.62185 7.66698 7.69597 7.70985 7.71570 7.71615 7.71713 7.72452 7.73238 7.73696 7.74021 7.74259 7.74388 7.74326 7.74304 7.74276 7.74589 7.74902 7.74851 7.74441 7.74505 7.74922 7.75073 7.75114 7.75193 7.75305 7.75324 7.75285 7.75121 7.74958 7.74851 7.74623 7.74561 7.74932 7.74759 7.74111 7.73934 7.74573 7.75121 7.75235 7.75251 7.75264 7.75120 7.74802 7.74758 7.74788 7.74823 7.74751 7.74610 7.74447 7.74420 7.74656 7.74948 7.75082 7.75111 7.75093 7.75048 7.74948 7.74800 7.74810 7.74888 7.74699 7.74519 7.74563 7.74712 7.74773
7.59477 7.65769 7.69311 7.70875 7.71513 7.71576 7.71253 7.71312 7.72474 7.73422 7.73852 7.74107 7.74096 7.73949 7.73994 7.73894 7.74290 7.74760 7.74854 7.74498 7.74223 7.74624 7.74881 7.74970 7.75031 7.75148 7.75159 7.74996 7.74611 7.74545 7.74508 7.74369 7.74627 7.74900 7.74491 7.74060 7.74270 7.74816 7.75138 7.75245 7.75246 7.75171 7.74873 7.74432 7.74291 7.74261 7.74158 7.73922 7.73676 7.73553 7.73557 7.73758 7.74243 7.74757 7.74837 7.74684 7.74671 7.74777 7.74707 7.74719 7.74833 7.74624 7.74502 7.74443 7.74457 7.74554
