mrvbf_slope0.5_pctl1.5.asc
NCOLS 410
NROWS 410
XLLCORNER 2398750.0000000000000000
YLLCORNER 2548750.0000000000000000
CELLSIZE 250.0000000000000000
NODATA_VALUE -99999.00000
[rows 348 to 376 of 410, columns 132 to 197 of 410]
3.52033 3.40351 3.46849 3.61692 3.65255 3.64603 3.68998 3.73978 3.74691 3.76991 3.77475 3.69610 3.65869 3.70185 3.71757 3.68191 3.67350 3.72636 3.70059 3.59696 3.56349 3.47602 3.48619 3.53230 3.47592 3.32792 3.23279 3.10995 2.67352 2.31799 1.68089 0.59935 0.85113 1.75207 1.68099 0.84515 0.58016 0.37065 0.28985 0.58805 0.70941 0.32690 0.27355 0.67862 1.89395 2.20869 2.07829 1.94824 2.34589 2.51367 2.51767 2.48875 2.37408 2.34137 2.48280 2.26355 2.12695 1.82241 1.36440 0.71343 0.63889 1.09564 1.88733 2.07366 2.28204 2.59502
3.49421 3.43621 3.52449 3.63910 3.65099 3.67283 3.72410 3.74568 3.76425 3.79160 3.75147 3.69826 3.71413 3.73924 3.77149 3.72741 3.68214 3.69595 3.68959 3.62928 3.51829 3.52772 3.53946 3.54673 3.53594 3.47370 3.36737 3.12901 2.57402 2.45700 2.34038 1.86510 1.86365 1.93740 1.84692 0.78776 0.54066 0.33590 0.42984 0.78757 0.99776 0.59169 0.37523 1.45385 2.13418 2.41832 2.36116 2.30966 2.43941 2.54222 2.62007 2.54943 2.25288 1.97577 2.36982 2.04901 2.00683 1.99071 1.65094 0.52072 0.42591 1.03339 1.81703 1.75551 1.78750 2.35855
3.52777 3.49813 3.53574 3.60958 3.65265 3.70554 3.75157 3.77307 3.79106 3.78317 3.72648 3.69736 3.73239 3.76326 3.79076 3.75685 3.71862 3.72000 3.70445 3.65624 3.62074 3.64195 3.64441 3.62584 3.60458 3.56702 3.40861 3.00335 2.57550 2.30888 1.71807 1.38652 1.81307 1.89901 1.64227 0.54023 0.41079 0.29713 0.51571 0.94393 1.68293 1.72094 1.66832 1.90160 2.43820 2.53069 2.48588 2.50674 2.56628 2.58573 2.56337 2.47918 2.34671 2.34035 2.44122 2.25901 1.98515 1.79408 0.79831 0.34524 0.36486 1.26545 1.51008 1.09626 1.84234 2.46762
3.57018 3.55649 3.57466 3.61678 3.66525 3.72432 3.76003 3.75865 3.74312 3.72121 3.68647 3.68394 3.72167 3.73694 3.75641 3.75110 3.75432 3.76837 3.75404 3.73889 3.74721 3.75384 3.73875 3.68830 3.62490 3.59465 3.51687 3.17114 2.44534 1.69093 1.03366 0.63388 1.20653 1.68063 0.74135 0.38361 0.26169 0.22376 0.47171 1.01465 1.86864 1.95252 1.98242 2.30484 2.56545 2.54461 2.50828 2.56243 2.63288 2.65001 2.55824 2.45524 2.50329 2.51788 2.56727 2.47771 2.25528 1.48989 0.53598 0.28733 0.25588 0.72232 0.65714 0.72986 1.45414 2.43981
3.59297 3.56673 3.58104 3.61748 3.66333 3.70739 3.71841 3.70178 3.68633 3.68178 3.68742 3.71330 3.74977 3.75782 3.76789 3.78366 3.80903 3.80897 3.81609 3.81823 3.82175 3.81814 3.79303 3.73789 3.65121 3.57569 3.52297 3.33477 2.70273 2.10148 1.31756 0.64481 1.11007 1.60691 0.79625 0.46125 0.32242 0.20762 0.22187 0.53363 1.63069 1.91132 2.04236 2.45461 2.55928 2.46193 2.39306 2.45794 2.56560 2.64735 2.56784 2.48290 2.57404 2.57514 2.56873 2.56899 2.43180 2.04202 0.91312 0.39608 0.28808 0.30695 0.54328 0.88872 1.24461 2.29642
3.63124 3.58341 3.56023 3.58205 3.62852 3.66296 3.67067 3.66912 3.68185 3.70924 3.74445 3.76956 3.77917 3.79251 3.81012 3.82377 3.83014 3.84337 3.85888 3.85782 3.83836 3.82893 3.81714 3.77734 3.70666 3.60249 3.47396 3.27173 2.88246 2.49930 2.13237 1.44231 1.50657 1.60776 1.23493 0.61490 0.33428 0.17670 0.15720 0.29194 0.91691 1.76750 1.94000 2.17046 2.35263 2.19875 2.00060 1.92968 2.34138 2.55050 2.58512 2.52073 2.54340 2.60422 2.53133 2.46558 2.37639 2.27878 1.90741 0.65002 0.51864 0.86570 1.32464 1.76660 2.21302 2.52742
3.67572 3.63719 3.60655 3.60225 3.62114 3.64001 3.65784 3.68079 3.71516 3.75639 3.79667 3.81900 3.81197 3.81379 3.82679 3.84018 3.84653 3.85564 3.85723 3.83943 3.81811 3.82126 3.82083 3.80152 3.75027 3.65874 3.51535 3.32455 2.98860 2.67046 2.47580 2.12143 1.75412 1.48480 1.08698 0.77802 0.63505 0.42306 0.35307 0.54747 1.34115 1.69643 1.85799 1.95214 1.96514 1.89936 1.38420 0.86546 1.91115 2.41887 2.56742 2.54124 2.52492 2.55626 2.54643 2.50941 2.43800 2.33444 2.29670 1.66575 1.02907 1.30988 1.81948 2.38103 2.79900 3.15112
3.66678 3.67937 3.68207 3.67290 3.66918 3.67267 3.69368 3.72425 3.75472 3.77525 3.80633 3.84708 3.85560 3.85176 3.84023 3.82815 3.82112 3.82474 3.82187 3.79619 3.78003 3.78948 3.80803 3.80785 3.77233 3.70708 3.60000 3.43647 3.23240 2.89276 2.63637 2.34292 1.71671 0.83920 0.52406 0.58737 0.77024 0.66575 0.79824 1.26485 1.54996 1.61326 1.66250 1.72071 1.69361 1.51806 0.86697 0.70872 1.68175 2.11934 2.29784 2.37470 2.45310 2.53257 2.53728 2.47377 2.46388 2.44952 2.40299 2.44846 2.41765 2.53074 2.75594 3.03321 3.15744 3.34392
3.60244 3.64621 3.67940 3.70862 3.72758 3.73329 3.75236 3.77348 3.78054 3.78057 3.81073 3.85361 3.87318 3.85430 3.82120 3.80243 3.80597 3.80308 3.79867 3.78100 3.76320 3.75913 3.78922 3.80645 3.77635 3.73305 3.65194 3.52618 3.31830 2.91792 2.64194 2.35325 1.66236 0.81641 0.46026 0.37626 0.37384 0.45971 0.83868 1.24053 1.46976 1.47889 1.45826 1.41283 1.35131 1.04653 0.54508 0.57405 1.67446 1.85085 1.76514 1.80293 1.96098 2.21476 2.36783 2.39329 2.46231 2.46814 2.43913 2.51050 2.75852 3.14246 3.34724 3.40019 3.28034 3.27522
3.48895 3.55081 3.59347 3.65816 3.71836 3.73244 3.74901 3.75686 3.76719 3.79123 3.83123 3.85004 3.84339 3.81931 3.78908 3.79131 3.81310 3.80780 3.80232 3.79579 3.75866 3.75493 3.78429 3.80044 3.77622 3.73360 3.64267 3.49984 3.28281 2.88426 2.63633 2.36184 1.65072 1.20703 0.83348 0.66355 0.59873 0.48784 0.43453 0.56834 0.75975 0.83693 0.73001 0.99043 1.33468 0.88072 0.27801 0.22757 0.51832 1.08780 1.28991 1.35473 1.40975 1.63096 1.90786 2.07849 2.18005 2.18536 2.33438 2.51718 2.50763 2.67037 2.97325 3.12627 3.06615 3.17517
3.37520 3.45424 3.49099 3.55360 3.63070 3.68813 3.72466 3.74748 3.77873 3.81494 3.82570 3.80398 3.78695 3.76981 3.77019 3.80046 3.82561 3.82013 3.80399 3.77771 3.75230 3.76546 3.78795 3.79418 3.77204 3.72701 3.63922 3.49681 3.24591 2.88393 2.63371 2.24171 1.51663 1.10797 0.97858 1.04309 0.75412 0.37485 0.32597 0.37091 0.51493 0.49939 0.48351 0.54055 0.99984 0.85626 0.21053 0.20359 0.50095 1.26807 1.51075 1.53574 1.59226 1.56592 1.62239 1.73537 1.81785 1.86168 2.02108 2.43886 2.50141 2.54697 2.65214 2.78352 2.95474 3.15632
3.33845 3.38348 3.42026 3.44056 3.50048 3.58074 3.63402 3.70135 3.77548 3.80165 3.76963 3.73888 3.73610 3.74956 3.78378 3.82110 3.83388 3.81954 3.78705 3.75480 3.75713 3.78436 3.79665 3.78821 3.76375 3.71137 3.63163 3.50279 3.23978 2.85389 2.59936 2.07896 1.43117 0.96348 0.71886 0.60541 0.44057 0.25938 0.22691 0.18348 0.32545 0.34269 0.36599 0.36565 0.52300 0.84035 0.42958 0.49238 1.06913 1.61569 1.79510 1.84489 1.83148 1.72654 1.64314 1.63816 1.68297 1.81295 1.89588 2.16052 2.44478 2.56054 2.64289 2.71247 2.96391 3.03232
3.36145 3.35184 3.40322 3.43157 3.42039 3.45015 3.51135 3.59066 3.69515 3.73307 3.69727 3.69318 3.72316 3.75978 3.79793 3.81772 3.81333 3.79410 3.76075 3.75169 3.77640 3.79846 3.80095 3.78000 3.74608 3.68774 3.60924 3.46198 3.04383 2.72736 2.39912 1.62777 1.32691 1.16822 0.97079 0.70198 0.46511 0.31089 0.15720 0.18823 0.30057 0.17505 0.19326 0.22538 0.34881 0.67829 1.07062 1.26556 1.54967 1.75942 1.83142 1.83261 1.79301 1.77976 1.71219 1.67033 1.76233 1.93279 1.99798 1.94619 2.11434 2.34024 2.49971 2.67442 2.81441 2.73673
3.39478 3.37641 3.40432 3.46619 3.48327 3.45191 3.42504 3.43585 3.56324 3.63477 3.63589 3.67846 3.72984 3.76073 3.77752 3.78456 3.78549 3.77043 3.75056 3.76827 3.79725 3.80614 3.79198 3.76255 3.72067 3.65823 3.56892 3.29783 2.83047 2.57506 1.70395 0.92986 0.91108 1.00987 1.20880 1.22852 0.82586 0.57843 0.33178 0.55264 0.68253 0.25095 0.19589 0.40808 0.55368 0.77434 1.33556 1.49660 1.59008 1.66470 1.64420 1.62122 1.61174 1.66578 1.68857 1.67206 1.71083 1.93635 2.06779 2.04705 2.03022 2.09903 2.34877 2.55255 2.63100 2.64279
3.39303 3.42058 3.42843 3.46644 3.50109 3.49553 3.45487 3.39475 3.46322 3.55004 3.60410 3.67568 3.72199 3.74100 3.74063 3.74724 3.75985 3.75141 3.75841 3.79322 3.81141 3.80111 3.76653 3.72493 3.68319 3.62246 3.49329 3.04294 2.73285 2.38290 0.84416 0.51048 0.52941 0.69283 1.02805 1.12352 0.93086 0.82641 0.78542 1.00537 1.18773 0.82055 0.57709 0.98263 1.13348 1.16480 1.48172 1.56272 1.47936 1.20662 1.08865 1.35500 1.51700 1.63229 1.60380 1.53395 1.52236 1.74387 1.94020 2.05065 2.15204 2.27127 2.39725 2.52986 2.60851 2.69523
3.26083 3.41638 3.47804 3.50408 3.52621 3.52548 3.50333 3.50680 3.55453 3.57079 3.59378 3.65872 3.69995 3.70779 3.69892 3.70603 3.72663 3.74783 3.78227 3.80791 3.80563 3.75745 3.69004 3.62723 3.58781 3.54969 3.37618 2.88010 2.65785 2.21623 0.84351 0.52975 0.44278 0.53320 0.76194 0.53017 0.48493 0.67361 1.04922 1.12510 1.30881 1.29639 1.37271 1.50716 1.44040 1.25386 1.43178 1.59745 1.50445 0.83407 0.60384 1.04451 1.51524 1.62934 1.49043 1.26467 1.29454 1.51448 1.77945 2.04808 2.24169 2.32984 2.40412 2.52126 2.64361 2.68870
2.97091 3.28385 3.50010 3.58945 3.61112 3.60261 3.55205 3.52124 3.59753 3.62037 3.63389 3.64802 3.66375 3.66692 3.65668 3.66952 3.71837 3.76906 3.79962 3.79892 3.75557 3.67097 3.55327 3.43779 3.37806 3.36851 3.19925 2.80983 2.58596 2.05670 1.04247 0.60872 0.51395 0.53066 0.52117 0.34104 0.22169 0.38330 0.58736 0.45131 0.80137 1.46469 1.62706 1.59019 1.38664 0.80501 1.16652 1.58117 1.62662 1.41257 1.07767 1.20268 1.53111 1.55620 1.35798 1.08907 1.05298 1.30286 1.70321 2.06617 2.29438 2.39491 2.43417 2.50083 2.60807 2.64814
2.69041 2.96162 3.40831 3.59370 3.64708 3.64598 3.55845 3.52749 3.61127 3.66117 3.64005 3.64809 3.65334 3.63404 3.62023 3.65848 3.73209 3.78132 3.78511 3.73628 3.64968 3.51690 3.35069 3.17490 3.02251 2.96847 2.88968 2.73746 2.50221 1.74713 0.93949 0.61628 0.61477 0.65720 0.55509 0.47259 0.49665 0.66318 0.45919 0.33938 0.46195 1.13593 1.64151 1.53936 1.17650 0.28636 0.51790 1.41435 1.57918 1.58262 1.46210 1.29091 1.28877 1.30410 1.20030 1.25492 1.31150 1.46389 1.72866 1.99859 2.22787 2.39381 2.45815 2.51138 2.57372 2.62778
2.53845 2.68833 3.23637 3.47386 3.54023 3.58052 3.50808 3.50293 3.57031 3.62874 3.64451 3.66198 3.62620 3.58674 3.58744 3.63935 3.70909 3.74066 3.71132 3.60962 3.44442 3.21749 3.09700 3.01363 2.86145 2.79613 2.74743 2.64074 2.41603 1.71043 0.93018 0.59777 0.61428 0.67864 0.62227 0.67834 0.93782 0.74806 0.35737 0.23052 0.43840 0.74315 1.29448 1.09904 0.88969 0.46001 0.66885 1.35211 1.52988 1.59462 1.52111 1.18238 0.96097 1.00836 1.11934 1.36749 1.67138 1.82219 1.85230 1.90445 2.07490 2.29900 2.44234 2.51816 2.57074 2.59770
2.54300 2.73076 3.07083 3.27518 3.33476 3.35552 3.34151 3.43708 3.42676 3.45165 3.51730 3.59545 3.57543 3.52185 3.51727 3.54200 3.58517 3.61797 3.58006 3.39897 3.09231 2.94899 2.90304 2.86568 2.79188 2.73213 2.65305 2.53735 2.28539 1.67150 0.91537 0.57945 0.50431 0.54885 0.61672 0.77372 0.65678 0.42339 0.21788 0.13986 0.39107 0.64145 0.65067 0.55256 0.80849 1.29603 1.55585 1.63468 1.66139 1.69557 1.59655 1.11349 0.64731 0.70158 0.93332 1.30342 1.61651 1.72370 1.62612 1.59047 1.83883 2.16810 2.38048 2.50805 2.56577 2.53972
2.68610 3.03350 3.20012 3.22956 3.13594 2.91836 2.87717 2.90633 2.97590 3.03065 3.13421 3.31170 3.41671 3.42172 3.42541 3.42960 3.43019 3.43510 3.37990 3.13376 2.92252 2.91918 2.78511 2.72605 2.71641 2.67214 2.56958 2.40525 1.92556 1.47264 0.75900 0.58275 0.45144 0.39787 0.50578 0.93863 0.68281 0.45606 0.27826 0.22929 0.57884 0.64228 0.51029 0.44269 0.50991 1.31200 1.71553 1.78138 1.78868 1.78370 1.63759 1.08930 0.53635 0.51427 0.65439 1.07942 1.41944 1.34878 0.99149 1.02210 1.45302 2.02010 2.32087 2.46371 2.51007 2.39579
2.85382 3.20433 3.33939 3.31004 3.16273 2.71421 2.30643 2.32282 2.42297 2.41152 2.55599 2.81809 3.14111 3.28124 3.34987 3.39117 3.36094 3.25556 3.11511 2.93988 2.81783 2.81965 2.70953 2.66029 2.63593 2.59624 2.48862 2.24450 1.54979 0.88997 0.58110 0.48546 0.34983 0.23762 0.41988 0.68966 0.47605 0.25017 0.29680 0.44653 0.72826 0.54986 0.35945 0.34887 0.37388 0.60073 1.36195 1.68764 1.79271 1.81825 1.68520 1.17426 0.43874 0.27386 0.36292 0.67772 1.07152 0.82002 0.60268 0.65594 1.11332 1.88711 2.25525 2.38620 2.37080 2.16371
3.14235 3.25546 3.30002 3.32924 3.27960 3.02135 2.66773 2.52862 2.51410 2.30716 2.13850 2.40137 2.85542 3.17486 3.31766 3.38219 3.36371 3.18617 2.87332 2.72879 2.68845 2.69687 2.66858 2.64824 2.58531 2.53135 2.40613 2.01003 1.44501 0.84720 0.60989 0.51906 0.48437 0.47050 0.64398 0.49226 0.34438 0.13876 0.21122 0.46076 0.68419 0.54533 0.30397 0.31892 0.41834 0.79215 1.50272 1.75708 1.94451 1.97830 1.87398 1.40194 0.41942 0.17323 0.22639 0.67481 1.07529 0.59867 0.42681 0.58106 1.16325 1.83266 2.16436 2.26512 2.20294 2.03544
3.02524 3.12268 3.21508 3.34307 3.40734 3.34027 3.26336 3.22200 3.22636 2.97047 2.25952 1.97754 2.30076 2.80061 3.19284 3.37558 3.36667 3.08640 2.68941 2.56798 2.60940 2.63958 2.61465 2.57638 2.48029 2.35421 2.05483 1.61979 1.45563 1.25652 1.00656 1.09702 0.85993 0.81667 1.09735 0.75503 0.48427 0.18000 0.27610 0.67969 0.75812 0.70141 0.52911 0.49372 0.58170 1.22425 1.65830 1.94665 2.21095 2.22148 2.05270 1.57468 0.66322 0.39194 0.63316 0.93728 1.02624 0.57141 0.46862 0.79662 1.45205 1.80445 1.98051 2.06902 2.05666 1.97553
2.75832 2.78576 2.99818 3.27921 3.45025 3.41131 3.40541 3.41434 3.45548 3.28934 2.46074 1.60814 1.81963 2.42084 2.88358 3.13979 2.99837 2.66498 2.50157 2.35640 2.44799 2.51920 2.46424 2.30629 1.99758 1.70413 1.52594 1.40327 1.36580 1.37627 1.33790 1.32336 1.07282 0.99935 1.04297 0.72330 0.56745 0.62166 0.65665 0.71126 0.66907 0.74956 0.68606 0.63914 1.17089 1.61411 1.79355 2.01446 2.29102 2.31421 1.90690 1.19711 0.72867 0.64658 0.79831 1.14567 1.01093 0.76235 0.87690 1.32759 1.54509 1.62678 1.70057 1.79546 1.86781 1.90331
2.24316 2.17504 2.45690 2.85608 3.23455 3.27523 3.28568 3.22281 3.25474 2.98980 2.21225 1.22776 1.34216 2.17157 2.52474 2.57317 2.51622 2.42692 2.28096 2.25305 2.26360 2.29617 2.09069 1.55899 1.14293 1.08999 1.22000 1.24279 1.29916 1.42606 1.39808 1.13777 0.89489 0.90268 0.52355 0.41121 0.39694 0.54550 0.41915 0.26441 0.33418 0.60741 0.71495 0.98196 1.52278 1.71264 1.86525 1.93877 2.09228 2.05648 1.67848 0.43394 0.39352 0.38632 0.44772 0.66307 1.49657 1.48618 1.30625 1.38603 1.35042 1.37682 1.42755 1.52136 1.68954 1.86887
1.66319 1.82841 1.90004 2.30100 2.78039 3.09390 3.16526 2.99304 2.76285 2.56875 2.35767 1.66804 1.03894 2.01847 2.26490 2.23886 2.21784 2.27172 2.32385 2.40283 2.27900 2.04031 1.59197 0.94499 0.67648 0.72511 1.03162 1.19208 1.33734 1.40410 1.26029 0.94585 0.94651 1.22481 0.97801 0.67603 0.55785 0.44952 0.29507 0.20526 0.23208 0.44487 0.67446 1.36307 1.67431 1.78313 1.84028 1.80061 1.87890 1.87881 1.55148 0.37528 0.25681 0.23121 0.32480 0.53155 1.50431 1.69809 1.34223 1.12651 0.90718 1.08603 1.23368 1.32603 1.53767 1.83550
1.92683 2.45297 2.11413 2.15726 2.59910 3.03553 3.12209 2.90505 2.57892 2.77535 2.88609 2.23148 1.80638 2.10132 2.07461 1.81577 1.90063 2.14963 2.28274 2.29620 2.01234 1.63889 1.34472 0.81395 0.62930 0.67955 0.92886 0.98222 1.09748 1.03785 0.86892 0.76446 0.99444 0.86456 0.67788 0.63908 0.56037 0.18365 0.18074 0.45390 0.49893 0.69059 1.22725 1.62193 1.79719 1.83383 1.74988 1.57035 1.45730 1.55354 1.48440 0.55952 0.29183 0.23152 0.29532 0.57589 1.57394 1.63094 1.32507 0.67742 0.36567 0.69925 1.25916 1.36324 1.48582 1.74301
2.44354 2.61919 2.50811 2.57378 2.71313 2.83568 2.75253 2.58119 2.73623 2.91215 2.85085 2.50689 2.46085 2.43996 2.18147 1.75603 1.59457 1.73713 1.90714 1.75062 1.51985 1.39203 1.21788 0.77872 0.60364 0.63727 0.71850 0.65193 0.60323 0.69974 0.80537 0.62366 0.50373 0.49543 0.50860 0.35707 0.28083 0.11817 0.12238 0.34819 0.48692 1.31581 1.68758 1.79690 1.86446 1.80035 1.54323 0.94718 0.60210 0.80290 1.18012 0.94970 0.53255 0.31346 0.34439 0.61727 1.48411 1.50742 1.10952 0.67864 0.46961 0.66287 1.17450 1.43843 1.48645 1.65130
