mrvbf_slope0.8_pctl1.asc
NCOLS 410
NROWS 410
XLLCORNER 2398750.0000000000000000
YLLCORNER 2548750.0000000000000000
CELLSIZE 250.0000000000000000
NODATA_VALUE -99999.00000
[rows 319 to 347 of 410, columns 0 to 65 of 410]
-99999.00000 -99999.00000 -99999.00000 -99999.00000 -99999.00000 4.64170 4.61640 4.48966 4.39467 4.37829 4.34060 4.25323 4.29216 4.41189 4.47013 4.49437 4.47183 4.44731 4.42696 4.41326 4.45029 4.47049 4.46039 4.33182 4.16637 4.13177 4.18303 4.18730 4.04701 3.98589 4.05214 4.21572 4.25386 4.19970 4.04390 4.10489 4.21529 4.27149 4.27742 4.17908 4.03391 4.02729 4.15927 4.31708 4.41578 4.42514 4.37541 4.33742 4.33819 4.32693 4.30069 4.26947 4.28686 4.33534 4.29638 4.28647 4.32075 4.30571 4.29201 4.27629 4.29311 4.38013 4.46880 4.53715 4.56747 4.57652
-99999.00000 -99999.00000 -99999.00000 -99999.00000 -99999.00000 4.55164 4.53533 4.44105 4.38684 4.39953 4.37723 4.25876 4.20322 4.28301 4.38259 4.44843 4.45748 4.43345 4.42372 4.45428 4.44826 4.48542 4.43694 4.26623 4.23774 4.20267 4.15828 4.09783 3.95283 3.95267 4.12548 4.26447 4.25649 4.23283 4.18614 4.17287 4.19681 4.27453 4.29797 4.14642 4.01394 4.04136 4.20270 4.36732 4.44110 4.42745 4.39423 4.39173 4.41165 4.41796 4.41663 4.37595 4.35457 4.38338 4.36631 4.37915 4.43972 4.42725 4.40576 4.40351 4.42849 4.46287 4.49138 4.52001 4.50533 4.49281
-99999.00000 -99999.00000 -99999.00000 -99999.00000 -99999.00000 4.36551 4.35247 4.24914 4.31595 4.42923 4.44134 4.37512 4.31194 4.28631 4.31661 4.37190 4.40659 4.42137 4.41433 4.42225 4.47945 4.53028 4.49922 4.34447 4.17511 4.27498 4.28924 4.20135 3.86530 3.83272 4.15521 4.25479 4.19906 4.10534 4.14349 4.20568 4.08060 4.15640 4.22484 4.14617 4.06683 4.13687 4.32270 4.44378 4.46921 4.43213 4.40348 4.42162 4.46656 4.48972 4.47287 4.42023 4.39890 4.43160 4.41848 4.37931 4.41998 4.46162 4.45630 4.46438 4.46567 4.47198 4.45202 4.42801 4.40668 4.42101
-99999.00000 -99999.00000 -99999.00000 -99999.00000 -99999.00000 4.10531 4.03019 4.02295 4.18951 4.33997 4.37548 4.35935 4.39870 4.42212 4.35999 4.34508 4.36205 4.37632 4.40993 4.45734 4.51581 4.54671 4.53632 4.44991 4.29577 4.29384 4.28239 4.17124 4.07438 4.08593 4.19190 4.22163 4.22466 4.04686 3.98535 3.92903 3.94752 4.10233 4.21268 4.20121 4.16193 4.24453 4.40443 4.47554 4.48593 4.43328 4.39596 4.42365 4.48277 4.50154 4.46420 4.40458 4.38464 4.41661 4.41745 4.36791 4.36551 4.40034 4.39754 4.40363 4.42136 4.39389 4.35487 4.32198 4.34258 4.39151
-99999.00000 -99999.00000 -99999.00000 -99999.00000 -99999.00000 4.10353 4.06130 4.16155 4.17284 4.23556 4.34920 4.38954 4.46040 4.48726 4.44776 4.38837 4.36151 4.34003 4.33974 4.40664 4.49437 4.52994 4.50780 4.42137 4.35149 4.40466 4.31385 4.33631 4.33697 4.33824 4.32387 4.26185 4.26574 4.16229 4.03870 4.01610 4.12843 4.18148 4.24433 4.24141 4.24568 4.27208 4.36062 4.44688 4.49335 4.42940 4.37770 4.41064 4.46225 4.44992 4.40970 4.34171 4.27092 4.24493 4.24009 4.22351 4.24798 4.29240 4.30003 4.28032 4.27043 4.23133 4.23142 4.24840 4.33599 4.40276
-99999.00000 -99999.00000 -99999.00000 -99999.00000 -99999.00000 4.27613 4.31192 4.34849 4.25688 4.20280 4.27594 4.39373 4.46975 4.49162 4.50720 4.46749 4.42465 4.38795 4.34134 4.34488 4.43036 4.48020 4.42754 4.31238 4.30813 4.42652 4.35208 4.35529 4.29029 4.34782 4.34799 4.32261 4.30381 4.27775 4.24989 4.24168 4.20301 4.25662 4.22923 4.23402 4.29998 4.32363 4.34670 4.39464 4.45909 4.42896 4.36787 4.36863 4.38660 4.36156 4.32265 4.25674 4.14369 4.02748 4.00798 4.07451 4.14267 4.20032 4.23007 4.20219 4.12357 4.12361 4.15764 4.20678 4.30504 4.39256
-99999.00000 -99999.00000 -99999.00000 -99999.00000 -99999.00000 4.27223 4.32440 4.37582 4.33472 4.25061 4.25093 4.34300 4.43294 4.44080 4.47171 4.48396 4.44886 4.39642 4.35089 4.35475 4.39985 4.39167 4.26889 4.17993 4.26437 4.35426 4.29418 4.24980 4.30848 4.27860 4.29959 4.31922 4.29367 4.33938 4.34447 4.30562 4.22215 4.22201 4.21403 4.27065 4.25777 4.33003 4.39703 4.37850 4.41105 4.43748 4.38063 4.34101 4.31632 4.28919 4.25581 4.17763 4.00851 3.90969 3.92846 4.02637 4.10654 4.15498 4.17949 4.15167 4.11623 4.15795 4.19658 4.24200 4.22391 4.30992
-99999.00000 -99999.00000 -99999.00000 -99999.00000 -99999.00000 4.18851 4.23817 4.32289 4.37935 4.32228 4.27608 4.27017 4.35087 4.37639 4.39606 4.41081 4.39115 4.35650 4.33979 4.36761 4.39295 4.30420 4.17010 4.18819 4.28846 4.25626 4.27592 4.31364 4.38216 4.25244 4.22202 4.17427 4.14893 4.28373 4.35209 4.32944 4.24458 4.20470 4.24895 4.32056 4.27129 4.28544 4.32338 4.34241 4.39006 4.42081 4.37302 4.31984 4.26283 4.20088 4.15607 4.05061 3.82981 3.83399 3.91058 4.00153 4.08630 4.13418 4.12911 4.10441 4.13639 4.22314 4.29363 4.32834 4.20967 4.20811
-99999.00000 -99999.00000 -99999.00000 -99999.00000 -99999.00000 4.16588 4.22366 4.29099 4.36308 4.36709 4.32044 4.29405 4.26825 4.31523 4.32658 4.33433 4.33439 4.33050 4.34898 4.39214 4.38362 4.26175 4.21395 4.18691 4.18247 4.23332 4.29874 4.30526 4.30699 4.07851 4.05032 3.96092 3.93373 4.07212 4.24129 4.22795 4.13351 4.07108 4.17079 4.27983 4.29475 4.29746 4.32013 4.34042 4.36976 4.36189 4.30920 4.24489 4.11747 3.90253 3.80970 3.79940 3.71909 3.83638 3.91568 3.97478 4.04904 4.08350 4.06808 4.07153 4.14691 4.26103 4.34949 4.34188 4.21454 4.10993
-99999.00000 -99999.00000 -99999.00000 -99999.00000 -99999.00000 4.14989 4.20701 4.23882 4.28750 4.33906 4.27682 4.27584 4.29048 4.28170 4.27519 4.28712 4.30219 4.31790 4.35580 4.39498 4.38533 4.32112 4.21688 4.26140 4.25094 4.22227 4.20695 4.23621 4.18034 4.00783 3.95650 3.96694 3.81766 3.83399 3.97442 3.89474 3.78165 3.75768 3.99147 4.20302 4.22607 4.24781 4.30141 4.29868 4.28309 4.26236 4.20265 4.11040 3.88913 3.70886 3.70049 3.77650 3.85818 4.01972 4.02559 4.02177 4.05492 4.06805 4.04389 4.03608 4.09630 4.19626 4.28969 4.21249 4.09640 3.98180
-99999.00000 -99999.00000 -99999.00000 -99999.00000 -99999.00000 4.13417 4.12124 4.05574 4.04886 4.15378 4.04187 4.09879 4.22255 4.20301 4.19975 4.23448 4.26115 4.27937 4.32205 4.32336 4.29156 4.20052 4.06730 4.11642 4.08067 3.88809 3.76203 3.88727 4.10279 3.98093 3.92123 4.01178 3.84315 3.74555 3.80233 3.72503 3.62517 3.58612 3.71297 4.04557 4.14483 4.00619 4.05805 4.10949 4.12476 4.14319 4.11581 4.00195 3.80374 3.76199 3.84330 3.89942 4.11285 4.25963 4.23084 4.17099 4.14900 4.13696 4.06730 3.97980 3.95775 3.99817 4.05491 3.94730 3.91937 3.87924
-99999.00000 -99999.00000 -99999.00000 -99999.00000 -99999.00000 4.10691 4.00974 3.82102 3.72423 3.94172 3.94978 3.99418 4.09831 4.03502 4.03416 4.10807 4.15445 4.12935 4.16811 4.11567 3.94560 3.78629 3.78947 3.91583 3.88823 3.70819 3.58461 3.61011 3.89406 3.87206 3.85409 3.93012 3.98915 3.87265 3.86976 3.79063 3.70250 3.63935 3.62546 3.90984 4.06104 3.94520 3.91051 3.94527 3.97948 4.01127 4.01976 3.92223 3.78895 3.82851 3.99211 4.04734 4.26619 4.35768 4.35677 4.29767 4.24252 4.19168 4.05619 3.95771 3.91528 3.88611 3.88308 3.87514 3.98167 4.00908
-99999.00000 -99999.00000 -99999.00000 -99999.00000 -99999.00000 4.04391 3.90468 3.74749 3.72163 3.74857 3.91835 4.00815 3.98450 3.96276 3.99951 4.02094 4.05821 4.04135 3.99101 3.86598 3.71074 3.68307 3.80100 3.88629 3.83259 3.73776 3.78733 3.59966 3.81511 3.90245 3.87361 3.93057 4.12396 4.05344 4.02409 3.97528 3.85581 3.62731 3.71530 3.95021 4.01093 4.00485 3.92903 3.85855 3.83836 3.85875 3.90467 3.90897 3.89045 3.98454 4.15527 4.18012 4.30911 4.38666 4.38339 4.33742 4.26207 4.15284 4.00055 4.01288 4.04921 4.00078 4.00814 4.08758 4.22441 4.24007
-99999.00000 -99999.00000 -99999.00000 -99999.00000 -99999.00000 3.98063 3.93274 3.87234 3.79680 3.76853 3.95824 3.98711 4.00306 4.00750 4.09185 4.06690 4.03998 4.01936 3.87770 3.72422 3.66263 3.69894 3.75130 3.77931 3.77373 3.76501 3.72700 3.60082 3.96022 4.02835 3.90426 3.93149 4.12251 4.06476 4.03132 4.05554 3.92073 3.74513 3.76905 3.83930 3.87224 3.91267 3.88660 3.80265 3.74958 3.74181 3.80375 3.93882 4.06676 4.11733 4.16777 4.25494 4.34856 4.38682 4.34371 4.27522 4.18476 4.06392 3.99680 4.10874 4.19527 4.18166 4.20958 4.25256 4.29171 4.32090
-99999.00000 -99999.00000 -99999.00000 -99999.00000 -99999.00000 3.89914 3.92438 3.98897 3.96963 3.88829 3.88162 3.86817 3.81482 3.79542 3.97403 4.08741 3.99450 3.84621 3.71786 3.64499 3.61770 3.60471 3.57366 3.58108 3.66846 3.73960 3.60513 3.56726 3.81331 3.91532 3.83150 3.82463 3.92369 3.94578 3.95672 3.96578 3.89600 3.73323 3.65468 3.69023 3.77017 3.87943 3.90246 3.80854 3.72886 3.68106 3.71304 3.89318 4.14977 4.22915 4.25376 4.31942 4.36577 4.33105 4.23343 4.13842 4.06779 4.00983 4.02339 4.13170 4.19202 4.22722 4.25676 4.21307 4.18273 4.24950
-99999.00000 -99999.00000 -99999.00000 -99999.00000 -99999.00000 3.71360 3.76853 3.89100 3.91788 3.91682 3.87677 3.78539 3.64228 3.62427 3.77792 4.04279 3.91082 3.74440 3.68716 3.67488 3.61250 3.54723 3.49447 3.50485 3.61495 3.76789 3.67030 3.50000 3.62717 3.78756 3.78239 3.72923 3.77646 3.94969 4.03449 4.02960 3.92402 3.73684 3.65911 3.68990 3.78137 3.94456 3.98736 3.82670 3.72292 3.66239 3.62912 3.69609 3.96061 4.20734 4.28454 4.30049 4.27519 4.18484 4.08096 4.02555 4.01182 4.01938 4.06843 4.13553 4.12766 4.15013 4.16593 4.12152 4.11473 4.15874
-99999.00000 -99999.00000 -99999.00000 -99999.00000 -99999.00000 3.52770 3.63794 3.75140 3.89522 4.00373 3.96141 3.79348 3.67397 3.69045 3.69136 3.94368 3.85848 3.77985 3.83289 3.76995 3.60061 3.55501 3.59580 3.56102 3.61655 3.78968 3.84555 3.62591 3.58131 3.72891 3.81732 3.68000 3.72101 4.03808 4.14236 4.18672 4.09629 3.93056 3.86537 3.83364 3.85080 3.95966 3.99163 3.77402 3.71261 3.71147 3.62274 3.53572 3.60979 3.86228 4.03528 4.09009 4.07915 4.03751 4.01018 4.01600 4.04596 4.09013 4.15478 4.21504 4.18240 4.11997 4.11293 4.14135 4.16955 4.17622
-99999.00000 -99999.00000 -99999.00000 -99999.00000 -99999.00000 3.56688 3.63434 3.70347 3.80187 3.93511 3.99628 3.88881 3.79300 3.73997 3.76602 3.99978 3.94349 3.84887 3.82280 3.71771 3.56251 3.59578 3.82616 3.68064 3.64809 3.81423 3.97997 3.81683 3.66480 3.69357 3.81470 3.73909 3.72912 3.89533 4.07125 4.17859 4.13035 4.06354 4.14935 4.02981 3.93590 3.99568 3.96449 3.74101 3.75049 3.86921 3.82516 3.63317 3.54091 3.62948 3.77775 3.88885 3.95817 4.02011 4.05735 4.07920 4.12168 4.18684 4.26213 4.32655 4.31772 4.23151 4.17860 4.18363 4.13456 4.13466
-99999.00000 -99999.00000 -99999.00000 -99999.00000 -99999.00000 3.55692 3.61741 3.64705 3.70897 3.78545 3.89059 3.92678 3.90140 3.83786 3.85017 4.02949 4.04372 3.92801 3.81020 3.65241 3.57162 3.66303 3.95848 3.76493 3.70202 3.87052 4.04781 3.93779 3.77434 3.72585 3.83951 3.97683 3.86070 3.93923 4.10299 4.18565 4.13063 4.09087 4.19515 4.13338 4.03934 4.10315 4.01999 3.79647 3.81576 4.02515 4.13208 3.95603 3.77478 3.73888 3.79731 3.87666 3.98537 4.11118 4.15157 4.14121 4.18106 4.26645 4.34159 4.37787 4.38021 4.32482 4.24787 4.19303 4.09306 4.06970
-99999.00000 -99999.00000 -99999.00000 -99999.00000 -99999.00000 3.58155 3.60035 3.71528 3.70218 3.67756 3.72006 3.77000 3.79471 3.77498 3.73108 3.85028 3.93551 3.87471 3.71937 3.63647 3.61061 3.71661 3.95417 3.76481 3.75142 3.95741 3.99050 3.86600 3.80235 3.75928 3.82119 4.02903 4.03458 4.04969 4.18268 4.20029 4.09866 4.06974 4.17440 4.14386 4.04875 4.14273 4.10208 3.81984 3.79698 4.03086 4.16263 4.09672 4.05215 4.03493 4.00223 3.99278 4.05926 4.18919 4.20779 4.15902 4.20987 4.31082 4.38733 4.40052 4.38153 4.32020 4.24622 4.22144 4.15522 4.14209
-99999.00000 -99999.00000 -99999.00000 -99999.00000 -99999.00000 3.62434 3.68062 3.73998 3.72086 3.65454 3.64194 3.66942 3.70575 3.71677 3.68192 3.70562 3.81644 3.82303 3.70102 3.66847 3.62647 3.67822 3.81736 3.71107 3.81449 4.00325 3.84548 3.74133 3.72497 3.69096 3.73987 3.89987 3.86084 3.85424 4.05039 4.12436 4.02385 3.99882 4.10695 4.08026 3.97274 4.13190 4.21731 3.90230 3.73600 3.92731 4.12545 4.18001 4.22903 4.25682 4.20742 4.14532 4.10012 4.17118 4.19734 4.12641 4.19990 4.29644 4.36529 4.38801 4.36923 4.29284 4.23094 4.26153 4.20838 4.17994
-99999.00000 -99999.00000 -99999.00000 -99999.00000 -99999.00000 3.64763 3.68774 3.72059 3.75484 3.73151 3.67142 3.67379 3.70939 3.72059 3.68536 3.68750 3.76669 3.83902 3.80489 3.68115 3.59877 3.60270 3.69634 3.69765 3.86856 3.87855 3.70237 3.70082 3.69624 3.63712 3.62212 3.63391 3.61686 3.78174 3.84820 3.95182 3.90935 3.91093 4.02063 3.96343 3.88670 4.08457 4.25012 4.07411 3.78964 3.87584 4.14023 4.26693 4.30523 4.29772 4.27363 4.21339 4.09362 4.12199 4.17430 4.04621 4.09674 4.22764 4.29547 4.31173 4.29982 4.25737 4.25246 4.31122 4.25606 4.17629
-99999.00000 -99999.00000 -99999.00000 -99999.00000 -99999.00000 3.66269 3.70015 3.75006 3.77088 3.72101 3.72921 3.74790 3.77556 3.76218 3.70412 3.67804 3.71450 3.82989 3.95865 3.83548 3.66900 3.61505 3.65684 3.76078 3.84376 3.70490 3.64981 3.73986 3.75415 3.68829 3.63678 3.60641 3.62770 3.67971 3.87435 3.89717 3.79208 3.79309 3.86067 3.79532 3.74005 3.90889 4.08465 3.95088 3.75063 3.89436 4.13589 4.20845 4.20974 4.20813 4.21551 4.19225 4.01752 3.97649 4.01093 3.87530 4.02383 4.14542 4.18923 4.22162 4.23253 4.23972 4.27557 4.32475 4.27307 4.13860
-99999.00000 -99999.00000 -99999.00000 -99999.00000 -99999.00000 3.66720 3.71043 3.73239 3.72295 3.76384 3.70468 3.81963 3.88620 3.86748 3.77492 3.69137 3.67380 3.72526 3.86281 3.89921 3.82059 3.72605 3.72246 3.80288 3.71390 3.64587 3.68750 3.78476 3.80025 3.79937 3.77809 3.70704 3.68130 3.76160 3.93861 3.82484 3.70700 3.69196 3.70882 3.65664 3.58624 3.62191 3.67793 3.61610 3.67066 3.93373 4.01628 4.00954 4.02270 4.06440 4.08923 4.06029 3.92232 3.88458 3.92423 3.89166 4.10608 4.10370 4.12594 4.19288 4.23595 4.27249 4.30233 4.30979 4.25081 4.13295
-99999.00000 -99999.00000 -99999.00000 -99999.00000 -99999.00000 3.65074 3.69479 3.74957 3.73516 3.70968 3.74058 3.79667 3.89145 3.92177 3.88542 3.76002 3.68501 3.66886 3.70349 3.78546 3.86457 3.75859 3.67244 3.66264 3.67469 3.71573 3.79732 3.81187 3.78124 3.79913 3.82341 3.74300 3.71844 3.79698 3.92659 3.77111 3.66084 3.64936 3.68291 3.65244 3.57977 3.54406 3.56797 3.62409 3.81127 3.91789 3.86817 3.84482 3.87905 3.95891 4.00407 3.91996 3.90358 3.82642 3.92786 3.92269 4.02869 4.07422 4.15622 4.25212 4.31047 4.34260 4.34223 4.30433 4.23571 4.15243
-99999.00000 -99999.00000 -99999.00000 -99999.00000 -99999.00000 3.63433 3.68405 3.77196 3.73990 3.72161 3.83193 3.81798 3.88085 3.89458 3.85784 3.85036 3.76560 3.70571 3.69218 3.73245 3.80825 3.66349 3.61882 3.66622 3.79396 3.87162 3.78826 3.72831 3.70316 3.75090 3.73903 3.70898 3.81821 3.90908 3.90082 3.75586 3.64683 3.64579 3.75530 3.78128 3.69264 3.64343 3.68712 3.83709 3.96459 3.93508 3.82877 3.82348 3.85791 3.91091 3.99817 3.88520 3.89911 3.74397 3.74679 3.78150 3.92018 4.08618 4.19360 4.31036 4.38166 4.39964 4.36153 4.28929 4.21271 4.14428
-99999.00000 -99999.00000 -99999.00000 -99999.00000 -99999.00000 3.63638 3.67337 3.69257 3.67110 3.70312 3.89104 3.95685 3.97034 3.93470 3.83570 3.85081 3.84867 3.77624 3.73408 3.71008 3.72291 3.64792 3.63225 3.66191 3.75974 3.82777 3.79087 3.75180 3.80156 3.90111 3.76355 3.70564 3.80107 3.91243 3.85640 3.71803 3.64088 3.65859 3.78601 3.95759 3.86827 3.77653 3.80587 3.90732 4.01837 3.96849 3.84075 3.87083 3.89612 3.87826 3.93597 3.85943 3.86404 3.74668 3.69652 3.82676 3.98446 4.06096 4.14765 4.31473 4.40692 4.41823 4.35913 4.25617 4.14403 4.05950
-99999.00000 -99999.00000 -99999.00000 -99999.00000 -99999.00000 3.65823 3.68019 3.63231 3.61382 3.69018 3.89721 4.04799 4.04335 3.90738 3.81857 3.82048 3.85396 3.79773 3.72430 3.70126 3.67336 3.70801 3.69438 3.68451 3.74261 3.83981 3.91325 3.92124 3.93986 3.97839 3.83670 3.68375 3.70467 3.77538 3.68786 3.60182 3.66887 3.70727 3.78209 3.94707 3.96615 3.82970 3.76774 3.85722 4.03929 4.01938 3.87652 3.83124 3.84679 3.78804 3.74912 3.78418 3.87658 3.88884 3.89026 3.98458 3.96318 3.95271 4.16119 4.34641 4.40402 4.39201 4.34045 4.22664 4.05888 3.95767
-99999.00000 -99999.00000 -99999.00000 -99999.00000 -99999.00000 3.62586 3.65800 3.59031 3.58906 3.69754 3.88238 4.03305 4.00239 3.81927 3.77255 3.80128 3.83486 3.79526 3.73791 3.71636 3.66062 3.66354 3.68782 3.70592 3.78136 3.82625 3.83158 3.86553 3.94528 3.95861 3.81428 3.76402 3.72177 3.72748 3.59899 3.58951 3.68188 3.72270 3.76419 3.88289 3.96004 3.83839 3.70134 3.77174 3.95962 3.90982 3.78200 3.71131 3.65083 3.61477 3.62128 3.72132 3.81050 3.88127 4.02242 4.03102 3.85539 3.90294 4.21050 4.33380 4.32075 4.27289 4.25370 4.19945 4.00647 3.89610
