mrvbf_slope0.5_pctl1.2.asc
NCOLS 410
NROWS 410
XLLCORNER 2398750.0000000000000000
YLLCORNER 2548750.0000000000000000
CELLSIZE 250.0000000000000000
NODATA_VALUE -99999.00000
[rows 232 to 260 of 410, columns 330 to 395 of 410]
1.19252 1.50510 1.77890 2.41627 2.84239 3.28278 3.77701 3.77629 4.06597 4.20361 4.30654 4.37568 4.46534 4.50650 4.49604 4.46836 4.48639 4.45464 4.43989 4.47688 4.53509 4.58147 4.54324 4.33957 3.94684 3.72261 3.88040 4.26240 4.42718 4.49074 4.55430 4.59731 4.61104 4.61538 4.60480 4.60970 4.65647 4.69319 4.69984 4.73766 4.76908 4.77278 4.77376 4.77200 4.76646 4.75375 4.70387 4.63354 4.57455 4.49253 3.93326 2.76450 3.17498 3.23905 4.34704 4.47444 4.43651 4.28299 3.89349 2.64150 2.09017 2.43634 3.92753 4.41208 4.53689 4.50836
1.56095 1.60766 1.48836 1.72604 2.32965 2.64445 3.00356 3.25157 3.65095 4.01042 4.27449 4.33531 4.34199 4.33350 4.33866 4.40953 4.44357 4.45139 4.44788 4.39783 4.45554 4.51329 4.50171 4.44258 4.30660 3.89527 3.68200 3.80980 4.11885 4.24048 4.28145 4.35957 4.47048 4.50146 4.45748 4.40535 4.54196 4.62725 4.66524 4.70425 4.71167 4.72981 4.74512 4.73662 4.72056 4.70525 4.67827 4.60904 4.55338 4.42873 3.83769 2.80585 3.00463 3.24804 4.27408 4.42017 4.32632 3.57386 2.44537 2.09882 2.02601 3.29918 4.14250 4.26592 4.42670 4.33688
1.82088 1.64135 1.61317 1.37703 1.65252 2.11314 2.45828 2.64905 2.92994 3.60052 4.12738 4.14032 4.30575 4.28238 4.28536 4.38170 4.43237 4.45625 4.43389 4.37895 4.42292 4.42565 4.44991 4.46012 4.47497 4.31499 3.94848 3.66180 3.70728 3.70891 3.68045 3.77156 3.96488 4.13122 4.19292 4.30150 4.34078 4.50666 4.56734 4.62387 4.62898 4.65518 4.66741 4.67112 4.65291 4.63620 4.63016 4.56025 4.45513 4.24584 3.82824 2.92953 2.90796 3.16394 4.06211 4.15266 3.41810 2.36483 2.09697 2.27296 3.15474 3.99949 4.22338 4.29705 4.30491 4.25207
1.77759 1.84551 1.97145 1.61554 1.44238 1.68145 1.89361 2.15677 2.29635 2.60864 3.26719 3.90427 4.06500 4.00422 3.97738 4.25951 4.39996 4.34573 4.36285 4.33941 4.41377 4.41793 4.46542 4.44552 4.47206 4.37447 4.30751 3.97259 3.87063 3.75978 3.70409 3.67711 3.65727 3.71332 3.92727 4.15068 4.34771 4.45487 4.48308 4.52055 4.53988 4.55041 4.55579 4.57168 4.57582 4.57703 4.54270 4.44873 4.32149 4.16348 3.86816 3.17473 3.08876 3.52735 3.79156 2.98677 2.26783 2.08410 2.59827 3.44483 4.15986 4.28240 4.29896 4.40969 4.41716 4.40535
1.65954 1.71939 1.72532 1.69196 1.65072 1.99480 1.99234 1.90741 1.85102 1.95637 2.23379 2.76066 3.28999 3.45836 3.67394 4.05424 4.15538 4.02896 3.95356 4.13166 4.29168 4.36646 4.44452 4.39840 4.39846 4.34978 4.32865 4.37662 4.39495 4.33375 4.27632 4.25209 3.97070 3.70294 3.62909 3.85455 4.17743 4.28935 4.40082 4.42559 4.44932 4.48061 4.48461 4.48358 4.49994 4.52007 4.44550 4.35282 4.24681 4.09999 3.65817 3.23611 3.36716 3.18222 2.86177 2.12466 1.96073 2.66778 3.71021 4.11745 4.31016 4.35459 4.39900 4.45073 4.50303 4.48490
1.45213 1.48575 1.49030 1.61038 1.85277 2.16208 2.38549 2.30399 2.26214 2.10331 1.92430 2.13616 2.43648 2.78717 3.26699 3.70630 3.86375 4.04699 3.89053 3.83183 4.21854 4.33672 4.41144 4.33856 4.18140 4.33745 4.38248 4.45575 4.49321 4.46650 4.44300 4.42996 4.33309 4.07649 3.69309 3.65791 3.79140 3.73062 3.91094 4.13849 4.24004 4.37317 4.43124 4.43531 4.43939 4.43099 4.36368 4.25594 4.10671 3.83932 3.33034 3.23614 3.07405 2.51392 2.23109 1.99760 3.03481 3.92876 4.07109 4.30250 4.35903 4.35607 4.40584 4.42277 4.47737 4.45450
1.17292 1.21436 1.34197 1.50344 1.71300 1.99718 2.21823 2.41377 2.41251 2.41523 2.41422 2.10097 1.93864 2.10920 2.31627 2.60692 3.27451 3.74933 3.86515 3.61333 3.72655 3.97990 4.19781 4.24585 4.11149 4.17018 4.34534 4.36174 4.39403 4.43783 4.40727 4.41940 4.43942 4.32862 4.01093 3.72107 3.71302 3.63563 3.56254 3.63520 3.72482 3.88111 4.06725 4.18324 4.22669 4.10353 3.99295 3.79333 3.71994 3.46170 3.03166 2.76831 2.46400 2.43229 2.47870 2.78003 3.88815 4.13463 4.29286 4.38533 4.33500 4.28560 4.29562 4.34514 4.40594 4.33238
1.06248 1.24872 1.35507 1.42111 1.54001 1.68696 1.82394 2.01222 2.10057 2.22131 2.41970 2.24692 1.83435 1.88642 2.05478 1.95921 2.18269 2.58574 3.05717 3.50477 3.33752 3.52833 4.04822 4.17887 4.08075 3.95123 4.10519 4.15890 4.21228 4.37918 4.34648 4.41503 4.44041 4.41170 4.30825 3.94403 3.87273 3.94555 3.81318 3.71333 3.66928 3.64199 3.71972 3.71697 3.76127 3.58646 3.51620 3.43858 3.34693 3.10051 2.61552 2.23199 2.45649 3.03895 3.18151 3.56458 4.14773 4.27294 4.34818 4.28857 4.23558 4.31335 4.27391 4.28415 4.32007 4.32651
0.78856 1.26824 1.40377 1.40674 1.48246 1.57723 1.63002 1.61617 1.58879 1.80266 2.10743 2.16833 2.27453 2.31744 2.68961 2.43560 2.33011 2.21508 2.46812 3.17887 3.41902 3.35791 3.87563 3.83532 3.66246 3.51721 3.71055 3.66369 3.71552 4.00832 4.05842 4.25872 4.36335 4.32620 4.28419 4.11379 4.06178 4.05644 4.04177 4.02678 4.08067 4.03735 3.93172 3.74413 3.72856 3.60610 3.48061 3.44357 3.21628 2.70696 1.86804 1.90295 2.70906 3.52641 3.81262 3.69990 3.83051 4.06673 4.24239 4.19709 4.03976 4.17782 4.26436 4.33196 4.35689 4.42206
0.63192 1.14944 1.50965 1.49524 1.54938 1.56036 1.50552 1.32668 1.14832 1.51928 1.89602 2.10397 2.27881 2.34421 2.62047 2.68250 2.56104 2.67029 2.83861 3.27592 3.60299 3.42068 3.67525 3.55690 2.97676 2.44429 3.01165 2.66012 2.57848 3.13838 3.42145 3.67819 3.85018 3.79430 3.86571 3.96347 3.86409 3.95831 4.07887 4.18512 4.30321 4.31595 4.19744 4.10232 3.97371 3.78174 3.70120 3.62054 3.02927 2.11811 1.54268 2.45778 3.16374 3.69806 3.92929 4.09089 4.14378 4.09126 4.21620 4.19171 3.84943 3.79318 4.20539 4.40720 4.41662 4.45761
1.12067 1.14950 1.58351 1.63522 1.60301 1.51087 1.41686 1.43685 1.43553 1.65728 2.06641 2.29376 2.25261 2.10644 2.32543 2.55983 2.79267 2.88891 2.95963 3.42919 3.66141 3.61312 3.51954 3.16426 2.29621 2.21272 2.52643 2.29919 2.13930 2.14821 2.18540 2.67298 2.79941 2.69336 3.06125 3.41878 3.53958 3.61929 3.92051 3.99258 4.10823 4.25702 4.23659 4.15245 4.19991 4.01600 3.44618 2.94649 2.38990 1.76618 2.33622 3.29566 3.84604 3.87933 4.00087 4.15789 4.05293 3.90363 4.01077 3.97098 3.94030 3.77714 3.94842 4.24695 4.28490 4.40859
1.84496 1.43654 1.57204 1.68204 1.64549 1.52345 1.35326 1.36556 1.59035 2.02164 2.55877 2.62206 2.34709 2.03986 2.13926 2.35888 2.56182 2.77984 2.98843 3.28125 3.46094 3.55075 3.53149 3.29805 2.85442 2.52619 3.10351 3.34400 3.26953 2.81714 1.80868 2.07590 2.19980 1.90592 1.77705 2.08001 2.47506 2.86237 3.35430 3.59698 3.71728 3.97065 4.13351 4.13659 4.12779 3.47635 2.64595 2.17836 1.74003 1.86571 2.75079 3.70504 3.83893 3.76748 3.93779 3.93333 3.89629 3.94710 3.97973 4.13421 4.03631 4.11786 4.08665 4.28173 4.23447 4.19020
1.76091 1.48201 1.42572 1.51077 1.51477 1.52274 1.34550 1.43062 1.79506 2.33963 2.91097 2.70470 2.39566 1.98612 2.04678 2.21261 2.34759 2.47465 2.56142 2.61515 2.67181 2.89305 3.15151 3.24119 3.00287 2.77444 3.05084 3.03864 3.09777 3.21735 2.77400 2.53730 2.32928 1.86424 1.56570 1.38631 1.46353 1.70948 2.30117 2.69259 2.82574 3.18040 3.48845 3.63386 3.27358 2.52050 1.97943 1.34796 1.68160 2.44213 2.88035 3.35616 3.22867 3.24513 3.54511 3.58471 3.73838 4.00519 4.14037 4.21163 4.18051 4.09712 4.16496 4.30375 4.30354 4.25118
1.43856 1.38586 1.21451 1.14242 1.09704 1.37457 1.41680 1.46002 1.85938 2.43923 2.79540 2.55095 2.50894 2.09200 2.00262 2.19795 2.31678 2.40964 2.46100 2.44062 2.37295 2.40144 2.52709 2.56944 2.35412 2.38700 2.52315 2.79104 2.92331 2.90708 2.92282 2.71535 2.01239 1.76050 1.34499 1.28189 1.46781 1.38522 1.52336 1.65114 1.77755 2.19202 2.47968 2.56041 2.41408 1.94693 1.57832 1.63336 2.43122 2.87245 2.82084 3.00372 3.00978 3.16507 3.19819 3.55339 3.68673 3.86088 4.19430 4.18370 4.14213 4.11558 4.14418 4.37479 4.38830 4.28976
1.43140 1.48029 1.30088 1.13387 1.04251 1.31764 1.47265 1.48669 1.80659 2.19008 2.60901 2.60902 3.00837 2.80728 2.42363 2.49139 2.64336 2.73261 2.77355 2.77059 2.71361 2.57577 2.48809 2.35868 2.08459 2.30728 2.73940 2.99190 2.75711 2.59416 2.74279 2.48355 2.03720 1.45684 0.93671 1.01234 1.52633 1.66340 1.49678 1.22631 1.05990 1.27948 1.52612 1.68816 1.80329 1.70157 1.65361 2.01531 2.34582 2.99790 2.97955 2.96954 3.18797 3.21736 3.42879 3.48866 3.52166 3.51358 4.03792 4.25423 4.03821 4.08164 4.27400 4.30310 4.32844 4.18087
1.36484 1.37485 1.34513 1.26133 1.34930 1.51493 1.54095 1.51610 1.65806 2.07541 2.80688 3.03766 3.44298 3.41009 3.03989 3.06318 3.25888 3.39639 3.46351 3.53837 3.61474 3.36366 3.14551 3.14991 3.36944 3.26419 3.31070 3.36407 2.93314 2.40955 2.31797 2.04100 1.55957 0.63016 0.38134 0.56936 1.18084 1.50737 1.58331 1.31180 1.15617 0.93685 0.89481 1.11467 1.55090 1.80628 2.05667 2.01355 2.60169 3.22236 3.30559 3.18113 3.21043 3.56648 3.94696 3.76504 3.60141 3.25902 3.51120 3.93919 3.88760 4.10546 4.28131 4.27648 4.07280 4.01432
1.19854 1.22247 1.23008 1.32637 1.52301 1.62452 1.63131 1.56132 1.67239 2.10074 3.06482 3.23507 3.55694 3.54188 3.20712 3.23643 3.51941 3.86664 4.07890 4.10023 4.11797 4.10166 3.98270 3.99628 4.15671 3.91150 3.64677 3.43164 2.95289 2.40593 2.16567 1.92912 1.50674 0.65406 0.42988 0.60693 1.14993 1.33371 1.41660 1.14789 0.76793 1.02291 1.06212 1.08009 1.28129 1.54510 1.77677 1.89179 2.33547 2.83655 3.16977 3.46122 3.69671 3.92179 4.09516 3.98780 3.85916 3.34860 3.05053 3.29728 3.31712 3.58947 3.85083 3.88431 3.84266 3.83309
1.04047 1.07501 1.09833 1.31260 1.54210 1.64640 1.63996 1.57675 1.84651 2.30636 3.05390 3.16254 3.43096 3.30946 3.10161 3.28048 3.72391 4.16382 4.32497 4.34667 4.38191 4.43385 4.42746 4.40451 4.32597 4.05490 3.69552 3.41451 3.08114 2.76166 2.61973 2.47621 2.12739 1.37643 1.20266 1.89423 1.61214 1.41888 1.30469 1.12040 0.51922 0.84621 1.13050 1.07673 0.93251 1.02368 1.35348 1.41261 1.63931 2.14138 2.55151 2.96543 3.61958 3.73155 3.69676 3.96509 4.25262 4.00450 3.27765 3.13226 3.17007 3.70650 4.05913 3.99680 4.06408 3.99674
0.97905 0.99614 0.94344 1.19955 1.49049 1.63121 1.65365 1.58597 1.76982 2.04835 2.54412 2.97347 3.11877 3.01436 3.09869 3.46474 4.03520 4.38524 4.47719 4.50236 4.52244 4.54045 4.53831 4.49879 4.37661 4.09160 3.77657 3.64417 3.73301 3.67314 3.66322 3.67447 3.19500 1.92579 1.48713 1.80183 1.72267 1.64383 1.58079 1.50855 1.33049 1.32294 1.43293 1.32232 1.03012 0.89922 0.97557 1.02165 1.15715 1.66811 2.09149 2.41893 2.86107 3.65405 3.95891 3.99316 4.14008 3.99695 3.61633 3.27294 3.55465 3.86459 4.11709 4.22550 4.20735 4.05849
0.82325 0.83529 0.77612 0.95138 1.30470 1.56646 1.65413 1.67521 1.64660 1.79141 2.18942 2.68073 2.82238 2.97664 3.28715 3.76386 4.27850 4.47612 4.54602 4.57394 4.58766 4.58354 4.56277 4.50672 4.38222 4.17682 3.96978 3.85227 3.88167 3.96639 4.02204 3.94925 3.52169 2.20396 1.47328 1.10498 1.49090 1.70276 1.65646 1.63687 2.11629 2.67883 2.34226 2.02288 1.46622 0.97917 1.02314 1.20096 1.53409 2.11648 2.35504 2.45698 2.67513 3.38676 3.62213 3.40530 3.33827 3.30905 3.34060 3.45490 3.75019 3.72973 3.96822 4.11645 4.03283 3.97343
0.77732 0.84729 0.70104 0.78667 1.11751 1.50154 1.60690 1.70664 1.75898 1.85869 2.11562 2.43525 2.74890 3.19403 3.63902 4.15204 4.41669 4.51157 4.55717 4.58709 4.60692 4.59736 4.56323 4.49913 4.40754 4.29193 4.12105 3.91153 3.77399 3.80680 3.92746 3.96982 3.51161 2.11975 1.43247 0.86923 1.64364 1.71958 1.51529 1.45318 1.78120 2.12019 2.52575 2.99720 2.73393 1.51999 1.10546 1.21117 1.58850 2.57685 3.08105 2.71453 2.75175 3.23800 3.05658 2.93873 3.09816 3.41467 3.77357 4.04413 4.11980 3.98768 4.04062 4.05703 4.01409 4.09865
1.12683 1.11288 0.66857 0.69479 1.03156 1.45806 1.59911 1.67224 1.76945 1.89675 2.07373 2.36353 2.85468 3.54400 4.08208 4.36283 4.47732 4.53223 4.56747 4.59476 4.61169 4.60778 4.58109 4.52913 4.46157 4.37433 4.24088 4.05292 3.86464 3.75621 3.76012 3.70472 3.02456 1.88598 1.43525 1.32844 1.58306 1.39147 1.14438 1.05150 1.04030 1.27403 1.88210 2.67232 2.94245 2.05661 1.17599 1.20527 1.51286 2.40783 3.27953 2.98768 2.94820 3.05660 2.83417 2.88986 3.27432 3.80814 4.20830 4.29012 4.23773 4.29196 4.36135 4.29460 4.24035 4.35382
0.97128 0.85523 0.65537 0.80107 1.28616 1.54009 1.64081 1.64331 1.73277 1.90697 2.06529 2.35153 2.89685 3.72739 4.28294 4.42924 4.49707 4.54284 4.57650 4.60133 4.61478 4.61727 4.60513 4.57501 4.52673 4.47280 4.40862 4.32220 4.16416 3.87127 3.62397 3.43600 2.83480 1.92972 1.58298 1.55457 1.46946 1.08816 0.88458 0.87402 0.83784 0.97972 1.45846 1.98253 2.26303 1.92639 1.47908 1.44224 1.62821 2.33360 3.13604 3.37134 3.45955 3.16000 2.92544 3.10129 3.51675 3.81789 4.11365 4.22417 4.26117 4.41933 4.50385 4.41569 4.33213 4.43207
0.86054 0.82167 0.90632 1.39890 1.62986 1.74110 1.72022 1.61823 1.64789 1.87549 2.07072 2.31730 2.82553 3.66060 4.26462 4.42927 4.49977 4.54793 4.58193 4.60547 4.61757 4.62262 4.62286 4.60878 4.58419 4.55739 4.52760 4.48079 4.33561 3.94716 3.56154 3.37508 3.06306 2.11752 1.57609 1.40674 1.19773 0.83734 0.80099 1.01196 1.00431 0.92762 1.44220 1.86734 2.12347 1.95430 1.71392 1.71520 1.87054 2.40623 3.16305 3.84172 3.99401 3.45277 3.08294 3.19632 3.44862 3.48580 3.70714 3.98765 4.23896 4.46740 4.56503 4.52768 4.40488 4.38003
1.46532 1.47046 1.63750 1.81466 1.94889 2.13329 1.81984 1.55537 1.55561 1.86974 2.08889 2.29911 2.74960 3.56054 4.20502 4.41484 4.49243 4.54456 4.58094 4.60553 4.61898 4.62686 4.63021 4.62797 4.61944 4.60433 4.58333 4.50959 4.32257 3.90825 3.54073 3.28590 2.74878 1.88502 1.55070 1.39649 0.98812 0.72596 0.78092 1.26554 1.01059 0.77145 1.06563 1.68213 1.87754 1.97253 1.90471 1.88993 1.95665 2.50356 3.52059 4.15469 4.07030 3.48657 3.04467 3.10107 3.40737 3.31163 3.24699 3.42650 3.84946 4.34565 4.54331 4.57016 4.48586 4.38523
2.25819 2.04786 1.94025 2.07164 2.31003 2.11591 1.74665 1.36574 1.42194 1.83473 2.09377 2.28812 2.69523 3.52713 4.20655 4.38842 4.47429 4.53094 4.57010 4.59781 4.61771 4.62924 4.63554 4.63585 4.62840 4.61245 4.58921 4.50222 4.28217 3.87586 3.56964 3.30206 2.67750 1.94647 1.60925 1.40711 1.03470 0.70462 0.68831 0.97170 0.81222 0.55495 0.56882 0.68952 1.44109 1.78958 1.94028 1.92768 2.04707 2.80254 3.72841 3.92451 3.82988 3.39447 2.92911 3.13151 3.78337 3.70931 3.38885 3.10019 3.21541 3.87907 4.41613 4.55130 4.50617 4.38325
2.27427 2.16132 2.01518 2.12549 2.16970 1.88127 1.54550 1.02926 0.79290 1.55544 2.06293 2.28716 2.64573 3.42697 4.08323 4.34644 4.44373 4.50778 4.55241 4.58512 4.61056 4.62866 4.63835 4.64016 4.63253 4.61555 4.59117 4.50124 4.27654 3.88886 3.62828 3.45127 3.03530 2.13381 1.51194 1.32013 1.13297 0.84359 0.68907 0.59241 0.50079 0.38283 0.31850 0.41352 0.60926 1.60438 1.87205 1.95421 2.02106 2.36268 2.78795 3.05665 3.31353 3.41035 3.01607 3.02155 3.71623 4.05307 3.98466 3.35140 2.87466 3.16796 3.99289 4.46364 4.53137 4.42578
1.60705 1.74686 1.87975 1.99924 2.01036 1.78675 1.33097 0.85517 0.50688 1.45669 2.09138 2.29681 2.57450 3.18057 3.74970 4.20773 4.39817 4.47532 4.52922 4.56888 4.59965 4.62342 4.63706 4.63904 4.63141 4.61453 4.59052 4.50630 4.30513 3.95268 3.71803 3.61549 3.40793 2.64632 1.60873 1.33436 1.18854 1.01661 0.82687 0.60693 0.41380 0.27090 0.24449 0.31988 0.47942 1.38089 1.81490 1.96303 1.99436 2.05566 2.20342 2.41720 2.61884 3.00151 3.39085 3.27531 3.47800 3.91344 4.09148 3.83485 3.06361 2.84158 3.37832 4.22621 4.52741 4.51941
0.98183 1.18992 1.65359 1.90130 1.98213 1.93796 1.59285 1.37152 1.47152 1.96133 2.24832 2.31842 2.51543 2.90390 3.40559 3.84116 4.25398 4.43234 4.50012 4.54897 4.58614 4.61474 4.63050 4.63294 4.62591 4.60962 4.58658 4.50688 4.32853 4.04683 3.88444 3.80642 3.61154 3.23815 2.43668 1.83813 1.62409 1.25940 1.14799 0.71334 0.50130 0.34021 0.28733 0.41836 0.57075 1.48801 1.97647 1.99485 1.96366 1.95758 2.02547 2.11594 2.17744 2.27047 2.74777 3.47432 3.71442 3.78544 3.82912 3.90882 3.73568 2.94960 3.07378 3.90178 4.47582 4.55743
