mrvbf_slope1.3_pctl1.2.asc
NCOLS 410
NROWS 410
XLLCORNER 2398750.0000000000000000
YLLCORNER 2548750.0000000000000000
CELLSIZE 250.0000000000000000
NODATA_VALUE -99999.00000
[rows 319 to 347 of 410, columns 264 to 329 of 410]
7.14827 7.13582 7.19728 7.06117 6.86667 7.04547 7.15641 7.16563 7.17853 7.20837 7.22847 7.22016 7.19494 7.17366 7.12793 6.97624 6.92011 7.03512 7.06699 7.07536 7.09913 7.07438 7.04761 6.98344 6.83114 6.75962 6.74481 6.80528 6.94279 6.78905 6.64177 6.68022 6.53025 6.15631 5.57385 5.94627 5.93087 5.85004 6.16393 6.33980 6.35430 6.41422 6.39078 6.33972 6.25847 6.14072 6.05895 6.02754 5.97994 5.77864 5.25113 4.86005 4.68032 4.13710 4.04422 4.25247 4.36788 4.23143 3.99948 3.70495 3.38170 3.24052 3.39084 3.52208 3.73343 4.01662
7.05116 7.15314 7.21077 7.10830 6.74066 6.53444 6.80696 6.98969 7.12108 7.16577 7.16613 7.14492 7.11080 7.08573 6.97334 6.82060 6.88089 6.95538 6.93410 6.92749 6.93685 6.92878 6.90757 6.81537 6.70877 6.74995 6.73403 6.74223 6.87867 6.75787 6.47310 6.53956 6.56607 6.10797 5.65444 6.14492 5.78504 5.71809 6.16628 6.40128 6.44809 6.41549 6.37639 6.34341 6.24291 6.07171 5.90952 5.81547 5.80520 5.64662 5.32457 4.97058 4.46657 4.22060 4.04269 3.85450 3.67778 3.50275 3.31873 3.03929 2.85029 2.84135 2.87616 3.00461 3.12152 3.41455
7.03309 7.19101 7.25882 7.22901 7.10007 6.71559 6.69474 6.95782 7.12581 7.17883 7.15327 7.06031 6.90603 6.75335 6.75892 6.77510 6.94020 6.97352 6.92699 6.90146 6.86947 6.82120 6.70080 6.47450 6.34996 6.36908 6.36298 6.56396 6.84190 6.80458 6.41815 6.31669 6.51442 6.05475 5.84726 6.09391 5.54049 5.72550 6.09057 6.22829 6.39794 6.39784 6.35123 6.25747 6.09417 5.91922 5.71989 5.54916 5.53157 5.45236 5.29276 4.91396 4.52762 4.36711 3.92222 3.42147 3.11023 2.90047 2.72779 2.64644 2.69362 2.70381 2.62645 2.63709 2.68707 2.80575
7.04603 7.20512 7.22041 7.19971 7.17664 7.11274 6.95665 6.97779 7.11872 7.20033 7.17093 7.03926 6.86271 6.77937 6.82606 6.96244 6.99259 7.04673 7.01756 7.03302 6.99648 6.88514 6.71517 6.42724 6.02832 5.67687 5.46333 5.86809 6.58731 6.71186 6.37390 6.20925 6.53383 6.17548 5.96292 6.01279 5.40963 5.84294 6.20238 6.13661 6.23486 6.30100 6.18830 5.99191 5.84612 5.71327 5.50432 5.29682 5.23585 5.21568 5.12211 4.75309 4.40574 3.98793 3.52357 3.15238 2.89972 2.70555 2.53601 2.41036 2.42639 2.47809 2.44554 2.43092 2.46310 2.52266
7.10950 7.16593 7.11748 7.12641 7.08343 7.16224 7.01264 6.97081 7.13201 7.21757 7.18482 7.00173 6.90866 7.05814 7.03966 7.09359 7.05911 7.02579 7.03442 7.04405 6.96311 6.87481 6.80112 6.69378 6.40798 5.84638 5.20801 5.02495 5.64548 6.17071 6.05874 6.07660 6.37203 5.98791 5.61068 5.99544 5.37837 5.79895 6.28480 6.25858 6.21542 6.14908 5.93222 5.75495 5.66794 5.52741 5.27897 5.03855 4.94204 4.92848 4.82388 4.50275 4.08263 3.61235 3.25885 3.02878 2.83303 2.63773 2.43508 2.18430 2.10475 2.18323 2.20891 2.25895 2.30190 2.36188
7.17211 7.10198 7.13703 7.16403 7.02457 7.01644 6.99368 7.05457 7.14611 7.19914 7.15705 6.95160 6.93332 7.10227 7.09667 7.12959 7.11421 7.10544 7.08623 7.00865 6.83779 6.78294 6.79648 6.76465 6.57898 6.34534 5.89808 5.59982 5.64126 5.96298 6.07258 6.13746 6.33068 6.03037 5.75066 6.00883 5.94929 5.97838 6.24554 6.31880 6.27827 6.10020 5.86825 5.75778 5.65715 5.44308 5.10491 4.79332 4.63139 4.55390 4.41548 4.12453 3.71642 3.32197 3.05659 2.89266 2.71235 2.51104 2.26112 1.94816 1.76225 1.72964 1.76509 1.89771 2.06470 2.22046
7.20905 7.16479 7.22883 7.24401 7.16959 7.08166 7.13172 7.19199 7.16562 7.10727 7.03746 6.92782 7.01820 7.11150 7.11537 7.12955 7.10741 7.09054 7.06973 6.89826 6.74426 6.78173 6.74885 6.67164 6.61994 6.43947 6.12164 6.06093 6.27233 6.42591 6.35114 6.37842 6.49809 6.08602 6.01458 6.29785 6.18278 6.11450 6.23334 6.29362 6.24857 6.05095 5.85224 5.73782 5.59895 5.37732 5.01358 4.61471 4.36817 4.21158 4.02309 3.74067 3.37786 3.05634 2.88015 2.74012 2.57663 2.36180 2.04564 1.79679 1.59105 1.48548 1.51629 1.61825 1.77745 1.96190
7.23886 7.22315 7.25367 7.25972 7.24331 7.22674 7.23579 7.22159 7.14823 7.01434 6.94843 7.00508 7.09285 7.11843 7.13352 7.13455 7.12870 7.08216 7.05228 6.87300 6.68070 6.72003 6.73109 6.56322 6.47562 6.36579 6.12019 6.21613 6.48203 6.52922 6.46555 6.50011 6.43016 6.03840 6.25779 6.39161 6.29027 6.16035 6.18316 6.19693 6.12300 5.94772 5.70965 5.47462 5.26123 5.07406 4.82353 4.43304 4.14875 3.96297 3.72681 3.42363 3.10360 2.87332 2.75900 2.63846 2.48877 2.23821 1.92859 1.70740 1.50819 1.49786 1.59382 1.61650 1.68592 1.74392
7.20200 7.18377 7.22063 7.22965 7.20639 7.22463 7.22598 7.17520 7.05297 6.95686 6.95887 7.02830 7.08347 7.10604 7.12329 7.11007 7.09833 7.06635 7.02363 6.90551 6.63925 6.45617 6.54336 6.53215 6.33650 6.17855 6.04326 6.12111 6.34383 6.43194 6.51782 6.53941 6.34132 6.17254 6.35999 6.41636 6.20695 6.00187 5.99811 5.99567 5.91866 5.77223 5.54075 5.26608 4.94594 4.61922 4.37235 4.10326 3.87633 3.71455 3.45976 3.14784 2.89605 2.76585 2.68732 2.58707 2.43698 2.16777 1.87344 1.66223 1.61462 1.63423 1.77762 1.78425 1.70826 1.66534
7.16068 7.11160 7.12578 7.12330 7.12864 7.14519 7.16863 7.08133 6.92624 6.93002 6.99448 7.01417 7.01345 7.04475 7.09600 7.09251 7.06277 7.02991 6.97954 6.88803 6.69123 6.38174 6.26962 6.53966 6.39712 6.14302 6.02557 6.03257 6.19033 6.38355 6.50741 6.47504 6.32237 6.27954 6.33468 6.26060 5.91221 5.70445 5.79600 5.74195 5.60894 5.45256 5.21354 4.91886 4.50772 4.06666 3.85778 3.72679 3.56347 3.41202 3.17159 2.93708 2.78585 2.71966 2.65435 2.56114 2.40227 2.15084 1.89756 1.66284 1.55691 1.46929 1.60899 1.73538 1.70307 1.64343
7.11451 7.06491 7.01930 7.01844 7.09484 7.10317 7.11875 7.00926 6.89733 6.96992 7.04053 7.01508 6.94946 6.92363 7.00264 7.05130 7.02800 6.97952 6.89429 6.68855 6.40930 6.17486 6.24978 6.63736 6.55731 6.32164 6.17772 6.14340 6.23124 6.35402 6.39902 6.37052 6.31627 6.22531 6.11124 5.98676 5.62937 5.34681 5.49608 5.44978 5.17236 4.89763 4.60730 4.27214 3.89320 3.64570 3.59618 3.50863 3.33440 3.15641 2.96481 2.82402 2.72677 2.66934 2.61650 2.53771 2.38882 2.15637 1.89659 1.61121 1.35578 1.20792 1.29531 1.50852 1.56813 1.60768
7.03202 6.95053 6.83098 6.82104 6.95427 7.04631 7.07376 6.98362 6.91963 6.99055 7.05058 7.01290 6.91726 6.82984 6.86298 6.94169 6.93781 6.86494 6.65912 6.31915 6.11625 6.09835 6.47847 6.72780 6.60495 6.42006 6.31700 6.24921 6.22681 6.26201 6.29149 6.29338 6.28283 6.20009 5.98476 5.71346 5.48527 5.23881 5.15308 4.98901 4.64212 4.33289 4.09026 3.83343 3.63154 3.55841 3.54643 3.41889 3.20775 3.00554 2.84308 2.73915 2.66755 2.60242 2.56406 2.51839 2.37544 2.07703 1.75541 1.46402 0.94653 0.64871 0.81894 1.32459 1.49473 1.61049
6.78866 6.62909 6.54685 6.49290 6.54215 6.86546 7.00817 6.96313 6.91377 6.96724 7.02102 7.00298 6.93295 6.80756 6.78930 6.81848 6.71779 6.52643 6.22783 6.05625 6.10636 6.42755 6.74961 6.76051 6.57451 6.40712 6.35333 6.32529 6.23646 6.14157 6.15040 6.22312 6.22392 6.11676 5.94171 5.70888 5.27230 4.93045 4.72804 4.51554 4.25200 4.07099 3.91440 3.70832 3.57878 3.52761 3.45370 3.31491 3.10448 2.90400 2.77371 2.69608 2.62177 2.55279 2.50971 2.46981 2.32620 1.90943 1.57749 1.07658 0.56255 0.43513 0.53267 0.95943 1.48229 1.65161
6.48088 6.38438 6.52011 6.55355 6.31519 6.57367 6.92741 6.96631 6.91661 6.95520 7.00750 6.99923 6.95609 6.82348 6.79030 6.75313 6.45227 6.21860 6.10984 6.16585 6.42103 6.73033 6.81934 6.72051 6.45186 6.25718 6.27446 6.34488 6.29021 6.08770 6.02149 6.14760 6.12079 6.00692 5.81990 5.52504 4.94587 4.57852 4.40041 4.21221 4.06140 3.97685 3.79880 3.60753 3.51074 3.42759 3.31675 3.17549 2.98615 2.82626 2.73766 2.67197 2.58191 2.52421 2.51110 2.43410 2.29957 1.86047 1.55424 0.92392 0.53725 0.41745 0.45609 0.68488 1.28925 1.62079
6.51970 6.63778 6.75028 6.74538 6.50369 6.53855 6.88424 6.96165 6.92101 6.94398 6.99194 6.99284 6.94026 6.80744 6.70482 6.51345 6.21938 6.31194 6.38527 6.51189 6.72554 6.81680 6.80288 6.70190 6.30684 5.98918 6.14958 6.29434 6.25986 6.09749 6.02179 6.07909 5.97988 5.79244 5.64038 5.17056 4.66029 4.34640 4.14779 3.99546 3.89298 3.79220 3.61975 3.50498 3.43410 3.32631 3.19298 3.03563 2.88076 2.77677 2.71361 2.64350 2.55814 2.55007 2.55970 2.46774 2.26478 1.85160 1.62497 1.31125 0.72119 0.49045 0.41532 0.60447 0.80962 1.41732
6.75886 6.87189 6.88219 6.78505 6.51883 6.51375 6.83671 6.88409 6.85843 6.87740 6.89400 6.85643 6.76506 6.55259 6.26948 5.99046 6.13609 6.47574 6.64357 6.76114 6.83370 6.86055 6.82636 6.66902 6.33089 5.93551 6.04651 6.25204 6.24061 6.13065 6.05329 6.01768 5.88831 5.66038 5.38559 5.00918 4.42260 4.09079 3.94570 3.80158 3.69661 3.60848 3.49960 3.41314 3.32424 3.20478 3.06683 2.92520 2.81598 2.75109 2.70419 2.64857 2.60130 2.59818 2.58623 2.47549 2.19490 1.90837 1.78826 1.65431 1.04992 0.55204 0.44481 0.49753 0.69983 1.16121
6.83615 6.90077 6.90389 6.79047 6.50248 6.43277 6.68241 6.72476 6.74422 6.78388 6.80828 6.79014 6.72309 6.58434 6.30656 6.15782 6.48939 6.64997 6.78177 6.85886 6.86942 6.86024 6.81453 6.66080 6.30883 5.92825 5.96810 6.18278 6.17217 6.03969 5.93721 5.90289 5.78275 5.51343 5.20083 4.78727 4.14867 3.83726 3.75965 3.65283 3.56824 3.49751 3.40268 3.28324 3.18178 3.08205 2.97343 2.86699 2.79152 2.74873 2.71667 2.68002 2.64049 2.61173 2.56409 2.39053 2.00679 1.81209 1.80367 1.78669 1.53343 0.65853 0.39193 0.44463 0.68462 1.13900
6.90173 6.92307 6.91685 6.85820 6.65009 6.44403 6.53514 6.60847 6.66172 6.72125 6.79264 6.79751 6.77920 6.79194 6.73766 6.70780 6.77854 6.78302 6.83190 6.87286 6.83559 6.80586 6.76378 6.60717 6.27474 5.92595 5.85925 5.88947 5.78077 5.65048 5.58578 5.62977 5.57871 5.27997 4.83800 4.40691 3.91831 3.66410 3.57706 3.51301 3.44872 3.36578 3.25394 3.12379 3.06177 3.00686 2.92976 2.84584 2.78820 2.75821 2.73589 2.70836 2.67181 2.60206 2.46770 2.22390 1.88686 1.67461 1.64260 1.65698 1.72807 1.22331 0.54340 0.59847 1.13637 1.43330
6.97279 6.96561 6.93325 6.89576 6.82172 6.67342 6.62430 6.65981 6.69397 6.72503 6.75904 6.77169 6.80287 6.86884 6.87469 6.87659 6.90852 6.85757 6.85840 6.86297 6.82002 6.77231 6.72601 6.61335 6.31949 5.92536 5.58458 5.49599 5.41879 5.25012 5.13754 5.27152 5.22834 4.83215 4.33990 3.96229 3.70080 3.54942 3.44474 3.35530 3.28535 3.19305 3.07208 3.00320 3.00298 2.97458 2.90953 2.83585 2.78843 2.76751 2.74850 2.72017 2.68093 2.59311 2.40419 2.07605 1.72416 1.53070 1.43376 1.40997 1.54990 1.57353 1.34549 1.39269 1.58867 1.67589
6.96971 6.97320 6.93420 6.85102 6.81142 6.80550 6.79347 6.82737 6.82073 6.80379 6.78227 6.78909 6.86718 6.92644 6.93658 6.93634 6.95102 6.89236 6.86569 6.87355 6.81611 6.78656 6.75519 6.65004 6.41177 6.12486 5.84113 5.62717 5.40563 5.04541 4.66304 4.80610 4.79231 4.38361 4.01353 3.74249 3.57519 3.41907 3.26931 3.14470 3.07420 2.99815 2.91599 2.92771 2.95759 2.93332 2.87540 2.82155 2.78656 2.77156 2.74863 2.70553 2.63514 2.50678 2.31182 2.08821 1.80051 1.59367 1.44694 1.44166 1.25411 1.33214 1.22302 1.36392 1.50259 1.61285
6.97441 6.99731 6.99078 6.88660 6.76650 6.77336 6.85790 6.93630 6.90143 6.87224 6.85917 6.87330 6.90859 6.95223 6.97317 6.95591 6.95015 6.88951 6.84702 6.86020 6.82243 6.78914 6.74577 6.63189 6.49585 6.33088 6.12899 5.86167 5.56285 5.08747 4.52589 4.61435 4.57676 4.16820 3.85344 3.64245 3.45955 3.21860 2.99703 2.85490 2.81784 2.82503 2.81576 2.84452 2.86260 2.84652 2.81642 2.80043 2.78555 2.77231 2.73749 2.67690 2.57120 2.33110 2.05118 1.92411 1.84261 1.83054 1.73068 1.61025 1.10388 0.51147 0.43938 0.52520 0.66683 1.20739
6.98183 7.01392 7.04616 7.00571 6.95226 6.86350 6.88421 6.97623 6.94157 6.94287 6.95459 6.95057 6.94709 6.94684 6.95990 6.93667 6.90537 6.85448 6.82909 6.83197 6.76915 6.72939 6.65974 6.51080 6.48531 6.28341 5.89892 5.61311 5.57270 5.15340 4.43005 4.40878 4.32591 3.96966 3.72294 3.52084 3.25545 2.90120 2.70774 2.65544 2.68465 2.73083 2.76329 2.76748 2.75033 2.74974 2.77271 2.78765 2.79039 2.77198 2.72877 2.65664 2.51888 2.23934 1.91508 1.72010 1.72284 1.76119 1.77682 1.66992 1.20678 0.43959 0.40151 0.40844 0.43539 0.79431
6.96440 7.03283 7.08887 7.06641 7.03895 6.98213 6.94398 6.99994 6.99047 6.99150 7.01474 7.01124 6.96649 6.91786 6.94159 6.93875 6.89388 6.85008 6.83594 6.78755 6.72473 6.67947 6.46617 6.11017 6.28243 6.04976 5.64354 5.27307 5.00269 4.78571 4.41887 4.40953 4.14381 3.83551 3.59725 3.38307 3.05089 2.75910 2.64925 2.69472 2.74937 2.72972 2.75726 2.74907 2.71669 2.71629 2.76607 2.79406 2.80006 2.77137 2.72019 2.64789 2.50835 2.21711 1.74001 1.43403 1.52710 1.55629 1.66787 1.57988 1.21656 0.76120 0.82833 0.70464 0.63978 1.13228
6.95690 7.03957 7.10465 7.09328 7.06215 7.02307 6.98456 7.02569 7.03477 7.02877 7.03851 7.03301 6.97444 6.91791 6.93279 6.90107 6.80665 6.72109 6.68766 6.66439 6.66177 6.55831 6.08810 6.13820 5.95727 6.16639 5.67652 5.01062 4.87003 4.87270 4.76214 4.41875 4.03729 3.74285 3.51857 3.29351 2.94551 2.69588 2.70647 2.80552 2.77577 2.71440 2.73493 2.72953 2.70089 2.70350 2.75004 2.79945 2.80217 2.76644 2.71541 2.65048 2.54309 2.25958 1.62203 1.38027 1.39209 1.03400 1.13269 1.58403 1.25517 0.97227 1.07861 1.37167 1.43885 1.51226
6.99741 7.03566 7.09621 7.07409 7.03785 6.99583 6.97880 7.05039 7.05806 7.04848 7.04217 7.02337 6.97357 6.92514 6.92141 6.82247 6.65888 6.59721 6.55709 6.47503 6.38889 6.35675 6.12132 5.83693 6.21388 6.26923 5.90778 5.48419 5.00200 4.76971 4.59036 4.33091 3.94521 3.65953 3.45718 3.21319 2.84224 2.62901 2.67566 2.68213 2.61616 2.62659 2.64350 2.64181 2.63541 2.67137 2.71475 2.77366 2.78209 2.75521 2.71153 2.65443 2.57588 2.39476 1.87211 1.47631 1.32069 0.78329 0.64016 1.06406 1.38018 1.09717 0.76278 1.15344 1.54282 1.60867
7.07338 7.05325 7.08796 7.06688 7.01400 6.93036 6.98538 7.06466 7.06098 7.04959 7.02344 6.99022 6.95237 6.91233 6.88298 6.72258 6.59693 6.67999 6.64961 6.55231 6.32902 5.86519 5.81083 5.97848 6.30531 6.21773 5.96734 5.55840 5.31613 4.89386 4.48481 4.19858 3.84631 3.58695 3.37897 3.09288 2.77566 2.60125 2.51814 2.48537 2.53424 2.53059 2.50964 2.47526 2.51400 2.62835 2.68270 2.74031 2.74024 2.72466 2.69160 2.64120 2.54753 2.38347 2.07182 1.72963 1.58343 1.07638 0.53678 0.51890 1.02812 1.55802 1.48384 1.61140 1.74550 1.74133
7.10840 7.05481 7.06368 7.06829 7.00823 6.97048 7.05273 7.06795 7.05240 7.03752 7.00245 6.97535 6.93414 6.89153 6.84052 6.73306 6.61559 6.66657 6.67391 6.52893 6.13307 5.52745 5.91400 5.63417 6.14231 6.09450 5.89391 5.59078 5.29904 4.90568 4.42542 4.04854 3.74644 3.51925 3.27267 2.92814 2.71060 2.56418 2.43671 2.38793 2.48543 2.45621 2.32668 2.27756 2.36703 2.56576 2.64902 2.72188 2.70160 2.66879 2.63676 2.61579 2.55343 2.39680 2.12048 1.88317 1.76137 1.38933 0.50635 0.46386 0.66070 1.46834 1.66290 1.70836 1.74106 1.73446
7.08959 7.01863 6.99533 7.01197 6.98827 6.98441 7.03977 7.05024 7.04140 7.01717 6.98981 6.95221 6.86915 6.78335 6.71442 6.66421 6.66957 6.68383 6.61066 6.47206 6.30056 5.97979 5.55446 5.42488 5.93644 5.94790 5.72436 5.40542 5.07032 4.73582 4.32893 3.92598 3.65549 3.44798 3.14175 2.76691 2.58064 2.47658 2.35766 2.26879 2.37148 2.37800 2.31907 2.34741 2.40356 2.49803 2.60875 2.70660 2.68205 2.64388 2.58188 2.45556 2.34384 2.29086 2.05007 1.90204 1.85709 1.64298 0.76456 0.46568 0.76344 1.37331 1.58615 1.62488 1.64239 1.69745
7.06930 7.02592 6.98194 6.96705 6.93476 6.92023 6.98107 7.01853 7.01604 6.98040 6.93474 6.83116 6.68695 6.63952 6.61969 6.60706 6.63566 6.64825 6.59071 6.51586 6.40056 6.18194 5.57594 5.73659 5.56566 5.72648 5.48168 5.14237 4.78187 4.45560 4.09944 3.77604 3.56553 3.36555 2.97973 2.64329 2.49992 2.38464 2.15695 2.06534 2.29114 2.31330 2.23756 2.22933 2.42932 2.45256 2.56844 2.67903 2.66612 2.60692 2.49101 2.16232 1.82038 1.85978 1.84024 1.79074 1.83010 1.87917 1.66371 1.12108 1.03071 1.17219 1.42208 1.57426 1.66478 1.82945
