mrvbf_slope0.5_pctl1.5.asc
NCOLS 410
NROWS 410
XLLCORNER 2398750.0000000000000000
YLLCORNER 2548750.0000000000000000
CELLSIZE 250.0000000000000000
NODATA_VALUE -99999.00000
[rows 261 to 289 of 410, columns 330 to 395 of 410]
0.32431 0.45870 1.04549 1.66418 1.75739 1.60837 1.33735 1.24246 1.41821 1.80746 2.20042 2.28086 2.43209 2.62593 2.95192 3.39334 3.81102 4.25051 4.42807 4.49905 4.54930 4.58631 4.60520 4.60845 4.60197 4.58590 4.56313 4.46997 4.25754 4.03132 4.04019 4.08698 3.95107 3.72067 3.38331 2.53434 1.94772 1.48033 1.01276 0.82000 0.57613 0.45214 0.43597 0.71792 1.57105 2.93192 2.99786 2.12535 1.93257 1.86089 1.84909 1.84346 1.84328 1.73645 1.83623 2.18061 2.77408 3.37612 3.45858 3.30927 3.78354 2.77361 2.76686 3.52883 4.34592 4.50117
0.33243 0.47925 0.94552 1.48369 1.58312 1.49620 1.33176 1.01814 1.10323 1.74970 2.25668 2.32697 2.37907 2.48946 2.67042 3.05883 3.50783 4.00100 4.37472 4.46604 4.52783 4.57179 4.59274 4.59529 4.58826 4.57181 4.51804 4.37795 4.06647 3.91092 4.05543 4.25577 4.34650 4.32612 4.22581 3.93142 2.33396 1.85031 1.26874 1.11156 1.13770 0.99783 1.43050 2.06730 3.25061 3.83581 3.73023 2.73604 2.10466 1.95231 1.92181 1.95672 1.97284 1.61947 1.03085 1.44626 1.92040 2.73445 3.67513 3.19669 3.01640 2.89402 3.04813 3.55439 4.17890 4.36980
0.51860 0.64700 1.00940 1.32059 1.40291 1.44649 1.38271 1.26283 1.35923 1.83121 2.37405 2.42774 2.38707 2.40912 2.48847 2.75848 3.31774 3.77950 4.30964 4.42644 4.50252 4.55457 4.57901 4.58047 4.57254 4.53313 4.41972 4.11591 3.81465 3.78417 3.90046 4.00694 4.20357 4.36548 4.42273 4.30123 3.25896 1.99030 1.54812 1.49418 1.69812 1.96785 2.43608 3.47624 3.77806 4.07707 4.20710 4.12295 3.53879 2.86375 2.50927 2.49463 2.35431 1.71618 1.14943 0.85947 1.26980 2.00011 2.75550 3.37057 3.14122 3.28763 3.59274 3.93866 4.21436 4.32167
0.84511 0.78941 1.03520 1.19961 1.30176 1.48082 1.28467 0.99933 1.31770 1.80674 2.41217 2.56512 2.50927 2.47122 2.37645 2.56166 3.11923 3.64989 4.23252 4.37828 4.47203 4.53389 4.56485 4.56535 4.55632 4.47292 4.23230 3.85387 3.71839 3.75685 3.83249 3.79601 3.78505 3.98478 4.25710 4.15029 3.23796 2.29366 1.74449 1.85771 2.05890 2.59174 3.07011 3.32837 3.61527 4.12853 4.43646 4.49548 4.37643 4.24156 4.10817 3.89112 3.66446 3.27188 2.34505 1.77044 1.73544 1.56574 1.71372 2.69092 3.53401 3.75576 4.01101 4.26671 4.37428 4.39883
1.07172 0.78605 0.86371 1.03948 1.25121 1.51479 0.96300 0.27933 0.54963 1.62332 2.30959 2.56527 2.59136 2.55166 2.33907 2.38999 2.89278 3.56037 4.10120 4.31885 4.43394 4.50817 4.54998 4.55150 4.54131 4.41070 4.02927 3.74320 3.72036 3.84283 3.96641 3.91260 3.74045 3.67454 3.82573 3.87016 3.33465 2.81425 2.59959 2.54372 2.46155 2.69370 2.75607 2.82199 3.36962 4.15192 4.46869 4.50795 4.46520 4.46618 4.45969 4.27042 3.60296 2.45842 1.71531 2.44651 2.49854 2.00720 0.92448 1.82101 3.21280 3.93007 4.24544 4.42163 4.45994 4.46199
1.30620 0.84430 0.82475 0.94770 1.17787 1.54625 1.36575 0.47362 1.40838 1.84926 2.36479 2.48001 2.51401 2.51787 2.37307 2.24781 2.63963 3.41127 3.81557 4.20930 4.38548 4.47478 4.52965 4.53956 4.52919 4.37592 3.94669 3.71302 3.74051 3.96254 4.19229 4.22606 4.09683 3.85239 3.76358 3.79933 3.60125 3.36415 3.21480 3.19904 2.89394 2.44202 2.08968 2.04118 3.29371 4.19246 4.39522 4.38058 4.42349 4.50031 4.47805 4.08219 2.27231 1.34054 1.33875 1.18538 2.25018 2.38094 1.15784 1.68181 3.07548 3.94794 4.34987 4.46352 4.46870 4.47681
1.32456 0.93249 0.88758 0.95252 1.09865 1.54356 1.69932 1.72436 1.83482 2.06246 2.29074 2.26384 2.22346 2.30065 2.42572 2.29401 2.47091 3.05844 3.56858 3.98206 4.32473 4.43100 4.49825 4.52592 4.52061 4.39019 4.01564 3.73362 3.69746 3.80406 4.02025 4.22382 4.29201 4.22067 4.08371 4.05132 4.01079 3.84047 3.61528 3.49123 3.38783 2.97464 2.00943 1.21713 2.26654 3.87134 4.03928 4.06125 4.31723 4.37309 4.05891 2.07209 0.47830 0.24444 0.34461 0.84843 1.81060 2.37166 2.30218 2.58300 3.18049 3.88804 4.25608 4.37296 4.43321 4.46294
1.24672 0.91861 0.84700 0.91023 1.03520 1.44153 1.66319 1.79482 1.83949 1.91013 1.98784 1.79985 1.52374 1.79487 2.26427 2.41180 2.51932 2.87679 3.40782 3.70263 4.13476 4.37535 4.45441 4.49887 4.50968 4.44343 4.22790 3.84941 3.69580 3.70709 3.82452 4.04440 4.24268 4.34577 4.35555 4.32708 4.32163 4.18823 3.91106 3.66823 3.53718 3.47444 2.94954 1.79327 1.26449 2.45106 3.01961 3.18523 3.54822 3.45239 2.69724 1.01917 0.30658 0.16271 0.19144 0.73502 1.94632 2.84274 3.30913 3.03100 3.21700 3.53794 3.80503 4.11236 4.31832 4.41142
1.28742 0.83238 0.67182 0.75298 0.84878 1.16693 1.45057 1.61929 1.68389 1.71214 1.65061 1.21096 1.13030 1.24202 1.89619 2.27792 2.56963 2.95977 3.30563 3.55156 3.80759 4.20766 4.39740 4.45259 4.48122 4.47076 4.39285 4.14411 3.81429 3.72588 3.77873 3.95159 4.17878 4.34407 4.43169 4.43285 4.44338 4.39187 4.22403 3.96989 3.75178 3.65489 3.55038 2.88872 1.79917 1.53312 2.16313 2.36259 2.16009 1.99634 1.95086 1.64356 0.88453 0.60548 0.36999 1.15748 2.41563 2.92397 3.15670 3.38858 3.77724 3.45568 3.47573 3.73160 4.05816 4.26505
1.53387 0.87897 0.53879 0.61665 0.62948 0.90211 1.24497 1.38811 1.41631 1.46575 1.48825 1.61545 1.28333 1.24683 1.90264 2.33566 2.60521 2.97018 3.25434 3.45803 3.61796 3.86084 4.13542 4.25790 4.31957 4.34886 4.34158 4.22985 3.94656 3.79326 3.79796 3.92193 4.11309 4.27034 4.35679 4.38029 4.43129 4.45967 4.38455 4.24806 4.10035 4.00322 3.91614 3.65151 2.88618 2.03179 1.92602 2.05576 1.88698 1.87179 1.99701 2.20397 2.14472 1.81963 1.74242 2.80360 3.20712 3.66312 3.79482 3.91687 3.84058 3.58703 3.41141 3.42529 3.75598 3.94989
1.73601 1.17529 0.46554 0.47053 0.53570 0.71756 1.00122 1.14765 1.16202 1.25028 1.62754 1.65924 1.46335 1.68986 2.20996 2.55891 2.76770 3.02060 3.25499 3.42401 3.53879 3.64782 3.76036 3.84868 3.91046 3.95982 3.96205 3.89794 3.80803 3.77760 3.81090 3.89310 3.99923 4.08972 4.13932 4.14969 4.22871 4.26814 4.04531 3.83764 3.85986 4.07187 4.25307 4.17497 3.91493 3.44490 3.19998 3.15826 3.03628 3.03860 3.23243 3.53764 3.73742 3.67021 3.48756 3.71530 4.03437 4.38295 4.45770 4.45523 4.21069 3.51039 3.41728 3.41788 3.33211 3.12156
1.87081 1.52911 0.46779 0.37944 0.48522 0.59446 0.85224 1.02529 0.99644 1.12094 1.54754 1.74319 1.85276 2.17162 2.48050 2.76791 2.97097 3.14919 3.32035 3.44654 3.52593 3.58317 3.63231 3.66029 3.68342 3.71136 3.72801 3.72600 3.73233 3.77706 3.83517 3.86251 3.87154 3.88298 3.88399 3.83554 3.78937 3.69218 3.49361 3.42809 3.53573 3.66530 3.84907 4.18841 4.39993 4.41458 4.36120 4.37083 4.35537 4.35178 4.36856 4.37065 4.42838 4.39510 4.29081 4.25903 4.43489 4.55421 4.55823 4.40487 3.83467 3.10165 3.03439 2.85524 2.67049 2.55007
1.83328 1.65143 0.49188 0.35083 0.44522 0.56567 0.77012 0.95542 0.99129 1.26865 1.72557 2.05970 2.26492 2.44609 2.62925 2.79667 2.97325 3.26979 3.41858 3.49588 3.54970 3.58672 3.61437 3.63302 3.65429 3.68074 3.70548 3.72620 3.76410 3.84797 3.90305 3.84336 3.77609 3.75044 3.73272 3.66650 3.54761 3.38337 3.28393 3.37793 3.58257 3.70019 3.67667 3.71963 4.09890 4.40933 4.52804 4.58773 4.61552 4.61333 4.59487 4.57592 4.59147 4.58026 4.54481 4.50771 4.52172 4.48114 4.31033 3.58650 2.79993 2.60753 2.53520 2.41190 2.29308 2.15543
1.87006 1.65738 0.46812 0.32854 0.44372 0.58566 0.74024 0.95780 1.12093 1.48966 2.00647 2.32655 2.46786 2.57744 2.72265 2.80440 3.01547 3.38953 3.48311 3.52249 3.56769 3.61074 3.65466 3.70210 3.74088 3.76593 3.79462 3.84137 3.91870 4.00694 3.99860 3.81638 3.70596 3.67755 3.66940 3.61635 3.49395 3.34056 3.23329 3.28082 3.48114 3.76970 3.90658 3.69455 3.68327 4.00710 4.32003 4.49551 4.56968 4.61807 4.64680 4.65018 4.64944 4.64316 4.60376 4.51438 4.32526 3.98095 3.31688 2.67811 2.34390 2.21001 1.95337 1.82658 1.79840 1.74668
1.91298 1.64380 0.45851 0.32981 0.46660 0.57993 0.72248 1.09062 1.37458 1.80050 2.27584 2.48827 2.58359 2.66433 2.86404 3.04493 3.06058 3.28131 3.42506 3.49729 3.55362 3.60990 3.68075 3.80268 3.91804 3.95990 3.98566 4.07414 4.12595 4.14320 4.02243 3.76786 3.65710 3.63982 3.68257 3.67981 3.55684 3.24291 2.57517 2.54883 2.91943 3.35095 3.76260 3.88431 3.76375 3.71668 3.85072 4.13062 4.37814 4.52654 4.60227 4.64613 4.66852 4.63671 4.54553 4.32585 3.88728 3.35699 2.81002 2.36219 1.97435 1.54435 1.30603 1.35942 1.50362 1.57748
1.68847 1.16365 0.39412 0.31196 0.45968 0.57139 0.79018 1.28686 1.61860 2.14580 2.46519 2.57955 2.64834 2.72738 2.97546 3.26537 3.24081 3.28766 3.38976 3.46685 3.52175 3.57490 3.63134 3.72012 3.86776 3.94368 4.00774 4.12880 4.15861 4.17465 3.94287 3.72339 3.64518 3.64547 3.70596 3.71391 3.45225 2.63740 2.08987 2.36031 2.60008 2.89954 3.36559 3.79312 4.02365 3.97948 3.85213 3.82610 4.00354 4.28179 4.48277 4.58882 4.64035 4.60285 4.45521 4.09732 3.64984 3.23019 2.76441 2.29759 1.68890 1.15535 1.04052 1.18797 1.42519 1.52901
0.64078 0.58455 0.22701 0.24800 0.45697 0.61984 0.94496 1.52659 1.90091 2.40901 2.57892 2.63193 2.66748 2.72288 2.92706 3.33018 3.37938 3.36573 3.40416 3.45748 3.49951 3.53880 3.57054 3.61334 3.67927 3.74035 3.81731 3.92605 4.04585 4.13222 3.84957 3.67893 3.63025 3.65647 3.70653 3.65267 3.30364 2.46583 2.69142 3.17590 2.97418 2.76067 2.99970 3.48810 3.90747 4.19996 4.15506 3.98160 3.91978 4.00752 4.26249 4.48334 4.59050 4.58487 4.40767 3.97043 3.52152 3.11988 2.66800 2.11391 1.46057 1.09363 1.08432 1.28108 1.45800 1.56836
0.30704 0.28888 0.22923 0.30891 0.48899 0.65680 1.23605 1.69075 2.15450 2.50841 2.62276 2.65405 2.66618 2.69264 2.74790 2.75747 3.24469 3.41554 3.40712 3.42745 3.47557 3.51450 3.53791 3.55759 3.59692 3.64596 3.69596 3.74948 3.83684 3.96713 3.75969 3.62421 3.59537 3.65775 3.73752 3.64866 3.34718 2.83425 2.99368 3.53225 3.52057 3.05538 2.81985 3.20148 3.51821 3.91394 4.07997 4.10713 4.04910 3.99554 4.08071 4.33284 4.52219 4.57496 4.40371 3.89894 3.39392 2.98840 2.53295 1.85661 1.33476 1.12122 1.10634 1.21368 1.42517 1.64937
0.32372 0.46614 0.55173 0.55972 0.58315 1.02070 1.53585 1.84183 2.27419 2.50036 2.58416 2.61721 2.63937 2.64005 2.51210 2.24471 2.59135 3.17708 3.31027 3.35136 3.41565 3.48357 3.54280 3.56888 3.58778 3.61589 3.64234 3.66123 3.68854 3.75520 3.67507 3.56591 3.57754 3.71162 3.75121 3.62848 3.44369 3.23859 3.17314 3.53396 3.91935 3.47233 3.05966 3.21649 3.41917 3.63415 3.79579 4.04002 4.13152 4.04643 4.01438 4.21247 4.46201 4.56682 4.42575 3.86395 3.30368 2.92690 2.44108 1.66827 1.27328 1.12805 0.87462 0.75096 1.08036 2.05404
0.38161 0.65224 0.80546 1.05822 1.41555 1.61554 1.82447 2.10245 2.33189 2.44863 2.49603 2.51647 2.54479 2.46054 1.80189 1.21283 2.04949 2.72198 3.19501 3.28032 3.36183 3.44821 3.53519 3.59995 3.62169 3.62647 3.62599 3.61699 3.60453 3.61919 3.59710 3.52533 3.58425 3.70157 3.65186 3.57554 3.51072 3.46438 3.40880 3.53516 3.93616 3.73552 3.24843 3.28646 3.55063 3.86338 3.88293 3.89969 4.05544 3.98843 3.93096 4.17563 4.46034 4.56842 4.44357 3.87119 3.25566 2.84250 2.24371 1.44804 1.12340 0.77473 0.56377 0.73544 1.54274 2.98295
0.37055 0.63886 1.24176 1.69242 1.82371 2.01750 2.22891 2.31422 2.35583 2.38128 2.38004 2.36324 2.38923 2.29034 1.42139 1.08205 2.11033 2.74521 3.14775 3.26966 3.35594 3.43534 3.51330 3.58240 3.63347 3.64625 3.63136 3.60822 3.56986 3.53679 3.50715 3.52330 3.62168 3.61817 3.54600 3.51309 3.55383 3.63951 3.61284 3.66015 4.00887 3.85993 3.32948 3.24934 3.48837 3.73592 3.76711 3.84634 3.89593 3.84385 3.93718 4.28716 4.51300 4.58162 4.45281 3.91941 3.20775 2.73729 2.07912 1.28955 0.78009 0.47322 0.40235 0.74295 1.67152 3.27649
0.42287 0.74126 1.51266 1.87804 2.14485 2.34932 2.37952 2.35403 2.31809 2.27926 2.22567 2.15354 2.17839 2.29337 2.19205 1.80927 2.38562 2.79579 3.14027 3.35674 3.39942 3.42804 3.50903 3.56654 3.60601 3.62702 3.61734 3.59432 3.55760 3.49471 3.46435 3.54261 3.57417 3.50757 3.46827 3.52433 3.67561 3.87991 3.82214 3.78073 4.04103 3.99238 3.39039 3.09931 3.36485 3.69947 3.83909 3.82427 3.79851 3.84556 4.15674 4.45671 4.56737 4.58962 4.47637 4.06589 3.23616 2.66630 1.98897 1.25154 0.57523 0.26625 0.34908 0.66344 2.02920 3.55427
0.85899 1.30994 1.84408 2.16124 2.31827 2.37030 2.34165 2.27350 2.19635 2.09657 1.98960 1.88368 1.88443 2.12549 2.33016 2.31817 2.46774 2.78417 3.22692 3.45416 3.45649 3.46087 3.50965 3.55190 3.57708 3.58687 3.58025 3.56128 3.53738 3.49094 3.47235 3.50178 3.47781 3.42767 3.49910 3.68105 3.92971 4.07034 3.99459 3.83676 3.94190 3.89124 3.47158 2.97026 3.20345 3.56934 3.72166 3.71232 3.77780 4.06394 4.41795 4.55178 4.59891 4.58159 4.49828 4.15030 3.25205 2.65522 2.06076 1.41846 0.63221 0.21439 0.32334 0.82054 2.37563 3.64480
2.00907 2.24816 2.42635 2.45996 2.42393 2.35830 2.25212 2.10232 1.93919 1.74414 1.55801 1.49221 1.55093 1.78729 2.05721 2.25157 2.43935 2.73059 3.20439 3.45276 3.49447 3.50275 3.51154 3.52376 3.54278 3.55370 3.54968 3.53662 3.52473 3.51322 3.50553 3.48895 3.48325 3.53221 3.69971 3.99818 4.13662 4.17241 4.04322 3.88324 3.95339 3.84407 3.45339 2.97332 3.20872 3.51918 3.60685 3.65736 3.90109 4.32319 4.52185 4.59487 4.60330 4.57277 4.50422 4.11861 3.19617 2.62222 2.04635 1.50763 1.13916 0.39545 0.52582 1.68455 2.62490 3.36823
2.50360 2.59847 2.65655 2.60753 2.49894 2.34948 2.13854 1.84655 1.57025 1.40524 1.23477 1.14803 1.26271 1.58700 1.82556 2.06164 2.32449 2.60788 3.02299 3.36021 3.48735 3.51978 3.52522 3.52883 3.54346 3.56207 3.56885 3.56815 3.56829 3.57923 3.60263 3.61408 3.67539 3.87922 4.05278 4.14905 4.23277 4.23220 3.99940 3.92912 4.06728 3.87758 3.39917 3.18436 3.37311 3.53214 3.56780 3.72367 4.19108 4.47631 4.56786 4.60281 4.60601 4.56171 4.48918 4.06772 3.15251 2.59544 1.99028 1.52358 1.41154 0.96347 1.54638 2.16750 2.39391 2.30702
2.70116 2.75611 2.73644 2.63549 2.49107 2.24309 1.87462 1.59183 1.41022 1.30183 1.23004 1.16766 1.27367 1.57636 1.76159 1.93263 2.17780 2.46255 2.80890 3.19525 3.41237 3.50686 3.55804 3.59329 3.61696 3.64189 3.66151 3.67834 3.69838 3.73948 3.84421 3.96399 4.04235 4.08425 4.14955 4.24366 4.30501 4.13766 3.88772 3.89464 4.04919 3.81524 3.44611 3.34793 3.45473 3.52453 3.58498 3.84518 4.36921 4.54345 4.59179 4.60863 4.59953 4.54579 4.46854 4.00687 3.11860 2.58218 1.99528 1.55141 1.42604 0.91028 1.15215 1.65102 1.82049 1.84569
2.83773 2.82764 2.70149 2.55940 2.34912 2.00816 1.69438 1.48716 1.30872 1.27361 1.22490 1.25075 1.44947 1.69288 1.80062 1.86446 2.01329 2.28757 2.61279 2.99113 3.30348 3.48032 3.59210 3.69463 3.75962 3.81061 3.82595 3.82403 3.86425 3.95651 4.10476 4.13879 4.13627 4.20069 4.29293 4.35903 4.28073 3.94975 3.75081 3.80371 3.92038 3.66775 3.42366 3.38791 3.47176 3.48953 3.55241 3.79134 4.37152 4.56020 4.59451 4.61078 4.58400 4.52357 4.40499 3.87682 3.05027 2.56237 2.04446 1.60560 1.24752 0.43565 0.52243 0.93805 1.38141 1.49117
2.88364 2.76020 2.59979 2.38052 1.98783 1.63860 1.43173 1.26129 1.16831 1.23238 1.27555 1.48248 1.73969 1.86479 1.89558 1.86419 1.89264 2.09578 2.43963 2.82905 3.19072 3.42710 3.56230 3.67971 3.84515 3.99417 3.96996 3.87936 3.85056 3.91711 4.03196 4.07959 4.16304 4.31346 4.38578 4.28728 4.00214 3.73654 3.67428 3.79343 3.91976 3.60951 3.36016 3.39639 3.59535 3.55606 3.48965 3.69651 4.33746 4.55188 4.59473 4.60682 4.56283 4.49411 4.27525 3.59816 2.88929 2.49346 2.03854 1.67156 1.13634 0.30305 0.51302 0.86643 1.13305 1.13896
2.74333 2.62164 2.38982 1.95056 1.43043 1.22128 1.08917 0.96284 0.99513 1.21592 1.42842 1.72152 1.95008 2.03698 2.03177 1.92953 1.85085 1.98958 2.36221 2.78537 3.12811 3.36184 3.50590 3.62478 3.77517 3.87245 3.90128 3.84430 3.75982 3.75820 3.83041 3.90191 4.04807 4.26952 4.28068 3.99721 3.74233 3.65078 3.70437 3.92721 3.99474 3.58219 3.36949 3.41371 3.57013 3.54809 3.54888 3.74007 4.34905 4.55912 4.59365 4.59084 4.53613 4.42903 4.04475 3.33771 2.70619 2.27075 1.85750 1.77142 1.59837 0.70246 0.64857 1.06120 1.23364 1.02496
