mrvbf_slope1.3_pctl0.6.asc
NCOLS 410
NROWS 410
XLLCORNER 2398750.0000000000000000
YLLCORNER 2548750.0000000000000000
CELLSIZE 250.0000000000000000
NODATA_VALUE -99999.00000
[rows 319 to 347 of 410, columns 132 to 197 of 410]
7.69423 7.69488 7.70023 7.70249 7.70196 7.69746 7.69732 7.69782 7.69581 7.69478 7.69183 7.69145 7.69564 7.69428 7.68897 7.68277 7.67978 7.67917 7.67985 7.68246 7.68584 7.68409 7.67959 7.68003 7.67459 7.66554 7.66308 7.66142 7.65928 7.65996 7.66347 7.66616 7.66307 7.65611 7.65097 7.65301 7.65783 7.65124 7.63793 7.63278 7.63479 7.62755 7.63115 7.63098 7.62361 7.62315 7.62746 7.63602 7.64112 7.64169 7.64511 7.65044 7.65389 7.65442 7.65299 7.65147 7.64868 7.64469 7.64215 7.63994 7.63526 7.63285 7.63631 7.64372 7.65040 7.65349
7.70067 7.69854 7.69932 7.70029 7.70002 7.69706 7.69545 7.69828 7.69703 7.69755 7.69662 7.69384 7.69659 7.69493 7.69199 7.68872 7.68726 7.68731 7.68786 7.68455 7.68306 7.68420 7.67845 7.67625 7.66826 7.65543 7.65469 7.65825 7.66009 7.66475 7.66700 7.66560 7.66050 7.65283 7.65139 7.66275 7.66596 7.65892 7.65087 7.65097 7.65080 7.64485 7.63333 7.63273 7.63627 7.63810 7.63976 7.64104 7.64249 7.64513 7.64879 7.65224 7.65388 7.65296 7.65093 7.64966 7.64772 7.64428 7.64224 7.64107 7.63767 7.63761 7.64370 7.65131 7.65479 7.65572
7.70224 7.70280 7.70219 7.70232 7.70260 7.70137 7.69896 7.70128 7.69900 7.69793 7.70027 7.69780 7.69820 7.69659 7.69374 7.69153 7.69063 7.68923 7.68547 7.68430 7.68244 7.67805 7.67719 7.67066 7.65827 7.64904 7.65535 7.66451 7.66813 7.67074 7.67012 7.66646 7.66166 7.65955 7.66206 7.66483 7.66819 7.66433 7.65743 7.65401 7.65153 7.65029 7.64596 7.64208 7.64258 7.64021 7.63881 7.64064 7.64403 7.64782 7.65046 7.65152 7.65148 7.65028 7.64911 7.64923 7.64907 7.64654 7.64345 7.64167 7.64098 7.64439 7.65122 7.65443 7.65499 7.65743
7.70242 7.70559 7.70577 7.70552 7.70520 7.70286 7.69987 7.70149 7.70107 7.69773 7.69924 7.69869 7.69943 7.69773 7.69392 7.69134 7.69012 7.68790 7.68265 7.68238 7.68651 7.67937 7.67467 7.66422 7.65372 7.65627 7.66388 7.66873 7.67084 7.67272 7.67162 7.66858 7.66702 7.66633 7.66541 7.66819 7.66946 7.66709 7.66231 7.65867 7.65346 7.64844 7.64655 7.64411 7.64062 7.63813 7.63793 7.64081 7.64401 7.64725 7.64991 7.65030 7.64827 7.64646 7.64728 7.64917 7.64988 7.64866 7.64609 7.64473 7.64746 7.65197 7.65633 7.65558 7.65786 7.65993
7.70380 7.70569 7.70636 7.70603 7.70560 7.70347 7.69904 7.69880 7.70029 7.69844 7.69929 7.69896 7.70030 7.69899 7.69442 7.69078 7.68903 7.68465 7.68113 7.68616 7.68815 7.67916 7.66753 7.66148 7.66340 7.66890 7.66932 7.66789 7.66791 7.66866 7.66868 7.66847 7.66951 7.67006 7.66916 7.67034 7.66922 7.66533 7.65792 7.65353 7.65131 7.64757 7.64503 7.64478 7.64278 7.63970 7.63913 7.63971 7.64139 7.64322 7.64448 7.64491 7.64148 7.64009 7.64473 7.64911 7.64981 7.64968 7.65057 7.65287 7.65530 7.65577 7.65644 7.65652 7.65906 7.65907
7.70445 7.70586 7.70631 7.70531 7.70471 7.70403 7.70026 7.69593 7.69540 7.69634 7.69856 7.69813 7.69944 7.69945 7.69644 7.69237 7.69087 7.68849 7.68759 7.68949 7.68662 7.67587 7.66332 7.66437 7.67161 7.67389 7.67344 7.67132 7.66862 7.66447 7.66261 7.66358 7.66575 7.66700 7.66693 7.66866 7.66769 7.66268 7.65378 7.65166 7.65100 7.64629 7.64245 7.64481 7.64387 7.63992 7.63775 7.63754 7.63872 7.63865 7.63710 7.63413 7.63033 7.63336 7.64236 7.64898 7.65145 7.65307 7.65496 7.65538 7.65638 7.65655 7.65622 7.65773 7.65849 7.65519
7.70400 7.70540 7.70575 7.70444 7.70351 7.70326 7.70144 7.69732 7.69455 7.69512 7.69561 7.69293 7.69470 7.69746 7.69701 7.69414 7.69303 7.69218 7.69014 7.68671 7.68160 7.67051 7.66135 7.66685 7.67445 7.67669 7.67765 7.67645 7.67224 7.66374 7.65935 7.65896 7.65962 7.66307 7.66184 7.66185 7.66388 7.66137 7.65346 7.64565 7.64469 7.64023 7.64124 7.64369 7.64089 7.63785 7.63663 7.63708 7.63741 7.63692 7.63502 7.63127 7.63078 7.63772 7.64606 7.65171 7.65490 7.65633 7.65696 7.65694 7.65780 7.65786 7.65656 7.65622 7.65528 7.64798
7.70080 7.70306 7.70398 7.70305 7.70197 7.70081 7.69900 7.69687 7.69576 7.69419 7.69180 7.68425 7.68209 7.69111 7.69432 7.69238 7.69143 7.68968 7.68551 7.67905 7.67282 7.66462 7.66183 7.66793 7.67381 7.67532 7.67627 7.67668 7.67439 7.66635 7.65509 7.65029 7.65073 7.65660 7.65944 7.65492 7.65369 7.65386 7.65191 7.64314 7.63577 7.63558 7.64001 7.63976 7.63842 7.63753 7.63678 7.63658 7.63615 7.63615 7.63725 7.63936 7.64303 7.64693 7.64962 7.65478 7.65692 7.65673 7.65590 7.65466 7.65512 7.65418 7.65004 7.64497 7.64277 7.63993
7.69118 7.69634 7.70033 7.70094 7.69964 7.69709 7.69364 7.69116 7.69052 7.69025 7.68459 7.67401 7.66505 7.67750 7.68959 7.68913 7.68774 7.68520 7.67816 7.67170 7.66757 7.66455 7.66485 7.66855 7.67218 7.67280 7.67267 7.67329 7.67409 7.67093 7.66199 7.64887 7.63785 7.64233 7.64965 7.65005 7.64803 7.64395 7.64284 7.63761 7.63139 7.63464 7.63775 7.63721 7.63849 7.63787 7.63512 7.63294 7.63221 7.63426 7.64012 7.64653 7.64840 7.65025 7.65438 7.65719 7.65739 7.65584 7.65234 7.64968 7.64322 7.63882 7.63651 7.63140 7.62723 7.63367
7.68801 7.69135 7.69683 7.69814 7.69450 7.68813 7.68158 7.67790 7.67671 7.68146 7.67839 7.67053 7.65966 7.66306 7.68390 7.68450 7.68229 7.67938 7.67175 7.66781 7.66779 7.66788 7.66811 7.66967 7.67171 7.67245 7.67149 7.66974 7.67104 7.67124 7.66737 7.65976 7.64543 7.63654 7.64134 7.64171 7.64103 7.64141 7.64050 7.63626 7.63453 7.63512 7.63570 7.63721 7.63722 7.63425 7.62868 7.62546 7.62700 7.63397 7.64264 7.64697 7.65072 7.65497 7.65623 7.65666 7.65632 7.65447 7.64861 7.63876 7.62880 7.63030 7.63844 7.63802 7.63441 7.63382
7.69106 7.69221 7.69630 7.69541 7.68542 7.67301 7.66708 7.66872 7.67262 7.67730 7.68078 7.67554 7.66215 7.65623 7.67558 7.67652 7.67310 7.66856 7.66340 7.66470 7.66884 7.67087 7.67050 7.66949 7.66933 7.67104 7.66923 7.66516 7.66594 7.66673 7.66359 7.65722 7.64617 7.63572 7.63277 7.63043 7.63343 7.63973 7.63810 7.63389 7.63520 7.63829 7.63852 7.63518 7.63079 7.62286 7.61518 7.61591 7.62520 7.63844 7.64579 7.64558 7.65078 7.65427 7.65210 7.65197 7.65362 7.65163 7.64161 7.62805 7.63142 7.63871 7.64109 7.64110 7.63894 7.64460
7.68958 7.69274 7.69615 7.68947 7.67337 7.66350 7.66390 7.66947 7.67152 7.67571 7.68147 7.67780 7.66937 7.65128 7.66193 7.66471 7.65905 7.65486 7.65692 7.66377 7.66992 7.67284 7.67080 7.66709 7.66812 7.67072 7.66760 7.66004 7.65449 7.65318 7.64981 7.64279 7.63335 7.62632 7.62388 7.62494 7.63218 7.63868 7.63419 7.63151 7.63472 7.64006 7.63825 7.63195 7.62459 7.61003 7.60192 7.61222 7.62915 7.63952 7.64119 7.64702 7.65250 7.65018 7.64618 7.64536 7.64788 7.64695 7.63488 7.62853 7.64016 7.63942 7.64438 7.64644 7.64445 7.64314
7.68661 7.69184 7.69523 7.68269 7.66552 7.66369 7.67139 7.67385 7.66408 7.66637 7.67712 7.67406 7.67081 7.65777 7.65988 7.66627 7.66004 7.65671 7.65950 7.66497 7.66959 7.67298 7.67215 7.66627 7.66341 7.66340 7.66213 7.65993 7.65100 7.64348 7.63897 7.63398 7.62945 7.62683 7.62440 7.62723 7.63633 7.64009 7.63623 7.63527 7.63653 7.63825 7.63083 7.62136 7.61377 7.60565 7.60538 7.61954 7.63168 7.63364 7.64299 7.65021 7.65106 7.64663 7.64479 7.64297 7.64292 7.63825 7.62500 7.62952 7.64297 7.64295 7.64519 7.63528 7.62867 7.62894
7.68514 7.69196 7.69531 7.68076 7.66543 7.66934 7.68273 7.68640 7.67370 7.65991 7.67001 7.67335 7.67069 7.66805 7.66382 7.67039 7.66172 7.66171 7.66589 7.66699 7.66641 7.66859 7.67214 7.67029 7.66538 7.66228 7.65679 7.65000 7.64860 7.64627 7.64279 7.63796 7.63350 7.63068 7.62733 7.63237 7.63940 7.64033 7.63849 7.63824 7.63749 7.63636 7.62303 7.61471 7.61601 7.61825 7.62298 7.62756 7.63014 7.63970 7.64682 7.64444 7.64386 7.64477 7.64571 7.64194 7.63816 7.61843 7.61296 7.62992 7.63969 7.64076 7.64007 7.62644 7.62537 7.62629
7.68383 7.69288 7.69645 7.68187 7.66628 7.67211 7.68584 7.68767 7.68340 7.67314 7.67124 7.68064 7.67507 7.67500 7.66455 7.66520 7.65889 7.65989 7.66811 7.66833 7.66092 7.65844 7.66446 7.66942 7.66863 7.66509 7.65667 7.64252 7.64114 7.64821 7.64819 7.64255 7.63644 7.63323 7.63030 7.63330 7.63712 7.63917 7.63770 7.63689 7.63614 7.63140 7.61411 7.61270 7.62531 7.63020 7.63504 7.63807 7.63982 7.64486 7.64148 7.63762 7.64063 7.64285 7.64222 7.63671 7.62539 7.60862 7.62363 7.63561 7.63589 7.63715 7.63979 7.62163 7.62492 7.63526
7.68494 7.69477 7.69789 7.68472 7.66573 7.67143 7.68701 7.68693 7.68520 7.68379 7.67742 7.68327 7.67637 7.67482 7.66565 7.65857 7.65462 7.66137 7.66932 7.66710 7.65612 7.65069 7.65191 7.65864 7.66048 7.65603 7.64434 7.63269 7.64150 7.65061 7.64991 7.64203 7.63498 7.63232 7.62917 7.62940 7.63124 7.63300 7.63245 7.62908 7.62631 7.62067 7.60893 7.61576 7.62863 7.63148 7.63275 7.63752 7.63962 7.64163 7.63586 7.63763 7.63493 7.63328 7.63664 7.63845 7.63215 7.62032 7.61998 7.62480 7.63250 7.63451 7.64078 7.62084 7.61773 7.63008
7.68356 7.69341 7.69756 7.68697 7.66749 7.67082 7.68691 7.68870 7.68812 7.68590 7.68212 7.68511 7.67625 7.67469 7.67382 7.66697 7.66420 7.66801 7.66817 7.66432 7.66034 7.65535 7.65073 7.64925 7.64802 7.64300 7.63593 7.63815 7.64872 7.65097 7.64988 7.64351 7.63127 7.62512 7.62473 7.62655 7.62980 7.62879 7.62517 7.62164 7.61891 7.61327 7.61343 7.62366 7.63027 7.63307 7.63239 7.63386 7.63800 7.63685 7.63124 7.63201 7.62463 7.62578 7.63562 7.63865 7.63802 7.62826 7.62273 7.61864 7.62446 7.62843 7.63460 7.62763 7.61669 7.61875
7.67780 7.68724 7.69468 7.68615 7.66953 7.67303 7.68804 7.68916 7.68986 7.68879 7.68709 7.68630 7.67950 7.67246 7.67460 7.67494 7.67419 7.67506 7.67069 7.66900 7.66521 7.66584 7.66022 7.65128 7.64430 7.64112 7.64142 7.64652 7.65052 7.65005 7.64814 7.64354 7.63227 7.61990 7.61983 7.62259 7.62723 7.62862 7.62348 7.62049 7.61984 7.61792 7.62012 7.62441 7.62889 7.63116 7.63098 7.63098 7.63348 7.63387 7.62944 7.62461 7.62648 7.62716 7.63118 7.63535 7.62920 7.61905 7.62018 7.61264 7.61179 7.61954 7.62498 7.63396 7.62755 7.62142
7.67479 7.67971 7.68666 7.67945 7.66794 7.67347 7.68662 7.68842 7.68745 7.68540 7.68543 7.68345 7.67771 7.67299 7.67555 7.67701 7.67576 7.67535 7.67435 7.67251 7.67125 7.66929 7.66446 7.65633 7.64978 7.64762 7.64807 7.64891 7.64726 7.64481 7.64242 7.63683 7.62366 7.61714 7.62276 7.62070 7.62266 7.62563 7.62146 7.61996 7.62173 7.62202 7.62178 7.62145 7.62371 7.62330 7.61910 7.61938 7.62504 7.63105 7.63020 7.62314 7.61676 7.62124 7.63068 7.63092 7.61687 7.61106 7.61085 7.59774 7.59866 7.60400 7.60987 7.62844 7.62357 7.59638
7.67551 7.68006 7.68194 7.67566 7.67224 7.67835 7.68883 7.69204 7.68934 7.68400 7.68436 7.68151 7.67576 7.67647 7.67983 7.67929 7.67585 7.67299 7.67188 7.67100 7.66917 7.66668 7.66213 7.65710 7.65538 7.65381 7.65206 7.64957 7.64455 7.63790 7.63287 7.62614 7.61721 7.62137 7.62279 7.61861 7.62145 7.62243 7.61711 7.61508 7.61746 7.61888 7.61954 7.62192 7.62122 7.61806 7.61364 7.61595 7.61461 7.62184 7.62965 7.62778 7.62291 7.62387 7.62873 7.62979 7.61770 7.60902 7.61179 7.60289 7.60901 7.59726 7.59633 7.61971 7.59540 7.56659
7.67561 7.68556 7.68812 7.68521 7.68221 7.68470 7.69020 7.68840 7.68483 7.68474 7.68601 7.68244 7.68009 7.68114 7.68109 7.68053 7.67774 7.67396 7.67166 7.66910 7.66507 7.66301 7.65902 7.65324 7.65167 7.65258 7.65137 7.64774 7.64181 7.63493 7.62829 7.62210 7.62270 7.62645 7.62267 7.61902 7.61995 7.61852 7.61239 7.60645 7.60650 7.60954 7.61292 7.61683 7.61805 7.61362 7.60673 7.61042 7.61090 7.60833 7.61699 7.61249 7.61427 7.61618 7.62747 7.62659 7.62443 7.61298 7.60216 7.60091 7.61770 7.59888 7.60005 7.60023 7.57924 7.58929
7.67517 7.68789 7.69273 7.68872 7.68165 7.68391 7.68936 7.68638 7.68568 7.68695 7.68549 7.68164 7.68023 7.68145 7.68130 7.67984 7.67692 7.67228 7.66906 7.66415 7.65751 7.65789 7.65776 7.65183 7.64758 7.64817 7.64769 7.64396 7.63779 7.63253 7.62769 7.62269 7.62590 7.62593 7.62055 7.61794 7.61712 7.61437 7.60923 7.60242 7.59910 7.60160 7.60818 7.61354 7.61494 7.61094 7.59946 7.59509 7.60528 7.60567 7.60950 7.61479 7.61519 7.61819 7.61968 7.62058 7.62059 7.61785 7.60244 7.59496 7.61351 7.60488 7.59567 7.59854 7.60221 7.60111
7.67573 7.68390 7.69224 7.69188 7.68191 7.67985 7.68715 7.68463 7.67995 7.67858 7.67850 7.67780 7.67827 7.68023 7.67987 7.67725 7.67147 7.66507 7.66176 7.65687 7.65019 7.64821 7.65071 7.64640 7.63990 7.64079 7.64109 7.63793 7.63385 7.62794 7.62270 7.62119 7.62165 7.62199 7.61460 7.61020 7.60656 7.60098 7.59235 7.58314 7.57871 7.58528 7.59944 7.61024 7.61413 7.61193 7.59738 7.58140 7.59645 7.60659 7.60665 7.61289 7.61547 7.61405 7.60961 7.60867 7.61510 7.61755 7.60176 7.59030 7.60067 7.61191 7.60564 7.61106 7.61867 7.61580
7.67460 7.67463 7.68513 7.69180 7.68396 7.67604 7.68216 7.68406 7.68039 7.67695 7.67685 7.67639 7.67534 7.67645 7.67716 7.67300 7.66399 7.65702 7.65274 7.65291 7.64925 7.64280 7.63948 7.62962 7.62619 7.63288 7.63269 7.62820 7.62901 7.62449 7.61964 7.61959 7.61745 7.61584 7.60595 7.59718 7.58750 7.56676 7.53995 7.52008 7.52243 7.54514 7.57240 7.59374 7.60609 7.60716 7.58849 7.56996 7.58952 7.60323 7.60220 7.60168 7.60489 7.60188 7.60087 7.60455 7.61029 7.61366 7.60992 7.60085 7.59117 7.60805 7.61958 7.62129 7.61974 7.61691
7.67631 7.67242 7.67625 7.68800 7.68614 7.67579 7.67619 7.68208 7.68448 7.68352 7.68216 7.67950 7.67530 7.67081 7.67250 7.66797 7.65576 7.64919 7.64657 7.64609 7.64384 7.64006 7.63242 7.62247 7.62693 7.63336 7.63251 7.62558 7.62341 7.62436 7.62174 7.61591 7.61079 7.60750 7.59615 7.57748 7.55060 7.50103 7.44668 7.41706 7.43928 7.48650 7.52677 7.56021 7.58692 7.59589 7.57750 7.55841 7.57905 7.59730 7.59908 7.59390 7.59168 7.59148 7.59492 7.59871 7.60327 7.61199 7.60830 7.60205 7.59397 7.59769 7.61020 7.62076 7.62495 7.62240
7.67653 7.67066 7.67105 7.68401 7.68675 7.67625 7.67224 7.67987 7.68428 7.68258 7.68159 7.67773 7.67389 7.66646 7.66513 7.66162 7.65007 7.64856 7.65239 7.64492 7.64360 7.64054 7.63680 7.63622 7.64070 7.63827 7.63575 7.62880 7.61814 7.62175 7.61937 7.60675 7.59215 7.58787 7.58110 7.55046 7.48405 7.38216 7.32019 7.31744 7.36692 7.42532 7.46744 7.51339 7.55561 7.57499 7.56080 7.54383 7.56471 7.58837 7.59593 7.59642 7.59280 7.59063 7.59121 7.58505 7.58851 7.60211 7.59597 7.59207 7.60140 7.60128 7.60198 7.61048 7.62040 7.62514
7.67715 7.66706 7.66442 7.67811 7.68492 7.67485 7.67062 7.67918 7.68140 7.68087 7.68105 7.67503 7.66950 7.66768 7.66225 7.65786 7.65272 7.65546 7.65467 7.65003 7.64589 7.64665 7.64369 7.64099 7.63885 7.63985 7.63543 7.62318 7.62013 7.61273 7.60510 7.58571 7.57874 7.56911 7.55768 7.50781 7.34472 7.14274 7.21830 7.33361 7.39565 7.40423 7.41655 7.46856 7.52426 7.54559 7.52767 7.52365 7.55574 7.57970 7.59002 7.59604 7.59483 7.59268 7.59107 7.57741 7.56150 7.56260 7.55215 7.57198 7.59252 7.60097 7.60966 7.61085 7.61869 7.62522
7.68032 7.66784 7.66077 7.67253 7.68129 7.67452 7.67343 7.67983 7.68062 7.68116 7.68111 7.67619 7.66772 7.66835 7.66611 7.66168 7.65981 7.66048 7.65788 7.65128 7.64337 7.64419 7.64115 7.63998 7.63495 7.63366 7.63015 7.62097 7.61064 7.61035 7.59398 7.57730 7.58007 7.56111 7.53922 7.43186 7.08143 6.96756 7.25922 7.43908 7.49097 7.45911 7.42023 7.45538 7.51725 7.53515 7.52111 7.53296 7.56050 7.57505 7.58202 7.58843 7.59095 7.59222 7.58949 7.58783 7.56888 7.54369 7.54573 7.56789 7.57457 7.58737 7.60277 7.61030 7.61787 7.62186
7.68043 7.66825 7.66357 7.67371 7.67954 7.67548 7.67654 7.68079 7.68042 7.68025 7.67943 7.67471 7.66631 7.66694 7.66721 7.66354 7.66153 7.66155 7.65907 7.65264 7.64532 7.64096 7.64024 7.63899 7.63267 7.62635 7.62162 7.61502 7.60694 7.60281 7.58215 7.56375 7.55816 7.53549 7.49436 7.28150 6.75441 6.97251 7.40062 7.49805 7.50996 7.50199 7.45216 7.47248 7.53103 7.54924 7.54348 7.55552 7.57239 7.57871 7.58150 7.58443 7.58708 7.59083 7.59058 7.58200 7.57292 7.56481 7.57220 7.57764 7.57239 7.57632 7.58698 7.59800 7.60857 7.61511
