mrvbf_slope1_pctl1.5.asc
NCOLS 410
NROWS 410
XLLCORNER 2398750.0000000000000000
YLLCORNER 2548750.0000000000000000
CELLSIZE 250.0000000000000000
NODATA_VALUE -99999.00000
[rows 377 to 405 of 410, columns 66 to 131 of 410]
4.04894 4.15173 4.27455 4.34041 4.27939 4.14749 4.05601 4.03912 3.98848 4.05956 4.06112 3.95037 3.76576 3.72393 3.78054 3.88580 3.97403 3.91954 3.84800 3.87011 3.97696 4.05960 4.09067 4.10697 4.08428 3.99381 3.88101 3.80511 3.86556 3.96962 4.02991 4.06599 4.05690 4.03251 4.10598 4.23345 4.13869 3.98455 4.02291 4.08781 4.12154 4.02391 3.94179 3.92161 3.79542 3.68340 3.63178 3.63850 3.70573 3.77910 3.84171 3.88281 3.85240 3.80042 3.82024 3.87651 3.88290 3.84552 3.80936 3.79594 3.78942 3.79188 3.79464 3.79011 3.79257 3.80360
4.00920 4.11079 4.21026 4.24526 4.18393 4.10552 4.08735 4.13136 4.14591 4.20249 4.14942 4.03733 3.93656 3.87021 3.83843 3.89854 3.96794 3.96107 3.92425 3.99544 4.06643 4.09509 4.11598 4.12203 4.11550 4.06995 3.94601 3.75854 3.71487 3.85760 3.96588 3.92984 3.94908 3.95451 4.00859 4.15306 4.18195 4.03968 4.00496 4.08750 4.10144 3.98616 3.93429 3.97008 3.90958 3.67200 3.62197 3.66875 3.75068 3.86666 3.93481 3.94521 3.85432 3.77660 3.81881 3.89644 3.86058 3.80503 3.75938 3.73258 3.73504 3.76179 3.78091 3.78741 3.79006 3.79055
3.94565 4.04824 4.13775 4.16165 4.12987 4.08582 4.10872 4.16807 4.12351 4.21100 4.04887 4.04623 4.03289 4.04747 3.98206 3.94138 3.96023 3.97239 3.99673 4.07513 4.13134 4.15243 4.18552 4.12955 4.11824 4.12321 4.08309 3.87693 3.67208 3.64550 3.70652 3.76212 3.82673 3.84423 3.92077 4.05323 4.09551 4.00902 3.98634 4.04391 4.03408 3.95503 3.94910 3.99977 3.88934 3.70974 3.68386 3.73816 3.84453 3.92931 3.93476 3.90493 3.81337 3.77268 3.83189 3.86999 3.82980 3.78635 3.74879 3.72974 3.73140 3.75336 3.77563 3.78713 3.78720 3.77873
3.87014 3.99302 4.10851 4.16849 4.15435 4.13133 4.19529 4.30052 4.26647 4.14858 4.11505 4.08413 4.06185 4.09631 4.10144 4.01500 3.97194 3.97359 4.01340 4.09559 4.16986 4.11975 4.08210 4.09162 4.13327 4.17040 4.14035 4.02126 3.86978 3.71745 3.68072 3.72141 3.73216 3.76251 3.84889 3.90719 3.87291 3.82675 3.87143 3.94580 3.94858 3.93003 3.97636 3.99918 3.83840 3.72227 3.74925 3.86118 3.96187 3.99501 3.96826 3.90079 3.81500 3.79669 3.81088 3.81643 3.79711 3.76216 3.74907 3.75714 3.75531 3.76040 3.77539 3.78514 3.78123 3.76876
3.87182 4.06527 4.21596 4.27033 4.15279 4.06836 4.16767 4.31192 4.33509 4.26455 4.16963 4.05479 4.02627 4.03762 4.03572 3.99388 3.96494 3.96254 3.97175 4.00086 4.03031 4.02527 4.05268 4.11972 4.19401 4.23557 4.19184 4.08915 3.99425 3.88399 3.78741 3.71230 3.67125 3.71114 3.74269 3.73848 3.72075 3.77104 3.87196 3.91358 3.89151 3.90094 3.97031 3.93349 3.77571 3.72231 3.78526 3.91041 3.97817 3.99315 3.96854 3.89332 3.83284 3.82286 3.77661 3.77267 3.77639 3.73324 3.73320 3.76234 3.75807 3.75529 3.76560 3.77350 3.76716 3.75827
4.05308 4.25003 4.28971 4.17971 4.01139 3.87839 3.91485 4.11122 4.29047 4.20410 4.05423 3.93486 3.89871 3.89083 3.89687 3.90930 3.91875 3.91861 3.89868 3.87304 3.85690 3.89517 4.00348 4.11228 4.19971 4.23107 4.18687 4.10547 3.99592 3.85258 3.74558 3.67501 3.62354 3.61932 3.61602 3.63851 3.67633 3.77561 3.84339 3.84637 3.81553 3.84104 3.86794 3.80519 3.74472 3.73761 3.76479 3.85027 3.91857 3.93414 3.90548 3.83554 3.78740 3.79093 3.77854 3.74659 3.72736 3.69284 3.69291 3.72318 3.72843 3.72827 3.73747 3.74637 3.74690 3.74411
4.05265 4.13235 4.07872 3.97290 3.91303 3.83020 3.77270 3.90891 4.12900 4.02233 3.88908 3.81651 3.78693 3.78772 3.81052 3.84080 3.86157 3.86164 3.83257 3.78044 3.72250 3.68854 3.74829 3.89694 4.05647 4.15139 4.12160 4.02409 3.88620 3.76414 3.66038 3.61229 3.59226 3.55192 3.56669 3.60004 3.65674 3.69487 3.71994 3.71541 3.73590 3.78407 3.78112 3.71228 3.67704 3.67246 3.67912 3.72672 3.78923 3.81325 3.79021 3.74600 3.70188 3.70451 3.74089 3.72493 3.66974 3.62852 3.63309 3.65331 3.66925 3.68182 3.69189 3.70046 3.71638 3.72616
3.71696 3.76903 3.81075 3.86267 3.90409 3.87509 3.75353 3.81311 3.92934 3.83711 3.78074 3.76348 3.75731 3.77077 3.79283 3.80946 3.81964 3.81874 3.79361 3.73849 3.68570 3.65309 3.65542 3.74123 3.90767 4.05488 4.05582 3.96136 3.84178 3.78278 3.70990 3.60730 3.57519 3.55235 3.56200 3.57780 3.61809 3.63843 3.64445 3.66561 3.71578 3.75861 3.75414 3.67870 3.62985 3.61762 3.61759 3.64455 3.68401 3.69953 3.68654 3.66974 3.64695 3.64301 3.67318 3.67520 3.61464 3.56844 3.56860 3.59754 3.61341 3.62602 3.63187 3.63942 3.65800 3.68896
3.56587 3.59702 3.67570 3.80398 3.88561 3.80980 3.75958 3.84386 3.75758 3.70030 3.72281 3.79144 3.79633 3.78223 3.79560 3.81099 3.81523 3.81332 3.79863 3.75184 3.69721 3.64500 3.61668 3.69277 3.83270 3.95861 3.99092 3.94132 3.84787 3.75807 3.71355 3.66350 3.59157 3.56714 3.55639 3.56225 3.57229 3.59359 3.63106 3.66633 3.70183 3.73539 3.74005 3.69126 3.62401 3.59377 3.58256 3.60241 3.63291 3.63146 3.62236 3.62258 3.62006 3.61182 3.62804 3.62827 3.56864 3.53001 3.56843 3.59554 3.59757 3.59294 3.58568 3.59128 3.60197 3.62374
3.55018 3.56173 3.62002 3.70661 3.76209 3.76343 3.74021 3.70103 3.64101 3.61470 3.71650 3.88163 3.85131 3.75177 3.76782 3.85020 3.87332 3.87302 3.87453 3.81955 3.68839 3.54681 3.52337 3.61343 3.72527 3.82849 3.88218 3.89075 3.87810 3.76611 3.66739 3.64221 3.66368 3.65392 3.58546 3.54390 3.54531 3.56031 3.59564 3.63549 3.64390 3.66943 3.68633 3.68874 3.63578 3.57342 3.54348 3.56068 3.58470 3.57200 3.57194 3.58635 3.58346 3.56289 3.57214 3.57464 3.54717 3.51798 3.53630 3.57988 3.59464 3.58073 3.57105 3.56452 3.56987 3.57925
3.63603 3.60105 3.61772 3.68068 3.71649 3.63891 3.51354 3.51436 3.56891 3.66358 3.76781 3.89151 3.84199 3.67282 3.72603 3.93571 3.99307 3.99356 4.01504 3.92750 3.72613 3.50978 3.40272 3.46064 3.58415 3.70763 3.76201 3.73851 3.69903 3.67656 3.64791 3.62170 3.66751 3.65554 3.56354 3.50204 3.51104 3.55426 3.58720 3.59601 3.57500 3.57658 3.59442 3.62577 3.62164 3.53804 3.46894 3.48085 3.49521 3.49886 3.52447 3.54640 3.53688 3.51989 3.50349 3.51595 3.52250 3.50588 3.50248 3.52470 3.53781 3.52501 3.50962 3.50344 3.53086 3.56081
3.82773 3.69381 3.65784 3.71288 3.75159 3.59841 3.50550 3.51164 3.65144 3.74395 3.85568 4.04285 3.89229 3.63944 3.65723 3.87778 4.02511 4.06687 4.10384 3.95873 3.75031 3.62066 3.43626 3.40673 3.51328 3.65677 3.70219 3.63029 3.54387 3.50463 3.53829 3.55404 3.53302 3.44493 3.38990 3.38503 3.41071 3.50318 3.59092 3.56310 3.53780 3.51946 3.51582 3.54361 3.56526 3.50107 3.39055 3.30333 3.38198 3.43646 3.47275 3.48645 3.47382 3.47730 3.47005 3.46136 3.45586 3.43359 3.42191 3.40951 3.37191 3.34589 3.36370 3.40978 3.46366 3.52160
3.78853 3.70362 3.73084 3.77298 3.83936 3.63436 3.63059 3.60888 3.66705 3.74784 3.89075 4.05514 4.05660 3.78270 3.61608 3.76611 4.01522 4.15628 4.22421 4.04545 3.79165 3.73701 3.55833 3.43830 3.50073 3.66087 3.69742 3.58965 3.52125 3.47682 3.50126 3.48605 3.40600 3.33407 3.33383 3.30289 3.26966 3.35896 3.48605 3.50211 3.52607 3.50387 3.47010 3.48575 3.50629 3.43512 3.23444 3.03126 3.23741 3.36226 3.36636 3.38196 3.40180 3.39851 3.41466 3.39623 3.36098 3.31715 3.21633 2.95150 2.78797 2.94163 3.22608 3.36036 3.40944 3.46307
3.71654 3.78740 3.95764 3.90516 3.70284 3.60365 3.64236 3.57164 3.47527 3.44598 3.50838 3.67583 3.90044 3.84348 3.67620 3.74667 4.02437 4.22769 4.29246 4.12520 3.85773 3.79421 3.63489 3.45836 3.47994 3.64125 3.67756 3.55385 3.54761 3.54515 3.49788 3.43501 3.38501 3.36917 3.41804 3.36481 3.23589 3.24892 3.36509 3.44475 3.50404 3.45875 3.43660 3.43605 3.40941 3.23245 2.83827 2.67692 2.83465 3.13410 3.18136 3.25045 3.32318 3.31237 3.30334 3.28631 3.22390 3.06969 2.67778 2.31347 2.30137 2.73045 3.06798 3.25257 3.34079 3.38413
3.80288 3.82586 3.99556 3.98941 3.67607 3.63267 3.63833 3.53611 3.40473 3.32722 3.32330 3.39167 3.47496 3.38550 3.34129 3.53910 3.84772 4.07254 4.20771 4.05996 3.82351 3.80160 3.62410 3.41675 3.41971 3.58995 3.65471 3.51134 3.48871 3.54321 3.42015 3.37230 3.41359 3.37041 3.34863 3.42221 3.30118 3.25521 3.33022 3.36867 3.37398 3.35838 3.38970 3.33782 3.20845 2.86151 2.60488 2.57001 2.53950 2.73623 2.90880 3.03000 3.15418 3.19577 3.16840 3.11185 2.96377 2.66765 2.35835 2.23067 2.66108 2.82632 2.95002 3.16923 3.21097 3.25534
3.78933 3.75628 3.79513 3.96715 3.75961 3.66503 3.76893 3.71470 3.64506 3.64488 3.52242 3.50373 3.42632 3.28360 3.31855 3.50045 3.70787 3.89206 4.07333 3.97905 3.74948 3.74408 3.57350 3.35785 3.30684 3.43581 3.51554 3.39375 3.33481 3.35380 3.29371 3.28526 3.28059 3.22168 3.26044 3.35799 3.30074 3.26668 3.29928 3.32246 3.25222 3.21766 3.26331 3.18618 3.02650 2.76372 2.66057 2.69943 2.46795 2.53024 2.65012 2.75505 2.88423 2.96045 2.92509 2.78628 2.59600 2.36375 2.18538 2.49735 2.80964 2.84457 2.98895 3.09538 3.11309 3.17339
3.79199 3.70924 3.81718 3.93953 3.88639 3.65627 3.67858 3.84710 3.86865 3.69602 3.75495 3.90504 3.71403 3.53833 3.55297 3.62352 3.67022 3.79509 4.01953 4.00228 3.74855 3.62703 3.54629 3.32887 3.09881 3.04743 3.09405 3.10570 3.16205 3.22033 3.24805 3.25048 3.15781 3.06760 3.09132 3.15301 3.18580 3.21513 3.13877 3.15656 3.15635 3.10524 3.08481 3.08969 3.01824 2.83553 2.69077 2.65728 2.54622 2.43605 2.50526 2.59167 2.68132 2.73729 2.67307 2.51080 2.18456 1.82242 1.96705 2.50021 2.71381 2.77526 2.93163 3.00161 3.07954 3.13186
3.70490 3.72861 3.93284 4.00516 3.84509 3.59803 3.62003 3.91506 3.94389 3.79169 4.02012 4.24704 4.14602 3.85113 3.75391 3.81664 3.77279 3.73030 3.85353 3.90166 3.75125 3.58522 3.44089 3.16557 2.87544 2.73733 2.76406 2.88750 3.06325 3.21472 3.27223 3.23243 3.16254 3.19301 3.10045 3.06525 3.08985 3.08618 2.98895 2.87386 2.89177 2.89058 2.91596 2.98216 3.00349 2.86616 2.67706 2.56919 2.55639 2.49456 2.42385 2.46750 2.53929 2.56323 2.43148 2.04025 1.48943 1.30474 1.77486 2.29467 2.49520 2.59667 2.78123 2.91706 3.03926 3.05614
3.47955 3.57037 3.82183 4.00206 3.71820 3.56008 3.74325 4.11885 4.09215 3.73839 3.86940 4.28972 4.37750 4.24362 4.10008 3.99635 3.83768 3.63284 3.58211 3.56395 3.41075 3.23273 3.07647 2.91320 2.76008 2.65521 2.68694 2.80947 2.99429 3.20526 3.25975 3.13407 3.07989 3.19350 3.04458 3.00711 3.00691 2.95501 2.86380 2.77361 2.74789 2.76538 2.80389 2.83749 2.85722 2.82269 2.68270 2.54920 2.50512 2.55272 2.42070 2.35205 2.35128 2.29953 2.01646 1.69645 1.36101 1.54734 1.69486 1.98583 2.32163 2.49731 2.70424 2.84425 2.93865 2.95828
3.53906 3.53702 3.71685 4.04988 3.78362 3.76155 3.93944 3.91893 3.86675 3.76135 3.87373 4.26966 4.38060 4.20818 3.91651 3.81710 3.78695 3.65000 3.51092 3.37584 3.17672 3.03369 2.98660 2.95905 2.88149 2.88619 2.79945 2.83651 2.94078 3.05998 3.07422 2.92039 2.88062 2.96595 2.87917 2.85032 2.84619 2.77052 2.70690 2.71006 2.71262 2.73096 2.76747 2.78358 2.76935 2.72864 2.64044 2.52402 2.44692 2.48362 2.37820 2.22180 2.07433 1.96920 1.85877 1.66707 1.28029 1.11101 1.35079 1.66596 2.04547 2.36208 2.61455 2.71339 2.78917 2.84425
3.70282 3.68496 3.75559 4.02160 3.94464 3.88682 3.89852 3.93164 3.96724 3.94361 4.22148 4.35489 4.18583 3.85060 3.70373 3.81909 3.87216 3.80573 3.66809 3.43608 3.19603 3.16812 3.29915 3.31397 3.08251 2.99314 2.99938 2.98309 3.00250 2.92895 2.79578 2.69586 2.73361 2.82376 2.75398 2.70311 2.60298 2.51269 2.51199 2.59805 2.68904 2.72843 2.76035 2.78295 2.75627 2.68907 2.59484 2.47752 2.36988 2.33712 2.19663 1.89493 1.81983 1.84283 1.84151 1.69506 1.04547 0.50260 0.61654 1.22745 1.75047 2.13163 2.46358 2.56989 2.70097 2.77436
3.76452 3.88678 3.94855 3.94743 4.15718 4.20650 4.19585 4.39339 4.48980 4.43597 4.35508 4.08712 3.73141 3.51846 3.64159 3.87937 3.92852 3.89977 3.80448 3.49405 3.23146 3.30655 3.59354 3.70848 3.49128 3.23773 3.24361 3.23374 3.16738 2.83017 2.63976 2.59147 2.74164 2.81052 2.68282 2.58382 2.30452 1.99698 1.97545 2.30164 2.57826 2.69970 2.75032 2.79725 2.76532 2.69354 2.61007 2.50687 2.31601 2.09606 1.73562 1.26748 1.61569 1.78720 1.82011 1.64251 0.57299 0.33843 0.42538 0.74257 1.63542 1.93984 2.25367 2.45568 2.61908 2.69672
4.11932 4.17059 3.98408 3.82235 3.88514 4.09931 4.30046 4.55047 4.57084 4.39675 4.04836 3.60146 3.32561 3.30156 3.49137 3.67824 3.83769 3.87112 3.78595 3.41767 3.11529 3.29839 3.58560 3.86966 3.78976 3.50985 3.47992 3.40617 3.07230 2.72903 2.61517 2.64572 2.72789 2.75191 2.61883 2.36852 1.73586 1.14397 1.26370 1.59282 2.27000 2.57104 2.70326 2.78798 2.75843 2.71294 2.64899 2.50190 2.16535 1.46660 1.00140 0.76381 1.50082 1.76086 1.71240 1.11143 0.38374 0.24715 0.41902 0.70805 1.62061 1.88432 2.11789 2.37057 2.50365 2.56062
4.47059 4.12920 3.82117 3.73154 3.66051 3.80958 4.12315 4.41858 4.39699 4.13037 3.62723 3.20645 3.07174 3.13075 3.18154 3.39326 3.71095 3.74152 3.56410 3.19353 3.01164 3.35656 3.61712 3.88362 3.67468 3.56334 3.38463 3.37083 2.93799 2.72151 2.76857 2.70431 2.61412 2.59391 2.48565 2.21830 1.50945 0.77142 1.31081 1.23682 1.71433 2.40728 2.62107 2.71261 2.71101 2.70708 2.64846 2.47294 2.08681 1.58665 1.06743 0.65726 1.11137 1.59878 1.47100 0.75741 0.39696 0.34234 0.53996 0.78054 1.54468 1.84907 2.15658 2.39141 2.47047 2.48027
4.28927 3.79283 3.60214 3.61036 3.51258 3.55149 3.91265 4.21681 4.17721 3.79477 3.18840 2.79600 2.66495 2.68884 2.68853 2.93293 3.30104 3.21474 2.94990 2.80206 2.90628 3.38702 3.74556 3.96611 3.77080 3.57706 3.43368 3.37070 2.95853 2.77196 2.75578 2.63564 2.24440 2.16185 2.26587 2.22094 1.94985 0.92343 0.97330 1.31447 1.61004 2.23375 2.50264 2.58064 2.61034 2.63703 2.61979 2.48483 2.13789 1.69262 0.68086 0.31971 0.61250 1.12932 1.02711 0.81057 0.51145 0.37946 0.63108 0.85321 1.48452 1.80523 2.21834 2.44126 2.51542 2.54273
3.75390 3.48361 3.46498 3.57182 3.45615 3.31430 3.48337 3.73084 3.68724 3.17892 2.58758 1.91771 1.65187 1.57945 1.65840 2.25926 2.62806 2.46974 2.30880 2.34318 2.59828 2.97490 3.50090 3.94798 3.91681 3.70502 3.45411 3.22876 3.02817 2.82049 2.56578 2.11457 1.75028 1.72395 2.12778 2.33300 2.21178 1.81005 1.47732 1.83795 2.02559 2.15668 2.28342 2.38336 2.48640 2.52947 2.52817 2.45908 2.13718 1.78759 1.08509 0.51363 0.77410 0.58170 0.61416 0.70936 0.32510 0.31947 0.65048 0.93056 1.40974 1.74865 2.16291 2.43111 2.54263 2.58079
3.44204 3.35056 3.51666 3.64738 3.54540 3.32369 3.21844 3.16824 2.88648 2.29661 1.28557 0.99434 1.02191 0.91836 0.87362 1.61143 1.97138 1.33448 1.19641 1.83124 2.34561 2.55510 3.04462 3.74461 3.72462 3.43268 3.21107 3.00824 2.90709 2.75997 2.40434 1.73740 1.73388 1.90657 2.20115 2.50509 2.40663 2.34253 2.40937 2.46888 2.23251 1.91402 1.64136 1.91450 2.31693 2.37109 2.37330 2.27284 2.02047 1.81282 1.61028 1.41764 0.95626 0.40214 0.36465 0.59626 0.36915 0.49348 0.65677 0.90801 1.26612 1.56972 1.95131 2.35217 2.47604 2.48230
3.31696 3.33550 3.67114 3.72673 3.53989 3.41267 3.17679 2.81864 1.92420 0.62983 0.50623 0.67761 0.82554 0.74388 0.63852 1.13178 1.42869 0.58991 0.61851 1.35306 2.09576 2.34724 2.83148 3.46285 3.42931 3.19006 3.04738 2.88475 2.75323 2.55117 2.07382 1.57745 1.72515 1.88107 2.29719 2.59604 2.42963 2.26563 2.22232 2.34186 1.92085 1.27742 1.23288 1.60566 2.17874 2.18431 2.13636 1.94307 1.92099 1.76583 1.64223 1.65811 1.39188 0.86039 0.64843 0.55087 0.52898 0.64841 0.79504 0.87982 0.97142 1.25852 1.66883 2.25438 2.38963 2.33334
-99999.00000 -99999.00000 -99999.00000 -99999.00000 -99999.00000 -99999.00000 -99999.00000 -99999.00000 -99999.00000 -99999.00000 -99999.00000 -99999.00000 -99999.00000 -99999.00000 -99999.00000 -99999.00000 -99999.00000 -99999.00000 -99999.00000 -99999.00000 -99999.00000 -99999.00000 -99999.00000 -99999.00000 -99999.00000 -99999.00000 -99999.00000 -99999.00000 -99999.00000 -99999.00000 -99999.00000 -99999.00000 -99999.00000 -99999.00000 -99999.00000 -99999.00000 -99999.00000 -99999.00000 -99999.00000 -99999.00000 -99999.00000 -99999.00000 -99999.00000 -99999.00000 -99999.00000 -99999.00000 -99999.00000 -99999.00000 -99999.00000 -99999.00000 -99999.00000 -99999.00000 -99999.00000 -99999.00000 -99999.00000 -99999.00000 -99999.00000 -99999.00000 -99999.00000 -99999.00000 -99999.00000 -99999.00000 -99999.00000 -99999.00000 -99999.00000 -99999.00000
