mrvbf_slope1.5_pctl0.9.asc
NCOLS 410
NROWS 410
XLLCORNER 2398750.0000000000000000
YLLCORNER 2548750.0000000000000000
CELLSIZE 250.0000000000000000
NODATA_VALUE -99999.00000
[rows 261 to 289 of 410, columns 264 to 329 of 410]
7.68037 7.68480 7.69228 7.69430 7.69369 7.68876 7.68755 7.68795 7.68823 7.69146 7.69363 7.69444 7.69269 7.68719 7.68981 7.69465 7.69512 7.69456 7.69421 7.69294 7.69309 7.69269 7.69215 7.69392 7.69371 7.69173 7.68953 7.68487 7.68764 7.68613 7.68098 7.68675 7.69040 7.68786 7.68209 7.68184 7.68703 7.68743 7.68516 7.68593 7.68754 7.68902 7.68750 7.68664 7.68571 7.68487 7.68558 7.68568 7.68631 7.68675 7.68646 7.68537 7.68860 7.69081 7.69140 7.69135 7.69089 7.69015 7.68940 7.68898 7.68880 7.68866 7.68856 7.68767 7.68635 7.68844
7.67303 7.68609 7.69304 7.69527 7.69543 7.69124 7.68687 7.68929 7.69328 7.69484 7.69504 7.69484 7.69267 7.68540 7.68468 7.69266 7.69423 7.69259 7.68886 7.68814 7.69143 7.69011 7.69123 7.69377 7.69375 7.69250 7.69014 7.68596 7.68632 7.68725 7.68354 7.68531 7.69006 7.69006 7.68457 7.68257 7.68720 7.68713 7.68651 7.68574 7.68732 7.68855 7.68694 7.68502 7.68442 7.68581 7.68670 7.68634 7.68663 7.68574 7.68571 7.68624 7.68703 7.68899 7.68926 7.68886 7.68833 7.68768 7.68666 7.68527 7.68466 7.68546 7.68724 7.68785 7.68623 7.68760
7.67603 7.68367 7.68992 7.69441 7.69540 7.69185 7.68644 7.68862 7.69398 7.69437 7.69267 7.69164 7.68842 7.68266 7.68393 7.69269 7.69226 7.68773 7.68546 7.68755 7.68767 7.68709 7.68974 7.69237 7.69253 7.69189 7.69012 7.68599 7.68230 7.68255 7.68454 7.68825 7.68957 7.69003 7.68601 7.68200 7.68636 7.68843 7.68737 7.68861 7.68853 7.68843 7.68691 7.68501 7.68438 7.68462 7.68515 7.68454 7.68454 7.68250 7.68259 7.68494 7.68444 7.68582 7.68560 7.68541 7.68535 7.68510 7.68435 7.68351 7.68386 7.68550 7.68723 7.68813 7.68626 7.68640
7.68266 7.68361 7.68673 7.69293 7.69451 7.68968 7.68463 7.68872 7.69363 7.69180 7.68943 7.69065 7.68855 7.68662 7.68683 7.68755 7.68456 7.68252 7.68631 7.69041 7.68695 7.68350 7.68485 7.68848 7.68942 7.68865 7.68729 7.68524 7.68221 7.68189 7.68554 7.68944 7.68965 7.68822 7.68624 7.68067 7.68521 7.68940 7.68847 7.68839 7.68780 7.68737 7.68661 7.68464 7.68296 7.68076 7.67979 7.68013 7.67700 7.67805 7.68045 7.68221 7.68033 7.68047 7.68109 7.68198 7.68253 7.68267 7.68231 7.68239 7.68354 7.68495 7.68636 7.68702 7.68535 7.68503
7.68016 7.68565 7.68662 7.69054 7.69209 7.68653 7.68506 7.68932 7.69221 7.69098 7.68473 7.68702 7.69232 7.69268 7.68993 7.68231 7.67995 7.68345 7.68925 7.69096 7.68991 7.68695 7.68267 7.68265 7.68403 7.68511 7.68671 7.68713 7.68654 7.68628 7.68595 7.68835 7.68951 7.68725 7.68556 7.68001 7.68442 7.68821 7.68649 7.68673 7.68586 7.68568 7.68512 7.68327 7.68216 7.68112 7.67984 7.67862 7.67505 7.67547 7.67247 7.67852 7.67688 7.67764 7.67917 7.68002 7.68047 7.68066 7.68065 7.68134 7.68234 7.68281 7.68425 7.68472 7.68355 7.68377
7.68451 7.68711 7.68796 7.69024 7.69059 7.68689 7.68619 7.68640 7.68755 7.68883 7.68453 7.68678 7.69371 7.69389 7.68782 7.68278 7.68661 7.68870 7.68824 7.68783 7.68959 7.69016 7.68723 7.68290 7.68135 7.68309 7.68680 7.68824 7.68853 7.68696 7.68529 7.68755 7.68916 7.68775 7.68465 7.68132 7.68542 7.68714 7.68527 7.68566 7.68578 7.68465 7.68288 7.68242 7.68261 7.68256 7.68104 7.68040 7.67867 7.67188 7.67454 7.67848 7.67833 7.67889 7.67943 7.67947 7.67944 7.67955 7.68000 7.68104 7.68193 7.68126 7.68195 7.68226 7.68180 7.68247
7.68749 7.68829 7.68897 7.69129 7.69105 7.68934 7.68801 7.68666 7.68474 7.68637 7.68630 7.68879 7.69328 7.69202 7.68451 7.68456 7.69007 7.68682 7.68424 7.68769 7.68939 7.68870 7.68798 7.68620 7.68412 7.68295 7.68515 7.68790 7.68835 7.68667 7.68426 7.68556 7.68785 7.68727 7.68414 7.68196 7.68526 7.68507 7.68284 7.68429 7.68480 7.68305 7.68081 7.68156 7.68196 7.68157 7.67912 7.67759 7.67542 7.67338 7.67734 7.67950 7.68009 7.68013 7.67969 7.67941 7.67920 7.67928 7.67984 7.68066 7.68123 7.68066 7.68057 7.68027 7.67992 7.68042
7.68560 7.68474 7.68525 7.68911 7.68898 7.68889 7.68995 7.69007 7.68746 7.68599 7.68731 7.68903 7.69155 7.68814 7.68321 7.68689 7.68894 7.68373 7.68411 7.68955 7.68988 7.68665 7.68677 7.68872 7.68804 7.68548 7.68448 7.68617 7.68667 7.68594 7.68410 7.68404 7.68615 7.68513 7.68264 7.67863 7.68106 7.67845 7.67674 7.68124 7.68306 7.68041 7.67925 7.68082 7.68128 7.68002 7.67671 7.67340 7.66942 7.67322 7.67429 7.67826 7.67967 7.67952 7.67918 7.67911 7.67876 7.67832 7.67822 7.67845 7.67873 7.67853 7.67844 7.67801 7.67795 7.67865
7.68715 7.68514 7.68297 7.68637 7.68622 7.68803 7.68828 7.68962 7.68927 7.68716 7.68713 7.68907 7.68959 7.68613 7.68475 7.68671 7.68578 7.68222 7.68533 7.68982 7.69003 7.68629 7.68391 7.68730 7.68772 7.68470 7.68298 7.68390 7.68434 7.68383 7.68320 7.68421 7.68577 7.68455 7.68277 7.67949 7.67774 7.67356 7.67579 7.67727 7.68012 7.67737 7.67851 7.67885 7.67952 7.67790 7.67708 7.67672 7.67475 7.67163 7.67416 7.67672 7.67755 7.67730 7.67738 7.67729 7.67656 7.67516 7.67400 7.67378 7.67388 7.67377 7.67427 7.67528 7.67682 7.67857
7.68684 7.68490 7.68367 7.68631 7.68673 7.68709 7.68765 7.68894 7.68970 7.68899 7.68856 7.68981 7.68948 7.68652 7.68386 7.68419 7.68368 7.68340 7.68708 7.68951 7.68958 7.68758 7.68348 7.68497 7.68598 7.68326 7.68204 7.68304 7.68347 7.68299 7.68323 7.68437 7.68495 7.68404 7.68271 7.68187 7.67825 7.67633 7.67855 7.67581 7.67742 7.67635 7.67764 7.67695 7.67579 7.67609 7.67665 7.67498 7.67506 7.67497 7.67409 7.67229 7.67138 7.67210 7.67393 7.67364 7.67131 7.66877 7.66759 7.66778 7.66779 7.66759 7.66901 7.67252 7.67611 7.67844
7.68563 7.68375 7.68307 7.68537 7.68628 7.68617 7.68705 7.68829 7.68893 7.68904 7.68909 7.68916 7.68889 7.68769 7.68554 7.68463 7.68485 7.68615 7.68800 7.68884 7.68875 7.68772 7.68438 7.68412 7.68465 7.68275 7.68231 7.68304 7.68287 7.68219 7.68260 7.68275 7.68240 7.68214 7.68189 7.68051 7.67771 7.67756 7.67876 7.67592 7.67552 7.67625 7.67535 7.67423 7.67241 7.67226 7.67106 7.67244 7.67266 7.67206 7.66935 7.66434 7.66103 7.66119 7.66471 7.66592 7.66307 7.66178 7.66311 7.66499 7.66538 7.66490 7.66616 7.66988 7.67362 7.67621
7.68347 7.68155 7.68024 7.68242 7.68419 7.68491 7.68570 7.68667 7.68718 7.68757 7.68787 7.68799 7.68783 7.68735 7.68688 7.68644 7.68653 7.68696 7.68698 7.68730 7.68734 7.68614 7.68347 7.68368 7.68285 7.68246 7.68311 7.68313 7.68134 7.67741 7.67569 7.67758 7.67852 7.67827 7.67837 7.67760 7.67643 7.67700 7.67765 7.67566 7.67426 7.67504 7.67168 7.67013 7.67138 7.66608 7.66794 7.66882 7.67368 7.67299 7.66762 7.66137 7.65743 7.65369 7.65349 7.65785 7.65867 7.66072 7.66493 7.66823 7.66908 7.66832 7.66816 7.66991 7.67147 7.67190
7.68064 7.67922 7.67707 7.67775 7.67980 7.68121 7.68243 7.68361 7.68439 7.68514 7.68585 7.68631 7.68635 7.68620 7.68618 7.68612 7.68546 7.68462 7.68389 7.68379 7.68436 7.68435 7.68308 7.68194 7.68191 7.68294 7.68349 7.68268 7.68066 7.67796 7.67632 7.67687 7.67817 7.67767 7.67687 7.67631 7.67570 7.67589 7.67588 7.67438 7.67159 7.66991 7.66815 7.66810 7.67224 7.67059 7.66330 7.66750 7.67231 7.67083 7.66600 7.66333 7.66339 7.66198 7.65970 7.66246 7.66476 7.66798 7.67127 7.67319 7.67383 7.67362 7.67254 7.67257 7.67339 7.67185
7.67810 7.67684 7.67454 7.67352 7.67437 7.67516 7.67623 7.67763 7.67887 7.68076 7.68297 7.68406 7.68450 7.68463 7.68460 7.68387 7.68209 7.68168 7.68168 7.68074 7.68005 7.68146 7.68205 7.68167 7.68225 7.68259 7.68213 7.68113 7.68030 7.67847 7.67723 7.67827 7.67849 7.67790 7.67703 7.67568 7.67426 7.67349 7.67277 7.67145 7.66825 7.66478 7.66476 7.66901 7.67244 7.67307 7.66962 7.66508 7.66895 7.66838 7.66371 7.66525 7.66972 7.67050 7.67026 7.67190 7.67268 7.67389 7.67482 7.67571 7.67588 7.67521 7.67398 7.67371 7.67443 7.67319
7.67619 7.67460 7.67236 7.67033 7.66962 7.66973 7.67054 7.67110 7.67160 7.67339 7.67811 7.68115 7.68226 7.68268 7.68263 7.68073 7.67877 7.68041 7.68129 7.68055 7.67811 7.67676 7.67845 7.67917 7.67992 7.68009 7.67922 7.67809 7.67733 7.67745 7.67723 7.67674 7.67656 7.67632 7.67545 7.67313 7.67076 7.66943 7.66832 7.66736 7.66596 7.66547 7.66454 7.66752 7.67201 7.67190 7.67019 7.66432 7.66304 7.66496 7.66273 7.66714 7.67238 7.67255 7.67418 7.67561 7.67551 7.67582 7.67645 7.67657 7.67544 7.67390 7.67214 7.67152 7.67191 7.67049
7.67370 7.67185 7.67003 7.66839 7.66775 7.66858 7.66975 7.67022 7.66961 7.66787 7.67098 7.67707 7.67935 7.68021 7.68041 7.67855 7.67679 7.67881 7.67981 7.67966 7.67827 7.67447 7.67269 7.67304 7.67442 7.67599 7.67576 7.67498 7.67404 7.67322 7.67297 7.67217 7.67267 7.67312 7.67207 7.66853 7.66606 7.66527 7.66465 7.66488 7.66672 7.66722 7.66655 7.66585 7.67016 7.67053 7.67081 7.66820 7.66308 7.66232 7.66368 7.66938 7.67287 7.67334 7.67556 7.67640 7.67593 7.67576 7.67625 7.67535 7.67280 7.67165 7.66971 7.66662 7.66608 7.66398
7.66922 7.66812 7.66747 7.66737 7.66822 7.66989 7.67121 7.67181 7.67104 7.66705 7.66486 7.67111 7.67519 7.67622 7.67677 7.67674 7.67619 7.67666 7.67715 7.67666 7.67557 7.67348 7.66963 7.66736 7.66701 7.66942 7.67186 7.67143 7.67129 7.67084 7.67006 7.67051 7.67010 7.66991 7.66796 7.66382 7.66223 7.66287 7.66321 7.66500 7.66727 7.66655 7.66785 7.66845 7.66941 7.67163 7.67157 7.67133 7.66952 7.66711 7.66849 7.67208 7.67332 7.67197 7.67405 7.67593 7.67547 7.67502 7.67545 7.67426 7.67366 7.67476 7.67481 7.67219 7.66993 7.66759
7.66410 7.66484 7.66533 7.66584 7.66663 7.66850 7.67057 7.67144 7.67113 7.66878 7.66372 7.66465 7.66846 7.66986 7.67091 7.67267 7.67478 7.67584 7.67579 7.67433 7.67120 7.66912 7.66697 7.66370 7.66050 7.65917 7.66170 7.66684 7.66787 7.66805 7.66954 7.67011 7.66926 7.66826 7.66463 7.65951 7.65811 7.65958 7.66061 7.66503 7.66593 7.66469 7.66443 7.66817 7.67000 7.67175 7.67178 7.67128 7.67127 7.67034 7.67132 7.67271 7.67307 7.67182 7.67294 7.67490 7.67455 7.67347 7.67355 7.67473 7.67504 7.67461 7.67472 7.67530 7.67576 7.67531
7.66317 7.66428 7.66468 7.66436 7.66357 7.66465 7.66744 7.66946 7.66997 7.66910 7.66629 7.66323 7.66421 7.66695 7.66850 7.66911 7.67107 7.67312 7.67354 7.67137 7.66549 7.66255 7.66339 7.66252 7.66036 7.65746 7.65536 7.65954 7.66287 7.66574 7.66751 7.66736 7.66678 7.66593 7.66054 7.65330 7.65283 7.65552 7.65853 7.66040 7.66164 7.66041 7.66062 7.66533 7.66836 7.67001 7.67027 7.67047 7.67122 7.67089 7.67101 7.67171 7.67190 7.67093 7.67238 7.67279 7.66998 7.66893 7.67249 7.67536 7.67591 7.67514 7.67397 7.67393 7.67526 7.67634
7.66647 7.66612 7.66560 7.66452 7.66255 7.66130 7.66293 7.66646 7.66838 7.66748 7.66475 7.66263 7.66348 7.66691 7.66850 7.66742 7.66707 7.66847 7.66890 7.66406 7.65748 7.65984 7.66341 7.66488 7.66505 7.66425 7.66274 7.66301 7.66535 7.66668 7.66573 7.66385 7.66210 7.66083 7.65389 7.64665 7.65406 7.66135 7.66437 7.66223 7.66342 7.66087 7.65949 7.66322 7.66605 7.66736 7.66781 7.66839 7.66959 7.67024 7.67010 7.66974 7.66801 7.66535 7.66784 7.66758 7.66518 7.66862 7.67185 7.67415 7.67606 7.67651 7.67535 7.67301 7.67272 7.67408
7.66722 7.66693 7.66533 7.66473 7.66296 7.66046 7.65979 7.66174 7.66339 7.66131 7.66046 7.66106 7.66157 7.66432 7.66615 7.66485 7.66393 7.66468 7.66415 7.65770 7.65722 7.66327 7.66400 7.66403 7.66467 7.66585 7.66570 7.66642 7.66747 7.66670 7.66476 7.66120 7.65537 7.64826 7.64226 7.64599 7.65665 7.65949 7.66256 7.66268 7.66534 7.66604 7.66498 7.66578 7.66547 7.66512 7.66539 7.66533 7.66646 7.66777 7.66719 7.66475 7.66271 7.66221 7.66210 7.66432 7.66681 7.67101 7.67092 7.67212 7.67509 7.67633 7.67598 7.67346 7.67081 7.67094
7.66595 7.66562 7.66378 7.66392 7.66205 7.65983 7.65922 7.65977 7.65963 7.65954 7.66130 7.66054 7.65972 7.66155 7.66265 7.66240 7.66126 7.66171 7.66168 7.65699 7.66112 7.66326 7.66416 7.66376 7.66529 7.66654 7.66692 7.66697 7.66602 7.66350 7.66198 7.65874 7.64986 7.63623 7.63405 7.64697 7.65353 7.65710 7.66083 7.66544 7.66768 7.66814 7.66732 7.66503 7.66277 7.66146 7.66020 7.65836 7.65935 7.66201 7.66202 7.66069 7.66265 7.66669 7.66569 7.66762 7.67012 7.67186 7.67037 7.67012 7.67286 7.67483 7.67509 7.67348 7.67036 7.66833
7.66193 7.66516 7.66165 7.65925 7.65851 7.65782 7.65883 7.66085 7.66179 7.66284 7.66288 7.66033 7.65931 7.66082 7.65992 7.65989 7.65784 7.65688 7.65882 7.65608 7.66006 7.66122 7.66256 7.66498 7.66706 7.66723 7.66694 7.66578 7.66259 7.65992 7.65996 7.65746 7.64750 7.64248 7.64757 7.65581 7.65490 7.65796 7.66310 7.66694 7.66800 7.66749 7.66538 7.66228 7.66022 7.65856 7.65569 7.65077 7.64935 7.65433 7.65641 7.65727 7.66243 7.66691 7.66803 7.66958 7.67060 7.67144 7.67034 7.66873 7.66918 7.67120 7.67268 7.67244 7.67001 7.66663
7.65940 7.66061 7.65988 7.65870 7.65608 7.65516 7.65724 7.66064 7.66260 7.66305 7.66205 7.65954 7.65849 7.65899 7.65632 7.65575 7.65314 7.64877 7.65034 7.65224 7.65611 7.65672 7.65443 7.65658 7.66351 7.66565 7.66501 7.66271 7.65997 7.66025 7.65887 7.65670 7.64674 7.64771 7.65471 7.65477 7.65604 7.65969 7.66352 7.66618 7.66699 7.66552 7.66209 7.65975 7.65949 7.65937 7.65813 7.65628 7.65327 7.65266 7.64907 7.65153 7.65918 7.66415 7.66668 7.66877 7.66937 7.67043 7.67009 7.66837 7.66668 7.66653 7.66828 7.66954 7.66815 7.66533
7.65672 7.65497 7.65860 7.66032 7.65624 7.65309 7.65464 7.65852 7.66110 7.66151 7.66066 7.65824 7.65575 7.65480 7.65407 7.65466 7.65244 7.64736 7.64493 7.64980 7.65472 7.65626 7.65480 7.65101 7.65606 7.66207 7.65967 7.65705 7.65759 7.65887 7.65658 7.65299 7.64483 7.64855 7.65715 7.65475 7.65396 7.65674 7.66159 7.66483 7.66546 7.66299 7.65823 7.65707 7.65953 7.66167 7.66216 7.66159 7.65901 7.65491 7.64808 7.65239 7.65594 7.65996 7.66449 7.66714 7.66756 7.66871 7.66884 7.66800 7.66675 7.66512 7.66394 7.66445 7.66481 7.66505
7.65259 7.65207 7.65834 7.65925 7.65507 7.65104 7.65168 7.65531 7.65835 7.65893 7.65798 7.65461 7.65042 7.65060 7.65456 7.65461 7.65345 7.65190 7.64988 7.65296 7.65737 7.65900 7.65743 7.65091 7.65381 7.65596 7.65149 7.65193 7.65441 7.65595 7.65262 7.64799 7.64584 7.65390 7.65803 7.65659 7.65305 7.65307 7.65887 7.66292 7.66337 7.66056 7.65406 7.65401 7.65953 7.66182 7.66296 7.66280 7.66129 7.65651 7.65588 7.65802 7.65608 7.65856 7.66259 7.66414 7.66482 7.66626 7.66703 7.66708 7.66597 7.66310 7.66022 7.66023 7.66302 7.66649
7.65115 7.65205 7.65694 7.65736 7.65184 7.64842 7.64901 7.65025 7.65241 7.65264 7.65201 7.64907 7.64524 7.64521 7.65207 7.65206 7.65171 7.65423 7.65416 7.65532 7.65792 7.65860 7.65728 7.65155 7.65162 7.65089 7.64994 7.65419 7.65524 7.65550 7.65329 7.65141 7.65309 7.65702 7.65779 7.65682 7.65230 7.65110 7.65677 7.66036 7.66031 7.65795 7.65071 7.65004 7.65851 7.66066 7.66229 7.66248 7.66187 7.65983 7.66026 7.66122 7.65775 7.65827 7.66077 7.66176 7.66365 7.66499 7.66541 7.66484 7.66256 7.65918 7.65712 7.65868 7.66382 7.66745
7.65125 7.65157 7.65493 7.65653 7.64811 7.64521 7.64620 7.64419 7.64330 7.64463 7.64733 7.64738 7.64630 7.64126 7.64446 7.64830 7.65066 7.65282 7.65209 7.65378 7.65687 7.65676 7.65509 7.65251 7.65139 7.65274 7.65150 7.65330 7.65482 7.65500 7.65286 7.65111 7.65350 7.65626 7.65497 7.65343 7.64930 7.64899 7.65419 7.65597 7.65313 7.65025 7.64649 7.64727 7.65523 7.65813 7.66056 7.66156 7.66099 7.65971 7.66136 7.66258 7.66101 7.66017 7.66153 7.66310 7.66465 7.66475 7.66355 7.66143 7.65861 7.65631 7.65621 7.65961 7.66451 7.66678
7.65009 7.65066 7.65357 7.65555 7.65088 7.64212 7.64219 7.64190 7.64102 7.64320 7.64747 7.65065 7.65081 7.64408 7.63947 7.64513 7.65134 7.65061 7.65069 7.65404 7.65491 7.65324 7.65142 7.64843 7.65086 7.65044 7.64803 7.64853 7.65137 7.65140 7.65008 7.64798 7.64977 7.64961 7.65145 7.64943 7.64447 7.64341 7.64729 7.64381 7.63726 7.63655 7.63721 7.64312 7.65065 7.65256 7.65559 7.65894 7.65836 7.65761 7.66095 7.66157 7.66070 7.66084 7.66194 7.66281 7.66307 7.66245 7.66055 7.65842 7.65653 7.65585 7.65685 7.65999 7.66346 7.66479
