mrvbf_slope1.2_pctl1.3.asc
NCOLS 410
NROWS 410
XLLCORNER 2398750.0000000000000000
YLLCORNER 2548750.0000000000000000
CELLSIZE 250.0000000000000000
NODATA_VALUE -99999.00000
[rows 116 to 144 of 410, columns 198 to 263 of 410]
7.69877 7.72272 7.72240 7.71475 7.71431 7.70362 7.67598 7.70195 7.71101 7.72334 7.72087 7.72056 7.72643 7.72799 7.72801 7.72895 7.72809 7.72636 7.72586 7.72588 7.72214 7.71656 7.71484 7.71534 7.71762 7.71759 7.71677 7.71347 7.70950 7.70958 7.70731 7.70830 7.70893 7.70625 7.70447 7.70183 7.70058 7.70212 7.70386 7.70365 7.70443 7.70402 7.70266 7.70224 7.70154 7.70086 7.69904 7.70117 7.70257 7.70030 7.69778 7.69623 7.69450 7.68835 7.68654 7.69019 7.69093 7.68986 -99999.00000 -99999.00000 -99999.00000 -99999.00000 -99999.00000 -99999.00000 -99999.00000 -99999.00000
7.63128 7.70783 7.71625 7.71915 7.71260 7.71542 7.71200 7.70640 7.71449 7.71878 7.71856 7.71998 7.72252 7.72498 7.72692 7.72783 7.72682 7.72545 7.72486 7.72554 7.72219 7.71406 7.71336 7.71222 7.71171 7.71565 7.71629 7.71441 7.71141 7.70905 7.70713 7.70784 7.70665 7.70492 7.70474 7.70220 7.70092 7.70111 7.69994 7.70019 7.70192 7.70238 7.70048 7.70067 7.70023 7.70002 7.69997 7.70097 7.69939 7.69581 7.69414 7.69396 7.69215 7.68552 7.68661 7.68858 7.68828 7.68833 7.68669 7.67612 -99999.00000 -99999.00000 -99999.00000 -99999.00000 -99999.00000 -99999.00000
7.59340 7.69980 7.72041 7.72089 7.71345 7.71198 7.71953 7.71631 7.71014 7.71895 7.71593 7.71863 7.72477 7.72413 7.72515 7.72630 7.72624 7.72598 7.72522 7.72270 7.71972 7.71485 7.71143 7.71598 7.71228 7.71421 7.71614 7.71351 7.71195 7.71000 7.70668 7.70619 7.70334 7.70342 7.70524 7.70206 7.70009 7.69862 7.69844 7.69999 7.70175 7.70048 7.69879 7.69860 7.70012 7.69965 7.70152 7.70088 7.69685 7.69408 7.69534 7.69371 7.69185 7.68966 7.68472 7.68748 7.68850 7.68710 7.68154 7.67437 7.67045 -99999.00000 -99999.00000 -99999.00000 -99999.00000 -99999.00000
7.67520 7.71486 7.72409 7.72245 7.70206 7.69080 7.70930 7.71998 7.71966 7.72318 7.72245 7.72127 7.72324 7.72065 7.72361 7.72520 7.72598 7.72559 7.72445 7.72344 7.71974 7.71586 7.71286 7.71508 7.70870 7.71275 7.71496 7.71244 7.71196 7.70973 7.70621 7.70477 7.70455 7.70469 7.70332 7.70045 7.69959 7.69868 7.69953 7.70195 7.70128 7.69727 7.69557 7.69647 7.69755 7.69837 7.70064 7.69953 7.69592 7.69311 7.69492 7.69432 7.69283 7.69010 7.68500 7.68486 7.68863 7.68607 7.68212 7.67935 7.67437 7.67187 -99999.00000 -99999.00000 -99999.00000 -99999.00000
7.71199 7.71929 7.72478 7.71333 7.67380 7.66320 7.68506 7.71609 7.72388 7.72550 7.72391 7.71920 7.71631 7.71466 7.71932 7.72068 7.72316 7.72408 7.72279 7.72167 7.72047 7.71804 7.71500 7.70772 7.70468 7.70651 7.71158 7.71067 7.71015 7.70835 7.70637 7.70458 7.70689 7.70662 7.70278 7.70143 7.70099 7.69945 7.70014 7.70194 7.70105 7.69834 7.69555 7.69683 7.69739 7.69748 7.69904 7.69841 7.69512 7.69205 7.69151 7.69221 7.69119 7.68702 7.68431 7.68773 7.68831 7.68608 7.68433 7.68241 7.67973 7.68006 7.68565 -99999.00000 -99999.00000 -99999.00000
7.71400 7.71257 7.71746 7.70434 7.63288 7.65102 7.64941 7.70898 7.72126 7.72292 7.72348 7.72037 7.71266 7.71382 7.71790 7.71592 7.71730 7.72059 7.72046 7.71912 7.71927 7.71722 7.71305 7.70758 7.70761 7.70128 7.70574 7.70771 7.70838 7.70850 7.70664 7.70442 7.70674 7.70622 7.70292 7.70047 7.69983 7.69931 7.69945 7.69978 7.70140 7.69981 7.69821 7.69865 7.69730 7.69501 7.69587 7.69676 7.69508 7.69171 7.68936 7.68841 7.68736 7.68547 7.68742 7.68891 7.68874 7.68773 7.68421 7.68060 7.68022 7.68108 7.68605 7.68773 -99999.00000 -99999.00000
7.67939 7.66326 7.68646 7.68892 7.60044 7.59862 7.64835 7.70651 7.71807 7.72275 7.72241 7.71858 7.71654 7.71174 7.71396 7.71249 7.71429 7.71569 7.71572 7.71593 7.71656 7.71694 7.71566 7.70950 7.70661 7.69839 7.69746 7.70724 7.70979 7.70877 7.70643 7.70734 7.70806 7.70559 7.69935 7.69585 7.69452 7.69722 7.69835 7.69819 7.69835 7.69871 7.69576 7.69532 7.69649 7.69608 7.69375 7.69422 7.69350 7.69028 7.68694 7.68509 7.68612 7.68688 7.68820 7.68874 7.68766 7.68589 7.68239 7.68129 7.68248 7.68181 7.68280 7.68710 7.68947 -99999.00000
7.66440 7.67293 7.64822 7.66899 7.66486 7.61823 7.69130 7.71337 7.71488 7.71876 7.71894 7.71836 7.71920 7.71696 7.71708 7.71508 7.71543 7.71273 7.71179 7.71306 7.71130 7.71269 7.71197 7.70319 7.70184 7.68903 7.69182 7.70277 7.70779 7.70889 7.70757 7.70601 7.70547 7.70114 7.69713 7.69201 7.69276 7.69421 7.69552 7.69714 7.69611 7.69707 7.69358 7.69132 7.69292 7.69425 7.69324 7.69090 7.68882 7.68948 7.68779 7.68496 7.68468 7.68664 7.68723 7.68630 7.68428 7.68290 7.68326 7.68469 7.68249 7.67900 7.68177 7.68390 7.68608 -99999.00000
7.67204 7.64707 7.66008 7.69449 7.66750 7.69027 7.71231 7.71542 7.71752 7.71783 7.71780 7.71961 7.71916 7.71850 7.71415 7.71497 7.71652 7.71545 7.71256 7.70904 7.70960 7.71285 7.71110 7.70456 7.69152 7.68809 7.69672 7.68980 7.70030 7.70833 7.70512 7.70298 7.70106 7.69839 7.69882 7.69277 7.69000 7.69283 7.69284 7.69318 7.69258 7.69439 7.69230 7.69117 7.69147 7.69141 7.69143 7.68793 7.68542 7.68668 7.68494 7.68177 7.68122 7.68589 7.68498 7.68354 7.68441 7.68390 7.68379 7.68354 7.67976 7.67710 7.68018 7.67996 7.67929 7.68034
7.70825 7.65877 7.59515 7.67700 7.70570 7.71598 7.71822 7.71872 7.71898 7.71741 7.71699 7.71637 7.71558 7.71066 7.69722 7.70593 7.71309 7.71460 7.71484 7.71235 7.70946 7.70783 7.70681 7.70080 7.69549 7.69798 7.68993 7.67285 7.67948 7.69402 7.68896 7.69226 7.69284 7.69683 7.69847 7.69728 7.69680 7.69497 7.69373 7.69240 7.68930 7.68484 7.68818 7.69119 7.69140 7.68981 7.68940 7.68473 7.68280 7.68621 7.68650 7.68380 7.68142 7.68128 7.68169 7.68104 7.68388 7.68177 7.67969 7.68191 7.68143 7.67685 7.67341 7.67567 7.67748 7.67914
7.70014 7.59028 7.58725 7.58744 7.69666 7.71385 7.71302 7.71568 7.71634 7.71395 7.70566 7.70244 7.70684 7.69444 7.69660 7.69957 7.70778 7.71401 7.71360 7.71476 7.71369 7.71151 7.70988 7.70665 7.70357 7.69402 7.67381 7.65446 7.66351 7.65999 7.68084 7.69412 7.69665 7.69778 7.69250 7.69304 7.69603 7.69502 7.69271 7.69376 7.69032 7.68415 7.68241 7.68912 7.68995 7.68916 7.68787 7.68666 7.68517 7.68422 7.68623 7.68499 7.67916 7.67585 7.67719 7.67899 7.68195 7.68098 7.68217 7.67957 7.67809 7.67308 7.66138 7.66737 7.67503 7.68006
7.70939 7.64034 7.54435 7.60755 7.69143 7.71199 7.71205 7.71174 7.71173 7.69600 7.65915 7.67391 7.69160 7.67890 7.68923 7.71013 7.71604 7.71476 7.71476 7.71519 7.71472 7.71252 7.71050 7.70800 7.70525 7.70043 7.68864 7.67205 7.67245 7.67953 7.68137 7.68894 7.69024 7.69298 7.69157 7.69668 7.69831 7.69428 7.69211 7.69217 7.68803 7.68213 7.68581 7.68765 7.68781 7.68959 7.68928 7.68603 7.68478 7.68439 7.68461 7.68266 7.67864 7.67263 7.66986 7.67203 7.68011 7.68170 7.68093 7.67972 7.67810 7.66974 7.66496 7.65917 7.67079 7.67584
7.71501 7.69280 7.63280 7.65872 7.64855 7.69741 7.70983 7.70760 7.69886 7.66458 7.64472 7.64155 7.63238 7.63097 7.66704 7.70967 7.71691 7.71539 7.71357 7.71408 7.71354 7.71197 7.71055 7.70876 7.70414 7.70640 7.70237 7.69304 7.68425 7.69244 7.69157 7.69616 7.69667 7.69911 7.69749 7.69635 7.69342 7.69334 7.68865 7.68793 7.68647 7.68497 7.68662 7.68750 7.68690 7.68871 7.68937 7.68752 7.68406 7.68278 7.68284 7.68060 7.67891 7.67346 7.67078 7.67830 7.68181 7.68021 7.67820 7.67930 7.67646 7.67178 7.66235 7.66964 7.67423 7.67370
7.71657 7.71133 7.68805 7.63198 7.60523 7.66207 7.68407 7.68970 7.66523 7.64577 7.63522 7.63651 7.60427 7.62063 7.64491 7.70306 7.71325 7.71394 7.71397 7.71363 7.71266 7.71160 7.71022 7.70850 7.70494 7.70516 7.70220 7.69706 7.68507 7.69140 7.68307 7.69532 7.69601 7.69835 7.69495 7.68760 7.67983 7.68566 7.68621 7.68471 7.68369 7.68433 7.68636 7.68551 7.68560 7.68812 7.68724 7.68550 7.68366 7.68332 7.68287 7.68006 7.67710 7.67666 7.67796 7.68041 7.68100 7.67761 7.67494 7.67596 7.67450 7.67380 7.67187 7.67411 7.67580 7.67471
7.71880 7.71681 7.69734 7.61840 7.62116 7.55299 7.57525 7.62039 7.65853 7.62541 7.60237 7.63328 7.65006 7.61911 7.67433 7.70139 7.70675 7.70916 7.71208 7.71230 7.71191 7.70892 7.70726 7.70702 7.70589 7.70248 7.69954 7.69976 7.69315 7.68339 7.69104 7.69157 7.69159 7.69236 7.68765 7.67375 7.67783 7.66753 7.67572 7.68017 7.68082 7.68303 7.68471 7.68550 7.68779 7.68790 7.68554 7.68471 7.68408 7.68360 7.68302 7.68128 7.67718 7.67534 7.67768 7.67805 7.67787 7.67715 7.67308 7.66904 7.67347 7.67634 7.67598 7.67457 7.67443 7.67252
7.71890 7.71774 7.71144 7.67864 7.59771 7.56481 7.61305 7.58566 7.61900 7.61952 7.64468 7.60943 7.63506 7.65378 7.66467 7.69002 7.70078 7.70561 7.70997 7.71133 7.70907 7.70609 7.70630 7.70603 7.70373 7.69873 7.69986 7.70176 7.69904 7.69328 7.69282 7.68928 7.68843 7.69284 7.68891 7.67810 7.66692 7.66914 7.67262 7.66845 7.67651 7.67942 7.68244 7.68482 7.68511 7.68407 7.68491 7.68492 7.68375 7.68238 7.68003 7.67840 7.67592 7.67599 7.67844 7.67682 7.67512 7.67590 7.67342 7.67071 7.66731 7.67292 7.67462 7.67037 7.66927 7.66957
7.71423 7.71541 7.71425 7.70758 7.68892 7.67183 7.62467 7.65913 7.62837 7.58513 7.60942 7.50331 7.47416 7.55079 7.53785 7.64279 7.68890 7.70012 7.70556 7.70852 7.70551 7.70531 7.70667 7.70648 7.70320 7.70055 7.69735 7.69973 7.69919 7.69750 7.68854 7.68502 7.68507 7.69099 7.69131 7.68813 7.68565 7.68153 7.67137 7.67292 7.67370 7.66850 7.67716 7.67947 7.68020 7.67991 7.68074 7.68230 7.68232 7.67970 7.67734 7.67731 7.67622 7.67482 7.67628 7.67518 7.67593 7.67555 7.67283 7.67053 7.66944 7.66814 7.66962 7.66475 7.66210 7.66257
7.70800 7.71268 7.71336 7.71070 7.70878 7.70452 7.68797 7.67260 7.60007 7.58030 7.60758 7.51436 7.35647 7.39332 7.55365 7.55242 7.65502 7.69057 7.69843 7.70256 7.70492 7.70573 7.70650 7.70584 7.70444 7.70029 7.70005 7.69828 7.69791 7.69409 7.68886 7.68398 7.68965 7.69078 7.69200 7.68994 7.69170 7.68158 7.66347 7.66301 7.66740 7.66969 7.67189 7.67383 7.67424 7.67787 7.67397 7.67930 7.67968 7.67731 7.67791 7.67596 7.67169 7.67033 7.67309 7.67496 7.67500 7.67470 7.67338 7.67074 7.66720 7.66882 7.66473 7.65918 7.65977 7.66376
7.69602 7.70776 7.70750 7.70233 7.70523 7.70578 7.70338 7.69350 7.64872 7.57509 7.49533 7.27888 7.19615 7.14275 7.43113 7.60600 7.63433 7.67024 7.69050 7.69807 7.70175 7.70326 7.70348 7.69861 7.69933 7.69831 7.69426 7.69579 7.69565 7.69045 7.68834 7.68644 7.68994 7.69049 7.68789 7.68469 7.68663 7.67425 7.65935 7.63539 7.66229 7.67212 7.67137 7.66962 7.67265 7.67569 7.67192 7.67611 7.67843 7.67698 7.67530 7.67456 7.67472 7.67063 7.66626 7.67137 7.67247 7.67394 7.67360 7.67136 7.66943 7.66590 7.66119 7.65449 7.66005 7.66537
7.68596 7.70105 7.70184 7.70388 7.70121 7.70411 7.70247 7.70017 7.69128 7.66732 7.63311 7.53345 7.36533 7.00948 7.30871 7.54761 7.63084 7.63781 7.67346 7.67072 7.69001 7.69779 7.68985 7.67493 7.68429 7.69689 7.69814 7.69665 7.69620 7.68821 7.68604 7.68669 7.68634 7.68422 7.68009 7.68057 7.67823 7.66851 7.61509 7.58367 7.61902 7.66031 7.66631 7.66819 7.67177 7.67533 7.66826 7.67063 7.67057 7.67402 7.67214 7.66930 7.67084 7.66778 7.66473 7.66301 7.66373 7.67076 7.67274 7.67122 7.67092 7.66513 7.65883 7.65257 7.66263 7.66263
7.68939 7.69608 7.70134 7.69963 7.70298 7.70623 7.70564 7.70290 7.69796 7.68375 7.67045 7.64504 7.61196 7.42413 7.40174 7.36519 7.54736 7.61923 7.62295 7.55476 7.64087 7.68320 7.67072 7.66727 7.66507 7.68963 7.69724 7.69361 7.69249 7.69141 7.69083 7.68625 7.68583 7.68180 7.66636 7.65532 7.66733 7.63537 7.54578 7.57101 7.58203 7.65104 7.66562 7.66714 7.66796 7.67241 7.66920 7.67148 7.66824 7.66225 7.66660 7.66940 7.67127 7.66543 7.66089 7.66439 7.66165 7.65919 7.66621 7.67076 7.67012 7.66655 7.66019 7.65433 7.65994 7.66183
7.68852 7.69537 7.69719 7.70124 7.70516 7.70588 7.70496 7.70431 7.70242 7.69472 7.67935 7.67289 7.65876 7.54851 7.35155 7.43791 7.50222 7.50101 7.52355 7.53679 7.54441 7.66036 7.65819 7.64829 7.65312 7.66877 7.68072 7.68371 7.68705 7.69189 7.69244 7.68943 7.68583 7.66910 7.63414 7.64491 7.63189 7.58767 7.58005 7.54070 7.63025 7.66425 7.66701 7.66810 7.67203 7.67336 7.66865 7.66935 7.66163 7.66260 7.67008 7.67061 7.66667 7.66311 7.66038 7.65914 7.65798 7.66062 7.66203 7.66913 7.66398 7.66328 7.66159 7.65669 7.65677 7.66159
7.69352 7.69756 7.69733 7.69981 7.70389 7.70490 7.70361 7.70327 7.70230 7.69958 7.69260 7.68882 7.67778 7.64446 7.55818 7.50612 7.44272 7.56829 7.58153 7.50711 7.58945 7.62669 7.57712 7.62524 7.54950 7.56184 7.60621 7.62950 7.67169 7.68713 7.68676 7.68183 7.67794 7.67301 7.65408 7.62984 7.65265 7.62714 7.58357 7.63077 7.66208 7.66721 7.66882 7.67139 7.67408 7.67229 7.66813 7.66583 7.66072 7.66971 7.67056 7.66591 7.66435 7.66597 7.66267 7.66154 7.66329 7.66053 7.66513 7.66695 7.66340 7.65971 7.66297 7.66157 7.65714 7.65727
7.69308 7.69595 7.69745 7.69573 7.69816 7.70112 7.69980 7.69969 7.69826 7.69777 7.69688 7.69542 7.68914 7.67904 7.66160 7.64742 7.62415 7.60220 7.63615 7.58368 7.49954 7.42688 7.57261 7.64312 7.56078 7.56795 7.59579 7.59465 7.64061 7.67900 7.68449 7.68012 7.67613 7.67935 7.67503 7.67147 7.67348 7.66460 7.65635 7.66790 7.66975 7.66847 7.66950 7.67100 7.67334 7.66989 7.66279 7.66373 7.66959 7.67226 7.66887 7.66546 7.66619 7.66445 7.66428 7.66347 7.66920 7.66616 7.66456 7.66403 7.65816 7.65886 7.65882 7.65582 7.65477 7.65331
7.68885 7.69263 7.69118 7.69046 7.69214 7.69665 7.69616 7.69580 7.69522 7.69435 7.69506 7.69528 7.69473 7.69039 7.68432 7.68083 7.67499 7.65790 7.59842 7.52011 7.54670 7.41886 7.36745 7.59899 7.52891 7.54188 7.58423 7.61513 7.66501 7.68166 7.68225 7.68443 7.68417 7.68097 7.67957 7.67874 7.67804 7.67382 7.67388 7.67289 7.67104 7.67100 7.67332 7.67385 7.67384 7.66900 7.66702 7.66905 7.67225 7.67172 7.66792 7.66712 7.66945 7.66709 7.66557 7.66589 7.66722 7.66756 7.66947 7.66656 7.66224 7.65856 7.64840 7.65036 7.64723 7.65089
7.68890 7.68591 7.68374 7.68504 7.69021 7.69142 7.69124 7.69122 7.69171 7.69161 7.69130 7.69154 7.69312 7.69343 7.68942 7.68570 7.68274 7.67777 7.65056 7.55655 7.52475 7.46335 7.43329 7.61672 7.64994 7.64139 7.63148 7.65975 7.67255 7.67761 7.68136 7.68509 7.68553 7.68442 7.68232 7.67949 7.67988 7.67681 7.67288 7.67209 7.67443 7.67411 7.67430 7.67482 7.67444 7.67216 7.67273 7.67155 7.67068 7.66931 7.66707 7.66807 7.67257 7.67225 7.67026 7.67165 7.67084 7.66698 7.66817 7.66788 7.66485 7.66246 7.65331 7.64792 7.65090 7.64905
7.68394 7.67909 7.68048 7.67467 7.67905 7.68699 7.68892 7.68828 7.68834 7.68859 7.68836 7.68732 7.69001 7.69059 7.68743 7.68742 7.68789 7.68210 7.66548 7.59146 7.52247 7.51264 7.49402 7.49096 7.62737 7.56337 7.47818 7.61702 7.66495 7.67188 7.67619 7.67975 7.68253 7.68205 7.68270 7.68010 7.67829 7.67647 7.67390 7.67504 7.67554 7.67340 7.67399 7.67401 7.67446 7.67484 7.67417 7.67182 7.66915 7.66864 7.66606 7.66598 7.67141 7.67303 7.67289 7.67253 7.67061 7.66738 7.66678 7.66728 7.66465 7.66507 7.66194 7.65850 7.65191 7.65256
7.67178 7.66159 7.66081 7.66061 7.65994 7.67193 7.68090 7.68270 7.68365 7.68630 7.68572 7.68388 7.68538 7.68613 7.68537 7.68735 7.68730 7.68217 7.65544 7.55260 7.55507 7.58778 7.61372 7.50385 7.55539 7.40450 7.36746 7.43977 7.63774 7.66303 7.66631 7.66695 7.67614 7.67862 7.67958 7.67797 7.67611 7.67634 7.67456 7.67457 7.67404 7.67358 7.67200 7.67250 7.67413 7.67467 7.67448 7.67282 7.66682 7.66461 7.66587 7.66764 7.67083 7.67321 7.67344 7.67253 7.67166 7.66910 7.66511 7.66367 7.66312 7.66389 7.66235 7.66013 7.65651 7.65559
7.65286 7.65361 7.65592 7.65752 7.65163 7.65596 7.66659 7.67450 7.67834 7.68080 7.68098 7.68159 7.68122 7.68235 7.68595 7.68569 7.68567 7.68388 7.67367 7.62707 7.51253 7.45856 7.56302 7.48578 7.60701 7.47589 7.53483 7.43692 7.62129 7.63611 7.62179 7.62802 7.65198 7.67007 7.67165 7.67280 7.67368 7.67520 7.67449 7.67450 7.67473 7.67261 7.67253 7.67251 7.67139 7.67088 7.67135 7.67089 7.66491 7.66167 7.66573 7.66753 7.67019 7.67237 7.67287 7.67254 7.67132 7.66857 7.66380 7.66066 7.66144 7.66315 7.66315 7.66046 7.65919 7.65706
