mrvbf_slope0.6_pctl1.4.asc
NCOLS 410
NROWS 410
XLLCORNER 2398750.0000000000000000
YLLCORNER 2548750.0000000000000000
CELLSIZE 250.0000000000000000
NODATA_VALUE -99999.00000
[rows 232 to 260 of 410, columns 198 to 263 of 410]
3.79073 4.28871 4.37724 4.43189 4.44045 4.35528 4.11889 4.01351 4.21967 4.24000 4.14197 4.09904 4.02161 3.95788 4.10331 3.80406 3.85378 4.12272 4.22233 4.24345 3.95467 3.72707 3.56518 3.34280 3.17881 2.90357 2.96724 3.27175 3.40806 3.57289 3.64931 3.42081 3.41097 3.40862 3.41913 3.49130 3.85440 4.13792 3.55692 3.02512 2.77413 2.52282 2.31178 2.40558 2.48602 2.71892 2.26227 1.96798 1.89306 1.94596 2.07030 2.23890 2.36271 2.50584 2.80229 2.96891 3.11902 3.28682 3.43998 3.60981 3.55058 3.47245 3.31478 2.99676 2.63895 2.53413
3.37470 3.66623 3.93584 4.07712 4.13162 4.13999 3.99962 3.96535 4.07454 3.93846 3.84261 3.78907 3.69767 3.61475 3.59126 3.18148 3.12619 3.21189 3.40624 3.49537 3.32542 3.45751 3.46726 3.20708 3.21073 3.33545 3.50250 3.61155 3.32159 3.35018 3.45111 3.29451 3.50570 3.65170 3.55442 3.30833 3.48017 3.65360 3.05072 2.77557 2.61513 2.38333 2.29791 2.42320 2.30185 2.37210 2.15158 1.99937 1.94059 1.95841 2.11130 2.38948 2.73570 3.15828 3.58261 3.60561 3.70616 3.86298 3.92316 3.93905 3.96806 3.95403 3.82941 3.45513 2.94145 2.68892
3.64077 3.59941 3.80192 3.94209 3.96845 4.12942 4.02308 3.69008 3.51535 3.20980 2.92030 2.73384 2.63485 2.65974 2.73400 2.64630 2.64679 2.66588 2.68205 2.67842 2.67637 2.95646 3.43007 3.15380 3.14553 3.53927 3.95376 3.90810 3.42535 3.20680 3.23334 3.20796 3.52837 3.85822 3.54844 3.28816 3.43020 3.38258 2.88193 2.73094 2.67057 2.57665 2.72604 2.80132 2.43387 2.29474 2.18450 2.05532 1.98883 2.06229 2.30770 2.75014 3.27612 3.69526 3.77664 3.82905 3.97988 4.11665 4.12449 4.11418 4.14466 4.11657 4.02060 3.85524 3.43097 2.99060
4.21522 4.20399 4.20279 4.26454 4.18498 4.15346 3.78401 3.13277 3.02825 2.91516 2.62021 2.33155 2.18481 2.36248 2.56724 2.78491 2.93059 2.96065 2.68027 2.47165 2.51442 2.66770 3.06125 3.17304 3.24270 3.57356 3.82232 3.91659 3.66834 3.31305 3.10245 3.19680 3.56751 3.77522 3.51639 3.33089 3.39155 3.14843 2.82054 2.81082 2.82581 2.72181 2.85153 3.03746 2.69762 2.44821 2.28342 2.11571 2.13232 2.38559 2.82066 3.33679 3.63841 3.76490 3.80650 3.90911 4.04506 4.12458 4.14759 4.15705 4.18058 4.18717 4.11560 4.00876 3.79528 3.45200
4.18322 4.24258 4.27152 4.30860 4.27960 4.17895 3.43093 2.76660 2.86750 3.25132 3.30191 3.19067 3.01328 2.71991 3.02061 3.58937 3.40287 3.17813 3.01086 2.85317 2.99853 2.77663 3.01144 3.51618 3.59259 3.57158 3.55749 3.50319 3.55994 3.54108 3.35035 3.42514 3.61739 3.69116 3.52724 3.35705 3.40291 3.06396 2.88795 3.09979 3.07592 2.71769 2.65126 2.93497 2.89180 2.63205 2.40056 2.26845 2.42412 2.92413 3.33725 3.55345 3.69930 3.72893 3.67799 3.67077 3.73818 3.82469 3.87778 3.89685 3.94287 4.03495 4.07559 4.07253 3.91857 3.59520
4.29459 4.32206 4.37428 4.40080 4.35510 3.99078 3.13208 2.66422 3.01710 3.78143 4.04189 3.97659 3.83974 3.41002 3.27447 3.69665 3.72474 3.16606 2.72653 2.81981 3.18133 2.88139 3.07749 3.70382 3.85432 3.75311 3.71279 3.48486 3.24799 3.30549 3.49570 3.60081 3.62671 3.75558 3.60689 3.34018 3.31761 3.03098 3.00979 3.33739 3.28249 2.79896 2.55958 2.73251 2.93670 2.79217 2.59613 2.57919 2.94010 3.39535 3.62211 3.65488 3.60364 3.38152 3.17385 3.13346 3.20442 3.30234 3.36505 3.38845 3.42776 3.53914 3.70540 3.90548 3.98896 3.72102
4.37356 4.41216 4.44669 4.37930 4.20667 3.81723 3.15698 2.85555 3.44465 4.01143 3.98102 3.90076 3.70696 3.62407 3.45038 3.58251 3.30067 2.54800 2.13383 2.41402 2.78358 2.58389 2.85032 3.35356 3.44353 3.47418 3.66125 3.60255 3.19962 3.17942 3.56321 3.63735 3.72875 3.79977 3.59606 3.33347 3.20193 3.09490 3.11573 3.30297 3.23213 2.87384 2.60065 2.64215 2.86514 2.89803 2.81856 2.86899 3.15999 3.52898 3.71051 3.61383 3.27854 2.86262 2.63494 2.68148 2.78504 2.88052 2.95719 2.97610 2.96517 3.05760 3.32233 3.65268 3.95445 3.92210
4.21835 4.16524 4.15496 4.06466 4.04515 3.93676 3.45803 3.22470 3.56494 3.80273 3.95760 4.10866 3.92395 3.76474 3.77200 3.58743 2.69430 1.99937 1.80211 2.31902 2.48992 2.29003 2.59970 2.97777 3.00333 2.99888 3.10641 3.10199 2.87585 3.08941 3.45016 3.47148 3.48912 3.50769 3.41402 3.23328 3.13287 3.16089 3.08911 3.04132 2.93180 2.83261 2.69080 2.60538 2.71997 2.83407 2.88916 3.04457 3.28384 3.58229 3.69028 3.41078 2.93755 2.55791 2.60475 2.72612 2.78940 2.86472 2.98781 3.04681 3.01238 3.01979 3.21474 3.50977 3.85782 4.06141
4.01167 3.78662 3.60853 3.64194 3.93300 4.13115 3.81357 3.50756 3.65665 3.93113 4.22374 4.36061 4.27180 4.04404 3.85389 3.13914 2.31564 1.83002 1.92996 2.50444 2.48761 2.18827 2.52124 2.95271 2.86456 2.81280 2.87194 2.96585 2.97698 3.28605 3.50678 3.44429 3.36301 3.33656 3.25871 3.15436 3.14175 3.22078 2.94549 2.79586 2.74028 2.73871 2.76631 2.56492 2.60750 2.77753 2.93836 3.13499 3.37598 3.61249 3.62066 3.28915 2.84815 2.70330 3.05482 3.24269 3.22479 3.25492 3.38093 3.51091 3.53225 3.44251 3.33771 3.44846 3.70765 3.98907
3.93117 3.70764 3.52487 3.51829 3.65948 4.04464 4.03733 3.69228 3.80652 4.14826 4.32723 4.25107 3.98507 3.74644 3.43932 2.63546 2.05422 1.73230 1.94117 2.51612 2.32137 1.92940 2.25590 2.75580 2.60562 2.66157 2.76368 3.02044 3.18300 3.51224 3.75520 3.62526 3.41971 3.23391 3.12445 3.08248 3.05042 3.04160 2.72692 2.65459 2.68954 2.62342 2.57684 2.53804 2.71391 2.86471 3.03145 3.25892 3.38847 3.47082 3.50268 3.23964 2.91222 2.89057 3.20633 3.60416 3.73163 3.70526 3.69529 3.67424 3.50114 3.33184 3.33770 3.47232 3.68253 3.94568
4.01995 3.87829 3.82030 3.72410 3.49442 3.77043 4.11375 3.77472 3.73117 4.09129 4.13961 3.80660 3.48091 3.28988 2.91494 2.33790 1.93535 1.77830 1.92380 2.16572 1.82673 1.49576 1.87728 2.19194 2.39172 2.77211 2.77493 2.86151 3.24777 3.59471 3.76390 3.61408 3.38101 3.15445 3.05411 2.92794 2.78940 2.66109 2.55343 2.57582 2.66247 2.60548 2.53169 2.69323 2.90633 2.97132 3.07842 3.26188 3.30991 3.25001 3.20035 3.06146 2.92513 3.01621 3.29163 3.66844 3.93404 3.75289 3.51838 3.34041 3.18784 3.16099 3.30838 3.52794 3.77611 3.95336
3.99882 3.89582 3.94529 3.71283 3.31118 3.63901 4.08122 3.65244 3.42499 3.73703 3.83223 3.58106 3.39387 3.24944 2.75550 2.32153 2.09958 1.82241 1.61933 1.55934 1.42995 1.24932 1.51061 1.93287 2.76384 3.28829 3.23127 3.02979 3.19313 3.54126 3.79265 3.54664 3.25402 3.14392 3.05188 2.82880 2.61984 2.48309 2.45140 2.54428 2.62712 2.62223 2.64180 2.83039 2.93667 2.96105 3.02995 3.16395 3.18946 3.05016 2.87766 2.77278 2.83892 3.03689 3.30674 3.62980 3.81381 3.54119 3.26720 3.12438 3.12645 3.25851 3.42416 3.58522 3.80641 4.00306
3.77081 3.64772 3.72927 3.33703 2.97394 3.33845 3.69702 3.13595 2.98288 3.28287 3.55468 3.51376 3.10136 2.72676 2.39978 2.18987 2.09328 1.80694 1.46498 1.26742 1.51653 1.63922 1.61096 2.20649 2.85252 3.37679 3.46968 3.38565 3.25518 3.46060 3.82434 3.71952 3.35851 3.07114 2.81349 2.64488 2.56287 2.46317 2.44976 2.55676 2.63384 2.72931 2.78532 2.80789 2.81663 2.82593 2.93271 3.14799 3.19893 3.02960 2.75499 2.55714 2.60393 2.80355 3.10501 3.41332 3.50644 3.29905 3.10682 3.08441 3.25316 3.52041 3.70109 3.74882 3.77138 3.85741
3.35731 3.32317 3.44647 2.86367 2.44822 2.69759 2.85257 2.61233 2.64951 2.89078 3.03431 2.92385 2.65076 2.36710 1.99117 1.77316 1.68124 1.56507 1.47247 1.42041 1.88394 2.02572 1.76315 2.23249 2.73072 3.32641 3.62710 3.49645 3.28308 3.32444 3.56393 3.61879 3.46126 3.18769 2.80596 2.53026 2.45969 2.51813 2.57645 2.59716 2.68854 2.85867 2.90643 2.84479 2.74917 2.68258 2.85358 3.28158 3.36159 3.16899 2.81424 2.41311 2.28449 2.45582 2.82035 3.10696 3.15626 3.06182 3.00805 3.12078 3.41203 3.79997 4.02433 4.04056 3.95660 3.92340
3.06562 3.24190 3.40919 2.80698 2.02394 2.31537 2.45840 2.43315 2.58671 2.77878 2.80504 2.55947 2.31249 2.03629 1.71697 1.46117 1.32257 1.29208 1.40306 1.43279 2.00556 2.26661 2.23071 2.28934 2.54949 2.97107 3.41611 3.35071 3.17674 3.04727 3.08937 3.12809 3.08336 2.83837 2.56048 2.42020 2.52887 2.62959 2.66478 2.59223 2.66502 2.86616 3.00379 2.99897 2.81304 2.60086 2.63218 3.22447 3.50766 3.20720 2.58380 2.22616 2.33818 2.53997 2.74824 2.83422 2.83566 2.85891 2.96423 3.17129 3.48793 3.89515 4.15834 4.18549 4.16553 4.15906
3.05354 3.13535 3.16388 3.01986 2.59851 2.38404 2.52187 2.62138 2.91086 2.89241 2.80354 2.42269 2.16219 2.04494 1.84587 1.58794 1.35883 1.10261 1.08587 1.45321 2.10122 2.29695 2.47438 2.51541 2.61665 2.92516 3.36162 3.31101 3.15234 2.93825 2.81858 2.78618 2.72795 2.60078 2.49349 2.50095 2.57595 2.56903 2.54953 2.53193 2.68436 2.95198 3.16259 3.21957 3.00527 2.82050 2.56925 3.06682 3.58620 3.38896 2.56952 1.93827 2.59913 2.95627 2.88039 2.69380 2.60266 2.73115 2.95660 3.18712 3.46669 3.79504 4.00598 4.06709 4.06221 4.12234
3.07855 3.00506 2.89601 3.01952 3.20437 2.98754 3.18102 3.14535 3.09067 2.92590 2.66226 2.31136 2.20755 2.12713 1.90269 1.63909 1.40603 1.23556 1.48273 1.94327 2.14135 2.27622 2.51534 2.59204 2.60107 2.82716 3.23268 3.11977 3.00231 2.91650 2.81426 2.73203 2.64796 2.59312 2.58338 2.59402 2.55870 2.49065 2.47966 2.63095 2.87994 3.10916 3.31567 3.42807 3.21596 2.91010 2.77600 3.13882 3.64541 3.56072 2.77572 2.10846 2.63656 3.30491 3.07622 2.68607 2.53745 2.71972 2.99267 3.19592 3.37957 3.55056 3.68730 3.79828 3.91582 3.90975
2.96723 2.81773 2.65144 2.75244 2.91151 2.98894 3.51855 3.26221 2.89729 2.66427 2.44291 2.14109 2.01220 1.78615 1.74730 1.60585 1.43436 1.24253 1.48694 1.80622 1.95365 2.15685 2.41120 2.57929 2.61113 2.66323 2.82432 2.84550 2.85773 2.86469 2.83469 2.76720 2.69413 2.71993 2.71095 2.66042 2.65255 2.67040 2.78769 3.04179 3.21558 3.26795 3.32931 3.42531 3.43393 3.27039 3.20789 3.54324 3.85549 3.62859 2.95671 2.35539 2.56320 3.38406 3.18481 2.73350 2.60601 2.81185 3.07719 3.24222 3.32666 3.38771 3.45751 3.55542 3.67991 3.78932
2.81286 2.65366 2.44162 2.46319 2.68812 2.67154 3.16030 2.77968 2.49209 2.31437 2.18252 1.97277 1.78531 1.55998 1.56088 1.57981 1.42053 1.14393 1.32678 1.59839 1.77425 2.12045 2.36400 2.51833 2.60717 2.66019 2.71262 2.76622 2.79452 2.74141 2.79520 2.82950 2.84827 2.94140 2.90992 2.89509 2.98947 2.99311 3.07109 3.30704 3.40126 3.38126 3.30698 3.42642 3.67342 3.68389 3.65979 3.80365 3.91485 3.59567 2.92066 2.32599 2.54898 3.39850 3.19599 2.80519 2.74624 2.95824 3.19264 3.31892 3.33427 3.30981 3.30007 3.33251 3.43699 3.56494
2.68828 2.51659 2.40606 2.56741 2.57386 2.53534 2.94278 2.49559 2.27925 2.15353 2.03680 1.94510 1.78601 1.59174 1.54164 1.42938 1.08548 1.01725 1.37371 1.64410 1.80817 2.17015 2.43519 2.53883 2.62109 2.73720 2.82962 2.83259 2.71646 2.71512 2.80170 2.88398 3.04618 3.24505 3.20665 3.12867 3.09362 2.97572 2.86500 2.91635 3.13398 3.35368 3.32396 3.39484 3.72480 3.92333 3.70225 3.50026 3.60374 3.49503 2.69691 2.02336 2.67430 3.41430 3.13861 2.86965 2.87223 3.08946 3.31626 3.43032 3.39579 3.30691 3.21204 3.13088 3.15327 3.30276
2.52768 2.30205 2.39545 2.66775 2.38858 2.35581 2.58408 2.35297 2.18212 2.26620 2.22893 2.06042 1.85921 1.65425 1.52772 1.32108 0.94564 0.92889 1.28356 1.63063 1.94121 2.32654 2.56802 2.62316 2.65680 2.73112 2.85190 2.81090 2.69674 2.77248 2.83655 2.90151 3.12882 3.41888 3.48052 3.34428 3.28652 3.15866 2.98638 2.86554 2.91368 3.21051 3.32317 3.29676 3.51470 3.62590 3.30006 3.03395 3.13766 3.27359 2.53364 1.74470 3.05124 3.49077 3.15972 2.89136 2.90404 3.13368 3.38575 3.54737 3.46902 3.34347 3.21912 3.10639 3.03578 3.12420
2.42828 2.26655 2.45197 2.69333 2.32890 2.00614 2.18256 2.16933 2.23091 2.46659 2.51562 2.25529 1.90156 1.60202 1.43432 1.03593 0.78120 0.76909 1.00376 1.52813 1.99204 2.43993 2.63774 2.62772 2.62161 2.66533 2.73513 2.69707 2.66562 2.74363 2.83921 2.93725 3.09560 3.34168 3.51712 3.43892 3.48118 3.47687 3.38593 3.26583 3.06269 2.98975 3.21608 3.25826 3.37050 3.35446 2.92619 2.59695 2.49623 2.80765 2.49976 2.39303 3.28078 3.53644 3.31378 3.01792 2.92660 3.10915 3.38204 3.59233 3.46774 3.34412 3.27003 3.19743 3.07734 3.07778
2.47297 2.55847 2.81548 2.88083 2.60443 2.16771 2.11186 2.28636 2.54185 2.85464 2.64200 2.24190 1.82599 1.51797 1.28652 0.78464 0.62457 0.62951 0.78454 1.43920 1.94026 2.40562 2.56685 2.52284 2.50137 2.53290 2.56878 2.55848 2.56628 2.64223 2.80783 2.99018 3.06689 3.24226 3.38065 3.40760 3.42672 3.53973 3.59294 3.50695 3.28561 3.05101 3.06933 3.12471 3.30651 3.13977 2.77542 2.78930 2.62472 2.81917 3.05961 3.25241 3.42432 3.43963 3.31633 3.19570 3.02758 3.09276 3.35766 3.56777 3.43158 3.29800 3.30189 3.25952 3.06883 2.97708
2.36652 2.25836 2.70685 2.90935 2.89022 2.93017 2.82391 2.83612 3.11290 3.14342 2.61857 2.16485 1.74770 1.40064 0.99044 0.68442 0.59624 0.61223 0.64546 1.22261 1.81294 2.20104 2.43337 2.39117 2.33431 2.33306 2.34632 2.33903 2.36798 2.49962 2.71899 2.86350 2.92519 3.17956 3.33399 3.31013 3.38919 3.43238 3.47258 3.42571 3.38006 3.33995 3.23922 3.32588 3.46215 3.22251 2.73546 2.52577 2.57465 3.04112 3.31561 3.42421 3.45428 3.33762 3.12089 3.10176 3.05560 3.10782 3.36848 3.57473 3.41501 3.23226 3.27056 3.31959 3.11996 2.92217
2.56535 2.17226 2.23537 2.52755 2.79857 2.97560 3.22356 3.38045 3.23984 2.90138 2.48224 2.09881 1.72999 1.30982 0.82171 0.63134 0.57608 0.63253 0.60441 0.75966 1.55030 2.05940 2.38772 2.21983 2.03205 2.01289 2.00039 1.94752 1.94293 2.27328 2.58888 2.70219 2.74916 3.00360 3.27202 3.21346 3.23083 3.29033 3.33053 3.20741 3.16472 3.26791 3.34168 3.48278 3.68561 3.56294 3.18262 2.80238 2.77788 2.85163 2.95118 3.22275 3.35799 3.21848 3.11914 3.05533 3.12476 3.21957 3.39477 3.56221 3.44276 3.19978 3.14934 3.30797 3.25862 3.07297
2.49656 2.24600 2.21161 2.34414 2.81094 2.94696 3.05852 3.15077 2.75810 2.56281 2.36980 2.08969 1.70190 1.30099 0.77776 0.57339 0.53093 0.93996 0.62531 0.59827 1.13520 1.98862 2.34976 1.96097 1.47033 1.45120 1.55498 1.65339 1.89472 2.26722 2.57786 2.76421 2.70063 2.73521 2.84440 2.81141 2.88189 2.99899 3.05901 2.88496 2.93029 3.09656 3.18395 3.28896 3.51354 3.68407 3.45586 3.27155 3.28344 3.08068 2.73029 2.62624 2.79934 2.69723 2.91250 3.11426 3.25430 3.24925 3.22424 3.33072 3.36017 3.17127 3.02562 3.19908 3.20479 3.18555
2.27988 2.30330 2.44084 2.75413 2.99183 3.05844 3.03543 2.71976 2.53138 2.49411 2.41752 2.21917 1.85196 1.50479 0.92893 0.51162 0.47795 1.30977 0.83471 0.55713 1.16308 2.05176 2.25837 1.71516 1.43562 1.64942 1.91808 2.26024 2.40727 2.30085 2.61519 3.10908 3.11842 2.85799 2.73498 2.70250 2.72755 2.69919 2.65463 2.59901 2.80969 3.07090 3.19641 3.23849 3.37279 3.49167 3.32127 3.18724 3.20946 3.16797 2.43999 1.63401 1.14033 1.23485 1.87313 2.20742 2.67943 3.00083 2.90050 2.78868 2.81872 2.81842 2.76707 2.96872 3.03016 3.16048
2.49126 2.56146 2.67728 2.89615 2.98789 3.03203 2.85619 2.56443 2.53298 2.58767 2.60285 2.49243 2.17473 1.80323 1.54528 0.68821 0.47759 0.55452 0.66388 0.86517 1.78559 2.39787 2.48562 1.86470 1.52823 2.41064 2.13386 1.93117 2.12164 2.48297 2.96081 3.44311 3.42301 3.23984 2.97137 2.91248 2.90840 2.68960 2.51385 2.65210 2.73194 2.75224 2.97248 3.23894 3.44198 3.38012 3.23992 3.21932 3.06890 2.94977 1.97171 0.60819 1.05963 1.16746 0.87738 0.96628 2.19778 3.00022 3.02223 2.79097 2.70605 2.69949 2.66553 2.78899 2.74363 2.95777
2.74848 2.63488 2.62824 2.60733 2.63714 2.76104 2.67208 2.47341 2.47886 2.60407 2.72706 2.73488 2.41631 2.05277 1.83811 1.64173 1.38252 1.37067 1.59089 1.83419 2.18294 3.15858 3.07180 2.17295 1.66271 2.64269 1.96011 2.14748 2.54273 2.98036 3.42967 3.66309 3.59477 3.36205 3.14756 3.17421 3.23383 3.12196 3.06212 3.20685 2.86079 2.70322 2.91028 3.27713 3.47708 3.36731 3.23962 3.31380 3.11092 2.86208 1.85722 0.70729 2.00332 2.89431 2.31066 1.36153 2.17497 3.05454 3.19589 3.10963 3.02527 2.79660 2.63096 2.65033 2.48125 2.70257
