mrvbf_slope0.6_pctl0.8.asc
NCOLS 410
NROWS 410
XLLCORNER 2398750.0000000000000000
YLLCORNER 2548750.0000000000000000
CELLSIZE 250.0000000000000000
NODATA_VALUE -99999.00000
[rows 290 to 318 of 410, columns 132 to 197 of 410]
4.40610 4.26358 4.27487 4.22084 4.32868 4.38033 4.36262 4.44846 4.46563 4.44493 4.37347 4.33288 4.42670 4.53952 4.58511 4.57845 4.56837 4.56338 4.58445 4.57654 4.54049 4.52138 4.50415 4.51756 4.50174 4.46955 4.47396 4.49897 4.42928 4.26138 4.16698 4.18030 4.16548 4.11706 4.14717 4.31562 4.31523 4.17029 4.16687 4.18187 4.03693 3.79244 3.52559 3.29529 2.95071 1.93449 0.82449 1.10799 2.04951 2.30348 2.52409 3.08562 3.50442 3.41000 3.41646 3.63547 3.77194 3.55772 3.39988 3.46734 3.45718 3.30356 3.30888 3.27836 3.27077 3.23264
4.43906 4.42219 4.15915 4.03508 4.10335 4.23023 4.39997 4.39527 4.43215 4.43731 4.37353 4.30556 4.40764 4.52925 4.58207 4.59877 4.61043 4.60373 4.60812 4.59595 4.56714 4.53673 4.50758 4.48379 4.43886 4.33815 4.25657 4.26392 4.18992 4.09353 4.12700 4.17643 4.15885 4.06616 3.95570 4.08863 4.26295 4.10811 4.04349 4.12027 4.00173 3.63145 3.32733 3.11559 2.91051 2.35378 1.64129 1.77823 2.58117 2.87457 3.00767 3.23915 3.57555 3.53761 3.37818 3.53818 3.86051 3.58706 3.42218 3.47554 3.39999 3.23831 3.22388 3.08216 3.03316 2.96714
4.37656 4.33631 4.11890 4.09558 3.97757 4.11895 4.35595 4.39287 4.39274 4.39118 4.37985 4.21870 4.37225 4.51344 4.56641 4.60193 4.61773 4.61374 4.60644 4.58934 4.56234 4.53000 4.50314 4.46383 4.37663 4.29689 4.25494 4.18547 4.17341 4.20031 4.24616 4.27794 4.25606 4.13780 3.88090 3.80236 3.97623 3.96870 3.99721 4.03794 3.79187 3.45346 3.24713 3.25097 3.39726 3.39385 3.11171 2.81751 3.03216 3.24596 3.37082 3.39708 3.61935 3.62083 3.42231 3.53568 3.81820 3.64203 3.48557 3.46726 3.33215 3.11993 2.98792 2.83845 2.79172 2.74299
4.40517 4.42515 4.25591 4.23252 4.11300 4.24839 4.31039 4.37979 4.35405 4.37859 4.29470 4.28428 4.32494 4.45708 4.52648 4.58099 4.60238 4.60938 4.59914 4.56568 4.51870 4.47406 4.45829 4.46454 4.37587 4.24738 4.27407 4.34517 4.35680 4.35972 4.35099 4.35353 4.33510 4.22414 3.94619 3.69914 3.67206 3.70724 3.84680 4.04268 3.72299 3.34857 3.18545 3.40848 3.65689 3.67813 3.63497 3.59813 3.60388 3.61937 3.66301 3.58169 3.65320 3.55082 3.46923 3.68936 3.73705 3.61950 3.57741 3.50678 3.29791 3.07782 2.99596 2.90387 2.88650 3.03409
4.48156 4.52741 4.42420 4.35696 4.29595 4.37173 4.40873 4.37283 4.40700 4.43182 4.34220 4.39610 4.36890 4.43833 4.47912 4.52992 4.57824 4.59952 4.58626 4.53405 4.45922 4.38133 4.32733 4.32376 4.30123 4.23325 4.27421 4.38895 4.44581 4.43286 4.37360 4.33079 4.31341 4.24520 4.05541 3.79857 3.65762 3.58571 3.58097 3.76797 3.64508 3.32962 3.22082 3.47475 3.73897 3.85222 4.15749 4.28307 4.27243 4.17851 3.93036 3.71536 3.66882 3.56071 3.50827 3.69930 3.62969 3.58768 3.59892 3.46772 3.26554 3.17301 3.19478 3.04436 2.88352 3.11038
4.54717 4.54426 4.47788 4.43829 4.37809 4.38937 4.40821 4.40118 4.44072 4.48052 4.39713 4.37961 4.46068 4.47575 4.45988 4.48992 4.54362 4.54476 4.52190 4.46407 4.37920 4.30964 4.26573 4.22166 4.18726 4.18584 4.27085 4.38783 4.46890 4.46927 4.38025 4.26116 4.20359 4.20974 4.18784 4.05217 3.88858 3.74736 3.58612 3.55705 3.53881 3.35414 3.30241 3.51528 3.76051 3.71551 4.01429 4.33202 4.37666 4.18627 3.77473 3.53080 3.44761 3.44861 3.43746 3.59401 3.55676 3.49651 3.42518 3.29285 3.18792 3.21737 3.32240 3.25869 3.02963 3.09054
4.56910 4.49518 4.42046 4.35020 4.29256 4.21561 4.22785 4.35590 4.44695 4.42044 4.31341 4.26582 4.35431 4.37972 4.42030 4.47679 4.50941 4.50344 4.45971 4.36452 4.27602 4.28052 4.33989 4.30378 4.22821 4.18013 4.22101 4.32024 4.40536 4.46216 4.40711 4.22728 4.09570 4.14662 4.27088 4.28996 4.20866 4.13375 3.87260 3.67140 3.65014 3.52242 3.40146 3.44136 3.63773 3.59377 3.59902 3.83750 3.95043 3.64052 3.42129 3.31791 3.23082 3.21542 3.28427 3.41879 3.40915 3.31918 3.22871 3.19824 3.19107 3.23555 3.31051 3.31134 3.26235 3.25984
4.53162 4.44586 4.39213 4.21447 3.97455 3.72197 3.76023 4.13365 4.33728 4.13058 3.96242 3.94180 4.07227 4.25158 4.35978 4.47365 4.51310 4.51115 4.43778 4.27654 4.17458 4.24721 4.37516 4.39238 4.30666 4.21793 4.20819 4.24362 4.28312 4.37025 4.36690 4.16550 4.00832 4.10404 4.25177 4.31257 4.29402 4.23727 4.13671 3.99040 3.96271 3.85502 3.53629 3.31306 3.29819 3.49821 3.48043 3.44201 3.46691 3.35497 3.33495 3.38440 3.32583 3.31045 3.39063 3.46784 3.45454 3.38198 3.34278 3.35516 3.35252 3.37939 3.45053 3.43911 3.39855 3.37804
4.49220 4.44217 4.35960 4.14212 3.72963 3.55264 3.50315 3.74685 4.00355 3.57644 3.60615 3.72586 3.89549 4.16625 4.24816 4.36558 4.47571 4.48026 4.37940 4.15773 4.05536 4.22247 4.39009 4.40725 4.30921 4.24128 4.27238 4.25395 4.19864 4.17724 4.06376 3.86369 3.83967 4.03216 4.20763 4.26195 4.28133 4.24994 4.18086 4.03048 3.95879 3.98069 3.81196 3.46831 3.16099 3.19420 3.45557 3.38875 3.35702 3.40617 3.51289 3.66456 3.61774 3.61959 3.68905 3.71503 3.67398 3.59874 3.56847 3.56889 3.52231 3.43985 3.39291 3.35252 3.28272 3.27230
4.47584 4.43398 4.25570 4.08049 3.91631 3.92231 3.59492 3.60039 3.67313 3.54098 3.74422 3.84197 3.93833 4.11526 4.13206 4.07981 4.17816 4.14633 3.99150 3.82061 3.88578 4.23087 4.44298 4.44734 4.30221 4.15466 4.24418 4.25499 4.22901 4.08134 3.79930 3.67992 3.75005 3.85504 3.85723 3.87649 4.04323 4.03769 3.80598 3.65768 3.54583 3.49562 3.61774 3.54457 3.22658 3.00828 3.16567 3.37989 3.47261 3.60819 3.71711 3.85142 3.82931 3.89720 3.86203 3.84657 3.84673 3.70067 3.63122 3.65773 3.59330 3.49777 3.36727 3.07592 2.81652 2.81535
4.47355 4.42525 4.21127 4.12466 4.21279 4.10012 3.71183 3.88444 3.91775 3.75021 4.17661 4.16411 4.14549 4.29122 4.28945 4.09314 3.92150 3.76533 3.69655 3.70682 3.87128 4.18142 4.40432 4.49240 4.42798 4.22802 4.08656 4.10054 4.10335 3.94836 3.79419 3.81228 3.86740 3.77769 3.56799 3.48081 3.68213 3.71605 3.47544 3.46353 3.31411 2.93925 2.80229 2.80368 2.74000 2.83747 2.97784 3.25134 3.49983 3.66905 3.68438 3.75325 3.83649 3.94265 3.82433 3.73588 3.78302 3.67909 3.53971 3.48507 3.42294 3.42461 3.21721 2.65197 2.39220 2.51924
4.47972 4.38738 4.14295 4.09635 4.28763 4.15418 3.86169 4.11650 4.21447 4.02682 4.28293 4.29277 4.30176 4.44661 4.46585 4.38003 4.15555 3.95534 4.02877 4.10448 4.04675 4.00327 4.22326 4.42762 4.46542 4.38594 4.19754 4.08531 3.94853 3.71330 3.69671 3.85301 3.84807 3.66342 3.44819 3.30544 3.39865 3.45159 3.32095 3.43034 3.18330 2.65192 2.32236 2.17895 2.17932 2.53637 2.88389 3.19135 3.45255 3.57115 3.48033 3.49690 3.61673 3.61352 3.45477 3.36419 3.44829 3.53014 3.35522 3.15255 2.99185 2.85126 2.57463 2.28931 2.29296 2.61777
4.43449 4.40699 4.08532 3.99362 4.22071 4.24502 3.86384 3.96566 4.31501 4.23967 4.38062 4.39054 4.39946 4.50550 4.53941 4.48036 4.30676 4.22578 4.09318 3.98988 3.94502 3.81862 3.82423 4.06132 4.19361 4.22002 4.07909 3.82253 3.59011 3.46494 3.62166 3.92379 3.83406 3.46676 3.26342 3.30098 3.11058 3.12964 3.29966 3.25906 2.92632 2.53646 2.43034 2.27873 2.29859 2.61175 3.05946 3.37698 3.38611 3.43242 3.30114 3.14759 3.15867 3.09506 2.94110 2.91071 2.97405 3.13522 2.97448 2.81663 2.80052 2.59677 2.35683 2.28973 2.53271 2.94019
4.40998 4.41355 4.01120 3.76374 4.06537 4.26676 3.97308 3.97234 4.32722 4.27614 4.44235 4.42967 4.43683 4.52387 4.55775 4.53734 4.44450 4.30588 4.25938 3.97283 3.79638 3.87928 3.70807 3.61256 3.59599 3.60757 3.54863 3.38949 3.20265 3.13727 3.34265 3.72224 3.93381 3.50872 3.24247 3.31189 2.98069 2.92211 3.25310 3.16417 2.81311 2.37474 2.44857 2.85871 2.95025 2.92392 3.10444 3.27041 3.29593 3.14803 3.08136 2.94091 2.73342 2.61680 2.61993 2.69475 2.66526 2.68750 2.68326 2.85658 2.98215 2.77466 2.57074 2.63259 2.95034 3.23422
4.43327 4.43666 3.96220 3.61571 3.96462 4.22133 4.01119 4.00319 4.25599 4.26731 4.42189 4.39371 4.43349 4.53696 4.56430 4.55373 4.50769 4.39190 4.19128 3.88994 3.85186 4.08681 4.05644 3.73193 3.52385 3.41744 3.35800 3.24088 3.02648 2.89743 2.93076 3.26505 3.60008 3.31180 3.00512 3.04033 2.71347 2.69220 2.87446 2.63557 2.32931 2.12958 2.49639 3.11725 3.12754 3.11119 2.86884 2.58494 2.62136 2.76146 3.02696 3.03398 2.74890 2.60256 2.67875 2.79357 2.73506 2.62518 2.64667 3.06653 3.16569 2.78846 2.65248 2.91231 3.29164 3.42890
4.44701 4.37402 3.82380 3.62080 4.02725 4.20029 4.11102 4.14133 4.27792 4.33461 4.41030 4.40026 4.44975 4.54241 4.56288 4.55470 4.49010 4.29657 4.03277 3.96597 4.13700 4.17723 4.15565 4.02150 3.86382 3.60987 3.44870 3.31312 3.13388 3.12147 3.03168 3.10592 3.43668 3.10751 2.84995 2.96115 2.89939 2.86771 2.78398 2.39726 2.07490 2.08998 2.61260 3.05142 3.07577 3.11507 2.74665 2.41769 2.44385 2.82941 3.25617 3.24521 2.98026 2.92625 3.05270 3.15752 3.13796 2.93944 2.79863 2.96020 3.22244 2.79888 2.59952 2.99783 3.44639 3.51761
4.38940 4.22976 3.87238 3.89408 4.09519 4.26226 4.31553 4.30476 4.33143 4.45740 4.46733 4.42134 4.43608 4.52934 4.57174 4.55517 4.47180 4.26117 3.97796 4.06168 4.30120 4.29565 4.10458 3.93634 3.83992 3.72509 3.61791 3.50374 3.43004 3.43068 3.06062 3.18351 3.39797 3.08673 2.96970 3.21532 3.36505 3.35009 3.21503 2.88418 2.57517 2.68273 3.07647 3.23144 3.25020 3.34552 3.04355 2.95116 2.92761 3.04926 3.37200 3.36181 3.01089 3.04847 3.29536 3.30158 3.31473 3.14809 2.91787 2.82138 3.06650 2.79547 2.67189 3.07290 3.49346 3.54954
4.29443 4.17634 4.02187 4.18797 4.31200 4.41826 4.45148 4.39054 4.31769 4.41331 4.41768 4.35737 4.31205 4.42371 4.50654 4.50516 4.48461 4.36421 3.95597 3.89587 4.23807 4.35745 4.26412 3.94520 3.64419 3.53608 3.59933 3.64375 3.65214 3.55097 3.25459 3.46243 3.46901 3.11308 3.03318 3.30636 3.46693 3.42491 3.28439 3.04406 2.76476 3.02353 3.37116 3.28511 3.35217 3.53682 3.26041 2.99381 2.96005 3.20752 3.51132 3.39646 2.94807 2.98504 3.30938 3.19484 3.00057 2.87340 2.94600 2.73257 2.92222 2.92572 2.89893 3.15446 3.45809 3.57255
4.16924 4.08415 4.03000 4.20708 4.34003 4.44525 4.46370 4.43235 4.29216 4.22681 4.30460 4.29320 4.18842 4.19893 4.31982 4.37836 4.41218 4.34508 3.90680 3.82072 4.21801 4.32328 4.34374 4.15440 3.67089 3.35785 3.38701 3.58432 3.68253 3.53927 3.22863 3.36009 3.44068 3.22875 3.11903 3.11156 3.13265 3.11373 2.92731 2.61978 2.27094 2.46649 3.12081 3.29468 3.61406 3.94176 3.65269 3.25366 3.22025 3.38508 3.28334 3.00384 2.81625 3.10365 3.34017 3.06208 2.73154 2.64440 2.82787 2.86565 3.05435 3.13201 2.97915 3.10674 3.29761 3.44041
4.13473 4.02191 3.91881 3.95763 4.03034 4.23467 4.42183 4.43534 4.36149 4.09570 4.06243 4.28879 4.24487 4.10263 4.11111 4.14943 4.14462 4.14240 3.91856 3.80765 4.15479 4.29563 4.23468 3.87275 3.47379 3.21253 3.34761 3.61512 3.73083 3.63638 3.22068 3.03852 3.24751 3.36350 3.38135 3.27316 3.29889 3.27593 3.06072 2.74537 2.39377 2.35915 3.16649 3.48699 3.76077 3.78129 3.53697 3.38802 3.24162 2.92567 2.66842 2.63654 2.91376 3.19513 3.15842 2.89155 2.75857 2.82214 2.71100 2.67100 2.92452 2.91476 2.74473 2.86210 2.95842 2.97140
4.24636 4.02714 3.81507 3.80720 3.81396 3.89217 4.25225 4.40460 4.25140 4.03418 4.00079 4.26614 4.32259 4.24381 4.17222 4.11192 3.99788 3.87697 3.85527 3.85615 4.16646 4.22209 3.87546 3.50135 3.27820 3.26309 3.49824 3.69720 3.82697 3.91528 3.54298 3.06837 2.88731 3.11314 3.26397 3.37141 3.57683 3.48183 3.02525 2.60753 2.36971 2.47983 3.17800 3.34524 3.33898 3.22576 3.04582 3.02045 2.82930 2.53666 2.52113 2.60346 2.76675 2.91942 2.90354 2.73240 2.85981 3.14449 3.01299 2.61800 2.55792 2.56563 2.57781 2.74594 2.82431 2.74068
4.34578 4.04832 3.82682 3.92018 3.92503 3.76798 4.04656 4.25099 4.06649 4.10504 4.06743 4.22021 4.36446 4.38076 4.35037 4.29033 4.22188 4.04690 3.95707 4.08289 4.17061 3.92532 3.56381 3.35293 3.30604 3.45918 3.70011 3.75957 3.87779 4.05395 3.81052 3.37050 3.10142 2.88612 2.79449 2.84236 3.15635 3.11616 2.66015 2.44837 2.45681 2.90769 3.42965 3.51222 3.33175 3.19553 3.21617 3.19751 3.02835 2.88928 2.98164 2.92596 2.73070 2.67208 2.80443 2.75285 2.98484 3.26174 3.26280 3.09869 2.71277 2.62475 2.72506 2.84266 2.89996 2.79020
4.38034 4.10691 3.94322 4.08668 4.10433 3.94963 4.05155 4.04926 4.03528 4.22539 4.11910 4.22427 4.36638 4.41589 4.45528 4.43290 4.39322 4.33971 4.27048 4.17526 3.93787 3.66359 3.49484 3.37687 3.39434 3.53673 3.68119 3.72308 3.76330 3.89403 3.76405 3.65056 3.53816 3.26624 2.92667 2.52746 2.64469 2.92380 2.64761 2.74853 3.12507 3.46302 3.60410 3.55675 3.51190 3.44475 3.29039 3.25343 3.01436 2.88287 2.98812 3.04757 3.02495 3.00106 3.04299 3.07693 3.26533 3.36802 3.42131 3.49072 3.34787 3.08852 2.98759 2.97068 2.99828 2.92498
4.40654 4.18776 4.07142 4.21485 4.27672 4.25136 4.28664 4.14734 4.16833 4.13163 4.14808 4.23209 4.27894 4.33087 4.43884 4.47536 4.44556 4.41026 4.34005 4.02455 3.70804 3.62653 3.57166 3.41267 3.36700 3.43703 3.50311 3.69392 3.71732 3.68309 3.71049 3.69782 3.75066 3.36861 3.02288 2.79659 2.49556 2.71703 2.73656 2.99961 3.37630 3.61328 3.70818 3.61603 3.58170 3.63001 3.55564 3.40407 2.96214 2.64864 2.75945 3.04445 3.23355 3.32177 3.25452 3.33521 3.39641 3.44938 3.51733 3.62885 3.49616 3.24542 3.03912 3.00715 3.09247 3.12821
4.42906 4.25135 4.11696 4.28351 4.37172 4.37155 4.39159 4.29233 4.34363 4.29805 4.15065 4.27065 4.23625 4.17029 4.30501 4.43418 4.46735 4.41571 4.22143 3.79308 3.58797 3.60993 3.62240 3.40268 3.23497 3.33285 3.42557 3.54179 3.76265 3.71678 3.65586 3.67256 3.67035 3.33886 3.11158 3.31854 2.97069 2.87896 3.05218 3.16972 3.28068 3.29780 3.41253 3.38620 3.34321 3.35408 3.39551 3.06593 2.65705 2.57994 2.81866 3.06219 3.18690 3.29995 3.28642 3.30461 3.33903 3.40238 3.38884 3.53688 3.52577 3.22805 2.93960 2.97293 3.17747 3.33644
4.33300 4.25285 4.06029 4.21689 4.34586 4.35911 4.44564 4.37335 4.36826 4.38627 4.33905 4.38280 4.29905 4.08148 4.10384 4.29633 4.36607 4.26642 3.95222 3.57402 3.46682 3.54299 3.61634 3.45010 3.12644 3.30547 3.49193 3.53067 3.69197 3.71355 3.54322 3.54070 3.62586 3.46765 3.31892 3.39315 3.43427 3.43071 3.44702 3.20223 3.17578 3.24043 3.38655 3.41178 3.37358 3.23871 3.20760 2.84220 2.81659 2.95376 2.87396 2.98387 3.21663 3.26036 3.31674 3.35264 3.40939 3.44104 3.39807 3.45732 3.39064 3.09837 2.87908 2.95903 3.27270 3.45825
4.12356 4.11534 3.92497 4.14748 4.29717 4.27740 4.40032 4.39164 4.39979 4.40873 4.39821 4.41966 4.31906 4.07700 3.91965 4.03284 3.97854 3.80472 3.59992 3.40162 3.39846 3.56297 3.60165 3.60286 3.35679 3.32742 3.56417 3.67568 3.76101 3.67206 3.51911 3.55023 3.72238 3.73064 3.50724 3.42854 3.47541 3.54360 3.53857 3.22705 2.99566 3.12500 3.23006 3.20204 3.03520 2.89870 2.77876 2.57038 2.80442 3.04731 2.82667 2.90974 3.26657 3.38369 3.40895 3.41236 3.42539 3.40828 3.40891 3.37820 3.18210 2.97298 2.91549 3.06513 3.34975 3.47961
3.83736 3.89788 3.87944 4.16872 4.30555 4.22185 4.30819 4.33100 4.34630 4.33108 4.32987 4.32707 4.21767 4.06127 3.76652 3.69556 3.60156 3.50420 3.37424 3.30047 3.44748 3.66203 3.68009 3.74784 3.59626 3.51505 3.66800 3.82361 3.79395 3.60304 3.47634 3.55679 3.79304 3.83071 3.72480 3.58146 3.62676 3.67228 3.61711 3.40990 3.20719 3.09658 3.26514 3.24125 3.07997 2.97195 2.48325 2.29885 2.70557 2.86970 2.80058 3.05896 3.37898 3.54700 3.54470 3.49721 3.43696 3.37130 3.35652 3.22293 3.06662 2.95742 2.95018 3.11763 3.32109 3.38872
3.67988 3.78949 4.00089 4.19997 4.26956 4.15472 4.23133 4.23861 4.17649 4.10404 4.02063 4.05485 4.07850 4.04579 3.74696 3.58649 3.52026 3.46303 3.39340 3.43553 3.61182 3.74576 3.74393 3.86220 3.72397 3.58349 3.61335 3.60189 3.53580 3.45351 3.42543 3.56702 3.61344 3.56457 3.49523 3.31610 3.32449 3.27897 3.07418 2.83019 2.82534 2.89635 3.30142 3.22332 2.80047 2.54532 2.37648 2.48869 2.87546 2.92279 3.00010 3.24866 3.47939 3.60548 3.56755 3.51607 3.43113 3.33551 3.27745 3.16207 3.04108 2.94808 2.98133 3.15374 3.32015 3.39003
