mrvbf_slope0.8_pctl1.5.asc
NCOLS 410
NROWS 410
XLLCORNER 2398750.0000000000000000
YLLCORNER 2548750.0000000000000000
CELLSIZE 250.0000000000000000
NODATA_VALUE -99999.00000
[rows 203 to 231 of 410, columns 0 to 65 of 410]
-99999.00000 -99999.00000 -99999.00000 -99999.00000 -99999.00000 6.38109 6.46260 6.34652 6.14430 6.05783 5.88316 5.86622 6.06803 6.14038 5.92002 5.81054 5.77983 5.82935 5.85167 6.01639 6.16557 6.17092 6.20421 6.18879 6.17726 6.16937 6.04753 5.89351 5.82606 5.83787 5.87732 5.87464 5.81598 5.78467 5.77023 5.77757 5.83340 5.88522 5.97372 6.02294 6.10543 6.27894 6.29077 6.05232 5.88600 5.89143 5.89140 5.84184 5.81140 5.79751 5.82155 5.85958 5.89097 5.90504 5.89872 5.86954 5.81033 5.74709 5.68680 5.63793 5.64780 5.65398 5.67384 5.74296 5.72747 5.65438
-99999.00000 -99999.00000 -99999.00000 -99999.00000 -99999.00000 6.37142 6.42042 6.23325 6.12144 6.09247 5.83392 5.77699 5.94564 5.86416 5.74887 5.75693 5.80976 5.84134 5.92201 6.12185 6.18951 6.19814 6.13470 6.16934 6.16220 6.18179 6.12554 5.90994 5.80427 5.83669 5.86256 5.82967 5.78512 5.75214 5.75396 5.77004 5.81708 5.91234 6.02490 6.07803 6.18621 6.22798 6.18478 6.02143 5.86787 5.81233 5.80187 5.80110 5.80890 5.80211 5.84050 5.89380 5.92172 5.92768 5.91230 5.88242 5.84626 5.82245 5.78430 5.71185 5.67501 5.66774 5.70865 5.81131 5.86270 5.68605
-99999.00000 -99999.00000 -99999.00000 -99999.00000 -99999.00000 6.25606 6.35294 6.26370 6.10090 6.03984 5.91201 5.73671 5.75063 5.69223 5.68762 5.76546 5.90216 5.91483 6.02994 6.14527 6.17142 6.28962 6.23441 6.17002 6.20319 6.19728 6.09241 5.94258 5.84149 5.85809 5.82542 5.77488 5.74285 5.71931 5.73844 5.80235 5.92987 6.03699 6.11533 6.14025 6.14616 6.02984 5.95794 5.90016 5.81860 5.76946 5.76651 5.78531 5.82890 5.85243 5.89574 5.95525 5.97452 5.97306 5.95320 5.88928 5.83767 5.86037 5.84669 5.73311 5.67251 5.69256 5.77712 5.87425 5.83890 5.71327
-99999.00000 -99999.00000 -99999.00000 -99999.00000 -99999.00000 6.10557 6.26247 6.37605 6.16932 6.06027 6.06260 5.85466 5.73606 5.66100 5.64815 5.65573 5.69485 5.87309 6.06682 6.11540 6.09697 6.18788 6.25763 6.26244 6.33133 6.30957 6.16241 6.02312 5.88526 5.81462 5.76345 5.73384 5.71513 5.69964 5.70557 5.74913 5.90924 6.06497 6.01676 5.98419 5.98107 5.89151 5.85587 5.81686 5.77560 5.74906 5.75129 5.78940 5.84669 5.89402 5.94554 6.03164 6.07027 6.05522 5.94977 5.79441 5.75884 5.76356 5.76993 5.71391 5.69193 5.74482 5.84340 5.90820 5.86345 5.80581
-99999.00000 -99999.00000 -99999.00000 -99999.00000 -99999.00000 6.03390 6.28093 6.41848 6.19521 6.07325 6.10111 6.01181 5.88548 5.78570 5.68116 5.62101 5.56507 5.72630 5.95600 6.02766 5.95047 5.89594 5.93824 6.03865 6.14429 6.15272 6.04793 5.96128 5.85902 5.78463 5.74929 5.73619 5.71988 5.70102 5.68622 5.69771 5.81169 5.94358 5.90875 5.88052 5.91086 5.76901 5.79470 5.79684 5.75840 5.74465 5.74975 5.78629 5.82107 5.86221 5.93428 6.04999 6.12519 6.02556 5.79919 5.70107 5.74182 5.74290 5.72718 5.71162 5.75007 5.85561 5.95204 5.98105 5.97425 5.96443
-99999.00000 -99999.00000 -99999.00000 -99999.00000 -99999.00000 5.95531 6.13854 6.30980 6.12621 6.00963 6.04520 6.11765 6.13822 6.02763 5.75862 5.64132 5.62426 5.63591 5.88197 5.92672 5.80603 5.73415 5.73577 5.79766 5.90053 5.95247 5.92514 5.91926 5.87336 5.83064 5.81894 5.79943 5.75003 5.70530 5.67983 5.68965 5.77539 5.94375 5.93001 5.87152 5.85968 5.70735 5.69894 5.76858 5.79828 5.79455 5.79609 5.79890 5.78445 5.80823 5.89275 6.00901 6.03909 5.88828 5.71864 5.71384 5.81583 5.82754 5.79228 5.77536 5.82968 5.93656 6.01824 6.03529 6.03583 6.01699
-99999.00000 -99999.00000 -99999.00000 -99999.00000 -99999.00000 5.88003 5.97255 6.13762 6.01426 5.93552 6.01618 6.18618 6.31201 6.24351 5.89332 5.69260 5.62581 5.65662 5.77566 5.78004 5.75393 5.75023 5.72344 5.74246 5.83003 5.92531 5.93343 5.91264 5.88977 5.91189 5.94639 5.90141 5.78363 5.69712 5.66801 5.68975 5.76918 5.90309 5.99904 5.96605 5.80386 5.68239 5.61766 5.73913 5.89686 5.92216 5.88006 5.81652 5.77623 5.78955 5.83709 5.85377 5.82652 5.79560 5.72094 5.69123 5.76375 5.85255 5.85059 5.83205 5.85867 5.88905 5.89836 5.89174 5.88618 5.86093
-99999.00000 -99999.00000 -99999.00000 -99999.00000 -99999.00000 5.90635 5.91062 5.99122 5.92557 5.88197 5.97450 6.13478 6.28824 6.33686 6.09145 5.84907 5.66499 5.70226 5.70584 5.78628 5.84582 5.88373 5.78367 5.74802 5.83168 5.96833 5.90990 5.85433 5.86880 5.94523 5.99676 5.93254 5.79072 5.69526 5.66615 5.69895 5.80051 5.85878 5.87725 5.84761 5.77188 5.64230 5.63309 5.77793 5.98299 5.99067 5.92996 5.83116 5.79204 5.81885 5.76533 5.66941 5.62324 5.63236 5.67637 5.69393 5.73509 5.79710 5.80712 5.78658 5.78479 5.78837 5.77890 5.75726 5.73941 5.71556
-99999.00000 -99999.00000 -99999.00000 -99999.00000 -99999.00000 6.05153 5.94570 5.94140 5.88296 5.84061 5.91655 6.03478 6.17445 6.32501 6.22408 5.96831 5.75347 5.64115 5.69399 5.84590 5.92418 5.92638 5.80231 5.72470 5.79131 5.92410 5.82964 5.81794 5.83872 5.86772 5.91443 5.90253 5.78707 5.70385 5.68830 5.73259 5.84100 5.91718 5.89137 5.86954 5.82740 5.68829 5.69411 5.86502 5.88456 5.93741 5.95959 5.83778 5.79566 5.85248 5.69273 5.57926 5.53675 5.53031 5.55301 5.60232 5.66742 5.72719 5.73930 5.70692 5.69790 5.71396 5.71307 5.69091 5.67694 5.66705
-99999.00000 -99999.00000 -99999.00000 -99999.00000 -99999.00000 6.18465 6.01174 5.93227 5.86682 5.82497 5.91006 5.97743 6.06873 6.25483 6.21890 5.95252 5.71968 5.59629 5.68129 5.73946 5.80729 5.82795 5.75791 5.67733 5.71904 5.81668 5.77828 5.85241 5.80865 5.76814 5.82432 5.84716 5.76178 5.70483 5.71480 5.78206 5.92010 6.04188 6.01897 6.02005 5.96026 5.77999 5.77308 5.79771 5.89953 5.99127 5.93675 5.80714 5.78057 5.76942 5.61372 5.54919 5.54670 5.52818 5.51904 5.54332 5.59375 5.64823 5.66454 5.64915 5.65992 5.68739 5.68095 5.66145 5.66633 5.69488
-99999.00000 -99999.00000 -99999.00000 -99999.00000 -99999.00000 5.97930 6.00285 5.90014 5.79658 5.82219 5.93295 5.90979 6.01059 6.19232 6.02709 5.85565 5.73486 5.59897 5.66332 5.69335 5.74687 5.77804 5.72571 5.65182 5.67582 5.77289 5.81494 5.91454 5.78131 5.70379 5.72848 5.73784 5.70921 5.70446 5.73734 5.81558 5.97226 6.10742 6.05363 6.01866 5.98169 5.86251 5.84315 5.88325 6.06999 6.13006 5.97984 5.82757 5.79992 5.68066 5.56377 5.55318 5.61342 5.61603 5.58517 5.57637 5.60060 5.64986 5.67122 5.67156 5.69606 5.70460 5.67064 5.65899 5.69274 5.77668
-99999.00000 -99999.00000 -99999.00000 -99999.00000 -99999.00000 5.66752 5.79530 5.71273 5.65251 5.80844 5.84956 5.88348 6.09209 6.14543 5.86911 5.80729 5.67975 5.55265 5.65654 5.80185 5.85882 5.85902 5.74881 5.64990 5.67383 5.79808 5.86880 5.90822 5.71882 5.63571 5.63918 5.66219 5.69651 5.74899 5.78694 5.84978 5.96986 6.01551 5.91290 5.88951 5.83983 5.78215 5.79102 5.78321 5.87408 5.99324 5.95095 5.77893 5.68441 5.59633 5.55482 5.58412 5.67957 5.76534 5.73998 5.69640 5.68898 5.74804 5.79918 5.79497 5.76466 5.70007 5.66815 5.70594 5.73313 5.80288
-99999.00000 -99999.00000 -99999.00000 -99999.00000 -99999.00000 5.52029 5.54569 5.58100 5.62453 5.63580 5.83315 6.04168 6.12215 5.92900 5.74574 5.71146 5.65559 5.52342 5.66011 5.92298 6.04672 6.03941 5.82672 5.65367 5.66501 5.82278 5.86218 5.80861 5.62965 5.56543 5.58794 5.66965 5.77924 5.85188 5.81210 5.78305 5.80611 5.77570 5.67362 5.63669 5.66686 5.71361 5.74917 5.74220 5.75403 5.87205 5.92448 5.75131 5.62578 5.58323 5.59388 5.65143 5.74965 5.84283 5.85598 5.80220 5.76656 5.84211 5.95903 5.91242 5.78709 5.65249 5.63601 5.78038 5.72450 5.75884
-99999.00000 -99999.00000 -99999.00000 -99999.00000 -99999.00000 5.58953 5.53812 5.53713 5.62676 5.67943 5.79077 5.98387 5.88817 5.76899 5.77858 5.68108 5.56933 5.57317 5.68164 5.79858 5.86591 5.88059 5.78595 5.66567 5.67654 5.81540 5.82578 5.71260 5.55879 5.51960 5.59083 5.75079 5.84390 5.78710 5.69711 5.63462 5.62678 5.64244 5.61349 5.63452 5.71330 5.84677 5.84346 5.80965 5.78521 5.87989 5.91392 5.74835 5.64542 5.62243 5.66088 5.75349 5.83328 5.86778 5.87364 5.84120 5.81599 5.90270 6.03900 6.04576 5.93884 5.73577 5.62455 5.67287 5.68911 5.79615
-99999.00000 -99999.00000 -99999.00000 -99999.00000 -99999.00000 5.77950 5.68824 5.58135 5.61308 5.76615 5.92402 5.92891 5.76509 5.75830 5.75438 5.70946 5.63995 5.72996 5.75005 5.74816 5.77386 5.80062 5.77803 5.72326 5.75067 5.78592 5.76579 5.62869 5.51329 5.50574 5.61891 5.74992 5.71100 5.65833 5.61614 5.56570 5.54304 5.59867 5.63275 5.68165 5.75718 5.85635 5.84302 5.80276 5.87250 5.99928 5.87492 5.69831 5.64393 5.66434 5.73365 5.84452 5.89664 5.91714 5.92228 5.88790 5.84116 5.89367 6.01751 6.06921 6.01508 5.85986 5.73078 5.72528 5.78032 5.94297
-99999.00000 -99999.00000 -99999.00000 -99999.00000 -99999.00000 5.84744 5.82138 5.73240 5.71481 5.84786 5.95926 5.83091 5.78806 5.80944 5.82405 5.73411 5.82683 5.92764 5.91648 5.92871 5.95526 5.95898 5.91396 5.74483 5.67893 5.69602 5.67546 5.56554 5.48198 5.49639 5.60015 5.63971 5.61796 5.63113 5.63532 5.59634 5.53521 5.51318 5.58118 5.69951 5.75532 5.79510 5.86344 5.90737 6.04122 6.08773 5.86128 5.64538 5.60379 5.67926 5.75565 5.80052 5.86875 5.94488 5.95384 5.88146 5.75958 5.71912 5.82405 5.94040 5.91856 5.78515 5.74495 5.82000 5.87677 5.99168
-99999.00000 -99999.00000 -99999.00000 -99999.00000 -99999.00000 5.79431 5.75444 5.73598 5.73527 5.78103 5.81907 5.81947 5.88677 5.93656 5.97561 5.81556 5.87636 5.90797 5.91048 6.04835 6.10248 5.88602 5.66341 5.56717 5.56224 5.62160 5.63124 5.52150 5.44120 5.46485 5.55035 5.59387 5.63174 5.69180 5.69522 5.65115 5.58929 5.50569 5.51325 5.58993 5.65289 5.67868 5.72302 5.80717 5.98981 6.06390 5.88116 5.63514 5.55462 5.61702 5.69761 5.68793 5.70767 5.79739 5.83094 5.78202 5.67442 5.57853 5.58916 5.70742 5.74280 5.65517 5.64751 5.66566 5.70788 5.81963
-99999.00000 -99999.00000 -99999.00000 -99999.00000 -99999.00000 5.68783 5.64957 5.62290 5.62701 5.66873 5.72812 5.80191 5.80644 5.82791 5.92566 5.77553 5.74494 5.68835 5.65510 5.76431 5.91519 5.67447 5.53800 5.54862 5.52288 5.56700 5.63157 5.50336 5.39519 5.41581 5.52278 5.61231 5.68211 5.71532 5.67410 5.63521 5.63279 5.59175 5.55324 5.57787 5.65569 5.68540 5.68797 5.73340 5.85419 5.95806 5.84930 5.62983 5.52143 5.53986 5.60073 5.59180 5.56102 5.58875 5.64883 5.67450 5.60732 5.57480 5.53513 5.57658 5.63558 5.57594 5.55808 5.53332 5.52868 5.59110
-99999.00000 -99999.00000 -99999.00000 -99999.00000 -99999.00000 5.57331 5.56173 5.55623 5.57255 5.60940 5.65500 5.71056 5.72186 5.73637 5.83808 5.71652 5.60471 5.53429 5.53143 5.56502 5.70968 5.60155 5.54117 5.55485 5.50481 5.59617 5.57898 5.50333 5.38286 5.38212 5.51174 5.64065 5.68799 5.66389 5.61499 5.63733 5.68268 5.63459 5.56843 5.54072 5.56547 5.63373 5.72268 5.77493 5.75644 5.81481 5.73886 5.54855 5.45477 5.47903 5.54006 5.56497 5.54911 5.52531 5.55100 5.59487 5.59365 5.58907 5.57931 5.58917 5.59775 5.52244 5.49804 5.47724 5.43763 5.45410
-99999.00000 -99999.00000 -99999.00000 -99999.00000 -99999.00000 5.52399 5.52689 5.53826 5.56230 5.58790 5.60832 5.62095 5.61728 5.61247 5.69961 5.62989 5.51406 5.49027 5.56727 5.51833 5.60970 5.60898 5.59474 5.57009 5.53249 5.56595 5.49717 5.46646 5.35725 5.35060 5.50313 5.66008 5.67785 5.63319 5.59565 5.64378 5.63314 5.57262 5.54527 5.53013 5.58386 5.72589 5.81092 5.73519 5.61389 5.63066 5.56394 5.39517 5.36905 5.46231 5.54608 5.61290 5.65413 5.59372 5.56984 5.56679 5.55461 5.59744 5.59267 5.60345 5.56845 5.47628 5.45357 5.46223 5.41960 5.39537
-99999.00000 -99999.00000 -99999.00000 -99999.00000 -99999.00000 5.53965 5.53882 5.54012 5.56187 5.58837 5.60680 5.60084 5.57994 5.54884 5.56560 5.58075 5.48807 5.53836 5.61266 5.53386 5.59375 5.56713 5.53372 5.51707 5.43807 5.43192 5.39450 5.38603 5.22993 5.25124 5.46398 5.63454 5.66549 5.57929 5.55832 5.58836 5.56165 5.57911 5.58612 5.56183 5.61780 5.74021 5.72295 5.59399 5.53496 5.50762 5.39600 5.26692 5.39316 5.51845 5.60697 5.68688 5.71167 5.65200 5.64219 5.61493 5.55662 5.54113 5.50971 5.53452 5.52334 5.42782 5.39794 5.44588 5.44519 5.39867
-99999.00000 -99999.00000 -99999.00000 -99999.00000 -99999.00000 5.48213 5.50276 5.52571 5.56520 5.62168 5.65997 5.63835 5.59465 5.56239 5.58525 5.66072 5.54740 5.59841 5.63769 5.56861 5.57074 5.46114 5.44502 5.49743 5.48062 5.44171 5.43448 5.40818 5.17373 5.12216 5.35551 5.54001 5.67428 5.64436 5.54998 5.55462 5.57827 5.58097 5.55579 5.51573 5.52923 5.58127 5.57631 5.48937 5.49751 5.46148 5.30681 5.33131 5.50276 5.60080 5.66679 5.70965 5.67460 5.63529 5.67234 5.63773 5.58167 5.53787 5.44505 5.43339 5.46893 5.40957 5.36152 5.42821 5.49436 5.43673
-99999.00000 -99999.00000 -99999.00000 -99999.00000 -99999.00000 5.31037 5.39019 5.50958 5.59064 5.67835 5.73986 5.67592 5.60311 5.52205 5.55160 5.72565 5.57106 5.59448 5.70071 5.62403 5.51034 5.40686 5.48599 5.60984 5.65445 5.58812 5.53691 5.41876 5.22807 5.16172 5.27560 5.42097 5.55521 5.63409 5.59992 5.56938 5.55638 5.52039 5.48651 5.44612 5.40540 5.38387 5.37962 5.36271 5.42514 5.36312 5.35629 5.37556 5.49112 5.59192 5.64686 5.65903 5.60467 5.61093 5.70734 5.68653 5.56270 5.49490 5.42233 5.37000 5.42417 5.43510 5.37613 5.40657 5.50291 5.48293
-99999.00000 -99999.00000 -99999.00000 -99999.00000 -99999.00000 5.19625 5.30379 5.50519 5.62999 5.69850 5.75516 5.64411 5.56379 5.43237 5.48637 5.72395 5.56391 5.53037 5.66980 5.65833 5.50245 5.47140 5.60988 5.73409 5.76919 5.68833 5.54429 5.39103 5.28558 5.26702 5.28435 5.31954 5.39370 5.44618 5.42485 5.41260 5.43807 5.45471 5.45374 5.43552 5.38527 5.31310 5.28349 5.34141 5.41044 5.32897 5.41452 5.39030 5.45627 5.52399 5.55657 5.56364 5.52042 5.52760 5.63580 5.65677 5.52061 5.43240 5.44135 5.37856 5.40174 5.41865 5.36331 5.37906 5.46810 5.47111
-99999.00000 -99999.00000 -99999.00000 -99999.00000 -99999.00000 5.14718 5.28887 5.45240 5.59682 5.68182 5.70919 5.59850 5.55370 5.34288 5.43596 5.67092 5.60375 5.49019 5.56139 5.60966 5.50795 5.49766 5.62421 5.74931 5.77790 5.68074 5.51359 5.35559 5.28779 5.30712 5.31716 5.30757 5.30718 5.31183 5.29615 5.34223 5.41119 5.45630 5.47942 5.49005 5.47072 5.44010 5.42181 5.44431 5.43994 5.33132 5.40208 5.36870 5.40782 5.43703 5.45807 5.47785 5.45409 5.41952 5.48657 5.54878 5.47440 5.41279 5.46508 5.41682 5.38881 5.34929 5.29688 5.32876 5.40347 5.40107
-99999.00000 -99999.00000 -99999.00000 -99999.00000 -99999.00000 5.30791 5.39104 5.35983 5.52461 5.64045 5.66056 5.59611 5.51115 5.30503 5.42098 5.62821 5.69233 5.51989 5.44579 5.46433 5.45280 5.51874 5.65529 5.76379 5.72677 5.62363 5.49034 5.31430 5.20831 5.26935 5.34472 5.35528 5.33385 5.32078 5.34893 5.39958 5.43777 5.45031 5.48202 5.53315 5.53338 5.51195 5.52662 5.53173 5.47654 5.38613 5.37969 5.35767 5.35630 5.36467 5.39593 5.43541 5.42943 5.37245 5.38089 5.45360 5.46975 5.44925 5.45730 5.46810 5.39038 5.30542 5.25651 5.29224 5.35038 5.34655
-99999.00000 -99999.00000 -99999.00000 -99999.00000 -99999.00000 5.44056 5.46301 5.36958 5.40985 5.58202 5.59122 5.57022 5.51806 5.39107 5.42296 5.66171 5.68903 5.53213 5.38320 5.34556 5.41990 5.53864 5.65958 5.74954 5.66711 5.57432 5.49045 5.34513 5.17330 5.23485 5.39561 5.44155 5.42162 5.40873 5.42709 5.40115 5.36367 5.40870 5.49345 5.53504 5.50275 5.48165 5.50002 5.50854 5.48378 5.40998 5.35922 5.34383 5.31136 5.34082 5.40349 5.45911 5.45074 5.38774 5.35501 5.40534 5.48191 5.49204 5.45128 5.43763 5.37264 5.28823 5.24669 5.28361 5.33685 5.34121
-99999.00000 -99999.00000 -99999.00000 -99999.00000 -99999.00000 5.36497 5.45364 5.47829 5.40056 5.44292 5.55483 5.55421 5.56241 5.49566 5.48215 5.57255 5.63290 5.49166 5.33039 5.28973 5.40697 5.55812 5.63632 5.69450 5.61981 5.56224 5.51871 5.39716 5.13914 5.21382 5.45960 5.54860 5.53592 5.52028 5.49381 5.39413 5.31683 5.36020 5.41369 5.39698 5.36992 5.37880 5.40010 5.40391 5.41754 5.41779 5.35035 5.37053 5.22497 5.28835 5.42122 5.51560 5.51436 5.43991 5.37129 5.37571 5.43597 5.47145 5.43275 5.38357 5.31885 5.24621 5.22689 5.28918 5.36538 5.38270
-99999.00000 -99999.00000 -99999.00000 -99999.00000 -99999.00000 5.26034 5.35112 5.41782 5.37098 5.38048 5.47757 5.57709 5.60310 5.54888 5.54263 5.52837 5.50877 5.46595 5.35426 5.32340 5.35759 5.47497 5.56656 5.64310 5.59459 5.57555 5.52772 5.35846 5.14219 5.26307 5.50366 5.60694 5.60921 5.59994 5.54215 5.43643 5.32255 5.27035 5.25636 5.24490 5.27678 5.32278 5.34257 5.33515 5.33942 5.38211 5.40458 5.36150 5.30832 5.22454 5.32697 5.46107 5.53875 5.48896 5.40866 5.37387 5.38180 5.38687 5.37484 5.34746 5.26630 5.16931 5.17711 5.29822 5.41130 5.44152
