mrvbf_slope0.9_pctl1.asc
NCOLS 410
NROWS 410
XLLCORNER 2398750.0000000000000000
YLLCORNER 2548750.0000000000000000
CELLSIZE 250.0000000000000000
NODATA_VALUE -99999.00000
[rows 348 to 376 of 410, columns 264 to 329 of 410]
4.02171 4.02528 4.02893 4.00586 3.94670 3.91715 3.97667 4.06820 4.09563 4.04895 3.96529 3.87161 3.85841 3.88580 3.90327 3.90868 3.89306 3.87647 3.88947 3.89151 3.86387 3.81407 3.77480 3.74814 3.75596 3.74072 3.70029 3.66476 3.61804 3.54868 3.42320 3.15714 2.76616 2.50144 2.15755 1.83855 1.75644 1.62613 1.37350 1.32759 1.64659 1.46310 0.98929 0.74894 1.05189 1.53050 2.03853 2.39170 2.41321 1.97232 1.23788 0.78348 0.79967 1.06675 1.40934 1.03100 0.91130 1.56685 1.33184 0.67541 0.55000 0.67393 0.87216 1.29143 1.48926 1.61430
4.06600 4.03869 4.06180 4.03951 3.94278 3.90793 3.96251 4.03103 4.03623 3.99221 3.91045 3.85887 3.88332 3.93826 3.95521 3.94444 3.89197 3.84809 3.84793 3.85275 3.81743 3.77424 3.78636 3.74460 3.73665 3.70509 3.67131 3.64675 3.60645 3.53627 3.41196 3.16318 2.74493 2.47150 2.07469 1.72263 1.63290 1.46452 1.04073 1.00046 1.50245 1.13692 0.69947 0.66367 0.76958 1.18704 1.82602 2.27912 2.44083 1.99667 1.50278 0.96988 0.77736 0.64169 0.78070 0.73178 0.55245 1.08119 1.29295 0.59697 0.42148 0.63695 0.96689 1.45438 1.60911 1.74080
4.07032 4.01855 3.99643 3.96440 3.88111 3.87184 3.93455 3.94050 3.90638 3.87876 3.85043 3.84173 3.88305 3.94191 3.95483 3.92361 3.87143 3.83091 3.82462 3.82755 3.79591 3.78983 3.75702 3.73504 3.69856 3.67548 3.66792 3.64973 3.61056 3.54976 3.44304 3.17092 2.70201 2.43344 2.04297 1.73958 1.57725 1.33173 0.81669 1.12688 1.41382 0.91753 0.65197 1.08502 0.74583 1.15000 1.78031 2.17220 2.38741 1.93383 1.69856 1.56271 1.17864 0.71712 0.68937 0.62168 0.54929 0.80029 1.45529 0.94964 0.61739 0.91245 1.40541 1.58392 1.63692 1.72079
3.89673 3.88221 3.90467 3.88815 3.81373 3.81265 3.85848 3.83574 3.81442 3.80187 3.80499 3.82729 3.86956 3.90404 3.90499 3.87350 3.83857 3.81125 3.80684 3.81782 3.81613 3.78489 3.74521 3.70447 3.67922 3.68031 3.68607 3.66236 3.61444 3.54222 3.42223 3.11108 2.67610 2.43075 2.00934 1.71730 1.54954 1.37215 1.13732 1.12560 1.15337 0.92744 1.19695 2.00379 1.30010 1.25222 1.63773 1.94772 2.25510 1.78052 1.51134 1.26298 1.33162 1.34185 0.78076 0.50021 0.42780 0.59955 1.10678 1.25905 1.05552 1.16898 1.32505 1.35667 1.27515 1.44578
3.93689 3.94339 3.95769 3.92210 3.81857 3.78156 3.79214 3.78705 3.78559 3.78847 3.80335 3.83957 3.88573 3.90023 3.88305 3.85544 3.82131 3.79185 3.78311 3.79684 3.82280 3.79140 3.74042 3.70595 3.69824 3.69940 3.69056 3.66531 3.60908 3.50745 3.32387 2.95106 2.66078 2.47327 1.89167 1.45167 1.40735 1.49576 1.48994 1.13973 0.86195 0.86136 1.39397 1.83575 1.52977 1.16715 1.41680 1.79412 2.03830 1.82678 1.53118 0.91864 0.81630 1.18454 0.78998 0.50379 0.43127 0.46729 0.58360 1.04674 1.35007 1.36779 1.43732 1.04098 0.54213 0.73997
4.01204 3.98791 3.99689 3.98662 3.87774 3.80473 3.78807 3.78870 3.79862 3.81467 3.82817 3.85108 3.87628 3.89311 3.86606 3.84317 3.80245 3.77100 3.76014 3.79033 3.78816 3.77501 3.74107 3.71821 3.72712 3.70518 3.68678 3.65789 3.58071 3.45078 3.20156 2.79848 2.58613 2.39530 1.78504 1.19321 1.17185 1.48043 1.55309 1.15718 0.85797 0.96230 1.03700 1.51476 1.78365 0.96464 1.24351 1.74904 1.96291 1.81399 1.64954 1.10638 0.71586 0.74313 0.78455 0.90584 0.80855 0.57604 0.47290 0.66365 1.38158 1.50409 1.42405 0.62701 0.38778 0.52580
4.07650 4.03262 3.98234 3.94653 3.89664 3.83811 3.81783 3.82099 3.83806 3.85978 3.85499 3.84061 3.83609 3.83768 3.82763 3.81725 3.78138 3.75336 3.76842 3.77893 3.77004 3.76285 3.74735 3.73162 3.73637 3.70591 3.68894 3.63827 3.53358 3.38130 3.10990 2.73119 2.55318 2.41590 2.03484 1.50124 1.38576 1.62301 1.81064 1.54277 1.23619 1.27610 1.32925 1.19763 1.17673 1.14174 1.44982 1.79033 1.91704 1.68188 1.46670 1.48102 0.97307 0.66482 0.63003 0.81379 1.36304 0.83311 0.46899 0.55288 1.28252 1.54702 1.42443 0.73856 0.47563 0.60646
3.93354 3.91494 3.88111 3.86646 3.87147 3.86301 3.86350 3.87648 3.89883 3.92182 3.90481 3.85364 3.81129 3.81003 3.81803 3.81073 3.77146 3.73387 3.75621 3.78330 3.75792 3.75758 3.75955 3.73234 3.71246 3.67769 3.65915 3.58235 3.45379 3.31561 3.08302 2.72303 2.56451 2.50328 2.42366 2.18470 1.79989 1.73954 1.86909 1.93168 1.74218 1.67988 1.68016 1.51506 0.92511 0.81754 1.09870 1.72218 1.86679 1.48683 0.95581 0.93776 0.98186 0.72280 0.52313 0.56245 1.00637 1.44638 0.98279 1.01503 1.50662 1.66913 1.62241 1.42957 0.93756 1.09603
3.84052 3.81539 3.81108 3.83427 3.86453 3.88738 3.91592 3.94207 3.94984 3.95329 3.94242 3.87426 3.84570 3.84599 3.85594 3.83483 3.78875 3.72126 3.72862 3.76437 3.74886 3.76933 3.76331 3.71167 3.69011 3.62738 3.57265 3.47690 3.36000 3.26541 3.07467 2.74022 2.58566 2.55409 2.55418 2.46981 2.28687 2.09160 1.98825 2.10161 2.15275 1.85786 1.67264 1.42833 0.89520 0.62094 0.63694 1.53249 1.86428 1.71685 1.25975 0.71335 0.64292 0.49468 0.44074 0.45615 0.69438 1.06050 1.08768 1.47163 1.68604 1.82930 1.91765 1.82000 1.58452 1.51826
3.83020 3.81204 3.81553 3.84081 3.86672 3.88578 3.91560 3.95217 3.96732 3.98379 3.98310 3.93073 3.86874 3.87111 3.88115 3.84621 3.79482 3.73692 3.73735 3.76908 3.76633 3.76674 3.75258 3.67715 3.62898 3.59570 3.51393 3.44386 3.37752 3.25793 2.98239 2.71068 2.62560 2.60817 2.60174 2.55580 2.44693 2.25776 2.10476 2.20465 2.09441 1.72454 1.53174 1.30928 0.89010 0.89482 1.09282 1.51152 1.81640 1.85752 1.66933 1.37570 0.81471 0.51151 0.53740 0.66501 1.01246 1.15809 1.31823 1.55066 1.69332 1.88861 2.00581 1.81852 1.76334 1.88769
3.79645 3.83090 3.85246 3.86008 3.86113 3.85973 3.87727 3.92564 3.96647 3.98114 3.97147 3.93523 3.88803 3.88766 3.88609 3.85329 3.80529 3.75659 3.74044 3.76564 3.77742 3.77381 3.74200 3.69422 3.57273 3.53447 3.53185 3.51330 3.44307 3.25623 2.90351 2.70591 2.66721 2.66371 2.65738 2.60430 2.46337 2.23013 2.14033 2.18821 1.91895 1.56614 1.27459 0.96676 0.78454 1.00571 1.10711 1.13654 1.65907 1.81091 1.74377 1.68563 1.49582 0.69226 0.57137 0.68067 1.17568 1.41426 1.51879 1.59912 1.75461 2.00676 1.92935 1.65055 1.75213 2.05535
3.79048 3.86076 3.89641 3.87999 3.85646 3.83846 3.83649 3.86271 3.89815 3.91774 3.90316 3.86722 3.85013 3.86451 3.87146 3.84702 3.80845 3.76241 3.72485 3.72810 3.75671 3.75647 3.72215 3.67574 3.54860 3.50509 3.57084 3.54309 3.41450 3.13436 2.84062 2.74139 2.71111 2.70016 2.67804 2.62150 2.47227 2.20071 2.06032 2.03397 1.86276 1.57822 1.32062 1.01669 0.83706 0.83990 0.95808 1.01564 1.61021 1.75163 1.57047 1.65257 1.69438 1.41440 0.81610 0.96845 1.36526 1.55463 1.62658 1.65476 1.82930 2.10000 1.96870 1.60340 1.64401 1.91801
3.79855 3.84476 3.89364 3.88001 3.85174 3.83183 3.82673 3.83451 3.84902 3.85734 3.84894 3.83992 3.85733 3.87837 3.88890 3.86719 3.82928 3.78459 3.73613 3.70792 3.71902 3.72581 3.71773 3.61536 3.51320 3.52956 3.55923 3.49509 3.28370 2.99957 2.85418 2.79192 2.73358 2.69442 2.65737 2.60108 2.48471 2.29216 2.13315 2.09032 2.10391 1.93983 1.58538 1.37428 1.11962 1.06783 1.05351 0.99204 1.55422 1.66686 1.37724 1.40124 1.62798 1.64395 1.45516 1.56551 1.58389 1.57805 1.58929 1.66810 1.86574 2.01457 1.81696 1.62287 1.67479 1.86340
3.79164 3.79131 3.81926 3.83675 3.83732 3.83095 3.83507 3.85163 3.86009 3.85423 3.84537 3.85166 3.87773 3.89132 3.90048 3.87972 3.84797 3.81837 3.77849 3.72958 3.70852 3.72282 3.70626 3.62375 3.55803 3.53138 3.49901 3.38112 3.14940 2.97403 2.89355 2.79965 2.72244 2.67456 2.63498 2.58789 2.52197 2.39904 2.36644 2.37747 2.24099 2.02548 1.78360 1.64787 1.48779 1.23500 0.79219 0.66930 1.07275 1.39142 1.21516 1.06190 1.42791 0.91715 0.46385 0.55640 1.01788 1.37668 1.48628 1.57558 1.67216 1.78466 1.78455 1.77713 1.93882 2.01640
3.77119 3.74928 3.76579 3.80116 3.82537 3.82872 3.84074 3.87896 3.90685 3.88724 3.85246 3.83592 3.84022 3.86494 3.89502 3.88791 3.85358 3.82742 3.79743 3.75716 3.72333 3.71935 3.70274 3.64938 3.57322 3.49803 3.38072 3.19170 3.02450 2.94875 2.87826 2.78229 2.71083 2.64769 2.59597 2.56813 2.53554 2.46870 2.49765 2.54345 2.44572 2.20148 1.90208 1.73133 1.59288 1.28738 0.91045 0.76112 0.99529 0.88901 0.73671 0.68854 1.06383 0.62577 0.33425 0.41872 0.60282 0.98742 1.29167 1.47433 1.53333 1.57444 1.58839 1.66198 1.91131 2.03197
3.69229 3.70686 3.75148 3.80578 3.82914 3.81186 3.82656 3.88866 3.93453 3.88876 3.84026 3.82539 3.81875 3.82678 3.85875 3.86585 3.83784 3.81820 3.77678 3.74460 3.73799 3.74754 3.69858 3.65827 3.56802 3.49437 3.31526 3.01881 2.87736 2.87215 2.87430 2.79000 2.69274 2.60974 2.54920 2.52678 2.51074 2.53190 2.56604 2.59571 2.48562 2.06216 1.66227 1.48903 1.28856 1.17608 1.34650 1.18718 0.80042 0.70486 0.71862 0.58906 0.75334 0.51048 0.33732 0.40887 0.59398 0.83075 1.09233 1.30363 1.16559 1.13681 1.27792 1.52664 1.78420 2.01299
3.67089 3.72073 3.78700 3.84100 3.81716 3.78895 3.82866 3.91242 3.94630 3.88933 3.83289 3.82964 3.83409 3.81451 3.82621 3.83271 3.81149 3.77457 3.73633 3.70688 3.71362 3.73570 3.70387 3.65748 3.55993 3.45095 3.26040 2.89980 2.73659 2.82517 2.90731 2.78480 2.67191 2.58178 2.52190 2.52354 2.56462 2.59177 2.57497 2.53820 2.39541 1.99628 1.62704 1.28196 0.97838 1.16627 1.43762 1.42969 0.91046 0.65027 0.65530 0.57014 0.66691 0.52237 0.39389 0.51843 0.62861 0.75070 0.99241 1.24303 1.06156 0.94416 1.10739 1.41684 1.63713 1.98141
3.71567 3.77536 3.82757 3.82307 3.78398 3.79585 3.86644 3.92150 3.91860 3.89087 3.84404 3.83485 3.84791 3.82916 3.81719 3.81690 3.77906 3.73731 3.72286 3.72810 3.73425 3.73051 3.70545 3.63547 3.47888 3.27353 3.09031 2.85403 2.69906 2.77574 2.85475 2.76228 2.65961 2.55794 2.49833 2.56871 2.64634 2.63500 2.52866 2.41864 2.31805 1.90565 1.37930 1.05733 1.16458 1.23919 1.56414 1.62584 1.45781 1.17700 1.16127 0.88928 0.78902 0.62103 0.49905 0.64783 0.64786 0.66480 0.79227 1.17138 1.37710 1.34824 1.13383 1.27544 1.54669 2.02427
3.75826 3.80294 3.82232 3.79799 3.78118 3.82117 3.87651 3.85719 3.83404 3.83643 3.83734 3.84675 3.85059 3.83402 3.80553 3.77940 3.74566 3.74233 3.75867 3.73084 3.69799 3.69652 3.66099 3.52923 3.27092 3.01257 2.91713 2.81713 2.80206 2.79698 2.78075 2.73991 2.67276 2.57753 2.49138 2.49151 2.58242 2.58985 2.45020 2.46931 2.50827 2.34701 2.04893 1.55784 1.42104 1.55229 1.52115 1.38705 1.15840 1.19248 1.39577 1.30320 0.83737 0.60539 0.62616 0.67033 0.53620 0.56506 0.63396 0.86181 1.28974 1.43659 1.34321 1.35674 1.53433 2.04798
3.75362 3.78537 3.82791 3.80606 3.77334 3.79917 3.81050 3.78322 3.78039 3.80362 3.82260 3.84301 3.83439 3.81219 3.78667 3.75708 3.74850 3.77371 3.74685 3.67938 3.61116 3.57944 3.52733 3.30704 3.00493 2.89413 2.90127 2.84618 2.74108 2.75679 2.78095 2.80098 2.71568 2.63892 2.56951 2.50704 2.46798 2.49734 2.44774 2.34149 2.40310 2.27449 2.08944 1.81730 1.78951 1.81774 1.57602 1.20228 0.85664 1.11029 1.34340 1.39923 0.81306 0.56679 0.58263 0.48716 0.33816 0.40314 0.51158 0.61119 0.95653 1.30400 1.31860 1.37354 1.49262 2.02605
3.71882 3.78511 3.86189 3.84769 3.78723 3.76723 3.76014 3.75226 3.77032 3.80010 3.80344 3.80500 3.79254 3.78190 3.77764 3.76506 3.76747 3.76196 3.68495 3.58665 3.49172 3.36052 3.23497 3.02222 2.91198 2.96378 3.06608 3.05526 2.90879 2.80656 2.74168 2.71600 2.70994 2.68716 2.67066 2.66005 2.61475 2.60327 2.63174 2.60651 2.58330 2.53190 2.43087 2.30987 2.10937 1.85999 1.62658 1.46460 1.40061 1.40490 1.58611 1.51811 0.92472 0.61608 0.58834 0.45054 0.31723 0.32107 0.44589 0.57144 0.81603 1.27321 1.31580 1.27371 1.38545 1.95930
3.69910 3.80285 3.87165 3.87278 3.84718 3.79475 3.77657 3.77763 3.77810 3.77243 3.76014 3.74683 3.73618 3.76043 3.77422 3.78064 3.76941 3.74145 3.61882 3.52426 3.46759 3.28334 3.07525 3.00200 3.06184 3.20810 3.25301 3.04478 2.78342 2.68522 2.63827 2.61414 2.60679 2.61774 2.64016 2.65987 2.64137 2.61900 2.65431 2.69352 2.72635 2.69154 2.61271 2.51912 2.32803 1.87020 1.51168 1.27498 1.53747 1.63397 1.73420 1.58042 0.79228 0.54620 0.68781 0.66167 0.48838 0.43168 0.56320 0.69305 0.96531 1.14658 1.07631 1.07272 1.26184 1.86494
3.67930 3.75981 3.80755 3.84146 3.85193 3.82538 3.80343 3.80150 3.78978 3.74517 3.70325 3.65210 3.68315 3.76042 3.79069 3.77151 3.72862 3.66850 3.53883 3.47118 3.48189 3.42254 3.30013 3.26881 3.35033 3.39099 3.24246 2.81301 2.58879 2.52085 2.50029 2.50032 2.51600 2.53462 2.56660 2.60993 2.61983 2.64419 2.70027 2.73436 2.70880 2.62156 2.51582 2.43177 2.35917 2.14851 1.76171 1.56590 1.68521 1.77653 1.75738 1.58935 1.34503 0.82669 0.91464 0.75241 0.63495 0.65251 0.60099 0.60524 0.66198 0.69559 0.79297 0.96940 1.32284 1.86505
3.64911 3.69084 3.72698 3.76656 3.79611 3.76807 3.73127 3.72949 3.74604 3.74513 3.63604 3.58220 3.69273 3.74903 3.77882 3.74022 3.68052 3.55618 3.44296 3.43192 3.50120 3.53153 3.49891 3.48263 3.48260 3.42020 3.05281 2.60172 2.42510 2.33713 2.37529 2.42619 2.45501 2.46620 2.47583 2.51718 2.57790 2.63012 2.66657 2.65771 2.56415 2.37458 2.21271 2.22065 2.12222 2.31639 2.17482 1.89510 1.83087 1.80276 1.77214 1.67264 1.68351 1.63291 1.49494 0.83057 0.69162 0.59684 0.45531 0.43121 0.46767 0.60045 0.81866 1.15763 1.39083 1.79772
3.68475 3.67549 3.68768 3.69533 3.70142 3.69292 3.66984 3.65919 3.65059 3.65475 3.61777 3.68269 3.69771 3.72256 3.73137 3.66735 3.56027 3.45960 3.42260 3.47688 3.55932 3.59526 3.58499 3.56000 3.50173 3.37038 2.84331 2.49852 2.32112 2.30985 2.39548 2.41349 2.40441 2.41922 2.39364 2.37231 2.44836 2.55347 2.58323 2.53031 2.43327 2.34636 2.35024 2.27826 1.86600 1.94058 2.25921 2.11246 1.84786 1.78753 1.70793 1.57096 1.65152 1.73892 1.79389 1.65022 1.16894 0.51870 0.43085 0.45387 0.49228 0.67076 1.07322 1.38206 1.44753 1.71556
3.73893 3.70377 3.69415 3.66260 3.59484 3.60637 3.71556 3.72337 3.69579 3.68395 3.69373 3.70129 3.72640 3.71132 3.67137 3.59444 3.51392 3.47282 3.48993 3.55924 3.61048 3.61463 3.60045 3.56293 3.49941 3.32718 2.72767 2.44570 2.33107 2.37579 2.46087 2.43856 2.27690 2.17697 1.94060 1.81621 2.06052 2.35510 2.45838 2.41537 2.42063 2.37148 2.17132 1.88558 1.79876 1.62764 1.94163 2.17589 1.84288 1.72549 1.51698 1.19882 1.43529 1.57035 1.53487 1.45532 1.36824 1.07428 0.99922 0.88080 0.89261 1.23017 1.46383 1.51537 1.43953 1.63609
3.74650 3.72005 3.70493 3.66465 3.52090 3.58287 3.72764 3.77701 3.74072 3.69744 3.64082 3.63759 3.67421 3.66019 3.61619 3.56980 3.54184 3.53666 3.57805 3.62664 3.62845 3.59788 3.56156 3.50235 3.42794 3.27219 2.70389 2.44469 2.36167 2.38539 2.43936 2.34552 1.96799 1.43626 1.12493 1.14854 1.61434 2.08281 2.32773 2.31215 2.34937 2.26636 1.94180 1.41899 1.55911 1.42006 1.70213 2.11026 1.79708 1.64249 1.37771 1.10124 1.46372 1.30677 0.57043 0.53089 0.59746 0.61818 0.63699 0.70129 1.05977 1.41293 1.50481 1.44110 1.36240 1.66975
3.77508 3.74436 3.72006 3.67671 3.49115 3.55431 3.71155 3.71583 3.65313 3.59134 3.58859 3.62880 3.64377 3.62786 3.60220 3.59171 3.58845 3.61310 3.64607 3.63900 3.59862 3.54741 3.48748 3.39170 3.28118 3.15341 2.73474 2.49318 2.40054 2.37425 2.34188 2.09783 1.53749 1.10932 1.06704 1.10711 1.30984 1.94872 2.28848 2.29414 2.23864 2.02143 1.69269 1.38161 1.54307 1.85516 1.59582 1.96693 1.69813 1.37880 1.26264 1.43831 1.41013 0.73350 0.47429 0.35137 0.29783 0.31991 0.40825 0.53182 0.76555 1.24531 1.34579 1.26611 1.35641 1.78488
3.86723 3.78006 3.74342 3.67782 3.46403 3.54141 3.62042 3.60278 3.59119 3.61781 3.66888 3.68974 3.68370 3.66128 3.63595 3.63152 3.64425 3.66693 3.65869 3.62233 3.57562 3.51940 3.46007 3.40771 3.28830 3.13296 2.82298 2.55011 2.43010 2.38768 2.33092 1.96598 1.35171 1.20107 1.36249 1.72712 1.93736 2.07995 2.31549 2.15924 1.75080 1.58956 1.56611 1.61402 1.65938 1.70353 1.59571 1.88124 1.68681 1.35995 1.15198 1.21911 0.94190 0.74889 0.67229 0.39955 0.25901 0.21974 0.31676 0.49510 0.65278 0.99494 1.05047 1.13596 1.48141 1.95461
