mrvbf_slope1.1_pctl1.2.asc
NCOLS 410
NROWS 410
XLLCORNER 2398750.0000000000000000
YLLCORNER 2548750.0000000000000000
CELLSIZE 250.0000000000000000
NODATA_VALUE -99999.00000
[rows 145 to 173 of 410, columns 330 to 395 of 410]
-99999.00000 -99999.00000 -99999.00000 -99999.00000 -99999.00000 -99999.00000 -99999.00000 -99999.00000 -99999.00000 -99999.00000 7.63504 7.63206 7.62813 7.61431 7.58548 7.58726 7.58044 7.56682 7.55526 7.52394 7.48105 7.48968 7.56686 7.59007 7.59298 7.59176 7.58995 7.59567 7.58841 7.57583 7.57392 7.57360 7.57114 7.51161 7.26797 5.61482 1.49990 3.33903 6.25590 6.87640 7.30530 7.48570 7.53651 7.56930 7.58358 7.59556 7.60648 7.61847 7.62840 7.63311 7.62321 7.59589 7.62368 7.58342 7.59709 7.59135 7.62595 7.58574 7.54564 7.55840 7.57970 7.59427 7.63422 7.64383 7.64762 7.65201
-99999.00000 -99999.00000 -99999.00000 -99999.00000 -99999.00000 -99999.00000 -99999.00000 -99999.00000 -99999.00000 -99999.00000 7.63238 7.63102 7.62634 7.61926 7.59445 7.55465 7.55371 7.52964 7.55677 7.52396 7.52681 7.47788 7.50186 7.55334 7.55974 7.56512 7.58882 7.59815 7.58538 7.57183 7.56890 7.56707 7.56035 7.49452 7.27360 5.53780 1.45924 3.44085 6.21369 6.99696 7.40742 7.51033 7.54916 7.57266 7.59151 7.60230 7.61183 7.62108 7.62076 7.59863 7.57701 7.60793 7.63291 7.61910 7.57746 7.62047 7.64246 7.63669 7.62090 7.59449 7.57451 7.61658 7.64287 7.64918 7.65517 7.65598
-99999.00000 -99999.00000 -99999.00000 -99999.00000 -99999.00000 -99999.00000 -99999.00000 -99999.00000 -99999.00000 -99999.00000 7.62730 7.62803 7.62300 7.61518 7.60343 7.56144 7.52967 7.52826 7.55977 7.53266 7.52938 7.48065 7.42496 7.47739 7.47659 7.48986 7.57823 7.59505 7.58415 7.56858 7.55902 7.55891 7.55041 7.48021 7.24623 5.60295 0.85885 2.15769 6.21059 7.27303 7.46361 7.52902 7.56160 7.57792 7.59165 7.60455 7.61780 7.62221 7.59773 7.57790 7.58201 7.58592 7.61921 7.61465 7.62724 7.64093 7.63969 7.64346 7.63558 7.60397 7.59644 7.63357 7.64782 7.65129 7.65449 7.65861
-99999.00000 -99999.00000 -99999.00000 -99999.00000 -99999.00000 -99999.00000 -99999.00000 -99999.00000 -99999.00000 -99999.00000 7.63395 7.63310 7.62540 7.61323 7.59695 7.58267 7.57424 7.54565 7.52963 7.54995 7.54318 7.50195 7.50472 7.48248 7.34269 7.42011 7.55615 7.58542 7.57394 7.54875 7.55538 7.56426 7.53617 7.43333 6.83742 1.46504 0.84622 4.87221 6.96568 7.37794 7.48957 7.54236 7.56960 7.58113 7.59233 7.60886 7.62045 7.61837 7.58125 7.57710 7.59076 7.60994 7.59285 7.62609 7.64795 7.64806 7.63997 7.63770 7.63446 7.61322 7.60744 7.63407 7.64636 7.64862 7.65085 7.65763
-99999.00000 -99999.00000 -99999.00000 -99999.00000 -99999.00000 -99999.00000 -99999.00000 -99999.00000 -99999.00000 -99999.00000 7.63944 7.63274 7.62522 7.61270 7.59285 7.58565 7.58322 7.56496 7.52369 7.52881 7.50152 7.50059 7.53383 7.51319 7.37304 7.44844 7.53771 7.55919 7.53965 7.49872 7.53130 7.55088 7.51248 7.36989 6.23143 0.60779 1.43628 6.05298 7.24279 7.43987 7.51761 7.55696 7.57590 7.58471 7.59831 7.61015 7.61414 7.61094 7.60433 7.58742 7.61988 7.59866 7.60804 7.60186 7.64324 7.65088 7.64838 7.63818 7.62957 7.61621 7.60590 7.62229 7.64080 7.64900 7.65019 7.65373
-99999.00000 -99999.00000 -99999.00000 -99999.00000 -99999.00000 -99999.00000 -99999.00000 -99999.00000 -99999.00000 -99999.00000 7.63649 7.63000 7.61881 7.60129 7.59209 7.58900 7.58033 7.57251 7.55341 7.53585 7.50664 7.54105 7.56387 7.55125 7.46494 7.44934 7.46365 7.40819 7.44601 7.49445 7.46945 7.52309 7.47274 7.19990 5.07451 0.91809 2.49835 6.63096 7.35041 7.48129 7.53722 7.56622 7.58260 7.59303 7.60364 7.60825 7.61484 7.61355 7.61744 7.63132 7.64587 7.63455 7.60491 7.63211 7.64868 7.65107 7.64901 7.64366 7.63379 7.61389 7.58269 7.59887 7.63095 7.64887 7.65269 7.64876
-99999.00000 -99999.00000 -99999.00000 -99999.00000 -99999.00000 -99999.00000 -99999.00000 -99999.00000 -99999.00000 -99999.00000 7.62399 7.62256 7.61617 7.60632 7.59504 7.58389 7.57419 7.56703 7.56247 7.56531 7.57149 7.58412 7.57345 7.58036 7.55560 7.46239 7.44491 7.26971 7.27680 7.41955 7.50420 7.49540 7.35373 6.53648 1.78002 1.41543 5.50699 7.15337 7.42345 7.50918 7.55141 7.57499 7.58783 7.59845 7.60760 7.61228 7.59689 7.56218 7.61295 7.64303 7.65054 7.65218 7.64432 7.64321 7.64700 7.64863 7.64415 7.64517 7.63660 7.61145 7.55906 7.57535 7.60967 7.64019 7.65322 7.64935
-99999.00000 -99999.00000 -99999.00000 -99999.00000 -99999.00000 -99999.00000 -99999.00000 -99999.00000 -99999.00000 7.61860 7.61905 7.61555 7.61630 7.61016 7.59902 7.58112 7.56683 7.55991 7.55734 7.57473 7.59523 7.60044 7.58256 7.56838 7.55591 7.49815 7.44210 7.39113 7.33633 7.48228 7.50023 7.37072 6.77022 6.05025 1.17653 1.75231 6.34422 7.31857 7.46637 7.52833 7.56084 7.57997 7.59011 7.60100 7.60812 7.60287 7.54298 7.51882 7.56800 7.63406 7.64596 7.64875 7.64904 7.64773 7.64745 7.64202 7.64822 7.63951 7.63659 7.62028 7.56965 7.54924 7.61267 7.63181 7.64695 7.65425
-99999.00000 -99999.00000 -99999.00000 -99999.00000 -99999.00000 -99999.00000 -99999.00000 7.63898 7.63778 7.62778 7.62782 7.61500 7.61183 7.61001 7.60679 7.59092 7.57150 7.56156 7.55289 7.56579 7.59140 7.59734 7.58955 7.56585 7.52505 7.48089 7.49269 7.49724 7.43618 7.48184 7.40497 6.51960 5.24526 4.16698 0.74257 3.17739 6.91098 7.39951 7.49141 7.54191 7.57203 7.58789 7.59446 7.60407 7.61244 7.59902 7.52572 7.55724 7.53638 7.61875 7.64033 7.64638 7.65164 7.65683 7.65590 7.64898 7.63574 7.62146 7.63240 7.62957 7.59452 7.56424 7.60279 7.63850 7.65238 7.65182
-99999.00000 -99999.00000 -99999.00000 -99999.00000 -99999.00000 -99999.00000 7.63144 7.63612 7.63724 7.63073 7.62530 7.61565 7.61469 7.60891 7.60583 7.60143 7.58488 7.56609 7.55740 7.56534 7.58307 7.58654 7.58188 7.57788 7.56220 7.52268 7.47373 7.43869 7.32737 7.39110 6.94193 4.48923 3.24932 2.26433 3.03090 6.17767 7.32897 7.46735 7.52521 7.55930 7.57638 7.58841 7.59218 7.59865 7.60872 7.59650 7.52725 7.55947 7.53000 7.61915 7.64236 7.65091 7.65562 7.65889 7.65876 7.65069 7.62295 7.62860 7.62271 7.63187 7.61157 7.57608 7.59851 7.63626 7.65189 7.65323
-99999.00000 -99999.00000 -99999.00000 -99999.00000 7.62133 7.62232 7.63002 7.63318 7.63149 7.62786 7.62288 7.62580 7.62287 7.61339 7.60193 7.60228 7.59619 7.57859 7.56694 7.56771 7.58178 7.58702 7.57511 7.57017 7.56674 7.53721 7.44769 7.32767 7.11877 7.13670 5.20008 1.99520 4.29138 5.50041 6.58128 7.22682 7.44134 7.50727 7.54396 7.57080 7.58213 7.59294 7.59985 7.60104 7.60735 7.60248 7.55684 7.56679 7.55554 7.61874 7.64125 7.64919 7.65412 7.65791 7.65930 7.65565 7.64049 7.62686 7.63659 7.63427 7.61596 7.58229 7.59353 7.63161 7.64956 7.65243
-99999.00000 -99999.00000 -99999.00000 7.63183 7.62891 7.62443 7.62625 7.62813 7.62040 7.62156 7.62302 7.62618 7.62326 7.61721 7.60650 7.60846 7.60477 7.59270 7.58464 7.57640 7.57905 7.58477 7.57744 7.56421 7.53731 7.46455 7.32589 7.10512 6.64609 6.24827 2.37317 3.65204 6.48119 7.16825 7.33282 7.38162 7.48281 7.53435 7.56039 7.57553 7.58972 7.59759 7.60606 7.60997 7.61202 7.60647 7.55865 7.54419 7.56412 7.61102 7.63732 7.64327 7.64807 7.65258 7.65515 7.65379 7.64827 7.64375 7.63982 7.63472 7.62146 7.59928 7.59366 7.62338 7.64422 7.65019
-99999.00000 7.63325 7.63621 7.63484 7.62624 7.62267 7.62311 7.61579 7.61575 7.62260 7.62323 7.62211 7.61877 7.61106 7.60878 7.61601 7.61114 7.60081 7.59495 7.58855 7.58080 7.57840 7.57516 7.55222 7.48882 7.37492 7.34855 7.21953 6.42864 5.14535 3.73434 6.22454 7.33438 7.44047 7.45165 7.44535 7.48677 7.54814 7.57356 7.58318 7.59007 7.60005 7.61076 7.61434 7.61696 7.61983 7.60539 7.57027 7.59196 7.62741 7.63943 7.64351 7.64532 7.64801 7.65262 7.65108 7.65121 7.64861 7.64350 7.63551 7.62344 7.60664 7.59576 7.61554 7.63605 7.64447
7.63307 7.63077 7.63278 7.63066 7.62549 7.62310 7.62093 7.61522 7.61418 7.61944 7.62101 7.61748 7.61354 7.61059 7.61646 7.61898 7.61240 7.60610 7.59956 7.59368 7.58598 7.57749 7.57395 7.55329 7.50255 7.48060 7.46896 7.32061 7.07084 5.48826 5.98951 7.32141 7.47323 7.50904 7.50613 7.50703 7.50450 7.55018 7.57246 7.58299 7.59436 7.60561 7.61498 7.61877 7.61813 7.62146 7.62264 7.61984 7.62484 7.63221 7.63550 7.62625 7.64215 7.64746 7.64975 7.64968 7.64386 7.63712 7.63743 7.63391 7.62192 7.59974 7.58544 7.61222 7.63188 7.63864
7.62808 7.62684 7.62952 7.62692 7.62246 7.61771 7.61472 7.61010 7.60704 7.60778 7.61381 7.61271 7.60905 7.61301 7.62050 7.61723 7.61272 7.61341 7.60832 7.59550 7.58474 7.57827 7.57124 7.56167 7.52638 7.50033 7.43645 7.26964 7.02568 5.95634 6.82636 7.43497 7.51193 7.54270 7.54653 7.53950 7.54108 7.56080 7.56500 7.57668 7.59339 7.60514 7.61333 7.61876 7.62146 7.62455 7.62498 7.62807 7.63061 7.63076 7.60807 7.56844 7.60995 7.64131 7.64636 7.64529 7.63699 7.63696 7.62726 7.62607 7.61207 7.58312 7.58840 7.62218 7.63376 7.63503
7.62349 7.62592 7.62616 7.62406 7.61830 7.61106 7.60395 7.59671 7.58933 7.58958 7.59290 7.59025 7.59495 7.60563 7.60971 7.61091 7.60723 7.60903 7.60882 7.59682 7.58135 7.56669 7.55798 7.55132 7.54084 7.51350 7.44488 7.33834 6.87530 6.65554 7.18490 7.39728 7.47107 7.53558 7.54564 7.53761 7.51687 7.54535 7.55468 7.56443 7.58438 7.59560 7.60203 7.60981 7.61667 7.61984 7.61868 7.62276 7.62484 7.61929 7.56395 7.56582 7.54430 7.61500 7.63312 7.64286 7.64003 7.62902 7.63003 7.62238 7.60672 7.58236 7.59022 7.61985 7.63094 7.63481
7.62313 7.62608 7.62470 7.61956 7.61262 7.59905 7.58152 7.56946 7.55771 7.55747 7.53746 7.52844 7.54836 7.56020 7.56798 7.58754 7.60582 7.60968 7.60525 7.58875 7.57081 7.55471 7.53813 7.53382 7.53230 7.52450 7.46750 7.38266 7.28349 7.19913 7.31745 7.35243 7.33216 7.47465 7.53141 7.52905 7.51057 7.49043 7.50983 7.52545 7.55896 7.57541 7.58664 7.59424 7.60465 7.61020 7.61279 7.61997 7.62196 7.62155 7.59859 7.53222 7.57553 7.57127 7.58098 7.61525 7.63194 7.62626 7.62516 7.61347 7.59690 7.57958 7.59573 7.62084 7.62822 7.63922
7.62155 7.62309 7.61972 7.61317 7.60196 7.57328 7.54244 7.49632 7.47828 7.49050 7.43000 7.44623 7.47416 7.49007 7.52497 7.55350 7.58761 7.60458 7.59826 7.58169 7.55820 7.54061 7.52259 7.50397 7.50163 7.50386 7.45169 7.35791 7.18206 7.11976 7.22021 7.30065 7.24394 7.39503 7.51088 7.50779 7.48615 7.39488 7.31234 7.31170 7.46593 7.51468 7.55666 7.57698 7.58801 7.60109 7.61121 7.61858 7.62141 7.62243 7.62251 7.60126 7.56839 7.55742 7.57182 7.52566 7.58621 7.61771 7.61072 7.60437 7.58641 7.57970 7.60727 7.62362 7.63143 7.64516
7.62313 7.62191 7.61418 7.60468 7.58518 7.53472 7.44825 7.39036 7.42421 7.43812 7.45940 7.50914 7.51383 7.51113 7.52705 7.53267 7.54662 7.57378 7.57073 7.55540 7.53958 7.51413 7.46912 7.41185 7.36327 7.28709 6.97599 6.98820 6.78204 6.95693 7.23340 7.38933 7.29350 7.33143 7.45322 7.41113 7.16189 6.90590 7.17101 7.17202 7.16422 7.22726 7.44343 7.50651 7.55508 7.58583 7.60431 7.61427 7.62150 7.62506 7.62617 7.62431 7.61289 7.59319 7.52211 7.57001 7.53691 7.58924 7.61200 7.60807 7.59062 7.59157 7.61473 7.62450 7.63350 7.64475
7.61798 7.61446 7.60544 7.59120 7.55038 7.44980 7.37073 7.44064 7.50339 7.52091 7.56372 7.57845 7.57320 7.56051 7.54829 7.53986 7.51166 7.51722 7.51788 7.46702 7.45479 7.37103 6.92414 6.59449 6.44456 6.08372 6.23382 5.92110 6.09937 6.14465 7.02442 7.27785 7.35511 7.27043 6.86004 6.67593 7.03726 6.92255 7.21788 7.41553 7.38478 7.23670 6.97130 6.99967 7.41892 7.54245 7.58564 7.60571 7.61710 7.62363 7.62643 7.62391 7.61984 7.61002 7.58008 7.61018 7.57857 7.60787 7.61663 7.60786 7.59144 7.60112 7.62018 7.62715 7.63178 7.63717
7.60945 7.60436 7.59295 7.56137 7.48394 7.40421 7.43810 7.51733 7.56821 7.58916 7.59598 7.59185 7.58415 7.57343 7.55055 7.52842 7.49184 7.43697 7.37463 7.27433 6.91560 6.35555 6.02378 6.20091 6.01018 6.23472 6.71994 5.94470 5.49869 5.87589 6.56907 7.29905 7.26098 7.06730 7.11025 7.03577 7.34630 7.17632 7.34083 7.46040 7.47928 7.28001 6.79161 7.14041 7.09960 7.44821 7.54461 7.58378 7.60483 7.61747 7.62357 7.62156 7.61947 7.59891 7.52454 7.55743 7.50655 7.60298 7.61395 7.59951 7.58701 7.61343 7.62061 7.62509 7.63508 7.63771
7.60109 7.58987 7.56452 7.50224 7.44960 7.45664 7.49987 7.55795 7.59219 7.60234 7.59117 7.57658 7.55857 7.53941 7.52268 7.49730 7.44579 7.27193 7.09208 7.06420 6.66143 6.56409 7.11664 7.28477 7.22434 7.26412 7.26001 7.10627 7.28986 7.35889 7.09790 7.02624 7.02871 6.83702 6.69532 7.43383 7.50011 7.43196 7.43219 7.39177 7.37204 7.21783 6.92575 7.02943 7.33070 7.45910 7.50242 7.54683 7.58487 7.60645 7.61482 7.61825 7.62102 7.61676 7.57044 7.47806 7.49542 7.58470 7.59887 7.58307 7.57973 7.61156 7.61819 7.62956 7.63347 7.63251
7.59090 7.56883 7.51705 7.47497 7.49724 7.49808 7.51949 7.57421 7.59296 7.58480 7.56073 7.52645 7.44880 7.40540 7.46318 7.42436 7.27312 6.95806 6.56968 6.55307 6.84402 7.24536 7.41286 7.46368 7.46540 7.46366 7.45416 7.46951 7.51117 7.52232 7.48951 7.36345 7.24590 7.26794 6.64253 7.24155 7.25643 7.28840 6.04624 5.12014 5.07219 5.43653 6.20851 6.34135 7.04332 7.44040 7.49422 7.51879 7.55829 7.59473 7.60881 7.61422 7.61730 7.61656 7.59935 7.52043 7.53924 7.49715 7.48775 7.51365 7.55475 7.60625 7.62545 7.63029 7.62268 7.63326
7.57780 7.54204 7.49625 7.51035 7.52378 7.49750 7.52171 7.57216 7.56752 7.53797 7.49759 7.36531 6.98038 6.83828 7.06344 6.69405 6.09007 5.84655 5.78887 5.85526 6.82685 7.37643 7.48397 7.50782 7.51812 7.52595 7.52846 7.54056 7.54907 7.55343 7.55387 7.54151 7.53067 7.51924 7.35585 6.91596 7.06922 5.81062 3.83871 4.82102 3.73589 2.20013 4.02659 5.00591 6.00756 7.33966 7.45547 7.48394 7.52948 7.57356 7.59512 7.60558 7.60832 7.61175 7.61745 7.59132 7.51150 7.42593 7.34997 7.41947 7.39701 7.56966 7.62629 7.63026 7.62353 7.62796
7.56534 7.52455 7.51637 7.53387 7.52619 7.48891 7.44997 7.50296 7.51214 7.47312 7.31396 6.58443 6.18114 6.11469 5.74383 5.46037 5.43805 5.64545 5.85049 6.65641 7.32313 7.47652 7.51766 7.53199 7.54613 7.55419 7.55936 7.56554 7.56950 7.57202 7.57329 7.57392 7.57223 7.56560 7.54593 7.50257 7.46619 7.06811 5.10993 1.43710 0.57694 1.51049 3.57383 0.87602 1.77656 5.66202 7.13046 7.41439 7.48024 7.53309 7.56796 7.58687 7.60096 7.61123 7.61632 7.60683 7.56125 7.40403 7.38959 7.56643 7.53763 7.48339 7.60687 7.63489 7.63029 7.63186
7.54839 7.52657 7.53951 7.53845 7.52219 7.50212 7.23729 7.01408 7.27565 7.07672 5.82512 5.49258 6.01739 6.37625 5.94487 6.24884 6.84314 7.25117 7.34959 7.43125 7.48399 7.51638 7.52984 7.54294 7.55359 7.55726 7.56381 7.57274 7.57578 7.57697 7.57765 7.57962 7.57858 7.57477 7.57445 7.56761 7.54666 7.49741 7.33692 6.50017 4.53433 0.87783 0.44462 1.37930 0.47405 0.66033 3.62457 6.38323 7.34983 7.46500 7.51755 7.55648 7.58068 7.59143 7.59604 7.59009 7.57213 7.52563 7.43608 7.56992 7.50097 7.57930 7.62654 7.63998 7.64184 7.63570
7.54913 7.54484 7.55497 7.53773 7.49922 7.43359 7.03597 6.04841 5.63871 5.25062 5.15469 5.86655 6.73330 7.14553 7.18746 7.29004 7.40698 7.46672 7.48749 7.50490 7.52286 7.53733 7.53908 7.55130 7.55982 7.56066 7.56217 7.56576 7.56356 7.56335 7.56489 7.56698 7.57155 7.57608 7.57631 7.57771 7.57066 7.55036 7.51831 7.46764 7.24908 6.05890 3.51549 0.71850 0.38361 1.64898 0.44307 2.34596 5.91983 7.23875 7.43144 7.50377 7.53406 7.54836 7.56673 7.56800 7.57331 7.59268 7.59400 7.62283 7.60160 7.60036 7.62538 7.63926 7.64290 7.63979
7.56193 7.54975 7.55001 7.52146 7.45743 7.33955 6.70839 5.85143 5.60972 5.73377 6.73084 7.23602 7.32291 7.36862 7.40477 7.44876 7.48587 7.50521 7.51650 7.53137 7.54419 7.54884 7.55364 7.56603 7.56836 7.57078 7.57215 7.56698 7.55780 7.55732 7.55645 7.56188 7.56345 7.56955 7.56609 7.57270 7.57293 7.56485 7.54788 7.52184 7.48420 7.41947 7.13564 5.73569 2.33561 0.45958 1.38113 0.65979 2.55637 5.35983 7.22878 7.48917 7.52834 7.54747 7.56988 7.58709 7.60827 7.61732 7.63017 7.63281 7.58089 7.51244 7.57076 7.62954 7.64287 7.64634
7.55926 7.54975 7.54025 7.48976 7.35083 7.06805 5.84003 6.15938 6.97984 7.21828 7.36148 7.43283 7.45972 7.47145 7.48673 7.50831 7.52587 7.53379 7.54528 7.55472 7.55650 7.55391 7.56609 7.57307 7.57132 7.57494 7.57442 7.57071 7.57631 7.58427 7.58485 7.58367 7.58310 7.58738 7.57299 7.55949 7.56432 7.57346 7.56812 7.55235 7.53177 7.50274 7.47062 7.40566 6.78336 4.56593 0.98124 1.39685 3.13801 2.70295 5.57368 7.43209 7.54390 7.56729 7.58855 7.60256 7.61440 7.62810 7.63707 7.61686 7.51147 7.52012 7.49832 7.59643 7.63629 7.64319
