mrvbf_slope0.5_pctl0.8.asc
NCOLS 410
NROWS 410
XLLCORNER 2398750.0000000000000000
YLLCORNER 2548750.0000000000000000
CELLSIZE 250.0000000000000000
NODATA_VALUE -99999.00000
[rows 145 to 173 of 410, columns 66 to 131 of 410]
2.25689 2.73422 3.29978 3.25352 3.27524 3.38287 3.05223 3.15205 3.09096 3.08826 3.20623 3.28520 3.36130 3.16671 2.70276 2.96429 3.77200 4.15362 3.38063 2.77274 2.99096 3.59595 3.38130 3.23169 3.33004 3.36391 3.56011 3.75282 3.83378 3.72290 3.39134 3.26161 3.51965 4.26341 4.50319 3.70136 3.23311 2.99281 2.89443 2.89246 2.94424 3.01833 3.09369 3.13620 3.14240 3.17363 3.33138 3.58656 3.66590 3.31883 2.93754 2.74724 2.67215 2.65014 2.67701 2.78879 2.89740 2.97457 3.25042 3.63980 3.70186 3.49442 3.39705 3.48877 3.67209 3.69191
2.53013 2.65281 3.13196 3.15211 3.06736 3.09396 2.77226 2.79154 3.04657 3.44945 3.46076 3.26884 3.11784 3.05400 2.91936 3.24257 3.48803 3.61819 3.53477 2.84275 2.63601 3.02216 3.29162 3.55446 3.67057 3.63234 3.69810 3.92195 4.08514 4.24660 3.75193 3.34806 3.38584 3.92213 4.44963 3.67095 3.17961 2.92308 2.82606 2.83276 2.89242 2.96595 3.02216 3.02513 2.99042 2.99244 3.07498 3.18194 3.17147 2.99119 2.82248 2.71108 2.63943 2.61282 2.62550 2.66456 2.69687 2.76974 2.90865 3.14951 3.30682 3.16354 3.05479 3.12463 3.30820 3.38759
3.10959 2.82776 3.17063 3.15604 2.97800 3.14857 3.07593 3.02532 3.37052 3.97277 3.96767 3.44931 3.16237 3.15577 3.37427 3.44251 3.52753 3.43923 3.36449 3.17272 2.64454 2.71312 3.22983 3.98700 4.43868 4.34242 3.69668 3.58081 3.70343 4.02289 4.12673 3.43616 3.24724 3.62064 4.25097 3.60200 3.11578 2.84482 2.75118 2.77075 2.84206 2.91754 2.95856 2.93257 2.87385 2.84341 2.84467 2.82986 2.78743 2.73551 2.66535 2.58345 2.52418 2.52287 2.56081 2.59733 2.61778 2.65596 2.67708 2.71300 2.74211 2.69292 2.65091 2.67728 2.75993 2.82999
3.58869 3.13737 3.20766 3.20813 3.14470 3.43989 3.66729 3.41911 3.53186 3.98982 4.11042 3.69322 3.54224 3.40783 3.63478 3.76822 3.52635 3.28629 3.35352 3.45778 3.04720 2.72434 3.08655 3.73223 4.74802 4.63972 3.55405 3.35388 3.53811 3.65157 3.94323 3.44879 3.19431 3.47981 4.11104 3.59020 3.08026 2.78237 2.68930 2.71743 2.79282 2.86720 2.90133 2.85927 2.79496 2.74701 2.70878 2.66357 2.60223 2.51670 2.39720 2.25974 2.19362 2.20418 2.25937 2.34374 2.42470 2.48850 2.51729 2.52188 2.50646 2.47393 2.44985 2.44996 2.46176 2.47896
3.87962 3.57552 3.36172 3.32570 3.36711 3.68159 3.96361 3.51753 3.49484 3.93304 4.19519 3.91676 3.81307 3.62719 3.79272 3.58261 3.34852 3.33934 3.56895 3.81006 3.48192 2.83061 2.92141 3.55068 4.55848 4.32604 3.42048 3.28433 3.66251 3.57950 3.77291 3.51663 3.20378 3.30988 3.76354 3.59954 3.08065 2.74664 2.65133 2.67949 2.75070 2.82352 2.85543 2.79969 2.72441 2.63927 2.53714 2.39774 2.18484 1.90502 1.70429 1.61118 1.57490 1.56210 1.58475 1.66350 1.79969 1.96564 2.07023 2.12119 2.16124 2.19383 2.23447 2.27733 2.31291 2.35360
3.63004 4.01314 3.73559 3.52599 3.49684 3.70525 3.73374 3.43873 3.46960 4.00485 4.72677 4.51163 4.07019 3.90743 3.69107 3.39624 3.40113 3.61280 3.99459 4.23021 3.65656 3.06586 2.96002 3.32579 3.62024 3.66017 3.36069 3.32163 3.60228 3.67108 3.94107 3.62433 3.21499 3.17019 3.46098 3.53221 3.07659 2.72506 2.63320 2.66126 2.72772 2.79937 2.82445 2.74054 2.62344 2.44365 2.10705 1.68950 1.47803 1.41984 1.40577 1.38741 1.35178 1.30142 1.30271 1.37625 1.50221 1.58650 1.61185 1.63288 1.69954 1.81128 1.93417 2.05256 2.16803 2.29769
3.43441 3.71827 3.90197 3.63814 3.56039 3.63814 3.47684 3.29070 3.39011 3.91717 5.04625 5.14239 4.64711 3.99244 3.50512 3.43591 3.66627 3.87809 4.04971 4.34019 3.90049 3.38912 3.15551 3.12099 3.14457 3.18888 3.19931 3.38690 3.65214 3.82914 4.32779 3.72453 3.18554 3.01931 3.25936 3.39076 3.03398 2.69832 2.62051 2.65225 2.71686 2.78653 2.79333 2.66584 2.45603 1.95567 1.44448 1.29966 1.27511 1.27328 1.29439 1.29138 1.22921 1.13978 1.06943 1.15441 1.43455 1.49518 1.44160 1.45180 1.49523 1.56364 1.65207 1.78891 1.98074 2.20863
3.51433 3.42645 3.41234 3.39318 3.56141 3.68228 3.32122 3.12346 3.30884 3.81471 5.07297 5.31525 4.68240 3.74985 3.50557 3.65852 3.85712 3.91112 3.86014 4.14641 4.30541 3.77667 3.43277 3.22714 3.09575 3.05548 3.12631 3.29529 3.40390 3.60986 4.27004 3.73991 3.12352 2.87042 3.08333 3.20692 2.93010 2.65001 2.59688 2.63599 2.70653 2.77272 2.73661 2.55937 2.10224 1.38846 1.21434 1.19476 1.21514 1.24403 1.28328 1.30142 1.20208 1.05821 0.99048 1.07807 1.44952 1.46815 1.32047 1.33571 1.39559 1.43818 1.48609 1.57655 1.74814 2.01437
3.85868 3.51791 3.17463 3.04038 3.43500 3.66725 3.14277 2.94565 3.28656 3.88105 5.11365 5.23422 4.34215 3.68528 3.66111 3.87617 4.13390 4.32747 4.03193 3.98160 4.38709 4.38342 3.83583 3.56546 3.46372 3.35506 3.30586 3.27380 3.17894 3.35517 3.89187 3.77007 3.11635 2.73221 2.79199 2.91553 2.76996 2.58351 2.55708 2.60787 2.69769 2.76382 2.67417 2.39301 1.56047 1.15976 1.12195 1.19360 1.28787 1.32710 1.23426 0.87619 0.61047 0.57479 0.55545 0.63559 0.86724 1.22243 1.32804 1.35842 1.38481 1.39254 1.42560 1.46829 1.54803 1.75678
3.68955 3.79167 3.27775 2.82074 3.21748 3.32945 2.81403 2.91979 3.40160 4.26674 5.23874 5.18931 4.16712 3.63994 3.68988 3.97418 4.41247 4.70208 4.28500 3.98791 4.17706 4.56431 4.50998 4.13595 3.87051 3.69083 3.58180 3.42372 3.08801 3.17014 3.65031 3.68894 3.05328 2.60574 2.54942 2.63844 2.60995 2.50986 2.50096 2.57383 2.69566 2.76105 2.61242 2.11765 1.28593 1.09032 1.15246 1.26684 1.31323 1.09309 0.61380 0.47477 0.36115 0.39404 0.38618 0.42366 0.42565 0.57621 1.33257 1.51485 1.49166 1.44968 1.42742 1.41639 1.44151 1.58578
3.21168 3.52836 3.44823 2.98536 3.00739 2.79347 2.72047 3.19030 3.75054 4.90263 5.35112 5.21794 4.22140 3.60428 3.51743 3.70501 3.86698 4.11286 3.90708 3.85345 4.13114 4.50472 4.54131 4.28306 3.96253 3.81463 3.77594 3.61764 3.20638 3.09659 3.39735 3.42640 2.89924 2.49459 2.36913 2.42736 2.46537 2.41322 2.41609 2.53945 2.69634 2.75368 2.54522 1.79662 1.19550 1.10010 1.20834 1.18049 0.75439 0.58369 0.43918 0.27649 0.19580 0.25179 0.26361 0.33971 0.31443 0.44682 0.84716 1.60003 1.58810 1.51348 1.43829 1.36681 1.34518 1.46888
3.08285 3.33063 3.49981 3.31577 3.01487 2.81836 3.14416 3.63047 4.65811 5.24803 5.34875 5.19904 4.54655 3.75631 3.48778 3.41518 3.49899 3.59758 3.61511 3.76635 4.17054 4.42244 4.45879 4.41513 4.09613 3.86403 3.74062 3.61477 3.38001 3.22020 3.24401 3.20936 2.77810 2.39955 2.16026 2.15833 2.26228 2.24211 2.28525 2.50132 2.69106 2.73799 2.47650 1.65084 1.15242 1.10453 1.18766 0.72747 0.53175 0.43164 0.27809 0.16652 0.16850 0.22812 0.26904 0.37790 0.42954 0.54488 0.76009 1.51463 1.62822 1.58205 1.45947 1.34963 1.26989 1.36754
3.35422 3.41825 3.52660 3.50391 3.19781 3.26840 3.69403 4.68859 5.19050 5.12427 4.81760 4.56733 4.59421 4.15519 3.68009 3.44968 3.30590 3.33969 3.51939 3.71772 3.89381 4.08231 4.34445 4.51152 4.25488 3.92820 3.72296 3.62572 3.55783 3.43643 3.27534 3.14816 2.76629 2.28135 1.78691 1.66101 1.92373 1.92299 2.08135 2.44767 2.67606 2.72355 2.41856 1.62156 1.12999 1.10292 0.95106 0.53891 0.40625 0.30626 0.17589 0.14730 0.19090 0.36724 0.52674 0.65544 0.70665 0.67889 0.66741 1.02904 1.54767 1.66493 1.48195 1.10161 1.09180 1.18803
3.36240 3.45554 3.47967 3.38663 3.39530 3.74119 4.75306 5.18722 4.82477 4.04274 3.65036 3.61124 3.73444 4.04646 4.06643 3.59953 3.25654 3.15494 3.38911 3.55127 3.57660 3.66453 3.78327 3.88512 4.08356 3.98560 3.76631 3.65627 3.63948 3.58950 3.38064 3.18403 2.75543 2.14044 1.28676 1.12813 1.56796 1.57485 1.84596 2.35219 2.63859 2.70894 2.39334 1.64448 1.20831 1.04882 0.60624 0.41148 0.27628 0.28128 0.25974 0.18987 0.34466 0.61526 0.74369 0.73842 0.69777 0.54965 0.51171 0.60605 1.23252 1.60043 1.12593 0.52606 0.64335 0.93704
3.35109 3.28647 3.29538 3.39326 3.68368 4.55928 5.00878 4.39380 3.65651 3.38956 3.29803 3.31972 3.34013 3.41432 3.50710 3.41714 3.07204 2.91712 3.13686 3.30053 3.31106 3.31955 3.33890 3.40210 3.55104 3.81358 3.84597 3.71222 3.65796 3.57441 3.40730 3.18950 2.79110 2.10806 1.07199 0.67017 1.12336 1.39586 1.63028 2.14192 2.54827 2.67259 2.39352 1.71613 1.41582 1.20898 0.56546 0.31135 0.18879 0.19289 0.22346 0.28689 0.47407 0.64304 0.63392 0.55819 0.52415 0.36138 0.32863 0.44769 0.72321 1.30604 0.73313 0.38270 0.41611 0.63400
3.11447 3.16826 3.31981 3.50583 3.98915 4.59068 4.00393 3.46396 3.19243 3.04607 3.10717 3.17082 3.04663 2.82953 2.72701 2.68237 2.54843 2.53285 2.70992 2.95753 3.01436 2.88359 2.76632 2.81432 3.03836 3.34037 3.43035 3.44318 3.45004 3.41879 3.29528 3.05879 2.66523 1.99684 0.81931 0.46685 0.63759 1.14335 1.44496 1.83963 2.34166 2.56215 2.35297 1.78888 1.57805 1.45945 0.77799 0.45469 0.29760 0.22580 0.31585 0.53270 0.47361 0.38373 0.36575 0.32571 0.38046 0.33474 0.27484 0.40725 0.60648 0.90075 0.49024 0.34362 0.41118 0.62881
2.62957 2.72600 2.89722 3.09983 3.42185 3.60514 3.35882 3.00203 2.83638 2.87230 3.00718 3.09170 2.91321 2.49382 2.20206 2.17773 2.28479 2.36762 2.52786 2.85313 3.00584 2.71274 2.35860 2.24661 2.27982 2.46458 2.56350 2.65031 2.74036 2.78837 2.78681 2.74435 2.51572 1.76707 0.63840 0.45685 0.52135 0.81867 1.25424 1.64628 2.00208 2.26230 2.10441 1.80754 1.68166 1.61694 1.42318 0.63793 0.52261 0.45730 0.50565 0.44928 0.24186 0.19548 0.24358 0.27604 0.34137 0.37902 0.39656 0.49214 0.57333 0.72414 0.56029 0.48805 0.66847 1.08597
2.51260 2.15322 2.08320 2.30265 2.64288 2.99710 2.85265 2.68483 2.71015 2.81537 2.91066 3.00910 2.92613 2.47597 2.25382 2.27849 2.59768 2.76511 2.90214 3.05941 3.24812 2.82345 2.29328 2.05978 1.85791 1.83243 1.86921 2.01168 2.19633 2.33431 2.44447 2.55693 2.52174 2.02548 0.83557 0.54006 0.67932 0.77681 0.85193 1.48487 1.81187 1.84503 1.77836 1.73343 1.69857 1.67988 1.59945 0.95354 0.65139 0.59022 0.49698 0.30451 0.16569 0.17001 0.22066 0.36671 0.49505 0.48527 0.44742 0.47090 0.55746 0.75282 1.09799 1.25100 1.60859 1.66956
2.79645 1.96232 1.48873 1.64088 2.16770 2.53085 2.61752 2.65352 2.76334 2.87451 2.86543 2.90149 3.03831 2.52865 2.53573 2.82523 3.01265 3.11162 3.09417 3.21724 3.37221 2.79181 2.31331 2.17918 1.79716 1.54318 1.49871 1.67609 1.97220 2.26094 2.45440 2.59353 2.66586 2.37200 1.61243 0.88869 0.88741 0.97555 0.66542 1.25651 1.68406 1.66908 1.60946 1.59994 1.61480 1.64815 1.56456 0.94970 0.67636 0.60280 0.48479 0.33971 0.22796 0.23206 0.35577 0.52541 0.57539 0.38618 0.29504 0.37520 0.61673 1.32401 1.55402 1.67418 1.93174 2.27285
2.85803 2.10970 2.05831 1.95235 2.17350 2.54370 2.76625 2.88005 2.97515 3.03613 2.84433 2.67265 2.72941 2.42526 2.38904 2.81559 2.92195 3.19360 3.22774 3.47071 3.50795 3.02420 2.16994 1.78390 1.69966 1.58504 1.62964 1.83260 2.16401 2.46550 2.58775 2.71666 2.91193 2.68844 2.18187 1.58883 1.18289 0.93666 0.91274 1.25415 1.59043 1.56775 1.47303 1.47456 1.53489 1.51054 1.24611 0.63559 0.56595 0.56282 0.49635 0.38996 0.32391 0.34314 0.45595 0.56863 0.58068 0.37673 0.31467 0.44408 0.85134 1.59348 1.63965 1.72191 2.13312 2.44665
2.43965 1.88075 2.26895 2.22733 2.50814 2.99960 3.20439 3.21810 3.18086 3.16709 2.96312 2.61315 2.45645 2.14328 2.22503 2.59937 2.42410 2.54422 3.01627 3.42875 3.20033 2.28089 1.66643 1.49370 1.90473 2.28493 2.34057 2.28834 2.34021 2.41840 2.54707 2.81400 3.08325 2.79721 2.41422 1.90014 1.53347 1.20182 1.07189 1.04358 1.24816 1.21561 1.11642 1.44572 2.01690 1.79678 1.12803 0.59083 0.55383 0.57403 0.53467 0.45605 0.41411 0.45474 0.52418 0.58725 0.59348 0.48226 0.45299 0.60268 1.48086 1.68298 1.69144 1.87548 2.36531 2.55102
1.68875 1.53699 2.31196 2.14773 2.79165 3.43883 3.53763 3.40946 3.20079 3.12674 3.13250 2.83408 2.64123 2.49251 2.74418 2.90263 2.52826 2.14652 2.45814 3.02506 2.39431 1.55972 1.29145 2.07470 2.93500 3.21252 2.95081 2.50672 2.40105 2.42638 2.59593 2.92222 2.84010 2.50644 2.13834 1.75956 1.53863 1.33452 0.90693 0.63552 0.60168 0.55837 0.56760 1.24362 1.95770 1.89140 1.54343 0.97998 0.66928 0.65395 0.57436 0.50243 0.52003 0.55726 0.58655 0.62615 0.63818 0.58438 0.59920 1.29699 1.68302 1.72302 1.74184 2.02605 2.45968 2.60526
0.88862 1.27100 1.74770 2.13085 2.99805 3.61699 3.83296 3.54230 3.16969 2.91376 3.00326 2.91256 2.80383 2.85530 2.67659 2.73482 2.79731 2.63192 2.38802 2.84726 2.09282 1.44774 2.36641 2.92604 2.99954 2.95590 2.65055 2.41568 2.52833 2.62852 2.75708 2.97129 2.64512 2.36514 1.85544 1.48129 1.43185 1.26295 0.64904 0.41364 0.31280 0.35638 0.46208 1.11951 2.08167 1.48899 1.84123 1.64558 1.44091 1.16746 0.69637 0.57589 0.60156 0.72114 0.86965 0.89625 0.97571 1.08615 1.36077 1.65018 1.74942 1.71259 1.70402 1.87401 2.32930 2.53854
1.31592 1.47708 1.42010 1.83377 2.67609 3.40386 3.70608 3.57914 3.13840 2.72017 2.74028 2.77551 2.48796 2.39555 2.39368 2.59547 2.96103 2.88541 2.60483 2.99088 2.46706 2.08452 2.46748 2.60392 2.59992 2.62535 2.54953 2.53457 2.73377 2.89366 2.98992 3.08855 2.62629 2.39769 2.16537 1.95461 1.84404 1.24055 0.53579 0.33892 0.29377 0.35133 0.53951 1.51278 1.73296 1.90955 2.19387 2.16059 1.93404 1.75494 1.48433 1.09727 1.28807 1.68745 1.80750 1.73580 1.66007 1.68703 1.91109 1.98987 1.71201 1.62642 1.61442 1.64733 1.85749 2.29021
2.09923 2.39662 1.51532 1.66738 2.41291 3.13419 3.34401 3.34630 3.03635 2.63883 2.62165 2.80303 2.57438 2.10308 2.12933 2.72534 3.09315 2.72281 2.43445 2.93854 2.99243 2.73548 2.84421 2.86579 2.95304 3.05166 2.87672 2.86119 3.10187 3.08345 2.93151 2.93672 2.63074 2.46822 2.39775 2.35862 2.14449 1.38990 0.68938 0.49549 0.44036 0.56404 1.07558 2.15864 2.09319 2.23271 2.41950 2.52954 2.53568 2.41064 1.98862 1.75468 1.84775 2.13124 2.22251 1.99589 1.89581 1.89839 1.68689 1.52376 1.34315 1.16299 1.21508 1.41534 1.58012 1.76215
2.37991 3.07439 1.83911 1.62096 2.38426 3.21064 3.37820 3.38419 3.26611 2.79225 2.58206 2.77767 3.04721 3.12969 3.13346 3.27805 3.31318 2.67234 2.03679 2.55533 3.09066 3.10199 3.28690 3.23084 3.17458 3.18729 3.01449 3.14879 3.17877 2.92081 2.74288 2.72971 2.66812 2.58327 2.53144 2.42621 2.12011 1.73379 1.70765 1.45681 0.93220 1.18523 2.18043 2.31263 2.32691 2.50403 2.65589 2.76476 2.78201 2.69246 2.49228 2.40355 2.51301 2.59073 2.48683 2.08833 1.81684 1.54010 1.11219 0.73350 0.61737 0.54448 0.56114 0.68933 1.27063 1.44355
2.44872 3.08795 2.09429 1.51026 2.29407 3.19258 3.44515 3.52464 3.44545 2.98309 2.60731 2.70461 3.07599 3.17546 3.27081 3.39584 3.22521 2.95879 1.86729 2.03159 2.33542 2.49799 2.96034 3.15529 3.20665 3.11991 3.15308 3.29285 3.00255 2.80533 2.76290 2.72494 2.81557 2.74384 2.64968 2.56475 2.48618 2.49239 2.55100 2.46016 2.21031 2.12666 2.38331 2.47161 2.57451 2.72052 2.83080 2.87589 2.82553 2.68012 2.46344 2.30659 2.20152 2.12226 1.91198 1.83792 1.56670 0.97632 0.61991 0.55057 0.48592 0.38053 0.40295 0.49995 0.63653 1.04426
2.65825 3.10077 2.25362 1.60451 2.26358 3.06447 3.48432 3.54909 3.51782 3.14595 2.78609 2.92841 3.28812 3.39262 3.54070 3.66928 3.38392 3.03258 2.75161 1.97407 1.89179 2.22767 2.49712 2.94986 3.37423 3.32167 3.32149 3.21076 2.79264 2.73469 2.78714 2.73078 2.86437 2.96867 2.81841 2.74902 2.73509 2.77299 2.81236 2.75687 2.66297 2.58016 2.59443 2.65990 2.76215 2.85881 2.89980 2.85386 2.71997 2.48034 2.06453 1.66024 1.48861 1.52149 1.39628 1.03485 0.82004 0.76506 0.58508 0.48336 0.37660 0.28298 0.33295 0.46443 0.54766 0.67744
2.79896 2.21078 2.02082 2.26449 2.52249 2.82901 3.11680 3.26985 3.29634 3.04346 2.91697 3.20400 3.47755 3.53494 3.61350 3.76841 3.60707 3.28019 2.96221 2.68196 2.38965 2.10456 2.39575 3.00475 3.46568 3.40919 3.26622 2.87913 2.62536 2.62035 2.68298 2.66095 2.74163 2.95217 3.01167 2.98677 2.92608 2.88505 2.87561 2.88520 2.84257 2.79248 2.77374 2.81241 2.87530 2.89603 2.84926 2.73291 2.49839 1.98173 1.44833 0.97400 0.67670 0.62379 0.57212 0.54486 0.63432 0.73762 0.53392 0.37761 0.28461 0.26842 0.30160 0.46665 0.53889 0.59044
