mrvbf_slope1.2_pctl1.4.asc
NCOLS 410
NROWS 410
XLLCORNER 2398750.0000000000000000
YLLCORNER 2548750.0000000000000000
CELLSIZE 250.0000000000000000
NODATA_VALUE -99999.00000
[rows 319 to 347 of 410, columns 132 to 197 of 410]
7.08051 7.08748 7.15828 7.18566 7.17721 7.11597 7.11247 7.11794 7.08836 7.07196 7.02615 7.01871 7.08192 7.06149 6.97583 6.86585 6.80865 6.79578 6.80747 6.85656 6.91952 6.88665 6.79912 6.80886 6.69634 6.49356 6.43473 6.39352 6.34017 6.35434 6.43753 6.50206 6.42465 6.25064 6.12148 6.16891 6.28677 6.11905 5.79403 5.67320 5.71284 5.55049 5.62052 5.61040 5.44905 5.43405 5.51866 5.71095 5.83247 5.83691 5.91713 6.05416 6.14426 6.15138 6.10353 6.05533 5.97291 5.85998 5.78801 5.72583 5.60244 5.53698 5.61166 5.79167 5.96478 6.04304
7.16367 7.13354 7.14214 7.15323 7.14806 7.10608 7.08167 7.12011 7.10142 7.10764 7.09331 7.05104 7.09169 7.06669 7.02022 6.96574 6.94004 6.94060 6.94985 6.88984 6.86244 6.88385 6.77079 6.72517 6.55006 6.24832 6.22771 6.31036 6.35213 6.46232 6.51589 6.48147 6.35423 6.16260 6.12452 6.40591 6.48865 6.30662 6.10016 6.10001 6.09311 5.93947 5.65991 5.64089 5.72014 5.76282 5.80212 5.82892 5.85734 5.91769 6.00791 6.09680 6.13662 6.10172 6.03749 5.99634 5.93760 5.83929 5.77996 5.74376 5.64968 5.63995 5.78739 5.98652 6.07662 6.09539
7.18015 7.18552 7.17581 7.17600 7.17843 7.16094 7.12690 7.15757 7.12513 7.10929 7.14168 7.10600 7.11163 7.08776 7.04364 7.00774 6.99259 6.96884 6.90326 6.88241 6.84705 6.75914 6.73913 6.59827 6.31087 6.08834 6.23580 6.45286 6.53678 6.59791 6.58358 6.49458 6.37585 6.32216 6.38306 6.45176 6.54056 6.44051 6.26139 6.17164 6.10558 6.07218 5.95894 5.85863 5.87159 5.80845 5.76819 5.80801 5.88858 5.98269 6.04770 6.06912 6.06022 6.01883 5.97938 5.97625 5.96618 5.89022 5.80064 5.74666 5.72103 5.80198 5.98029 6.06263 6.07141 6.13444
7.17871 7.21779 7.21847 7.21403 7.20909 7.17726 7.13566 7.15702 7.15058 7.10275 7.12384 7.11571 7.12659 7.10168 7.04262 7.00041 6.98013 6.94231 6.84800 6.84212 6.91788 6.77910 6.68041 6.44514 6.19489 6.25275 6.43261 6.54550 6.59368 6.63820 6.61313 6.54014 6.50184 6.48443 6.46127 6.53215 6.57027 6.51069 6.38487 6.28951 6.15087 6.01810 5.96850 5.90460 5.81315 5.74709 5.73696 5.80373 5.88044 5.96049 6.02756 6.03029 5.96396 5.90656 5.92143 5.96659 5.97919 5.93755 5.85945 5.81534 5.88095 5.99816 6.11546 6.08574 6.14477 6.20042
7.19336 7.21590 7.22307 7.21759 7.21126 7.18220 7.12055 7.11608 7.13655 7.10933 7.12144 7.11661 7.13719 7.11824 7.04724 6.98733 6.95728 6.87947 6.81342 6.90675 6.94577 6.76976 6.51611 6.37399 6.41791 6.54614 6.55420 6.51939 6.51909 6.53691 6.53788 6.53333 6.55996 6.57420 6.55227 6.58681 6.56273 6.46051 6.26490 6.14897 6.09020 5.99090 5.92377 5.91683 5.86247 5.77903 5.75962 5.76786 5.80431 5.84485 5.87081 5.87452 5.77492 5.73115 5.84397 5.95562 5.96668 5.95500 5.97201 6.02939 6.09192 6.09699 6.10863 6.10379 6.17192 6.16916
7.19945 7.21576 7.22013 7.20549 7.19677 7.18726 7.13422 7.07023 7.06109 7.07462 7.10819 7.10150 7.12245 7.12401 7.07692 7.01078 6.98557 6.94422 6.92845 6.96586 6.91606 6.69629 6.41232 6.43568 6.60455 6.65582 6.64373 6.59442 6.53102 6.43083 6.38474 6.40875 6.46314 6.49438 6.49334 6.54165 6.52165 6.38796 6.15199 6.09605 6.08030 5.95413 5.85237 5.91334 5.88609 5.77808 5.71763 5.70628 5.72950 5.72001 5.67263 5.59243 5.49712 5.55883 5.77270 5.94221 6.00289 6.04105 6.08861 6.09266 6.11434 6.11129 6.09381 6.13132 6.15031 6.04476
7.19244 7.20859 7.21097 7.19153 7.17805 7.17466 7.14912 7.08761 7.04424 7.05286 7.06054 7.01630 7.04510 7.09104 7.08466 7.03787 7.02040 7.00815 6.97380 6.91192 6.81303 6.57331 6.35912 6.48837 6.66545 6.71510 6.73692 6.71092 6.61357 6.40829 6.29884 6.28861 6.30456 6.39253 6.36027 6.36125 6.41767 6.35383 6.14048 5.93508 5.90976 5.79390 5.81726 5.87972 5.80162 5.71931 5.68367 5.68932 5.69081 5.66992 5.61405 5.51747 5.49872 5.65472 5.86156 6.00972 6.09401 6.12942 6.14142 6.13290 6.15307 6.14676 6.09813 6.08097 6.04746 5.82932
7.14518 7.17422 7.18479 7.17021 7.15454 7.13829 7.11209 7.07994 7.06302 7.03727 6.99613 6.86018 6.81837 6.98211 7.03843 7.00505 6.99015 6.96137 6.88396 6.75433 6.62061 6.43171 6.36416 6.50856 6.64535 6.67819 6.70075 6.71322 6.66273 6.46851 6.18679 6.06458 6.07372 6.22275 6.29630 6.17726 6.14432 6.14884 6.09837 5.86702 5.68263 5.67484 5.78191 5.77169 5.73326 5.70647 5.68310 5.67205 5.65290 5.64315 5.66032 5.70388 5.78946 5.88533 5.95110 6.09101 6.14820 6.13520 6.10307 6.05868 6.06649 6.03039 5.90135 5.75360 5.68711 5.60523
6.99477 7.07315 7.13034 7.13844 7.11985 7.08176 7.02673 6.98501 6.97393 6.96887 6.86377 6.65159 6.45569 6.72030 6.95396 6.94533 6.92122 6.87514 6.73174 6.59098 6.49637 6.42465 6.43092 6.51804 6.60224 6.61590 6.61421 6.63124 6.65383 6.58035 6.35673 6.02341 5.75437 5.85727 6.03824 6.04718 5.99358 5.88732 5.85743 5.72488 5.57541 5.64691 5.71972 5.70206 5.73192 5.71305 5.63788 5.57657 5.54912 5.58768 5.72383 5.88499 5.92703 5.97017 6.08098 6.15960 6.16013 6.10424 5.99199 5.90838 5.72317 5.60183 5.53659 5.40838 5.30807 5.44262
6.93680 6.99021 7.07481 7.09488 7.03824 6.93045 6.80838 6.73409 6.70753 6.80106 6.73787 6.57026 6.32366 6.39895 6.84490 6.85684 6.81369 6.75586 6.58860 6.49787 6.49760 6.49921 6.50366 6.53954 6.58703 6.60497 6.58359 6.54365 6.57802 6.59045 6.49772 6.30114 5.93034 5.71325 5.82544 5.83220 5.81301 5.82059 5.79567 5.68784 5.64287 5.65326 5.66346 5.69861 5.69722 5.61862 5.47906 5.39919 5.42280 5.57232 5.78147 5.88941 5.98629 6.10319 6.13384 6.14006 6.12506 6.06201 5.88034 5.60818 5.36581 5.39058 5.57486 5.55601 5.45969 5.43690
6.98333 6.99960 7.06304 7.04966 6.87801 6.63155 6.50077 6.53383 6.61594 6.71204 6.78126 6.67148 6.37217 6.23165 6.66961 6.68969 6.61484 6.51155 6.38929 6.41951 6.51810 6.56544 6.55505 6.52983 6.52616 6.56857 6.52667 6.42780 6.44915 6.47542 6.40009 6.23506 5.94645 5.68913 5.61873 5.56294 5.62713 5.77718 5.73303 5.62668 5.65418 5.72804 5.73208 5.64444 5.53481 5.35404 5.19930 5.20425 5.37651 5.67483 5.86033 5.84782 5.98428 6.07898 6.00559 5.99324 6.03840 5.97474 5.68272 5.34810 5.41482 5.58199 5.63428 5.62571 5.56155 5.70124
6.95324 7.00337 7.05663 6.94581 6.63452 6.41588 6.42171 6.54302 6.58516 6.67264 6.78997 6.71332 6.52898 6.10691 6.35402 6.41763 6.28174 6.17893 6.22702 6.39206 6.53912 6.60744 6.55671 6.46774 6.49374 6.55904 6.48460 6.29586 6.15445 6.12068 6.03502 5.85794 5.63209 5.47692 5.42374 5.44120 5.59511 5.74911 5.63347 5.56622 5.63808 5.77285 5.72439 5.56254 5.39089 5.11252 4.98536 5.13310 5.45521 5.69735 5.73529 5.88371 6.03226 5.95494 5.83380 5.80185 5.86465 5.83370 5.50527 5.34976 5.62036 5.59211 5.71463 5.76313 5.69888 5.65380
6.89584 6.98374 7.03728 6.81705 6.45688 6.41230 6.58037 6.63048 6.41326 6.46201 6.69397 6.62744 6.55459 6.25168 6.29835 6.44893 6.29919 6.21725 6.28363 6.41579 6.52633 6.60670 6.58537 6.44473 6.37623 6.37651 6.34480 6.28965 6.06132 5.87196 5.76122 5.64342 5.54083 5.48310 5.42934 5.48502 5.69267 5.78478 5.67981 5.65186 5.67999 5.72391 5.53508 5.32353 5.17504 5.03764 5.02637 5.25695 5.50765 5.55005 5.77958 5.97198 5.98820 5.85035 5.79002 5.73162 5.72265 5.59141 5.27402 5.36341 5.68880 5.67809 5.73050 5.46287 5.30016 5.29702
6.86381 6.98122 7.03420 6.77391 6.44724 6.53117 6.80753 6.87526 6.61968 6.30992 6.53497 6.60636 6.54604 6.48443 6.38474 6.54016 6.33330 6.33279 6.43497 6.46006 6.44374 6.49640 6.58433 6.54017 6.42106 6.34439 6.20527 6.03218 5.99642 5.93829 5.85182 5.73355 5.62817 5.56332 5.48649 5.59778 5.77156 5.79072 5.73611 5.72648 5.70511 5.67532 5.35777 5.19180 5.20859 5.24233 5.32706 5.41598 5.46811 5.69551 5.88128 5.80506 5.77911 5.79503 5.81312 5.69981 5.59150 5.14502 5.03849 5.36459 5.59430 5.61312 5.58555 5.25294 5.22042 5.23047
6.83387 6.99183 7.04847 6.78956 6.45865 6.58462 6.86099 6.89340 6.81257 6.60088 6.55735 6.75497 6.63698 6.63485 6.39535 6.41010 6.25724 6.28069 6.48295 6.48791 6.30306 6.24120 6.39183 6.52020 6.50456 6.41794 6.20012 5.84113 5.80628 5.98739 5.99243 5.84657 5.69466 5.61839 5.54860 5.61698 5.70967 5.76057 5.71680 5.69318 5.67283 5.54962 5.18162 5.15047 5.39075 5.49389 5.60171 5.66702 5.70268 5.83383 5.73039 5.61952 5.68795 5.73957 5.71335 5.55824 5.28526 4.96834 5.22939 5.49315 5.49102 5.51369 5.57191 5.14554 5.20231 5.42757
6.84886 7.01855 7.06838 6.83880 6.43910 6.56295 6.87781 6.87626 6.84396 6.81465 6.68546 6.80394 6.66053 6.62556 6.41531 6.24447 6.14669 6.31011 6.50509 6.45111 6.17886 6.04383 6.07266 6.24290 6.29343 6.18002 5.88159 5.60650 5.81106 6.05287 6.04094 5.82989 5.65494 5.59307 5.51904 5.52165 5.56121 5.60042 5.58375 5.49940 5.43227 5.30704 5.08918 5.19908 5.46271 5.52020 5.53893 5.65089 5.69705 5.74289 5.57969 5.61561 5.53724 5.48735 5.56166 5.59946 5.43111 5.16442 5.14825 5.23709 5.40174 5.44120 5.59250 5.12070 5.05098 5.29640
6.81712 6.99196 7.06040 6.87596 6.47143 6.54308 6.87131 6.90430 6.89483 6.85190 6.77749 6.83700 6.65393 6.61815 6.59887 6.43991 6.37326 6.46547 6.47038 6.37718 6.27918 6.15448 6.03804 6.00028 5.96942 5.84463 5.67536 5.72624 5.99651 6.06510 6.04410 5.87012 5.56420 5.42783 5.41826 5.45548 5.52741 5.49987 5.41399 5.33449 5.27424 5.16319 5.15923 5.35386 5.50033 5.55962 5.52840 5.55486 5.65424 5.61295 5.46265 5.47170 5.29624 5.31172 5.53258 5.60235 5.57695 5.32478 5.19459 5.10412 5.21225 5.29007 5.42635 5.25216 5.01932 5.04698
6.69715 6.87883 7.00906 6.85577 6.51031 6.58507 6.88825 6.90866 6.92285 6.90283 6.87147 6.85723 6.71866 6.56384 6.61216 6.62131 6.60596 6.62895 6.52749 6.48917 6.39780 6.41634 6.27557 6.04739 5.87222 5.79414 5.80163 5.93390 6.04872 6.04355 5.99962 5.87724 5.58711 5.31836 5.31521 5.36872 5.46841 5.49836 5.37669 5.30910 5.29061 5.24594 5.28333 5.36806 5.46472 5.51061 5.49359 5.48274 5.53590 5.53568 5.41683 5.29957 5.33183 5.33810 5.42050 5.51327 5.35116 5.12276 5.13467 4.98416 4.96036 5.09254 5.19457 5.39241 5.22856 5.08599
6.62774 6.72805 6.86144 6.71864 6.46841 6.58868 6.85681 6.89129 6.87470 6.83481 6.83580 6.79689 6.67635 6.57142 6.62989 6.66521 6.63913 6.63322 6.61341 6.57348 6.54730 6.50376 6.38412 6.17497 6.00697 5.95413 5.97009 5.99830 5.95842 5.89752 5.84020 5.69819 5.39271 5.26267 5.37410 5.32870 5.36738 5.43132 5.33414 5.29782 5.33028 5.33034 5.31719 5.30115 5.34167 5.32287 5.22521 5.22202 5.33261 5.46515 5.43350 5.26398 5.12914 5.20764 5.40532 5.39931 5.08419 4.96802 4.95334 4.74618 4.74869 4.81424 4.89581 5.25228 5.13187 4.66037
6.63693 6.72923 6.76552 6.63463 6.55788 6.68727 6.89522 6.95491 6.90629 6.80339 6.81094 6.75327 6.62984 6.64585 6.72349 6.71525 6.63930 6.57573 6.55313 6.53569 6.49462 6.43587 6.32203 6.19372 6.15423 6.12013 6.08120 6.02002 5.88678 5.71663 5.59616 5.44409 5.26270 5.34447 5.37511 5.28594 5.34324 5.36267 5.24583 5.20114 5.24216 5.26419 5.26986 5.31268 5.28745 5.21163 5.11747 5.15112 5.11677 5.25073 5.42146 5.36485 5.24587 5.25677 5.35577 5.37003 5.09227 4.92400 4.96029 4.80577 4.89130 4.70635 4.68223 5.05357 4.64490 4.33609
6.63279 6.83381 6.88005 6.82342 6.76308 6.81219 6.91803 6.88411 6.81609 6.81436 6.84134 6.76948 6.72105 6.74739 6.75094 6.74456 6.68354 6.59753 6.54610 6.48699 6.38858 6.33983 6.23938 6.09061 6.05390 6.08821 6.06676 5.97284 5.81607 5.64415 5.48988 5.35741 5.37172 5.46064 5.37516 5.29625 5.31580 5.28316 5.15723 5.04892 5.04282 5.08612 5.13863 5.20601 5.22172 5.12398 4.99442 5.04640 5.04492 4.99157 5.13804 5.04377 5.06658 5.09260 5.32384 5.29170 5.23123 4.98458 4.79434 4.76487 5.03972 4.71564 4.71967 4.70961 4.44690 4.54501
6.61711 6.87507 6.96227 6.88638 6.74728 6.79226 6.89928 6.84199 6.82904 6.85621 6.82934 6.75022 6.72209 6.75364 6.75732 6.73118 6.66621 6.55660 6.48105 6.35970 6.19103 6.20462 6.20824 6.05370 5.94541 5.96895 5.96675 5.87207 5.71385 5.58763 5.47796 5.37023 5.44754 5.45623 5.33386 5.28038 5.26664 5.21039 5.10763 4.98708 4.92997 4.95752 5.05405 5.14282 5.16048 5.07359 4.87918 4.81025 4.94564 4.94149 4.99458 5.08084 5.07720 5.12610 5.14555 5.15310 5.14257 5.07407 4.78766 4.67011 4.95059 4.79187 4.64733 4.67380 4.71520 4.68945
6.62351 6.79241 6.95102 6.94223 6.74870 6.70489 6.85373 6.80381 6.70822 6.67867 6.67747 6.66356 6.67657 6.72627 6.72625 6.67062 6.53201 6.37459 6.29335 6.16976 5.99899 5.95046 6.02029 5.91101 5.74772 5.77447 5.78930 5.71383 5.61699 5.48089 5.36876 5.34046 5.35558 5.37209 5.21660 5.13660 5.07720 4.98833 4.86226 4.74790 4.69391 4.74904 4.91703 5.08685 5.15178 5.09600 4.84405 4.64502 4.80935 4.95221 4.94131 5.04342 5.08337 5.04135 4.94498 4.91611 5.02402 5.06334 4.76642 4.59708 4.72561 4.89982 4.78136 4.86150 4.99509 4.92785
6.59307 6.59160 6.81080 6.93870 6.78653 6.61929 6.74929 6.78948 6.71377 6.63980 6.63814 6.62939 6.60778 6.63764 6.66265 6.56648 6.34242 6.16652 6.05848 6.06610 5.97406 5.81168 5.73120 5.50388 5.43075 5.57954 5.57873 5.47853 5.50256 5.40545 5.30664 5.31074 5.27194 5.24730 5.06559 4.93504 4.81565 4.61792 4.44659 4.34442 4.33953 4.43552 4.60987 4.82787 5.00883 5.01427 4.72369 4.52730 4.71285 4.89563 4.86502 4.84415 4.88447 4.82232 4.79356 4.83914 4.92664 4.97876 4.89392 4.72852 4.58180 4.82080 5.03174 5.05644 5.01098 4.94115
6.62534 6.53669 6.62065 6.86375 6.82725 6.60932 6.61708 6.74570 6.79874 6.78097 6.75515 6.69921 6.60562 6.50152 6.54802 6.43992 6.12963 5.96389 5.89892 5.88847 5.83344 5.74139 5.56239 5.35279 5.44328 5.59050 5.57528 5.42123 5.37879 5.40688 5.35725 5.24063 5.14745 5.09601 4.92346 4.71240 4.51339 4.28498 4.10318 4.01090 4.04247 4.16392 4.31065 4.49117 4.72772 4.83426 4.59600 4.42147 4.58635 4.80169 4.81342 4.72299 4.67972 4.66390 4.69731 4.73904 4.79741 4.94369 4.85704 4.73592 4.60429 4.64508 4.83722 5.03843 5.12208 5.04874
6.62516 6.49055 6.49835 6.78104 6.83718 6.61532 6.52405 6.69578 6.79415 6.76018 6.74253 6.65849 6.57172 6.39344 6.36227 6.27603 5.98233 5.94502 6.04697 5.85645 5.82555 5.75141 5.66286 5.65159 5.77009 5.71531 5.66021 5.49761 5.27277 5.35506 5.31449 5.07577 4.86605 4.81475 4.74780 4.51121 4.22488 3.96045 3.84266 3.81446 3.86441 3.95985 4.05543 4.20998 4.42957 4.57656 4.43714 4.30421 4.43981 4.67185 4.76258 4.75367 4.68570 4.64177 4.63562 4.54323 4.57189 4.75769 4.64565 4.57704 4.70054 4.68625 4.68605 4.82030 5.00972 5.10648
6.63409 6.40011 6.33644 6.65208 6.79806 6.58061 6.48266 6.67874 6.73068 6.72256 6.73137 6.59559 6.46535 6.42271 6.28815 6.17791 6.04766 6.12324 6.10704 5.98766 5.88394 5.90886 5.83769 5.77464 5.72696 5.76538 5.66123 5.37551 5.31711 5.17630 5.04771 4.79201 4.71877 4.63292 4.55182 4.30281 3.89952 3.68921 3.70863 3.80146 3.88269 3.88272 3.89247 4.01210 4.22077 4.32675 4.20415 4.16629 4.35061 4.55667 4.67012 4.74398 4.70760 4.65996 4.62235 4.44137 4.27836 4.27375 4.18143 4.33167 4.55521 4.66805 4.80674 4.81592 4.96417 5.10697
6.70055 6.41283 6.24163 6.52226 6.71939 6.56976 6.54434 6.69240 6.71338 6.73040 6.73664 6.62382 6.42040 6.43988 6.38788 6.27765 6.23436 6.26147 6.19744 6.02254 5.82159 5.84825 5.77622 5.75272 5.63201 5.60978 5.53516 5.33177 5.13531 5.13785 4.88651 4.70373 4.72801 4.56844 4.43759 4.05477 3.66809 3.58212 3.71356 3.97148 4.11758 3.98844 3.87130 3.94354 4.16020 4.23965 4.14480 4.19296 4.36984 4.49188 4.55480 4.62193 4.64137 4.64366 4.58843 4.55080 4.32369 4.11717 4.11836 4.27459 4.32607 4.45822 4.67125 4.79469 4.94109 5.02194
6.70000 6.41691 6.30307 6.54516 6.67899 6.58886 6.61403 6.71493 6.71040 6.71238 6.70139 6.59026 6.38446 6.40516 6.42014 6.32998 6.28411 6.29792 6.23814 6.06361 5.87339 5.76613 5.75439 5.73239 5.57986 5.43802 5.34231 5.21466 5.07383 5.01344 4.74753 4.58679 4.54253 4.40773 4.22978 3.80647 3.54698 3.56080 3.87781 4.13770 4.17022 4.11597 3.92219 3.96765 4.20901 4.31086 4.25278 4.32579 4.46776 4.52157 4.53732 4.55782 4.57689 4.61450 4.59364 4.46186 4.34498 4.25386 4.31025 4.35431 4.28640 4.31393 4.42411 4.56632 4.73709 4.85824
