mrvbf_slope1_pctl0.9.asc
NCOLS 410
NROWS 410
XLLCORNER 2398750.0000000000000000
YLLCORNER 2548750.0000000000000000
CELLSIZE 250.0000000000000000
NODATA_VALUE -99999.00000
[rows 203 to 231 of 410, columns 198 to 263 of 410]
7.55879 7.56389 7.56348 7.56007 7.55066 7.53420 7.51594 7.50138 7.49766 7.50596 7.51138 7.51182 7.51649 7.53136 7.54916 7.55623 7.55617 7.55394 7.55266 7.54669 7.54298 7.54184 7.54194 7.54492 7.54054 7.51731 7.50053 7.50126 7.49161 7.48677 7.50135 7.51714 7.51679 7.46596 7.35012 7.36419 7.41805 7.44153 7.45391 7.42436 7.43540 7.46962 7.47732 7.48599 7.47693 7.47784 7.48921 7.49530 7.48780 7.45949 7.50255 7.54076 7.51986 7.42804 7.38033 7.46542 7.47785 7.50474 7.50328 7.48441 7.49766 7.52011 7.54070 7.54331 7.52833 7.51441
7.56279 7.56394 7.56494 7.56296 7.55186 7.53487 7.51809 7.50944 7.51611 7.53127 7.52895 7.51881 7.51795 7.52917 7.54344 7.54476 7.53807 7.53863 7.54196 7.54238 7.54248 7.54393 7.54778 7.54801 7.53598 7.50757 7.49171 7.49775 7.50415 7.49886 7.48534 7.48879 7.50427 7.47074 7.33228 7.32332 7.44332 7.46102 7.47939 7.46348 7.46170 7.46043 7.44779 7.45653 7.43917 7.40331 7.42658 7.47525 7.47047 7.40694 7.44303 7.51891 7.51203 7.41506 7.34435 7.43401 7.45367 7.49078 7.52623 7.52591 7.52623 7.53315 7.54588 7.54886 7.53780 7.52130
7.56300 7.56412 7.56610 7.56225 7.54912 7.52923 7.51354 7.51279 7.52744 7.54116 7.52919 7.51672 7.51916 7.53188 7.53476 7.51751 7.50523 7.50962 7.52347 7.54243 7.55055 7.55292 7.55159 7.54362 7.52351 7.49047 7.47744 7.49839 7.50403 7.47689 7.42882 7.40756 7.44479 7.44283 7.30412 7.29467 7.41452 7.43429 7.47282 7.47984 7.48126 7.47447 7.43480 7.37261 7.36201 7.39708 7.41011 7.45481 7.46481 7.43205 7.38507 7.46885 7.49344 7.39294 7.28518 7.39351 7.43568 7.46128 7.50336 7.50594 7.50815 7.52272 7.54133 7.54754 7.54498 7.53134
7.56183 7.56509 7.56558 7.55954 7.54565 7.52046 7.50107 7.50707 7.52660 7.53456 7.51806 7.50981 7.52274 7.53475 7.51416 7.48620 7.47805 7.46946 7.49495 7.53535 7.54905 7.55108 7.54521 7.52826 7.49675 7.47204 7.47840 7.49052 7.48703 7.42672 7.38575 7.36151 7.37522 7.39908 7.18670 7.15025 7.29865 7.31562 7.37278 7.43601 7.49246 7.50136 7.44484 7.31521 7.31555 7.43975 7.40238 7.42830 7.46603 7.44107 7.40763 7.43888 7.48271 7.39587 7.23575 7.34323 7.44105 7.47704 7.50607 7.50765 7.49173 7.49986 7.52554 7.54283 7.54830 7.53527
7.56062 7.56424 7.56243 7.55476 7.53926 7.50590 7.47863 7.48999 7.51144 7.51160 7.49649 7.50316 7.52780 7.52439 7.48868 7.47208 7.47722 7.44485 7.45487 7.51659 7.54125 7.54202 7.52902 7.49847 7.46535 7.45677 7.46276 7.46750 7.47890 7.40203 7.35235 7.36444 7.33238 7.32619 6.97221 7.03771 7.29343 7.30745 7.29353 7.35058 7.44413 7.48879 7.42136 7.28069 7.33975 7.45714 7.41624 7.43710 7.47078 7.43849 7.39754 7.38816 7.44643 7.42582 7.27962 7.29962 7.44015 7.49419 7.51308 7.50950 7.49342 7.48611 7.50909 7.53602 7.54703 7.53976
7.55379 7.55953 7.55697 7.54783 7.52816 7.47855 7.43891 7.45984 7.48238 7.47106 7.46238 7.49830 7.52806 7.50625 7.46826 7.47468 7.49321 7.44758 7.42932 7.49572 7.52946 7.51910 7.49154 7.46883 7.46344 7.46023 7.45762 7.42994 7.44026 7.43031 7.39090 7.39765 7.37312 7.29250 6.92007 7.05664 7.36133 7.40716 7.35376 7.32257 7.40288 7.46579 7.38744 7.26165 7.35236 7.45416 7.41614 7.43386 7.41936 7.34587 7.29421 7.25389 7.34417 7.40193 7.29569 7.27982 7.43064 7.47626 7.47379 7.46768 7.47058 7.47011 7.49395 7.52627 7.54263 7.53981
7.53812 7.55082 7.54991 7.53701 7.50109 7.42059 7.38735 7.43197 7.45540 7.42028 7.41365 7.48292 7.51479 7.48162 7.45712 7.48652 7.50607 7.44699 7.41542 7.48222 7.50707 7.47308 7.45216 7.46883 7.48771 7.46963 7.44128 7.44741 7.42938 7.43733 7.40298 7.40379 7.38830 7.31131 7.00086 7.06113 7.34628 7.44427 7.39447 7.31130 7.37497 7.44366 7.37389 7.27874 7.33611 7.44002 7.40604 7.43511 7.36598 7.33186 7.27722 7.14221 7.03689 7.03328 6.90663 7.07025 7.36345 7.44107 7.44057 7.43448 7.42099 7.44779 7.48628 7.51866 7.53681 7.53079
7.51569 7.53355 7.53726 7.51433 7.44351 7.35369 7.37509 7.43595 7.45700 7.39554 7.35511 7.44903 7.48683 7.45675 7.46650 7.50409 7.50419 7.43340 7.40409 7.47643 7.47370 7.44052 7.46110 7.48032 7.49763 7.49504 7.46050 7.43060 7.42533 7.36902 7.31833 7.32472 7.31595 7.32663 7.06927 7.06384 7.29151 7.39835 7.40492 7.34341 7.34149 7.39309 7.37995 7.34407 7.33135 7.39279 7.41955 7.44498 7.37470 7.38639 7.38323 7.27242 6.87796 6.40859 6.50664 7.08751 7.32703 7.38417 7.34639 7.33295 7.38216 7.45039 7.49231 7.51741 7.52835 7.51610
7.50211 7.50891 7.50894 7.47105 7.38792 7.34914 7.40252 7.46517 7.47924 7.40964 7.34479 7.41667 7.45794 7.45110 7.48581 7.51624 7.49025 7.41208 7.42217 7.48921 7.45857 7.44114 7.48614 7.48629 7.49487 7.50481 7.48879 7.45563 7.41871 7.26299 7.22389 7.28860 7.24518 7.32592 7.15843 7.14064 7.26617 7.31917 7.36783 7.39115 7.33958 7.33725 7.38471 7.41188 7.37368 7.38478 7.44762 7.45515 7.39644 7.40101 7.42634 7.35857 7.04974 6.83420 7.01808 7.25368 7.25599 7.19629 7.23165 7.31572 7.40959 7.46513 7.49283 7.50812 7.51389 7.50913
7.51389 7.50584 7.49463 7.45496 7.40030 7.39555 7.44642 7.49864 7.50066 7.43734 7.39217 7.43379 7.46293 7.46992 7.49837 7.50826 7.47734 7.43361 7.43610 7.47086 7.44809 7.45522 7.49117 7.48671 7.49214 7.49821 7.47565 7.41187 7.27870 7.07328 7.20217 7.27258 7.21711 7.30165 7.26037 7.24468 7.30556 7.31862 7.30026 7.31788 7.27710 7.27201 7.31548 7.38368 7.37725 7.32762 7.38121 7.41401 7.34958 7.32729 7.38388 7.37209 7.16642 7.22597 7.29285 7.32469 7.28535 7.09256 6.99236 7.14817 7.31811 7.42200 7.46789 7.48293 7.48619 7.48081
7.53605 7.52659 7.51521 7.48187 7.43454 7.42964 7.47249 7.51284 7.50621 7.45022 7.42681 7.47240 7.49056 7.48895 7.50734 7.50170 7.47396 7.45171 7.44357 7.45159 7.45366 7.47123 7.48949 7.48192 7.48859 7.48265 7.42677 7.30033 7.10484 7.01252 7.18109 7.18465 7.11053 7.19902 7.17623 7.10997 7.26591 7.32222 7.14267 6.97217 7.15612 7.25720 7.25464 7.24682 7.24407 7.18514 7.29166 7.31118 7.23958 7.24516 7.32323 7.37924 7.28791 7.28382 7.35350 7.39492 7.39322 7.25108 6.96900 6.86136 6.99662 7.22914 7.38233 7.42818 7.42423 7.38169
7.54742 7.54302 7.53412 7.50338 7.44458 7.42410 7.46210 7.49029 7.47659 7.42959 7.44053 7.49488 7.50011 7.49388 7.50849 7.49879 7.48643 7.47371 7.45861 7.45889 7.46486 7.47523 7.47430 7.47207 7.48173 7.46471 7.38255 7.21964 7.03595 7.05366 7.26682 7.20903 7.02132 6.85470 6.47072 6.26079 6.60995 6.99813 6.67163 6.67906 7.18592 7.32287 7.36341 7.31201 7.28569 7.29310 7.27160 7.28296 7.26356 7.23451 7.31717 7.39158 7.36039 7.37137 7.41470 7.40329 7.38587 7.36252 7.31023 7.17591 6.96925 6.88553 7.08926 7.23844 7.20438 7.06260
7.55386 7.54962 7.54459 7.52704 7.47901 7.42488 7.43914 7.46095 7.45029 7.44106 7.48698 7.52015 7.51389 7.49583 7.49300 7.49589 7.49956 7.49275 7.46969 7.45966 7.45487 7.45521 7.44779 7.45113 7.45763 7.43584 7.35293 7.14291 6.91056 7.05839 7.29974 7.27056 7.07047 6.60132 6.05551 6.26143 6.28923 6.53679 6.50185 6.97872 7.19582 7.28669 7.38158 7.40182 7.40082 7.34149 7.30387 7.32734 7.34131 7.33268 7.36023 7.40099 7.32949 7.29148 7.31238 7.31781 7.34410 7.38633 7.37854 7.34822 7.21924 6.83456 6.61486 6.72920 6.70276 6.63974
7.55777 7.55261 7.54667 7.53703 7.51379 7.46924 7.45755 7.46761 7.47738 7.49246 7.51154 7.51590 7.51035 7.50537 7.50512 7.50968 7.50282 7.48454 7.45738 7.43063 7.40524 7.39046 7.38130 7.38151 7.37059 7.33281 7.22457 6.91974 6.70857 7.00398 7.21738 7.17503 7.11068 6.89535 6.71661 7.07601 7.02370 7.02382 6.98992 7.26165 7.23678 7.28050 7.37640 7.40798 7.40185 7.35248 7.30267 7.22817 7.28340 7.35442 7.31526 7.31292 7.23726 7.05391 7.17240 7.29510 7.29414 7.33705 7.40195 7.40428 7.29081 6.95903 6.62454 6.53936 6.58513 6.65795
7.55517 7.54907 7.54390 7.53246 7.50462 7.47764 7.49091 7.49692 7.49882 7.48344 7.46804 7.45794 7.45887 7.48318 7.51003 7.51542 7.48688 7.45446 7.44817 7.41990 7.37209 7.32765 7.29906 7.27883 7.22691 7.18137 7.08356 6.80466 6.83351 7.12438 7.23057 7.24273 7.28445 7.21320 7.11094 7.24089 7.15348 7.26084 7.20923 7.32520 7.27522 7.24304 7.28860 7.31489 7.28748 7.18339 6.93534 6.85260 7.07685 7.22967 7.06417 6.96821 6.92381 6.91415 7.28877 7.38027 7.28983 7.29668 7.42005 7.41662 7.26465 7.13807 7.05124 6.97320 6.99947 7.04448
7.54900 7.54335 7.53586 7.51485 7.48252 7.48469 7.49406 7.50496 7.47631 7.44226 7.41410 7.39585 7.39640 7.42382 7.47929 7.50179 7.46091 7.43800 7.45883 7.43836 7.38721 7.35955 7.32913 7.29673 7.23732 7.22166 7.21118 7.06143 7.12664 7.18700 7.17358 7.27400 7.34293 7.33508 7.19641 7.18328 7.23402 7.34850 7.20121 7.29048 7.38892 7.37677 7.35618 7.32756 7.23216 6.98910 6.77382 6.92967 6.96939 7.13131 7.08074 7.05425 7.05309 7.24651 7.33075 7.35562 7.30969 7.32251 7.42843 7.42951 7.28688 7.23796 7.32839 7.31906 7.32353 7.33140
7.54211 7.53667 7.52919 7.50770 7.49054 7.48818 7.49634 7.49908 7.44086 7.39260 7.40600 7.40457 7.38107 7.36996 7.44324 7.48908 7.45875 7.43094 7.43441 7.41147 7.35799 7.39453 7.40156 7.39028 7.36289 7.32383 7.30844 7.18186 7.19054 7.19790 7.13105 7.21211 7.34616 7.39372 7.34478 7.31560 7.39654 7.40781 7.29923 7.31367 7.41568 7.41016 7.40988 7.37628 7.29608 7.20692 7.22995 7.29983 7.21416 7.27303 7.29749 7.34653 7.30282 7.35512 7.39427 7.40249 7.38023 7.34482 7.38869 7.42140 7.30804 7.27498 7.36694 7.37258 7.40036 7.42286
7.53233 7.52809 7.52288 7.50676 7.49584 7.49527 7.50351 7.48498 7.39767 7.34004 7.40157 7.42264 7.36943 7.32426 7.40995 7.47779 7.46677 7.43919 7.43657 7.40830 7.36988 7.39599 7.41992 7.41296 7.39125 7.33869 7.26031 6.98952 6.99155 7.04818 6.94026 6.99034 7.20014 7.29132 7.30465 7.37564 7.41888 7.33018 7.23186 7.31405 7.37639 7.37871 7.42249 7.38507 7.32650 7.30218 7.27986 7.31952 7.26486 7.25457 7.25849 7.33314 7.33415 7.36184 7.43774 7.44910 7.41008 7.38871 7.34669 7.40831 7.33529 7.25603 7.24248 7.27115 7.30523 7.37625
7.50208 7.50604 7.51181 7.50192 7.49189 7.49462 7.49518 7.44996 7.33201 7.30800 7.41100 7.44398 7.37262 7.28971 7.36124 7.44791 7.42325 7.36465 7.35226 7.34687 7.36061 7.40084 7.41164 7.39439 7.37073 7.28928 7.07855 6.76772 7.03918 7.11051 7.00321 7.11958 7.26060 7.28644 7.28942 7.33981 7.40107 7.30805 7.30450 7.36038 7.38315 7.33210 7.38505 7.41269 7.37567 7.32923 7.23534 7.13779 7.12115 7.20209 7.13776 7.12942 7.27506 7.27102 7.38888 7.44377 7.41741 7.41061 7.34655 7.38597 7.39959 7.33304 7.29905 7.33267 7.28153 7.29798
7.43938 7.44018 7.47034 7.46660 7.45754 7.47252 7.47246 7.40972 7.27164 7.31060 7.43834 7.46340 7.39262 7.30154 7.33637 7.40750 7.32372 7.25739 7.28578 7.31449 7.35691 7.39576 7.40480 7.38699 7.36207 7.29576 7.14446 7.05911 7.20892 7.28883 7.20846 7.24056 7.35631 7.33688 7.28432 7.35460 7.41079 7.33292 7.28168 7.29553 7.28607 7.31604 7.40122 7.44054 7.42419 7.42379 7.38592 7.27626 7.25069 7.33542 7.04812 6.95482 7.29228 7.21705 7.31139 7.42495 7.40736 7.39589 7.33863 7.35633 7.41284 7.40368 7.38943 7.41970 7.37679 7.31873
7.39300 7.36973 7.39003 7.41289 7.44204 7.45838 7.45504 7.39387 7.23975 7.31768 7.43576 7.41957 7.34278 7.31663 7.38245 7.40049 7.29449 7.29862 7.35264 7.37517 7.40265 7.42597 7.42969 7.40963 7.38848 7.34065 7.18935 7.09240 7.20845 7.31426 7.27613 7.28231 7.35748 7.31951 7.34803 7.40125 7.38426 7.36495 7.36574 7.35788 7.33378 7.34947 7.36177 7.36555 7.39373 7.44467 7.44019 7.37388 7.34252 7.33878 7.01980 6.96414 7.28699 7.23112 7.28008 7.40865 7.39192 7.35944 7.29182 7.32153 7.33282 7.29406 7.28349 7.36479 7.38889 7.30773
7.38680 7.37661 7.35822 7.40056 7.44851 7.45146 7.45834 7.41251 7.27042 7.31416 7.40616 7.36560 7.32409 7.37969 7.43813 7.41171 7.30786 7.31295 7.39313 7.41320 7.42011 7.43462 7.44232 7.42602 7.39337 7.34212 7.09446 6.81600 7.12795 7.22239 7.27029 7.28394 7.34272 7.34021 7.37439 7.30988 7.24145 7.26254 7.28332 7.23015 7.16026 7.21641 7.29142 7.27531 7.26339 7.35394 7.37200 7.29467 7.26472 7.30354 7.13548 6.97311 7.21393 7.28231 7.26143 7.37428 7.39296 7.33802 7.27819 7.27384 7.19299 7.18780 7.17657 7.20656 7.27092 7.04636
7.37772 7.40447 7.39282 7.40568 7.42432 7.43607 7.45501 7.41090 7.28810 7.33159 7.39696 7.36283 7.37557 7.42496 7.44738 7.41480 7.31930 7.29338 7.37262 7.40295 7.40729 7.43245 7.44025 7.42866 7.39690 7.31580 7.02237 6.86001 7.16511 7.26431 7.29291 7.26484 7.32966 7.28714 7.24412 7.16042 7.25456 7.30046 7.30606 7.24819 7.23953 7.31348 7.38275 7.37543 7.30141 7.29972 7.32939 7.27239 7.20947 7.18130 7.21230 7.08893 7.18144 7.31217 7.22386 7.26621 7.35496 7.30026 7.11156 7.03343 7.03043 7.14860 7.11809 7.01366 6.99495 6.81207
7.36224 7.41413 7.41798 7.41974 7.40937 7.40902 7.43018 7.37412 7.22116 7.28873 7.35349 7.27974 7.24164 7.29096 7.36023 7.34906 7.26502 7.26558 7.33593 7.34842 7.32048 7.38122 7.41826 7.40193 7.32152 7.14304 6.93947 7.09635 7.27259 7.36046 7.35518 7.28770 7.31769 7.21845 7.13864 7.24125 7.37802 7.37958 7.37725 7.37015 7.33216 7.30073 7.34201 7.37196 7.32853 7.32191 7.30749 7.23629 7.20922 7.05883 7.19297 7.18097 7.11863 7.21022 7.13475 7.01325 7.17417 7.08128 6.84571 6.81133 6.89816 7.01465 6.98787 6.88544 6.91833 7.10916
7.35279 7.35175 7.40738 7.44245 7.41723 7.37556 7.38349 7.34892 7.13738 7.18747 7.33878 7.28582 7.18575 7.19441 7.28006 7.30407 7.25211 7.27543 7.32761 7.32584 7.27207 7.26532 7.34852 7.31752 7.17696 7.02333 7.00194 7.14704 7.23300 7.34765 7.35345 7.22069 7.19145 7.21694 7.24511 7.30811 7.29356 7.26511 7.26898 7.34321 7.30418 7.23094 7.25683 7.34300 7.35802 7.33313 7.20870 7.02358 7.03895 6.88030 7.00404 7.12338 6.86881 6.91259 7.00008 6.71507 6.66988 6.63365 6.64866 6.78664 6.85559 6.94023 6.96084 6.93922 7.08972 7.31432
7.41744 7.38730 7.40119 7.42653 7.40840 7.34458 7.29796 7.26936 7.08854 7.12765 7.31424 7.34281 7.29571 7.27004 7.33029 7.34022 7.29092 7.32110 7.36196 7.35888 7.34059 7.25410 7.25770 7.24314 7.20816 7.12666 7.08284 7.21328 7.20646 7.28116 7.31956 7.16626 7.17368 7.26497 7.27233 7.23426 7.07212 7.18617 7.14700 7.19487 7.20900 7.21743 7.17812 7.23546 7.31871 7.31565 7.05763 6.83616 6.96699 6.70539 6.55535 6.69929 6.39471 6.66844 6.95838 6.77167 6.36843 6.28131 6.69191 6.88188 6.95728 7.03501 7.05340 7.02864 7.10340 7.30093
7.38184 7.33485 7.36356 7.39648 7.39050 7.33717 7.25297 7.14763 7.05082 7.16463 7.32060 7.36959 7.29115 7.26008 7.34554 7.32929 7.28599 7.34401 7.38703 7.37612 7.35004 7.32878 7.26857 7.25643 7.29622 7.23059 7.08935 7.17544 7.25298 7.32396 7.35776 7.25544 7.17912 7.17489 7.12289 7.08087 7.16763 7.32624 7.22250 7.10421 7.15630 7.23938 7.11899 7.20557 7.25667 7.28388 6.92043 6.70901 7.02551 6.85380 6.33493 6.11956 6.20581 6.73047 6.98865 6.99421 6.76907 6.74494 6.96985 7.06591 7.12603 7.16290 7.15187 7.07755 6.98838 7.17861
7.27691 7.31041 7.37552 7.40667 7.40838 7.37399 7.29854 7.17323 7.13657 7.26626 7.36307 7.38430 7.28513 7.22143 7.31667 7.27795 7.25996 7.34272 7.38254 7.38374 7.34388 7.32252 7.29304 7.22545 7.19380 7.25351 7.17445 7.21607 7.32368 7.35746 7.38452 7.35163 7.31006 7.28898 7.25875 7.26524 7.36442 7.41144 7.35730 7.21723 7.19558 7.24942 7.12136 7.21339 7.26600 7.27897 6.91854 6.54745 6.87704 7.02752 6.75987 6.47338 6.67040 6.95999 7.06198 7.13816 7.15337 7.16539 7.19543 7.21324 7.23930 7.25085 7.23616 7.15538 6.94998 6.94737
7.25130 7.36806 7.40311 7.41906 7.41169 7.38843 7.32854 7.25173 7.28153 7.35714 7.35857 7.34224 7.30246 7.24455 7.29628 7.25392 7.26570 7.34124 7.35700 7.36255 7.31622 7.28762 7.27381 7.17907 7.01381 6.95429 6.96537 7.13823 7.26642 7.31503 7.33971 7.28672 7.28277 7.29730 7.30740 7.35698 7.41319 7.42992 7.39627 7.31663 7.21943 7.04229 6.84443 7.05553 7.16815 7.22861 6.90051 6.53550 6.74174 6.97860 7.01594 7.01471 7.06825 7.13476 7.18883 7.23640 7.26497 7.29009 7.30957 7.32641 7.33179 7.33173 7.31734 7.27114 7.13169 6.94722
