mrvbf_slope1.1_pctl1.1.asc
NCOLS 410
NROWS 410
XLLCORNER 2398750.0000000000000000
YLLCORNER 2548750.0000000000000000
CELLSIZE 250.0000000000000000
NODATA_VALUE -99999.00000
[rows 203 to 231 of 410, columns 0 to 65 of 410]
-99999.00000 -99999.00000 -99999.00000 -99999.00000 -99999.00000 7.66160 7.66467 7.65996 7.65034 7.64550 7.63321 7.63182 7.64554 7.64884 7.63592 7.62640 7.62301 7.62809 7.63017 7.64184 7.64957 7.64991 7.65124 7.65033 7.64955 7.64875 7.64252 7.63270 7.62691 7.62755 7.63006 7.62939 7.62465 7.62178 7.62054 7.62165 7.62718 7.63140 7.63710 7.63982 7.64378 7.65016 7.65053 7.64116 7.63128 7.63150 7.63124 7.62745 7.62477 7.62341 7.62544 7.62826 7.63020 7.63084 7.63019 7.62809 7.62353 7.61731 7.60922 7.60022 7.60203 7.60339 7.60734 7.61716 7.61517 7.60328
-99999.00000 -99999.00000 -99999.00000 -99999.00000 -99999.00000 7.66103 7.66271 7.65475 7.64905 7.64748 7.62910 7.62330 7.63797 7.63171 7.61990 7.62077 7.62639 7.62944 7.63589 7.64729 7.65058 7.65090 7.64757 7.64902 7.64860 7.64915 7.64613 7.63406 7.62527 7.62771 7.62909 7.62612 7.62196 7.61856 7.61898 7.62113 7.62601 7.63340 7.63985 7.64242 7.64662 7.64804 7.64645 7.63945 7.63012 7.62547 7.62431 7.62406 7.62463 7.62405 7.62712 7.63067 7.63218 7.63227 7.63111 7.62903 7.62638 7.62430 7.62083 7.61309 7.60792 7.60705 7.61349 7.62432 7.62812 7.60968
-99999.00000 -99999.00000 -99999.00000 -99999.00000 -99999.00000 7.65587 7.65978 7.65592 7.64793 7.64448 7.63614 7.61891 7.62091 7.61256 7.61173 7.62210 7.63381 7.63520 7.64238 7.64821 7.64957 7.65414 7.65187 7.64886 7.65008 7.64951 7.64461 7.63630 7.62886 7.62956 7.62646 7.62156 7.61792 7.61508 7.61756 7.62437 7.63389 7.63998 7.64370 7.64483 7.64500 7.64016 7.63631 7.63259 7.62636 7.62163 7.62112 7.62278 7.62634 7.62813 7.63099 7.63421 7.63503 7.63466 7.63330 7.62962 7.62608 7.62706 7.62574 7.61642 7.60872 7.61189 7.62170 7.62914 7.62623 7.61415
-99999.00000 -99999.00000 -99999.00000 -99999.00000 -99999.00000 7.64843 7.65581 7.65978 7.65130 7.64569 7.64561 7.63192 7.61972 7.60808 7.60559 7.60705 7.61377 7.63267 7.64410 7.64658 7.64591 7.64969 7.65213 7.65211 7.65385 7.65262 7.64715 7.64058 7.63223 7.62644 7.62130 7.61772 7.61520 7.61312 7.61409 7.61968 7.63279 7.64112 7.63964 7.63807 7.63785 7.63251 7.62991 7.62670 7.62279 7.61989 7.61997 7.62348 7.62786 7.63095 7.63384 7.63757 7.63877 7.63782 7.63326 7.62353 7.62022 7.62048 7.62086 7.61518 7.61252 7.61893 7.62741 7.63127 7.62803 7.62431
-99999.00000 -99999.00000 -99999.00000 -99999.00000 -99999.00000 7.64464 7.65616 7.66025 7.65214 7.64629 7.64727 7.64240 7.63429 7.62577 7.61252 7.60066 7.58506 7.61881 7.63842 7.64215 7.63800 7.63447 7.63710 7.64237 7.64664 7.64663 7.64199 7.63724 7.63051 7.62417 7.62036 7.61862 7.61647 7.61402 7.61215 7.61409 7.62640 7.63562 7.63382 7.63193 7.63396 7.62289 7.62526 7.62529 7.62159 7.62004 7.62044 7.62374 7.62648 7.62933 7.63340 7.63810 7.63994 7.63663 7.62442 7.61443 7.61903 7.61905 7.61738 7.61567 7.61985 7.62819 7.63381 7.63523 7.63484 7.63464
-99999.00000 -99999.00000 -99999.00000 -99999.00000 -99999.00000 7.64006 7.64984 7.65608 7.64877 7.64281 7.64438 7.64726 7.64765 7.64271 7.62333 7.60536 7.60148 7.60418 7.63386 7.63649 7.62768 7.62030 7.62044 7.62670 7.63430 7.63718 7.63542 7.63471 7.63153 7.62823 7.62700 7.62509 7.62038 7.61528 7.61199 7.61365 7.62359 7.63561 7.63520 7.63153 7.63076 7.61640 7.61534 7.62317 7.62574 7.62533 7.62529 7.62533 7.62405 7.62590 7.63126 7.63619 7.63674 7.63035 7.61716 7.61656 7.62545 7.62611 7.62365 7.62238 7.62646 7.63253 7.63640 7.63747 7.63754 7.63649
-99999.00000 -99999.00000 -99999.00000 -99999.00000 -99999.00000 7.63509 7.64116 7.64910 7.64311 7.63847 7.64279 7.64979 7.65343 7.65157 7.63508 7.61433 7.60206 7.60896 7.62538 7.62572 7.62298 7.62245 7.61943 7.62153 7.62930 7.63529 7.63559 7.63422 7.63265 7.63361 7.63490 7.63209 7.62391 7.61499 7.61108 7.61433 7.62337 7.63342 7.63863 7.63710 7.62678 7.61369 7.60240 7.62067 7.63294 7.63424 7.63159 7.62713 7.62378 7.62475 7.62794 7.62854 7.62644 7.62409 7.61767 7.61435 7.62169 7.62762 7.62748 7.62647 7.62817 7.63011 7.63097 7.63085 7.63052 7.62885
-99999.00000 -99999.00000 -99999.00000 -99999.00000 -99999.00000 7.63718 7.63735 7.64191 7.63799 7.63505 7.64059 7.64793 7.65316 7.65444 7.64588 7.63171 7.61091 7.61723 7.61806 7.62654 7.63076 7.63276 7.62563 7.62236 7.62933 7.63702 7.63421 7.63080 7.63158 7.63552 7.63724 7.63377 7.62481 7.61541 7.61161 7.61614 7.62628 7.63084 7.63217 7.63026 7.62432 7.60811 7.60640 7.62475 7.63758 7.63777 7.63458 7.62849 7.62544 7.62719 7.62274 7.61218 7.60484 7.60629 7.61259 7.61488 7.61924 7.62415 7.62484 7.62353 7.62352 7.62395 7.62344 7.62184 7.62029 7.61792
-99999.00000 -99999.00000 -99999.00000 -99999.00000 -99999.00000 7.64524 7.63952 7.63904 7.63530 7.63223 7.63729 7.64355 7.64932 7.65399 7.65062 7.63968 7.62397 7.60905 7.61725 7.63115 7.63531 7.63502 7.62730 7.62033 7.62643 7.63480 7.62939 7.62845 7.62976 7.63138 7.63344 7.63209 7.62466 7.61696 7.61525 7.62037 7.62940 7.63427 7.63305 7.63175 7.62891 7.61575 7.61636 7.63133 7.63193 7.63498 7.63604 7.62909 7.62594 7.62941 7.61583 7.59728 7.58717 7.58557 7.59132 7.60195 7.61217 7.61874 7.61993 7.61702 7.61616 7.61787 7.61787 7.61563 7.61408 7.61289
-99999.00000 -99999.00000 -99999.00000 -99999.00000 -99999.00000 7.65042 7.64291 7.63850 7.63433 7.63120 7.63688 7.64044 7.64460 7.65153 7.64993 7.63870 7.62100 7.60193 7.61623 7.62282 7.62858 7.62980 7.62409 7.61532 7.62018 7.62859 7.62568 7.63088 7.62770 7.62429 7.62796 7.62871 7.62279 7.61759 7.61883 7.62511 7.63393 7.63942 7.63883 7.63868 7.63611 7.62553 7.62485 7.62626 7.63250 7.63743 7.63484 7.62692 7.62493 7.62380 7.60515 7.59181 7.59118 7.58675 7.58455 7.59064 7.60153 7.61046 7.61273 7.61080 7.61228 7.61556 7.61496 7.61274 7.61346 7.61685
-99999.00000 -99999.00000 -99999.00000 -99999.00000 -99999.00000 7.64137 7.64238 7.63666 7.62918 7.63103 7.63811 7.63630 7.64161 7.64905 7.64242 7.63292 7.62296 7.60389 7.61446 7.61833 7.62401 7.62664 7.62161 7.61254 7.61571 7.62546 7.62854 7.63400 7.62559 7.61829 7.62036 7.62097 7.61840 7.61811 7.62151 7.62780 7.63614 7.64082 7.63945 7.63815 7.63674 7.63130 7.63012 7.63217 7.64047 7.64216 7.63663 7.62850 7.62650 7.61551 7.59650 7.59417 7.60546 7.60591 7.60079 7.59923 7.60384 7.61143 7.61421 7.61432 7.61700 7.61794 7.61448 7.61314 7.61716 7.62461
-99999.00000 -99999.00000 -99999.00000 -99999.00000 -99999.00000 7.61497 7.62925 7.62110 7.61272 7.62969 7.63247 7.63455 7.64513 7.64698 7.63402 7.62960 7.61733 7.59542 7.61424 7.62899 7.63292 7.63279 7.62431 7.61300 7.61605 7.62738 7.63147 7.63281 7.62010 7.61015 7.61048 7.61354 7.61762 7.62268 7.62579 7.62991 7.63552 7.63719 7.63344 7.63236 7.62980 7.62601 7.62650 7.62541 7.63144 7.63713 7.63514 7.62524 7.61653 7.60399 7.59589 7.60166 7.61502 7.62229 7.62069 7.61708 7.61649 7.62183 7.62546 7.62528 7.62330 7.61806 7.61465 7.61868 7.62110 7.62638
-99999.00000 -99999.00000 -99999.00000 -99999.00000 -99999.00000 7.58724 7.59354 7.60094 7.60822 7.60909 7.63096 7.64284 7.64591 7.63746 7.62480 7.62155 7.61488 7.59008 7.61540 7.63652 7.64224 7.64174 7.63059 7.61413 7.61553 7.62881 7.63042 7.62675 7.60993 7.59904 7.60320 7.61497 7.62496 7.62961 7.62746 7.62555 7.62699 7.62507 7.61597 7.61119 7.61515 7.62018 7.62317 7.62211 7.62302 7.63126 7.63366 7.62321 7.60956 7.60261 7.60438 7.61257 7.62194 7.62779 7.62854 7.62571 7.62349 7.62802 7.63284 7.63132 7.62511 7.61304 7.61057 7.62464 7.61936 7.62247
-99999.00000 -99999.00000 -99999.00000 -99999.00000 -99999.00000 7.60500 7.59411 7.59312 7.60964 7.61593 7.62752 7.63999 7.63507 7.62690 7.62790 7.61867 7.60159 7.60233 7.61860 7.62912 7.63311 7.63345 7.62750 7.61609 7.61742 7.62817 7.62774 7.61934 7.59892 7.59080 7.60460 7.62266 7.62886 7.62570 7.61848 7.61133 7.61026 7.61238 7.60851 7.61156 7.62048 7.63009 7.62986 7.62745 7.62551 7.63143 7.63285 7.62299 7.61272 7.60953 7.61413 7.62227 7.62739 7.62940 7.62968 7.62804 7.62666 7.63073 7.63491 7.63510 7.63212 7.62157 7.60920 7.61459 7.61584 7.62550
-99999.00000 -99999.00000 -99999.00000 -99999.00000 -99999.00000 7.62860 7.62018 7.60439 7.60902 7.62632 7.63681 7.63720 7.62670 7.62631 7.62611 7.62209 7.61408 7.62389 7.62561 7.62525 7.62677 7.62799 7.62650 7.62248 7.62469 7.62620 7.62363 7.61057 7.59096 7.58933 7.60940 7.62260 7.61986 7.61461 7.60927 7.60128 7.59705 7.60671 7.61162 7.61742 7.62411 7.63034 7.62962 7.62687 7.63072 7.63605 7.63073 7.61886 7.61293 7.61490 7.62077 7.62727 7.63006 7.63119 7.63137 7.62991 7.62777 7.63000 7.63370 7.63463 7.63365 7.62880 7.62108 7.62008 7.62409 7.63259
-99999.00000 -99999.00000 -99999.00000 -99999.00000 -99999.00000 7.63292 7.63131 7.62475 7.62298 7.63280 7.63843 7.63170 7.62881 7.63030 7.63122 7.62462 7.63111 7.63615 7.63593 7.63661 7.63767 7.63740 7.63502 7.62450 7.61849 7.61949 7.61641 7.60191 7.58582 7.58885 7.60726 7.61269 7.61005 7.61164 7.61190 7.60680 7.59671 7.59238 7.60490 7.61906 7.62377 7.62660 7.63036 7.63232 7.63693 7.63771 7.62957 7.61364 7.60822 7.61637 7.62203 7.62499 7.62841 7.63113 7.63138 7.62899 7.62296 7.62012 7.62651 7.63076 7.63013 7.62463 7.62220 7.62671 7.62937 7.63294
-99999.00000 -99999.00000 -99999.00000 -99999.00000 -99999.00000 7.62907 7.62642 7.62504 7.62502 7.62839 7.63082 7.63088 7.63452 7.63679 7.63820 7.63051 7.63357 7.63506 7.63545 7.64081 7.64243 7.63398 7.61661 7.60311 7.60313 7.61191 7.61189 7.59508 7.57900 7.58386 7.60023 7.60719 7.61203 7.61761 7.61764 7.61378 7.60658 7.59223 7.59371 7.60704 7.61499 7.61764 7.62145 7.62697 7.63459 7.63578 7.62931 7.61262 7.60135 7.61001 7.61776 7.61742 7.61914 7.62456 7.62601 7.62376 7.61636 7.60495 7.60655 7.61912 7.62149 7.61466 7.61394 7.61577 7.61928 7.62534
-99999.00000 -99999.00000 -99999.00000 -99999.00000 -99999.00000 7.62040 7.61687 7.61396 7.61448 7.61899 7.62421 7.62925 7.62978 7.63115 7.63567 7.62785 7.62560 7.62091 7.61742 7.62702 7.63515 7.61906 7.59925 7.60158 7.59726 7.60496 7.61187 7.59277 7.57182 7.57580 7.59632 7.60977 7.61694 7.61945 7.61638 7.61281 7.61264 7.60773 7.60204 7.60589 7.61533 7.61822 7.61851 7.62200 7.62881 7.63165 7.62643 7.61178 7.59646 7.59956 7.60834 7.60749 7.60314 7.60712 7.61393 7.61619 7.60948 7.60520 7.59890 7.60552 7.61260 7.60551 7.60297 7.59912 7.59840 7.60744
-99999.00000 -99999.00000 -99999.00000 -99999.00000 -99999.00000 7.60770 7.60609 7.60530 7.60767 7.61250 7.61758 7.62261 7.62380 7.62510 7.63123 7.62355 7.61211 7.60115 7.60035 7.60589 7.62280 7.61122 7.60181 7.60418 7.59542 7.60949 7.60606 7.59366 7.57151 7.57140 7.59523 7.61268 7.61750 7.61576 7.61082 7.61331 7.61762 7.61318 7.60506 7.60086 7.60472 7.61331 7.62099 7.62428 7.62314 7.62517 7.61991 7.60155 7.58529 7.58987 7.60043 7.60430 7.60204 7.59820 7.60232 7.60825 7.60810 7.60755 7.60633 7.60757 7.60845 7.59799 7.59389 7.59027 7.58307 7.58617
-99999.00000 -99999.00000 -99999.00000 -99999.00000 -99999.00000 7.60105 7.60144 7.60313 7.60658 7.61006 7.61272 7.61437 7.61420 7.61377 7.62235 7.61572 7.59893 7.59437 7.60742 7.59912 7.61305 7.61287 7.61095 7.60747 7.60159 7.60596 7.59466 7.58842 7.56897 7.56786 7.59444 7.61386 7.61671 7.61294 7.60844 7.61375 7.61291 7.60601 7.60227 7.59998 7.60766 7.62028 7.62467 7.62116 7.61125 7.61249 7.60434 7.57587 7.57122 7.58810 7.60190 7.61028 7.61420 7.60843 7.60550 7.60509 7.60344 7.60867 7.60811 7.60916 7.60500 7.59113 7.58719 7.58870 7.58132 7.57715
-99999.00000 -99999.00000 -99999.00000 -99999.00000 -99999.00000 7.60373 7.60370 7.60403 7.60708 7.61054 7.61287 7.61249 7.61022 7.60601 7.60820 7.61020 7.59535 7.60400 7.61407 7.60300 7.61167 7.60807 7.60306 7.60029 7.58628 7.58513 7.57824 7.57618 7.55148 7.55450 7.58878 7.61100 7.61537 7.60702 7.60366 7.60756 7.60449 7.60727 7.60806 7.60508 7.61132 7.61968 7.61897 7.60900 7.60142 7.59712 7.57786 7.55646 7.57735 7.59814 7.60927 7.61610 7.61792 7.61407 7.61319 7.61070 7.60415 7.60205 7.59747 7.60101 7.59929 7.58401 7.57899 7.58706 7.58695 7.57927
-99999.00000 -99999.00000 -99999.00000 -99999.00000 -99999.00000 7.59645 7.59958 7.60299 7.60828 7.61455 7.61818 7.61667 7.61253 7.60870 7.61137 7.61933 7.60608 7.61297 7.61714 7.60911 7.60937 7.59218 7.58933 7.59822 7.59532 7.58852 7.58681 7.58147 7.54628 7.53938 7.57251 7.60106 7.61462 7.61379 7.60366 7.60418 7.60734 7.60768 7.60458 7.59914 7.60098 7.60706 7.60644 7.59509 7.59626 7.59055 7.56493 7.56896 7.59631 7.60785 7.61375 7.61709 7.61548 7.61262 7.61517 7.61258 7.60730 7.60202 7.58798 7.58613 7.59182 7.58230 7.57465 7.58533 7.59520 7.58665
-99999.00000 -99999.00000 -99999.00000 -99999.00000 -99999.00000 7.57170 7.58374 7.60188 7.61186 7.61970 7.62389 7.62017 7.61396 7.60383 7.60738 7.62429 7.60981 7.61301 7.62232 7.61589 7.60169 7.58436 7.59770 7.61327 7.61668 7.61013 7.60297 7.58470 7.55603 7.54708 7.56247 7.58463 7.60364 7.61155 7.60939 7.60646 7.60495 7.60036 7.59549 7.58923 7.58266 7.57918 7.57849 7.57581 7.58580 7.57587 7.57480 7.57789 7.59561 7.60723 7.61221 7.61371 7.60980 7.61029 7.61628 7.61517 7.60535 7.59665 7.58550 7.57726 7.58582 7.58729 7.57839 7.58306 7.59660 7.59398
-99999.00000 -99999.00000 -99999.00000 -99999.00000 -99999.00000 7.55829 7.57258 7.60234 7.61605 7.62156 7.62517 7.61808 7.61012 7.59070 7.59856 7.62386 7.60939 7.60564 7.61964 7.61838 7.60149 7.59672 7.61377 7.62215 7.62350 7.61844 7.60481 7.58224 7.56604 7.56301 7.56551 7.57091 7.58213 7.59016 7.58714 7.58524 7.58913 7.59157 7.59133 7.58852 7.58085 7.57003 7.56575 7.57421 7.58469 7.57232 7.58549 7.58175 7.59159 7.60055 7.60454 7.60556 7.60076 7.60159 7.61129 7.61259 7.60062 7.58810 7.58955 7.58010 7.58351 7.58564 7.57772 7.58004 7.59232 7.59268
-99999.00000 -99999.00000 -99999.00000 -99999.00000 -99999.00000 7.55441 7.57243 7.59608 7.61359 7.62065 7.62267 7.61416 7.60947 7.57795 7.59209 7.62010 7.61450 7.60096 7.60975 7.61383 7.60293 7.60157 7.61531 7.62319 7.62441 7.61867 7.60233 7.57898 7.56855 7.57040 7.57178 7.57096 7.57119 7.57190 7.56969 7.57616 7.58613 7.59243 7.59537 7.59650 7.59386 7.58966 7.58712 7.59026 7.58997 7.57440 7.58485 7.57991 7.58560 7.58978 7.59286 7.59563 7.59240 7.58742 7.59669 7.60379 7.59507 7.58621 7.59366 7.58685 7.58269 7.57700 7.56997 7.57421 7.58422 7.58397
-99999.00000 -99999.00000 -99999.00000 -99999.00000 -99999.00000 7.57727 7.58868 7.58387 7.60642 7.61762 7.61929 7.61415 7.60494 7.57447 7.59150 7.61677 7.62192 7.60585 7.59557 7.59783 7.59622 7.60495 7.61767 7.62385 7.62239 7.61522 7.60054 7.57517 7.56072 7.56789 7.57747 7.57917 7.57655 7.57483 7.57860 7.58547 7.59058 7.59227 7.59612 7.60119 7.60089 7.59863 7.59982 7.60039 7.59525 7.58371 7.58282 7.57972 7.57952 7.58068 7.58510 7.59057 7.58975 7.58184 7.58301 7.59293 7.59500 7.59228 7.59318 7.59399 7.58371 7.57245 7.56630 7.57072 7.57810 7.57771
-99999.00000 -99999.00000 -99999.00000 -99999.00000 -99999.00000 7.59662 7.59948 7.58697 7.59237 7.61271 7.61371 7.61187 7.60641 7.58926 7.59329 7.61959 7.62148 7.60780 7.58793 7.58243 7.59275 7.60758 7.61781 7.62301 7.61888 7.61092 7.60148 7.58129 7.55876 7.56601 7.58607 7.59195 7.58975 7.58806 7.59018 7.58685 7.58195 7.58774 7.59750 7.60108 7.59809 7.59584 7.59754 7.59836 7.59626 7.58792 7.58121 7.57916 7.57488 7.57875 7.58705 7.59418 7.59318 7.58504 7.58069 7.58731 7.59669 7.59771 7.59281 7.59056 7.58206 7.57145 7.56648 7.57088 7.57738 7.57798
-99999.00000 -99999.00000 -99999.00000 -99999.00000 -99999.00000 7.58808 7.59913 7.60195 7.59254 7.59794 7.61028 7.61038 7.61120 7.60440 7.60252 7.61222 7.61743 7.60369 7.58225 7.57670 7.59226 7.60966 7.61612 7.62000 7.61540 7.60946 7.60542 7.58987 7.55684 7.56568 7.59532 7.60378 7.60315 7.60158 7.59870 7.58720 7.57732 7.58261 7.58898 7.58690 7.58352 7.58454 7.58706 7.58752 7.58920 7.58950 7.58125 7.58385 7.56551 7.57344 7.58997 7.60020 7.60027 7.59235 7.58388 7.58440 7.59168 7.59544 7.59082 7.58447 7.57626 7.56767 7.56552 7.57265 7.58151 7.58354
-99999.00000 -99999.00000 -99999.00000 -99999.00000 -99999.00000 7.57665 7.58769 7.59557 7.58993 7.59109 7.60249 7.61184 7.61421 7.61031 7.60979 7.60830 7.60634 7.60128 7.58701 7.58288 7.58721 7.60185 7.61098 7.61662 7.61346 7.61118 7.60679 7.58616 7.55933 7.57360 7.60086 7.60829 7.60885 7.60792 7.60360 7.59320 7.57945 7.57300 7.57123 7.56979 7.57345 7.57880 7.58110 7.58021 7.58072 7.58584 7.58868 7.58370 7.57724 7.56729 7.57953 7.59519 7.60220 7.59787 7.58920 7.58504 7.58589 7.58631 7.58447 7.58055 7.57101 7.56055 7.56149 7.57459 7.58672 7.58977
