mrvbf_slope1.3_pctl0.6.asc
NCOLS 410
NROWS 410
XLLCORNER 2398750.0000000000000000
YLLCORNER 2548750.0000000000000000
CELLSIZE 250.0000000000000000
NODATA_VALUE -99999.00000
[rows 87 to 115 of 410, columns 0 to 65 of 410]
-99999.00000 -99999.00000 -99999.00000 -99999.00000 -99999.00000 7.84113 7.83998 7.83581 7.83399 7.83230 7.83251 7.82823 7.82377 7.83054 7.83055 7.83495 7.83675 7.83684 7.83578 7.83257 7.83290 7.83062 7.82733 7.82699 7.82899 7.83229 7.83580 7.83472 7.83539 7.83642 7.83547 7.83275 7.83090 7.83223 7.83528 7.83812 7.83875 7.83637 7.83303 7.83251 7.83203 7.83285 7.83607 7.83671 7.83526 7.83438 7.83475 7.83617 7.83768 7.83868 7.83832 7.83610 7.83544 7.83560 7.83893 7.84053 7.83939 7.83809 7.83823 7.83884 7.84031 7.84135 7.84155 7.84152 7.84136 7.84088
-99999.00000 -99999.00000 -99999.00000 -99999.00000 -99999.00000 7.84052 7.83893 7.83414 7.83512 7.83247 7.83340 7.83064 7.82422 7.83103 7.83224 7.83609 7.83719 7.83754 7.83676 7.83456 7.83417 7.83019 7.82830 7.82924 7.83046 7.83325 7.83539 7.83379 7.83517 7.83592 7.83524 7.83333 7.83113 7.83130 7.83430 7.83735 7.83789 7.83582 7.83172 7.83013 7.83271 7.83603 7.83762 7.83648 7.83305 7.83186 7.83332 7.83534 7.83722 7.83869 7.83912 7.83793 7.83661 7.83850 7.84018 7.83946 7.83764 7.83808 7.83839 7.83769 7.83905 7.84073 7.84104 7.84080 7.83979 7.83821
-99999.00000 -99999.00000 -99999.00000 -99999.00000 -99999.00000 7.83847 7.83827 7.83435 7.83226 7.83334 7.83343 7.83129 7.82275 7.82704 7.83062 7.83466 7.83645 7.83722 7.83654 7.83518 7.83473 7.83088 7.82796 7.82821 7.82988 7.83289 7.83330 7.83270 7.83440 7.83401 7.83429 7.83406 7.83153 7.83097 7.83313 7.83572 7.83602 7.83376 7.83067 7.83003 7.83261 7.83628 7.83759 7.83537 7.83040 7.83027 7.83322 7.83570 7.83780 7.83908 7.83939 7.83938 7.83939 7.83977 7.83973 7.83835 7.83736 7.83851 7.83812 7.83711 7.83866 7.84022 7.84045 7.83959 7.83750 7.83642
-99999.00000 -99999.00000 -99999.00000 -99999.00000 -99999.00000 7.83567 7.83670 7.83595 7.83198 7.83288 7.83299 7.83201 7.82465 7.82527 7.83256 7.83387 7.83509 7.83564 7.83587 7.83575 7.83443 7.83085 7.82677 7.82738 7.83035 7.83228 7.83220 7.83270 7.83305 7.83243 7.83303 7.83443 7.83180 7.83116 7.83263 7.83340 7.83260 7.83047 7.82942 7.83070 7.83380 7.83657 7.83735 7.83488 7.83006 7.82880 7.83205 7.83565 7.83786 7.83854 7.83790 7.83759 7.83810 7.83825 7.83780 7.83717 7.83762 7.83825 7.83705 7.83695 7.83876 7.83974 7.83986 7.83894 7.83669 7.83637
-99999.00000 -99999.00000 -99999.00000 -99999.00000 -99999.00000 7.83190 7.83409 7.83427 7.83346 7.83195 7.82844 7.82883 7.82455 7.82435 7.83216 7.83335 7.83462 7.83522 7.83480 7.83417 7.83166 7.82796 7.82795 7.83037 7.83268 7.83316 7.83420 7.83414 7.83241 7.83273 7.83201 7.83407 7.83117 7.83122 7.83256 7.83166 7.83043 7.82989 7.83057 7.83270 7.83533 7.83689 7.83687 7.83439 7.83039 7.82776 7.83038 7.83491 7.83732 7.83714 7.83616 7.83592 7.83590 7.83597 7.83609 7.83695 7.83800 7.83753 7.83633 7.83736 7.83872 7.83920 7.83926 7.83874 7.83670 7.83536
-99999.00000 -99999.00000 -99999.00000 -99999.00000 -99999.00000 7.82918 7.83288 7.83446 7.83324 7.83284 7.82877 7.82550 7.82382 7.82238 7.82961 7.83154 7.83267 7.83256 7.83224 7.83065 7.82755 7.82739 7.82932 7.83161 7.83337 7.83385 7.83438 7.83432 7.83329 7.83200 7.83299 7.83352 7.82990 7.82951 7.83065 7.83039 7.83047 7.83097 7.83226 7.83433 7.83598 7.83642 7.83476 7.83129 7.82831 7.82686 7.82928 7.83410 7.83669 7.83626 7.83538 7.83606 7.83600 7.83597 7.83645 7.83707 7.83733 7.83645 7.83619 7.83749 7.83825 7.83858 7.83863 7.83830 7.83710 7.83507
-99999.00000 -99999.00000 -99999.00000 -99999.00000 -99999.00000 7.82637 7.83074 7.83307 7.83288 7.83389 7.83072 7.82776 7.82623 7.82431 7.82761 7.83074 7.83058 7.83098 7.82893 7.82740 7.82711 7.82892 7.83035 7.83140 7.83200 7.83182 7.83236 7.83329 7.83375 7.83387 7.83393 7.83300 7.82975 7.82719 7.82834 7.82955 7.83072 7.83214 7.83390 7.83535 7.83613 7.83560 7.83267 7.83084 7.82612 7.82625 7.82861 7.83311 7.83572 7.83517 7.83484 7.83586 7.83651 7.83684 7.83708 7.83693 7.83641 7.83530 7.83529 7.83677 7.83760 7.83793 7.83800 7.83776 7.83722 7.83586
-99999.00000 -99999.00000 -99999.00000 -99999.00000 -99999.00000 7.82277 7.82773 7.83064 7.83227 7.83342 7.83097 7.82777 7.82636 7.82632 7.82814 7.82987 7.82983 7.82953 7.82750 7.82801 7.82946 7.83020 7.83060 7.83087 7.83148 7.83236 7.83160 7.83209 7.83375 7.83361 7.83169 7.82930 7.82817 7.82599 7.82639 7.82838 7.83055 7.83321 7.83492 7.83567 7.83607 7.83583 7.83364 7.83025 7.82785 7.82673 7.82873 7.83245 7.83425 7.83422 7.83516 7.83592 7.83639 7.83681 7.83697 7.83663 7.83586 7.83448 7.83405 7.83568 7.83688 7.83726 7.83735 7.83716 7.83680 7.83618
-99999.00000 -99999.00000 -99999.00000 -99999.00000 -99999.00000 7.82522 7.83003 7.83162 7.83297 7.83240 7.83025 7.82790 7.82429 7.82620 7.82833 7.83009 7.82967 7.82868 7.82869 7.83023 7.83094 7.83074 7.83054 7.83100 7.83254 7.83259 7.83139 7.83269 7.83327 7.83159 7.82890 7.82760 7.82782 7.82701 7.82655 7.82759 7.83004 7.83282 7.83483 7.83559 7.83568 7.83460 7.83249 7.83105 7.82831 7.82642 7.82930 7.83284 7.83397 7.83482 7.83567 7.83596 7.83608 7.83628 7.83619 7.83573 7.83487 7.83339 7.83320 7.83506 7.83621 7.83655 7.83665 7.83652 7.83621 7.83573
-99999.00000 -99999.00000 -99999.00000 -99999.00000 -99999.00000 7.83198 7.83298 7.83367 7.83445 7.83229 7.82999 7.82844 7.82560 7.82721 7.82944 7.83150 7.82957 7.82846 7.82912 7.83018 7.83095 7.83054 7.83039 7.83188 7.83315 7.83260 7.83206 7.83227 7.83188 7.83048 7.82957 7.83056 7.83075 7.83023 7.82957 7.82908 7.82974 7.83194 7.83413 7.83513 7.83449 7.83211 7.83060 7.82855 7.82591 7.82601 7.82979 7.83316 7.83431 7.83504 7.83552 7.83563 7.83573 7.83566 7.83521 7.83438 7.83318 7.83212 7.83336 7.83503 7.83559 7.83581 7.83590 7.83581 7.83555 7.83511
-99999.00000 -99999.00000 -99999.00000 -99999.00000 -99999.00000 7.83476 7.83472 7.83438 7.83458 7.83250 7.83037 7.82960 7.82840 7.82890 7.83041 7.83036 7.82745 7.82664 7.82791 7.82815 7.82941 7.83053 7.83105 7.83212 7.83285 7.83311 7.83239 7.83132 7.83111 7.83106 7.83144 7.83253 7.83317 7.83262 7.83137 7.82918 7.82889 7.83156 7.83373 7.83448 7.83310 7.83076 7.83086 7.82685 7.82487 7.82623 7.82967 7.83293 7.83413 7.83458 7.83489 7.83506 7.83520 7.83497 7.83428 7.83327 7.83228 7.83240 7.83386 7.83460 7.83487 7.83502 7.83508 7.83502 7.83481 7.83442
-99999.00000 -99999.00000 -99999.00000 -99999.00000 -99999.00000 7.83479 7.83377 7.83280 7.83341 7.83296 7.83099 7.83024 7.82977 7.82984 7.83056 7.82906 7.82623 7.82477 7.82691 7.82792 7.82848 7.83070 7.83269 7.83285 7.83321 7.83305 7.83200 7.83142 7.83180 7.83254 7.83315 7.83373 7.83410 7.83336 7.83117 7.82772 7.82830 7.83159 7.83329 7.83378 7.83272 7.83034 7.82889 7.82673 7.82483 7.82584 7.82930 7.83259 7.83370 7.83383 7.83407 7.83433 7.83441 7.83405 7.83329 7.83246 7.83199 7.83261 7.83353 7.83383 7.83400 7.83409 7.83412 7.83407 7.83393 7.83364
-99999.00000 -99999.00000 -99999.00000 -99999.00000 -99999.00000 7.83355 7.83351 7.83268 7.83248 7.83336 7.83141 7.83059 7.83058 7.82931 7.82911 7.82606 7.82470 7.82559 7.82757 7.82979 7.82991 7.83061 7.83212 7.83304 7.83326 7.83200 7.83150 7.83255 7.83322 7.83382 7.83404 7.83411 7.83421 7.83351 7.83148 7.82710 7.82566 7.82972 7.83223 7.83285 7.83227 7.83016 7.82811 7.82654 7.82416 7.82514 7.82953 7.83266 7.83333 7.83298 7.83299 7.83328 7.83326 7.83281 7.83217 7.83170 7.83134 7.83162 7.83235 7.83266 7.83282 7.83289 7.83292 7.83290 7.83284 7.83268
-99999.00000 -99999.00000 -99999.00000 -99999.00000 -99999.00000 7.83283 7.83360 7.83305 7.83202 7.83286 7.83088 7.83050 7.83125 7.82977 7.82753 7.82536 7.82576 7.82581 7.82892 7.83148 7.83167 7.83133 7.83114 7.83113 7.83118 7.83094 7.83222 7.83365 7.83365 7.83334 7.83301 7.83288 7.83314 7.83275 7.83146 7.82815 7.82574 7.82793 7.83072 7.83161 7.83079 7.82890 7.82623 7.82358 7.82243 7.82701 7.83118 7.83263 7.83262 7.83178 7.83147 7.83171 7.83157 7.83114 7.83089 7.83064 7.82985 7.82932 7.82986 7.83063 7.83114 7.83130 7.83131 7.83130 7.83134 7.83135
-99999.00000 -99999.00000 -99999.00000 -99999.00000 -99999.00000 7.83068 7.83218 7.83292 7.83158 7.83115 7.82986 7.83017 7.83094 7.83071 7.82772 7.82666 7.82482 7.82747 7.83067 7.83224 7.83256 7.83240 7.83181 7.83112 7.83120 7.83223 7.83321 7.83332 7.83213 7.83143 7.83127 7.83064 7.83106 7.83161 7.82979 7.82682 7.82632 7.82820 7.83004 7.83023 7.82902 7.82743 7.82499 7.82323 7.82611 7.83002 7.83163 7.83200 7.83115 7.82957 7.82927 7.82956 7.82921 7.82879 7.82892 7.82820 7.82709 7.82649 7.82656 7.82730 7.82836 7.82891 7.82867 7.82840 7.82868 7.82918
-99999.00000 -99999.00000 -99999.00000 -99999.00000 -99999.00000 7.82841 7.83009 7.83211 7.83149 7.83044 7.82978 7.83013 7.83065 7.83001 7.82852 7.82538 7.82572 7.83001 7.83172 7.83248 7.83290 7.83295 7.83273 7.83272 7.83289 7.83318 7.83293 7.83165 7.82987 7.83058 7.83136 7.82990 7.82867 7.82912 7.82757 7.82643 7.82733 7.82891 7.82988 7.82955 7.82778 7.82596 7.82508 7.82605 7.82890 7.83038 7.83089 7.83052 7.82848 7.82631 7.82673 7.82727 7.82661 7.82544 7.82475 7.82396 7.82393 7.82427 7.82444 7.82427 7.82511 7.82599 7.82490 7.82399 7.82458 7.82582
-99999.00000 -99999.00000 -99999.00000 -99999.00000 -99999.00000 7.82727 7.82840 7.83028 7.83055 7.82988 7.82915 7.82902 7.82937 7.82876 7.82714 7.82507 7.82846 7.83111 7.83201 7.83257 7.83298 7.83303 7.83295 7.83302 7.83284 7.83255 7.83138 7.82931 7.82934 7.83163 7.83243 7.83152 7.82941 7.82854 7.82761 7.82780 7.82814 7.82819 7.82876 7.82891 7.82744 7.82510 7.82340 7.82435 7.82746 7.82877 7.82899 7.82805 7.82500 7.82340 7.82470 7.82553 7.82484 7.82296 7.82163 7.82194 7.82298 7.82360 7.82419 7.82312 7.82214 7.82284 7.82118 7.82047 7.82076 7.82159
-99999.00000 -99999.00000 -99999.00000 -99999.00000 -99999.00000 7.82726 7.82591 7.82566 7.82539 7.82544 7.82612 7.82571 7.82598 7.82737 7.82630 7.82669 7.82935 7.83108 7.83192 7.83246 7.83280 7.83284 7.83276 7.83268 7.83217 7.83129 7.82982 7.82895 7.83081 7.83216 7.83214 7.83084 7.82945 7.82952 7.82897 7.82781 7.82597 7.82591 7.82662 7.82770 7.82718 7.82504 7.82204 7.82093 7.82284 7.82426 7.82501 7.82455 7.82152 7.82116 7.82416 7.82511 7.82468 7.82366 7.82370 7.82407 7.82366 7.82322 7.82433 7.82336 7.81908 7.81733 7.81737 7.81884 7.81795 7.81528
-99999.00000 -99999.00000 -99999.00000 -99999.00000 -99999.00000 7.82739 7.82437 7.82165 7.82097 7.82182 7.82380 7.82491 7.82532 7.82718 7.82789 7.82851 7.82854 7.82989 7.83143 7.83208 7.83235 7.83242 7.83235 7.83219 7.83155 7.83037 7.82928 7.82968 7.83107 7.83125 7.82986 7.82793 7.82739 7.82689 7.82709 7.82580 7.82590 7.82439 7.82425 7.82502 7.82536 7.82482 7.82241 7.81978 7.81875 7.81845 7.81865 7.81948 7.81871 7.82106 7.82492 7.82567 7.82566 7.82564 7.82558 7.82551 7.82426 7.82261 7.82256 7.82127 7.81890 7.81706 7.81800 7.81881 7.81588 7.80861
-99999.00000 -99999.00000 -99999.00000 -99999.00000 -99999.00000 7.82381 7.82284 7.82187 7.82138 7.82096 7.82222 7.82495 7.82646 7.82747 7.82889 7.82863 7.82847 7.82834 7.83024 7.83154 7.83185 7.83191 7.83186 7.83172 7.83119 7.83013 7.82909 7.82891 7.82946 7.82896 7.82736 7.82697 7.82756 7.82596 7.82544 7.82563 7.82624 7.82415 7.82274 7.82218 7.82250 7.82301 7.82239 7.82021 7.81786 7.81514 7.81399 7.81662 7.81903 7.82257 7.82478 7.82523 7.82559 7.82568 7.82521 7.82426 7.82327 7.82302 7.82221 7.82170 7.82228 7.82179 7.82071 7.81851 7.81242 7.80946
-99999.00000 -99999.00000 -99999.00000 -99999.00000 -99999.00000 7.82137 7.82261 7.82413 7.82416 7.82190 7.82197 7.82453 7.82609 7.82734 7.82857 7.82823 7.82746 7.82770 7.82874 7.83079 7.83126 7.83134 7.83130 7.83122 7.83090 7.83017 7.82920 7.82844 7.82808 7.82750 7.82688 7.82702 7.82720 7.82556 7.82453 7.82495 7.82533 7.82380 7.82184 7.82112 7.82122 7.82164 7.82169 7.82023 7.81840 7.81654 7.81597 7.81755 7.82007 7.82240 7.82318 7.82344 7.82422 7.82498 7.82392 7.82215 7.82114 7.82252 7.82367 7.82387 7.82321 7.82191 7.82038 7.81781 7.81288 7.81636
-99999.00000 -99999.00000 -99999.00000 -99999.00000 -99999.00000 7.82242 7.82371 7.82596 7.82604 7.82263 7.82245 7.82447 7.82529 7.82647 7.82727 7.82659 7.82552 7.82580 7.82854 7.82989 7.83033 7.83055 7.83062 7.83065 7.83052 7.83013 7.82940 7.82855 7.82792 7.82737 7.82679 7.82631 7.82569 7.82384 7.82244 7.82311 7.82431 7.82405 7.82297 7.82201 7.82158 7.82205 7.82238 7.82144 7.82065 7.82105 7.82040 7.81971 7.82078 7.82140 7.82138 7.82159 7.82225 7.82352 7.82236 7.82111 7.82091 7.82148 7.82411 7.82323 7.82139 7.81999 7.81912 7.81840 7.81663 7.81664
-99999.00000 -99999.00000 -99999.00000 -99999.00000 -99999.00000 7.82329 7.82265 7.82437 7.82560 7.82305 7.82281 7.82424 7.82416 7.82418 7.82596 7.82307 7.82291 7.82486 7.82680 7.82805 7.82878 7.82934 7.82977 7.82999 7.83000 7.82982 7.82935 7.82858 7.82779 7.82717 7.82632 7.82505 7.82357 7.82126 7.81931 7.82050 7.82336 7.82415 7.82346 7.82252 7.82206 7.82290 7.82395 7.82379 7.82362 7.82409 7.82319 7.82193 7.82197 7.82160 7.82118 7.82096 7.82062 7.82144 7.82109 7.82139 7.82161 7.82149 7.82379 7.82188 7.82042 7.82024 7.82029 7.82079 7.82075 7.81851
-99999.00000 -99999.00000 -99999.00000 -99999.00000 -99999.00000 7.82384 7.82217 7.82150 7.82294 7.82206 7.82273 7.82462 7.82422 7.82260 7.82456 7.82101 7.82150 7.82244 7.82331 7.82475 7.82622 7.82758 7.82862 7.82919 7.82936 7.82922 7.82876 7.82794 7.82688 7.82619 7.82549 7.82333 7.82084 7.81883 7.81701 7.81676 7.82074 7.82295 7.82198 7.82114 7.82093 7.82221 7.82387 7.82417 7.82393 7.82406 7.82444 7.82428 7.82381 7.82309 7.82286 7.82231 7.82098 7.82061 7.82087 7.82200 7.82082 7.82084 7.82270 7.82107 7.82130 7.82187 7.82162 7.82252 7.82207 7.81847
-99999.00000 -99999.00000 -99999.00000 -99999.00000 -99999.00000 7.81909 7.81647 7.81711 7.81973 7.81930 7.82034 7.82421 7.82425 7.82194 7.82348 7.82017 7.82130 7.82104 7.82070 7.82158 7.82332 7.82526 7.82702 7.82814 7.82858 7.82844 7.82776 7.82640 7.82458 7.82337 7.82385 7.82140 7.81792 7.81761 7.81820 7.81423 7.81710 7.82041 7.81962 7.81917 7.81814 7.81994 7.82265 7.82406 7.82454 7.82448 7.82425 7.82443 7.82445 7.82437 7.82461 7.82411 7.82291 7.82190 7.82198 7.82247 7.81945 7.81991 7.82205 7.82081 7.82149 7.82128 7.82014 7.82189 7.82182 7.81766
-99999.00000 -99999.00000 -99999.00000 -99999.00000 -99999.00000 7.81438 7.81331 7.81656 7.81911 7.81738 7.81703 7.82319 7.82366 7.82103 7.82319 7.81772 7.82059 7.82110 7.82049 7.82050 7.82122 7.82265 7.82492 7.82689 7.82768 7.82749 7.82623 7.82377 7.82123 7.81897 7.81869 7.81897 7.81778 7.81861 7.82009 7.81619 7.81766 7.81952 7.81909 7.81807 7.81520 7.81733 7.82122 7.82371 7.82508 7.82563 7.82509 7.82387 7.82362 7.82452 7.82518 7.82496 7.82426 7.82337 7.82300 7.82227 7.81975 7.82001 7.82285 7.82143 7.82132 7.82099 7.81926 7.82117 7.82148 7.81901
-99999.00000 -99999.00000 -99999.00000 -99999.00000 -99999.00000 7.81633 7.81860 7.82160 7.82196 7.81880 7.81582 7.82117 7.82324 7.82158 7.82159 7.81503 7.82010 7.82206 7.82168 7.82101 7.82051 7.82057 7.82233 7.82517 7.82659 7.82632 7.82411 7.82077 7.81914 7.81926 7.81803 7.81974 7.82174 7.82182 7.82011 7.81906 7.82153 7.82008 7.81895 7.81735 7.81343 7.81401 7.81790 7.82157 7.82408 7.82521 7.82532 7.82381 7.82278 7.82354 7.82413 7.82458 7.82456 7.82396 7.82290 7.82120 7.81998 7.82085 7.82204 7.82125 7.81957 7.81988 7.81978 7.82160 7.82199 7.82091
-99999.00000 -99999.00000 -99999.00000 -99999.00000 -99999.00000 7.82287 7.82475 7.82586 7.82470 7.82109 7.81708 7.81965 7.82270 7.82263 7.82039 7.81471 7.82127 7.82384 7.82320 7.82227 7.82134 7.82010 7.81999 7.82250 7.82493 7.82454 7.82160 7.81914 7.81976 7.82210 7.82249 7.82280 7.82438 7.82417 7.82248 7.82160 7.82165 7.81870 7.81772 7.81685 7.81311 7.81269 7.81566 7.81885 7.82183 7.82389 7.82476 7.82408 7.82271 7.82224 7.82220 7.82263 7.82329 7.82352 7.82184 7.81969 7.81989 7.82161 7.82187 7.82077 7.81872 7.82089 7.82114 7.82130 7.82198 7.82192
-99999.00000 -99999.00000 -99999.00000 -99999.00000 -99999.00000 7.82439 7.82542 7.82611 7.82456 7.82161 7.81970 7.82136 7.82433 7.82409 7.82038 7.81301 7.81885 7.82475 7.82415 7.82329 7.82299 7.82139 7.81932 7.81946 7.82193 7.82182 7.81941 7.81876 7.82081 7.82328 7.82392 7.82397 7.82466 7.82402 7.82120 7.81771 7.81793 7.81743 7.81758 7.81702 7.81283 7.81331 7.81652 7.81892 7.82043 7.82199 7.82340 7.82398 7.82350 7.82299 7.82250 7.82174 7.82151 7.82153 7.81953 7.81858 7.81992 7.82129 7.82152 7.82148 7.81830 7.81931 7.82076 7.82110 7.82124 7.82096
