mrvbf_slope0.9_pctl0.8.asc
NCOLS 410
NROWS 410
XLLCORNER 2398750.0000000000000000
YLLCORNER 2548750.0000000000000000
CELLSIZE 250.0000000000000000
NODATA_VALUE -99999.00000
[rows 232 to 260 of 410, columns 330 to 395 of 410]
5.58814 5.41262 5.56886 6.23013 6.82094 7.05318 7.19661 7.21401 7.27907 7.31239 7.33977 7.36089 7.39153 7.40765 7.40613 7.39761 7.40434 7.39291 7.38712 7.40114 7.42391 7.43967 7.42341 7.33598 7.16175 6.99646 7.09752 7.28312 7.35695 7.38955 7.42140 7.44236 7.45234 7.45909 7.46002 7.46589 7.48654 7.50066 7.50581 7.51602 7.52090 7.52234 7.52241 7.52120 7.51853 7.51315 7.49999 7.47379 7.44143 7.39505 7.18019 6.14733 6.81109 6.90814 7.36812 7.42091 7.40852 7.36277 7.28522 6.95997 6.57459 7.05028 7.34159 7.42742 7.46278 7.46472
5.84875 5.63899 5.45626 5.45819 5.99854 6.58072 6.91662 7.04275 7.16474 7.25050 7.31508 7.33736 7.34354 7.34344 7.34628 7.36966 7.38182 7.38492 7.38395 7.36560 7.38691 7.40863 7.40198 7.37398 7.31440 7.13257 6.96171 7.04955 7.21410 7.26559 7.28415 7.32107 7.37549 7.39499 7.37915 7.35511 7.42874 7.46811 7.48377 7.49579 7.50024 7.50447 7.50626 7.50574 7.50271 7.49722 7.48553 7.45827 7.42623 7.36511 7.14202 6.23314 6.68851 6.94509 7.34677 7.39504 7.36302 7.21095 6.70929 6.34424 6.66008 7.23882 7.37071 7.40404 7.44104 7.43253
6.14723 5.95885 5.83600 5.36323 5.35533 5.67995 6.21198 6.61143 6.88518 7.12413 7.24669 7.26807 7.31472 7.31655 7.32121 7.35054 7.36806 7.37712 7.37102 7.35305 7.36853 7.36920 7.37696 7.37714 7.37564 7.30893 7.15613 6.94565 6.96604 6.94590 6.88814 6.97761 7.12259 7.21232 7.24431 7.29844 7.32035 7.40436 7.43568 7.46014 7.46544 7.47526 7.47982 7.48126 7.47654 7.47000 7.46284 7.43234 7.38183 7.29576 7.14186 6.45070 6.63267 6.92992 7.28560 7.30994 7.15488 6.53911 6.32219 6.70839 7.18380 7.33452 7.38533 7.41013 7.42014 7.41892
5.98777 6.16754 6.20136 5.80638 5.46028 5.46038 5.54032 5.79207 6.07480 6.63457 7.01081 7.17740 7.22943 7.23115 7.23205 7.30190 7.34290 7.33136 7.33807 7.33234 7.35755 7.35999 7.37678 7.36759 7.37262 7.33132 7.30022 7.16524 7.10444 7.01881 6.95228 6.90189 6.85250 6.91308 7.10066 7.22133 7.31198 7.36440 7.38282 7.40410 7.41656 7.42432 7.42897 7.43661 7.43854 7.43771 7.42143 7.37892 7.32375 7.26170 7.15825 6.76949 6.82174 7.11018 7.20861 6.98478 6.32671 6.25228 6.92864 7.21263 7.34003 7.38103 7.40031 7.43025 7.43887 7.44218
5.80454 5.83509 5.85482 6.00540 5.84269 5.89321 5.82086 5.68259 5.68178 5.77181 6.09416 6.76493 7.00736 7.07094 7.13660 7.23093 7.26149 7.23591 7.21648 7.26363 7.30986 7.33466 7.36173 7.34506 7.34246 7.32119 7.30859 7.31956 7.32040 7.29373 7.26845 7.25519 7.13475 6.93402 6.81729 7.05599 7.22615 7.27680 7.32755 7.34411 7.35973 7.37749 7.38323 7.38566 7.39359 7.40037 7.36917 7.32950 7.28493 7.22850 7.06275 6.84930 6.99828 6.96790 6.86404 6.16919 6.23239 6.94129 7.23791 7.32230 7.37459 7.39983 7.42021 7.43861 7.45473 7.45531
5.70409 5.57961 5.59983 5.85305 5.97451 6.12533 6.28481 6.18679 6.19004 6.03116 5.79475 5.97951 6.46069 6.77432 6.98868 7.12189 7.17073 7.22066 7.18841 7.17263 7.27831 7.31527 7.34082 7.31760 7.26394 7.31168 7.32290 7.34369 7.35231 7.34089 7.32958 7.32066 7.28113 7.18031 6.93905 6.88719 7.01498 6.96086 7.09965 7.21212 7.25793 7.31395 7.34105 7.34678 7.35057 7.34717 7.31995 7.27707 7.21932 7.11947 6.85964 6.86188 6.83960 6.42702 6.20734 6.32922 7.05761 7.26159 7.30766 7.36544 7.39247 7.40455 7.42286 7.43291 7.44862 7.44830
5.85329 5.64742 5.53110 5.51338 5.66161 5.97508 6.13514 6.33798 6.33667 6.33004 6.34142 5.96350 5.84715 6.10592 6.39955 6.66630 6.98350 7.12945 7.16554 7.09706 7.13064 7.20582 7.26704 7.27993 7.23638 7.24970 7.29943 7.30173 7.31033 7.32343 7.31178 7.31268 7.31379 7.26919 7.14634 6.97395 6.96163 6.87983 6.77411 6.88217 6.98279 7.09742 7.18914 7.23746 7.25587 7.21525 7.17449 7.08938 7.04964 6.90980 6.62856 6.49865 6.29716 6.41687 6.58634 6.92285 7.24864 7.31182 7.35802 7.39080 7.39354 7.39413 7.40338 7.41832 7.43443 7.42720
6.16252 5.94270 5.65606 5.47993 5.43072 5.60788 5.80117 5.98069 6.02420 6.09452 6.33046 6.15015 5.94694 6.05362 6.26393 6.19049 6.33675 6.61667 6.87157 7.05123 6.97448 7.04641 7.21646 7.24949 7.21711 7.17050 7.21007 7.22079 7.23397 7.28333 7.27390 7.29410 7.29814 7.28304 7.24294 7.10713 7.07056 7.10430 7.04021 6.97712 6.94658 6.93007 7.00549 7.01449 7.05281 6.94292 6.90079 6.85222 6.79801 6.63724 6.21022 5.93504 6.36597 6.93029 7.04503 7.18160 7.30923 7.34915 7.37735 7.37762 7.37800 7.39936 7.39967 7.40789 7.41962 7.42593
6.37054 6.27485 5.96701 5.67011 5.56529 5.59820 5.67207 5.68710 5.65785 5.72839 5.97884 6.09338 6.31452 6.37474 6.65289 6.53087 6.51116 6.42469 6.54346 6.90595 7.00559 6.96595 7.15965 7.14122 7.06781 6.98377 7.05779 7.02309 7.03574 7.14054 7.15508 7.21353 7.24106 7.22646 7.20911 7.15309 7.13507 7.13598 7.13568 7.13592 7.16105 7.15149 7.11674 7.03396 7.03254 6.96389 6.87965 6.85589 6.70581 6.29814 5.59201 5.89666 6.67684 7.11666 7.21674 7.22196 7.26590 7.32039 7.36160 7.36312 7.34768 7.37687 7.39785 7.41560 7.42559 7.44164
6.54136 6.41095 6.34033 5.97785 5.76795 5.76660 5.79964 5.83253 5.78293 5.74252 5.93364 6.15314 6.33889 6.36865 6.58488 6.63052 6.54054 6.62682 6.72413 6.94049 7.06884 6.99164 7.08806 7.03101 6.66991 6.32115 6.63590 6.37332 6.26561 6.62280 6.81638 6.96605 7.03393 7.00462 7.02778 7.06114 7.02847 7.07196 7.12305 7.16709 7.21229 7.22459 7.19480 7.16673 7.11987 7.03662 6.98118 6.92459 6.58427 5.69945 5.63063 6.47066 6.97346 7.17526 7.25129 7.30132 7.32529 7.32726 7.35851 7.36277 7.31994 7.32164 7.38832 7.42903 7.43621 7.44817
6.82131 6.55048 6.48495 6.29291 6.00704 5.89001 5.95109 6.16739 6.19514 6.12636 6.29433 6.44161 6.38703 6.17644 6.29812 6.48079 6.65568 6.71706 6.75389 6.98899 7.07377 7.05902 7.01708 6.80383 6.25471 6.28529 6.37661 6.29353 6.19533 6.04866 5.98728 6.22684 6.28949 6.21702 6.45662 6.71846 6.80464 6.86541 7.01217 7.05624 7.10891 7.16436 7.16833 7.14457 7.13790 7.05846 6.81986 6.48872 5.89158 5.50551 6.28176 6.98584 7.18273 7.22342 7.26977 7.31584 7.31042 7.29683 7.32519 7.32867 7.33331 7.31861 7.35105 7.40103 7.41285 7.43848
6.93303 6.74321 6.56244 6.44498 6.25535 6.11747 6.00520 6.07510 6.18689 6.42591 6.69379 6.70561 6.53866 6.19986 6.09399 6.20782 6.40366 6.59577 6.73596 6.89492 6.97501 7.01149 7.00226 6.87544 6.55750 6.37626 6.71150 6.83447 6.76547 6.45894 5.96354 5.92461 5.97414 5.85630 5.71329 5.78911 5.98754 6.25281 6.63930 6.80417 6.88286 6.98847 7.04678 7.04962 7.02530 6.79693 6.11441 5.51426 5.34225 5.71844 6.65517 7.12406 7.19386 7.20694 7.25902 7.27498 7.28356 7.30483 7.32102 7.35469 7.34788 7.36779 7.37011 7.40635 7.40431 7.40325
6.88990 6.79380 6.56204 6.38906 6.26016 6.28791 6.02434 5.83999 6.12018 6.63138 6.84917 6.78507 6.64840 6.33578 6.10041 6.06174 6.12147 6.23677 6.31009 6.34044 6.37279 6.57344 6.76332 6.81586 6.63772 6.46260 6.66582 6.65391 6.67586 6.72041 6.44792 6.26926 6.11810 5.85449 5.67878 5.44059 5.35967 5.38144 5.73010 6.08002 6.20006 6.49023 6.68035 6.75459 6.61549 5.87212 5.23844 5.20195 5.57178 6.33678 6.78743 7.05414 7.05242 7.08703 7.18547 7.21243 7.25697 7.31392 7.34666 7.36749 7.37042 7.36486 7.38172 7.40978 7.41462 7.41084
6.78143 6.80894 6.63264 6.41920 6.22102 6.16891 6.02974 5.72153 6.01343 6.68698 6.83898 6.76656 6.77296 6.57589 6.32824 6.21563 6.18339 6.18370 6.17116 6.08941 5.97009 5.96243 6.12837 6.18790 5.94191 6.06323 6.27385 6.50161 6.58282 6.54741 6.53961 6.40179 6.00095 5.97527 5.59784 5.52044 5.55177 5.24985 5.08639 5.09428 5.10191 5.40412 5.75636 5.89643 5.66693 5.16692 5.13445 5.48679 6.30063 6.76282 6.78950 6.94320 6.98396 7.07332 7.10649 7.20894 7.24910 7.29133 7.35414 7.36228 7.36414 7.36756 7.37841 7.42112 7.42758 7.41484
6.71987 6.82983 6.76607 6.61439 6.35528 6.15475 6.06719 5.74446 5.83745 6.51252 6.78112 6.80861 6.93492 6.85832 6.67804 6.59840 6.57814 6.55661 6.53083 6.48928 6.42885 6.22655 6.08172 5.95839 5.89814 6.06231 6.45509 6.64541 6.49785 6.37231 6.46975 6.33103 6.08024 5.63086 4.97962 5.20104 5.33811 5.38251 5.14148 4.88917 4.81614 4.74196 4.81068 4.89022 4.94360 5.05522 5.31509 5.93385 6.28081 6.87207 6.91881 6.95110 7.06570 7.10021 7.17279 7.20145 7.22323 7.23634 7.32862 7.37073 7.34764 7.36150 7.39638 7.40646 7.41462 7.39692
6.62949 6.78746 6.78997 6.63089 6.37226 6.24976 6.15619 5.88154 5.87151 6.42814 6.85051 6.93879 7.04438 7.03056 6.91486 6.88606 6.93276 6.97722 6.99846 7.02282 7.04490 6.91778 6.75604 6.75572 6.90552 6.83907 6.86888 6.89665 6.65219 6.33096 6.28253 6.12712 5.64836 5.06910 5.00046 4.97680 5.05636 5.07643 5.11794 4.93847 4.84893 4.72086 4.66666 4.69722 4.84862 5.39926 5.84752 5.84884 6.59636 6.97257 7.04888 7.05104 7.08653 7.18953 7.26977 7.25443 7.24074 7.18888 7.24962 7.32250 7.32483 7.36208 7.39400 7.39894 7.37603 7.37313
6.54318 6.68936 6.67225 6.49619 6.32189 6.27871 6.21386 5.91473 5.85632 6.41691 6.91233 6.98377 7.07136 7.06985 6.97268 6.96236 7.05604 7.15952 7.21054 7.21817 7.22117 7.21537 7.18689 7.18511 7.21184 7.15311 7.06684 6.97373 6.75408 6.47093 6.32305 6.19058 5.93779 5.65361 5.49404 5.63550 5.50160 5.19228 5.03140 4.99946 4.89560 4.92298 4.90979 4.86898 4.89057 5.16816 5.59195 5.79316 6.42612 6.85084 7.01984 7.12673 7.19865 7.25582 7.29770 7.29253 7.28309 7.21047 7.14878 7.22175 7.23633 7.29104 7.33429 7.34507 7.34542 7.34919
6.55408 6.63620 6.52235 6.31428 6.20176 6.20864 6.11782 5.65691 5.72825 6.51190 6.88418 6.94634 7.03205 7.00130 6.92223 6.97035 7.13126 7.24395 7.28742 7.29936 7.30910 7.31795 7.31477 7.30683 7.28641 7.22306 7.11872 7.01949 6.91480 6.79433 6.72515 6.68551 6.58360 6.34086 6.31940 6.54937 6.22839 5.78115 5.46149 5.47138 5.48391 5.39071 5.41191 5.30221 5.12630 5.10839 5.30034 5.51194 5.79115 6.28426 6.74274 7.00628 7.18906 7.22967 7.23945 7.29137 7.34061 7.31154 7.20822 7.18547 7.20563 7.30650 7.35975 7.35803 7.37119 7.36710
6.63644 6.66807 6.46721 6.18046 6.02365 6.03931 6.04303 5.67160 5.58224 6.15626 6.63874 6.85215 6.91344 6.87154 6.88477 7.03500 7.21083 7.29747 7.33239 7.34916 7.35866 7.36293 7.36192 7.35379 7.32422 7.25319 7.16400 7.12516 7.14994 7.12900 7.11006 7.08830 6.95187 6.52532 6.38111 6.57926 6.45462 6.29686 6.13720 6.11080 6.26363 6.29120 6.23770 6.12999 5.93019 5.69496 5.67551 5.86833 5.93319 6.12517 6.39514 6.65754 7.00177 7.22025 7.28044 7.29497 7.32267 7.31013 7.26671 7.21866 7.27663 7.32783 7.36820 7.38879 7.39036 7.37477
6.71429 6.73476 6.51534 6.17484 5.91440 5.85996 5.96682 5.95438 5.76961 5.95003 6.34900 6.67157 6.73774 6.79892 6.94150 7.13173 7.26066 7.31844 7.34915 7.36903 7.38062 7.38519 7.38387 7.37214 7.33847 7.28334 7.22675 7.19292 7.19954 7.21371 7.21063 7.16976 7.04976 6.60220 6.10155 6.22205 6.46751 6.49943 6.43578 6.50266 6.74917 6.85544 6.81434 6.76763 6.68479 6.41006 6.16346 6.26043 6.47621 6.70863 6.78391 6.77728 6.90418 7.17798 7.23099 7.20508 7.20307 7.20831 7.22464 7.25410 7.30638 7.31087 7.34975 7.37517 7.36794 7.36435
6.82724 6.84714 6.61347 6.25874 5.92904 5.79564 5.86360 5.98279 5.96085 5.99020 6.17882 6.40915 6.62148 6.86967 7.07234 7.21468 7.28751 7.32778 7.35556 7.37574 7.38927 7.39479 7.39234 7.37785 7.35132 7.31758 7.27092 7.21286 7.17303 7.18045 7.19924 7.18274 7.05731 6.54063 5.91611 6.14434 6.63004 6.63164 6.57065 6.66342 6.78866 6.89384 6.97560 7.02926 7.00638 6.82053 6.48959 6.35211 6.56756 6.93167 7.06160 6.96269 6.96977 7.15386 7.11799 7.09155 7.15455 7.23082 7.29414 7.33991 7.35907 7.34734 7.36018 7.36706 7.36502 7.38104
6.96813 6.95899 6.68344 6.33744 6.01176 5.84492 5.85268 5.89136 5.89161 5.90390 5.98023 6.18751 6.62295 6.99722 7.16494 7.24866 7.29894 7.33393 7.35979 7.37899 7.39240 7.39942 7.39972 7.38981 7.37044 7.34324 7.30459 7.25346 7.20016 7.16789 7.16246 7.13113 6.94624 6.46361 6.13289 6.28426 6.55392 6.57554 6.59890 6.65831 6.64680 6.75907 6.93627 7.05182 7.07804 6.99279 6.70429 6.44684 6.54181 6.92494 7.12386 7.08240 7.07559 7.11766 7.04586 7.08904 7.20053 7.29049 7.35455 7.37751 7.37843 7.39451 7.41279 7.40462 7.39870 7.42210
6.92309 6.87598 6.61860 6.34175 6.12081 6.00101 5.91325 5.81432 5.76864 5.78959 5.82716 6.03736 6.59222 7.02823 7.18236 7.25436 7.30253 7.33659 7.36151 7.38034 7.39399 7.40262 7.40621 7.40310 7.39118 7.37318 7.35015 7.32106 7.27615 7.19844 7.12527 7.06513 6.89649 6.54969 6.29072 6.31802 6.36532 6.39177 6.53961 6.67919 6.69847 6.67889 6.75376 6.91097 6.98785 6.93746 6.75359 6.60545 6.67743 6.93375 7.12502 7.18137 7.20657 7.15603 7.10281 7.16546 7.24600 7.29548 7.34300 7.36760 7.38176 7.41767 7.44217 7.42828 7.41431 7.43793
6.79051 6.72565 6.51443 6.33428 6.29669 6.30713 6.08280 5.76578 5.61707 5.63904 5.70004 5.88616 6.47484 6.98789 7.16809 7.24859 7.29998 7.33502 7.36023 7.37953 7.39423 7.40458 7.41035 7.41118 7.40629 7.39632 7.38180 7.36067 7.31623 7.21711 7.10212 7.04445 6.95791 6.65494 6.20948 6.08346 6.14282 6.26116 6.55793 6.82184 6.83278 6.57915 6.47898 6.70436 6.89879 6.86889 6.74602 6.73745 6.82904 6.97763 7.15018 7.26252 7.29180 7.22031 7.16171 7.19887 7.24672 7.25885 7.29167 7.33290 7.37528 7.42357 7.45127 7.45286 7.42813 7.42588
6.82553 6.74759 6.54631 6.45757 6.58180 6.62300 6.26173 5.73512 5.46773 5.53603 5.60523 5.74771 6.33403 6.92664 7.14295 7.23487 7.29121 7.32898 7.35589 7.37657 7.39284 7.40494 7.41250 7.41546 7.41352 7.40616 7.39316 7.36980 7.31535 7.20686 7.08786 7.01203 6.87833 6.58930 6.30906 6.10052 5.97925 6.15901 6.63043 6.94448 6.87865 6.38300 5.96978 6.16447 6.64763 6.80644 6.80316 6.82061 6.84267 7.02308 7.21859 7.31189 7.30735 7.23237 7.16911 7.20153 7.25290 7.24706 7.23713 7.25836 7.31729 7.39663 7.44283 7.45920 7.44589 7.42515
6.95915 6.87744 6.68201 6.68460 6.77646 6.59625 6.22426 5.65655 5.29348 5.42716 5.52563 5.61185 6.19833 6.87691 7.11342 7.21278 7.27580 7.31807 7.34812 7.37123 7.38965 7.40353 7.41282 7.41742 7.41681 7.41006 7.39679 7.37054 7.30723 7.19696 7.08979 7.00466 6.85481 6.66203 6.43822 6.14141 5.91349 6.00787 6.47796 6.85796 6.82694 6.17879 5.45475 5.42576 5.89862 6.47972 6.76862 6.78874 6.85737 7.11421 7.25009 7.28357 7.27761 7.22456 7.16108 7.21969 7.30152 7.29816 7.26324 7.21822 7.22223 7.32227 7.41403 7.45131 7.44940 7.42203
6.92159 6.86907 6.69333 6.69203 6.66920 6.37752 6.14550 5.61832 5.07337 5.13219 5.41639 5.53519 6.06807 6.78650 7.06449 7.17970 7.25209 7.30149 7.33671 7.36341 7.38440 7.40035 7.41136 7.41741 7.41771 7.41124 7.39783 7.37097 7.30634 7.19954 7.10566 7.04222 6.92789 6.71252 6.37829 6.03551 5.87046 5.85641 6.01642 6.26613 6.30565 5.92577 5.39869 5.16054 5.41704 6.09991 6.65803 6.79981 6.84095 7.02204 7.11878 7.16578 7.21003 7.23064 7.18340 7.21006 7.29646 7.33951 7.33275 7.25951 7.17120 7.19995 7.33995 7.42882 7.45282 7.42944
6.66412 6.65906 6.54207 6.53099 6.49818 6.30272 6.13349 5.70786 4.99958 5.00965 5.38116 5.51841 5.90666 6.57189 6.96334 7.12793 7.21731 7.27780 7.32095 7.35281 7.37708 7.39539 7.40819 7.41549 7.41653 7.41036 7.39715 7.37180 7.31333 7.21725 7.13697 7.09819 7.02556 6.80807 6.36583 5.81017 5.60899 5.71713 5.73032 5.61604 5.43717 5.58752 5.70265 5.14454 5.35567 6.11547 6.66822 6.83262 6.85865 6.91584 6.98929 7.04753 7.09575 7.17553 7.23985 7.23479 7.26428 7.32026 7.34719 7.31659 7.21839 7.13309 7.23059 7.37967 7.44707 7.45154
6.42271 6.43703 6.37243 6.41366 6.46370 6.40696 5.99126 5.38717 5.12526 5.34602 5.51299 5.51451 5.77340 6.27675 6.74043 7.02085 7.16382 7.24503 7.29970 7.33886 7.36757 7.38869 7.40331 7.41177 7.41346 7.40746 7.39444 7.37055 7.31878 7.24263 7.19305 7.16623 7.09743 6.95625 6.66799 6.07682 5.48452 5.54519 5.78558 5.61938 5.25915 5.10543 5.12186 5.19115 5.81966 6.71246 6.95317 6.92154 6.89046 6.90135 6.95417 6.99877 7.02225 7.04453 7.15200 7.25744 7.29110 7.30281 7.31194 7.32565 7.30192 7.17267 7.15263 7.32229 7.43142 7.45685
