mrvbf_slope0.6_pctl1.3.asc
NCOLS 410
NROWS 410
XLLCORNER 2398750.0000000000000000
YLLCORNER 2548750.0000000000000000
CELLSIZE 250.0000000000000000
NODATA_VALUE -99999.00000
[rows 348 to 376 of 410, columns 264 to 329 of 410]
3.44775 3.47932 3.51113 3.52014 3.49187 3.48627 3.56416 3.64941 3.68748 3.67362 3.62930 3.55029 3.54312 3.59222 3.62235 3.63628 3.62635 3.61306 3.63830 3.64935 3.61363 3.52351 3.41859 3.28985 3.34909 3.30933 3.07566 2.90779 2.77657 2.68894 2.58252 2.37521 1.88311 1.45004 1.10390 0.95733 1.13617 1.05162 0.62903 0.53375 1.02697 0.75888 0.54432 0.37823 0.43415 0.68570 1.50561 1.81180 1.78033 1.32288 0.41584 0.29161 0.31030 0.50767 0.76504 0.48883 0.48424 1.04928 0.76369 0.32334 0.25933 0.46065 0.52680 0.61758 0.79208 1.10166
3.49971 3.50462 3.55071 3.56210 3.50298 3.49084 3.56703 3.64160 3.66652 3.65163 3.59461 3.54335 3.59013 3.66220 3.68747 3.68573 3.63739 3.57926 3.58671 3.60107 3.53166 3.40662 3.45945 3.25941 3.23804 3.04715 2.87202 2.81602 2.74224 2.66291 2.56274 2.36893 1.78236 1.27608 0.97056 0.79501 0.83087 0.67323 0.48969 0.39174 0.74371 0.60716 0.40965 0.30888 0.36849 0.54062 1.38870 1.80483 1.88318 1.65516 0.78680 0.45263 0.34810 0.32522 0.49516 0.43303 0.30452 0.66609 0.66044 0.25113 0.19274 0.44987 0.60452 0.81163 1.15543 1.45843
3.51663 3.50161 3.51060 3.51049 3.44370 3.45891 3.55782 3.58474 3.57011 3.55563 3.52829 3.52392 3.60124 3.67884 3.70109 3.67855 3.62193 3.55309 3.54516 3.55760 3.47674 3.46809 3.32347 3.19244 2.94397 2.83642 2.85692 2.84419 2.76257 2.68932 2.60639 2.40976 1.75159 1.28931 0.96375 0.82178 0.75905 0.57986 0.40775 0.35353 0.69782 0.60858 0.34001 0.26122 0.34629 0.57571 1.48151 1.79163 1.89029 1.67181 1.35827 1.00813 0.74759 0.47831 0.42316 0.36144 0.28550 0.56902 0.84128 0.47024 0.34473 0.54322 0.79856 1.08904 1.22660 1.39533
3.35085 3.36334 3.42794 3.43716 3.32565 3.35511 3.47940 3.46106 3.43011 3.40490 3.42480 3.49981 3.59206 3.64826 3.65885 3.62629 3.57115 3.50539 3.49943 3.53921 3.54147 3.44973 3.24481 2.95390 2.81188 2.86604 3.02093 2.96752 2.79575 2.68401 2.59419 2.38800 1.81798 1.48941 1.15503 0.96353 0.83453 0.67685 0.53881 0.51454 0.64467 0.62021 0.51642 0.46092 0.57963 0.69464 1.18868 1.72750 1.89756 1.58534 0.74219 0.54478 0.76247 0.84397 0.61756 0.27691 0.19510 0.40567 0.73913 0.71152 0.50627 0.47613 0.61789 0.67831 0.61834 0.70402
3.42019 3.45779 3.50175 3.49394 3.35177 3.25845 3.32702 3.32539 3.33006 3.34806 3.41929 3.53597 3.62644 3.65542 3.64153 3.60608 3.53369 3.43254 3.40318 3.47617 3.56426 3.47742 3.21006 2.96004 2.93774 3.03399 3.09020 3.03887 2.79380 2.63291 2.49632 2.22561 1.83429 1.65176 1.35090 0.69905 0.65172 0.75904 0.77832 0.58459 0.50587 0.43056 0.34601 0.40702 0.63558 0.63922 0.61474 1.60862 1.88240 1.70337 0.89133 0.36589 0.42090 0.72785 0.58570 0.27647 0.20617 0.24469 0.39087 0.68964 0.71724 0.58573 0.59988 0.37885 0.28997 0.41220
3.50982 3.51569 3.55150 3.57217 3.48000 3.35294 3.31473 3.33304 3.38625 3.45356 3.50308 3.56652 3.62129 3.65716 3.62501 3.59011 3.46978 3.31024 3.25890 3.45299 3.45674 3.40990 3.21742 3.06443 3.21505 3.10913 3.08015 3.01001 2.70595 2.56056 2.37336 1.95772 1.59103 1.48643 1.20479 0.53455 0.42970 0.51755 0.64435 0.43733 0.34291 0.34706 0.32597 0.32726 0.37212 0.34068 0.45457 1.53667 1.85838 1.68112 1.32266 0.53016 0.36053 0.44534 0.51397 0.66094 0.65875 0.36185 0.25723 0.43786 0.74904 0.83878 0.63196 0.27185 0.17483 0.32028
3.57815 3.56990 3.55338 3.54670 3.51731 3.44789 3.42142 3.44784 3.50514 3.56239 3.56635 3.54784 3.54799 3.56180 3.54291 3.51895 3.34305 3.15453 3.32005 3.40074 3.37242 3.34603 3.26928 3.19139 3.31279 3.14393 3.16148 2.87439 2.61639 2.48055 2.28685 1.79357 1.31824 1.23110 1.13312 0.61147 0.47977 0.58190 0.95534 0.63152 0.44462 0.53337 0.67263 0.68186 0.50872 0.33430 0.65059 1.62000 1.83940 1.41355 0.76666 0.88763 0.69556 0.43808 0.41379 0.66144 0.89230 0.60546 0.25721 0.34189 0.66675 0.95222 0.71516 0.45134 0.26397 0.37084
3.46326 3.47032 3.45280 3.45718 3.49136 3.50114 3.52235 3.55987 3.60625 3.64997 3.64460 3.57958 3.46550 3.46718 3.50974 3.49163 3.23957 2.88741 3.22754 3.42485 3.30266 3.31787 3.35934 3.20802 3.10927 2.90141 2.89418 2.64762 2.49275 2.40345 2.27895 1.84851 1.38586 1.22402 1.26954 1.10492 0.83072 0.89305 1.25663 1.38296 1.34245 1.32879 1.33521 0.93707 0.59141 0.32859 0.53451 1.49805 1.77544 0.78670 0.35094 0.54311 0.70480 0.51998 0.28923 0.36730 0.76750 0.89323 0.57697 0.54959 0.95065 1.33398 1.11170 0.76516 0.44840 0.45239
3.33405 3.30089 3.31480 3.40317 3.48813 3.54424 3.59826 3.64288 3.66595 3.68531 3.69056 3.62091 3.57413 3.58498 3.62220 3.58442 3.39440 2.64109 2.96638 3.31635 3.24453 3.39398 3.38976 3.03823 2.92545 2.65348 2.56644 2.43418 2.31654 2.32778 2.28157 1.95712 1.57907 1.47766 1.54152 1.50810 1.38212 1.39423 1.46865 1.57368 1.71223 1.66047 1.34712 0.76364 0.53303 0.29191 0.30925 0.96282 1.77392 1.50940 0.48948 0.37153 0.36589 0.24995 0.19929 0.23868 0.47421 0.53351 0.55911 0.85388 1.39269 1.57548 1.54742 1.43528 0.96906 0.73339
3.32477 3.29970 3.33311 3.42447 3.49903 3.54913 3.60478 3.65958 3.68913 3.72207 3.74089 3.69958 3.63014 3.64431 3.67502 3.61980 3.43943 2.94058 3.05344 3.34982 3.35856 3.38697 3.33001 2.81227 2.64010 2.56113 2.39365 2.30277 2.30445 2.29539 2.14186 1.86643 1.71824 1.70131 1.72158 1.65320 1.56887 1.50044 1.47015 1.59424 1.65403 1.41236 0.85293 0.61021 0.52385 0.38735 0.55349 0.91364 1.69087 1.76232 1.36906 0.64185 0.44432 0.23861 0.29416 0.43864 0.50573 0.50639 0.59909 0.92126 1.29759 1.46862 1.47778 1.32411 1.27285 1.26169
3.23949 3.36369 3.43466 3.47161 3.49595 3.51483 3.56374 3.64161 3.70001 3.73247 3.73971 3.71378 3.66670 3.67715 3.68820 3.64056 3.49926 3.18846 3.08499 3.33298 3.42356 3.42985 3.26549 2.93978 2.55576 2.40922 2.41083 2.46440 2.43223 2.27461 1.96153 1.79798 1.85467 1.94030 2.00663 1.82890 1.62193 1.42237 1.35154 1.42970 1.38098 0.90623 0.55381 0.46578 0.43093 0.34462 0.51109 0.49714 1.34281 1.67815 1.53690 1.32130 0.77542 0.37939 0.29531 0.40643 0.56514 0.68823 0.82594 0.95759 1.13792 1.18341 0.98516 0.79679 1.02853 1.27896
3.22978 3.44200 3.51997 3.51427 3.49317 3.47647 3.49487 3.56724 3.63437 3.67341 3.67035 3.63010 3.60649 3.64430 3.66759 3.62733 3.51310 3.24216 2.91882 3.02419 3.30419 3.33780 3.12463 2.84804 2.55233 2.36942 2.55761 2.56740 2.38577 2.05761 1.82601 1.89065 2.02328 2.12558 2.11954 1.89205 1.64590 1.37705 1.11651 0.75540 0.74851 0.72710 0.52671 0.47289 0.40043 0.32627 0.29910 0.34092 1.11250 1.54939 0.90340 1.18825 1.34350 0.79752 0.44595 0.51903 0.71949 1.01003 1.19396 1.19237 1.22785 1.23018 0.79355 0.57894 0.66940 0.96406
3.27440 3.42387 3.52768 3.52201 3.48645 3.46154 3.47462 3.51642 3.56498 3.59503 3.59055 3.57865 3.62575 3.67530 3.70481 3.67822 3.59200 3.40843 3.02790 2.84870 3.01436 3.12728 3.11057 2.69894 2.52907 2.48814 2.57639 2.48469 2.11402 1.81086 1.90195 2.07646 2.12900 2.08621 1.95343 1.75004 1.58380 1.39076 1.07671 0.61652 0.60168 0.89572 0.76007 0.60992 0.55080 0.53823 0.46674 0.42145 0.94955 1.32757 0.49500 0.59123 1.21856 1.32326 0.89213 1.06574 1.08463 1.06426 1.08464 1.29790 1.42334 1.39117 1.00481 0.73312 0.70699 0.82843
3.26511 3.27153 3.37914 3.43447 3.45091 3.45637 3.50030 3.56065 3.59188 3.59483 3.58754 3.61110 3.67145 3.70402 3.73159 3.70826 3.64968 3.57160 3.40216 3.04986 2.95125 3.12260 3.05487 2.74370 2.63087 2.56851 2.50828 2.28338 1.88058 1.80442 2.03917 2.13545 2.10488 1.94418 1.74205 1.62953 1.58935 1.42976 1.27372 1.16100 1.13984 1.26522 1.31953 1.23014 0.84677 0.70185 0.52335 0.30186 0.57211 0.80643 0.56810 0.48137 0.78792 0.67458 0.28340 0.38213 0.54157 0.67622 0.80529 1.03804 1.26299 1.34575 1.27256 1.12450 1.10580 0.96326
3.18549 3.00116 3.06020 3.28530 3.41446 3.45408 3.52005 3.61218 3.66542 3.65445 3.60688 3.57313 3.59490 3.66143 3.72903 3.73300 3.66899 3.60731 3.50857 3.30184 3.08577 3.12131 3.06271 2.82972 2.69603 2.58282 2.39670 2.01602 1.78932 1.91399 2.08730 2.10905 2.02996 1.66381 1.34257 1.41491 1.53377 1.48700 1.52615 1.66419 1.64537 1.61147 1.53429 1.45991 1.12903 0.73036 0.52269 0.37357 0.47254 0.54229 0.42638 0.39742 0.72598 0.47362 0.15780 0.24729 0.41878 0.56240 0.65412 0.80989 0.89661 0.92490 0.95599 1.02904 1.18634 1.04443
2.45745 2.39498 2.85001 3.31407 3.43546 3.39496 3.49397 3.63048 3.70215 3.66073 3.58355 3.54431 3.52815 3.56932 3.66294 3.69354 3.63174 3.58184 3.41063 3.22413 3.22153 3.33711 3.05582 2.88086 2.72024 2.62040 2.39940 1.93136 1.71277 1.88511 2.16072 2.15302 1.83316 1.11531 0.79237 0.89536 1.15406 1.46076 1.62050 1.80768 1.69670 1.48626 1.00680 0.74348 0.62725 0.50426 0.48622 0.48878 0.41686 0.39100 0.36000 0.31981 0.62378 0.32546 0.14659 0.24322 0.43561 0.51778 0.56317 0.59297 0.48918 0.49357 0.58808 0.85818 1.13475 1.14278
1.82541 2.37079 3.20951 3.46465 3.40217 3.29880 3.51166 3.66632 3.72350 3.66679 3.57218 3.56831 3.58939 3.53060 3.58007 3.61180 3.54860 3.38378 3.13517 2.96755 3.07112 3.27729 3.09863 2.90012 2.72743 2.60066 2.39941 1.93665 1.59435 1.85132 2.30936 2.20175 1.61500 0.80754 0.59030 0.58487 0.84817 1.40542 1.50575 1.55908 1.44082 1.04892 0.76615 0.60954 0.40050 0.38969 0.57402 0.69625 0.56347 0.36527 0.32243 0.27919 0.44067 0.31057 0.18377 0.35160 0.48585 0.52167 0.51144 0.51629 0.43164 0.44318 0.54075 0.69767 0.96631 1.19804
2.21173 3.09621 3.41937 3.42801 3.27166 3.38463 3.59549 3.68929 3.70220 3.67692 3.60472 3.59138 3.63007 3.58681 3.55554 3.56724 3.40242 3.12575 3.05993 3.14690 3.23469 3.26144 3.16356 2.85024 2.64280 2.45231 2.24506 1.96943 1.70353 1.87802 2.30154 2.21905 1.62225 0.67346 0.48631 0.59150 1.22929 1.28378 0.63991 0.60524 0.72425 0.61989 0.46981 0.35347 0.35758 0.50454 0.98260 1.19351 0.85762 0.69180 0.62633 0.58204 0.58940 0.42358 0.27663 0.49921 0.51969 0.52874 0.56722 0.65813 0.68138 0.60522 0.51818 0.56128 0.86296 1.33591
2.89377 3.29830 3.41488 3.35301 3.29369 3.49080 3.62117 3.60472 3.56771 3.58278 3.59308 3.62397 3.64234 3.61071 3.51895 3.40128 3.18641 3.19869 3.34328 3.18215 2.99418 3.05997 2.92874 2.67446 2.44495 2.13994 1.97457 1.90229 2.03293 2.15819 2.25233 2.22993 1.94165 1.23410 0.59575 0.49458 0.64955 0.73170 0.34631 0.33585 0.46874 0.39039 0.35393 0.35599 0.53953 0.97008 0.95084 0.71717 0.54554 0.52193 0.61373 0.70381 0.61443 0.38708 0.36473 0.50859 0.37679 0.43069 0.49224 0.58552 0.66162 0.73572 0.63803 0.65004 0.84730 1.28075
2.79108 3.21660 3.45034 3.40485 3.25714 3.42353 3.48126 3.36083 3.33855 3.47952 3.55667 3.62201 3.61071 3.54650 3.44082 3.27133 3.24059 3.42050 3.27912 2.86411 2.71604 2.68933 2.63565 2.41986 2.04665 1.84096 1.88420 1.87982 1.71472 2.01051 2.25682 2.40643 2.24591 1.90092 1.61596 1.33242 0.85632 0.57176 0.49592 0.47169 0.57277 0.54872 0.52451 0.61386 1.00301 1.50369 1.06373 0.57984 0.35717 0.34794 0.58830 0.77841 0.59175 0.34389 0.30455 0.26459 0.15548 0.25020 0.36028 0.44457 0.52696 0.63870 0.67441 0.70328 0.75184 1.25402
2.33633 3.26166 3.54084 3.52753 3.35081 3.24360 3.17800 3.01255 3.22071 3.46698 3.49214 3.50906 3.46254 3.41702 3.40427 3.34773 3.38523 3.36591 2.86070 2.62184 2.47235 2.32522 2.20031 1.90989 1.74207 1.82780 2.10042 2.21438 2.07739 2.07951 2.10779 2.18037 2.24557 2.17856 2.09943 2.04970 1.88252 1.79191 1.88612 1.83946 1.77473 1.62899 1.52340 1.56407 1.64016 1.60492 1.17718 0.67389 0.57432 0.59110 1.06822 0.95349 0.61508 0.40214 0.37233 0.22990 0.13104 0.15629 0.28905 0.42117 0.52605 0.64130 0.67690 0.62069 0.62161 1.35776
2.24129 3.37844 3.57659 3.58128 3.54530 3.41827 3.32184 3.33040 3.34005 3.30399 3.20560 3.10673 3.06062 3.29558 3.39813 3.44815 3.40251 3.25268 2.64689 2.41295 2.20764 1.69215 1.59912 1.60774 1.77135 2.13864 2.34712 2.19206 1.73195 1.53126 1.57931 1.70751 1.81104 1.88961 1.97229 2.04672 1.97699 1.86718 1.95184 2.17427 2.37212 2.21650 1.92028 1.82846 1.78731 1.61725 0.77267 0.37858 0.66298 1.15312 1.49898 1.09981 0.46369 0.31345 0.49812 0.47129 0.28293 0.24506 0.42595 0.58037 0.64292 0.58877 0.54198 0.52567 0.55919 1.19655
2.11213 3.12980 3.43749 3.53585 3.55932 3.52288 3.48423 3.48461 3.43666 3.05273 2.48001 2.17975 2.68568 3.31206 3.48955 3.40958 3.13493 2.77654 2.45450 2.09362 2.03515 1.77794 1.57983 1.73374 2.16682 2.41831 2.31147 1.75178 1.02964 0.81283 0.91914 1.24573 1.52137 1.66700 1.78410 1.88833 1.90864 1.95545 2.23115 2.41159 2.30036 1.95331 1.79812 1.76059 1.80005 1.75350 1.49770 0.92137 1.34016 1.57984 1.55798 1.05927 0.49730 0.41621 0.58673 0.49222 0.42459 0.47193 0.44523 0.45426 0.48228 0.44161 0.45853 0.50621 0.66325 1.21251
1.70354 2.17425 2.75117 3.25574 3.42754 3.30034 2.95940 2.89373 3.11123 3.11150 1.91616 2.16518 2.78889 3.24451 3.44800 3.22224 2.82389 2.49570 2.07177 1.72026 1.93123 2.12629 2.05867 2.24077 2.46364 2.46596 1.97945 1.12148 0.65111 0.55228 0.60840 0.84137 1.26434 1.47868 1.60491 1.70126 1.80740 1.93313 2.07435 2.01030 1.68886 1.37566 0.96647 1.04816 1.50473 1.77022 1.76925 1.67261 1.66380 1.63218 1.58180 1.31118 1.30608 1.20045 0.92011 0.54096 0.44050 0.31980 0.25254 0.24894 0.28388 0.41749 0.51791 0.58594 0.69143 0.93859
1.69701 1.79257 2.02055 2.26653 2.53078 2.55852 2.42560 2.30440 2.13796 2.28813 2.19678 2.71385 2.83485 3.04360 3.14925 2.74815 2.48861 2.16814 1.83490 1.83544 2.19922 2.47102 2.51565 2.54614 2.51552 2.40010 1.67735 0.78041 0.56952 0.48437 0.49871 0.71669 1.06306 1.32195 1.42017 1.49182 1.63591 1.76954 1.77904 1.59573 1.38436 0.95183 0.56550 0.58171 0.50837 1.31568 1.78291 1.80594 1.69386 1.60392 1.42139 0.90794 1.16752 1.50851 1.64345 1.39105 0.79581 0.33604 0.25035 0.28051 0.31626 0.48387 0.59040 0.68862 0.69219 0.76743
2.54088 2.00750 2.04359 1.74101 1.60300 2.10511 2.90154 3.01997 2.82528 2.76622 2.79582 2.83858 3.06531 2.96918 2.73386 2.50663 2.24314 1.97431 1.92351 2.22040 2.51338 2.60841 2.62577 2.58318 2.53793 2.38063 1.67940 0.71983 0.55938 0.50969 0.54403 0.58745 0.69001 0.91154 0.76224 0.67496 0.98600 1.49879 1.61474 1.51142 1.48708 1.40747 0.86766 0.50202 0.38180 0.55493 1.55295 1.81883 1.69441 1.48136 0.82099 0.40970 0.49713 1.01843 1.10600 1.04273 0.98942 0.82251 0.75359 0.65001 0.58054 0.66248 0.79614 0.83523 0.63379 0.71076
2.47072 2.04505 2.11309 1.65896 1.11744 2.10976 3.03177 3.40380 3.16942 2.79970 2.50740 2.49961 2.67625 2.63238 2.48845 2.32677 2.16186 2.06425 2.24125 2.55585 2.64236 2.54455 2.50383 2.46167 2.44824 2.36473 1.82015 1.02187 0.71646 0.69579 0.68591 0.57795 0.48935 0.54910 0.50692 0.48533 0.57250 1.17963 1.58408 1.54426 1.51278 1.43412 1.05310 0.53124 0.36826 0.35775 1.13003 1.79637 1.63135 1.25869 0.66506 0.41257 0.53070 0.63081 0.39153 0.38065 0.48247 0.50757 0.51174 0.55044 0.62690 0.73281 0.81764 0.67367 0.58992 0.98119
2.80490 2.45778 2.22269 1.64143 0.74162 2.08421 2.90501 2.95433 2.56352 2.27642 2.10035 2.33602 2.46808 2.42207 2.32136 2.26571 2.22860 2.36572 2.63698 2.65417 2.47943 2.35803 2.27540 2.17885 2.23227 2.27699 1.91933 1.37052 1.01035 0.93011 0.82115 0.56085 0.47789 0.44191 0.38082 0.32923 0.46324 0.80140 1.54917 1.55717 1.48991 1.24251 0.90893 0.60706 0.37590 0.32823 0.76936 1.74291 1.44783 0.61162 0.58805 0.69050 0.66565 0.53308 0.28293 0.17855 0.15947 0.18862 0.26231 0.37676 0.52066 0.60857 0.62863 0.55764 0.65173 1.47158
3.40227 3.02676 2.80033 1.67630 0.89977 2.11256 2.47590 2.42627 2.26793 2.19612 2.46355 2.68383 2.66401 2.50950 2.36772 2.36472 2.48206 2.76603 2.77311 2.54744 2.40821 2.28197 2.18356 2.21590 2.26161 2.30680 2.10490 1.64595 1.32498 1.16157 0.97081 0.63611 0.51538 0.44717 0.33214 0.21911 0.25899 0.59221 1.38222 1.33992 0.83421 0.76086 0.85488 0.84601 0.61560 0.43867 0.80147 1.70297 1.41776 0.54235 0.44853 0.61545 0.64183 0.62465 0.53677 0.21773 0.10596 0.10193 0.19486 0.35275 0.47925 0.54433 0.55702 0.59099 0.87855 1.81657
