mrvbf_slope0.8_pctl1.1.asc
NCOLS 410
NROWS 410
XLLCORNER 2398750.0000000000000000
YLLCORNER 2548750.0000000000000000
CELLSIZE 250.0000000000000000
NODATA_VALUE -99999.00000
[rows 290 to 318 of 410, columns 66 to 131 of 410]
4.53880 4.50105 4.52691 4.54566 4.46579 4.44015 4.46070 4.44188 4.42008 4.42919 4.48352 4.54271 4.58461 4.62020 4.62586 4.61647 4.60874 4.58923 4.59168 4.64545 4.73364 4.71437 4.64412 4.60588 4.64285 4.74200 4.85139 4.88733 4.83319 4.75804 4.69535 4.65309 4.63131 4.67833 4.74712 4.69881 4.71842 4.78130 4.75049 4.67491 4.64672 4.67756 4.73579 4.74457 4.79363 4.80034 4.82297 4.75309 4.68212 4.67742 4.74234 4.70300 4.66991 4.69913 4.68653 4.70898 4.80062 4.88018 4.83140 4.78362 4.74373 4.72459 4.72593 4.75221 4.82831 4.88617
4.52772 4.47043 4.47719 4.46740 4.37897 4.36595 4.40784 4.42589 4.44083 4.48822 4.56774 4.61884 4.66257 4.71444 4.68811 4.64221 4.60504 4.57266 4.56298 4.60018 4.68031 4.72911 4.70063 4.70321 4.80033 4.88725 4.88188 4.78749 4.67816 4.64611 4.65866 4.69446 4.70433 4.70716 4.73566 4.69140 4.69008 4.76674 4.80542 4.70355 4.63762 4.62873 4.67636 4.74412 4.80523 4.79717 4.77096 4.73338 4.68960 4.74061 4.82663 4.72871 4.70234 4.74320 4.68816 4.69538 4.80158 4.87286 4.81810 4.78087 4.75045 4.73061 4.73343 4.75892 4.78699 4.78640
4.49034 4.43961 4.40542 4.36776 4.30025 4.31995 4.38650 4.42979 4.45958 4.49975 4.55777 4.63168 4.71261 4.74799 4.71752 4.67268 4.60575 4.55509 4.53690 4.57328 4.66323 4.74118 4.71042 4.67486 4.69212 4.70982 4.67214 4.60907 4.57771 4.59883 4.64237 4.70802 4.74958 4.68142 4.61882 4.59474 4.62710 4.70127 4.75243 4.73889 4.74107 4.68385 4.67861 4.72584 4.77286 4.77219 4.73709 4.69638 4.69370 4.79136 4.87336 4.72678 4.70296 4.76219 4.68192 4.68457 4.79838 4.85825 4.79789 4.77624 4.78394 4.79102 4.80776 4.82969 4.79785 4.73919
4.52734 4.50244 4.44768 4.36410 4.29412 4.31981 4.40059 4.45793 4.48996 4.51177 4.53067 4.58041 4.66227 4.73267 4.72272 4.69197 4.61362 4.54822 4.52818 4.56372 4.63099 4.66613 4.65024 4.61470 4.58586 4.56453 4.54568 4.54062 4.57916 4.62881 4.64589 4.65858 4.68353 4.66075 4.60114 4.59661 4.63488 4.67240 4.69159 4.69005 4.71817 4.77347 4.77732 4.78433 4.79022 4.77631 4.73653 4.69032 4.68276 4.76598 4.83595 4.72063 4.71776 4.78579 4.69232 4.68354 4.78198 4.87771 4.79486 4.77493 4.83286 4.91234 4.93685 4.89272 4.80398 4.74681
4.58838 4.57061 4.52788 4.40748 4.31145 4.36228 4.44791 4.50412 4.53415 4.54479 4.53321 4.55581 4.62206 4.68269 4.69394 4.66639 4.60996 4.55366 4.54170 4.57302 4.60364 4.60994 4.61412 4.60708 4.56231 4.50882 4.50828 4.56118 4.64298 4.71490 4.69446 4.65593 4.62483 4.60766 4.61550 4.67578 4.73449 4.72190 4.69119 4.67426 4.67326 4.70958 4.76152 4.80648 4.80757 4.76262 4.72099 4.69189 4.69065 4.74877 4.78928 4.74117 4.76091 4.79462 4.72476 4.69244 4.76564 4.92709 4.80153 4.76063 4.84253 5.00453 4.93462 4.81906 4.76916 4.76947
4.59593 4.60153 4.54277 4.38050 4.30519 4.42573 4.50925 4.54168 4.54122 4.52572 4.52062 4.56224 4.60567 4.60325 4.60588 4.61906 4.59911 4.56756 4.56631 4.59269 4.58973 4.58103 4.60056 4.61448 4.56549 4.52888 4.54695 4.59179 4.66184 4.73414 4.74245 4.69159 4.62993 4.58992 4.59028 4.65498 4.77565 4.80399 4.73748 4.69186 4.66585 4.66379 4.67785 4.69350 4.70755 4.70977 4.71107 4.71844 4.73822 4.76707 4.79670 4.81334 4.82638 4.82042 4.76273 4.68813 4.74071 4.93532 4.81171 4.74218 4.81636 4.93783 4.83986 4.76871 4.77009 4.82558
4.58518 4.61448 4.55012 4.36360 4.29138 4.45360 4.54117 4.54697 4.51589 4.49241 4.51889 4.57626 4.54994 4.49466 4.47553 4.51706 4.55897 4.56306 4.56986 4.58694 4.57186 4.57147 4.59934 4.62173 4.56401 4.55555 4.59643 4.60457 4.64342 4.69570 4.68655 4.64573 4.62199 4.60627 4.58279 4.60881 4.70290 4.82978 4.82496 4.76229 4.72197 4.70353 4.69942 4.69882 4.70233 4.72225 4.75150 4.78078 4.79217 4.79125 4.82521 4.89915 4.89985 4.85414 4.80541 4.68604 4.70790 4.87997 4.81265 4.73554 4.79013 4.83652 4.78475 4.76573 4.81627 4.91076
4.54710 4.56724 4.50412 4.35768 4.32291 4.43974 4.52371 4.53065 4.48725 4.47140 4.51544 4.54166 4.47545 4.40669 4.36739 4.40503 4.48815 4.53418 4.55250 4.56708 4.57983 4.60343 4.61441 4.63231 4.56174 4.56625 4.60892 4.60336 4.64031 4.65844 4.63133 4.62076 4.63644 4.60080 4.55413 4.56281 4.63737 4.77088 4.88684 4.88625 4.86092 4.84074 4.83324 4.82808 4.81893 4.82984 4.83368 4.81358 4.77048 4.77020 4.81421 4.90169 4.93183 4.86744 4.81193 4.70455 4.68649 4.79116 4.81657 4.74463 4.75746 4.77819 4.78252 4.79307 4.81398 4.85052
4.49868 4.50468 4.45025 4.36538 4.36640 4.44156 4.52404 4.54793 4.48219 4.47297 4.52460 4.53144 4.46475 4.44105 4.42358 4.37614 4.46495 4.52988 4.54822 4.57685 4.62267 4.62554 4.63110 4.62620 4.54253 4.55228 4.56744 4.57443 4.64771 4.65523 4.60589 4.60249 4.61864 4.56452 4.51736 4.50075 4.59303 4.72768 4.84696 4.88969 4.89865 4.89432 4.89052 4.88370 4.87076 4.84282 4.77910 4.72836 4.72341 4.74777 4.79073 4.86717 4.92879 4.89220 4.82525 4.72141 4.68826 4.76244 4.84572 4.78653 4.75231 4.75562 4.78925 4.81975 4.79184 4.78921
4.50100 4.49226 4.44866 4.41030 4.43947 4.50655 4.55086 4.56919 4.51947 4.50417 4.55102 4.57342 4.52017 4.49445 4.41769 4.41033 4.52031 4.55567 4.55348 4.57399 4.59952 4.62869 4.68106 4.63260 4.51805 4.54044 4.52856 4.55208 4.62610 4.61713 4.58081 4.58305 4.60018 4.55663 4.49749 4.46238 4.58422 4.69432 4.74870 4.75651 4.74173 4.73182 4.72456 4.71377 4.70540 4.68828 4.66919 4.68095 4.71055 4.73212 4.76206 4.82701 4.90303 4.89127 4.83968 4.74205 4.68410 4.72661 4.83202 4.86901 4.82529 4.80142 4.78010 4.76645 4.78291 4.78655
4.56457 4.53608 4.48842 4.46333 4.50582 4.59081 4.62928 4.61783 4.58256 4.53623 4.56346 4.62583 4.58435 4.52920 4.45960 4.50419 4.56908 4.55785 4.53635 4.52774 4.57587 4.67739 4.74499 4.63948 4.52810 4.54474 4.55738 4.54279 4.57605 4.58495 4.54867 4.56385 4.61296 4.59306 4.50904 4.49215 4.56643 4.61157 4.63080 4.62516 4.59868 4.58332 4.57120 4.55937 4.56441 4.58602 4.61800 4.67148 4.68228 4.69603 4.73980 4.80874 4.88102 4.87707 4.83760 4.76952 4.68555 4.68243 4.73038 4.84562 4.93637 4.94872 4.87217 4.77939 4.73247 4.76353
4.63321 4.57851 4.51809 4.49705 4.55074 4.64727 4.69630 4.65544 4.58716 4.52521 4.53485 4.60923 4.62822 4.58708 4.52762 4.53472 4.55167 4.54889 4.50217 4.48517 4.59105 4.74495 4.71623 4.58092 4.51213 4.56806 4.60106 4.56543 4.57333 4.58744 4.55737 4.56962 4.61077 4.61917 4.54799 4.46790 4.47969 4.50888 4.52816 4.53442 4.52713 4.51673 4.50031 4.49147 4.51436 4.56178 4.59661 4.61475 4.64142 4.69827 4.76644 4.82767 4.86416 4.86933 4.84077 4.80080 4.73392 4.68290 4.67927 4.72514 4.85308 4.96800 4.92701 4.81168 4.73297 4.76870
4.60572 4.56930 4.51803 4.51377 4.58878 4.63423 4.64013 4.60567 4.56840 4.50590 4.49224 4.55746 4.58737 4.56230 4.51079 4.50132 4.54661 4.56374 4.47721 4.48416 4.62012 4.74646 4.62557 4.50310 4.48293 4.56383 4.59557 4.56960 4.56453 4.56549 4.57657 4.60888 4.63539 4.62668 4.57226 4.50070 4.47156 4.46777 4.47200 4.50691 4.54737 4.55982 4.55647 4.56344 4.57205 4.57689 4.56652 4.58184 4.65558 4.74677 4.79378 4.77290 4.76663 4.77996 4.80561 4.82014 4.79140 4.73233 4.69434 4.68050 4.74610 4.83882 4.79315 4.71305 4.69061 4.72935
4.52637 4.52182 4.51355 4.52993 4.60127 4.62281 4.61375 4.55547 4.56893 4.52806 4.48803 4.51755 4.54332 4.54415 4.52438 4.49094 4.53415 4.54543 4.45540 4.49022 4.64462 4.70033 4.54386 4.43117 4.48813 4.57440 4.56982 4.52135 4.51234 4.55131 4.60018 4.64347 4.66392 4.63473 4.60391 4.59782 4.56872 4.54301 4.52687 4.55093 4.60434 4.62841 4.61908 4.62427 4.60119 4.56210 4.54595 4.58483 4.67057 4.74007 4.71992 4.69840 4.69869 4.70629 4.72933 4.77305 4.80206 4.77840 4.72261 4.68001 4.69704 4.73058 4.69863 4.67581 4.70246 4.71961
4.48490 4.50431 4.53935 4.58189 4.62520 4.66682 4.66780 4.58247 4.55729 4.57751 4.55073 4.53990 4.55798 4.52677 4.43143 4.43252 4.49931 4.51623 4.45800 4.49462 4.64263 4.65529 4.48864 4.40840 4.52368 4.60269 4.55354 4.47632 4.47903 4.54363 4.59217 4.62855 4.66013 4.64895 4.61853 4.59675 4.59040 4.59596 4.60447 4.59786 4.64129 4.67628 4.65282 4.62589 4.59430 4.55665 4.55104 4.59949 4.67432 4.68919 4.66994 4.67451 4.68373 4.68048 4.68417 4.71368 4.76332 4.78311 4.75078 4.70218 4.68906 4.69705 4.68904 4.70273 4.73923 4.71636
4.50786 4.54438 4.57832 4.64003 4.66543 4.66348 4.62005 4.58891 4.59454 4.59574 4.57577 4.55418 4.52792 4.46582 4.42094 4.50080 4.54607 4.52592 4.49475 4.52771 4.62927 4.62053 4.48125 4.40894 4.51534 4.60943 4.56529 4.50609 4.45326 4.46942 4.52275 4.57216 4.61989 4.64868 4.64986 4.64160 4.62701 4.60806 4.60369 4.63070 4.68640 4.71815 4.69482 4.65229 4.60903 4.57204 4.56902 4.60964 4.65992 4.65990 4.66418 4.69392 4.71009 4.69279 4.67570 4.68089 4.71384 4.75130 4.75223 4.71782 4.70262 4.70573 4.70511 4.72188 4.73327 4.71124
4.55393 4.55963 4.58748 4.65690 4.64830 4.58726 4.54521 4.55115 4.57488 4.56508 4.53796 4.52393 4.51075 4.46952 4.47957 4.55974 4.60115 4.57911 4.54885 4.55097 4.57915 4.54794 4.46012 4.43574 4.51767 4.60925 4.61273 4.55611 4.50510 4.45682 4.47530 4.53014 4.57512 4.59559 4.60069 4.62368 4.65921 4.64947 4.64353 4.68078 4.70893 4.70781 4.68491 4.65604 4.61379 4.57942 4.57864 4.61046 4.64398 4.66100 4.68606 4.70974 4.71448 4.71047 4.69880 4.69019 4.69691 4.73047 4.74144 4.71251 4.70136 4.70991 4.70697 4.70734 4.70003 4.68790
4.55708 4.54481 4.56177 4.60815 4.58366 4.52970 4.53167 4.57449 4.52674 4.51165 4.52347 4.54126 4.53338 4.48135 4.48648 4.53781 4.55012 4.56473 4.56321 4.54754 4.52203 4.47849 4.43734 4.46553 4.54225 4.61963 4.64550 4.62241 4.56751 4.48232 4.45326 4.50834 4.54431 4.55662 4.55282 4.55396 4.60359 4.64758 4.64818 4.63820 4.64138 4.64419 4.63683 4.62109 4.59058 4.56636 4.57230 4.60614 4.64144 4.66946 4.70458 4.70679 4.70728 4.71343 4.72598 4.73146 4.70348 4.72025 4.72542 4.69228 4.68355 4.69930 4.69938 4.68782 4.67346 4.66189
4.52520 4.48723 4.46390 4.49285 4.50696 4.51206 4.53929 4.52112 4.49774 4.51783 4.55482 4.54229 4.48083 4.41492 4.40834 4.46426 4.49311 4.51897 4.53486 4.52829 4.49357 4.46015 4.45702 4.50305 4.56567 4.61160 4.63606 4.63649 4.58559 4.50670 4.43001 4.47613 4.51901 4.54731 4.54406 4.50598 4.51620 4.56190 4.55684 4.55242 4.58021 4.61084 4.62113 4.60690 4.57357 4.54931 4.55850 4.59721 4.63896 4.66190 4.67783 4.69156 4.73139 4.76150 4.76417 4.73872 4.70621 4.69855 4.68493 4.67025 4.67007 4.69079 4.69799 4.68040 4.67235 4.64621
4.44184 4.39958 4.35181 4.35941 4.41786 4.49283 4.53330 4.50690 4.51477 4.55937 4.57173 4.49759 4.43947 4.39545 4.37771 4.44962 4.50656 4.51986 4.52896 4.51950 4.49745 4.49316 4.51208 4.54453 4.57244 4.57516 4.58735 4.61995 4.58747 4.54574 4.44440 4.42583 4.49117 4.55195 4.56377 4.51202 4.44574 4.45340 4.46943 4.51711 4.56444 4.61453 4.63441 4.62105 4.58284 4.54501 4.54784 4.58277 4.62353 4.64630 4.64998 4.66363 4.72416 4.78213 4.77972 4.73110 4.70413 4.68010 4.66102 4.67454 4.66535 4.67829 4.69617 4.67559 4.68965 4.65711
4.34442 4.32619 4.30623 4.29701 4.35504 4.43601 4.47214 4.48257 4.51511 4.55946 4.55081 4.47257 4.45515 4.45565 4.41195 4.46100 4.51943 4.54773 4.55012 4.52154 4.50767 4.52650 4.55150 4.55460 4.56276 4.56625 4.54944 4.57696 4.57924 4.54928 4.50364 4.43651 4.45335 4.52045 4.53975 4.49278 4.43998 4.43505 4.48083 4.53187 4.56167 4.61178 4.64265 4.63082 4.60734 4.56347 4.55552 4.57676 4.60661 4.63234 4.63044 4.64244 4.70175 4.75856 4.76748 4.73471 4.68875 4.66376 4.66556 4.69193 4.67011 4.67048 4.67783 4.66382 4.68656 4.67967
4.29725 4.32992 4.36454 4.35610 4.35020 4.37616 4.40007 4.43382 4.46484 4.49305 4.52083 4.48714 4.44902 4.47080 4.43531 4.47054 4.53408 4.57022 4.55125 4.50652 4.49725 4.52697 4.56314 4.54697 4.54292 4.57239 4.54731 4.55880 4.59415 4.55334 4.52481 4.47913 4.43875 4.47594 4.46941 4.44035 4.47491 4.50652 4.51917 4.51932 4.55314 4.61543 4.65537 4.64573 4.62805 4.59204 4.57831 4.58478 4.59902 4.61171 4.60865 4.62829 4.68191 4.71848 4.71402 4.68688 4.64727 4.63493 4.65652 4.68582 4.67674 4.67119 4.66170 4.66676 4.70020 4.70108
4.32470 4.39428 4.46239 4.44410 4.39087 4.36438 4.35950 4.37375 4.37983 4.39822 4.43228 4.43928 4.43003 4.46944 4.43337 4.45781 4.51217 4.54669 4.52203 4.47857 4.47899 4.49287 4.51463 4.52423 4.53121 4.57090 4.54615 4.55182 4.58802 4.54582 4.50986 4.48808 4.43998 4.44826 4.43164 4.47617 4.51945 4.50436 4.49097 4.51023 4.56895 4.62265 4.63445 4.63158 4.62558 4.60717 4.60227 4.60332 4.60301 4.59855 4.59317 4.60836 4.64312 4.65692 4.63729 4.60420 4.58194 4.59698 4.62841 4.65661 4.67063 4.67557 4.67741 4.69592 4.71621 4.71108
4.38259 4.45919 4.52757 4.49747 4.44091 4.40820 4.39665 4.38921 4.38867 4.39563 4.41863 4.42079 4.43043 4.43763 4.41388 4.41860 4.46760 4.51899 4.50517 4.47207 4.49154 4.48235 4.47088 4.48141 4.51548 4.55729 4.53852 4.52902 4.53715 4.49218 4.49088 4.49426 4.43766 4.44914 4.48784 4.52024 4.48573 4.46463 4.49110 4.54206 4.59549 4.61881 4.62060 4.61623 4.60057 4.60439 4.61629 4.61924 4.61293 4.60303 4.59353 4.59328 4.60358 4.60380 4.58298 4.56181 4.57117 4.59328 4.60585 4.62515 4.65050 4.67211 4.69494 4.70983 4.71521 4.71245
4.44509 4.51316 4.56341 4.52522 4.47665 4.45234 4.45250 4.46422 4.46945 4.45710 4.47668 4.49959 4.48774 4.48218 4.46667 4.45768 4.46549 4.51020 4.51321 4.47229 4.48906 4.48727 4.45741 4.45354 4.48755 4.52460 4.52733 4.52407 4.51034 4.48279 4.51654 4.53743 4.49131 4.49321 4.51268 4.48986 4.45829 4.48491 4.53526 4.56915 4.58916 4.60390 4.60265 4.58335 4.58531 4.60565 4.61713 4.61696 4.61759 4.61728 4.60554 4.59400 4.59067 4.58835 4.58366 4.58972 4.61699 4.62514 4.60958 4.60901 4.62653 4.65408 4.68666 4.68442 4.66817 4.68104
4.50388 4.56043 4.58265 4.54175 4.49859 4.47304 4.46828 4.47861 4.48509 4.47519 4.48262 4.51510 4.51040 4.50506 4.47890 4.47032 4.46801 4.49989 4.51516 4.45360 4.43232 4.44352 4.43666 4.44028 4.46562 4.49409 4.51185 4.53112 4.52556 4.50828 4.53852 4.55985 4.53869 4.51422 4.49656 4.47292 4.47566 4.50660 4.52772 4.54016 4.55004 4.55962 4.56048 4.56079 4.58276 4.59996 4.59505 4.59457 4.60800 4.61500 4.60681 4.59850 4.59887 4.60585 4.61458 4.62763 4.64901 4.65626 4.63031 4.61172 4.61139 4.62959 4.65944 4.64369 4.62766 4.63693
4.55216 4.59665 4.59297 4.55359 4.51309 4.48373 4.46785 4.46591 4.47310 4.46841 4.45273 4.46497 4.48019 4.47158 4.43209 4.42587 4.43642 4.45914 4.47007 4.39753 4.34583 4.37464 4.41455 4.43898 4.45523 4.47141 4.49360 4.52486 4.53018 4.51568 4.54991 4.53915 4.51885 4.51931 4.51029 4.49548 4.47678 4.45375 4.45606 4.48646 4.51052 4.51647 4.50898 4.50633 4.52403 4.52993 4.52323 4.52330 4.54992 4.57346 4.58615 4.59319 4.60350 4.62200 4.64040 4.64722 4.65516 4.66621 4.64763 4.62146 4.60533 4.60612 4.62397 4.61374 4.62117 4.60456
4.57210 4.59900 4.59561 4.56684 4.52994 4.49779 4.47250 4.45435 4.45210 4.46075 4.46005 4.45914 4.47403 4.47570 4.43582 4.40384 4.41019 4.40736 4.38678 4.31371 4.28774 4.35586 4.42438 4.45476 4.45563 4.45668 4.47819 4.50949 4.51171 4.50946 4.54721 4.51537 4.51667 4.54217 4.53878 4.51496 4.47993 4.44636 4.43576 4.46317 4.49865 4.50875 4.49794 4.48256 4.48001 4.48568 4.47706 4.45983 4.48719 4.53590 4.56678 4.58111 4.59168 4.61196 4.63889 4.64850 4.64644 4.65125 4.64836 4.62916 4.60915 4.59792 4.60333 4.60802 4.61543 4.58724
4.56550 4.59032 4.59475 4.57962 4.55040 4.51750 4.48617 4.45643 4.44137 4.45238 4.47338 4.49088 4.50465 4.48429 4.43842 4.43918 4.43204 4.37964 4.33908 4.30409 4.31830 4.39442 4.46190 4.48689 4.47153 4.45946 4.47815 4.50442 4.49668 4.51447 4.54043 4.50705 4.51806 4.54812 4.55336 4.53586 4.51940 4.51218 4.49521 4.48888 4.51983 4.53518 4.52809 4.51918 4.51745 4.52512 4.52324 4.49919 4.49389 4.53243 4.56467 4.57201 4.56792 4.57450 4.60020 4.62896 4.63014 4.62794 4.63252 4.62795 4.61507 4.60829 4.61333 4.60771 4.60065 4.57301
