mrvbf_slope1.5_pctl0.9.asc
NCOLS 410
NROWS 410
XLLCORNER 2398750.0000000000000000
YLLCORNER 2548750.0000000000000000
CELLSIZE 250.0000000000000000
NODATA_VALUE -99999.00000
[rows 116 to 144 of 410, columns 132 to 197 of 410]
7.82361 7.82291 7.82283 7.82275 7.82192 7.82050 7.82087 7.82264 7.82288 7.82208 7.82093 7.81977 7.81945 7.82086 7.82219 7.82193 7.82103 7.82028 7.82057 7.82073 7.82105 7.82147 7.82119 7.82027 7.81843 7.81482 7.81273 7.81444 7.81732 7.81810 7.81824 7.81781 7.81638 7.81534 7.81273 7.81201 7.81029 7.80653 7.80211 7.80791 7.81404 7.81630 7.81683 7.81628 7.81582 7.81572 7.81545 7.81523 7.81446 7.81470 7.81465 7.81498 7.81430 7.81484 7.81454 7.81453 7.81390 7.81403 7.81177 7.80157 7.78659 7.75209 7.73757 7.75345 7.79183 7.78552
7.82278 7.82248 7.82246 7.82212 7.82120 7.82045 7.82091 7.82195 7.82240 7.82207 7.82115 7.81938 7.81789 7.81877 7.82114 7.82210 7.82183 7.82089 7.82023 7.82034 7.82062 7.82040 7.81978 7.81881 7.81703 7.81464 7.81348 7.81467 7.81708 7.81633 7.81728 7.81774 7.81657 7.81428 7.81495 7.81004 7.80219 7.79560 7.79579 7.79981 7.80760 7.81053 7.81187 7.81407 7.81535 7.81554 7.81524 7.81486 7.81399 7.81402 7.81420 7.81386 7.81226 7.81317 7.81402 7.81432 7.81372 7.81238 7.80683 7.80465 7.78759 7.76805 7.76713 7.78848 7.75903 7.74304
7.82178 7.82194 7.82212 7.82185 7.82104 7.82032 7.82036 7.82100 7.82161 7.82161 7.82106 7.81931 7.81699 7.81666 7.81931 7.82123 7.82151 7.82097 7.82023 7.81952 7.81853 7.81727 7.81648 7.81622 7.81618 7.81576 7.81537 7.81575 7.81632 7.81709 7.81826 7.81772 7.81699 7.81472 7.81175 7.80333 7.80055 7.78823 7.80357 7.79690 7.79738 7.80415 7.80599 7.80869 7.81349 7.81470 7.81473 7.81445 7.81381 7.81359 7.81378 7.81333 7.81259 7.81165 7.81333 7.81365 7.81266 7.81125 7.80786 7.80519 7.78411 7.76143 7.78475 7.77644 7.73769 7.72614
7.82140 7.82178 7.82184 7.82154 7.82078 7.81974 7.81951 7.82018 7.82079 7.82069 7.81906 7.81814 7.81639 7.81526 7.81759 7.81993 7.82036 7.81978 7.81884 7.81673 7.81397 7.81257 7.81306 7.81458 7.81609 7.81651 7.81688 7.81775 7.81786 7.81887 7.81848 7.81723 7.81706 7.81416 7.80535 7.79917 7.79574 7.79848 7.80330 7.79931 7.79310 7.79906 7.80197 7.80331 7.81007 7.81315 7.81411 7.81432 7.81382 7.81325 7.81294 7.81323 7.81291 7.81157 7.81190 7.81241 7.81110 7.80861 7.80197 7.79286 7.77686 7.75699 7.72459 7.71930 7.73080 7.74736
7.82127 7.82136 7.82124 7.82103 7.82048 7.81939 7.81895 7.81973 7.82039 7.82043 7.81769 7.81708 7.81546 7.81421 7.81655 7.81857 7.81814 7.81628 7.81493 7.81140 7.80881 7.80947 7.81164 7.81374 7.81524 7.81580 7.81665 7.81784 7.81852 7.81889 7.81825 7.81718 7.81633 7.81224 7.80232 7.80406 7.79810 7.80006 7.80126 7.79616 7.78494 7.77781 7.78528 7.79675 7.80671 7.81121 7.81337 7.81396 7.81340 7.81268 7.81174 7.81261 7.81263 7.81116 7.81146 7.81202 7.81155 7.80988 7.80619 7.79830 7.78122 7.71772 7.68081 7.69488 7.72830 7.79140
7.82011 7.82050 7.82052 7.82038 7.81993 7.81886 7.81821 7.81903 7.81974 7.81995 7.81840 7.81712 7.81647 7.81481 7.81556 7.81572 7.81367 7.81253 7.81102 7.80816 7.80837 7.81160 7.81323 7.81460 7.81554 7.81609 7.81710 7.81755 7.81790 7.81839 7.81796 7.81717 7.81571 7.81364 7.81019 7.80297 7.80574 7.80239 7.79676 7.78590 7.77588 7.75681 7.75768 7.78102 7.80209 7.80904 7.81209 7.81320 7.81277 7.81170 7.81172 7.81211 7.81226 7.81068 7.81107 7.81169 7.81120 7.81123 7.80948 7.80731 7.80156 7.76412 7.71658 7.71980 7.76611 7.80053
7.81895 7.81933 7.81954 7.81939 7.81904 7.81810 7.81732 7.81810 7.81865 7.81850 7.81783 7.81818 7.81784 7.81543 7.81300 7.81079 7.81135 7.81380 7.81293 7.81128 7.81311 7.81590 7.81553 7.81630 7.81725 7.81755 7.81773 7.81725 7.81736 7.81762 7.81715 7.81662 7.81529 7.81361 7.81153 7.80534 7.80184 7.80160 7.79333 7.77636 7.74709 7.73453 7.73824 7.75324 7.78326 7.80358 7.80988 7.81208 7.81204 7.81130 7.81150 7.81154 7.81181 7.81068 7.81101 7.81108 7.81062 7.81035 7.80954 7.80847 7.80725 7.79983 7.77203 7.77282 7.79112 7.79840
7.81815 7.81791 7.81810 7.81790 7.81762 7.81746 7.81723 7.81718 7.81736 7.81678 7.81632 7.81724 7.81724 7.81562 7.81348 7.81299 7.81481 7.81626 7.81506 7.81364 7.81522 7.81586 7.81540 7.81647 7.81717 7.81750 7.81715 7.81696 7.81696 7.81671 7.81636 7.81622 7.81495 7.81159 7.80863 7.80245 7.79624 7.78249 7.77365 7.75715 7.70913 7.73563 7.75066 7.74731 7.76134 7.79214 7.80623 7.81060 7.81089 7.81081 7.81077 7.81084 7.81093 7.81050 7.81085 7.81054 7.81036 7.80951 7.80946 7.80854 7.80763 7.80679 7.80274 7.79866 7.79989 7.79544
7.81729 7.81636 7.81643 7.81654 7.81661 7.81715 7.81746 7.81662 7.81583 7.81564 7.81643 7.81760 7.81773 7.81720 7.81676 7.81628 7.81591 7.81589 7.81537 7.81297 7.81423 7.81556 7.81567 7.81668 7.81665 7.81653 7.81647 7.81661 7.81639 7.81621 7.81595 7.81540 7.81334 7.80961 7.80644 7.80000 7.78829 7.77461 7.77736 7.76228 7.72883 7.76537 7.75940 7.75844 7.75794 7.77826 7.80037 7.80636 7.80921 7.80998 7.80986 7.81017 7.80998 7.81005 7.81043 7.81037 7.81021 7.80937 7.80900 7.80888 7.80765 7.80709 7.80677 7.80552 7.80465 7.79967
7.81631 7.81503 7.81513 7.81586 7.81666 7.81685 7.81713 7.81650 7.81513 7.81480 7.81553 7.81633 7.81694 7.81706 7.81616 7.81521 7.81548 7.81621 7.81621 7.81401 7.81424 7.81598 7.81616 7.81669 7.81671 7.81632 7.81639 7.81624 7.81572 7.81550 7.81510 7.81427 7.81092 7.80798 7.80759 7.80348 7.79677 7.78989 7.78582 7.77857 7.75130 7.73070 7.74675 7.76127 7.76470 7.78364 7.80187 7.80231 7.80652 7.80806 7.80836 7.80940 7.80944 7.80995 7.80987 7.80979 7.80960 7.80892 7.80839 7.80825 7.80805 7.80735 7.80686 7.80654 7.80652 7.80650
7.81534 7.81432 7.81457 7.81527 7.81595 7.81632 7.81658 7.81611 7.81536 7.81511 7.81509 7.81470 7.81450 7.81430 7.81418 7.81509 7.81617 7.81641 7.81564 7.81345 7.81309 7.81455 7.81453 7.81548 7.81614 7.81600 7.81574 7.81550 7.81488 7.81430 7.81337 7.81204 7.80918 7.80838 7.80993 7.80950 7.80642 7.79473 7.77407 7.77947 7.76663 7.75657 7.77437 7.78195 7.78632 7.79684 7.80385 7.80113 7.80257 7.80605 7.80733 7.80786 7.80899 7.80947 7.80933 7.80913 7.80862 7.80802 7.80774 7.80749 7.80728 7.80761 7.80672 7.80660 7.80699 7.80721
7.81471 7.81393 7.81405 7.81411 7.81477 7.81549 7.81551 7.81524 7.81556 7.81593 7.81581 7.81534 7.81488 7.81450 7.81460 7.81580 7.81613 7.81586 7.81465 7.81176 7.81089 7.81314 7.81288 7.81387 7.81544 7.81528 7.81517 7.81480 7.81373 7.81248 7.81135 7.81081 7.81121 7.81071 7.80950 7.81030 7.80345 7.78722 7.78997 7.78291 7.78208 7.79188 7.79893 7.80115 7.80230 7.80168 7.80106 7.80100 7.80171 7.80495 7.80666 7.80668 7.80845 7.80826 7.80808 7.80797 7.80738 7.80750 7.80721 7.80656 7.80516 7.80593 7.80632 7.80670 7.80725 7.80644
7.81445 7.81494 7.81463 7.81390 7.81378 7.81386 7.81392 7.81473 7.81552 7.81592 7.81594 7.81557 7.81543 7.81500 7.81425 7.81507 7.81531 7.81492 7.81330 7.80996 7.80952 7.81244 7.81134 7.81270 7.81471 7.81464 7.81400 7.81356 7.81181 7.81038 7.81086 7.81158 7.81185 7.81189 7.81029 7.80972 7.79906 7.79168 7.79533 7.79207 7.79666 7.80429 7.80714 7.80659 7.80430 7.80028 7.79591 7.79748 7.80160 7.80548 7.80629 7.80527 7.80608 7.80517 7.80482 7.80530 7.80628 7.80620 7.80675 7.80619 7.80627 7.80539 7.80641 7.80653 7.80687 7.80602
7.81476 7.81488 7.81492 7.81458 7.81397 7.81329 7.81226 7.81325 7.81477 7.81520 7.81503 7.81439 7.81434 7.81345 7.81399 7.81340 7.81405 7.81363 7.81144 7.80843 7.80852 7.81065 7.81081 7.81258 7.81359 7.81359 7.81331 7.81300 7.81109 7.80895 7.80961 7.81099 7.81167 7.81102 7.80575 7.80122 7.79111 7.79531 7.79879 7.79970 7.80222 7.80404 7.79757 7.79325 7.79455 7.79551 7.78967 7.79237 7.79958 7.80435 7.80436 7.80288 7.80356 7.80483 7.80296 7.80032 7.80324 7.80515 7.80614 7.80592 7.80521 7.80616 7.80679 7.80655 7.80658 7.80597
7.81420 7.81428 7.81439 7.81435 7.81404 7.81360 7.81229 7.81158 7.81329 7.81289 7.81239 7.81358 7.81242 7.81208 7.81331 7.81192 7.81167 7.81111 7.80921 7.80561 7.80371 7.80773 7.81004 7.81206 7.81248 7.81267 7.81206 7.81201 7.81128 7.80945 7.80897 7.80994 7.81070 7.80824 7.80189 7.79393 7.79494 7.79015 7.79300 7.80026 7.79756 7.78407 7.77414 7.78298 7.77421 7.77354 7.77439 7.78875 7.79798 7.80043 7.80142 7.80429 7.80255 7.80349 7.79932 7.79890 7.79903 7.80355 7.80506 7.80509 7.80577 7.80633 7.80643 7.80608 7.80618 7.80600
7.81322 7.81324 7.81326 7.81331 7.81320 7.81300 7.81266 7.81126 7.81174 7.81152 7.81136 7.81129 7.81049 7.81001 7.81145 7.81137 7.81126 7.81070 7.80939 7.80647 7.80229 7.80206 7.80735 7.81021 7.81069 7.81059 7.81068 7.81142 7.81118 7.81024 7.80979 7.81008 7.81023 7.80804 7.80305 7.79437 7.79058 7.78843 7.79313 7.79986 7.78229 7.76285 7.76538 7.75666 7.72296 7.71010 7.74494 7.77950 7.79483 7.79443 7.79957 7.80327 7.80487 7.80323 7.79997 7.79978 7.79857 7.80253 7.80405 7.80376 7.80511 7.80539 7.80520 7.80521 7.80543 7.80542
7.81198 7.81182 7.81154 7.81142 7.81111 7.81089 7.81145 7.81158 7.81106 7.81115 7.81181 7.81200 7.80958 7.81075 7.81277 7.81299 7.81281 7.81239 7.81172 7.81077 7.80895 7.80386 7.80449 7.80843 7.80966 7.80995 7.81055 7.81051 7.80995 7.80997 7.81011 7.81057 7.81088 7.80962 7.80525 7.79887 7.79450 7.79105 7.80160 7.80188 7.77981 7.76366 7.75398 7.71916 7.73592 7.74087 7.72478 7.75444 7.78731 7.79614 7.79747 7.80351 7.80519 7.80278 7.79859 7.80076 7.79788 7.80193 7.80280 7.80213 7.80345 7.80357 7.80328 7.80341 7.80339 7.80371
7.81043 7.80990 7.80904 7.80773 7.80587 7.80591 7.80823 7.81010 7.81113 7.81242 7.81159 7.80949 7.80954 7.81227 7.81288 7.81291 7.81279 7.81250 7.81203 7.81138 7.81061 7.80897 7.80534 7.80633 7.80877 7.80924 7.81004 7.80871 7.80823 7.80920 7.80943 7.80971 7.80989 7.80902 7.80669 7.80201 7.79842 7.80142 7.80227 7.79632 7.77882 7.76042 7.75938 7.76306 7.74886 7.75198 7.73886 7.77149 7.79513 7.80011 7.80058 7.80454 7.80365 7.79989 7.79498 7.79556 7.79595 7.80208 7.80216 7.79902 7.79925 7.79909 7.79842 7.80013 7.80059 7.79977
7.80843 7.80703 7.80463 7.80094 7.79876 7.80167 7.80636 7.80990 7.81135 7.81100 7.80878 7.80899 7.81155 7.81235 7.81252 7.81258 7.81251 7.81231 7.81198 7.81148 7.81082 7.80989 7.80666 7.80389 7.80645 7.80783 7.80834 7.80665 7.80722 7.80771 7.80791 7.80754 7.80758 7.80715 7.80454 7.80309 7.80230 7.80272 7.80199 7.79213 7.77353 7.76958 7.78739 7.79175 7.78149 7.77970 7.77388 7.79057 7.79472 7.79505 7.79256 7.79775 7.80116 7.79549 7.79779 7.78886 7.79457 7.79757 7.79894 7.79745 7.79729 7.79568 7.79350 7.79434 7.79562 7.79570
7.80584 7.80330 7.80009 7.79815 7.80057 7.80334 7.80545 7.80897 7.80982 7.80763 7.80800 7.81074 7.81163 7.81192 7.81209 7.81215 7.81209 7.81194 7.81170 7.81132 7.81077 7.81002 7.80846 7.80363 7.80337 7.80608 7.80671 7.80514 7.80476 7.80347 7.80408 7.80340 7.80419 7.80609 7.80469 7.80162 7.79908 7.80174 7.80399 7.79790 7.78396 7.77999 7.78904 7.79220 7.78962 7.78884 7.79047 7.79914 7.79732 7.78798 7.78517 7.78861 7.79555 7.79540 7.79710 7.78933 7.79125 7.79677 7.79544 7.79590 7.79836 7.79601 7.79357 7.79211 7.79319 7.79373
7.80360 7.80150 7.80024 7.80232 7.80616 7.80508 7.80492 7.80754 7.80686 7.80614 7.80945 7.81064 7.81110 7.81140 7.81157 7.81162 7.81157 7.81145 7.81126 7.81097 7.81052 7.80986 7.80877 7.80519 7.80222 7.80452 7.80406 7.80047 7.79851 7.79807 7.80007 7.79993 7.80201 7.80323 7.80298 7.80105 7.80108 7.79937 7.79836 7.79616 7.78580 7.77405 7.77595 7.78520 7.79247 7.79333 7.79865 7.80320 7.79917 7.79053 7.78110 7.77851 7.79228 7.79800 7.80068 7.79880 7.79420 7.78320 7.78886 7.79447 7.79895 7.79688 7.79393 7.78530 7.78940 7.79359
7.80272 7.80230 7.80274 7.80459 7.80552 7.80324 7.80350 7.80652 7.80541 7.80594 7.80908 7.80998 7.81047 7.81079 7.81096 7.81101 7.81098 7.81089 7.81073 7.81050 7.81014 7.80958 7.80873 7.80698 7.80219 7.80178 7.80096 7.79420 7.79253 7.79845 7.80401 7.80354 7.80010 7.79615 7.79669 7.79723 7.79419 7.79406 7.79816 7.80050 7.79599 7.78435 7.77870 7.77161 7.77741 7.79633 7.80147 7.79950 7.78958 7.78395 7.78136 7.77322 7.78594 7.79718 7.79975 7.79566 7.79101 7.78424 7.77971 7.78906 7.79465 7.79402 7.79202 7.79082 7.78456 7.79002
7.80259 7.80347 7.80432 7.80486 7.80402 7.80187 7.80403 7.80416 7.80369 7.80518 7.80832 7.80925 7.80976 7.81008 7.81026 7.81035 7.81035 7.81029 7.81017 7.80998 7.80969 7.80923 7.80851 7.80712 7.80177 7.80012 7.79993 7.79059 7.78386 7.78345 7.79567 7.79762 7.79148 7.79126 7.79164 7.79767 7.79765 7.80016 7.80374 7.80350 7.79897 7.78403 7.78169 7.76773 7.76481 7.77674 7.78771 7.78645 7.78267 7.77196 7.77468 7.77945 7.79150 7.79803 7.79988 7.79768 7.79509 7.78138 7.77466 7.78004 7.78411 7.78668 7.78777 7.78932 7.78672 7.79246
7.80203 7.80361 7.80463 7.80457 7.80407 7.80380 7.80293 7.80208 7.80199 7.80468 7.80756 7.80844 7.80895 7.80929 7.80951 7.80964 7.80969 7.80967 7.80959 7.80944 7.80920 7.80882 7.80824 7.80718 7.80336 7.79932 7.79830 7.79386 7.78443 7.77640 7.78253 7.78804 7.78788 7.79317 7.78899 7.79546 7.80187 7.80451 7.80500 7.80319 7.79699 7.78498 7.77842 7.74814 7.75070 7.76698 7.78564 7.78079 7.77822 7.78824 7.79211 7.78720 7.79449 7.80124 7.80243 7.80077 7.79583 7.78658 7.77842 7.78164 7.77082 7.77370 7.78035 7.79073 7.79307 7.79669
7.80075 7.80227 7.80347 7.80377 7.80407 7.80421 7.80195 7.80040 7.80261 7.80551 7.80675 7.80749 7.80804 7.80843 7.80869 7.80887 7.80898 7.80902 7.80898 7.80888 7.80868 7.80837 7.80791 7.80722 7.80572 7.80237 7.80214 7.80024 7.79612 7.78685 7.78636 7.79198 7.79741 7.79298 7.78598 7.79368 7.80249 7.80487 7.80487 7.80200 7.79426 7.77927 7.75832 7.74711 7.77162 7.78242 7.78898 7.78116 7.78288 7.79061 7.79573 7.79758 7.79804 7.80031 7.80145 7.80029 7.79499 7.79022 7.79094 7.78395 7.77848 7.77992 7.78188 7.78995 7.79566 7.79651
7.79929 7.80000 7.80113 7.80239 7.80318 7.80326 7.80108 7.79951 7.80288 7.80456 7.80550 7.80635 7.80701 7.80748 7.80783 7.80807 7.80823 7.80832 7.80834 7.80828 7.80813 7.80788 7.80750 7.80693 7.80596 7.80344 7.80187 7.79983 7.79787 7.79252 7.79090 7.79564 7.79907 7.79333 7.78553 7.79486 7.80277 7.80479 7.80453 7.80119 7.79415 7.78174 7.76369 7.76615 7.77906 7.78512 7.77779 7.76137 7.78385 7.78813 7.79494 7.79910 7.79985 7.79902 7.79707 7.79377 7.79253 7.78890 7.79233 7.79145 7.78803 7.78052 7.78140 7.78998 7.79595 7.79554
7.79813 7.79792 7.79850 7.80042 7.80148 7.80158 7.80009 7.79648 7.79834 7.80255 7.80390 7.80497 7.80583 7.80645 7.80689 7.80721 7.80744 7.80759 7.80766 7.80764 7.80753 7.80733 7.80700 7.80649 7.80566 7.80400 7.79978 7.79747 7.79725 7.79583 7.79416 7.79621 7.79204 7.78857 7.78777 7.79785 7.80270 7.80445 7.80408 7.80126 7.79604 7.78868 7.77662 7.76736 7.77311 7.77068 7.74605 7.75993 7.78931 7.79287 7.79467 7.79758 7.79696 7.79120 7.78063 7.78173 7.79044 7.79202 7.78993 7.78578 7.79034 7.78845 7.78630 7.79206 7.79540 7.79461
7.79687 7.79651 7.79629 7.79765 7.79830 7.79786 7.79645 7.79054 7.78651 7.79802 7.80201 7.80338 7.80448 7.80531 7.80589 7.80630 7.80660 7.80680 7.80693 7.80695 7.80688 7.80673 7.80644 7.80593 7.80506 7.80341 7.79744 7.79260 7.79346 7.79760 7.79776 7.79620 7.79148 7.78722 7.79595 7.80052 7.80265 7.80349 7.80309 7.80093 7.79717 7.79425 7.79170 7.78505 7.77621 7.76308 7.75995 7.78500 7.79654 7.79778 7.79538 7.79471 7.78787 7.77143 7.73972 7.73802 7.76278 7.78276 7.78697 7.78635 7.79209 7.79450 7.78962 7.78997 7.79166 7.79150
7.79495 7.79530 7.79539 7.79565 7.79587 7.79592 7.79483 7.78909 7.77880 7.78477 7.79845 7.80167 7.80298 7.80401 7.80477 7.80531 7.80570 7.80597 7.80615 7.80621 7.80619 7.80608 7.80583 7.80531 7.80440 7.80244 7.79343 7.78648 7.79287 7.79734 7.80061 7.79864 7.79823 7.79315 7.79734 7.80119 7.80266 7.80286 7.80188 7.80008 7.79598 7.79495 7.79750 7.79714 7.79343 7.79139 7.78904 7.79623 7.79938 7.79965 7.79600 7.78987 7.77807 7.74649 7.72911 7.74141 7.74573 7.76404 7.77735 7.78108 7.78654 7.78970 7.78819 7.78670 7.78531 7.78486
