mrvbf_slope0.6_pctl1.1.asc
NCOLS 410
NROWS 410
XLLCORNER 2398750.0000000000000000
YLLCORNER 2548750.0000000000000000
CELLSIZE 250.0000000000000000
NODATA_VALUE -99999.00000
[rows 348 to 376 of 410, columns 132 to 197 of 410]
3.69365 3.63668 3.66001 3.75057 3.78180 3.77099 3.81894 3.90510 3.91437 3.96979 3.97390 3.81081 3.77302 3.81428 3.83215 3.79242 3.78706 3.84370 3.81562 3.74712 3.73404 3.70009 3.69967 3.70852 3.68392 3.64060 3.61673 3.58980 3.52073 3.46060 3.28670 2.68243 2.27794 2.26220 1.77705 1.32109 0.81938 0.55967 0.57054 0.78051 0.88687 0.60667 0.59956 1.50835 2.47729 2.78721 2.70400 2.79787 3.13939 3.32576 3.33821 3.31038 3.19816 3.12483 3.33023 3.15855 3.09135 2.78277 2.56043 2.81123 2.95545 2.99870 3.07994 3.20315 3.34635 3.46758
3.67809 3.64836 3.68770 3.76608 3.77414 3.79293 3.86019 3.89554 3.93154 4.00123 3.88482 3.80434 3.81997 3.85084 3.90608 3.83158 3.78737 3.80166 3.79939 3.76278 3.71451 3.70846 3.70877 3.70896 3.70118 3.67396 3.63846 3.58627 3.49965 3.47468 3.43853 3.16442 2.70760 2.41559 1.86220 1.19844 0.68704 0.54028 0.69222 1.08583 1.45155 1.18823 1.21182 2.04276 2.74118 3.00944 2.88768 2.94581 3.16408 3.31426 3.39178 3.35134 3.15694 3.00956 3.23061 3.10361 2.96389 2.94157 2.50732 2.25536 2.62677 2.93481 3.19101 3.15886 3.26942 3.40655
3.69395 3.67554 3.69309 3.73856 3.77093 3.82446 3.89579 3.93630 3.97432 3.94008 3.82940 3.79711 3.83154 3.87309 3.92546 3.85864 3.81310 3.81484 3.80211 3.76847 3.74627 3.75712 3.75725 3.74471 3.73071 3.70855 3.64450 3.55872 3.49157 3.45333 3.31010 2.87661 2.54882 2.14296 1.69884 0.73440 0.57034 0.51957 0.74230 1.37323 1.79198 1.85417 2.00166 2.52046 3.05761 3.11896 2.97075 3.04892 3.20978 3.27404 3.27613 3.22803 3.17775 3.23813 3.28647 3.23386 3.03818 2.79003 2.21014 1.85236 2.06962 2.47667 2.86112 3.12423 3.38491 3.44513
3.71760 3.70626 3.71517 3.74152 3.77767 3.83876 3.89122 3.87991 3.84812 3.81766 3.78497 3.78229 3.81280 3.82654 3.84728 3.83941 3.84225 3.85947 3.84118 3.82518 3.83215 3.83656 3.82003 3.78058 3.74000 3.72011 3.67933 3.57850 3.43180 3.27915 3.02816 2.73933 2.27551 1.86262 1.21966 0.55286 0.45631 0.45020 0.64244 1.39313 1.90040 2.25294 2.48924 2.86670 3.18704 3.02827 2.89751 3.03593 3.23554 3.29590 3.14660 3.07936 3.24749 3.29512 3.35462 3.31929 3.22422 2.91085 2.31789 2.21488 2.22154 1.97218 2.46782 3.09893 3.28490 3.42202
3.73094 3.71142 3.71811 3.74014 3.77211 3.80901 3.81698 3.79826 3.78406 3.77968 3.78311 3.80228 3.83443 3.84144 3.85134 3.87057 3.91381 3.91125 3.92421 3.92428 3.92315 3.90504 3.86555 3.81186 3.75328 3.70881 3.67935 3.61006 3.45953 3.23906 2.89938 2.51786 2.31832 1.88383 1.25464 0.61075 0.50717 0.44300 0.43689 0.72691 1.70295 2.05482 2.55902 2.98962 3.07490 2.78014 2.68659 2.77398 2.98253 3.21693 3.03526 2.94652 3.24240 3.26288 3.29005 3.34790 3.28049 3.05804 2.58094 2.30134 2.82520 2.87709 3.13962 3.24449 3.23113 3.35142
3.75681 3.72065 3.70526 3.71669 3.74501 3.76777 3.77229 3.77033 3.77862 3.79812 3.82677 3.85122 3.86051 3.87614 3.90264 3.92776 3.93934 3.97183 4.01504 3.99841 3.93965 3.91180 3.88278 3.83719 3.78371 3.72095 3.65605 3.58777 3.48840 3.29383 2.93693 2.51071 2.33821 1.95020 1.48480 0.77295 0.50800 0.39511 0.41572 0.50295 1.39291 1.82308 2.24099 2.59755 2.69102 2.55907 2.50077 2.56496 2.66561 2.88954 2.97931 2.85591 3.01168 3.21342 3.13441 3.11670 3.14718 3.15897 2.92586 2.55680 2.98435 3.26921 3.35554 3.39667 3.43374 3.45702
3.79190 3.75487 3.73239 3.72850 3.73940 3.75087 3.76206 3.77713 3.80141 3.83551 3.88185 3.91698 3.89825 3.89698 3.91765 3.94401 3.95603 3.97690 3.97542 3.92693 3.88689 3.88733 3.87921 3.84889 3.80637 3.74929 3.67128 3.59675 3.50158 3.33111 3.04110 2.62919 2.28695 1.71754 1.42221 1.10679 0.77205 0.63087 0.66277 0.96152 1.56482 1.76080 1.90655 2.12172 2.27400 2.23867 2.16016 2.35112 2.51327 2.67249 2.87107 2.81730 2.82543 2.98752 3.08809 3.14939 3.19677 3.16814 3.23407 3.03148 3.09253 3.21852 3.32971 3.42894 3.51546 3.58178
3.77771 3.78424 3.78303 3.77395 3.77016 3.77177 3.78568 3.80750 3.83180 3.84982 3.88596 3.96432 3.97997 3.96097 3.92682 3.90019 3.88714 3.89042 3.88466 3.85499 3.83973 3.84526 3.85713 3.84756 3.81448 3.77210 3.71031 3.63041 3.56040 3.44595 3.19199 2.69310 2.13220 1.37349 1.00150 1.06951 1.22361 1.06790 1.38150 1.55964 1.67260 1.70264 1.73098 1.77196 1.76756 1.69175 1.55682 1.73744 2.19237 2.50302 2.58399 2.62535 2.69638 2.86511 2.97881 2.98290 3.14479 3.24348 3.26156 3.36262 3.37814 3.42861 3.49564 3.55578 3.57965 3.62366
3.72957 3.75601 3.77757 3.79801 3.81182 3.81505 3.83012 3.84862 3.85306 3.84984 3.88210 3.95759 3.99856 3.94233 3.88173 3.85995 3.86229 3.85870 3.85390 3.83897 3.82508 3.82035 3.83693 3.84021 3.81364 3.78088 3.73325 3.66451 3.57952 3.43801 3.07152 2.64593 2.14112 1.34273 0.89531 0.78940 0.79684 1.16072 1.42052 1.53653 1.62839 1.62845 1.61481 1.59418 1.56905 1.45216 1.08333 1.14433 1.75327 2.00625 2.21709 2.38739 2.48611 2.58760 2.70410 2.81796 3.08801 3.20915 3.26336 3.36427 3.48794 3.57548 3.62233 3.63764 3.60428 3.60248
3.67277 3.70059 3.72261 3.76025 3.80029 3.81048 3.82292 3.82831 3.83544 3.85543 3.90158 3.92699 3.90871 3.87404 3.84615 3.84731 3.86436 3.85891 3.85346 3.84712 3.82059 3.81598 3.83004 3.83129 3.81010 3.77857 3.72639 3.64972 3.56336 3.39496 2.94497 2.62719 2.25380 1.53268 1.28955 1.15336 1.08648 0.93521 0.70322 0.80553 1.19799 1.28808 1.28497 1.43851 1.56963 1.37985 0.52055 0.48597 0.98513 1.55794 1.93471 2.18527 2.31525 2.40466 2.48748 2.57666 2.72402 2.82671 3.09019 3.34049 3.33336 3.43508 3.53212 3.56559 3.55033 3.57483
3.63592 3.66107 3.67502 3.70190 3.74277 3.77744 3.80143 3.81744 3.84084 3.87310 3.88171 3.85761 3.84324 3.83100 3.83111 3.85194 3.87132 3.86554 3.85204 3.83300 3.81533 3.82054 3.82878 3.82370 3.80429 3.77178 3.72022 3.64326 3.54477 3.37049 2.86128 2.55462 2.05016 1.48170 1.38687 1.41089 1.14390 0.53910 0.49320 0.52387 0.62778 0.62174 0.63997 0.84929 1.36430 1.30702 0.47823 0.48031 1.18289 1.96539 2.23196 2.32718 2.38801 2.37628 2.38759 2.44342 2.53227 2.63024 2.76766 3.19513 3.28975 3.30992 3.38705 3.45850 3.51615 3.56549
3.62853 3.64132 3.65257 3.65877 3.67883 3.71513 3.74453 3.78493 3.83302 3.85241 3.82945 3.80980 3.80822 3.81688 3.83900 3.86500 3.87438 3.86196 3.83892 3.81748 3.81686 3.82913 3.82960 3.81695 3.79624 3.75958 3.70927 3.63693 3.53124 3.31083 2.76562 2.48208 1.82954 1.39530 1.23693 1.13591 0.62728 0.43277 0.40956 0.36834 0.49915 0.51202 0.52812 0.52445 0.67028 1.25246 1.09892 1.16509 1.64380 2.25958 2.42438 2.46189 2.47262 2.44578 2.41263 2.42316 2.48605 2.58394 2.63376 2.76623 3.13787 3.27839 3.35561 3.40375 3.51119 3.52965
3.63448 3.63459 3.64821 3.65684 3.65354 3.66193 3.68368 3.72020 3.78021 3.80372 3.78290 3.78083 3.79958 3.82252 3.84687 3.85995 3.85629 3.84297 3.82135 3.81434 3.82628 3.83381 3.82709 3.80901 3.78294 3.74239 3.68902 3.60960 3.45161 2.96485 2.60468 2.26360 1.67719 1.46651 1.35178 1.21648 0.69128 0.47676 0.34123 0.39631 0.49931 0.37458 0.39889 0.42608 0.53982 1.10106 1.48934 1.58716 1.79906 2.20744 2.38352 2.43362 2.45342 2.46497 2.45736 2.46315 2.51687 2.59632 2.63624 2.60053 2.67965 2.81514 3.06621 3.35137 3.44841 3.39920
3.64251 3.64067 3.64857 3.66745 3.67400 3.66427 3.65592 3.65581 3.70592 3.74474 3.74597 3.77164 3.80298 3.82215 3.83265 3.83685 3.83690 3.82699 3.81390 3.82250 3.83539 3.83398 3.81875 3.79563 3.76480 3.72119 3.66118 3.54595 3.20473 2.70532 2.41630 1.73252 1.38412 1.38081 1.46763 1.48325 1.19580 0.70040 0.51311 0.73678 0.81865 0.46639 0.40531 0.70290 0.96531 1.28131 1.56827 1.66082 1.73273 1.83329 1.96308 2.18952 2.36023 2.43451 2.45824 2.46737 2.48941 2.55715 2.62201 2.62881 2.63241 2.63824 2.77991 3.08896 3.24027 3.25890
3.64157 3.65150 3.65393 3.66672 3.68002 3.67965 3.66865 3.65130 3.66532 3.70015 3.72846 3.76959 3.79747 3.80919 3.80904 3.81282 3.81991 3.81413 3.81697 3.83437 3.83919 3.82610 3.80142 3.77210 3.74022 3.69574 3.62179 3.44782 2.89892 2.60037 2.09014 1.15265 1.00379 1.18548 1.40557 1.44174 1.27424 1.07084 1.06757 1.43669 1.53450 1.20600 1.12959 1.43946 1.48126 1.49332 1.63222 1.69438 1.65771 1.54337 1.55871 1.85662 2.24066 2.39522 2.41199 2.41729 2.42845 2.47406 2.54506 2.60420 2.66324 2.71726 2.78006 2.95212 3.13101 3.30756
3.61073 3.64855 3.66853 3.67940 3.68946 3.69138 3.68558 3.68616 3.70318 3.71076 3.72344 3.75921 3.78341 3.78810 3.78258 3.78657 3.79855 3.81033 3.82846 3.83877 3.82991 3.80006 3.75852 3.71790 3.68845 3.65570 3.57021 3.29965 2.77135 2.54706 1.77801 0.95102 0.82447 1.10178 1.27156 0.83840 0.67438 0.96895 1.43049 1.52794 1.65035 1.62859 1.62375 1.65454 1.61458 1.52819 1.60625 1.73122 1.75079 1.56011 1.44355 1.68139 2.11702 2.32426 2.33030 2.33098 2.36323 2.41805 2.49772 2.58542 2.66758 2.71083 2.73228 2.84906 3.14572 3.25014
3.56441 3.61497 3.67509 3.71524 3.72724 3.72448 3.70293 3.68901 3.72269 3.73550 3.74411 3.75212 3.76089 3.76236 3.75580 3.76310 3.79191 3.82007 3.83407 3.82785 3.79985 3.74955 3.68042 3.62088 3.59163 3.57763 3.50427 3.13110 2.70270 2.49062 1.61970 1.00044 0.88075 1.09554 0.91729 0.52625 0.42465 0.80523 1.23093 1.03340 1.43708 1.70407 1.76543 1.71132 1.60251 1.35848 1.48842 1.71067 1.96534 2.13600 1.87652 1.74263 1.95916 2.14282 2.22377 2.28725 2.32113 2.38435 2.48003 2.57086 2.64866 2.70079 2.71353 2.75665 2.95905 3.08144
3.53305 3.55816 3.64167 3.71585 3.74417 3.74491 3.70208 3.68788 3.72851 3.75649 3.74548 3.75021 3.75303 3.74144 3.73283 3.75493 3.79725 3.82220 3.82014 3.79032 3.73823 3.66248 3.58875 3.52600 3.46128 3.42102 3.32813 2.90852 2.64509 2.33478 1.42760 1.00556 1.03189 1.14222 0.81523 0.69754 1.03977 1.25444 0.70159 0.54206 0.80773 1.52037 1.75274 1.71430 1.58099 0.94541 1.16658 1.60536 1.86688 2.22069 2.14199 1.85511 1.77067 1.90126 2.13853 2.33758 2.39692 2.42427 2.47887 2.53706 2.59532 2.65894 2.69497 2.73107 2.81737 2.95557
3.51744 3.51344 3.59660 3.66235 3.69030 3.70978 3.67725 3.67476 3.70536 3.73621 3.74539 3.75542 3.73533 3.71288 3.71251 3.74155 3.78058 3.79542 3.77617 3.71600 3.62972 3.54707 3.50388 3.46458 3.34341 3.17363 2.96438 2.74816 2.59788 2.12981 1.35373 0.95238 0.99897 1.02700 0.80419 1.00842 1.37467 0.97791 0.51248 0.41071 0.59042 1.08012 1.54183 1.52342 1.55484 1.34865 1.39289 1.62357 1.83474 2.13276 2.15881 1.87067 1.65681 1.73282 1.98708 2.26466 2.41423 2.47016 2.48254 2.49987 2.54223 2.60170 2.66012 2.70961 2.76997 2.82624
3.51452 3.51509 3.56400 3.60414 3.61898 3.62435 3.61903 3.64688 3.64335 3.65171 3.67758 3.71559 3.70490 3.67734 3.67397 3.68517 3.70710 3.72333 3.69914 3.61196 3.51037 3.45340 3.41959 3.37407 3.23039 2.97628 2.77064 2.66813 2.53998 1.92155 1.30567 0.87604 0.74086 0.70592 0.77219 1.18537 0.95547 0.55997 0.39628 0.32000 0.54191 0.76028 0.89476 0.97956 1.38581 1.59268 1.77000 1.99427 2.09541 2.22284 2.18490 1.87016 1.54894 1.51347 1.65610 1.92679 2.27886 2.39108 2.39420 2.41760 2.48120 2.55378 2.61794 2.68074 2.73120 2.71263
3.52377 3.55661 3.58581 3.59231 3.57491 3.53753 3.52546 3.53039 3.54652 3.55602 3.57098 3.60456 3.63319 3.63300 3.63248 3.63212 3.63017 3.62953 3.60514 3.52453 3.44551 3.43571 3.31429 3.13356 3.00013 2.81887 2.69430 2.60044 2.38395 1.63758 1.14941 0.82973 0.61465 0.55420 0.82941 1.42727 0.95961 0.58111 0.46150 0.43389 0.68560 0.73908 0.66801 0.63857 0.82509 1.54621 1.84174 2.17811 2.28822 2.31585 2.21845 1.96010 1.54767 1.11911 1.26232 1.54988 1.88459 2.03759 2.11792 2.25196 2.38951 2.50277 2.58550 2.64403 2.67071 2.61471
3.52601 3.58515 3.61659 3.60892 3.57784 3.50799 3.44176 3.44849 3.47672 3.48032 3.49572 3.52053 3.56212 3.58766 3.60413 3.61542 3.60229 3.56567 3.51995 3.45347 3.37617 3.35981 3.14806 2.91640 2.78971 2.72052 2.64595 2.54008 2.06430 1.33725 0.93605 0.66891 0.51745 0.44217 1.15861 1.26885 0.60294 0.42452 0.49806 0.67233 0.97083 0.77185 0.57650 0.53848 0.57038 1.13725 1.67631 2.10769 2.31345 2.36345 2.30677 2.15840 1.54855 0.59130 0.63167 1.21075 1.60150 1.60117 1.74942 2.03370 2.26633 2.44527 2.55340 2.60237 2.59692 2.52786
3.57109 3.59529 3.60555 3.61275 3.60085 3.55482 3.51207 3.49363 3.49415 3.46722 3.43883 3.45450 3.50432 3.55738 3.59094 3.60857 3.59893 3.54123 3.42524 3.28022 3.16527 3.12725 2.96627 2.84075 2.72040 2.67208 2.60550 2.45452 1.81314 1.32333 1.10338 0.86742 0.69656 0.75456 1.26000 0.85423 0.49906 0.31895 0.42731 0.77678 1.23214 1.21998 0.78618 0.53826 0.58995 1.29052 1.93281 2.34056 2.45228 2.46876 2.43560 2.27559 1.39420 0.70121 0.50572 1.12603 1.58971 1.45975 1.47542 1.83707 2.17164 2.40346 2.51425 2.54943 2.52980 2.48253
3.54612 3.56571 3.58513 3.61566 3.63400 3.61536 3.59910 3.59030 3.58931 3.54422 3.43791 3.34679 3.35880 3.46065 3.55241 3.60024 3.59216 3.50501 3.23573 2.86095 2.89225 2.89562 2.78899 2.71913 2.64855 2.58638 2.47666 2.20068 1.71314 1.49857 1.40084 1.44597 1.26264 1.20344 1.43125 1.16233 0.60839 0.36214 0.48849 0.96918 1.38155 1.34493 0.96651 0.70281 0.84673 1.52853 2.19743 2.46402 2.55622 2.55670 2.49965 2.34488 1.90998 1.19799 1.32698 1.61192 1.68066 1.66275 1.51601 1.68593 2.11100 2.35379 2.43564 2.47008 2.47133 2.45628
3.49252 3.50238 3.54301 3.59899 3.64733 3.63472 3.63284 3.63434 3.64552 3.59578 3.44890 3.17897 3.03537 3.25214 3.46242 3.52633 3.47770 3.21576 2.77135 2.63676 2.65676 2.68557 2.64292 2.57686 2.47777 2.33839 2.10125 1.75377 1.58665 1.55899 1.55196 1.52978 1.37354 1.32884 1.36728 0.95858 0.67793 0.76579 0.88813 0.87750 1.04006 1.24892 1.10159 1.04015 1.46863 1.81438 2.36132 2.48555 2.57820 2.58184 2.40672 1.85167 1.33029 1.13683 1.43436 1.97052 2.06039 2.01855 1.68772 1.76181 2.01046 2.16355 2.25173 2.33689 2.39216 2.42281
3.38096 3.40893 3.45778 3.51947 3.58857 3.59811 3.60069 3.58579 3.59007 3.53708 3.40975 3.03150 2.59275 2.85486 3.18451 3.15194 2.89477 2.68572 2.59943 2.60344 2.58161 2.57291 2.50469 2.33135 2.03809 1.73334 1.62163 1.55291 1.54477 1.59355 1.57313 1.41763 1.25467 1.28946 0.86680 0.59374 0.58793 0.78136 0.59390 0.46130 0.52153 0.94746 1.20066 1.39114 1.64922 2.02303 2.40157 2.43584 2.48438 2.45722 1.93762 0.85945 0.56316 0.55327 0.63065 1.31390 2.22111 2.28022 1.91212 1.74928 1.73286 1.84995 1.99630 2.15914 2.30248 2.39945
3.32260 3.39276 3.39575 3.42646 3.50653 3.56085 3.57456 3.54435 3.50373 3.47195 3.42668 3.17075 2.44677 2.57830 2.68467 2.58893 2.55741 2.58025 2.60363 2.64036 2.57706 2.48763 2.28968 1.82572 1.44680 1.33002 1.45152 1.50081 1.55456 1.57927 1.47820 1.27499 1.31681 1.48975 1.33101 0.92861 0.71392 0.59558 0.48138 0.40671 0.42821 0.73000 1.23117 1.55178 1.77963 2.17831 2.33080 2.19251 2.10767 2.05789 1.65923 0.57843 0.44603 0.42741 0.50133 0.83889 1.80483 2.29680 2.00260 1.60698 1.43962 1.62250 1.86174 2.00296 2.19070 2.36695
3.41346 3.49184 3.44869 3.42221 3.47718 3.54964 3.56494 3.53035 3.48527 3.50587 3.51220 3.32150 2.78954 2.62204 2.53445 2.44865 2.47706 2.53447 2.57634 2.57972 2.48500 2.29099 1.88783 1.43519 1.23007 1.25490 1.39157 1.38425 1.41149 1.36423 1.21726 1.16835 1.37640 1.27766 0.97053 0.80127 0.66768 0.36159 0.36268 0.59618 0.71276 1.25779 1.49934 1.70231 2.01189 2.24699 2.07328 1.74909 1.61205 1.64840 1.59084 0.75857 0.50563 0.55378 0.49286 0.80925 1.68016 1.94878 1.79565 1.42532 0.94996 1.35995 1.77879 1.94432 2.02748 2.22597
3.47988 3.50266 3.48043 3.47995 3.49486 3.51294 3.49765 3.48175 3.50529 3.52171 3.49698 3.36354 3.19591 2.97642 2.63826 2.51037 2.46097 2.45214 2.45599 2.38125 2.16736 1.81499 1.54590 1.29919 1.12903 1.18913 1.22151 1.07289 0.98864 1.10369 1.20604 1.17584 0.98259 0.70183 0.68838 0.53447 0.45918 0.28590 0.29182 0.51187 0.72707 1.52681 1.74671 1.92797 2.22442 2.16283 1.72822 1.40622 1.15652 1.23584 1.41577 1.27881 0.78188 0.97459 0.64356 0.89776 1.59575 1.63065 1.46259 1.27772 1.13194 1.17845 1.55221 1.82678 1.80338 1.83592
