mrvbf_slope1.1_pctl0.8.asc
NCOLS 410
NROWS 410
XLLCORNER 2398750.0000000000000000
YLLCORNER 2548750.0000000000000000
CELLSIZE 250.0000000000000000
NODATA_VALUE -99999.00000
[rows 377 to 405 of 410, columns 132 to 197 of 410]
6.32304 6.17862 6.18435 6.21485 6.08162 5.76841 5.52847 5.49521 5.39609 5.24771 5.13670 4.88453 4.68688 4.45481 4.07958 3.90928 3.77899 3.67339 3.60713 3.53897 3.43049 3.19477 2.83352 2.63847 2.54392 2.49331 2.40401 2.33061 2.33500 2.38088 2.42314 2.35431 1.96924 1.98497 2.41149 2.73810 2.89759 2.60147 2.59320 2.76427 2.81460 2.88126 3.12525 3.15491 3.00592 2.87032 2.73620 2.70427 2.68016 2.64081 2.61711 2.63943 2.72538 2.87351 2.70998 2.58655 2.61292 2.52133 2.51071 2.56682 2.61207 2.57232 2.58060 2.65735 2.71870 2.73886
6.06563 5.80184 5.81762 5.85541 5.64535 5.34939 5.17396 5.12948 5.02401 4.98428 4.94400 4.74800 4.57305 4.44474 4.07427 3.81995 3.73037 3.64554 3.56017 3.46724 3.31671 3.02371 2.70871 2.52134 2.39412 2.33333 2.25404 2.22493 2.27974 2.21451 2.07454 2.12917 1.96596 2.20281 2.49010 2.92064 3.29216 3.28320 3.18588 3.06433 2.95014 3.02127 3.19743 3.00992 2.78554 2.71382 2.72708 2.76796 2.79774 2.77695 2.71079 2.66944 2.71092 2.74767 2.66886 2.59327 2.55467 2.46055 2.48097 2.56182 2.55461 2.46680 2.42814 2.47372 2.55737 2.62303
5.92483 5.58460 5.45031 5.42916 5.28677 5.08629 4.94098 4.80251 4.62015 4.56465 4.57829 4.47204 4.29861 4.25723 4.04970 3.75365 3.65954 3.61056 3.52714 3.40315 3.22491 2.93313 2.61429 2.41573 2.29809 2.29610 2.23659 2.06811 1.94876 1.72355 1.70718 1.83266 1.94090 2.16926 2.53492 2.69643 3.20217 3.33608 3.25246 3.08229 2.88445 2.99248 3.15621 2.93248 2.77665 2.73257 2.81688 2.89632 2.90765 2.80705 2.63034 2.52030 2.60580 2.61659 2.61807 2.62334 2.54051 2.52916 2.60351 2.60791 2.59874 2.48223 2.40848 2.34921 2.42899 2.47841
5.90231 5.59492 5.45138 5.41561 5.29624 5.11133 4.94806 4.73460 4.49152 4.36463 4.35654 4.33420 4.17694 4.07434 3.98896 3.72303 3.61482 3.55152 3.46994 3.35084 3.17097 2.84243 2.54009 2.35230 2.32120 2.32294 2.06636 1.77522 1.65459 1.49548 1.58980 1.73791 2.13180 2.45054 2.58895 2.74229 3.08999 3.24551 3.19314 3.04964 2.87719 2.96680 2.98611 2.82612 2.76188 2.74871 2.80740 2.87527 2.82487 2.65474 2.46726 2.37874 2.45942 2.56484 2.55439 2.56855 2.53833 2.47791 2.49871 2.56361 2.54144 2.47113 2.16090 2.12828 2.38426 2.45072
6.05944 5.82411 5.72068 5.72701 5.59023 5.34097 5.15273 4.88924 4.56198 4.33596 4.24471 4.21498 4.09056 4.00174 3.92282 3.70433 3.59003 3.48416 3.34025 3.22773 3.09061 2.72375 2.45939 2.31277 2.27508 1.95228 1.59147 1.56256 1.43042 1.08513 1.32356 1.66276 2.12425 2.53766 2.66550 2.77698 3.00683 3.05206 2.98028 2.85245 2.83078 2.97915 2.87788 2.78313 2.70671 2.72072 2.63337 2.68116 2.67665 2.52586 2.37916 2.44020 2.22539 2.23729 2.17891 2.20846 2.18515 2.02962 2.04099 2.12615 2.25627 2.07016 1.87329 1.94075 2.30834 2.49662
6.22747 6.04154 5.96626 6.02403 5.86351 5.51821 5.37198 5.13959 4.69012 4.35471 4.15188 4.04324 3.95733 3.91280 3.82864 3.65481 3.53663 3.38304 3.14866 3.02008 2.84702 2.54938 2.34570 2.19684 1.88943 1.57205 1.57873 1.62865 1.36772 1.34592 1.97097 1.94452 2.02614 2.40269 2.57186 2.60199 2.65106 2.61818 2.56874 2.55856 2.65738 2.84063 2.82055 2.72580 2.61499 2.57227 2.40465 2.41833 2.45812 2.25264 2.13680 2.28233 1.96221 1.91842 1.74920 1.57182 1.59604 1.81074 2.06515 1.73602 1.75458 1.93059 2.26706 1.97296 2.24232 2.36168
6.06400 6.02023 6.02479 6.11588 5.98260 5.58075 5.32147 5.03495 4.56208 4.29243 4.09994 3.93132 3.82243 3.75835 3.69621 3.57029 3.41619 3.20323 2.95235 2.73143 2.53972 2.35794 2.26719 2.17534 1.85773 1.70876 1.84830 1.71127 1.49361 1.83207 2.24821 1.97578 2.03921 2.15875 2.24791 2.28377 2.32723 2.28055 2.30864 2.32418 2.44428 2.67996 2.73145 2.60639 2.41947 2.36838 2.32708 2.28850 2.24613 2.05353 1.81864 1.85654 1.67208 1.72785 1.66765 1.34001 1.35737 1.61545 1.77907 1.61391 1.67791 2.00041 2.21080 1.87688 2.00328 2.02819
5.89264 5.89993 5.92914 6.03011 5.93490 5.58585 5.21865 4.82166 4.40121 4.22906 4.01122 3.79031 3.66271 3.58601 3.54456 3.44596 3.23951 2.99284 2.70825 2.51005 2.34475 2.23615 2.18115 2.07922 1.87400 1.81032 1.89871 1.77392 1.61310 1.78290 2.13636 2.19460 2.17135 2.02195 2.17037 2.27316 2.28793 2.35878 2.49746 2.48215 2.37054 2.59135 2.68566 2.53690 2.48495 2.57760 2.62891 2.53074 2.46545 2.18739 1.70366 1.71060 1.65084 1.57282 1.54844 1.44635 1.51572 1.54507 1.60343 1.58234 1.68236 1.83135 1.92443 1.82916 1.84604 2.02092
5.13459 5.23276 5.36256 5.63076 5.63407 5.27503 4.78075 4.44694 4.11374 3.94705 3.81237 3.67992 3.58825 3.49904 3.38890 3.28550 3.07900 2.84690 2.58774 2.37505 2.20476 2.07111 1.78935 1.70348 1.73731 1.75375 1.64306 1.48654 1.45372 1.79660 1.94899 2.06214 2.10474 1.95256 2.18458 2.44340 2.46977 2.41267 2.47070 2.56772 2.48915 2.56771 2.71870 2.59348 2.58286 2.67889 2.69732 2.61941 2.53941 2.07500 1.72367 1.98874 1.97174 1.63575 1.51583 1.65267 1.72580 1.63153 1.84314 1.96699 1.94149 1.91808 1.86776 1.88478 1.99057 2.28790
4.67895 4.67555 4.67034 4.82775 4.96011 4.80267 4.41221 4.30482 4.07709 3.88405 3.76862 3.67744 3.60931 3.54024 3.41063 3.24105 3.03504 2.69077 2.44012 2.24000 2.07396 1.66523 1.51719 1.67669 1.78785 1.66673 1.52125 1.39830 1.29504 1.46090 1.57753 1.86409 1.78726 1.62029 1.75116 2.14643 2.27319 2.18454 2.11734 2.43655 2.52407 2.58707 2.72612 2.62227 2.62083 2.64981 2.64844 2.52518 2.28799 1.82092 1.78894 1.90389 1.78656 1.59123 1.42957 1.42613 1.50391 1.88630 2.29504 2.46964 2.45697 2.42108 2.31202 2.18038 2.36181 2.55933
4.60303 4.47917 4.39225 4.32659 4.36889 4.43991 4.33054 4.28505 4.20060 3.99218 3.83470 3.72864 3.64601 3.56946 3.46388 3.26699 2.91085 2.54105 2.36655 2.30579 1.94630 1.53582 1.87165 2.03597 1.74308 1.53626 1.48723 1.25595 1.19162 1.52388 1.61168 1.85339 1.64985 1.62956 1.51730 1.60542 1.83276 2.08107 2.23715 2.22861 2.50214 2.59939 2.73003 2.66926 2.67019 2.67706 2.59165 2.38963 1.86928 1.76705 1.63110 1.58117 1.47911 1.30207 1.30640 1.56557 1.32854 1.62547 2.30361 2.57096 2.62414 2.55318 2.37477 2.28517 2.48178 2.73680
4.61656 4.50700 4.44910 4.32547 4.23129 4.25793 4.42631 4.27477 4.23693 4.10720 3.90068 3.72491 3.61928 3.52740 3.41091 3.19420 2.81102 2.53445 2.50596 2.48979 2.09099 1.86829 2.17444 2.01067 1.63480 1.55863 1.47245 1.26591 1.75059 2.13632 2.09336 1.95762 2.06727 1.96202 1.37483 1.20695 1.78271 2.23579 2.38628 2.22477 2.52990 2.62468 2.71753 2.69241 2.64736 2.60793 2.43299 2.18003 2.16462 1.84345 1.43297 1.54582 1.53003 1.09655 1.27250 2.13918 1.77524 1.50358 2.18194 2.55582 2.59017 2.37734 2.16258 2.34360 2.59008 2.77257
4.52407 4.57643 4.64612 4.64398 4.46137 4.26917 4.39365 4.22975 4.21410 4.12890 3.86153 3.67367 3.57618 3.48814 3.37298 3.19881 2.91846 2.69332 2.69023 2.58701 2.28401 2.17519 2.29828 1.98191 1.63357 1.68997 1.38678 1.19934 2.00348 2.34815 2.25587 2.10595 2.21146 1.37310 0.95630 1.38623 2.16806 2.32927 2.27535 2.17502 2.51358 2.63788 2.70622 2.71893 2.58815 2.46079 2.36336 2.45299 2.39749 1.74210 1.56897 2.05127 1.98874 1.47433 1.52179 1.91934 2.19146 1.64518 1.93640 2.47287 2.50009 2.23435 2.26925 2.52884 2.75958 2.85754
4.35181 4.45094 4.61057 4.79922 4.74139 4.43872 4.33030 4.26029 4.27086 4.06220 3.76839 3.63698 3.56443 3.49673 3.42242 3.36603 3.25298 3.03864 2.78454 2.60005 2.41771 2.34882 2.36539 2.09163 1.56759 1.43152 1.34984 1.28022 1.54619 1.73091 2.02970 2.26552 2.10436 1.02864 1.21129 1.48096 2.25496 2.48713 2.35918 2.27748 2.52122 2.63246 2.69328 2.75071 2.64519 2.44867 2.41665 2.50164 2.40092 1.78080 1.84436 2.43231 2.46980 2.16415 1.69425 1.86539 1.80969 1.48513 2.12046 2.54245 2.50908 2.31368 2.36725 2.57246 2.71537 2.73160
4.15172 4.22293 4.41780 4.66452 4.71489 4.55070 4.39233 4.39733 4.28570 3.95014 3.71658 3.62337 3.56377 3.51326 3.48107 3.46339 3.37813 3.15466 2.91818 2.72822 2.55618 2.41125 2.36220 2.28830 1.86574 1.55513 1.65871 1.86284 1.64177 1.37396 1.43958 1.66623 1.70137 1.47871 1.72305 1.87656 2.29178 2.43414 2.43951 2.36970 2.44718 2.58942 2.67704 2.74375 2.73236 2.61528 2.47506 2.47758 2.31562 1.74925 1.83780 2.47522 2.63969 2.50340 1.94406 1.71601 1.62613 1.90840 2.44879 2.57475 2.55292 2.47664 2.45161 2.54455 2.65393 2.77986
4.00643 4.01611 4.18211 4.38958 4.50123 4.43931 4.35326 4.38589 4.18756 3.87053 3.69201 3.60472 3.54740 3.51847 3.51030 3.49329 3.42803 3.27517 3.06302 2.86204 2.67377 2.52704 2.40187 2.38366 2.31368 1.81077 1.62636 2.09339 2.09507 1.65530 1.56612 1.67928 1.71558 1.73876 1.59914 1.79035 2.00183 2.52504 2.58148 2.51560 2.49441 2.55409 2.66179 2.73367 2.74380 2.69360 2.54200 2.36995 2.25401 1.75879 1.75350 2.19703 2.43160 2.42616 2.09829 2.01985 2.09030 2.35160 2.46100 2.49972 2.52514 2.54137 2.54307 2.60566 2.66053 2.76308
3.97470 3.89611 3.94706 4.01153 4.06663 4.06261 4.06659 4.12167 4.00797 3.76638 3.65167 3.58493 3.52926 3.51014 3.51789 3.51211 3.47110 3.35501 3.15052 2.98638 2.80214 2.64527 2.52612 2.44400 2.43339 2.25337 1.88882 1.96799 2.20181 1.99842 1.90173 1.92732 1.79467 1.85481 1.76440 1.87869 2.09290 2.57409 2.64911 2.59476 2.53519 2.55972 2.65295 2.67518 2.64482 2.62003 2.54164 2.45607 2.40552 1.77625 1.04350 1.18069 1.89592 2.13630 2.21375 1.96917 2.07081 2.41784 2.54757 2.59919 2.58796 2.51261 2.53833 2.61453 2.69328 2.79955
3.99920 3.85474 3.78540 3.73026 3.69656 3.70971 3.77835 3.80477 3.74214 3.64309 3.60452 3.56980 3.52410 3.50894 3.52573 3.52972 3.48816 3.39301 3.17429 2.98172 2.79819 2.64518 2.58607 2.59424 2.57783 2.49987 2.36537 2.39119 2.45165 2.32120 2.05772 1.82847 1.77932 1.88680 2.08275 2.28527 2.05610 2.39826 2.58291 2.58152 2.51854 2.54397 2.54656 2.51262 2.52763 2.55861 2.58083 2.49360 2.38198 1.84311 1.27520 1.24531 1.95806 2.29927 2.31958 1.86511 1.93605 2.40448 2.50454 2.51494 2.48354 2.47307 2.58497 2.68103 2.75694 2.83442
4.04746 3.85668 3.70588 3.62083 3.59029 3.60156 3.62892 3.65086 3.62528 3.61263 3.59728 3.56451 3.53038 3.53138 3.54876 3.52896 3.46734 3.33318 3.14798 2.95718 2.70755 2.57332 2.56305 2.61187 2.59926 2.48920 2.34967 2.43107 2.49062 2.42560 2.24208 1.81887 1.64617 1.46076 1.65985 1.95902 1.75186 1.82934 2.30184 2.46094 2.49906 2.50039 2.36514 2.35235 2.52120 2.54028 2.48331 2.47617 2.29205 1.88069 1.85120 1.90442 2.40930 2.37939 2.22743 1.93445 2.12483 2.32090 2.46828 2.51573 2.51700 2.47020 2.46011 2.55284 2.63782 2.71557
4.07399 3.83595 3.65564 3.58787 3.58697 3.59265 3.57383 3.58119 3.60146 3.63066 3.61437 3.56825 3.54157 3.55639 3.57307 3.51920 3.39761 3.25499 3.14280 2.94533 2.66956 2.55856 2.62443 2.69995 2.61036 2.40890 2.39068 2.54677 2.62612 2.57756 2.40313 1.84816 1.53629 1.27141 1.76664 2.40401 2.42142 1.97759 1.84711 2.09531 2.27556 2.33179 2.22804 2.03817 2.27648 2.35053 2.13552 2.10358 2.09294 1.89861 1.96188 1.82511 1.90613 1.74341 1.86690 2.10940 2.09630 2.02583 2.11342 2.29527 2.46690 2.50411 2.45720 2.50035 2.55967 2.65699
4.12011 3.79764 3.62971 3.58272 3.57612 3.58180 3.56779 3.56490 3.59280 3.62973 3.60575 3.55673 3.54107 3.55667 3.55193 3.50257 3.32453 3.18486 3.16871 2.94701 2.68538 2.63309 2.68432 2.71558 2.60139 2.47333 2.52744 2.55755 2.63417 2.60063 2.44460 1.93950 1.61566 1.46665 1.54448 2.27906 2.55559 2.41648 1.89931 1.68570 1.79530 1.83510 1.80960 1.65454 1.59752 1.67761 1.68554 1.74259 1.84689 1.84865 1.73658 1.52531 1.74489 1.59295 1.69019 1.95135 1.98568 2.06164 1.97717 1.79280 2.25573 2.52998 2.47513 2.52332 2.54458 2.62885
4.07002 3.74572 3.63861 3.59628 3.56900 3.57345 3.57010 3.56369 3.57118 3.58401 3.56405 3.53072 3.52938 3.53850 3.49365 3.40901 3.23872 3.17537 3.17998 2.98707 2.81649 2.74795 2.70824 2.68869 2.64080 2.57507 2.52405 2.51165 2.57454 2.59739 2.48002 1.99096 1.62942 1.63673 1.62221 1.87794 2.44182 2.51454 2.21672 1.75378 1.67538 1.65522 1.65190 1.45796 1.34885 1.48896 1.58609 1.65493 1.74907 1.78832 1.56766 1.27867 1.54526 1.24032 1.37899 1.82667 2.12148 2.25433 2.32031 1.98673 2.02839 2.50555 2.56868 2.51649 2.47682 2.56367
3.77304 3.66258 3.67842 3.65164 3.55173 3.53396 3.54159 3.53405 3.53678 3.53595 3.52275 3.51260 3.52426 3.52528 3.47324 3.37371 3.26702 3.26375 3.21899 3.12575 3.04574 2.92041 2.80029 2.72920 2.70648 2.67643 2.65998 2.62706 2.59175 2.60701 2.52398 2.18039 1.72139 1.74969 1.79644 1.64763 2.00256 2.24132 1.88218 1.52790 1.42910 1.53115 1.50914 1.32669 1.33359 1.50798 1.57414 1.61663 1.65933 1.70181 1.31439 0.99170 1.36822 1.42083 1.48247 1.82655 1.86408 1.84276 2.15935 2.09534 1.85573 2.28752 2.45069 2.45076 2.43375 2.54320
3.68591 3.72011 3.80734 3.78805 3.60035 3.49215 3.50775 3.51581 3.52241 3.52413 3.51605 3.52712 3.53884 3.53136 3.49634 3.43778 3.35673 3.30530 3.22018 3.14482 3.06104 2.96721 2.88876 2.82397 2.81589 2.77782 2.72136 2.64673 2.62152 2.59110 2.54659 2.41578 1.89947 1.76709 1.93373 1.68334 1.50433 1.35729 1.42712 1.44546 1.29633 1.45805 1.53868 1.68607 1.61095 1.52894 1.63446 1.67323 1.64596 1.66085 1.27721 1.22793 1.21018 1.40037 1.54335 1.61207 1.57476 1.74698 1.63415 1.70594 1.80807 2.13684 2.40802 2.48621 2.48931 2.47366
4.04066 3.96872 3.90099 3.73685 3.52839 3.38110 3.44457 3.53885 3.55413 3.53015 3.53052 3.56262 3.56089 3.53435 3.49611 3.44528 3.36753 3.26002 3.21070 3.13203 3.01324 2.90275 2.81124 2.75379 2.77805 2.74790 2.64502 2.57650 2.57616 2.58390 2.61667 2.56441 2.28536 1.82487 1.83762 1.68145 1.24387 0.89983 1.58716 2.04703 1.74220 1.38221 1.44957 1.75555 1.48061 1.37804 1.60308 1.63085 1.68668 1.56008 1.08852 1.29567 1.28160 1.03353 1.40055 1.47236 1.54799 1.57453 1.69882 1.89950 2.09363 2.09980 2.31956 2.40199 2.46705 2.56217
4.38067 4.01248 3.68406 3.44847 3.26196 3.15571 3.30401 3.52477 3.61128 3.54374 3.53642 3.53240 3.50547 3.47883 3.45540 3.42629 3.30807 3.11490 3.08001 3.09272 2.91849 2.79718 2.67812 2.62675 2.67264 2.68762 2.59968 2.58636 2.60669 2.64737 2.61122 2.41432 2.04004 1.89610 1.91752 1.64290 1.07612 0.80688 1.36020 1.66331 1.32852 1.00730 1.18014 1.53867 1.23597 1.37695 1.47867 1.46770 1.52747 1.34624 1.04195 1.84799 1.74583 1.27763 1.38743 1.51053 1.52946 1.62025 1.51133 1.42666 1.66995 1.66640 1.78795 2.44969 2.58944 2.60953
4.25236 3.78899 3.46433 3.29478 3.23917 3.20790 3.17307 3.43221 3.64758 3.58765 3.53124 3.47558 3.41588 3.37240 3.36783 3.37498 3.14788 2.87989 2.93677 3.14800 2.84766 2.67139 2.40553 2.12647 2.34409 2.56934 2.63372 2.60820 2.64815 2.67835 2.56309 2.28980 2.13664 2.25506 2.28918 1.94973 1.52340 1.25301 1.34133 1.32393 0.96037 0.81396 1.22457 1.31419 1.74253 1.70530 1.64236 1.74103 1.95207 1.95156 2.10408 2.04360 1.81133 1.56195 1.47160 1.40085 1.15885 1.34744 1.31316 1.10639 1.57821 2.01480 1.74678 2.17235 2.49847 2.44608
4.20433 3.70324 3.42571 3.38319 3.45708 3.41298 3.22247 3.37316 3.66162 3.63434 3.53874 3.47841 3.39314 3.29821 3.29006 3.31796 3.04175 2.82368 2.93418 3.11886 2.78359 2.43948 1.26571 0.81174 1.13391 2.21538 2.63955 2.65062 2.62927 2.64076 2.54107 2.23244 2.25627 2.45986 2.49979 2.30846 1.75289 1.64618 1.62053 1.51325 1.31274 0.89704 0.85339 1.34675 1.82583 1.61935 1.62451 1.64590 1.63485 1.73915 2.16984 2.23184 1.72403 1.64869 1.03949 0.56776 0.52459 1.02838 1.52775 0.89713 1.25930 1.96520 1.90968 1.94196 2.09083 2.05735
-99999.00000 -99999.00000 -99999.00000 -99999.00000 -99999.00000 -99999.00000 -99999.00000 -99999.00000 -99999.00000 -99999.00000 -99999.00000 -99999.00000 -99999.00000 -99999.00000 -99999.00000 -99999.00000 -99999.00000 -99999.00000 -99999.00000 -99999.00000 -99999.00000 -99999.00000 -99999.00000 -99999.00000 -99999.00000 -99999.00000 -99999.00000 -99999.00000 -99999.00000 -99999.00000 -99999.00000 -99999.00000 -99999.00000 -99999.00000 -99999.00000 -99999.00000 -99999.00000 -99999.00000 -99999.00000 -99999.00000 -99999.00000 -99999.00000 -99999.00000 -99999.00000 -99999.00000 -99999.00000 -99999.00000 -99999.00000 -99999.00000 -99999.00000 -99999.00000 -99999.00000 -99999.00000 -99999.00000 -99999.00000 -99999.00000 -99999.00000 -99999.00000 -99999.00000 -99999.00000 -99999.00000 -99999.00000 -99999.00000 -99999.00000 -99999.00000 -99999.00000
