mrvbf_slope1.2_pctl0.8.asc
NCOLS 410
NROWS 410
XLLCORNER 2398750.0000000000000000
YLLCORNER 2548750.0000000000000000
CELLSIZE 250.0000000000000000
NODATA_VALUE -99999.00000
[rows 0 to 28 of 410, columns 132 to 197 of 410]
-99999.00000 -99999.00000 -99999.00000 -99999.00000 -99999.00000 -99999.00000 -99999.00000 -99999.00000 -99999.00000 -99999.00000 -99999.00000 -99999.00000 -99999.00000 -99999.00000 -99999.00000 -99999.00000 -99999.00000 -99999.00000 -99999.00000 -99999.00000 -99999.00000 -99999.00000 -99999.00000 -99999.00000 -99999.00000 -99999.00000 -99999.00000 -99999.00000 -99999.00000 -99999.00000 -99999.00000 -99999.00000 -99999.00000 -99999.00000 -99999.00000 -99999.00000 -99999.00000 -99999.00000 -99999.00000 -99999.00000 -99999.00000 -99999.00000 -99999.00000 -99999.00000 -99999.00000 -99999.00000 -99999.00000 -99999.00000 -99999.00000 -99999.00000 -99999.00000 -99999.00000 -99999.00000 -99999.00000 -99999.00000 -99999.00000 -99999.00000 -99999.00000 -99999.00000 -99999.00000 -99999.00000 -99999.00000 -99999.00000 -99999.00000 -99999.00000 -99999.00000
-99999.00000 -99999.00000 -99999.00000 -99999.00000 -99999.00000 -99999.00000 -99999.00000 -99999.00000 -99999.00000 -99999.00000 -99999.00000 -99999.00000 -99999.00000 -99999.00000 -99999.00000 -99999.00000 -99999.00000 -99999.00000 -99999.00000 -99999.00000 -99999.00000 -99999.00000 -99999.00000 -99999.00000 -99999.00000 -99999.00000 -99999.00000 -99999.00000 -99999.00000 -99999.00000 -99999.00000 -99999.00000 -99999.00000 -99999.00000 -99999.00000 -99999.00000 -99999.00000 -99999.00000 -99999.00000 -99999.00000 -99999.00000 -99999.00000 -99999.00000 -99999.00000 -99999.00000 -99999.00000 -99999.00000 -99999.00000 -99999.00000 -99999.00000 -99999.00000 -99999.00000 -99999.00000 -99999.00000 -99999.00000 -99999.00000 -99999.00000 -99999.00000 -99999.00000 -99999.00000 -99999.00000 -99999.00000 -99999.00000 -99999.00000 -99999.00000 -99999.00000
-99999.00000 -99999.00000 -99999.00000 -99999.00000 -99999.00000 -99999.00000 -99999.00000 -99999.00000 -99999.00000 -99999.00000 -99999.00000 -99999.00000 -99999.00000 -99999.00000 -99999.00000 -99999.00000 -99999.00000 -99999.00000 -99999.00000 -99999.00000 -99999.00000 -99999.00000 -99999.00000 -99999.00000 -99999.00000 -99999.00000 -99999.00000 -99999.00000 -99999.00000 -99999.00000 -99999.00000 -99999.00000 -99999.00000 -99999.00000 -99999.00000 -99999.00000 -99999.00000 -99999.00000 -99999.00000 -99999.00000 -99999.00000 -99999.00000 -99999.00000 -99999.00000 -99999.00000 -99999.00000 -99999.00000 -99999.00000 -99999.00000 -99999.00000 -99999.00000 -99999.00000 -99999.00000 -99999.00000 -99999.00000 -99999.00000 -99999.00000 -99999.00000 -99999.00000 -99999.00000 -99999.00000 -99999.00000 -99999.00000 -99999.00000 -99999.00000 -99999.00000
-99999.00000 -99999.00000 -99999.00000 -99999.00000 -99999.00000 -99999.00000 -99999.00000 -99999.00000 -99999.00000 -99999.00000 -99999.00000 -99999.00000 -99999.00000 -99999.00000 -99999.00000 -99999.00000 -99999.00000 -99999.00000 -99999.00000 -99999.00000 -99999.00000 -99999.00000 -99999.00000 -99999.00000 -99999.00000 -99999.00000 -99999.00000 -99999.00000 -99999.00000 -99999.00000 -99999.00000 -99999.00000 -99999.00000 -99999.00000 -99999.00000 -99999.00000 -99999.00000 -99999.00000 -99999.00000 -99999.00000 -99999.00000 -99999.00000 -99999.00000 -99999.00000 -99999.00000 -99999.00000 -99999.00000 -99999.00000 -99999.00000 -99999.00000 -99999.00000 -99999.00000 -99999.00000 -99999.00000 -99999.00000 -99999.00000 -99999.00000 -99999.00000 -99999.00000 -99999.00000 -99999.00000 -99999.00000 -99999.00000 -99999.00000 -99999.00000 -99999.00000
-99999.00000 -99999.00000 -99999.00000 -99999.00000 -99999.00000 -99999.00000 -99999.00000 -99999.00000 -99999.00000 -99999.00000 -99999.00000 -99999.00000 -99999.00000 -99999.00000 -99999.00000 -99999.00000 -99999.00000 -99999.00000 -99999.00000 -99999.00000 -99999.00000 -99999.00000 -99999.00000 -99999.00000 -99999.00000 -99999.00000 -99999.00000 -99999.00000 -99999.00000 -99999.00000 -99999.00000 -99999.00000 -99999.00000 -99999.00000 -99999.00000 -99999.00000 -99999.00000 -99999.00000 -99999.00000 -99999.00000 -99999.00000 -99999.00000 -99999.00000 -99999.00000 -99999.00000 -99999.00000 -99999.00000 -99999.00000 -99999.00000 -99999.00000 -99999.00000 -99999.00000 -99999.00000 -99999.00000 -99999.00000 -99999.00000 -99999.00000 -99999.00000 -99999.00000 -99999.00000 -99999.00000 -99999.00000 -99999.00000 -99999.00000 -99999.00000 -99999.00000
7.84888 7.84255 7.84753 7.84956 7.84976 7.85086 7.85191 7.84984 7.84492 7.84442 7.84527 7.84790 7.84805 7.84508 7.84494 7.84628 7.84843 7.84809 7.84605 7.84339 7.84407 7.84708 7.84486 7.83482 -99999.00000 -99999.00000 -99999.00000 -99999.00000 -99999.00000 -99999.00000 -99999.00000 -99999.00000 -99999.00000 -99999.00000 -99999.00000 -99999.00000 -99999.00000 -99999.00000 -99999.00000 -99999.00000 -99999.00000 -99999.00000 -99999.00000 -99999.00000 -99999.00000 -99999.00000 -99999.00000 -99999.00000 -99999.00000 -99999.00000 -99999.00000 -99999.00000 -99999.00000 -99999.00000 -99999.00000 -99999.00000 -99999.00000 -99999.00000 -99999.00000 -99999.00000 -99999.00000 -99999.00000 -99999.00000 -99999.00000 -99999.00000 -99999.00000
7.84962 7.84463 7.84819 7.85055 7.84947 7.85112 7.85133 7.84990 7.84680 7.84636 7.84693 7.84779 7.84731 7.84712 7.84752 7.84786 7.84836 7.84796 7.84689 7.84492 7.84326 7.84445 7.84465 7.83632 7.81508 -99999.00000 -99999.00000 -99999.00000 -99999.00000 -99999.00000 -99999.00000 -99999.00000 -99999.00000 -99999.00000 -99999.00000 -99999.00000 -99999.00000 -99999.00000 -99999.00000 -99999.00000 -99999.00000 -99999.00000 -99999.00000 -99999.00000 -99999.00000 -99999.00000 -99999.00000 -99999.00000 -99999.00000 -99999.00000 -99999.00000 -99999.00000 -99999.00000 -99999.00000 -99999.00000 -99999.00000 -99999.00000 -99999.00000 -99999.00000 -99999.00000 -99999.00000 -99999.00000 -99999.00000 -99999.00000 -99999.00000 -99999.00000
7.84777 7.84523 7.84670 7.84932 7.84924 7.85145 7.85197 7.85084 7.84980 7.84830 7.84631 7.84652 7.84723 7.84610 7.84664 7.84712 7.84750 7.84745 7.84663 7.84487 7.84225 7.84188 7.84425 7.83847 7.80266 7.78318 7.80953 7.81884 -99999.00000 -99999.00000 -99999.00000 -99999.00000 -99999.00000 -99999.00000 -99999.00000 -99999.00000 -99999.00000 -99999.00000 -99999.00000 -99999.00000 -99999.00000 -99999.00000 -99999.00000 -99999.00000 -99999.00000 -99999.00000 -99999.00000 -99999.00000 -99999.00000 -99999.00000 -99999.00000 -99999.00000 -99999.00000 -99999.00000 -99999.00000 -99999.00000 -99999.00000 -99999.00000 -99999.00000 -99999.00000 -99999.00000 -99999.00000 -99999.00000 -99999.00000 -99999.00000 -99999.00000
7.84974 7.84618 7.84648 7.84719 7.84784 7.84942 7.85079 7.85012 7.84920 7.84728 7.84379 7.84542 7.84619 7.84540 7.84642 7.84755 7.84671 7.84667 7.84600 7.84360 7.84349 7.84122 7.83941 7.83735 7.81665 7.78485 7.79192 7.78986 7.74969 7.77598 7.81551 -99999.00000 -99999.00000 -99999.00000 -99999.00000 -99999.00000 -99999.00000 -99999.00000 -99999.00000 -99999.00000 -99999.00000 -99999.00000 -99999.00000 -99999.00000 -99999.00000 -99999.00000 -99999.00000 -99999.00000 -99999.00000 -99999.00000 -99999.00000 -99999.00000 -99999.00000 -99999.00000 -99999.00000 -99999.00000 -99999.00000 -99999.00000 -99999.00000 -99999.00000 -99999.00000 -99999.00000 -99999.00000 -99999.00000 -99999.00000 -99999.00000
7.85103 7.85122 7.84921 7.84690 7.84715 7.84855 7.84982 7.85005 7.84925 7.84774 7.84308 7.84326 7.84504 7.84602 7.84767 7.84818 7.84706 7.84688 7.84733 7.84459 7.84254 7.84162 7.84019 7.83725 7.83267 7.81003 7.77254 7.77298 7.77981 7.80810 7.82316 7.82097 7.80959 -99999.00000 -99999.00000 -99999.00000 -99999.00000 -99999.00000 -99999.00000 -99999.00000 -99999.00000 -99999.00000 -99999.00000 -99999.00000 -99999.00000 -99999.00000 -99999.00000 -99999.00000 -99999.00000 -99999.00000 -99999.00000 -99999.00000 -99999.00000 -99999.00000 -99999.00000 -99999.00000 -99999.00000 -99999.00000 -99999.00000 -99999.00000 -99999.00000 -99999.00000 -99999.00000 -99999.00000 -99999.00000 -99999.00000
7.85164 7.85209 7.85064 7.84788 7.84808 7.84849 7.84800 7.84944 7.84832 7.84645 7.84256 7.84307 7.84487 7.84575 7.84670 7.84743 7.84636 7.84655 7.84802 7.84692 7.84471 7.84263 7.83993 7.83925 7.83398 7.81225 7.79690 7.78518 7.79579 7.80721 7.82518 7.81908 7.79176 7.75681 7.79262 -99999.00000 -99999.00000 -99999.00000 -99999.00000 -99999.00000 -99999.00000 -99999.00000 -99999.00000 -99999.00000 -99999.00000 -99999.00000 -99999.00000 -99999.00000 -99999.00000 -99999.00000 -99999.00000 -99999.00000 -99999.00000 -99999.00000 -99999.00000 -99999.00000 -99999.00000 -99999.00000 -99999.00000 -99999.00000 -99999.00000 -99999.00000 -99999.00000 -99999.00000 -99999.00000 -99999.00000
7.85152 7.85183 7.85014 7.84806 7.84707 7.84714 7.84556 7.84732 7.84765 7.84429 7.84239 7.84389 7.84462 7.84460 7.84520 7.84546 7.84570 7.84555 7.84692 7.84708 7.84664 7.84531 7.84185 7.83972 7.83773 7.82306 7.79176 7.79185 7.79875 7.79826 7.80634 7.81425 7.80674 7.76624 7.75964 7.80017 7.81832 -99999.00000 -99999.00000 -99999.00000 -99999.00000 -99999.00000 -99999.00000 -99999.00000 -99999.00000 -99999.00000 -99999.00000 -99999.00000 -99999.00000 -99999.00000 -99999.00000 -99999.00000 -99999.00000 -99999.00000 -99999.00000 -99999.00000 -99999.00000 -99999.00000 -99999.00000 -99999.00000 -99999.00000 -99999.00000 -99999.00000 -99999.00000 -99999.00000 -99999.00000
7.84769 7.84887 7.84649 7.84781 7.84656 7.84505 7.84478 7.84505 7.84576 7.84344 7.84300 7.84312 7.84295 7.84305 7.84367 7.84315 7.84098 7.84284 7.84500 7.84594 7.84528 7.84481 7.84164 7.83884 7.83917 7.83665 7.81901 7.78780 7.78559 7.79643 7.79129 7.79908 7.80466 7.78857 7.77097 7.77184 7.80758 7.82107 7.81886 -99999.00000 -99999.00000 -99999.00000 -99999.00000 -99999.00000 -99999.00000 -99999.00000 -99999.00000 -99999.00000 -99999.00000 -99999.00000 -99999.00000 -99999.00000 -99999.00000 -99999.00000 -99999.00000 -99999.00000 -99999.00000 -99999.00000 -99999.00000 -99999.00000 -99999.00000 -99999.00000 -99999.00000 -99999.00000 -99999.00000 -99999.00000
7.84140 7.84094 7.84482 7.84535 7.84761 7.84603 7.84625 7.84715 7.84517 7.84433 7.84231 7.84315 7.84362 7.84364 7.84221 7.83198 7.81858 7.83201 7.84014 7.84275 7.84381 7.84428 7.84121 7.83895 7.84026 7.83996 7.83600 7.82198 7.79026 7.78759 7.80385 7.78992 7.78599 7.78787 7.79749 7.78595 7.79716 7.81397 7.81927 7.81868 -99999.00000 -99999.00000 -99999.00000 -99999.00000 -99999.00000 -99999.00000 -99999.00000 -99999.00000 -99999.00000 -99999.00000 -99999.00000 -99999.00000 -99999.00000 -99999.00000 -99999.00000 -99999.00000 -99999.00000 -99999.00000 -99999.00000 -99999.00000 -99999.00000 -99999.00000 -99999.00000 -99999.00000 -99999.00000 -99999.00000
7.84429 7.84069 7.84061 7.84695 7.84903 7.84780 7.84747 7.84510 7.84389 7.84381 7.84198 7.84323 7.84342 7.84269 7.83721 7.82017 7.82299 7.81855 7.83457 7.84098 7.84342 7.84377 7.84243 7.84019 7.84027 7.84073 7.83899 7.83620 7.82474 7.80070 7.79115 7.80808 7.79822 7.77666 7.78361 7.79540 7.79600 7.79786 7.81212 7.81474 7.80252 7.78600 -99999.00000 -99999.00000 -99999.00000 -99999.00000 -99999.00000 -99999.00000 -99999.00000 -99999.00000 -99999.00000 -99999.00000 -99999.00000 -99999.00000 -99999.00000 -99999.00000 -99999.00000 -99999.00000 -99999.00000 -99999.00000 -99999.00000 -99999.00000 -99999.00000 -99999.00000 -99999.00000 -99999.00000
7.84484 7.84603 7.84583 7.84560 7.84737 7.84598 7.84583 7.83905 7.83581 7.83957 7.84159 7.84358 7.84332 7.84291 7.84075 7.83261 7.82259 7.83489 7.83948 7.84012 7.84255 7.84269 7.84280 7.84193 7.84204 7.84125 7.84019 7.83913 7.83601 7.81922 7.77776 7.78533 7.75520 7.76771 7.78539 7.81272 7.81279 7.79715 7.80337 7.80664 7.80880 7.80735 7.80934 -99999.00000 -99999.00000 -99999.00000 -99999.00000 -99999.00000 -99999.00000 -99999.00000 -99999.00000 -99999.00000 -99999.00000 -99999.00000 -99999.00000 -99999.00000 -99999.00000 -99999.00000 -99999.00000 -99999.00000 -99999.00000 -99999.00000 -99999.00000 -99999.00000 -99999.00000 -99999.00000
7.84664 7.84645 7.84660 7.84495 7.84522 7.84491 7.84197 7.83479 7.82776 7.83352 7.84232 7.84339 7.84244 7.84266 7.84244 7.84029 7.83871 7.84384 7.84332 7.84259 7.84208 7.84241 7.84219 7.84105 7.84097 7.84077 7.84107 7.84043 7.83848 7.83112 7.80181 7.74202 7.76974 7.75170 7.80684 7.82367 7.81692 7.79478 7.79158 7.79993 7.80854 7.81385 7.81549 7.81335 7.80346 -99999.00000 -99999.00000 -99999.00000 -99999.00000 -99999.00000 -99999.00000 -99999.00000 -99999.00000 -99999.00000 -99999.00000 -99999.00000 -99999.00000 -99999.00000 -99999.00000 -99999.00000 -99999.00000 -99999.00000 -99999.00000 -99999.00000 -99999.00000 -99999.00000
7.84577 7.84571 7.84425 7.84083 7.84300 7.83922 7.83903 7.82889 7.83025 7.83566 7.84238 7.84133 7.84144 7.84201 7.84162 7.84229 7.84312 7.84500 7.84452 7.84368 7.84343 7.84344 7.84123 7.84066 7.84042 7.83937 7.84027 7.83932 7.83916 7.83480 7.82784 7.80242 7.76670 7.79991 7.81053 7.81213 7.80910 7.80825 7.78825 7.79016 7.79095 7.80091 7.81117 7.80343 7.78854 7.78819 7.77490 -99999.00000 -99999.00000 -99999.00000 -99999.00000 -99999.00000 -99999.00000 -99999.00000 -99999.00000 -99999.00000 -99999.00000 -99999.00000 -99999.00000 -99999.00000 -99999.00000 -99999.00000 -99999.00000 -99999.00000 -99999.00000 -99999.00000
7.84474 7.84467 7.84515 7.84388 7.84216 7.84028 7.83718 7.82530 7.82808 7.83952 7.84247 7.84157 7.84201 7.84141 7.84247 7.84338 7.84393 7.84524 7.84536 7.84379 7.84321 7.84273 7.84053 7.84091 7.84134 7.84140 7.84062 7.83754 7.83666 7.83446 7.83403 7.83292 7.82089 7.81378 7.80679 7.78488 7.80102 7.80802 7.80367 7.80783 7.79966 7.79400 7.79904 7.79422 7.78337 7.77825 7.79260 7.77662 7.75137 -99999.00000 -99999.00000 -99999.00000 -99999.00000 -99999.00000 -99999.00000 -99999.00000 -99999.00000 -99999.00000 -99999.00000 -99999.00000 -99999.00000 -99999.00000 -99999.00000 -99999.00000 -99999.00000 -99999.00000
7.84396 7.84517 7.84563 7.84525 7.84236 7.83970 7.82983 7.83031 7.82468 7.83610 7.84151 7.84155 7.84247 7.84100 7.84253 7.84304 7.84311 7.84422 7.84445 7.84401 7.84359 7.84206 7.84189 7.84107 7.84085 7.84120 7.84024 7.84007 7.83894 7.83847 7.83832 7.83720 7.83422 7.82228 7.78365 7.78785 7.77956 7.80113 7.80943 7.81093 7.81581 7.81151 7.80680 7.80608 7.79330 7.78415 7.79647 7.79526 7.78786 7.81004 7.82123 -99999.00000 -99999.00000 -99999.00000 -99999.00000 -99999.00000 -99999.00000 -99999.00000 -99999.00000 -99999.00000 -99999.00000 -99999.00000 -99999.00000 -99999.00000 -99999.00000 -99999.00000
7.84287 7.84511 7.84321 7.84359 7.84351 7.84233 7.83768 7.82795 7.83024 7.82941 7.83557 7.83711 7.84079 7.84012 7.83861 7.83868 7.84101 7.84280 7.84332 7.84316 7.84359 7.84329 7.84221 7.84151 7.83978 7.83964 7.84134 7.84220 7.84172 7.84100 7.83912 7.83735 7.83577 7.83288 7.81343 7.78350 7.80621 7.79540 7.80190 7.81010 7.81892 7.81666 7.81617 7.81411 7.79856 7.78630 7.79596 7.79856 7.80086 7.80022 7.81470 7.81707 -99999.00000 -99999.00000 -99999.00000 -99999.00000 -99999.00000 -99999.00000 -99999.00000 -99999.00000 -99999.00000 -99999.00000 -99999.00000 -99999.00000 -99999.00000 -99999.00000
7.84365 7.84492 7.84291 7.84247 7.84240 7.84217 7.84217 7.83606 7.82935 7.83176 7.83494 7.83446 7.83544 7.83909 7.83559 7.83530 7.83708 7.84123 7.84247 7.84261 7.84256 7.84230 7.84133 7.83922 7.83788 7.83937 7.84187 7.84270 7.84211 7.84105 7.84000 7.83886 7.83801 7.83576 7.82881 7.81571 7.81859 7.78729 7.78714 7.78073 7.80666 7.81066 7.81337 7.81066 7.80586 7.78757 7.78993 7.79654 7.79325 7.78961 7.80212 7.80863 7.78601 7.76065 -99999.00000 -99999.00000 -99999.00000 -99999.00000 -99999.00000 -99999.00000 -99999.00000 -99999.00000 -99999.00000 -99999.00000 -99999.00000 -99999.00000
7.84249 7.84331 7.84416 7.84278 7.84371 7.84333 7.84304 7.83895 7.83082 7.82684 7.83442 7.83569 7.83377 7.83657 7.83541 7.83529 7.83717 7.83879 7.83890 7.84019 7.84186 7.84126 7.84093 7.83949 7.83704 7.83781 7.84008 7.84094 7.84135 7.84143 7.84144 7.84020 7.83868 7.83342 7.82532 7.80576 7.81056 7.79952 7.77112 7.79264 7.79056 7.78844 7.80086 7.78479 7.79906 7.79479 7.78287 7.78981 7.78645 7.79330 7.77927 7.78990 7.78212 7.77204 7.74584 -99999.00000 -99999.00000 -99999.00000 -99999.00000 -99999.00000 -99999.00000 -99999.00000 -99999.00000 -99999.00000 -99999.00000 -99999.00000
7.84368 7.84222 7.84319 7.84124 7.84185 7.84166 7.84003 7.84087 7.83776 7.82962 7.82936 7.83036 7.83475 7.83876 7.83546 7.83657 7.83993 7.83869 7.83814 7.83736 7.83988 7.84096 7.84135 7.84004 7.83545 7.83423 7.83803 7.83898 7.84113 7.84046 7.84008 7.83917 7.83763 7.83301 7.82937 7.81790 7.80064 7.81230 7.79518 7.78892 7.78509 7.79464 7.80574 7.79251 7.78217 7.79018 7.77811 7.77658 7.77361 7.76937 7.76255 7.76107 7.75950 7.75699 7.77711 7.80102 -99999.00000 -99999.00000 -99999.00000 -99999.00000 -99999.00000 -99999.00000 -99999.00000 -99999.00000 -99999.00000 -99999.00000
7.84419 7.84398 7.84389 7.84133 7.84103 7.84134 7.84105 7.84263 7.84291 7.84051 7.83637 7.83227 7.83758 7.83826 7.83979 7.83917 7.84030 7.83832 7.83699 7.83757 7.84091 7.84124 7.84018 7.83962 7.83800 7.83669 7.83816 7.84006 7.84073 7.83980 7.83753 7.83700 7.83603 7.83080 7.82843 7.83077 7.82550 7.82021 7.80097 7.77453 7.76715 7.77266 7.80240 7.78430 7.77831 7.76313 7.77899 7.77112 7.75458 7.72381 7.69551 7.71384 7.72594 7.76190 7.79808 7.80212 7.80970 -99999.00000 -99999.00000 -99999.00000 -99999.00000 -99999.00000 -99999.00000 -99999.00000 -99999.00000 -99999.00000
7.84431 7.84495 7.84429 7.84005 7.83934 7.84077 7.84119 7.84109 7.84303 7.84323 7.84117 7.83907 7.83818 7.83861 7.84207 7.84161 7.83877 7.84093 7.83950 7.83838 7.83923 7.84019 7.84020 7.83858 7.83763 7.83808 7.83933 7.83996 7.83977 7.83890 7.83705 7.83609 7.83522 7.82643 7.82478 7.83017 7.82994 7.82330 7.79841 7.75207 7.76033 7.75883 7.78909 7.79078 7.75131 7.72799 7.74360 7.75552 7.74168 7.68805 7.60852 7.68834 7.73645 7.78228 7.80212 7.81134 7.81283 7.81890 7.82194 -99999.00000 -99999.00000 -99999.00000 -99999.00000 -99999.00000 -99999.00000 -99999.00000
7.84470 7.84238 7.84137 7.84025 7.84028 7.84116 7.84047 7.83655 7.83745 7.84136 7.83942 7.83579 7.83496 7.83591 7.84086 7.84056 7.83467 7.83886 7.83769 7.83694 7.83769 7.83897 7.83914 7.83733 7.83824 7.83958 7.84005 7.83952 7.83894 7.83871 7.83674 7.83484 7.82842 7.81042 7.81884 7.82103 7.81838 7.82000 7.80969 7.78814 7.75703 7.75906 7.75571 7.77834 7.74529 7.73587 7.75322 7.73569 7.68879 7.66849 7.66677 7.67959 7.76597 7.80265 7.81290 7.81462 7.81829 7.82071 7.82272 7.82333 -99999.00000 -99999.00000 -99999.00000 -99999.00000 -99999.00000 -99999.00000
7.84394 7.84268 7.83708 7.83868 7.83828 7.84088 7.83832 7.83203 7.82229 7.83094 7.83580 7.83211 7.83189 7.83511 7.83839 7.83003 7.81290 7.82649 7.83579 7.83727 7.83800 7.83701 7.83618 7.83675 7.83970 7.84021 7.84039 7.83968 7.83934 7.83873 7.83789 7.83407 7.81913 7.81273 7.80483 7.80935 7.81069 7.80800 7.81466 7.81093 7.77506 7.73078 7.73826 7.73004 7.77789 7.77977 7.76367 7.70214 7.69744 7.73682 7.71203 7.70290 7.78380 7.80789 7.81432 7.81768 7.81922 7.82158 7.82306 7.82462 7.82577 7.82569 -99999.00000 -99999.00000 -99999.00000 -99999.00000
7.84369 7.84252 7.83955 7.83763 7.84026 7.83957 7.83815 7.82407 7.82476 7.81943 7.83019 7.83256 7.82901 7.83413 7.83540 7.81562 7.81706 7.81213 7.83292 7.83666 7.83674 7.83741 7.83681 7.83846 7.83963 7.84017 7.83991 7.83957 7.83908 7.83906 7.83762 7.83415 7.82351 7.81322 7.82122 7.82307 7.80926 7.81963 7.82155 7.81028 7.76855 7.73310 7.72283 7.67533 7.74280 7.78794 7.76844 7.70084 7.75335 7.76595 7.72170 7.68150 7.78328 7.80788 7.81571 7.82084 7.81901 7.81664 7.82058 7.82531 7.82610 7.82468 7.82028 -99999.00000 -99999.00000 -99999.00000
