mrvbf_slope1.3_pctl1.asc
NCOLS 410
NROWS 410
XLLCORNER 2398750.0000000000000000
YLLCORNER 2548750.0000000000000000
CELLSIZE 250.0000000000000000
NODATA_VALUE -99999.00000
[rows 261 to 289 of 410, columns 330 to 395 of 410]
7.60719 7.60656 7.60451 7.60509 7.60591 7.60468 7.59712 7.58156 7.56593 7.57374 7.58316 7.58414 7.58961 7.59732 7.60584 7.61470 7.62161 7.62615 7.62961 7.63241 7.63469 7.63654 7.63799 7.63902 7.63954 7.63947 7.63885 7.63775 7.63572 7.63351 7.63331 7.63336 7.63189 7.62919 7.62505 7.61730 7.59275 7.57490 7.59122 7.59607 7.58686 7.56585 7.55993 7.58579 7.61647 7.63181 7.63286 7.62778 7.62443 7.62285 7.62291 7.62397 7.62501 7.62332 7.62070 7.62581 7.63194 7.63535 7.63605 7.63626 7.63767 7.63234 7.62882 7.63469 7.64181 7.64401
7.60678 7.60632 7.60305 7.60209 7.60206 7.60153 7.59649 7.58364 7.56258 7.56775 7.58368 7.58516 7.58644 7.59017 7.59611 7.60570 7.61621 7.62300 7.62724 7.63049 7.63305 7.63507 7.63665 7.63777 7.63834 7.63826 7.63757 7.63616 7.63330 7.63156 7.63283 7.63423 7.63454 7.63342 7.63068 7.62612 7.61410 7.58506 7.58655 7.60220 7.60669 7.60227 7.60551 7.62216 7.63283 7.63716 7.63726 7.63371 7.62965 7.62698 7.62565 7.62587 7.62621 7.62390 7.61863 7.61740 7.62420 7.63151 7.63612 7.63442 7.63402 7.63217 7.63086 7.63409 7.63939 7.64154
7.60385 7.60582 7.60270 7.60000 7.59847 7.59746 7.59235 7.57906 7.56086 7.56966 7.58696 7.58899 7.58729 7.58731 7.58840 7.59554 7.60925 7.61934 7.62457 7.62837 7.63126 7.63350 7.63521 7.63641 7.63700 7.63688 7.63589 7.63308 7.62939 7.62900 7.63059 7.63165 7.63325 7.63414 7.63298 7.62976 7.62255 7.60211 7.59641 7.60740 7.61388 7.61820 7.62445 7.63201 7.63573 7.63834 7.63996 7.63925 7.63629 7.63368 7.63163 7.63023 7.62916 7.62762 7.62667 7.62290 7.62379 7.62701 7.63086 7.63369 7.63256 7.63263 7.63386 7.63634 7.63883 7.63997
7.60000 7.60366 7.60142 7.59797 7.59496 7.59303 7.58626 7.56907 7.55514 7.56848 7.58763 7.59220 7.59144 7.59001 7.58517 7.58617 7.60188 7.61536 7.62160 7.62601 7.62933 7.63182 7.63368 7.63495 7.63556 7.63532 7.63334 7.62895 7.62638 7.62756 7.62895 7.62852 7.62844 7.63079 7.63272 7.63093 7.62316 7.61074 7.61093 7.61598 7.61921 7.62407 7.62819 7.63146 7.63435 7.63822 7.64136 7.64195 7.64034 7.63886 7.63753 7.63591 7.63459 7.63336 7.63089 7.62863 7.62733 7.62578 7.62375 7.62902 7.63291 7.63403 7.63585 7.63811 7.63941 7.63975
7.59634 7.59984 7.59868 7.59525 7.59066 7.58872 7.58137 7.56577 7.54392 7.55871 7.58391 7.59149 7.59236 7.59117 7.58436 7.57779 7.59361 7.61098 7.61834 7.62339 7.62719 7.63000 7.63206 7.63342 7.63406 7.63367 7.63031 7.62548 7.62529 7.62809 7.62979 7.62925 7.62694 7.62613 7.62870 7.62932 7.62357 7.61735 7.61883 7.62140 7.62251 7.62488 7.62655 7.62844 7.63250 7.63724 7.64069 7.64152 7.64092 7.64073 7.64028 7.63833 7.63456 7.62970 7.62708 7.63024 7.62983 7.62800 7.62145 7.62179 7.62997 7.63413 7.63665 7.63845 7.63913 7.63921
7.59206 7.59487 7.59468 7.59152 7.58501 7.58115 7.57450 7.55317 7.53846 7.56369 7.58453 7.58869 7.58987 7.58934 7.58480 7.57265 7.58178 7.60449 7.61464 7.62046 7.62479 7.62800 7.63032 7.63184 7.63256 7.63217 7.62825 7.62332 7.62470 7.62870 7.63106 7.63154 7.63046 7.62794 7.62707 7.62803 7.62615 7.62383 7.62316 7.62416 7.62396 7.62294 7.62193 7.62483 7.63085 7.63560 7.63811 7.63864 7.63925 7.64007 7.63994 7.63621 7.62584 7.61300 7.61456 7.62156 7.62802 7.62829 7.62231 7.62108 7.62785 7.63346 7.63651 7.63772 7.63803 7.63802
7.58691 7.58992 7.58984 7.58636 7.57840 7.56908 7.56184 7.54889 7.55423 7.57299 7.58092 7.58185 7.58358 7.58470 7.58459 7.57686 7.57285 7.59209 7.60917 7.61717 7.62209 7.62573 7.62839 7.63017 7.63109 7.63097 7.62806 7.62287 7.62208 7.62545 7.62870 7.63082 7.63152 7.63098 7.62992 7.62988 7.62972 7.62832 7.62642 7.62567 7.62547 7.62423 7.61912 7.61724 7.62540 7.63184 7.63342 7.63401 7.63569 7.63625 7.63460 7.62650 7.60559 7.57160 7.57383 7.60272 7.62348 7.62662 7.62593 7.62506 7.62744 7.63243 7.63509 7.63606 7.63644 7.63641
7.58353 7.58611 7.58505 7.58022 7.57205 7.56051 7.55171 7.54930 7.55465 7.56452 7.57053 7.57106 7.57281 7.57649 7.58074 7.57950 7.57654 7.58447 7.60096 7.61293 7.61906 7.62312 7.62612 7.62824 7.62949 7.62987 7.62880 7.62475 7.62073 7.62182 7.62514 7.62828 7.63033 7.63137 7.63160 7.63161 7.63175 7.63086 7.62876 7.62679 7.62592 7.62578 7.62332 7.61565 7.61607 7.62452 7.62669 7.62728 7.62898 7.62877 7.62549 7.61157 7.57283 7.56143 7.54805 7.59078 7.62171 7.62638 7.62827 7.62615 7.62663 7.62916 7.63106 7.63306 7.63419 7.63432
7.58365 7.58353 7.58110 7.57515 7.56636 7.55605 7.54729 7.54516 7.54993 7.55806 7.56391 7.56825 7.56859 7.56758 7.57363 7.57469 7.57720 7.58576 7.59497 7.60646 7.61521 7.62014 7.62344 7.62583 7.62746 7.62833 7.62841 7.62705 7.62320 7.62124 7.62314 7.62624 7.62880 7.63046 7.63130 7.63160 7.63197 7.63196 7.63100 7.62914 7.62737 7.62666 7.62590 7.62159 7.61474 7.61637 7.61964 7.62014 7.61954 7.61859 7.61693 7.61162 7.58701 7.55622 7.57621 7.61099 7.62096 7.62381 7.62554 7.62733 7.63032 7.62731 7.62741 7.62932 7.63102 7.63143
7.58177 7.58018 7.57721 7.57129 7.56202 7.55266 7.54657 7.54597 7.55160 7.56057 7.56951 7.57584 7.57089 7.56561 7.57188 7.57512 7.57756 7.58489 7.59155 7.59966 7.60910 7.61627 7.62018 7.62278 7.62465 7.62591 7.62655 7.62631 7.62418 7.62193 7.62241 7.62474 7.62707 7.62872 7.62967 7.63013 7.63073 7.63124 7.63140 7.63098 7.63017 7.62952 7.62871 7.62602 7.61922 7.61214 7.61270 7.61266 7.61011 7.60953 7.61154 7.61451 7.61271 7.60854 7.61123 7.61989 7.62328 7.62776 7.62950 7.63058 7.62954 7.62741 7.62611 7.62614 7.62766 7.62748
7.57686 7.57279 7.57142 7.56704 7.55783 7.54842 7.54402 7.54594 7.55314 7.56311 7.57149 7.57303 7.56840 7.56816 7.57422 7.57898 7.58136 7.58538 7.59039 7.59630 7.60277 7.60989 7.61497 7.61796 7.61998 7.62148 7.62225 7.62198 7.62073 7.62037 7.62147 7.62313 7.62473 7.62596 7.62671 7.62706 7.62778 7.62828 7.62730 7.62595 7.62674 7.62947 7.63186 7.63087 7.62758 7.62201 7.61926 7.61890 7.61753 7.61762 7.61985 7.62257 7.62407 7.62380 7.62289 7.62587 7.62968 7.63372 7.63497 7.63480 7.63186 7.62627 7.62540 7.62470 7.62326 7.62096
7.57184 7.56261 7.56257 7.56245 7.55331 7.54264 7.53810 7.54082 7.54805 7.55720 7.56452 7.56670 7.56689 7.57045 7.57668 7.58210 7.58508 7.58791 7.59174 7.59621 7.60040 7.60428 7.60803 7.61039 7.61239 7.61451 7.61589 7.61639 7.61722 7.61909 7.62061 7.62137 7.62191 7.62249 7.62286 7.62255 7.62217 7.62113 7.61817 7.61792 7.62084 7.62325 7.62554 7.62992 7.63334 7.63320 7.63193 7.63152 7.63097 7.63070 7.63072 7.63067 7.63121 7.63127 7.63091 7.63142 7.63409 7.63530 7.63466 7.63249 7.62768 7.62197 7.62091 7.61842 7.61511 7.61200
7.56585 7.55764 7.55417 7.55948 7.54966 7.53528 7.52855 7.53061 7.53765 7.54727 7.55660 7.56260 7.56682 7.57231 7.57820 7.58180 7.58463 7.59030 7.59438 7.59755 7.60051 7.60305 7.60526 7.60698 7.60900 7.61138 7.61346 7.61510 7.61702 7.61923 7.62022 7.61973 7.61903 7.61901 7.61910 7.61816 7.61575 7.61217 7.61171 7.61540 7.61971 7.62209 7.62220 7.62251 7.62772 7.63250 7.63434 7.63469 7.63456 7.63445 7.63437 7.63428 7.63433 7.63447 7.63463 7.63459 7.63454 7.63326 7.63051 7.62475 7.61718 7.61496 7.61387 7.61126 7.60843 7.60500
7.56820 7.55187 7.54880 7.55892 7.54630 7.52597 7.51539 7.51717 7.52599 7.53852 7.55159 7.56101 7.56745 7.57340 7.57905 7.58094 7.58488 7.59259 7.59572 7.59772 7.60025 7.60308 7.60617 7.60926 7.61170 7.61350 7.61514 7.61685 7.61854 7.61975 7.61984 7.61802 7.61608 7.61586 7.61618 7.61530 7.61260 7.61042 7.61062 7.61317 7.61697 7.62078 7.62283 7.62088 7.62058 7.62536 7.63007 7.63311 7.63437 7.63503 7.63537 7.63553 7.63556 7.63538 7.63495 7.63371 7.63088 7.62702 7.62116 7.61282 7.61006 7.61077 7.60695 7.60287 7.60042 7.59760
7.56028 7.53953 7.54511 7.55865 7.54051 7.51257 7.49702 7.50130 7.51719 7.53502 7.55052 7.56142 7.56856 7.57431 7.58119 7.58490 7.58504 7.58929 7.59301 7.59566 7.59841 7.60173 7.60568 7.60960 7.61234 7.61433 7.61598 7.61768 7.61886 7.61941 7.61879 7.61591 7.61318 7.61327 7.61494 7.61504 7.61295 7.60842 7.60101 7.60270 7.60888 7.61493 7.61956 7.62124 7.62043 7.62002 7.62226 7.62643 7.63031 7.63295 7.63427 7.63500 7.63528 7.63482 7.63343 7.63009 7.62525 7.61996 7.61300 7.60831 7.60860 7.60597 7.60052 7.59613 7.59437 7.59285
7.53777 7.53343 7.55174 7.55800 7.53093 7.49542 7.47717 7.48852 7.51518 7.53794 7.55287 7.56196 7.56874 7.57493 7.58192 7.58646 7.58727 7.58833 7.59079 7.59331 7.59572 7.59874 7.60238 7.60672 7.61033 7.61263 7.61460 7.61652 7.61772 7.61828 7.61694 7.61365 7.61147 7.61212 7.61390 7.61409 7.60964 7.59802 7.59335 7.59907 7.60312 7.60763 7.61352 7.61877 7.62167 7.62220 7.62126 7.62109 7.62377 7.62787 7.63145 7.63340 7.63406 7.63351 7.63110 7.62640 7.62163 7.61705 7.61182 7.60917 7.60732 7.60354 7.59995 7.59734 7.59575 7.59463
7.55096 7.55461 7.56573 7.55385 7.51628 7.47685 7.46346 7.48624 7.52074 7.54421 7.55664 7.56232 7.56674 7.57230 7.57946 7.58467 7.58699 7.58824 7.58980 7.59171 7.59352 7.59565 7.59785 7.60109 7.60541 7.60860 7.61134 7.61375 7.61561 7.61659 7.61464 7.61108 7.60967 7.61117 7.61256 7.61187 7.60478 7.59397 7.60046 7.60989 7.60721 7.60403 7.60670 7.61391 7.61946 7.62295 7.62361 7.62233 7.62167 7.62290 7.62680 7.63088 7.63260 7.63221 7.62927 7.62393 7.61888 7.61416 7.60945 7.60710 7.60476 7.60188 7.60071 7.60023 7.59934 7.59944
7.57791 7.57430 7.56447 7.53844 7.49961 7.46968 7.46831 7.49578 7.52798 7.54775 7.55778 7.56196 7.56434 7.56793 7.57220 7.57269 7.58270 7.58659 7.58814 7.58940 7.59136 7.59332 7.59486 7.59643 7.59968 7.60358 7.60692 7.60962 7.61213 7.61396 7.61181 7.60757 7.60693 7.61002 7.61185 7.61081 7.60437 7.59740 7.60335 7.61518 7.61548 7.60710 7.60301 7.60812 7.61396 7.61968 7.62214 7.62300 7.62262 7.62195 7.62325 7.62747 7.63082 7.63100 7.62795 7.62197 7.61593 7.61068 7.60591 7.60289 7.60017 7.59865 7.59987 7.60203 7.60351 7.60497
7.58198 7.56957 7.54699 7.51686 7.49245 7.48452 7.49211 7.51127 7.53197 7.54541 7.55280 7.55691 7.56058 7.56201 7.54433 7.50149 7.55878 7.58096 7.58446 7.58596 7.58804 7.59093 7.59423 7.59627 7.59811 7.60065 7.60309 7.60506 7.60719 7.60973 7.60806 7.60301 7.60500 7.61000 7.61105 7.60974 7.60610 7.60254 7.60481 7.61415 7.62026 7.61378 7.60577 7.60774 7.61167 7.61551 7.61818 7.62153 7.62281 7.62190 7.62156 7.62484 7.62894 7.62975 7.62681 7.62028 7.61316 7.60771 7.60191 7.59623 7.59264 7.59373 7.59850 7.60377 7.60721 7.60934
7.57433 7.55522 7.52809 7.50573 7.50207 7.51060 7.51956 7.52714 7.53428 7.53986 7.54326 7.54615 7.55104 7.54210 7.47556 7.46455 7.49441 7.56837 7.58096 7.58317 7.58542 7.58865 7.59305 7.59684 7.59883 7.60006 7.60096 7.60137 7.60153 7.60336 7.60297 7.59937 7.60431 7.60869 7.60870 7.60806 7.60746 7.60753 7.60816 7.61279 7.61948 7.61715 7.60776 7.60724 7.61245 7.61730 7.61827 7.61884 7.62097 7.62026 7.61956 7.62355 7.62785 7.62843 7.62550 7.61888 7.61073 7.60404 7.59497 7.58697 7.58519 7.58903 7.59757 7.60518 7.60886 7.61081
7.56336 7.54114 7.51857 7.51425 7.52644 7.53702 7.54000 7.53803 7.53552 7.53452 7.53420 7.53492 7.53992 7.53574 7.50500 7.48207 7.51436 7.56918 7.57920 7.58227 7.58470 7.58757 7.59136 7.59525 7.59822 7.59967 7.59997 7.59963 7.59810 7.59672 7.59581 7.59848 7.60463 7.60582 7.60510 7.60576 7.60831 7.61142 7.61208 7.61414 7.61918 7.61786 7.60752 7.60381 7.60936 7.61422 7.61529 7.61684 7.61781 7.61714 7.61891 7.62426 7.62731 7.62707 7.62407 7.61770 7.60819 7.59939 7.58753 7.57767 7.57756 7.58529 7.59743 7.60460 7.60803 7.61069
7.55485 7.53808 7.52627 7.53210 7.54512 7.54977 7.54665 7.54000 7.53367 7.52978 7.52835 7.52836 7.53359 7.54432 7.54745 7.52988 7.54600 7.57036 7.57822 7.58367 7.58551 7.58672 7.59056 7.59385 7.59636 7.59798 7.59830 7.59780 7.59633 7.59301 7.59231 7.59881 7.60195 7.60096 7.60167 7.60576 7.61092 7.61456 7.61495 7.61513 7.61858 7.61850 7.60771 7.59900 7.60433 7.61186 7.61453 7.61511 7.61516 7.61629 7.62125 7.62548 7.62655 7.62570 7.62262 7.61689 7.60665 7.59465 7.58158 7.56935 7.56892 7.58396 7.59811 7.60185 7.60644 7.61006
7.55248 7.54623 7.54363 7.54532 7.54886 7.54853 7.54362 7.53666 7.53052 7.52667 7.52546 7.52639 7.53031 7.54184 7.55226 7.55129 7.55659 7.56919 7.57853 7.58458 7.58636 7.58734 7.58993 7.59252 7.59442 7.59556 7.59581 7.59530 7.59448 7.59243 7.59265 7.59618 7.59704 7.59740 7.60280 7.60977 7.61399 7.61599 7.61628 7.61498 7.61609 7.61632 7.60858 7.59593 7.59796 7.60746 7.61114 7.61182 7.61377 7.61875 7.62365 7.62544 7.62563 7.62433 7.62107 7.61554 7.60492 7.59148 7.58020 7.56563 7.56189 7.58274 7.59647 7.59981 7.60573 7.60872
7.55495 7.55689 7.55954 7.55722 7.55219 7.54654 7.54026 7.53403 7.52950 7.52698 7.52572 7.52622 7.52912 7.53585 7.54428 7.55019 7.55671 7.56669 7.57652 7.58297 7.58612 7.58791 7.58925 7.59053 7.59215 7.59336 7.59372 7.59354 7.59355 7.59384 7.59477 7.59560 7.59758 7.60268 7.60885 7.61341 7.61540 7.61640 7.61610 7.61465 7.61523 7.61465 7.60652 7.59328 7.59519 7.60394 7.60691 7.60921 7.61504 7.62110 7.62399 7.62491 7.62467 7.62293 7.61943 7.61369 7.60218 7.58701 7.57611 7.56635 7.56767 7.58400 7.59517 7.60084 7.60544 7.60633
7.56226 7.56715 7.56963 7.56536 7.55679 7.54821 7.54142 7.53646 7.53319 7.53131 7.52976 7.52818 7.52902 7.53337 7.53943 7.54585 7.55326 7.56228 7.57185 7.57947 7.58442 7.58728 7.58892 7.59009 7.59163 7.59341 7.59456 7.59531 7.59620 7.59783 7.60020 7.60211 7.60547 7.60994 7.61266 7.61440 7.61567 7.61618 7.61485 7.61434 7.61613 7.61395 7.60254 7.59312 7.59734 7.60215 7.60385 7.60985 7.61777 7.62197 7.62368 7.62422 7.62360 7.62146 7.61768 7.61165 7.59941 7.58233 7.57044 7.56692 7.57497 7.58889 7.59723 7.60161 7.60268 7.60137
7.57010 7.57272 7.57160 7.56591 7.55784 7.55043 7.54545 7.54234 7.53937 7.53677 7.53455 7.53199 7.53066 7.53363 7.53892 7.54428 7.55037 7.55772 7.56632 7.57456 7.58098 7.58558 7.58909 7.59195 7.59425 7.59637 7.59811 7.59963 7.60115 7.60303 7.60555 7.60793 7.61000 7.61169 7.61323 7.61461 7.61536 7.61461 7.61254 7.61290 7.61506 7.61177 7.60112 7.59513 7.59784 7.59972 7.60294 7.61126 7.61865 7.62172 7.62309 7.62334 7.62233 7.61980 7.61567 7.60925 7.59653 7.57879 7.56673 7.56478 7.57322 7.58544 7.59243 7.59533 7.59567 7.59317
7.57240 7.57236 7.56793 7.56029 7.55438 7.55092 7.54897 7.54677 7.54285 7.53856 7.53489 7.53288 7.53333 7.53649 7.54089 7.54475 7.54888 7.55439 7.56141 7.56916 7.57669 7.58336 7.58886 7.59312 7.59609 7.59843 7.60017 7.60155 7.60316 7.60509 7.60724 7.60903 7.61052 7.61211 7.61357 7.61437 7.61411 7.61179 7.60917 7.61046 7.61245 7.60773 7.59810 7.59431 7.59618 7.59566 7.59948 7.60941 7.61796 7.62102 7.62226 7.62228 7.62084 7.61786 7.61319 7.60607 7.59256 7.57562 7.56492 7.56056 7.56521 7.57858 7.58885 7.59198 7.59185 7.58865
7.56999 7.56765 7.55981 7.55122 7.54953 7.55074 7.55103 7.54817 7.54237 7.53635 7.53226 7.53215 7.53565 7.54018 7.54415 7.54638 7.54869 7.55297 7.55877 7.56517 7.57261 7.58022 7.58677 7.59187 7.59566 7.59833 7.60017 7.60136 7.60255 7.60443 7.60656 7.60826 7.61004 7.61197 7.61302 7.61282 7.61091 7.60738 7.60619 7.60924 7.61127 7.60470 7.59364 7.59209 7.59881 7.59727 7.59256 7.60592 7.61693 7.62017 7.62129 7.62106 7.61911 7.61550 7.61000 7.60119 7.58541 7.56994 7.56370 7.56035 7.56153 7.57740 7.59137 7.59453 7.59366 7.58979
7.56374 7.55849 7.54729 7.54255 7.54678 7.55118 7.55146 7.54683 7.53902 7.53182 7.52817 7.53144 7.53851 7.54389 7.54733 7.54844 7.54937 7.55308 7.55882 7.56420 7.57002 7.57673 7.58343 7.58956 7.59402 7.59675 7.59871 7.59996 7.60046 7.60170 7.60395 7.60590 7.60825 7.61059 7.61130 7.60957 7.60610 7.60391 7.60600 7.61028 7.61077 7.60191 7.59105 7.58992 7.59567 7.59473 7.59534 7.60632 7.61625 7.61929 7.62020 7.61957 7.61703 7.61264 7.60594 7.59410 7.57366 7.55547 7.55756 7.56669 7.57121 7.57756 7.58663 7.59161 7.59238 7.58966
