mrvbf_slope1_pctl1.2.asc
NCOLS 410
NROWS 410
XLLCORNER 2398750.0000000000000000
YLLCORNER 2548750.0000000000000000
CELLSIZE 250.0000000000000000
NODATA_VALUE -99999.00000
[rows 145 to 173 of 410, columns 0 to 65 of 410]
-99999.00000 -99999.00000 -99999.00000 -99999.00000 -99999.00000 7.61721 7.61899 7.62964 7.64057 7.64293 7.63054 7.64185 7.65412 7.65805 7.65629 7.65337 7.65586 7.66633 7.66970 7.66054 7.65210 7.65255 7.64096 7.61812 7.60980 7.58916 7.59562 7.59714 7.59405 7.62254 7.61153 7.54999 7.55668 7.59941 7.59869 7.60141 7.62190 7.62517 7.62354 7.61362 7.60073 7.58966 7.58661 7.58716 7.59036 7.60070 7.61377 7.61003 7.60621 7.61813 7.61378 7.60894 7.60751 7.60716 7.60922 7.61576 7.61947 7.61517 7.61264 7.59034 7.57300 7.55670 7.55406 7.57081 7.57531 7.56108
-99999.00000 -99999.00000 -99999.00000 -99999.00000 -99999.00000 7.63421 7.62208 7.61675 7.63086 7.64149 7.63683 7.64750 7.65223 7.66186 7.66477 7.66796 7.67016 7.67283 7.67301 7.66942 7.66452 7.66139 7.64475 7.62471 7.62357 7.60366 7.60482 7.61799 7.62213 7.62899 7.61170 7.59003 7.57875 7.59667 7.59258 7.59594 7.62749 7.62966 7.63332 7.62837 7.61598 7.59998 7.59086 7.58875 7.59149 7.59714 7.59949 7.59854 7.60338 7.62081 7.62394 7.61975 7.61519 7.60782 7.59871 7.60105 7.60735 7.60700 7.58566 7.58072 7.58233 7.56433 7.55854 7.58446 7.60778 7.59304
-99999.00000 -99999.00000 -99999.00000 -99999.00000 -99999.00000 7.63295 7.61300 7.60142 7.62301 7.62487 7.61636 7.63793 7.65033 7.65675 7.66284 7.66874 7.67090 7.67056 7.66762 7.66050 7.65387 7.65428 7.63729 7.61157 7.60716 7.59560 7.60595 7.63279 7.63521 7.62867 7.61956 7.62344 7.60544 7.57820 7.59752 7.58120 7.61571 7.62465 7.62267 7.61134 7.59843 7.58803 7.58195 7.58193 7.58997 7.59835 7.58926 7.58403 7.60149 7.62269 7.62975 7.62924 7.62505 7.61174 7.59401 7.59167 7.61107 7.59569 7.58729 7.59498 7.60335 7.57951 7.55100 7.56727 7.60173 7.61381
-99999.00000 -99999.00000 -99999.00000 -99999.00000 -99999.00000 7.63267 7.62278 7.60430 7.61592 7.59608 7.59793 7.63585 7.64625 7.64814 7.65205 7.65916 7.66437 7.66242 7.65194 7.63972 7.63772 7.64062 7.62478 7.59192 7.59288 7.58506 7.58782 7.62933 7.63678 7.62623 7.62834 7.62568 7.60013 7.57790 7.57412 7.55802 7.58040 7.60853 7.59797 7.58268 7.57426 7.57005 7.56892 7.57089 7.58075 7.59305 7.59036 7.59497 7.60941 7.62407 7.63183 7.63383 7.62771 7.61070 7.59674 7.59920 7.60787 7.60322 7.60266 7.60959 7.61311 7.60781 7.57085 7.55095 7.57754 7.60964
-99999.00000 -99999.00000 -99999.00000 -99999.00000 -99999.00000 7.61450 7.61597 7.59538 7.60272 7.59513 7.61194 7.62655 7.63943 7.64535 7.64498 7.64737 7.65076 7.64534 7.63362 7.63151 7.63272 7.63215 7.61953 7.58319 7.59167 7.59980 7.58367 7.61490 7.63548 7.63206 7.63359 7.61720 7.61015 7.59957 7.55881 7.57937 7.56902 7.54421 7.55166 7.57198 7.57507 7.56789 7.56810 7.56979 7.57562 7.59070 7.60542 7.61774 7.62084 7.62628 7.63119 7.63341 7.62668 7.60837 7.59703 7.60433 7.60800 7.60824 7.61172 7.61283 7.62357 7.62353 7.60154 7.56921 7.56732 7.59548
-99999.00000 -99999.00000 -99999.00000 -99999.00000 -99999.00000 7.60749 7.61296 7.60930 7.61277 7.60109 7.61301 7.63368 7.64105 7.64870 7.64749 7.64340 7.63868 7.63292 7.63136 7.63606 7.62925 7.63261 7.62456 7.59269 7.59875 7.61786 7.60543 7.61403 7.62838 7.63333 7.63665 7.62770 7.62902 7.62459 7.59851 7.58466 7.57284 7.54258 7.50068 7.56749 7.59057 7.57883 7.58532 7.58559 7.58228 7.59286 7.61039 7.61903 7.62584 7.62995 7.62961 7.63130 7.62396 7.60720 7.59892 7.59759 7.59623 7.59587 7.60037 7.60528 7.61518 7.61679 7.60492 7.58501 7.57713 7.58856
-99999.00000 -99999.00000 -99999.00000 -99999.00000 -99999.00000 7.61611 7.62091 7.60917 7.62073 7.61693 7.61470 7.63932 7.64494 7.65103 7.65405 7.64789 7.64006 7.63728 7.63736 7.63348 7.61675 7.61905 7.61743 7.59969 7.61461 7.63279 7.62121 7.61970 7.62137 7.62635 7.63717 7.63005 7.61759 7.60790 7.59121 7.57791 7.56955 7.52805 7.52899 7.57147 7.58417 7.59743 7.61200 7.60850 7.59357 7.59106 7.60625 7.62046 7.62231 7.62430 7.62466 7.62709 7.61722 7.61558 7.60424 7.59427 7.58974 7.58727 7.58329 7.57883 7.58068 7.58193 7.58211 7.58776 7.59533 7.59518
-99999.00000 -99999.00000 -99999.00000 -99999.00000 -99999.00000 7.59561 7.60844 7.58104 7.60199 7.62102 7.63162 7.63235 7.63450 7.64811 7.65090 7.64920 7.64877 7.64556 7.63946 7.63386 7.61819 7.61448 7.61628 7.60740 7.62410 7.63635 7.62419 7.61626 7.61015 7.61131 7.62540 7.62087 7.59822 7.59053 7.55568 7.58513 7.56583 7.56991 7.60545 7.60766 7.61571 7.62553 7.62492 7.61797 7.59972 7.59112 7.60489 7.61893 7.62018 7.61175 7.61826 7.62960 7.62492 7.61422 7.61391 7.60701 7.59662 7.58834 7.57992 7.56921 7.55996 7.55890 7.56881 7.58815 7.60662 7.60956
-99999.00000 -99999.00000 -99999.00000 -99999.00000 -99999.00000 7.60586 7.60611 7.58438 7.61317 7.62119 7.64270 7.64233 7.62445 7.63502 7.64249 7.64229 7.64237 7.63789 7.62544 7.62758 7.62661 7.62530 7.62569 7.61483 7.62898 7.64062 7.63166 7.62349 7.61403 7.60482 7.61466 7.62288 7.59561 7.58417 7.56842 7.57039 7.60792 7.62418 7.63297 7.63766 7.63885 7.63519 7.62822 7.61443 7.59578 7.58950 7.60050 7.60644 7.59907 7.60522 7.62230 7.63397 7.63197 7.62394 7.62537 7.61634 7.60134 7.59114 7.58572 7.58023 7.57434 7.57386 7.57697 7.58569 7.60020 7.61302
-99999.00000 -99999.00000 -99999.00000 -99999.00000 -99999.00000 7.62320 7.62002 7.58783 7.60810 7.61344 7.63304 7.63929 7.63321 7.62367 7.63135 7.63752 7.64215 7.64035 7.62719 7.62281 7.62472 7.62989 7.61888 7.60995 7.62983 7.64394 7.63993 7.63511 7.62260 7.61230 7.62024 7.62317 7.60178 7.56775 7.59841 7.57512 7.61682 7.62907 7.63383 7.63314 7.62246 7.61683 7.61466 7.60295 7.58648 7.58408 7.59372 7.60009 7.60667 7.62285 7.63371 7.63202 7.62504 7.62466 7.62568 7.61156 7.59458 7.59386 7.59743 7.59805 7.59690 7.59539 7.59110 7.58390 7.58207 7.59290
-99999.00000 -99999.00000 -99999.00000 -99999.00000 -99999.00000 7.61827 7.62179 7.59092 7.58150 7.60725 7.62072 7.63403 7.62563 7.60089 7.59840 7.60546 7.61174 7.62738 7.63743 7.63573 7.63713 7.62599 7.60857 7.61021 7.63349 7.63604 7.62320 7.61444 7.60625 7.60848 7.62265 7.60935 7.58940 7.56524 7.57908 7.56712 7.59831 7.62346 7.63171 7.62505 7.61131 7.60058 7.59128 7.58110 7.57485 7.58338 7.59997 7.61263 7.62379 7.63574 7.63406 7.61611 7.60821 7.61483 7.61742 7.60216 7.59053 7.60303 7.61192 7.61435 7.61391 7.61151 7.60525 7.59150 7.57407 7.56537
-99999.00000 -99999.00000 -99999.00000 -99999.00000 -99999.00000 7.58387 7.61688 7.59941 7.58668 7.60623 7.60915 7.61251 7.59875 7.57111 7.59278 7.60317 7.60108 7.61153 7.62827 7.62364 7.61864 7.61766 7.61889 7.62536 7.63235 7.60332 7.58029 7.57629 7.58285 7.59209 7.59862 7.59353 7.60974 7.58974 7.57816 7.58923 7.58271 7.62540 7.63397 7.62874 7.62303 7.60000 7.57551 7.56334 7.56929 7.59215 7.61396 7.62239 7.62272 7.62753 7.61738 7.59981 7.60362 7.60990 7.61420 7.60400 7.59578 7.60596 7.61415 7.61722 7.61698 7.61433 7.60892 7.60015 7.58688 7.57184
-99999.00000 -99999.00000 -99999.00000 -99999.00000 -99999.00000 7.58467 7.61847 7.60671 7.59176 7.60653 7.61381 7.60951 7.59583 7.57824 7.61449 7.62763 7.61775 7.61340 7.61889 7.61359 7.62057 7.63533 7.64489 7.63333 7.60413 7.54750 7.55473 7.58202 7.60622 7.61200 7.60435 7.61378 7.59969 7.59613 7.59926 7.60130 7.58636 7.61826 7.63896 7.64068 7.62513 7.59953 7.57351 7.55989 7.57250 7.60083 7.61692 7.61640 7.61051 7.61491 7.61046 7.59552 7.60611 7.60442 7.60847 7.60785 7.59496 7.59812 7.60743 7.61314 7.61480 7.61242 7.60699 7.60227 7.59647 7.59186
-99999.00000 -99999.00000 -99999.00000 -99999.00000 -99999.00000 7.59816 7.61731 7.58112 7.56900 7.60313 7.61365 7.61037 7.60440 7.58735 7.60617 7.63354 7.63628 7.62835 7.62250 7.62173 7.63253 7.64382 7.64752 7.62605 7.57696 7.56582 7.57690 7.57620 7.58583 7.58668 7.60334 7.60401 7.61531 7.63014 7.62249 7.61942 7.60339 7.61666 7.64062 7.64199 7.62482 7.60489 7.58515 7.56979 7.57346 7.59389 7.60486 7.59699 7.58185 7.59209 7.60982 7.59976 7.59531 7.59968 7.60683 7.60788 7.59658 7.59570 7.60277 7.60787 7.60945 7.60776 7.60645 7.60640 7.59689 7.58406
-99999.00000 -99999.00000 -99999.00000 -99999.00000 -99999.00000 7.59001 7.59884 7.56142 7.56072 7.59847 7.59588 7.61216 7.61631 7.61335 7.60360 7.62810 7.64452 7.64298 7.63576 7.63199 7.63263 7.62748 7.62306 7.61206 7.59534 7.57798 7.56999 7.57881 7.58513 7.58877 7.60691 7.61110 7.63649 7.64344 7.61793 7.61997 7.59784 7.61859 7.63580 7.63803 7.62975 7.61808 7.60286 7.58308 7.57263 7.58202 7.58732 7.57059 7.55996 7.55349 7.58874 7.60538 7.60260 7.60195 7.59826 7.58556 7.57863 7.58312 7.59071 7.59454 7.59535 7.59628 7.59984 7.60325 7.59559 7.58617
-99999.00000 -99999.00000 -99999.00000 -99999.00000 -99999.00000 7.56032 7.57702 7.55462 7.55491 7.58908 7.58443 7.61054 7.62116 7.62595 7.61509 7.62279 7.63427 7.63850 7.63261 7.61980 7.60815 7.59744 7.60042 7.59765 7.59141 7.56208 7.59434 7.60827 7.59052 7.58046 7.61228 7.62496 7.64023 7.63167 7.61185 7.61249 7.60158 7.61726 7.63040 7.63846 7.63860 7.63079 7.61595 7.59300 7.57210 7.57276 7.57148 7.55594 7.56337 7.53285 7.55454 7.58837 7.59765 7.58740 7.56303 7.54749 7.54751 7.55401 7.56120 7.56825 7.57418 7.57882 7.58286 7.58451 7.57792 7.56788
-99999.00000 -99999.00000 -99999.00000 -99999.00000 -99999.00000 7.57107 7.58736 7.57389 7.55258 7.56567 7.58592 7.59667 7.61777 7.63107 7.62513 7.62275 7.62487 7.62495 7.61693 7.59851 7.57789 7.57757 7.58772 7.58203 7.54971 7.54510 7.61345 7.62498 7.60504 7.57799 7.60154 7.62542 7.63087 7.61748 7.61912 7.61383 7.59806 7.60900 7.62644 7.63949 7.64386 7.63816 7.62538 7.60776 7.58367 7.57161 7.56297 7.55330 7.56465 7.53569 7.53789 7.55499 7.56131 7.53615 7.51163 7.51666 7.52781 7.53205 7.53488 7.54440 7.55528 7.56034 7.56256 7.56419 7.56091 7.54596
-99999.00000 -99999.00000 -99999.00000 -99999.00000 -99999.00000 7.58204 7.59236 7.58969 7.55809 7.56219 7.58773 7.60405 7.62591 7.64077 7.63796 7.63235 7.62852 7.62471 7.61781 7.61007 7.60686 7.61230 7.60946 7.59140 7.56250 7.57716 7.61109 7.61789 7.60603 7.58783 7.60183 7.62450 7.62806 7.61895 7.62395 7.62339 7.60123 7.59944 7.61609 7.63101 7.63878 7.63696 7.62984 7.62257 7.60580 7.58897 7.56967 7.55657 7.55047 7.51203 7.52168 7.52562 7.52123 7.49670 7.49949 7.52645 7.54535 7.54616 7.54311 7.54580 7.54901 7.54592 7.54419 7.55063 7.55828 7.55118
-99999.00000 -99999.00000 -99999.00000 -99999.00000 -99999.00000 7.56573 7.57709 7.57317 7.57027 7.58987 7.61029 7.62223 7.63120 7.64165 7.64615 7.64537 7.64133 7.63745 7.63625 7.63970 7.63538 7.63027 7.61865 7.60392 7.61177 7.60806 7.61128 7.61469 7.60882 7.60050 7.61088 7.62810 7.63109 7.61828 7.61474 7.62002 7.59406 7.57883 7.59291 7.60811 7.62057 7.63033 7.62947 7.62508 7.61674 7.60517 7.57656 7.55607 7.53825 7.47863 7.48396 7.51414 7.52427 7.52533 7.54355 7.56657 7.58240 7.58133 7.57780 7.57195 7.56177 7.54407 7.53371 7.53787 7.54987 7.55899
-99999.00000 -99999.00000 -99999.00000 -99999.00000 -99999.00000 7.57942 7.58709 7.58525 7.59380 7.60099 7.60629 7.61093 7.62119 7.63114 7.63896 7.64659 7.65007 7.64857 7.64768 7.64257 7.63010 7.61396 7.59086 7.60987 7.63489 7.63626 7.63311 7.63029 7.62466 7.61634 7.61729 7.62682 7.62574 7.62288 7.60863 7.59938 7.57054 7.56379 7.57629 7.58614 7.59569 7.61261 7.62546 7.62607 7.62196 7.60429 7.56782 7.55141 7.54959 7.51218 7.45852 7.51391 7.53446 7.55053 7.57278 7.57999 7.58470 7.58139 7.58288 7.58673 7.57387 7.55424 7.54126 7.52138 7.53403 7.55909
-99999.00000 -99999.00000 -99999.00000 -99999.00000 -99999.00000 7.57395 7.58561 7.59787 7.60231 7.60555 7.60169 7.60382 7.61195 7.61820 7.62721 7.63326 7.63889 7.64121 7.63881 7.62667 7.60465 7.55960 7.56373 7.60168 7.62649 7.64403 7.64787 7.64173 7.62964 7.61516 7.61039 7.61891 7.62328 7.61972 7.60703 7.58447 7.57113 7.56937 7.57961 7.58850 7.58466 7.59448 7.61530 7.62754 7.62489 7.59829 7.55463 7.55148 7.57018 7.55331 7.50821 7.48667 7.53523 7.53231 7.56661 7.58610 7.59510 7.59333 7.58569 7.58041 7.56178 7.55125 7.56090 7.52085 7.51745 7.54072
-99999.00000 -99999.00000 -99999.00000 -99999.00000 -99999.00000 7.55054 7.57119 7.59128 7.59713 7.60402 7.59124 7.59216 7.60717 7.61219 7.61861 7.61996 7.62198 7.62485 7.62238 7.60304 7.55596 7.54109 7.58137 7.59582 7.61151 7.63394 7.64152 7.63375 7.62397 7.61187 7.60608 7.61530 7.62481 7.61236 7.61365 7.58144 7.58207 7.57634 7.58585 7.60177 7.58692 7.59165 7.60951 7.62251 7.62002 7.58907 7.55136 7.56075 7.58971 7.58199 7.54585 7.51076 7.50736 7.54858 7.56804 7.59525 7.60831 7.60936 7.59954 7.58724 7.56399 7.54337 7.55582 7.54670 7.50852 7.46641
-99999.00000 -99999.00000 -99999.00000 -99999.00000 -99999.00000 7.56189 7.57477 7.58372 7.58286 7.59554 7.58098 7.59916 7.61371 7.61272 7.61441 7.61369 7.60852 7.60766 7.61218 7.57574 7.55930 7.58865 7.60752 7.60013 7.60617 7.62601 7.63269 7.62677 7.62152 7.61142 7.60287 7.61413 7.62557 7.61163 7.60847 7.58905 7.59361 7.58484 7.58616 7.59838 7.59506 7.60455 7.60813 7.60712 7.60473 7.58015 7.56173 7.57557 7.59908 7.60236 7.56833 7.52162 7.51159 7.56103 7.53993 7.56087 7.58848 7.60718 7.60746 7.59680 7.57251 7.54793 7.55814 7.56557 7.51877 7.42516
-99999.00000 -99999.00000 -99999.00000 -99999.00000 -99999.00000 7.58943 7.58386 7.59036 7.58930 7.59334 7.58298 7.60281 7.60878 7.60977 7.61123 7.61134 7.60223 7.60080 7.59499 7.58775 7.60267 7.61213 7.61568 7.60764 7.60694 7.62164 7.62670 7.62496 7.61759 7.60141 7.60179 7.61218 7.61614 7.60146 7.59991 7.58987 7.60039 7.59931 7.60149 7.61550 7.61252 7.61324 7.60581 7.60078 7.60001 7.58997 7.58414 7.59006 7.59408 7.59073 7.57272 7.53986 7.52251 7.52018 7.48784 7.51573 7.54600 7.58337 7.60078 7.58706 7.55420 7.53303 7.54927 7.55299 7.51271 7.46939
-99999.00000 -99999.00000 -99999.00000 -99999.00000 -99999.00000 7.57683 7.56885 7.59436 7.60123 7.59251 7.59325 7.59638 7.60198 7.60246 7.60641 7.60981 7.59649 7.60114 7.59851 7.60960 7.61840 7.61941 7.62347 7.61896 7.60796 7.61225 7.61552 7.61684 7.60896 7.59750 7.60088 7.60931 7.60811 7.58659 7.57532 7.57463 7.58356 7.59147 7.60585 7.62005 7.61344 7.61162 7.61390 7.61771 7.61701 7.61149 7.60295 7.59566 7.58678 7.58095 7.57577 7.56756 7.55084 7.49740 7.51072 7.52480 7.52596 7.56060 7.59178 7.57870 7.54492 7.53369 7.55737 7.55141 7.53390 7.49760
-99999.00000 -99999.00000 -99999.00000 -99999.00000 -99999.00000 7.54095 7.57070 7.57756 7.60031 7.60821 7.60322 7.59174 7.59158 7.59951 7.60171 7.60157 7.58290 7.59914 7.59753 7.61105 7.62033 7.62296 7.62745 7.62811 7.61651 7.60862 7.60838 7.60938 7.59996 7.58502 7.58380 7.59525 7.59877 7.58275 7.54699 7.55279 7.56740 7.58808 7.61181 7.62399 7.61839 7.61763 7.62181 7.62413 7.62878 7.62490 7.61440 7.60519 7.60039 7.59663 7.58967 7.56841 7.56023 7.50039 7.54912 7.55889 7.53649 7.55349 7.58695 7.57724 7.54797 7.54316 7.56045 7.56069 7.55404 7.52162
-99999.00000 -99999.00000 -99999.00000 -99999.00000 -99999.00000 7.52145 7.56724 7.58108 7.58805 7.60282 7.60035 7.58597 7.58760 7.60709 7.59792 7.58733 7.57260 7.59479 7.59521 7.60475 7.61431 7.61907 7.62406 7.62793 7.62467 7.61713 7.61340 7.61201 7.60197 7.58240 7.57157 7.58359 7.58836 7.56408 7.53690 7.54512 7.57056 7.58888 7.61211 7.62296 7.62103 7.61806 7.62152 7.62972 7.63576 7.63445 7.62774 7.62303 7.62045 7.61597 7.60514 7.57591 7.56092 7.51548 7.56387 7.57522 7.54625 7.55198 7.58463 7.57506 7.54580 7.54231 7.55448 7.55230 7.54869 7.52669
-99999.00000 -99999.00000 -99999.00000 -99999.00000 -99999.00000 7.53487 7.58519 7.58743 7.59989 7.60418 7.59085 7.58367 7.59768 7.60689 7.59924 7.57867 7.55810 7.57766 7.58089 7.58944 7.59675 7.60374 7.61152 7.61911 7.62292 7.62248 7.61962 7.61719 7.60967 7.58899 7.56498 7.57520 7.58120 7.56563 7.54676 7.55729 7.59104 7.59372 7.60550 7.61595 7.61712 7.61282 7.61940 7.63204 7.63698 7.63710 7.63383 7.62948 7.62309 7.61499 7.59917 7.57095 7.55997 7.52187 7.55988 7.57993 7.55109 7.55214 7.58424 7.57107 7.53356 7.52135 7.52610 7.52121 7.51437 7.50956
-99999.00000 -99999.00000 -99999.00000 -99999.00000 -99999.00000 7.56584 7.59325 7.59514 7.61011 7.60212 7.58642 7.58373 7.59469 7.60288 7.59440 7.57188 7.54344 7.54057 7.55500 7.56104 7.56750 7.57709 7.58939 7.60187 7.61205 7.61880 7.61856 7.61517 7.60928 7.59989 7.58711 7.57786 7.58476 7.57943 7.57100 7.57111 7.59044 7.60546 7.60658 7.61057 7.60947 7.60623 7.61790 7.63202 7.63542 7.63192 7.62436 7.62201 7.62000 7.60985 7.58082 7.57240 7.54604 7.52316 7.55857 7.58561 7.55658 7.55357 7.58409 7.56984 7.52142 7.49974 7.51647 7.52837 7.52505 7.53365
