mrvbf_slope0.9_pctl1.2.asc
NCOLS 410
NROWS 410
XLLCORNER 2398750.0000000000000000
YLLCORNER 2548750.0000000000000000
CELLSIZE 250.0000000000000000
NODATA_VALUE -99999.00000
[rows 319 to 347 of 410, columns 330 to 395 of 410]
2.71045 2.73820 2.73376 2.74399 2.78580 2.84478 2.92836 3.03878 3.17058 3.30411 3.43512 3.56905 3.73422 3.91710 4.05134 4.12134 4.16106 4.20757 4.27902 4.36358 4.43554 4.48562 4.52379 4.55750 4.59051 4.62771 4.67884 4.74540 4.77955 4.73494 4.65613 4.63230 4.65887 4.67510 4.70088 4.75075 4.78641 4.80832 4.81868 4.82398 4.83054 4.84468 4.88372 4.93309 4.96149 4.99764 5.04741 5.09145 5.12138 5.10207 5.04337 4.97419 4.90664 4.85475 4.82273 4.80882 4.80321 4.79185 4.76268 4.72361 4.68695 4.65473 4.62507 4.55887 4.11018 2.48853
2.56401 2.63230 2.65928 2.67694 2.70571 2.74087 2.80044 2.89073 3.00663 3.15865 3.32856 3.48683 3.64339 3.81583 3.96781 4.06834 4.13431 4.19420 4.25947 4.33205 4.40339 4.45930 4.50132 4.53549 4.56684 4.59754 4.63337 4.68630 4.74222 4.73828 4.68928 4.67174 4.68245 4.70206 4.74653 4.79813 4.79328 4.78435 4.78281 4.78921 4.80462 4.83356 4.89371 4.97775 5.02294 5.04726 5.07900 5.11163 5.13469 5.12993 5.08516 5.01445 4.94139 4.88667 4.85474 4.84598 4.85190 4.85446 4.83296 4.78886 4.74107 4.69631 4.65226 4.60064 4.51998 4.37889
2.30676 2.44642 2.54017 2.59493 2.62306 2.64235 2.67617 2.75101 2.86876 3.04543 3.24746 3.42404 3.57555 3.73427 3.89584 4.02937 4.12990 4.20923 4.27405 4.33542 4.39829 4.45201 4.49321 4.52574 4.55510 4.58321 4.61159 4.64751 4.69721 4.73367 4.72996 4.72295 4.73039 4.75802 4.80983 4.82577 4.79169 4.77047 4.76513 4.77239 4.79218 4.82744 4.88881 4.97722 5.05522 5.08853 5.10756 5.12975 5.14965 5.14838 5.11123 5.04457 4.97348 4.92032 4.88981 4.88594 4.90397 4.92443 4.91815 4.87238 4.80784 4.74476 4.68873 4.63270 4.57624 4.51172
1.87886 2.07762 2.27457 2.42136 2.48810 2.53612 2.57297 2.63345 2.74306 2.92728 3.14652 3.34527 3.50882 3.66548 3.83434 3.99448 4.12917 4.23429 4.30853 4.36317 4.41408 4.46024 4.49784 4.52748 4.55346 4.57978 4.60592 4.63440 4.67209 4.71935 4.76183 4.78132 4.79425 4.82181 4.84270 4.81599 4.78131 4.76292 4.75878 4.76689 4.78731 4.82228 4.87757 4.95502 5.04294 5.10559 5.13690 5.15486 5.16768 5.16536 5.13381 5.07401 5.00825 4.95847 4.92931 4.92784 4.95352 4.98837 4.99857 4.95836 4.88273 4.79978 4.73130 4.67548 4.62696 4.58148
1.63074 1.72482 1.88262 2.08433 2.24271 2.37057 2.46052 2.53432 2.62342 2.75101 2.94569 3.20295 3.42622 3.59887 3.77199 3.94949 4.10958 4.23769 4.32578 4.38391 4.43036 4.47032 4.50377 4.53187 4.55652 4.58116 4.60627 4.63261 4.66381 4.70455 4.75494 4.80149 4.82733 4.83463 4.82076 4.79378 4.77127 4.75979 4.75874 4.76815 4.78820 4.82038 4.86841 4.93334 5.01264 5.08873 5.14334 5.17195 5.18483 5.18342 5.15902 5.10876 5.05043 5.00510 4.97696 4.97460 5.00056 5.04005 5.05993 5.02625 4.94762 4.85258 4.77271 4.71388 4.66987 4.63515
1.58856 1.60391 1.65500 1.75179 1.92846 2.10527 2.25168 2.38410 2.49753 2.57133 2.70288 2.99981 3.32610 3.53309 3.70532 3.88270 4.05688 4.20718 4.31170 4.37925 4.43007 4.47199 4.50579 4.53368 4.55865 4.58318 4.60807 4.63356 4.66157 4.69451 4.73340 4.77203 4.79642 4.80070 4.79043 4.77599 4.76421 4.75911 4.76135 4.77216 4.79214 4.82204 4.86408 4.91878 4.98621 5.05917 5.12592 5.17189 5.19609 5.20215 5.18790 5.14983 5.10107 5.06147 5.03476 5.02914 5.04892 5.08226 5.10086 5.07122 4.99575 4.89889 4.81242 4.74935 4.70536 4.67558
1.56379 1.56474 1.52704 1.55152 1.64794 1.84360 2.05411 2.15215 2.31402 2.43957 2.54160 2.77638 3.18194 3.45553 3.63277 3.79653 3.97281 4.14375 4.26792 4.34934 4.41050 4.46080 4.50066 4.53234 4.55928 4.58449 4.60953 4.63479 4.66121 4.68948 4.71982 4.74818 4.76744 4.77376 4.77064 4.76467 4.75998 4.75973 4.76488 4.77698 4.79698 4.82549 4.86364 4.91130 4.96901 5.03383 5.10069 5.15787 5.19777 5.21807 5.21820 5.19586 5.16027 5.12916 5.10576 5.09632 5.10598 5.12662 5.13622 5.10647 5.03589 4.94237 4.85256 4.78472 4.73798 4.70950
1.47251 1.52738 1.47405 1.46584 1.51317 1.61304 1.79832 1.93440 2.05819 2.29572 2.43177 2.58467 2.94524 3.34719 3.55857 3.71677 3.88747 4.05938 4.19838 4.30185 4.38223 4.44550 4.49329 4.52982 4.55914 4.58496 4.60977 4.63473 4.66049 4.68670 4.71271 4.73532 4.75094 4.75793 4.75858 4.75728 4.75684 4.75986 4.76728 4.78062 4.80082 4.82848 4.86428 4.90773 4.95925 5.01747 5.08073 5.14173 5.19324 5.22907 5.24633 5.24293 5.22493 5.20619 5.18910 5.17731 5.17585 5.18089 5.17846 5.14676 5.08223 4.99481 4.90282 4.82748 4.77342 4.74122
1.34230 1.47179 1.55377 1.55866 1.54125 1.56596 1.55590 1.60961 1.71253 1.98432 2.27677 2.47286 2.75620 3.22577 3.49071 3.65138 3.81297 3.98258 4.13606 4.26353 4.36418 4.43832 4.49111 4.52995 4.55982 4.58496 4.60852 4.63241 4.65734 4.68252 4.70652 4.72632 4.73989 4.74707 4.74982 4.75131 4.75358 4.75885 4.76804 4.78251 4.80310 4.83024 4.86436 4.90503 4.95266 5.00663 5.06668 5.12840 5.18658 5.23484 5.26923 5.28734 5.29243 5.29232 5.28703 5.27652 5.26484 5.25294 5.23632 5.20110 5.14273 5.06344 4.97095 4.88529 4.81783 4.77492
1.30300 1.42915 1.53872 1.58669 1.55250 1.53506 1.43546 1.38905 1.44588 1.65191 2.01504 2.36285 2.62096 3.02591 3.37591 3.56810 3.73239 3.91608 4.09985 4.25286 4.36601 4.44365 4.49587 4.53237 4.55962 4.58250 4.60425 4.62675 4.65063 4.67501 4.69813 4.71690 4.72980 4.73744 4.74172 4.74517 4.74937 4.75624 4.76677 4.78219 4.80314 4.82988 4.86261 4.90117 4.94627 4.99779 5.05599 5.11815 5.18045 5.23731 5.28559 5.32399 5.35512 5.38097 5.39613 5.39431 5.37660 5.34834 5.31572 5.27474 5.22182 5.15213 5.06105 4.96332 4.87650 4.81528
1.33242 1.47850 1.55982 1.52789 1.44188 1.37097 1.30585 1.28704 1.37409 1.54360 1.82872 2.15894 2.43318 2.68984 3.12260 3.45000 3.63741 3.83843 4.07032 4.25873 4.37981 4.45246 4.49792 4.52808 4.55176 4.57341 4.59487 4.61715 4.64065 4.66460 4.68733 4.70595 4.71904 4.72752 4.73322 4.73831 4.74411 4.75232 4.76398 4.78019 4.80142 4.82765 4.85895 4.89555 4.93861 4.98857 5.04612 5.10911 5.17410 5.23632 5.29417 5.34895 5.40519 5.46269 5.51022 5.52937 5.51188 5.46838 5.41760 5.36766 5.31898 5.26091 5.17460 5.06466 4.95401 4.86769
1.50760 1.59297 1.56385 1.41965 1.29494 1.28678 1.31148 1.36816 1.43571 1.56065 1.87331 2.13108 2.30064 2.50864 2.82376 3.29446 3.55211 3.75714 4.02788 4.25349 4.37559 4.43414 4.47231 4.50273 4.52971 4.55504 4.57943 4.60372 4.62826 4.65263 4.67546 4.69431 4.70794 4.71732 4.72427 4.73076 4.73795 4.74738 4.76005 4.77689 4.79817 4.82360 4.85323 4.88772 4.92867 4.97731 5.03491 5.09883 5.16486 5.22941 5.29283 5.35864 5.43300 5.51802 5.60489 5.66307 5.65601 5.60137 5.53426 5.47476 5.42909 5.38358 5.30433 5.18126 5.04466 4.93025
1.60499 1.64965 1.52622 1.36042 1.17281 1.28837 1.47782 1.54117 1.51327 1.59826 1.92128 2.28510 2.38893 2.47580 2.67624 3.12058 3.47968 3.69030 3.96106 4.18993 4.30523 4.37014 4.42054 4.46297 4.49918 4.53121 4.56038 4.58803 4.61471 4.64031 4.66373 4.68298 4.69709 4.70722 4.71518 4.72284 4.73129 4.74192 4.75561 4.77304 4.79420 4.81856 4.84623 4.87823 4.91659 4.96350 5.02047 5.08351 5.14792 5.21257 5.27987 5.35375 5.43856 5.53620 5.64370 5.73588 5.75017 5.70096 5.63399 5.57644 5.53890 5.50776 5.43847 5.30113 5.13930 4.99841
1.41668 1.44371 1.35096 1.36168 1.29642 1.30333 1.45118 1.54550 1.55629 1.61278 1.83967 2.25094 2.41637 2.46856 2.60538 2.98113 3.42205 3.64096 3.87033 4.06709 4.18793 4.27687 4.35318 4.41582 4.46505 4.50540 4.54003 4.57149 4.60081 4.62810 4.65250 4.67226 4.68675 4.69739 4.70610 4.71470 4.72432 4.73615 4.75091 4.76898 4.78999 4.81318 4.83861 4.86753 4.90237 4.94578 4.99851 5.05599 5.11605 5.18078 5.25332 5.33650 5.42900 5.52653 5.62095 5.69559 5.72140 5.70603 5.67394 5.64840 5.63574 5.61494 5.54376 5.39197 5.21500 5.05754
1.12800 1.09844 0.99080 1.11066 1.27601 1.31347 1.38083 1.52678 1.59327 1.61406 1.72080 2.10468 2.37964 2.44529 2.55861 2.88444 3.37006 3.59250 3.77208 3.93604 4.06266 4.17512 4.28054 4.36674 4.43049 4.47965 4.51989 4.55515 4.58716 4.61631 4.64189 4.66225 4.67700 4.68788 4.69707 4.70648 4.71722 4.73032 4.74631 4.76521 4.78628 4.80844 4.83157 4.85711 4.88766 4.92502 4.96850 5.01511 5.06843 5.13388 5.21470 5.31254 5.41742 5.51538 5.59062 5.63203 5.63990 5.63663 5.64159 5.66102 5.67779 5.64960 5.55626 5.41357 5.24992 5.09472
0.81405 0.88645 0.88000 0.84687 0.99415 1.18520 1.31910 1.50928 1.58242 1.60075 1.68849 1.96205 2.28034 2.41761 2.55544 2.83440 3.29423 3.53336 3.68872 3.83567 3.95948 4.08028 4.21000 4.31893 4.39675 4.45456 4.50034 4.53928 4.57398 4.60508 4.63196 4.65295 4.66779 4.67865 4.68808 4.69816 4.70999 4.72445 4.74185 4.76193 4.78355 4.80522 4.82647 4.84877 4.87442 4.90392 4.93557 4.96895 5.01300 5.07756 5.16816 5.28548 5.41065 5.51896 5.58733 5.60654 5.58252 5.56246 5.57847 5.60879 5.61929 5.58211 5.48795 5.36336 5.22970 5.09707
0.88624 0.97692 0.85753 0.85793 0.97742 1.17133 1.33661 1.47463 1.53142 1.57312 1.71227 1.92452 2.16813 2.40020 2.57544 2.83839 3.24132 3.48451 3.62979 3.76415 3.87767 3.99655 4.14702 4.27440 4.36473 4.43031 4.48095 4.52343 4.56105 4.59447 4.62295 4.64457 4.65921 4.66975 4.67925 4.68992 4.70288 4.71882 4.73793 4.75970 4.78266 4.80481 4.82513 4.84485 4.86590 4.88910 4.91293 4.93758 4.97438 5.03567 5.12895 5.25552 5.39634 5.52368 5.60290 5.61541 5.56320 5.51383 5.50976 5.52613 5.52064 5.47869 5.39412 5.27975 5.16855 5.06483
1.29874 1.38276 1.23937 1.26176 1.40245 1.40682 1.41872 1.52704 1.59001 1.61155 1.75034 1.95070 2.18634 2.42619 2.60528 2.89378 3.25154 3.46138 3.58642 3.69569 3.80190 3.94026 4.09627 4.23210 4.33715 4.40805 4.46109 4.50681 4.54799 4.58446 4.61497 4.63716 4.65129 4.66123 4.67067 4.68187 4.69603 4.71365 4.73481 4.75891 4.78426 4.80854 4.82981 4.84832 4.86545 4.88529 4.90937 4.93635 4.97289 5.02742 5.10259 5.20963 5.34956 5.49619 5.59321 5.61123 5.55951 5.48359 5.43269 5.41248 5.38547 5.34162 5.28081 5.19132 5.09428 5.01277
1.54063 1.51905 1.51624 1.58724 1.57356 1.50891 1.57057 1.66427 1.67994 1.66286 1.77483 1.95386 2.22816 2.48584 2.73143 3.06122 3.32772 3.47501 3.57058 3.65899 3.77800 3.94852 4.05782 4.18834 4.31205 4.38415 4.43834 4.48864 4.53479 4.57526 4.60824 4.63081 4.64402 4.65321 4.66257 4.67446 4.69010 4.70978 4.73345 4.76056 4.78953 4.81799 4.84266 4.86152 4.87437 4.89170 4.92415 4.97527 5.03950 5.06960 5.08312 5.14711 5.29876 5.48392 5.59281 5.60897 5.54943 5.43811 5.33531 5.26924 5.21693 5.17527 5.14477 5.09863 5.02336 4.96340
1.47564 1.54735 1.61526 1.64951 1.61542 1.57752 1.59715 1.68084 1.71197 1.70054 1.78740 1.94273 2.27026 2.55327 2.93566 3.26970 3.42275 3.51085 3.58492 3.66979 3.80067 3.95287 4.02825 4.14067 4.26606 4.34518 4.40939 4.46902 4.52240 4.56760 4.60290 4.62522 4.63723 4.64577 4.65529 4.66829 4.68596 4.70820 4.73481 4.76551 4.79920 4.83387 4.86482 4.88672 4.89540 4.91007 4.94899 5.03205 5.16475 5.13397 5.07257 5.11119 5.28482 5.49966 5.60206 5.58290 5.48727 5.35060 5.22134 5.12436 5.06854 5.03930 5.02208 5.00399 4.97205 4.94571
0.96050 1.27039 1.43439 1.49999 1.54779 1.61785 1.66732 1.72905 1.72786 1.72813 1.79575 1.97580 2.35883 2.64862 3.15201 3.42364 3.49677 3.54307 3.60715 3.69452 3.81093 3.92218 4.00049 4.09368 4.19993 4.30045 4.37809 4.44952 4.51213 4.56194 4.59842 4.61960 4.63064 4.63918 4.64964 4.66471 4.68533 4.71076 4.74074 4.77542 4.81453 4.85698 4.89630 4.92352 4.93447 4.94760 4.97671 5.02788 5.08932 5.09102 5.07743 5.13147 5.29965 5.50598 5.59915 5.52593 5.38135 5.24116 5.12792 5.04233 5.00201 4.98534 4.97210 4.96236 4.96507 4.97487
0.67429 0.89013 1.08392 1.28372 1.44741 1.60649 1.74203 1.79625 1.70493 1.69773 1.79523 2.05923 2.44701 2.73662 3.24080 3.47038 3.52868 3.56654 3.62739 3.71328 3.81342 3.90793 4.00418 4.11042 4.20833 4.28474 4.35503 4.43690 4.50728 4.55849 4.59309 4.61269 4.62423 4.63430 4.64700 4.66532 4.68977 4.71912 4.75310 4.79196 4.83654 4.88781 4.93881 4.97704 4.99168 4.99712 5.00531 5.01128 5.02058 5.04867 5.10253 5.19377 5.33984 5.51007 5.57637 5.46189 5.27842 5.14069 5.06799 5.03053 5.01845 5.01624 5.01143 5.00506 5.01556 5.03251
0.76736 0.77262 0.84000 1.03939 1.23594 1.45872 1.61297 1.62987 1.48317 1.51778 1.74147 2.21002 2.53989 2.78825 3.16079 3.40078 3.51960 3.59606 3.66549 3.74681 3.83582 3.92034 4.01417 4.12561 4.21034 4.26753 4.34728 4.43826 4.50843 4.55404 4.58380 4.60367 4.61854 4.63230 4.64858 4.67095 4.70006 4.73481 4.77386 4.81665 4.86559 4.92430 4.98906 5.04504 5.06396 5.05943 5.05274 5.04394 5.04959 5.08947 5.16522 5.27652 5.40357 5.52091 5.53674 5.40460 5.19904 5.06427 5.03167 5.06122 5.10938 5.13182 5.13541 5.12263 5.10691 5.08051
1.01045 0.99935 1.11072 1.04722 1.10471 1.43246 1.67028 1.49690 1.10227 1.21941 1.70184 2.36398 2.61448 2.77319 2.96446 3.26742 3.49068 3.62635 3.73860 3.82559 3.89435 3.95516 4.01577 4.08790 4.15721 4.23966 4.35242 4.44751 4.50503 4.53996 4.56805 4.59296 4.61459 4.63428 4.65506 4.68156 4.71637 4.75889 4.80460 4.85049 4.90048 4.96096 5.03399 5.10769 5.14149 5.14184 5.14019 5.14879 5.17895 5.22758 5.29060 5.37394 5.46945 5.53453 5.49830 5.35550 5.14657 5.02266 5.01893 5.10795 5.23190 5.24406 5.19802 5.13762 5.09857 5.05204
1.41699 1.45797 1.46640 1.45900 1.52215 1.70914 1.73937 1.34842 0.99035 1.22557 1.82028 2.46022 2.66051 2.72429 2.74310 3.03885 3.43325 3.61523 3.79658 3.93140 3.97777 4.01043 4.03096 4.05606 4.10577 4.21411 4.35108 4.43239 4.47567 4.51264 4.54901 4.58317 4.61335 4.64026 4.66605 4.69630 4.73549 4.78451 4.83883 4.88853 4.93741 4.99446 5.06458 5.14136 5.19864 5.22568 5.24649 5.28132 5.33036 5.37656 5.42116 5.46832 5.51641 5.52638 5.46017 5.30925 5.10957 5.00458 5.02216 5.13613 5.23895 5.18730 5.11711 5.06012 5.00053 4.93470
1.50627 1.54418 1.57726 1.59592 1.61533 1.71603 1.71808 1.56699 1.33469 1.43399 2.07339 2.56955 2.74823 2.77340 2.69223 2.66262 3.17886 3.54044 3.73514 3.92366 4.05003 4.10575 4.09681 4.07880 4.08944 4.16610 4.27610 4.34739 4.41859 4.48180 4.53294 4.57662 4.61454 4.64862 4.68012 4.71351 4.75355 4.80308 4.86174 4.91865 4.96970 5.02303 5.08452 5.15424 5.22452 5.28030 5.32137 5.36225 5.40538 5.44443 5.47881 5.51073 5.52976 5.50617 5.42982 5.27692 5.08339 4.99053 5.02441 5.14754 5.17491 5.09653 5.06993 5.05643 4.94417 4.84637
1.57929 1.64940 1.62394 1.63227 1.67897 1.64203 1.55760 1.53322 1.45706 1.63448 2.36742 2.71372 2.90232 2.97906 2.83239 2.66182 2.60067 3.27956 3.59228 3.76844 4.09284 4.22996 4.20484 4.16070 4.14186 4.15546 4.20756 4.28666 4.38624 4.46743 4.52695 4.57536 4.61773 4.65713 4.69490 4.73266 4.77148 4.81569 4.87021 4.93160 4.99019 5.04292 5.09698 5.15762 5.23021 5.30267 5.35770 5.40189 5.44110 5.47501 5.50201 5.52266 5.52296 5.48645 5.41139 5.26434 5.06708 4.97308 5.01269 5.13065 5.09711 5.05197 5.09402 5.08947 4.91620 4.79660
1.52465 1.55940 1.56074 1.68160 1.75773 1.58539 1.50528 1.54768 1.61005 2.05548 2.58214 2.82756 3.13935 3.34417 3.24172 2.96403 2.67579 2.75910 3.44348 3.68875 4.09703 4.28777 4.28358 4.25536 4.25280 4.26675 4.30521 4.36189 4.41454 4.47717 4.53241 4.57946 4.62234 4.66383 4.70605 4.74914 4.78912 4.82888 4.87731 4.93613 4.99820 5.05479 5.10819 5.16399 5.23036 5.30620 5.37196 5.42168 5.46086 5.49117 5.51162 5.52194 5.51068 5.47104 5.39943 5.25935 5.06552 4.96856 4.99144 5.06253 5.03589 5.04514 5.10360 5.04722 4.86477 4.76342
1.62868 1.45433 1.33728 1.55827 1.68820 1.63561 1.65901 1.83377 2.12650 2.47043 2.73174 2.91629 3.31575 3.49015 3.50830 3.43998 3.17664 3.01439 3.36281 3.63643 3.99350 4.28493 4.32400 4.32318 4.34618 4.38138 4.41234 4.43281 4.45611 4.49679 4.54248 4.58565 4.62693 4.66793 4.71135 4.75745 4.80203 4.84124 4.88446 4.93763 4.99879 5.06127 5.11932 5.17385 5.23174 5.30126 5.37123 5.42478 5.46440 5.49277 5.50925 5.51327 5.49799 5.45967 5.39136 5.25981 5.08622 4.99190 4.98267 4.99343 5.00760 5.05300 5.06329 4.94234 4.80424 4.74115
