mrvbf_slope0.5_pctl0.9.asc
NCOLS 410
NROWS 410
XLLCORNER 2398750.0000000000000000
YLLCORNER 2548750.0000000000000000
CELLSIZE 250.0000000000000000
NODATA_VALUE -99999.00000
[rows 58 to 86 of 410, columns 66 to 131 of 410]
5.80477 5.75388 5.74088 5.74833 5.74885 5.71844 5.68959 5.69245 5.70355 5.69837 5.70972 5.73093 5.69773 5.69198 5.73314 5.76315 5.76812 5.76150 5.72741 5.69860 5.70292 5.73681 5.80923 5.89527 5.93538 5.88100 5.81392 5.79104 5.79683 5.77551 5.78207 5.84065 5.91071 5.94288 6.01836 6.06448 6.09131 6.00039 5.82088 5.74626 5.72701 5.70811 5.66538 5.61939 5.54593 5.43056 5.52061 5.65657 5.74354 5.77993 5.81340 5.77172 5.77293 5.75771 5.60908 3.77441 3.86246 2.54393 5.49322 5.67602 5.67171 5.59510 5.67400 5.64142 5.73462 5.75585
5.92562 5.78520 5.72144 5.70921 5.73211 5.75229 5.76443 5.79469 5.79762 5.78527 5.77669 5.76319 5.75270 5.75506 5.79916 5.85209 5.82532 5.80558 5.75465 5.72569 5.71380 5.70470 5.73709 5.77797 5.78720 5.75169 5.71024 5.69518 5.75827 5.79180 5.79062 5.84159 5.97467 6.10974 6.21307 6.19464 6.06259 5.86909 5.77367 5.75866 5.81267 5.84128 5.76386 5.70898 5.62331 5.48151 5.44828 5.62668 5.71682 5.78870 5.88660 5.81261 5.76153 5.72265 5.63356 5.37169 3.10510 5.15411 5.54642 5.63987 5.64934 5.68905 5.55703 4.51611 5.55749 5.73952
5.80278 5.74335 5.69514 5.69085 5.73802 5.81299 5.88438 5.85134 5.80649 5.79706 5.80633 5.80087 5.80045 5.81182 5.84696 5.92797 5.92102 5.82741 5.76956 5.77216 5.77105 5.73327 5.73124 5.73763 5.72730 5.70030 5.66922 5.67127 5.70871 5.82301 5.82482 5.84891 5.98930 6.20447 6.27388 6.19350 5.97846 5.82781 5.77522 5.80564 5.95680 5.92297 5.78218 5.69875 5.61756 5.53383 5.51236 5.60486 5.72178 5.80468 5.84586 5.92160 5.83398 5.73749 5.67470 5.51244 4.95406 5.38549 5.61187 5.55527 5.52942 5.50137 4.51496 5.17455 4.30544 5.63988
5.71732 5.66663 5.65936 5.67329 5.71866 5.78844 5.86819 5.85418 5.83117 5.87225 5.95722 5.97001 5.90927 5.83601 5.78366 5.78888 5.80446 5.79244 5.77376 5.79399 5.83842 5.77847 5.75610 5.74731 5.73095 5.71775 5.71667 5.71288 5.72477 5.86057 5.86078 5.86843 5.98509 6.19636 6.26411 6.13973 5.94356 5.82925 5.78541 5.78795 5.79100 5.74369 5.70402 5.67208 5.63774 5.59700 5.56940 5.59209 5.67414 5.72890 5.74623 5.80009 5.83440 5.75504 5.66451 5.36829 5.23834 3.77269 5.39268 5.49655 5.52527 5.42419 5.39294 5.58250 5.41167 5.68035
5.66226 5.61221 5.63723 5.71558 5.72964 5.77910 5.87730 5.86758 5.90648 6.10230 6.25140 6.16809 5.90283 5.78159 5.72897 5.70466 5.70263 5.72223 5.75701 5.80139 5.87237 5.83345 5.80467 5.79534 5.77457 5.77190 5.79756 5.74554 5.75700 5.90652 5.88254 5.88483 5.98952 6.17875 6.20635 6.09469 5.92839 5.82613 5.77724 5.74414 5.70307 5.65931 5.65343 5.67959 5.69216 5.65337 5.60228 5.57618 5.59935 5.64963 5.68880 5.69895 5.75017 5.75349 5.73222 5.53844 2.89893 4.36116 4.44929 5.51234 5.52390 5.51582 3.43295 4.88705 3.96403 5.62367
5.62856 5.66350 5.67497 5.73911 5.75047 5.78509 5.89864 5.90538 6.00880 6.24806 6.36637 6.09928 5.81408 5.73690 5.70796 5.67935 5.66330 5.68127 5.72458 5.78239 5.85999 5.88980 5.89548 5.90663 5.84515 5.83693 5.86143 5.76187 5.75618 5.86641 5.85296 5.89461 6.00699 6.13633 6.12253 6.04447 5.89161 5.79168 5.74118 5.69841 5.64992 5.62179 5.64520 5.69746 5.75108 5.71231 5.63847 5.57534 5.54540 5.56744 5.60659 5.67225 5.71867 5.76571 5.76591 5.70148 5.40713 3.20896 5.30528 5.58409 5.65756 5.51235 2.69077 1.81275 5.39883 5.69218
5.67250 5.71062 5.71399 5.78915 5.77231 5.78744 5.88502 5.88697 5.92602 6.07448 6.15715 5.96106 5.76873 5.71077 5.70046 5.70303 5.70478 5.69613 5.71404 5.76186 5.82838 5.88494 5.94890 6.02450 5.91865 5.85827 5.86733 5.75041 5.72575 5.78585 5.84838 5.90975 6.02988 6.10148 6.05933 5.92573 5.80100 5.73871 5.69641 5.65666 5.62315 5.63503 5.66137 5.69259 5.77101 5.79366 5.70713 5.62042 5.54006 5.50167 5.51116 5.57409 5.67366 5.73969 5.73766 5.73385 5.67146 5.53623 5.59942 5.66090 5.62310 4.13493 4.93807 3.75095 5.59026 5.72308
5.74844 5.74237 5.73294 5.80915 5.77845 5.77763 5.83577 5.83173 5.80199 5.82565 5.88173 5.83997 5.75088 5.71052 5.70633 5.73420 5.78380 5.75001 5.73234 5.75413 5.79695 5.84365 5.91481 6.03191 5.97829 5.83633 5.79139 5.75796 5.71018 5.73950 5.83478 5.86751 5.97238 5.94351 5.90670 5.79443 5.73396 5.69630 5.66934 5.65067 5.65368 5.69139 5.66760 5.68218 5.78486 5.94654 5.81996 5.71148 5.61992 5.53297 5.45120 5.43553 5.55746 5.65321 5.71944 5.72670 5.73437 5.70615 5.66543 5.67819 5.48152 2.10337 2.59975 5.47451 5.70296 5.73425
5.78978 5.76468 5.74789 5.78884 5.78820 5.75839 5.77054 5.76557 5.74758 5.75009 5.78141 5.80352 5.77218 5.73613 5.71749 5.72527 5.76079 5.75918 5.73733 5.74690 5.78048 5.82636 5.88677 5.98868 6.01850 5.85764 5.77338 5.74736 5.72755 5.76059 5.84695 5.86644 5.85744 5.78710 5.77181 5.73160 5.69224 5.67401 5.67635 5.69350 5.72292 5.74913 5.68130 5.66101 5.73186 5.86837 5.95744 5.81692 5.71855 5.63512 5.56000 5.45622 5.46322 5.59412 5.69158 5.76363 5.76839 5.73604 5.68624 5.57261 2.25454 2.15838 1.87141 5.53257 5.68423 5.69688
5.80407 5.77000 5.75875 5.79224 5.78615 5.73228 5.72013 5.71681 5.71910 5.72706 5.75643 5.81965 5.84480 5.78086 5.73980 5.71508 5.70862 5.71721 5.72676 5.74705 5.78406 5.84255 5.90189 5.98223 6.08769 5.98554 5.83586 5.77293 5.77334 5.85835 5.89970 5.84018 5.77327 5.73990 5.70653 5.69199 5.67048 5.68465 5.72146 5.76192 5.78489 5.77016 5.70567 5.65268 5.67389 5.74261 5.80083 5.75989 5.69303 5.63117 5.57239 5.47988 5.46707 5.60115 5.71044 5.75360 5.75509 5.70140 5.65728 5.34112 1.07716 1.86694 2.53355 5.57247 5.67926 5.66858
5.75924 5.74863 5.74520 5.79858 5.76334 5.71500 5.68367 5.68737 5.70677 5.71097 5.73591 5.80725 5.91417 5.86655 5.80019 5.75060 5.72304 5.72119 5.74213 5.77308 5.82095 5.90352 5.96063 5.98513 5.99001 5.89428 5.84404 5.84998 5.87101 5.97739 5.88434 5.78275 5.74490 5.70613 5.68581 5.67033 5.67112 5.72018 5.75306 5.75100 5.73512 5.70852 5.69158 5.67493 5.66139 5.68597 5.68630 5.63094 5.56615 5.51741 5.47509 5.45078 5.51594 5.63642 5.72585 5.73996 5.70630 5.67317 5.58685 3.21718 2.70993 1.91217 5.31267 5.67452 5.70710 5.67815
5.70487 5.70579 5.72307 5.78428 5.76959 5.70720 5.65704 5.67661 5.71804 5.69589 5.70870 5.76403 5.81496 5.86417 5.91836 5.86392 5.81964 5.79740 5.81247 5.85533 5.92113 6.00714 6.00776 5.92039 5.81677 5.74894 5.72447 5.73910 5.79260 5.92749 5.87742 5.75387 5.71832 5.69194 5.70024 5.67005 5.68744 5.71901 5.71212 5.71144 5.71537 5.70787 5.69222 5.68063 5.68650 5.66970 5.59471 5.51486 5.46143 5.44754 5.45107 5.48591 5.56658 5.65019 5.70096 5.71892 5.69747 5.68041 5.53304 4.90740 3.53851 4.66539 5.62262 5.72908 5.73236 5.69768
5.68293 5.65668 5.66373 5.73918 5.77404 5.71229 5.65525 5.67077 5.73427 5.70125 5.68414 5.69868 5.71147 5.74475 5.80350 5.91158 6.04388 6.04133 6.00182 5.96494 5.93188 5.92281 5.90487 5.83516 5.74581 5.69785 5.68411 5.68295 5.71019 5.78016 5.77122 5.69446 5.67782 5.70543 5.73209 5.70804 5.70083 5.69407 5.70634 5.73865 5.76730 5.77459 5.74930 5.72327 5.69209 5.60090 5.51079 5.46743 5.46100 5.47667 5.49919 5.53874 5.59183 5.62583 5.67097 5.71634 5.66703 5.41137 3.50491 5.27259 5.37643 5.59071 5.68372 5.70748 5.74179 5.70886
5.71263 5.64437 5.59227 5.66866 5.75621 5.72411 5.66352 5.66261 5.71987 5.72174 5.68184 5.66200 5.66488 5.68894 5.72594 5.78958 5.93208 5.96507 5.87295 5.81532 5.78786 5.78373 5.79472 5.78942 5.72470 5.68467 5.71154 5.69062 5.68590 5.72398 5.70144 5.65364 5.67500 5.71165 5.76386 5.75590 5.71880 5.72221 5.75130 5.75070 5.72731 5.72584 5.72602 5.69858 5.61487 5.50308 5.46108 5.47063 5.49458 5.52653 5.54993 5.56414 5.57406 5.58851 5.60775 5.65819 5.56452 3.17975 2.93421 2.11516 5.45552 5.61464 5.61439 5.64348 5.68848 5.65673
5.73195 5.67393 5.56731 5.61083 5.72718 5.74004 5.67032 5.64647 5.68481 5.72580 5.71446 5.69693 5.68574 5.67439 5.68723 5.72779 5.78823 5.78542 5.75260 5.73167 5.72084 5.72158 5.73264 5.74804 5.73995 5.69328 5.70371 5.72581 5.71344 5.73208 5.69689 5.67398 5.71408 5.69949 5.74595 5.78155 5.77048 5.78129 5.73199 5.65643 5.61265 5.58807 5.57453 5.55856 5.50292 5.42203 5.42872 5.49519 5.54764 5.57760 5.58280 5.56489 5.55835 5.57839 5.55820 5.59027 5.60495 4.40889 0.78023 1.51404 4.75434 4.44837 4.57679 5.33911 5.59038 5.61962
5.71618 5.69746 5.60824 5.61870 5.74088 5.76397 5.67653 5.63105 5.65793 5.72512 5.77155 5.76417 5.72841 5.69465 5.67781 5.68307 5.70266 5.69899 5.69030 5.68604 5.68677 5.68936 5.69484 5.70291 5.71044 5.70215 5.71835 5.74924 5.72467 5.73677 5.71558 5.68724 5.70483 5.72123 5.73890 5.76755 5.81592 5.76461 5.65006 5.57172 5.54511 5.50049 5.45128 5.43201 5.42121 5.36478 5.44837 5.56659 5.61230 5.61045 5.58866 5.56961 5.58463 5.60528 5.54461 5.53595 5.58123 4.54529 1.27266 3.19771 2.74931 2.47542 2.31162 2.10587 4.49747 5.45809
5.72870 5.70704 5.62994 5.65843 5.76073 5.75672 5.67109 5.62625 5.65668 5.73666 5.82938 5.80918 5.76923 5.73324 5.69596 5.66594 5.65276 5.65563 5.66367 5.67324 5.68169 5.68312 5.68225 5.68276 5.68228 5.68482 5.70651 5.72020 5.70881 5.72661 5.72529 5.70891 5.71670 5.70339 5.72036 5.74231 5.78188 5.71270 5.59527 5.52867 5.54467 5.54140 5.51424 5.47679 5.44597 5.48303 5.58366 5.63754 5.65572 5.61742 5.58435 5.58300 5.62456 5.64532 5.55091 5.46037 5.29149 3.88193 3.34417 1.96718 2.45790 2.79041 2.63242 1.92021 1.06774 1.84310
5.75032 5.72287 5.66648 5.70203 5.76792 5.73910 5.65935 5.62893 5.67423 5.75842 5.85527 5.85930 5.83632 5.78757 5.73406 5.69265 5.67069 5.67166 5.68465 5.70073 5.70980 5.70680 5.69973 5.69619 5.69566 5.70294 5.72100 5.71159 5.70222 5.73447 5.72422 5.71827 5.73052 5.73510 5.70912 5.70026 5.71109 5.65257 5.55145 5.50881 5.54906 5.58252 5.59750 5.59352 5.59539 5.63739 5.64238 5.67520 5.67670 5.61984 5.57493 5.57616 5.63621 5.68293 5.56499 5.35940 4.10466 4.46745 2.10606 2.00199 2.57193 2.46205 2.28105 1.37851 1.80321 2.50332
5.77432 5.74364 5.69229 5.71974 5.76171 5.70516 5.63904 5.63678 5.70461 5.78951 5.86271 5.93044 5.96004 5.87689 5.79349 5.75537 5.74003 5.73637 5.74534 5.76318 5.76983 5.75899 5.74454 5.73813 5.74223 5.75239 5.73606 5.69678 5.71034 5.75814 5.71289 5.69628 5.71067 5.73382 5.71217 5.67398 5.65853 5.60284 5.53028 5.51811 5.55213 5.60198 5.65728 5.69057 5.71477 5.73458 5.70601 5.69566 5.67683 5.62217 5.56916 5.54910 5.59021 5.63549 5.55936 5.49883 5.31041 2.72327 0.98636 1.84976 2.28413 2.40805 3.27014 3.15712 2.07502 2.25480
5.74675 5.73281 5.72387 5.74517 5.74572 5.66173 5.62606 5.66976 5.75100 5.80584 5.86681 5.97516 6.04576 5.95730 5.87086 5.85031 5.86196 5.85956 5.86058 5.88160 5.87984 5.84889 5.81553 5.79805 5.79805 5.77399 5.72024 5.69498 5.72385 5.72934 5.68173 5.68239 5.71101 5.72787 5.71112 5.67577 5.64401 5.59248 5.53712 5.53289 5.56497 5.62547 5.67829 5.71848 5.75523 5.75876 5.74869 5.75029 5.71880 5.65808 5.59333 5.53947 5.53293 5.56610 5.54068 5.57847 5.58448 5.08324 3.75295 1.72381 1.99773 4.80717 5.51884 5.47869 4.96628 5.18035
5.71131 5.69918 5.73136 5.76382 5.70731 5.62599 5.62889 5.70845 5.77597 5.85208 5.97108 6.07254 6.06646 5.96446 5.89569 5.91257 5.94853 5.91332 5.87807 5.87513 5.89099 5.91194 5.90887 5.86049 5.82266 5.77820 5.72282 5.69632 5.70689 5.69190 5.66519 5.69433 5.71844 5.73095 5.71566 5.68840 5.65230 5.59767 5.54528 5.54371 5.57826 5.62334 5.65581 5.69612 5.70781 5.69236 5.71530 5.75269 5.74753 5.69955 5.64197 5.59201 5.54238 5.52679 5.56388 5.63829 5.62706 5.45792 4.45578 4.48916 4.98793 5.52388 5.53678 5.42335 5.33798 5.45780
5.68929 5.66876 5.72398 5.78069 5.68790 5.61280 5.63859 5.69552 5.76878 5.96920 6.18996 6.23787 6.17157 5.99933 5.86560 5.85170 5.83408 5.78219 5.75892 5.75833 5.77443 5.80894 5.88082 5.90535 5.84281 5.79496 5.74853 5.70962 5.69697 5.69489 5.69549 5.72711 5.74643 5.72954 5.70797 5.67243 5.63992 5.59553 5.55187 5.54768 5.55958 5.62596 5.64507 5.64966 5.65039 5.63873 5.68331 5.72780 5.71137 5.66207 5.63350 5.65578 5.63820 5.61458 5.65081 5.65831 5.60402 5.53859 5.49882 5.51649 5.52134 5.57937 5.54716 5.45918 5.48422 5.48576
5.67205 5.64497 5.71842 5.80158 5.67619 5.57178 5.62859 5.66614 5.72973 5.89373 6.19038 6.29890 6.26663 6.08714 5.86776 5.81383 5.75835 5.71510 5.70027 5.70147 5.71496 5.74120 5.78205 5.84552 5.86094 5.82585 5.79699 5.76775 5.74984 5.75204 5.73893 5.73820 5.75875 5.73452 5.68020 5.65157 5.59492 5.55935 5.52949 5.52830 5.53033 5.61182 5.64722 5.61001 5.60988 5.62525 5.65962 5.71622 5.68936 5.66065 5.65335 5.65312 5.68767 5.72690 5.74822 5.67994 5.59754 5.54990 5.56126 5.60524 5.60196 5.62449 5.59355 5.50938 5.55228 5.57503
5.66134 5.63601 5.72436 5.89061 5.73819 5.58217 5.55819 5.65193 5.68821 5.76898 5.96714 6.21346 6.23226 6.05218 5.85089 5.76729 5.70269 5.67936 5.68625 5.68562 5.68087 5.68883 5.71174 5.75659 5.81566 5.81116 5.78322 5.78669 5.81777 5.84899 5.77025 5.72345 5.73234 5.74528 5.69624 5.61654 5.59123 5.50209 5.49470 5.50857 5.55603 5.51572 5.60199 5.62111 5.59760 5.62830 5.68813 5.72886 5.71165 5.68092 5.67623 5.70870 5.71938 5.75625 5.80041 5.72410 5.64302 5.56860 5.53647 5.60242 5.63215 5.65280 5.64028 5.53666 5.53048 5.61132
5.66419 5.63699 5.72498 5.95016 5.79404 5.61688 5.53353 5.63496 5.68208 5.72309 5.81610 6.03732 6.05879 5.89298 5.78735 5.70798 5.67771 5.70508 5.73701 5.73224 5.70099 5.67157 5.66415 5.69521 5.74461 5.76922 5.78027 5.84362 5.95992 5.99251 5.83248 5.73738 5.70106 5.69858 5.68894 5.63526 5.57500 5.57019 5.58028 5.54658 5.52436 5.57963 5.62961 5.65127 5.64067 5.64518 5.66905 5.68569 5.73773 5.73224 5.71473 5.74142 5.75134 5.74838 5.76557 5.75513 5.71257 5.64866 5.59141 5.60429 5.64991 5.69156 5.69454 5.58136 5.51509 5.58593
5.68640 5.65156 5.72299 5.95132 5.84778 5.66128 5.54479 5.59053 5.69335 5.70297 5.74462 5.84099 5.88326 5.80934 5.72488 5.67566 5.71082 5.79832 5.88030 5.86131 5.78447 5.71902 5.67259 5.67268 5.71579 5.75938 5.81610 5.95818 6.09684 6.06427 5.90752 5.78489 5.71220 5.66537 5.64006 5.62566 5.60713 5.60545 5.59398 5.60523 5.62726 5.63594 5.64384 5.66410 5.68419 5.64681 5.63533 5.64510 5.69883 5.75363 5.73721 5.74005 5.75119 5.71797 5.70600 5.70540 5.70250 5.69054 5.65909 5.66010 5.69541 5.72472 5.65894 5.57159 5.53650 5.58204
5.72587 5.66884 5.70356 5.86159 5.89636 5.71322 5.58997 5.55175 5.63798 5.69260 5.70668 5.73481 5.77025 5.75693 5.68974 5.69152 5.77984 5.97280 6.15700 6.08580 5.92389 5.78314 5.70518 5.68232 5.72080 5.78035 5.90284 6.05707 6.07751 5.99452 5.92129 5.81228 5.72384 5.64470 5.59907 5.59828 5.60972 5.61552 5.62216 5.67012 5.70306 5.67192 5.65423 5.66360 5.65947 5.64112 5.63964 5.61530 5.66430 5.73747 5.71897 5.69991 5.69767 5.68240 5.66982 5.66393 5.66057 5.66045 5.66693 5.70071 5.72986 5.65066 5.51792 5.52223 5.57959 5.58722
5.74326 5.69794 5.68277 5.76140 5.82718 5.74096 5.64793 5.56204 5.57057 5.65437 5.68439 5.69945 5.70967 5.69866 5.67554 5.71621 5.84725 6.11908 6.20690 6.01932 5.82119 5.72803 5.67655 5.67605 5.72321 5.77930 5.87311 5.97101 5.98109 5.91714 5.82415 5.74452 5.66803 5.59143 5.56567 5.58297 5.60652 5.61844 5.64796 5.70457 5.73000 5.70266 5.66464 5.64349 5.63887 5.65328 5.63427 5.60760 5.67198 5.70274 5.66790 5.64947 5.65355 5.66266 5.66921 5.66905 5.66569 5.66437 5.68523 5.72014 5.68715 5.54591 5.48272 5.53431 5.59104 5.55794
5.77689 5.73846 5.70715 5.74428 5.80771 5.76109 5.70536 5.62475 5.53373 5.55719 5.62585 5.68609 5.69239 5.66582 5.66094 5.72115 5.87152 6.16326 6.01534 5.80488 5.70584 5.65004 5.64214 5.67629 5.72097 5.74732 5.77235 5.82111 5.82871 5.78173 5.72572 5.65530 5.58078 5.53102 5.54572 5.58002 5.60082 5.60617 5.64354 5.67697 5.68532 5.68517 5.66485 5.63696 5.63496 5.66280 5.64985 5.61775 5.64179 5.63978 5.61949 5.61966 5.64151 5.67372 5.70207 5.71566 5.72041 5.71619 5.72416 5.74427 5.69605 5.59174 5.51751 5.54816 5.59382 5.54679
