mrvbf_slope0.6_pctl1.5.asc
NCOLS 410
NROWS 410
XLLCORNER 2398750.0000000000000000
YLLCORNER 2548750.0000000000000000
CELLSIZE 250.0000000000000000
NODATA_VALUE -99999.00000
[rows 319 to 347 of 410, columns 132 to 197 of 410]
3.63422 3.65001 3.75320 3.83791 3.82824 3.72079 3.72742 3.74767 3.71692 3.70618 3.66727 3.66672 3.76730 3.75583 3.65406 3.57715 3.54598 3.53941 3.54636 3.58378 3.65970 3.62564 3.54716 3.56689 3.47104 3.25478 3.13638 3.02917 2.93263 2.95777 3.10597 3.23233 3.06424 2.67094 2.40242 2.44446 2.72751 2.41877 1.71699 1.33150 1.60761 1.75465 2.28809 2.32597 2.21088 2.10911 2.13812 2.29740 2.38182 2.30458 2.33456 2.58031 2.88603 2.93742 2.84397 2.80401 2.73077 2.64606 2.62745 2.60733 2.51757 2.45103 2.44974 2.62244 2.93845 3.09275
3.75154 3.71217 3.73841 3.77367 3.77791 3.72081 3.70226 3.76847 3.75072 3.77682 3.76664 3.71601 3.80734 3.77925 3.71942 3.66619 3.65095 3.66107 3.68281 3.62618 3.61227 3.64216 3.54576 3.51460 3.37472 2.98342 2.74718 2.81323 2.89085 3.17834 3.28507 3.22545 2.92459 2.20231 1.95913 3.01881 3.28128 2.82910 2.17700 2.24869 2.35833 2.22188 2.23474 2.31701 2.38709 2.41517 2.44872 2.45730 2.44341 2.46595 2.57783 2.79498 2.94936 2.86257 2.74661 2.73187 2.70924 2.64304 2.63602 2.63816 2.56154 2.52835 2.64760 3.00353 3.17648 3.22060
3.81077 3.84647 3.83299 3.85453 3.88907 3.85227 3.78448 3.89039 3.81747 3.80213 3.92594 3.84085 3.89123 3.85310 3.77430 3.73187 3.72652 3.70888 3.65486 3.65097 3.62674 3.56199 3.54354 3.44913 3.19634 2.79606 2.85158 3.20751 3.32352 3.42681 3.41575 3.27186 2.97885 2.69057 2.92504 3.20282 3.44053 3.23262 2.81827 2.62217 2.56973 2.58396 2.50214 2.46863 2.53117 2.48869 2.43901 2.44837 2.51046 2.63276 2.75965 2.81468 2.81030 2.74319 2.70877 2.76650 2.81773 2.74670 2.67431 2.64705 2.63025 2.70226 3.00597 3.16412 3.20393 3.31930
3.82840 4.04644 4.07664 4.08009 4.09464 3.94359 3.82570 3.92143 3.92753 3.81340 3.89807 3.90711 3.99519 3.93766 3.79639 3.74094 3.73011 3.70271 3.63840 3.63912 3.71884 3.58898 3.52782 3.37624 3.13404 3.11055 3.29361 3.40123 3.44626 3.50932 3.48751 3.38814 3.31940 3.26920 3.24281 3.41385 3.57119 3.46510 3.21415 3.03143 2.76530 2.57953 2.55339 2.53053 2.48091 2.43999 2.41600 2.45778 2.53012 2.65112 2.81340 2.82893 2.68989 2.61355 2.68069 2.81695 2.89285 2.85631 2.76518 2.72948 2.83556 3.05423 3.27752 3.24278 3.35001 3.45009
3.91930 4.07578 4.16029 4.15111 4.15575 4.00753 3.81320 3.82307 3.91349 3.85442 3.92767 3.95165 4.11876 4.07733 3.84051 3.74539 3.72160 3.66216 3.62867 3.70945 3.82632 3.60228 3.45837 3.36383 3.38170 3.46870 3.46471 3.42491 3.41945 3.43632 3.43835 3.43408 3.47468 3.50674 3.48098 3.60169 3.63355 3.40938 3.04356 2.82373 2.75138 2.62281 2.55196 2.59009 2.55255 2.47105 2.43921 2.41900 2.43590 2.48727 2.54867 2.58256 2.46986 2.43923 2.61728 2.84808 2.90408 2.91474 2.96531 3.10485 3.24596 3.26204 3.29459 3.30902 3.42257 3.46471
4.01783 4.14897 4.20777 4.11831 4.10355 4.10050 3.87763 3.75641 3.75695 3.79816 3.93095 3.94226 4.12015 4.21524 3.99457 3.81677 3.79069 3.74485 3.74241 3.88326 3.82822 3.57858 3.42999 3.43860 3.54226 3.57793 3.56328 3.52491 3.47724 3.39070 3.33428 3.34983 3.40508 3.44365 3.45032 3.55817 3.59165 3.34942 2.93040 2.83627 2.86129 2.66940 2.53874 2.65903 2.64131 2.49145 2.39099 2.31806 2.30049 2.27881 2.25988 2.24148 2.18664 2.24640 2.55058 2.86190 3.01342 3.11740 3.23577 3.26145 3.31606 3.32437 3.31429 3.38710 3.45562 3.33178
4.10722 4.23810 4.23754 4.08878 4.04676 4.10324 4.01227 3.81247 3.75222 3.78784 3.83393 3.75877 3.84035 4.10918 4.12495 3.94471 3.93834 3.97643 3.91850 3.79849 3.68268 3.53686 3.43128 3.49707 3.61224 3.66142 3.70060 3.67683 3.57836 3.42159 3.31856 3.29386 3.28515 3.38325 3.33773 3.34832 3.44955 3.38796 3.02449 2.69653 2.67678 2.53936 2.57079 2.68722 2.56933 2.44477 2.32765 2.25911 2.21015 2.16301 2.10265 2.00857 1.92607 2.17301 2.66390 3.03662 3.24129 3.33612 3.38318 3.38458 3.44575 3.44702 3.37693 3.37589 3.36340 3.05191
3.87254 4.02889 4.11354 4.02929 3.99157 3.98008 3.92664 3.85876 3.85496 3.81344 3.75009 3.64150 3.62675 3.76950 3.97532 3.87892 3.89044 3.87763 3.74569 3.63920 3.57641 3.49418 3.46152 3.53166 3.61403 3.63641 3.66602 3.71179 3.66668 3.50300 3.28232 3.13004 3.08970 3.25453 3.33502 3.16703 3.11679 3.13131 3.07097 2.70348 2.50284 2.48207 2.60630 2.59050 2.53102 2.47814 2.39086 2.29881 2.19852 2.13269 2.11609 2.11559 2.38599 2.69992 2.92371 3.25292 3.39263 3.39402 3.36563 3.31548 3.36211 3.32334 3.13397 2.93863 2.87148 2.78179
3.64373 3.72573 3.86538 3.94127 3.92649 3.84517 3.75647 3.72110 3.72549 3.73539 3.65201 3.56426 3.50365 3.60105 3.78813 3.78936 3.78128 3.75007 3.63786 3.57720 3.54214 3.51395 3.51685 3.55722 3.60198 3.60911 3.61422 3.64007 3.69019 3.62848 3.46330 3.17633 2.84624 2.88017 3.08579 3.07012 2.97162 2.80335 2.76932 2.61035 2.46599 2.51617 2.59119 2.55172 2.60447 2.57821 2.41193 2.20992 2.06118 1.96350 2.12491 2.64989 2.83656 3.00426 3.26260 3.44466 3.48519 3.40328 3.24166 3.13027 2.85744 2.72048 2.65138 2.49233 2.43562 2.62945
3.61775 3.66028 3.75803 3.83834 3.75573 3.66798 3.61197 3.58547 3.57987 3.62728 3.60377 3.54423 3.46414 3.50075 3.69284 3.71574 3.69394 3.67053 3.59092 3.55902 3.56387 3.56753 3.56983 3.58625 3.61167 3.62534 3.61794 3.60008 3.63728 3.70986 3.62968 3.47462 3.12361 2.83650 2.91561 2.87520 2.79996 2.79538 2.76804 2.63062 2.58241 2.58966 2.58333 2.62653 2.65085 2.51860 2.24564 1.97301 1.75982 1.68020 2.29569 2.73914 3.07889 3.35064 3.42748 3.46613 3.50177 3.42417 3.13574 2.72460 2.31506 2.31750 2.66327 2.64653 2.51500 2.65299
3.65697 3.67699 3.75869 3.77098 3.63904 3.54375 3.49113 3.50673 3.54999 3.59891 3.63630 3.59392 3.49239 3.45433 3.61509 3.63143 3.60654 3.57286 3.53143 3.54662 3.59143 3.61662 3.61019 3.59648 3.59602 3.62433 3.60646 3.55799 3.57381 3.61484 3.58250 3.47457 3.21622 2.88718 2.75058 2.61649 2.62428 2.83703 2.76233 2.61454 2.65134 2.76188 2.78200 2.65252 2.51104 2.26112 1.91113 1.42128 1.30613 2.03507 2.68987 2.79554 3.17290 3.37200 3.26963 3.27519 3.40606 3.36385 2.89047 2.41894 2.32834 2.67526 2.86451 2.90054 2.83898 3.09299
3.64570 3.68946 3.76347 3.67435 3.54911 3.45839 3.45481 3.51692 3.54511 3.59296 3.65202 3.62266 3.55968 3.42062 3.51496 3.54257 3.50074 3.46712 3.48790 3.55271 3.61711 3.65562 3.62367 3.58496 3.60024 3.64166 3.60573 3.51681 3.44359 3.42018 3.36151 3.20251 2.93242 2.71215 2.57992 2.49496 2.64418 2.89334 2.67153 2.57710 2.68175 2.94888 2.88677 2.62450 2.42134 2.06493 1.50042 0.92515 1.50750 2.29504 2.60688 3.05530 3.34825 3.23656 3.06229 3.03882 3.18973 3.20336 2.69758 2.37995 2.82174 2.81261 3.09658 3.20416 3.13710 3.09823
3.62315 3.68406 3.74589 3.61935 3.49550 3.46969 3.53985 3.56373 3.47384 3.52416 3.61753 3.59895 3.57910 3.48321 3.50878 3.56805 3.52189 3.49674 3.52478 3.57722 3.62532 3.67081 3.65587 3.59481 3.57261 3.57345 3.55984 3.53562 3.41940 3.28809 3.17916 3.03409 2.87891 2.75775 2.60669 2.57534 2.90855 3.06788 2.80026 2.71455 2.81736 2.96084 2.64545 2.38577 2.20486 1.91280 1.10541 1.26498 1.90608 2.23063 2.95430 3.31478 3.35772 3.14438 3.06375 3.00352 3.04248 2.87229 2.45651 2.42535 3.06497 3.08369 3.19889 2.80565 2.52903 2.60035
3.61774 3.69261 3.75322 3.61230 3.50585 3.53484 3.64709 3.68563 3.57903 3.46834 3.57311 3.60338 3.58795 3.57408 3.54975 3.61548 3.54724 3.55293 3.59750 3.60990 3.60300 3.62701 3.67964 3.65713 3.60672 3.57732 3.51967 3.43672 3.41258 3.37473 3.30752 3.18587 3.03985 2.91738 2.73222 2.86729 3.18545 3.18038 3.02541 3.00304 2.99584 2.99146 2.49292 2.26287 2.24147 2.17151 1.96440 2.02734 2.22819 2.87338 3.24387 3.12421 3.09340 3.14602 3.21124 3.05513 2.92138 2.42013 2.04444 2.47292 2.97136 3.06727 3.06123 2.36214 2.19222 2.30481
3.61467 3.71065 3.78808 3.62808 3.52586 3.56895 3.68159 3.70498 3.67271 3.59825 3.59577 3.67061 3.63246 3.63847 3.56541 3.57771 3.53222 3.54471 3.62886 3.63521 3.56355 3.54517 3.60444 3.67758 3.68321 3.64262 3.54173 3.35901 3.32383 3.44517 3.46271 3.34999 3.17960 3.06207 2.90867 2.99475 3.14614 3.22713 3.11905 3.08162 3.08364 2.85146 2.37146 2.26115 2.56128 2.70223 2.85769 2.94394 2.99944 3.25939 3.08569 2.89257 3.03518 3.16174 3.14731 2.92453 2.59839 2.03521 2.30309 2.85730 2.87836 3.01390 3.13593 2.35305 2.22820 2.87426
3.63027 3.74624 3.85743 3.65794 3.53513 3.57585 3.70118 3.71062 3.70563 3.69429 3.65224 3.70662 3.65458 3.64684 3.58414 3.53571 3.50547 3.56451 3.64630 3.62881 3.53158 3.48826 3.50471 3.57023 3.59718 3.55449 3.41755 3.22956 3.36109 3.52417 3.53701 3.37247 3.18022 3.08636 2.92783 2.86316 2.90786 2.99432 2.96225 2.79192 2.69765 2.54959 2.33337 2.41984 2.80222 2.87244 2.84209 3.04690 3.13125 3.21886 2.94188 3.00215 2.90135 2.85788 2.99645 3.09687 2.86409 2.44020 2.31100 2.46678 2.83402 3.00562 3.24946 2.53068 1.90695 2.68110
3.62738 3.73401 3.87262 3.68566 3.55875 3.58414 3.70908 3.73952 3.75110 3.72871 3.70124 3.74069 3.66660 3.65731 3.65769 3.60953 3.59182 3.63057 3.63993 3.61340 3.58339 3.54463 3.50912 3.49746 3.48627 3.42873 3.32576 3.34818 3.51103 3.56879 3.58497 3.45536 3.12665 2.88659 2.81604 2.79746 2.93772 2.88117 2.70653 2.55192 2.49980 2.41219 2.44647 2.72239 3.00574 3.09611 2.97378 3.00175 3.19026 3.11471 2.86435 2.86786 2.62001 2.69320 3.06633 3.21024 3.20818 2.84450 2.67178 2.54182 2.62979 2.83513 3.11760 2.87910 2.29178 2.38932
3.59476 3.67525 3.78678 3.68699 3.58300 3.61013 3.73154 3.75518 3.78798 3.77973 3.76801 3.77194 3.70324 3.65431 3.67634 3.68918 3.69198 3.71466 3.67688 3.67144 3.64426 3.65914 3.61309 3.53469 3.46592 3.42786 3.42952 3.50124 3.57812 3.59516 3.59786 3.52053 3.23688 2.79580 2.72283 2.76462 2.95597 3.04070 2.73343 2.59970 2.62402 2.59777 2.69123 2.85392 3.04605 3.11922 3.05152 3.01526 3.11055 3.11261 2.91854 2.73193 2.82365 2.87930 3.03231 3.18711 2.97640 2.68078 2.68903 2.45906 2.20959 2.44209 2.84301 3.18822 2.96793 2.75390
3.58393 3.62894 3.68917 3.64688 3.58596 3.62422 3.72527 3.75692 3.76449 3.74839 3.75864 3.74649 3.70077 3.67122 3.69808 3.72427 3.72279 3.73296 3.73705 3.72996 3.73023 3.72308 3.67657 3.60123 3.54268 3.52607 3.54025 3.56435 3.55146 3.52615 3.50670 3.41176 3.04011 2.78725 2.98141 2.84844 2.86702 3.04705 2.80203 2.73989 2.85384 2.87684 2.85368 2.83271 2.91940 2.87896 2.72417 2.71005 2.88805 3.12706 3.08163 2.85376 2.71147 2.85444 3.13381 3.13841 2.72757 2.50192 2.46164 1.86945 1.39084 1.48640 2.36633 3.09282 2.92734 2.16787
3.59890 3.64056 3.66410 3.63484 3.62208 3.66541 3.76237 3.83704 3.80100 3.74542 3.75804 3.73868 3.69907 3.71100 3.76158 3.77502 3.74153 3.72487 3.72746 3.73167 3.72392 3.70825 3.67010 3.62926 3.62528 3.62686 3.62659 3.60993 3.54348 3.44645 3.36025 3.19814 2.90099 3.04098 3.10372 2.89011 2.99589 3.06589 2.78836 2.70841 2.82949 2.89178 2.90164 2.99418 2.94491 2.80828 2.65677 2.69435 2.66428 2.89629 3.19468 3.11658 2.98334 3.03399 3.17485 3.21075 2.84981 2.59173 2.57823 2.04497 2.04872 1.34251 2.14331 2.87953 2.17780 0.93783
3.60966 3.69221 3.72196 3.70707 3.69439 3.72245 3.79852 3.78107 3.75604 3.76323 3.79504 3.76130 3.74845 3.77949 3.80909 3.84575 3.79652 3.75434 3.74258 3.72799 3.69842 3.68928 3.66074 3.61447 3.60823 3.63946 3.65541 3.61851 3.54014 3.43943 3.31194 3.14721 3.17671 3.34337 3.22234 3.06765 3.13139 3.08036 2.79692 2.60570 2.62692 2.71447 2.80251 2.93083 2.96881 2.80196 2.60938 2.65640 2.64944 2.64350 2.86043 2.76817 2.82935 2.91130 3.23647 3.21768 3.17018 2.83530 2.54644 2.25212 2.78829 1.86643 2.36673 2.38115 1.60216 1.18983
3.61705 3.72705 3.80237 3.74876 3.70172 3.72667 3.79826 3.76995 3.77498 3.80987 3.80759 3.76789 3.76632 3.80987 3.86572 3.90042 3.82116 3.75588 3.73485 3.69885 3.65236 3.66340 3.67676 3.62711 3.59337 3.61418 3.63313 3.59822 3.51943 3.44647 3.36407 3.24773 3.38281 3.43718 3.27598 3.21183 3.24874 3.17579 2.92425 2.64847 2.56884 2.62864 2.79172 2.95996 3.00043 2.85447 2.61497 2.49436 2.61078 2.63229 2.75638 2.91323 2.93847 3.04690 3.10398 3.14114 3.15742 3.09179 2.67720 2.31729 2.80282 2.38022 2.29189 2.39004 2.29068 2.18308
3.63142 3.70061 3.81086 3.80538 3.71589 3.71011 3.78149 3.76497 3.73862 3.73543 3.74227 3.74620 3.76224 3.81352 3.87372 3.83790 3.75339 3.70637 3.69021 3.66040 3.61448 3.60435 3.63536 3.60287 3.54220 3.55801 3.57485 3.54689 3.50213 3.41181 3.30465 3.26799 3.34796 3.42711 3.20577 3.09440 3.06354 2.91440 2.56738 2.33863 2.28254 2.40126 2.68468 3.04137 3.17512 3.05644 2.65724 2.44622 2.52880 2.76425 2.78328 2.99776 3.10424 3.05207 2.93058 2.92114 3.09936 3.19121 2.76220 2.43846 2.48621 2.87315 2.62886 2.91747 3.18512 3.16102
3.63506 3.64838 3.72988 3.82263 3.74251 3.70009 3.74719 3.77358 3.75368 3.73820 3.74477 3.75042 3.75254 3.77732 3.82559 3.78069 3.70809 3.66727 3.64373 3.65249 3.62813 3.57992 3.55922 3.46511 3.40603 3.48707 3.49116 3.43197 3.46917 3.40516 3.29298 3.32351 3.33526 3.37295 3.06046 2.77570 2.51132 2.00602 1.82020 1.75727 1.73826 1.76509 2.22424 2.67550 3.11206 3.10140 2.60707 2.40499 2.50984 2.82475 2.78533 2.78665 2.89370 2.83074 2.82313 2.91496 3.07213 3.17548 3.06363 2.80350 2.43174 2.89780 3.27390 3.32629 3.31468 3.29102
3.65748 3.64655 3.68143 3.78020 3.77336 3.71098 3.72051 3.77072 3.80979 3.81390 3.81473 3.79796 3.76960 3.74540 3.77492 3.74921 3.67224 3.63247 3.61334 3.62100 3.60394 3.57234 3.51978 3.37859 3.39943 3.50664 3.50663 3.38970 3.42230 3.47339 3.45872 3.35911 3.26851 3.26986 2.93681 2.28091 1.68955 1.23275 0.81689 0.70387 0.70008 0.73182 1.40136 2.17179 2.65281 2.89180 2.54745 2.37266 2.46702 2.81752 2.84093 2.70699 2.68803 2.70456 2.77918 2.87163 2.99088 3.25419 3.12378 2.93649 2.72076 2.74707 3.13706 3.39407 3.46937 3.43664
3.66984 3.64750 3.66298 3.75642 3.79418 3.72612 3.71168 3.76779 3.82953 3.82147 3.82820 3.79793 3.77614 3.73462 3.73400 3.72064 3.65805 3.64529 3.67656 3.62470 3.62022 3.59550 3.56762 3.56205 3.61906 3.60890 3.60257 3.52301 3.37788 3.49658 3.50532 3.22360 2.68000 2.58944 2.59653 1.95445 1.44393 0.61712 0.49666 0.50747 0.51453 0.52989 0.77765 1.72005 2.27299 2.54878 2.44747 2.30996 2.39792 2.70984 2.90669 2.89013 2.78322 2.74484 2.76757 2.67915 2.74765 3.07974 2.88985 2.78764 3.01364 3.02991 3.08519 3.28694 3.45280 3.51726
3.68469 3.63788 3.63942 3.72746 3.79058 3.73163 3.71685 3.77779 3.81023 3.82099 3.84586 3.79363 3.76397 3.76007 3.73492 3.71672 3.69269 3.71477 3.71636 3.68742 3.66246 3.67547 3.66214 3.65131 3.64236 3.67679 3.65419 3.51888 3.49288 3.41697 3.28278 2.25180 1.72900 1.61364 2.00717 1.78039 1.18813 0.58054 0.47669 0.39869 0.36118 0.45653 0.51233 1.49929 1.96574 2.28008 2.22184 2.13852 2.32571 2.61520 2.84417 3.04406 2.95886 2.87925 2.83017 2.56109 2.44595 2.45041 2.29907 2.45016 2.87894 3.11503 3.32440 3.35753 3.47669 3.56974
3.72086 3.65296 3.63230 3.70695 3.77438 3.74318 3.74531 3.79965 3.82161 3.85018 3.89427 3.82396 3.77029 3.78390 3.78024 3.76086 3.75959 3.78135 3.77059 3.72571 3.67822 3.69016 3.68004 3.68360 3.64878 3.65034 3.64406 3.56120 3.44154 3.47503 3.10563 1.98109 2.32437 1.71962 1.84973 1.46423 0.70521 0.51840 0.44517 0.28711 0.21950 0.29653 0.41782 1.07292 1.88758 2.17889 2.11601 1.97956 2.34263 2.57428 2.71595 2.88022 2.94748 2.97820 2.88026 2.81501 2.36661 1.79542 1.57905 2.13117 2.50462 2.84370 3.25573 3.40343 3.51925 3.57793
3.73436 3.66596 3.65648 3.72494 3.77547 3.76193 3.77831 3.82976 3.84302 3.86792 3.90331 3.83187 3.77924 3.79415 3.81300 3.79703 3.79655 3.82471 3.81566 3.76278 3.71808 3.69496 3.70018 3.70969 3.66981 3.62813 3.60429 3.55723 3.48058 3.45486 2.89003 1.55667 1.34294 1.68917 1.73561 1.24356 0.60733 0.42690 0.25805 0.23833 0.29589 0.24777 0.33913 0.74917 1.99627 2.34847 2.31025 2.33993 2.63332 2.75857 2.80293 2.87690 2.94757 3.06943 3.04289 2.77199 2.50659 2.07734 2.21190 2.41387 2.25459 2.58600 2.96973 3.24646 3.43905 3.53161
