mrvbf_slope0.5_pctl1.asc
NCOLS 410
NROWS 410
XLLCORNER 2398750.0000000000000000
YLLCORNER 2548750.0000000000000000
CELLSIZE 250.0000000000000000
NODATA_VALUE -99999.00000
[rows 116 to 144 of 410, columns 132 to 197 of 410]
5.51442 5.45160 5.47115 5.48687 5.36170 5.04778 5.17924 5.49203 5.53381 5.45646 5.29521 5.02860 4.97893 5.35947 5.54328 5.53736 5.46986 5.39236 5.44340 5.48570 5.52970 5.57807 5.58174 5.50937 5.21919 3.70902 2.68798 3.03761 4.83518 5.24202 5.33790 5.23196 4.80356 4.43902 3.48288 3.67070 3.59497 2.80897 2.47549 2.86755 4.50480 5.33267 5.46144 5.40232 5.34072 5.36806 5.36299 5.36050 5.17461 5.27666 5.28713 5.38280 5.28104 5.41071 5.39552 5.43091 5.39814 5.42044 4.96365 2.49737 2.06577 1.84930 2.10687 2.22963 2.63629 2.23043
5.48291 5.46340 5.49055 5.46535 5.32180 5.16189 5.29345 5.47782 5.54077 5.51146 5.41134 5.01489 4.48141 4.94146 5.48254 5.60674 5.59022 5.50710 5.44764 5.46799 5.51725 5.52723 5.48292 5.36458 4.89965 3.81601 3.16498 3.48607 4.93875 4.91693 5.24758 5.31500 5.04242 4.17481 4.65644 3.56453 2.65838 2.00412 1.97790 2.23577 2.83135 3.44963 4.06941 4.95361 5.35654 5.46973 5.44973 5.39505 5.16605 5.20785 5.28827 5.25166 4.84253 5.17045 5.38380 5.46157 5.41918 5.20949 3.48375 3.02474 2.31003 2.36542 2.56481 2.75699 2.34925 1.70790
5.42652 5.46617 5.52226 5.50906 5.39502 5.26685 5.29494 5.42313 5.50925 5.51544 5.46180 5.13149 4.13702 4.21655 5.26100 5.57800 5.62626 5.56347 5.49639 5.43475 5.29795 4.99005 4.74425 4.69798 4.73785 4.56187 4.34958 4.51846 4.89892 5.26986 5.45969 5.39480 5.29471 4.58834 3.71770 2.71864 2.56014 1.59167 2.37632 1.73314 2.12282 2.53592 2.70523 3.07967 4.95345 5.42854 5.45956 5.41135 5.25865 5.22273 5.30531 5.25225 5.10617 4.85943 5.34466 5.43290 5.31583 5.00592 3.78856 3.15179 2.44412 2.50379 2.77262 2.72267 2.37925 1.73651
5.45179 5.53412 5.58730 5.56036 5.44607 5.24999 5.21292 5.37977 5.47616 5.46613 5.25225 4.92809 3.99840 3.65873 4.89117 5.49099 5.58208 5.52945 5.44332 4.90738 3.70111 3.16952 3.35134 4.10405 4.89171 5.03976 5.15801 5.37448 5.41729 5.56346 5.53741 5.39354 5.39836 4.54678 2.55471 2.53411 2.34092 1.95072 1.97483 1.28929 1.69668 2.05595 2.23529 2.37042 3.58227 5.16918 5.43054 5.50121 5.39571 5.26755 5.21662 5.34024 5.30750 4.97958 5.12891 5.29998 5.06616 4.25534 2.65513 2.45468 2.46666 2.53499 2.52734 2.47312 2.18231 1.20950
5.52457 5.58455 5.59469 5.58293 5.49603 5.29320 5.20388 5.40821 5.51769 5.50300 5.08509 4.79813 3.79271 3.36773 4.65434 5.38146 5.31735 4.75733 4.24416 2.81532 1.97833 1.83432 2.55974 3.72311 4.59685 4.86934 5.19904 5.45601 5.56013 5.64230 5.57075 5.45382 5.33979 3.91983 2.34360 2.76074 2.31410 1.91913 1.38186 0.97248 0.93602 1.65137 1.84519 1.89885 2.78654 4.74548 5.41636 5.52281 5.40504 5.24366 4.98369 5.31642 5.35489 5.00028 5.12703 5.31134 5.24914 4.78792 3.45573 2.57347 2.37377 1.91463 2.18797 2.23212 1.61467 2.35732
5.43659 5.53860 5.58811 5.58846 5.50548 5.29144 5.13475 5.38150 5.52259 5.52908 5.28939 5.00965 4.69349 3.93972 4.39560 4.55509 3.59959 3.10878 2.58831 1.72853 1.22274 2.08858 3.13732 4.25831 4.85932 5.11922 5.39342 5.48598 5.55088 5.64007 5.59563 5.51005 5.30294 4.68524 3.36363 2.38933 2.50035 2.02927 1.78883 1.65245 0.63110 0.57384 0.74118 1.31971 2.02195 4.38282 5.30461 5.44750 5.35783 5.07108 5.13587 5.30966 5.37927 5.00069 5.14698 5.34637 5.26970 5.31780 4.81918 4.01373 2.84128 2.13137 2.00281 2.06513 2.08108 2.96792
5.32921 5.43880 5.51517 5.50040 5.44217 5.23166 5.00602 5.28545 5.42449 5.37827 5.25637 5.34641 5.29154 4.50011 3.39249 2.63095 2.69289 3.78723 3.27832 2.17302 3.12203 5.02522 4.86646 5.21960 5.44437 5.50268 5.54410 5.51707 5.54635 5.59005 5.54698 5.49889 5.31169 4.86206 3.92044 2.22056 2.01655 2.01061 1.88405 1.73722 0.61035 0.44171 0.48139 0.60159 1.50465 2.13896 4.52155 5.27052 5.28585 5.09748 5.22137 5.28641 5.38832 5.14216 5.26295 5.32197 5.24667 5.21507 5.01404 4.71656 4.43359 2.72872 1.91493 2.13725 2.34328 2.61888
5.28729 5.25535 5.33345 5.29273 5.22783 5.20129 5.15733 5.16786 5.24384 5.06759 4.96689 5.26820 5.28491 4.83808 3.82565 3.46563 4.52386 5.16713 4.74212 3.85832 4.83467 5.15732 5.15323 5.39378 5.50105 5.56119 5.54785 5.54807 5.55157 5.53097 5.50521 5.53299 5.37062 3.96694 2.60883 1.92380 1.90897 1.76967 1.44965 1.31165 0.49667 0.31740 0.33698 0.42430 0.55219 1.25784 2.65255 4.83279 5.05856 5.08872 5.13176 5.21984 5.29803 5.22100 5.35223 5.31425 5.31136 5.10463 5.15072 4.89819 4.68491 4.61174 3.15675 2.59689 2.75095 2.31588
5.23345 4.94248 4.99066 5.04423 5.08335 5.26655 5.37641 5.15981 4.89035 4.83477 5.14451 5.41914 5.46044 5.40170 5.34128 5.28138 5.23675 5.21566 5.07303 4.01507 4.67660 5.26689 5.39201 5.49424 5.50210 5.51280 5.53490 5.55813 5.53577 5.53266 5.54235 5.51961 5.02572 2.83189 1.70956 1.63531 1.57914 0.75407 0.54323 0.62173 0.37736 0.29772 0.31473 0.39719 0.45980 1.22940 1.96386 3.10244 4.48202 4.92558 4.94425 5.14647 5.15259 5.22243 5.37892 5.41383 5.42170 5.21876 5.15591 5.20089 4.80223 4.72776 4.80801 4.24473 3.89823 2.61873
5.12730 4.64396 4.70143 5.00756 5.27991 5.33754 5.42551 5.28445 4.83457 4.71918 5.03164 5.28680 5.42003 5.44947 5.34168 5.21602 5.27701 5.37072 5.39288 4.78392 4.91460 5.41386 5.48282 5.54846 5.57170 5.54124 5.57221 5.56576 5.51075 5.51790 5.51283 5.41548 3.88798 1.99652 1.74032 1.06588 0.74492 0.46911 0.50309 0.73695 0.44521 0.39135 0.46797 0.51250 0.62009 1.79444 2.15397 2.45130 3.33830 4.09016 4.37153 5.01689 5.10779 5.34158 5.37246 5.40835 5.40875 5.24021 5.11214 5.12782 5.12711 4.93080 4.81001 4.73520 4.79084 4.85038
4.99255 4.58784 4.71143 5.00694 5.24848 5.35627 5.43760 5.32997 5.11977 5.05343 5.06855 4.99038 4.97254 4.93973 4.93517 5.20861 5.42619 5.49523 5.40153 4.74605 4.60924 5.23357 5.33513 5.46294 5.56803 5.56866 5.55193 5.53381 5.46538 5.40507 5.22698 4.73366 3.05696 2.36187 3.37500 3.22372 1.67609 0.51273 0.93475 1.27742 0.56852 0.63881 0.69727 0.82757 1.55740 1.95737 2.42815 2.26564 2.30883 3.18609 3.97233 4.43475 5.11122 5.37676 5.39778 5.38906 5.26139 5.08938 5.04150 5.01112 4.99500 5.17552 4.91351 4.95032 5.14008 5.23290
4.97828 4.66863 4.73446 4.77455 5.05078 5.30778 5.31771 5.24529 5.34027 5.42888 5.39841 5.30558 5.21419 5.13312 5.18364 5.46704 5.56971 5.56177 5.33153 4.14640 3.55243 4.91063 5.03292 5.29288 5.54605 5.54313 5.54613 5.51217 5.35197 5.01194 4.46288 4.18127 4.52656 4.32301 3.84191 4.42899 1.26000 0.82259 1.67747 0.88974 0.70053 1.48906 1.65718 1.83856 2.08703 2.11865 2.12279 2.14277 2.13429 2.80128 3.78972 3.96661 5.10612 5.11747 5.12752 5.16332 4.94948 5.07729 5.01516 4.82879 4.39960 4.80815 5.01337 5.19935 5.36816 5.15259
5.12136 5.30790 5.20595 4.93188 4.89815 4.94653 4.98502 5.27523 5.47702 5.55789 5.54299 5.47098 5.46796 5.40326 5.24062 5.45854 5.57612 5.54197 5.13207 3.47980 2.96749 4.77503 4.42470 5.08935 5.52333 5.53138 5.45228 5.38974 4.90063 4.06133 4.40882 4.94932 5.11945 5.16601 4.60455 4.18042 1.42335 1.68989 1.77523 1.43273 1.49934 2.30033 3.42088 3.18363 2.48870 1.99073 1.85509 1.88728 2.07227 3.29120 3.80999 3.39292 3.96648 3.56829 3.50633 3.89434 4.61170 4.65720 5.01948 4.86980 5.02113 4.89564 5.23551 5.30442 5.39757 5.18374
5.45962 5.48349 5.49707 5.39315 5.20326 4.95832 4.57555 4.97878 5.42387 5.49505 5.45300 5.33948 5.34757 5.14462 5.31996 5.17447 5.40863 5.38678 4.60036 3.07227 2.85721 4.11690 4.26887 5.15160 5.42870 5.45019 5.42262 5.39043 4.80202 3.48548 3.83908 4.91790 5.24544 5.02424 2.19777 0.89237 1.58127 1.84495 1.85754 1.84820 2.04732 2.33883 1.64087 1.46912 1.63581 1.72911 1.44391 1.39685 1.70693 2.77893 2.73578 2.37098 2.85196 3.55000 2.72104 2.18568 3.19013 4.30701 4.96013 4.93149 4.78260 5.22600 5.42779 5.41589 5.44481 5.31357
5.54039 5.52584 5.56268 5.54141 5.43161 5.29882 4.82750 4.61099 5.19765 5.13179 5.04528 5.29681 5.00426 4.89374 5.28405 4.85348 4.78417 4.60925 3.85766 2.67301 1.90415 3.00785 4.24843 5.22198 5.32543 5.38373 5.27146 5.28529 5.10978 4.20258 3.87233 4.60021 5.06246 3.67482 0.97776 0.51394 1.71637 1.28129 1.77188 2.09573 1.90320 1.46037 0.61616 0.72160 0.83381 1.15904 0.62191 0.62913 1.19338 1.47605 1.72756 3.07654 2.64062 3.19513 1.95928 1.50885 2.05947 3.60871 4.64905 4.74557 5.13852 5.37916 5.44292 5.40037 5.45900 5.43962
5.50407 5.47954 5.47878 5.52141 5.45327 5.34747 5.20208 4.74635 4.98671 5.04046 5.01351 4.91872 4.61779 4.42218 4.86965 4.84730 4.82435 4.64582 4.17288 3.30104 2.57317 2.22019 3.38461 4.72922 4.90535 4.90927 5.01229 5.27697 5.26903 4.96698 4.79286 4.97938 5.07437 3.99334 1.42420 0.66038 1.51269 1.21933 2.00122 2.19844 1.78736 0.56505 0.50574 0.95895 0.61008 0.50487 0.40807 0.47580 0.90374 1.17417 1.98485 3.06728 4.12050 3.40490 2.37402 1.74279 1.60821 3.20446 4.32776 4.26839 5.18429 5.33979 5.25813 5.29093 5.40175 5.43512
5.43777 5.38020 5.27564 5.25305 5.03090 4.83208 5.02225 5.06265 5.04505 5.18658 5.24574 5.23329 4.54035 4.84990 5.41754 5.49158 5.48797 5.46045 5.39898 5.24101 4.43395 2.98509 2.99242 4.14228 4.71930 4.85635 5.14191 5.17008 5.01399 5.09454 5.19597 5.35526 5.42764 5.11987 2.91921 1.29791 1.22036 1.92524 2.69933 2.48971 1.84652 0.87680 0.64554 0.43989 0.34765 0.29585 0.32001 0.55599 1.39854 1.83617 1.67863 3.39316 4.61597 3.63276 2.14234 2.35849 1.43662 3.05856 3.77875 3.58402 4.78009 4.95425 4.75788 4.84468 4.84976 5.04258
5.29278 5.01374 4.48525 3.89136 3.50479 3.52250 4.04680 4.77418 5.19802 5.44756 5.29964 4.75468 4.71641 5.42369 5.59679 5.64661 5.64211 5.63047 5.61287 5.59223 5.46728 4.72636 3.39156 3.59010 4.61468 4.82528 5.22509 4.64131 4.43294 5.06812 5.18153 5.25472 5.30753 5.13019 4.01420 2.41500 2.22299 2.83651 2.81904 2.08376 1.81971 1.38985 0.55820 0.51348 0.50161 0.35473 0.43923 1.32179 1.85652 2.32555 2.29112 4.20561 4.20490 3.03533 2.11395 1.29956 1.39508 3.40782 3.62192 2.34286 2.64249 2.73214 2.63497 3.40602 3.73893 3.53137
4.70258 3.91852 3.41429 2.92919 2.51407 2.93133 3.72837 4.91005 5.36455 5.29127 4.72305 4.76813 5.41192 5.59396 5.65772 5.66213 5.66083 5.65149 5.63489 5.61352 5.59052 5.34652 3.89257 3.27842 3.84519 4.49518 4.83366 3.90176 4.27186 4.66047 4.76061 4.46383 4.54857 4.42399 3.09621 2.80931 2.89599 3.26272 2.84994 1.67512 0.80742 0.47796 0.66026 0.83718 0.77797 0.50038 0.63342 1.69871 1.88337 1.94497 1.73702 1.91726 3.05074 2.15686 2.78048 0.98881 1.15367 1.91793 2.15719 1.88848 2.01676 1.77546 1.46386 1.61192 2.01090 2.25577
3.78559 3.31299 2.79940 2.23490 2.69587 3.23680 3.65384 4.78547 5.14633 4.41198 4.58661 5.39655 5.59471 5.66160 5.67146 5.67880 5.67999 5.67257 5.65653 5.63416 5.60843 5.51664 4.95238 3.41032 3.31068 4.04536 4.46895 3.58002 3.24903 2.62274 2.87555 2.59952 2.77367 3.96289 3.25320 2.46836 2.43223 3.15402 3.52577 2.13360 0.67721 0.49823 0.73535 0.99940 1.28794 0.58765 0.94242 2.12478 1.81105 1.00365 1.11928 1.74789 1.71174 2.17996 2.73016 1.77616 1.07987 1.37037 1.02448 1.34425 2.25398 1.57461 0.95845 0.89102 1.35980 1.75080
3.44065 3.10406 2.73789 3.07118 3.87078 3.66093 3.66292 4.43795 4.21585 4.07125 5.26232 5.57363 5.65342 5.67079 5.68503 5.69507 5.69826 5.69215 5.67549 5.65156 5.62377 5.59346 5.32762 3.83864 3.32480 3.78960 3.64952 2.32611 1.38775 1.17281 1.62022 1.57289 1.99406 2.46856 2.66233 2.31389 2.67590 2.67852 2.60958 2.32941 1.51783 1.17558 1.17944 1.30254 1.62731 1.12512 1.95237 3.78097 2.01111 0.63158 0.57863 1.58488 1.70997 2.81423 3.75362 2.82004 1.98474 1.48103 0.60803 0.97519 2.53495 1.61437 0.89791 0.84714 1.65744 1.91729
3.38982 3.27678 3.28031 3.65482 3.99639 3.50949 3.54230 4.32055 3.94228 4.11781 5.39511 5.62549 5.65307 5.67678 5.69589 5.70902 5.71390 5.70853 5.69001 5.66484 5.63631 5.60466 5.50260 4.85941 3.46373 3.38045 3.15773 1.30820 0.78220 1.34412 3.31430 3.32577 1.75663 0.93046 1.70943 2.06421 2.15939 2.48762 2.71495 2.93562 2.36751 1.86881 1.74657 1.47932 1.16057 1.60212 3.27669 2.42309 1.02328 0.53913 0.51327 0.46079 0.94346 2.82941 3.59124 2.25224 1.54978 1.56590 0.46963 0.61838 1.50661 1.18387 0.86806 1.48173 0.76018 1.13879
3.50232 3.64447 3.83030 4.07729 3.81382 3.40454 3.71720 3.76582 3.71125 4.03297 5.37145 5.61741 5.64968 5.67796 5.70139 5.71755 5.72315 5.71755 5.69888 5.67422 5.64641 5.61526 5.58059 5.13031 3.52671 3.32654 3.22835 1.25781 0.61271 0.60512 1.36271 1.86045 0.79147 0.68361 1.46869 2.39110 2.64467 2.99574 4.27107 4.91438 2.99101 1.88227 1.55213 1.66968 0.67944 0.66349 1.17072 0.87095 0.73677 1.58124 1.54081 0.51604 1.04602 3.33763 3.86661 2.62577 1.47255 0.64341 0.52447 0.50394 0.65477 0.60406 0.75384 0.79566 0.81899 1.79936
3.57020 4.10071 4.55400 4.41790 3.97959 3.81943 3.64554 3.56212 3.58703 4.04433 5.37103 5.60814 5.64290 5.67385 5.70033 5.71973 5.72685 5.72145 5.70487 5.68181 5.65541 5.62569 5.59226 5.30864 3.83996 3.38223 3.21764 2.45459 1.69232 1.45199 0.63413 0.86872 1.28273 0.90884 1.05001 2.39361 3.66452 5.03425 5.38578 5.03349 2.79985 1.83236 1.33596 1.54280 0.85828 0.44947 0.54153 0.56894 1.12213 1.79762 1.91243 1.52267 1.98142 4.53797 4.95929 4.22402 1.98074 0.69437 1.57648 1.72175 1.53808 0.63607 1.36687 1.32597 2.08541 3.46234
3.46125 3.92445 4.51515 4.47379 4.48703 4.52297 3.60953 3.48316 3.72968 4.91724 5.47902 5.59312 5.62996 5.66286 5.69131 5.71355 5.72445 5.72262 5.70949 5.68873 5.66408 5.63596 5.60435 5.50093 4.97377 3.79564 3.87850 3.56151 2.85565 1.85221 0.92891 1.41720 2.56513 1.02632 0.82964 2.46298 4.25281 5.43544 5.43656 4.38682 2.68738 1.55160 0.51748 0.41150 0.43830 0.46164 0.59704 0.61337 1.15956 1.61703 2.18048 2.82379 3.20384 4.15692 4.69099 4.22644 2.38380 1.43275 1.93804 1.52558 1.51555 1.65534 1.74037 1.68035 3.00759 3.71437
3.34254 3.46331 3.74679 4.31021 4.93633 4.78005 3.59993 3.46666 4.05915 5.27830 5.52047 5.56539 5.60656 5.64286 5.67393 5.69856 5.71364 5.71915 5.71181 5.69431 5.67172 5.64482 5.61434 5.58101 5.32883 4.21901 3.89221 3.58377 3.28628 2.38861 1.58954 2.32045 3.10734 1.40361 1.14466 2.69727 4.60382 5.47731 5.41633 4.15030 2.75451 1.82327 0.50807 0.44371 0.56790 0.63122 0.50575 0.70997 1.70836 1.62850 2.29483 3.55589 3.94174 3.58716 2.84292 2.14023 2.07480 1.88251 2.16905 1.73796 1.41741 0.67695 0.92647 1.85546 3.49565 3.53206
3.39860 3.19202 3.31291 3.83609 4.53299 4.32166 3.59159 3.28423 3.47248 4.56547 5.46591 5.52243 5.57188 5.61399 5.64936 5.67746 5.69721 5.70916 5.71036 5.69753 5.67731 5.65084 5.61978 5.58496 5.47563 4.85358 3.64357 3.43934 3.34454 3.01934 2.49250 2.83276 2.21242 1.25935 1.99245 3.17444 4.67483 5.39079 5.38950 4.46593 3.01607 2.41961 0.90923 0.55764 0.57960 0.49869 0.45401 1.45903 1.98003 2.33737 2.60339 3.17743 2.99337 2.00601 1.59729 1.77650 2.00016 2.12565 2.03147 1.62715 1.43740 1.27319 1.55978 2.34947 3.61572 3.46641
3.64999 3.14263 3.03975 3.34390 3.45323 3.38459 3.24585 2.59043 2.60670 3.53524 4.89831 5.46605 5.52791 5.57796 5.61887 5.65140 5.67589 5.69329 5.70203 5.69694 5.67971 5.65315 5.62031 5.58257 5.53883 4.91490 3.54196 3.22382 3.09256 3.37685 3.33023 3.16248 2.21812 1.79914 3.06144 3.94404 4.78634 5.12778 5.09539 4.43790 3.29454 2.82222 2.45478 1.50764 1.03901 0.92814 1.56040 1.86045 3.05865 3.36002 2.84590 2.71236 1.95148 1.68098 1.44151 0.64872 1.34914 1.85775 1.90543 1.63680 2.16304 3.15818 2.00452 2.15954 2.49380 2.60543
3.69154 3.30115 3.13091 3.13952 3.17559 3.19806 3.04402 2.12922 1.19719 2.68145 3.64650 5.11400 5.47458 5.53453 5.58210 5.61998 5.64966 5.67231 5.68694 5.69105 5.67856 5.65231 5.61793 5.57767 5.53060 4.66651 3.43486 2.90036 3.15925 3.45705 3.90828 3.64458 3.50471 2.83940 3.38407 4.34642 4.96735 5.06725 4.74966 4.20121 3.12066 2.93489 3.55486 3.40030 2.56246 2.42029 2.36919 3.12875 4.70989 4.79251 3.13382 2.42706 0.89069 0.48249 0.37332 0.36124 0.51258 1.49107 1.70554 1.21080 1.42271 1.82408 1.51207 1.60778 1.70779 1.75912
