mrvbf_slope1.2_pctl1.asc
NCOLS 410
NROWS 410
XLLCORNER 2398750.0000000000000000
YLLCORNER 2548750.0000000000000000
CELLSIZE 250.0000000000000000
NODATA_VALUE -99999.00000
[rows 203 to 231 of 410, columns 132 to 197 of 410]
0.55835 0.56210 0.73252 1.45503 2.58676 4.48497 5.91481 7.04490 7.34906 7.43332 7.46407 7.49889 7.54266 7.56474 7.55410 7.54500 7.53863 7.55703 7.56798 7.59223 7.62555 7.63168 7.62785 7.63302 7.64144 7.64591 7.64690 7.65031 7.64656 7.64555 7.64229 7.64011 7.63916 7.63595 7.62941 7.62669 7.63487 7.64661 7.65474 7.66128 7.66478 7.66405 7.66242 7.65945 7.65591 7.65378 7.65380 7.65069 7.64729 7.64603 7.64710 7.65013 7.65284 7.65592 7.65878 7.66017 7.65907 7.65879 7.65854 7.65865 7.65920 7.65963 7.66032 7.66147 7.66318 7.66553
0.68020 0.67860 1.02805 2.09473 4.24708 4.98093 5.77602 6.80268 7.28508 7.41368 7.45764 7.48878 7.53063 7.55870 7.56365 7.57038 7.56863 7.56870 7.57194 7.59705 7.62732 7.63250 7.63104 7.63503 7.64154 7.64663 7.64865 7.65050 7.64583 7.64202 7.63908 7.64020 7.64242 7.64065 7.63447 7.62264 7.62501 7.63864 7.64839 7.65636 7.66318 7.66641 7.66634 7.66484 7.66235 7.65825 7.65360 7.64960 7.64722 7.64700 7.64956 7.65385 7.65712 7.66035 7.66337 7.66492 7.66522 7.66497 7.66469 7.66510 7.66582 7.66607 7.66632 7.66686 7.66757 7.66813
1.26836 1.24065 1.47339 3.54890 5.15522 5.47932 5.92818 6.66687 7.19303 7.37628 7.43827 7.47249 7.51389 7.54763 7.56377 7.56811 7.56761 7.56586 7.57597 7.60493 7.62933 7.63284 7.63166 7.63585 7.64170 7.64579 7.64662 7.64637 7.64580 7.64041 7.63305 7.63716 7.64282 7.64516 7.64391 7.63406 7.62928 7.63810 7.64596 7.65229 7.65960 7.66492 7.66639 7.66621 7.66505 7.66111 7.65504 7.65062 7.64933 7.65010 7.65282 7.65634 7.65914 7.66177 7.66430 7.66655 7.66830 7.66878 7.66868 7.66866 7.66852 7.66838 7.66827 7.66815 7.66838 7.66848
2.68021 2.30550 3.67027 5.40103 5.70746 5.75726 6.02839 6.56985 7.08980 7.32737 7.41689 7.45932 7.49544 7.53059 7.55266 7.55920 7.56217 7.56894 7.58668 7.61197 7.62829 7.62915 7.62869 7.63254 7.63744 7.64330 7.64328 7.64156 7.64361 7.64041 7.62861 7.62847 7.63570 7.64117 7.64110 7.63373 7.63244 7.64163 7.64847 7.65228 7.65773 7.66313 7.66573 7.66615 7.66460 7.66037 7.65536 7.65212 7.65178 7.65359 7.65604 7.65725 7.65805 7.66044 7.66400 7.66760 7.66967 7.67019 7.67007 7.66972 7.66929 7.66893 7.66854 7.66809 7.66789 7.66749
5.23416 5.28570 5.91070 6.18477 6.06569 5.90408 5.98377 6.38877 6.95705 7.27110 7.38802 7.44064 7.47642 7.50767 7.53216 7.54777 7.56078 7.57621 7.59415 7.61212 7.62329 7.62442 7.62505 7.62851 7.63586 7.64185 7.64228 7.63975 7.63843 7.63789 7.62691 7.61320 7.61944 7.62406 7.62275 7.62154 7.63197 7.64387 7.64941 7.65264 7.65691 7.66130 7.66347 7.66332 7.66172 7.65844 7.65469 7.65286 7.65421 7.65661 7.65756 7.65585 7.65504 7.65814 7.66381 7.66816 7.66987 7.67020 7.66998 7.66950 7.66892 7.66820 7.66705 7.66585 7.66556 7.66564
7.03023 6.92697 6.90597 6.52457 6.12748 5.85483 5.80665 6.12163 6.78512 7.20659 7.34594 7.39980 7.44193 7.48295 7.51379 7.53830 7.56037 7.58076 7.59663 7.60776 7.61729 7.62380 7.62197 7.61905 7.62858 7.63772 7.63885 7.63633 7.63118 7.62947 7.62151 7.59945 7.60237 7.61037 7.61131 7.61757 7.63058 7.64092 7.64698 7.65142 7.65550 7.65861 7.65955 7.65828 7.65764 7.65848 7.65529 7.65256 7.65458 7.65740 7.65632 7.65208 7.65046 7.65555 7.66364 7.66788 7.66896 7.66876 7.66857 7.66808 7.66729 7.66563 7.66259 7.66043 7.66026 7.66133
7.36196 7.26921 7.07881 6.60067 6.02061 5.66497 5.56148 5.82548 6.52040 7.08536 7.27659 7.33621 7.39511 7.45801 7.49785 7.52888 7.55712 7.57952 7.59402 7.60305 7.61066 7.61672 7.61609 7.61105 7.62125 7.63115 7.63140 7.62632 7.62043 7.61376 7.60233 7.58945 7.60404 7.61170 7.61532 7.62269 7.63017 7.63708 7.64434 7.65069 7.65496 7.65723 7.65748 7.65648 7.65668 7.65941 7.65482 7.64917 7.65200 7.65675 7.65441 7.64674 7.64348 7.65241 7.66324 7.66643 7.66591 7.66491 7.66498 7.66528 7.66423 7.66035 7.65581 7.65428 7.65412 7.65463
7.10958 7.03120 6.81036 6.28796 5.69308 5.33175 5.21422 5.47818 6.13741 6.85364 7.16485 7.26010 7.32963 7.41733 7.47410 7.51259 7.54513 7.56989 7.58657 7.59801 7.60496 7.60651 7.60456 7.60948 7.62489 7.62708 7.62294 7.61872 7.61435 7.60520 7.59813 7.59993 7.60813 7.61467 7.62168 7.62891 7.63262 7.63696 7.64353 7.65075 7.65592 7.65827 7.65780 7.65775 7.65794 7.65614 7.65014 7.64221 7.64920 7.65847 7.65634 7.64409 7.63701 7.64877 7.66190 7.66341 7.66099 7.65865 7.65789 7.65941 7.65839 7.65314 7.65034 7.65141 7.65070 7.64902
5.32920 5.69844 5.74157 5.44622 5.00804 4.69176 4.54558 4.88723 5.66144 6.49761 6.98579 7.16287 7.25611 7.36122 7.43843 7.48783 7.52682 7.55623 7.57638 7.58991 7.59708 7.59941 7.60564 7.61647 7.62493 7.62396 7.62095 7.61755 7.61495 7.61145 7.61105 7.61136 7.61053 7.61706 7.62575 7.63258 7.63641 7.63935 7.64373 7.65002 7.65633 7.66053 7.66026 7.65708 7.65634 7.65591 7.64782 7.63523 7.64594 7.66134 7.66127 7.64663 7.63538 7.64459 7.65846 7.65806 7.65298 7.65003 7.64812 7.64916 7.64998 7.64844 7.65016 7.65386 7.65238 7.64866
2.20303 2.44523 2.80960 3.14454 3.40402 3.47319 3.45709 3.80365 4.94287 5.93485 6.63398 6.98782 7.15673 7.29483 7.39739 7.46023 7.50771 7.54211 7.56476 7.57970 7.58946 7.59835 7.61039 7.61779 7.62146 7.62111 7.61971 7.61596 7.61507 7.61704 7.61693 7.61424 7.61404 7.61776 7.62588 7.63479 7.64077 7.64315 7.64501 7.64847 7.65359 7.65941 7.66291 7.66240 7.66110 7.66255 7.65458 7.63612 7.63862 7.65765 7.66294 7.65224 7.64197 7.64269 7.64890 7.64470 7.64030 7.64048 7.64018 7.64174 7.64708 7.65191 7.65505 7.65811 7.65651 7.65320
1.56607 1.58490 1.65301 1.80951 2.16555 2.48436 2.66425 2.85697 3.66128 5.07427 5.96719 6.63028 6.98989 7.19870 7.34398 7.42850 7.48715 7.52833 7.55428 7.57234 7.58723 7.60049 7.60737 7.61219 7.61169 7.61172 7.61335 7.61310 7.61367 7.61461 7.61359 7.61418 7.61694 7.62052 7.62772 7.63817 7.64582 7.64821 7.64828 7.64856 7.65010 7.65386 7.65904 7.66276 7.66522 7.66500 7.65636 7.64031 7.63912 7.65130 7.65823 7.65478 7.65154 7.65224 7.64694 7.63773 7.63687 7.63983 7.64142 7.64405 7.65168 7.65857 7.65854 7.65780 7.65735 7.65746
1.41429 1.44172 1.45238 1.51951 1.58311 1.85020 2.25280 2.48526 2.76853 3.71506 5.13007 6.06569 6.73479 7.06467 7.26690 7.38927 7.46208 7.51409 7.54629 7.56922 7.58722 7.60019 7.60385 7.60770 7.60082 7.60124 7.60719 7.61222 7.61344 7.61191 7.61298 7.61773 7.62261 7.62681 7.63212 7.64013 7.64799 7.65237 7.65315 7.65206 7.65114 7.65073 7.65169 7.65394 7.65952 7.66336 7.65574 7.64521 7.64362 7.64525 7.64724 7.64885 7.65391 7.65979 7.65318 7.64643 7.64849 7.65153 7.64981 7.64598 7.64982 7.65784 7.65926 7.65854 7.65898 7.65922
1.26562 1.33235 1.31141 1.37108 1.43471 1.51809 1.70392 2.19840 2.48508 2.81948 3.93995 5.44301 6.42162 6.95152 7.19370 7.34668 7.43554 7.49894 7.53851 7.56508 7.58400 7.59403 7.59636 7.59856 7.59006 7.59526 7.60766 7.61299 7.61522 7.61349 7.61629 7.62323 7.62927 7.63329 7.63572 7.63908 7.64482 7.65125 7.65578 7.65664 7.65616 7.65554 7.65434 7.65320 7.65388 7.65960 7.66071 7.65229 7.64758 7.64524 7.64406 7.64653 7.65307 7.65587 7.64738 7.64470 7.65415 7.65944 7.64876 7.64157 7.65201 7.66062 7.66222 7.66216 7.66198 7.66135
1.06259 1.11003 1.04106 1.07686 1.19173 1.35732 1.49824 1.77757 2.30085 2.53788 2.95947 4.59724 5.98575 6.80472 7.14956 7.30744 7.40390 7.47670 7.52048 7.54629 7.57305 7.58451 7.58339 7.58571 7.58638 7.59773 7.60889 7.61343 7.61809 7.61778 7.61822 7.62524 7.63283 7.63675 7.63781 7.63845 7.64115 7.64665 7.65343 7.65795 7.65818 7.65725 7.65617 7.65537 7.65718 7.65988 7.66037 7.65799 7.65891 7.65701 7.65550 7.65609 7.65981 7.65922 7.64870 7.63995 7.64790 7.65351 7.64360 7.64583 7.65760 7.66100 7.66163 7.66171 7.66141 7.66081
0.86786 0.83559 0.78754 0.87869 0.96411 1.19358 1.41626 1.59358 1.98628 2.34345 2.55627 3.56604 5.60862 6.61797 7.08036 7.26132 7.34805 7.43616 7.48392 7.52155 7.54900 7.56604 7.57996 7.58901 7.59135 7.59880 7.60808 7.61292 7.61836 7.62198 7.61927 7.62556 7.63481 7.63872 7.64065 7.64107 7.64056 7.64293 7.64966 7.65536 7.65466 7.65419 7.65612 7.65848 7.66162 7.66253 7.65986 7.65890 7.66164 7.66379 7.66292 7.66065 7.66305 7.66232 7.65397 7.64452 7.64666 7.64946 7.64577 7.65118 7.65860 7.66013 7.66057 7.66058 7.66016 7.65936
0.66659 0.65273 0.66479 0.69823 0.80310 1.05397 1.35942 1.53348 1.71633 2.10728 2.36185 2.81330 4.90218 6.20948 6.94915 7.22174 7.34231 7.42734 7.47025 7.52528 7.54963 7.56614 7.58828 7.59828 7.59760 7.60561 7.61172 7.61395 7.61667 7.62378 7.61976 7.62390 7.63460 7.63992 7.64328 7.64500 7.64382 7.64241 7.64713 7.65220 7.65243 7.65592 7.66004 7.66264 7.66377 7.66220 7.65983 7.66139 7.66058 7.66300 7.66140 7.66056 7.65961 7.66061 7.65331 7.64823 7.64976 7.64806 7.64808 7.65343 7.65836 7.65937 7.65958 7.65934 7.65864 7.65745
0.53399 0.54545 0.55579 0.57330 0.64068 0.86102 1.28667 1.48744 1.60497 1.86430 2.24448 2.56821 3.77016 5.57993 6.63388 7.14116 7.35178 7.44931 7.49298 7.53499 7.55947 7.57644 7.59299 7.60333 7.60320 7.60476 7.61034 7.61342 7.61185 7.61736 7.61954 7.62180 7.63156 7.63831 7.64233 7.64495 7.64535 7.64381 7.64686 7.65164 7.65443 7.65857 7.66105 7.66258 7.66287 7.66083 7.65813 7.65992 7.65808 7.66006 7.65941 7.65646 7.65452 7.65494 7.65309 7.65292 7.65298 7.65159 7.65315 7.65708 7.65837 7.65853 7.65832 7.65757 7.65636 7.65486
0.36818 0.32627 0.37982 0.42144 0.49581 0.65585 1.12847 1.47199 1.58458 1.76689 2.16046 2.46098 3.11144 4.95860 6.17888 6.97383 7.29933 7.43913 7.48979 7.53429 7.56276 7.58212 7.59291 7.60294 7.60246 7.60059 7.60481 7.60808 7.60511 7.60595 7.61062 7.61759 7.62776 7.63378 7.63615 7.63876 7.63942 7.63801 7.64250 7.64949 7.65320 7.65671 7.65903 7.66070 7.66060 7.65660 7.65102 7.65200 7.65159 7.65529 7.65504 7.64864 7.64583 7.64690 7.65141 7.65684 7.65775 7.65758 7.65764 7.65782 7.65761 7.65722 7.65638 7.65499 7.65325 7.65130
0.27922 0.30558 0.31056 0.36696 0.48463 0.61147 1.03625 1.42622 1.57544 1.71603 2.04821 2.36105 2.77203 4.34608 5.76922 6.71864 7.25769 7.40685 7.48510 7.52704 7.55548 7.58035 7.59385 7.59976 7.59668 7.59759 7.60011 7.60451 7.60402 7.60278 7.60678 7.61707 7.62784 7.63268 7.63166 7.63035 7.62813 7.62617 7.62971 7.63640 7.64437 7.65006 7.65313 7.65649 7.65699 7.64886 7.64148 7.64411 7.64314 7.64759 7.64258 7.63458 7.63886 7.64252 7.64676 7.65351 7.65717 7.65747 7.65687 7.65630 7.65586 7.65496 7.65353 7.65160 7.64910 7.64505
0.35866 0.32728 0.45230 0.56453 0.64842 0.90943 1.28746 1.45671 1.57043 1.69019 1.94000 2.28939 2.60321 3.55079 5.33158 6.53235 7.24435 7.39989 7.47954 7.52502 7.55162 7.57213 7.59065 7.59749 7.59385 7.59444 7.59520 7.60371 7.60996 7.61116 7.61586 7.62423 7.63145 7.63505 7.63364 7.63012 7.62529 7.62552 7.63093 7.63134 7.63840 7.64637 7.64965 7.65183 7.65257 7.64200 7.63646 7.64437 7.64105 7.64558 7.63767 7.63585 7.64287 7.64274 7.64197 7.64721 7.65296 7.65395 7.65258 7.65179 7.65225 7.65165 7.64996 7.64746 7.64259 7.63270
0.52746 0.60066 0.65645 0.75066 1.08568 1.33612 1.47662 1.55285 1.53737 1.58943 1.91184 2.33652 2.56376 3.04493 4.84001 6.38136 7.22176 7.39902 7.47869 7.52846 7.55258 7.57019 7.59330 7.60323 7.59547 7.58413 7.58184 7.59884 7.61434 7.61893 7.62165 7.62665 7.63389 7.63704 7.63424 7.62789 7.62589 7.63236 7.63909 7.63401 7.63577 7.64317 7.64672 7.64963 7.65077 7.64093 7.63492 7.64458 7.64079 7.64366 7.63901 7.63312 7.64257 7.64536 7.64077 7.64161 7.64714 7.64864 7.64780 7.64712 7.64670 7.64703 7.64579 7.64255 7.63265 7.61807
0.44237 0.61904 0.82690 1.32750 1.51602 1.51185 1.48322 1.48753 1.44070 1.48671 1.83989 2.36028 2.59485 3.02173 4.58318 6.26205 7.20089 7.39952 7.48025 7.53003 7.55182 7.57147 7.59337 7.60217 7.59437 7.57780 7.57562 7.59568 7.61501 7.62072 7.62102 7.62727 7.63541 7.63753 7.63532 7.62551 7.62259 7.63315 7.63648 7.62921 7.63227 7.64206 7.64610 7.64550 7.64549 7.63798 7.63478 7.64361 7.64038 7.64084 7.64262 7.63743 7.64013 7.64663 7.64157 7.63713 7.64034 7.64381 7.64469 7.64404 7.64130 7.63984 7.63932 7.63629 7.62305 7.60891
0.47891 0.63021 1.07654 1.55202 1.64788 1.47511 1.08018 1.05761 1.25069 1.46172 1.80047 2.37088 2.61919 3.12001 4.76186 6.39420 7.20233 7.39651 7.48079 7.52548 7.54823 7.56921 7.58740 7.59020 7.58283 7.57246 7.57189 7.59296 7.61373 7.61885 7.61935 7.62698 7.63513 7.63628 7.63142 7.61732 7.61745 7.63030 7.62979 7.62199 7.63124 7.63971 7.63485 7.62877 7.62828 7.62639 7.63132 7.64141 7.63983 7.63517 7.63473 7.63541 7.64208 7.64580 7.64209 7.63469 7.63353 7.63762 7.64045 7.63888 7.63404 7.62789 7.62524 7.62515 7.61494 7.60389
0.73862 0.95012 1.21280 1.56231 1.55213 1.39124 1.15306 1.15624 1.35108 1.56191 1.91029 2.42395 2.69806 3.58227 5.25395 6.63358 7.21150 7.39622 7.48266 7.51921 7.54487 7.56771 7.57592 7.57520 7.57742 7.57412 7.57430 7.59765 7.61327 7.61556 7.61783 7.62556 7.63312 7.63159 7.61769 7.60755 7.61886 7.63067 7.62665 7.61677 7.62691 7.63033 7.62247 7.62094 7.62072 7.62615 7.63566 7.64304 7.64301 7.63903 7.63641 7.63900 7.64385 7.64427 7.64116 7.63578 7.62993 7.63045 7.63224 7.62895 7.62262 7.61820 7.61798 7.62209 7.61997 7.60708
1.49832 1.48961 1.60880 1.73866 1.73217 1.67413 1.59324 1.61544 1.65394 1.77129 2.12385 2.47933 2.79139 4.02450 5.57159 6.75898 7.21225 7.39172 7.47632 7.51056 7.54178 7.56302 7.56555 7.57532 7.58462 7.58434 7.58649 7.60479 7.61662 7.61398 7.61534 7.62128 7.62700 7.62163 7.60918 7.61239 7.62529 7.63269 7.62612 7.61828 7.62705 7.62813 7.62466 7.63073 7.63329 7.63656 7.64165 7.64340 7.64405 7.64330 7.64164 7.64136 7.64297 7.64240 7.63831 7.63584 7.62885 7.62523 7.62203 7.61655 7.61384 7.61689 7.61990 7.62369 7.62769 7.61710
2.46486 1.98937 1.75189 1.81860 1.84778 1.86241 1.88625 1.93033 1.87938 1.97468 2.25935 2.50271 2.78191 3.87658 5.49175 6.76877 7.19441 7.37817 7.47049 7.50533 7.53735 7.55481 7.56362 7.57998 7.59243 7.59422 7.59452 7.60864 7.62163 7.61771 7.61296 7.61615 7.62161 7.61879 7.61319 7.61790 7.62886 7.63397 7.62508 7.61936 7.63015 7.63336 7.63000 7.63538 7.64013 7.63986 7.63993 7.63994 7.64098 7.64144 7.64058 7.63926 7.63866 7.63612 7.63034 7.62766 7.62361 7.61937 7.61192 7.60732 7.60984 7.61413 7.61365 7.61892 7.62751 7.62545
6.08055 4.14624 1.67720 1.72908 1.78071 1.79095 1.75459 1.77322 1.80602 1.91171 2.21539 2.48545 2.73315 3.58997 5.28049 6.69967 7.20000 7.37236 7.47040 7.50629 7.53624 7.55004 7.56495 7.58587 7.60023 7.60279 7.59744 7.60797 7.62438 7.62483 7.61881 7.61872 7.62373 7.62205 7.61864 7.62194 7.63040 7.63542 7.62507 7.61626 7.62878 7.63486 7.63151 7.63570 7.63939 7.63694 7.63479 7.63373 7.63730 7.63963 7.63661 7.62747 7.62787 7.62688 7.61993 7.61607 7.61324 7.61054 7.60544 7.60633 7.61070 7.61042 7.60268 7.60380 7.61795 7.62002
3.78058 1.40904 0.90012 1.25025 1.52583 1.55629 1.40544 1.38043 1.54691 1.68035 1.99594 2.42445 2.67658 3.30333 4.89056 6.48318 7.19177 7.38217 7.47215 7.51219 7.53424 7.55127 7.57411 7.59597 7.60626 7.60820 7.60149 7.60901 7.62299 7.62565 7.62107 7.62135 7.62641 7.62269 7.62203 7.62782 7.63202 7.63182 7.62624 7.61885 7.62928 7.63578 7.63216 7.63420 7.63511 7.62829 7.61925 7.61688 7.62405 7.63114 7.62152 7.61290 7.62209 7.62615 7.61997 7.61540 7.60988 7.60823 7.61080 7.61526 7.61691 7.61327 7.60219 7.59241 7.60266 7.60218
1.20076 0.50368 0.46392 0.58834 1.13205 1.45893 1.25659 0.90863 1.20832 1.53006 1.83278 2.34094 2.62119 3.05604 4.33960 6.20289 7.17183 7.38858 7.47018 7.50645 7.53087 7.55983 7.58719 7.60452 7.61108 7.61135 7.61035 7.61558 7.62189 7.62361 7.62235 7.62246 7.62002 7.61787 7.62413 7.63369 7.63335 7.62715 7.62418 7.62905 7.63679 7.63856 7.63236 7.63060 7.62955 7.62227 7.61315 7.60582 7.60343 7.61137 7.60437 7.61471 7.62096 7.62701 7.61795 7.61275 7.61238 7.61331 7.61879 7.62143 7.62038 7.61603 7.60486 7.58776 7.59291 7.58675
