mrvbf_slope0.8_pctl1.4.asc
NCOLS 410
NROWS 410
XLLCORNER 2398750.0000000000000000
YLLCORNER 2548750.0000000000000000
CELLSIZE 250.0000000000000000
NODATA_VALUE -99999.00000
[rows 145 to 173 of 410, columns 132 to 197 of 410]
6.49489 6.48217 6.44494 6.42063 6.45945 6.41776 6.28324 6.12441 5.97710 5.90254 6.19844 6.61392 6.92080 7.06646 7.15928 7.23230 7.28486 7.32047 7.34160 7.35032 7.34859 7.33300 7.29965 7.24535 7.16687 6.89310 6.31469 6.00651 6.36198 6.48842 6.80258 6.67070 6.63996 6.40711 6.60319 6.92731 6.94279 7.00842 6.89290 6.56780 6.24773 6.35135 6.68717 6.78162 6.68613 6.58915 6.68743 6.89604 7.05504 6.94633 6.46697 6.11870 5.96964 5.69334 5.60255 5.77158 5.72904 5.74493 5.82692 5.94263 6.08022 5.87065 6.21371 6.06239 6.05844 6.05849
6.41249 6.41331 6.38159 6.37365 6.37794 6.34100 6.29776 6.15026 6.08101 6.18095 6.23505 6.32589 6.63359 6.92455 7.06913 7.16002 7.23112 7.28135 7.31272 7.32849 7.33224 7.32066 7.28974 7.23729 7.16071 6.94754 6.43310 6.02823 6.24939 6.48664 6.82022 6.71032 6.62117 6.48901 6.70399 7.03436 7.07116 6.90864 6.57795 6.14199 5.98041 6.24001 6.52273 6.84607 6.96351 6.86380 7.01332 7.12957 7.14243 6.97079 6.48788 6.04352 6.06154 5.86228 5.63928 5.68995 5.81757 5.85020 6.07921 6.18259 5.91792 6.04563 6.26815 6.03332 5.86154 5.79367
6.24029 6.24425 6.24249 6.24559 6.22108 6.24071 6.33755 6.35847 6.32878 6.48828 6.44022 6.23666 6.29319 6.61982 6.92430 7.07310 7.16307 7.23091 7.27545 7.30026 7.31067 7.30474 7.27765 7.22931 7.15789 7.03853 6.67279 6.16542 6.16077 6.47824 6.70744 6.65909 6.63441 6.61337 6.78597 7.09186 7.15957 6.90953 6.37225 6.05651 6.09519 6.24805 6.35689 6.71872 6.94296 6.91998 7.09549 7.18647 7.16600 7.03872 6.67900 6.15691 5.97026 6.04351 5.79445 5.74262 5.97492 5.99768 6.33623 6.49085 6.18996 5.92848 6.01772 5.90815 5.77859 5.68949
6.07416 6.10159 6.13763 6.15846 6.11389 6.13658 6.24096 6.33765 6.43900 6.51894 6.45935 6.34210 6.16345 6.25927 6.61399 6.93414 7.08478 7.17005 7.22956 7.26515 7.28330 7.28439 7.26176 7.21824 7.15327 7.07050 6.79945 6.34298 6.32427 6.56523 6.68420 6.63154 6.64810 6.73205 6.90272 7.12238 7.12577 6.86714 6.43363 6.12446 6.01890 6.17210 6.36953 6.57875 6.69909 6.62721 6.89033 7.08671 7.12501 7.05748 6.84337 6.42324 6.04272 5.91560 5.75846 5.77719 5.90089 6.08020 6.42755 6.59164 6.37316 5.98633 5.69841 5.65846 5.57249 5.62805
5.98598 6.06126 6.14028 6.17418 6.08803 6.11026 6.25965 6.33354 6.42637 6.48624 6.43733 6.40687 6.28156 6.13128 6.25308 6.65248 6.96952 7.10285 7.17624 7.22284 7.24892 7.25740 7.24061 7.20149 7.14217 7.06577 6.73746 6.20708 6.25218 6.41855 6.72041 6.82537 6.80238 6.88644 7.05078 7.11908 6.93777 6.58613 6.27362 6.22506 6.25132 6.30845 6.41452 6.54074 6.45741 6.35754 6.50535 6.87108 7.03259 6.99551 6.78115 6.44464 6.19353 5.97752 5.79580 5.76299 5.89208 6.22942 6.45572 6.41899 6.03223 5.73934 5.62558 5.60945 5.55222 5.71467
5.94634 6.07592 6.15683 6.09501 5.99033 6.01473 6.20527 6.34610 6.45776 6.47869 6.43157 6.44090 6.37000 6.25262 6.11616 6.34890 6.79434 7.03687 7.11917 7.17432 7.20712 7.22243 7.21380 7.17785 7.12158 7.04894 6.78037 6.30788 6.26268 6.53346 6.88833 7.02387 7.02876 7.07117 7.13289 7.02189 6.76301 6.53527 6.44700 6.42308 6.49791 6.42187 6.43538 6.41326 6.37837 6.28972 6.26429 6.58396 6.83967 6.83776 6.51174 6.21064 6.07859 6.02712 5.99782 5.98279 6.11482 6.27082 6.27209 5.98821 5.70223 5.59048 5.50580 5.60006 5.57341 5.66181
5.87681 6.00070 6.03668 5.99039 5.93602 5.98692 6.19396 6.35843 6.50043 6.47075 6.41342 6.45769 6.42166 6.28261 6.10432 6.22082 6.62622 6.94028 7.06217 7.12122 7.15882 7.18044 7.18027 7.14539 7.08801 7.01432 6.79056 6.40103 6.36471 6.58939 6.74944 6.81931 6.87569 6.96153 7.03571 6.95560 6.74365 6.56745 6.54227 6.58087 6.61165 6.39645 6.24473 6.31995 6.44699 6.35516 6.14086 6.25615 6.49050 6.60359 6.26762 6.04397 6.08278 6.06328 6.11266 6.32364 6.41345 6.30801 6.01410 5.68475 5.55655 5.51197 5.52736 5.46567 5.58790 5.61056
5.77018 5.86366 5.93450 5.95666 5.92779 5.93624 6.08395 6.29430 6.42760 6.39924 6.38029 6.41732 6.26610 6.12542 6.12905 6.22238 6.39434 6.73193 6.97435 7.06155 7.10129 7.12812 7.13408 7.09811 7.03424 6.95347 6.69774 6.26669 6.22465 6.47428 6.58236 6.58253 6.59175 6.65667 6.79953 6.93296 6.83714 6.59759 6.46089 6.58301 6.68057 6.44307 6.14120 6.18745 6.46319 6.48033 6.26024 6.14040 6.22532 6.33586 6.06305 6.00420 6.23478 6.37122 6.43525 6.45851 6.45457 6.25605 5.76264 5.57078 5.44480 5.53463 5.61596 5.59834 5.58528 5.56197
5.68864 5.77126 5.87955 5.92860 5.89309 5.85585 5.89721 6.04800 6.20532 6.24209 6.28508 6.27720 6.07713 6.03855 6.18948 6.27462 6.38099 6.50423 6.74367 6.86783 6.99300 7.05270 7.05781 7.01852 6.94418 6.85317 6.57973 6.12626 6.10576 6.44389 6.57046 6.54394 6.50013 6.46157 6.52023 6.74992 6.92200 6.77219 6.51252 6.47918 6.61213 6.44011 6.18177 6.13536 6.22198 6.31562 6.40678 6.23607 6.20159 6.26874 6.01785 6.06220 6.30064 6.41557 6.50562 6.56419 6.53723 6.20080 5.71088 5.51178 5.35412 5.58890 5.67671 5.75083 5.79863 5.71834
5.61936 5.71226 5.82886 5.85079 5.82752 5.80262 5.81112 5.88987 6.03950 6.13347 6.17708 6.11396 5.95527 6.01347 6.27858 6.35529 6.42366 6.44931 6.41707 6.47236 6.72842 6.91066 6.94050 6.89231 6.80765 6.67689 6.39158 6.00462 6.01822 6.22717 6.31636 6.38209 6.41895 6.33566 6.29886 6.47460 6.77026 6.70596 6.51097 6.39063 6.30876 6.15623 6.14425 6.29230 6.28723 6.15722 6.21010 6.24405 6.20434 6.30358 6.01946 6.11430 6.21613 6.41957 6.62283 6.64365 6.62511 6.35555 5.80900 5.57293 5.29811 5.45626 5.60664 5.73425 5.98976 6.04080
5.52757 5.66046 5.74383 5.76432 5.78508 5.79799 5.80266 5.86489 6.02660 6.12549 6.13936 6.04630 5.90650 5.93237 6.15213 6.27258 6.35159 6.33623 6.26678 6.28784 6.43182 6.70139 6.78563 6.72742 6.64014 6.42754 6.00372 5.78285 5.81153 5.89901 6.06843 6.11478 6.14223 6.16696 6.12624 6.24046 6.55240 6.45744 6.29575 6.17505 6.02516 5.96729 6.08227 6.26713 6.38413 6.05831 6.07976 6.20281 6.11075 6.18952 5.98886 6.05632 6.18765 6.31368 6.44374 6.52240 6.53215 6.47443 6.09808 5.69989 5.53259 5.46761 5.55344 5.65645 5.83214 6.07514
5.35509 5.59692 5.67210 5.70930 5.76569 5.81833 5.81099 5.83990 5.99689 6.10005 6.15195 6.06571 5.90774 5.95049 6.07899 6.11951 6.10044 6.08276 6.11764 6.23815 6.47018 6.61120 6.61477 6.55329 6.42753 6.11553 5.75504 5.67927 5.72942 5.75896 5.80086 5.85706 5.94953 6.06980 6.03436 6.07946 6.40869 6.33459 6.20828 6.07927 5.97878 6.03895 6.10892 6.13425 6.30960 6.03977 6.01363 6.24663 6.08586 6.11975 6.14597 6.15158 6.41506 6.31437 6.30137 6.41127 6.45224 6.43043 6.02759 5.72573 5.65184 5.63253 5.63731 5.63257 5.66822 5.84255
4.99763 5.48376 5.61952 5.68880 5.76662 5.80071 5.75451 5.76826 5.93439 6.04766 6.05968 6.05285 5.87520 5.96247 6.01403 5.99386 5.93239 5.88490 5.90714 6.13850 6.21747 6.21165 6.28091 6.20731 5.95249 5.71503 5.63517 5.65343 5.77999 5.90175 5.89118 5.90172 5.98337 6.10684 6.06916 6.01409 6.18987 6.24336 6.18529 6.10306 6.06687 6.18822 6.19316 6.01978 6.17490 6.11382 5.90785 6.10774 6.12965 6.12958 6.35528 6.35147 6.40574 6.38208 6.34804 6.33552 6.37695 6.34844 5.85534 5.69709 5.71112 5.73725 5.69592 5.58500 5.59413 5.75696
4.73024 5.38069 5.59956 5.69810 5.77103 5.73634 5.70271 5.75957 5.99911 6.15196 6.11719 6.03422 5.92586 5.99562 5.95470 5.95419 5.97884 5.92284 5.77908 5.75296 5.71054 5.69731 5.78656 5.74159 5.62298 5.57248 5.60813 5.70105 5.96624 6.23618 6.27026 6.21456 6.11698 6.03792 6.15703 6.23337 6.21511 6.32433 6.31173 6.18702 6.14039 6.25997 6.35987 6.10378 6.01905 6.12556 5.91231 5.89559 6.07557 5.99995 6.32231 6.44750 6.28456 6.37825 6.46253 6.29828 6.30437 6.31143 5.80203 5.70435 5.81845 5.76128 5.64718 5.52315 5.58825 5.77599
4.65224 5.36517 5.58810 5.68185 5.70758 5.69647 5.70057 5.77523 5.99631 6.15882 6.15703 6.03664 6.05870 6.01170 6.03306 6.12044 6.14759 6.10175 5.89566 5.74509 5.69083 5.66568 5.68712 5.65882 5.58991 5.62446 5.71473 5.89453 6.02014 6.08510 6.11728 6.03945 5.94491 6.07367 6.38667 6.54487 6.58159 6.57744 6.49943 6.26856 6.16878 6.23626 6.37910 6.34350 6.08330 6.00654 5.84820 5.81443 6.07790 5.93271 6.06583 6.44692 6.25376 6.28267 6.37271 6.17131 6.23901 6.33284 5.83136 5.70109 5.78940 5.82301 5.63789 5.52187 5.57651 5.66899
4.73909 5.32127 5.55198 5.64222 5.67903 5.70561 5.73390 5.76952 5.88101 6.05063 6.06560 6.01132 6.14185 6.04040 6.08337 6.22714 6.35033 6.32776 6.13514 6.01230 5.88682 5.80671 5.79367 5.72811 5.66519 5.77710 6.04036 6.02991 5.94952 6.02826 6.15661 6.11988 6.15771 6.51674 6.76323 6.81856 6.77498 6.83814 6.67337 6.38081 6.25699 6.19399 6.12250 6.14737 6.22487 6.20345 5.94819 5.95983 6.01044 5.89899 6.09183 6.48976 6.26356 6.20387 6.13583 6.08344 6.31887 6.44468 5.93558 5.71602 5.73461 5.75572 5.63922 5.51079 5.47523 5.54593
4.96494 5.35647 5.54588 5.63570 5.69358 5.75030 5.77692 5.76117 5.77041 5.86460 5.96962 6.01914 6.08180 6.11208 6.00688 6.01384 6.15161 6.13770 6.05044 5.97438 5.96784 5.98501 5.96888 5.78628 5.73664 5.88810 6.09886 6.06259 6.01250 6.22226 6.50761 6.52426 6.51618 6.63460 6.71145 6.79615 6.89733 6.92622 6.62576 6.35599 6.36637 6.23890 6.13590 6.04032 6.05795 6.26069 6.15789 5.98601 5.92939 6.01567 6.35943 6.53492 6.33421 6.18295 6.13815 6.29930 6.60715 6.60946 6.15295 5.79080 5.72836 5.71215 5.63847 5.53944 5.47321 5.50478
5.33175 5.47634 5.57069 5.64514 5.71687 5.79875 5.82339 5.78089 5.72119 5.76841 5.92763 5.96963 6.13670 6.31642 6.20519 6.07595 6.08721 6.13116 6.18296 6.06769 5.99267 6.04287 5.95661 5.82166 5.88534 6.01856 6.11731 6.14758 6.16651 6.34353 6.58797 6.53261 6.43748 6.37673 6.37188 6.45564 6.70542 6.87514 6.59733 6.34896 6.37867 6.31370 6.44256 6.37101 6.19950 6.23862 6.31251 6.22993 6.27261 6.49591 6.77166 6.78243 6.58530 6.45882 6.51857 6.72034 6.84058 6.77436 6.48873 6.04508 5.81972 5.78473 5.72778 5.64932 5.58351 5.56571
5.52280 5.53488 5.56968 5.63406 5.71151 5.80277 5.84122 5.78880 5.71915 5.73427 5.84433 5.94831 6.14474 6.37872 6.46689 6.36695 6.27401 6.34277 6.35118 6.08990 5.92688 5.93494 5.94785 6.00232 6.10071 6.19558 6.30294 6.38088 6.38973 6.38792 6.44835 6.35476 6.31451 6.28500 6.27019 6.28189 6.44886 6.77902 6.83712 6.51597 6.45173 6.58303 6.78490 6.73229 6.46129 6.35407 6.50301 6.60729 6.76292 6.91491 7.00630 6.99777 6.91858 6.89782 6.91998 6.96692 6.96602 6.90441 6.76724 6.48315 6.13744 6.03728 6.00614 5.85584 5.71911 5.65951
5.54838 5.53591 5.54322 5.60478 5.68672 5.77706 5.81968 5.78958 5.73790 5.71697 5.73799 5.76870 5.88370 6.14436 6.30567 6.24892 6.25368 6.35254 6.24967 5.95934 5.84276 5.87073 5.98672 6.18173 6.31069 6.49062 6.61636 6.58997 6.45484 6.37432 6.35489 6.30409 6.30952 6.35950 6.32850 6.21990 6.34848 6.73027 6.86516 6.68935 6.75081 6.87887 6.95373 6.85160 6.54367 6.37709 6.51832 6.67575 6.80598 6.93672 6.93697 6.86415 6.83586 6.89930 6.96404 6.98019 6.97825 6.96517 6.90960 6.76713 6.53296 6.38592 6.34168 6.14959 5.98963 5.83492
5.58454 5.55246 5.52744 5.57666 5.65412 5.71914 5.75205 5.75453 5.72882 5.70352 5.69949 5.69898 5.71836 5.84087 5.94751 5.97482 6.06666 6.12594 6.05391 5.84312 5.79395 5.85871 5.99571 6.11375 6.26819 6.54758 6.61887 6.45332 6.38850 6.38593 6.40711 6.34227 6.32137 6.35797 6.24975 6.10879 6.28040 6.64453 6.56138 6.41374 6.53888 6.75286 6.94591 6.84388 6.46336 6.28527 6.45354 6.61131 6.65470 6.67397 6.52658 6.32847 6.29051 6.47050 6.71059 6.78348 6.78995 6.79999 6.79165 6.71826 6.63792 6.61521 6.51636 6.35099 6.26170 6.16493
5.60285 5.56998 5.53838 5.56487 5.61809 5.66488 5.70712 5.72795 5.71819 5.71137 5.70912 5.68790 5.67222 5.73206 5.79613 5.88111 5.94333 5.96224 5.90826 5.79206 5.79245 5.88062 6.02256 6.13918 6.15872 6.31398 6.39148 6.35109 6.46808 6.45218 6.49636 6.34815 6.26723 6.26361 6.11781 5.98588 6.15346 6.47787 6.30874 6.31025 6.38523 6.57399 6.87934 6.78975 6.36273 6.21855 6.46705 6.67705 6.71485 6.58900 6.29215 6.12881 6.09160 6.12909 6.30560 6.38273 6.39128 6.41619 6.44125 6.47171 6.54194 6.65331 6.69156 6.54253 6.45836 6.44354
5.58032 5.57451 5.55613 5.56519 5.59498 5.64412 5.70988 5.74559 5.74154 5.76203 5.78545 5.71972 5.66128 5.69584 5.78356 5.85235 5.86856 5.87084 5.85109 5.81226 5.84202 5.91797 6.02461 6.21643 6.29389 6.31304 6.40392 6.48371 6.50525 6.48067 6.46959 6.23718 6.12366 6.12977 5.99038 5.86020 5.94561 6.28288 6.27122 6.34669 6.41300 6.58442 6.84277 6.71046 6.26562 6.17120 6.48061 6.60779 6.61939 6.44115 6.21473 6.27479 6.38296 6.26424 6.26638 6.21381 6.19031 6.23331 6.31528 6.45007 6.53320 6.57250 6.69239 6.71934 6.68825 6.62421
5.51253 5.56341 5.57668 5.57642 5.58570 5.62719 5.68806 5.73164 5.76245 5.78600 5.85966 5.77699 5.69643 5.67470 5.79004 5.90005 5.89091 5.89912 5.88315 5.84572 5.89749 5.99326 6.03309 6.21175 6.47147 6.49554 6.59620 6.62466 6.52863 6.47383 6.36254 6.06920 5.98570 6.04479 5.92181 5.77232 5.77445 6.03520 6.24795 6.42231 6.44378 6.58697 6.76990 6.47224 6.02285 6.07525 6.43216 6.59496 6.67129 6.44289 6.23201 6.36469 6.50596 6.47246 6.52035 6.36935 6.34559 6.36307 6.40059 6.46381 6.49423 6.50445 6.60343 6.76256 6.84765 6.71021
5.29618 5.51236 5.59130 5.59605 5.58168 5.58448 5.64531 5.69772 5.73883 5.79018 5.91642 5.81712 5.75108 5.72611 5.78596 5.97597 6.02060 6.04933 5.96383 5.85969 5.89532 5.98673 6.05882 6.23609 6.46548 6.47287 6.56737 6.51088 6.48035 6.39167 6.23622 5.93931 5.91658 6.07843 6.00146 5.77357 5.70562 5.85971 6.20478 6.33906 6.31175 6.45375 6.56743 6.08611 5.86022 6.06567 6.28558 6.50882 6.60753 6.39769 6.22952 6.40881 6.41290 6.45490 6.44255 6.39635 6.52504 6.50771 6.45743 6.44546 6.42439 6.32585 6.36118 6.53673 6.78446 6.82895
4.52191 5.34509 5.56136 5.60313 5.58263 5.55833 5.63334 5.73293 5.75471 5.90276 6.06242 6.00863 5.85843 5.84180 5.87242 5.94664 6.06022 6.17453 5.99161 5.85167 5.93715 5.97937 6.12990 6.34794 6.41785 6.49643 6.61810 6.47383 6.39664 6.36597 6.26484 5.91603 5.84767 6.05860 6.16487 5.88575 5.69016 5.76672 6.11841 6.25692 6.25065 6.32887 6.36885 5.94620 5.89851 6.04336 6.21462 6.51153 6.54108 6.38522 6.19549 6.31299 6.32500 6.54394 6.58751 6.37722 6.38299 6.48477 6.54083 6.41319 6.24207 6.21036 6.22756 6.32470 6.58119 6.81187
3.08739 4.88984 5.48861 5.59042 5.58296 5.55419 5.60890 5.71764 5.81828 5.96051 6.09501 6.14925 6.08609 6.00180 5.96012 5.90639 6.03942 6.27152 6.05391 5.85250 5.92843 6.11232 6.24912 6.35584 6.42437 6.59348 6.68624 6.56387 6.36840 6.37057 6.30647 6.02757 5.86157 5.97270 6.05308 5.83159 5.70280 5.79416 6.20225 6.28170 6.29712 6.37350 6.35918 6.02154 5.98683 6.08754 6.32805 6.44054 6.41146 6.30240 6.15460 6.18173 6.39586 6.72547 6.82647 6.63979 6.49807 6.45009 6.45633 6.38427 6.34080 6.28720 6.19267 6.23513 6.47887 6.73688
1.97523 4.16842 5.38626 5.58589 5.60447 5.55606 5.53895 5.60887 5.72983 5.89375 6.03996 6.12715 6.06566 5.90082 5.85402 5.82556 5.97525 6.29429 6.15013 5.85940 5.87117 6.13916 6.28722 6.30203 6.40106 6.59370 6.63368 6.48018 6.20548 6.05908 5.98845 5.88783 5.89223 6.08674 5.95969 5.76097 5.73208 5.88962 6.27693 6.37777 6.42656 6.46315 6.31600 6.05356 6.04608 6.09202 6.15236 6.10753 6.01187 5.92702 5.92308 6.06607 6.37059 6.67719 6.78034 6.71222 6.63931 6.50571 6.36306 6.39951 6.52461 6.31360 6.16708 6.22430 6.43921 6.66107
1.37646 3.49245 5.33532 5.58725 5.61055 5.56031 5.48187 5.47164 5.59703 5.75737 5.96221 6.02645 5.87169 5.77643 5.77076 5.73910 5.85208 6.22721 6.30167 5.92263 5.80193 5.95895 6.15815 6.22743 6.27917 6.44243 6.46766 6.17175 5.89997 5.87199 5.86079 5.83270 5.95127 6.08135 5.86478 5.75451 5.80232 6.05594 6.40003 6.53030 6.54725 6.47223 6.14546 5.88700 5.84396 5.84169 5.81567 5.76259 5.72370 5.71028 5.71512 5.75117 5.88837 6.27983 6.39904 6.21277 6.22606 6.36871 6.32353 6.37022 6.56916 6.30533 6.20388 6.17117 6.21055 6.40651
