mrvbf_slope0.6_pctl1.asc
NCOLS 410
NROWS 410
XLLCORNER 2398750.0000000000000000
YLLCORNER 2548750.0000000000000000
CELLSIZE 250.0000000000000000
NODATA_VALUE -99999.00000
[rows 261 to 289 of 410, columns 330 to 395 of 410]
3.70488 3.64809 3.51093 3.66918 3.88280 3.95169 3.45654 2.68708 2.42445 2.76844 3.19686 3.23840 3.43984 3.71585 4.03980 4.34962 4.52090 4.59930 4.64282 4.67462 4.70517 4.73469 4.75542 4.76269 4.75739 4.74087 4.71988 4.67646 4.61920 4.57862 4.58090 4.58929 4.56892 4.53568 4.49048 4.36441 3.38843 2.39159 3.21889 3.49971 2.63201 1.39153 1.28773 2.75138 4.26916 4.54879 4.55630 4.47391 4.41267 4.38035 4.38392 4.40766 4.42599 4.38121 4.31557 4.42191 4.51780 4.56439 4.57261 4.57312 4.59387 4.51480 4.46569 4.54386 4.66059 4.73457
3.85606 3.79452 3.52506 3.53984 3.69061 3.86679 3.63247 2.87753 2.37597 2.64445 3.26581 3.32338 3.37443 3.50715 3.69882 4.04291 4.39939 4.55592 4.62436 4.65884 4.69126 4.72218 4.74271 4.74876 4.74348 4.72826 4.69772 4.64722 4.58366 4.55623 4.58316 4.61924 4.63821 4.63138 4.60817 4.56340 4.30073 3.02041 2.93286 3.89376 4.07376 3.76157 3.91749 4.42000 4.56450 4.60968 4.60824 4.56268 4.50878 4.46896 4.44764 4.45362 4.46043 4.41026 4.27908 4.25003 4.40532 4.51987 4.58486 4.55700 4.54986 4.52306 4.50415 4.54644 4.62415 4.66914
3.74944 3.94219 3.67071 3.50345 3.51442 3.65907 3.43078 2.73524 2.38332 2.71814 3.50854 3.56371 3.45541 3.46429 3.50871 3.71640 4.20764 4.50778 4.60518 4.64255 4.67684 4.70893 4.72983 4.73441 4.72894 4.70644 4.66012 4.59181 4.53137 4.52665 4.55489 4.57578 4.61051 4.64371 4.65291 4.61993 4.47860 3.87386 3.57262 4.09407 4.30927 4.39052 4.48388 4.57429 4.60137 4.63191 4.65340 4.64606 4.60645 4.57303 4.54644 4.52821 4.51373 4.48857 4.47033 4.39617 4.41226 4.46502 4.52009 4.55904 4.54079 4.54041 4.55598 4.59019 4.63028 4.65428
3.54617 3.94126 3.74389 3.48796 3.35090 3.41362 3.05651 2.39885 2.29880 2.71146 3.60931 3.86415 3.72435 3.62768 3.46495 3.50906 3.98023 4.45715 4.58525 4.62558 4.66175 4.69495 4.71766 4.72112 4.71546 4.67888 4.61380 4.53701 4.49805 4.51618 4.53931 4.53443 4.53582 4.57484 4.62102 4.60103 4.45996 4.18006 4.19782 4.34773 4.41489 4.49480 4.54005 4.56479 4.59137 4.64022 4.69440 4.71628 4.67921 4.65569 4.63828 4.61555 4.59977 4.58478 4.54568 4.50937 4.48703 4.45984 4.42610 4.50501 4.56098 4.57461 4.60009 4.63980 4.66808 4.67764
3.37864 3.76085 3.67579 3.41751 3.12905 3.21428 2.84194 2.24940 2.06697 2.52525 3.40306 3.88362 3.88282 3.77366 3.48979 3.36970 3.74657 4.39111 4.56013 4.60755 4.64554 4.67986 4.70608 4.70991 4.70414 4.65658 4.57368 4.49840 4.49407 4.53693 4.56540 4.55706 4.52289 4.51212 4.54951 4.56020 4.46560 4.35252 4.39305 4.45288 4.47005 4.50293 4.51617 4.53249 4.58016 4.64049 4.70273 4.72156 4.70308 4.70216 4.69828 4.65384 4.59471 4.53054 4.49415 4.54215 4.53863 4.50979 4.40281 4.40790 4.52985 4.59112 4.63466 4.68141 4.70074 4.70406
3.16103 3.43987 3.47215 3.25887 2.81996 2.76764 2.56963 2.00960 2.09935 2.65013 3.51776 3.75532 3.80972 3.77008 3.56347 3.30141 3.50670 4.20213 4.50441 4.58437 4.62794 4.66311 4.69250 4.70081 4.69563 4.64560 4.55516 4.47899 4.49796 4.56186 4.60599 4.61362 4.59109 4.54916 4.53517 4.54677 4.51553 4.47975 4.47395 4.49787 4.49479 4.47394 4.45377 4.49598 4.57608 4.64081 4.67668 4.67536 4.68633 4.71381 4.70489 4.63086 4.51578 4.32964 4.32178 4.42653 4.52444 4.52959 4.43397 4.41147 4.51034 4.59259 4.65693 4.69766 4.70361 4.70998
2.88306 3.13413 3.18094 2.97000 2.50696 2.25182 2.21886 2.13597 2.39544 2.97994 3.38682 3.42870 3.53219 3.61354 3.62966 3.41786 3.38527 3.77533 4.36108 4.54380 4.60906 4.64452 4.67492 4.69140 4.68971 4.64835 4.56910 4.48481 4.47129 4.52179 4.57399 4.61314 4.62795 4.61428 4.59120 4.58752 4.58284 4.55924 4.53015 4.52198 4.52318 4.50492 4.42295 4.39414 4.51843 4.60748 4.62291 4.62584 4.65689 4.66708 4.62473 4.52106 4.18999 2.70497 2.67068 4.02612 4.47502 4.51968 4.50358 4.48513 4.51459 4.58577 4.63671 4.66451 4.68587 4.69984
2.77084 2.96130 2.90982 2.62742 2.27924 2.04417 2.04421 2.18658 2.42412 2.73669 2.98196 3.05197 3.17159 3.35450 3.54559 3.52315 3.47119 3.62697 4.09228 4.45810 4.57420 4.62464 4.65440 4.67594 4.68275 4.66238 4.61005 4.52795 4.46369 4.47902 4.52917 4.57937 4.61757 4.64086 4.64384 4.63791 4.63731 4.61249 4.57172 4.54091 4.53079 4.53426 4.50161 4.38748 4.39945 4.52405 4.55210 4.55842 4.58253 4.57766 4.52861 4.31177 2.67311 2.03031 1.49384 3.64145 4.46984 4.53083 4.54857 4.51037 4.51401 4.54719 4.57542 4.61321 4.64988 4.67549
2.93171 2.89440 2.72202 2.39683 2.10137 1.95156 1.95315 2.09977 2.33450 2.59377 2.80357 2.99512 3.07201 3.12675 3.36749 3.43659 3.51033 3.69218 3.92516 4.28514 4.50156 4.59024 4.63233 4.65408 4.66760 4.66750 4.64587 4.59293 4.51686 4.48396 4.51231 4.56035 4.60462 4.63993 4.66416 4.66521 4.66908 4.65504 4.62020 4.58202 4.55465 4.54711 4.54202 4.48946 4.39870 4.42822 4.47734 4.48500 4.47610 4.46157 4.43616 4.34593 3.60664 2.32113 3.08671 4.32478 4.47615 4.50373 4.51716 4.53586 4.57489 4.53716 4.53804 4.56699 4.60514 4.63586
2.90661 2.74217 2.53129 2.23394 1.95482 1.88653 1.94954 2.10754 2.36616 2.68283 3.05106 3.36582 3.19179 3.10828 3.35233 3.47150 3.53951 3.70177 3.85746 4.08616 4.35800 4.51825 4.58030 4.60701 4.62303 4.63189 4.63137 4.60841 4.55255 4.51044 4.51630 4.55269 4.59155 4.62257 4.64260 4.64921 4.66369 4.67309 4.65348 4.62584 4.60283 4.59037 4.58050 4.55104 4.47504 4.38543 4.39472 4.39368 4.35054 4.33868 4.37266 4.42209 4.39559 4.32428 4.36625 4.48399 4.51594 4.56248 4.57678 4.59030 4.58070 4.55245 4.53214 4.53365 4.57016 4.58954
2.65146 2.36205 2.22789 2.02930 1.78887 1.78962 1.91461 2.13504 2.44577 2.84382 3.25333 3.31456 3.16366 3.22382 3.44824 3.60087 3.65303 3.74166 3.85852 4.01435 4.19547 4.37814 4.47635 4.51596 4.53644 4.55052 4.55247 4.53755 4.51031 4.50166 4.51838 4.54451 4.56925 4.58766 4.59785 4.60083 4.61563 4.62393 4.58835 4.55837 4.56520 4.59931 4.63123 4.61775 4.58040 4.52215 4.49260 4.48854 4.47108 4.47204 4.50164 4.53960 4.56187 4.55498 4.53549 4.56251 4.60159 4.66552 4.69295 4.69301 4.62984 4.54536 4.53546 4.53543 4.52514 4.49690
2.47727 2.07579 1.83798 1.77766 1.61316 1.63014 1.83105 2.08242 2.38405 2.71502 3.02090 3.12965 3.17793 3.33891 3.55938 3.74036 3.80296 3.85341 3.94322 4.05939 4.16298 4.25258 4.33281 4.37140 4.40241 4.43621 4.45493 4.45844 4.46922 4.49904 4.52423 4.53511 4.54049 4.54618 4.54920 4.54171 4.53490 4.51672 4.46769 4.46317 4.50322 4.53414 4.56541 4.61860 4.66655 4.67045 4.65458 4.65628 4.65194 4.65087 4.65497 4.65565 4.67235 4.66349 4.64007 4.63558 4.68257 4.74580 4.74640 4.67128 4.58037 4.49539 4.48750 4.45352 4.39497 4.33147
2.28374 2.01021 1.58556 1.63814 1.47762 1.48456 1.72586 1.97668 2.26370 2.54777 2.83439 3.06562 3.24160 3.44679 3.64895 3.74336 3.80043 3.98586 4.09948 4.16510 4.22064 4.26130 4.29528 4.31939 4.35453 4.39745 4.43166 4.45613 4.48622 4.52404 4.54159 4.52819 4.51110 4.50760 4.50740 4.49086 4.45072 4.38951 4.38445 4.44851 4.51090 4.53762 4.53640 4.54394 4.60267 4.66868 4.71845 4.75714 4.77479 4.77329 4.76280 4.75062 4.76342 4.75756 4.73526 4.71511 4.72357 4.69982 4.64553 4.55138 4.43260 4.39473 4.38363 4.33396 4.26879 4.16365
2.39221 1.91066 1.45953 1.64682 1.42917 1.39900 1.64173 1.90012 2.21234 2.49596 2.78587 3.08738 3.31993 3.52530 3.71408 3.72848 3.83713 4.14929 4.21781 4.22662 4.26529 4.31511 4.37118 4.42421 4.45761 4.47605 4.49410 4.51614 4.54153 4.56292 4.56205 4.51871 4.47927 4.47365 4.47949 4.46533 4.41925 4.38288 4.39091 4.43702 4.49560 4.54788 4.56960 4.53743 4.53458 4.58678 4.64393 4.70153 4.74722 4.79292 4.82635 4.83571 4.83781 4.82964 4.78783 4.71749 4.64959 4.59278 4.51210 4.37228 4.31137 4.34100 4.24208 4.10184 4.00625 3.86886
2.13665 1.78915 1.31743 1.63354 1.33771 1.30595 1.57129 1.87852 2.26043 2.54484 2.83099 3.15996 3.40459 3.59495 3.86911 3.96954 3.88555 4.02176 4.13470 4.19037 4.24700 4.32047 4.40811 4.49101 4.53080 4.54407 4.55276 4.57297 4.58453 4.58855 4.56636 4.50020 4.44662 4.44807 4.48272 4.48984 4.45320 4.36505 4.20648 4.25082 4.37755 4.47870 4.54735 4.56501 4.54588 4.53748 4.56070 4.60644 4.65880 4.71853 4.77938 4.83746 4.87477 4.82863 4.73580 4.64882 4.57819 4.50821 4.39729 4.29752 4.31442 4.24946 4.04372 3.81952 3.71361 3.60985
1.79226 1.58099 1.21438 1.56349 1.18607 1.25118 1.55835 1.93812 2.37176 2.64885 2.94538 3.21772 3.44347 3.66510 3.99139 4.18406 4.08148 4.04466 4.09558 4.14904 4.19568 4.26336 4.34591 4.44418 4.51635 4.53964 4.55680 4.58246 4.59019 4.59388 4.54953 4.47871 4.43586 4.44998 4.49065 4.50016 4.40729 4.14725 4.03711 4.18249 4.27951 4.37296 4.47253 4.54947 4.58485 4.57911 4.55931 4.55512 4.58473 4.63481 4.69627 4.76736 4.82861 4.78432 4.68691 4.60584 4.54428 4.48452 4.40068 4.35634 4.32540 4.21360 4.06861 3.93336 3.83372 3.74727
1.32582 1.30429 1.74356 1.41850 1.07759 1.29004 1.62808 2.09505 2.49574 2.79609 3.11711 3.26594 3.39772 3.59511 3.93542 4.24325 4.23525 4.15586 4.13495 4.15088 4.16862 4.20232 4.23831 4.30945 4.40666 4.46262 4.50474 4.54070 4.56857 4.58535 4.52541 4.45061 4.42274 4.45631 4.48988 4.47698 4.32187 4.06721 4.22134 4.40516 4.36379 4.31737 4.37399 4.48900 4.56618 4.61335 4.60723 4.57980 4.56990 4.58455 4.63055 4.69713 4.76891 4.76316 4.66899 4.58599 4.52259 4.46027 4.38314 4.34680 4.29574 4.19814 4.14815 4.12298 4.06696 4.05999
2.88187 2.60102 1.93382 1.15176 1.16811 1.45474 1.82309 2.28535 2.58869 2.90106 3.20530 3.30427 3.36076 3.48432 3.63851 3.62505 4.10554 4.22620 4.15614 4.12012 4.14288 4.17039 4.18351 4.20263 4.27865 4.36728 4.43178 4.47584 4.51719 4.55271 4.49261 4.40141 4.38808 4.45722 4.50093 4.47543 4.33111 4.16934 4.29901 4.49422 4.49673 4.37889 4.31783 4.40914 4.49311 4.56702 4.59435 4.59966 4.59053 4.58185 4.59657 4.64712 4.71744 4.75211 4.66634 4.57436 4.49696 4.42349 4.33900 4.27552 4.18699 4.10829 4.14429 4.22605 4.27746 4.32931
3.73310 2.42793 1.50038 1.34613 1.49521 1.79885 2.16285 2.44191 2.63645 2.84427 3.03846 3.16712 3.29519 3.34534 2.99211 2.65162 3.34711 3.97535 4.04654 4.02730 4.05873 4.12954 4.21572 4.24812 4.27521 4.32651 4.37249 4.40337 4.43835 4.48701 4.44162 4.32522 4.37007 4.48532 4.50573 4.46750 4.38341 4.30188 4.34352 4.48968 4.57063 4.48508 4.37342 4.41093 4.46887 4.51629 4.54620 4.58806 4.60385 4.58978 4.58491 4.62091 4.68771 4.74331 4.67136 4.56766 4.47335 4.39743 4.28136 4.09917 3.91063 3.91159 4.11139 4.31273 4.42132 4.48534
3.02432 1.88853 1.62446 1.70035 1.94147 2.25071 2.45104 2.56767 2.66480 2.75712 2.83287 2.91067 3.05351 2.90132 2.48156 2.38784 2.63367 3.55992 3.93921 3.96047 4.00014 4.08608 4.22054 4.32388 4.35100 4.35564 4.35629 4.34743 4.33677 4.37314 4.35723 4.26425 4.38250 4.48147 4.46722 4.44218 4.42121 4.41305 4.41561 4.48451 4.57256 4.53898 4.41447 4.41252 4.49214 4.55705 4.56030 4.56308 4.59010 4.57917 4.56988 4.61370 4.68593 4.74065 4.67505 4.56688 4.45545 4.35275 4.10855 3.75125 3.57101 3.68609 4.09774 4.37874 4.48030 4.53926
2.40047 1.85337 1.86374 2.10476 2.38010 2.56809 2.65933 2.67721 2.68588 2.70370 2.71928 2.74253 2.83807 2.80192 2.53357 2.40231 2.75566 3.60672 3.91444 3.97253 4.01716 4.08756 4.19692 4.30775 4.37754 4.39147 4.37309 4.34270 4.28397 4.23641 4.20593 4.27282 4.42301 4.43535 4.40226 4.40449 4.44458 4.49048 4.48906 4.51396 4.58320 4.55933 4.42199 4.36898 4.46052 4.52890 4.53496 4.55099 4.56091 4.55147 4.57019 4.63535 4.70724 4.74411 4.67583 4.57196 4.43422 4.27209 3.87621 3.35659 3.17972 3.46888 4.12703 4.38029 4.47489 4.55723
2.36917 2.17176 2.23517 2.43726 2.64496 2.79747 2.77595 2.71118 2.67462 2.66154 2.66019 2.66537 2.74329 2.97628 3.07877 2.82146 3.15788 3.67992 3.92711 4.10209 4.10358 4.09657 4.20784 4.29406 4.34898 4.37508 4.36184 4.32996 4.27356 4.16660 4.14135 4.31487 4.38135 4.33874 4.34182 4.41451 4.49812 4.55275 4.54391 4.53871 4.58783 4.58066 4.43626 4.29846 4.39742 4.51568 4.54617 4.54393 4.53911 4.55031 4.60823 4.68138 4.73447 4.74239 4.68088 4.59088 4.43499 4.17271 3.68705 3.03008 2.74305 3.42463 4.20256 4.32877 4.46475 4.57438
2.55038 2.52103 2.56235 2.63653 2.72813 2.76780 2.72908 2.67618 2.64231 2.62499 2.62144 2.63380 2.69402 2.94916 3.25908 3.23704 3.37519 3.69077 4.02872 4.24408 4.20647 4.17099 4.22482 4.28107 4.31357 4.32471 4.31286 4.28307 4.24866 4.17884 4.17725 4.26449 4.27241 4.27024 4.37799 4.49639 4.56128 4.58746 4.57647 4.54895 4.56972 4.56279 4.46102 4.25507 4.30233 4.46828 4.51509 4.51303 4.53193 4.59007 4.66650 4.72253 4.75009 4.73390 4.68452 4.60114 4.43172 4.11698 3.70086 2.94272 2.48483 3.42167 4.17728 4.30492 4.47637 4.57859
2.73721 2.82404 2.95245 2.91721 2.82570 2.75370 2.69223 2.64325 2.61624 2.60556 2.60117 2.61663 2.67548 2.83605 3.07977 3.25399 3.41631 3.66305 4.01439 4.24715 4.27064 4.25262 4.23987 4.24061 4.26266 4.27656 4.26835 4.24878 4.23864 4.23748 4.25185 4.26101 4.29779 4.39689 4.50016 4.57272 4.59823 4.60572 4.58503 4.55718 4.57066 4.55262 4.44463 4.21913 4.26803 4.43112 4.46745 4.48949 4.55776 4.63970 4.70519 4.74489 4.75257 4.72552 4.68162 4.59444 4.40193 4.00368 3.58505 3.04628 2.87098 3.63431 4.17557 4.37005 4.50164 4.55717
3.06770 3.37986 3.66296 3.39195 3.01499 2.81494 2.71741 2.66470 2.64078 2.63903 2.63884 2.63507 2.67854 2.80632 2.99347 3.18734 3.37560 3.58006 3.85606 4.13179 4.26359 4.28464 4.27102 4.25871 4.27300 4.30097 4.31284 4.31663 4.32636 4.35529 4.39778 4.42243 4.47410 4.54553 4.58153 4.60010 4.61615 4.61681 4.57720 4.56528 4.59051 4.55685 4.39782 4.23522 4.33208 4.41960 4.43475 4.50929 4.61032 4.68355 4.72783 4.75110 4.75316 4.71627 4.67343 4.58487 4.37134 3.87803 3.40525 3.14225 3.37603 4.04681 4.32534 4.43647 4.46737 4.43986
3.71786 4.02032 3.97657 3.54708 3.13831 2.91214 2.81444 2.77959 2.75479 2.74344 2.74105 2.72387 2.73289 2.84435 3.02058 3.18856 3.34689 3.50600 3.70270 3.95109 4.15680 4.26687 4.32591 4.36491 4.38964 4.41533 4.43431 4.44983 4.46627 4.49085 4.52910 4.55877 4.57636 4.58652 4.59990 4.61803 4.63029 4.59983 4.55535 4.55788 4.58692 4.54163 4.39128 4.29680 4.36292 4.39382 4.43421 4.54075 4.64752 4.71016 4.73955 4.75502 4.74549 4.70472 4.66331 4.57331 4.34139 3.80077 3.31881 3.11227 3.34952 3.91857 4.17603 4.25800 4.25548 4.12187
4.17892 4.18459 3.77352 3.28623 3.05991 2.97359 2.95543 2.94097 2.87420 2.81276 2.77501 2.77751 2.83585 2.96123 3.11609 3.23869 3.34766 3.46633 3.60652 3.78820 4.01346 4.22450 4.37059 4.45602 4.48942 4.50971 4.51665 4.51827 4.53138 4.55412 4.58323 4.59231 4.59484 4.60839 4.62728 4.64149 4.62477 4.56560 4.52063 4.53719 4.56272 4.49925 4.35774 4.30256 4.35101 4.33547 4.39233 4.52487 4.64803 4.71664 4.74094 4.75516 4.73133 4.69072 4.64452 4.55041 4.28601 3.74530 3.30710 2.99254 2.96597 3.52423 4.05069 4.15592 4.11755 3.89160
4.21489 3.95134 3.34019 2.98553 2.94315 3.01750 3.08839 3.03923 2.89810 2.79165 2.75213 2.80719 2.94920 3.11459 3.24975 3.31711 3.37615 3.46798 3.57953 3.70704 3.89674 4.13679 4.33006 4.44666 4.51643 4.55094 4.55023 4.53395 4.52907 4.54740 4.57231 4.58334 4.60019 4.63028 4.64705 4.62555 4.57408 4.51191 4.49243 4.53327 4.56111 4.47152 4.29420 4.28066 4.42628 4.38365 4.28945 4.48727 4.63969 4.71298 4.74001 4.74968 4.71491 4.67462 4.61489 4.49087 4.12363 3.60141 3.31149 3.02349 2.83945 3.49511 4.24624 4.33668 4.27493 4.03709
3.82851 3.40883 2.93370 2.79643 2.90498 3.10029 3.17091 3.04135 2.84291 2.72610 2.71017 2.84736 3.08982 3.27501 3.38391 3.40858 3.42615 3.50445 3.61922 3.72237 3.85040 4.03681 4.23591 4.39909 4.49448 4.52615 4.53572 4.52440 4.49904 4.50129 4.52832 4.54854 4.57941 4.62069 4.62353 4.57227 4.51047 4.47498 4.50296 4.56151 4.57335 4.44723 4.26560 4.26061 4.38735 4.35349 4.35081 4.50278 4.64222 4.71499 4.73786 4.73497 4.69722 4.65205 4.57433 4.37834 3.78661 3.20648 3.12908 3.31448 3.35846 3.56853 4.03186 4.25019 4.26786 4.08838
