mrvbf_slope1_pctl1.3.asc
NCOLS 410
NROWS 410
XLLCORNER 2398750.0000000000000000
YLLCORNER 2548750.0000000000000000
CELLSIZE 250.0000000000000000
NODATA_VALUE -99999.00000
[rows 290 to 318 of 410, columns 198 to 263 of 410]
4.56796 4.53424 4.51474 4.55109 4.62220 4.69182 4.72520 4.71486 4.66729 4.66853 4.65990 4.66330 4.72490 4.73819 4.69310 4.64020 4.61317 4.58075 4.48544 4.38041 4.38686 4.46121 4.52178 4.49213 4.43818 4.39851 4.34656 4.31925 4.36659 4.40784 4.42466 4.42037 4.33401 4.17935 4.11741 4.12736 4.17245 4.21043 4.25531 4.29360 4.31191 4.32545 4.32779 4.25020 4.07241 4.03723 4.16593 4.25169 4.24833 4.28424 4.28833 4.18455 4.16775 4.19430 4.21232 4.21243 4.26203 4.26149 4.23243 4.20757 4.24266 4.33686 4.32234 4.25781 4.25124 4.23154
4.51433 4.49262 4.52251 4.57640 4.63570 4.67205 4.65870 4.64815 4.64057 4.67083 4.67795 4.68161 4.69230 4.70087 4.70648 4.66862 4.62177 4.57677 4.49543 4.37837 4.28073 4.32321 4.40675 4.42699 4.40892 4.39301 4.34522 4.31591 4.34208 4.38255 4.41769 4.41596 4.30933 4.17809 4.15470 4.15888 4.18406 4.21191 4.25244 4.29544 4.31288 4.31273 4.30565 4.26144 4.10204 3.96637 3.99941 4.06035 4.13599 4.25744 4.23177 4.16755 4.20763 4.27262 4.23767 4.19033 4.23123 4.23811 4.22236 4.20460 4.25064 4.32498 4.27123 4.20154 4.20926 4.20416
4.49732 4.48269 4.50062 4.52612 4.58288 4.58478 4.55414 4.56284 4.58634 4.62976 4.64637 4.65888 4.62892 4.61066 4.61563 4.63658 4.64767 4.61620 4.54737 4.45243 4.33067 4.23662 4.28881 4.38497 4.38600 4.35060 4.34383 4.37327 4.38348 4.39130 4.41205 4.37841 4.30485 4.26307 4.25202 4.22352 4.24753 4.26407 4.28241 4.31412 4.32722 4.31903 4.31802 4.31914 4.22492 4.08776 4.03885 3.99702 4.00171 4.17489 4.15410 4.21764 4.14613 4.24561 4.25236 4.27294 4.23695 4.22257 4.19950 4.18467 4.26860 4.36585 4.29464 4.18268 4.19088 4.21761
4.55939 4.54978 4.52310 4.48834 4.51882 4.50151 4.50674 4.53032 4.54528 4.56301 4.58216 4.57681 4.55794 4.54290 4.52676 4.51950 4.52252 4.52440 4.50669 4.44203 4.30680 4.15942 4.22583 4.35955 4.33730 4.25190 4.31137 4.37443 4.39364 4.38071 4.35789 4.33119 4.33248 4.26847 4.22682 4.22375 4.27374 4.30812 4.32132 4.34550 4.35282 4.33223 4.33017 4.34416 4.28571 4.17295 4.08610 4.00299 3.98555 4.08588 4.16165 4.17810 4.14243 4.16478 4.22959 4.24232 4.25688 4.21973 4.13146 4.13558 4.26536 4.33905 4.29175 4.11927 4.07823 4.19662
4.62917 4.65079 4.58036 4.53857 4.50652 4.48497 4.51910 4.53381 4.51201 4.49239 4.49586 4.51308 4.53215 4.53076 4.51098 4.48017 4.45376 4.43729 4.41593 4.34989 4.22235 4.14648 4.23506 4.30276 4.23840 4.19823 4.31114 4.35120 4.35773 4.32462 4.27265 4.25339 4.29132 4.30345 4.18854 4.14998 4.23984 4.32285 4.34259 4.36436 4.36246 4.32175 4.31397 4.32852 4.28918 4.18831 4.08738 4.00964 4.00492 4.03141 4.00754 3.96636 3.98797 4.01068 4.05167 4.11433 4.22074 4.19401 4.09682 4.09815 4.17400 4.18454 4.13472 4.02024 4.05758 4.21032
4.61891 4.65855 4.60937 4.61491 4.54088 4.51659 4.55934 4.57695 4.53850 4.47624 4.47247 4.52624 4.57338 4.57513 4.56024 4.53034 4.48850 4.43170 4.36885 4.28457 4.19658 4.19374 4.24592 4.28022 4.21381 4.24234 4.30772 4.32353 4.31424 4.27349 4.24364 4.25276 4.25225 4.31928 4.17735 4.04847 4.17805 4.31205 4.33106 4.33682 4.32131 4.27494 4.27428 4.29157 4.27277 4.19754 4.10288 4.03676 4.06026 4.11439 4.06130 4.00789 3.99458 3.98230 3.96171 3.93472 4.06696 4.17738 4.12180 4.05891 4.07392 4.08210 4.06160 4.06160 4.14421 4.21213
4.60601 4.63591 4.60002 4.59790 4.55980 4.56922 4.62230 4.64444 4.60950 4.55735 4.53083 4.55871 4.60209 4.59232 4.58133 4.57156 4.52911 4.45386 4.35271 4.23753 4.19483 4.24080 4.27319 4.26970 4.27202 4.30832 4.28994 4.28549 4.28490 4.27303 4.29336 4.30151 4.24091 4.29096 4.18203 3.99698 4.10474 4.26588 4.30680 4.29616 4.27131 4.24676 4.26000 4.27821 4.27157 4.22168 4.14011 4.07508 4.12145 4.23138 4.20213 4.19069 4.16867 4.10184 4.01252 3.87239 3.92322 4.11461 4.14867 4.06245 4.04693 4.07751 4.12138 4.16783 4.19464 4.18687
4.58692 4.57152 4.60340 4.60010 4.58457 4.56117 4.56032 4.57507 4.56032 4.53965 4.51898 4.54537 4.59470 4.58712 4.55470 4.52635 4.48937 4.42826 4.33056 4.24497 4.25117 4.28098 4.28936 4.28358 4.29858 4.29947 4.27681 4.22444 4.24466 4.29688 4.35602 4.33774 4.24579 4.27564 4.18620 3.97412 4.03606 4.22614 4.31854 4.33217 4.31960 4.30772 4.32366 4.33603 4.30266 4.25584 4.17609 4.06604 4.10970 4.25763 4.27199 4.22118 4.26771 4.22162 4.10286 3.92992 3.86115 3.96457 4.04851 4.03223 4.00926 4.04527 4.10393 4.13220 4.14718 4.15368
4.57664 4.54888 4.53301 4.55784 4.56081 4.53375 4.54356 4.56334 4.54359 4.51953 4.52893 4.57134 4.60376 4.59242 4.55108 4.50099 4.44062 4.36972 4.28940 4.25597 4.29322 4.31734 4.30931 4.29570 4.24855 4.24222 4.24949 4.23404 4.26590 4.34133 4.41269 4.38526 4.26922 4.27213 4.18820 3.91102 3.98612 4.25398 4.38204 4.43970 4.44106 4.39566 4.39228 4.40228 4.31254 4.30110 4.24071 4.03845 4.03581 4.23843 4.29421 4.21130 4.25854 4.25087 4.19129 4.02558 3.87500 3.87323 3.91480 3.96499 3.96615 3.97783 3.99112 4.00717 4.03869 4.09076
4.48640 4.48562 4.48262 4.48148 4.48686 4.49072 4.51480 4.55432 4.54897 4.52322 4.51693 4.51885 4.51647 4.50540 4.47732 4.45359 4.38654 4.28758 4.23498 4.24377 4.27831 4.31399 4.31738 4.26079 4.16271 4.22332 4.29860 4.30973 4.30292 4.34563 4.39820 4.36165 4.26542 4.27072 4.14819 3.83230 3.99620 4.32196 4.40995 4.48092 4.51521 4.44768 4.36462 4.34950 4.33027 4.38766 4.30783 4.08778 3.92998 4.11734 4.13338 4.06403 4.17294 4.22116 4.23201 4.15505 4.00615 3.91887 3.91035 3.93750 3.94060 3.94066 3.92832 3.92982 3.94501 3.98762
4.42596 4.37921 4.33126 4.30409 4.32318 4.34490 4.37215 4.41534 4.42506 4.37214 4.31345 4.27270 4.26819 4.29857 4.29829 4.30813 4.27252 4.16732 4.17322 4.21712 4.23964 4.26965 4.25346 4.13031 4.08299 4.21743 4.29875 4.34785 4.32161 4.31945 4.36483 4.29656 4.27917 4.32288 4.10858 3.86456 4.05387 4.33083 4.43652 4.53571 4.59311 4.57348 4.47832 4.42275 4.47790 4.47885 4.35663 4.21077 3.97499 4.02043 4.00457 4.07827 4.06967 4.18546 4.25647 4.21340 4.18586 4.07933 4.01601 3.98843 3.96889 3.96581 3.96433 3.95598 3.94364 3.94662
4.45092 4.40785 4.36335 4.32277 4.30189 4.30151 4.28426 4.27054 4.20674 4.06176 3.98781 3.95815 3.94859 3.99298 4.07173 4.12288 4.11822 4.08833 4.13345 4.16449 4.18781 4.20510 4.15413 4.06735 4.11852 4.18021 4.15308 4.24233 4.27706 4.27194 4.31045 4.25523 4.31681 4.30774 4.05739 3.93935 4.14624 4.36425 4.47142 4.55783 4.61582 4.62838 4.59912 4.54849 4.51493 4.44754 4.37215 4.29976 4.18127 4.13150 4.11804 4.12254 4.02566 4.14520 4.23352 4.21210 4.20134 4.19125 4.14657 4.09177 4.05736 4.06003 4.07588 4.06827 4.02998 3.99372
4.49607 4.47741 4.46609 4.46051 4.42605 4.37453 4.32976 4.26139 4.13531 4.06435 4.08232 4.11101 4.10171 4.06213 4.08207 4.08635 4.07225 4.13178 4.17243 4.16516 4.16793 4.16688 4.13058 4.11630 4.16545 4.17593 4.06037 4.02707 4.02865 4.06610 4.07647 3.97602 4.15032 4.18629 4.00277 3.99989 4.21122 4.37190 4.41648 4.47750 4.57658 4.60797 4.55107 4.41950 4.29703 4.15856 4.13242 4.23437 4.25702 4.29222 4.23231 4.09798 3.87958 3.91204 4.01823 4.05696 4.11889 4.21841 4.23759 4.20076 4.17230 4.17054 4.18412 4.16662 4.11467 4.07219
4.52626 4.50845 4.51594 4.53810 4.51613 4.45135 4.39325 4.32206 4.26982 4.27519 4.29568 4.31966 4.32597 4.30359 4.25395 4.19659 4.19813 4.25967 4.22928 4.17315 4.17206 4.17887 4.17567 4.20952 4.24664 4.21770 4.20791 4.16368 4.09084 4.14524 4.11877 3.91339 3.93535 4.10587 4.07403 4.09417 4.23843 4.33207 4.34561 4.35672 4.45810 4.53285 4.43500 4.29160 4.17396 4.02940 3.93356 4.00033 4.22573 4.35511 4.21236 4.06134 3.86450 3.73447 3.76910 3.86009 4.01066 4.17886 4.25992 4.25118 4.25473 4.24487 4.24236 4.20494 4.15236 4.13856
4.55131 4.52867 4.54193 4.55469 4.53320 4.49048 4.42226 4.34918 4.31043 4.32220 4.37788 4.40026 4.40161 4.39224 4.35896 4.31648 4.31697 4.33265 4.26860 4.19593 4.23420 4.25809 4.26449 4.30003 4.33806 4.28087 4.18194 4.14678 4.19449 4.24155 4.20536 4.10572 4.07317 4.18120 4.19887 4.17373 4.21156 4.23091 4.26609 4.32575 4.34048 4.45204 4.45763 4.30049 4.08386 4.01729 3.91202 3.95762 4.27721 4.40341 4.24764 4.00049 3.91644 3.77617 3.72610 3.78550 3.90158 4.09759 4.26876 4.27529 4.24413 4.24629 4.22752 4.18586 4.16240 4.19419
4.55641 4.52567 4.53388 4.54364 4.52808 4.50595 4.45191 4.38435 4.34157 4.38160 4.44281 4.46979 4.47546 4.46304 4.44736 4.42796 4.39205 4.36668 4.34361 4.20172 4.19872 4.28131 4.30753 4.31856 4.30786 4.23199 4.06846 3.99157 4.11556 4.20068 4.21311 4.15002 4.14540 4.20723 4.22185 4.18668 4.21169 4.19082 4.17027 4.26537 4.29967 4.34963 4.39429 4.33594 4.18975 4.09722 3.98950 4.11164 4.36869 4.42053 4.26450 3.92638 3.78593 3.81277 3.77510 3.73916 3.80240 4.03734 4.24397 4.22866 4.15119 4.12526 4.13336 4.13850 4.15589 4.21013
4.56142 4.51943 4.50297 4.51542 4.52745 4.53232 4.49494 4.44050 4.43860 4.46070 4.46331 4.51205 4.54694 4.53884 4.52296 4.50777 4.45888 4.38997 4.29906 4.20575 4.23836 4.29364 4.29284 4.30390 4.26881 4.09380 3.85860 3.78940 3.82870 3.99829 4.12735 3.87973 3.86335 4.00436 3.99624 3.91526 4.05358 4.17081 4.12229 4.17481 4.22638 4.18118 4.14118 4.06293 4.02132 4.05224 3.94753 4.06292 4.32923 4.36181 4.11760 3.71579 3.66381 3.83449 3.78947 3.66946 3.72958 4.00130 4.12830 3.96361 3.88866 3.93849 4.02592 4.08871 4.10527 4.12739
4.58678 4.53505 4.48968 4.48600 4.49638 4.49840 4.48108 4.44412 4.47026 4.47122 4.49003 4.56462 4.58744 4.57001 4.54733 4.54050 4.50175 4.40912 4.29315 4.25709 4.33642 4.38168 4.32455 4.22992 4.15529 4.02312 3.89739 3.93555 3.83997 3.73454 3.77892 3.61131 3.56947 3.62124 3.61040 3.63848 3.70881 3.89611 3.92095 3.99178 4.08711 4.06153 3.99022 3.92294 3.94461 4.00529 3.84696 3.84233 4.16326 4.25399 3.89746 3.57313 3.68913 3.89969 3.73982 3.58396 3.69759 3.98426 3.90993 3.76089 3.78683 3.85440 3.93611 4.01335 4.02920 4.05958
4.56395 4.51104 4.47098 4.49189 4.51501 4.48802 4.45654 4.43599 4.48146 4.48874 4.52211 4.57942 4.58020 4.54031 4.51246 4.52907 4.51061 4.41753 4.33473 4.34962 4.38377 4.40556 4.37813 4.25961 4.15238 4.10533 3.90187 3.78959 3.93750 3.86433 3.72868 3.81242 3.74859 3.57541 3.58915 3.76392 3.70074 3.67788 3.74439 3.89719 4.05178 4.13720 4.14719 4.13330 4.13786 4.07271 3.78901 3.78017 4.10709 4.16205 3.77277 3.51781 3.70284 3.91671 3.66951 3.53335 3.70265 3.93111 3.78807 3.77196 3.88701 3.89767 3.90266 3.93542 3.99205 4.08298
4.46687 4.45876 4.45509 4.47969 4.47454 4.43488 4.39156 4.40653 4.46680 4.45791 4.47527 4.53723 4.52841 4.47348 4.46248 4.48812 4.50415 4.42121 4.32027 4.36045 4.39237 4.36593 4.27777 4.14026 4.06213 4.00450 3.81477 3.80302 3.94411 4.02169 3.99198 4.13297 4.13407 3.99079 3.98822 4.10706 4.03811 3.93365 3.92583 4.01823 4.12863 4.23079 4.26091 4.22197 4.19210 4.00033 3.69392 3.72503 4.01986 3.96368 3.59205 3.47281 3.73060 3.87755 3.62475 3.52717 3.67251 3.84241 3.76833 3.84566 4.01440 4.02674 3.97755 3.94973 4.01873 4.05277
4.43825 4.46312 4.45143 4.43679 4.40095 4.35047 4.32823 4.36762 4.39743 4.36709 4.35361 4.43233 4.45013 4.41401 4.43645 4.43411 4.47822 4.43885 4.31989 4.34526 4.39827 4.36910 4.24334 4.15624 4.07043 3.86208 3.74229 3.81747 4.04619 4.18570 4.21728 4.30904 4.31363 4.30279 4.31686 4.34924 4.30453 4.27631 4.22657 4.20081 4.08802 4.10239 4.07120 4.08879 4.16130 3.96443 3.59419 3.42312 3.65133 3.76630 3.51122 3.44354 3.78307 3.89405 3.65005 3.54719 3.68495 3.87461 3.85282 3.95616 4.13883 4.18728 4.13321 4.04494 4.04186 3.99683
4.39646 4.41225 4.41277 4.38871 4.35216 4.32717 4.33424 4.37504 4.39966 4.38472 4.30675 4.32287 4.36620 4.37337 4.40963 4.37468 4.39813 4.40661 4.36514 4.38017 4.41278 4.37321 4.21787 4.07478 3.93311 3.72499 3.82399 4.06035 4.08950 4.12445 4.08028 4.11659 4.10043 4.12947 4.14811 4.16934 4.14396 4.10696 4.02255 3.95026 3.94988 4.07453 3.90533 3.82913 4.04064 3.95600 3.66934 3.38542 3.42177 3.67421 3.52817 3.36543 3.77899 3.98131 3.75248 3.58502 3.72331 3.98888 3.96707 4.09236 4.21664 4.19732 4.13521 4.06873 4.02717 4.06983
4.35637 4.36049 4.37118 4.36252 4.35555 4.36660 4.39940 4.44153 4.47361 4.46185 4.37636 4.31078 4.31306 4.35740 4.38978 4.34349 4.30731 4.32232 4.37939 4.46164 4.46529 4.39237 4.30834 4.19089 3.95067 3.61459 3.73419 3.95069 4.06383 4.18138 4.10087 4.04905 4.09504 4.13318 4.08771 4.05433 4.09071 4.13838 4.09947 4.04726 4.18301 4.28272 4.09744 3.77940 3.76673 3.84228 3.87033 3.62876 3.42360 3.60106 3.76131 3.49473 3.61913 3.92300 3.73586 3.58083 3.78650 4.03040 4.01991 4.12478 4.12184 4.12927 4.15083 4.10593 4.17335 4.24225
4.42996 4.39935 4.39249 4.39690 4.40798 4.43465 4.47956 4.52301 4.53123 4.50559 4.43537 4.34550 4.32821 4.39934 4.43783 4.40378 4.35294 4.35520 4.39892 4.46550 4.44828 4.37579 4.32368 4.20110 4.03205 3.68875 3.77791 4.06251 4.31462 4.41037 4.33439 4.25052 4.30970 4.33825 4.26884 4.20775 4.24772 4.27276 4.20295 4.16611 4.22793 4.15424 3.89620 3.65122 3.68799 3.85906 4.00733 3.82548 3.54928 3.49196 3.60771 3.62218 3.81006 3.98233 3.71128 3.65121 3.95205 4.14114 4.10646 4.15541 4.16257 4.27121 4.35722 4.35899 4.38493 4.38282
4.51028 4.47993 4.45488 4.45460 4.47566 4.51352 4.55467 4.56313 4.56129 4.51690 4.42854 4.35313 4.34090 4.41494 4.47089 4.46159 4.40445 4.32612 4.39982 4.49086 4.47598 4.35680 4.17519 3.98395 3.84155 3.76579 4.01386 4.27875 4.42812 4.41945 4.23698 4.11912 4.21792 4.30150 4.18187 4.04313 4.05905 4.03089 3.93345 3.88241 4.01481 3.97996 3.71939 3.59700 3.71723 3.92886 4.07631 3.95422 3.71549 3.55006 3.54209 3.73663 4.04135 4.06208 3.74156 3.61188 3.87576 4.13421 4.17139 4.27103 4.30603 4.40204 4.42062 4.39993 4.42588 4.40898
4.53383 4.50633 4.49446 4.50982 4.54559 4.57757 4.58948 4.60198 4.58780 4.48235 4.38659 4.36476 4.33446 4.37071 4.46425 4.45022 4.31887 4.20230 4.34939 4.46368 4.45938 4.29877 3.90394 3.72613 3.76603 3.86989 4.09288 4.22842 4.30587 4.22869 4.07351 4.15648 4.14426 4.21598 4.02347 3.89265 3.93668 3.98971 3.95090 3.90990 3.91188 3.93720 3.67320 3.63230 3.79447 3.93407 3.99845 3.94328 3.79026 3.71864 3.79220 3.90722 4.08755 3.98567 3.79363 3.57561 3.74987 4.03108 4.10283 4.21222 4.26093 4.33521 4.26523 4.20148 4.32075 4.36197
4.53317 4.50487 4.51834 4.56206 4.59026 4.60393 4.61198 4.61280 4.58273 4.43147 4.35927 4.41975 4.36635 4.34292 4.41990 4.33505 4.14280 3.99084 4.02822 4.31799 4.37798 4.07560 3.71921 3.78695 3.97051 4.05714 4.09849 4.06874 4.10222 4.15515 4.09763 4.06991 4.18287 4.20539 3.98642 3.93322 4.06337 4.08795 3.92217 3.88642 4.03143 3.89256 3.60509 3.63123 3.83821 3.92575 3.90776 3.84974 3.77483 3.69391 3.74779 3.98037 4.10197 3.95239 3.72422 3.58367 3.80336 3.99704 4.03149 4.14755 4.12352 4.13985 4.04229 4.06323 4.15017 4.25994
4.52183 4.52014 4.54724 4.59691 4.60166 4.60825 4.57661 4.54482 4.54302 4.39255 4.37638 4.46647 4.38356 4.37801 4.38105 4.19964 4.13677 4.12553 3.88612 4.05138 4.26106 3.99579 3.76098 3.93501 4.08479 4.12391 4.14480 4.05393 3.95888 3.94709 4.03269 4.18745 4.26191 4.24680 4.03902 3.83052 3.91398 4.01886 3.98196 4.02595 4.02042 3.75527 3.54451 3.62783 3.83894 3.95992 3.95058 3.84407 3.74051 3.60039 3.70146 3.97411 4.04587 3.95012 3.75078 3.59339 3.74598 3.98582 3.99483 4.05948 3.96004 3.92107 3.93151 4.00571 4.08895 4.23414
4.54353 4.57026 4.56386 4.56667 4.58246 4.57304 4.53436 4.54464 4.53476 4.42077 4.39971 4.43149 4.39326 4.45069 4.31782 4.16569 4.23645 4.23199 3.97963 3.88896 4.05222 3.98042 3.86752 3.99303 3.99028 3.91996 3.93115 4.01245 3.96947 3.82474 3.76567 3.91322 4.17769 4.29713 4.11935 3.82344 3.76880 3.82092 3.75933 3.70935 3.65805 3.54103 3.55510 3.72838 3.91818 4.02914 4.02341 3.89452 3.75518 3.57679 3.60328 3.75841 3.80396 3.76066 3.67578 3.54340 3.64937 3.94268 3.86660 3.85054 3.84021 3.87227 3.94625 3.92004 4.01990 4.19845
