mrvbf_slope1.1_pctl1.asc
NCOLS 410
NROWS 410
XLLCORNER 2398750.0000000000000000
YLLCORNER 2548750.0000000000000000
CELLSIZE 250.0000000000000000
NODATA_VALUE -99999.00000
[rows 116 to 144 of 410, columns 330 to 395 of 410]
-99999.00000 -99999.00000 -99999.00000 -99999.00000 -99999.00000 -99999.00000 -99999.00000 -99999.00000 -99999.00000 -99999.00000 -99999.00000 -99999.00000 -99999.00000 -99999.00000 -99999.00000 -99999.00000 -99999.00000 -99999.00000 -99999.00000 -99999.00000 7.67714 7.68081 7.67833 7.68036 7.67482 7.68076 7.68619 7.68929 7.68667 7.68045 7.68027 7.67640 7.66836 7.65228 7.60434 7.54336 7.23185 6.56563 6.87512 7.34713 7.51697 7.55006 7.54347 7.52260 7.47155 7.52914 7.57451 7.60871 7.63328 7.65677 7.67134 7.68256 7.69040 7.69517 7.69626 7.70023 7.69934 7.70145 7.69413 7.69248 7.69843 7.69847 7.69728 7.70781 7.70941 7.70946
-99999.00000 -99999.00000 -99999.00000 -99999.00000 -99999.00000 -99999.00000 -99999.00000 -99999.00000 -99999.00000 -99999.00000 -99999.00000 -99999.00000 -99999.00000 -99999.00000 -99999.00000 -99999.00000 -99999.00000 -99999.00000 -99999.00000 7.63497 7.66731 7.67494 7.66809 7.67069 7.67444 7.67748 7.68762 7.68512 7.68337 7.68317 7.68649 7.67919 7.66772 7.64938 7.61419 7.54689 7.33560 6.46001 6.36383 7.21400 7.49297 7.56186 7.56499 7.53881 7.55718 7.59592 7.61534 7.62820 7.64122 7.66152 7.67445 7.68486 7.68805 7.68922 7.69411 7.69796 7.69536 7.69149 7.68813 7.69796 7.69778 7.69629 7.69832 7.70016 7.69990 7.70552
-99999.00000 -99999.00000 -99999.00000 -99999.00000 -99999.00000 -99999.00000 -99999.00000 -99999.00000 -99999.00000 -99999.00000 -99999.00000 -99999.00000 -99999.00000 -99999.00000 -99999.00000 -99999.00000 -99999.00000 -99999.00000 -99999.00000 7.64494 7.66589 7.67750 7.66915 7.66099 7.66546 7.68076 7.68641 7.68756 7.68509 7.68578 7.68810 7.68105 7.66969 7.65555 7.62686 7.57389 7.41525 6.28484 5.43280 6.94600 7.47417 7.54408 7.55798 7.55380 7.58649 7.61276 7.62675 7.63897 7.64961 7.66583 7.67736 7.68592 7.68772 7.69147 7.69466 7.69583 7.69221 7.69185 7.69779 7.70117 7.69988 7.70397 7.70575 7.69975 7.69795 7.70897
-99999.00000 -99999.00000 -99999.00000 -99999.00000 -99999.00000 -99999.00000 -99999.00000 -99999.00000 -99999.00000 -99999.00000 -99999.00000 -99999.00000 -99999.00000 -99999.00000 -99999.00000 -99999.00000 -99999.00000 -99999.00000 -99999.00000 7.63967 7.65762 7.66873 7.66652 7.66829 7.67344 7.68352 7.68827 7.68856 7.69070 7.68980 7.68660 7.67873 7.66602 7.65558 7.63305 7.59685 7.50909 6.68045 4.48326 6.43500 7.44243 7.52716 7.53830 7.55857 7.59819 7.62190 7.63475 7.64715 7.65693 7.66739 7.67628 7.68359 7.68901 7.69398 7.69372 7.68994 7.69250 7.70208 7.70671 7.70773 7.70432 7.70441 7.70565 7.69665 7.69982 7.70879
-99999.00000 -99999.00000 -99999.00000 -99999.00000 -99999.00000 -99999.00000 -99999.00000 -99999.00000 -99999.00000 -99999.00000 -99999.00000 -99999.00000 -99999.00000 -99999.00000 -99999.00000 -99999.00000 -99999.00000 -99999.00000 -99999.00000 7.66063 7.67109 7.67290 7.67197 7.67132 7.67865 7.68545 7.68797 7.68852 7.69369 7.69220 7.68831 7.67837 7.66396 7.65055 7.63867 7.61077 7.55098 7.27016 4.67868 5.37588 7.33960 7.50351 7.52310 7.56572 7.60547 7.62670 7.64009 7.65071 7.65899 7.66539 7.67472 7.68066 7.68667 7.68871 7.69071 7.69282 7.69993 7.70453 7.70585 7.70156 7.70725 7.70709 7.70526 7.70155 7.70146 7.70051
-99999.00000 -99999.00000 -99999.00000 -99999.00000 -99999.00000 -99999.00000 -99999.00000 -99999.00000 -99999.00000 -99999.00000 -99999.00000 -99999.00000 -99999.00000 -99999.00000 -99999.00000 -99999.00000 -99999.00000 -99999.00000 -99999.00000 7.66904 7.67410 7.67797 7.67430 7.67520 7.68313 7.68685 7.68744 7.68746 7.69106 7.69115 7.68549 7.67589 7.66471 7.65375 7.64520 7.61187 7.54757 7.34812 5.40403 4.93726 7.13621 7.45920 7.49192 7.55276 7.60546 7.62711 7.64062 7.64886 7.65306 7.65912 7.66472 7.66935 7.68039 7.68007 7.68432 7.69484 7.70203 7.70325 7.69343 7.68146 7.69143 7.70162 7.70697 7.70653 7.70066 7.70015
-99999.00000 -99999.00000 -99999.00000 -99999.00000 -99999.00000 -99999.00000 -99999.00000 -99999.00000 -99999.00000 -99999.00000 -99999.00000 -99999.00000 -99999.00000 -99999.00000 -99999.00000 -99999.00000 -99999.00000 -99999.00000 7.67538 7.67341 7.67617 7.67745 7.67425 7.67989 7.68367 7.68132 7.68689 7.68091 7.68856 7.68429 7.67916 7.67491 7.66818 7.65630 7.64446 7.60850 7.56584 7.42371 6.12155 4.12549 6.60797 7.39789 7.47014 7.51358 7.58949 7.62078 7.63660 7.64440 7.64865 7.65830 7.64561 7.63099 7.66305 7.68014 7.67236 7.68159 7.69632 7.69747 7.67880 7.68070 7.67512 7.69779 7.70297 7.70802 7.70631 7.70812
-99999.00000 -99999.00000 -99999.00000 -99999.00000 -99999.00000 -99999.00000 -99999.00000 -99999.00000 -99999.00000 -99999.00000 -99999.00000 -99999.00000 -99999.00000 -99999.00000 -99999.00000 -99999.00000 -99999.00000 -99999.00000 7.66715 7.67067 7.67466 7.66945 7.66989 7.67178 7.67902 7.68225 7.68517 7.67600 7.67372 7.67771 7.68144 7.67431 7.66676 7.64837 7.63762 7.62113 7.56891 7.50528 6.96730 4.10271 5.70177 7.34129 7.46984 7.50680 7.57812 7.61497 7.62957 7.63710 7.64908 7.63705 7.60651 7.63505 7.63807 7.66782 7.67549 7.67935 7.68793 7.69584 7.69169 7.68061 7.69191 7.69623 7.70221 7.70795 7.71087 7.71104
-99999.00000 -99999.00000 -99999.00000 -99999.00000 -99999.00000 -99999.00000 -99999.00000 -99999.00000 -99999.00000 -99999.00000 -99999.00000 -99999.00000 -99999.00000 -99999.00000 -99999.00000 -99999.00000 -99999.00000 -99999.00000 7.66405 7.66788 7.67215 7.66359 7.65806 7.66093 7.67136 7.68215 7.68478 7.68106 7.66944 7.67150 7.67906 7.67328 7.66434 7.64725 7.63821 7.62376 7.59260 7.54760 7.35435 5.28001 5.05850 7.16371 7.42807 7.48403 7.56783 7.60334 7.61908 7.62949 7.63725 7.61274 7.62599 7.61578 7.66048 7.67991 7.68291 7.68156 7.68941 7.69581 7.70062 7.69666 7.70104 7.70106 7.70538 7.70307 7.70584 7.70747
-99999.00000 -99999.00000 -99999.00000 -99999.00000 -99999.00000 -99999.00000 -99999.00000 -99999.00000 -99999.00000 -99999.00000 -99999.00000 -99999.00000 -99999.00000 -99999.00000 -99999.00000 -99999.00000 -99999.00000 -99999.00000 7.64281 7.64736 7.65153 7.65656 7.65334 7.65730 7.66712 7.68135 7.68639 7.68487 7.67859 7.67908 7.67975 7.67366 7.65762 7.64620 7.64260 7.62936 7.59845 7.54631 7.35940 5.80927 5.43113 6.99167 7.33339 7.44707 7.55461 7.59513 7.61361 7.63270 7.63792 7.63860 7.61726 7.65257 7.67651 7.68416 7.68388 7.68519 7.68349 7.67551 7.69046 7.69710 7.70221 7.70499 7.70326 7.70419 7.70482 7.70297
-99999.00000 -99999.00000 -99999.00000 -99999.00000 -99999.00000 -99999.00000 -99999.00000 -99999.00000 -99999.00000 -99999.00000 -99999.00000 -99999.00000 -99999.00000 -99999.00000 -99999.00000 -99999.00000 -99999.00000 -99999.00000 7.63933 7.63943 7.64044 7.63719 7.65343 7.66437 7.67446 7.67923 7.68400 7.68600 7.68170 7.67907 7.68020 7.67428 7.66460 7.65385 7.64238 7.63335 7.60803 7.56110 7.44742 6.42603 5.21033 6.49825 7.18339 7.42599 7.54439 7.59733 7.61859 7.62868 7.62632 7.62901 7.64932 7.67319 7.68008 7.67899 7.68297 7.68266 7.66134 7.65445 7.67451 7.69753 7.70463 7.70346 7.70365 7.70413 7.70478 7.70670
-99999.00000 -99999.00000 -99999.00000 -99999.00000 -99999.00000 -99999.00000 -99999.00000 -99999.00000 -99999.00000 -99999.00000 -99999.00000 -99999.00000 -99999.00000 -99999.00000 -99999.00000 -99999.00000 -99999.00000 7.61820 7.64564 7.65834 7.65753 7.64388 7.64646 7.66404 7.67667 7.67920 7.67961 7.68600 7.68647 7.68250 7.67766 7.67001 7.66342 7.65546 7.64438 7.63513 7.61245 7.57350 7.49044 6.90263 5.21722 5.75999 7.06600 7.45735 7.55119 7.59757 7.60319 7.61387 7.61528 7.63096 7.65240 7.66330 7.67518 7.68428 7.68364 7.66450 7.65212 7.66095 7.66820 7.69107 7.70141 7.70147 7.69992 7.70591 7.70877 7.70885
-99999.00000 -99999.00000 -99999.00000 -99999.00000 -99999.00000 -99999.00000 -99999.00000 -99999.00000 -99999.00000 -99999.00000 -99999.00000 -99999.00000 -99999.00000 -99999.00000 -99999.00000 -99999.00000 -99999.00000 7.65108 7.65704 7.66230 7.66237 7.65472 7.65385 7.66826 7.68042 7.68526 7.68307 7.68531 7.68997 7.68910 7.68285 7.67447 7.66231 7.64825 7.64327 7.63843 7.60781 7.56280 7.48782 7.01567 4.89212 5.22810 7.06973 7.48275 7.56307 7.60323 7.61478 7.61302 7.62661 7.62520 7.65050 7.64459 7.64330 7.67191 7.67736 7.66964 7.67246 7.66845 7.68103 7.68965 7.69078 7.69654 7.69964 7.70660 7.70877 7.70781
-99999.00000 -99999.00000 -99999.00000 -99999.00000 -99999.00000 -99999.00000 -99999.00000 -99999.00000 -99999.00000 -99999.00000 -99999.00000 -99999.00000 -99999.00000 -99999.00000 -99999.00000 -99999.00000 7.65797 7.65839 7.65390 7.65601 7.66021 7.65785 7.66452 7.67358 7.67779 7.67918 7.67979 7.68506 7.68814 7.68720 7.68347 7.67115 7.66025 7.64779 7.63821 7.63387 7.60990 7.55227 7.44819 6.79215 3.42719 5.00237 7.20253 7.50428 7.57002 7.60783 7.62064 7.62132 7.62780 7.63429 7.63781 7.62984 7.64550 7.64942 7.67795 7.68832 7.69389 7.68756 7.68591 7.68073 7.68121 7.69428 7.70503 7.70952 7.70734 7.70389
-99999.00000 -99999.00000 -99999.00000 -99999.00000 -99999.00000 -99999.00000 -99999.00000 -99999.00000 -99999.00000 -99999.00000 -99999.00000 -99999.00000 -99999.00000 -99999.00000 -99999.00000 7.64656 7.65730 7.66230 7.65353 7.65188 7.65797 7.66060 7.66892 7.67364 7.67317 7.67090 7.68085 7.68682 7.68762 7.68212 7.67584 7.67051 7.65568 7.63965 7.63032 7.62444 7.59203 7.51293 7.24668 4.83150 2.74190 6.24024 7.37568 7.52465 7.57902 7.61235 7.61619 7.60403 7.62987 7.62466 7.64204 7.64058 7.64274 7.66306 7.67966 7.68489 7.68983 7.67642 7.68312 7.67692 7.67562 7.68985 7.70436 7.70929 7.70497 7.70483
-99999.00000 -99999.00000 -99999.00000 -99999.00000 -99999.00000 -99999.00000 -99999.00000 -99999.00000 -99999.00000 -99999.00000 -99999.00000 -99999.00000 -99999.00000 -99999.00000 -99999.00000 7.64874 7.65825 7.66161 7.65744 7.65484 7.65574 7.66076 7.66582 7.67252 7.67529 7.66895 7.67553 7.68598 7.68813 7.68190 7.67567 7.66809 7.64573 7.63109 7.62337 7.60505 7.54771 7.39216 6.35943 1.55761 3.44918 6.93308 7.44659 7.53564 7.59038 7.61746 7.62521 7.62444 7.62331 7.64461 7.64752 7.66013 7.64544 7.65884 7.67758 7.68392 7.67757 7.67179 7.67833 7.67721 7.68244 7.68877 7.70018 7.70271 7.69371 7.70127
-99999.00000 -99999.00000 -99999.00000 -99999.00000 -99999.00000 -99999.00000 -99999.00000 -99999.00000 -99999.00000 -99999.00000 -99999.00000 -99999.00000 -99999.00000 -99999.00000 7.62185 7.63348 7.64266 7.65218 7.65713 7.65640 7.65326 7.66171 7.66888 7.67368 7.67627 7.67046 7.67486 7.68453 7.68701 7.68307 7.67112 7.65783 7.64188 7.63085 7.61774 7.58936 7.50311 7.07017 2.79009 1.22202 5.86063 7.34150 7.49663 7.56090 7.60023 7.62466 7.63153 7.63722 7.64607 7.66072 7.66509 7.66577 7.67489 7.67326 7.67272 7.67349 7.67096 7.67887 7.66276 7.66036 7.68265 7.68606 7.69783 7.69528 7.69609 7.69409
-99999.00000 -99999.00000 -99999.00000 -99999.00000 -99999.00000 -99999.00000 -99999.00000 -99999.00000 -99999.00000 -99999.00000 -99999.00000 -99999.00000 -99999.00000 -99999.00000 7.60072 7.63200 7.63157 7.63992 7.65299 7.65667 7.65109 7.65616 7.66520 7.67052 7.67152 7.67377 7.67816 7.68217 7.68262 7.67812 7.66662 7.65261 7.63832 7.62522 7.60563 7.56867 7.46837 6.81525 0.88427 1.61126 6.74228 7.43098 7.52747 7.58178 7.61239 7.62936 7.63453 7.64101 7.65624 7.66356 7.66671 7.67858 7.68796 7.68534 7.68382 7.67621 7.67409 7.66997 7.67806 7.66424 7.67843 7.68316 7.69883 7.69552 7.68860 7.70054
-99999.00000 -99999.00000 -99999.00000 -99999.00000 -99999.00000 -99999.00000 -99999.00000 -99999.00000 -99999.00000 -99999.00000 -99999.00000 -99999.00000 -99999.00000 7.32934 7.51486 7.60995 7.63134 7.63710 7.64313 7.64748 7.65112 7.65562 7.66274 7.66887 7.67227 7.67982 7.68095 7.68054 7.67729 7.66981 7.66237 7.65028 7.63383 7.61621 7.59630 7.55433 7.42024 6.12664 0.71891 2.67921 7.07329 7.46670 7.54861 7.59425 7.61667 7.62703 7.63246 7.64209 7.65724 7.66335 7.67072 7.68238 7.68159 7.66551 7.67164 7.67920 7.67833 7.68693 7.69174 7.67607 7.68488 7.68771 7.69724 7.69777 7.70010 7.70765
-99999.00000 -99999.00000 -99999.00000 -99999.00000 -99999.00000 -99999.00000 -99999.00000 -99999.00000 -99999.00000 -99999.00000 -99999.00000 -99999.00000 -99999.00000 7.37837 7.48749 7.57524 7.61021 7.62527 7.63601 7.64196 7.64707 7.65350 7.66411 7.66939 7.67116 7.67906 7.68066 7.67840 7.67021 7.66281 7.65978 7.64691 7.62592 7.61263 7.59369 7.52028 7.14190 2.26332 1.07979 5.81250 7.32749 7.49540 7.56611 7.60382 7.62161 7.63057 7.63816 7.63880 7.65238 7.66574 7.67280 7.67751 7.66445 7.66277 7.66154 7.68251 7.68064 7.68705 7.68579 7.67644 7.69456 7.69460 7.69405 7.69590 7.69997 7.70777
-99999.00000 -99999.00000 -99999.00000 -99999.00000 -99999.00000 -99999.00000 -99999.00000 -99999.00000 -99999.00000 -99999.00000 -99999.00000 -99999.00000 -99999.00000 7.54200 7.56105 7.56595 7.57390 7.60552 7.63090 7.63922 7.64736 7.65634 7.66037 7.66239 7.66782 7.67479 7.67938 7.67531 7.66254 7.65674 7.65997 7.64707 7.62289 7.61625 7.59789 7.48354 6.75745 1.24648 1.49578 6.55611 7.40236 7.52264 7.57847 7.60799 7.62574 7.63720 7.64265 7.64184 7.64271 7.66185 7.67225 7.67849 7.67925 7.66587 7.67699 7.68854 7.67872 7.67741 7.67587 7.68109 7.69798 7.69695 7.68986 7.69177 7.69873 7.70388
-99999.00000 -99999.00000 -99999.00000 -99999.00000 -99999.00000 -99999.00000 -99999.00000 -99999.00000 -99999.00000 -99999.00000 -99999.00000 -99999.00000 7.57279 7.59142 7.60491 7.58135 7.56694 7.59418 7.62773 7.64110 7.64795 7.65303 7.65696 7.65950 7.66543 7.66992 7.67386 7.67032 7.66104 7.65667 7.65275 7.63611 7.61079 7.59506 7.57632 7.47220 6.93496 1.59143 2.00620 6.80431 7.44257 7.54086 7.58951 7.61470 7.62793 7.63994 7.64678 7.64973 7.64774 7.64735 7.65745 7.67418 7.68204 7.68670 7.69092 7.69458 7.68750 7.67546 7.66374 7.68160 7.69709 7.68825 7.68422 7.69298 7.69963 7.69902
-99999.00000 -99999.00000 -99999.00000 -99999.00000 -99999.00000 -99999.00000 -99999.00000 -99999.00000 -99999.00000 -99999.00000 -99999.00000 -99999.00000 7.60872 7.60512 7.62162 7.61329 7.58518 7.59276 7.62136 7.63390 7.64591 7.65382 7.65762 7.65432 7.66150 7.66549 7.66525 7.65846 7.65377 7.64596 7.63971 7.62479 7.60323 7.59275 7.56195 7.40251 6.00495 0.87011 2.46822 6.99863 7.47214 7.55227 7.59492 7.61861 7.62995 7.64268 7.65160 7.65792 7.66087 7.65893 7.66022 7.66767 7.67626 7.68400 7.68977 7.69103 7.69125 7.68684 7.66741 7.68034 7.68998 7.67898 7.68087 7.69175 7.69542 7.69409
-99999.00000 -99999.00000 -99999.00000 -99999.00000 -99999.00000 -99999.00000 -99999.00000 -99999.00000 -99999.00000 -99999.00000 -99999.00000 -99999.00000 7.65836 7.63941 7.64144 7.62533 7.59393 7.59989 7.61942 7.62781 7.63937 7.64956 7.65184 7.65123 7.66241 7.65982 7.65161 7.65287 7.65729 7.63975 7.63229 7.61852 7.60563 7.59386 7.54001 7.20981 2.80601 1.10490 5.28402 7.26997 7.48911 7.56028 7.59843 7.62232 7.63128 7.64307 7.65437 7.66180 7.66918 7.67158 7.67501 7.67599 7.67899 7.68115 7.68750 7.69067 7.67917 7.66830 7.65533 7.66360 7.66556 7.66717 7.68353 7.69126 7.69262 7.69357
-99999.00000 -99999.00000 -99999.00000 -99999.00000 -99999.00000 -99999.00000 -99999.00000 -99999.00000 -99999.00000 -99999.00000 -99999.00000 7.67329 7.67074 7.66036 7.64198 7.62657 7.58158 7.58453 7.61148 7.62633 7.63902 7.64782 7.64867 7.65295 7.65823 7.65542 7.65417 7.65300 7.64218 7.62711 7.62737 7.61931 7.60637 7.58440 7.52217 7.09038 1.57456 1.48586 6.23099 7.34764 7.49380 7.56513 7.60250 7.62412 7.63545 7.64471 7.65643 7.66541 7.67357 7.67780 7.68290 7.68723 7.68931 7.69123 7.69103 7.69055 7.67808 7.63725 7.62845 7.61057 7.63167 7.66891 7.68525 7.68715 7.68697 7.69061
-99999.00000 -99999.00000 -99999.00000 -99999.00000 -99999.00000 -99999.00000 -99999.00000 -99999.00000 -99999.00000 -99999.00000 -99999.00000 7.68004 7.67547 7.65345 7.64020 7.62947 7.57225 7.56844 7.60513 7.61912 7.63086 7.64079 7.64638 7.65365 7.65576 7.65913 7.65751 7.64130 7.62511 7.63054 7.62983 7.61636 7.59238 7.56601 7.50648 7.08795 1.44247 1.58970 6.32967 7.35662 7.49344 7.56403 7.60233 7.62217 7.63595 7.64693 7.65636 7.66404 7.67138 7.67801 7.68190 7.68610 7.69264 7.69479 7.69605 7.69437 7.68739 7.66836 7.60745 7.61985 7.60461 7.66233 7.67776 7.67988 7.68505 7.68774
-99999.00000 -99999.00000 -99999.00000 -99999.00000 -99999.00000 -99999.00000 -99999.00000 -99999.00000 -99999.00000 -99999.00000 -99999.00000 7.68066 7.67269 7.64549 7.64138 7.63842 7.58277 7.55879 7.58972 7.60517 7.61403 7.62906 7.64282 7.65280 7.65613 7.65521 7.64620 7.63709 7.63891 7.63717 7.62302 7.60211 7.58501 7.56566 7.50373 7.12308 1.67382 1.38003 5.91731 7.30990 7.49810 7.55900 7.59848 7.62286 7.63465 7.64574 7.65541 7.66222 7.66500 7.67167 7.67881 7.68543 7.68855 7.69612 7.69602 7.69581 7.69497 7.66827 7.60895 7.63061 7.59137 7.64893 7.66509 7.66537 7.67774 7.68751
-99999.00000 -99999.00000 -99999.00000 -99999.00000 -99999.00000 -99999.00000 -99999.00000 -99999.00000 -99999.00000 -99999.00000 -99999.00000 7.67752 7.66410 7.64140 7.63210 7.64380 7.61195 7.57832 7.56737 7.57839 7.58760 7.60877 7.63738 7.65126 7.65304 7.65013 7.64342 7.63996 7.64049 7.63094 7.61242 7.60177 7.59788 7.57464 7.50491 7.14755 2.17476 1.34620 5.58419 7.13102 7.48245 7.56291 7.59441 7.62142 7.63543 7.64361 7.65351 7.65997 7.66531 7.67348 7.68245 7.68946 7.69155 7.69393 7.68805 7.69447 7.68412 7.63057 7.56387 7.57303 7.55915 7.63587 7.66213 7.66930 7.66980 7.67826
-99999.00000 -99999.00000 -99999.00000 -99999.00000 -99999.00000 -99999.00000 -99999.00000 -99999.00000 -99999.00000 -99999.00000 7.67923 7.67526 7.66386 7.63758 7.61866 7.64448 7.62775 7.61547 7.58969 7.57131 7.55251 7.57705 7.62795 7.64432 7.64808 7.64922 7.64202 7.63422 7.63226 7.62560 7.61581 7.61299 7.60817 7.57370 7.48219 6.99883 1.68638 1.92042 6.24004 7.17521 7.41399 7.54945 7.58995 7.61402 7.62903 7.64243 7.65133 7.65953 7.66796 7.67779 7.68387 7.68216 7.68913 7.66965 7.64566 7.67128 7.65839 7.60698 7.58735 7.52980 7.58845 7.64899 7.67155 7.67633 7.67848 7.68137
