mrvbf_slope1.2_pctl1.4.asc
NCOLS 410
NROWS 410
XLLCORNER 2398750.0000000000000000
YLLCORNER 2548750.0000000000000000
CELLSIZE 250.0000000000000000
NODATA_VALUE -99999.00000
[rows 290 to 318 of 410, columns 264 to 329 of 410]
5.59029 5.68226 5.75133 5.90754 5.87024 5.49956 5.40846 5.46194 5.48090 5.49665 5.62434 5.86223 5.79207 5.64033 5.30125 5.29610 5.49468 5.52053 5.53408 5.62844 5.50022 5.36020 5.25227 5.29082 5.46135 5.30768 5.11205 5.08522 5.19227 5.33088 5.45523 5.57192 5.65706 5.70101 5.57346 5.62790 5.40598 5.21650 5.17419 5.01391 5.10913 5.26234 5.37964 5.60079 5.75936 5.69489 5.65065 5.86271 5.85146 5.96561 6.18816 6.17067 6.11348 6.11342 6.14609 6.15952 6.14758 6.12788 6.13034 6.13220 6.10268 6.07051 6.06030 6.09653 6.20462 6.26905
5.53836 5.63024 5.63899 5.77221 5.76908 5.68775 5.62452 5.64017 5.66238 5.63507 5.65357 5.84269 5.77883 5.69468 5.55896 5.43258 5.42915 5.44978 5.40248 5.31878 5.18865 5.16725 4.96795 4.83122 5.03771 5.07665 4.94845 5.04836 5.05049 5.31686 5.64124 5.81964 5.80126 5.52630 5.69543 5.77787 5.55645 5.31011 5.19332 5.31110 5.61421 5.76079 5.84033 5.91676 5.92072 5.81937 5.61934 5.57223 5.65000 5.89439 5.96825 5.92370 5.90472 5.92980 5.98330 6.03216 6.08215 6.13005 6.20103 6.25977 6.23289 6.12405 6.01054 5.92270 5.89121 5.90165
5.55795 5.51951 5.58015 5.67177 5.71025 5.77409 5.64653 5.48470 5.52639 5.66475 5.75911 5.88705 5.77089 5.64322 5.67971 5.58262 5.47766 5.56809 5.58369 5.43357 5.40661 5.44013 5.31035 5.03032 5.03363 5.18486 5.05299 5.32586 5.38213 5.45911 5.70101 5.85766 5.79890 5.70354 5.77251 5.75065 5.66344 5.53000 5.53303 5.74777 5.90513 5.96890 6.00252 5.99802 5.96012 5.92234 5.79453 5.60962 5.68241 5.81637 5.73649 5.66422 5.68444 5.78368 5.94303 6.11578 6.23335 6.30197 6.34036 6.33587 6.24667 6.08860 5.94143 5.82671 5.74707 5.72050
5.60780 5.58341 5.61049 5.63329 5.73933 5.78100 5.63208 5.43026 5.47943 5.67293 5.65638 5.66181 5.55534 5.54456 5.70222 5.62548 5.39909 5.40670 5.47665 5.49862 5.56126 5.58331 5.56309 5.31462 5.08723 5.18765 5.13225 5.54278 5.56672 5.51733 5.58225 5.60487 5.62100 5.72784 5.69485 5.72229 5.65244 5.64305 5.69655 5.85813 5.97103 6.01800 6.03012 5.98430 5.92409 5.92361 5.92388 5.86565 5.84369 5.73980 5.54159 5.44008 5.48487 5.67102 5.96379 6.20052 6.30725 6.33759 6.30278 6.20231 6.09888 6.00756 5.92354 5.86409 5.84324 5.86953
5.61687 5.60460 5.61612 5.64544 5.71847 5.68572 5.59387 5.52803 5.52434 5.60055 5.56019 5.48303 5.46772 5.62763 5.76039 5.71412 5.47756 5.29739 5.30911 5.43256 5.55914 5.54598 5.54637 5.47120 5.11328 5.09335 5.19414 5.64264 5.70743 5.65561 5.52504 5.44382 5.65700 5.66490 5.64687 5.67948 5.73594 5.72407 5.71527 5.80352 5.91077 5.96027 5.96428 5.92494 5.90456 5.95249 6.03518 6.05840 5.96432 5.72756 5.44720 5.30383 5.34994 5.57491 5.91451 6.15061 6.20145 6.14128 6.03729 5.95482 5.95534 5.97339 5.97600 5.99036 6.03550 6.09886
5.58097 5.61703 5.69236 5.77415 5.82495 5.66080 5.56691 5.60666 5.67173 5.66931 5.63754 5.61612 5.65429 5.77790 5.80329 5.73167 5.58543 5.41021 5.34837 5.31488 5.35509 5.40220 5.48862 5.55103 5.43173 5.24421 5.55619 5.77202 5.82256 5.80523 5.61171 5.51904 5.47293 5.50634 5.59424 5.78675 5.87310 5.83473 5.78423 5.76921 5.80951 5.85000 5.86460 5.88317 5.94012 6.01651 6.06153 6.03231 5.91371 5.70161 5.43094 5.24675 5.26654 5.50973 5.84506 6.00977 5.96285 5.84763 5.79631 5.84418 5.93066 6.00453 6.04975 6.08572 6.12315 6.15069
5.55257 5.68869 5.82386 5.83340 5.69765 5.54817 5.56246 5.67540 5.74271 5.68772 5.65495 5.68863 5.75811 5.78733 5.72229 5.57370 5.46416 5.28187 5.17068 5.17439 5.24398 5.34283 5.45687 5.52271 5.56801 5.59314 5.72460 5.78874 5.79980 5.74875 5.66833 5.55363 5.43034 5.39852 5.67507 5.80821 5.88395 5.86438 5.82464 5.79432 5.79524 5.81732 5.83728 5.88737 5.97791 6.03968 6.01105 5.91821 5.79718 5.64494 5.42458 5.22167 5.21902 5.48513 5.79781 5.84915 5.76736 5.72819 5.79805 5.91200 6.00986 6.06184 6.07121 6.05872 6.04529 6.03582
5.52333 5.70489 5.84003 5.73472 5.56365 5.58983 5.68856 5.73183 5.69593 5.66482 5.60876 5.58048 5.62299 5.62224 5.48711 5.35762 5.28841 5.11387 5.01220 5.07568 5.22787 5.38043 5.48007 5.54722 5.58384 5.61694 5.65340 5.71370 5.71590 5.64870 5.59247 5.50922 5.43235 5.49100 5.63722 5.69155 5.77378 5.81657 5.83420 5.85056 5.85099 5.85419 5.86866 5.90366 5.94750 5.96148 5.90680 5.80704 5.70439 5.59877 5.42540 5.22925 5.20942 5.45066 5.69054 5.72363 5.71602 5.79793 5.92799 6.02142 6.06739 6.03965 5.96889 5.90852 5.87854 5.86804
5.40860 5.58915 5.67068 5.57898 5.57352 5.61976 5.52023 5.57572 5.66858 5.72116 5.67034 5.52990 5.41341 5.34721 5.30551 5.34686 5.31407 5.25832 5.28221 5.21380 5.26124 5.42242 5.57026 5.65226 5.64074 5.58527 5.55468 5.56909 5.48786 5.52382 5.31262 5.52649 5.62505 5.66510 5.62661 5.59428 5.61096 5.68634 5.76008 5.83208 5.86372 5.86618 5.87227 5.87151 5.84815 5.82982 5.78955 5.72592 5.67128 5.61360 5.47591 5.28884 5.21276 5.32323 5.51460 5.66151 5.76519 5.84649 5.91620 5.94038 5.92366 5.86428 5.78734 5.72900 5.71212 5.73266
5.20393 5.35027 5.37777 5.31237 5.22847 5.05281 5.01290 5.36433 5.65775 5.77007 5.72824 5.55722 5.33297 5.24601 5.35793 5.47885 5.41636 5.40333 5.45826 5.35873 5.30386 5.40164 5.56941 5.67387 5.68821 5.59490 5.48802 5.43988 5.38972 5.31265 5.32071 5.56514 5.68387 5.71873 5.65350 5.57401 5.52874 5.56428 5.62372 5.72269 5.77984 5.78523 5.78656 5.77083 5.71788 5.66961 5.64175 5.62346 5.63814 5.62051 5.50039 5.32151 5.19178 5.19306 5.36077 5.60467 5.76952 5.76310 5.73484 5.72670 5.71427 5.68130 5.63135 5.59568 5.60302 5.65665
5.05561 5.11930 5.12336 5.06812 4.98411 4.89794 4.98314 5.11544 5.54848 5.72098 5.64206 5.45656 5.34554 5.34423 5.38340 5.47418 5.38998 5.35143 5.38071 5.28027 5.17733 5.24654 5.47659 5.63081 5.63039 5.54730 5.41929 5.26375 5.32912 5.26707 5.41314 5.52128 5.63834 5.73597 5.71694 5.62561 5.52745 5.49045 5.50877 5.55260 5.58822 5.58634 5.59089 5.57819 5.55030 5.51904 5.48670 5.46807 5.47248 5.45161 5.38551 5.28538 5.18969 5.14992 5.24560 5.43653 5.57751 5.58595 5.57184 5.57586 5.58480 5.57744 5.54532 5.52485 5.54579 5.61655
5.08367 5.08394 5.08346 5.03851 5.08001 5.15681 4.95316 5.09781 5.50958 5.56318 5.39580 5.32910 5.43140 5.50118 5.39192 5.33040 5.21754 5.16163 5.13514 5.02883 4.88528 4.89940 5.22131 5.50794 5.51011 5.45885 5.44804 5.23031 4.93995 4.94110 5.15362 5.44013 5.64064 5.76587 5.75489 5.67669 5.53079 5.44226 5.42819 5.36933 5.34029 5.34903 5.36288 5.36805 5.36382 5.35517 5.36632 5.37017 5.33926 5.30861 5.28307 5.24932 5.20641 5.13889 5.11869 5.21474 5.34439 5.44806 5.51027 5.53363 5.54837 5.54598 5.51707 5.49829 5.51974 5.59813
5.25936 5.27023 5.28312 5.22886 5.17303 5.07710 4.82990 4.91759 5.18584 5.13198 5.08672 5.30286 5.54154 5.59215 5.43719 5.23419 5.10576 5.05557 5.00942 4.88967 4.67244 4.55197 4.78173 5.21357 5.35925 5.40612 5.50267 5.33618 4.69922 4.92472 4.78681 5.18698 5.43979 5.65225 5.69769 5.69501 5.54338 5.40581 5.32656 5.25670 5.20840 5.20378 5.21151 5.23491 5.22323 5.16260 5.18683 5.28118 5.30203 5.28373 5.23012 5.15453 5.07551 4.99324 4.98444 5.07778 5.22385 5.38535 5.50603 5.54802 5.55960 5.54761 5.50804 5.47857 5.49293 5.56040
5.47988 5.51861 5.53918 5.52380 5.37273 5.08742 4.73935 4.63298 4.79642 4.86222 5.05623 5.33090 5.54873 5.56915 5.39985 5.23696 5.18692 5.16001 5.11319 5.02722 4.80459 4.52228 4.55070 4.90828 5.22760 5.41290 5.44301 5.32585 5.00991 4.97163 5.20861 5.16947 5.11944 5.38081 5.59274 5.65591 5.55466 5.38940 5.27786 5.23776 5.21857 5.18575 5.17098 5.20147 5.20022 5.10988 5.00980 5.10196 5.24470 5.25596 5.14700 4.99633 4.88801 4.85506 4.91434 5.02936 5.16974 5.33032 5.45482 5.50561 5.52276 5.50558 5.45586 5.41672 5.42005 5.47265
5.62489 5.60096 5.63697 5.69461 5.54041 5.30606 5.03504 4.83302 4.90751 5.07868 5.24077 5.33843 5.52998 5.47309 5.30904 5.30257 5.39051 5.33997 5.23381 5.19763 5.08856 4.70008 4.66817 4.87831 5.10921 5.27910 5.33347 5.26154 5.09958 5.08931 5.19116 5.26414 5.17208 5.01388 5.19977 5.40071 5.46818 5.38093 5.29739 5.27724 5.27617 5.23561 5.18496 5.18034 5.20300 5.17983 5.02238 4.95122 5.07495 5.12022 5.01970 4.85561 4.75859 4.77922 4.88408 4.97985 5.07212 5.19168 5.28316 5.32425 5.35049 5.35622 5.32764 5.29961 5.30297 5.34751
5.62662 5.63649 5.77905 5.81437 5.59548 5.45042 5.41827 5.28397 5.32668 5.35193 5.28265 5.31770 5.55622 5.36340 5.25288 5.38214 5.47087 5.36482 5.21829 5.19907 4.99531 4.79882 4.89879 4.93536 4.92977 5.10716 5.25724 5.12753 4.81184 4.62245 4.68877 4.92781 5.05066 5.09173 5.03055 5.06417 5.22171 5.31799 5.31318 5.30618 5.31119 5.27475 5.19036 5.10119 5.13537 5.16318 5.03458 4.86907 4.84754 4.84918 4.84074 4.74941 4.67408 4.69165 4.78163 4.82913 4.85690 4.91819 4.99079 5.05186 5.11638 5.15949 5.16066 5.15349 5.16636 5.20541
5.42379 5.52113 5.80757 5.86145 5.59329 5.48118 5.48861 5.44798 5.58111 5.45564 5.15842 5.11191 5.44950 5.24483 5.25395 5.37577 5.28752 5.36749 5.25329 5.27397 5.16203 4.99480 4.88886 4.73232 4.60699 4.83935 4.96592 4.67332 4.48007 4.43393 4.58604 4.70891 4.89308 5.24913 5.01906 4.86108 4.98688 5.21571 5.28116 5.26679 5.27098 5.25994 5.16017 5.04412 5.03989 5.04673 4.99724 4.88240 4.75984 4.69632 4.66680 4.68129 4.64625 4.60952 4.64581 4.66117 4.64455 4.64960 4.70953 4.80017 4.89423 4.96417 4.99365 5.00851 5.03074 5.06507
5.27604 5.18269 5.57774 5.81813 5.55183 5.47028 5.40175 5.52328 5.63138 5.41440 5.07407 4.75465 5.08992 5.18366 5.19022 5.22640 5.25845 5.41183 5.03585 4.83240 4.90068 4.72865 4.62846 4.48708 4.23451 4.33580 4.52834 4.49752 4.69690 4.74782 4.61851 4.59919 4.80211 5.16099 5.03580 4.72741 4.81532 5.09167 5.22269 5.21532 5.18871 5.17490 5.11293 5.03076 4.94913 4.89129 4.87051 4.85465 4.79882 4.65518 4.58685 4.67354 4.68076 4.63940 4.63051 4.59420 4.53393 4.50478 4.54256 4.61819 4.70251 4.78031 4.83275 4.86942 4.90449 4.94171
5.40358 5.10703 5.35662 5.77666 5.64721 5.46304 5.49991 5.73272 5.70721 5.34860 5.14182 4.75101 4.73311 5.27006 5.24681 5.24628 5.39822 5.26710 4.66954 4.70646 5.05574 5.03790 4.91975 4.72834 4.34597 4.22298 4.50077 4.74992 4.99511 4.86485 4.66899 4.58472 4.63637 4.96371 5.01353 4.73551 4.65933 4.87671 5.12302 5.18444 5.13499 5.07732 5.03775 4.99542 4.91179 4.85441 4.78604 4.74000 4.70989 4.56059 4.55076 4.67233 4.65350 4.63916 4.66181 4.59244 4.51263 4.46475 4.46570 4.49701 4.54446 4.61223 4.67216 4.72473 4.78114 4.83656
5.11756 5.05057 5.53026 5.79757 5.79966 5.64682 5.71923 5.83661 5.79373 5.43382 5.10116 5.11671 4.69785 4.98703 5.28643 5.35914 5.33177 5.05272 4.65581 4.81098 5.07571 5.10523 5.02169 4.85770 4.52856 4.54826 4.79534 5.04819 5.07881 4.93697 4.83532 4.67433 4.48943 4.54881 4.78748 4.63396 4.55319 4.69651 4.98253 5.12712 5.10499 5.00965 4.93584 4.89539 4.87095 4.86573 4.78518 4.66356 4.57862 4.48527 4.50230 4.58120 4.54897 4.55537 4.60528 4.56401 4.53822 4.50153 4.44465 4.42439 4.42053 4.45314 4.51040 4.57786 4.65779 4.74175
5.02900 5.10842 5.52948 5.69310 5.71954 5.65121 5.58236 5.67917 5.75937 5.61854 5.21082 5.22430 4.80421 4.70318 4.93246 5.00503 4.90022 4.77156 4.69135 4.93329 5.11647 5.13539 4.91498 4.60981 4.47189 4.74381 4.98838 5.09855 5.08226 5.00443 4.94037 4.79425 4.46011 4.23609 4.68829 4.41687 4.45467 4.62040 4.78317 4.93213 5.03843 4.99228 4.88251 4.80109 4.78099 4.76276 4.68255 4.57429 4.52297 4.48332 4.39562 4.34705 4.41740 4.45632 4.51569 4.53675 4.55644 4.54093 4.45194 4.39277 4.35354 4.33605 4.37250 4.44593 4.54440 4.65571
5.18896 4.83237 5.00428 5.28460 5.31760 5.12624 5.06837 5.28013 5.53564 5.50639 5.10136 5.15577 5.04410 4.73330 4.72712 4.83715 4.79591 4.64945 4.64168 4.79886 4.82062 4.76048 4.52586 4.40575 4.18094 4.49879 4.80341 4.96301 5.00982 4.98051 4.95235 4.88778 4.60746 4.20798 4.47781 4.51129 4.55290 4.63598 4.64686 4.65522 4.79248 4.93483 4.89254 4.78510 4.68569 4.60875 4.54109 4.47556 4.46635 4.45307 4.34028 4.23216 4.21578 4.35981 4.44906 4.50849 4.51227 4.47676 4.42086 4.36825 4.33642 4.30047 4.29118 4.33503 4.44007 4.57491
5.47489 5.15856 4.78879 4.80979 4.85779 4.86601 5.04042 5.10288 5.33992 5.32022 5.08965 5.34520 5.35669 5.19342 5.03594 5.11203 5.06540 4.80438 4.74527 4.82415 4.70054 4.58035 4.56326 4.55864 4.15010 4.19654 4.44956 4.68884 4.82754 4.86029 4.84538 4.79961 4.59405 4.24962 4.41188 4.54674 4.55137 4.67364 4.70009 4.59182 4.53732 4.73174 4.85895 4.79377 4.65765 4.51572 4.41789 4.36471 4.33545 4.33348 4.29387 4.25500 4.14135 4.22127 4.32388 4.39926 4.39007 4.32147 4.29551 4.27854 4.28483 4.25963 4.21475 4.22427 4.33265 4.48345
5.73677 5.40995 5.16923 4.87984 4.89180 5.15779 5.27681 5.28529 5.47005 5.39785 5.35396 5.43387 5.51303 5.38611 5.19553 5.19473 5.10753 4.86351 4.87287 4.98106 4.90196 4.82328 4.91117 4.81601 4.33874 4.16381 4.25823 4.44747 4.62841 4.73006 4.73143 4.67465 4.52234 4.39178 4.54189 4.48263 4.20239 4.32044 4.41660 4.46251 4.45379 4.54063 4.73121 4.73237 4.64747 4.50811 4.36732 4.29499 4.28238 4.28301 4.25001 4.19818 4.11301 4.11417 4.13803 4.19069 4.18185 4.14033 4.15900 4.14979 4.16536 4.14118 4.08767 4.10017 4.22504 4.38435
5.80956 5.48232 5.19249 5.09468 5.09433 5.19136 5.24271 5.35530 5.59448 5.44572 5.37640 5.31703 5.46821 5.29577 5.15394 5.10418 5.03350 4.84137 5.00556 5.11334 5.00539 4.88706 4.92617 4.89567 4.54545 4.24475 4.20459 4.32327 4.52013 4.68820 4.68924 4.52849 4.36802 4.37480 4.49668 4.14559 4.04727 4.23673 4.28093 4.28562 4.37949 4.49059 4.57912 4.58614 4.55766 4.48624 4.35069 4.22583 4.19482 4.21419 4.20114 4.12826 4.09416 4.10362 4.06562 4.03934 4.05064 4.05251 4.05918 3.99844 4.02392 4.03782 3.97323 3.95892 4.07857 4.25065
5.68051 5.15972 5.04727 5.30518 5.27979 5.11501 5.06960 5.28854 5.60567 5.38290 5.16659 5.30958 5.42469 5.32219 5.11827 5.05907 4.98353 4.86588 5.17363 5.10543 4.94778 4.84184 4.66434 4.54175 4.42249 4.18418 4.14269 4.27245 4.52377 4.73033 4.67575 4.44693 4.21905 4.19248 4.33320 4.17217 4.05835 4.28937 4.37497 4.33078 4.33192 4.33755 4.35174 4.35368 4.37355 4.36925 4.28777 4.15443 4.04932 4.03072 4.02598 3.98445 3.99047 4.03257 4.03510 4.00932 4.00328 3.98265 3.88075 3.81219 3.91728 3.93774 3.85864 3.79802 3.89399 4.07430
5.36361 5.02639 5.33718 5.36116 5.10214 4.89702 4.95498 5.29495 5.62555 5.49124 5.16853 5.23678 5.47362 5.44372 5.18126 5.14314 5.00563 4.90983 5.22141 5.13573 5.15689 5.19782 4.92969 4.55403 4.24325 4.14469 4.17683 4.35250 4.65458 4.75179 4.56770 4.40272 4.19483 4.04382 4.12570 4.20550 4.06639 4.18899 4.33943 4.31683 4.21613 4.13589 4.14321 4.13324 4.13860 4.15860 4.13034 4.04587 3.93232 3.85913 3.80674 3.73815 3.73897 3.82022 3.88076 3.90205 3.89707 3.86248 3.70795 3.59754 3.64976 3.70394 3.67766 3.60721 3.66416 3.81464
5.38912 5.13724 5.38262 5.12093 4.79922 4.79426 5.09956 5.46834 5.66749 5.60914 5.33322 5.25474 5.42314 5.42093 5.18490 5.10464 4.88333 4.84235 5.15486 5.07963 5.14586 5.23354 5.06907 4.76507 4.47147 4.35714 4.35746 4.54794 4.78187 4.65099 4.40987 4.34996 4.19087 3.97464 3.95520 4.15584 4.07974 4.07755 4.16947 4.17048 4.06567 4.00930 4.03002 4.01937 3.99820 3.99722 3.99274 3.95499 3.88772 3.79740 3.67426 3.50125 3.37808 3.44472 3.58329 3.69780 3.72682 3.65177 3.49564 3.38769 3.36028 3.40770 3.41469 3.36919 3.38443 3.47046
5.33724 5.16536 5.39453 4.98370 4.75382 5.00857 5.31010 5.45593 5.46450 5.46369 5.37379 5.25106 5.27242 5.24804 5.08054 4.87491 4.63149 4.75488 5.02164 4.97620 5.03834 5.05847 4.91864 4.71145 4.40376 4.23995 4.26280 4.47371 4.70822 4.47188 4.28767 4.27889 4.12083 3.90245 3.82428 4.01760 3.99721 3.94518 3.99712 4.01511 3.96927 3.98081 4.01464 4.00292 3.96830 3.94231 3.93556 3.93326 3.90346 3.81044 3.62737 3.42663 3.26081 3.18935 3.29590 3.44538 3.50434 3.41184 3.34956 3.21985 3.04597 3.03240 3.07769 3.05369 3.14829 3.25243
