mrvbf_slope0.9_pctl0.6.asc
NCOLS 410
NROWS 410
XLLCORNER 2398750.0000000000000000
YLLCORNER 2548750.0000000000000000
CELLSIZE 250.0000000000000000
NODATA_VALUE -99999.00000
[rows 203 to 231 of 323, columns 264 to 329 of 410]
7.43606 7.44909 7.44194 7.36244 7.32978 7.41995 7.45034 7.45144 7.46147 7.49009 7.47828 7.47414 7.47448 7.48587 7.48796 7.49546 7.48677 7.47510 7.46158 7.43566 7.44067 7.46622 7.43214 7.32058 7.28556 6.94661 5.08573 4.64899 5.42998 5.60317 6.35460 6.97920 7.07271 6.84239 6.75828 5.97881 6.40957 6.84413 7.12218 7.36255 6.47123 5.74215 4.81364 5.65643 7.29912 7.41337 7.49806 7.50769 7.54036 7.54725 7.55452 7.52998 7.46133 7.46564 7.53583 7.56393 7.59311 7.62357 7.62933 7.62041 7.63058 7.63255 7.63049 7.62250 7.62315 7.62341
7.41144 7.39897 7.43533 7.38584 7.28674 7.30934 7.41389 7.46776 7.48465 7.47942 7.47107 7.47558 7.46859 7.48241 7.48060 7.49731 7.50034 7.48594 7.47111 7.45171 7.47562 7.46788 7.38958 7.35105 7.21774 7.26472 6.56422 5.11841 5.28752 5.09271 5.35884 5.64576 5.44013 5.81411 6.29732 6.00467 6.42537 6.74033 6.21744 6.79031 7.35251 6.81464 5.68233 6.16581 7.36806 7.45831 7.46933 7.51359 7.54540 7.56146 7.53767 7.52616 7.51141 7.43252 7.52193 7.56902 7.60101 7.61678 7.62408 7.61515 7.62669 7.62818 7.63023 7.62358 7.62105 7.61065
7.40803 7.38677 7.41461 7.40233 7.32406 7.28932 7.33695 7.44299 7.47318 7.46460 7.46570 7.49533 7.48419 7.46946 7.48982 7.49646 7.48515 7.47152 7.47309 7.46776 7.48048 7.48913 7.44268 7.33294 7.39058 7.40888 7.34111 7.10787 6.94908 6.27143 5.62806 5.62104 5.75518 6.60408 7.06948 7.07055 7.34591 7.23413 5.68371 6.55182 7.40254 6.96702 5.49193 5.64644 7.35318 7.46443 7.45397 7.52699 7.53574 7.56474 7.55149 7.54414 7.51867 7.41402 7.45538 7.56772 7.60391 7.61057 7.61163 7.61150 7.62552 7.62288 7.62711 7.62368 7.60909 7.59922
7.40142 7.37503 7.40360 7.41360 7.35709 7.30894 7.31261 7.39341 7.46245 7.44830 7.46964 7.49232 7.49727 7.48722 7.48230 7.47035 7.47240 7.47358 7.46287 7.46955 7.47207 7.47336 7.45244 7.45427 7.46796 7.46792 7.43849 7.42620 7.38987 7.30704 7.15012 7.17063 7.25205 7.33233 7.42242 7.41412 7.48106 7.39812 6.16833 6.18672 7.38900 7.22143 5.85351 6.28520 7.38734 7.47212 7.45980 7.50736 7.51195 7.52345 7.51097 7.51834 7.52048 7.46512 7.41182 7.54713 7.59905 7.60977 7.61117 7.62070 7.62408 7.62112 7.61985 7.61398 7.60073 7.59502
7.43747 7.37911 7.42520 7.42990 7.39109 7.30928 7.27830 7.35247 7.43625 7.44861 7.46094 7.47640 7.48276 7.48927 7.45601 7.42285 7.46027 7.47451 7.47814 7.48812 7.47029 7.45920 7.47178 7.48326 7.47546 7.49004 7.46653 7.45760 7.45281 7.43705 7.42581 7.42439 7.41678 7.42405 7.47359 7.46956 7.48286 7.37669 6.19378 6.27752 7.41528 7.43455 6.49193 6.59497 7.32596 7.31851 7.23740 7.34659 7.30851 7.33406 7.39309 7.47815 7.51606 7.48541 7.41081 7.52943 7.58646 7.60580 7.60469 7.60617 7.61537 7.61660 7.61639 7.61167 7.60044 7.59165
7.46018 7.40762 7.43315 7.42966 7.41039 7.33364 7.29168 7.29588 7.37302 7.44535 7.46754 7.45988 7.47021 7.46348 7.41520 7.42513 7.45494 7.47233 7.46018 7.47319 7.43936 7.45060 7.45364 7.46149 7.46538 7.48633 7.48793 7.47915 7.48706 7.47977 7.47324 7.44777 7.44158 7.45569 7.47617 7.45628 7.43731 7.30554 5.82870 6.22694 7.37105 7.43543 6.77062 6.57350 6.06954 5.91540 5.62919 6.32931 5.92197 6.18655 6.63515 7.34732 7.49808 7.52363 7.44342 7.49102 7.56345 7.58544 7.59380 7.59314 7.59657 7.60332 7.61633 7.60939 7.60102 7.59424
7.41449 7.36616 7.40604 7.40846 7.38605 7.34548 7.37261 7.35098 7.32904 7.38694 7.45142 7.46419 7.46794 7.43937 7.41058 7.46251 7.46475 7.47211 7.47571 7.44052 7.44668 7.44723 7.41242 7.42993 7.43482 7.47540 7.46659 7.49067 7.49866 7.49084 7.46462 7.46591 7.47412 7.46916 7.46526 7.44065 7.36659 7.09019 5.32540 5.61335 6.87430 7.19223 6.73008 6.53216 5.14612 5.50101 6.27770 6.89161 6.52361 5.92143 5.71291 5.97618 7.27160 7.49565 7.45467 7.49755 7.54949 7.56036 7.58306 7.59028 7.59170 7.59670 7.60110 7.60725 7.59244 7.58371
7.38318 7.36556 7.35584 7.38916 7.32554 7.33073 7.38923 7.39408 7.35857 7.34090 7.38748 7.42894 7.43162 7.41318 7.42654 7.46003 7.43440 7.41457 7.45650 7.45251 7.45998 7.45400 7.43227 7.43518 7.45281 7.47587 7.47963 7.47849 7.48777 7.48295 7.47894 7.44400 7.47397 7.49005 7.48086 7.40218 7.35098 6.70849 4.84046 5.27013 5.76536 5.72460 5.62702 5.80979 5.44395 5.60522 6.50341 7.21701 6.91357 7.21973 7.06976 5.99522 6.21260 7.35068 7.39750 7.43021 7.50603 7.48266 7.50837 7.56779 7.58435 7.58465 7.58370 7.59122 7.57569 7.56032
7.40319 7.35090 7.37562 7.39479 7.27979 7.20409 7.27576 7.22860 7.10363 7.07926 7.27551 7.39895 7.40464 7.37160 7.40303 7.41762 7.34560 7.40775 7.38773 7.42959 7.43177 7.45967 7.46473 7.43510 7.46211 7.47917 7.48546 7.47518 7.47442 7.48077 7.46742 7.45534 7.49025 7.48881 7.46407 7.42131 7.34836 6.75448 4.71055 4.94801 6.24522 5.76044 5.57875 6.36697 5.61984 5.73652 7.18264 7.40901 7.39392 7.41609 7.41979 7.22884 6.07881 6.52176 7.17887 7.22826 7.16374 6.16960 6.44727 7.41518 7.55078 7.55414 7.55655 7.56192 7.55116 7.51423
7.36346 7.35585 7.39207 7.37589 7.21890 6.95955 6.85350 6.72023 6.64967 6.86669 7.07134 7.25807 7.36176 7.34332 7.35544 7.35567 7.33429 7.40627 7.41117 7.42881 7.40965 7.45277 7.42574 7.38475 7.41527 7.44247 7.46825 7.45751 7.46244 7.47335 7.46878 7.44322 7.46904 7.48887 7.46251 7.41628 7.36338 7.07964 5.26647 4.60937 5.87892 5.66405 6.85615 6.54291 5.63125 6.65939 6.23011 6.95117 6.95222 6.88708 7.38711 7.36659 6.31908 5.41339 6.20603 6.72271 5.60739 5.46786 5.56248 6.46685 7.46465 7.52029 7.52357 7.54631 7.52214 7.27329
7.01550 7.08171 7.26226 7.25503 6.89813 6.37395 6.29061 6.41386 6.72899 7.04078 6.99306 6.99079 7.14177 7.24219 7.32093 7.30503 7.30730 7.33960 7.30815 7.36702 7.42945 7.40284 7.30820 7.34499 7.32016 7.38628 7.42397 7.43708 7.43198 7.43337 7.37611 7.37333 7.41527 7.48306 7.47578 7.43316 7.36467 7.29849 6.57609 5.03956 5.53971 5.85756 6.58054 6.38562 6.64761 6.66307 6.65688 6.45680 5.58517 5.99027 6.84698 7.32820 6.63729 5.85780 6.32978 7.02646 7.07147 6.33299 6.05063 6.22579 7.30034 7.45196 7.45133 7.40038 7.37737 5.80456
6.20267 6.24217 6.65916 6.82662 6.20324 5.86003 6.01310 6.37485 6.81546 7.04938 6.97250 6.70481 6.64855 6.83144 6.97334 6.97219 7.07866 7.19258 7.22717 7.32960 7.39278 7.33763 7.29380 7.29567 7.25288 7.32544 7.37069 7.39717 7.41775 7.35319 7.32627 7.31169 7.39217 7.48084 7.48864 7.45901 7.40474 7.32615 7.03652 5.48460 5.50053 6.25495 5.71480 6.34598 6.94116 7.15251 7.17216 6.92950 5.70062 5.46782 6.35343 7.26680 6.58799 6.71185 7.31765 7.49275 7.51449 7.39680 6.64155 5.83524 6.44794 7.28056 6.99222 5.91288 6.64212 5.43202
5.76359 5.66963 5.80234 6.02695 5.63094 5.62091 5.94611 6.38012 6.70782 6.87179 6.81700 6.55031 6.51498 6.68068 6.67691 6.39789 6.41147 6.79322 7.07644 7.23613 7.24964 7.17496 7.25916 7.30663 7.23209 7.27300 7.25959 7.27103 7.36190 7.34633 7.30222 7.34299 7.44280 7.48128 7.48134 7.45517 7.42483 7.36375 7.17636 5.87650 5.31218 5.96621 5.44121 6.24035 5.79644 6.07650 7.02617 7.04264 6.69385 5.57063 5.79295 6.90600 6.75374 6.74261 7.43103 7.51996 7.49270 7.36476 5.88212 5.88401 5.97934 7.07084 6.34076 6.58488 6.10478 6.12296
5.79177 5.57769 5.41460 5.42385 5.37775 5.67212 6.21516 6.65791 6.84504 6.94297 6.99037 6.92444 6.91862 7.02088 6.94652 6.56002 6.25746 6.54137 6.99242 7.16215 7.11737 6.97133 7.04453 7.17139 6.95716 6.87092 6.86807 7.08812 7.27502 7.32340 7.32075 7.38684 7.44806 7.45891 7.44680 7.44256 7.42152 7.37960 7.31716 6.90639 5.52834 5.65611 6.02772 5.59501 5.89593 6.63974 6.92662 7.15398 6.57340 6.11892 5.41503 5.81201 5.57818 6.56682 7.32460 7.41508 7.33759 7.05046 5.48962 5.24790 5.67097 7.19142 7.16398 5.62517 5.29631 4.97431
6.38657 6.20956 5.74996 5.57917 5.79761 6.43728 6.91335 7.09320 7.09238 7.09363 7.19255 7.13546 7.12152 7.20491 7.11678 6.97158 6.84833 6.82387 7.10557 7.23375 7.19849 7.10140 7.12927 7.18938 6.99158 6.80325 6.69529 6.82003 7.06233 7.18825 7.23961 7.31331 7.39644 7.41346 7.40765 7.42583 7.42640 7.38464 7.34849 7.18533 6.10601 5.47654 5.82058 6.32898 6.57932 6.64187 7.07138 6.87152 6.58958 5.85553 6.81191 7.06868 6.55100 6.13876 6.09065 6.57755 7.12017 7.13312 5.87491 4.96798 5.17940 5.81218 6.56156 5.44084 4.98386 5.29622
7.07791 7.05935 6.82465 6.68766 6.96549 7.14833 7.22693 7.24316 7.18327 7.15015 7.24868 7.24658 7.23862 7.31611 7.27472 7.12008 7.08059 7.00378 7.10861 7.20620 7.15913 7.14265 7.22058 7.19848 6.98046 6.85224 6.79683 6.64269 6.69912 6.87662 6.99754 7.13192 7.29578 7.34064 7.40491 7.41711 7.40800 7.37993 7.34957 7.30646 6.97154 5.98307 5.46375 5.55405 5.85962 6.52649 6.96995 7.01732 6.59377 6.41323 7.05246 7.25303 7.13478 6.87201 6.24632 6.19599 6.95972 7.04164 6.46467 5.00457 4.87457 5.11619 5.42395 5.83569 5.55339 7.13281
7.22791 7.06020 6.98207 7.07781 7.26449 7.31878 7.31994 7.30499 7.26836 7.15243 7.08834 7.02255 7.07139 7.25839 7.28010 7.20543 7.13737 6.95297 6.98168 7.11655 7.11877 7.19008 7.29504 7.12517 6.77912 6.74046 6.85979 6.65684 6.37526 6.38022 6.40692 6.59934 6.99096 7.22182 7.31448 7.35354 7.35146 7.35035 7.35060 7.36681 7.25768 7.07715 6.58203 6.01368 5.94876 6.30475 6.78858 6.82626 6.46222 6.38283 7.12342 7.32221 7.30094 7.34027 7.29043 6.97714 6.76522 6.73464 7.08880 6.28915 5.09995 5.33450 6.65044 7.26847 7.34470 7.47983
7.12914 7.03561 6.99115 6.86410 7.16172 7.30254 7.32989 7.32104 7.33876 7.24448 7.11859 7.04003 6.79479 6.87434 6.95894 6.88578 6.79976 6.52986 6.36419 6.48851 6.71060 7.08663 7.25009 6.97708 6.46034 6.53380 6.73044 6.69929 6.43495 6.18406 6.08335 6.13378 6.57661 6.88709 6.84004 7.04362 7.24239 7.31652 7.35976 7.37663 7.33531 7.31974 7.24825 7.21133 7.14809 6.83713 6.68401 7.00264 6.56258 6.79911 7.30919 7.42197 7.44763 7.45821 7.45397 7.35104 7.06319 6.69803 6.79322 7.22606 7.05120 7.24728 7.38690 7.44070 7.49110 7.51938
7.07324 7.18249 7.19458 6.88498 6.95965 7.25436 7.32425 7.32581 7.36614 7.33131 7.27388 7.24249 6.98003 6.65504 6.61159 6.53095 6.46811 6.19712 5.93167 5.84692 5.92830 6.37769 6.96406 6.75866 6.05598 6.12250 6.46843 6.72527 6.78319 6.63860 6.34633 6.28963 6.71228 6.98838 6.85586 6.71630 7.05597 7.29567 7.35986 7.36403 7.36809 7.36736 7.33811 7.33969 7.36589 7.27710 6.95309 7.07872 6.78680 7.11411 7.40793 7.45923 7.48071 7.48917 7.48741 7.43777 7.30940 6.95939 6.86309 7.11223 7.24346 7.38892 7.42769 7.45391 7.49831 7.52844
7.11131 7.16481 7.04761 6.82818 6.98594 7.20373 7.26693 7.31003 7.36189 7.33641 7.27021 7.24778 7.15481 6.92675 6.72286 6.61044 6.59198 6.47388 6.30208 6.17793 5.93550 5.72604 6.23268 6.31307 5.66005 5.87383 6.60287 6.96050 7.05285 6.93596 6.36566 6.22009 6.94795 7.17293 7.08683 7.05717 6.99540 7.20955 7.31109 7.31084 7.33221 7.31898 7.32219 7.32974 7.34891 7.31290 6.96615 6.98273 6.85054 7.29081 7.42629 7.46153 7.45720 7.49365 7.48944 7.44345 7.34759 7.11701 6.87489 6.84267 7.21859 7.28324 7.41133 7.45095 7.50180 7.52480
6.79863 6.61939 6.41463 6.49728 6.94162 7.19836 7.27285 7.31362 7.33105 7.30825 7.20410 7.14587 7.13679 7.06263 6.93209 6.85358 6.89761 6.92403 6.85564 6.73031 6.42087 5.70880 5.47440 5.48013 5.53375 6.35289 7.03783 7.24842 7.19789 6.92315 6.25220 6.28646 7.08466 7.28816 7.22258 7.22876 7.11186 7.11792 7.12430 7.06780 7.04470 7.00050 6.99882 7.11008 6.97162 6.45506 5.47280 5.21954 5.67911 7.14457 7.36565 7.42503 7.44299 7.47462 7.47984 7.46418 7.40185 7.17295 6.77050 6.74125 6.90522 7.28506 7.34168 7.44624 7.48675 7.52596
6.16412 6.24452 6.44938 6.76491 6.98673 7.18925 7.33001 7.34761 7.33399 7.31203 7.16440 6.98080 6.99712 7.04230 6.98372 6.99956 7.05928 7.08341 7.04667 6.92744 6.75386 6.32324 5.71707 5.71627 6.40393 7.03142 7.24256 7.32778 7.27232 7.07634 6.41834 6.07578 6.89129 7.23053 7.15710 7.22671 7.19509 7.15818 6.98313 6.78158 6.71349 6.56910 6.19875 5.72385 5.02129 4.44680 4.17172 4.89490 4.64710 6.41011 7.20443 7.31039 7.35662 7.43069 7.49098 7.47184 7.44623 7.34745 6.88897 6.47334 6.74327 7.06860 7.31903 7.42924 7.47546 7.51131
6.33885 6.77221 7.04886 7.18204 7.16647 7.22375 7.33633 7.36016 7.31932 7.22008 6.99676 6.79359 6.93814 7.05158 7.07559 7.19021 7.20296 7.18230 7.15442 7.08232 6.96959 6.87269 6.73231 6.80630 7.07758 7.22693 7.31673 7.36282 7.30563 7.20222 6.82408 6.03765 6.45562 7.07559 7.15851 7.26049 7.27253 7.21652 7.04908 7.00696 6.98938 6.62792 5.44090 4.56235 4.17471 4.12455 4.14801 4.45594 4.44182 5.07676 6.30898 7.05635 7.32202 7.41212 7.45686 7.48429 7.46314 7.41458 7.23460 6.61516 6.33844 6.80565 7.20962 7.33665 7.43304 7.48129
6.83508 6.99711 7.15188 7.24882 7.20333 7.27144 7.36181 7.32306 7.18758 7.01763 6.81827 6.90829 7.11596 7.15821 7.20692 7.30877 7.33512 7.30898 7.27969 7.24587 7.19659 7.16179 7.16538 7.19488 7.23800 7.28827 7.34235 7.35545 7.30157 7.24536 7.08466 6.34353 6.22792 6.98445 7.24208 7.30573 7.33302 7.25217 7.20787 7.20713 7.06304 6.21274 4.98595 4.38867 4.35126 4.80276 5.57361 5.04358 4.59648 4.40020 4.54266 5.41759 6.98962 7.36687 7.43820 7.46280 7.45929 7.42660 7.37872 7.13570 6.41946 6.35843 6.78427 7.21607 7.37176 7.44838
7.12050 7.10627 7.11249 7.25935 7.26459 7.30205 7.33570 7.22794 7.07012 6.99010 6.99520 7.14158 7.20916 7.22648 7.28230 7.35850 7.40250 7.39810 7.38202 7.36833 7.35550 7.33857 7.32823 7.32796 7.33426 7.35546 7.37729 7.35374 7.29071 7.25111 7.19183 6.81053 6.35746 6.75574 7.17531 7.32891 7.31909 7.28455 7.31294 7.22121 6.95166 6.11360 4.99785 4.51879 4.53819 5.00894 5.95170 5.66919 5.30185 5.25774 4.66102 4.58539 5.60847 7.12923 7.37036 7.42390 7.45498 7.45802 7.42444 7.32813 6.97846 6.37879 6.45446 6.79193 7.17783 7.36989
7.24029 7.29279 7.20602 7.21630 7.27954 7.26643 7.26820 7.18512 7.06305 7.04601 7.13578 7.20992 7.23716 7.27395 7.33418 7.39204 7.43010 7.44266 7.44148 7.43504 7.42655 7.42066 7.41535 7.40883 7.40711 7.41289 7.40741 7.36087 7.29654 7.26303 7.23957 7.11925 6.83571 6.74432 6.99060 7.24598 7.28337 7.29870 7.29953 7.21384 7.04553 6.59996 5.23560 4.55694 4.54331 4.83814 4.81297 4.63462 4.96326 5.50006 5.39209 4.89281 5.15704 6.68121 7.22857 7.37754 7.45577 7.46094 7.41162 7.32695 7.22003 6.82725 6.31645 6.16034 6.48240 7.09455
7.19968 7.32453 7.27983 7.18047 7.23541 7.23184 7.22063 7.18994 7.04273 7.03525 7.16492 7.22201 7.26340 7.32086 7.37881 7.42266 7.44779 7.45808 7.46079 7.45894 7.45581 7.45450 7.45366 7.45010 7.44743 7.44284 7.41735 7.36666 7.31238 7.28613 7.26880 7.20273 7.08524 6.96100 6.93527 7.12311 7.25922 7.28480 7.28759 7.30438 7.15360 6.69576 5.70091 4.67986 4.60500 4.98996 4.54710 4.78209 4.96778 5.25521 6.16944 5.09756 5.01578 6.29233 7.12161 7.33047 7.42454 7.43653 7.38980 7.34278 7.25791 7.15287 6.85204 6.57487 5.79866 6.20629
6.84891 7.17923 7.20511 7.05986 7.06193 7.17978 7.19448 7.15795 7.05855 7.07786 7.17974 7.23816 7.30351 7.36747 7.41653 7.44818 7.46354 7.47165 7.47603 7.47745 7.47728 7.47496 7.46953 7.46597 7.46470 7.45292 7.42046 7.37415 7.33106 7.30968 7.29451 7.24171 7.15184 7.06029 6.96257 7.02839 7.23664 7.30341 7.37113 7.38221 7.26007 6.88176 5.96635 4.94415 4.91115 5.37209 5.14182 4.91457 4.99717 5.94291 6.45807 5.31265 4.97336 5.73633 7.00950 7.34005 7.41793 7.43694 7.41107 7.37573 7.33979 7.24748 7.06504 7.01032 6.45658 5.68694
6.28592 6.49223 6.57959 6.56491 6.86234 7.13943 7.18583 7.16857 7.15361 7.16096 7.21097 7.28316 7.35900 7.40851 7.44283 7.46412 7.47533 7.48207 7.48545 7.48636 7.48555 7.48177 7.47393 7.47040 7.46948 7.45363 7.42186 7.38231 7.34635 7.32670 7.31673 7.28126 7.19419 7.10026 7.00729 6.96906 7.16134 7.33607 7.39932 7.37904 7.24194 6.91981 6.15320 5.14010 4.98628 5.39180 5.41141 5.22752 5.65389 6.91868 6.69096 5.28154 4.89214 5.64554 6.99333 7.30603 7.41233 7.44197 7.43455 7.42289 7.38319 7.34777 7.23055 7.04054 6.90555 6.03703
