mrvbf_slope1.2_pctl1.4.asc
NCOLS 410
NROWS 410
XLLCORNER 2398750.0000000000000000
YLLCORNER 2548750.0000000000000000
CELLSIZE 250.0000000000000000
NODATA_VALUE -99999.00000
[rows 58 to 86 of 410, columns 66 to 131 of 410]
7.82695 7.82415 7.82303 7.82336 7.82317 7.82063 7.81780 7.81780 7.81851 7.81793 7.81875 7.82018 7.81737 7.81663 7.81989 7.82156 7.82170 7.82125 7.81866 7.81538 7.81536 7.81842 7.82245 7.82410 7.82427 7.82331 7.82162 7.82054 7.82053 7.81932 7.81940 7.82102 7.82190 7.82205 7.82229 7.82209 7.82168 7.82086 7.81860 7.81524 7.81365 7.81172 7.80758 7.80280 7.79548 7.78638 7.79290 7.80593 7.81249 7.81428 7.81525 7.81374 7.81327 7.81187 7.79896 7.73839 7.73451 7.71973 7.78350 7.80490 7.80425 7.79457 7.80369 7.79930 7.80847 7.80953
7.82819 7.82514 7.82089 7.81962 7.82134 7.82250 7.82293 7.82387 7.82376 7.82320 7.82271 7.82188 7.82108 7.82098 7.82255 7.82334 7.82279 7.82220 7.81996 7.81770 7.81641 7.81524 7.81787 7.82015 7.82029 7.81817 7.81434 7.81213 7.81774 7.81937 7.81910 7.82044 7.82181 7.82230 7.82231 7.82179 7.82087 7.81910 7.81627 7.81518 7.81696 7.81655 7.81347 7.80945 7.80216 7.78961 7.78733 7.80231 7.80976 7.81347 7.81549 7.81439 7.81233 7.80964 7.80119 7.77539 7.71837 7.76071 7.78737 7.79907 7.79923 7.80338 7.78327 7.74202 7.78641 7.80754
7.82534 7.82216 7.81791 7.81731 7.82114 7.82440 7.82560 7.82507 7.82374 7.82318 7.82332 7.82295 7.82274 7.82276 7.82302 7.82329 7.82296 7.82186 7.82001 7.81991 7.81962 7.81716 7.81676 7.81698 7.81593 7.81320 7.80921 7.80860 7.81221 7.81970 7.81952 7.81989 7.82126 7.82194 7.82183 7.82117 7.81981 7.81764 7.81556 7.81634 7.81810 7.81701 7.81389 7.80875 7.80140 7.79345 7.79156 7.79955 7.80856 7.81222 7.81387 7.81500 7.81380 7.81001 7.80485 7.78644 7.75763 7.77100 7.79478 7.78494 7.77816 7.77553 7.73802 7.75771 7.74357 7.79739
7.81973 7.81445 7.81342 7.81477 7.81900 7.82309 7.82488 7.82421 7.82336 7.82416 7.82495 7.82486 7.82409 7.82269 7.82086 7.82060 7.82068 7.82019 7.81943 7.82000 7.82077 7.81906 7.81777 7.81700 7.81561 7.81425 7.81382 7.81291 7.81329 7.81983 7.81952 7.81948 7.82049 7.82119 7.82110 7.82028 7.81879 7.81689 7.81528 7.81503 7.81469 7.81229 7.80934 7.80640 7.80292 7.79875 7.79595 7.79778 7.80446 7.80833 7.80999 7.81227 7.81296 7.81028 7.80325 7.77587 7.76751 7.73224 7.77143 7.77770 7.77935 7.77032 7.76706 7.78825 7.77391 7.80198
7.81372 7.80708 7.80977 7.81822 7.81913 7.82202 7.82431 7.82378 7.82411 7.82525 7.82549 7.82499 7.82326 7.82042 7.81715 7.81498 7.81457 7.81592 7.81794 7.81953 7.82063 7.82003 7.81924 7.81875 7.81771 7.81736 7.81823 7.81511 7.81550 7.81981 7.81907 7.81891 7.81971 7.82026 7.82004 7.81921 7.81777 7.81594 7.81406 7.81207 7.80907 7.80520 7.80445 7.80643 7.80686 7.80332 7.79851 7.79592 7.79775 7.80198 7.80529 7.80630 7.80934 7.80936 7.80797 7.78908 7.73214 7.74698 7.74569 7.78200 7.78228 7.78127 7.72448 7.74984 7.74063 7.79578
7.80913 7.81279 7.81328 7.81919 7.81979 7.82154 7.82386 7.82360 7.82425 7.82492 7.82473 7.82379 7.82101 7.81729 7.81485 7.81202 7.81013 7.81173 7.81529 7.81831 7.81994 7.82028 7.82031 7.82030 7.81928 7.81888 7.81912 7.81542 7.81477 7.81843 7.81772 7.81821 7.81895 7.81913 7.81871 7.81788 7.81629 7.81397 7.81132 7.80814 7.80391 7.80110 7.80309 7.80714 7.80979 7.80722 7.80130 7.79546 7.79265 7.79429 7.79765 7.80325 7.80675 7.80913 7.80887 7.80488 7.77883 7.73714 7.77148 7.79153 7.79954 7.78178 7.71741 7.70609 7.77527 7.80189
7.81356 7.81687 7.81630 7.82120 7.82022 7.82091 7.82298 7.82275 7.82296 7.82352 7.82336 7.82223 7.81866 7.81466 7.81358 7.81357 7.81345 7.81238 7.81379 7.81681 7.81882 7.81962 7.82018 7.82054 7.81951 7.81833 7.81829 7.81357 7.81143 7.81534 7.81687 7.81757 7.81813 7.81789 7.81719 7.81593 7.81369 7.81074 7.80757 7.80408 7.80085 7.80177 7.80386 7.80607 7.81005 7.81005 7.80580 7.79889 7.79180 7.78866 7.78916 7.79407 7.80251 7.80695 7.80680 7.80628 7.80163 7.78777 7.79387 7.79987 7.79545 7.74153 7.75303 7.73800 7.79194 7.80311
7.81946 7.81872 7.81717 7.82107 7.81979 7.81986 7.82146 7.82116 7.82019 7.82056 7.82114 7.82030 7.81706 7.81400 7.81342 7.81532 7.81780 7.81578 7.81446 7.81572 7.81733 7.81829 7.81911 7.81974 7.81909 7.81666 7.81454 7.81299 7.80884 7.81145 7.81573 7.81614 7.81683 7.81608 7.81514 7.81299 7.81006 7.80720 7.80479 7.80298 7.80302 7.80571 7.80366 7.80446 7.80958 7.81090 7.80895 7.80472 7.79793 7.79054 7.78479 7.78367 7.79186 7.80009 7.80491 7.80520 7.80541 7.80343 7.79994 7.80083 7.78023 7.70893 7.71935 7.78041 7.80125 7.80279
7.82068 7.81949 7.81799 7.81969 7.81974 7.81830 7.81870 7.81825 7.81706 7.81700 7.81828 7.81881 7.81748 7.81525 7.81364 7.81387 7.81582 7.81554 7.81411 7.81459 7.81601 7.81716 7.81798 7.81863 7.81854 7.81648 7.81276 7.81109 7.80966 7.81218 7.81517 7.81531 7.81481 7.81287 7.81180 7.80947 7.80651 7.80481 7.80475 7.80579 7.80739 7.80833 7.80391 7.80186 7.80658 7.80950 7.80906 7.80700 7.80356 7.79802 7.79187 7.78443 7.78450 7.79427 7.80222 7.80615 7.80624 7.80456 7.80102 7.78995 7.71788 7.69478 7.70998 7.78585 7.79921 7.79999
7.82025 7.81903 7.81827 7.81943 7.81909 7.81604 7.81497 7.81451 7.81447 7.81483 7.81642 7.81843 7.81878 7.81693 7.81454 7.81239 7.81150 7.81210 7.81275 7.81389 7.81540 7.81668 7.81732 7.81772 7.81800 7.81722 7.81481 7.81219 7.81239 7.81488 7.81514 7.81402 7.81188 7.80993 7.80745 7.80607 7.80410 7.80498 7.80721 7.80884 7.80920 7.80834 7.80473 7.80020 7.80177 7.80587 7.80667 7.80478 7.80134 7.79691 7.79215 7.78543 7.78439 7.79424 7.80243 7.80496 7.80484 7.80159 7.79797 7.77304 7.68756 7.68324 7.72844 7.78935 7.79808 7.79728
7.81785 7.81714 7.81685 7.81907 7.81741 7.81413 7.81130 7.81142 7.81285 7.81297 7.81452 7.81727 7.81871 7.81824 7.81663 7.81425 7.81219 7.81186 7.81312 7.81449 7.81572 7.81668 7.81697 7.81689 7.81665 7.81566 7.81467 7.81451 7.81454 7.81502 7.81400 7.81171 7.80972 7.80697 7.80516 7.80365 7.80343 7.80665 7.80796 7.80726 7.80587 7.80393 7.80256 7.80108 7.80000 7.80181 7.80111 7.79682 7.79153 7.78767 7.78477 7.78327 7.78706 7.79625 7.80233 7.80357 7.80101 7.79865 7.79041 7.73544 7.71382 7.69350 7.77266 7.79709 7.79904 7.79729
7.81371 7.81355 7.81469 7.81785 7.81705 7.81287 7.80815 7.80983 7.81306 7.81107 7.81192 7.81495 7.81646 7.81737 7.81782 7.81699 7.81595 7.81512 7.81529 7.81584 7.81628 7.81654 7.81630 7.81551 7.81387 7.81099 7.80904 7.80987 7.81211 7.81349 7.81270 7.80966 7.80734 7.80519 7.80551 7.80285 7.80387 7.80563 7.80451 7.80386 7.80375 7.80288 7.80142 7.80076 7.80127 7.79949 7.79358 7.78736 7.78376 7.78268 7.78266 7.78447 7.78986 7.79637 7.80036 7.80166 7.79997 7.79866 7.78413 7.75563 7.72574 7.75238 7.79282 7.79941 7.79975 7.79794
7.81120 7.80856 7.80900 7.81493 7.81656 7.81262 7.80739 7.80868 7.81341 7.81088 7.80922 7.81021 7.81099 7.81301 7.81524 7.81665 7.81714 7.81692 7.81652 7.81604 7.81550 7.81507 7.81458 7.81350 7.81043 7.80670 7.80519 7.80486 7.80703 7.81046 7.80980 7.80515 7.80357 7.80541 7.80669 7.80486 7.80385 7.80275 7.80314 7.80470 7.80552 7.80544 7.80421 7.80250 7.79998 7.79348 7.78667 7.78361 7.78276 7.78319 7.78429 7.78680 7.79083 7.79398 7.79766 7.80058 7.79717 7.77523 7.73627 7.76421 7.76735 7.78881 7.79682 7.79787 7.79941 7.79789
7.81302 7.80664 7.80054 7.80836 7.81499 7.81282 7.80757 7.80728 7.81171 7.81174 7.80835 7.80634 7.80640 7.80829 7.81086 7.81366 7.81533 7.81535 7.81453 7.81339 7.81238 7.81192 7.81187 7.81143 7.80840 7.80504 7.80699 7.80506 7.80441 7.80705 7.80522 7.80086 7.80259 7.80501 7.80724 7.80649 7.80402 7.80387 7.80497 7.80453 7.80311 7.80239 7.80140 7.79921 7.79376 7.78585 7.78302 7.78296 7.78379 7.78531 7.78673 7.78798 7.78920 7.79063 7.79214 7.79586 7.78781 7.73520 7.72789 7.71336 7.77662 7.79107 7.79071 7.79258 7.79542 7.79357
7.81372 7.80885 7.79685 7.80115 7.81236 7.81317 7.80754 7.80508 7.80833 7.81125 7.81032 7.80872 7.80751 7.80632 7.80718 7.80985 7.81213 7.81188 7.81050 7.80916 7.80824 7.80802 7.80840 7.80893 7.80839 7.80517 7.80572 7.80696 7.80589 7.80675 7.80413 7.80200 7.80471 7.80323 7.80554 7.80636 7.80558 7.80532 7.80315 7.79833 7.79474 7.79252 7.79107 7.78941 7.78543 7.78103 7.78100 7.78382 7.78652 7.78825 7.78878 7.78806 7.78791 7.78934 7.78753 7.78974 7.79052 7.75554 7.68048 7.68608 7.75576 7.75227 7.75651 7.77345 7.78735 7.78970
7.81160 7.81023 7.80091 7.80143 7.81269 7.81366 7.80737 7.80290 7.80526 7.81045 7.81272 7.81211 7.80989 7.80725 7.80565 7.80585 7.80706 7.80656 7.80567 7.80510 7.80491 7.80489 7.80511 7.80551 7.80587 7.80515 7.80601 7.80740 7.80585 7.80622 7.80467 7.80232 7.80326 7.80386 7.80433 7.80501 7.80528 7.80342 7.79737 7.79115 7.78887 7.78560 7.78262 7.78146 7.78075 7.77847 7.78162 7.78784 7.79047 7.79047 7.78938 7.78837 7.78949 7.79090 7.78590 7.78491 7.78760 7.75872 7.70410 7.72968 7.70824 7.68138 7.68292 7.70706 7.75651 7.77802
7.81187 7.81029 7.80253 7.80518 7.81314 7.81255 7.80617 7.80171 7.80441 7.81039 7.81354 7.81304 7.81141 7.80925 7.80642 7.80368 7.80225 7.80227 7.80273 7.80329 7.80373 7.80365 7.80342 7.80332 7.80313 7.80313 7.80449 7.80512 7.80407 7.80487 7.80446 7.80312 7.80322 7.80198 7.80259 7.80313 7.80322 7.80017 7.79246 7.78730 7.78788 7.78724 7.78532 7.78309 7.78147 7.78319 7.78911 7.79225 7.79314 7.79107 7.78900 7.78895 7.79193 7.79333 7.78570 7.77970 7.77272 7.75235 7.74222 7.67827 7.66248 7.69113 7.69126 7.65653 7.66509 7.71962
7.81273 7.81079 7.80564 7.80863 7.81274 7.81081 7.80437 7.80124 7.80522 7.81078 7.81339 7.81342 7.81269 7.81113 7.80843 7.80524 7.80314 7.80297 7.80379 7.80473 7.80511 7.80471 7.80405 7.80364 7.80344 7.80376 7.80468 7.80382 7.80286 7.80450 7.80359 7.80287 7.80305 7.80279 7.80111 7.80015 7.79984 7.79586 7.78846 7.78526 7.78729 7.78903 7.78980 7.78960 7.78980 7.79239 7.79285 7.79452 7.79438 7.79104 7.78786 7.78776 7.79203 7.79529 7.78605 7.77473 7.75391 7.75751 7.72193 7.67387 7.68795 7.66266 7.67295 7.63675 7.66741 7.72081
7.81306 7.81136 7.80731 7.80924 7.81170 7.80778 7.80169 7.80124 7.80692 7.81131 7.81295 7.81350 7.81341 7.81234 7.81048 7.80868 7.80756 7.80707 7.80728 7.80779 7.80774 7.80705 7.80615 7.80557 7.80551 7.80567 7.80472 7.80206 7.80267 7.80464 7.80214 7.80076 7.80117 7.80170 7.80026 7.79769 7.79608 7.79173 7.78628 7.78509 7.78685 7.78978 7.79278 7.79439 7.79555 7.79651 7.79602 7.79554 7.79434 7.79078 7.78682 7.78510 7.78781 7.79118 7.78487 7.78052 7.77194 7.73997 7.69048 7.65996 7.67677 7.69435 7.73718 7.73655 7.70276 7.71874
7.81091 7.80992 7.80913 7.81021 7.81010 7.80329 7.79958 7.80351 7.80906 7.81125 7.81235 7.81303 7.81318 7.81246 7.81140 7.81080 7.81062 7.81029 7.81001 7.80992 7.80956 7.80886 7.80795 7.80716 7.80669 7.80572 7.80314 7.80119 7.80270 7.80260 7.79933 7.79906 7.80031 7.80051 7.79924 7.79686 7.79427 7.79020 7.78601 7.78534 7.78713 7.79078 7.79365 7.79544 7.79667 7.79719 7.79723 7.79717 7.79588 7.79260 7.78795 7.78374 7.78292 7.78504 7.78260 7.78545 7.78580 7.76466 7.74656 7.69320 7.70000 7.76042 7.77754 7.77561 7.76327 7.76722
7.80782 7.80669 7.80886 7.81040 7.80661 7.79880 7.79900 7.80584 7.80956 7.81150 7.81252 7.81275 7.81248 7.81169 7.81083 7.81078 7.81080 7.81022 7.80956 7.80922 7.80907 7.80892 7.80851 7.80763 7.80662 7.80519 7.80253 7.80051 7.80088 7.79954 7.79731 7.79902 7.79981 7.79975 7.79854 7.79661 7.79387 7.78977 7.78589 7.78546 7.78748 7.79034 7.79244 7.79458 7.79526 7.79453 7.79558 7.79689 7.79650 7.79444 7.79086 7.78696 7.78287 7.78133 7.78364 7.78942 7.78812 7.77530 7.75502 7.75651 7.76328 7.77827 7.77865 7.77339 7.77073 7.77479
7.80525 7.80315 7.80750 7.81029 7.80405 7.79647 7.79909 7.80413 7.80867 7.81177 7.81249 7.81248 7.81209 7.81115 7.80970 7.80923 7.80858 7.80695 7.80574 7.80547 7.80589 7.80663 7.80736 7.80724 7.80621 7.80491 7.80302 7.80058 7.79934 7.79888 7.79863 7.79985 7.80000 7.79887 7.79739 7.79498 7.79238 7.78895 7.78572 7.78519 7.78588 7.79003 7.79135 7.79159 7.79134 7.78996 7.79291 7.79534 7.79460 7.79160 7.78946 7.79100 7.78955 7.78751 7.79003 7.79019 7.78444 7.77911 7.77734 7.77892 7.77905 7.78243 7.78008 7.77520 7.77624 7.77608
7.80288 7.79991 7.80625 7.81028 7.80210 7.79087 7.79712 7.80056 7.80559 7.81046 7.81149 7.81148 7.81132 7.81060 7.80883 7.80746 7.80521 7.80236 7.80107 7.80103 7.80185 7.80323 7.80464 7.80564 7.80553 7.80466 7.80367 7.80246 7.80136 7.80097 7.79998 7.79943 7.79946 7.79815 7.79517 7.79297 7.78883 7.78602 7.78381 7.78352 7.78351 7.78862 7.79084 7.78795 7.78727 7.78806 7.79043 7.79395 7.79219 7.79019 7.78976 7.78980 7.79217 7.79390 7.79438 7.79105 7.78402 7.77940 7.78043 7.78444 7.78414 7.78569 7.78316 7.77728 7.77982 7.78101
7.80100 7.79807 7.80585 7.81098 7.80622 7.79124 7.78836 7.79821 7.80095 7.80652 7.80990 7.81020 7.81004 7.80935 7.80752 7.80494 7.80069 7.79858 7.79909 7.79895 7.79850 7.79904 7.80052 7.80264 7.80394 7.80351 7.80241 7.80202 7.80206 7.80178 7.80003 7.79789 7.79772 7.79741 7.79498 7.78994 7.78782 7.78184 7.78121 7.78178 7.78450 7.78161 7.78718 7.78805 7.78539 7.78773 7.79198 7.79394 7.79269 7.79039 7.79009 7.79242 7.79297 7.79440 7.79494 7.79265 7.78747 7.78088 7.77748 7.78293 7.78533 7.78694 7.78583 7.77817 7.77765 7.78300
7.80038 7.79724 7.80501 7.81052 7.80758 7.79421 7.78482 7.79555 7.79963 7.80211 7.80717 7.80878 7.80841 7.80727 7.80506 7.80043 7.79772 7.79991 7.80176 7.80135 7.79931 7.79698 7.79627 7.79849 7.80104 7.80156 7.80132 7.80190 7.80191 7.80122 7.79987 7.79748 7.79542 7.79470 7.79352 7.79017 7.78600 7.78532 7.78564 7.78343 7.78185 7.78524 7.78839 7.78954 7.78835 7.78853 7.79018 7.79102 7.79348 7.79296 7.79189 7.79323 7.79354 7.79332 7.79361 7.79296 7.79105 7.78692 7.78190 7.78266 7.78618 7.78852 7.78798 7.78067 7.77596 7.78054
7.80155 7.79782 7.80396 7.80971 7.80783 7.79779 7.78513 7.78978 7.80003 7.79968 7.80274 7.80647 7.80636 7.80487 7.80105 7.79689 7.79975 7.80341 7.80424 7.80386 7.80242 7.79959 7.79629 7.79610 7.79873 7.80030 7.80107 7.80143 7.80096 7.80005 7.79888 7.79728 7.79477 7.79199 7.79000 7.78859 7.78706 7.78662 7.78581 7.78638 7.78760 7.78811 7.78857 7.78966 7.79065 7.78803 7.78711 7.78767 7.79103 7.79326 7.79261 7.79258 7.79271 7.79128 7.79048 7.79021 7.78981 7.78889 7.78657 7.78642 7.78828 7.78890 7.78539 7.77926 7.77667 7.77955
7.80384 7.79862 7.80145 7.80802 7.80775 7.80130 7.78916 7.78463 7.79374 7.79858 7.79886 7.80153 7.80318 7.80212 7.79762 7.79768 7.80238 7.80426 7.80461 7.80412 7.80301 7.80114 7.79781 7.79609 7.79814 7.79990 7.80067 7.80038 7.79960 7.79857 7.79730 7.79581 7.79360 7.78971 7.78657 7.78601 7.78623 7.78633 7.78665 7.78888 7.79012 7.78924 7.78844 7.78893 7.78851 7.78697 7.78684 7.78482 7.78833 7.79186 7.79102 7.78994 7.78957 7.78854 7.78758 7.78697 7.78642 7.78603 7.78623 7.78811 7.78888 7.78458 7.77466 7.77511 7.77885 7.77913
7.80413 7.80049 7.79862 7.80424 7.80624 7.80247 7.79447 7.78494 7.78546 7.79434 7.79680 7.79809 7.79890 7.79783 7.79583 7.79884 7.80282 7.80404 7.80415 7.80310 7.80131 7.79843 7.79518 7.79490 7.79733 7.79879 7.79929 7.79887 7.79795 7.79675 7.79530 7.79339 7.79018 7.78557 7.78357 7.78411 7.78506 7.78558 7.78701 7.78908 7.78990 7.78958 7.78822 7.78704 7.78654 7.78726 7.78580 7.78369 7.78816 7.78952 7.78752 7.78615 7.78618 7.78653 7.78673 7.78652 7.78603 7.78555 7.78662 7.78822 7.78632 7.77549 7.77130 7.77507 7.77890 7.77637
7.80495 7.80273 7.80019 7.80251 7.80491 7.80288 7.79892 7.79111 7.78060 7.78280 7.79045 7.79648 7.79689 7.79454 7.79407 7.79857 7.80242 7.80320 7.80250 7.80051 7.79670 7.79272 7.79192 7.79411 7.79624 7.79685 7.79702 7.79697 7.79603 7.79454 7.79248 7.78907 7.78442 7.78106 7.78146 7.78291 7.78375 7.78401 7.78580 7.78724 7.78781 7.78804 7.78738 7.78593 7.78566 7.78724 7.78630 7.78394 7.78552 7.78518 7.78357 7.78335 7.78462 7.78641 7.78772 7.78818 7.78820 7.78777 7.78782 7.78830 7.78599 7.77827 7.77245 7.77512 7.77837 7.77484
