mrvbf_slope0.8_pctl1.1.asc
NCOLS 410
NROWS 410
XLLCORNER 2398750.0000000000000000
YLLCORNER 2548750.0000000000000000
CELLSIZE 250.0000000000000000
NODATA_VALUE -99999.00000
[rows 58 to 86 of 410, columns 66 to 131 of 410]
7.62509 7.60511 7.59839 7.60227 7.60245 7.58564 7.56754 7.56919 7.57594 7.57301 7.58010 7.59215 7.57307 7.56943 7.59393 7.60825 7.61059 7.60820 7.59101 7.57211 7.57422 7.59522 7.62526 7.64109 7.64524 7.63851 7.62591 7.61920 7.62091 7.61344 7.61577 7.63088 7.64091 7.64434 7.64995 7.65190 7.65198 7.64583 7.62515 7.60016 7.59029 7.57900 7.55218 7.52059 7.46714 7.39043 7.45052 7.54767 7.59708 7.61204 7.62153 7.61016 7.60955 7.60242 7.51363 6.90149 6.87927 6.74398 7.41885 7.56096 7.55828 7.50049 7.55897 7.53469 7.59433 7.60384
7.64390 7.61772 7.58727 7.57987 7.59338 7.60365 7.60889 7.61919 7.62000 7.61648 7.61369 7.60847 7.60381 7.60480 7.62019 7.63058 7.62629 7.62213 7.60478 7.58990 7.58273 7.57679 7.59596 7.61437 7.61740 7.60304 7.57928 7.56810 7.60549 7.61878 7.61833 7.63097 7.64657 7.65524 7.65989 7.65781 7.65006 7.63341 7.61129 7.60502 7.62185 7.62440 7.60256 7.57545 7.52275 7.42339 7.40519 7.52699 7.58254 7.61277 7.63177 7.62132 7.60599 7.58781 7.53190 7.34312 6.73933 7.21400 7.45549 7.53184 7.53649 7.56379 7.44677 7.02813 7.46223 7.59524
7.62295 7.59923 7.57078 7.56805 7.59633 7.62468 7.63761 7.63340 7.62350 7.62065 7.62337 7.62187 7.62173 7.62428 7.63024 7.63810 7.63717 7.62597 7.61042 7.61138 7.61087 7.59366 7.59247 7.59574 7.59003 7.57345 7.55089 7.55053 7.57538 7.62671 7.62706 7.63191 7.64752 7.65978 7.66279 7.65796 7.64463 7.62604 7.61115 7.61997 7.64037 7.63470 7.60964 7.57169 7.51996 7.46037 7.44639 7.51159 7.58202 7.61270 7.62442 7.63549 7.62475 7.59511 7.55992 7.43858 7.17239 7.33020 7.50856 7.45218 7.41376 7.39333 6.99570 7.21484 7.03083 7.53335
7.58452 7.55080 7.54552 7.55562 7.58528 7.61789 7.63575 7.63254 7.62748 7.63553 7.64526 7.64638 7.64041 7.62929 7.61545 7.61624 7.61987 7.61687 7.61133 7.61793 7.62759 7.61320 7.60449 7.60038 7.59192 7.58427 7.58329 7.57996 7.58563 7.63342 7.63307 7.63441 7.64669 7.65904 7.66226 7.65506 7.64117 7.62562 7.61419 7.61451 7.61462 7.59698 7.57643 7.55709 7.53439 7.50603 7.48657 7.50270 7.55554 7.58592 7.59680 7.61624 7.62396 7.60236 7.55324 7.35284 7.27924 6.87751 7.33955 7.40212 7.42052 7.34613 7.32150 7.48110 7.36732 7.56367
7.54800 7.50770 7.52731 7.58296 7.59103 7.61426 7.63654 7.63434 7.63947 7.65459 7.66191 7.65749 7.63893 7.61480 7.59120 7.57716 7.57588 7.58722 7.60435 7.61952 7.63241 7.62719 7.62126 7.61877 7.61197 7.61094 7.61956 7.59853 7.60350 7.63926 7.63544 7.63584 7.64619 7.65707 7.65820 7.65140 7.63861 7.62388 7.61038 7.59677 7.57565 7.54917 7.54543 7.56167 7.56797 7.54406 7.51016 7.49217 7.50827 7.54165 7.56651 7.57391 7.59930 7.60093 7.59162 7.46272 6.84140 7.03089 7.03070 7.42961 7.43590 7.43009 6.83492 7.12309 6.98254 7.52621
7.52222 7.54807 7.55451 7.59522 7.60107 7.61581 7.63869 7.63887 7.64807 7.66093 7.66357 7.65199 7.62376 7.59517 7.57902 7.56098 7.54997 7.56217 7.58850 7.61392 7.63095 7.63551 7.63691 7.63849 7.63025 7.62869 7.63286 7.60559 7.60280 7.63315 7.62999 7.63619 7.64640 7.65320 7.65181 7.64614 7.63265 7.61395 7.59471 7.57230 7.54276 7.52405 7.53999 7.57182 7.59664 7.57820 7.53487 7.49232 7.47190 7.48723 7.51448 7.55716 7.58416 7.60492 7.60480 7.57524 7.38467 6.89587 7.32688 7.49410 7.54785 7.43378 6.75932 6.66364 7.37621 7.57096
7.55497 7.57936 7.57928 7.61596 7.60978 7.61606 7.63645 7.63648 7.64083 7.65092 7.65361 7.64196 7.60926 7.58052 7.57435 7.57587 7.57680 7.57124 7.58228 7.60635 7.62568 7.63493 7.64218 7.64828 7.63943 7.63100 7.63249 7.59851 7.58548 7.61379 7.62858 7.63711 7.64652 7.64900 7.64523 7.63481 7.61575 7.59334 7.57098 7.54690 7.52492 7.53312 7.55018 7.56874 7.60421 7.60885 7.57469 7.52312 7.46899 7.44438 7.45113 7.49318 7.55798 7.59337 7.59321 7.59123 7.55775 7.46365 7.50878 7.55108 7.52442 7.00940 7.16094 6.94807 7.50443 7.58603
7.60048 7.59703 7.58979 7.62081 7.61155 7.61242 7.62809 7.62726 7.62025 7.62574 7.63424 7.62789 7.60143 7.58020 7.57768 7.59320 7.61436 7.60052 7.59197 7.60277 7.61797 7.62848 7.63832 7.64783 7.64344 7.62448 7.61124 7.60024 7.57414 7.59197 7.62510 7.63072 7.64100 7.63721 7.63201 7.61355 7.59100 7.57094 7.55483 7.54316 7.54515 7.56752 7.55371 7.56203 7.60736 7.62756 7.61114 7.57517 7.52259 7.46509 7.41619 7.40905 7.48245 7.54597 7.58388 7.58776 7.59133 7.57753 7.55393 7.56189 7.42138 6.69112 6.76792 7.42345 7.57522 7.58992
7.61620 7.60743 7.59875 7.61454 7.61541 7.60462 7.60955 7.60756 7.59972 7.60087 7.61324 7.61977 7.60996 7.59403 7.58388 7.58774 7.60461 7.60397 7.59421 7.59911 7.61242 7.62452 7.63428 7.64378 7.64562 7.62827 7.60364 7.59298 7.58382 7.60162 7.62657 7.62980 7.62790 7.61254 7.60661 7.58961 7.56859 7.55772 7.55908 7.56893 7.58410 7.59510 7.56115 7.54832 7.58717 7.61998 7.62300 7.60613 7.57604 7.53130 7.48328 7.42038 7.42475 7.50743 7.56851 7.60205 7.60418 7.59177 7.56624 7.49063 6.73905 6.60692 6.67793 7.46578 7.56474 7.57210
7.61913 7.60906 7.60451 7.61642 7.61483 7.59184 7.58531 7.58346 7.58475 7.58909 7.60323 7.62284 7.62788 7.61267 7.59540 7.58171 7.57750 7.58287 7.58858 7.59881 7.61307 7.62679 7.63518 7.64224 7.64886 7.64207 7.62272 7.60461 7.60637 7.62808 7.63325 7.62469 7.60783 7.59398 7.57673 7.56829 7.55544 7.56386 7.58353 7.60038 7.60708 7.60209 7.57374 7.54189 7.55521 7.59051 7.60488 7.59165 7.56303 7.52820 7.49111 7.43436 7.42793 7.51196 7.57698 7.59786 7.59866 7.57411 7.54872 7.35893 6.55886 6.54332 6.81987 7.49439 7.56142 7.55626
7.60371 7.59929 7.59812 7.61836 7.60610 7.58221 7.56332 7.56567 7.57750 7.57995 7.59331 7.61896 7.63540 7.63102 7.61793 7.60004 7.58616 7.58526 7.59618 7.60904 7.62213 7.63425 7.63972 7.64151 7.64164 7.63303 7.62572 7.62657 7.62942 7.63870 7.63001 7.61041 7.59590 7.57630 7.56456 7.55516 7.55547 7.58260 7.59668 7.59450 7.58632 7.57299 7.56397 7.55444 7.54714 7.56221 7.56062 7.52817 7.48677 7.45567 7.43124 7.41929 7.45672 7.53343 7.58303 7.59197 7.57480 7.55748 7.50067 6.91526 6.71629 6.57877 7.35848 7.55782 7.57517 7.56143
7.57600 7.57647 7.58640 7.61345 7.60833 7.57754 7.54565 7.55876 7.58371 7.57081 7.57844 7.60475 7.62000 7.62969 7.63641 7.62988 7.62197 7.61645 7.62010 7.62788 7.63540 7.64168 7.64164 7.63484 7.62021 7.59804 7.58550 7.59318 7.61339 7.63212 7.62659 7.59922 7.58253 7.56791 7.57240 7.55445 7.56442 7.58092 7.57576 7.57402 7.57562 7.57124 7.56224 7.55734 7.56187 7.55101 7.50504 7.45372 7.42257 7.41530 7.41796 7.43782 7.48740 7.54070 7.57132 7.58196 7.57078 7.56189 7.46104 7.19442 6.84140 7.14457 7.52730 7.58363 7.58656 7.57177
7.56240 7.54520 7.54993 7.59465 7.60965 7.58030 7.54448 7.55492 7.59169 7.57390 7.56348 7.57228 7.57966 7.59687 7.61767 7.63444 7.64374 7.64371 7.64133 7.63844 7.63528 7.63382 7.63152 7.62242 7.59662 7.57086 7.56215 7.56142 7.57806 7.60820 7.60488 7.56914 7.55921 7.57499 7.58789 7.57553 7.57067 7.56555 7.57139 7.58681 7.59729 7.59941 7.59047 7.57840 7.56114 7.50826 7.45097 7.42527 7.42114 7.42941 7.44274 7.46742 7.50232 7.52625 7.55493 7.57959 7.55378 7.38904 6.92886 7.30171 7.34172 7.50363 7.56310 7.57465 7.58985 7.57701
7.58020 7.53642 7.49646 7.55237 7.60215 7.58662 7.55001 7.54944 7.58375 7.58516 7.56187 7.54910 7.55103 7.56621 7.58712 7.61256 7.63326 7.63591 7.62805 7.61866 7.61157 7.60991 7.61239 7.61072 7.58600 7.56310 7.57888 7.56663 7.56369 7.58505 7.57287 7.54323 7.55707 7.57765 7.59980 7.59627 7.57871 7.58002 7.59241 7.59161 7.58144 7.57922 7.57635 7.56163 7.51563 7.44647 7.42234 7.42652 7.43912 7.45750 7.47251 7.48339 7.49241 7.50364 7.51669 7.54761 7.48807 6.88649 6.81535 6.69631 7.41242 7.52189 7.52147 7.53872 7.56370 7.54833
7.59045 7.55631 7.47527 7.50896 7.58737 7.59446 7.55428 7.53841 7.56329 7.58678 7.58096 7.57081 7.56387 7.55681 7.56475 7.58706 7.60969 7.60909 7.59812 7.58881 7.58333 7.58356 7.58877 7.59538 7.59224 7.56836 7.57426 7.58583 7.57935 7.58843 7.56987 7.55607 7.57867 7.56999 7.59190 7.60326 7.59927 7.60112 7.58329 7.54414 7.51712 7.50106 7.49166 7.48055 7.44622 7.40394 7.40728 7.44090 7.47096 7.48942 7.49427 7.48633 7.48465 7.49787 7.48532 7.50525 7.51410 7.14587 6.49277 6.52266 7.17401 7.11564 7.16677 7.37698 7.50549 7.52477
7.58066 7.57082 7.50839 7.51505 7.59444 7.60427 7.55791 7.52747 7.54590 7.58593 7.60630 7.60332 7.58722 7.56872 7.55857 7.56173 7.57290 7.57079 7.56577 7.56323 7.56362 7.56515 7.56840 7.57307 7.57737 7.57316 7.58178 7.59569 7.58464 7.59001 7.57953 7.56360 7.57310 7.58082 7.58808 7.59802 7.60726 7.59300 7.53996 7.49053 7.47308 7.44541 7.41830 7.40892 7.40422 7.38133 7.41892 7.48410 7.51118 7.51149 7.50084 7.49159 7.50194 7.51509 7.47724 7.47123 7.49765 7.18358 6.58901 6.81349 6.63940 6.50035 6.49542 6.60739 7.17234 7.43151
7.58740 7.57617 7.52431 7.54435 7.60315 7.60080 7.55409 7.52375 7.54469 7.59109 7.62059 7.61701 7.60489 7.58926 7.56920 7.55077 7.54214 7.54398 7.54909 7.55500 7.56007 7.56103 7.56075 7.56134 7.56135 7.56295 7.57521 7.58220 7.57605 7.58478 7.58377 7.57522 7.57868 7.57125 7.57920 7.58781 7.59668 7.57080 7.50538 7.46253 7.47155 7.46890 7.45277 7.43246 7.41766 7.43757 7.49636 7.52759 7.53770 7.51832 7.50032 7.50077 7.52674 7.53955 7.48112 7.43069 7.36222 7.08990 6.94781 6.47339 6.43237 6.56348 6.54658 6.38801 6.41628 6.70829
7.59838 7.58478 7.54996 7.57255 7.60554 7.59238 7.54606 7.52524 7.55556 7.60015 7.62514 7.62656 7.62222 7.61043 7.58956 7.56701 7.55343 7.55397 7.56182 7.57095 7.57578 7.57427 7.57061 7.56886 7.56881 7.57296 7.58228 7.57740 7.57208 7.58781 7.58265 7.57928 7.58413 7.58526 7.57300 7.56782 7.57062 7.53906 7.47680 7.45003 7.47337 7.49319 7.50241 7.50117 7.50357 7.52854 7.53279 7.55023 7.55103 7.52133 7.49528 7.49653 7.53332 7.56070 7.48957 7.38903 7.12041 7.17380 6.70710 6.44666 6.51833 6.41694 6.45043 6.28547 6.42170 6.72287
7.60723 7.59471 7.56632 7.58220 7.60263 7.57417 7.53184 7.53024 7.57331 7.61054 7.62665 7.63460 7.63661 7.62789 7.61218 7.59889 7.59190 7.59000 7.59384 7.60058 7.60258 7.59861 7.59279 7.58991 7.59152 7.59537 7.58877 7.56903 7.57604 7.59629 7.57658 7.56759 7.57419 7.58324 7.57310 7.55319 7.54325 7.50923 7.46325 7.45525 7.47533 7.50539 7.53612 7.55314 7.56501 7.57441 7.56635 7.56250 7.55328 7.52353 7.49185 7.47993 7.50495 7.53329 7.48568 7.45028 7.36872 6.92683 6.50854 6.37559 6.44745 6.52312 6.88227 6.87585 6.56892 6.69205
7.59539 7.58891 7.58439 7.59481 7.59528 7.54672 7.52196 7.55171 7.59598 7.61529 7.62720 7.63767 7.64237 7.63621 7.62715 7.62381 7.62497 7.62429 7.62416 7.62632 7.62561 7.62112 7.61481 7.61022 7.60922 7.60238 7.58116 7.56767 7.58227 7.58426 7.55948 7.55958 7.57350 7.57972 7.57144 7.55309 7.53425 7.50226 7.46723 7.46412 7.48358 7.51968 7.54827 7.56715 7.58098 7.58490 7.58412 7.58496 7.57335 7.54432 7.50672 7.47387 7.46995 7.48994 7.47329 7.49742 7.50165 7.29789 7.03275 6.51655 6.54596 7.23798 7.45432 7.43512 7.28616 7.34007
7.57675 7.56983 7.58777 7.60222 7.57442 7.52063 7.52311 7.57433 7.60552 7.62415 7.63719 7.64342 7.64297 7.63603 7.62935 7.63118 7.63427 7.63071 7.62646 7.62572 7.62719 7.62888 7.62789 7.62166 7.61474 7.60366 7.58202 7.56798 7.57329 7.56485 7.54932 7.56542 7.57614 7.58013 7.57252 7.55841 7.53788 7.50496 7.47230 7.47105 7.49222 7.51976 7.53924 7.56049 7.56729 7.56104 7.57232 7.58708 7.58511 7.56601 7.53609 7.50604 7.47496 7.46508 7.48720 7.53442 7.52701 7.42391 7.17937 7.19061 7.28459 7.46028 7.46721 7.41430 7.38663 7.43226
7.56308 7.54985 7.58313 7.60762 7.56167 7.50962 7.52906 7.56655 7.60316 7.63557 7.64820 7.65107 7.64812 7.63828 7.62513 7.62285 7.61934 7.60672 7.59841 7.59812 7.60384 7.61301 7.62388 7.62603 7.61793 7.60789 7.59275 7.57449 7.56715 7.56574 7.56587 7.58017 7.58636 7.57902 7.56859 7.54997 7.53075 7.50358 7.47660 7.47407 7.48200 7.52192 7.53419 7.53752 7.53770 7.52956 7.55544 7.57787 7.57163 7.54679 7.53070 7.54438 7.53435 7.52008 7.54205 7.54599 7.50825 7.46689 7.44835 7.46106 7.46411 7.49727 7.47867 7.43517 7.44779 7.44863
7.55136 7.53250 7.57934 7.61350 7.55323 7.47508 7.52063 7.54676 7.58488 7.62861 7.64632 7.65027 7.65028 7.64221 7.62439 7.61424 7.59703 7.57642 7.56829 7.56932 7.57705 7.58991 7.60461 7.61747 7.61942 7.61350 7.60681 7.59813 7.59108 7.59107 7.58523 7.58392 7.58953 7.58008 7.55468 7.53836 7.50453 7.48209 7.46388 7.46338 7.46520 7.51435 7.53547 7.51313 7.51134 7.52037 7.54127 7.57194 7.55859 7.54348 7.54061 7.54163 7.56180 7.57980 7.58740 7.55815 7.50696 7.47434 7.48320 7.51402 7.51276 7.52679 7.50826 7.46031 7.48448 7.49732
7.54334 7.52497 7.58186 7.62795 7.58850 7.48269 7.46271 7.53577 7.55846 7.60084 7.63416 7.64473 7.64561 7.63811 7.62023 7.59949 7.56821 7.55432 7.55917 7.55937 7.55713 7.56240 7.57540 7.59543 7.61105 7.60981 7.60233 7.60233 7.60774 7.61068 7.59471 7.57691 7.57952 7.58221 7.56121 7.51783 7.50192 7.44835 7.44448 7.45252 7.48065 7.45658 7.50905 7.51976 7.50241 7.52267 7.55834 7.57773 7.56911 7.55255 7.55108 7.57018 7.57604 7.59096 7.60090 7.57877 7.53700 7.48883 7.46594 7.50994 7.52954 7.54293 7.53582 7.47455 7.47197 7.51908
7.54429 7.52449 7.58127 7.63238 7.60772 7.50916 7.44004 7.52233 7.55392 7.57605 7.61426 7.63595 7.63597 7.62433 7.60523 7.57028 7.55208 7.56931 7.58577 7.58391 7.56855 7.55197 7.54791 7.56645 7.59006 7.59822 7.60015 7.61142 7.61972 7.61857 7.60500 7.58145 7.56493 7.56240 7.55601 7.52747 7.49178 7.48839 7.49415 7.47478 7.46200 7.49544 7.52545 7.53775 7.53069 7.53374 7.54833 7.55737 7.58149 7.57886 7.57122 7.58397 7.58830 7.58775 7.59318 7.58953 7.57327 7.54016 7.50389 7.51205 7.54073 7.56279 7.56250 7.50094 7.46326 7.50419
7.55794 7.53386 7.57921 7.63184 7.61777 7.54005 7.44801 7.48625 7.56093 7.56380 7.58699 7.61770 7.62169 7.60945 7.57882 7.54989 7.57188 7.60577 7.61792 7.61583 7.60229 7.57801 7.55305 7.55328 7.57653 7.59399 7.60697 7.61940 7.62256 7.61713 7.60778 7.59213 7.56804 7.54471 7.52998 7.52076 7.50958 7.50826 7.50218 7.50923 7.52229 7.52804 7.53330 7.54478 7.55548 7.53488 7.52866 7.53484 7.56462 7.58761 7.58238 7.58382 7.58759 7.57531 7.57004 7.56980 7.56845 7.56258 7.54559 7.54631 7.56455 7.57539 7.54496 7.49494 7.47499 7.50166
7.58030 7.54483 7.56679 7.62168 7.62395 7.57141 7.48482 7.45205 7.52195 7.55872 7.56500 7.58315 7.59823 7.59240 7.55845 7.56014 7.60052 7.62453 7.63161 7.62899 7.61942 7.60046 7.57087 7.55864 7.57818 7.59896 7.61513 7.62078 7.61758 7.61060 7.60227 7.59093 7.56883 7.53198 7.50560 7.50411 7.50982 7.51316 7.51760 7.54234 7.55743 7.54620 7.53866 7.54436 7.54237 7.53159 7.53159 7.51696 7.54681 7.58115 7.57435 7.56604 7.56494 7.55763 7.55127 7.54816 7.54608 7.54557 7.54922 7.56698 7.57823 7.54099 7.46144 7.46585 7.49962 7.50428
7.58841 7.56311 7.55246 7.59546 7.61458 7.58560 7.52861 7.45997 7.46677 7.53308 7.55290 7.56304 7.56978 7.56349 7.54994 7.57415 7.61323 7.63083 7.63475 7.62584 7.60791 7.58103 7.55509 7.55477 7.57832 7.59707 7.61013 7.61351 7.60912 7.60148 7.59121 7.57403 7.54268 7.50072 7.48483 7.49398 7.50676 7.51379 7.52990 7.55522 7.56548 7.55881 7.54360 7.53338 7.53090 7.53915 7.52850 7.51271 7.55101 7.56592 7.54923 7.53934 7.54166 7.54674 7.55045 7.55059 7.54872 7.54749 7.55865 7.57512 7.55997 7.47498 7.44002 7.47202 7.50611 7.48684
7.60141 7.58519 7.56789 7.58742 7.60949 7.59428 7.56584 7.51113 7.43377 7.45438 7.51219 7.55543 7.55976 7.54371 7.54135 7.57705 7.61623 7.63075 7.62514 7.60459 7.57019 7.53921 7.53457 7.55442 7.57617 7.58596 7.59260 7.59968 7.59666 7.58591 7.56806 7.53611 7.49417 7.46442 7.47208 7.49084 7.50231 7.50616 7.52636 7.54308 7.54866 7.55054 7.54297 7.52960 7.52889 7.54462 7.53792 7.51960 7.53428 7.53328 7.52164 7.52182 7.53460 7.55220 7.56620 7.57253 7.57484 7.57309 7.57625 7.58369 7.56386 7.50348 7.45760 7.47916 7.50758 7.47987
