mrvbf_slope0.5_pctl0.9.asc
NCOLS 410
NROWS 410
XLLCORNER 2398750.0000000000000000
YLLCORNER 2548750.0000000000000000
CELLSIZE 250.0000000000000000
NODATA_VALUE -99999.00000
[rows 348 to 376 of 410, columns 330 to 395 of 410]
1.07653 0.50070 0.47174 0.56835 0.71464 0.74900 0.87468 0.91659 0.78961 0.84279 2.06420 2.73613 2.91022 3.02983 2.98481 2.81119 2.38500 1.41735 0.90952 0.63735 1.47321 3.16066 3.29003 3.20327 3.18710 3.19961 3.16538 3.12549 3.18747 3.34826 3.49974 3.59902 3.67506 3.75638 3.90986 4.17071 4.36567 4.41917 4.44044 4.47528 4.51681 4.55458 4.57816 4.58650 4.59248 4.60711 4.63313 4.65901 4.67583 4.67873 4.67436 4.66877 4.65947 4.64506 4.59057 4.48553 4.27906 3.99450 3.75555 3.58188 3.65980 3.88258 3.46924 2.56805 2.07655 1.77166
1.14317 0.64264 0.56090 0.54023 0.60154 0.65027 0.67728 0.73788 0.84577 1.52677 2.59887 2.87064 2.96772 3.15376 3.16910 2.88244 2.55024 1.34469 0.67914 0.55394 1.49841 3.14482 3.27165 3.11762 3.03046 3.00368 3.00276 3.06361 3.22056 3.39955 3.53177 3.61901 3.69046 3.77521 3.94071 4.19874 4.38919 4.44583 4.46267 4.48810 4.52229 4.55869 4.58984 4.60436 4.60725 4.61120 4.62388 4.64507 4.66546 4.67534 4.67207 4.66965 4.66165 4.64649 4.60331 4.52776 4.40625 4.21132 3.97142 3.75616 3.63309 3.39528 2.78683 2.33451 1.97444 1.75451
1.15857 1.04035 0.83680 0.74317 0.67933 0.65362 0.65198 0.78575 1.29321 2.40393 2.81049 2.93901 3.08653 3.29157 3.28964 2.96424 2.67620 1.55114 0.65511 0.47598 1.41764 3.02477 3.11720 2.87345 2.76981 2.79792 2.91629 3.09904 3.30226 3.46516 3.57161 3.64681 3.71573 3.81369 4.01008 4.25587 4.40856 4.46086 4.48085 4.50093 4.52829 4.55931 4.59045 4.61475 4.62335 4.62408 4.62474 4.63354 4.65086 4.66678 4.66917 4.66939 4.66363 4.64767 4.61459 4.56560 4.49657 4.39016 4.25554 4.05516 3.55479 2.92603 2.52284 2.22126 1.94892 1.78215
0.77313 0.87452 1.03688 0.92796 0.72855 0.69731 0.75314 0.97134 1.72073 2.67770 2.89952 3.00258 3.21468 3.40182 3.38781 3.21806 2.80584 2.13183 0.70489 0.42636 1.08400 2.78461 2.84296 2.58146 2.55306 2.72221 3.00226 3.26500 3.44342 3.55558 3.63016 3.69432 3.77138 3.91404 4.13684 4.31869 4.41829 4.46595 4.49423 4.51600 4.53804 4.56224 4.58756 4.61177 4.63001 4.63801 4.63614 4.63314 4.63900 4.65432 4.66487 4.66724 4.66303 4.64950 4.62412 4.58985 4.54058 4.47092 4.34200 3.97778 3.25334 2.70586 2.41333 2.16443 1.96041 1.83884
0.59261 0.76776 0.58903 0.52368 0.56662 0.66439 0.84721 1.09943 2.18172 2.76293 2.92552 3.07617 3.33688 3.47941 3.46771 3.43916 2.96436 2.49891 0.91392 0.43655 0.66270 2.26049 2.62279 2.44899 2.49422 2.83631 3.24240 3.47749 3.59033 3.65803 3.71218 3.77536 3.87562 4.02849 4.16468 4.26985 4.35614 4.42667 4.47937 4.51636 4.54683 4.56935 4.58804 4.60640 4.62378 4.63774 4.64432 4.64134 4.63663 4.64557 4.66107 4.66439 4.65739 4.64547 4.62390 4.58759 4.52140 4.39643 4.14464 3.63010 2.99231 2.60088 2.35339 2.14030 1.98744 1.90864
0.55338 0.65212 0.53700 0.46779 0.53336 0.71414 0.99577 1.29484 2.43411 2.80901 2.94075 3.14778 3.34975 3.49154 3.53073 3.51714 3.36634 2.76155 1.85585 0.59351 0.46016 1.53813 2.33057 2.30286 2.58627 3.13166 3.48495 3.62717 3.69253 3.73543 3.76708 3.78990 3.82541 3.88371 3.96850 4.08363 4.21164 4.32808 4.41825 4.48597 4.53786 4.57131 4.59092 4.60544 4.61953 4.63173 4.63910 4.64072 4.63784 4.64597 4.66109 4.65967 4.64876 4.63548 4.60417 4.54291 4.42979 4.22077 3.86498 3.34475 2.84096 2.53032 2.30910 2.12585 2.01201 1.95970
0.58214 0.72434 0.68495 0.59060 0.66668 1.01397 1.18415 1.63944 2.57010 2.85944 2.97999 3.13659 3.26952 3.42964 3.54305 3.57340 3.56477 3.20370 2.46844 1.02979 0.52412 1.33534 1.81171 2.25178 2.96686 3.40708 3.58533 3.64445 3.66269 3.67229 3.68316 3.69972 3.72389 3.76022 3.81760 3.91216 4.04882 4.20462 4.33778 4.43649 4.50783 4.55896 4.58884 4.60690 4.62099 4.63135 4.63720 4.63986 4.64405 4.65661 4.66389 4.65240 4.63933 4.61576 4.56107 4.46246 4.29113 4.01927 3.63925 3.16603 2.74586 2.47171 2.26737 2.10596 2.00483 1.94479
0.59065 0.74774 0.84738 0.84037 1.04653 1.28911 1.48109 2.11012 2.64863 2.86074 2.92992 2.93148 2.98634 3.20373 3.47874 3.59436 3.61970 3.54092 2.98813 1.90003 0.76776 0.67633 1.36760 2.86624 3.35429 3.43918 3.47107 3.50903 3.54006 3.56906 3.60185 3.63657 3.67050 3.70733 3.75291 3.82267 3.93587 4.09515 4.25698 4.38339 4.47117 4.53295 4.57553 4.60407 4.62467 4.63927 4.64786 4.65232 4.65920 4.66825 4.66036 4.64369 4.62802 4.58320 4.49705 4.35750 4.14663 3.85995 3.49194 3.06346 2.68927 2.43120 2.23773 2.08592 1.96690 1.86173
0.68759 0.80896 0.92279 1.09821 1.29420 1.47974 1.78861 2.36637 2.64298 2.75949 2.79846 2.74878 2.79989 2.88772 3.22325 3.54818 3.65413 3.66409 3.55257 2.62587 1.61489 0.49953 0.93548 2.61622 2.98511 3.01066 3.12619 3.27963 3.39119 3.47255 3.53558 3.59001 3.63551 3.67715 3.71977 3.77529 3.86365 4.00550 4.17851 4.32935 4.43593 4.50859 4.55981 4.59695 4.62722 4.65136 4.66539 4.67036 4.67429 4.67238 4.65301 4.63444 4.60866 4.54196 4.42349 4.24850 4.02513 3.75051 3.41149 3.02422 2.67559 2.42460 2.23986 2.08823 1.94118 1.79213
0.93555 0.85968 0.94463 1.22788 1.46720 1.70626 2.08886 2.37116 2.47734 2.52761 2.51054 2.17656 2.33461 2.63700 2.84469 3.38367 3.63735 3.70724 3.70270 3.24375 1.81936 0.55211 0.62512 1.32707 2.01540 2.49463 2.85265 3.13150 3.30767 3.42375 3.50272 3.56514 3.61568 3.66010 3.70206 3.75010 3.82065 3.93916 4.10748 4.27598 4.40253 4.48799 4.54746 4.59013 4.62537 4.65521 4.67430 4.68288 4.68191 4.66706 4.64430 4.62436 4.58492 4.49158 4.33558 4.13748 3.92072 3.67771 3.38427 3.04227 2.71334 2.46669 2.28866 2.13606 1.97047 1.78464
0.93552 0.85034 0.97394 1.32401 1.65961 2.10393 2.34246 2.29863 2.18954 2.15090 1.79006 1.07709 1.03913 1.67825 2.57786 2.94146 3.57696 3.74316 3.73878 3.52944 2.14093 0.92603 0.47796 1.52794 2.66915 2.88331 3.04259 3.21614 3.34802 3.44224 3.51044 3.56598 3.61291 3.65512 3.69520 3.73844 3.79747 3.89583 4.05042 4.22746 4.37256 4.47148 4.53979 4.58734 4.62244 4.65207 4.67378 4.68189 4.67589 4.65781 4.63388 4.61192 4.55859 4.43346 4.23142 4.02556 3.83735 3.64669 3.41892 3.13275 2.82396 2.57589 2.39810 2.25203 2.10276 1.92551
0.80790 0.83008 0.99552 1.38566 1.90940 2.44618 2.51596 2.34736 2.03937 1.87094 1.54512 0.93905 1.09293 0.69113 1.65455 2.69534 3.46997 3.74166 3.76262 3.67722 3.15050 1.72435 0.63181 1.86923 3.43329 3.47573 3.41968 3.41034 3.44886 3.49745 3.54316 3.58488 3.62349 3.65999 3.69623 3.73508 3.78601 3.86853 4.00622 4.18347 4.34475 4.45791 4.53578 4.58932 4.62291 4.64739 4.66850 4.67358 4.66672 4.64654 4.62123 4.59368 4.52337 4.35899 4.10804 3.91412 3.77886 3.66981 3.53539 3.31354 3.01436 2.74483 2.55802 2.44038 2.33708 2.16800
0.75358 0.84017 1.10611 1.55360 2.18454 2.55350 2.55919 2.35037 1.87252 1.45696 1.46016 1.29408 1.00518 0.50210 0.69912 2.42461 3.28663 3.72706 3.77795 3.68541 3.17762 1.70131 0.68783 2.22159 3.54283 3.63294 3.59390 3.54998 3.54248 3.55886 3.58489 3.61305 3.64269 3.67272 3.70420 3.73865 3.78355 3.85471 3.97679 4.14801 4.32029 4.44613 4.53174 4.59028 4.62698 4.64492 4.65623 4.65660 4.64106 4.62061 4.59593 4.56131 4.47222 4.25329 3.97011 3.81753 3.76512 3.78035 3.76336 3.57109 3.22524 2.89213 2.69392 2.63946 2.60824 2.42854
0.77263 0.90238 1.23645 1.71923 2.32911 2.61355 2.57709 2.24308 1.80390 1.45141 1.37501 1.44588 1.12714 0.62542 0.62039 1.86524 2.88259 3.64904 3.76917 3.59009 2.44240 0.72627 0.54660 2.68857 3.45472 3.58932 3.61811 3.60519 3.59712 3.60380 3.62004 3.64025 3.66364 3.68863 3.71599 3.74666 3.78704 3.85030 3.95978 4.12200 4.30051 4.43715 4.52603 4.57969 4.61641 4.63870 4.64101 4.63185 4.60503 4.57240 4.53464 4.48001 4.35615 4.07446 3.83838 3.77604 3.85672 4.03307 4.06926 3.79764 3.33178 2.91117 2.70306 2.73266 2.81996 2.65513
0.82784 1.00107 1.33548 1.88501 2.41025 2.64210 2.56613 2.21989 2.00351 2.06031 1.72864 1.95227 2.01109 0.98107 0.60368 1.00204 2.49491 3.46798 3.72190 3.54614 2.34882 0.55728 0.57732 1.59428 3.07485 3.47970 3.58223 3.61090 3.62005 3.63077 3.64555 3.66339 3.68379 3.70580 3.73030 3.75834 3.79593 3.85511 3.95766 4.11265 4.29215 4.43470 4.52318 4.57024 4.60008 4.61658 4.61611 4.60133 4.56710 4.51140 4.43382 4.31169 4.10785 3.88163 3.79457 3.86679 4.10913 4.29979 4.18871 3.82215 3.30681 2.84619 2.62092 2.64948 2.77961 2.76600
0.98658 1.29774 1.65664 2.10669 2.47374 2.64086 2.50190 2.26734 2.39362 2.25697 2.09982 2.73351 3.07221 1.95243 0.56406 0.65331 2.04063 3.07211 3.64650 3.63639 3.03903 1.31550 1.02253 1.56465 2.92881 3.44372 3.56789 3.61116 3.63044 3.64682 3.66385 3.68247 3.70227 3.72320 3.74618 3.77292 3.80960 3.86872 3.97138 4.12495 4.29952 4.43727 4.52541 4.57464 4.60199 4.61070 4.59911 4.56630 4.51763 4.44482 4.32701 4.14443 3.94697 3.84832 3.89883 4.11073 4.34252 4.30936 4.07901 3.75451 3.31083 2.86624 2.62270 2.59320 2.69500 2.81762
1.28768 1.59325 1.95189 2.31934 2.52664 2.61652 2.46024 2.22472 2.35855 2.19631 1.43052 1.79873 2.60347 2.03102 0.52850 0.62658 1.81869 2.95326 3.60584 3.69383 3.56077 3.06552 2.22882 2.47553 3.32869 3.52658 3.58880 3.61913 3.63863 3.65786 3.67761 3.69809 3.71872 3.73997 3.76268 3.78947 3.82740 3.89076 4.00013 4.15573 4.31957 4.44575 4.53483 4.59329 4.62280 4.62622 4.60478 4.55022 4.47174 4.37734 4.24777 4.08699 3.96823 3.97652 4.12812 4.32282 4.37834 4.20638 3.99238 3.85084 3.50139 3.03207 2.76268 2.68757 2.74098 2.84887
1.55657 1.87133 2.27644 2.39493 2.37685 2.40109 2.34135 2.10901 2.20534 1.98028 1.53483 1.17279 1.16244 1.31427 0.64722 0.83448 2.09814 2.95391 3.56069 3.67465 3.62413 3.42979 3.04286 3.11221 3.51372 3.59805 3.61889 3.63415 3.65093 3.67096 3.69212 3.71408 3.73559 3.75739 3.78037 3.80830 3.84991 3.92223 4.04332 4.20060 4.35016 4.46367 4.55043 4.61431 4.64573 4.64442 4.61835 4.55348 4.44703 4.31781 4.18790 4.08263 4.06801 4.18115 4.33780 4.40357 4.26607 4.04137 4.05015 4.17179 3.96289 3.40694 3.02925 2.91328 2.90489 2.88595
1.60956 2.07953 2.24100 2.02910 1.50260 1.73488 1.92362 1.86879 2.04527 1.72134 1.88651 1.60703 0.96042 0.81026 0.78799 1.41979 2.45899 3.09415 3.51444 3.60530 3.58168 3.47814 3.39964 3.47522 3.59562 3.63277 3.64093 3.65137 3.66712 3.68719 3.70865 3.73105 3.75295 3.77510 3.79863 3.82875 3.87661 3.96224 4.09745 4.25394 4.38804 4.48850 4.56745 4.62669 4.65424 4.65142 4.62043 4.55289 4.44006 4.30440 4.18586 4.10729 4.12081 4.22143 4.30060 4.28705 4.10253 3.97847 4.19550 4.39877 4.27989 3.74149 3.29907 3.20265 3.18054 3.01259
1.66187 2.22346 2.22351 1.18016 0.46951 0.59982 1.00386 1.28867 1.49454 1.67819 1.90685 1.91652 1.52186 0.90793 1.20650 2.20133 2.77667 3.36059 3.47250 3.50085 3.52723 3.54582 3.56289 3.60645 3.64250 3.65579 3.66278 3.67378 3.68941 3.70875 3.72943 3.75106 3.77231 3.79418 3.81849 3.85247 3.91041 4.01366 4.16133 4.31160 4.42959 4.51741 4.58588 4.62870 4.63860 4.63312 4.60552 4.53956 4.44677 4.34902 4.25168 4.15137 4.07879 4.05527 4.04949 4.01677 3.96069 4.04523 4.29063 4.34462 4.01164 3.47483 3.23631 3.30361 3.46023 3.34781
1.79585 2.36069 2.21634 0.68757 0.45313 0.40840 0.53645 0.59477 0.94500 1.55861 1.72508 1.85012 1.88122 1.65045 2.11909 2.65062 3.24057 3.49832 3.35657 3.30528 3.43223 3.61068 3.65379 3.66609 3.67679 3.68419 3.69230 3.70394 3.71850 3.73561 3.75389 3.77329 3.79297 3.81432 3.84033 3.88096 3.95358 4.07535 4.22662 4.36331 4.46580 4.54276 4.59663 4.61609 4.61461 4.60741 4.58801 4.54220 4.48056 4.41277 4.32986 4.21064 4.07196 3.96408 3.90548 3.86765 3.89665 4.09580 4.21750 3.91223 3.45111 3.12313 3.05629 3.19558 3.49670 3.69518
1.70887 2.45514 2.55369 1.86440 0.96143 0.42753 0.37352 0.43884 0.52506 0.89432 1.49679 1.64858 1.79513 2.16868 2.60629 3.17463 3.47134 3.39881 3.09511 2.96005 3.09027 3.54293 3.70685 3.74056 3.73424 3.72792 3.72950 3.73756 3.74950 3.76373 3.77918 3.79613 3.81433 3.83593 3.86588 3.91786 4.00969 4.14517 4.28741 4.40326 4.48775 4.54895 4.58475 4.59902 4.60269 4.60137 4.59373 4.56920 4.52517 4.47183 4.40258 4.29902 4.16519 4.03657 3.95469 3.90450 3.90756 3.96489 3.82089 3.50325 3.22772 3.05850 3.06044 3.20692 3.42209 3.47881
1.68861 2.47068 2.68788 2.54249 1.82959 0.97622 0.46362 0.37103 0.40565 0.55038 0.87347 1.45732 1.61514 2.03841 2.74955 3.44206 3.56502 3.31115 2.84994 2.86242 2.63236 3.26637 3.66016 3.77991 3.79537 3.78397 3.77660 3.77648 3.78273 3.79241 3.80459 3.81913 3.83643 3.86003 3.89792 3.96695 4.07829 4.21590 4.33833 4.42995 4.49423 4.53871 4.56615 4.58422 4.60237 4.61564 4.61578 4.60122 4.56440 4.52166 4.47178 4.40855 4.34041 4.26613 4.19363 4.12991 4.00994 3.76460 3.52916 3.36471 3.25244 3.21096 3.34080 3.57349 3.51075 3.25617
1.57567 2.40667 2.70170 2.77099 2.47385 1.86023 1.04316 0.41518 0.32423 0.43719 0.60174 1.06509 1.37808 1.63872 2.48540 3.38295 3.64129 3.52839 2.91042 2.38529 2.62028 2.85631 3.59609 3.75876 3.81553 3.83344 3.82983 3.82369 3.82052 3.82193 3.82929 3.84149 3.85931 3.88806 3.93903 4.02847 4.15249 4.27970 4.37881 4.44815 4.49470 4.52666 4.54919 4.56785 4.58760 4.60755 4.61929 4.61573 4.59410 4.56576 4.53662 4.51040 4.49148 4.46829 4.43014 4.36670 4.11761 3.68590 3.42858 3.31092 3.29904 3.37237 3.62693 3.79245 3.37299 3.10602
1.46329 2.35412 2.70638 2.79437 2.73265 2.35770 1.86767 0.93711 0.39325 0.39312 0.52349 0.66551 1.01847 1.38590 2.07075 3.02266 3.59870 3.55027 2.91735 2.26738 2.70045 2.82961 3.58542 3.74068 3.80714 3.85979 3.88233 3.88136 3.87089 3.86249 3.85983 3.86664 3.88548 3.92216 3.98847 4.09366 4.21869 4.32977 4.41006 4.46345 4.49753 4.52000 4.53700 4.55275 4.57019 4.59003 4.60846 4.61883 4.61610 4.60433 4.59265 4.58128 4.57295 4.56209 4.54178 4.46241 4.15558 3.69069 3.42721 3.29363 3.29363 3.35434 3.40054 3.28306 3.06705 3.03794
1.50719 2.34621 2.71783 2.82404 2.78639 2.70385 2.19939 1.83761 0.85551 0.41774 0.44670 0.58040 0.70253 1.09196 1.63631 2.63362 3.44471 3.25178 2.55953 2.45558 2.74565 3.13534 3.60752 3.73019 3.78267 3.83385 3.87508 3.92374 3.95011 3.93984 3.91583 3.90353 3.91425 3.95147 4.02012 4.12171 4.23782 4.33980 4.41628 4.46909 4.50311 4.52204 4.53264 4.54257 4.55618 4.57463 4.59626 4.61660 4.62691 4.62302 4.61217 4.59469 4.57816 4.56658 4.56200 4.48489 4.18850 3.72599 3.45272 3.30795 3.27894 3.20911 3.05204 2.94270 2.93043 3.04270
1.82609 2.39473 2.74589 2.84462 2.86003 2.78108 2.71218 1.95515 1.52469 0.46965 0.40125 0.50560 0.61073 0.88552 1.42929 2.32926 3.15563 3.16853 2.84215 2.91404 3.31632 3.36174 3.55785 3.65986 3.71452 3.76377 3.80892 3.85277 3.91153 4.01112 4.01508 3.95550 3.93203 3.94759 3.99283 4.06683 4.16574 4.26981 4.36269 4.43754 4.49444 4.52868 4.53832 4.53930 4.54486 4.55852 4.57863 4.60024 4.61316 4.61403 4.61025 4.60183 4.58585 4.56128 4.54493 4.49611 4.25206 3.80441 3.49927 3.32309 3.20063 3.00594 2.84523 2.80920 2.88993 3.04815
1.91697 2.47490 2.76788 2.85430 2.95099 2.88738 2.80872 2.30572 1.87540 0.90150 0.37770 0.41438 0.53986 0.69652 1.25663 2.08382 3.08959 3.37542 3.26584 3.31754 3.49639 3.55355 3.57413 3.61272 3.65197 3.69224 3.73731 3.78468 3.83169 3.89264 3.96946 3.93943 3.90318 3.89876 3.91654 3.95583 4.02426 4.12126 4.23455 4.34411 4.43699 4.51055 4.54616 4.54673 4.53874 4.54146 4.55571 4.57587 4.59298 4.60193 4.60754 4.61235 4.60578 4.56736 4.53939 4.50868 4.33575 3.98346 3.63674 3.39628 3.17455 2.95770 2.83816 2.79401 2.82608 2.85429
1.96381 2.55290 2.77103 2.85691 3.03205 3.01190 2.93017 2.87689 1.95549 1.47483 0.40706 0.36976 0.47539 0.62135 1.04793 1.86592 3.04315 3.45577 3.44545 3.45264 3.57433 3.65839 3.62330 3.59933 3.60818 3.63554 3.67391 3.71933 3.76851 3.81963 3.86797 3.87120 3.85170 3.84453 3.84965 3.86706 3.90276 3.96532 4.06252 4.18941 4.31960 4.43343 4.51812 4.55748 4.54558 4.52917 4.53201 4.54972 4.57268 4.59246 4.60622 4.61460 4.61202 4.57551 4.53971 4.51273 4.39724 4.19911 3.93195 3.63116 3.40243 3.23230 3.08315 2.83499 2.63830 2.50262
