mrvbf_slope0.9_pctl1.asc
NCOLS 410
NROWS 410
XLLCORNER 2398750.0000000000000000
YLLCORNER 2548750.0000000000000000
CELLSIZE 250.0000000000000000
NODATA_VALUE -99999.00000
[rows 348 to 376 of 410, columns 66 to 131 of 410]
4.42653 4.49850 4.32104 4.19827 4.30020 4.38758 4.43926 4.44771 4.59369 4.62129 4.59546 4.51560 4.45604 4.50014 4.58828 4.60551 4.63911 4.76486 4.76484 4.65582 4.54352 4.54996 4.50100 4.50169 4.52640 4.51268 4.54750 4.69244 4.70685 4.66220 4.61626 4.50506 4.38030 4.44802 4.51484 4.47813 4.44598 4.45624 4.46671 4.51377 4.57470 4.60558 4.56446 4.50880 4.49717 4.52797 4.59814 4.67014 4.69767 4.69151 4.66792 4.67152 4.72550 4.80412 4.84005 4.77900 4.69459 4.62924 4.57302 4.59977 4.72840 4.77748 4.74082 4.77633 4.84739 4.79199
4.38370 4.42922 4.46752 4.35843 4.49257 4.54395 4.51954 4.47816 4.61441 4.64458 4.54021 4.47182 4.34064 4.44153 4.60592 4.63585 4.65523 4.68322 4.67079 4.71549 4.61110 4.55927 4.51276 4.53409 4.58818 4.50638 4.49483 4.59198 4.69664 4.72312 4.61623 4.47619 4.43629 4.57942 4.61078 4.54815 4.50079 4.47065 4.47360 4.50707 4.55133 4.57673 4.56578 4.52185 4.48808 4.47725 4.49704 4.55636 4.63144 4.66203 4.62808 4.61950 4.63686 4.67857 4.70187 4.67200 4.63849 4.62105 4.59008 4.62008 4.75428 4.77566 4.76149 4.83630 4.87181 4.73103
4.39128 4.45535 4.54850 4.38072 4.50117 4.58955 4.55459 4.57042 4.71233 4.67900 4.57839 4.43731 4.30103 4.40209 4.44119 4.40347 4.44162 4.55153 4.55691 4.58141 4.56829 4.53254 4.52155 4.60268 4.67788 4.55099 4.49480 4.52398 4.59180 4.64542 4.60310 4.50264 4.44894 4.49291 4.46210 4.40638 4.38018 4.38245 4.39961 4.42486 4.48921 4.56690 4.58428 4.52326 4.46836 4.42329 4.40159 4.44801 4.52153 4.58701 4.56582 4.57781 4.60250 4.61278 4.59567 4.59514 4.64182 4.64999 4.60535 4.63464 4.76369 4.76717 4.74433 4.82400 4.83933 4.70714
4.39575 4.47497 4.45750 4.38230 4.59193 4.69019 4.56559 4.55344 4.62408 4.60807 4.53770 4.42476 4.29814 4.36884 4.36788 4.42627 4.41064 4.46061 4.46275 4.45941 4.47138 4.49665 4.58479 4.71249 4.74138 4.60107 4.51675 4.49992 4.52474 4.55805 4.56363 4.52295 4.46860 4.47178 4.45583 4.44264 4.41610 4.36846 4.32727 4.32446 4.41091 4.51052 4.50635 4.48091 4.45968 4.44355 4.41282 4.39479 4.43035 4.48040 4.49250 4.55354 4.60464 4.58674 4.55872 4.57118 4.61074 4.61126 4.57561 4.60174 4.71269 4.72764 4.72182 4.79873 4.80996 4.70611
4.45017 4.49874 4.45384 4.43092 4.59373 4.53268 4.51342 4.50490 4.58828 4.59368 4.54630 4.47399 4.37058 4.45525 4.49792 4.58562 4.55360 4.45840 4.41219 4.41075 4.46027 4.56858 4.72446 4.83976 4.78073 4.61781 4.52315 4.49195 4.50276 4.52661 4.55393 4.58542 4.59523 4.60753 4.57377 4.53345 4.52398 4.45053 4.34328 4.28630 4.34324 4.42789 4.44217 4.45668 4.46245 4.48395 4.46808 4.41289 4.38993 4.39729 4.45098 4.52825 4.54607 4.55244 4.56442 4.59427 4.61508 4.59951 4.55457 4.56859 4.64085 4.67234 4.71029 4.77618 4.78039 4.70945
4.47495 4.54090 4.52799 4.44223 4.52080 4.52827 4.62621 4.55597 4.61079 4.64493 4.62011 4.46249 4.47873 4.54411 4.58235 4.55842 4.52225 4.44851 4.45206 4.46983 4.50185 4.61751 4.80398 4.86580 4.72748 4.57502 4.51254 4.49596 4.50694 4.52277 4.53215 4.55074 4.60880 4.70794 4.66711 4.56260 4.53788 4.52878 4.41146 4.33762 4.37866 4.41883 4.42911 4.44090 4.43724 4.44972 4.46121 4.43188 4.40086 4.40316 4.43844 4.44528 4.46841 4.52886 4.57570 4.60718 4.62814 4.58959 4.54886 4.57082 4.59513 4.62622 4.69194 4.73134 4.73981 4.71936
4.29478 4.34971 4.36035 4.34413 4.42951 4.58748 4.70425 4.64867 4.61058 4.70365 4.67198 4.55956 4.55318 4.55628 4.51397 4.50086 4.50042 4.49416 4.55492 4.54056 4.49963 4.61794 4.87073 4.82832 4.60614 4.50394 4.50584 4.51162 4.52921 4.53894 4.52087 4.50118 4.53872 4.66712 4.72622 4.62689 4.53720 4.47484 4.41530 4.41587 4.45915 4.45907 4.42730 4.42764 4.43104 4.43883 4.44785 4.42931 4.41459 4.41883 4.38628 4.36176 4.44501 4.50257 4.51859 4.54351 4.58452 4.56688 4.53600 4.54949 4.54271 4.55014 4.60840 4.67359 4.69825 4.69944
4.29015 4.31985 4.32225 4.29775 4.36119 4.51022 4.63339 4.69022 4.64406 4.70230 4.76801 4.73961 4.62177 4.57900 4.48549 4.56249 4.62750 4.61953 4.59760 4.48204 4.47104 4.67033 4.89689 4.72144 4.48469 4.45502 4.47850 4.49296 4.55467 4.58607 4.54329 4.48715 4.47081 4.55209 4.68551 4.70993 4.59186 4.46824 4.44487 4.49763 4.48789 4.43101 4.39114 4.41160 4.43405 4.46755 4.47623 4.43399 4.41223 4.39208 4.31947 4.29378 4.36800 4.42536 4.45918 4.47606 4.54629 4.57232 4.52631 4.50545 4.49504 4.49235 4.51097 4.57498 4.63257 4.64833
4.46304 4.51063 4.49448 4.41819 4.43639 4.50146 4.60393 4.62857 4.60812 4.69379 4.88748 4.91231 4.72265 4.60413 4.58185 4.61562 4.56209 4.49548 4.45409 4.37991 4.52248 4.82228 4.85541 4.57827 4.40129 4.47131 4.40991 4.46299 4.59550 4.62708 4.56388 4.51117 4.46599 4.48956 4.58629 4.61933 4.51242 4.38684 4.36719 4.42481 4.43714 4.39955 4.39982 4.41182 4.41067 4.45755 4.47896 4.45049 4.43205 4.40272 4.32246 4.22004 4.24286 4.35478 4.40402 4.40024 4.46562 4.53496 4.53606 4.50633 4.48021 4.46754 4.46076 4.48985 4.53803 4.56505
4.45664 4.56547 4.52851 4.51871 4.51664 4.46369 4.48608 4.54321 4.60957 4.77920 5.01258 4.92245 4.70771 4.62194 4.71627 4.56526 4.45629 4.46373 4.42372 4.47879 4.72632 4.83687 4.61192 4.39527 4.34225 4.45964 4.39590 4.48943 4.59093 4.54012 4.52113 4.53151 4.49453 4.49773 4.55563 4.54634 4.41982 4.30169 4.27259 4.36187 4.45536 4.46608 4.48890 4.45288 4.41427 4.42190 4.45098 4.47879 4.46894 4.45578 4.38564 4.27467 4.23774 4.30097 4.35017 4.30592 4.30607 4.42535 4.47718 4.47170 4.46587 4.46179 4.44305 4.45515 4.47489 4.48777
4.50627 4.64651 4.60660 4.52869 4.42539 4.35525 4.47555 4.61767 4.73160 4.87463 4.99619 4.81259 4.64719 4.67222 4.74076 4.49920 4.34911 4.34891 4.41552 4.51231 4.67296 4.54732 4.24912 4.12282 4.23833 4.34342 4.28457 4.37077 4.45573 4.42350 4.44197 4.47714 4.49958 4.54035 4.57059 4.54966 4.42344 4.38902 4.39365 4.36548 4.45126 4.50751 4.50371 4.50577 4.47775 4.41193 4.40681 4.44390 4.48760 4.48472 4.41528 4.36586 4.30358 4.31573 4.37539 4.33466 4.23889 4.28102 4.37507 4.41406 4.45210 4.44284 4.41236 4.42698 4.44391 4.44627
4.35664 4.46530 4.53881 4.43605 4.32671 4.31826 4.49495 4.65968 4.73096 4.75368 4.75385 4.62820 4.56630 4.66566 4.67084 4.49107 4.33857 4.23800 4.21341 4.26404 4.35570 4.21368 4.02275 4.13854 4.27462 4.29856 4.21881 4.30524 4.43403 4.42584 4.38655 4.38494 4.49827 4.57342 4.55554 4.54742 4.46019 4.39914 4.45660 4.36588 4.37099 4.46222 4.52200 4.54376 4.50295 4.43517 4.35898 4.39905 4.50139 4.46296 4.42565 4.42226 4.34360 4.35693 4.44060 4.43005 4.34252 4.25936 4.31190 4.37005 4.41056 4.39230 4.36017 4.37108 4.41550 4.43405
4.32845 4.43681 4.49225 4.43399 4.30681 4.22629 4.34713 4.52829 4.66456 4.68310 4.60763 4.53081 4.54275 4.63299 4.61252 4.59159 4.52558 4.41828 4.30697 4.20782 4.19694 4.16448 4.20306 4.36484 4.47598 4.42473 4.27203 4.32350 4.52686 4.50050 4.38395 4.36788 4.51928 4.52334 4.47449 4.46461 4.43714 4.34894 4.37320 4.34358 4.30174 4.34632 4.42926 4.50658 4.48804 4.45281 4.36297 4.30857 4.40737 4.44193 4.44148 4.44299 4.36005 4.38742 4.48366 4.45383 4.39378 4.31583 4.32867 4.38423 4.40936 4.37532 4.33540 4.32852 4.37860 4.42197
4.38282 4.52221 4.60608 4.56504 4.44009 4.33851 4.35959 4.50997 4.70047 4.74701 4.61256 4.54325 4.58015 4.69057 4.71003 4.75707 4.78051 4.72034 4.60339 4.45202 4.35247 4.37594 4.42720 4.47279 4.56267 4.38984 4.25897 4.41358 4.63484 4.57832 4.47551 4.45394 4.50880 4.43378 4.38276 4.39906 4.38050 4.30036 4.37799 4.40479 4.37411 4.35439 4.33589 4.36842 4.43006 4.43393 4.40003 4.29663 4.30186 4.41914 4.45653 4.46231 4.38551 4.40942 4.47963 4.42951 4.41881 4.39451 4.38222 4.43143 4.46236 4.43286 4.37152 4.31201 4.34164 4.40360
4.39291 4.55147 4.58167 4.57530 4.50916 4.42254 4.42145 4.54749 4.76481 4.77600 4.62097 4.59359 4.68062 4.84481 4.86606 4.90354 4.95990 4.92512 4.85513 4.76205 4.65740 4.58867 4.61152 4.50034 4.47683 4.35919 4.36813 4.55434 4.70587 4.65117 4.56642 4.53621 4.50534 4.35993 4.30953 4.37255 4.42213 4.37603 4.46724 4.48898 4.46209 4.46340 4.42017 4.35047 4.35588 4.35910 4.39193 4.35560 4.27089 4.33043 4.44154 4.46864 4.41769 4.40603 4.44023 4.40154 4.42160 4.38831 4.37869 4.45421 4.48758 4.45994 4.42064 4.32769 4.30404 4.36475
4.40313 4.42512 4.46140 4.53233 4.45836 4.39245 4.42610 4.58482 4.84492 4.73209 4.60885 4.67794 4.80084 4.92364 4.98854 5.10079 5.19874 5.19407 5.13936 5.05004 4.86499 4.71849 4.72750 4.63042 4.53940 4.48179 4.51544 4.59392 4.59070 4.55873 4.51363 4.50757 4.44679 4.30651 4.33031 4.32208 4.45204 4.42769 4.43239 4.52580 4.49397 4.48531 4.48797 4.47732 4.43760 4.40202 4.37334 4.25661 4.16476 4.31895 4.44883 4.44896 4.47829 4.44867 4.44363 4.41159 4.40685 4.31683 4.35419 4.47235 4.47913 4.43307 4.41534 4.34736 4.27897 4.29559
4.41003 4.33384 4.35538 4.38772 4.39070 4.38235 4.43117 4.62075 4.84680 4.65769 4.61421 4.80980 4.90774 4.89394 5.00313 5.22446 5.27487 5.30738 5.29458 5.20855 4.98817 4.71374 4.62657 4.66885 4.69297 4.64802 4.64341 4.60243 4.56167 4.55167 4.46689 4.44919 4.42929 4.33272 4.42254 4.31863 4.44705 4.50058 4.45192 4.48453 4.42423 4.42027 4.48789 4.48875 4.44892 4.43976 4.35496 4.17267 4.15599 4.34014 4.47162 4.46782 4.47143 4.49757 4.46606 4.43678 4.41712 4.27746 4.27169 4.40415 4.40874 4.37745 4.39800 4.36612 4.29240 4.25360
4.50366 4.22463 4.17093 4.34959 4.46646 4.43726 4.44171 4.61809 4.74893 4.57705 4.58111 4.78997 4.83857 4.82448 4.99180 5.20421 5.29070 5.26683 5.30601 5.20486 4.93555 4.75232 4.55727 4.51862 4.55832 4.61842 4.71359 4.70957 4.69685 4.67775 4.53650 4.48655 4.46467 4.43737 4.50066 4.36410 4.37805 4.41279 4.38500 4.41697 4.34209 4.30537 4.44967 4.53784 4.48887 4.42133 4.36892 4.25363 4.15197 4.19612 4.34702 4.42436 4.45096 4.47555 4.47522 4.45292 4.43631 4.31684 4.11696 4.13910 4.23163 4.29748 4.36592 4.36389 4.30514 4.24993
4.59153 4.25123 4.16080 4.28901 4.35473 4.33307 4.34718 4.46376 4.56083 4.48668 4.47800 4.72659 4.78466 4.76181 4.94256 5.19105 5.19320 5.14612 5.19898 5.16930 4.90908 4.72257 4.58621 4.47746 4.44606 4.50967 4.67145 4.77335 4.73808 4.69686 4.63790 4.64494 4.55649 4.53746 4.60508 4.45920 4.37446 4.37464 4.39750 4.44198 4.36543 4.19250 4.25506 4.45980 4.55189 4.48716 4.42821 4.39949 4.29276 4.20686 4.27874 4.37520 4.37196 4.40421 4.47209 4.48117 4.42465 4.33387 4.17977 4.05514 4.10597 4.22192 4.28268 4.28788 4.26848 4.23677
4.84396 4.47237 4.21800 4.21155 4.24623 4.20444 4.20423 4.21709 4.24375 4.29625 4.46369 4.71070 4.75378 4.70060 4.88032 5.12670 5.03838 4.88735 4.89116 5.00672 4.84986 4.63955 4.59200 4.51093 4.37989 4.42996 4.63504 4.79961 4.74754 4.68562 4.68210 4.74974 4.61480 4.56933 4.64157 4.56855 4.49316 4.48383 4.49118 4.50396 4.44838 4.26733 4.09693 4.26295 4.48034 4.48469 4.39225 4.37839 4.33654 4.24905 4.30149 4.40067 4.40408 4.38960 4.43446 4.41880 4.35365 4.31805 4.31841 4.29917 4.26234 4.26417 4.22619 4.19875 4.21122 4.20155
5.01907 4.78603 4.51354 4.38771 4.30182 4.21270 4.13574 4.08026 4.08068 4.20502 4.51762 4.76394 4.69477 4.57212 4.70650 4.93762 4.81660 4.72282 4.66962 4.72715 4.75495 4.62859 4.59197 4.54572 4.36262 4.38738 4.57564 4.66512 4.56609 4.50560 4.51659 4.64656 4.61781 4.56665 4.64072 4.65054 4.62915 4.64151 4.59133 4.55532 4.52967 4.42042 4.19661 4.14564 4.31449 4.30182 4.26584 4.26655 4.16190 4.10531 4.27677 4.39388 4.37428 4.39940 4.38978 4.30107 4.29781 4.35520 4.39266 4.38271 4.38919 4.37878 4.30633 4.24250 4.20281 4.17723
4.90237 4.83750 4.77042 4.64809 4.46117 4.31292 4.21984 4.20814 4.22221 4.30066 4.56660 4.80264 4.76353 4.54897 4.51206 4.64329 4.62495 4.60871 4.63165 4.61386 4.70855 4.72745 4.61163 4.57084 4.39509 4.31934 4.38714 4.39914 4.37539 4.41161 4.41912 4.53676 4.65432 4.57732 4.61832 4.67030 4.67570 4.73574 4.63756 4.59696 4.58626 4.45711 4.30886 4.29216 4.32229 4.30051 4.33233 4.21451 3.99054 4.04771 4.25582 4.36572 4.32359 4.32789 4.29415 4.28124 4.38922 4.38460 4.37200 4.37474 4.37176 4.33799 4.30323 4.28216 4.18120 4.13124
4.68697 4.63934 4.65763 4.68866 4.61671 4.49008 4.46565 4.47317 4.33034 4.35682 4.65180 4.88759 4.87360 4.77256 4.57667 4.51544 4.49999 4.56598 4.64259 4.59259 4.61856 4.71217 4.61315 4.51107 4.38471 4.26047 4.23021 4.25189 4.34719 4.44744 4.40929 4.50205 4.70618 4.57041 4.57700 4.68249 4.66863 4.72835 4.62560 4.63153 4.58699 4.43592 4.36885 4.42499 4.43270 4.41732 4.33175 4.25585 4.09400 4.06936 4.22218 4.23203 4.16911 4.22508 4.31266 4.38834 4.39077 4.34047 4.33152 4.36165 4.37065 4.31075 4.24075 4.23456 4.14468 4.09912
4.58338 4.54770 4.52902 4.55291 4.57522 4.56716 4.58740 4.64485 4.49645 4.34845 4.52891 4.95185 5.02559 4.97167 4.86380 4.67714 4.63244 4.71209 4.72862 4.60626 4.50884 4.50840 4.45913 4.37826 4.39181 4.32813 4.29794 4.33080 4.39782 4.40978 4.36872 4.49000 4.71267 4.58824 4.55731 4.69787 4.69573 4.67789 4.64066 4.69079 4.57668 4.45554 4.40094 4.41985 4.42429 4.37956 4.30028 4.32504 4.26716 4.22788 4.32845 4.27324 4.28158 4.29993 4.40456 4.43374 4.34264 4.30891 4.28940 4.20164 4.21257 4.28758 4.25070 4.19413 4.13521 4.16738
4.62489 4.65238 4.61573 4.58559 4.55569 4.53157 4.52846 4.51792 4.30999 4.28501 4.68381 5.09164 5.20608 5.18767 5.04786 4.86848 4.83461 4.89444 4.87474 4.71258 4.50154 4.36359 4.34735 4.35101 4.50385 4.50834 4.48852 4.47883 4.44456 4.38897 4.35354 4.44062 4.60994 4.61234 4.61362 4.69643 4.77729 4.71983 4.74229 4.68745 4.61422 4.55082 4.43042 4.35787 4.35766 4.26358 4.22340 4.26438 4.30291 4.34181 4.37462 4.35604 4.30920 4.29455 4.38111 4.37306 4.33343 4.31107 4.19502 4.19965 4.09301 4.13627 4.20942 4.21614 4.20485 4.11379
4.79974 4.89483 4.86719 4.82138 4.73593 4.65304 4.56590 4.45170 4.25935 4.30601 4.65402 4.98881 5.19174 5.23700 5.15509 4.97205 4.83101 4.83284 4.83038 4.73466 4.57520 4.42544 4.35950 4.48113 4.66145 4.60885 4.53127 4.49914 4.50184 4.44535 4.37299 4.39407 4.51466 4.65429 4.75350 4.72726 4.71100 4.71260 4.75044 4.66885 4.66757 4.62093 4.46693 4.32799 4.25659 4.17819 4.04414 4.15180 4.27628 4.36047 4.34077 4.29505 4.24499 4.24844 4.31814 4.32496 4.32479 4.30497 4.28446 4.22095 4.19359 4.13889 4.13604 4.15629 4.10831 3.99244
4.92554 5.04444 5.11924 5.09487 4.98246 4.80968 4.58312 4.42063 4.33350 4.42182 4.51613 4.64248 4.94588 5.09415 5.02467 4.85907 4.66716 4.72426 4.77337 4.63912 4.54185 4.53111 4.50546 4.58803 4.65825 4.55704 4.47911 4.51010 4.58649 4.51635 4.40679 4.38603 4.47342 4.64485 4.83613 4.79928 4.63631 4.59266 4.60546 4.59402 4.64711 4.56622 4.41686 4.29076 4.10961 3.93245 3.85691 4.04411 4.22101 4.29318 4.22815 4.18459 4.11985 4.04979 4.12402 4.26636 4.26093 4.30575 4.33227 4.30631 4.28288 4.17330 4.06899 4.01701 3.95539 3.89436
4.90521 5.05766 5.23726 5.24073 5.14185 4.83819 4.58695 4.42845 4.45171 4.66562 4.54690 4.43091 4.54899 4.70674 4.61314 4.47614 4.43076 4.48831 4.59411 4.50719 4.44321 4.52095 4.56828 4.58871 4.57867 4.47912 4.41021 4.47948 4.57825 4.53791 4.46652 4.42012 4.45603 4.56243 4.76596 4.84046 4.57164 4.46646 4.50414 4.47306 4.52074 4.46438 4.33848 4.27028 4.10113 3.70520 3.61907 3.71370 3.83016 3.98129 4.00574 4.06384 4.11244 4.03955 4.02459 4.17217 4.27418 4.30102 4.29583 4.32164 4.27417 4.12739 3.99889 3.92218 3.88352 3.88120
4.85160 5.01290 5.22742 5.28544 5.20896 4.86600 4.64472 4.54529 4.49713 4.72346 4.60793 4.39426 4.24730 4.27480 4.31568 4.34576 4.43254 4.38450 4.39713 4.34072 4.39733 4.52899 4.59490 4.59912 4.55230 4.43930 4.34487 4.37138 4.51432 4.48447 4.46278 4.47425 4.48098 4.50092 4.64866 4.78947 4.52443 4.40209 4.52232 4.46038 4.47523 4.42073 4.32038 4.29228 4.14781 3.68955 3.50940 3.59387 3.68411 3.81169 3.92617 4.07761 4.14676 4.08692 4.05455 4.16185 4.26109 4.24333 4.20534 4.21600 4.13983 4.04171 3.95470 3.88717 3.86900 3.90561
