mrvbf_slope0.9_pctl1.5.asc
NCOLS 410
NROWS 410
XLLCORNER 2398750.0000000000000000
YLLCORNER 2548750.0000000000000000
CELLSIZE 250.0000000000000000
NODATA_VALUE -99999.00000
[rows 348 to 376 of 410, columns 264 to 329 of 410]
3.72240 3.73576 3.74867 3.75645 3.75676 3.76164 3.78425 3.80907 3.82207 3.82402 3.81849 3.80423 3.80604 3.81947 3.82820 3.83261 3.83053 3.82640 3.82981 3.82859 3.81663 3.78941 3.75702 3.72790 3.72655 3.70343 3.65373 3.60332 3.53275 3.41129 3.14410 2.79991 2.60690 2.34724 1.75360 1.50322 1.55875 1.52964 1.09779 0.86460 1.45800 1.17652 0.63010 0.41392 0.48934 1.15667 1.79770 2.17341 2.21669 1.73619 0.65539 0.31544 0.34832 0.73202 1.34390 0.69551 0.61627 1.51993 1.05203 0.34066 0.26242 0.52716 0.65311 1.13612 1.42999 1.57244
3.73541 3.74313 3.75907 3.76699 3.76071 3.76423 3.78620 3.80789 3.81796 3.81968 3.81180 3.80455 3.81802 3.83621 3.84360 3.84457 3.83423 3.81973 3.81891 3.81889 3.79830 3.76343 3.76733 3.72549 3.71003 3.66959 3.62281 3.58182 3.51559 3.38563 3.11270 2.79177 2.59156 2.28636 1.64119 1.38214 1.39876 1.25266 0.63323 0.46576 1.17890 0.73185 0.45450 0.32253 0.39859 0.71769 1.70543 2.02735 2.22717 1.86098 1.38706 0.55656 0.39185 0.35689 0.57130 0.49076 0.32707 0.79047 0.86540 0.25164 0.19260 0.52052 0.78790 1.41652 1.60219 1.72001
3.74108 3.74444 3.75250 3.75821 3.75122 3.75970 3.78508 3.79634 3.79840 3.80004 3.79891 3.80228 3.82199 3.84100 3.84751 3.84412 3.83157 3.81474 3.81034 3.80978 3.78621 3.77719 3.74425 3.71708 3.67262 3.63853 3.61851 3.58418 3.51902 3.40440 3.16119 2.79017 2.57190 2.22649 1.62041 1.40248 1.33869 0.98737 0.47027 0.40190 0.97942 0.68811 0.35981 0.25801 0.36673 0.74591 1.74690 1.95238 2.12573 1.85385 1.67912 1.51311 0.98132 0.54819 0.46769 0.39147 0.29422 0.64886 1.22706 0.54396 0.38581 0.68484 1.32370 1.56143 1.61996 1.68988
3.71201 3.72092 3.73844 3.74615 3.73466 3.74454 3.77046 3.77266 3.77282 3.77426 3.78246 3.79963 3.82162 3.83637 3.84051 3.83410 3.82130 3.80559 3.80140 3.80633 3.80171 3.77467 3.73405 3.68712 3.65255 3.64340 3.63763 3.59769 3.52238 3.38781 3.11456 2.75503 2.56344 2.24288 1.67429 1.48421 1.37305 1.07359 0.66838 0.61342 0.76169 0.69334 0.55899 0.55778 0.64207 0.87288 1.62239 1.88395 2.00853 1.80656 1.44185 0.97109 1.17553 1.18095 0.70126 0.29554 0.18989 0.46186 0.88226 0.99551 0.67063 0.73834 1.02172 1.09209 0.97668 1.25311
3.72588 3.73951 3.75428 3.75843 3.74049 3.73418 3.74856 3.75432 3.76105 3.76952 3.78449 3.80830 3.83006 3.83889 3.83780 3.83050 3.81435 3.79320 3.78463 3.79337 3.80758 3.78097 3.72999 3.68882 3.67232 3.66328 3.64194 3.60017 3.51360 3.32061 2.95430 2.68967 2.55928 2.32570 1.70840 1.22237 1.08684 1.24044 1.22010 0.71837 0.57243 0.46504 0.35863 0.47018 0.71034 0.73804 1.22331 1.81977 1.95621 1.87081 1.52692 0.49222 0.49581 0.92483 0.66675 0.29418 0.20750 0.25707 0.44751 0.89463 1.20372 1.06207 1.05824 0.45763 0.31601 0.47589
3.74503 3.75265 3.76591 3.77536 3.76303 3.74866 3.74969 3.75824 3.77138 3.78698 3.80020 3.81610 3.83049 3.84021 3.83515 3.82772 3.80344 3.77674 3.76528 3.78942 3.78411 3.76826 3.73102 3.70135 3.70168 3.66906 3.63741 3.59080 3.47192 3.20726 2.82771 2.63528 2.49807 2.20491 1.63698 0.77454 0.57584 0.82535 1.06694 0.56451 0.37714 0.36678 0.33534 0.35195 0.42592 0.35753 0.74200 1.78050 1.94198 1.85850 1.68609 0.81109 0.39787 0.49876 0.57640 0.74468 0.74487 0.40444 0.27815 0.51725 1.29450 1.38459 1.04842 0.28783 0.17512 0.36060
3.76016 3.76468 3.76741 3.77179 3.77173 3.76522 3.76703 3.77727 3.79275 3.80868 3.81428 3.81472 3.81768 3.82245 3.81992 3.81512 3.78769 3.76149 3.77373 3.78061 3.76909 3.75786 3.73740 3.71487 3.71083 3.66957 3.63921 3.56659 3.39558 3.07631 2.76421 2.60716 2.45880 2.22528 1.71557 1.08574 0.79837 1.11044 1.43920 1.23476 0.73620 0.82953 0.93357 0.79296 0.56573 0.35199 1.23504 1.82240 1.93345 1.72927 1.43328 1.42547 0.79493 0.48636 0.45786 0.74708 1.26272 0.70794 0.28046 0.39294 1.17721 1.49362 1.20503 0.52290 0.28857 0.42290
3.73846 3.74628 3.74966 3.75681 3.76891 3.77677 3.78677 3.80005 3.81502 3.82879 3.83237 3.82292 3.80604 3.80835 3.81598 3.81226 3.77989 3.74377 3.76311 3.78521 3.75836 3.75333 3.74929 3.71563 3.68665 3.63916 3.60555 3.49333 3.25023 2.97032 2.74501 2.60518 2.47843 2.37259 2.20459 1.78161 1.43818 1.45504 1.61649 1.66867 1.65949 1.66519 1.66149 1.40933 0.67277 0.34439 0.72328 1.75917 1.90582 1.49206 0.46983 0.64188 0.79237 0.58379 0.30304 0.41741 0.90596 1.41250 0.79422 0.84133 1.51191 1.67415 1.57426 1.31298 0.59623 0.69470
3.71897 3.72205 3.73131 3.75037 3.77044 3.78699 3.80385 3.81892 3.82940 3.83832 3.84371 3.83310 3.82710 3.83109 3.83857 3.82958 3.79604 3.73231 3.73734 3.76856 3.75008 3.76466 3.75303 3.69468 3.66307 3.58284 3.49988 3.32861 3.07958 2.89861 2.73408 2.61464 2.51117 2.46391 2.44638 2.28708 1.94878 1.76653 1.74917 1.80870 1.87979 1.83401 1.67869 1.25731 0.60950 0.30230 0.33256 1.53113 1.90571 1.77200 1.00898 0.40759 0.39186 0.25316 0.19087 0.25262 0.55137 0.79067 0.90977 1.47175 1.70449 1.80636 1.83171 1.75250 1.52185 1.38385
3.71931 3.72421 3.73630 3.75588 3.77439 3.78986 3.80703 3.82406 3.83568 3.84658 3.85377 3.85066 3.83896 3.84390 3.85050 3.83757 3.80208 3.74784 3.74614 3.77334 3.76697 3.76247 3.74287 3.65882 3.59715 3.54540 3.41708 3.26730 3.09874 2.87901 2.68561 2.59968 2.55707 2.54150 2.52644 2.45220 2.26072 1.96404 1.81644 1.88998 1.85371 1.70244 1.46314 0.96723 0.59580 0.41191 0.65345 1.47506 1.86370 1.89986 1.69815 1.02705 0.49570 0.23699 0.31178 0.50302 0.72684 0.88880 1.17493 1.52036 1.66814 1.80268 1.88484 1.73003 1.68577 1.73993
3.71029 3.73413 3.75205 3.76510 3.77584 3.78543 3.80037 3.82172 3.83843 3.84893 3.85454 3.85416 3.84771 3.85170 3.85419 3.84276 3.81153 3.76690 3.74938 3.77036 3.77743 3.76913 3.73236 3.67608 3.53397 3.46900 3.44022 3.38066 3.20998 2.86752 2.64923 2.59741 2.59699 2.60506 2.59996 2.53399 2.32633 1.97066 1.84260 1.86028 1.70195 1.47708 0.93164 0.55034 0.47672 0.35058 0.59424 0.69738 1.68369 1.85592 1.77535 1.62822 1.22063 0.41745 0.31403 0.47600 1.02327 1.33415 1.45652 1.53158 1.64388 1.84358 1.74893 1.49596 1.62195 1.88205
3.71068 3.74646 3.76706 3.77371 3.77727 3.78092 3.78939 3.80780 3.82674 3.83943 3.84296 3.83787 3.83538 3.84529 3.85075 3.84090 3.81472 3.77262 3.73448 3.73430 3.75786 3.75252 3.71212 3.65625 3.50520 3.42896 3.49204 3.42564 3.14986 2.75495 2.62662 2.61953 2.63192 2.64128 2.62775 2.56442 2.36400 1.97519 1.77032 1.56867 1.41227 1.31778 0.90466 0.57228 0.44449 0.33800 0.30168 0.38428 1.57070 1.77861 1.49913 1.57205 1.62206 1.23612 0.53608 0.74081 1.33377 1.55238 1.61925 1.61982 1.71000 1.95287 1.74856 1.33088 1.42113 1.71524
3.71666 3.74440 3.76917 3.77644 3.77835 3.78083 3.78768 3.79949 3.81342 3.82395 3.82686 3.82774 3.84029 3.85224 3.85850 3.85186 3.83092 3.79324 3.74528 3.71440 3.72070 3.72186 3.70698 3.59179 3.46188 3.45927 3.47435 3.34291 2.93498 2.67787 2.64008 2.64933 2.65102 2.64142 2.61141 2.54641 2.39284 2.11143 1.86262 1.59673 1.50591 1.49815 1.36026 1.07800 0.70977 0.62764 0.52735 0.47083 1.44812 1.65844 0.94435 1.09111 1.60381 1.66559 1.45798 1.57206 1.58079 1.57543 1.58007 1.65756 1.77978 1.90025 1.67444 1.44847 1.45577 1.63548
3.71599 3.72635 3.74857 3.76540 3.77560 3.78264 3.79339 3.80853 3.81968 3.82465 3.82693 3.83495 3.84988 3.85803 3.86338 3.85794 3.84325 3.82204 3.78528 3.73509 3.70970 3.71811 3.69436 3.59929 3.51284 3.45953 3.38432 3.14020 2.79382 2.67534 2.66614 2.66245 2.65181 2.62839 2.59028 2.53500 2.45074 2.27322 2.19705 2.16590 1.90976 1.70418 1.64978 1.61932 1.40714 0.95708 0.59836 0.31257 0.67369 1.15569 0.75825 0.59347 1.26113 0.80897 0.31961 0.44511 0.88485 1.31388 1.43829 1.54733 1.64642 1.72792 1.71210 1.66462 1.76122 1.80321
3.70806 3.70479 3.72400 3.75244 3.77287 3.78366 3.79764 3.81966 3.83555 3.83777 3.83159 3.82816 3.83425 3.84948 3.86281 3.86170 3.84679 3.82887 3.80210 3.76121 3.72346 3.71356 3.68945 3.62469 3.52807 3.41219 3.19652 2.88745 2.71759 2.67989 2.67522 2.66698 2.65177 2.60570 2.54762 2.51400 2.47305 2.37948 2.40554 2.45390 2.28908 1.94787 1.76992 1.72299 1.58081 1.07233 0.60578 0.40827 0.53269 0.61558 0.47459 0.43922 0.83987 0.55238 0.16131 0.27403 0.49231 0.82209 1.16833 1.40491 1.47720 1.50884 1.53048 1.58005 1.76123 1.84057
3.65297 3.67284 3.71573 3.75622 3.77613 3.77745 3.79318 3.82421 3.84345 3.83974 3.82695 3.82266 3.82114 3.82892 3.84933 3.85348 3.83753 3.82164 3.78266 3.74813 3.73680 3.74039 3.68349 3.63198 3.51906 3.40290 3.09814 2.75932 2.66207 2.66712 2.68960 2.68244 2.64533 2.56417 2.48320 2.45683 2.43931 2.46511 2.50036 2.52793 2.36404 1.84056 1.53490 1.33209 1.00327 0.69309 0.74395 0.62691 0.46308 0.42659 0.38399 0.34069 0.70946 0.37152 0.14546 0.26877 0.50935 0.65220 0.84399 1.04277 0.77848 0.79175 1.08780 1.46614 1.67410 1.85297
3.63225 3.68503 3.73852 3.77218 3.77236 3.76574 3.79548 3.83174 3.84714 3.84112 3.82380 3.82594 3.83185 3.82006 3.82982 3.83459 3.81748 3.78254 3.74290 3.70977 3.71104 3.72687 3.68683 3.62854 3.50558 3.33512 3.02263 2.70634 2.61952 2.66670 2.71650 2.69412 2.63469 2.52728 2.43349 2.43022 2.49969 2.54043 2.51409 2.45891 2.23547 1.69363 1.32656 0.90758 0.50148 0.52654 1.02080 1.13678 0.65148 0.40021 0.34166 0.28661 0.48861 0.34183 0.18655 0.40629 0.56810 0.62426 0.70396 0.87662 0.60515 0.59090 0.84912 1.31656 1.55768 1.84750
3.67320 3.72317 3.75782 3.76647 3.75563 3.77095 3.81130 3.83493 3.84240 3.84246 3.83033 3.82947 3.84009 3.83078 3.82277 3.82237 3.78794 3.74587 3.72837 3.72906 3.72974 3.71950 3.68592 3.60156 3.39740 3.08475 2.85613 2.69134 2.61703 2.66407 2.71459 2.69717 2.63135 2.50198 2.40390 2.49839 2.59844 2.58949 2.42382 2.22443 2.05637 1.31051 0.69407 0.43115 0.46978 0.77868 1.48087 1.58351 1.32444 0.84184 0.74566 0.65539 0.66190 0.47456 0.29398 0.58050 0.60675 0.61762 0.68574 0.97798 1.18672 1.07711 0.82150 1.08330 1.48275 1.91716
3.70366 3.73751 3.75660 3.75560 3.75450 3.78528 3.81531 3.81724 3.81435 3.82155 3.82705 3.83624 3.84151 3.83379 3.81268 3.78874 3.75516 3.74931 3.76164 3.72977 3.69090 3.68208 3.63612 3.47582 3.11537 2.83315 2.73849 2.67304 2.66992 2.68416 2.69784 2.69369 2.64968 2.54794 2.42249 2.39780 2.51968 2.52748 2.31592 2.33253 2.37961 2.06222 1.41060 0.66930 0.92079 1.48200 1.46926 1.21441 0.75544 0.68676 0.91211 0.87711 0.69128 0.42442 0.38145 0.58133 0.43783 0.50336 0.57656 0.73351 1.13297 1.30727 1.15905 1.21074 1.46483 1.93802
3.70084 3.72955 3.75940 3.76020 3.74954 3.77393 3.78809 3.77586 3.77825 3.80077 3.81807 3.83408 3.83180 3.81713 3.79517 3.76656 3.75643 3.77784 3.74815 3.67582 3.59923 3.55598 3.48424 3.18296 2.84241 2.73322 2.70919 2.67305 2.63680 2.66453 2.69656 2.72301 2.68684 2.61765 2.54393 2.47257 2.41582 2.41933 2.33522 2.17074 2.29128 2.08610 1.74209 1.42053 1.56965 1.74765 1.55623 0.93619 0.42647 0.45535 0.94574 1.16268 0.67371 0.37408 0.30670 0.27937 0.15784 0.27689 0.41719 0.52101 0.73840 1.12862 1.16563 1.24409 1.39253 1.91584
3.67541 3.72972 3.77143 3.77772 3.75889 3.75186 3.75158 3.74905 3.76923 3.79778 3.80382 3.80767 3.79877 3.78983 3.78567 3.77270 3.77293 3.76462 3.68423 3.57870 3.46868 3.30010 3.11794 2.86267 2.74102 2.73888 2.77334 2.74692 2.68423 2.66766 2.66402 2.66816 2.67597 2.66249 2.64982 2.64169 2.59670 2.58572 2.61644 2.59221 2.57071 2.51624 2.39431 2.21497 1.96441 1.82137 1.61735 1.30878 1.12488 1.14405 1.54477 1.47682 0.72464 0.44821 0.40744 0.23883 0.12700 0.15986 0.32692 0.49230 0.66058 1.09370 1.15483 1.04661 1.21051 1.87101
3.65780 3.73845 3.77451 3.78589 3.78786 3.77130 3.76483 3.77081 3.77550 3.77393 3.76511 3.75420 3.74499 3.76844 3.78098 3.78568 3.77278 3.74220 3.61457 3.50898 3.43243 3.18638 2.91234 2.80018 2.80773 2.89996 2.90293 2.71588 2.60966 2.58102 2.56883 2.56151 2.56386 2.58305 2.61307 2.63896 2.62408 2.60440 2.64359 2.68663 2.72279 2.68850 2.60383 2.48804 2.22389 1.84199 1.47613 0.76877 1.31281 1.58016 1.73713 1.57483 0.55904 0.34015 0.56240 0.53019 0.31277 0.27031 0.49779 0.67325 0.81133 0.86935 0.78456 0.76339 1.01623 1.76147
3.63764 3.71482 3.75132 3.77573 3.78956 3.78791 3.78350 3.78836 3.78451 3.74765 3.70907 3.66076 3.69193 3.76680 3.79444 3.77500 3.73054 3.66650 3.52831 3.44324 3.43702 3.33751 3.13077 3.03922 3.10782 3.12452 2.86176 2.58653 2.44762 2.36244 2.35084 2.38176 2.42862 2.47027 2.52099 2.57827 2.59623 2.62770 2.69020 2.72886 2.70650 2.62049 2.51002 2.40381 2.28295 2.02056 1.76832 1.53346 1.67764 1.78581 1.77920 1.56794 1.05868 0.49952 0.68308 0.55316 0.47991 0.54411 0.52004 0.53131 0.56334 0.51951 0.56348 0.68981 1.17355 1.75283
3.60169 3.65620 3.69771 3.73676 3.76395 3.75164 3.72366 3.72565 3.74477 3.74652 3.64151 3.59086 3.69924 3.75387 3.78135 3.74215 3.67958 3.54879 3.41814 3.38533 3.44787 3.46678 3.39903 3.34549 3.31235 3.15172 2.68796 2.43171 2.11403 1.85276 1.96247 2.16389 2.28343 2.33798 2.37959 2.45269 2.53741 2.60402 2.64966 2.64632 2.55525 2.36021 2.16541 2.13903 2.02380 2.18522 2.00530 1.85844 1.84514 1.82258 1.79318 1.66221 1.64740 1.61771 1.46369 0.64144 0.50910 0.35273 0.27710 0.27571 0.31999 0.48654 0.64113 0.91568 1.23273 1.62720
3.63884 3.63851 3.65932 3.67345 3.68493 3.68103 3.66175 3.65467 3.64921 3.65604 3.62153 3.68673 3.70176 3.72562 3.73282 3.66657 3.55429 3.44000 3.38109 3.42466 3.50840 3.53752 3.50863 3.45424 3.32884 3.03577 2.57576 2.27447 1.79592 1.66324 1.86338 2.01473 2.10638 2.19373 2.19596 2.20688 2.34907 2.50178 2.54775 2.49762 2.39364 2.28065 2.23289 2.10158 1.49632 1.79136 2.07480 1.95849 1.86378 1.81093 1.71530 1.50583 1.58926 1.75198 1.83598 1.70687 1.19678 0.38575 0.27764 0.31637 0.36166 0.57347 0.88078 1.24095 1.26811 1.48461
3.68749 3.66636 3.66517 3.63884 3.57213 3.59081 3.70677 3.71772 3.69302 3.68332 3.69450 3.70269 3.72742 3.71157 3.66974 3.58876 3.49899 3.44207 3.44546 3.51313 3.56090 3.55267 3.51950 3.44640 3.30586 2.94431 2.53188 2.18065 1.79088 1.79009 1.98979 1.94351 1.65123 1.68022 1.45062 1.36641 1.74724 2.19486 2.36920 2.32975 2.34594 2.28342 1.97576 1.38827 1.09464 1.31089 1.82775 1.98342 1.86435 1.75135 1.45493 0.71502 1.06976 1.54014 1.58164 1.53916 1.47287 1.14193 1.00829 0.83271 0.78096 1.11790 1.38780 1.42507 1.20770 1.39747
3.69070 3.67962 3.67522 3.64033 3.48744 3.56506 3.71760 3.76607 3.73577 3.69476 3.63922 3.63635 3.67240 3.65682 3.60953 3.55701 3.51945 3.50274 3.53843 3.58324 3.57378 3.52186 3.45253 3.32546 3.14070 2.85756 2.54033 2.23696 1.95794 1.90408 1.96254 1.62982 0.90911 0.71426 0.60732 0.59316 0.99543 1.78431 2.14579 2.14969 2.20717 2.10047 1.71675 0.86856 0.72841 0.68973 1.61443 1.94562 1.83065 1.65768 1.22985 0.54724 0.97166 0.99239 0.45345 0.44262 0.56360 0.59256 0.59953 0.65540 0.97630 1.33596 1.42260 1.28009 1.10283 1.56667
3.70872 3.69979 3.68888 3.65237 3.45049 3.53338 3.70066 3.70758 3.64646 3.58533 3.58327 3.62375 3.63776 3.61932 3.58915 3.57257 3.56153 3.58000 3.60759 3.58933 3.52730 3.43735 3.30822 3.08714 2.88283 2.75187 2.57539 2.35147 2.13284 1.99250 1.80617 1.13266 0.63150 0.51823 0.45498 0.42193 0.60108 1.47515 2.03512 2.07012 2.01237 1.77619 1.47775 0.89176 0.64335 0.79739 1.42228 1.89332 1.73805 1.22221 0.87779 1.07034 0.97741 0.60995 0.31736 0.18720 0.16235 0.19688 0.29162 0.43802 0.65241 1.07592 1.17208 1.01183 1.19797 1.76526
3.74830 3.72500 3.70955 3.65306 3.41807 3.51815 3.60629 3.59083 3.58078 3.60899 3.66116 3.68175 3.67409 3.64846 3.61809 3.60793 3.61496 3.63214 3.61415 3.56054 3.48462 3.37465 3.23097 3.08844 2.87515 2.74335 2.63105 2.45402 2.24099 2.09599 1.88544 1.12497 0.63081 0.53744 0.46381 0.55948 0.79007 1.17781 1.98193 1.84036 1.48127 1.33229 1.34513 1.30390 0.96451 0.81562 1.43288 1.86726 1.72370 1.15483 0.58920 0.77735 0.72711 0.70948 0.62307 0.23607 0.10017 0.09428 0.20306 0.40694 0.56394 0.75678 0.79316 0.91380 1.46627 1.94578
