mrvbf_slope1.3_pctl1.2.asc
NCOLS 410
NROWS 410
XLLCORNER 2398750.0000000000000000
YLLCORNER 2548750.0000000000000000
CELLSIZE 250.0000000000000000
NODATA_VALUE -99999.00000
[rows 87 to 115 of 410, columns 66 to 131 of 410]
7.82572 7.82454 7.82344 7.82382 7.82488 7.82435 7.82303 7.81911 7.81777 7.81406 7.81256 7.81592 7.81833 7.81749 7.81801 7.82112 7.82283 7.82265 7.82152 7.81912 7.81630 7.81596 7.81743 7.81853 7.81902 7.81881 7.81824 7.81791 7.81715 7.81565 7.81326 7.81037 7.80854 7.80829 7.80921 7.80994 7.80962 7.80841 7.80953 7.81028 7.81056 7.81077 7.81100 7.81135 7.81175 7.81263 7.81303 7.81155 7.81041 7.80983 7.80953 7.81006 7.81141 7.81228 7.81263 7.81265 7.81239 7.81219 7.81257 7.81283 7.81225 7.80992 7.80699 7.80783 7.80862 7.80618
7.82298 7.82286 7.82210 7.82244 7.82336 7.82290 7.82208 7.82098 7.81962 7.81870 7.81836 7.81601 7.81679 7.81708 7.81924 7.82159 7.82193 7.82084 7.81859 7.81612 7.81565 7.81719 7.81837 7.81867 7.81866 7.81822 7.81755 7.81665 7.81520 7.81273 7.80980 7.80813 7.80791 7.80850 7.80957 7.80965 7.80711 7.80519 7.80672 7.80767 7.80797 7.80807 7.80876 7.81014 7.81135 7.81229 7.81276 7.81201 7.81089 7.81022 7.81016 7.81099 7.81203 7.81176 7.81159 7.81216 7.81225 7.81229 7.81262 7.81245 7.81196 7.81100 7.81047 7.81034 7.80979 7.80797
7.82108 7.82063 7.81997 7.81996 7.81968 7.81839 7.81971 7.82189 7.82153 7.81978 7.81933 7.81708 7.81779 7.81899 7.82088 7.82121 7.81994 7.81764 7.81557 7.81533 7.81648 7.81768 7.81815 7.81815 7.81787 7.81743 7.81687 7.81571 7.81362 7.81090 7.80879 7.80846 7.80881 7.80974 7.81019 7.80890 7.80439 7.80506 7.80697 7.80755 7.80773 7.80785 7.80840 7.80956 7.81072 7.81152 7.81186 7.81162 7.81113 7.81080 7.81094 7.81159 7.81171 7.81059 7.81082 7.81194 7.81213 7.81211 7.81204 7.81171 7.81087 7.80994 7.80971 7.80978 7.80901 7.80674
7.82215 7.82074 7.81959 7.81861 7.81638 7.81576 7.81789 7.82008 7.81994 7.81861 7.81832 7.81752 7.81855 7.82004 7.82024 7.81868 7.81624 7.81469 7.81482 7.81599 7.81701 7.81746 7.81751 7.81733 7.81696 7.81656 7.81593 7.81464 7.81228 7.80977 7.80870 7.80918 7.80990 7.81045 7.80995 7.80696 7.80436 7.80703 7.80888 7.80920 7.80941 7.80975 7.80990 7.81024 7.81078 7.81113 7.81129 7.81129 7.81124 7.81124 7.81144 7.81168 7.81105 7.80942 7.80995 7.81127 7.81146 7.81142 7.81126 7.81082 7.80967 7.80878 7.80825 7.80775 7.80573 7.80219
7.82131 7.82104 7.82015 7.81848 7.81710 7.81803 7.81764 7.81740 7.81731 7.81773 7.81868 7.81878 7.81798 7.81829 7.81686 7.81408 7.81334 7.81434 7.81558 7.81647 7.81685 7.81686 7.81670 7.81641 7.81605 7.81557 7.81483 7.81363 7.81127 7.80868 7.80782 7.80839 7.80959 7.81011 7.80921 7.80643 7.80508 7.80704 7.80911 7.81019 7.81077 7.81108 7.81106 7.81117 7.81134 7.81138 7.81139 7.81143 7.81145 7.81149 7.81143 7.81101 7.80986 7.80842 7.80930 7.81058 7.81070 7.81054 7.81025 7.80982 7.80906 7.80773 7.80707 7.80546 7.80215 7.80073
7.81914 7.82007 7.81966 7.81727 7.81699 7.81782 7.81638 7.81537 7.81543 7.81688 7.81859 7.81788 7.81603 7.81481 7.81269 7.81217 7.81385 7.81522 7.81596 7.81612 7.81609 7.81598 7.81573 7.81537 7.81491 7.81429 7.81346 7.81231 7.81027 7.80766 7.80647 7.80730 7.80899 7.80938 7.80826 7.80603 7.80517 7.80664 7.80884 7.81043 7.81109 7.81108 7.81114 7.81141 7.81152 7.81147 7.81143 7.81139 7.81132 7.81122 7.81079 7.80971 7.80831 7.80815 7.80944 7.80992 7.80969 7.80929 7.80887 7.80844 7.80786 7.80642 7.80434 7.80226 7.80166 7.80322
7.81802 7.81770 7.81655 7.81494 7.81549 7.81572 7.81388 7.81312 7.81374 7.81596 7.81806 7.81635 7.81351 7.81176 7.81184 7.81370 7.81489 7.81520 7.81533 7.81523 7.81500 7.81476 7.81444 7.81400 7.81342 7.81252 7.81126 7.80987 7.80810 7.80623 7.80556 7.80681 7.80833 7.80834 7.80706 7.80540 7.80502 7.80648 7.80869 7.81029 7.81073 7.81077 7.81105 7.81121 7.81120 7.81111 7.81099 7.81088 7.81072 7.81048 7.80981 7.80861 7.80796 7.80872 7.80921 7.80884 7.80815 7.80742 7.80688 7.80656 7.80593 7.80316 7.79990 7.80018 7.80304 7.80534
7.81823 7.81582 7.81298 7.81346 7.81619 7.81437 7.81205 7.81102 7.81214 7.81507 7.81699 7.81417 7.81120 7.81161 7.81313 7.81401 7.81427 7.81434 7.81433 7.81396 7.81336 7.81293 7.81265 7.81220 7.81135 7.80977 7.80816 7.80683 7.80568 7.80524 7.80538 7.80624 7.80741 7.80741 7.80628 7.80492 7.80487 7.80650 7.80859 7.80991 7.81017 7.81043 7.81069 7.81068 7.81060 7.81048 7.81033 7.81019 7.80999 7.80965 7.80889 7.80786 7.80788 7.80842 7.80805 7.80699 7.80526 7.80345 7.80254 7.80257 7.80225 7.79964 7.79896 7.80223 7.80398 7.80492
7.81798 7.81533 7.81235 7.81269 7.81493 7.81430 7.81085 7.80908 7.81063 7.81420 7.81590 7.81280 7.81030 7.81143 7.81261 7.81290 7.81299 7.81309 7.81278 7.81195 7.81105 7.81029 7.80981 7.80921 7.80799 7.80648 7.80571 7.80504 7.80452 7.80472 7.80505 7.80588 7.80723 7.80737 7.80613 7.80469 7.80493 7.80668 7.80835 7.80923 7.80943 7.80982 7.81006 7.80996 7.80979 7.80960 7.80940 7.80920 7.80895 7.80854 7.80777 7.80671 7.80655 7.80690 7.80600 7.80315 7.79912 7.79666 7.79621 7.79721 7.79917 7.80067 7.80127 7.80206 7.80331 7.80456
7.81724 7.81552 7.81261 7.81228 7.81402 7.81341 7.80942 7.80717 7.80947 7.81355 7.81465 7.81196 7.80952 7.80997 7.81110 7.81150 7.81147 7.81118 7.81022 7.80920 7.80843 7.80754 7.80667 7.80574 7.80493 7.80473 7.80466 7.80414 7.80361 7.80342 7.80365 7.80509 7.80717 7.80748 7.80600 7.80425 7.80449 7.80593 7.80719 7.80818 7.80860 7.80898 7.80925 7.80906 7.80879 7.80851 7.80821 7.80786 7.80732 7.80668 7.80605 7.80501 7.80429 7.80426 7.80250 7.79770 7.79375 7.79356 7.79409 7.79500 7.79767 7.80185 7.80315 7.80316 7.80361 7.80349
7.81631 7.81502 7.81264 7.81222 7.81355 7.81219 7.80806 7.80598 7.80949 7.81348 7.81409 7.81157 7.80851 7.80820 7.80957 7.80997 7.80944 7.80808 7.80670 7.80630 7.80624 7.80572 7.80499 7.80434 7.80423 7.80453 7.80446 7.80395 7.80324 7.80249 7.80238 7.80374 7.80636 7.80779 7.80655 7.80409 7.80280 7.80339 7.80490 7.80657 7.80764 7.80789 7.80812 7.80791 7.80750 7.80693 7.80617 7.80534 7.80475 7.80452 7.80419 7.80324 7.80219 7.80160 7.79976 7.79537 7.79442 7.79673 7.79749 7.79639 7.79576 7.79985 7.80358 7.80456 7.80420 7.80209
7.81523 7.81367 7.81172 7.81234 7.81317 7.81119 7.80742 7.80603 7.80957 7.81276 7.81292 7.81024 7.80689 7.80631 7.80714 7.80714 7.80602 7.80383 7.80321 7.80423 7.80491 7.80500 7.80475 7.80473 7.80489 7.80527 7.80551 7.80490 7.80388 7.80369 7.80442 7.80466 7.80532 7.80749 7.80747 7.80567 7.80334 7.80205 7.80277 7.80459 7.80617 7.80640 7.80623 7.80584 7.80477 7.80282 7.80148 7.80185 7.80280 7.80338 7.80308 7.80199 7.80070 7.80004 7.79933 7.79701 7.79656 7.79915 7.80115 7.79951 7.79565 7.79665 7.80169 7.80375 7.80356 7.80098
7.81394 7.81211 7.81106 7.81229 7.81236 7.81028 7.80730 7.80624 7.80895 7.81130 7.81098 7.80817 7.80478 7.80341 7.80318 7.80232 7.80096 7.79957 7.80109 7.80328 7.80390 7.80467 7.80537 7.80590 7.80620 7.80651 7.80665 7.80558 7.80444 7.80479 7.80558 7.80462 7.80553 7.80752 7.80755 7.80669 7.80516 7.80294 7.80161 7.80256 7.80422 7.80492 7.80457 7.80374 7.80206 7.80036 7.80061 7.80202 7.80339 7.80394 7.80340 7.80212 7.80063 7.80007 7.80060 7.79967 7.79835 7.79955 7.80170 7.80123 7.79785 7.79551 7.79846 7.80207 7.80285 7.80060
7.81236 7.81097 7.81049 7.81127 7.81117 7.80962 7.80717 7.80571 7.80722 7.80876 7.80804 7.80472 7.80121 7.80050 7.79882 7.79709 7.79680 7.79747 7.79975 7.80222 7.80264 7.80448 7.80582 7.80638 7.80681 7.80694 7.80685 7.80592 7.80500 7.80503 7.80504 7.80482 7.80630 7.80714 7.80642 7.80541 7.80466 7.80328 7.80154 7.80135 7.80240 7.80335 7.80364 7.80327 7.80247 7.80226 7.80283 7.80288 7.80364 7.80429 7.80380 7.80281 7.80173 7.80058 7.80117 7.80077 7.79897 7.79937 7.80123 7.80164 7.79983 7.79684 7.79633 7.79983 7.80188 7.80039
7.81028 7.80975 7.80942 7.80970 7.80970 7.80868 7.80633 7.80379 7.80325 7.80349 7.80276 7.79984 7.79741 7.79660 7.79574 7.79734 7.79755 7.79833 7.79879 7.79912 7.80111 7.80361 7.80478 7.80561 7.80642 7.80670 7.80654 7.80590 7.80547 7.80548 7.80525 7.80568 7.80637 7.80570 7.80401 7.80289 7.80301 7.80329 7.80245 7.80096 7.80059 7.80125 7.80205 7.80248 7.80202 7.80043 7.79916 7.79918 7.80020 7.80121 7.80145 7.80140 7.80163 7.79979 7.79990 7.80043 7.79891 7.79925 7.80091 7.80119 7.79992 7.79756 7.79612 7.79847 7.80042 7.79837
7.80716 7.80743 7.80749 7.80757 7.80735 7.80629 7.80415 7.80054 7.79647 7.79480 7.79608 7.79621 7.79620 7.79672 7.79789 7.79869 7.79883 7.79955 7.80004 7.79949 7.80034 7.80231 7.80337 7.80475 7.80535 7.80591 7.80570 7.80513 7.80526 7.80579 7.80577 7.80592 7.80542 7.80368 7.80220 7.80219 7.80244 7.80322 7.80323 7.80127 7.79930 7.79919 7.80010 7.80080 7.80010 7.79813 7.79732 7.79772 7.79790 7.79788 7.79826 7.79830 7.79838 7.79815 7.79924 7.79918 7.79790 7.79902 7.80088 7.80063 7.79889 7.79685 7.79641 7.79810 7.79764 7.79439
7.80260 7.80304 7.80310 7.80309 7.80284 7.80192 7.80026 7.79660 7.79056 7.79011 7.79280 7.79518 7.79678 7.79785 7.79914 7.79972 7.80013 7.80022 7.80108 7.80237 7.80259 7.80220 7.80220 7.80359 7.80493 7.80515 7.80444 7.80363 7.80396 7.80462 7.80510 7.80532 7.80435 7.80264 7.80148 7.80155 7.80158 7.80260 7.80305 7.80193 7.79976 7.79820 7.79864 7.79965 7.79927 7.79868 7.79931 7.79970 7.79916 7.79770 7.79716 7.79710 7.79669 7.79734 7.79834 7.79650 7.79611 7.79829 7.79999 7.79953 7.79766 7.79593 7.79629 7.79785 7.79510 7.79387
7.79597 7.79602 7.79578 7.79630 7.79704 7.79754 7.79632 7.79410 7.79362 7.79408 7.79390 7.79570 7.79781 7.79927 7.80026 7.80074 7.80137 7.80087 7.80064 7.80113 7.80182 7.80191 7.80170 7.80352 7.80414 7.80415 7.80294 7.80223 7.80331 7.80348 7.80347 7.80396 7.80334 7.80275 7.80150 7.80052 7.80090 7.80190 7.80197 7.80171 7.80043 7.79851 7.79744 7.79872 7.79953 7.79980 7.80052 7.80062 7.80025 7.79896 7.79786 7.79764 7.79717 7.79649 7.79509 7.79373 7.79537 7.79772 7.79860 7.79757 7.79574 7.79457 7.79583 7.79750 7.79525 7.79242
7.79194 7.79222 7.79182 7.79391 7.79607 7.79776 7.79791 7.79822 7.79997 7.79986 7.79834 7.79804 7.79878 7.80008 7.80125 7.80167 7.80219 7.80192 7.80127 7.80069 7.80108 7.80168 7.80190 7.80271 7.80257 7.80212 7.80133 7.80115 7.80252 7.80308 7.80230 7.80182 7.80226 7.80162 7.80141 7.80106 7.80064 7.80058 7.80046 7.80042 7.80016 7.79949 7.79750 7.79705 7.79907 7.79961 7.80022 7.80026 7.79996 7.79903 7.79843 7.79820 7.79759 7.79602 7.79266 7.79037 7.79304 7.79641 7.79754 7.79620 7.79381 7.79277 7.79468 7.79697 7.79693 7.79457
7.79126 7.79487 7.79606 7.79746 7.79929 7.80049 7.80120 7.80147 7.80159 7.80157 7.80128 7.80080 7.80038 7.80069 7.80098 7.80048 7.80078 7.80166 7.80220 7.80186 7.80164 7.80173 7.80190 7.80164 7.79965 7.79859 7.79923 7.79902 7.80041 7.80094 7.80102 7.80129 7.80189 7.80135 7.80111 7.80088 7.80050 7.80023 7.79934 7.79843 7.79825 7.79854 7.79834 7.79580 7.79702 7.79851 7.79918 7.79907 7.79872 7.79832 7.79850 7.79837 7.79772 7.79651 7.79365 7.78903 7.78879 7.79263 7.79521 7.79504 7.79259 7.79127 7.79341 7.79615 7.79702 7.79631
7.79127 7.79713 7.79872 7.79928 7.80075 7.80116 7.80148 7.80170 7.80173 7.80169 7.80154 7.80124 7.80077 7.80041 7.79895 7.79766 7.79769 7.79911 7.80051 7.80152 7.80144 7.80092 7.79992 7.79879 7.79769 7.79606 7.79470 7.79733 7.79859 7.79872 7.79916 7.80005 7.80067 7.79990 7.79934 7.79904 7.79922 7.79891 7.79760 7.79673 7.79731 7.79730 7.79661 7.79547 7.79493 7.79609 7.79721 7.79759 7.79779 7.79802 7.79821 7.79798 7.79746 7.79659 7.79470 7.79089 7.78825 7.78928 7.79103 7.79172 7.79046 7.79011 7.79294 7.79560 7.79609 7.79498
7.79370 7.79930 7.80012 7.80061 7.80070 7.80053 7.80034 7.80069 7.80104 7.80103 7.80075 7.80020 7.79956 7.79865 7.79701 7.79539 7.79694 7.79588 7.79663 7.79856 7.79905 7.79832 7.79590 7.79354 7.79317 7.79338 7.79579 7.79627 7.79710 7.79748 7.79794 7.79820 7.79673 7.79504 7.79454 7.79450 7.79607 7.79645 7.79561 7.79464 7.79586 7.79594 7.79517 7.79617 7.79529 7.79477 7.79512 7.79599 7.79711 7.79755 7.79751 7.79731 7.79689 7.79617 7.79482 7.79229 7.78953 7.78818 7.78783 7.78769 7.78813 7.79060 7.79359 7.79500 7.79399 7.79096
7.79595 7.79981 7.80092 7.80001 7.79926 7.79920 7.79880 7.79877 7.79917 7.79932 7.79875 7.79759 7.79664 7.79645 7.79625 7.79280 7.79041 7.79173 7.79500 7.79395 7.79439 7.79371 7.79259 7.79330 7.79314 7.79329 7.79450 7.79219 7.79201 7.79358 7.79663 7.79490 7.79331 7.79301 7.79347 7.79305 7.79273 7.79473 7.79374 7.79138 7.79287 7.79533 7.79543 7.79416 7.79382 7.79422 7.79556 7.79539 7.79533 7.79649 7.79667 7.79648 7.79613 7.79561 7.79478 7.79329 7.79122 7.78948 7.78865 7.78877 7.79023 7.79232 7.79344 7.79343 7.79068 7.78748
7.79569 7.79909 7.79885 7.79692 7.79684 7.79730 7.79708 7.79672 7.79667 7.79668 7.79604 7.79487 7.79410 7.79401 7.79233 7.79034 7.79045 7.78938 7.78981 7.79097 7.79122 7.79099 7.79198 7.79359 7.79189 7.79219 7.79035 7.78732 7.78693 7.78757 7.79354 7.79347 7.79278 7.79427 7.79365 7.79143 7.79172 7.79145 7.79028 7.79137 7.79022 7.79303 7.79406 7.79238 7.79202 7.79337 7.79462 7.79445 7.79461 7.79523 7.79570 7.79554 7.79525 7.79488 7.79436 7.79361 7.79258 7.79160 7.79087 7.79005 7.78902 7.79008 7.79148 7.79191 7.78945 7.78701
7.79516 7.79743 7.79542 7.79461 7.79577 7.79649 7.79638 7.79578 7.79539 7.79550 7.79559 7.79504 7.79466 7.79354 7.79064 7.78618 7.78417 7.78817 7.78982 7.78975 7.78948 7.78957 7.79079 7.79166 7.79045 7.79022 7.78698 7.78609 7.78847 7.78405 7.79002 7.79271 7.79175 7.79337 7.79391 7.79151 7.79011 7.78898 7.78849 7.78702 7.78850 7.78948 7.79071 7.79049 7.79139 7.79280 7.79403 7.79394 7.79426 7.79393 7.79457 7.79449 7.79421 7.79392 7.79362 7.79321 7.79270 7.79207 7.79050 7.78816 7.78808 7.78946 7.78957 7.79072 7.78927 7.78624
7.79530 7.79547 7.79412 7.79542 7.79682 7.79721 7.79719 7.79649 7.79582 7.79615 7.79682 7.79625 7.79554 7.79458 7.79112 7.78701 7.78547 7.78884 7.79042 7.78952 7.78906 7.78913 7.78953 7.78968 7.78930 7.78905 7.78857 7.78916 7.78679 7.78454 7.79056 7.79278 7.79133 7.79240 7.79399 7.79259 7.79081 7.79084 7.79121 7.78931 7.78694 7.78641 7.78755 7.78883 7.79140 7.79254 7.79311 7.79292 7.79325 7.79301 7.79322 7.79293 7.79256 7.79252 7.79257 7.79228 7.79189 7.79125 7.78950 7.78756 7.78789 7.78815 7.78876 7.78990 7.78931 7.78675
7.79597 7.79480 7.79493 7.79672 7.79755 7.79766 7.79794 7.79755 7.79682 7.79640 7.79699 7.79687 7.79550 7.79307 7.79005 7.78900 7.78880 7.78903 7.79031 7.78943 7.78942 7.78962 7.78928 7.78875 7.78872 7.78955 7.79072 7.79016 7.78613 7.78681 7.79206 7.79209 7.79038 7.79125 7.79297 7.79310 7.79253 7.79256 7.79226 7.79069 7.78895 7.78805 7.78455 7.78717 7.78861 7.79153 7.79226 7.79221 7.79232 7.79244 7.79205 7.79162 7.79126 7.79081 7.79095 7.79084 7.79055 7.78992 7.78828 7.78686 7.78754 7.78777 7.78702 7.78713 7.78804 7.78706
7.79658 7.79446 7.79460 7.79632 7.79652 7.79668 7.79717 7.79690 7.79653 7.79629 7.79675 7.79681 7.79605 7.79336 7.78935 7.78827 7.78871 7.78980 7.78902 7.78952 7.79059 7.79091 7.79030 7.78914 7.78867 7.78943 7.79009 7.78835 7.78555 7.78766 7.79139 7.79008 7.78873 7.79016 7.79206 7.79269 7.79267 7.79251 7.79217 7.79120 7.78998 7.78843 7.78702 7.78292 7.78732 7.78985 7.79137 7.79165 7.79162 7.79139 7.79115 7.79115 7.79082 7.78959 7.78899 7.78921 7.78882 7.78807 7.78587 7.78405 7.78458 7.78472 7.78381 7.78361 7.78511 7.78590
7.79567 7.79329 7.79250 7.79344 7.79415 7.79580 7.79679 7.79668 7.79633 7.79619 7.79598 7.79570 7.79519 7.79422 7.79139 7.78815 7.78721 7.78817 7.78866 7.79095 7.79198 7.79230 7.79205 7.79058 7.78971 7.78949 7.78856 7.78574 7.78295 7.78492 7.78778 7.78713 7.78750 7.78969 7.79123 7.79168 7.79178 7.79174 7.79155 7.79103 7.79010 7.78840 7.78577 7.78494 7.78631 7.78963 7.79076 7.79076 7.79053 7.79001 7.78978 7.79018 7.78999 7.78865 7.78735 7.78772 7.78736 7.78616 7.78286 7.78089 7.78224 7.78366 7.78382 7.78281 7.78265 7.78423
