mrvbf_slope0.8_pctl1.3.asc
NCOLS 410
NROWS 410
XLLCORNER 2398750.0000000000000000
YLLCORNER 2548750.0000000000000000
CELLSIZE 250.0000000000000000
NODATA_VALUE -99999.00000
[rows 319 to 347 of 410, columns 66 to 131 of 410]
4.41026 4.44457 4.46189 4.46624 4.46269 4.43980 4.40649 4.36437 4.31849 4.29799 4.32181 4.36696 4.37532 4.33066 4.31191 4.35215 4.27823 4.15573 4.14721 4.19055 4.23896 4.33247 4.42059 4.43120 4.39758 4.39100 4.42021 4.43439 4.41671 4.45087 4.45452 4.43210 4.46608 4.50816 4.52251 4.51645 4.51551 4.50603 4.46682 4.46664 4.50619 4.52564 4.52162 4.51975 4.52951 4.54438 4.54230 4.50953 4.49429 4.52108 4.54620 4.53478 4.50301 4.48303 4.50019 4.54450 4.57277 4.56533 4.56974 4.57717 4.57094 4.57490 4.59576 4.58508 4.55937 4.55550
4.30650 4.36931 4.41541 4.44367 4.45162 4.44801 4.43382 4.40747 4.35066 4.28451 4.27805 4.32188 4.29254 4.22112 4.22975 4.24971 4.13054 4.07668 4.13153 4.25526 4.33534 4.39413 4.43322 4.40361 4.39253 4.42416 4.45440 4.42416 4.38076 4.40088 4.38343 4.39663 4.47070 4.52424 4.54039 4.54027 4.53161 4.49601 4.46578 4.49053 4.53408 4.54873 4.54420 4.53094 4.52476 4.52697 4.52325 4.51672 4.53233 4.56095 4.57043 4.53283 4.47721 4.43200 4.41742 4.45704 4.51864 4.51523 4.52310 4.54143 4.53559 4.53975 4.57898 4.59090 4.55375 4.55771
4.17927 4.25048 4.36136 4.42353 4.43830 4.43359 4.42726 4.42002 4.38118 4.31545 4.30329 4.31391 4.27277 4.20116 4.16620 4.17474 4.12024 4.19117 4.24732 4.33923 4.42951 4.44015 4.40725 4.37981 4.41724 4.46427 4.46121 4.38656 4.36566 4.33612 4.27564 4.36020 4.47810 4.52987 4.54134 4.54131 4.52661 4.48570 4.47075 4.49989 4.52702 4.53614 4.52561 4.48550 4.47431 4.50210 4.52422 4.54606 4.57200 4.58644 4.57054 4.51345 4.46613 4.43206 4.36970 4.33873 4.39529 4.44223 4.49088 4.51741 4.50507 4.48736 4.53661 4.58924 4.56147 4.55002
4.06344 4.10676 4.28911 4.37556 4.40757 4.41487 4.41086 4.39593 4.36137 4.32384 4.34249 4.36209 4.33985 4.31327 4.28682 4.27984 4.27141 4.33715 4.34541 4.39281 4.45120 4.44644 4.40321 4.40580 4.45629 4.47433 4.42806 4.37761 4.39012 4.31328 4.23618 4.32165 4.44506 4.50396 4.52965 4.53641 4.52603 4.49347 4.46881 4.46776 4.48032 4.48710 4.45958 4.41846 4.45820 4.52251 4.55551 4.57939 4.59357 4.58969 4.56203 4.49898 4.47103 4.47580 4.41036 4.31331 4.32270 4.43420 4.51007 4.52526 4.50624 4.46170 4.47727 4.54715 4.54725 4.54468
4.01149 3.95774 4.11911 4.23006 4.29626 4.34610 4.37881 4.36794 4.32968 4.29929 4.33069 4.36513 4.33875 4.33841 4.37316 4.35078 4.34181 4.37530 4.36140 4.41245 4.43631 4.40026 4.34656 4.37020 4.43802 4.43395 4.38619 4.37670 4.35980 4.33231 4.30428 4.30850 4.38002 4.44692 4.49322 4.52148 4.52373 4.50429 4.47524 4.44979 4.44112 4.42489 4.36594 4.33253 4.42455 4.52756 4.57244 4.58852 4.59965 4.59127 4.55626 4.50044 4.47517 4.48343 4.46373 4.40350 4.38927 4.47490 4.54131 4.54504 4.51858 4.46903 4.44361 4.49615 4.52736 4.55844
4.05327 3.94180 3.96894 4.05577 4.13245 4.20989 4.27015 4.28545 4.25140 4.22124 4.26941 4.33866 4.34206 4.35228 4.38358 4.33236 4.31130 4.33496 4.34262 4.39557 4.35994 4.29228 4.20620 4.20835 4.31228 4.28441 4.24097 4.27540 4.32024 4.35982 4.34576 4.31058 4.33511 4.38885 4.43446 4.46569 4.48067 4.48954 4.48781 4.47472 4.45327 4.41368 4.33113 4.22020 4.27514 4.45281 4.55363 4.58493 4.58885 4.58149 4.54979 4.49927 4.46316 4.45832 4.46610 4.45609 4.41892 4.49726 4.55850 4.55482 4.52969 4.48537 4.44202 4.46651 4.52723 4.58455
4.07114 4.00096 3.96033 3.99521 4.04873 4.10231 4.14404 4.15517 4.11216 4.03816 4.03470 4.12382 4.18185 4.22445 4.29479 4.24990 4.21220 4.23851 4.24273 4.28646 4.19585 4.14569 4.07561 3.96718 4.00158 3.96502 4.00413 4.08578 4.09618 4.19031 4.25000 4.27034 4.30447 4.36153 4.39883 4.40344 4.42621 4.46892 4.50092 4.50673 4.48772 4.45289 4.38948 4.24879 4.16970 4.36512 4.52226 4.56915 4.57595 4.57268 4.55294 4.50725 4.45711 4.45555 4.46928 4.43581 4.47684 4.54959 4.55989 4.54057 4.53714 4.51968 4.47460 4.46236 4.51267 4.57966
3.94892 4.01615 4.00219 3.99725 4.03130 4.07240 4.08386 4.08383 4.05424 3.94853 3.86517 3.87070 3.90768 3.92855 4.03561 4.08144 4.03940 4.10499 4.07506 4.05979 3.94500 4.00902 4.02538 3.85530 3.74111 3.79244 3.94485 4.05759 3.98013 4.00991 4.11494 4.18973 4.25838 4.34859 4.40211 4.38664 4.39529 4.43670 4.48799 4.50800 4.49598 4.48158 4.43774 4.27987 4.15981 4.31140 4.46976 4.52026 4.52837 4.52111 4.50306 4.46327 4.41921 4.44047 4.49081 4.48010 4.52193 4.53338 4.50683 4.50492 4.53530 4.55348 4.52656 4.48649 4.48819 4.54087
3.77419 3.93520 3.99111 3.97516 3.99462 4.05242 4.08905 4.09507 4.08725 4.02499 3.91800 3.83183 3.79951 3.76006 3.74536 3.79576 3.81868 3.94651 3.87967 3.77077 3.80650 3.93657 3.99870 3.89393 3.84462 3.93600 4.09285 4.14640 4.05777 3.99765 4.03938 4.10285 4.16728 4.28181 4.37993 4.39682 4.37825 4.38693 4.46208 4.50246 4.49279 4.47330 4.43635 4.28673 4.19091 4.25583 4.31937 4.36497 4.37151 4.33648 4.24890 4.12068 4.16374 4.29985 4.36990 4.37009 4.40743 4.37653 4.37441 4.43312 4.50447 4.55163 4.55415 4.51429 4.47548 4.48344
3.57175 3.69779 3.81864 3.86071 3.87393 3.96087 4.09487 4.14271 4.13323 4.10311 4.00703 3.88500 3.82031 3.77649 3.65234 3.56554 3.70032 3.80052 3.71679 3.67360 3.84908 3.93994 4.00668 4.01393 4.05917 4.11668 4.19788 4.22682 4.14703 3.99410 3.96615 4.02824 4.03381 4.11668 4.28680 4.35672 4.34486 4.32948 4.40405 4.48125 4.50459 4.48766 4.44345 4.30775 4.22144 4.23158 4.19445 4.14528 4.13789 4.14173 4.06182 3.99439 4.10411 4.23578 4.27431 4.23851 4.23967 4.24689 4.32322 4.38548 4.44148 4.51143 4.54837 4.52696 4.48749 4.46866
3.40987 3.40148 3.49725 3.62883 3.70287 3.77515 3.96267 4.10756 4.08890 4.04253 3.97935 3.91413 3.86610 3.79841 3.62502 3.54835 3.67207 3.71416 3.66562 3.69262 3.82358 3.94918 4.04524 4.12493 4.16498 4.17221 4.17682 4.16949 4.11963 4.04423 3.91369 3.86575 3.85547 3.91268 4.07810 4.15338 4.20490 4.17347 4.21783 4.36827 4.47764 4.49914 4.44489 4.28573 4.15352 4.24881 4.30837 4.26457 4.26225 4.31158 4.29945 4.29606 4.34499 4.36803 4.36949 4.34783 4.32027 4.36644 4.40497 4.40267 4.41749 4.47447 4.51104 4.50767 4.49370 4.49224
3.46953 3.33474 3.34445 3.47096 3.59791 3.65447 3.75197 3.92037 3.96674 3.96273 3.94975 3.94903 3.91967 3.81121 3.65753 3.65826 3.77169 3.82459 3.75912 3.74901 3.80249 3.95787 4.10382 4.21819 4.26079 4.26010 4.24506 4.18866 4.08827 4.10438 4.00463 3.83350 3.77027 3.86238 4.08051 4.20267 4.22929 4.16873 4.09543 4.16924 4.37836 4.45127 4.36050 4.26900 4.21916 4.31068 4.43282 4.44239 4.44064 4.43333 4.41108 4.37034 4.41598 4.46908 4.48304 4.47090 4.44445 4.44658 4.43881 4.42017 4.43582 4.47463 4.48506 4.48758 4.48333 4.47947
3.73043 3.61572 3.49022 3.49076 3.58840 3.65123 3.68472 3.79482 3.92262 3.98115 4.02483 4.07023 4.05315 3.94083 3.84861 3.88148 3.93060 4.03388 3.95571 4.00298 3.98763 4.03861 4.14684 4.24433 4.28662 4.29623 4.32911 4.29264 4.13129 4.11861 4.10231 4.08299 3.89656 3.81830 4.05780 4.26735 4.31386 4.28284 4.19178 4.08400 4.25528 4.41059 4.33658 4.33529 4.29346 4.34922 4.46163 4.48507 4.47282 4.42845 4.39327 4.38723 4.44163 4.49444 4.51461 4.50723 4.47754 4.44868 4.41319 4.40784 4.45743 4.50701 4.50497 4.50284 4.48409 4.45564
3.93239 3.82823 3.71698 3.62460 3.66207 3.71169 3.72229 3.82084 3.98566 4.10718 4.18250 4.21844 4.18378 4.08515 3.98682 3.94006 4.00486 4.12185 4.03826 3.97151 4.10821 4.10232 4.10367 4.17153 4.26236 4.30219 4.32501 4.31496 4.24720 4.18153 4.18641 4.22003 4.06826 3.85345 3.97672 4.24438 4.29393 4.27794 4.25971 4.10384 4.17158 4.38522 4.37990 4.35686 4.38219 4.41119 4.44589 4.44683 4.41614 4.35954 4.31156 4.36477 4.47215 4.51928 4.52301 4.48981 4.46229 4.43615 4.34690 4.34424 4.45428 4.52591 4.52506 4.52834 4.50724 4.45325
3.89133 3.81239 3.77012 3.69900 3.75149 3.83703 3.84449 3.91812 4.09117 4.22069 4.26613 4.25415 4.20352 4.12140 4.02522 3.96739 3.97627 4.05113 4.01464 3.84802 3.92545 3.98514 3.97749 4.09889 4.25289 4.27385 4.24997 4.26486 4.26454 4.19086 4.13323 4.11292 4.01867 3.83561 3.86560 4.09349 4.19281 4.17903 4.16356 4.12563 4.12752 4.31956 4.40272 4.39787 4.42516 4.46829 4.45258 4.43380 4.39220 4.34942 4.34733 4.39040 4.45824 4.52406 4.53168 4.47638 4.44549 4.44269 4.28483 4.25428 4.44090 4.52035 4.52375 4.52894 4.50828 4.43943
3.75507 3.66914 3.63471 3.60009 3.65835 3.75235 3.83373 3.98119 4.17342 4.27587 4.27387 4.19850 4.05643 3.86085 3.68779 3.57152 3.51109 3.55788 3.61226 3.57422 3.71470 3.70740 3.79226 4.02015 4.11248 4.09716 4.12960 4.14097 4.20791 4.14374 4.16559 4.12532 3.96355 3.80425 3.73656 3.87234 4.13448 4.20586 4.16209 4.19787 4.18801 4.22152 4.31249 4.41368 4.43144 4.42409 4.41392 4.40996 4.39075 4.39026 4.43617 4.42032 4.44936 4.51186 4.51900 4.46847 4.44138 4.42555 4.29759 4.21346 4.38253 4.47299 4.50937 4.52489 4.48269 4.41887
3.73734 3.68626 3.51641 3.45137 3.54533 3.72326 3.90978 4.10722 4.25106 4.27899 4.20182 4.02514 3.80109 3.60075 3.44708 3.27650 3.04437 2.98626 3.28900 3.54089 3.58302 3.48665 3.71970 3.88763 3.85601 3.96670 4.11759 4.15118 4.12526 4.18966 4.22046 4.08789 3.89529 3.66511 3.59608 3.86288 4.12628 4.09526 4.12917 4.24001 4.23433 4.07257 4.06251 4.23289 4.40212 4.44356 4.38754 4.34748 4.36577 4.41056 4.46874 4.44897 4.43319 4.44950 4.45451 4.44109 4.45984 4.41293 4.36315 4.35978 4.36563 4.41499 4.48233 4.51057 4.47473 4.41182
3.70655 3.70195 3.44309 3.37946 3.54713 3.82015 4.06579 4.19735 4.25821 4.22283 4.05407 3.82450 3.64861 3.49434 3.34127 3.09017 2.52176 1.86848 2.31564 3.18182 3.46680 3.43818 3.61115 3.65542 3.74731 3.91953 4.01307 4.13223 4.12456 4.16747 4.14759 4.02971 3.87127 3.61073 3.53166 3.73682 3.78954 3.74226 3.80012 3.92713 4.03972 4.04692 4.05605 4.04390 4.24510 4.36959 4.30924 4.27646 4.31543 4.37940 4.43446 4.43715 4.42731 4.42879 4.44084 4.44670 4.43399 4.41198 4.44250 4.45797 4.41616 4.40176 4.43956 4.48883 4.47136 4.39683
3.63990 3.57977 3.35617 3.32365 3.50251 3.72040 3.99390 4.15967 4.19256 4.09476 3.86357 3.70138 3.60656 3.46039 3.27923 2.99379 2.63308 1.96422 1.38262 1.90511 2.90746 3.31175 3.55394 3.62788 3.79963 3.81828 3.89980 4.00808 4.04553 4.05085 3.99569 3.93828 3.86181 3.67142 3.52085 3.54577 3.57142 3.65620 3.65274 3.73618 3.91399 4.16757 4.20436 4.13516 4.20587 4.28790 4.23674 4.23373 4.30654 4.39663 4.44985 4.46488 4.48444 4.49639 4.50304 4.49676 4.43184 4.40150 4.41465 4.42526 4.42561 4.39289 4.40965 4.44665 4.42378 4.37750
3.66174 3.54944 3.33691 3.26705 3.40337 3.52895 3.71060 3.95068 3.97523 3.79028 3.65748 3.66661 3.63643 3.45975 3.27895 3.08744 3.01733 3.10654 2.64147 2.07745 2.41205 3.21055 3.64867 3.72958 3.86175 3.75124 3.83493 3.94095 3.94476 3.90289 3.82525 3.75900 3.75781 3.66237 3.49822 3.50911 3.59501 3.72258 3.71777 3.70833 3.83992 4.08881 4.18750 4.20587 4.27353 4.26770 4.20784 4.26365 4.37637 4.45877 4.49778 4.49721 4.50949 4.52642 4.52984 4.51774 4.46619 4.40387 4.38146 4.39869 4.40407 4.39304 4.40864 4.38107 4.34811 4.34105
3.67441 3.62248 3.38979 3.30091 3.40921 3.47529 3.52457 3.62329 3.61172 3.52686 3.55230 3.66479 3.65974 3.46372 3.36814 3.41607 3.28377 3.06457 2.91482 3.03833 2.90574 3.25879 3.77394 3.90688 3.97534 3.89830 3.87128 3.97119 3.84721 3.78831 3.69425 3.58254 3.54013 3.42029 3.19713 3.16479 3.39761 3.70549 3.91306 3.80613 3.82151 3.96940 4.11291 4.19988 4.26741 4.22833 4.22772 4.34957 4.44843 4.49401 4.51408 4.51467 4.51196 4.53063 4.53445 4.51904 4.49376 4.45633 4.45350 4.42903 4.39631 4.41498 4.44214 4.37986 4.34083 4.28879
3.67255 3.64978 3.41882 3.32912 3.41394 3.47252 3.49090 3.51722 3.51120 3.53712 3.61095 3.62890 3.57465 3.46864 3.51284 3.74896 3.59957 3.48583 3.35129 3.38322 3.36411 3.46283 3.85854 3.96549 4.03850 4.07544 4.06322 3.93476 3.81642 3.82694 3.71502 3.54938 3.40711 3.18373 2.77730 2.44172 2.97819 3.53817 3.81416 3.85258 3.89767 4.00123 4.10007 4.16491 4.17978 4.17972 4.28243 4.41324 4.47436 4.50388 4.51860 4.52337 4.51094 4.51839 4.52174 4.51009 4.51130 4.50530 4.48203 4.43841 4.39561 4.43864 4.47460 4.42528 4.39109 4.24341
3.61201 3.55739 3.41088 3.31580 3.36332 3.43960 3.49913 3.56784 3.62650 3.72375 3.77530 3.63830 3.54072 3.54818 3.67383 3.86014 3.85402 4.02070 3.92015 3.75996 3.63308 3.61565 3.93785 4.09802 4.15729 4.20154 4.14966 3.93035 3.93937 4.03321 3.95441 3.79126 3.59240 3.28692 2.88417 2.34841 2.38768 3.19272 3.67420 3.94121 3.99637 4.04825 4.09351 4.13627 4.09794 4.14253 4.30454 4.41933 4.47045 4.49099 4.50664 4.50463 4.50146 4.50821 4.49462 4.48708 4.50152 4.49717 4.45576 4.39802 4.39815 4.47379 4.49550 4.46604 4.40376 4.28976
3.60263 3.54374 3.42885 3.35038 3.37552 3.43484 3.50755 3.62034 3.70935 3.74851 3.67959 3.55461 3.55158 3.71294 3.88580 3.93460 4.04410 4.22823 4.18616 3.95391 3.67750 3.58223 3.90913 4.16400 4.19774 4.18741 4.13305 4.02385 4.04964 4.11245 4.16489 4.12354 3.88895 3.45674 3.14702 3.13857 2.33296 2.92865 3.56172 3.99366 4.04573 4.04277 4.03959 4.04382 4.03071 4.10543 4.22901 4.34873 4.43461 4.46647 4.47920 4.48405 4.48960 4.47062 4.43810 4.43901 4.45267 4.43899 4.39853 4.37511 4.44245 4.51453 4.49975 4.46456 4.41762 4.33067
3.64630 3.62351 3.51134 3.42513 3.43307 3.45484 3.49168 3.57833 3.58691 3.55212 3.50406 3.50283 3.62772 3.80833 3.96111 4.03089 4.18643 4.26800 4.14929 3.89482 3.73741 3.51133 3.71307 4.00123 4.05154 4.06088 4.08727 4.06493 4.10959 4.10573 4.14717 4.11122 3.98954 3.66825 3.23783 2.93392 2.71262 3.19679 3.67788 3.99296 4.03470 4.00155 3.93931 3.91962 4.02086 4.13923 4.17714 4.24825 4.35046 4.42709 4.46315 4.47557 4.44578 4.37717 4.35516 4.38307 4.38789 4.35129 4.32118 4.36945 4.47351 4.52445 4.48417 4.44073 4.43373 4.35201
3.65523 3.65264 3.53551 3.44280 3.46694 3.47272 3.45785 3.46372 3.43655 3.43093 3.47461 3.61959 3.82311 3.88999 3.90831 3.95583 4.11320 4.23053 4.15830 3.94782 3.78775 3.65372 3.75546 3.92503 3.95535 3.94891 3.93736 4.03241 3.95980 3.89005 3.95442 3.94705 3.97646 3.99103 3.63942 3.38178 3.32140 3.51510 3.85841 3.91085 3.92680 3.90524 3.82547 3.85164 4.02651 4.18202 4.19314 4.20557 4.26442 4.36042 4.43062 4.42234 4.32935 4.26060 4.31750 4.36755 4.33654 4.24738 4.22514 4.34921 4.47854 4.51833 4.47606 4.44056 4.45601 4.38887
3.60710 3.61936 3.44792 3.39161 3.51235 3.48971 3.39287 3.37478 3.39733 3.45143 3.55661 3.72009 3.85879 3.97732 3.92280 3.82863 3.88060 4.07751 4.18933 4.07202 3.85045 3.85208 3.95710 3.92534 3.88075 3.84525 3.87070 3.92173 3.81959 3.82455 3.88162 3.79816 3.74796 3.94906 4.01273 3.74111 3.54748 3.62931 3.86491 3.89357 3.87530 3.84151 3.83390 3.87920 3.97944 4.12898 4.19552 4.20633 4.21828 4.25514 4.30380 4.27473 4.21133 4.26658 4.37333 4.40409 4.32117 4.15873 4.12818 4.31288 4.46043 4.49944 4.46456 4.43245 4.44714 4.41910
3.58923 3.64174 3.36689 3.36030 3.48923 3.42661 3.39543 3.45271 3.54651 3.61202 3.63574 3.69140 3.82282 3.92191 3.94904 3.86495 3.79722 3.91349 4.09011 4.00137 3.84120 3.90892 3.94829 3.81286 3.76356 3.78207 3.89791 3.98754 3.91727 3.98381 4.01699 3.82692 3.61245 3.73785 3.91575 3.70412 3.53327 3.53945 3.71408 3.82758 3.86560 3.85372 3.90972 3.93295 3.94889 4.06070 4.17456 4.21900 4.23105 4.22014 4.21692 4.21336 4.25659 4.34812 4.41478 4.42821 4.33877 4.14716 4.07316 4.23890 4.40457 4.44923 4.42556 4.40689 4.42723 4.43198
3.58581 3.66190 3.39918 3.31718 3.39763 3.41397 3.48926 3.56953 3.75030 3.78099 3.72133 3.69270 3.74573 3.87610 3.88341 3.87053 3.81343 3.91066 4.03993 3.89598 3.76713 3.78702 3.80512 3.73252 3.72722 3.77664 3.88901 4.08800 4.00020 4.00345 4.06799 3.94797 3.61806 3.64381 3.77927 3.71429 3.56746 3.55385 3.63832 3.79095 3.89743 3.93988 3.95319 3.90255 3.90362 4.00168 4.15715 4.23991 4.25111 4.24467 4.24359 4.26553 4.33462 4.40742 4.42503 4.41449 4.36208 4.20778 4.09170 4.18982 4.36068 4.40599 4.38457 4.39184 4.42902 4.44238
