mrvbf_slope0.5_pctl1.asc
NCOLS 410
NROWS 410
XLLCORNER 2398750.0000000000000000
YLLCORNER 2548750.0000000000000000
CELLSIZE 250.0000000000000000
NODATA_VALUE -99999.00000
[rows 377 to 405 of 410, columns 66 to 131 of 410]
2.64016 2.86208 3.12662 3.26491 3.13597 2.86528 2.73092 2.73015 2.69064 2.77865 2.78328 2.65693 2.43838 2.31770 2.37643 2.47969 2.57080 2.43264 2.25141 2.19142 2.32000 2.44681 2.47602 2.51983 2.47844 2.25824 2.04144 1.96970 2.23088 2.48512 2.63202 2.73655 2.72462 2.68917 2.81178 3.14517 2.88396 2.55625 2.50844 2.63767 2.77779 2.29532 1.61993 1.13979 0.57842 0.38844 0.38385 0.47063 0.80020 1.69551 2.25617 2.49833 2.45957 2.36189 2.50289 2.70580 2.77262 2.63826 2.50255 2.44198 2.38750 2.34706 2.32160 2.20150 2.15731 2.30515
2.61357 2.81617 3.01243 3.07343 2.94635 2.81729 2.80308 2.87598 2.89802 2.98548 2.90654 2.74638 2.60185 2.47127 2.38746 2.45281 2.53625 2.48233 2.36004 2.44134 2.54456 2.54960 2.56449 2.59321 2.63111 2.56039 2.29610 1.90060 2.00016 2.36691 2.57763 2.55408 2.60455 2.62975 2.69889 2.98369 3.07054 2.69993 2.59261 2.76541 2.83366 2.30658 1.78897 1.70936 1.23094 0.48417 0.53942 0.72298 1.52158 2.38980 2.71633 2.84144 2.55481 2.39903 2.56931 2.89223 2.76179 2.55262 2.33365 2.08284 2.01526 2.16405 2.29204 2.31638 2.30179 2.26684
2.57092 2.74292 2.89028 2.92448 2.87332 2.81766 2.85573 2.94109 2.88721 3.00359 2.77966 2.75333 2.71331 2.72002 2.56965 2.46514 2.47409 2.46918 2.48135 2.63007 2.73656 2.74464 2.83601 2.66537 2.68203 2.77623 2.72972 2.24361 1.73942 1.88618 2.18044 2.33182 2.48279 2.54441 2.63291 2.81519 2.91173 2.69850 2.62800 2.73707 2.68271 2.36000 2.17256 2.32238 1.52045 1.05511 1.39247 1.85719 2.40127 2.73578 2.81756 2.76593 2.55484 2.51794 2.67242 2.85565 2.71502 2.55461 2.32090 1.98860 1.92009 2.16560 2.37313 2.49606 2.46234 2.25241
2.55301 2.70710 2.86236 2.95064 2.92928 2.90029 2.99571 3.15389 3.09243 2.92498 2.86305 2.80925 2.75748 2.81578 2.83022 2.57830 2.44642 2.42480 2.49904 2.70003 2.90103 2.69209 2.58977 2.64031 2.78114 2.95032 2.93352 2.62334 2.29862 1.88001 2.02873 2.26042 2.35959 2.46971 2.58193 2.63885 2.58736 2.50693 2.50532 2.57403 2.52704 2.40509 2.48541 2.56806 1.70212 1.63217 2.04151 2.50944 3.00668 3.23423 3.11502 2.86009 2.65681 2.64340 2.68985 2.72394 2.67447 2.53911 2.41525 2.40230 2.34411 2.38121 2.54326 2.68837 2.57829 2.24537
2.62106 2.82851 3.04714 3.12753 2.94073 2.84073 2.96460 3.17867 3.20015 3.09775 2.96306 2.78106 2.71140 2.69413 2.65043 2.50704 2.39458 2.36831 2.38594 2.46242 2.53634 2.53261 2.60638 2.77675 3.01443 3.20311 3.12379 2.84187 2.65190 2.48702 2.37566 2.28217 2.26019 2.40766 2.47374 2.46936 2.42072 2.44148 2.54532 2.58118 2.47539 2.42710 2.60446 2.48698 1.97238 2.00860 2.36761 2.82718 3.32848 3.43203 3.29661 2.95725 2.78157 2.78709 2.67596 2.66832 2.69425 2.51244 2.43970 2.64402 2.57502 2.50910 2.63444 2.75662 2.55822 2.24804
2.84091 3.16435 3.20266 2.99495 2.79608 2.70672 2.73408 2.89634 3.15691 3.02754 2.81089 2.65162 2.55409 2.45826 2.36332 2.29311 2.26626 2.25478 2.20777 2.18353 2.21909 2.36829 2.57974 2.84016 3.12575 3.24064 3.12093 2.91126 2.67661 2.46284 2.31732 2.21842 2.15081 2.21271 2.21371 2.27131 2.32415 2.47385 2.55568 2.51638 2.38576 2.37452 2.41909 2.26869 2.18748 2.28841 2.45463 2.71815 3.11958 3.27780 3.15378 2.85470 2.74462 2.78558 2.76915 2.67353 2.60746 2.44232 2.31694 2.45746 2.45317 2.40072 2.47493 2.55747 2.48067 2.30235
2.88191 3.01552 2.89378 2.77143 2.72903 2.68043 2.65873 2.73502 2.92440 2.79539 2.65837 2.54548 2.41312 2.25980 2.14162 2.09118 2.10693 2.11003 2.05428 1.96884 1.89440 1.93501 2.19993 2.48455 2.76088 3.03533 2.94584 2.72518 2.51623 2.26223 1.94951 2.02353 2.05193 1.95165 1.98542 2.11777 2.27663 2.35079 2.37514 2.30859 2.27113 2.33489 2.30482 2.12281 2.12004 2.23172 2.36282 2.54089 2.70563 2.81874 2.78244 2.70047 2.63443 2.64496 2.74764 2.70022 2.49686 2.17526 1.91261 1.84437 1.91715 2.04069 2.13143 2.17423 2.31349 2.36981
2.58016 2.62663 2.65932 2.69643 2.72716 2.71061 2.64867 2.68293 2.73731 2.65758 2.57626 2.48716 2.35440 2.17680 2.03345 1.95700 1.96461 1.99308 1.98018 1.88296 1.76941 1.71475 1.89447 2.28239 2.56348 2.82760 2.82426 2.65513 2.49043 2.33710 2.11124 1.88769 1.94125 1.87678 1.92521 2.01153 2.17735 2.23514 2.21483 2.21723 2.30302 2.38669 2.37333 2.13946 2.04582 2.13785 2.26691 2.44617 2.57756 2.63455 2.63053 2.61098 2.57095 2.56266 2.62848 2.62272 2.34688 1.60966 1.07935 1.14007 1.32614 1.56789 1.63498 1.64835 1.83455 2.17528
2.34705 2.43271 2.54248 2.65226 2.71659 2.67430 2.65318 2.69740 2.63586 2.56485 2.52261 2.50993 2.40669 2.19344 1.98326 1.87625 1.88796 1.95716 2.02226 1.96885 1.87334 1.82769 1.93417 2.27588 2.52463 2.69562 2.74623 2.66843 2.55029 2.40154 2.26509 2.14739 1.93120 1.86989 1.87729 1.96486 2.03179 2.12543 2.22948 2.29697 2.36073 2.43902 2.47295 2.36683 2.18590 2.16658 2.24784 2.41461 2.53974 2.56282 2.55778 2.56575 2.56499 2.54595 2.58235 2.56215 2.22181 1.29513 1.20948 1.40030 1.40380 1.44730 1.37532 1.40077 1.51696 1.68048
2.04647 2.19548 2.42442 2.55979 2.62319 2.64042 2.63717 2.61335 2.55600 2.47856 2.50266 2.59062 2.49383 2.17572 1.88535 1.95617 1.99383 2.09553 2.21937 2.17865 1.89636 1.59321 1.83011 2.20640 2.44707 2.57348 2.63357 2.64754 2.63554 2.49912 2.33333 2.21025 2.24884 2.25866 2.02033 1.92701 1.98830 2.05898 2.18122 2.28674 2.28934 2.36726 2.44571 2.50550 2.41016 2.26288 2.23803 2.39477 2.50584 2.49139 2.49975 2.54685 2.54750 2.49408 2.51359 2.48933 2.30109 1.85903 1.58732 1.95828 2.02362 1.68066 1.39634 1.35537 1.50420 1.56218
2.13072 2.11751 2.32256 2.50383 2.57058 2.53857 2.43159 2.43636 2.47390 2.50193 2.54858 2.60283 2.51430 2.13279 1.85290 2.25001 2.34247 2.38317 2.50139 2.40109 1.91503 1.15865 1.27904 1.83951 2.28185 2.48876 2.55197 2.53376 2.49009 2.45525 2.39754 2.30631 2.38031 2.36777 2.06326 1.80379 1.91828 2.12906 2.24869 2.26544 2.15731 2.17385 2.30005 2.45541 2.50915 2.31149 2.12339 2.27079 2.35191 2.36668 2.45663 2.53332 2.51453 2.47048 2.41056 2.41448 2.38267 2.19043 1.98646 1.96859 1.88607 1.54537 1.22883 1.12551 1.45800 1.67102
2.40960 2.25950 2.33522 2.50813 2.57391 2.47123 2.27477 2.31004 2.52383 2.57086 2.61776 2.74471 2.57223 2.23799 1.88046 2.25720 2.47694 2.55968 2.65883 2.46603 2.03788 1.66605 1.13568 1.57856 2.19425 2.47308 2.53074 2.46307 2.32394 2.24137 2.28642 2.26580 2.13964 1.74103 1.33567 1.25155 1.58255 2.08448 2.38040 2.28695 2.15716 2.10510 2.19403 2.36900 2.48913 2.36769 2.02071 1.84308 2.10141 2.30570 2.44124 2.48993 2.45492 2.47776 2.44982 2.39484 2.32961 2.14612 1.94003 1.70213 1.33670 1.07262 0.85066 0.80287 1.26024 1.67271
2.34811 2.31132 2.46050 2.54694 2.61232 2.47376 2.45679 2.45004 2.51906 2.56785 2.64463 2.78609 2.73955 2.48190 2.24304 2.32264 2.55001 2.73769 2.90621 2.61305 2.28438 2.17391 1.84017 1.79829 2.25759 2.51268 2.55598 2.45518 2.31724 2.19788 2.26429 2.18615 1.81117 1.17002 0.94599 0.87720 1.14768 1.80548 2.22566 2.26336 2.31772 2.27672 2.25887 2.37580 2.48135 2.34396 1.63957 1.04530 1.84459 2.30778 2.31604 2.36102 2.42267 2.42615 2.47019 2.40445 2.26806 2.05317 1.70787 1.25251 0.77448 0.70874 0.73527 0.92848 1.32457 1.51246
2.36319 2.50237 2.64628 2.62685 2.50929 2.39492 2.42638 2.35322 2.22478 2.22125 2.32913 2.48152 2.61159 2.54902 2.40702 2.41499 2.60372 2.88596 3.08530 2.74333 2.46743 2.37020 2.20936 2.06313 2.31185 2.52966 2.57077 2.46736 2.44026 2.42516 2.34870 2.18469 1.92972 1.56088 1.55918 1.30723 1.08964 1.60940 2.03775 2.28624 2.44314 2.38059 2.38649 2.42951 2.41895 1.96183 0.73306 0.50423 1.43769 1.94571 2.02123 2.24241 2.45296 2.42286 2.41208 2.38168 2.22103 1.84822 1.31707 0.58551 0.48525 0.50683 0.74815 1.25650 1.44739 1.41049
2.54478 2.57656 2.68338 2.67854 2.47052 2.33581 2.31644 2.13150 1.66618 1.38359 1.63144 2.10458 2.29846 2.18035 2.03502 2.22038 2.50124 2.67212 2.87370 2.68208 2.49258 2.43722 2.27642 2.12384 2.30989 2.52395 2.58790 2.47816 2.44175 2.49199 2.30026 2.16334 2.19462 2.02159 1.76921 2.01401 1.70253 1.83688 2.15489 2.29720 2.35017 2.37805 2.46765 2.41195 2.17989 1.45411 0.50069 0.41179 0.74475 1.41112 1.57879 1.96413 2.35200 2.44788 2.40921 2.32557 1.97826 1.62521 0.88315 0.51877 0.43323 0.50659 0.97557 1.49380 1.41804 1.23684
2.57002 2.55063 2.58402 2.66581 2.53035 2.38245 2.42728 2.31526 2.15360 2.17261 1.99674 2.17955 2.14217 1.44925 1.44112 2.00000 2.41617 2.56392 2.70141 2.63481 2.48743 2.44722 2.30116 2.14236 2.23094 2.43385 2.52122 2.41619 2.32127 2.30383 2.15090 2.07882 2.02763 1.88803 1.93865 2.17211 2.13871 2.18177 2.32194 2.40801 2.32282 2.33680 2.43995 2.33451 1.98936 1.00640 0.51517 0.49621 0.57448 0.76709 1.10518 1.49041 1.94878 2.23829 2.18877 1.86196 1.64930 1.24444 0.76573 0.80116 0.89937 1.10837 1.53163 1.59882 1.38884 1.23592
2.58537 2.53991 2.60044 2.65206 2.60510 2.42108 2.32602 2.42795 2.42853 2.26551 2.42975 2.55974 2.44285 2.13900 2.12360 2.26166 2.40729 2.53224 2.67750 2.67594 2.52800 2.43832 2.38636 2.18979 1.98082 2.02942 2.12691 2.11292 2.13347 2.16268 2.15945 2.09996 1.74088 1.27086 1.37749 1.86872 2.15495 2.30963 2.24274 2.34446 2.38726 2.35573 2.34781 2.36315 2.23114 1.58211 0.77405 0.59874 0.50713 0.54990 0.71108 1.28044 1.62596 1.83790 1.72350 1.51941 1.02725 0.67220 0.62082 1.09428 1.32833 1.51457 1.72238 1.67713 1.53721 1.50679
2.54454 2.56530 2.65967 2.68607 2.58360 2.37997 2.23397 2.46891 2.47729 2.38893 2.59105 2.88420 2.72228 2.52561 2.47172 2.50719 2.50535 2.51025 2.58997 2.63435 2.56015 2.46541 2.35006 1.95816 1.48479 1.42490 1.62334 1.76173 2.01179 2.24176 2.30725 2.20992 1.95939 1.93985 1.75706 1.97921 2.19122 2.27848 2.15320 1.95204 2.07129 2.11100 2.18546 2.35394 2.42877 2.13355 1.46012 0.68474 0.49652 0.44960 0.63920 1.21465 1.56774 1.66646 1.53283 1.02490 0.57894 0.52668 0.56001 0.97518 1.14550 1.44245 1.71327 1.75544 1.76001 1.67534
2.26819 2.44063 2.59733 2.67551 2.51366 2.25726 2.35750 2.62613 2.60125 2.32969 2.51044 2.84039 3.10740 2.82601 2.67824 2.61657 2.53842 2.44980 2.44576 2.45109 2.34766 2.13624 1.85906 1.38083 0.76593 0.56358 0.74212 1.41333 1.91912 2.29659 2.37277 2.18401 2.01337 2.22881 1.99518 2.09542 2.21819 2.21316 2.04117 1.73342 1.63138 1.69883 1.91102 2.12217 2.26061 2.22323 1.75827 1.13952 0.60712 0.65993 0.76067 1.27267 1.55506 1.59274 1.34781 0.81265 0.59129 0.62083 0.62682 0.85500 1.17056 1.47843 1.75452 1.83014 1.81088 1.72843
2.12794 2.25594 2.52021 2.68856 2.54122 2.44869 2.53332 2.52362 2.48914 2.41515 2.53218 2.78326 3.05866 2.76646 2.55591 2.50097 2.49459 2.43542 2.36936 2.27973 2.02211 1.66567 1.48404 1.27061 0.80272 0.75582 0.68369 1.24463 1.86689 2.14474 2.19676 1.94207 1.73497 1.86424 1.77955 1.91283 2.04217 1.95029 1.73553 1.59661 1.41546 1.49507 1.82016 2.01243 2.03562 1.95254 1.75297 1.40030 0.76102 0.74948 0.92479 1.33034 1.50330 1.53478 1.39815 1.00681 0.67079 0.64527 0.73144 0.86240 1.20335 1.53717 1.79479 1.75760 1.65132 1.69035
2.34188 2.39899 2.52033 2.66065 2.61636 2.57103 2.56614 2.58370 2.59948 2.59258 2.73229 2.91358 2.73197 2.51687 2.40773 2.47506 2.53112 2.51496 2.45987 2.30532 1.95776 1.81011 2.04060 2.08003 1.36059 1.07036 1.22189 1.61880 2.00008 1.99337 1.84450 1.61540 1.38129 1.57272 1.61797 1.74867 1.72346 1.56210 1.22471 1.19342 1.47506 1.66498 1.94551 2.15241 2.06717 1.80897 1.55617 0.97174 0.66656 0.66713 0.86863 1.11041 1.29004 1.45454 1.50842 1.23747 0.58298 0.46837 0.52134 0.63852 1.13763 1.52797 1.76426 1.65042 1.60529 1.72697
2.45050 2.55738 2.60709 2.61415 2.71512 2.73482 2.73244 2.89342 3.02392 2.95328 2.90618 2.65085 2.45372 2.26507 2.32117 2.52892 2.58723 2.59252 2.55729 2.35148 2.00809 2.01915 2.42699 2.51567 2.30888 1.98462 2.06760 2.22289 2.23943 1.83109 1.42629 1.01471 1.33896 1.69769 1.67575 1.71761 1.34348 0.64971 0.58602 0.68520 1.22395 1.83896 2.11824 2.35310 2.22486 1.80858 1.34773 0.99819 0.71392 0.61742 0.72959 0.66973 1.04964 1.48745 1.53398 1.00415 0.48047 0.36409 0.42356 0.54118 1.00363 1.49809 1.63444 1.55878 1.61202 1.74945
2.68280 2.72035 2.60424 2.52726 2.56565 2.66379 2.79001 3.13345 3.31085 3.06125 2.63733 2.34816 1.95413 1.76172 2.12143 2.39423 2.54543 2.60662 2.56658 2.30833 1.89978 1.97299 2.38786 2.61008 2.53200 2.38035 2.39786 2.39816 2.14700 1.51183 0.91132 0.96849 1.52902 1.77216 1.76735 1.65835 0.68011 0.44360 0.42537 0.50119 0.71110 1.48339 2.05933 2.42319 2.29134 2.08160 1.82308 1.51499 1.00074 0.53676 0.55421 0.52510 0.86809 1.48075 1.26298 0.63647 0.38625 0.32489 0.42052 0.55390 0.98627 1.51347 1.52905 1.46658 1.54496 1.66117
3.06949 2.66615 2.47506 2.39397 2.36407 2.50970 2.67025 3.00465 3.19700 2.74013 2.38521 1.79913 1.21885 1.22941 1.56264 2.12242 2.47515 2.52999 2.40998 2.11689 1.78035 2.07120 2.39891 2.57837 2.47047 2.41215 2.34144 2.38364 2.01051 1.33727 1.27567 1.33175 1.56108 1.69699 1.75330 1.70324 0.71265 0.38117 0.35505 0.40260 0.57090 1.33772 1.88652 2.20323 2.13195 2.17867 2.03192 1.68362 1.24266 0.79944 0.64101 0.50537 0.60626 0.98748 0.79929 0.61764 0.42649 0.41818 0.51037 0.60334 0.86482 1.52192 1.58497 1.54697 1.50680 1.47653
2.79695 2.42620 2.11669 2.00974 1.91666 2.25782 2.54802 2.76078 2.81292 2.48635 1.89015 1.15711 0.80786 0.80798 1.05641 1.69112 2.09246 2.07392 1.88017 1.66484 1.42798 2.11655 2.47612 2.63704 2.52751 2.43918 2.38878 2.39202 1.99637 1.54012 1.44231 1.35546 1.09066 1.21883 1.56558 1.69119 1.43840 0.56624 0.40377 0.46630 0.57271 1.27152 1.78601 1.79873 1.68104 1.80137 1.95349 1.79388 1.57596 1.09951 0.51630 0.36512 0.47121 0.67243 0.70093 0.68500 0.51821 0.45640 0.57528 0.63717 0.79942 1.50699 1.69874 1.62657 1.49759 1.47030
2.37139 1.87365 1.32828 1.52489 1.41315 1.54048 2.15273 2.40589 2.37262 1.97813 1.40986 0.73450 0.64631 0.61456 0.70399 1.26721 1.64963 1.55880 1.07051 0.77439 0.74650 1.42231 2.31329 2.62280 2.60844 2.51575 2.40738 2.29513 2.07935 1.77444 1.43633 0.82859 0.61379 0.67293 1.28018 1.65580 1.62608 1.03009 0.70939 0.93387 1.03462 1.26538 1.43399 1.19528 1.00502 1.27040 1.65044 1.80687 1.66470 1.35748 0.60323 0.45614 0.53414 0.48962 0.53834 0.62748 0.41471 0.40774 0.58859 0.65663 0.74615 1.39129 1.71016 1.60521 1.55024 1.55401
1.66356 0.95290 1.02279 1.33755 1.32055 1.12961 1.35120 1.67771 1.59784 1.11717 0.61466 0.56175 0.51954 0.46868 0.52547 0.83644 1.12203 0.62202 0.51891 0.51648 0.54270 0.77112 1.91598 2.49208 2.50917 2.37372 2.17928 1.96143 1.86382 1.73511 1.41637 0.68148 0.54395 0.72546 1.27107 1.74007 1.71608 1.60116 1.68400 1.80208 1.47078 0.85696 0.58650 0.50837 0.52990 0.61677 1.12318 1.54341 1.49352 1.43106 1.19264 0.78900 0.63699 0.40260 0.41831 0.57983 0.45036 0.54343 0.61391 0.61688 0.62701 0.90466 1.52367 1.40477 1.15314 1.01306
0.75716 0.61646 1.05552 1.18629 0.99542 0.98148 0.85035 0.74981 0.45903 0.37898 0.38828 0.40368 0.37851 0.35179 0.41893 0.63605 0.75452 0.43421 0.34612 0.39183 0.49436 0.63142 1.49142 2.32530 2.34470 2.09057 1.76077 1.38400 1.33838 1.22363 0.83530 0.58942 0.50846 0.71503 1.34855 1.79313 1.72053 1.52269 1.48131 1.66219 1.09384 0.48935 0.36783 0.34722 0.44920 0.44142 0.58014 0.74217 1.14294 1.35212 1.41189 1.22200 0.77197 0.62719 0.55830 0.54472 0.56277 0.71570 0.73741 0.60893 0.53162 0.59776 1.03851 1.07722 0.70390 0.53637
-99999.00000 -99999.00000 -99999.00000 -99999.00000 -99999.00000 -99999.00000 -99999.00000 -99999.00000 -99999.00000 -99999.00000 -99999.00000 -99999.00000 -99999.00000 -99999.00000 -99999.00000 -99999.00000 -99999.00000 -99999.00000 -99999.00000 -99999.00000 -99999.00000 -99999.00000 -99999.00000 -99999.00000 -99999.00000 -99999.00000 -99999.00000 -99999.00000 -99999.00000 -99999.00000 -99999.00000 -99999.00000 -99999.00000 -99999.00000 -99999.00000 -99999.00000 -99999.00000 -99999.00000 -99999.00000 -99999.00000 -99999.00000 -99999.00000 -99999.00000 -99999.00000 -99999.00000 -99999.00000 -99999.00000 -99999.00000 -99999.00000 -99999.00000 -99999.00000 -99999.00000 -99999.00000 -99999.00000 -99999.00000 -99999.00000 -99999.00000 -99999.00000 -99999.00000 -99999.00000 -99999.00000 -99999.00000 -99999.00000 -99999.00000 -99999.00000 -99999.00000
