mrvbf_slope1.5_pctl1.5.asc
NCOLS 410
NROWS 410
XLLCORNER 2398750.0000000000000000
YLLCORNER 2548750.0000000000000000
CELLSIZE 250.0000000000000000
NODATA_VALUE -99999.00000
[rows 29 to 57 of 410, columns 66 to 131 of 410]
7.87436 7.87283 7.86901 7.86686 7.86959 7.87210 7.87216 7.87115 7.87059 7.87101 7.87188 7.87227 7.87223 7.87206 7.87186 7.87160 7.87121 7.87062 7.86963 7.86847 7.86795 7.86814 7.86864 7.86874 7.86776 7.86623 7.86517 7.86555 7.86651 7.86728 7.86768 7.86753 7.86670 7.86309 7.84026 7.81879 7.82911 7.82315 7.83352 7.86076 7.86489 7.86493 7.86105 7.85227 7.86013 7.86349 7.86385 7.86391 7.86382 7.86342 7.86269 7.86190 7.86121 7.85734 7.84230 7.84328 7.82810 7.85048 7.85916 7.86035 7.86058 7.86035 7.85997 7.85907 7.85889 7.85898
7.87384 7.87297 7.86998 7.86679 7.86822 7.87105 7.87179 7.87099 7.87030 7.87040 7.87112 7.87166 7.87174 7.87158 7.87127 7.87084 7.87026 7.86927 7.86766 7.86674 7.86691 7.86727 7.86784 7.86833 7.86769 7.86607 7.86443 7.86431 7.86586 7.86656 7.86685 7.86696 7.86635 7.86320 7.85378 7.84431 7.82901 7.84008 7.84231 7.86104 7.86464 7.86481 7.86421 7.86255 7.86352 7.86327 7.86327 7.86318 7.86281 7.86246 7.86195 7.86146 7.86120 7.85925 7.85401 7.83713 7.84577 7.85791 7.86009 7.86001 7.85983 7.85977 7.85948 7.85834 7.85799 7.85821
7.87240 7.87274 7.87129 7.86816 7.86766 7.86992 7.87110 7.87060 7.86994 7.86994 7.87060 7.87114 7.87118 7.87094 7.87050 7.86989 7.86907 7.86741 7.86564 7.86562 7.86632 7.86636 7.86669 7.86760 7.86751 7.86593 7.86397 7.86370 7.86486 7.86543 7.86582 7.86628 7.86554 7.85984 7.83896 7.84242 7.84620 7.83907 7.84301 7.86047 7.86417 7.86416 7.86373 7.86366 7.86246 7.86217 7.86160 7.86175 7.86185 7.86169 7.86115 7.86058 7.86039 7.85982 7.85766 7.84383 7.83921 7.85151 7.85526 7.85807 7.85835 7.85854 7.85866 7.85815 7.85767 7.85782
7.86908 7.87116 7.87149 7.86937 7.86803 7.86943 7.87025 7.86979 7.86934 7.86957 7.87032 7.87070 7.87059 7.87018 7.86953 7.86858 7.86719 7.86533 7.86459 7.86537 7.86621 7.86546 7.86536 7.86676 7.86716 7.86578 7.86343 7.86301 7.86404 7.86491 7.86496 7.86450 7.86418 7.86158 7.84652 7.82786 7.83734 7.83881 7.85759 7.86267 7.86313 7.85977 7.86034 7.85909 7.85780 7.86001 7.86118 7.86141 7.86138 7.86086 7.86022 7.85985 7.85924 7.85867 7.85296 7.83801 7.83612 7.82810 7.83177 7.84560 7.85505 7.85666 7.85771 7.85759 7.85726 7.85694
7.86744 7.86877 7.87098 7.86964 7.86848 7.86915 7.86928 7.86885 7.86893 7.86961 7.87017 7.87023 7.86990 7.86921 7.86814 7.86684 7.86549 7.86461 7.86473 7.86576 7.86640 7.86493 7.86416 7.86571 7.86650 7.86546 7.86313 7.86269 7.86369 7.86405 7.86405 7.86402 7.86406 7.86281 7.85910 7.84631 7.85130 7.85077 7.86089 7.86183 7.85522 7.83603 7.84939 7.84016 7.84616 7.85526 7.86031 7.86101 7.86082 7.86024 7.86027 7.85959 7.85940 7.85869 7.85628 7.84965 7.83392 7.82092 7.83055 7.81194 7.84383 7.85444 7.85584 7.85645 7.85635 7.85639
7.86547 7.86780 7.87029 7.86956 7.86905 7.86896 7.86877 7.86888 7.86937 7.86977 7.86984 7.86961 7.86901 7.86791 7.86673 7.86579 7.86509 7.86485 7.86524 7.86610 7.86635 7.86484 7.86329 7.86407 7.86522 7.86490 7.86346 7.86263 7.86289 7.86311 7.86310 7.86331 7.86362 7.86258 7.86167 7.85817 7.85410 7.85860 7.86134 7.85794 7.82948 7.82838 7.84248 7.83077 7.83249 7.84829 7.85837 7.85995 7.85991 7.85964 7.85954 7.85962 7.85940 7.85900 7.85807 7.85658 7.85377 7.84498 7.81357 7.82844 7.82629 7.84982 7.85428 7.85461 7.85514 7.85594
7.86550 7.86802 7.86841 7.86873 7.86956 7.86952 7.86944 7.86954 7.86958 7.86949 7.86929 7.86885 7.86792 7.86675 7.86599 7.86554 7.86525 7.86518 7.86549 7.86611 7.86623 7.86511 7.86345 7.86265 7.86337 7.86418 7.86420 7.86314 7.86230 7.86198 7.86214 7.86221 7.86221 7.86265 7.86234 7.86172 7.86034 7.86131 7.85888 7.85505 7.83574 7.81938 7.83241 7.82928 7.83773 7.85263 7.85821 7.85949 7.85962 7.85937 7.85895 7.85866 7.85818 7.85847 7.85779 7.85709 7.85726 7.85615 7.84392 7.82428 7.84358 7.85003 7.85363 7.85362 7.85380 7.85395
7.86736 7.86564 7.86467 7.86678 7.86878 7.86946 7.86948 7.86930 7.86912 7.86890 7.86858 7.86796 7.86689 7.86604 7.86569 7.86553 7.86535 7.86516 7.86523 7.86568 7.86594 7.86537 7.86423 7.86296 7.86250 7.86338 7.86428 7.86363 7.86235 7.86130 7.86107 7.86136 7.86116 7.86160 7.86223 7.86218 7.86085 7.85695 7.84656 7.84847 7.84960 7.84044 7.85125 7.85163 7.85180 7.85511 7.85762 7.85877 7.85902 7.85892 7.85862 7.85806 7.85770 7.85792 7.85736 7.85699 7.85676 7.85662 7.85468 7.84858 7.85004 7.85263 7.85253 7.85300 7.85275 7.84951
7.86455 7.86112 7.86220 7.86484 7.86651 7.86808 7.86856 7.86850 7.86835 7.86813 7.86775 7.86697 7.86606 7.86568 7.86559 7.86545 7.86509 7.86460 7.86429 7.86445 7.86487 7.86502 7.86466 7.86385 7.86280 7.86249 7.86344 7.86359 7.86267 7.86133 7.86041 7.86049 7.86063 7.86067 7.86114 7.86113 7.85913 7.84788 7.84746 7.83980 7.84874 7.85365 7.85578 7.85705 7.85519 7.85450 7.85716 7.85856 7.85862 7.85793 7.85762 7.85741 7.85746 7.85740 7.85727 7.85686 7.85623 7.85619 7.85570 7.85438 7.85217 7.85234 7.85280 7.85225 7.84973 7.84836
7.86130 7.85938 7.86378 7.86512 7.86495 7.86558 7.86621 7.86691 7.86722 7.86709 7.86662 7.86594 7.86559 7.86559 7.86557 7.86518 7.86451 7.86369 7.86298 7.86275 7.86312 7.86367 7.86388 7.86366 7.86294 7.86225 7.86257 7.86311 7.86277 7.86169 7.86027 7.85954 7.85962 7.85987 7.86005 7.85996 7.85954 7.85365 7.83482 7.84538 7.85232 7.85632 7.85576 7.85693 7.85471 7.85509 7.85705 7.85797 7.85760 7.85687 7.85669 7.85662 7.85685 7.85656 7.85634 7.85613 7.85561 7.85560 7.85550 7.85477 7.85384 7.85339 7.85347 7.85279 7.85046 7.84131
7.86128 7.85885 7.86267 7.86543 7.86595 7.86481 7.86394 7.86458 7.86561 7.86591 7.86568 7.86548 7.86549 7.86557 7.86537 7.86481 7.86418 7.86338 7.86242 7.86164 7.86163 7.86211 7.86252 7.86277 7.86277 7.86221 7.86186 7.86235 7.86246 7.86184 7.86053 7.85902 7.85852 7.85889 7.85900 7.85865 7.85824 7.84906 7.81903 7.82482 7.82597 7.84731 7.85403 7.85480 7.85546 7.85587 7.85693 7.85714 7.85627 7.85396 7.85366 7.85516 7.85603 7.85589 7.85503 7.85497 7.85477 7.85523 7.85512 7.85422 7.85418 7.85402 7.85350 7.85339 7.85135 7.84065
7.86409 7.85994 7.86032 7.86309 7.86489 7.86522 7.86534 7.86466 7.86522 7.86567 7.86561 7.86545 7.86539 7.86528 7.86490 7.86459 7.86424 7.86372 7.86300 7.86200 7.86112 7.86117 7.86137 7.86170 7.86221 7.86186 7.86109 7.86148 7.86188 7.86146 7.86052 7.85877 7.85769 7.85840 7.85896 7.85824 7.85355 7.82683 7.81210 7.79530 7.78972 7.82439 7.85041 7.85174 7.85451 7.85588 7.85619 7.85564 7.85252 7.84570 7.84733 7.85083 7.85414 7.85437 7.85457 7.85400 7.85377 7.85427 7.85438 7.85380 7.85362 7.85309 7.85300 7.85321 7.85187 7.84629
7.86604 7.86341 7.86115 7.86140 7.86234 7.86283 7.86307 7.86411 7.86507 7.86545 7.86537 7.86516 7.86498 7.86468 7.86446 7.86433 7.86404 7.86367 7.86325 7.86266 7.86169 7.86099 7.86074 7.86045 7.86086 7.86119 7.86023 7.86048 7.86111 7.86076 7.85991 7.85787 7.85641 7.85747 7.85858 7.85856 7.85645 7.84385 7.79359 7.77784 7.78240 7.80449 7.83766 7.82336 7.84575 7.85387 7.85505 7.85398 7.84912 7.84586 7.84740 7.84860 7.85324 7.85358 7.85403 7.85375 7.85361 7.85341 7.85375 7.85298 7.85278 7.85227 7.85181 7.85234 7.85188 7.84835
7.86425 7.86511 7.86347 7.86212 7.86175 7.86189 7.86244 7.86311 7.86365 7.86401 7.86418 7.86429 7.86434 7.86404 7.86393 7.86382 7.86357 7.86328 7.86297 7.86260 7.86208 7.86134 7.86071 7.85966 7.85931 7.86048 7.85968 7.85947 7.86011 7.85983 7.85859 7.85580 7.85494 7.85665 7.85799 7.85842 7.85714 7.85379 7.83569 7.79960 7.78281 7.80397 7.81835 7.80056 7.81373 7.84905 7.85385 7.85291 7.84983 7.84947 7.85080 7.85212 7.85310 7.85299 7.85285 7.85242 7.85314 7.85288 7.85319 7.85227 7.85212 7.85151 7.85116 7.85117 7.85088 7.84560
7.85983 7.86464 7.86497 7.86358 7.86276 7.86271 7.86295 7.86289 7.86278 7.86271 7.86279 7.86314 7.86349 7.86339 7.86334 7.86321 7.86295 7.86267 7.86240 7.86214 7.86181 7.86135 7.86068 7.85949 7.85871 7.85946 7.85953 7.85881 7.85860 7.85813 7.85638 7.85442 7.85521 7.85687 7.85712 7.85762 7.85712 7.85549 7.85028 7.82790 7.79833 7.83019 7.83904 7.80249 7.81743 7.84976 7.85321 7.85112 7.84818 7.85149 7.85262 7.85145 7.85221 7.85279 7.85191 7.85254 7.85210 7.85212 7.85252 7.85198 7.85196 7.85123 7.85004 7.85010 7.85048 7.84949
7.85591 7.86172 7.86458 7.86446 7.86323 7.86306 7.86336 7.86310 7.86275 7.86229 7.86194 7.86225 7.86273 7.86280 7.86273 7.86250 7.86215 7.86167 7.86128 7.86113 7.86102 7.86077 7.86027 7.85947 7.85874 7.85880 7.85918 7.85862 7.85749 7.85667 7.85591 7.85594 7.85588 7.85508 7.85534 7.85576 7.85570 7.85536 7.85120 7.83108 7.82906 7.82144 7.84113 7.82323 7.84347 7.85309 7.85190 7.84798 7.84231 7.84640 7.85096 7.84942 7.85128 7.85194 7.85213 7.85255 7.85188 7.85155 7.85150 7.85121 7.85083 7.85003 7.84953 7.84980 7.85014 7.84979
7.85610 7.85992 7.86344 7.86374 7.86199 7.86216 7.86273 7.86286 7.86252 7.86178 7.86131 7.86166 7.86215 7.86221 7.86203 7.86157 7.86063 7.85946 7.85908 7.85944 7.85983 7.85999 7.85985 7.85939 7.85872 7.85825 7.85816 7.85794 7.85743 7.85706 7.85708 7.85715 7.85608 7.85516 7.85543 7.85447 7.85348 7.85435 7.85424 7.84786 7.83352 7.84305 7.84738 7.84740 7.85071 7.85119 7.85000 7.83640 7.80967 7.83740 7.84985 7.85023 7.85062 7.85177 7.85195 7.85190 7.85145 7.85098 7.85065 7.85023 7.84963 7.84934 7.84937 7.84985 7.84952 7.84897
7.85789 7.86066 7.86226 7.86182 7.86091 7.86057 7.86153 7.86224 7.86160 7.86064 7.86040 7.86099 7.86152 7.86155 7.86125 7.86036 7.85891 7.85824 7.85838 7.85859 7.85899 7.85933 7.85940 7.85909 7.85848 7.85775 7.85714 7.85679 7.85680 7.85700 7.85712 7.85698 7.85635 7.85602 7.85593 7.85443 7.85191 7.85202 7.85389 7.85256 7.84860 7.84843 7.84964 7.85037 7.84584 7.83628 7.83720 7.81044 7.79740 7.80722 7.84448 7.84970 7.85127 7.85163 7.85138 7.85099 7.85075 7.85051 7.85007 7.84969 7.84985 7.84982 7.84959 7.84915 7.84874 7.84797
7.85969 7.86038 7.86067 7.86066 7.86038 7.86016 7.86047 7.86099 7.86017 7.85920 7.85930 7.86012 7.86067 7.86084 7.86065 7.85971 7.85811 7.85795 7.85850 7.85843 7.85853 7.85868 7.85871 7.85852 7.85808 7.85742 7.85656 7.85580 7.85570 7.85607 7.85639 7.85645 7.85607 7.85548 7.85536 7.85437 7.85148 7.84958 7.85153 7.85298 7.85199 7.84953 7.85062 7.84623 7.82939 7.83104 7.81466 7.79923 7.80879 7.80618 7.84241 7.84965 7.85035 7.85038 7.85015 7.85005 7.84996 7.84963 7.84942 7.84950 7.84950 7.84923 7.84877 7.84823 7.84737 7.84496
7.85985 7.85900 7.85860 7.85846 7.85809 7.85806 7.85979 7.85942 7.85854 7.85769 7.85811 7.85903 7.85954 7.86003 7.86009 7.85967 7.85833 7.85710 7.85744 7.85794 7.85813 7.85802 7.85781 7.85761 7.85734 7.85694 7.85624 7.85524 7.85486 7.85522 7.85558 7.85573 7.85566 7.85500 7.85451 7.85401 7.85176 7.84757 7.84790 7.85121 7.85180 7.85105 7.85046 7.84934 7.83952 7.81940 7.81606 7.81360 7.79536 7.82062 7.84390 7.84866 7.84883 7.84894 7.84897 7.84932 7.84904 7.84877 7.84888 7.84877 7.84855 7.84826 7.84716 7.84426 7.84405 7.83356
7.86090 7.85942 7.85806 7.85697 7.85635 7.85597 7.85651 7.85835 7.85702 7.85596 7.85674 7.85768 7.85795 7.85894 7.85941 7.85924 7.85869 7.85759 7.85723 7.85748 7.85742 7.85700 7.85659 7.85630 7.85606 7.85576 7.85513 7.85391 7.85341 7.85444 7.85501 7.85497 7.85490 7.85449 7.85372 7.85271 7.85137 7.84905 7.84576 7.84862 7.85045 7.85065 7.84990 7.84952 7.84628 7.83717 7.83386 7.83346 7.81920 7.84137 7.84668 7.84817 7.84863 7.84862 7.84831 7.84875 7.84879 7.84858 7.84792 7.84781 7.84764 7.84643 7.83913 7.82038 7.82871 7.83296
7.86134 7.86031 7.85871 7.85713 7.85646 7.85620 7.85560 7.85732 7.85512 7.85408 7.85562 7.85680 7.85620 7.85746 7.85864 7.85858 7.85813 7.85710 7.85604 7.85583 7.85577 7.85557 7.85532 7.85506 7.85471 7.85412 7.85293 7.85125 7.85166 7.85355 7.85443 7.85427 7.85394 7.85370 7.85306 7.85158 7.85076 7.85076 7.84683 7.84779 7.84955 7.84933 7.84994 7.84971 7.84725 7.84310 7.82694 7.82848 7.82532 7.84508 7.84773 7.84831 7.84871 7.84820 7.84841 7.84801 7.84817 7.84808 7.84746 7.84686 7.84648 7.84172 7.81517 7.82438 7.81712 7.83284
7.86060 7.85977 7.85862 7.85760 7.85637 7.85460 7.85485 7.85667 7.85356 7.85293 7.85572 7.85698 7.85521 7.85589 7.85768 7.85778 7.85702 7.85498 7.85384 7.85424 7.85456 7.85472 7.85473 7.85459 7.85430 7.85359 7.85220 7.85124 7.85195 7.85248 7.85354 7.85356 7.85289 7.85260 7.85202 7.85035 7.85008 7.85040 7.84796 7.84745 7.84859 7.84913 7.84932 7.84946 7.84857 7.84688 7.83948 7.82662 7.84007 7.84389 7.84687 7.84713 7.84725 7.84695 7.84729 7.84698 7.84671 7.84625 7.84660 7.84598 7.84489 7.83583 7.81349 7.80930 7.83495 7.84052
7.85959 7.85878 7.85806 7.85777 7.85583 7.85274 7.85472 7.85548 7.85195 7.85278 7.85610 7.85637 7.85517 7.85516 7.85569 7.85603 7.85540 7.85342 7.85365 7.85449 7.85471 7.85482 7.85487 7.85478 7.85455 7.85399 7.85295 7.85242 7.85205 7.85204 7.85315 7.85275 7.85157 7.85143 7.85100 7.84980 7.84954 7.84987 7.84910 7.84783 7.84734 7.84798 7.84872 7.84911 7.84900 7.84824 7.84592 7.84221 7.83732 7.81958 7.83714 7.84505 7.84485 7.84129 7.84376 7.84407 7.84124 7.84075 7.84426 7.84478 7.83970 7.82717 7.82568 7.82360 7.84055 7.83980
7.85870 7.85793 7.85746 7.85756 7.85591 7.85284 7.85412 7.85518 7.85127 7.85214 7.85390 7.85420 7.85493 7.85557 7.85443 7.85473 7.85522 7.85352 7.85265 7.85380 7.85468 7.85477 7.85458 7.85420 7.85369 7.85314 7.85244 7.85201 7.85171 7.85228 7.85266 7.85156 7.85025 7.85095 7.85046 7.84959 7.84961 7.84991 7.84961 7.84833 7.84649 7.84685 7.84783 7.84771 7.84763 7.84793 7.84774 7.84232 7.81991 7.82267 7.81553 7.83877 7.83541 7.81510 7.83422 7.83207 7.82571 7.83547 7.83919 7.83849 7.82874 7.82916 7.82655 7.83840 7.84220 7.84117
7.85766 7.85720 7.85712 7.85738 7.85592 7.85363 7.85394 7.85513 7.85262 7.85051 7.85157 7.85309 7.85400 7.85360 7.85203 7.85276 7.85394 7.85312 7.85124 7.85150 7.85326 7.85340 7.85286 7.85232 7.85195 7.85162 7.85117 7.85118 7.85159 7.85197 7.85174 7.85051 7.84995 7.85069 7.85022 7.84963 7.84978 7.85003 7.84964 7.84839 7.84673 7.84598 7.84572 7.84546 7.84636 7.84653 7.84735 7.84620 7.83753 7.81837 7.83637 7.83929 7.81579 7.81971 7.81033 7.79539 7.79203 7.81900 7.83600 7.82790 7.82409 7.80396 7.82810 7.84037 7.84069 7.83982
7.85644 7.85635 7.85704 7.85729 7.85593 7.85425 7.85377 7.85365 7.85336 7.85308 7.85344 7.85398 7.85377 7.85294 7.85194 7.85254 7.85320 7.85330 7.85179 7.84996 7.85084 7.85129 7.85131 7.85144 7.85177 7.85148 7.85070 7.85052 7.85091 7.85121 7.85087 7.85016 7.84998 7.84994 7.84962 7.84943 7.84955 7.84966 7.84925 7.84814 7.84659 7.84520 7.84458 7.84436 7.84457 7.84584 7.84636 7.84637 7.84499 7.84127 7.84400 7.84052 7.83174 7.80415 7.80118 7.78874 7.78453 7.80825 7.83747 7.83337 7.79197 7.78865 7.80193 7.83558 7.83958 7.83875
7.85619 7.85655 7.85676 7.85671 7.85572 7.85420 7.85291 7.85112 7.85013 7.85033 7.84995 7.84939 7.84999 7.85126 7.85035 7.85037 7.85066 7.85134 7.85178 7.85127 7.85052 7.85097 7.85156 7.85187 7.85210 7.85169 7.85090 7.85032 7.85014 7.85016 7.85002 7.84980 7.84964 7.84925 7.84901 7.84902 7.84905 7.84899 7.84860 7.84761 7.84592 7.84405 7.84277 7.84227 7.84264 7.84413 7.84501 7.84520 7.84516 7.84496 7.84467 7.84253 7.83818 7.83627 7.83339 7.80883 7.79607 7.82958 7.83878 7.83769 7.80817 7.79176 7.80788 7.83611 7.83943 7.83898
7.85543 7.85505 7.85555 7.85590 7.85530 7.85372 7.85184 7.85024 7.84947 7.84914 7.84898 7.84910 7.84806 7.84902 7.85022 7.85065 7.85116 7.85072 7.85052 7.85078 7.85143 7.85177 7.85204 7.85196 7.85169 7.85131 7.85079 7.85023 7.84968 7.84933 7.84924 7.84931 7.84922 7.84888 7.84873 7.84865 7.84850 7.84825 7.84779 7.84682 7.84525 7.84341 7.84164 7.83984 7.83828 7.83886 7.84287 7.84373 7.84418 7.84399 7.84387 7.84313 7.84229 7.84182 7.84044 7.82697 7.79867 7.81975 7.83775 7.83936 7.83133 7.81372 7.83018 7.83915 7.83968 7.83929
