mrvbf_slope0.9_pctl1.5.asc
NCOLS 410
NROWS 410
XLLCORNER 2398750.0000000000000000
YLLCORNER 2548750.0000000000000000
CELLSIZE 250.0000000000000000
NODATA_VALUE -99999.00000
[rows 174 to 202 of 410, columns 66 to 131 of 410]
6.96595 6.86433 7.00858 7.11910 7.12964 6.95367 6.86230 6.91542 7.01517 7.00307 7.00392 7.08913 7.09678 7.04571 6.99617 7.05762 7.13925 7.09901 6.90396 6.80493 6.73208 6.31490 6.37043 6.77627 6.80681 6.57651 6.41319 6.27642 6.11282 6.18073 6.26850 6.15924 6.16169 6.26014 6.31550 6.33271 6.23896 6.10935 6.07120 6.09768 6.03777 5.91332 5.85352 5.85476 5.83452 5.73390 5.60933 5.45561 5.15212 4.19920 2.03840 0.64552 0.55247 0.56695 0.41146 0.36102 0.70755 2.58177 0.54799 0.26730 0.15586 0.13702 0.28951 0.42597 0.47215 0.61130
7.04343 7.10958 7.27058 7.30877 7.25814 7.10852 7.00090 6.93114 7.01586 7.11563 7.09533 7.05993 6.94127 6.77450 6.83476 6.86989 6.97019 7.06150 6.97226 6.81267 6.73744 6.25391 6.30237 6.59220 6.38508 6.12050 6.04668 6.01365 6.01332 6.14563 6.14968 6.07215 6.09186 6.03891 6.05380 6.10247 6.00171 5.92565 5.85776 5.84658 5.78125 5.68674 5.62861 5.61579 5.60198 5.50973 5.30036 4.90571 4.02305 2.13613 0.61615 0.34396 0.35540 0.39425 0.21011 0.29768 1.40922 5.07537 1.51296 0.36313 0.30140 0.34978 0.40962 0.47421 0.51883 0.94903
7.18561 7.22421 7.34478 7.36585 7.28583 7.18311 7.15367 7.01791 6.98921 7.09731 7.15757 7.15272 7.06384 6.70816 6.64322 6.90402 6.94034 7.01585 7.01530 6.82782 6.63266 6.21386 6.13924 6.17627 5.95671 5.90480 5.96277 5.94111 5.99962 6.08085 5.98423 5.99349 5.95497 5.83682 5.79611 5.84669 5.83956 5.77295 5.73321 5.70368 5.61928 5.53392 5.43572 5.33658 5.26634 4.95368 4.46220 3.91503 2.59463 1.31812 0.44642 0.17571 0.18067 0.26125 0.35275 0.40513 1.81822 5.06264 2.67967 0.60886 0.52641 0.60048 0.68060 0.74376 1.13324 2.52960
7.13719 7.19490 7.34932 7.37971 7.28338 7.16016 7.14198 7.04791 6.97909 6.99338 6.98689 7.06279 7.14059 6.90042 6.64967 6.80152 6.90757 6.97424 6.98272 6.83340 6.59528 6.28217 6.19870 5.94481 5.84348 5.93875 6.02563 5.99914 5.99775 5.93245 5.82015 5.83508 5.73350 5.69239 5.64488 5.65398 5.69202 5.66546 5.62804 5.58930 5.46582 5.18963 4.95860 4.79930 4.44633 3.98151 3.24183 2.49447 1.70750 1.36735 0.77538 0.49635 0.40175 0.95755 0.68043 0.84305 2.58564 3.93842 2.49717 1.58835 1.48020 1.67279 1.81738 2.11441 4.00376 5.05730
7.09444 7.19077 7.35727 7.37663 7.24815 7.07385 7.07413 7.04325 6.99218 6.95267 6.78728 6.74985 6.91702 6.98987 6.80221 6.75579 6.86354 6.91292 6.88935 6.78532 6.58157 6.26901 6.01307 5.85772 5.91126 6.06191 6.09575 6.09346 6.04658 5.89441 5.71089 5.67045 5.66150 5.67183 5.59695 5.53259 5.52207 5.48283 5.42974 5.33313 4.83641 3.40050 3.12740 3.63087 3.49857 2.88636 2.16232 1.63822 1.54217 1.42195 1.32670 1.27207 1.13068 2.96458 1.22697 1.71804 2.49729 2.69591 2.50283 2.18630 2.08905 2.83889 4.51194 5.06631 5.28373 5.37736
7.08978 7.21308 7.35689 7.36492 7.21611 6.98848 7.04102 7.08261 7.02624 6.96497 6.84244 6.66718 6.61742 6.82623 6.89346 6.83912 6.91058 6.92708 6.77391 6.43024 6.17658 6.00067 5.92756 5.97336 6.06848 6.12842 6.12081 6.13824 6.06837 5.89557 5.72342 5.67308 5.71131 5.70525 5.60488 5.47136 5.30645 4.91891 3.89829 2.83040 2.31975 1.84899 1.66704 2.03584 2.21043 1.81224 1.63126 1.55020 1.31186 0.64822 0.60489 0.81263 0.97975 1.17685 1.02072 1.72248 2.03404 2.59823 3.62668 4.01748 4.03242 4.43555 5.09186 5.34660 5.39360 5.36204
7.08189 7.17820 7.32925 7.35271 7.23028 6.97643 7.00566 7.17130 7.14149 7.09530 7.01927 6.82302 6.52137 6.51430 6.66127 6.70419 6.83608 6.90989 6.66708 6.14262 5.94962 6.04276 6.13987 6.18357 6.16134 6.11896 6.01784 6.00326 5.93850 5.80019 5.75391 5.72243 5.74042 5.69188 5.58860 5.44044 5.07614 3.63886 1.90922 1.61510 1.24479 0.85806 1.02957 1.41132 1.65124 1.65828 1.62331 1.53433 0.68187 0.32025 0.25209 0.46231 0.63089 0.83720 0.98380 1.66670 1.90096 2.09011 2.49060 3.15471 3.60088 4.22907 5.00105 5.34168 5.41473 5.27087
7.11264 7.07926 7.22271 7.29758 7.19795 6.95518 7.00326 7.18923 7.19188 7.18857 7.06333 6.91724 6.57652 6.30814 6.28300 6.36256 6.55421 6.71540 6.53668 5.99146 5.90622 6.24927 6.30599 6.28545 6.20914 6.10106 5.90353 5.81937 5.72840 5.60962 5.58583 5.64181 5.68467 5.63783 5.54177 5.35335 4.33024 1.82213 0.91960 0.48549 0.49559 0.60529 1.13049 1.34944 1.42859 1.40230 1.49312 1.47127 0.59185 0.20567 0.14380 0.33754 0.49194 0.74815 1.40707 1.67511 1.81532 1.85702 1.85554 1.85118 1.93829 2.59155 4.58837 5.31089 5.42236 5.38742
7.22077 7.08833 7.07362 7.14342 7.08671 6.94842 7.06665 7.17375 7.19148 7.20449 7.03268 6.84284 6.66589 6.37900 6.23619 6.26967 6.34138 6.50941 6.40336 5.96783 5.96698 6.27728 6.35062 6.32016 6.24756 6.04604 5.80000 5.65403 5.37638 4.17403 4.28026 5.28657 5.55808 5.57944 5.48384 4.87610 1.92739 1.14051 0.46982 0.28531 0.29808 0.60226 1.12677 1.32682 0.95799 0.60914 1.21792 1.55055 0.86287 0.22713 0.14905 0.25723 0.40715 0.66964 1.41045 1.65657 1.72241 1.71134 1.69859 1.66399 1.66322 1.78692 2.71800 4.89324 5.33086 5.41822
7.27467 7.21999 7.10715 7.09098 7.11582 7.07560 7.13834 7.17743 7.17576 7.15253 6.95022 6.79566 6.74061 6.59624 6.42129 6.30259 6.23328 6.33399 6.19414 5.96875 6.08566 6.26912 6.29735 6.27443 6.08436 5.81269 5.64224 5.07625 0.69956 0.39975 0.61176 2.61606 5.19901 5.52112 5.25839 2.26767 1.40642 0.68919 0.44272 0.25976 0.29046 0.64434 0.84498 0.93332 0.54941 0.26425 0.65515 1.70438 1.63897 0.58744 0.29608 0.35479 0.57694 0.78452 1.29909 1.57293 1.62617 1.60818 1.56894 1.44199 1.10368 1.40621 1.81683 2.83324 4.94028 5.34371
7.22683 7.26842 7.23411 7.19240 7.22819 7.17216 7.14125 7.18516 7.16322 7.09355 6.93048 6.83214 6.78128 6.73887 6.61526 6.37005 6.21766 6.20877 6.08722 6.04854 6.18628 6.30383 6.38227 6.29934 6.00015 5.71001 5.35131 1.70782 0.26190 0.14641 0.34064 0.96792 3.89357 5.31363 3.77344 1.52375 0.95715 0.65711 0.46843 0.29140 0.41655 0.66938 0.68661 0.74534 0.49029 0.23103 0.54576 1.75771 1.86465 1.62062 0.94599 0.84737 0.70756 0.74291 0.74696 1.11599 1.40438 1.45752 1.24615 0.69167 0.51859 0.52048 0.95967 1.74791 3.24180 5.11566
7.22089 7.26432 7.26055 7.24043 7.27246 7.23366 7.14677 7.16984 7.17780 7.11377 7.01411 6.89401 6.73288 6.64530 6.71939 6.50888 6.34746 6.23355 6.16718 6.22863 6.32503 6.43004 6.47734 6.21634 5.89715 5.67057 3.39913 0.87705 0.11021 0.08323 0.29651 0.71593 2.45978 4.39053 2.19820 1.07476 0.60818 0.51465 0.38204 0.29425 0.43042 0.42390 0.47586 0.74228 0.48361 0.40787 0.86104 1.73812 1.89945 1.84100 1.49963 0.88654 0.54130 0.41113 0.47589 0.52790 0.84345 1.21500 0.70029 0.37444 0.29801 0.34884 0.47342 1.11571 1.83053 4.18610
7.24192 7.27756 7.26880 7.28678 7.29780 7.23630 7.15383 7.15389 7.18403 7.16762 7.11505 7.00031 6.77520 6.49936 6.48035 6.52546 6.58295 6.39825 6.29556 6.36407 6.44792 6.53868 6.49165 6.18733 5.88641 5.63195 3.76979 0.64537 0.14724 0.13865 0.38946 0.89129 1.88071 3.52368 3.16903 1.56292 1.06099 0.66816 0.57930 0.63178 0.57541 0.34445 0.41638 0.68159 0.44789 0.44624 0.88395 1.68079 1.74113 1.57319 0.88948 0.72903 0.56836 0.27623 0.38010 0.45180 0.60899 1.16305 0.45677 0.17163 0.16395 0.28290 0.48892 0.62070 1.18040 2.49379
7.23646 7.27165 7.31315 7.31638 7.24990 7.14768 7.11252 7.15881 7.20325 7.21224 7.18683 7.11098 6.98080 6.72766 6.52950 6.55691 6.53310 6.47616 6.46005 6.51841 6.58364 6.63937 6.46189 6.14842 5.87036 5.61831 4.68483 1.38438 0.56395 0.65869 4.38809 2.04422 1.39950 2.77582 4.74396 1.86836 1.50360 0.97098 0.76414 0.72722 0.62430 0.41204 0.29028 0.28257 2.23703 1.02888 0.87164 3.39010 0.98867 0.42553 0.27073 0.39336 0.62579 0.33141 0.38697 0.49602 0.93427 1.32105 0.64100 0.23986 0.17050 0.27440 0.49982 0.56085 0.78513 1.96775
7.21435 7.26063 7.32974 7.28143 7.15800 7.09334 7.12842 7.18834 7.23017 7.24220 7.22207 7.17931 7.11009 6.93928 6.73573 6.63815 6.58306 6.53643 6.58314 6.70872 6.75946 6.72411 6.42909 6.08707 5.82061 5.61784 5.11506 2.27191 1.19241 2.45794 4.61878 0.90401 0.76664 2.13064 4.40334 2.12194 1.65611 0.97885 0.73706 0.67493 0.61611 0.42052 0.26052 0.37239 0.87815 0.60758 1.46148 5.10370 1.58220 0.26540 0.57812 0.19750 0.51173 0.62285 0.56206 0.74732 1.46849 1.52249 1.00945 0.59222 0.27205 0.28138 0.39929 0.51770 0.63459 1.95199
7.19859 7.26343 7.31667 7.22743 7.09881 7.10450 7.17544 7.20617 7.22538 7.23776 7.22695 7.19929 7.12867 6.95431 6.77752 6.70617 6.67701 6.60793 6.57224 6.64216 6.73748 6.72696 6.38023 6.00770 5.75318 5.53698 3.47931 1.31880 0.71715 0.49284 0.72156 0.93080 0.47368 1.72846 3.79431 2.74375 1.72861 0.65094 0.38971 0.42753 0.67997 0.46655 0.35763 0.34639 0.39897 0.55253 1.21732 2.91943 1.04024 0.41923 0.24003 0.28918 0.62742 0.75505 0.86386 1.44474 1.67949 1.73481 1.55529 0.68926 0.35027 0.29350 0.36797 0.49780 0.63034 2.28185
7.19406 7.26746 7.29181 7.18596 7.07009 7.09875 7.17820 7.18900 7.18413 7.18702 7.17557 7.15727 7.08372 6.91313 6.77216 6.75276 6.78430 6.71389 6.61101 6.59418 6.65377 6.67800 6.32192 5.92051 5.65687 4.71701 1.66143 0.41027 0.24069 0.45295 0.43681 0.46970 0.77492 2.08189 3.84950 3.93618 1.86248 0.76677 0.31031 0.51615 0.85458 0.62503 0.50527 0.46758 0.54345 0.99944 1.61000 1.76047 1.07735 0.50594 0.30528 0.40295 0.61244 0.77474 1.30738 1.57915 1.69365 1.78422 1.68373 0.86278 0.43564 0.40908 0.44948 0.66019 1.87951 2.84565
7.18320 7.26057 7.25758 7.13895 7.03127 7.06321 7.13262 7.12818 7.08140 7.05095 7.02969 7.01454 6.95938 6.84379 6.78469 6.83771 6.89607 6.82763 6.68208 6.59549 6.59259 6.60562 6.31349 5.87182 5.52155 1.95955 0.40002 0.10548 0.12291 0.29185 0.95048 1.59233 1.51771 2.37651 4.29851 4.63156 2.01431 1.67743 0.86788 1.04372 1.15297 1.05435 0.71480 0.58307 0.82941 1.43824 1.69284 1.63791 0.90398 0.39872 0.29663 0.47195 0.59078 0.88232 1.40570 1.57126 1.66829 1.76995 1.66160 1.05948 0.57808 0.57484 0.77379 2.09595 2.70788 3.87189
7.11823 7.20025 7.18160 7.05479 6.97461 7.00671 7.04276 7.01794 6.95573 6.89095 6.84729 6.82012 6.80313 6.79706 6.81614 6.89419 6.95489 6.90291 6.75500 6.61893 6.58056 6.58462 6.36497 5.85856 5.52166 2.03202 0.42685 0.11368 0.16001 0.44318 1.68989 2.08037 1.91170 3.26308 5.07124 4.97849 2.76175 1.87801 1.68428 1.64955 1.50038 1.35530 0.98267 0.86608 1.17233 1.56496 1.75309 1.59680 0.75242 0.34618 0.31863 0.46165 0.57268 0.83248 1.25248 1.51859 1.62487 1.77226 1.84317 1.70588 1.55319 1.88143 2.47327 3.04714 3.69062 4.67757
6.96129 7.00995 7.00184 6.89927 6.87261 6.90228 6.90816 6.89522 6.87456 6.81841 6.76030 6.71423 6.72140 6.77642 6.82389 6.88401 6.87325 6.81493 6.75630 6.66852 6.60984 6.62127 6.39091 5.89894 5.63393 4.55962 0.74931 0.32363 0.29962 0.78074 1.80747 1.85595 2.82371 4.76862 5.40099 4.97993 3.81731 2.07850 1.83718 1.81846 1.73187 1.51601 0.97832 1.08502 1.41458 1.74346 1.90560 1.71119 1.07687 0.45611 0.41824 0.51093 0.66191 0.95756 1.28181 1.55129 1.84189 2.37178 2.56485 2.61509 2.65621 2.94190 4.38792 4.91794 4.55486 4.81531
6.83992 6.79461 6.78153 6.70857 6.69745 6.74929 6.79663 6.82450 6.81266 6.76103 6.69634 6.63638 6.65429 6.74215 6.79679 6.80628 6.75019 6.70279 6.70725 6.69458 6.70164 6.74157 6.47681 6.05479 5.83063 5.56631 3.72142 0.73247 0.56096 1.10404 1.70493 2.69514 4.40109 5.30796 5.33380 4.92429 3.55399 1.89608 1.90777 1.94582 1.84500 1.65235 1.25129 1.10506 1.92292 2.08099 2.00027 1.76626 1.46710 0.63282 0.52865 0.55532 0.85713 1.39372 1.54722 1.98453 2.50808 2.76672 3.46618 3.91322 4.51084 5.06119 5.16572 5.03597 4.40839 4.05198
6.80341 6.68739 6.58776 6.56502 6.63683 6.72202 6.75364 6.76041 6.73527 6.71980 6.69048 6.64834 6.66290 6.74264 6.79830 6.77455 6.73139 6.70240 6.71524 6.76740 6.83262 6.85550 6.60463 6.25513 6.07090 5.82848 5.50885 4.31296 1.99098 2.15465 3.43942 4.63575 5.25989 5.42959 5.16051 4.33237 1.99397 1.30900 1.51256 1.90452 1.92230 1.71486 1.30884 0.81084 2.31802 2.39025 2.07777 1.84462 1.72992 1.58398 1.39910 1.32383 1.48177 1.69804 2.15850 2.54449 2.80417 3.61493 4.99935 5.28912 5.05524 4.84486 4.34902 3.58787 2.90249 2.61446
6.83033 6.73097 6.67022 6.72027 6.78227 6.79864 6.75842 6.72840 6.74628 6.81289 6.83634 6.85615 6.81269 6.81434 6.84488 6.82973 6.79418 6.80749 6.84268 6.91082 6.96921 6.91389 6.73055 6.49041 6.30854 6.04739 5.75047 5.56179 5.24123 5.14015 5.27836 5.43469 5.51793 5.41738 4.73770 2.53832 0.94475 0.40839 0.35734 1.35467 1.80410 1.32376 0.64678 0.58954 2.13300 1.96824 1.95915 2.01459 1.94987 1.92430 1.84249 1.84309 1.88409 2.24899 2.57956 2.89803 3.92450 5.16300 5.22636 4.58632 3.40221 2.82774 2.61173 2.26723 1.72190 1.29385
6.89940 6.92231 6.96051 6.93815 6.89535 6.83786 6.79044 6.79412 6.87515 6.98150 7.00722 7.00299 6.99176 6.94250 6.93167 6.92394 6.91843 6.97328 6.97957 6.99060 7.02496 6.97003 6.83627 6.65807 6.47692 6.19820 5.95613 5.79447 5.70006 5.64832 5.62663 5.64978 5.61742 5.35236 4.23824 2.38158 0.60512 0.21386 0.17914 0.56365 1.24884 0.51847 0.24771 0.30127 0.57913 1.15366 1.87732 2.31450 2.88742 3.65181 2.60337 2.00953 2.25636 2.69384 3.36994 4.69298 5.17975 4.86859 4.11798 2.91823 2.48846 1.87946 1.41098 1.21050 0.79664 0.57514
6.91641 6.99578 7.02338 6.94829 6.87779 6.83284 6.85761 6.94526 7.03024 7.07852 7.10074 7.07307 7.08028 7.05122 7.03816 7.03684 7.04006 7.08253 7.02352 7.04871 7.09250 7.04399 6.92998 6.73297 6.56591 6.43537 6.34406 6.08075 5.91307 5.89003 5.87223 5.77386 5.61541 5.26942 4.11584 3.19169 0.77320 0.20222 0.15707 0.48502 0.89622 0.44756 0.34587 0.42099 0.37281 0.70223 1.84592 2.11863 1.99441 2.18875 2.45656 2.08548 2.31270 2.80324 3.35881 3.80029 3.83127 3.19868 2.71344 2.37416 1.45123 1.11652 0.92251 0.68980 0.61841 0.51245
6.87994 6.87481 6.93920 6.91180 6.87380 6.89920 6.97421 7.03131 7.07024 7.12390 7.13801 7.10305 7.09125 7.11113 7.11828 7.11777 7.09095 7.09163 7.06378 7.10923 7.13869 7.08869 6.98807 6.86744 6.73031 6.67239 6.65179 6.43101 6.16108 6.01531 5.96938 5.86262 5.64419 5.27549 4.19159 3.88393 1.36060 0.46055 0.31924 0.70470 1.20944 0.97592 1.20160 1.21854 0.93089 0.82613 1.65295 1.08188 0.58731 0.62767 1.00168 1.72124 2.29322 2.60153 2.74955 2.76337 2.66691 2.61578 2.33882 1.54775 0.65916 0.64430 0.67963 0.59018 0.52299 0.41694
6.98533 6.93221 6.96854 7.01090 6.96432 6.99982 7.06440 7.05577 7.04687 7.05230 7.06846 7.08249 7.10987 7.13901 7.13423 7.12004 7.08950 7.06739 7.07971 7.11428 7.15973 7.13900 7.04940 6.93035 6.84596 6.80979 6.74256 6.61135 6.42253 6.20416 6.05799 5.90253 5.71710 5.43569 4.25306 3.13881 2.38138 1.58969 1.03211 1.43524 1.51390 1.50428 1.71608 1.81247 1.70475 1.27042 0.61962 0.41462 0.31566 0.26598 0.35757 0.78235 2.81780 3.40619 3.11479 2.83093 2.57997 2.71833 2.45920 0.96419 0.45455 0.50706 0.61649 0.52056 0.36769 0.24374
7.03627 7.06046 7.09982 7.13428 7.03781 6.97936 7.04607 7.08312 7.04321 7.03800 7.05195 7.09681 7.13441 7.11668 7.09084 7.08949 7.10283 7.08673 7.10151 7.15560 7.17837 7.16392 7.11155 7.00156 6.87986 6.82206 6.72628 6.63953 6.53799 6.41215 6.16199 5.93570 5.79150 5.56083 5.10569 3.81227 3.23432 3.37124 2.42277 2.18474 1.74852 1.73558 1.87423 1.91035 1.80004 1.48748 0.66415 0.26481 0.34919 0.19522 0.33199 1.01767 4.73929 5.19042 5.03379 4.91303 4.96452 4.70536 4.30404 0.75740 0.38511 0.38775 0.53781 0.44729 0.22568 0.14032
7.01836 7.10591 7.17461 7.19847 7.12477 7.00277 6.96244 7.00631 7.04169 7.08314 7.07737 7.08602 7.04255 6.95944 6.94266 6.95676 7.01079 7.06273 7.11711 7.15612 7.15882 7.14392 7.12718 7.06383 6.94446 6.84594 6.77581 6.74568 6.64886 6.49043 6.24811 5.98757 5.84959 5.64272 5.47008 5.07681 4.56105 4.18841 3.56325 3.84823 2.74711 2.66447 2.41138 1.93478 1.68498 1.42799 0.72427 0.36545 0.21595 0.30279 0.50507 2.55731 5.32584 5.48783 5.50768 5.51543 5.42881 5.48210 5.22475 1.30399 0.56155 0.43914 0.42055 0.34211 0.19546 0.13310
