mrvbf_slope1.3_pctl1.3.asc
NCOLS 410
NROWS 410
XLLCORNER 2398750.0000000000000000
YLLCORNER 2548750.0000000000000000
CELLSIZE 250.0000000000000000
NODATA_VALUE -99999.00000
[rows 145 to 173 of 410, columns 264 to 329 of 410]
7.68403 7.68306 7.68733 7.68793 7.68784 7.68868 7.68811 7.68717 7.68928 7.68915 7.68762 7.68702 7.68601 7.68676 7.68649 7.68586 7.68620 7.68406 7.68134 7.68489 7.68597 7.68451 7.68404 7.68351 7.68514 7.68426 7.68016 7.67407 7.66869 -99999.00000 -99999.00000 -99999.00000 -99999.00000 -99999.00000 -99999.00000 -99999.00000 -99999.00000 -99999.00000 -99999.00000 -99999.00000 -99999.00000 -99999.00000 -99999.00000 -99999.00000 -99999.00000 -99999.00000 -99999.00000 -99999.00000 -99999.00000 -99999.00000 -99999.00000 -99999.00000 -99999.00000 -99999.00000 -99999.00000 -99999.00000 -99999.00000 -99999.00000 -99999.00000 -99999.00000 -99999.00000 -99999.00000 -99999.00000 -99999.00000 -99999.00000 -99999.00000
7.68111 7.68281 7.68695 7.68753 7.68457 7.68598 7.68708 7.68675 7.68764 7.68726 7.68712 7.68587 7.68450 7.68497 7.68497 7.68530 7.68569 7.68446 7.68015 7.68182 7.68489 7.68329 7.68173 7.68183 7.68450 7.68446 7.68266 7.68000 7.67753 7.67928 -99999.00000 -99999.00000 -99999.00000 -99999.00000 -99999.00000 -99999.00000 -99999.00000 -99999.00000 -99999.00000 -99999.00000 -99999.00000 -99999.00000 -99999.00000 -99999.00000 -99999.00000 -99999.00000 -99999.00000 -99999.00000 -99999.00000 -99999.00000 -99999.00000 -99999.00000 -99999.00000 -99999.00000 -99999.00000 -99999.00000 -99999.00000 -99999.00000 -99999.00000 -99999.00000 -99999.00000 -99999.00000 -99999.00000 -99999.00000 -99999.00000 -99999.00000
7.68344 7.68238 7.68494 7.68481 7.68563 7.68455 7.68633 7.68515 7.68348 7.68481 7.68508 7.68338 7.68206 7.68290 7.68422 7.68277 7.68090 7.68117 7.67773 7.67965 7.68267 7.68201 7.68112 7.67959 7.68014 7.68166 7.68219 7.67969 7.68197 7.68048 7.67290 -99999.00000 -99999.00000 -99999.00000 -99999.00000 -99999.00000 -99999.00000 -99999.00000 -99999.00000 -99999.00000 -99999.00000 -99999.00000 -99999.00000 -99999.00000 -99999.00000 -99999.00000 -99999.00000 -99999.00000 -99999.00000 -99999.00000 -99999.00000 -99999.00000 -99999.00000 -99999.00000 -99999.00000 -99999.00000 -99999.00000 -99999.00000 -99999.00000 -99999.00000 -99999.00000 -99999.00000 -99999.00000 -99999.00000 -99999.00000 -99999.00000
7.68716 7.68657 7.68581 7.68469 7.68716 7.68335 7.68288 7.68274 7.68322 7.68515 7.68302 7.68077 7.68180 7.68275 7.68024 7.67753 7.67986 7.67775 7.67722 7.67986 7.68016 7.67944 7.67776 7.67679 7.67724 7.68020 7.67885 7.67892 7.67980 7.67778 7.67129 7.66943 7.67414 -99999.00000 -99999.00000 -99999.00000 -99999.00000 -99999.00000 -99999.00000 -99999.00000 -99999.00000 -99999.00000 -99999.00000 -99999.00000 -99999.00000 -99999.00000 -99999.00000 -99999.00000 -99999.00000 -99999.00000 -99999.00000 -99999.00000 -99999.00000 -99999.00000 -99999.00000 -99999.00000 -99999.00000 -99999.00000 -99999.00000 -99999.00000 -99999.00000 -99999.00000 -99999.00000 -99999.00000 -99999.00000 -99999.00000
7.68700 7.68679 7.68635 7.68510 7.68802 7.68630 7.68242 7.67999 7.68238 7.68452 7.68204 7.68193 7.68354 7.68136 7.67940 7.68178 7.68201 7.68069 7.67992 7.67988 7.67984 7.67948 7.67742 7.67626 7.67797 7.67959 7.67629 7.67591 7.67474 7.67050 7.67030 7.67481 7.67995 7.68388 7.68448 7.68581 -99999.00000 -99999.00000 -99999.00000 -99999.00000 -99999.00000 -99999.00000 -99999.00000 -99999.00000 -99999.00000 -99999.00000 -99999.00000 -99999.00000 -99999.00000 -99999.00000 -99999.00000 -99999.00000 -99999.00000 -99999.00000 -99999.00000 -99999.00000 -99999.00000 -99999.00000 -99999.00000 -99999.00000 -99999.00000 -99999.00000 -99999.00000 -99999.00000 -99999.00000 -99999.00000
7.68661 7.68694 7.68631 7.68380 7.68541 7.68443 7.68087 7.68096 7.67980 7.68074 7.68108 7.68292 7.68343 7.68090 7.67922 7.68136 7.68240 7.68156 7.67951 7.67939 7.67913 7.67641 7.67556 7.67638 7.67837 7.67829 7.67535 7.67411 7.67320 7.67422 7.67688 7.68028 7.68353 7.68515 7.68510 7.68528 7.68534 7.68352 7.68668 -99999.00000 -99999.00000 -99999.00000 -99999.00000 -99999.00000 -99999.00000 -99999.00000 -99999.00000 -99999.00000 -99999.00000 -99999.00000 -99999.00000 -99999.00000 -99999.00000 -99999.00000 -99999.00000 -99999.00000 -99999.00000 -99999.00000 -99999.00000 -99999.00000 -99999.00000 -99999.00000 -99999.00000 -99999.00000 -99999.00000 -99999.00000
7.68713 7.68676 7.68646 7.68290 7.68027 7.68159 7.68115 7.68152 7.68189 7.68013 7.67862 7.68101 7.68262 7.68212 7.67938 7.67834 7.67978 7.68068 7.67943 7.67731 7.67504 7.67424 7.67477 7.67442 7.67623 7.67539 7.67388 7.67367 7.67798 7.68023 7.68174 7.68294 7.68431 7.68468 7.68507 7.68450 7.68222 7.68422 7.68603 7.68460 7.68386 7.67880 7.67952 -99999.00000 -99999.00000 -99999.00000 -99999.00000 -99999.00000 -99999.00000 -99999.00000 -99999.00000 -99999.00000 -99999.00000 -99999.00000 -99999.00000 -99999.00000 -99999.00000 -99999.00000 -99999.00000 -99999.00000 -99999.00000 -99999.00000 -99999.00000 -99999.00000 -99999.00000 -99999.00000
7.68631 7.68628 7.68683 7.68219 7.68039 7.68294 7.68303 7.68249 7.68134 7.67886 7.67745 7.67915 7.68135 7.68134 7.67892 7.67761 7.67913 7.67966 7.67728 7.67555 7.67484 7.67545 7.67222 7.66401 7.66880 7.67293 7.67529 7.67672 7.68032 7.68088 7.68090 7.68199 7.68349 7.68425 7.68401 7.68364 7.68279 7.68230 7.68619 7.68656 7.68689 7.68378 7.68372 7.68421 7.68327 -99999.00000 -99999.00000 -99999.00000 -99999.00000 -99999.00000 -99999.00000 -99999.00000 -99999.00000 -99999.00000 -99999.00000 -99999.00000 -99999.00000 -99999.00000 -99999.00000 -99999.00000 -99999.00000 -99999.00000 -99999.00000 -99999.00000 -99999.00000 -99999.00000
7.68587 7.68583 7.68507 7.68159 7.68107 7.68035 7.68085 7.67978 7.67656 7.67574 7.67610 7.67881 7.67897 7.67780 7.67767 7.67932 7.67871 7.67809 7.67651 7.67553 7.67532 7.67410 7.65999 7.64087 7.63980 7.66514 7.67815 7.68107 7.68188 7.68008 7.67826 7.68127 7.68197 7.68272 7.68152 7.68332 7.68588 7.68580 7.68642 7.68631 7.68532 7.68524 7.68440 7.68330 7.68312 7.68455 7.68400 -99999.00000 -99999.00000 -99999.00000 -99999.00000 -99999.00000 -99999.00000 -99999.00000 -99999.00000 -99999.00000 -99999.00000 -99999.00000 -99999.00000 -99999.00000 -99999.00000 -99999.00000 -99999.00000 -99999.00000 -99999.00000 -99999.00000
7.68395 7.68330 7.68095 7.67978 7.68077 7.67812 7.67580 7.67567 7.67504 7.67582 7.67528 7.67715 7.67725 7.67862 7.67964 7.67959 7.67681 7.67788 7.67647 7.67460 7.67348 7.67173 7.64391 7.61516 7.62596 7.64133 7.67174 7.67620 7.67904 7.67842 7.67803 7.68213 7.68193 7.68131 7.68209 7.68334 7.68581 7.68544 7.68627 7.68446 7.68403 7.68635 7.68565 7.68330 7.68356 7.68488 7.68368 7.67466 7.67028 -99999.00000 -99999.00000 -99999.00000 -99999.00000 -99999.00000 -99999.00000 -99999.00000 -99999.00000 -99999.00000 -99999.00000 -99999.00000 -99999.00000 -99999.00000 -99999.00000 -99999.00000 -99999.00000 -99999.00000
7.67201 7.67460 7.67721 7.67411 7.67870 7.67935 7.67748 7.67741 7.67734 7.67638 7.67590 7.67763 7.67910 7.67928 7.68044 7.68007 7.67928 7.67772 7.67498 7.67218 7.67033 7.67272 7.66554 7.63900 7.63227 7.66555 7.67764 7.67429 7.67355 7.67488 7.67739 7.68003 7.67958 7.68106 7.68189 7.68467 7.68549 7.68450 7.68565 7.68470 7.68384 7.68577 7.68450 7.68372 7.68339 7.68390 7.68392 7.67989 7.67774 7.67929 7.67696 -99999.00000 -99999.00000 -99999.00000 -99999.00000 -99999.00000 -99999.00000 -99999.00000 -99999.00000 -99999.00000 -99999.00000 -99999.00000 -99999.00000 -99999.00000 -99999.00000 -99999.00000
7.64352 7.65772 7.67238 7.66893 7.67579 7.67894 7.67929 7.67856 7.67854 7.67639 7.67575 7.67819 7.67959 7.68032 7.67852 7.67832 7.67623 7.67692 7.67660 7.67255 7.67038 7.67344 7.67627 7.67342 7.67226 7.67848 7.67735 7.67227 7.67177 7.67501 7.67647 7.67892 7.68100 7.67963 7.67714 7.68182 7.68339 7.68329 7.68257 7.68321 7.68412 7.68426 7.68234 7.68223 7.68327 7.68478 7.68516 7.68476 7.68249 7.68203 7.68085 7.68101 -99999.00000 -99999.00000 -99999.00000 -99999.00000 -99999.00000 -99999.00000 -99999.00000 -99999.00000 -99999.00000 -99999.00000 -99999.00000 -99999.00000 -99999.00000 -99999.00000
7.65766 7.65494 7.65852 7.66173 7.67022 7.67565 7.67811 7.67737 7.67687 7.67657 7.67761 7.67950 7.68029 7.67996 7.67869 7.67809 7.67758 7.67748 7.67599 7.67202 7.67016 7.67504 7.67687 7.67670 7.67617 7.67860 7.67510 7.67451 7.67423 7.67479 7.67449 7.67768 7.68006 7.67489 7.67810 7.67956 7.68285 7.68407 7.68313 7.68223 7.68277 7.68210 7.68218 7.68273 7.68215 7.68093 7.68171 7.68308 7.68335 7.68273 7.68188 7.68068 7.67794 -99999.00000 -99999.00000 -99999.00000 -99999.00000 -99999.00000 -99999.00000 -99999.00000 -99999.00000 -99999.00000 -99999.00000 -99999.00000 -99999.00000 -99999.00000
7.66748 7.66792 7.65848 7.66043 7.66385 7.66960 7.67539 7.67663 7.67699 7.67904 7.67994 7.68096 7.68069 7.67906 7.67835 7.67822 7.67882 7.67560 7.67375 7.66911 7.67106 7.67658 7.67698 7.67595 7.67686 7.67774 7.67575 7.67650 7.67574 7.67590 7.67362 7.67384 7.67752 7.67667 7.67799 7.68097 7.68314 7.68458 7.68379 7.68394 7.68281 7.68419 7.68443 7.68331 7.68367 7.68345 7.67994 7.68152 7.68212 7.68179 7.68214 7.67984 7.67722 7.67632 7.67583 -99999.00000 -99999.00000 -99999.00000 -99999.00000 -99999.00000 -99999.00000 -99999.00000 -99999.00000 -99999.00000 -99999.00000 -99999.00000
7.67277 7.67025 7.66364 7.66438 7.66102 7.66296 7.67102 7.67594 7.67896 7.68013 7.68055 7.68067 7.67992 7.67893 7.67841 7.67794 7.67914 7.67674 7.67400 7.67231 7.67522 7.67706 7.67748 7.67669 7.67848 7.67777 7.67701 7.67521 7.67435 7.67430 7.67429 7.67539 7.67665 7.67821 7.68001 7.68147 7.68335 7.68403 7.68345 7.68310 7.68292 7.68468 7.68424 7.68330 7.68501 7.68477 7.68127 7.68169 7.68238 7.67954 7.67827 7.67634 7.67571 7.67707 7.67845 7.67719 -99999.00000 -99999.00000 -99999.00000 -99999.00000 -99999.00000 -99999.00000 -99999.00000 -99999.00000 -99999.00000 7.67774
7.66233 7.66856 7.65840 7.66006 7.66007 7.66448 7.66915 7.66942 7.67383 7.67813 7.68017 7.67897 7.67545 7.67533 7.67843 7.67926 7.67937 7.67872 7.67694 7.67539 7.67577 7.67664 7.67749 7.67655 7.67730 7.67828 7.67783 7.67646 7.67323 7.67370 7.67407 7.67415 7.67526 7.67810 7.68129 7.68195 7.68206 7.68237 7.68318 7.68295 7.68371 7.68416 7.68432 7.68341 7.68369 7.68432 7.68197 7.67899 7.67879 7.67876 7.67985 7.67909 7.67969 7.67855 7.67896 7.67589 7.66959 -99999.00000 -99999.00000 -99999.00000 -99999.00000 -99999.00000 -99999.00000 -99999.00000 7.67663 7.67545
7.65684 7.66547 7.65914 7.65440 7.65198 7.65780 7.66550 7.66690 7.66773 7.67387 7.67568 7.66952 7.66234 7.66071 7.67363 7.67866 7.67879 7.67909 7.67835 7.67731 7.67511 7.67527 7.67655 7.67595 7.67653 7.67724 7.67631 7.67417 7.67456 7.67558 7.67421 7.67403 7.67457 7.67612 7.67881 7.67956 7.68008 7.68089 7.68152 7.68044 7.68224 7.68380 7.68385 7.68347 7.68248 7.68286 7.68172 7.67721 7.67687 7.67725 7.67943 7.67917 7.67924 7.67975 7.67915 7.67587 7.67204 7.67152 -99999.00000 -99999.00000 -99999.00000 -99999.00000 7.67311 7.67291 7.67391 7.67313
7.65654 7.65306 7.66585 7.65772 7.63789 7.64543 7.66039 7.66275 7.66303 7.66922 7.66709 7.65849 7.66281 7.65031 7.65845 7.67449 7.67653 7.67713 7.67728 7.67690 7.67550 7.67435 7.67469 7.67501 7.67642 7.67577 7.67423 7.67444 7.67609 7.67590 7.67459 7.67484 7.67349 7.67448 7.67585 7.67633 7.67735 7.67655 7.67974 7.67806 7.67994 7.68231 7.68334 7.68434 7.68380 7.68110 7.67931 7.67739 7.67626 7.67491 7.67605 7.67567 7.67507 7.67774 7.67786 7.67509 7.67252 7.67249 7.67209 -99999.00000 -99999.00000 7.67109 7.67152 7.67124 7.67177 7.67145
7.66935 7.65478 7.65916 7.65812 7.64840 7.62830 7.64443 7.64885 7.65652 7.65314 7.65664 7.65977 7.66258 7.65214 7.66091 7.66945 7.66930 7.67293 7.67659 7.67656 7.67518 7.67394 7.67324 7.67454 7.67401 7.67136 7.67157 7.67276 7.67413 7.67338 7.67358 7.67350 7.67218 7.67376 7.67543 7.67413 7.66945 7.67401 7.67704 7.67869 7.67897 7.68067 7.68089 7.68188 7.68200 7.67944 7.68022 7.67616 7.67420 7.67447 7.67070 7.67264 7.67607 7.67577 7.67589 7.67288 7.67243 7.67334 7.67274 7.67091 7.67043 7.67076 7.67089 7.67083 7.67144 7.67168
7.67523 7.67193 7.66723 7.66456 7.65454 7.64617 7.63377 7.63786 7.65288 7.64596 7.65048 7.64973 7.65847 7.65292 7.66433 7.66587 7.66167 7.66204 7.67241 7.67507 7.67523 7.67150 7.66814 7.67051 7.66622 7.66514 7.66584 7.66874 7.67162 7.67149 7.67253 7.67255 7.67364 7.67205 7.67314 7.67134 7.66934 7.66751 7.67361 7.67703 7.67991 7.68082 7.67775 7.67602 7.67423 7.67499 7.67966 7.67724 7.67424 7.67539 7.67099 7.66801 7.67294 7.67611 7.67563 7.67419 7.67270 7.67289 7.67139 7.67144 7.67123 7.67024 7.66980 7.67014 7.67078 7.67009
7.67571 7.67459 7.66829 7.66759 7.66849 7.66229 7.64902 7.64883 7.65713 7.65148 7.63630 7.64357 7.66007 7.65911 7.66025 7.66153 7.66261 7.65719 7.66450 7.67244 7.67260 7.66932 7.66598 7.66399 7.66174 7.65955 7.65810 7.66283 7.66894 7.66721 7.66896 7.67375 7.67365 7.67216 7.67037 7.66997 7.66561 7.66792 7.67071 7.67105 7.67528 7.67745 7.67632 7.67504 7.67647 7.67200 7.67713 7.67726 7.67597 7.67192 7.67179 7.66997 7.67034 7.67507 7.67618 7.67558 7.67166 7.67106 7.67135 7.67092 7.66936 7.66849 7.66835 7.66848 7.66916 7.66780
7.67250 7.67362 7.66519 7.66121 7.66775 7.67192 7.66936 7.66048 7.66525 7.66397 7.65008 7.65184 7.65143 7.65939 7.66118 7.66299 7.65957 7.66013 7.66564 7.67190 7.67294 7.66854 7.66623 7.66580 7.66398 7.66427 7.66442 7.65779 7.66227 7.66395 7.66455 7.67053 7.67160 7.67355 7.67033 7.66715 7.66496 7.66686 7.66869 7.66844 7.67333 7.67532 7.67522 7.67186 7.67458 7.67404 7.67891 7.67748 7.67450 7.66919 7.66931 7.67293 7.67265 7.67519 7.67472 7.67587 7.67478 7.67104 7.67127 7.67125 7.66934 7.66635 7.66687 7.66735 7.66660 7.66516
7.66964 7.67052 7.66620 7.65975 7.65981 7.66705 7.67007 7.66543 7.66402 7.66850 7.65904 7.65280 7.65506 7.65638 7.66025 7.66070 7.66086 7.66336 7.66725 7.66886 7.66966 7.66959 7.67060 7.66694 7.66761 7.66619 7.66297 7.66032 7.66421 7.66265 7.66167 7.66795 7.67007 7.66931 7.66673 7.66713 7.66014 7.66056 7.66794 7.67283 7.67413 7.67668 7.67679 7.67509 7.67517 7.67709 7.67908 7.67698 7.67262 7.66830 7.67267 7.67252 7.67088 7.67388 7.67517 7.67500 7.67503 7.67295 7.67137 7.67132 7.66935 7.66447 7.66520 7.66696 7.66388 7.66049
7.66861 7.66925 7.66927 7.66780 7.66046 7.66112 7.66541 7.66173 7.66017 7.66299 7.66495 7.65057 7.64374 7.65116 7.65327 7.65170 7.65259 7.65652 7.66227 7.66409 7.66377 7.66759 7.67069 7.66897 7.66918 7.66706 7.66658 7.66457 7.66333 7.66548 7.66081 7.66729 7.67041 7.67113 7.66823 7.66332 7.66060 7.66520 7.66947 7.67275 7.67293 7.67450 7.67357 7.67356 7.67519 7.67504 7.67482 7.67117 7.67039 7.67362 7.67475 7.67052 7.67134 7.67534 7.67537 7.67280 7.67171 7.67093 7.67094 7.67091 7.66837 7.66276 7.66298 7.66490 7.66258 7.65679
7.66845 7.66739 7.66867 7.67054 7.66817 7.66130 7.66489 7.66160 7.66348 7.65601 7.65493 7.65281 7.65403 7.65405 7.65430 7.65677 7.65555 7.65373 7.65305 7.65291 7.65569 7.65598 7.66526 7.66615 7.66591 7.66704 7.67023 7.66980 7.66823 7.66617 7.66439 7.66848 7.67005 7.67123 7.66973 7.66579 7.66653 7.66926 7.67145 7.67233 7.67192 7.67078 7.67149 7.67396 7.67819 7.67721 7.67455 7.67288 7.66999 7.67606 7.67533 7.67446 7.67489 7.67146 7.67319 7.67211 7.67222 7.67208 7.67208 7.66958 7.66611 7.66394 7.66434 7.66384 7.66095 7.65498
7.66665 7.66747 7.66769 7.66865 7.66879 7.66557 7.66340 7.66207 7.66228 7.65647 7.65158 7.65255 7.63698 7.64853 7.65365 7.66305 7.65842 7.65672 7.65407 7.65474 7.65768 7.65299 7.65337 7.65417 7.66028 7.66704 7.66968 7.66941 7.66854 7.66667 7.66458 7.66702 7.66985 7.67076 7.66926 7.66802 7.66798 7.66955 7.67189 7.67350 7.67419 7.67330 7.67130 7.67448 7.67782 7.67609 7.67444 7.67126 7.67064 7.67679 7.67746 7.67676 7.67468 7.67094 7.67138 7.66858 7.67026 7.67110 7.67052 7.66726 7.66461 7.66537 7.66464 7.66206 7.65842 7.65069
7.66212 7.66632 7.66695 7.66788 7.67066 7.66913 7.66520 7.66232 7.66392 7.66026 7.64958 7.65698 7.64576 7.65672 7.65932 7.66339 7.66163 7.65645 7.66358 7.66302 7.65691 7.65465 7.65250 7.65071 7.64330 7.65898 7.66552 7.66718 7.66718 7.66520 7.66549 7.66751 7.67026 7.66976 7.66836 7.66824 7.66784 7.67022 7.67158 7.67221 7.67440 7.67515 7.67319 7.67445 7.67441 7.67594 7.67673 7.67448 7.67528 7.67736 7.67781 7.67523 7.67326 7.67308 7.67019 7.66653 7.66701 7.66845 7.66685 7.66323 7.66224 7.66309 7.66380 7.66052 7.65345 7.64484
7.65923 7.66377 7.66347 7.66378 7.66729 7.66838 7.66721 7.66540 7.66531 7.66316 7.65790 7.65550 7.65222 7.65183 7.64792 7.65778 7.66176 7.66096 7.66439 7.66428 7.66168 7.65677 7.65290 7.65463 7.64399 7.64607 7.65703 7.66058 7.66368 7.66461 7.66525 7.66722 7.66870 7.66856 7.66735 7.66650 7.66623 7.66814 7.67122 7.67308 7.67283 7.67375 7.67199 7.67165 7.67208 7.67470 7.67584 7.67672 7.67623 7.67566 7.67719 7.67577 7.67082 7.66838 7.66943 7.66433 7.66030 7.66399 7.66372 7.66193 7.66276 7.66082 7.66173 7.65822 7.65241 7.64601
7.65728 7.64565 7.64679 7.65683 7.65998 7.66341 7.66487 7.66446 7.66505 7.66657 7.66581 7.65821 7.65303 7.63866 7.65580 7.65735 7.65854 7.65400 7.64446 7.65086 7.66023 7.66018 7.66231 7.65909 7.64740 7.64942 7.65427 7.65303 7.65255 7.65716 7.66194 7.66491 7.66636 7.66778 7.66756 7.66542 7.66495 7.66734 7.67167 7.67185 7.66595 7.66665 7.67145 7.67335 7.67312 7.67220 7.67463 7.67490 7.67596 7.67457 7.67733 7.67552 7.67083 7.66844 7.66654 7.66501 7.66422 7.65943 7.66110 7.66290 7.66237 7.65622 7.65639 7.65637 7.65185 7.64548
