mrvbf_slope1_pctl0.6.asc
NCOLS 410
NROWS 410
XLLCORNER 2398750.0000000000000000
YLLCORNER 2548750.0000000000000000
CELLSIZE 250.0000000000000000
NODATA_VALUE -99999.00000
[rows 232 to 260 of 410, columns 0 to 65 of 410]
-99999.00000 -99999.00000 -99999.00000 -99999.00000 -99999.00000 7.53537 7.54999 7.55769 7.54967 7.55559 7.57632 7.59304 7.59449 7.59457 7.59775 7.59573 7.58761 7.58472 7.57191 7.57854 7.57322 7.57478 7.58748 7.59809 7.60092 7.60319 7.59426 7.56343 7.54036 7.56414 7.59442 7.60353 7.60547 7.60447 7.59933 7.58646 7.56914 7.55768 7.55454 7.55873 7.56549 7.57110 7.57268 7.56955 7.56186 7.56127 7.57347 7.57930 7.57184 7.55518 7.55175 7.57787 7.59704 7.59682 7.58861 7.58088 7.57522 7.57037 7.56755 7.56422 7.55023 7.53167 7.53721 7.56484 7.58390 7.58990
-99999.00000 -99999.00000 -99999.00000 -99999.00000 -99999.00000 7.55433 7.56699 7.55810 7.53927 7.54356 7.56825 7.58566 7.58492 7.59206 7.58461 7.59148 7.58587 7.57013 7.56016 7.57348 7.59209 7.58707 7.58488 7.58972 7.59739 7.60518 7.59612 7.56736 7.55520 7.57622 7.59541 7.60146 7.60357 7.60282 7.59508 7.58131 7.57122 7.57230 7.57878 7.58277 7.58297 7.58362 7.58316 7.57879 7.56712 7.55853 7.56007 7.56650 7.55973 7.54354 7.54929 7.56850 7.59034 7.59459 7.59254 7.58573 7.57698 7.57147 7.56630 7.55381 7.53150 7.51290 7.52640 7.55691 7.57359 7.58435
-99999.00000 -99999.00000 -99999.00000 -99999.00000 -99999.00000 7.56936 7.57965 7.56240 7.53799 7.53684 7.56061 7.58027 7.58478 7.58134 7.57437 7.57197 7.57157 7.55012 7.54217 7.55508 7.57842 7.59670 7.59021 7.58550 7.59331 7.60444 7.59861 7.57335 7.55719 7.56591 7.57920 7.58881 7.59497 7.59634 7.58449 7.57065 7.56828 7.57264 7.58266 7.58581 7.58549 7.58395 7.58178 7.57853 7.57116 7.56187 7.55403 7.55353 7.54723 7.53750 7.54277 7.57282 7.58503 7.58923 7.59277 7.58562 7.57416 7.56624 7.56103 7.54091 7.50633 7.48539 7.50620 7.53634 7.55183 7.56757
-99999.00000 -99999.00000 -99999.00000 -99999.00000 -99999.00000 7.55789 7.57539 7.55881 7.54013 7.53435 7.55419 7.57516 7.57126 7.55797 7.53385 7.52298 7.54169 7.53163 7.53547 7.55151 7.55830 7.58734 7.58020 7.57254 7.58145 7.59272 7.59164 7.57347 7.54989 7.54022 7.54642 7.55750 7.57020 7.57928 7.57238 7.56413 7.56663 7.56378 7.57893 7.57763 7.57004 7.56326 7.56401 7.56670 7.56478 7.55796 7.55301 7.55221 7.54505 7.53933 7.55103 7.57132 7.57692 7.58105 7.58973 7.57906 7.56444 7.55353 7.55177 7.53194 7.48604 7.46931 7.49935 7.52525 7.53567 7.54821
-99999.00000 -99999.00000 -99999.00000 -99999.00000 -99999.00000 7.51292 7.56047 7.55184 7.54163 7.53522 7.54579 7.55997 7.55134 7.51278 7.46813 7.48462 7.51086 7.53369 7.55971 7.55336 7.55382 7.55836 7.54254 7.54866 7.56673 7.57880 7.58058 7.57195 7.55531 7.53479 7.52428 7.52540 7.54002 7.55926 7.57081 7.57131 7.56683 7.55572 7.56045 7.55299 7.53668 7.52675 7.53614 7.54727 7.54789 7.54375 7.54792 7.55457 7.54713 7.54514 7.56102 7.56948 7.56547 7.56860 7.58114 7.56703 7.55463 7.55442 7.55100 7.52888 7.46937 7.47644 7.52795 7.53882 7.53908 7.54475
-99999.00000 -99999.00000 -99999.00000 -99999.00000 -99999.00000 7.43916 7.52311 7.54138 7.54052 7.53728 7.54552 7.54981 7.53111 7.49398 7.48589 7.52418 7.52618 7.55502 7.57034 7.55844 7.55753 7.51968 7.50377 7.53301 7.56255 7.57616 7.57896 7.57508 7.56354 7.54452 7.52840 7.52062 7.52695 7.54719 7.57224 7.56945 7.56107 7.54374 7.54069 7.53338 7.51657 7.50886 7.51482 7.52886 7.53131 7.52970 7.53775 7.55480 7.55591 7.55365 7.56492 7.56658 7.56079 7.55421 7.56604 7.55503 7.55089 7.55557 7.54494 7.52433 7.46871 7.49262 7.55407 7.55434 7.55239 7.55777
-99999.00000 -99999.00000 -99999.00000 -99999.00000 -99999.00000 7.47593 7.52346 7.52781 7.52301 7.52798 7.54761 7.55727 7.53904 7.52826 7.54926 7.56448 7.56116 7.56780 7.56187 7.55441 7.53408 7.49118 7.50972 7.54057 7.56936 7.58577 7.58937 7.58535 7.57449 7.55996 7.54950 7.53837 7.52942 7.53923 7.56433 7.55684 7.55265 7.54197 7.53721 7.53610 7.52931 7.53227 7.51727 7.51798 7.52146 7.52300 7.52381 7.54236 7.56190 7.55331 7.56077 7.56042 7.55674 7.54783 7.55372 7.54825 7.54585 7.54516 7.52953 7.51820 7.48762 7.51642 7.56471 7.56153 7.56221 7.56550
-99999.00000 -99999.00000 -99999.00000 -99999.00000 -99999.00000 7.28299 7.45615 7.50812 7.49752 7.49995 7.53940 7.56512 7.55074 7.55382 7.57676 7.57743 7.57741 7.57739 7.55823 7.54637 7.51064 7.49753 7.54999 7.55945 7.57662 7.59571 7.60048 7.59473 7.58125 7.56879 7.56046 7.54577 7.53314 7.53545 7.55278 7.54520 7.53725 7.54303 7.54682 7.55462 7.55410 7.55782 7.54267 7.52851 7.52880 7.52832 7.51340 7.51959 7.55318 7.55301 7.55241 7.56127 7.55894 7.55037 7.55336 7.54816 7.54428 7.54790 7.54222 7.53805 7.51546 7.53071 7.56446 7.56209 7.55510 7.55622
-99999.00000 -99999.00000 -99999.00000 -99999.00000 -99999.00000 7.35491 7.49521 7.49177 7.51061 7.47072 7.51765 7.56385 7.55541 7.56020 7.58397 7.58499 7.57921 7.57839 7.56197 7.53897 7.51665 7.53484 7.56769 7.57503 7.58727 7.60141 7.60427 7.59507 7.57848 7.56861 7.55810 7.54444 7.53401 7.53101 7.53996 7.53175 7.53437 7.55379 7.56121 7.56757 7.56568 7.56176 7.56109 7.55143 7.55099 7.54863 7.52541 7.50834 7.53640 7.55069 7.54695 7.55778 7.55911 7.55104 7.55418 7.55547 7.55690 7.56201 7.56231 7.56292 7.52742 7.52224 7.55464 7.56744 7.56020 7.55745
-99999.00000 -99999.00000 -99999.00000 -99999.00000 -99999.00000 7.51767 7.50608 7.51609 7.51670 7.46179 7.48349 7.55010 7.55725 7.56294 7.58417 7.59040 7.58138 7.58134 7.56804 7.54707 7.55126 7.57371 7.58278 7.58697 7.59798 7.60660 7.60465 7.58951 7.57294 7.57374 7.56295 7.54800 7.53228 7.52272 7.53510 7.54149 7.55389 7.57057 7.56749 7.57112 7.56878 7.56030 7.56372 7.56297 7.56242 7.56048 7.54065 7.51766 7.52965 7.54630 7.54539 7.55869 7.56032 7.55006 7.55161 7.56356 7.57358 7.56862 7.56765 7.56570 7.54158 7.51514 7.52411 7.55271 7.56660 7.56212
-99999.00000 -99999.00000 -99999.00000 -99999.00000 -99999.00000 7.56098 7.55084 7.55443 7.54364 7.49287 7.45154 7.52404 7.55844 7.56948 7.58216 7.59049 7.58107 7.57366 7.57304 7.56933 7.57906 7.59082 7.59084 7.59584 7.60387 7.60625 7.59890 7.58323 7.57784 7.58454 7.57964 7.56906 7.55276 7.54016 7.55334 7.56972 7.57798 7.57819 7.57060 7.56389 7.55261 7.55166 7.56474 7.56432 7.55344 7.54851 7.53714 7.51946 7.52348 7.54115 7.54950 7.56081 7.56576 7.55636 7.55269 7.56226 7.57174 7.56547 7.54556 7.52453 7.52889 7.52875 7.50581 7.51216 7.53872 7.54649
-99999.00000 -99999.00000 -99999.00000 -99999.00000 -99999.00000 7.56692 7.56295 7.55271 7.54008 7.51975 7.47270 7.51128 7.55929 7.57612 7.57687 7.58007 7.57488 7.56518 7.57602 7.57695 7.58368 7.58823 7.59111 7.59941 7.60429 7.60126 7.59078 7.58002 7.58628 7.58435 7.57499 7.57153 7.56376 7.55613 7.57281 7.58537 7.58624 7.58486 7.57328 7.55350 7.54309 7.55852 7.57530 7.56991 7.55441 7.54657 7.53442 7.51947 7.52251 7.54190 7.56131 7.56976 7.57633 7.57221 7.56374 7.56625 7.56895 7.55368 7.52709 7.51304 7.49879 7.50895 7.46409 7.46896 7.51843 7.52826
-99999.00000 -99999.00000 -99999.00000 -99999.00000 -99999.00000 7.57877 7.56997 7.53274 7.52363 7.51589 7.49896 7.51163 7.55066 7.57591 7.57092 7.56040 7.55540 7.55578 7.56406 7.56937 7.57793 7.57645 7.58243 7.59382 7.59760 7.59496 7.58424 7.57828 7.58819 7.57420 7.57379 7.57268 7.56843 7.57734 7.58972 7.58168 7.57276 7.57782 7.57201 7.56193 7.56560 7.56896 7.57495 7.56236 7.56178 7.56909 7.55879 7.53811 7.53429 7.55175 7.57610 7.57930 7.57671 7.57356 7.57168 7.56997 7.57008 7.55797 7.54030 7.53240 7.51988 7.50418 7.46756 7.49472 7.54683 7.54443
-99999.00000 -99999.00000 -99999.00000 -99999.00000 -99999.00000 7.58667 7.57781 7.53674 7.47156 7.49434 7.49335 7.49838 7.53480 7.56478 7.55729 7.53336 7.54087 7.55702 7.55353 7.57067 7.57861 7.57166 7.56639 7.58028 7.59145 7.58958 7.58307 7.58376 7.58002 7.57083 7.58000 7.58793 7.59075 7.59742 7.59045 7.57004 7.57217 7.57550 7.58165 7.57723 7.57543 7.57283 7.58079 7.57160 7.55451 7.56611 7.57874 7.56146 7.54900 7.55585 7.57705 7.58801 7.58290 7.57122 7.57705 7.57222 7.56831 7.55579 7.53226 7.52815 7.53805 7.53573 7.51228 7.52659 7.56536 7.56863
-99999.00000 -99999.00000 -99999.00000 -99999.00000 -99999.00000 7.59059 7.57585 7.53155 7.49143 7.47447 7.44368 7.45862 7.51330 7.54550 7.52854 7.50721 7.54582 7.56630 7.56339 7.57346 7.57754 7.57157 7.56360 7.56990 7.58733 7.58659 7.58725 7.58674 7.57512 7.57701 7.58779 7.59159 7.59398 7.59814 7.59368 7.57389 7.56334 7.57912 7.58640 7.58147 7.57721 7.58201 7.59033 7.58847 7.56689 7.56275 7.57945 7.56876 7.55306 7.55819 7.57974 7.59168 7.58370 7.56239 7.57420 7.56654 7.56554 7.54524 7.52570 7.53536 7.54371 7.54232 7.53597 7.53319 7.55525 7.56943
-99999.00000 -99999.00000 -99999.00000 -99999.00000 -99999.00000 7.58711 7.56447 7.53676 7.53769 7.50884 7.42984 7.41833 7.48317 7.49820 7.47504 7.49977 7.55249 7.56695 7.56469 7.56834 7.56747 7.56753 7.56612 7.56414 7.57564 7.57801 7.58593 7.57993 7.57002 7.57574 7.58673 7.58835 7.58247 7.58074 7.58244 7.58041 7.57232 7.57893 7.58581 7.58515 7.58361 7.58699 7.58969 7.58909 7.57380 7.56626 7.57971 7.56897 7.55460 7.56387 7.58002 7.58312 7.56277 7.54736 7.56925 7.56740 7.57050 7.53975 7.52612 7.53892 7.54236 7.52556 7.53588 7.55743 7.56291 7.55639
-99999.00000 -99999.00000 -99999.00000 -99999.00000 -99999.00000 7.58259 7.56296 7.53611 7.53722 7.53563 7.45940 7.41936 7.46735 7.46815 7.48034 7.54059 7.55368 7.55976 7.55797 7.55537 7.55386 7.56649 7.56959 7.56947 7.56722 7.56836 7.57658 7.57254 7.54594 7.54364 7.56521 7.57330 7.56079 7.54686 7.54409 7.55415 7.56821 7.57765 7.57483 7.57287 7.58052 7.57871 7.57077 7.57142 7.56707 7.56191 7.57627 7.56649 7.55893 7.56447 7.56225 7.55840 7.54383 7.54828 7.55414 7.56458 7.57308 7.54177 7.51771 7.52326 7.53732 7.54075 7.54303 7.56069 7.57127 7.56834
-99999.00000 -99999.00000 -99999.00000 -99999.00000 -99999.00000 7.56823 7.54751 7.52817 7.54780 7.55036 7.51701 7.48190 7.49934 7.50842 7.52849 7.55633 7.55559 7.55586 7.56080 7.55173 7.55380 7.56069 7.56860 7.58043 7.57481 7.56929 7.56344 7.55941 7.53007 7.51038 7.52850 7.53963 7.52477 7.51482 7.51725 7.52863 7.54902 7.56120 7.55277 7.54924 7.55404 7.55184 7.54708 7.54417 7.54760 7.54782 7.56694 7.55863 7.56041 7.56535 7.54956 7.54316 7.54934 7.56297 7.54805 7.56745 7.57770 7.54552 7.51297 7.51769 7.54015 7.56474 7.57414 7.57139 7.56168 7.56489
-99999.00000 -99999.00000 -99999.00000 -99999.00000 -99999.00000 7.54372 7.53378 7.53102 7.55282 7.54643 7.53363 7.52788 7.53918 7.54531 7.54734 7.55252 7.55931 7.55291 7.55639 7.55324 7.55255 7.55547 7.57510 7.58929 7.57749 7.56636 7.56481 7.55433 7.54324 7.51634 7.50718 7.50559 7.49976 7.51017 7.52529 7.53286 7.54682 7.55364 7.54916 7.55143 7.54195 7.54293 7.54688 7.53672 7.52699 7.53632 7.55303 7.54621 7.55313 7.55595 7.54462 7.53776 7.54812 7.56285 7.54435 7.56508 7.56972 7.53441 7.51208 7.52831 7.54635 7.56721 7.58667 7.58539 7.56791 7.55077
-99999.00000 -99999.00000 -99999.00000 -99999.00000 -99999.00000 7.53336 7.53648 7.53844 7.55040 7.54622 7.53532 7.54098 7.55713 7.56486 7.56508 7.56705 7.56956 7.56256 7.55067 7.53579 7.53523 7.56370 7.58745 7.59283 7.58075 7.55984 7.55647 7.55083 7.55091 7.55008 7.52468 7.50295 7.50529 7.52075 7.52521 7.53352 7.55489 7.56120 7.55893 7.56473 7.55657 7.55552 7.55586 7.54549 7.53031 7.53364 7.53534 7.53218 7.54490 7.54391 7.53195 7.53123 7.53066 7.53285 7.53749 7.55299 7.53556 7.50531 7.51430 7.54748 7.55828 7.56517 7.58284 7.59028 7.58206 7.55978
-99999.00000 -99999.00000 -99999.00000 -99999.00000 -99999.00000 7.55277 7.55122 7.54393 7.52446 7.54321 7.54090 7.54454 7.56411 7.57601 7.57778 7.58113 7.57848 7.57299 7.55155 7.51968 7.53330 7.57091 7.58686 7.58502 7.56423 7.53520 7.53630 7.53994 7.54883 7.55609 7.53560 7.51941 7.53052 7.53497 7.51559 7.52624 7.55943 7.56354 7.55889 7.56330 7.56174 7.56034 7.55424 7.54392 7.54044 7.54494 7.52951 7.52612 7.54447 7.53746 7.52721 7.53606 7.51444 7.51088 7.54608 7.53513 7.50780 7.50149 7.52304 7.55435 7.56877 7.56536 7.57641 7.58881 7.57303 7.55922
-99999.00000 -99999.00000 -99999.00000 -99999.00000 -99999.00000 7.57027 7.56674 7.53149 7.53662 7.52409 7.53723 7.54667 7.56640 7.57813 7.58401 7.58800 7.58068 7.57186 7.53957 7.52105 7.53004 7.54924 7.56775 7.56526 7.53827 7.52367 7.53974 7.54286 7.53318 7.53834 7.52976 7.53638 7.55212 7.53712 7.51139 7.52781 7.56029 7.55622 7.54795 7.54946 7.54891 7.54839 7.54503 7.54074 7.54711 7.55686 7.53455 7.52789 7.54897 7.54282 7.53615 7.54678 7.50119 7.51015 7.53870 7.52306 7.51466 7.52138 7.54063 7.54752 7.56731 7.56457 7.57186 7.58244 7.56764 7.56493
-99999.00000 -99999.00000 -99999.00000 -99999.00000 -99999.00000 7.56700 7.56593 7.54364 7.52023 7.54444 7.55541 7.55105 7.56686 7.58117 7.59029 7.59099 7.58029 7.57061 7.54255 7.53185 7.53244 7.53381 7.54904 7.55757 7.53738 7.53289 7.54669 7.55194 7.53149 7.51800 7.52572 7.54830 7.55317 7.53420 7.51779 7.53310 7.55288 7.54173 7.53157 7.53303 7.53294 7.53230 7.53483 7.54111 7.55190 7.56052 7.54203 7.53154 7.54949 7.54907 7.54208 7.55367 7.50784 7.50379 7.52922 7.52637 7.52323 7.52697 7.53940 7.54718 7.55518 7.55802 7.57029 7.57845 7.57012 7.56429
-99999.00000 -99999.00000 -99999.00000 -99999.00000 -99999.00000 7.56952 7.56942 7.54966 7.54220 7.54337 7.53849 7.54624 7.56668 7.58327 7.59139 7.59051 7.57811 7.56746 7.55179 7.53717 7.54308 7.54389 7.54935 7.56000 7.53786 7.52935 7.54769 7.55601 7.54616 7.52347 7.52489 7.54080 7.54590 7.53638 7.52237 7.52756 7.53584 7.52756 7.52495 7.53303 7.53261 7.52735 7.52940 7.53722 7.54623 7.55040 7.53754 7.52497 7.53989 7.55216 7.53825 7.54311 7.52162 7.52059 7.52138 7.51328 7.51827 7.53058 7.53650 7.54833 7.55169 7.55355 7.55797 7.56532 7.56662 7.56512
-99999.00000 -99999.00000 -99999.00000 -99999.00000 -99999.00000 7.54705 7.54702 7.54483 7.55164 7.53406 7.53270 7.55093 7.57202 7.58341 7.58883 7.58654 7.57113 7.56097 7.55161 7.52275 7.52777 7.53714 7.54366 7.55054 7.53220 7.52641 7.55113 7.55515 7.54510 7.53574 7.53798 7.53159 7.53650 7.53669 7.51555 7.49934 7.51408 7.53037 7.53635 7.54285 7.54223 7.53213 7.52752 7.53425 7.54409 7.54645 7.53255 7.51451 7.52491 7.55294 7.54587 7.53747 7.53271 7.53664 7.50110 7.46824 7.47143 7.50783 7.53221 7.53710 7.54384 7.54374 7.54136 7.54561 7.55572 7.56781
-99999.00000 -99999.00000 -99999.00000 -99999.00000 -99999.00000 7.53799 7.54445 7.54107 7.51526 7.53251 7.55393 7.55265 7.55746 7.57040 7.58019 7.58016 7.56386 7.55772 7.55824 7.52158 7.49109 7.49065 7.51371 7.53722 7.53768 7.53624 7.54895 7.55303 7.55307 7.55018 7.55622 7.53754 7.53512 7.53996 7.51324 7.48260 7.50077 7.53961 7.54691 7.53556 7.53354 7.53394 7.53587 7.54404 7.55449 7.55444 7.53552 7.50799 7.50499 7.53427 7.55192 7.54851 7.53221 7.50410 7.45848 7.45096 7.45977 7.45720 7.48548 7.51305 7.53410 7.53328 7.54469 7.54515 7.54856 7.56266
-99999.00000 -99999.00000 -99999.00000 -99999.00000 -99999.00000 7.54393 7.53572 7.50957 7.51655 7.52149 7.54623 7.55796 7.54949 7.54245 7.55522 7.56663 7.55333 7.55039 7.55225 7.53309 7.51363 7.50151 7.50641 7.53902 7.55525 7.54892 7.54126 7.53790 7.54310 7.54566 7.55983 7.54206 7.53266 7.53654 7.51622 7.50723 7.49420 7.52963 7.55508 7.53663 7.51830 7.53083 7.54967 7.55380 7.55928 7.55790 7.54515 7.51450 7.49908 7.51600 7.52695 7.51018 7.47558 7.45745 7.46491 7.49074 7.51045 7.48199 7.46611 7.50384 7.54461 7.53560 7.54810 7.55864 7.55229 7.55515
-99999.00000 -99999.00000 -99999.00000 -99999.00000 -99999.00000 7.54154 7.53743 7.52696 7.49851 7.52088 7.53428 7.55537 7.55306 7.53263 7.52660 7.53679 7.53555 7.54458 7.54354 7.54411 7.54759 7.52233 7.51711 7.54629 7.56721 7.56043 7.54288 7.51818 7.51544 7.54334 7.56025 7.54737 7.53013 7.52778 7.52523 7.52856 7.49837 7.51708 7.55119 7.53980 7.51698 7.52794 7.54852 7.55157 7.56109 7.55653 7.54828 7.53303 7.51383 7.52183 7.52197 7.50122 7.49136 7.50345 7.52401 7.52618 7.53354 7.53011 7.51166 7.50833 7.54105 7.54377 7.53988 7.56377 7.56119 7.55063
-99999.00000 -99999.00000 -99999.00000 -99999.00000 -99999.00000 7.48461 7.54111 7.55143 7.54013 7.52401 7.53083 7.55223 7.54596 7.54013 7.53312 7.51445 7.52020 7.53643 7.54205 7.54600 7.55140 7.52209 7.52307 7.55129 7.56712 7.56152 7.54195 7.50691 7.51089 7.53832 7.54959 7.55410 7.54018 7.52989 7.53204 7.53029 7.50137 7.50117 7.53167 7.53603 7.52798 7.53464 7.54726 7.55938 7.56878 7.55840 7.55137 7.54662 7.53203 7.53784 7.53883 7.53184 7.53099 7.53213 7.53708 7.53454 7.53954 7.54840 7.54110 7.52384 7.54395 7.55359 7.54387 7.54684 7.56017 7.55484
