mrvbf_slope0.8_pctl1.5.asc
NCOLS 410
NROWS 410
XLLCORNER 2398750.0000000000000000
YLLCORNER 2548750.0000000000000000
CELLSIZE 250.0000000000000000
NODATA_VALUE -99999.00000
[rows 348 to 376 of 410, columns 198 to 263 of 410]
3.71550 3.70740 3.71164 3.72998 3.73569 3.73173 3.71208 3.67714 3.62376 3.63941 3.70680 3.73200 3.73280 3.72393 3.70452 3.68440 3.67684 3.68920 3.68996 3.67597 3.66448 3.66102 3.64896 3.60209 3.56010 3.48863 3.33269 3.07382 2.92382 3.02133 3.18399 3.36517 3.24696 2.67291 1.98142 1.49640 1.21612 1.20375 1.70465 2.38537 2.68029 2.63098 2.56228 2.51117 2.66770 2.90660 2.87631 3.03637 3.21192 3.13701 3.01456 3.08574 3.21035 3.28523 3.44565 3.53098 3.55159 3.54464 3.56143 3.57772 3.56355 3.52393 3.51754 3.61332 3.68804 3.67967
3.70780 3.71178 3.73247 3.73096 3.73758 3.71956 3.69346 3.67700 3.66411 3.67721 3.72217 3.75159 3.75675 3.74638 3.72214 3.70556 3.70605 3.71944 3.72427 3.71241 3.69049 3.66725 3.63892 3.59454 3.53888 3.41166 3.16754 2.66794 2.09973 1.66960 2.13083 3.08846 2.90738 1.97070 1.05633 0.87671 0.97803 1.07269 1.41155 2.48099 3.00215 2.80980 2.51162 2.23057 2.22491 2.48858 2.74861 3.06509 3.21835 3.11678 2.77569 2.64055 2.88225 3.22069 3.45094 3.53612 3.53988 3.53861 3.55336 3.52751 3.52759 3.53026 3.55958 3.63009 3.69754 3.70894
3.72059 3.72747 3.73588 3.72747 3.71646 3.69781 3.70299 3.70984 3.71375 3.71198 3.73116 3.76119 3.77044 3.75776 3.73547 3.72668 3.73251 3.74368 3.74802 3.74000 3.72559 3.70163 3.66059 3.61580 3.54645 3.40967 3.10961 2.54737 2.04469 1.46896 0.87213 2.41545 2.49625 1.50774 0.87502 1.26411 1.68344 1.58392 1.14420 2.35310 3.01046 2.69650 2.31132 2.37636 2.07408 1.79014 2.26630 2.96772 3.24994 3.06696 2.50289 2.19790 2.61598 3.13693 3.40092 3.50749 3.51855 3.50523 3.46987 3.48161 3.55721 3.58940 3.61704 3.63920 3.68069 3.70094
3.71298 3.71094 3.72593 3.73637 3.72647 3.73085 3.74920 3.75165 3.74620 3.74051 3.74515 3.76424 3.76621 3.75693 3.73828 3.73188 3.73800 3.74537 3.74095 3.73278 3.73511 3.72481 3.68261 3.62810 3.56590 3.45111 3.14103 2.46051 2.07234 2.04484 1.11786 2.10235 2.49324 1.37419 1.21737 2.32641 2.94229 2.69090 1.29426 2.27349 3.02632 2.62840 2.54290 3.01363 2.94035 2.54694 2.37676 2.97304 3.28248 2.95929 2.60105 2.83329 2.90526 3.17031 3.37259 3.47189 3.48993 3.47473 3.37394 3.44710 3.60223 3.64022 3.64546 3.64204 3.65760 3.66238
3.70434 3.71908 3.75000 3.76508 3.76372 3.76794 3.76900 3.76406 3.75714 3.75159 3.74999 3.76181 3.76303 3.75545 3.73540 3.72839 3.73562 3.73712 3.73138 3.72880 3.72975 3.72774 3.70080 3.64826 3.57446 3.46949 3.23181 2.61724 2.17127 2.22361 1.78051 2.84326 3.08777 2.11626 1.11578 1.49741 2.39732 2.69738 1.92090 2.61865 3.19839 2.92256 2.76027 2.98140 2.76057 2.30173 2.78540 3.27088 3.38506 3.12040 2.81019 3.18462 3.27660 3.34933 3.44454 3.50138 3.51612 3.50124 3.36794 3.41237 3.59527 3.64087 3.65915 3.67245 3.67717 3.67055
3.72223 3.75259 3.76315 3.76909 3.76472 3.77024 3.76374 3.75602 3.75619 3.75989 3.74751 3.75693 3.76272 3.74462 3.72569 3.72401 3.73470 3.73859 3.73729 3.73503 3.73248 3.72085 3.70362 3.67503 3.61278 3.51940 3.37644 3.08637 2.78453 2.95670 3.04393 3.36142 3.39396 2.92720 2.18720 1.72274 1.88436 2.73240 2.76725 3.01986 3.30333 3.22931 3.01335 2.96806 2.88192 2.94662 3.27086 3.38201 3.35983 3.23400 3.18616 3.31388 3.39065 3.44576 3.51844 3.56279 3.56950 3.54353 3.44750 3.44242 3.56261 3.62878 3.66855 3.69991 3.71156 3.71200
3.74992 3.77062 3.77753 3.77847 3.76615 3.75973 3.75521 3.74757 3.73473 3.74651 3.75135 3.74374 3.73055 3.71151 3.70876 3.72344 3.73808 3.74984 3.74695 3.74259 3.73623 3.72077 3.70240 3.67637 3.64863 3.57887 3.47997 3.30590 3.12037 3.23461 3.26398 3.37169 3.45503 3.28835 2.91217 2.59418 2.48576 3.08511 3.25217 3.22101 3.35007 3.40696 3.29668 3.19475 3.16619 3.25728 3.25419 3.07763 3.01182 3.14123 3.35189 3.42935 3.45405 3.50499 3.56635 3.59629 3.59640 3.57486 3.51314 3.48454 3.54066 3.61644 3.67718 3.70853 3.72108 3.72486
3.75684 3.76806 3.77937 3.78428 3.77952 3.76408 3.75964 3.73501 3.71805 3.72973 3.73717 3.72628 3.70987 3.70321 3.70394 3.70531 3.72388 3.73769 3.74991 3.75119 3.73781 3.73201 3.71569 3.67550 3.65622 3.61395 3.52562 3.36401 3.10308 3.05499 3.26410 3.29434 3.42536 3.17262 3.00405 3.01906 3.07430 3.31426 3.39654 3.31463 3.33405 3.39600 3.30621 3.12035 3.00005 2.92573 2.49220 2.19305 2.27492 2.87105 3.30723 3.42942 3.48013 3.54587 3.59578 3.61379 3.60629 3.59511 3.55384 3.51431 3.53872 3.60584 3.66893 3.70284 3.70399 3.69233
3.74526 3.74442 3.74748 3.75454 3.76572 3.75434 3.72524 3.69711 3.69910 3.72114 3.72788 3.72115 3.70874 3.70036 3.67830 3.63804 3.64622 3.67876 3.72885 3.75302 3.74646 3.72946 3.71459 3.69213 3.66003 3.62773 3.56249 3.42645 3.18931 3.04453 3.20188 3.36519 3.47916 3.30156 3.17777 3.33298 3.35889 3.38850 3.43478 3.32928 3.24569 3.20871 2.80614 2.29507 2.07026 1.96448 1.73973 1.36205 1.46107 2.36241 3.07076 3.34524 3.48368 3.56755 3.60844 3.62116 3.61019 3.60287 3.59186 3.54905 3.54529 3.60049 3.66660 3.70141 3.68772 3.66872
3.73980 3.72745 3.71567 3.71571 3.73233 3.72860 3.69170 3.67509 3.69163 3.70957 3.71739 3.72702 3.69341 3.64961 3.56788 3.45177 3.47480 3.58926 3.67611 3.74836 3.76361 3.74378 3.71232 3.68349 3.65509 3.61556 3.57064 3.48664 3.33944 3.20959 3.22167 3.39438 3.49079 3.41444 3.30898 3.34452 3.35171 3.35701 3.39270 3.33160 3.12631 2.67838 1.99821 1.63230 1.44420 1.11497 0.86597 0.86694 1.25197 1.84574 2.72174 3.26062 3.48136 3.57053 3.60937 3.62230 3.61404 3.60970 3.59729 3.55653 3.55170 3.60459 3.67032 3.70030 3.68074 3.65735
3.73177 3.72368 3.71774 3.71245 3.71292 3.71126 3.66019 3.66052 3.68790 3.70082 3.70816 3.71137 3.66908 3.55847 3.41605 3.44510 3.47529 3.50247 3.62031 3.72775 3.76951 3.75239 3.69970 3.65376 3.61563 3.56429 3.49312 3.41989 3.35097 3.30434 3.27318 3.29988 3.32703 3.35238 3.40034 3.40922 3.39550 3.36658 3.35179 3.31660 2.90174 1.99418 1.46818 1.06721 0.69350 0.53747 0.63695 1.00787 1.32753 1.68859 2.49764 3.21412 3.47967 3.56631 3.60151 3.61270 3.60945 3.61381 3.58837 3.55934 3.56696 3.61502 3.65996 3.68401 3.67856 3.64513
3.71054 3.71866 3.71365 3.70442 3.70372 3.66635 3.61348 3.65730 3.69266 3.70108 3.70158 3.69844 3.67929 3.56676 3.42398 3.54575 3.59543 3.53158 3.61702 3.71722 3.76127 3.72607 3.67290 3.63829 3.57906 3.47400 3.29403 3.01784 2.82830 2.78625 2.65301 2.56881 2.67931 2.91547 3.22773 3.39964 3.44679 3.41385 3.31776 3.10683 2.43725 1.64169 1.37773 1.02671 0.76848 0.87987 1.09293 1.21970 1.43192 1.67039 2.35971 3.13837 3.45181 3.54045 3.56929 3.57796 3.58795 3.60702 3.58373 3.57386 3.59106 3.61564 3.63818 3.65879 3.66071 3.63279
3.66915 3.68178 3.69582 3.69849 3.68199 3.60711 3.60436 3.68639 3.70575 3.71994 3.71934 3.70695 3.70138 3.63194 3.48478 3.47587 3.56291 3.55909 3.64332 3.72166 3.75662 3.72280 3.66638 3.61695 3.52654 3.34723 2.95561 2.22231 1.84946 1.81030 1.74362 1.58832 1.47234 1.99943 2.80881 3.27910 3.42972 3.42049 3.27147 2.89062 2.17487 1.77363 1.68855 1.27860 0.88585 1.13536 1.21390 1.35866 1.54802 1.65954 2.19882 2.96572 3.36104 3.45273 3.47554 3.50802 3.55319 3.58501 3.57991 3.58963 3.61854 3.63765 3.65433 3.66481 3.66887 3.65211
3.65177 3.64646 3.65177 3.65171 3.63274 3.58515 3.62279 3.68743 3.70276 3.72985 3.73312 3.73130 3.72965 3.71247 3.62908 3.53275 3.53770 3.60914 3.70173 3.74412 3.74754 3.72011 3.67720 3.59126 3.44854 3.18606 2.64066 1.90545 1.47072 1.29566 1.15843 1.21328 1.35066 1.59590 2.43678 3.16617 3.38950 3.39980 3.22864 2.74672 2.07646 1.91956 1.91395 1.51693 1.12651 1.91609 1.34565 1.54127 1.78458 1.68121 2.13193 2.92341 3.31198 3.34700 3.36461 3.44151 3.51142 3.54934 3.56671 3.59423 3.63458 3.66693 3.67922 3.68084 3.68352 3.67266
3.63911 3.63913 3.63334 3.61730 3.59129 3.58512 3.63917 3.67545 3.68041 3.70334 3.71687 3.73630 3.75226 3.74418 3.71995 3.67937 3.66265 3.70326 3.74105 3.75283 3.73935 3.71556 3.68244 3.58951 3.40015 3.05543 2.60536 2.35007 2.18347 1.94636 1.60149 2.36439 2.55445 2.09604 2.48348 3.21850 3.41219 3.39523 3.16683 2.60169 2.06950 2.00953 2.09705 1.98204 1.98338 2.08730 2.07196 2.10960 2.08946 1.89019 2.29466 3.03911 3.35845 3.35084 3.38364 3.42514 3.46581 3.50582 3.54448 3.58593 3.62942 3.66341 3.67510 3.66861 3.65907 3.65424
3.60968 3.63264 3.63119 3.60206 3.57449 3.58855 3.63993 3.66330 3.65870 3.66493 3.69361 3.72787 3.74648 3.73359 3.71512 3.70233 3.70172 3.72934 3.74652 3.73825 3.72802 3.71830 3.69440 3.61064 3.41875 3.03454 2.53752 2.38455 2.71450 2.75933 2.75570 2.91220 3.07762 2.73388 2.81530 3.32118 3.47354 3.40064 3.05573 2.48787 2.15104 2.04632 2.22793 2.05126 2.13771 2.25591 2.16428 2.10267 2.04392 1.97724 2.44854 3.14912 3.37103 3.36171 3.42297 3.43234 3.42466 3.46113 3.51836 3.56780 3.60948 3.63940 3.64168 3.62075 3.59320 3.56978
3.58417 3.59897 3.58972 3.55111 3.52174 3.52537 3.54619 3.56329 3.58460 3.62797 3.66668 3.70143 3.70215 3.67063 3.64502 3.64349 3.66254 3.68110 3.72181 3.71414 3.71238 3.71903 3.70225 3.63635 3.47665 3.16288 2.64582 2.17746 2.19012 2.50353 2.26087 2.74486 3.12108 3.05135 3.23312 3.43786 3.52348 3.37126 2.88575 2.40939 2.17508 2.07776 2.27206 1.85833 1.74416 2.05761 1.35493 1.11740 1.88459 2.09762 2.61799 3.15133 3.31018 3.33203 3.36364 3.39858 3.36659 3.40520 3.47354 3.51741 3.55204 3.58122 3.58326 3.54922 3.51088 3.48751
3.52959 3.52125 3.47167 3.40447 3.25378 2.92436 2.72276 2.63994 2.84077 3.41263 3.57066 3.61736 3.62378 3.59365 3.58343 3.60695 3.62627 3.63552 3.67064 3.70168 3.68878 3.70220 3.70401 3.65706 3.54295 3.34700 3.02038 2.46165 1.96180 2.42863 3.16400 3.22221 3.26945 3.36068 3.41887 3.50994 3.54685 3.32223 2.65853 2.14696 1.88394 1.54210 2.48791 2.50726 2.07439 2.33900 1.39882 1.12483 2.07227 2.40225 2.82599 3.01116 3.04052 3.02543 3.12735 3.23303 3.20711 3.26897 3.34993 3.39796 3.44289 3.48583 3.50004 3.45809 3.44420 3.49467
3.41893 3.35710 3.21941 2.97184 2.26751 1.22437 0.89260 0.84996 1.01042 1.87646 2.93339 3.37204 3.51009 3.52716 3.51263 3.57948 3.61081 3.61474 3.63850 3.66946 3.69140 3.70550 3.70447 3.68310 3.60759 3.50270 3.36665 3.14767 2.90383 3.07636 3.43975 3.48951 3.50308 3.52408 3.51778 3.56455 3.55904 3.30409 2.61102 2.15622 2.05523 2.28910 2.87850 3.12192 2.65560 2.29945 1.89086 2.48243 2.65165 2.76225 2.85453 2.96364 3.01969 3.06829 3.17231 3.19486 3.09895 3.05825 3.12255 3.21127 3.28523 3.34912 3.37529 3.35990 3.42515 3.54246
3.19712 3.01748 2.78048 2.24710 1.24145 0.63422 0.57033 0.41988 0.37597 0.78628 1.66639 2.63407 3.26360 3.48299 3.45932 3.51032 3.59355 3.61751 3.63103 3.63851 3.68987 3.66029 3.62861 3.65953 3.63608 3.58392 3.53745 3.46860 3.36526 3.36531 3.48152 3.54156 3.58634 3.60122 3.57434 3.58096 3.55474 3.28416 2.60172 2.30010 2.69950 3.03758 3.24417 3.34774 3.15333 2.96934 3.15811 3.28650 3.15069 3.02243 3.10021 3.24626 3.33529 3.38676 3.42034 3.39370 3.31696 3.20831 3.15827 3.16498 3.20574 3.27009 3.31402 3.35102 3.46866 3.57945
2.86479 2.72104 2.41589 1.53714 0.88809 0.67053 0.55396 0.42278 0.41804 0.79276 1.35778 1.87914 2.64429 3.13558 3.32112 3.47601 3.58492 3.60940 3.61819 3.60957 3.62632 3.59023 3.59532 3.57824 3.58534 3.57047 3.55037 3.53062 3.50195 3.48161 3.50146 3.54703 3.60095 3.61583 3.56997 3.54579 3.52906 3.28150 2.70661 2.34235 2.74686 3.29963 3.44796 3.46364 3.44599 3.44448 3.47748 3.48386 3.40582 3.31831 3.36623 3.45248 3.50684 3.51537 3.53314 3.53374 3.51806 3.49627 3.43849 3.33188 3.28823 3.31212 3.37843 3.43708 3.51774 3.55989
2.72095 2.60165 2.21411 1.22544 0.80279 0.78822 0.97810 0.73352 0.87815 1.36946 1.52020 1.68570 1.93781 2.26700 2.69071 3.17609 3.42560 3.51626 3.56932 3.59580 3.58896 3.60268 3.56315 3.57806 3.58228 3.55163 3.53476 3.54581 3.54543 3.50651 3.49082 3.54339 3.59805 3.60436 3.55155 3.50355 3.48997 3.31655 2.85447 2.24854 2.56414 3.21417 3.43917 3.47503 3.51254 3.54141 3.53367 3.53425 3.51807 3.44748 3.44997 3.51968 3.56592 3.56678 3.57063 3.57534 3.59025 3.59534 3.54285 3.47999 3.42686 3.40130 3.47406 3.53581 3.54811 3.48372
2.69233 2.59643 2.32299 1.68611 1.21798 0.96676 0.73414 0.39380 0.59868 1.34674 1.54527 1.63478 1.67305 1.68710 1.94256 2.59001 3.07332 3.34651 3.48361 3.55352 3.57744 3.60424 3.58427 3.57720 3.57851 3.54900 3.55031 3.56846 3.55742 3.49009 3.48316 3.56851 3.61834 3.61069 3.56604 3.49426 3.45423 3.37306 3.06341 2.64128 2.79552 3.30456 3.42124 3.49994 3.52598 3.55133 3.53574 3.54336 3.55050 3.52037 3.46609 3.48408 3.55429 3.58391 3.60382 3.61563 3.63676 3.62843 3.57500 3.55125 3.54952 3.50568 3.53930 3.59243 3.58317 3.43439
2.68456 2.61825 2.44293 1.98507 1.56810 0.99808 0.37355 0.26958 0.34448 1.09613 1.49090 1.58172 1.58222 1.50608 1.55949 2.16105 2.71332 3.09713 3.35760 3.48762 3.53141 3.57154 3.62703 3.56265 3.51651 3.53270 3.58886 3.60624 3.56873 3.50869 3.54903 3.61660 3.63593 3.61141 3.60507 3.53500 3.46957 3.35660 3.11807 3.01441 3.25821 3.40985 3.44378 3.49404 3.54314 3.55324 3.55249 3.54328 3.56237 3.57020 3.53048 3.47491 3.50348 3.55061 3.59944 3.63686 3.65872 3.63805 3.59425 3.58995 3.60423 3.60962 3.59387 3.62498 3.61562 3.46775
2.67287 2.60598 2.41173 2.02106 1.70506 1.36328 0.80214 0.63439 1.10539 1.54448 1.64813 1.66265 1.59116 1.51593 1.59511 1.97278 2.47073 2.83081 3.19515 3.43124 3.46212 3.48419 3.58514 3.54075 3.49625 3.55077 3.61228 3.62952 3.59953 3.57118 3.59267 3.62571 3.63282 3.60134 3.58198 3.56658 3.52095 3.39070 3.18760 3.16149 3.31006 3.36613 3.42052 3.46468 3.52876 3.55497 3.54685 3.55781 3.56998 3.57578 3.55156 3.51810 3.50240 3.52355 3.57920 3.64343 3.67251 3.66009 3.62466 3.59587 3.59894 3.60734 3.64859 3.66762 3.67162 3.61253
2.65008 2.53056 2.23869 1.91601 1.77215 1.59912 1.40748 1.35726 1.26006 1.12658 1.23748 1.59626 1.67776 1.70956 1.75228 1.92816 2.26197 2.56703 2.92037 3.37167 3.43488 3.43793 3.53324 3.50718 3.51869 3.59894 3.62462 3.61848 3.60314 3.59782 3.60742 3.61855 3.61684 3.59029 3.55905 3.54736 3.51567 3.39289 3.17046 3.13238 3.30875 3.37567 3.40204 3.43547 3.48101 3.52053 3.52512 3.53615 3.54205 3.54340 3.53784 3.52840 3.47814 3.51675 3.59804 3.65110 3.67650 3.67958 3.66350 3.63760 3.62189 3.61880 3.63441 3.65004 3.67902 3.67052
2.61415 2.40700 2.04221 1.73683 1.60324 1.40918 1.13248 0.96531 0.90373 0.81623 0.91143 1.44669 1.71277 1.84438 1.85151 1.92868 2.09231 2.30894 2.60734 3.10297 3.38750 3.42469 3.52020 3.50402 3.54444 3.61668 3.63213 3.61491 3.60047 3.61241 3.62439 3.62146 3.60966 3.58781 3.55137 3.50867 3.45387 3.31800 3.10056 3.17399 3.37640 3.42044 3.45960 3.48354 3.49917 3.48945 3.47056 3.48065 3.49151 3.50126 3.51211 3.47969 3.47222 3.55255 3.61597 3.64466 3.66774 3.68624 3.68923 3.68445 3.67809 3.66698 3.64876 3.61006 3.60817 3.62803
2.55832 2.26125 1.77964 1.37424 0.75666 0.78514 0.68168 0.72758 0.90360 1.01075 0.97481 1.25053 1.60865 1.76106 1.76598 1.78401 1.82077 1.99725 2.39018 2.76073 3.25838 3.41107 3.49791 3.53599 3.55751 3.60415 3.62303 3.59528 3.60032 3.63413 3.64841 3.64107 3.62501 3.59752 3.55257 3.46424 3.35254 3.21911 3.12252 3.25427 3.39678 3.44896 3.49742 3.50152 3.53479 3.49121 3.47225 3.47733 3.47777 3.47303 3.45788 3.43123 3.48141 3.55657 3.58967 3.60799 3.64055 3.67235 3.69244 3.70111 3.70181 3.69733 3.66584 3.56093 3.51342 3.61063
2.41489 2.10304 1.59516 0.94213 0.56187 0.63385 0.40854 0.66509 1.11703 1.32721 1.18278 1.06034 1.27850 1.42322 1.38301 1.29737 1.07289 1.41984 2.04572 2.59661 2.89973 3.17993 3.38948 3.53276 3.55870 3.57587 3.57110 3.56254 3.60466 3.64750 3.66285 3.66020 3.64291 3.59936 3.53213 3.42123 3.28427 3.18539 3.16942 3.29620 3.40770 3.46574 3.50010 3.50609 3.53724 3.50296 3.51170 3.52788 3.51910 3.49063 3.44958 3.41915 3.42766 3.48034 3.52069 3.56180 3.60282 3.64488 3.67678 3.69459 3.70271 3.70454 3.66702 3.53780 3.49406 3.66120
