mrvbf_slope0.6_pctl1.3.asc
NCOLS 410
NROWS 410
XLLCORNER 2398750.0000000000000000
YLLCORNER 2548750.0000000000000000
CELLSIZE 250.0000000000000000
NODATA_VALUE -99999.00000
[rows 232 to 260 of 410, columns 66 to 131 of 410]
4.36557 4.22278 3.95989 3.71203 3.56997 3.39917 3.26502 3.41098 3.67587 3.56849 3.53966 3.64615 3.66839 3.63545 3.69283 3.78821 3.70339 3.60715 3.66043 3.69950 3.63110 3.63408 3.79122 3.88174 3.84516 3.81080 3.78563 3.77082 3.81464 3.80807 3.76716 3.72275 3.70890 3.68900 3.68478 3.73439 3.75361 3.69165 3.61675 3.52508 3.23720 2.93606 2.86223 2.77130 2.52666 1.76322 1.24617 0.90713 0.73330 0.67083 0.60577 0.41920 0.32415 0.35826 0.23508 0.32667 0.63496 1.39720 1.61203 1.59001 1.55185 1.61578 1.68562 1.51879 1.21284 0.66065
4.38730 4.30898 4.04885 3.85071 3.78266 3.60913 3.35307 3.32243 3.46617 3.44414 3.49272 3.63254 3.76055 3.83442 3.85062 3.79544 3.73942 3.67746 3.69421 3.73695 3.71433 3.63042 3.70909 3.80973 3.87826 3.87938 3.81531 3.75761 3.78037 3.77675 3.77881 3.75930 3.72509 3.72750 3.77710 3.82016 3.85035 3.79284 3.64603 3.54008 3.36363 3.01509 2.85263 2.79251 2.62705 1.97070 1.28995 0.67295 0.55811 0.48785 0.37531 0.37379 0.57460 0.60460 0.36128 0.37350 0.69172 1.62647 1.81054 1.78404 1.71353 1.63174 1.38161 0.66346 0.49533 0.50191
4.24663 4.17304 3.93439 3.86890 3.85060 3.65853 3.47233 3.42251 3.38450 3.37821 3.48440 3.65354 3.78361 3.76737 3.71405 3.74841 3.76950 3.77194 3.76944 3.79053 3.80189 3.67340 3.67289 3.73405 3.82408 3.89928 3.83719 3.76225 3.75991 3.78866 3.83680 3.87556 3.81240 3.80822 3.86485 3.93412 3.99244 3.85379 3.65306 3.52880 3.37047 2.97597 2.87042 2.81794 2.68023 2.20284 1.32722 0.58425 0.43089 0.31207 0.22745 0.27166 0.62664 0.62260 0.36346 0.38809 1.16665 1.78802 1.89664 1.86037 1.76588 1.61510 1.07880 0.50837 0.41779 0.37239
3.95755 3.92103 3.76072 3.79199 3.74169 3.53187 3.44944 3.43945 3.38978 3.41593 3.54490 3.73180 3.78035 3.63342 3.60733 3.72815 3.72985 3.67425 3.69352 3.71281 3.68653 3.61470 3.65809 3.73209 3.79665 3.85578 3.83659 3.77024 3.76693 3.83556 3.94735 4.01093 3.95435 3.87837 3.88661 4.00610 4.03355 3.79355 3.62302 3.52144 3.37751 2.96269 2.87465 2.80568 2.68455 2.44239 1.41040 0.62773 0.48469 0.33345 0.25958 0.35439 0.63886 0.69081 0.47054 0.54558 1.49765 1.84130 1.91723 1.85770 1.73409 1.53640 1.00676 0.57727 0.40845 0.26165
3.77318 3.72726 3.65258 3.75445 3.75039 3.54116 3.37567 3.41947 3.52407 3.63097 3.79935 3.91514 3.91980 3.66894 3.51263 3.56197 3.57299 3.60214 3.61098 3.69924 3.58129 3.57049 3.65391 3.76069 3.80877 3.82847 3.85297 3.80141 3.78248 3.85753 4.00014 4.02519 4.00777 3.96658 3.89173 3.93355 3.96641 3.75365 3.62138 3.55369 3.48081 3.15575 2.95669 2.85186 2.76645 2.63653 1.91597 1.02452 0.67727 0.44800 0.38952 0.47471 0.68785 0.97113 0.83511 0.93106 1.26629 1.74007 1.85715 1.80003 1.64929 1.37266 0.85707 0.63706 0.51213 0.26718
3.87134 3.71711 3.65874 3.82279 3.94289 3.86805 3.66780 3.65189 3.85742 4.03253 4.01282 3.93571 3.94836 3.78740 3.55341 3.53150 3.59649 3.59105 3.59673 3.66497 3.53665 3.59493 3.67650 3.78579 3.85917 3.84175 3.88170 3.82486 3.76710 3.82629 4.01589 4.07604 4.00935 3.94272 3.89626 3.89545 3.86759 3.74226 3.64519 3.59383 3.52885 3.31601 3.20023 3.01474 2.83317 2.74141 2.49293 1.65641 0.88370 0.55242 0.52952 0.56079 0.95476 1.42231 1.45353 1.46980 1.57743 1.64953 1.70042 1.69152 1.52591 1.09659 0.73075 0.64071 0.59017 0.39428
3.91848 3.68757 3.64370 3.85428 4.00443 4.08405 4.01224 3.94457 4.08068 4.06706 3.79537 3.61335 3.63514 3.59796 3.54725 3.52724 3.57460 3.58937 3.62167 3.58280 3.52705 3.67537 3.72807 3.82453 3.92036 3.84317 3.84740 3.78959 3.73922 3.79201 3.94260 3.97005 3.89227 3.86176 3.86364 3.75776 3.71400 3.67124 3.63498 3.62725 3.57613 3.40689 3.32845 3.21088 2.91154 2.81690 2.69339 2.35126 1.47161 0.85812 0.85138 0.93437 1.36281 1.58271 1.68609 1.71431 1.73464 1.66119 1.57530 1.37012 1.12089 0.91965 0.77477 0.64707 0.53886 0.35329
3.84000 3.67684 3.72227 3.80006 3.79263 3.98487 4.07255 4.05563 4.10830 3.82171 3.56350 3.49462 3.52003 3.55925 3.56260 3.48179 3.50480 3.57600 3.63925 3.56959 3.57935 3.74934 3.75594 3.85981 3.89295 3.78195 3.77573 3.74782 3.69847 3.72005 3.75651 3.75817 3.76079 3.76447 3.76703 3.69207 3.65554 3.61196 3.59291 3.61779 3.57612 3.41289 3.33794 3.27302 2.92601 2.84782 2.79174 2.69383 2.41433 1.93927 1.61588 1.53697 1.66033 1.75631 1.80425 1.77247 1.71671 1.58615 1.30160 0.61290 0.57720 0.65739 0.71124 0.68721 0.51660 0.27739
3.98197 3.93015 3.94332 3.84520 3.58835 3.64837 3.80093 3.85323 3.89433 3.67047 3.54383 3.68343 3.77915 3.87788 3.76070 3.58405 3.53252 3.55174 3.62748 3.64377 3.66019 3.75030 3.80757 3.95940 3.85400 3.73233 3.74575 3.77768 3.70946 3.69831 3.71387 3.72806 3.74884 3.74171 3.71661 3.69926 3.69058 3.66332 3.64310 3.65234 3.65275 3.47977 3.26502 3.09655 2.89306 2.87612 2.84165 2.81954 2.74273 2.62862 2.51317 2.40942 2.27554 2.02882 1.83657 1.72009 1.49640 1.03683 0.67362 0.53786 0.50602 0.47593 0.49836 0.53527 0.39129 0.27008
4.04273 4.10670 3.85304 3.73795 3.51235 3.48262 3.61851 3.67318 3.66908 3.65234 3.74123 3.95418 4.17611 4.16597 3.97919 3.77767 3.66549 3.62342 3.67577 3.80277 3.75355 3.81307 3.93133 3.97804 3.78106 3.70885 3.75992 3.89704 3.78990 3.75508 3.78116 3.82566 3.84606 3.80999 3.76417 3.79967 3.81271 3.80296 3.69670 3.68177 3.73842 3.62037 3.42100 3.13325 2.96217 2.92048 2.86026 2.85863 2.87070 2.84244 2.77380 2.70147 2.58116 2.22577 1.75714 1.53731 0.83691 0.53018 0.51669 0.50265 0.45063 0.32173 0.22571 0.22677 0.20138 0.24589
3.82879 4.11897 3.74896 3.57320 3.76796 3.67021 3.73745 3.78340 3.73237 3.83253 4.10308 4.16821 4.25723 4.27596 4.07370 3.86690 3.77618 3.73628 3.70898 3.72995 3.74784 3.78349 3.77552 3.74830 3.70101 3.70963 3.80323 4.00951 3.94307 3.87160 3.90792 3.99699 4.04368 3.93912 3.92389 3.97341 3.92204 3.83822 3.75306 3.80375 3.92848 3.72733 3.51545 3.25477 3.04628 2.91459 2.83849 2.83689 2.87232 2.90207 2.86219 2.81688 2.67205 2.30299 1.64303 1.32074 0.62041 0.55001 0.54392 0.50799 0.40069 0.22695 0.15139 0.15708 0.28183 0.45390
3.42469 3.86410 3.78657 3.82023 4.13749 4.04075 4.07082 4.14779 4.08964 4.07563 4.20316 4.27650 4.26447 4.33718 4.11286 3.92319 3.92587 3.89077 3.70561 3.62120 3.62722 3.66188 3.66256 3.66583 3.69198 3.75276 3.90240 4.12596 4.07034 3.95425 3.96729 4.09192 4.07562 3.97101 3.95783 4.02343 4.03054 3.94470 3.88434 3.96632 3.94231 3.66049 3.48164 3.27272 3.08028 2.90830 2.80588 2.79609 2.82319 2.88303 2.89709 2.84550 2.70780 2.38382 1.65259 1.34822 0.76577 0.58418 0.55117 0.47505 0.33598 0.23057 0.16837 0.21552 0.36774 0.59401
3.44346 3.83635 4.14404 4.17443 4.21793 4.24228 4.31585 4.38888 4.34189 4.18672 4.16657 4.31349 4.26889 4.29583 4.12031 4.00346 4.04922 3.84758 3.65795 3.60458 3.62940 3.67270 3.67753 3.68950 3.74531 3.85987 4.05550 4.20314 4.08650 3.96752 4.02939 4.19338 4.08526 4.04901 3.94862 3.97549 4.03885 3.99169 3.91418 3.93340 3.76976 3.59170 3.45812 3.31577 3.21833 3.08922 2.83019 2.77427 2.77331 2.82990 2.87668 2.84907 2.71952 2.48371 1.89369 1.43176 0.92603 0.60138 0.54598 0.46099 0.35703 0.32454 0.29369 0.37997 0.55183 0.68275
3.80119 3.96013 4.28939 4.35489 4.33930 4.37405 4.43114 4.43098 4.37569 4.29267 4.10792 4.23402 4.30351 4.27862 4.19258 4.08354 3.93959 3.71044 3.63310 3.65550 3.71757 3.79777 3.76263 3.74587 3.79021 3.91847 4.10278 4.18402 4.04907 3.96316 4.10188 4.31268 4.19500 4.10403 4.04479 3.94093 3.91242 3.86790 3.82751 3.85911 3.70578 3.58443 3.50468 3.45885 3.44907 3.43588 3.03295 2.79573 2.75277 2.78055 2.86377 2.83707 2.73225 2.60573 2.33956 1.60579 1.18426 0.67134 0.58050 0.55071 0.47049 0.51500 0.44468 0.44920 0.64233 0.75291
3.91936 3.98472 4.29148 4.44134 4.45549 4.47616 4.50646 4.47150 4.40401 4.29871 4.12752 4.27408 4.42794 4.37243 4.32072 4.13849 3.82063 3.66881 3.65676 3.70475 3.73982 3.80215 3.73421 3.74653 3.79404 3.87829 4.02619 4.08611 3.99252 3.96122 4.16256 4.38380 4.26742 4.12495 4.10171 3.99262 3.93396 3.87211 3.79180 3.79089 3.70152 3.63178 3.61437 3.65452 3.59068 3.61174 3.23387 2.92798 2.79251 2.76014 2.83502 2.82306 2.76855 2.72156 2.56067 1.91573 1.45517 0.99756 0.81150 0.64181 0.53218 0.55780 0.39074 0.29320 0.39284 0.52724
3.87991 4.12154 4.37915 4.50038 4.53543 4.54693 4.54501 4.50634 4.43743 4.27783 4.18393 4.37401 4.49443 4.45947 4.33207 4.06653 3.80070 3.70301 3.72866 3.78776 3.71171 3.68201 3.68108 3.77268 3.86544 3.90844 3.92621 3.93811 3.92181 3.98539 4.23767 4.38174 4.22245 4.09590 4.12836 4.15715 4.14699 4.07116 3.89084 3.81579 3.77873 3.76704 3.83611 3.80347 3.83012 3.78925 3.43707 3.17028 2.85690 2.78232 2.84917 2.84247 2.80378 2.76438 2.66686 2.21112 1.50316 0.88190 0.92179 0.70058 0.56275 0.53156 0.40254 0.25954 0.29918 0.35106
4.17151 4.36230 4.48044 4.53349 4.54486 4.54739 4.54513 4.51704 4.43782 4.26722 4.23646 4.40445 4.45260 4.38978 4.21213 3.99116 3.81478 3.76389 3.86499 4.00635 3.81677 3.68645 3.74467 3.91476 3.99853 3.93670 3.83705 3.81803 3.87674 4.07811 4.31621 4.28777 4.14657 4.13750 4.22515 4.31049 4.32440 4.27540 4.16990 4.03573 4.02547 4.00546 4.08283 4.04708 4.06440 3.86681 3.55281 3.29289 2.90317 2.82214 2.88659 2.85017 2.80915 2.76392 2.67629 2.33721 1.46254 0.94546 1.07503 0.97482 0.63409 0.53708 0.46540 0.38640 0.41692 0.44929
4.33378 4.48415 4.52296 4.51599 4.49920 4.49836 4.49819 4.48048 4.41281 4.25135 4.10396 4.15961 4.16312 4.05818 3.99644 3.99424 3.83082 3.78016 3.96526 4.07239 3.90563 3.83513 3.94967 4.00469 3.96246 3.88573 3.77547 3.77014 3.93104 4.24089 4.29742 4.17946 4.16426 4.25994 4.35058 4.38439 4.38186 4.36767 4.35131 4.34779 4.31270 4.14386 4.09849 4.15718 4.07051 3.91727 3.65234 3.26746 2.93138 2.89268 2.95614 2.84929 2.80157 2.77060 2.68220 2.46018 1.94297 1.46027 1.47950 1.42346 1.15185 0.81124 0.60617 0.53529 0.57659 0.68024
4.08838 4.41415 4.47302 4.41027 4.38010 4.40964 4.42240 4.41380 4.38779 4.14249 3.66686 3.57593 3.67918 3.76739 3.86783 4.01164 3.87405 3.78070 4.00480 4.05944 3.96247 4.06511 4.10718 3.86551 3.85306 3.89766 3.80660 3.79995 4.03663 4.29022 4.20663 4.14992 4.26893 4.39302 4.44556 4.45067 4.46772 4.46513 4.41155 4.40045 4.39302 4.26773 4.17333 4.14716 4.05240 4.00508 3.68037 3.39076 3.23017 3.16841 3.15564 2.89443 2.80669 2.77278 2.73122 2.63787 2.42461 2.14935 1.91838 1.78739 1.56379 1.41154 1.23514 1.16468 1.35851 1.56106
3.95129 4.22005 4.23767 4.05823 4.10461 4.23470 4.29436 4.32655 4.25780 3.73501 3.36209 3.35911 3.57950 3.87472 3.91924 4.02337 4.05294 3.86062 3.90806 3.96828 4.06093 4.25447 4.05311 3.80662 3.93424 4.10225 3.94116 3.82747 3.96438 4.14554 4.11545 4.19148 4.35358 4.42155 4.44662 4.47781 4.48277 4.42704 4.31876 4.31787 4.40073 4.41147 4.35747 4.27000 4.26486 4.30437 4.02664 3.68439 3.49511 3.32242 3.16976 3.06774 2.84606 2.77272 2.74646 2.70420 2.64310 2.58655 2.37997 1.99412 1.76509 1.69388 1.67951 1.75223 1.82977 1.92102
4.06382 4.04873 3.83000 3.75358 3.85994 3.96769 4.08085 4.14761 4.01861 3.40273 3.27022 3.50505 3.67002 4.13488 4.14039 4.04043 4.14671 3.92605 3.85791 3.92017 4.14698 4.29589 4.02805 3.80625 3.96375 4.12936 4.05768 3.90503 3.91721 4.00443 4.06827 4.21047 4.29641 4.28427 4.33497 4.40366 4.37768 4.22261 4.10034 4.16889 4.33020 4.45276 4.44028 4.41164 4.42624 4.48451 4.40704 4.14162 3.65461 3.37472 3.22825 3.11979 2.98440 2.79863 2.72550 2.71382 2.77174 2.68493 2.48694 2.27863 2.23721 2.21304 2.26405 2.36528 2.40381 2.38112
4.07306 3.85613 3.78708 3.96796 3.90563 3.85419 3.89379 3.71378 3.55321 3.26248 3.30324 3.65144 3.71088 4.12937 4.17707 4.11441 4.01815 3.80982 3.79093 3.98646 4.25353 4.15241 3.96390 3.97358 4.07676 4.21949 4.18667 4.15973 4.10481 4.01771 4.06947 4.20758 4.20436 4.16784 4.24059 4.34441 4.28906 4.12054 4.14420 4.12133 4.22963 4.32974 4.31584 4.33641 4.40159 4.50073 4.50367 4.30562 3.74109 3.50952 3.38034 3.25551 3.30059 2.98090 2.76546 2.70217 2.72837 2.73195 2.66512 2.61381 2.52362 2.57753 2.66177 2.70519 2.63744 2.56303
3.93741 3.93775 4.09803 4.19847 3.99460 3.93667 3.91583 3.56710 3.28062 3.12902 3.46277 3.75532 3.69962 3.97682 4.20468 4.10460 3.85443 3.74276 3.85674 4.16098 4.16617 4.00802 4.04698 4.16326 4.23174 4.18912 4.26569 4.37296 4.29852 4.13366 4.19287 4.33319 4.31519 4.30229 4.24699 4.32414 4.29215 4.21326 4.30744 4.17490 4.21772 4.16625 4.20009 4.21671 4.28823 4.43483 4.47217 4.19855 3.66159 3.60384 3.43017 3.40662 3.38188 2.93677 2.75052 2.73889 2.86594 3.13175 3.23173 2.84933 2.82293 3.30683 3.27810 2.91274 2.86388 2.67568
4.07843 4.19714 4.29763 4.20909 3.95389 3.90364 3.78981 3.47530 3.25242 3.12663 3.43479 3.64807 3.67157 3.84785 4.06046 3.98684 3.81823 3.85530 4.12744 4.24220 4.04769 4.15669 4.34914 4.36196 4.33684 4.25572 4.37324 4.46239 4.34914 4.27700 4.26458 4.35829 4.38316 4.33473 4.30791 4.33282 4.29015 4.23858 4.36131 4.24477 4.17363 4.15164 4.23665 4.14337 4.22478 4.33914 4.27953 3.82569 3.66056 3.84777 3.52779 3.49732 3.38129 3.01035 2.91908 3.08874 3.38058 3.55768 3.58895 3.42874 3.67902 4.02805 3.42547 3.09029 3.34064 3.08879
4.29018 4.30816 4.24750 4.03683 3.75141 3.64317 3.57254 3.27543 3.11629 3.22266 3.41283 3.53607 3.69025 3.91699 4.08368 3.93490 3.87974 4.10207 4.30767 4.13491 4.08404 4.34756 4.48711 4.46864 4.38100 4.31595 4.41960 4.52401 4.48611 4.37456 4.38721 4.47294 4.45762 4.37404 4.30743 4.27240 4.25916 4.26047 4.36969 4.34895 4.23842 4.16834 4.07082 4.05818 4.20292 4.08316 3.85547 3.71028 3.83421 3.88052 3.64464 3.74720 3.60861 3.23452 3.35405 3.56789 3.77200 4.16524 4.22668 4.19225 4.16870 4.04489 3.49739 3.61367 3.65406 3.70453
4.29105 4.22499 4.03582 3.82482 3.62405 3.51305 3.43985 3.19651 3.10716 3.32992 3.38371 3.33409 3.58701 3.87803 4.03604 3.88710 4.00392 4.26140 4.22489 4.06528 4.23842 4.46423 4.52014 4.43349 4.26834 4.28180 4.46012 4.55458 4.56113 4.51636 4.51413 4.50091 4.36593 4.24049 4.22994 4.21403 4.27303 4.34005 4.40195 4.39120 4.24414 4.03322 3.85739 3.93230 3.93374 3.71312 3.71093 3.81626 3.96961 3.75493 3.77053 4.07468 3.66160 3.38813 3.60027 3.94273 3.96321 4.27175 4.30768 4.18782 4.13675 4.15212 3.84296 4.07373 3.97984 4.20308
4.12216 4.06300 3.82067 3.79849 3.84380 3.75323 3.70952 3.42444 3.32132 3.50824 3.50314 3.21020 3.42192 3.69266 3.87316 3.90064 4.16965 4.24368 4.09357 4.10641 4.35834 4.50706 4.47110 4.27253 4.08717 4.10689 4.42620 4.54458 4.55096 4.53104 4.51073 4.44135 4.23714 4.13671 4.21305 4.20781 4.28685 4.36181 4.36364 4.27542 4.07584 3.96155 3.75590 3.70681 3.66610 3.68982 3.92196 3.93783 3.77630 3.72529 4.04375 4.16095 3.77236 3.59171 3.74081 4.05209 4.21404 4.39265 4.40923 4.38176 4.31309 4.35323 4.10634 4.17125 4.18301 4.34946
3.82799 3.84844 3.75010 3.93122 4.08905 4.02437 4.04223 3.60424 3.32876 3.48179 3.73702 3.31129 3.37404 3.61740 3.84609 4.06604 4.28627 4.20101 4.05836 4.15494 4.39229 4.49394 4.38687 4.15361 4.10709 3.94590 4.30933 4.46707 4.43971 4.36464 4.31553 4.22086 4.01681 4.00753 4.11802 4.11880 4.23734 4.34860 4.26507 4.11819 4.02709 4.14082 4.00182 3.78297 3.76882 4.00273 3.87198 3.72042 3.78487 4.01811 4.24525 4.34492 4.14862 3.78533 3.76905 4.15486 4.35636 4.46595 4.46164 4.44710 4.43091 4.45604 4.34334 4.29688 4.38046 4.49221
3.75497 3.74745 3.88935 4.12392 4.12688 4.08697 4.16937 3.73280 3.26275 3.25147 3.79777 3.40942 3.39434 3.65470 3.88659 4.14924 4.27568 4.14327 4.06435 4.19595 4.39411 4.44828 4.33323 4.20154 4.20293 3.98302 4.14497 4.27946 4.16192 3.99324 3.95761 3.95702 3.90082 3.97580 4.06806 4.03059 4.15576 4.34579 4.18874 4.09848 4.17709 4.36029 4.36337 4.22492 4.22975 4.18428 3.80431 3.77718 3.91344 3.94830 4.17578 4.28016 4.04270 4.03141 3.99188 4.21586 4.38112 4.42199 4.38579 4.41113 4.38932 4.37736 4.40092 4.45561 4.47464 4.51282
