mrvbf_slope1.3_pctl0.6.asc
NCOLS 410
NROWS 410
XLLCORNER 2398750.0000000000000000
YLLCORNER 2548750.0000000000000000
CELLSIZE 250.0000000000000000
NODATA_VALUE -99999.00000
[rows 203 to 231 of 410, columns 132 to 197 of 410]
1.72577 0.97981 1.27932 2.59549 5.44474 6.68770 7.38739 7.55067 7.60487 7.63034 7.64304 7.65811 7.67896 7.69108 7.68699 7.68321 7.68055 7.69035 7.69646 7.71010 7.72904 7.73276 7.73092 7.73417 7.73914 7.74182 7.74261 7.74477 7.74305 7.74273 7.74114 7.74013 7.73977 7.73816 7.73464 7.73326 7.73812 7.74492 7.74964 7.75337 7.75539 7.75520 7.75450 7.75305 7.75123 7.75013 7.75020 7.74852 7.74666 7.74601 7.74669 7.74848 7.75008 7.75187 7.75349 7.75429 7.75377 7.75367 7.75359 7.75369 7.75404 7.75433 7.75476 7.75544 7.75641 7.75768
2.24769 1.71368 1.93724 4.96914 6.59615 7.01067 7.35711 7.52134 7.59064 7.62333 7.63978 7.65328 7.67265 7.68739 7.69134 7.69592 7.69586 7.69648 7.69866 7.71281 7.72991 7.73316 7.73272 7.73526 7.73912 7.74214 7.74348 7.74474 7.74256 7.74074 7.73933 7.74012 7.74148 7.74074 7.73754 7.73097 7.73251 7.74051 7.74619 7.75077 7.75457 7.75639 7.75654 7.75592 7.75475 7.75265 7.75016 7.74798 7.74669 7.74663 7.74815 7.75062 7.75252 7.75435 7.75601 7.75688 7.75710 7.75704 7.75695 7.75719 7.75758 7.75775 7.75793 7.75825 7.75866 7.75898
4.16019 4.13745 4.06797 6.27237 7.11885 7.26205 7.39541 7.50561 7.57381 7.61216 7.63220 7.64611 7.66440 7.68128 7.69069 7.69428 7.69510 7.69495 7.70085 7.71712 7.73082 7.73324 7.73303 7.73564 7.73911 7.74159 7.74231 7.74247 7.74243 7.73979 7.73595 7.73840 7.74158 7.74297 7.74261 7.73754 7.73502 7.74024 7.74486 7.74858 7.75272 7.75567 7.75660 7.75666 7.75618 7.75423 7.75102 7.74862 7.74795 7.74846 7.75006 7.75209 7.75371 7.75520 7.75661 7.75783 7.75874 7.75902 7.75901 7.75903 7.75899 7.75896 7.75894 7.75892 7.75907 7.75914
5.93047 5.66716 6.44059 7.24431 7.33884 7.35520 7.41587 7.49389 7.55761 7.59947 7.62424 7.64015 7.65568 7.67245 7.68444 7.68928 7.69203 7.69643 7.70654 7.72080 7.73010 7.73114 7.73134 7.73377 7.73675 7.74016 7.74046 7.73983 7.74114 7.73966 7.73344 7.73356 7.73770 7.74078 7.74106 7.73737 7.73687 7.74225 7.74625 7.74858 7.75174 7.75476 7.75627 7.75665 7.75600 7.75391 7.75127 7.74954 7.74941 7.75050 7.75193 7.75268 7.75320 7.75457 7.75653 7.75842 7.75946 7.75974 7.75972 7.75958 7.75940 7.75924 7.75907 7.75889 7.75881 7.75864
7.21788 7.23201 7.39563 7.43818 7.41913 7.39103 7.40832 7.47128 7.53928 7.58656 7.61452 7.63235 7.64706 7.66147 7.67407 7.68309 7.69091 7.69993 7.71031 7.72067 7.72728 7.72850 7.72929 7.73152 7.73579 7.73920 7.73976 7.73875 7.73828 7.73814 7.73243 7.72493 7.72865 7.73145 7.73096 7.73048 7.73663 7.74348 7.74677 7.74879 7.75131 7.75383 7.75516 7.75527 7.75458 7.75293 7.75096 7.75002 7.75085 7.75225 7.75285 7.75198 7.75160 7.75337 7.75646 7.75872 7.75959 7.75978 7.75969 7.75948 7.75920 7.75887 7.75835 7.75778 7.75765 7.75770
7.54860 7.53417 7.52902 7.48399 7.43056 7.38166 7.37221 7.43291 7.51747 7.57318 7.60223 7.61871 7.63381 7.65045 7.66501 7.67786 7.69009 7.70177 7.71123 7.71810 7.72394 7.72802 7.72754 7.72629 7.73182 7.73691 7.73778 7.73677 7.73428 7.73351 7.72934 7.71713 7.71898 7.72372 7.72446 7.72825 7.73585 7.74187 7.74547 7.74815 7.75058 7.75246 7.75317 7.75266 7.75245 7.75300 7.75134 7.74992 7.75114 7.75278 7.75225 7.74994 7.74908 7.75198 7.75637 7.75857 7.75917 7.75912 7.75901 7.75876 7.75837 7.75760 7.75610 7.75500 7.75492 7.75549
7.60200 7.58033 7.54859 7.49082 7.41159 7.33600 7.30751 7.37643 7.48505 7.55288 7.58569 7.60141 7.61855 7.64005 7.65722 7.67260 7.68766 7.70042 7.70937 7.71532 7.72023 7.72411 7.72428 7.72184 7.72778 7.73338 7.73380 7.73134 7.72834 7.72483 7.71861 7.71154 7.71994 7.72446 7.72676 7.73117 7.73563 7.73977 7.74405 7.74777 7.75032 7.75176 7.75210 7.75172 7.75197 7.75354 7.75113 7.74807 7.74975 7.75249 7.75125 7.74696 7.74514 7.75026 7.75612 7.75783 7.75767 7.75719 7.75721 7.75732 7.75681 7.75490 7.75250 7.75169 7.75162 7.75192
7.55163 7.53810 7.50938 7.44638 7.33877 7.22809 7.18335 7.28030 7.43159 7.52167 7.56441 7.58412 7.60113 7.62573 7.64684 7.66445 7.68112 7.69495 7.70503 7.71229 7.71697 7.71855 7.71794 7.72098 7.72964 7.73112 7.72921 7.72715 7.72495 7.72006 7.71629 7.71748 7.72225 7.72615 7.73034 7.73466 7.73705 7.73975 7.74364 7.74782 7.75084 7.75234 7.75230 7.75244 7.75269 7.75182 7.74857 7.74410 7.74820 7.75348 7.75237 7.74547 7.74143 7.74825 7.75540 7.75627 7.75509 7.75388 7.75349 7.75429 7.75380 7.75102 7.74950 7.75012 7.74975 7.74884
7.23543 7.33102 7.33498 7.25276 7.08384 6.92956 6.85514 7.03755 7.33135 7.47721 7.53702 7.56548 7.58473 7.60937 7.63337 7.65335 7.67191 7.68762 7.69935 7.70773 7.71262 7.71464 7.71850 7.72474 7.72952 7.72938 7.72807 7.72646 7.72524 7.72352 7.72347 7.72385 7.72367 7.72757 7.73269 7.73678 7.73922 7.74113 7.74380 7.74747 7.75107 7.75350 7.75363 7.75208 7.75184 7.75173 7.74729 7.74007 7.74636 7.75508 7.75511 7.74695 7.74049 7.74591 7.75365 7.75348 7.75075 7.74915 7.74812 7.74875 7.74925 7.74842 7.74941 7.75147 7.75068 7.74865
4.21928 4.70230 5.32880 5.74603 5.99045 6.05004 6.04833 6.37118 7.06211 7.39003 7.49294 7.53895 7.56633 7.59327 7.61988 7.64206 7.66273 7.68018 7.69305 7.70218 7.70843 7.71396 7.72094 7.72533 7.72765 7.72780 7.72733 7.72557 7.72530 7.72653 7.72669 7.72553 7.72572 7.72810 7.73291 7.73812 7.74169 7.74328 7.74456 7.74669 7.74967 7.75295 7.75499 7.75495 7.75444 7.75528 7.75109 7.74064 7.74215 7.75308 7.75602 7.75016 7.74433 7.74482 7.74844 7.74610 7.74362 7.74377 7.74364 7.74458 7.74764 7.75037 7.75210 7.75374 7.75290 7.75113
2.10862 2.11049 2.28923 2.59897 3.10854 3.95255 4.57537 5.16530 6.26340 7.12217 7.39866 7.49529 7.54168 7.57459 7.60521 7.63052 7.65349 7.67310 7.68738 7.69806 7.70700 7.71488 7.71926 7.72234 7.72248 7.72280 7.72393 7.72403 7.72458 7.72532 7.72503 7.72564 7.72746 7.72975 7.73404 7.74005 7.74445 7.74605 7.74638 7.74678 7.74784 7.75007 7.75303 7.75514 7.75657 7.75654 7.75211 7.74312 7.74249 7.74955 7.75348 7.75161 7.74983 7.75026 7.74730 7.74205 7.74165 7.74342 7.74438 7.74591 7.75022 7.75396 7.75395 7.75355 7.75331 7.75336
1.63242 1.65929 1.70944 1.88503 2.11148 2.45152 2.85242 3.58853 4.91990 6.32996 7.15504 7.41972 7.50988 7.55364 7.58826 7.61824 7.64335 7.66609 7.68291 7.69598 7.70658 7.71442 7.71730 7.71990 7.71662 7.71713 7.72062 7.72359 7.72452 7.72397 7.72483 7.72770 7.73066 7.73329 7.73652 7.74117 7.74563 7.74823 7.74898 7.74869 7.74843 7.74839 7.74907 7.75042 7.75359 7.75577 7.75181 7.74597 7.74514 7.74613 7.74732 7.74828 7.75116 7.75443 7.75082 7.74708 7.74832 7.75006 7.74913 7.74699 7.74917 7.75355 7.75428 7.75388 7.75410 7.75420
1.53288 1.56147 1.55907 1.58877 1.64818 1.86842 2.27365 2.68284 3.53531 5.10846 6.53217 7.27500 7.47120 7.53706 7.57434 7.60664 7.63364 7.65903 7.67860 7.69335 7.70449 7.71108 7.71330 7.71504 7.71081 7.71391 7.72091 7.72405 7.72555 7.72494 7.72674 7.73078 7.73432 7.73684 7.73852 7.74066 7.74404 7.74770 7.75030 7.75107 7.75111 7.75101 7.75054 7.75003 7.75048 7.75376 7.75451 7.75000 7.74742 7.74615 7.74553 7.74699 7.75073 7.75231 7.74756 7.74608 7.75146 7.75435 7.74848 7.74444 7.75039 7.75491 7.75567 7.75561 7.75547 7.75512
1.45368 1.46402 1.43296 1.44795 1.50266 1.59277 1.79631 2.32837 2.83882 3.88232 5.49385 6.93763 7.40711 7.51728 7.56544 7.59693 7.62345 7.64983 7.67015 7.68419 7.69888 7.70611 7.70647 7.70820 7.70889 7.71532 7.72162 7.72437 7.72718 7.72735 7.72789 7.73197 7.73628 7.73871 7.73969 7.74037 7.74212 7.74534 7.74914 7.75170 7.75213 7.75190 7.75153 7.75123 7.75232 7.75389 7.75429 7.75313 7.75372 7.75277 7.75200 7.75237 7.75441 7.75414 7.74839 7.74340 7.74797 7.75112 7.74557 7.74693 7.75332 7.75493 7.75523 7.75523 7.75503 7.75469
1.36343 1.31565 1.28084 1.34648 1.39836 1.50611 1.61963 1.95763 2.47987 2.94423 4.09667 6.28978 7.32305 7.49283 7.55343 7.58689 7.60882 7.63555 7.65490 7.67262 7.68703 7.69669 7.70468 7.71002 7.71167 7.71599 7.72128 7.72420 7.72742 7.72967 7.72856 7.73224 7.73739 7.73978 7.74120 7.74180 7.74184 7.74338 7.74722 7.75042 7.75032 7.75028 7.75149 7.75290 7.75467 7.75527 7.75400 7.75358 7.75513 7.75631 7.75593 7.75480 7.75605 7.75566 7.75133 7.74609 7.74732 7.74891 7.74688 7.74990 7.75371 7.75440 7.75461 7.75457 7.75430 7.75386
1.12154 0.95863 0.95116 1.07258 1.28056 1.43030 1.57101 1.72277 2.23430 2.57417 3.05332 5.23745 7.08820 7.44234 7.53508 7.57858 7.60646 7.63213 7.64936 7.67394 7.68716 7.69669 7.70899 7.71493 7.71511 7.71973 7.72330 7.72484 7.72662 7.73067 7.72890 7.73143 7.73738 7.74044 7.74252 7.74381 7.74360 7.74313 7.74589 7.74879 7.74914 7.75119 7.75348 7.75494 7.75566 7.75507 7.75398 7.75489 7.75454 7.75586 7.75509 7.75471 7.75426 7.75478 7.75096 7.74818 7.74906 7.74814 7.74818 7.75107 7.75351 7.75394 7.75400 7.75383 7.75342 7.75281
0.67908 0.66040 0.66449 0.67320 0.79832 1.28422 1.53138 1.65232 1.96675 2.40176 2.75547 4.24297 6.49600 7.32922 7.50032 7.56528 7.60716 7.63788 7.65725 7.67779 7.69162 7.70178 7.71140 7.71760 7.71818 7.71940 7.72269 7.72464 7.72411 7.72737 7.72885 7.73037 7.73588 7.73970 7.74208 7.74377 7.74439 7.74392 7.74578 7.74852 7.75019 7.75249 7.75387 7.75479 7.75513 7.75434 7.75308 7.75409 7.75323 7.75432 7.75403 7.75254 7.75154 7.75179 7.75081 7.75072 7.75077 7.75005 7.75088 7.75284 7.75338 7.75341 7.75325 7.75283 7.75219 7.75142
0.54557 0.50532 0.54538 0.57436 0.62342 0.85095 1.43549 1.62505 1.84131 2.30969 2.63922 3.55916 5.84815 7.13904 7.44834 7.54387 7.59574 7.63396 7.65550 7.67711 7.69293 7.70447 7.71141 7.71751 7.71790 7.71729 7.71985 7.72189 7.72055 7.72127 7.72408 7.72816 7.73394 7.73744 7.73901 7.74068 7.74134 7.74084 7.74350 7.74743 7.74956 7.75153 7.75287 7.75385 7.75397 7.75215 7.74928 7.74990 7.74976 7.75179 7.75170 7.74831 7.74679 7.74741 7.74988 7.75273 7.75317 7.75306 7.75302 7.75302 7.75287 7.75262 7.75215 7.75143 7.75052 7.74951
0.48990 0.53414 0.50121 0.53440 0.62241 0.83479 1.39474 1.59263 1.78339 2.25413 2.54075 3.05585 5.14620 6.88324 7.38500 7.51661 7.58759 7.62436 7.65331 7.67370 7.68939 7.70355 7.71190 7.71597 7.71495 7.71578 7.71741 7.72006 7.72006 7.71962 7.72206 7.72796 7.73405 7.73691 7.73668 7.73625 7.73525 7.73434 7.73648 7.74038 7.74493 7.74814 7.74991 7.75177 7.75215 7.74803 7.74402 7.74558 7.74511 7.74765 7.74492 7.74043 7.74292 7.74500 7.74736 7.75095 7.75272 7.75280 7.75247 7.75214 7.75186 7.75136 7.75061 7.74960 7.74830 7.74627
0.56473 0.50836 0.57831 0.66477 0.86891 1.31934 1.53341 1.62392 1.80504 2.24598 2.47287 2.83844 4.39840 6.38827 7.28685 7.49735 7.58457 7.62205 7.65094 7.67258 7.68746 7.69946 7.71031 7.71489 7.71356 7.71419 7.71487 7.71972 7.72338 7.72432 7.72713 7.73190 7.73599 7.73816 7.73776 7.73617 7.73375 7.73406 7.73725 7.73762 7.74171 7.74619 7.74808 7.74937 7.74986 7.74429 7.74125 7.74576 7.74398 7.74654 7.74219 7.74121 7.74518 7.74514 7.74473 7.74758 7.75050 7.75094 7.75027 7.74984 7.74998 7.74958 7.74867 7.74736 7.74491 7.73975
0.78514 0.68814 0.73458 1.04707 1.42570 1.54336 1.62762 1.73482 1.87179 2.15659 2.45181 2.90588 4.08345 5.79648 7.13753 7.48170 7.58057 7.62145 7.65037 7.67382 7.68784 7.69852 7.71171 7.71787 7.71452 7.70878 7.70777 7.71721 7.72582 7.72858 7.73033 7.73328 7.73730 7.73917 7.73811 7.73502 7.73415 7.73790 7.74175 7.73918 7.74030 7.74449 7.74654 7.74818 7.74884 7.74373 7.74045 7.74588 7.74387 7.74549 7.74297 7.73968 7.74501 7.74653 7.74407 7.74454 7.74744 7.74818 7.74774 7.74737 7.74710 7.74715 7.74639 7.74472 7.73965 7.73173
0.68197 0.73022 1.21521 1.54167 1.64819 1.65271 1.65621 1.76236 1.83101 2.01833 2.40056 2.87337 4.14648 5.74057 7.04785 7.46939 7.57741 7.62136 7.65074 7.67436 7.68750 7.69925 7.71184 7.71736 7.71402 7.70553 7.70456 7.71563 7.72632 7.72967 7.73013 7.73370 7.73811 7.73941 7.73865 7.73379 7.73240 7.73839 7.74039 7.73657 7.73841 7.74390 7.74618 7.74597 7.74604 7.74212 7.74043 7.74534 7.74365 7.74395 7.74496 7.74213 7.74365 7.74713 7.74447 7.74208 7.74380 7.74557 7.74597 7.74559 7.74419 7.74340 7.74304 7.74142 7.73444 7.72666
0.69779 1.05341 1.44173 1.67188 1.81404 1.75204 1.53532 1.51866 1.62984 1.86064 2.34182 2.79373 4.14652 5.89736 7.12429 7.48389 7.57778 7.62059 7.65089 7.67253 7.68597 7.69832 7.70901 7.71145 7.70808 7.70283 7.70271 7.71430 7.72580 7.72882 7.72935 7.73365 7.73803 7.73884 7.73672 7.72937 7.72961 7.73690 7.73680 7.73258 7.73790 7.74266 7.74014 7.73686 7.73668 7.73570 7.73854 7.74414 7.74336 7.74083 7.74061 7.74102 7.74468 7.74661 7.74467 7.74073 7.74011 7.74224 7.74359 7.74275 7.74028 7.73703 7.73560 7.73554 7.73000 7.72389
1.24242 1.41752 1.48872 1.66089 1.68560 1.61343 1.52975 1.52365 1.64032 1.93472 2.37867 2.84273 4.55934 6.43766 7.28195 7.50777 7.57949 7.62067 7.65164 7.67013 7.68463 7.69778 7.70341 7.70385 7.70538 7.70387 7.70416 7.71700 7.72571 7.72719 7.72865 7.73301 7.73712 7.73663 7.72947 7.72400 7.73048 7.73717 7.73513 7.72971 7.73555 7.73757 7.73326 7.73251 7.73248 7.73562 7.74096 7.74497 7.74502 7.74295 7.74155 7.74298 7.74553 7.74570 7.74408 7.74125 7.73811 7.73835 7.73922 7.73748 7.73412 7.73174 7.73163 7.73385 7.73271 7.72566
1.83682 1.66546 1.66548 1.76242 1.77624 1.75230 1.73834 1.88270 2.05227 2.24982 2.48865 3.00466 5.00204 6.76110 7.35729 7.52053 7.58018 7.61988 7.64976 7.66691 7.68349 7.69572 7.69837 7.70408 7.70930 7.70945 7.71087 7.72102 7.72765 7.72646 7.72742 7.73087 7.73413 7.73150 7.72485 7.72681 7.73411 7.73832 7.73491 7.73065 7.73569 7.73640 7.73457 7.73804 7.73952 7.74136 7.74411 7.74509 7.74548 7.74515 7.74432 7.74417 7.74495 7.74458 7.74248 7.74112 7.73744 7.73547 7.73373 7.73078 7.72932 7.73098 7.73260 7.73462 7.73666 7.73111
6.31739 5.46430 2.16091 1.95741 2.02100 2.16319 2.32064 2.38409 2.33473 2.40453 2.57691 3.14167 4.98304 6.68880 7.34655 7.52262 7.57837 7.61714 7.64823 7.66519 7.68179 7.69202 7.69761 7.70666 7.71357 7.71490 7.71538 7.72326 7.73044 7.72860 7.72624 7.72821 7.73139 7.73007 7.72718 7.72996 7.73614 7.73908 7.73439 7.73133 7.73746 7.73933 7.73760 7.74059 7.74309 7.74306 7.74318 7.74326 7.74383 7.74409 7.74367 7.74299 7.74265 7.74130 7.73825 7.73677 7.73456 7.73225 7.72824 7.72575 7.72713 7.72943 7.72922 7.73203 7.73638 7.73535
7.46803 7.15365 2.51305 1.81993 1.86896 1.97050 2.03193 2.18563 2.26023 2.36756 2.55624 3.12630 4.80265 6.49111 7.30578 7.51730 7.57995 7.61650 7.64874 7.66600 7.68162 7.69001 7.69851 7.70992 7.71785 7.71967 7.71715 7.72307 7.73203 7.73253 7.72956 7.72973 7.73262 7.73193 7.73029 7.73228 7.73705 7.73991 7.73443 7.72960 7.73674 7.74019 7.73847 7.74079 7.74272 7.74155 7.74047 7.73995 7.74180 7.74294 7.74151 7.73672 7.73693 7.73639 7.73263 7.73051 7.72895 7.72747 7.72472 7.72521 7.72756 7.72743 7.72329 7.72390 7.73141 7.73243
7.07767 3.77663 1.40686 1.46799 1.62343 1.67049 1.60692 1.61939 1.83170 2.14684 2.43974 2.98073 4.58732 6.21538 7.20831 7.49866 7.57963 7.61960 7.64997 7.66882 7.68111 7.69090 7.70337 7.71532 7.72124 7.72278 7.71952 7.72379 7.73147 7.73310 7.73090 7.73127 7.73412 7.73239 7.73224 7.73556 7.73796 7.73799 7.73512 7.73109 7.73705 7.74072 7.73887 7.74002 7.74054 7.73696 7.73203 7.73077 7.73475 7.73852 7.73345 7.72871 7.73380 7.73595 7.73262 7.73013 7.72713 7.72623 7.72759 7.72992 7.73076 7.72887 7.72302 7.71777 7.72329 7.72303
1.72012 0.99734 0.96132 1.09850 1.51727 1.74770 1.66912 1.44495 1.55033 1.92255 2.36082 2.87559 4.41618 5.87794 7.01771 7.47304 7.57774 7.62199 7.65005 7.66711 7.68005 7.69535 7.71019 7.71986 7.72401 7.72469 7.72447 7.72749 7.73106 7.73218 7.73173 7.73199 7.73088 7.72990 7.73348 7.73877 7.73870 7.73546 7.73400 7.73686 7.74118 7.74223 7.73902 7.73813 7.73761 7.73370 7.72868 7.72463 7.72336 7.72785 7.72398 7.72976 7.73320 7.73635 7.73153 7.72870 7.72846 7.72891 7.73166 7.73290 7.73239 7.73021 7.72442 7.71531 7.71807 7.71481
