mrvbf_slope1_pctl1.1.asc
NCOLS 410
NROWS 410
XLLCORNER 2398750.0000000000000000
YLLCORNER 2548750.0000000000000000
CELLSIZE 250.0000000000000000
NODATA_VALUE -99999.00000
[rows 232 to 260 of 410, columns 0 to 65 of 410]
-99999.00000 -99999.00000 -99999.00000 -99999.00000 -99999.00000 7.40801 7.43488 7.44812 7.43338 7.44359 7.47818 7.50370 7.50555 7.50535 7.50975 7.50647 7.49388 7.48907 7.46801 7.47853 7.46944 7.47165 7.49169 7.50752 7.51141 7.51443 7.50083 7.44978 7.40566 7.45018 7.49978 7.51314 7.51568 7.51392 7.50598 7.48562 7.45610 7.43479 7.42835 7.43582 7.44785 7.45746 7.45983 7.45388 7.43936 7.43778 7.45957 7.46930 7.45584 7.42410 7.41676 7.46523 7.49660 7.49592 7.48229 7.46886 7.45851 7.44926 7.44356 7.43676 7.40819 7.36663 7.37866 7.43603 7.47051 7.48037
-99999.00000 -99999.00000 -99999.00000 -99999.00000 -99999.00000 7.44215 7.46358 7.44796 7.41289 7.42058 7.46414 7.49183 7.49035 7.50096 7.48920 7.49945 7.49050 7.46460 7.44692 7.46945 7.49878 7.49069 7.48691 7.49416 7.50553 7.51673 7.50300 7.45584 7.43338 7.47024 7.50065 7.50946 7.51229 7.51088 7.49884 7.47648 7.45888 7.46037 7.47110 7.47740 7.47738 7.47808 7.47695 7.46919 7.44814 7.43158 7.43404 7.44566 7.43243 7.39921 7.41062 7.44757 7.48514 7.49167 7.48801 7.47635 7.46078 7.45036 7.44022 7.41500 7.36541 7.31894 7.35185 7.41921 7.45118 7.47009
-99999.00000 -99999.00000 -99999.00000 -99999.00000 -99999.00000 7.46710 7.48342 7.45454 7.40929 7.40652 7.45020 7.48267 7.48944 7.48368 7.47202 7.46766 7.46661 7.42805 7.41227 7.43633 7.47648 7.50479 7.49457 7.48684 7.49870 7.51506 7.50611 7.46535 7.43611 7.45155 7.47407 7.48933 7.49865 7.50044 7.48132 7.45745 7.45281 7.46011 7.47684 7.48167 7.48079 7.47786 7.47386 7.46794 7.45457 7.43695 7.42121 7.41971 7.40630 7.38488 7.39573 7.45455 7.47553 7.48219 7.48765 7.47538 7.45483 7.43960 7.42899 7.38614 7.30066 7.24134 7.29843 7.37314 7.40692 7.43835
-99999.00000 -99999.00000 -99999.00000 -99999.00000 -99999.00000 7.44663 7.47586 7.44740 7.41234 7.40042 7.43782 7.47367 7.46682 7.44333 7.39666 7.37334 7.41126 7.39038 7.39771 7.42869 7.44085 7.48973 7.47791 7.46473 7.47923 7.49680 7.49480 7.46475 7.42117 7.40128 7.41330 7.43430 7.45703 7.47228 7.46003 7.44480 7.44894 7.44327 7.46977 7.46715 7.45338 7.44047 7.44141 7.44596 7.44194 7.42840 7.41808 7.41593 7.40051 7.38758 7.41190 7.45092 7.46062 7.46750 7.48191 7.46318 7.43562 7.41322 7.40899 7.36413 7.24174 7.19053 7.27748 7.34495 7.36941 7.39727
-99999.00000 -99999.00000 -99999.00000 -99999.00000 -99999.00000 7.35658 7.44986 7.43392 7.41416 7.40098 7.42116 7.44687 7.43067 7.35080 7.24103 7.28220 7.34432 7.39338 7.44336 7.43117 7.43156 7.43955 7.40863 7.42022 7.45336 7.47373 7.47631 7.46130 7.43057 7.38864 7.36498 7.36685 7.39792 7.43570 7.45641 7.45688 7.44838 7.42697 7.43559 7.42058 7.38603 7.36311 7.38358 7.40682 7.40755 7.39825 7.40648 7.41958 7.40369 7.39887 7.43087 7.44658 7.43853 7.44401 7.46643 7.44010 7.41490 7.41391 7.40618 7.35525 7.18888 7.20919 7.35072 7.37598 7.37591 7.38825
-99999.00000 -99999.00000 -99999.00000 -99999.00000 -99999.00000 7.17193 7.37648 7.41307 7.41087 7.40393 7.41958 7.42728 7.38968 7.30506 7.28418 7.37315 7.37684 7.43422 7.46128 7.43965 7.43751 7.35926 7.32135 7.38717 7.44494 7.46849 7.47284 7.46587 7.44499 7.40771 7.37277 7.35443 7.36819 7.41098 7.45807 7.45268 7.43673 7.40163 7.39459 7.37803 7.33812 7.31818 7.33224 7.36508 7.37003 7.36565 7.38327 7.41895 7.42067 7.41553 7.43744 7.44015 7.42838 7.41452 7.43768 7.41513 7.40587 7.41516 7.39173 7.34238 7.18361 7.25453 7.40922 7.40923 7.40446 7.41536
-99999.00000 -99999.00000 -99999.00000 -99999.00000 -99999.00000 7.26545 7.37587 7.38445 7.37365 7.38362 7.42253 7.44015 7.40467 7.38180 7.42374 7.45140 7.44500 7.45642 7.44543 7.43115 7.38994 7.28901 7.33387 7.40175 7.45627 7.48368 7.48913 7.48229 7.46363 7.43691 7.41609 7.39252 7.37232 7.39317 7.44280 7.42807 7.41927 7.39666 7.38577 7.38268 7.36670 7.37278 7.33654 7.33750 7.34524 7.34821 7.34941 7.39150 7.43153 7.41369 7.42831 7.42710 7.41913 7.39982 7.41180 7.39955 7.39368 7.39152 7.35433 7.32493 7.23835 7.31853 7.43010 7.42313 7.42400 7.43016
-99999.00000 -99999.00000 -99999.00000 -99999.00000 -99999.00000 6.73996 7.21040 7.33972 7.31401 7.31902 7.40532 7.45332 7.42651 7.43186 7.47211 7.47286 7.47245 7.47204 7.43780 7.41448 7.33588 7.30302 7.42010 7.43778 7.46806 7.49876 7.50576 7.49658 7.47438 7.45227 7.43642 7.40683 7.37921 7.38366 7.41948 7.40341 7.38576 7.39767 7.40510 7.42057 7.41899 7.42593 7.39391 7.36124 7.36120 7.35935 7.32172 7.33658 7.41282 7.41191 7.41010 7.42773 7.42252 7.40406 7.40985 7.39809 7.38884 7.39630 7.38290 7.37254 7.31491 7.35336 7.42853 7.42318 7.40788 7.40973
-99999.00000 -99999.00000 -99999.00000 -99999.00000 -99999.00000 6.92516 7.30820 7.29892 7.34307 7.24317 7.35768 7.45019 7.43431 7.44273 7.48321 7.48451 7.47468 7.47294 7.44375 7.39825 7.34836 7.38838 7.45240 7.46491 7.48502 7.50686 7.51084 7.49644 7.46889 7.45105 7.43089 7.40287 7.37975 7.37238 7.39157 7.37274 7.37800 7.41883 7.43303 7.44469 7.44067 7.43264 7.43084 7.41076 7.40929 7.40372 7.35002 7.30567 7.37470 7.40582 7.39717 7.41956 7.42177 7.40428 7.41041 7.41259 7.41503 7.42507 7.42516 7.42589 7.34421 7.33005 7.40682 7.43298 7.41759 7.41118
-99999.00000 -99999.00000 -99999.00000 -99999.00000 -99999.00000 7.35962 7.33237 7.35471 7.35539 7.21659 7.27319 7.42368 7.43679 7.44679 7.48281 7.49242 7.47752 7.47709 7.45383 7.41364 7.42145 7.46259 7.47764 7.48416 7.50129 7.51402 7.51080 7.48688 7.45837 7.45939 7.43918 7.40909 7.37447 7.35159 7.37953 7.39301 7.41847 7.45024 7.44405 7.45037 7.44556 7.42874 7.43496 7.43301 7.43143 7.42708 7.38430 7.32809 7.35722 7.39506 7.39243 7.42033 7.42314 7.40090 7.40370 7.42817 7.44733 7.43726 7.43484 7.43045 7.37725 7.30911 7.33227 7.40076 7.42972 7.41993
-99999.00000 -99999.00000 -99999.00000 -99999.00000 -99999.00000 7.44580 7.42650 7.43284 7.41145 7.29590 7.18405 7.36835 7.43803 7.45759 7.47879 7.49187 7.47625 7.46327 7.46179 7.45484 7.47137 7.49036 7.49005 7.49762 7.50963 7.51289 7.50141 7.47576 7.46615 7.47722 7.46849 7.44918 7.41718 7.39002 7.41728 7.44864 7.46318 7.46313 7.44893 7.43574 7.41254 7.41002 7.43594 7.43463 7.41208 7.40101 7.37488 7.33088 7.34030 7.38213 7.40020 7.42357 7.43304 7.41324 7.40481 7.42445 7.44283 7.42994 7.38642 7.33404 7.34451 7.34334 7.27959 7.29679 7.36608 7.38400
-99999.00000 -99999.00000 -99999.00000 -99999.00000 -99999.00000 7.45550 7.44801 7.42858 7.40308 7.35858 7.23983 7.33747 7.43865 7.46827 7.46915 7.47419 7.46495 7.44729 7.46614 7.46736 7.47836 7.48549 7.48979 7.50251 7.50964 7.50471 7.48786 7.46952 7.47974 7.47613 7.45948 7.45281 7.43782 7.42235 7.45385 7.47559 7.47669 7.47396 7.45298 7.41379 7.39087 7.42305 7.45495 7.44444 7.41295 7.39551 7.36700 7.32909 7.33608 7.38246 7.42403 7.44040 7.45247 7.44418 7.42691 7.43148 7.43637 7.40397 7.33972 7.30098 7.25857 7.28739 7.14449 7.15935 7.31128 7.33703
-99999.00000 -99999.00000 -99999.00000 -99999.00000 -99999.00000 7.47495 7.45959 7.38708 7.36653 7.34816 7.30634 7.33660 7.42111 7.46709 7.45801 7.43841 7.42837 7.42863 7.44387 7.45314 7.46784 7.46488 7.47475 7.49308 7.49872 7.49423 7.47630 7.46568 7.48218 7.45762 7.45646 7.45401 7.44573 7.46159 7.48254 7.46843 7.45200 7.46078 7.44972 7.42984 7.43657 7.44258 7.45341 7.42869 7.42702 7.44097 7.41985 7.37355 7.36373 7.40323 7.45201 7.45753 7.45227 7.44582 7.44172 7.43788 7.43760 7.41208 7.37113 7.35083 7.31692 7.27107 7.15250 7.23993 7.38263 7.37622
-99999.00000 -99999.00000 -99999.00000 -99999.00000 -99999.00000 7.48710 7.47220 7.39429 7.23374 7.29348 7.28999 7.30202 7.38720 7.44650 7.43198 7.38222 7.39783 7.43001 7.42268 7.45462 7.46821 7.45555 7.44547 7.46993 7.48822 7.48482 7.47355 7.47434 7.46750 7.45060 7.46667 7.47989 7.48424 7.49474 7.48300 7.44646 7.44998 7.45571 7.46635 7.45800 7.45428 7.44898 7.46319 7.44576 7.41082 7.43412 7.45777 7.42371 7.39648 7.41087 7.45288 7.47236 7.46283 7.44030 7.45109 7.44132 7.43304 7.40613 7.34955 7.33809 7.36263 7.35608 7.29147 7.33056 7.42280 7.42907
-99999.00000 -99999.00000 -99999.00000 -99999.00000 -99999.00000 7.49264 7.46811 7.38188 7.28474 7.23802 7.14811 7.19065 7.33644 7.40796 7.37073 7.31902 7.40698 7.44660 7.44072 7.45874 7.46554 7.45451 7.43927 7.45060 7.48072 7.47911 7.47985 7.47862 7.45797 7.46095 7.47928 7.48525 7.48882 7.49521 7.48763 7.45272 7.43206 7.46142 7.47387 7.46480 7.45666 7.46495 7.47908 7.47551 7.43514 7.42631 7.45820 7.43738 7.40418 7.41469 7.45700 7.47796 7.46341 7.42136 7.44468 7.42891 7.42632 7.38072 7.33059 7.35500 7.37499 7.37089 7.35424 7.34627 7.39944 7.42965
-99999.00000 -99999.00000 -99999.00000 -99999.00000 -99999.00000 7.48640 7.44715 7.39182 7.39321 7.32615 7.10262 7.06555 7.25628 7.29567 7.23131 7.29796 7.41947 7.44688 7.44221 7.44858 7.44652 7.44619 7.44308 7.43886 7.45972 7.46353 7.47687 7.46611 7.44771 7.45780 7.47672 7.47909 7.46857 7.46512 7.46773 7.46371 7.44842 7.46022 7.47204 7.47049 7.46738 7.47293 7.47721 7.47580 7.44760 7.43236 7.45780 7.43677 7.40632 7.42546 7.45662 7.46193 7.42156 7.38692 7.43387 7.42959 7.43538 7.36590 7.32983 7.36236 7.37019 7.32570 7.35234 7.40372 7.41524 7.40012
-99999.00000 -99999.00000 -99999.00000 -99999.00000 -99999.00000 7.47827 7.44344 7.38912 7.39093 7.38689 7.18800 7.06430 7.20874 7.20985 7.24371 7.39404 7.42076 7.43228 7.42830 7.42262 7.41906 7.44330 7.44866 7.44799 7.44331 7.44500 7.45973 7.45192 7.39794 7.39228 7.43663 7.45158 7.42687 7.39698 7.39020 7.41156 7.43959 7.45700 7.45133 7.44718 7.46098 7.45724 7.44173 7.44252 7.43346 7.42241 7.45045 7.43078 7.41448 7.42560 7.42042 7.41165 7.37785 7.38768 7.40048 7.42264 7.43954 7.36934 7.30446 7.31916 7.35593 7.36388 7.36885 7.40974 7.43184 7.42518
-99999.00000 -99999.00000 -99999.00000 -99999.00000 -99999.00000 7.45261 7.41240 7.37018 7.41193 7.41659 7.34188 7.24884 7.29542 7.31810 7.36622 7.42549 7.42351 7.42353 7.43280 7.41410 7.41783 7.43112 7.44588 7.46696 7.45650 7.44581 7.43408 7.42558 7.36014 7.30926 7.35487 7.38060 7.34412 7.31753 7.32309 7.35144 7.39866 7.42407 7.40571 7.39735 7.40731 7.40190 7.39062 7.38326 7.39055 7.39040 7.43115 7.41324 7.41649 7.42633 7.39123 7.37547 7.38944 7.41919 7.38510 7.42754 7.44766 7.37702 7.28846 7.30127 7.36150 7.41855 7.43770 7.43154 7.41014 7.41664
-99999.00000 -99999.00000 -99999.00000 -99999.00000 -99999.00000 7.40395 7.38199 7.37521 7.42097 7.40740 7.37915 7.36536 7.39021 7.40281 7.40653 7.41673 7.42984 7.41647 7.42303 7.41608 7.41412 7.41960 7.45699 7.48139 7.46048 7.43927 7.43578 7.41404 7.38937 7.32310 7.29756 7.29217 7.27465 7.30294 7.34211 7.36027 7.39246 7.40696 7.39649 7.40093 7.37862 7.38026 7.38880 7.36393 7.33842 7.36148 7.40029 7.38400 7.39929 7.40500 7.37821 7.36061 7.38518 7.41779 7.37476 7.42145 7.43064 7.34732 7.28346 7.32923 7.37545 7.42271 7.46117 7.45831 7.42257 7.38280
-99999.00000 -99999.00000 -99999.00000 -99999.00000 -99999.00000 7.38034 7.38660 7.39031 7.41497 7.40578 7.38155 7.39345 7.42647 7.44101 7.44097 7.44424 7.44851 7.43470 7.41014 7.37683 7.37487 7.43500 7.47790 7.48654 7.46548 7.42534 7.41790 7.40542 7.40502 7.40264 7.34202 7.28248 7.28812 7.32940 7.34017 7.36030 7.40902 7.42187 7.41656 7.42810 7.41038 7.40752 7.40769 7.38353 7.34533 7.35308 7.35664 7.34776 7.37878 7.37571 7.34478 7.34205 7.33972 7.34469 7.35599 7.39329 7.34941 7.26131 7.28778 7.37744 7.40237 7.41717 7.45298 7.46658 7.45053 7.40273
-99999.00000 -99999.00000 -99999.00000 -99999.00000 -99999.00000 7.42023 7.41658 7.40087 7.35637 7.39818 7.39257 7.39988 7.43907 7.46067 7.46342 7.46892 7.46385 7.45350 7.41081 7.33633 7.36890 7.44788 7.47613 7.47256 7.43358 7.36995 7.37188 7.37973 7.39924 7.41434 7.36743 7.32569 7.35349 7.36375 7.31275 7.34027 7.41757 7.42561 7.41531 7.42408 7.42026 7.41675 7.40287 7.37838 7.36925 7.37948 7.33982 7.32989 7.37628 7.35810 7.33027 7.35298 7.29210 7.28039 7.37602 7.34735 7.26765 7.24652 7.31129 7.39254 7.42434 7.41640 7.43925 7.46300 7.43124 7.40014
-99999.00000 -99999.00000 -99999.00000 -99999.00000 -99999.00000 7.45279 7.44583 7.37200 7.38301 7.35317 7.38311 7.40321 7.44248 7.46362 7.47350 7.47991 7.46693 7.45053 7.38333 7.33803 7.35959 7.40300 7.44045 7.43509 7.37640 7.33992 7.37850 7.38509 7.36143 7.37317 7.35147 7.36707 7.40287 7.36746 7.29900 7.34256 7.41825 7.40895 7.38975 7.39260 7.39071 7.38886 7.38026 7.36917 7.38388 7.40567 7.35128 7.33281 7.38565 7.37002 7.35228 7.37833 7.24885 7.27575 7.35579 7.31210 7.28626 7.30527 7.35771 7.37454 7.42005 7.41346 7.42873 7.44984 7.41853 7.41193
-99999.00000 -99999.00000 -99999.00000 -99999.00000 -99999.00000 7.44583 7.44338 7.39778 7.34286 7.39834 7.42083 7.41129 7.44241 7.46816 7.48338 7.48420 7.46541 7.44725 7.38873 7.36310 7.36382 7.36641 7.40073 7.41843 7.37285 7.36133 7.39310 7.40416 7.35565 7.31980 7.33942 7.39365 7.40394 7.35869 7.31475 7.35440 7.40091 7.37431 7.34818 7.35115 7.35013 7.34768 7.35343 7.36855 7.39374 7.41254 7.36867 7.34080 7.38546 7.38379 7.36587 7.39339 7.26720 7.25325 7.32845 7.31951 7.30952 7.31939 7.35277 7.37215 7.39112 7.39720 7.42427 7.44086 7.42280 7.40924
-99999.00000 -99999.00000 -99999.00000 -99999.00000 -99999.00000 7.44962 7.44900 7.40940 7.39277 7.39475 7.38323 7.39984 7.44110 7.47104 7.48449 7.48265 7.46066 7.44028 7.40780 7.37428 7.38734 7.38855 7.40016 7.42236 7.37251 7.35093 7.39403 7.41177 7.38930 7.33252 7.33544 7.37473 7.38613 7.36251 7.32531 7.33836 7.35893 7.33670 7.32882 7.34944 7.34755 7.33275 7.33742 7.35714 7.37889 7.38821 7.35565 7.32089 7.36016 7.38977 7.35437 7.36615 7.30656 7.30254 7.30387 7.27830 7.29255 7.32764 7.34320 7.37351 7.38121 7.38509 7.39508 7.41153 7.41387 7.40989
-99999.00000 -99999.00000 -99999.00000 -99999.00000 -99999.00000 7.40380 7.40316 7.39785 7.41184 7.37228 7.36840 7.40871 7.45029 7.47048 7.47945 7.47515 7.44682 7.42637 7.40620 7.33707 7.34909 7.37137 7.38603 7.40094 7.35716 7.34170 7.40048 7.40873 7.38549 7.36227 7.36710 7.35031 7.36196 7.36170 7.30432 7.25511 7.29817 7.34235 7.35709 7.37265 7.37039 7.34372 7.33047 7.34772 7.37216 7.37726 7.34072 7.28824 7.31778 7.39022 7.37228 7.34980 7.33607 7.34596 7.23765 7.11900 7.12924 7.25607 7.32941 7.34219 7.35956 7.35851 7.35133 7.36190 7.38693 7.41477
-99999.00000 -99999.00000 -99999.00000 -99999.00000 -99999.00000 7.38254 7.39636 7.38824 7.32488 7.36713 7.41441 7.41119 7.42068 7.44587 7.46356 7.46309 7.43167 7.41858 7.41914 7.33222 7.24455 7.24203 7.30838 7.36868 7.36908 7.36485 7.39427 7.40285 7.40235 7.39521 7.40815 7.36371 7.35688 7.36826 7.29550 7.19815 7.25575 7.36449 7.38172 7.35261 7.34652 7.34677 7.35106 7.37122 7.39575 7.39498 7.34691 7.26569 7.25496 7.34105 7.38572 7.37665 7.33279 7.24598 7.07903 7.04755 7.08017 7.06810 7.17415 7.26802 7.33102 7.32778 7.35857 7.35902 7.36725 7.40163
-99999.00000 -99999.00000 -99999.00000 -99999.00000 -99999.00000 7.39453 7.37525 7.30873 7.32638 7.33833 7.39662 7.42116 7.40261 7.38627 7.41380 7.43664 7.40866 7.40167 7.40517 7.35988 7.30794 7.27221 7.28549 7.37153 7.40826 7.39351 7.37486 7.36594 7.37792 7.38335 7.41482 7.37332 7.34887 7.35810 7.30195 7.27423 7.23201 7.33675 7.39953 7.35370 7.30211 7.33660 7.38425 7.39343 7.40546 7.40170 7.37029 7.28349 7.23274 7.28595 7.31767 7.26544 7.14351 7.07222 7.09936 7.19420 7.26042 7.15912 7.09650 7.23454 7.35824 7.33245 7.36593 7.39190 7.37532 7.38190
-99999.00000 -99999.00000 -99999.00000 -99999.00000 -99999.00000 7.38787 7.37781 7.35194 7.27471 7.33498 7.36766 7.41461 7.40914 7.36153 7.34570 7.37021 7.36650 7.38724 7.38420 7.38486 7.39226 7.32881 7.31370 7.38737 7.43236 7.41771 7.37729 7.31210 7.30335 7.37634 7.41454 7.38466 7.34046 7.33329 7.32540 7.33370 7.24265 7.29931 7.38913 7.36025 7.29599 7.32673 7.37999 7.38674 7.40832 7.39721 7.37661 7.33564 7.27786 7.30139 7.30079 7.23310 7.19742 7.23804 7.30291 7.30844 7.32911 7.31821 7.25934 7.24694 7.34681 7.35344 7.34182 7.40286 7.39606 7.36868
-99999.00000 -99999.00000 -99999.00000 -99999.00000 -99999.00000 7.23429 7.38492 7.40726 7.38137 7.34127 7.35768 7.40672 7.39222 7.37807 7.36043 7.31070 7.32549 7.36642 7.37926 7.38788 7.39960 7.32626 7.32806 7.39754 7.43112 7.41890 7.37356 7.27704 7.28787 7.36238 7.38918 7.39903 7.36487 7.33713 7.34211 7.33655 7.24952 7.24768 7.33775 7.34868 7.32577 7.34330 7.37539 7.40376 7.42409 7.40027 7.38278 7.37014 7.33005 7.34537 7.34724 7.32679 7.32343 7.32578 7.33902 7.33090 7.34418 7.36728 7.34681 7.29492 7.35301 7.37778 7.35114 7.35845 7.39219 7.37807
