mrvbf_slope1.1_pctl1.1.asc
NCOLS 410
NROWS 410
XLLCORNER 2398750.0000000000000000
YLLCORNER 2548750.0000000000000000
CELLSIZE 250.0000000000000000
NODATA_VALUE -99999.00000
[rows 174 to 202 of 410, columns 264 to 329 of 410]
7.53399 7.30911 7.28474 7.53547 7.59239 7.59973 7.60691 7.61334 7.61962 7.62164 7.62436 7.61803 7.61166 7.58938 7.60416 7.59608 7.59364 7.57935 7.56478 7.56222 7.60040 7.60856 7.61721 7.61338 7.59942 7.58493 7.60441 7.59730 7.57491 7.58367 7.59593 7.61371 7.62426 7.62814 7.62844 7.62542 7.62679 7.63341 7.63995 7.62905 7.61723 7.61932 7.63379 7.64303 7.64723 7.64760 7.64937 7.65090 7.65318 7.65055 7.65693 7.65437 7.64485 7.64255 7.63896 7.64092 7.63790 7.63127 7.62509 7.62441 7.62443 7.61564 7.61383 7.61411 7.60361 7.59334
7.27544 6.99844 6.78738 7.21503 7.54033 7.58694 7.59342 7.60079 7.61830 7.62596 7.62783 7.62598 7.61413 7.58665 7.59227 7.56908 7.56081 7.58311 7.54569 7.54919 7.56648 7.57928 7.58614 7.58823 7.59886 7.59079 7.59911 7.59358 7.58305 7.57950 7.59125 7.60263 7.61592 7.62169 7.62475 7.62425 7.62587 7.63339 7.63942 7.62675 7.62409 7.61372 7.62194 7.64251 7.64476 7.64882 7.65398 7.65342 7.65228 7.65197 7.65232 7.65429 7.65030 7.64547 7.64824 7.64987 7.64060 7.63750 7.63123 7.62242 7.61488 7.60546 7.60984 7.60824 7.59247 7.57979
7.43039 7.35551 7.37493 7.13114 7.45333 7.56539 7.58171 7.60051 7.61257 7.62191 7.62807 7.62720 7.61372 7.58261 7.55744 7.54948 7.53752 7.54325 7.55414 7.51933 7.53136 7.54003 7.54368 7.56170 7.57987 7.60149 7.59469 7.59669 7.60023 7.58398 7.59166 7.59773 7.60588 7.61371 7.62010 7.62237 7.62200 7.62909 7.63518 7.62986 7.61871 7.61187 7.62609 7.63990 7.64629 7.65209 7.65424 7.65606 7.64970 7.64933 7.65408 7.65469 7.65053 7.65002 7.65172 7.64931 7.64128 7.64111 7.63274 7.62109 7.60590 7.60666 7.60236 7.58756 7.56719 7.54509
7.51924 7.49382 7.36250 7.12865 7.40595 7.55776 7.58681 7.60078 7.61162 7.62068 7.62837 7.62391 7.61129 7.59778 7.57017 7.56328 7.58522 7.55443 7.51996 7.49890 7.53579 7.53235 7.54795 7.54505 7.56583 7.57481 7.51877 7.56951 7.61340 7.59807 7.59577 7.59256 7.57659 7.59437 7.61241 7.61763 7.61914 7.62644 7.63370 7.63283 7.62524 7.62874 7.63752 7.63905 7.64860 7.65123 7.65608 7.65036 7.63236 7.64285 7.65199 7.65619 7.65328 7.65414 7.65396 7.64946 7.64138 7.63400 7.62011 7.61031 7.59977 7.59091 7.58202 7.55229 7.50218 7.43246
7.50354 7.50066 7.36549 7.14698 7.15395 7.53194 7.58760 7.60139 7.61188 7.61894 7.62226 7.62265 7.61679 7.60684 7.61009 7.61056 7.61590 7.60161 7.56357 7.56796 7.58108 7.57361 7.55990 7.54287 7.56049 7.53250 7.46651 7.51859 7.60747 7.60906 7.60452 7.59238 7.58343 7.58283 7.59805 7.60636 7.61371 7.62245 7.63216 7.63544 7.63683 7.64021 7.64002 7.64646 7.65133 7.65396 7.65226 7.63056 7.62259 7.63320 7.64915 7.65552 7.65654 7.65480 7.64868 7.64487 7.63504 7.62203 7.60468 7.58027 7.53955 7.52400 7.50203 7.48751 7.47150 7.44471
7.49840 7.42621 7.17245 6.70078 7.10148 7.50485 7.58209 7.59933 7.60546 7.60711 7.60951 7.61540 7.61890 7.61754 7.62117 7.62132 7.62093 7.61765 7.59542 7.60354 7.59595 7.57632 7.58307 7.59086 7.58891 7.51164 7.43649 7.49184 7.59420 7.59747 7.59953 7.59643 7.59431 7.56941 7.59115 7.60774 7.60844 7.60623 7.62503 7.63591 7.63995 7.63657 7.64269 7.65046 7.65078 7.65355 7.65202 7.62890 7.62481 7.64035 7.64848 7.65328 7.65716 7.65187 7.64375 7.63121 7.61063 7.58785 7.55496 7.51352 7.48683 7.50370 7.49720 7.51585 7.55071 7.55919
7.43267 7.35053 6.98217 7.06864 7.44774 7.53801 7.58291 7.58691 7.56066 7.54480 7.55601 7.59358 7.60589 7.60990 7.61401 7.62006 7.62400 7.62838 7.61977 7.61000 7.59403 7.59766 7.59976 7.59897 7.58789 7.54136 7.45964 7.53871 7.58804 7.57725 7.57680 7.58048 7.59320 7.57116 7.58883 7.60458 7.59917 7.59945 7.61106 7.63223 7.63409 7.63052 7.63169 7.64495 7.64682 7.64727 7.64936 7.64410 7.63640 7.64728 7.65071 7.65588 7.65439 7.64668 7.62955 7.60024 7.56072 7.54238 7.52456 7.53290 7.56449 7.57960 7.58380 7.58148 7.58935 7.59043
7.49933 7.38423 7.31309 7.43393 7.53306 7.56620 7.56471 7.50144 7.20019 7.03219 7.12020 7.51081 7.58301 7.59254 7.60026 7.61161 7.62013 7.62375 7.62081 7.61813 7.60968 7.60063 7.60451 7.58563 7.58957 7.56015 7.53218 7.57302 7.60953 7.61281 7.59408 7.56753 7.56975 7.56033 7.58479 7.60077 7.60187 7.60079 7.60828 7.62714 7.63301 7.63172 7.62855 7.63373 7.63513 7.63581 7.63889 7.64378 7.65031 7.65329 7.65774 7.65519 7.64836 7.63424 7.60434 7.55930 7.55064 7.57093 7.58538 7.59832 7.61148 7.61142 7.61018 7.60799 7.60405 7.60990
7.55830 7.47403 7.45920 7.49574 7.54149 7.51592 7.38979 6.84027 6.68969 7.19572 6.67172 7.01652 7.51326 7.54377 7.55371 7.56277 7.60104 7.61183 7.61637 7.62107 7.61936 7.61359 7.61300 7.60897 7.60273 7.60575 7.57466 7.59136 7.60126 7.60717 7.59849 7.58958 7.57332 7.54900 7.56245 7.58891 7.58724 7.59301 7.59853 7.61814 7.62842 7.63011 7.63511 7.63951 7.63336 7.63029 7.62611 7.62431 7.64595 7.65721 7.65875 7.65427 7.64424 7.62020 7.57868 7.55648 7.58640 7.61183 7.62210 7.62608 7.62874 7.62817 7.62465 7.62287 7.62118 7.62497
7.55027 7.46230 7.49872 7.41033 7.50348 7.31555 7.16057 7.27726 7.18608 7.30930 7.14498 7.11503 7.36265 7.22402 7.34520 7.21924 7.51239 7.59386 7.61076 7.61709 7.62214 7.61741 7.62003 7.62586 7.62585 7.62498 7.60023 7.59321 7.61314 7.61746 7.60326 7.59066 7.58562 7.54516 7.53693 7.58168 7.58212 7.58899 7.60467 7.61272 7.62812 7.63753 7.63961 7.62617 7.61467 7.62293 7.61704 7.61598 7.62856 7.65427 7.65918 7.65288 7.63857 7.60787 7.55489 7.56674 7.60884 7.62591 7.63310 7.63601 7.63790 7.63839 7.63742 7.63595 7.63397 7.63384
7.46341 7.40267 7.46480 7.50999 7.51197 7.48662 7.42204 7.45863 7.54686 7.54253 7.43942 7.47407 7.43790 7.15529 7.30890 7.05670 6.99220 7.52453 7.60452 7.61758 7.62264 7.62486 7.62616 7.62830 7.62919 7.62556 7.60568 7.59349 7.61856 7.60657 7.57359 7.56399 7.56408 7.55197 7.53742 7.57075 7.54743 7.56118 7.58552 7.59312 7.61676 7.62686 7.62353 7.59857 7.60914 7.62074 7.61431 7.62541 7.62627 7.64913 7.65671 7.65045 7.63123 7.58064 7.54596 7.59336 7.62111 7.63208 7.63899 7.64246 7.64361 7.64402 7.64299 7.63974 7.63671 7.63739
7.24641 7.36137 7.40134 7.49884 7.53318 7.46784 7.49831 7.54308 7.57276 7.54690 7.50524 7.38094 7.37047 7.42912 7.38251 7.24147 7.31428 7.43658 7.58065 7.61412 7.62121 7.62373 7.62342 7.62791 7.62166 7.61320 7.60312 7.58059 7.59158 7.57156 7.56515 7.53530 7.53835 7.53815 7.53066 7.55430 7.57077 7.54694 7.57596 7.58579 7.60044 7.61290 7.60372 7.58798 7.61024 7.60136 7.61520 7.62802 7.62830 7.64248 7.65138 7.64526 7.62223 7.56600 7.55599 7.60527 7.62691 7.63642 7.64301 7.64599 7.64734 7.64697 7.64501 7.63975 7.63747 7.63802
7.31573 7.34633 7.42748 7.36721 7.46732 7.44532 7.43417 7.51721 7.56233 7.55061 7.51222 7.24296 7.25551 7.25343 7.43800 7.43866 7.46152 7.50868 7.57830 7.60688 7.62011 7.61925 7.61686 7.61529 7.60085 7.57560 7.56998 7.54467 7.55023 7.57802 7.56486 7.57611 7.56512 7.55856 7.57631 7.57581 7.57971 7.57992 7.56955 7.59036 7.58853 7.59965 7.60926 7.59397 7.59682 7.60274 7.62644 7.62756 7.61411 7.64014 7.64592 7.63677 7.60535 7.55376 7.56233 7.60336 7.61895 7.63551 7.64435 7.64762 7.64843 7.64795 7.64633 7.64148 7.63754 7.63966
7.17412 7.38674 7.37254 7.32939 7.35311 7.14788 7.20402 7.34356 7.50942 7.48074 7.48575 7.42152 7.11831 7.25615 7.50359 7.49696 7.41916 7.35687 7.54661 7.59404 7.61220 7.61006 7.60757 7.59908 7.54726 7.41294 7.40924 7.40723 7.34541 7.50245 7.55884 7.59701 7.59786 7.57031 7.56500 7.57616 7.58140 7.57284 7.57689 7.59016 7.58224 7.57791 7.60382 7.62054 7.62436 7.62385 7.62185 7.62302 7.62181 7.63863 7.64639 7.63219 7.58984 7.54771 7.56222 7.57283 7.57039 7.61573 7.63990 7.64584 7.64760 7.64813 7.64741 7.64466 7.63879 7.63665
7.27642 7.31502 7.29259 7.44258 7.42149 6.87823 6.70743 7.06988 7.36966 7.44103 7.52618 7.54914 7.52549 7.48223 7.51885 7.53519 7.49731 7.34704 7.48986 7.57923 7.59777 7.60216 7.59494 7.56771 7.41280 7.29279 7.39754 7.40111 7.34343 7.12037 7.47274 7.57945 7.59162 7.57984 7.58061 7.59103 7.59921 7.57660 7.57265 7.56538 7.56776 7.58318 7.58705 7.61074 7.62164 7.61754 7.61756 7.62089 7.62669 7.64102 7.64266 7.62746 7.60805 7.54991 7.51485 7.46871 7.52972 7.57116 7.62464 7.63830 7.64316 7.64636 7.64703 7.64542 7.64104 7.63264
7.32706 7.40334 7.20467 7.23107 7.41832 7.03982 6.72211 7.12641 7.34447 7.50944 7.56394 7.57094 7.57093 7.54718 7.51555 7.48576 7.44150 7.33879 7.45626 7.56890 7.58183 7.56239 7.57400 7.51905 7.32936 7.39402 7.51199 7.53940 7.45738 7.26317 7.38758 7.55689 7.58598 7.59167 7.59764 7.60431 7.59897 7.59373 7.56865 7.55090 7.54521 7.56198 7.58711 7.57166 7.58625 7.61118 7.61212 7.61748 7.63229 7.64098 7.63679 7.62970 7.62071 7.58786 7.53268 7.41562 7.48138 7.57044 7.62470 7.63394 7.63367 7.63793 7.64239 7.64151 7.63893 7.62855
7.14707 7.37847 7.19683 7.08571 7.20904 7.32368 6.99842 7.22008 7.47066 7.54715 7.57173 7.57583 7.56857 7.54753 7.48790 7.21431 7.30157 7.04961 7.35609 7.51302 7.48328 7.28675 7.46872 6.99200 6.69567 7.39728 7.46135 7.53948 7.50040 7.23649 7.27834 7.53515 7.57055 7.58024 7.58508 7.60095 7.59886 7.60634 7.60198 7.57476 7.58692 7.55932 7.57914 7.55520 7.56274 7.59292 7.60655 7.62123 7.63809 7.63928 7.64020 7.63291 7.61437 7.58235 7.53823 7.47338 7.51516 7.61074 7.63829 7.63972 7.62928 7.62858 7.63089 7.63214 7.62774 7.62886
6.64781 6.46820 7.09716 7.02052 6.60415 6.71041 6.62717 7.42447 7.52850 7.55618 7.57489 7.58125 7.57079 7.56207 7.49980 6.94199 7.21731 6.97310 7.25476 7.28337 6.68476 7.02970 7.28231 6.92094 7.34677 7.46073 7.51434 7.51773 7.40608 7.07490 6.22447 7.41963 7.55417 7.57152 7.58800 7.59707 7.58866 7.59303 7.59570 7.58384 7.58675 7.57323 7.56363 7.55157 7.55968 7.58619 7.60493 7.62439 7.63408 7.64194 7.64094 7.62803 7.58365 7.52905 7.51028 7.51916 7.59338 7.62782 7.63924 7.64232 7.63691 7.62641 7.62469 7.61349 7.60453 7.62549
6.62265 6.31639 6.63628 7.05524 6.53983 5.83097 7.28586 7.49881 7.53388 7.56262 7.57801 7.57836 7.57138 7.56166 7.49704 6.86771 6.54104 6.96684 7.26206 7.33811 6.90743 7.32659 7.35512 7.39487 7.48570 7.53652 7.55565 7.57236 7.46138 7.03867 6.16146 6.85857 7.52975 7.58645 7.59903 7.60253 7.59720 7.60276 7.59397 7.59649 7.59801 7.58520 7.56779 7.52713 7.51988 7.57680 7.59330 7.60877 7.63335 7.64140 7.63076 7.60821 7.53721 7.51750 7.57060 7.60261 7.62682 7.63467 7.63881 7.64252 7.63963 7.62712 7.60861 7.55310 7.57254 7.61442
6.66971 5.77126 6.31007 7.03603 7.01416 6.27449 7.41199 7.51319 7.54032 7.56798 7.58084 7.57597 7.56725 7.56394 7.50929 7.25508 6.98811 6.89500 7.41623 7.48382 7.28350 6.96929 7.28428 7.47665 7.54763 7.57246 7.58076 7.55653 7.43267 7.33203 6.77526 7.21657 7.53817 7.58412 7.60275 7.60992 7.61028 7.61262 7.60977 7.61304 7.60072 7.59278 7.56831 7.53442 7.52817 7.56198 7.58502 7.60572 7.63167 7.63183 7.61384 7.56327 7.50097 7.55411 7.60353 7.62401 7.63531 7.64070 7.64101 7.64015 7.63603 7.62029 7.57878 7.55314 7.56706 7.61011
7.29533 5.77251 6.04060 6.62411 6.66748 6.29224 7.43319 7.52712 7.55481 7.57338 7.58039 7.57953 7.57819 7.56617 7.52584 7.29790 7.12034 6.94170 6.91559 7.18225 6.45573 6.33775 7.18143 7.35292 7.44678 7.51717 7.54440 7.45670 7.41396 7.24293 7.19575 7.43152 7.54961 7.58274 7.60203 7.61250 7.61784 7.61322 7.60806 7.61058 7.60474 7.60427 7.57943 7.56876 7.54086 7.56665 7.58557 7.60985 7.62593 7.62235 7.59553 7.54205 7.49930 7.56837 7.61297 7.62921 7.63835 7.64311 7.64240 7.63669 7.62468 7.60721 7.59317 7.57452 7.60083 7.63528
7.48171 7.23394 5.72964 5.50463 5.38825 6.21785 7.46205 7.54119 7.56323 7.57056 7.57898 7.58712 7.58299 7.57465 7.55447 7.47926 7.16488 7.30696 7.28145 7.39081 6.87293 7.31992 7.48190 7.46764 7.44477 7.44187 7.47097 7.46275 7.44490 7.46653 7.34895 7.30833 7.51934 7.57915 7.59788 7.61155 7.61607 7.61585 7.61339 7.60081 7.60373 7.60210 7.58230 7.57889 7.52600 7.54226 7.57535 7.60104 7.61652 7.62004 7.59300 7.55110 7.48616 7.54119 7.61262 7.63269 7.64053 7.64422 7.64285 7.63319 7.61058 7.60416 7.59652 7.59656 7.62469 7.64059
7.52725 7.50618 7.32043 6.07038 5.98224 7.32725 7.51308 7.54541 7.56066 7.56796 7.57698 7.58464 7.58000 7.57836 7.56744 7.53165 7.45753 7.46623 7.35749 7.41149 7.45956 7.49428 7.45440 7.52421 7.55604 7.51470 7.40943 7.46389 7.53680 7.55680 7.52510 7.33064 7.42358 7.56064 7.58917 7.59971 7.60333 7.60178 7.59899 7.58304 7.57371 7.58643 7.57500 7.56030 7.53612 7.52057 7.53679 7.58769 7.61527 7.62164 7.59446 7.50754 7.49519 7.58294 7.62388 7.63661 7.64274 7.64441 7.64167 7.63678 7.62757 7.59271 7.58758 7.61077 7.61542 7.63314
7.54675 7.53545 7.51033 7.44026 7.44064 7.49447 7.52278 7.54288 7.55991 7.56631 7.57371 7.57821 7.57730 7.57536 7.57074 7.53767 7.49975 7.52148 7.50633 7.43872 7.51588 7.45840 7.48178 7.43464 7.55045 7.55709 7.42807 7.48139 7.57489 7.58814 7.55836 7.43116 7.40039 7.54022 7.57733 7.58600 7.58523 7.56896 7.51812 7.50325 7.52614 7.55474 7.55869 7.56349 7.56367 7.55752 7.54301 7.55983 7.60545 7.61166 7.57800 7.52743 7.56594 7.61148 7.63060 7.63981 7.64458 7.64621 7.64177 7.63741 7.63123 7.60403 7.60908 7.60329 7.62840 7.63762
7.56164 7.55562 7.54571 7.53184 7.52341 7.52068 7.51560 7.53636 7.56272 7.56971 7.57446 7.57789 7.57994 7.57383 7.57206 7.55117 7.54224 7.52325 7.56197 7.56015 7.56829 7.53379 7.40075 7.39665 7.45900 7.50092 7.32784 7.46593 7.57878 7.59893 7.54600 7.40612 7.33987 7.46580 7.53804 7.54781 7.54062 7.44970 6.65071 6.99058 7.48151 7.55447 7.56214 7.56231 7.55506 7.56252 7.56960 7.57114 7.59172 7.60809 7.57551 7.56055 7.59867 7.62044 7.63194 7.63699 7.64291 7.64489 7.64175 7.63971 7.63723 7.62659 7.61629 7.62788 7.63917 7.64075
7.57525 7.57072 7.56277 7.55424 7.54115 7.52311 7.53352 7.53422 7.55491 7.56414 7.57524 7.58029 7.58398 7.57878 7.57880 7.56893 7.52797 7.52043 7.56110 7.58189 7.58144 7.56417 7.46076 7.47771 7.39887 7.35010 7.27009 7.36415 7.54447 7.56577 7.46230 7.38908 7.19539 6.65352 7.27110 7.39835 7.34716 6.44742 6.27031 6.37949 7.17232 7.48843 7.51119 7.52290 7.54652 7.55320 7.57545 7.58704 7.59065 7.60767 7.58031 7.57472 7.60678 7.62146 7.62489 7.62115 7.63505 7.64154 7.63851 7.63974 7.63962 7.63658 7.63109 7.63640 7.63930 7.63977
7.57734 7.57209 7.56577 7.55894 7.54507 7.53627 7.54458 7.55890 7.56046 7.56110 7.57287 7.57983 7.58435 7.58455 7.58306 7.57404 7.52829 7.52692 7.54337 7.57283 7.58297 7.56896 7.50523 7.47085 7.46038 7.41137 6.54585 7.09238 7.32001 7.44146 7.33317 7.31861 6.88324 7.11628 7.03834 7.27128 7.35500 6.96323 7.19905 7.31427 6.88112 7.15321 6.99267 7.38122 7.51019 7.56267 7.57183 7.58014 7.58052 7.60113 7.57634 7.57163 7.60598 7.61746 7.61016 7.61693 7.62245 7.63880 7.63783 7.64076 7.64025 7.63966 7.63659 7.63551 7.63759 7.63791
7.57590 7.57308 7.56718 7.55619 7.54149 7.55293 7.55118 7.56519 7.56378 7.56608 7.56917 7.57234 7.57964 7.57970 7.58128 7.56941 7.54556 7.53672 7.56521 7.57315 7.57544 7.57091 7.53814 7.49154 7.50268 7.44242 6.50476 7.29351 7.22477 7.23978 7.36788 7.37575 7.43650 7.36168 7.43951 7.40423 7.46489 7.48636 7.46762 7.45493 7.40691 6.91846 6.37579 6.61035 7.46843 7.55479 7.58743 7.59720 7.58591 7.59309 7.57060 7.55934 7.59149 7.61449 7.61209 7.59599 7.62255 7.63828 7.63575 7.63862 7.63890 7.63925 7.63746 7.63503 7.63615 7.63619
7.57249 7.57041 7.56347 7.55297 7.54497 7.55975 7.55933 7.56135 7.56370 7.57416 7.57129 7.57053 7.57467 7.58064 7.58200 7.57956 7.56286 7.55465 7.57286 7.57408 7.56525 7.56901 7.55984 7.51875 7.52529 7.45276 6.35201 7.04259 7.32962 7.35505 7.38501 7.47356 7.53157 7.48559 7.43971 7.48453 7.40366 7.46158 7.54242 7.54656 7.26251 6.75409 5.90536 6.89875 7.49582 7.55052 7.58670 7.58905 7.59111 7.59503 7.59894 7.57344 7.55469 7.58860 7.60229 7.60763 7.61778 7.63551 7.63446 7.63338 7.63765 7.63721 7.63508 7.63301 7.63244 7.63268
