mrvbf_slope0.9_pctl1.asc
NCOLS 410
NROWS 410
XLLCORNER 2398750.0000000000000000
YLLCORNER 2548750.0000000000000000
CELLSIZE 250.0000000000000000
NODATA_VALUE -99999.00000
[rows 145 to 173 of 410, columns 198 to 263 of 410]
7.20827 7.29057 7.36234 7.35549 7.28683 7.26357 7.29133 7.36682 7.41611 7.43073 7.42883 7.44933 7.45679 7.48258 7.49810 7.50588 7.50478 7.48861 7.46801 7.40625 7.04221 6.02570 5.67639 6.10227 6.71431 5.67537 5.68073 5.62308 6.46494 6.58332 5.95517 6.69671 6.68839 7.19715 7.38532 7.42715 7.45463 7.48060 7.49180 7.49229 7.48493 7.48630 7.49354 7.48446 7.45805 7.44607 7.46854 7.46076 7.44083 7.43238 7.43607 7.45964 7.48570 7.50110 7.50244 7.50432 7.49578 7.49002 7.45825 7.41656 7.42820 7.45424 7.45007 7.43750 7.43345 7.40274
7.09598 7.13470 7.31995 7.36060 7.32308 7.25919 7.22186 7.23916 7.28237 7.34599 7.38745 7.42659 7.43936 7.46676 7.47886 7.48361 7.48611 7.48400 7.46602 7.43971 7.41672 7.13863 6.28302 6.34318 5.64755 5.62518 6.02973 5.95490 6.82045 5.90424 6.22680 6.19174 6.63205 6.48291 6.93312 7.35259 7.42710 7.45867 7.45731 7.42145 7.47652 7.48679 7.48466 7.46385 7.44415 7.45218 7.46841 7.45169 7.44690 7.44877 7.44982 7.46859 7.48263 7.49638 7.49704 7.49235 7.47693 7.45898 7.41058 7.39506 7.42760 7.43293 7.42895 7.42482 7.40467 7.36609
6.99283 6.86631 7.12440 7.29725 7.24848 7.12706 7.02177 6.91020 6.91806 7.18532 7.33313 7.37356 7.36578 7.38337 7.40615 7.42872 7.46208 7.47156 7.47257 7.47703 7.45975 7.42637 7.04451 5.74266 5.53554 5.77483 5.58800 5.70192 6.93451 5.89496 5.72048 6.34499 6.36739 6.44755 5.70646 6.70443 7.37601 7.41019 7.26588 6.97775 7.35951 7.46749 7.45772 7.45563 7.45787 7.45795 7.45609 7.45566 7.45553 7.45428 7.45902 7.47965 7.47687 7.47225 7.47443 7.47120 7.44869 7.41518 7.39361 7.41130 7.41519 7.42249 7.43888 7.43533 7.41943 7.40100
6.86875 6.82957 6.86376 6.91533 6.91601 6.87293 6.78108 6.61364 6.51285 6.69190 7.09565 7.24322 7.27175 7.30132 7.28446 7.31541 7.39459 7.44029 7.48164 7.49586 7.48357 7.47237 7.41151 6.84643 5.64739 5.58569 5.57100 6.32248 7.04136 5.76160 5.56978 5.82759 6.32336 6.07372 5.56674 5.63878 7.12064 7.32944 6.94822 7.09125 7.04882 7.41949 7.47245 7.44622 7.44491 7.44897 7.44717 7.46528 7.46710 7.46250 7.47004 7.47998 7.46105 7.44847 7.44870 7.43935 7.41201 7.39446 7.40637 7.40625 7.41218 7.43445 7.43942 7.43177 7.42665 7.42722
6.98225 6.80629 6.85148 6.87162 6.91047 6.85172 6.79937 6.80885 6.79443 6.55448 6.56477 6.81028 7.20466 7.25394 7.06205 7.14539 7.32673 7.38961 7.44982 7.48255 7.48356 7.47834 7.46601 7.42543 7.15794 6.95193 6.69796 6.19107 6.53257 5.58692 5.80408 5.67616 5.73417 5.74859 5.59150 5.66424 7.14438 7.38912 7.30148 7.06076 7.37761 7.47537 7.46099 7.44445 7.45718 7.46445 7.45082 7.45052 7.45607 7.46625 7.48231 7.48106 7.45431 7.43012 7.43827 7.42121 7.39561 7.40429 7.40476 7.40306 7.42537 7.43317 7.43546 7.42890 7.42423 7.42768
6.39858 6.23525 6.45888 7.07564 7.15747 6.98119 6.91731 6.97043 6.64250 6.27777 6.37332 6.32771 6.74655 6.83925 6.88018 7.20116 7.31559 7.34400 7.38368 7.43023 7.44913 7.44825 7.44906 7.43414 7.39762 7.34496 7.31102 7.17774 6.99817 5.80649 5.81581 5.76658 6.30707 6.24177 5.72372 6.42243 7.31745 7.40002 7.43609 7.43375 7.48781 7.48739 7.46358 7.46472 7.45329 7.41495 7.40107 7.43941 7.45628 7.48115 7.48481 7.47644 7.45034 7.43738 7.43831 7.42085 7.41292 7.41963 7.40218 7.42324 7.43980 7.41908 7.42135 7.41598 7.40228 7.41529
6.24740 6.40874 5.96558 6.24228 6.71857 6.76297 6.81338 6.65489 6.32778 6.08512 6.07076 6.24352 6.51050 6.93929 7.15541 7.27983 7.29511 7.31576 7.30576 7.36144 7.38726 7.33548 7.31487 7.33734 7.37608 7.36537 7.37074 7.37373 7.20638 6.17159 5.69660 5.84447 6.46033 6.98236 6.60498 7.16148 7.36213 7.38079 7.44098 7.48661 7.49201 7.48234 7.48000 7.47426 7.45435 7.38682 7.34673 7.41051 7.45392 7.47728 7.47937 7.46601 7.44079 7.42885 7.43701 7.43088 7.42323 7.41291 7.41688 7.43737 7.42791 7.41784 7.42141 7.41245 7.40531 7.43387
5.78522 5.75670 5.84123 5.84002 6.18668 6.24527 6.49622 6.32314 6.12987 5.81344 5.71164 5.95373 5.95468 6.53346 7.17376 7.19205 7.02641 7.08252 7.18284 7.34732 7.31440 7.09626 7.14851 7.16187 7.37518 7.37894 7.37296 7.40448 7.36157 7.13030 6.19322 5.93814 6.13802 6.71557 7.23477 7.35520 7.39811 7.38711 7.40459 7.46307 7.47906 7.48857 7.49344 7.47989 7.44139 7.37977 7.35217 7.33929 7.39308 7.41387 7.43751 7.44516 7.43088 7.43033 7.45204 7.44556 7.43544 7.41775 7.40249 7.39258 7.41036 7.43075 7.45206 7.43212 7.42347 7.43894
6.57060 6.37248 6.03137 6.12907 5.94479 5.93813 5.65763 5.96292 6.14626 5.76782 5.62858 5.70848 5.63975 5.74597 6.57465 6.77488 6.11337 6.21372 6.82549 7.01797 7.14168 7.18691 6.86696 7.09439 7.36658 7.37315 7.34179 7.40388 7.39658 7.39780 7.16013 6.44443 6.82383 6.54294 7.26757 7.40562 7.37840 7.34874 7.39975 7.42917 7.47740 7.49752 7.49343 7.48947 7.44842 7.42769 7.35560 7.30457 7.31972 7.38679 7.35641 7.41884 7.43911 7.44768 7.45463 7.45759 7.46604 7.44265 7.40774 7.36525 7.41140 7.41079 7.43566 7.41797 7.42488 7.43887
7.20397 7.05201 6.95605 6.93704 6.34820 5.68914 5.82370 5.70991 6.34243 5.94318 5.66197 5.61973 5.60529 5.63498 5.87951 6.13099 6.12342 6.05019 6.36051 6.90709 7.12699 7.27059 7.06003 7.32510 7.39625 7.37628 7.32989 7.36608 7.35633 7.41715 7.36961 7.01167 6.83857 7.21558 7.39961 7.41012 7.38361 7.37354 7.37074 7.42192 7.48197 7.49530 7.48327 7.48409 7.46555 7.44195 7.37292 7.32240 7.38807 7.37313 7.39817 7.36598 7.40240 7.39851 7.40877 7.43045 7.44159 7.43558 7.41825 7.36600 7.39659 7.35828 7.34488 7.37538 7.38838 7.39724
7.30488 7.24667 7.31158 7.31118 7.13084 6.67129 5.96537 6.10129 6.46707 6.08612 6.10177 6.32030 6.22131 5.83765 5.67758 5.79605 6.07057 6.04335 6.58441 7.14288 6.94517 7.21065 6.96064 7.38504 7.44816 7.32276 7.26374 7.27816 7.36209 7.42864 7.10953 6.28525 6.91426 7.38369 7.42515 7.40466 7.40921 7.37952 7.37638 7.45367 7.48804 7.48914 7.47031 7.45784 7.47036 7.45708 7.44496 7.43593 7.40322 7.37389 7.39483 7.38462 7.37280 7.37308 7.31327 7.37435 7.39121 7.40096 7.41543 7.35705 7.35538 7.37706 7.28383 7.21949 7.19464 7.09313
7.30413 7.28079 7.38738 7.46092 7.40456 7.30073 6.88488 6.61649 6.63323 6.18364 5.88953 5.77240 5.69174 5.66893 5.70182 5.72907 5.73864 6.02642 7.05173 7.30860 7.30949 7.15486 7.31683 7.41776 7.46024 7.40001 7.35931 7.28326 7.27129 7.25885 6.19695 6.35885 6.04660 7.20492 7.35863 7.33428 7.32613 7.37836 7.39979 7.47359 7.49388 7.48958 7.47981 7.45988 7.47831 7.43822 7.43919 7.42889 7.43852 7.44209 7.38771 7.38791 7.41702 7.38397 7.32975 7.36878 7.38228 7.40205 7.41498 7.38306 7.34474 7.38749 7.35730 7.16385 7.14839 6.89324
7.28135 7.24822 7.39269 7.49684 7.41888 7.20526 6.97825 7.01110 7.05554 7.07194 7.07105 6.85471 6.65234 6.49282 6.47909 6.11754 5.88345 6.27139 7.06583 7.33621 7.42794 7.42243 7.39682 7.38780 7.42981 7.46622 7.37473 6.93653 6.82123 6.98658 6.67664 5.85147 6.03684 6.70170 6.95321 7.15012 6.87756 7.12816 7.33639 7.45951 7.48301 7.48654 7.47711 7.45755 7.44267 7.32511 7.28830 7.42189 7.45845 7.45769 7.43171 7.43532 7.42090 7.31481 7.24560 7.33621 7.31852 7.36830 7.39349 7.38776 7.33415 7.35648 7.32561 7.29943 7.23245 7.03213
7.19504 7.12117 7.32067 7.46110 7.25978 6.82176 6.68715 6.69559 6.60584 6.91261 7.28719 7.23624 6.99094 6.69758 6.42166 6.21068 6.28796 6.81505 7.14620 7.32892 7.44947 7.45853 7.41071 7.35473 7.41038 7.45834 7.28412 6.95785 7.17088 6.91040 6.86096 6.22626 6.30258 5.64254 5.62840 6.50246 6.92889 6.46822 6.79055 7.30692 7.44589 7.47165 7.45239 7.40481 7.31451 7.23729 7.17401 7.30242 7.42110 7.44842 7.45227 7.43998 7.41313 7.30103 7.33773 7.33515 7.32747 7.33044 7.38337 7.31585 7.34666 7.28658 7.31190 7.24768 7.28953 7.32369
6.76810 6.85291 7.16474 7.33847 6.86096 6.31612 6.42661 6.52875 6.12684 6.25481 6.87194 7.04418 6.77809 6.40204 6.16153 6.17505 6.47966 6.97402 7.20141 7.37529 7.46019 7.40747 7.37356 7.35583 7.39236 7.47532 7.44442 7.24059 7.04547 6.97851 7.23608 6.82066 5.61649 5.50971 5.48194 5.71576 6.29822 6.68554 7.03207 6.95444 7.18478 7.40591 7.31604 7.01739 7.14736 7.06859 7.23628 7.34142 7.42435 7.43692 7.44118 7.38768 7.34701 7.33698 7.35036 7.35616 7.23582 7.22286 7.32778 7.22172 7.23053 7.26120 7.26613 7.20180 7.29230 7.37624
6.20614 6.49187 6.86468 6.97899 6.40442 5.90782 5.82672 5.82924 5.64576 5.76486 6.27538 6.58462 6.47039 6.27140 6.25682 6.42704 6.71722 6.99566 7.16624 7.28097 7.36663 7.38113 7.37495 7.33303 7.40060 7.40892 7.43641 7.37599 7.27071 7.30719 7.38493 7.25572 6.31642 5.59397 5.58234 6.59360 7.06587 7.03009 6.74832 6.70889 6.25498 6.90906 6.69738 5.82050 6.57092 7.07266 7.18237 7.33969 7.41049 7.42876 7.40407 7.36473 7.33696 7.39271 7.34866 7.37413 7.30094 7.26062 7.27912 7.07026 6.97560 7.12975 7.24590 7.27043 7.29174 7.27227
6.02247 6.29279 6.54874 6.50904 6.07595 5.71828 5.56856 5.47963 5.48805 5.68579 6.14882 6.53145 6.64273 6.74942 6.93823 7.10095 7.20038 7.27866 7.34236 7.37483 7.38060 7.35594 7.35576 7.38375 7.36921 7.38764 7.42008 7.36688 7.40084 7.39427 7.41354 7.34526 7.28103 7.01588 6.98332 7.19735 7.14112 7.26002 7.04500 6.13360 6.43562 5.88439 5.72403 5.87358 5.55950 6.64231 6.80892 7.26693 7.38672 7.41068 7.39649 7.42851 7.40724 7.34965 7.39448 7.41404 7.32171 7.22387 7.17306 6.85448 6.78056 7.17130 7.34458 7.37719 7.37777 7.31520
6.15962 6.33019 6.44977 6.32116 6.00968 5.75182 5.61310 5.55794 5.64902 6.00517 6.55884 6.98675 7.18055 7.27708 7.32592 7.36894 7.36665 7.32697 7.32510 7.40804 7.47261 7.45237 7.38960 7.39985 7.42084 7.42577 7.45564 7.43537 7.43892 7.45613 7.42322 7.39724 7.42313 7.40108 7.30749 7.29107 7.13724 7.28375 7.36767 7.10784 6.26011 6.83422 6.78165 5.74067 5.49227 6.20485 5.60863 6.15621 7.11243 7.30090 7.38851 7.44376 7.43506 7.41622 7.41386 7.38511 7.35200 7.27274 7.16767 6.94020 7.20790 7.35768 7.39626 7.41625 7.41374 7.37228
6.55172 6.55771 6.58578 6.51554 6.35575 6.20505 6.13894 6.22482 6.66036 6.95015 7.10654 7.30312 7.39675 7.38525 7.37999 7.39143 7.36244 7.27499 7.23876 7.31006 7.42756 7.47603 7.45435 7.42487 7.44165 7.41699 7.40413 7.40276 7.45630 7.47513 7.45645 7.45818 7.46589 7.42912 7.32190 7.22577 7.15693 7.27693 7.40028 7.37272 7.18948 7.25107 6.60045 5.60785 5.82727 6.73781 5.67532 5.54682 6.19934 6.91415 7.27902 7.41120 7.42900 7.38949 7.35099 7.35145 7.30275 7.19871 7.21539 7.27334 7.36211 7.39088 7.41191 7.42361 7.43087 7.41747
7.10685 7.04074 7.03126 7.06851 7.07025 7.04086 7.12101 7.22570 7.34547 7.37959 7.35294 7.37247 7.41360 7.41862 7.43411 7.44963 7.43832 7.41560 7.40699 7.35591 7.40540 7.47655 7.46926 7.40583 7.38873 7.38459 7.42111 7.37428 7.41596 7.43803 7.42556 7.44893 7.47500 7.45860 7.34048 7.14173 7.15356 7.19979 7.37159 7.40655 7.38102 7.27181 7.07124 5.96270 5.61715 6.04699 5.58876 5.67510 6.02963 6.61829 6.56767 7.23120 7.39727 7.38910 7.31985 7.27773 7.33692 7.31127 7.29456 7.27759 7.36557 7.40146 7.42082 7.41930 7.41723 7.42078
7.39384 7.36048 7.35381 7.38316 7.37309 7.31061 7.32401 7.37979 7.44603 7.46594 7.42104 7.38439 7.40353 7.43027 7.46864 7.49409 7.47998 7.46009 7.46072 7.40407 7.37586 7.41462 7.41818 7.36019 7.27769 7.32541 7.42516 7.42104 7.41734 7.43178 7.41497 7.43309 7.45384 7.42017 7.23468 7.00910 6.80876 7.01269 7.35830 7.32848 7.23980 7.22673 7.05761 6.90516 6.92086 6.95184 6.01018 5.87164 6.40791 5.84531 5.59059 6.37899 7.25574 7.27204 7.24860 7.28653 7.32182 7.27611 7.26867 7.30257 7.37686 7.41319 7.41500 7.39647 7.39317 7.41780
7.45999 7.39586 7.37818 7.43675 7.44262 7.36454 7.37721 7.41348 7.45488 7.48564 7.45193 7.40538 7.40123 7.42510 7.45293 7.42039 7.39372 7.38433 7.41969 7.39782 7.31794 7.34592 7.43126 7.44182 7.36465 7.27667 7.31727 7.36556 7.39427 7.41568 7.42611 7.43817 7.45504 7.43846 7.37006 7.27934 7.13183 7.30781 7.40675 7.39736 7.30857 7.24377 7.23311 7.27271 7.35751 7.24052 6.19993 5.60247 6.42953 5.90939 5.64888 5.58695 6.61599 6.58641 6.52800 7.12994 7.25527 7.30375 7.28180 7.31836 7.34888 7.41752 7.41433 7.39515 7.41479 7.39274
7.44755 7.38630 7.38543 7.41729 7.46399 7.38928 7.38612 7.44482 7.45048 7.47994 7.48127 7.45325 7.42440 7.40693 7.39024 7.35884 7.40260 7.39544 7.38462 7.39706 7.33019 7.37315 7.47630 7.50491 7.46550 7.33866 7.13498 7.12416 7.30902 7.38655 7.44231 7.43760 7.40879 7.39604 7.33562 7.36004 7.31318 7.38238 7.41016 7.41194 7.40909 7.37500 7.36371 7.38147 7.39465 7.12570 5.63672 5.48504 5.58383 6.23347 5.75293 5.87594 6.19356 6.32689 6.08103 6.43883 7.22663 7.27857 7.23062 7.28439 7.35558 7.40635 7.39155 7.36900 7.39596 7.39425
7.46412 7.43038 7.40938 7.42882 7.46098 7.37498 7.35972 7.43659 7.44684 7.47032 7.50010 7.50262 7.47621 7.44069 7.41954 7.44972 7.50033 7.49284 7.45671 7.45592 7.40860 7.38442 7.41126 7.40439 7.36358 7.18837 6.87313 7.08788 7.31530 7.39753 7.43827 7.43182 7.39913 7.34072 7.30526 7.29543 7.37432 7.42316 7.43138 7.43575 7.38233 7.35834 7.34851 7.41500 7.40970 7.32807 6.60376 5.55812 5.66419 6.44459 6.63618 6.62837 5.62176 5.99039 6.42383 6.28106 7.13995 7.26092 7.25133 7.17935 7.29225 7.35644 7.35134 7.35446 7.37695 7.37661
7.50061 7.46874 7.44465 7.46853 7.44501 7.30611 7.28102 7.40109 7.43159 7.45780 7.49168 7.52119 7.52282 7.50807 7.50390 7.52545 7.53977 7.53259 7.51459 7.50757 7.46405 7.37711 7.26891 7.18810 7.19579 7.17745 7.08469 7.24495 7.30656 7.38215 7.39012 7.42464 7.40623 7.32367 7.32970 7.39487 7.42414 7.43130 7.44201 7.42328 7.36871 7.31100 7.34014 7.41622 7.42058 7.37306 7.25927 6.89069 6.65702 5.90759 6.30684 6.36262 5.57379 5.55551 5.88400 5.91606 6.56666 7.12647 7.21483 7.15771 7.28823 7.35744 7.36982 7.35811 7.37251 7.37778
7.52144 7.50864 7.49410 7.49194 7.41981 7.20329 7.23535 7.40384 7.42984 7.44929 7.46736 7.49932 7.53058 7.54271 7.54269 7.54015 7.52916 7.50907 7.49586 7.49962 7.47725 7.40403 7.30702 7.26371 7.26040 7.31747 7.27337 7.31443 7.37712 7.37603 7.41010 7.41261 7.38361 7.33493 7.38943 7.41997 7.43318 7.43378 7.43233 7.39168 7.35291 7.36370 7.36980 7.38224 7.41583 7.39073 7.31030 7.31010 7.16529 6.59712 5.66154 5.56686 5.54606 5.49374 5.86519 6.07718 5.84489 6.59478 7.10849 7.19431 7.27056 7.25560 7.29375 7.32144 7.29478 7.34786
7.51590 7.50817 7.49370 7.47907 7.39209 7.19160 7.26769 7.41527 7.44501 7.45086 7.44135 7.45829 7.49967 7.52372 7.51653 7.49329 7.46729 7.45210 7.46609 7.48990 7.48980 7.45360 7.40966 7.41388 7.38067 7.38697 7.35771 7.33943 7.41118 7.41552 7.40544 7.36134 7.32113 7.34069 7.39362 7.40458 7.39491 7.41217 7.41777 7.40093 7.32814 7.35977 7.34126 7.40821 7.41564 7.37917 7.30991 7.30177 7.19774 6.97074 6.27189 5.71039 5.52794 5.74903 6.24697 6.10776 6.11746 6.02980 6.81714 7.24768 7.30738 7.24192 7.21834 7.26918 7.33465 7.32095
7.50399 7.48271 7.46248 7.44780 7.36162 7.23104 7.32866 7.43492 7.44443 7.40686 7.38653 7.41340 7.46299 7.48468 7.45951 7.42112 7.39948 7.41236 7.44762 7.48122 7.49840 7.48595 7.44354 7.43564 7.43593 7.43287 7.39195 7.36506 7.42057 7.42296 7.37156 7.33150 7.23475 7.23779 7.33655 7.35609 7.36875 7.38312 7.40439 7.39737 7.36794 7.35532 7.37966 7.41648 7.41366 7.38803 7.21269 7.14998 7.08831 6.82252 6.52252 6.36074 5.83023 5.93285 6.76121 6.68914 6.27385 6.05037 6.31460 6.89656 7.11427 7.17050 7.22381 7.31383 7.35659 7.29637
7.45384 7.37838 7.35910 7.38875 7.33379 7.22796 7.30280 7.38235 7.37561 7.33873 7.31157 7.35211 7.44336 7.46032 7.42120 7.39049 7.38678 7.40401 7.42414 7.45532 7.48962 7.49697 7.46057 7.44095 7.44115 7.43577 7.38594 7.36377 7.41864 7.41524 7.36600 7.31491 7.17844 7.18175 7.27025 7.30718 7.35249 7.33706 7.37689 7.40677 7.38546 7.31738 7.34238 7.40516 7.42612 7.40569 7.31518 7.13492 6.90809 6.49598 6.04443 6.52762 6.53075 6.33976 6.93006 6.97414 6.28964 6.05834 6.26722 6.14379 6.47697 6.91907 7.17343 7.28068 7.33343 7.28605
