mrvbf_slope1.3_pctl1.asc
NCOLS 410
NROWS 410
XLLCORNER 2398750.0000000000000000
YLLCORNER 2548750.0000000000000000
CELLSIZE 250.0000000000000000
NODATA_VALUE -99999.00000
[rows 87 to 115 of 410, columns 198 to 263 of 410]
7.79788 7.79612 7.79439 7.79498 7.79563 7.79551 7.79436 7.79224 7.79187 7.79193 7.79050 7.79129 7.79174 7.79103 7.79060 7.78936 7.78913 7.78779 7.78609 7.78370 7.78307 7.78159 7.77960 7.77872 7.77957 7.78076 7.78277 7.78263 7.78247 7.78148 -99999.00000 -99999.00000 -99999.00000 -99999.00000 -99999.00000 -99999.00000 -99999.00000 -99999.00000 -99999.00000 -99999.00000 -99999.00000 -99999.00000 -99999.00000 -99999.00000 -99999.00000 -99999.00000 -99999.00000 -99999.00000 -99999.00000 -99999.00000 -99999.00000 -99999.00000 -99999.00000 -99999.00000 -99999.00000 -99999.00000 -99999.00000 -99999.00000 -99999.00000 -99999.00000 -99999.00000 -99999.00000 -99999.00000 -99999.00000 -99999.00000 -99999.00000
7.79925 7.79773 7.79585 7.79602 7.79684 7.79609 7.79447 7.79306 7.79045 7.79018 7.79095 7.79083 7.79038 7.79000 7.78955 7.78989 7.78954 7.78827 7.78700 7.78424 7.78222 7.78067 7.77981 7.77844 7.77837 7.77959 7.78207 7.78366 7.78336 7.78137 7.77851 -99999.00000 -99999.00000 -99999.00000 -99999.00000 -99999.00000 -99999.00000 -99999.00000 -99999.00000 -99999.00000 -99999.00000 -99999.00000 -99999.00000 -99999.00000 -99999.00000 -99999.00000 -99999.00000 -99999.00000 -99999.00000 -99999.00000 -99999.00000 -99999.00000 -99999.00000 -99999.00000 -99999.00000 -99999.00000 -99999.00000 -99999.00000 -99999.00000 -99999.00000 -99999.00000 -99999.00000 -99999.00000 -99999.00000 -99999.00000 -99999.00000
7.79883 7.79759 7.79700 7.79768 7.79696 7.79517 7.79342 7.79059 7.79113 7.79069 7.79025 7.78901 7.78899 7.79006 7.78947 7.78972 7.78918 7.78863 7.78749 7.78510 7.78297 7.77847 7.77677 7.77709 7.77813 7.77969 7.78161 7.78373 7.78366 7.78270 7.77988 -99999.00000 -99999.00000 -99999.00000 -99999.00000 -99999.00000 -99999.00000 -99999.00000 -99999.00000 -99999.00000 -99999.00000 -99999.00000 -99999.00000 -99999.00000 -99999.00000 -99999.00000 -99999.00000 -99999.00000 -99999.00000 -99999.00000 -99999.00000 -99999.00000 -99999.00000 -99999.00000 -99999.00000 -99999.00000 -99999.00000 -99999.00000 -99999.00000 -99999.00000 -99999.00000 -99999.00000 -99999.00000 -99999.00000 -99999.00000 -99999.00000
7.79886 7.79755 7.79716 7.79742 7.79654 7.79558 7.79337 7.79101 7.79049 7.78897 7.78961 7.79013 7.78965 7.78953 7.78942 7.78948 7.78844 7.78757 7.78596 7.78450 7.78326 7.77915 7.77498 7.77438 7.77596 7.77957 7.78142 7.78236 7.78288 7.78389 7.78242 -99999.00000 -99999.00000 -99999.00000 -99999.00000 -99999.00000 -99999.00000 -99999.00000 -99999.00000 -99999.00000 -99999.00000 -99999.00000 -99999.00000 -99999.00000 -99999.00000 -99999.00000 -99999.00000 -99999.00000 -99999.00000 -99999.00000 -99999.00000 -99999.00000 -99999.00000 -99999.00000 -99999.00000 -99999.00000 -99999.00000 -99999.00000 -99999.00000 -99999.00000 -99999.00000 -99999.00000 -99999.00000 -99999.00000 -99999.00000 -99999.00000
7.79846 7.79760 7.79703 7.79618 7.79551 7.79578 7.79450 7.79157 7.79113 7.79008 7.79027 7.79006 7.78903 7.78797 7.78930 7.78939 7.78834 7.78648 7.78394 7.78381 7.78158 7.77801 7.77557 7.77206 7.77561 7.77932 7.78029 7.78115 7.78351 7.78313 7.78248 -99999.00000 -99999.00000 -99999.00000 -99999.00000 -99999.00000 -99999.00000 -99999.00000 -99999.00000 -99999.00000 -99999.00000 -99999.00000 -99999.00000 -99999.00000 -99999.00000 -99999.00000 -99999.00000 -99999.00000 -99999.00000 -99999.00000 -99999.00000 -99999.00000 -99999.00000 -99999.00000 -99999.00000 -99999.00000 -99999.00000 -99999.00000 -99999.00000 -99999.00000 -99999.00000 -99999.00000 -99999.00000 -99999.00000 -99999.00000 -99999.00000
7.79538 7.79690 7.79651 7.79541 7.79469 7.79512 7.79411 7.79231 7.79213 7.79029 7.78988 7.78914 7.78873 7.78810 7.78878 7.78860 7.78723 7.78408 7.78333 7.78208 7.78001 7.77805 7.77697 7.77449 7.77635 7.77958 7.78013 7.78147 7.78263 7.78306 7.78226 7.78064 -99999.00000 -99999.00000 -99999.00000 -99999.00000 -99999.00000 -99999.00000 -99999.00000 -99999.00000 -99999.00000 -99999.00000 -99999.00000 -99999.00000 -99999.00000 -99999.00000 -99999.00000 -99999.00000 -99999.00000 -99999.00000 -99999.00000 -99999.00000 -99999.00000 -99999.00000 -99999.00000 -99999.00000 -99999.00000 -99999.00000 -99999.00000 -99999.00000 -99999.00000 -99999.00000 -99999.00000 -99999.00000 -99999.00000 -99999.00000
7.78818 7.79368 7.79588 7.79511 7.79466 7.79349 7.79332 7.79218 7.79127 7.78894 7.78851 7.78833 7.78911 7.78778 7.78805 7.78756 7.78477 7.78198 7.78293 7.78156 7.78054 7.77962 7.77844 7.77599 7.77739 7.78040 7.78077 7.78014 7.78074 7.78171 7.78019 7.77869 -99999.00000 -99999.00000 -99999.00000 -99999.00000 -99999.00000 -99999.00000 -99999.00000 -99999.00000 -99999.00000 -99999.00000 -99999.00000 -99999.00000 -99999.00000 -99999.00000 -99999.00000 -99999.00000 -99999.00000 -99999.00000 -99999.00000 -99999.00000 -99999.00000 -99999.00000 -99999.00000 -99999.00000 -99999.00000 -99999.00000 -99999.00000 -99999.00000 -99999.00000 -99999.00000 -99999.00000 -99999.00000 -99999.00000 -99999.00000
7.78670 7.78690 7.79382 7.79361 7.79276 7.79295 7.79144 7.79091 7.78883 7.78835 7.78870 7.78840 7.78762 7.78630 7.78726 7.78690 7.78312 7.78184 7.78296 7.78278 7.78121 7.78046 7.77957 7.77685 7.77770 7.78030 7.78092 7.78039 7.77947 7.77988 7.77767 7.77420 -99999.00000 -99999.00000 -99999.00000 -99999.00000 -99999.00000 -99999.00000 -99999.00000 -99999.00000 -99999.00000 -99999.00000 -99999.00000 -99999.00000 -99999.00000 -99999.00000 -99999.00000 -99999.00000 -99999.00000 -99999.00000 -99999.00000 -99999.00000 -99999.00000 -99999.00000 -99999.00000 -99999.00000 -99999.00000 -99999.00000 -99999.00000 -99999.00000 -99999.00000 -99999.00000 -99999.00000 -99999.00000 -99999.00000 -99999.00000
7.77915 7.78840 7.79142 7.79221 7.79221 7.79137 7.78990 7.78907 7.78845 7.78915 7.78875 7.78718 7.78607 7.78591 7.78581 7.78525 7.78219 7.78197 7.78307 7.78284 7.78095 7.78084 7.78131 7.77889 7.77765 7.78012 7.78119 7.78094 7.78097 7.77997 7.77961 7.77922 -99999.00000 -99999.00000 -99999.00000 -99999.00000 -99999.00000 -99999.00000 -99999.00000 -99999.00000 -99999.00000 -99999.00000 -99999.00000 -99999.00000 -99999.00000 -99999.00000 -99999.00000 -99999.00000 -99999.00000 -99999.00000 -99999.00000 -99999.00000 -99999.00000 -99999.00000 -99999.00000 -99999.00000 -99999.00000 -99999.00000 -99999.00000 -99999.00000 -99999.00000 -99999.00000 -99999.00000 -99999.00000 -99999.00000 -99999.00000
7.78002 7.78846 7.78918 7.79107 7.79092 7.79139 7.78887 7.78783 7.78884 7.78959 7.78873 7.78666 7.78550 7.78527 7.78522 7.78267 7.78194 7.78202 7.78196 7.78131 7.78109 7.78157 7.78102 7.77951 7.77789 7.77904 7.78038 7.78091 7.78154 7.78129 7.78113 7.78055 7.77834 -99999.00000 -99999.00000 -99999.00000 -99999.00000 -99999.00000 -99999.00000 -99999.00000 -99999.00000 -99999.00000 -99999.00000 -99999.00000 -99999.00000 -99999.00000 -99999.00000 -99999.00000 -99999.00000 -99999.00000 -99999.00000 -99999.00000 -99999.00000 -99999.00000 -99999.00000 -99999.00000 -99999.00000 -99999.00000 -99999.00000 -99999.00000 -99999.00000 -99999.00000 -99999.00000 -99999.00000 -99999.00000 -99999.00000
7.78642 7.79078 7.78941 7.78655 7.78985 7.79087 7.79017 7.78926 7.78852 7.78893 7.78752 7.78587 7.78732 7.78697 7.78516 7.78329 7.78110 7.78113 7.78136 7.78134 7.78092 7.78064 7.77929 7.77786 7.77750 7.77978 7.78040 7.77980 7.78028 7.77989 7.77979 7.77979 7.77761 -99999.00000 -99999.00000 -99999.00000 -99999.00000 -99999.00000 -99999.00000 -99999.00000 -99999.00000 -99999.00000 -99999.00000 -99999.00000 -99999.00000 -99999.00000 -99999.00000 -99999.00000 -99999.00000 -99999.00000 -99999.00000 -99999.00000 -99999.00000 -99999.00000 -99999.00000 -99999.00000 -99999.00000 -99999.00000 -99999.00000 -99999.00000 -99999.00000 -99999.00000 -99999.00000 -99999.00000 -99999.00000 -99999.00000
7.78134 7.78513 7.78932 7.78708 7.78803 7.78906 7.79004 7.78984 7.78912 7.78872 7.78708 7.78713 7.78748 7.78712 7.78521 7.78210 7.78145 7.78180 7.78093 7.78033 7.77875 7.77870 7.77891 7.77858 7.77923 7.78054 7.78015 7.77887 7.77880 7.77931 7.77860 7.77996 7.77826 7.77796 -99999.00000 -99999.00000 -99999.00000 -99999.00000 -99999.00000 -99999.00000 -99999.00000 -99999.00000 -99999.00000 -99999.00000 -99999.00000 -99999.00000 -99999.00000 -99999.00000 -99999.00000 -99999.00000 -99999.00000 -99999.00000 -99999.00000 -99999.00000 -99999.00000 -99999.00000 -99999.00000 -99999.00000 -99999.00000 -99999.00000 -99999.00000 -99999.00000 -99999.00000 -99999.00000 -99999.00000 -99999.00000
7.78075 7.76831 7.78082 7.78731 7.78798 7.78883 7.78926 7.78924 7.78869 7.78802 7.78740 7.78679 7.78708 7.78619 7.78412 7.78259 7.78240 7.78090 7.77938 7.77733 7.77859 7.77985 7.78012 7.77994 7.78007 7.78069 7.78030 7.77930 7.77840 7.77864 7.77872 7.77916 7.77853 7.77818 7.77639 7.77484 -99999.00000 -99999.00000 -99999.00000 -99999.00000 -99999.00000 -99999.00000 -99999.00000 -99999.00000 -99999.00000 -99999.00000 -99999.00000 -99999.00000 -99999.00000 -99999.00000 -99999.00000 -99999.00000 -99999.00000 -99999.00000 -99999.00000 -99999.00000 -99999.00000 -99999.00000 -99999.00000 -99999.00000 -99999.00000 -99999.00000 -99999.00000 -99999.00000 -99999.00000 -99999.00000
7.77526 7.77691 7.77408 7.78500 7.78870 7.78991 7.78860 7.78918 7.78783 7.78628 7.78671 7.78671 7.78563 7.78500 7.78452 7.78250 7.78116 7.78008 7.77822 7.77809 7.78048 7.78102 7.78054 7.78081 7.77797 7.77760 7.77894 7.77867 7.77757 7.77784 7.77864 7.77706 7.77769 7.77838 7.77676 7.77547 7.77472 -99999.00000 -99999.00000 -99999.00000 -99999.00000 -99999.00000 -99999.00000 -99999.00000 -99999.00000 -99999.00000 -99999.00000 -99999.00000 -99999.00000 -99999.00000 -99999.00000 -99999.00000 -99999.00000 -99999.00000 -99999.00000 -99999.00000 -99999.00000 -99999.00000 -99999.00000 -99999.00000 -99999.00000 -99999.00000 -99999.00000 -99999.00000 -99999.00000 -99999.00000
7.78245 7.77347 7.78331 7.78785 7.78819 7.78840 7.78917 7.78894 7.78714 7.78609 7.78492 7.78478 7.78396 7.78406 7.78409 7.78188 7.77921 7.78109 7.78038 7.77885 7.77972 7.77914 7.78032 7.78013 7.77737 7.77503 7.77588 7.77741 7.77666 7.77667 7.77683 7.77554 7.77682 7.77803 7.77702 7.77426 7.77337 7.77343 7.77385 -99999.00000 -99999.00000 -99999.00000 -99999.00000 -99999.00000 -99999.00000 -99999.00000 -99999.00000 -99999.00000 -99999.00000 -99999.00000 -99999.00000 -99999.00000 -99999.00000 -99999.00000 -99999.00000 -99999.00000 -99999.00000 -99999.00000 -99999.00000 -99999.00000 -99999.00000 -99999.00000 -99999.00000 -99999.00000 -99999.00000 -99999.00000
7.78506 7.78624 7.78964 7.78879 7.78740 7.78723 7.78752 7.78841 7.78580 7.78444 7.78399 7.78457 7.78349 7.78196 7.78158 7.78075 7.77922 7.78174 7.78062 7.77913 7.77917 7.77799 7.77787 7.77809 7.77569 7.77268 7.77249 7.77656 7.77625 7.77677 7.77583 7.77488 7.77473 7.77686 7.77688 7.77472 7.77479 7.77548 7.77437 7.77190 -99999.00000 -99999.00000 -99999.00000 -99999.00000 -99999.00000 -99999.00000 -99999.00000 -99999.00000 -99999.00000 -99999.00000 -99999.00000 -99999.00000 -99999.00000 -99999.00000 -99999.00000 -99999.00000 -99999.00000 -99999.00000 -99999.00000 -99999.00000 -99999.00000 -99999.00000 -99999.00000 -99999.00000 -99999.00000 -99999.00000
7.78928 7.79026 7.79041 7.78855 7.78746 7.78824 7.78776 7.78863 7.78655 7.78249 7.78338 7.78466 7.78283 7.78174 7.78034 7.78001 7.77967 7.78127 7.78081 7.77984 7.77827 7.77739 7.77671 7.77677 7.77463 7.77071 7.77419 7.77646 7.77538 7.77644 7.77526 7.77310 7.77192 7.77360 7.77459 7.77303 7.77340 7.77436 7.77326 7.77046 7.76725 -99999.00000 -99999.00000 -99999.00000 -99999.00000 -99999.00000 -99999.00000 -99999.00000 -99999.00000 -99999.00000 -99999.00000 -99999.00000 -99999.00000 -99999.00000 -99999.00000 -99999.00000 -99999.00000 -99999.00000 -99999.00000 -99999.00000 -99999.00000 -99999.00000 -99999.00000 -99999.00000 -99999.00000 -99999.00000
7.78633 7.78961 7.78935 7.78723 7.78754 7.78699 7.78566 7.78653 7.78659 7.78555 7.78338 7.78291 7.78037 7.77989 7.78228 7.78092 7.78109 7.78056 7.77929 7.77820 7.77750 7.77569 7.77384 7.77432 7.77535 7.77351 7.77397 7.77573 7.77533 7.77503 7.77393 7.77016 7.77053 7.77251 7.77350 7.77179 7.77194 7.77237 7.77073 7.76834 7.76726 7.76480 -99999.00000 -99999.00000 -99999.00000 -99999.00000 -99999.00000 -99999.00000 -99999.00000 -99999.00000 -99999.00000 -99999.00000 -99999.00000 -99999.00000 -99999.00000 -99999.00000 -99999.00000 -99999.00000 -99999.00000 -99999.00000 -99999.00000 -99999.00000 -99999.00000 -99999.00000 -99999.00000 -99999.00000
7.78560 7.78767 7.78645 7.78550 7.78485 7.78448 7.78505 7.78550 7.78617 7.78575 7.78461 7.78485 7.78281 7.78016 7.78194 7.78203 7.78159 7.78194 7.78038 7.77797 7.77501 7.77277 7.77152 7.77215 7.77335 7.77153 7.77268 7.77422 7.77448 7.77348 7.77086 7.77026 7.77065 7.77278 7.77383 7.77238 7.77152 7.77039 7.76958 7.76829 7.76774 7.76725 7.76724 -99999.00000 -99999.00000 -99999.00000 -99999.00000 -99999.00000 -99999.00000 -99999.00000 -99999.00000 -99999.00000 -99999.00000 -99999.00000 -99999.00000 -99999.00000 -99999.00000 -99999.00000 -99999.00000 -99999.00000 -99999.00000 -99999.00000 -99999.00000 -99999.00000 -99999.00000 -99999.00000
7.78308 7.78651 7.78535 7.77832 7.77261 7.78048 7.78457 7.78590 7.78551 7.78441 7.78529 7.78483 7.78383 7.78308 7.78222 7.78238 7.78199 7.78186 7.78087 7.77876 7.77567 7.77250 7.77044 7.77043 7.77177 7.77173 7.76942 7.77172 7.77317 7.77146 7.77053 7.76984 7.77097 7.77196 7.77147 7.76970 7.76927 7.76992 7.76962 7.76849 7.76761 7.76713 7.76537 7.76352 -99999.00000 -99999.00000 -99999.00000 -99999.00000 -99999.00000 -99999.00000 -99999.00000 -99999.00000 -99999.00000 -99999.00000 -99999.00000 -99999.00000 -99999.00000 -99999.00000 -99999.00000 -99999.00000 -99999.00000 -99999.00000 -99999.00000 -99999.00000 -99999.00000 -99999.00000
7.78343 7.78690 7.78490 7.76892 7.77076 7.77067 7.78368 7.78532 7.78528 7.78542 7.78452 7.78434 7.78397 7.78359 7.78283 7.78183 7.78072 7.77960 7.77951 7.77755 7.77686 7.77409 7.77188 7.77072 7.77030 7.77113 7.76933 7.76879 7.77004 7.76859 7.76659 7.76775 7.77018 7.76988 7.76834 7.76930 7.76770 7.76957 7.76899 7.76758 7.76665 7.76518 7.76514 7.76513 7.76412 -99999.00000 -99999.00000 -99999.00000 -99999.00000 -99999.00000 -99999.00000 -99999.00000 -99999.00000 -99999.00000 -99999.00000 -99999.00000 -99999.00000 -99999.00000 -99999.00000 -99999.00000 -99999.00000 -99999.00000 -99999.00000 -99999.00000 -99999.00000 -99999.00000
7.78639 7.78642 7.78574 7.77866 7.76814 7.77809 7.78480 7.78531 7.78481 7.78486 7.78451 7.78410 7.78386 7.78303 7.78130 7.77962 7.77750 7.77664 7.77832 7.77703 7.77763 7.77618 7.77456 7.77342 7.77087 7.76950 7.76919 7.76882 7.77039 7.77083 7.76917 7.76688 7.76707 7.76733 7.76681 7.76841 7.76817 7.76889 7.76838 7.76668 7.76446 7.76372 7.76459 7.76492 7.76377 -99999.00000 -99999.00000 -99999.00000 -99999.00000 -99999.00000 -99999.00000 -99999.00000 -99999.00000 -99999.00000 -99999.00000 -99999.00000 -99999.00000 -99999.00000 -99999.00000 -99999.00000 -99999.00000 -99999.00000 -99999.00000 -99999.00000 -99999.00000 -99999.00000
7.78747 7.78542 7.78541 7.78448 7.78131 7.78066 7.78234 7.78372 7.78440 7.78450 7.78430 7.78432 7.78367 7.78151 7.77868 7.77133 7.77005 7.77500 7.77768 7.77691 7.77709 7.77621 7.77555 7.77531 7.77356 7.77038 7.76834 7.76792 7.76903 7.76998 7.76981 7.76777 7.76405 7.76374 7.76402 7.76517 7.76728 7.76822 7.76798 7.76627 7.76508 7.76419 7.76462 7.76320 7.76182 7.76111 7.76136 -99999.00000 -99999.00000 -99999.00000 -99999.00000 -99999.00000 -99999.00000 -99999.00000 -99999.00000 -99999.00000 -99999.00000 -99999.00000 -99999.00000 -99999.00000 -99999.00000 -99999.00000 -99999.00000 -99999.00000 -99999.00000 -99999.00000
7.78684 7.78523 7.78506 7.78105 7.77312 7.76431 7.77538 7.78044 7.78329 7.78369 7.78275 7.78231 7.78169 7.77902 7.77200 7.76829 7.77258 7.77406 7.77371 7.77455 7.77564 7.77517 7.77639 7.77648 7.77469 7.77274 7.76988 7.76778 7.76836 7.76876 7.76763 7.76706 7.76409 7.76116 7.76201 7.76297 7.76505 7.76690 7.76658 7.76605 7.76459 7.76449 7.76312 7.76174 7.76102 7.76045 7.76123 7.76293 7.76324 -99999.00000 -99999.00000 -99999.00000 -99999.00000 -99999.00000 -99999.00000 -99999.00000 -99999.00000 -99999.00000 -99999.00000 -99999.00000 -99999.00000 -99999.00000 -99999.00000 -99999.00000 -99999.00000 -99999.00000
7.78579 7.78319 7.78446 7.77623 7.75927 7.76353 7.76417 7.77745 7.78039 7.78246 7.78205 7.78037 7.77771 7.77653 7.77447 7.76906 7.76863 7.77219 7.77275 7.77431 7.77334 7.77461 7.77578 7.77638 7.77452 7.77283 7.77161 7.76806 7.76752 7.76949 7.76800 7.76616 7.76531 7.76398 7.76152 7.76239 7.76448 7.76590 7.76435 7.76278 7.76313 7.76220 7.76155 7.76155 7.76210 7.76080 7.76065 7.76186 7.76148 7.75878 7.75576 -99999.00000 -99999.00000 -99999.00000 -99999.00000 -99999.00000 -99999.00000 -99999.00000 -99999.00000 -99999.00000 -99999.00000 -99999.00000 -99999.00000 -99999.00000 -99999.00000 -99999.00000
7.77983 7.77037 7.77957 7.78113 7.76847 7.75451 7.76352 7.77365 7.77977 7.77947 7.77929 7.77770 7.77739 7.77741 7.77584 7.77590 7.77605 7.77234 7.77360 7.77466 7.77414 7.77167 7.77342 7.77551 7.77417 7.77313 7.77072 7.76779 7.76745 7.76909 7.76775 7.76533 7.76502 7.76565 7.76465 7.76415 7.76484 7.76516 7.76289 7.75828 7.75892 7.75930 7.75993 7.76073 7.76081 7.76126 7.76192 7.76133 7.76009 7.75845 7.75577 7.75163 -99999.00000 -99999.00000 -99999.00000 -99999.00000 -99999.00000 -99999.00000 -99999.00000 -99999.00000 -99999.00000 -99999.00000 -99999.00000 -99999.00000 -99999.00000 -99999.00000
7.76493 7.77038 7.76698 7.77897 7.77680 7.76203 7.77242 7.76801 7.77656 7.77956 7.77842 7.77705 7.77941 7.77783 7.77811 7.77831 7.77772 7.77554 7.77557 7.77551 7.77172 7.77129 7.77410 7.77432 7.77346 7.77252 7.76915 7.76716 7.76665 7.76800 7.76669 7.76522 7.76340 7.76442 7.76401 7.76403 7.76525 7.76508 7.76266 7.76053 7.75729 7.75934 7.76003 7.75912 7.75794 7.75877 7.76077 7.76086 7.75913 7.75724 7.75661 7.75591 7.75319 7.75041 -99999.00000 -99999.00000 -99999.00000 -99999.00000 -99999.00000 -99999.00000 -99999.00000 -99999.00000 -99999.00000 -99999.00000 -99999.00000 -99999.00000
7.76744 7.76071 7.77232 7.77894 7.77694 7.76861 7.76901 7.77036 7.77783 7.77863 7.77632 7.77579 7.77633 7.77633 7.77893 7.77852 7.77679 7.77613 7.77673 7.77709 7.77374 7.77202 7.77327 7.77345 7.77220 7.77114 7.76928 7.76719 7.76494 7.76378 7.76617 7.76578 7.76266 7.76379 7.76468 7.76464 7.76402 7.76367 7.76242 7.75869 7.75977 7.76132 7.76080 7.76061 7.75841 7.75665 7.75727 7.75864 7.75973 7.76018 7.76051 7.75887 7.75596 7.75420 7.75363 -99999.00000 -99999.00000 -99999.00000 -99999.00000 -99999.00000 -99999.00000 -99999.00000 -99999.00000 -99999.00000 -99999.00000 -99999.00000
7.76551 7.77349 7.77693 7.77658 7.77096 7.74687 7.75722 7.74991 7.77072 7.77416 7.77610 7.77477 7.77463 7.77597 7.77753 7.77806 7.77769 7.77619 7.77641 7.77618 7.77393 7.77279 7.77155 7.77097 7.77205 7.77177 7.77070 7.76762 7.76503 7.76420 7.76586 7.76526 7.76374 7.76312 7.76324 7.76327 7.76235 7.76248 7.76196 7.76068 7.76237 7.76224 7.76144 7.76114 7.76093 7.75991 7.75883 7.75981 7.76093 7.76104 7.76005 7.75870 7.75718 7.75444 7.75324 7.75465 7.75530 -99999.00000 -99999.00000 -99999.00000 -99999.00000 -99999.00000 -99999.00000 -99999.00000 -99999.00000 -99999.00000
