mrvbf_slope1.5_pctl1.5.asc
NCOLS 410
NROWS 410
XLLCORNER 2398750.0000000000000000
YLLCORNER 2548750.0000000000000000
CELLSIZE 250.0000000000000000
NODATA_VALUE -99999.00000
[rows 290 to 318 of 410, columns 264 to 329 of 410]
7.24584 7.25675 7.26458 7.28049 7.27442 7.22531 7.20846 7.21457 7.21603 7.21733 7.23427 7.26073 7.25149 7.23090 7.17460 7.17170 7.20466 7.20721 7.20780 7.21999 7.19921 7.17325 7.14992 7.15609 7.18541 7.15557 7.10903 7.09974 7.12503 7.15403 7.17664 7.19549 7.20767 7.21299 7.19127 7.19886 7.15741 7.11269 7.09939 7.04739 7.07599 7.11585 7.14141 7.18283 7.20751 7.19733 7.18901 7.22130 7.21918 7.23465 7.26170 7.25915 7.25164 7.25104 7.25476 7.25613 7.25413 7.25103 7.25090 7.25064 7.24608 7.24101 7.23904 7.24359 7.25694 7.26397
7.23157 7.24290 7.24357 7.25884 7.25691 7.24476 7.23397 7.23360 7.23508 7.23083 7.23209 7.25304 7.24394 7.23139 7.21073 7.18909 7.18651 7.18809 7.17849 7.16151 7.13268 7.12576 7.07078 7.02154 7.08639 7.09461 7.05469 7.08253 7.08084 7.14382 7.19905 7.22262 7.22032 7.17724 7.20329 7.21235 7.17706 7.12741 7.09699 7.12349 7.17872 7.19931 7.20995 7.21967 7.22076 7.20772 7.17548 7.16553 7.17842 7.21628 7.22561 7.21852 7.21478 7.21769 7.22486 7.23117 7.23731 7.24298 7.25147 7.25803 7.25422 7.24009 7.22401 7.21043 7.20501 7.20623
7.22694 7.22117 7.22896 7.24017 7.24370 7.24905 7.23117 7.20644 7.21086 7.22838 7.23871 7.25087 7.23632 7.21806 7.21989 7.20435 7.18660 7.19708 7.19702 7.17334 7.16679 7.16974 7.14516 7.07963 7.07819 7.11368 7.07917 7.14066 7.15062 7.16362 7.19985 7.21868 7.21183 7.19808 7.20595 7.20085 7.18612 7.16283 7.16149 7.19226 7.21019 7.21735 7.22168 7.22218 7.21832 7.21336 7.19547 7.16409 7.17563 7.19563 7.18188 7.16818 7.17037 7.18619 7.20990 7.23259 7.24641 7.25379 7.25759 7.25682 7.24672 7.22672 7.20523 7.18640 7.17206 7.16678
7.22622 7.22321 7.22662 7.22898 7.24112 7.24400 7.22330 7.19163 7.19742 7.22273 7.21915 7.21800 7.20111 7.19735 7.21556 7.20287 7.16690 7.16538 7.17367 7.17474 7.18125 7.18198 7.17721 7.13686 7.08570 7.10791 7.09318 7.17200 7.17544 7.16674 7.17592 7.17819 7.17935 7.19342 7.18732 7.18932 7.17734 7.17399 7.18029 7.20002 7.21165 7.21661 7.21836 7.21404 7.20666 7.20582 7.20497 7.19619 7.19165 7.17418 7.13738 7.11426 7.12230 7.15743 7.20243 7.23135 7.24289 7.24615 7.24310 7.23237 7.21936 7.20638 7.19340 7.18356 7.17989 7.18416
7.22089 7.21992 7.22141 7.22435 7.23230 7.22634 7.21192 7.20032 7.19773 7.20660 7.19913 7.18547 7.18090 7.20186 7.21446 7.20574 7.17195 7.13909 7.13854 7.15684 7.17289 7.17011 7.16876 7.15679 7.08557 7.07836 7.10082 7.18090 7.18926 7.18115 7.15930 7.14318 7.17693 7.17652 7.17230 7.17549 7.18168 7.17846 7.17589 7.18678 7.19902 7.20404 7.20404 7.19884 7.19540 7.20049 7.20923 7.21026 7.19723 7.16186 7.10791 7.07179 7.08159 7.12970 7.18519 7.21488 7.22124 7.21485 7.20182 7.19012 7.18978 7.19177 7.19162 7.19334 7.19956 7.20829
7.21051 7.21569 7.22510 7.23406 7.23849 7.21653 7.20173 7.20511 7.21127 7.20884 7.20271 7.19773 7.20031 7.21130 7.20994 7.19926 7.17875 7.15049 7.13742 7.12959 7.13514 7.14191 7.15417 7.16199 7.14349 7.10668 7.16216 7.19107 7.19670 7.19372 7.16563 7.14888 7.13900 7.14312 7.15601 7.18154 7.18991 7.18454 7.17712 7.17390 7.17809 7.18217 7.18284 7.18400 7.18993 7.19769 7.20136 7.19672 7.18015 7.14672 7.09376 7.04656 7.05014 7.10645 7.16420 7.18715 7.18133 7.16420 7.15555 7.16289 7.17569 7.18583 7.19168 7.19626 7.20108 7.20492
7.20064 7.21822 7.23376 7.23421 7.21619 7.19389 7.19457 7.20782 7.21342 7.20459 7.19805 7.19942 7.20395 7.20327 7.19397 7.17355 7.15474 7.12145 7.09674 7.09516 7.10756 7.12468 7.14256 7.15164 7.15749 7.16074 7.17784 7.18560 7.18646 7.17888 7.16624 7.14677 7.12311 7.11495 7.15957 7.17502 7.18161 7.17869 7.17306 7.16797 7.16664 7.16805 7.16917 7.17409 7.18329 7.18833 7.18392 7.17161 7.15311 7.12625 7.08161 7.02957 7.02685 7.09036 7.14486 7.15357 7.14060 7.13342 7.14463 7.16173 7.17512 7.18184 7.18318 7.18182 7.18033 7.17940
7.18969 7.21281 7.22782 7.21599 7.19149 7.19379 7.20502 7.20801 7.20154 7.19528 7.18552 7.17902 7.18148 7.17825 7.15743 7.13415 7.11885 7.08050 7.05313 7.06620 7.09718 7.12371 7.13891 7.14813 7.15258 7.15644 7.16081 7.16815 7.16760 7.15672 7.14658 7.13113 7.11535 7.12388 7.14526 7.15112 7.15992 7.16329 7.16384 7.16425 7.16290 7.16175 7.16190 7.16442 7.16769 7.16743 7.15939 7.14465 7.12727 7.10677 7.07072 7.02120 7.01345 7.07131 7.11554 7.12170 7.11972 7.13245 7.15105 7.16295 7.16869 7.16608 7.15744 7.14907 7.14463 7.14317
7.16544 7.19049 7.20081 7.18883 7.18656 7.19087 7.17539 7.18130 7.19126 7.19487 7.18621 7.16523 7.14493 7.13114 7.12098 7.12503 7.11623 7.10311 7.10432 7.08902 7.09619 7.12255 7.14328 7.15349 7.15212 7.14407 7.13852 7.13949 7.12459 7.12879 7.08642 7.12570 7.13892 7.14234 7.13474 7.12764 7.12790 7.13655 7.14406 7.15017 7.15144 7.15003 7.14893 7.14736 7.14316 7.13881 7.13127 7.11996 7.10890 7.09605 7.06838 7.02505 7.00277 7.03011 7.07130 7.09780 7.11389 7.12525 7.13466 7.13829 7.13679 7.12896 7.11726 7.10737 7.10427 7.10803
7.12360 7.14816 7.15210 7.14031 7.12345 7.08404 7.07185 7.14216 7.18216 7.19161 7.18477 7.16190 7.12478 7.10608 7.12293 7.13749 7.12526 7.11996 7.12401 7.10685 7.09580 7.11067 7.13385 7.14645 7.14875 7.13702 7.11986 7.11012 7.09872 7.08025 7.07985 7.12331 7.13843 7.14074 7.12965 7.11509 7.10494 7.10792 7.11438 7.12505 7.12883 7.12703 7.12481 7.12098 7.11237 7.10310 7.09611 7.09031 7.08887 7.08166 7.05844 7.01951 6.98409 6.98249 7.02463 7.07300 7.09873 7.09779 7.09368 7.09284 7.09099 7.08530 7.07606 7.06895 7.07028 7.08086
7.08730 7.09944 7.09891 7.08546 7.06385 7.03901 7.05918 7.08790 7.16011 7.17761 7.16768 7.14079 7.12027 7.11702 7.12011 7.12945 7.11394 7.10462 7.10558 7.08607 7.06396 7.07534 7.11164 7.13133 7.13323 7.12198 7.10007 7.06774 7.07842 7.06146 7.08942 7.10699 7.12319 7.13412 7.12907 7.11332 7.09466 7.08503 7.08479 7.08860 7.09076 7.08745 7.08503 7.08011 7.07268 7.06435 7.05556 7.04896 7.04625 7.03859 7.02180 6.99631 6.96916 6.95569 6.98114 7.02508 7.05169 7.05308 7.05039 7.05108 7.05257 7.05092 7.04444 7.04010 7.04455 7.05915
7.08806 7.08654 7.08457 7.07259 7.07919 7.09230 7.04524 7.07709 7.14497 7.15121 7.12687 7.11359 7.12718 7.13374 7.11474 7.10125 7.07772 7.06343 7.05471 7.02714 6.98505 6.98587 7.06023 7.10602 7.10833 7.10000 7.09637 7.05207 6.96866 6.96164 7.02023 7.08238 7.11371 7.12790 7.12392 7.11052 7.08494 7.06576 7.05900 7.04416 7.03467 7.03270 7.03174 7.02900 7.02425 7.01854 7.01675 7.01374 7.00397 6.99359 6.98351 6.97099 6.95652 6.93609 6.92864 6.95548 6.98740 7.00946 7.02147 7.02588 7.02866 7.02824 7.02272 7.01904 7.02393 7.04025
7.11749 7.11778 7.11796 7.10601 7.09267 7.07019 7.00549 7.02739 7.08560 7.07371 7.06191 7.10234 7.13543 7.13815 7.11519 7.07802 7.04848 7.03384 7.01942 6.98340 6.90490 6.84739 6.93813 7.04874 7.07522 7.08226 7.09563 7.06528 6.86844 6.94876 6.88688 7.01557 7.06947 7.10214 7.10546 7.10189 7.07609 7.04808 7.02799 7.00861 6.99324 6.98784 6.98539 6.98632 6.97905 6.95980 6.96112 6.97752 6.97734 6.96915 6.95261 6.92901 6.90215 6.87157 6.86564 6.89672 6.93907 6.97701 7.00032 7.00830 7.01102 7.00960 7.00297 6.99770 7.00144 7.01603
7.14837 7.15230 7.15308 7.14827 7.12353 7.06809 6.97181 6.93027 6.98440 7.00137 7.04874 7.10065 7.13035 7.13039 7.10412 7.07267 7.05960 7.05092 7.03751 7.01380 6.94644 6.82681 6.83684 6.96729 7.04114 7.07278 7.07624 7.05401 6.97678 6.95947 7.01713 7.00110 6.98487 7.04506 7.07903 7.08436 7.06594 7.03337 7.00614 6.99206 6.98256 6.97026 6.96197 6.96383 6.95794 6.93057 6.89646 6.91758 6.94416 6.94003 6.91161 6.86336 6.81769 6.79824 6.81991 6.86113 6.90373 6.94273 6.96704 6.97707 6.98132 6.97989 6.97211 6.96510 6.96693 6.97972
7.16368 7.15992 7.16278 7.16690 7.14527 7.10622 7.04887 6.99305 7.01112 7.04993 7.08034 7.09592 7.12266 7.11283 7.08318 7.07883 7.09073 7.07904 7.05560 7.04489 7.01792 6.89886 6.88256 6.95002 7.00606 7.03875 7.04689 7.03128 6.99296 6.98675 7.00676 7.01701 6.98837 6.94245 6.99239 7.03154 7.03910 7.01917 6.99770 6.98752 6.98108 6.96733 6.95090 6.94378 6.94166 6.92945 6.88396 6.85548 6.88477 6.88772 6.85512 6.79196 6.74039 6.74417 6.78719 6.82172 6.85168 6.88459 6.90647 6.91703 6.92389 6.92627 6.92138 6.91590 6.91798 6.93069
7.15983 7.16004 7.17483 7.17652 7.14895 7.12549 7.11755 7.09176 7.09542 7.09631 7.08256 7.08666 7.12047 7.08945 7.06543 7.08600 7.09706 7.07613 7.04401 7.03634 6.98624 6.92660 6.95207 6.95623 6.95190 6.99262 7.01997 6.99185 6.90098 6.81971 6.84199 6.92175 6.94849 6.95439 6.93728 6.94427 6.97856 6.99345 6.98719 6.97961 6.97342 6.95996 6.93675 6.90956 6.90979 6.90639 6.86896 6.80967 6.79359 6.78576 6.77337 6.72520 6.67692 6.67902 6.72020 6.73834 6.74772 6.77097 6.79686 6.81729 6.83732 6.85017 6.85171 6.85080 6.85599 6.86941
7.12664 7.13936 7.17307 7.17691 7.14234 7.12344 7.12321 7.11459 7.12971 7.10876 7.05347 7.04040 7.09970 7.06056 7.05766 7.07694 7.05724 7.06917 7.04413 7.04439 7.01847 6.97588 6.94141 6.88638 6.83359 6.91272 6.94491 6.84614 6.74808 6.71435 6.79057 6.83750 6.89512 6.98307 6.92299 6.87118 6.90643 6.95777 6.96618 6.95779 6.95144 6.94103 6.91366 6.87853 6.86906 6.86133 6.83903 6.79555 6.73957 6.70028 6.67461 6.67152 6.64279 6.61107 6.62519 6.62642 6.60740 6.60276 6.63575 6.68343 6.72605 6.75399 6.76606 6.77298 6.78280 6.79728
7.09672 7.07556 7.14023 7.16769 7.12946 7.11358 7.10040 7.11969 7.13257 7.09772 7.02830 6.93453 7.02542 7.04156 7.03732 7.04020 7.04436 7.06938 6.98945 6.92740 6.94547 6.88749 6.84583 6.77628 6.60543 6.67475 6.77966 6.75753 6.84154 6.85478 6.79789 6.78272 6.85742 6.95289 6.91598 6.81013 6.83915 6.91404 6.93843 6.93180 6.91931 6.90792 6.88547 6.85699 6.82585 6.79881 6.78179 6.76517 6.73395 6.66093 6.61177 6.64635 6.64002 6.60965 6.59495 6.56137 6.50453 6.46593 6.48719 6.53942 6.59215 6.63497 6.66184 6.68084 6.69905 6.71791
7.11278 7.05539 7.10071 7.15779 7.13882 7.10653 7.11046 7.14240 7.13650 7.07967 7.03652 6.92659 6.91725 7.05285 7.04404 7.03937 7.06375 7.03645 6.87056 6.88057 6.97895 6.96920 6.93251 6.86779 6.68299 6.58364 6.75845 6.85663 6.92212 6.88199 6.80908 6.76705 6.78321 6.89066 6.89698 6.80251 6.76589 6.83994 6.90002 6.90814 6.89024 6.86870 6.84944 6.82833 6.79523 6.76688 6.73224 6.70249 6.67686 6.59102 6.57166 6.62088 6.60232 6.58583 6.58681 6.53702 6.46742 6.41084 6.39547 6.41053 6.44197 6.49010 6.53035 6.56478 6.60031 6.63305
7.05574 7.03821 7.12237 7.15220 7.15210 7.13145 7.13798 7.14763 7.13988 7.08808 7.02039 7.02211 6.89961 6.98464 7.04491 7.05345 7.04379 6.98388 6.86157 6.91019 6.97337 6.97328 6.94677 6.89700 6.77484 6.77803 6.86472 6.92608 6.92872 6.89007 6.85389 6.79320 6.70292 6.72034 6.81100 6.74685 6.70462 6.76182 6.84837 6.87699 6.86457 6.83302 6.80368 6.78114 6.76182 6.74653 6.70831 6.64887 6.59471 6.52683 6.52198 6.55113 6.52179 6.51362 6.52898 6.49290 6.46153 6.41911 6.35386 6.31552 6.29305 6.31213 6.35978 6.41713 6.48116 6.54037
7.03086 7.04585 7.11509 7.13225 7.13406 7.12541 7.11417 7.12369 7.12888 7.10920 7.03821 7.03804 6.93049 6.89347 6.96015 6.97417 6.94271 6.89994 6.86790 6.93431 6.96941 6.96695 6.91196 6.80781 6.73958 6.83890 6.89810 6.91923 6.91438 6.89182 6.86731 6.82031 6.67759 6.50170 6.76148 6.61583 6.63934 6.71622 6.77163 6.81027 6.82884 6.80807 6.76802 6.73130 6.71161 6.69055 6.64689 6.58525 6.54306 6.50415 6.43047 6.37537 6.41177 6.42332 6.44646 6.44383 6.43803 6.41120 6.33166 6.25791 6.19384 6.14987 6.17455 6.24806 6.34525 6.43885
7.05956 6.97110 7.01409 7.06808 7.07102 7.03220 7.01576 7.05610 7.09473 7.08696 7.00836 7.01741 6.98904 6.89798 6.89198 6.92217 6.90491 6.85046 6.84204 6.88874 6.89041 6.86673 6.77126 6.70453 6.53928 6.73544 6.83823 6.87486 6.88195 6.86976 6.85379 6.82960 6.73609 6.47266 6.64968 6.66208 6.67982 6.70804 6.70403 6.69766 6.73875 6.77096 6.74821 6.70378 6.65523 6.60908 6.56195 6.51108 6.48737 6.46036 6.36840 6.25632 6.21761 6.32441 6.36805 6.38366 6.36663 6.32742 6.26812 6.20035 6.14389 6.07881 6.04291 6.07875 6.19447 6.32472
7.10410 7.04522 6.95037 6.95403 6.96445 6.96312 7.00384 7.01397 7.05718 7.04991 6.99903 7.04640 7.04287 7.00867 6.97077 6.98133 6.96507 6.89400 6.87011 6.88849 6.84449 6.79207 6.77888 6.77028 6.50367 6.53837 6.69457 6.78570 6.82209 6.82475 6.81283 6.79176 6.71685 6.50372 6.60351 6.66971 6.66503 6.70476 6.70545 6.65398 6.61627 6.68700 6.71232 6.67933 6.61951 6.54302 6.47348 6.42192 6.38224 6.35888 6.30813 6.25452 6.12323 6.17810 6.24075 6.26874 6.24078 6.16660 6.11719 6.07202 6.04706 5.99111 5.91059 5.89720 6.02050 6.18203
7.13403 7.08539 7.03863 6.96794 6.96779 7.02610 7.04598 7.04458 7.07211 7.05648 7.04506 7.05390 7.05924 7.03527 6.99729 6.99124 6.96779 6.90389 6.90048 6.92208 6.89672 6.86724 6.88546 6.85108 6.64110 6.50143 6.56974 6.67502 6.74508 6.77251 6.76531 6.73831 6.67148 6.59511 6.66351 6.62558 6.42722 6.51101 6.56019 6.57436 6.55787 6.58911 6.64661 6.62835 6.58361 6.51127 6.41882 6.35095 6.31840 6.29257 6.24252 6.17556 6.07055 6.04343 6.03877 6.05992 6.02101 5.94574 5.93308 5.88864 5.86864 5.80506 5.70582 5.69147 5.83286 6.00940
7.13588 7.09121 7.03755 7.01401 7.01058 7.02715 7.03373 7.05052 7.08344 7.05668 7.04119 7.02649 7.04694 7.01369 6.98132 6.96574 6.94455 6.88927 6.92589 6.94306 6.91196 6.87140 6.87589 6.86264 6.73735 6.55958 6.51884 6.59476 6.68930 6.74435 6.73622 6.66731 6.57717 6.57185 6.62657 6.37255 6.25332 6.43610 6.45790 6.44979 6.49779 6.54198 6.56262 6.54650 6.51404 6.46354 6.37747 6.27406 6.22350 6.20506 6.16080 6.07393 6.01218 5.98914 5.92307 5.86136 5.83715 5.80151 5.77065 5.66036 5.64895 5.62224 5.50999 5.45993 5.58818 5.77934
7.11602 7.02676 6.99846 7.04956 7.04152 7.00525 6.99130 7.03173 7.07782 7.03727 6.99132 7.01667 7.03184 7.00930 6.96381 6.94611 6.92328 6.88649 6.95198 6.93113 6.88439 6.84550 6.78011 6.72942 6.66851 6.50082 6.45393 6.55039 6.67857 6.74276 6.71593 6.61400 6.46077 6.42846 6.52053 6.38922 6.25992 6.45577 6.49273 6.45695 6.44524 6.43507 6.42802 6.41182 6.40024 6.37085 6.30258 6.18764 6.06606 6.01407 5.97040 5.88902 5.85411 5.85127 5.82172 5.76771 5.72344 5.66053 5.49860 5.36565 5.45082 5.42375 5.30268 5.19995 5.29513 5.48807
7.06296 6.98963 7.05172 7.05305 6.99944 6.94619 6.95727 7.02619 7.07306 7.04813 6.98428 6.99468 7.03091 7.02056 6.96825 6.95581 6.91963 6.88907 6.95034 6.92567 6.92062 6.92005 6.85492 6.72539 6.54448 6.45426 6.47430 6.58959 6.71438 6.73483 6.66292 6.57509 6.42606 6.26069 6.34220 6.40225 6.25767 6.36247 6.44274 6.41744 6.34315 6.26708 6.25858 6.23359 6.21875 6.21063 6.16189 6.06097 5.90785 5.77713 5.66243 5.51083 5.47648 5.55509 5.58270 5.56672 5.52229 5.44207 5.20360 4.99985 5.04225 5.06773 5.00302 4.89675 4.94995 5.10800
7.06151 7.00956 7.05361 6.99976 6.91506 6.91096 6.98487 7.04732 7.06983 7.05788 7.01025 6.99091 7.01472 7.00816 6.96119 6.93903 6.87985 6.86152 6.92686 6.90302 6.90681 6.91178 6.87238 6.78858 6.66950 6.59963 6.58896 6.66953 6.73621 6.68838 6.57583 6.52983 6.40657 6.14878 6.10749 6.34192 6.25643 6.24059 6.30715 6.29463 6.19211 6.11826 6.12795 6.10024 6.05858 6.03606 6.00557 5.93521 5.82161 5.65700 5.39680 4.93735 4.58642 4.78558 5.08787 5.23371 5.22306 5.08738 4.81714 4.61872 4.56045 4.60556 4.59317 4.53004 4.54848 4.64851
7.04655 7.01037 7.04955 6.96287 6.89644 6.96090 7.01451 7.03472 7.03445 7.02963 7.01001 6.98289 6.98106 6.97028 6.93103 6.87538 6.79193 6.82671 6.88765 6.86940 6.87339 6.86657 6.82573 6.75827 6.62344 6.51130 6.51659 6.62400 6.69926 6.59948 6.48681 6.46989 6.32884 5.99886 5.78838 6.17732 6.13942 6.05218 6.11542 6.12743 6.06126 6.06511 6.08963 6.05852 5.99917 5.94547 5.91000 5.87319 5.79969 5.64237 5.27832 4.73083 4.30518 4.16689 4.43413 4.74890 4.81132 4.63637 4.51222 4.30122 4.03775 4.02016 4.08356 4.06302 4.19552 4.33162
