mrvbf_slope1.3_pctl1.3.asc
NCOLS 410
NROWS 410
XLLCORNER 2398750.0000000000000000
YLLCORNER 2548750.0000000000000000
CELLSIZE 250.0000000000000000
NODATA_VALUE -99999.00000
[rows 232 to 260 of 410, columns 330 to 395 of 410]
7.49105 7.47550 7.48909 7.52434 7.54533 7.55518 7.56251 7.56454 7.56845 7.57081 7.57289 7.57466 7.57712 7.57862 7.57890 7.57858 7.57924 7.57851 7.57813 7.57926 7.58103 7.58204 7.58059 7.57344 7.56114 7.55158 7.55681 7.56810 7.57342 7.57611 7.57880 7.58069 7.58188 7.58287 7.58337 7.58417 7.58622 7.58757 7.58817 7.58889 7.58908 7.58895 7.58858 7.58798 7.58716 7.58600 7.58403 7.58051 7.57570 7.56950 7.55307 7.49557 7.53096 7.53370 7.56643 7.57151 7.56979 7.56463 7.55715 7.53639 7.51593 7.54084 7.56134 7.56972 7.57363 7.57448
7.50575 7.49253 7.47786 7.47778 7.51260 7.53505 7.54743 7.55349 7.55952 7.56436 7.56841 7.57039 7.57134 7.57176 7.57227 7.57413 7.57518 7.57556 7.57562 7.57434 7.57595 7.57750 7.57680 7.57433 7.56954 7.55772 7.54838 7.55255 7.56148 7.56456 7.56576 7.56836 7.57246 7.57428 7.57335 7.57126 7.57805 7.58168 7.58313 7.58408 7.58444 7.58456 7.58438 7.58393 7.58319 7.58209 7.58018 7.57668 7.57207 7.56523 7.54928 7.50044 7.52362 7.53549 7.56317 7.56693 7.56303 7.55087 7.52286 7.50345 7.51936 7.55162 7.56263 7.56656 7.57059 7.57004
7.51731 7.50809 7.50142 7.46680 7.46547 7.49314 7.51988 7.53478 7.54499 7.55471 7.56092 7.56331 7.56648 7.56735 7.56813 7.57024 7.57163 7.57243 7.57226 7.57121 7.57234 7.57239 7.57282 7.57249 7.57168 7.56677 7.55716 7.54598 7.54664 7.54533 7.54223 7.54624 7.55360 7.55875 7.56078 7.56455 7.56619 7.57313 7.57590 7.57793 7.57847 7.57911 7.57924 7.57901 7.57825 7.57713 7.57554 7.57192 7.56634 7.55841 7.54772 7.51189 7.52003 7.53435 7.55647 7.55740 7.54614 7.51381 7.50198 7.52115 7.54636 7.55766 7.56301 7.56604 7.56735 7.56732
7.50989 7.51445 7.51379 7.49749 7.47420 7.47405 7.48080 7.49814 7.51259 7.53398 7.54760 7.55499 7.55855 7.55977 7.56049 7.56455 7.56714 7.56697 7.56761 7.56747 7.56918 7.56943 7.57048 7.56971 7.56956 7.56647 7.56396 7.55571 7.55207 7.54740 7.54385 7.54115 7.53850 7.54100 7.55017 7.55695 7.56282 7.56663 7.56825 7.57002 7.57110 7.57172 7.57198 7.57232 7.57207 7.57142 7.56935 7.56502 7.55961 7.55397 7.54678 7.52670 7.52873 7.54351 7.54889 7.53564 7.50224 7.49766 7.53101 7.54654 7.55599 7.56067 7.56345 7.56673 7.56789 7.56835
7.49974 7.49951 7.49894 7.50424 7.49708 7.49969 7.49677 7.48915 7.48915 7.49480 7.51151 7.53670 7.54596 7.54944 7.55295 7.55776 7.55987 7.55910 7.55830 7.56100 7.56381 7.56542 7.56708 7.56600 7.56559 7.56392 7.56270 7.56275 7.56217 7.56019 7.55833 7.55713 7.55045 7.54037 7.53465 7.54563 7.55450 7.55751 7.56073 7.56202 7.56324 7.56453 7.56494 7.56498 7.56522 7.56513 7.56223 7.55844 7.55415 7.54925 7.53952 7.52890 7.53570 7.53397 7.52849 7.49277 7.49604 7.53078 7.54675 7.55322 7.55836 7.56164 7.56418 7.56626 7.56790 7.56813
7.49259 7.48309 7.48311 7.49605 7.50080 7.50653 7.51226 7.51011 7.51108 7.50568 7.49414 7.50407 7.52401 7.53543 7.54374 7.54965 7.55254 7.55537 7.55443 7.55391 7.55951 7.56175 7.56328 7.56197 7.55860 7.56110 7.56130 7.56186 7.56171 7.56072 7.55967 7.55863 7.55606 7.55037 7.53839 7.53568 7.54121 7.53842 7.54492 7.55073 7.55332 7.55660 7.55822 7.55853 7.55852 7.55782 7.55538 7.55167 7.54694 7.54035 7.52759 7.52715 7.52601 7.50684 7.49465 7.50078 7.53563 7.54707 7.55111 7.55622 7.55943 7.56125 7.56329 7.56450 7.56604 7.56614
7.49923 7.48623 7.47687 7.47443 7.48381 7.49900 7.50529 7.51218 7.51300 7.51369 7.51498 7.50101 7.49509 7.50807 7.52025 7.53035 7.54234 7.54859 7.55070 7.54815 7.54984 7.55360 7.55682 7.55742 7.55485 7.55524 7.55736 7.55707 7.55711 7.55733 7.55641 7.55590 7.55518 7.55239 7.54587 7.53745 7.53650 7.53255 7.52756 7.53200 7.53633 7.54165 7.54621 7.54864 7.54937 7.54671 7.54379 7.53849 7.53512 7.52762 7.51510 7.50916 7.49943 7.50501 7.51272 7.52822 7.54546 7.55029 7.55443 7.55775 7.55882 7.55931 7.56036 7.56189 7.56350 7.56290
7.51121 7.50057 7.48421 7.47058 7.46557 7.47857 7.48968 7.49807 7.50025 7.50345 7.51216 7.50672 7.49843 7.50374 7.51296 7.50998 7.51598 7.52691 7.53669 7.54404 7.54092 7.54399 7.55191 7.55333 7.55143 7.54876 7.55007 7.55008 7.55029 7.55203 7.55138 7.55173 7.55121 7.54980 7.54737 7.54087 7.53878 7.53990 7.53683 7.53379 7.53216 7.53114 7.53434 7.53452 7.53604 7.53055 7.52805 7.52490 7.52118 7.51343 7.49393 7.47730 7.50145 7.52693 7.53301 7.54077 7.54904 7.55256 7.55532 7.55604 7.55646 7.55853 7.55876 7.55966 7.56087 7.56153
7.51798 7.51260 7.49922 7.48286 7.47496 7.47657 7.48105 7.48200 7.48022 7.48462 7.49761 7.50281 7.51155 7.51443 7.52446 7.52144 7.52114 7.51774 7.52225 7.53629 7.54038 7.53869 7.54704 7.54596 7.54228 7.53819 7.54058 7.53856 7.53854 7.54225 7.54249 7.54428 7.54462 7.54344 7.54208 7.53943 7.53831 7.53811 7.53798 7.53791 7.53891 7.53841 7.53671 7.53273 7.53233 7.52872 7.52416 7.52153 7.51412 7.49654 7.44636 7.47326 7.51430 7.53483 7.54131 7.54253 7.54577 7.54989 7.55328 7.55373 7.55264 7.55529 7.55733 7.55913 7.56021 7.56178
7.52301 7.51707 7.51231 7.49759 7.48649 7.48559 7.48703 7.48879 7.48642 7.48423 7.49439 7.50394 7.51097 7.51254 7.52037 7.52282 7.52040 7.52381 7.52754 7.53579 7.54098 7.53799 7.54186 7.53915 7.52414 7.50908 7.52185 7.51062 7.50531 7.51945 7.52604 7.53080 7.53246 7.53074 7.53082 7.53138 7.53007 7.53158 7.53355 7.53536 7.53719 7.53785 7.53679 7.53538 7.53271 7.52806 7.52388 7.51947 7.50624 7.45697 7.44932 7.50366 7.52626 7.53721 7.54258 7.54651 7.54872 7.54924 7.55187 7.55246 7.54905 7.54917 7.55521 7.55909 7.55995 7.56112
7.53075 7.52112 7.51688 7.50875 7.49703 7.49105 7.49334 7.50175 7.50335 7.50143 7.50792 7.51302 7.51144 7.50392 7.50877 7.51572 7.52228 7.52502 7.52675 7.53545 7.53888 7.53859 7.53691 7.52824 7.50494 7.50612 7.50972 7.50554 7.50045 7.49250 7.48845 7.49964 7.50147 7.49744 7.50621 7.51450 7.51697 7.51908 7.52405 7.52610 7.52837 7.53058 7.53100 7.52987 7.52809 7.52320 7.51331 7.50021 7.47071 7.43427 7.49321 7.52428 7.53504 7.53881 7.54249 7.54616 7.54640 7.54571 7.54805 7.54848 7.54895 7.54766 7.55050 7.55525 7.55646 7.55896
7.53308 7.52621 7.51900 7.51333 7.50563 7.49968 7.49484 7.49765 7.50231 7.51102 7.51953 7.52028 7.51536 7.50341 7.49888 7.50367 7.51142 7.51861 7.52383 7.52955 7.53259 7.53410 7.53385 7.52901 7.51656 7.50870 7.52114 7.52450 7.52096 7.50892 7.48544 7.48225 7.48384 7.47570 7.46469 7.46896 7.47983 7.49150 7.50501 7.51048 7.51358 7.51726 7.51934 7.51917 7.51679 7.50851 7.48157 7.43553 7.40954 7.45576 7.50843 7.52949 7.53477 7.53670 7.54041 7.54207 7.54315 7.54501 7.54647 7.54935 7.54896 7.55078 7.55103 7.55451 7.55435 7.55423
7.53048 7.52671 7.51831 7.51122 7.50531 7.50467 7.49451 7.48593 7.49864 7.51625 7.52332 7.52218 7.51805 7.50735 7.49770 7.49577 7.49839 7.50332 7.50631 7.50745 7.50860 7.51609 7.52279 7.52449 7.51781 7.51066 7.51780 7.51663 7.51643 7.51664 7.50560 7.49693 7.48837 7.47257 7.45859 7.43427 7.42250 7.42420 7.45714 7.47613 7.48133 7.49174 7.49782 7.50011 7.49618 7.46464 7.39134 7.38203 7.44008 7.49255 7.51295 7.52575 7.52671 7.52895 7.53472 7.53675 7.53997 7.54429 7.54713 7.54911 7.54963 7.54929 7.55088 7.55358 7.55408 7.55369
7.52563 7.52589 7.51943 7.51128 7.50302 7.49962 7.49330 7.47782 7.49278 7.51675 7.52248 7.52100 7.52127 7.51474 7.50576 7.50114 7.49967 7.49960 7.49890 7.49486 7.48837 7.48752 7.49571 7.49816 7.48489 7.49113 7.50074 7.50953 7.51177 7.50935 7.50746 7.50029 7.48080 7.47659 7.44911 7.43906 7.43898 7.39943 7.36414 7.36396 7.36408 7.41568 7.44784 7.45736 7.44364 7.37512 7.36631 7.42868 7.48801 7.50904 7.51204 7.51959 7.52202 7.52688 7.52899 7.53516 7.53808 7.54134 7.54626 7.54736 7.54781 7.54827 7.54932 7.55325 7.55387 7.55268
7.52206 7.52503 7.52216 7.51610 7.50629 7.49767 7.49313 7.47753 7.48269 7.51032 7.51976 7.52128 7.52563 7.52322 7.51724 7.51445 7.51377 7.51309 7.51215 7.51044 7.50786 7.49915 7.49190 7.48478 7.48064 7.48958 7.50697 7.51366 7.50733 7.50138 7.50369 7.49632 7.48323 7.45321 7.34090 7.39425 7.41226 7.41370 7.37092 7.28998 7.24734 7.18726 7.23886 7.28221 7.30537 7.34356 7.40166 7.46574 7.48633 7.51244 7.51628 7.51863 7.52471 7.52699 7.53139 7.53347 7.53515 7.53630 7.54298 7.54644 7.54508 7.54639 7.54948 7.55048 7.55120 7.54954
7.51754 7.52220 7.52140 7.51513 7.50527 7.49926 7.49461 7.48302 7.48282 7.50605 7.52049 7.52425 7.52824 7.52815 7.52456 7.52378 7.52565 7.52754 7.52854 7.52940 7.52997 7.52528 7.51911 7.51878 7.52390 7.52112 7.52170 7.52193 7.51217 7.49852 7.49529 7.48679 7.45555 7.36630 7.34557 7.33690 7.35849 7.35945 7.36381 7.30702 7.26196 7.16232 7.09031 7.13048 7.25687 7.40814 7.45428 7.45893 7.49785 7.51480 7.52035 7.52193 7.52449 7.53059 7.53579 7.53549 7.53503 7.53192 7.53605 7.54140 7.54182 7.54492 7.54767 7.54824 7.54628 7.54586
7.51309 7.51761 7.51628 7.50932 7.50176 7.49822 7.49457 7.48270 7.48027 7.50393 7.52056 7.52423 7.52788 7.52847 7.52565 7.52580 7.52984 7.53434 7.53678 7.53743 7.53759 7.53722 7.53593 7.53545 7.53575 7.53314 7.52918 7.52474 7.51543 7.50339 7.49621 7.48911 7.47479 7.45370 7.43707 7.44885 7.43319 7.38584 7.34425 7.32998 7.28695 7.29412 7.28593 7.26633 7.27753 7.36775 7.43304 7.45323 7.48934 7.50831 7.51737 7.52394 7.52891 7.53308 7.53633 7.53670 7.53650 7.53202 7.52808 7.53283 7.53382 7.53788 7.54136 7.54224 7.54214 7.54228
7.51183 7.51433 7.50983 7.50138 7.49551 7.49369 7.48911 7.46669 7.47121 7.50482 7.51759 7.52124 7.52494 7.52465 7.52244 7.52486 7.53190 7.53730 7.53992 7.54111 7.54183 7.54215 7.54189 7.54125 7.53999 7.53683 7.53156 7.52650 7.52132 7.51558 7.51183 7.50898 7.50360 7.49271 7.49033 7.49626 7.48113 7.45467 7.42382 7.42148 7.41971 7.40648 7.40722 7.39152 7.35804 7.35396 7.39462 7.42545 7.45277 7.48317 7.50437 7.51702 7.52710 7.53047 7.53178 7.53543 7.53864 7.53720 7.53059 7.52905 7.53032 7.53773 7.54207 7.54200 7.54303 7.54252
7.51309 7.51388 7.50631 7.49453 7.48644 7.48524 7.48406 7.46552 7.45947 7.49036 7.50813 7.51612 7.51913 7.51843 7.51954 7.52594 7.53384 7.53837 7.54095 7.54261 7.54365 7.54416 7.54419 7.54370 7.54217 7.53824 7.53315 7.53065 7.53110 7.52915 7.52698 7.52414 7.51703 7.49981 7.49276 7.49868 7.49194 7.48326 7.47406 7.47079 7.47526 7.47490 7.47185 7.46685 7.45710 7.44170 7.44068 7.45627 7.46149 7.47356 7.48773 7.50012 7.51653 7.52869 7.53288 7.53425 7.53619 7.53574 7.53315 7.52999 7.53414 7.53818 7.54159 7.54338 7.54348 7.54202
7.51443 7.51478 7.50637 7.49248 7.47956 7.47526 7.47878 7.47783 7.46924 7.47912 7.49615 7.50804 7.51128 7.51414 7.52003 7.52815 7.53430 7.53789 7.54048 7.54241 7.54375 7.54453 7.54476 7.54430 7.54249 7.53910 7.53548 7.53310 7.53283 7.53271 7.53121 7.52739 7.52038 7.50200 7.47882 7.48386 7.49301 7.49277 7.48914 7.49068 7.49805 7.50053 7.49904 7.49708 7.49393 7.48400 7.47321 7.47807 7.48827 7.49899 7.50365 7.50435 7.51059 7.52512 7.52865 7.52743 7.52748 7.52796 7.52913 7.53126 7.53525 7.53568 7.53896 7.54117 7.54040 7.53991
7.51693 7.51724 7.50819 7.49401 7.47846 7.47014 7.47217 7.47667 7.47596 7.47816 7.48712 7.49682 7.50523 7.51468 7.52296 7.52947 7.53373 7.53692 7.53949 7.54152 7.54303 7.54400 7.54436 7.54386 7.54234 7.54008 7.53694 7.53315 7.53043 7.53019 7.53003 7.52724 7.51981 7.49838 7.46665 7.47882 7.49845 7.49811 7.49559 7.49885 7.50330 7.50690 7.50943 7.51060 7.50910 7.50214 7.48899 7.48278 7.49227 7.50760 7.51460 7.51183 7.51266 7.52264 7.52087 7.51945 7.52318 7.52813 7.53273 7.53644 7.53831 7.53754 7.53867 7.53922 7.53888 7.54028
7.52019 7.51948 7.50895 7.49530 7.48063 7.47108 7.46988 7.47049 7.47009 7.47119 7.47586 7.48596 7.50285 7.51646 7.52387 7.52878 7.53258 7.53568 7.53824 7.54033 7.54197 7.54310 7.54365 7.54345 7.54237 7.54051 7.53780 7.53433 7.53081 7.52847 7.52720 7.52403 7.51446 7.49374 7.47736 7.48372 7.49446 7.49560 7.49684 7.49934 7.49877 7.50302 7.50963 7.51353 7.51379 7.50991 7.49815 7.48685 7.49099 7.50762 7.51743 7.51694 7.51707 7.51955 7.51560 7.51800 7.52468 7.53082 7.53574 7.53806 7.53873 7.54041 7.54222 7.54152 7.54087 7.54308
7.51665 7.51460 7.50491 7.49381 7.48377 7.47701 7.47119 7.46469 7.46122 7.46227 7.46527 7.47688 7.49917 7.51470 7.52208 7.52710 7.53097 7.53408 7.53669 7.53889 7.54068 7.54199 7.54275 7.54291 7.54233 7.54105 7.53922 7.53689 7.53368 7.52878 7.52416 7.51990 7.51104 7.49555 7.48302 7.48322 7.48520 7.48691 7.49381 7.49992 7.50057 7.49926 7.50181 7.50766 7.51020 7.50768 7.49976 7.49317 7.49628 7.50788 7.51767 7.52161 7.52352 7.52066 7.51757 7.52120 7.52636 7.53003 7.53380 7.53609 7.53767 7.54099 7.54335 7.54246 7.54107 7.54334
7.50989 7.50720 7.49920 7.49174 7.48906 7.48744 7.47689 7.46011 7.44953 7.45026 7.45481 7.46679 7.49257 7.51090 7.51936 7.52484 7.52889 7.53211 7.53484 7.53721 7.53918 7.54068 7.54162 7.54200 7.54180 7.54098 7.53958 7.53761 7.53444 7.52839 7.52168 7.51753 7.51179 7.49800 7.47735 7.46983 7.47269 7.47913 7.49338 7.50524 7.50567 7.49385 7.48843 7.49734 7.50464 7.50336 7.49828 7.49793 7.50219 7.50950 7.51877 7.52572 7.52787 7.52350 7.51985 7.52213 7.52537 7.52636 7.52880 7.53201 7.53559 7.53976 7.54240 7.54320 7.54104 7.54075
7.50897 7.50584 7.49821 7.49431 7.49710 7.49568 7.48179 7.45629 7.43587 7.43985 7.44528 7.45617 7.48485 7.50632 7.51603 7.52204 7.52639 7.52982 7.53273 7.53529 7.53746 7.53913 7.54025 7.54082 7.54082 7.54018 7.53889 7.53686 7.53318 7.52652 7.51959 7.51476 7.50743 7.49400 7.48020 7.46852 7.46102 7.47154 7.49460 7.50957 7.50714 7.48295 7.45792 7.46928 7.49145 7.49809 7.49875 7.50030 7.50200 7.51109 7.52198 7.52795 7.52799 7.52321 7.51914 7.52118 7.52470 7.52427 7.52346 7.52489 7.52939 7.53600 7.54007 7.54208 7.54132 7.53920
7.51123 7.50803 7.50072 7.49996 7.50104 7.49352 7.47873 7.44930 7.41653 7.42783 7.43605 7.44434 7.47680 7.50167 7.51213 7.51870 7.52346 7.52719 7.53035 7.53313 7.53550 7.53736 7.53866 7.53940 7.53955 7.53903 7.53778 7.53564 7.53146 7.52462 7.51828 7.51317 7.50532 7.49562 7.48420 7.46840 7.45391 7.45976 7.48504 7.50397 7.50357 7.46771 7.39825 7.39592 7.44791 7.48120 7.49500 7.49743 7.50155 7.51478 7.52279 7.52525 7.52503 7.52160 7.51740 7.52116 7.52704 7.52680 7.52404 7.52050 7.52055 7.52830 7.53619 7.53978 7.54015 7.53733
7.50742 7.50517 7.49864 7.49775 7.49561 7.48447 7.47354 7.44427 7.38287 7.39080 7.42373 7.43555 7.46838 7.49577 7.50744 7.51467 7.52000 7.52419 7.52769 7.53073 7.53331 7.53538 7.53686 7.53777 7.53806 7.53762 7.53640 7.53426 7.53002 7.52337 7.51772 7.51367 7.50728 7.49657 7.48019 7.46043 7.44779 7.44574 7.45702 7.47295 7.47421 7.44067 7.37725 7.32807 7.38895 7.45833 7.48829 7.49633 7.49928 7.50867 7.51401 7.51673 7.51938 7.52073 7.51759 7.51913 7.52538 7.52878 7.52815 7.52219 7.51536 7.51712 7.52829 7.53627 7.53882 7.53655
7.49601 7.49541 7.49080 7.48959 7.48729 7.47901 7.47017 7.44683 7.36565 7.36594 7.41730 7.43107 7.45781 7.48629 7.50126 7.50971 7.51584 7.52071 7.52470 7.52807 7.53090 7.53318 7.53487 7.53595 7.53637 7.53601 7.53485 7.53281 7.52897 7.52294 7.51801 7.51523 7.51062 7.49964 7.47845 7.44364 7.42317 7.43074 7.43126 7.42026 7.39127 7.40401 7.41873 7.31132 7.37038 7.45679 7.48767 7.49662 7.49850 7.50149 7.50520 7.50823 7.51093 7.51575 7.52006 7.51965 7.52152 7.52587 7.52806 7.52536 7.51736 7.51075 7.51765 7.53035 7.53651 7.53718
7.48469 7.48484 7.48189 7.48245 7.48278 7.47896 7.46109 7.42006 7.38586 7.41073 7.42508 7.42765 7.44747 7.47302 7.49138 7.50303 7.51075 7.51661 7.52130 7.52512 7.52827 7.53079 7.53270 7.53397 7.53452 7.53422 7.53310 7.53118 7.52780 7.52295 7.51967 7.51761 7.51329 7.50539 7.49097 7.46000 7.40715 7.41106 7.43186 7.41649 7.35692 7.30069 7.29605 7.31798 7.42921 7.48852 7.50143 7.50018 7.49858 7.49895 7.50144 7.50365 7.50494 7.50626 7.51274 7.51987 7.52239 7.52313 7.52370 7.52476 7.52250 7.51211 7.51018 7.52362 7.53343 7.53583
