mrvbf_slope0.6_pctl0.9.asc
NCOLS 410
NROWS 410
XLLCORNER 2398750.0000000000000000
YLLCORNER 2548750.0000000000000000
CELLSIZE 250.0000000000000000
NODATA_VALUE -99999.00000
[rows 174 to 202 of 410, columns 264 to 329 of 410]
4.12542 2.35681 2.10429 4.12476 4.64264 4.70253 4.77512 4.86786 4.99341 5.02215 5.09052 4.91326 4.77254 4.51687 4.64921 4.56881 4.55010 4.45004 4.35008 4.32306 4.59238 4.67517 4.81264 4.73621 4.53591 4.38121 4.58192 4.48356 4.19282 4.28104 4.42083 4.68463 4.94647 5.05555 5.03745 4.90795 4.91697 5.08098 5.23575 4.95402 4.68716 4.70529 5.01709 5.22607 5.30744 5.30663 5.33583 5.35993 5.39426 5.34912 5.44556 5.40239 5.22305 5.16378 5.06797 5.11413 5.02742 4.81036 4.57865 4.56299 4.60385 4.22312 4.18865 4.33659 3.81680 3.32078
2.60977 2.25618 2.00733 2.11849 4.20730 4.59518 4.61119 4.66094 4.98157 5.16692 5.20029 5.14417 4.82642 4.50447 4.54092 4.37934 4.32012 4.46791 4.20599 4.22973 4.34974 4.42746 4.46110 4.45937 4.53990 4.45389 4.52536 4.45754 4.32937 4.25653 4.37962 4.51238 4.74198 4.88247 4.95166 4.89710 4.90687 5.09417 5.23346 4.91860 4.84730 4.60189 4.73658 5.21979 5.25955 5.33466 5.42008 5.40336 5.38097 5.37331 5.37597 5.40482 5.33514 5.23963 5.29921 5.34074 5.12712 5.04572 4.85623 4.54703 4.26497 3.86185 4.18634 4.29583 3.53442 3.02265
3.39961 3.08052 3.08368 2.32920 3.36627 4.44292 4.52798 4.68201 4.85084 5.05613 5.21415 5.18159 4.82438 4.48557 4.31012 4.23834 4.12813 4.17623 4.26319 3.96647 4.07078 4.13528 4.14193 4.26426 4.38983 4.56860 4.49590 4.50754 4.53269 4.34342 4.40487 4.46204 4.56612 4.70351 4.84646 4.87123 4.81817 4.98288 5.13173 4.98730 4.72543 4.56694 4.83368 5.16350 5.30011 5.40382 5.42922 5.45085 5.34027 5.33185 5.40735 5.41601 5.34795 5.34143 5.37745 5.33959 5.15925 5.19227 4.97069 4.58590 4.01860 4.15895 4.11819 3.51882 2.72885 2.15340
4.09724 3.88527 3.14933 2.53975 3.11398 4.41427 4.61026 4.71264 4.85022 5.04048 5.24062 5.09585 4.78934 4.60606 4.40663 4.35056 4.49187 4.27163 3.97180 3.77751 4.11120 4.07234 4.18841 4.13279 4.29162 4.35509 3.75755 4.30692 4.72769 4.51209 4.46907 4.41513 4.15937 4.39972 4.68217 4.76973 4.76549 4.92447 5.10351 5.06389 4.86390 4.92603 5.12695 5.15081 5.35459 5.39122 5.46690 5.35939 5.01165 5.22365 5.38000 5.44530 5.40619 5.42303 5.42658 5.36142 5.19857 5.03093 4.59587 4.31519 3.99407 3.73868 3.48755 2.58540 1.91736 1.40995
4.09011 4.00576 3.23720 2.69920 2.29170 4.20841 4.63576 4.74895 4.90877 5.05709 5.10447 5.08004 4.91197 4.71799 4.76150 4.77054 4.89373 4.63172 4.35078 4.37696 4.45771 4.40451 4.30034 4.14163 4.27388 4.01147 3.21331 3.88180 4.65885 4.65700 4.58449 4.43158 4.29890 4.25851 4.45651 4.55824 4.66388 4.83461 5.07513 5.14308 5.16020 5.22354 5.20002 5.32961 5.41402 5.44866 5.40264 4.98188 4.83541 5.06279 5.34926 5.44653 5.46744 5.43888 5.34141 5.31693 5.10605 4.73028 4.21220 3.40998 2.42398 2.30307 2.09120 2.07304 1.99114 1.84427
4.09764 3.60668 2.93304 2.46197 2.42852 3.96228 4.56283 4.73247 4.83242 4.84584 4.86441 4.97518 5.01164 4.93310 5.01498 5.00723 4.98822 4.89601 4.57623 4.64684 4.57193 4.43617 4.47073 4.51708 4.50161 3.91197 3.16866 3.71846 4.53527 4.53353 4.53560 4.49478 4.46676 4.07065 4.38463 4.60749 4.58514 4.53156 4.89369 5.16843 5.25052 5.15338 5.27330 5.41909 5.40826 5.44859 5.40520 4.95206 4.89994 5.22458 5.36314 5.42480 5.47864 5.40863 5.28626 4.99125 4.41553 3.78549 2.88949 2.38375 2.27504 2.39093 2.34846 2.46146 2.91803 3.16062
3.65804 3.35542 2.79709 2.72630 3.58479 4.26315 4.56043 4.58605 4.40011 4.28217 4.36036 4.64740 4.83187 4.83612 4.86955 4.98281 5.06721 5.17653 4.93548 4.74164 4.57028 4.59077 4.60241 4.59142 4.51212 4.24598 3.64791 4.21107 4.50401 4.38863 4.33657 4.33939 4.47407 4.15159 4.38301 4.57748 4.46375 4.45021 4.61609 5.08172 5.11830 5.03078 5.04071 5.31144 5.33485 5.33310 5.36539 5.26060 5.12390 5.33700 5.40269 5.45980 5.45547 5.35850 4.94178 4.20227 3.17951 2.85517 2.66252 2.75629 3.30615 3.76500 3.92154 3.84593 4.14124 4.18368
4.01958 3.46173 3.25154 3.58367 4.24312 4.45445 4.43908 3.96364 2.19596 1.45362 1.59355 3.99698 4.58638 4.66666 4.72710 4.89610 5.02722 5.05959 4.97843 4.90557 4.74151 4.62667 4.65748 4.50527 4.53239 4.36631 4.18006 4.43349 4.73552 4.76185 4.50972 4.22067 4.20748 4.00900 4.35750 4.54166 4.52467 4.48782 4.58334 4.95785 5.09906 5.06855 4.98981 5.07929 5.08972 5.09330 5.15847 5.26045 5.37671 5.42365 5.49419 5.45819 5.37279 5.08201 4.35473 3.27730 3.12407 3.58810 3.96196 4.30210 4.71490 4.71297 4.66557 4.58703 4.46426 4.64488
4.42789 3.89551 3.81448 4.00658 4.31211 4.12888 3.42484 2.08310 2.12314 2.80027 1.94112 1.82026 4.05153 4.31125 4.37088 4.41136 4.71432 4.82691 4.87337 4.97277 4.92365 4.79862 4.78094 4.71694 4.64563 4.67597 4.43934 4.53988 4.63475 4.70265 4.56663 4.46509 4.28429 3.85485 4.04267 4.40510 4.35257 4.40572 4.46145 4.75867 4.98855 5.03485 5.14789 5.22254 5.06947 4.98726 4.89569 4.86477 5.30708 5.48985 5.51765 5.46440 5.33359 4.73876 3.85459 3.34802 4.06218 4.65293 5.00215 5.14729 5.26714 5.19878 5.01663 4.94664 4.88779 5.04579
4.38633 3.87277 4.13783 3.64817 4.07783 3.31896 3.05153 3.22608 3.07551 3.27145 2.92576 2.77407 3.24083 2.63153 3.03870 2.16498 4.01661 4.61884 4.80523 4.89081 4.99728 4.87747 4.92978 5.07325 5.07252 5.04558 4.61733 4.55659 4.78967 4.87637 4.62654 4.48946 4.43203 3.85887 3.59903 4.33770 4.31353 4.37852 4.56395 4.67079 4.99364 5.21605 5.25064 4.96149 4.73791 4.85868 4.74460 4.72747 4.97072 5.44967 5.53854 5.47057 5.23983 4.50921 3.37943 3.68885 4.58183 5.08729 5.31327 5.34892 5.39850 5.41985 5.37536 5.32792 5.26574 5.27610
3.79766 3.60314 3.97379 4.17408 4.14416 3.95704 3.63434 3.82252 4.36655 4.34717 3.76465 3.89141 3.65487 2.94154 3.15288 2.46889 1.67797 4.14048 4.76210 4.96667 5.03518 5.06813 5.09322 5.15250 5.17317 5.07114 4.67155 4.55949 4.90090 4.70060 4.40757 4.29297 4.25124 4.04805 3.71718 4.22596 3.78045 3.98701 4.33966 4.41666 4.74580 4.95351 4.88751 4.53314 4.65485 4.82404 4.70767 4.90531 4.93110 5.37558 5.50487 5.45854 5.07157 4.01799 3.27922 4.31514 4.92405 5.22485 5.37861 5.43588 5.45238 5.49287 5.47246 5.37660 5.30395 5.34148
3.04998 3.42582 3.61033 4.07882 4.28407 3.84737 4.04335 4.34054 4.49890 4.36257 4.11601 3.58237 3.57114 3.69502 3.46356 3.06897 3.13938 3.55330 4.52939 4.95207 5.02526 5.04312 5.02825 5.14696 4.99107 4.81003 4.65023 4.46118 4.53450 4.40412 4.34465 4.02632 3.99937 3.92814 3.72772 4.05460 4.24278 3.81001 4.24618 4.35178 4.51387 4.67723 4.55773 4.39811 4.66111 4.54144 4.72466 4.96065 4.97339 5.26493 5.42483 5.37083 4.85182 3.75688 3.59871 4.56605 5.12973 5.32887 5.44388 5.48027 5.52763 5.55002 5.48463 5.35004 5.30187 5.33005
3.18619 3.34361 3.64317 3.48286 3.85464 3.73290 3.67546 4.16026 4.45432 4.37943 4.11177 3.21738 3.25894 3.29052 3.72138 3.67229 3.75049 4.06582 4.53286 4.81766 5.03794 4.94000 4.87759 4.87483 4.65950 4.45924 4.41710 4.20108 4.23229 4.43823 4.33035 4.40908 4.31222 4.23639 4.38808 4.37486 4.38918 4.36218 4.20145 4.43442 4.39344 4.50940 4.62644 4.44450 4.48678 4.55967 4.93135 4.95633 4.72309 5.22367 5.33860 5.18147 4.52569 3.51638 3.81713 4.55813 4.83269 5.26504 5.46488 5.52796 5.56688 5.56418 5.49946 5.37691 5.28719 5.34419
2.88628 3.43202 3.43804 3.40071 3.47685 3.17933 3.18661 3.36540 4.11074 3.87997 3.91181 3.56953 2.93392 3.22474 4.08347 4.05122 3.60860 3.34546 4.35138 4.64793 4.88705 4.78875 4.76312 4.68746 4.30099 3.33828 3.27064 3.20895 2.87282 3.73789 4.29933 4.61653 4.59646 4.36198 4.31975 4.41559 4.44804 4.34227 4.33808 4.45367 4.34677 4.25955 4.56650 4.82568 4.89622 4.88483 4.84769 4.87325 4.85575 5.20074 5.36563 5.08072 4.28938 3.40836 3.87797 4.10093 4.05915 4.71260 5.32337 5.46469 5.51909 5.54513 5.51047 5.43865 5.30257 5.24574
3.07897 3.23207 3.26368 3.74990 3.69423 2.96905 2.81290 2.94213 3.38932 3.64272 4.23931 4.39631 4.21939 3.89610 4.17892 4.32131 4.05492 3.40960 3.97035 4.55276 4.70163 4.76331 4.68623 4.47648 3.46710 3.09900 3.33873 3.29145 3.00971 2.49088 3.42053 4.49365 4.56130 4.44575 4.45498 4.54024 4.61675 4.42521 4.34601 4.21147 4.19485 4.36451 4.38965 4.67363 4.85766 4.77259 4.77755 4.84154 4.95886 5.26054 5.29970 4.97127 4.61802 3.44505 2.72475 2.29941 3.40356 4.16924 4.91504 5.27227 5.39083 5.46812 5.48348 5.44336 5.34039 5.12655
3.18757 3.46548 3.13855 3.28988 3.62583 2.99023 2.75257 2.93636 3.29517 4.14528 4.51520 4.53350 4.52943 4.37111 4.14577 4.01495 3.80146 3.43726 3.78603 4.51427 4.59554 4.46126 4.54538 4.17387 3.32034 3.44849 4.02608 4.23001 3.55484 2.81849 2.95923 4.35256 4.54707 4.55165 4.59498 4.67161 4.61828 4.57223 4.36611 4.11381 3.91497 4.11239 4.42217 4.18521 4.37534 4.68267 4.69879 4.78938 5.08791 5.27257 5.18437 5.04505 4.92094 4.37629 3.16595 1.44870 2.73608 4.20887 4.92764 5.16545 5.16516 5.27033 5.36883 5.34569 5.28310 5.01774
2.84229 3.36628 3.11159 3.09475 3.14225 3.26649 2.81942 3.00703 3.87148 4.45546 4.56360 4.55366 4.50542 4.38103 3.93575 3.22075 3.44310 3.13592 3.47936 4.16316 3.96330 3.36370 3.86394 3.03927 2.87869 3.53654 3.75554 4.23882 3.89792 2.89001 2.75385 4.19685 4.45155 4.47598 4.50014 4.63633 4.61542 4.70011 4.64743 4.42038 4.48046 4.15328 4.36154 3.97655 4.04029 4.47351 4.63219 4.86534 5.22757 5.25712 5.27405 5.17235 4.79488 4.33424 3.35944 1.86825 3.23621 4.67718 5.30435 5.31722 5.06872 5.05108 5.09397 5.11507 5.00375 5.02859
2.46883 2.62516 2.96988 2.96304 2.76020 2.70305 2.52368 3.58914 4.39136 4.50391 4.57203 4.58937 4.51959 4.49042 4.02716 2.78314 3.27878 3.15167 3.37603 3.39642 2.92672 3.18325 3.42902 3.15755 3.53628 3.88698 4.18255 4.13427 3.46344 2.82474 2.04219 3.16298 4.35117 4.42945 4.52860 4.60207 4.53498 4.56482 4.58783 4.50614 4.51505 4.37137 4.21565 3.97955 4.07648 4.42550 4.62767 4.94642 5.15719 5.32325 5.32471 5.11191 4.36976 3.32119 2.92495 3.29130 4.50209 5.04687 5.32210 5.38234 5.25158 4.99641 4.94694 4.74437 4.64382 4.96120
2.39753 2.54812 2.71003 2.89505 2.67071 2.28967 3.07180 4.19703 4.39977 4.53082 4.58932 4.56672 4.52676 4.49898 4.01248 2.56947 2.64262 3.11367 3.45966 3.55283 3.20096 3.56433 3.64678 3.73531 4.05828 4.31816 4.40895 4.47166 3.73508 2.87470 2.31867 1.74422 4.15144 4.58138 4.64590 4.66560 4.60890 4.66312 4.57629 4.60141 4.62267 4.50506 4.31558 3.61983 3.33120 4.34673 4.51823 4.68835 5.15631 5.32593 5.12725 4.70742 3.56913 3.21989 4.29962 4.63970 5.10940 5.23800 5.31074 5.39125 5.32244 5.01329 4.69139 4.33971 4.46164 4.79107
2.28582 2.24120 2.54595 2.78393 2.73632 2.24538 3.48589 4.29755 4.41882 4.55761 4.61545 4.55487 4.50144 4.51661 4.12087 3.04633 2.80429 2.88919 3.62913 3.97065 3.45154 3.21979 3.46507 3.94504 4.36301 4.49091 4.52544 4.39541 3.66374 3.28880 2.59073 2.62851 4.27483 4.58708 4.73324 4.79378 4.78687 4.82946 4.76943 4.82426 4.65904 4.59042 4.36721 3.83019 3.55231 4.16747 4.44655 4.66035 5.13827 5.14234 4.78660 4.13866 2.96256 4.10273 4.71428 5.16321 5.37084 5.39703 5.36695 5.34326 5.24460 4.87813 4.49118 4.37640 4.46864 4.77512
2.87186 1.33228 2.23495 2.48504 2.44662 1.95587 3.56627 4.38440 4.51268 4.60046 4.61577 4.58979 4.58385 4.52283 4.25464 3.02604 2.81296 2.74254 2.84801 3.17852 2.74933 2.70679 3.26492 3.49121 3.74992 4.16473 4.33373 3.82527 3.64911 3.21263 2.98320 3.47734 4.39693 4.60083 4.75976 4.87232 4.96843 4.85844 4.76163 4.79526 4.71636 4.72373 4.48055 4.35763 3.90899 4.29506 4.48258 4.73713 5.03804 4.95630 4.57048 3.80467 3.03663 4.35149 4.90761 5.27732 5.40074 5.44280 5.40229 5.27493 4.99144 4.70324 4.58948 4.50653 4.68164 5.24181
3.95788 2.60502 0.99669 1.70031 1.60941 1.41196 3.74583 4.46818 4.56882 4.56593 4.61001 4.69636 4.63687 4.57910 4.45951 3.83429 2.64333 3.15632 3.16913 3.46652 2.77752 3.35362 3.90019 3.82151 3.72072 3.71557 3.85883 3.84608 3.80014 3.80147 3.32555 3.10133 4.13896 4.58414 4.72468 4.91238 4.94788 4.91969 4.85699 4.65408 4.68618 4.66753 4.50286 4.46351 3.72341 3.97170 4.40818 4.64430 4.86352 4.95436 4.57156 4.07378 2.78640 4.04039 4.84874 5.31354 5.41326 5.45621 5.41863 5.21378 4.77304 4.68868 4.62945 4.64388 5.02000 5.35289
4.38186 4.24854 2.79798 1.26431 0.68168 2.73920 4.24563 4.46370 4.52363 4.54437 4.59948 4.67408 4.60706 4.59983 4.52823 4.27506 3.64572 3.73828 3.27445 3.49181 3.72298 3.95992 3.71826 4.19099 4.41090 4.12762 3.60560 3.84528 4.31379 4.39537 4.18694 3.24237 3.45865 4.44780 4.64171 4.72503 4.74947 4.71810 4.68200 4.52110 4.45194 4.53537 4.45446 4.33191 4.00109 3.64278 3.91090 4.53411 4.87472 5.05441 4.60141 3.35688 3.32387 4.51806 5.13278 5.37902 5.44523 5.46019 5.41058 5.30453 5.08524 4.61825 4.59126 4.78780 4.86291 5.20454
4.48187 4.44086 4.24122 3.45280 3.44049 4.02831 4.28266 4.41109 4.50785 4.53332 4.57696 4.60559 4.58759 4.56695 4.53382 4.30159 3.96311 4.17396 4.03817 3.56670 4.11828 3.70547 3.86716 3.65921 4.36543 4.41246 3.64587 3.92541 4.50496 4.57044 4.41381 3.59366 3.42478 4.31775 4.57247 4.63606 4.61437 4.47758 3.99320 3.75333 4.04707 4.33044 4.35056 4.38250 4.37922 4.31361 4.11994 4.31485 4.70921 4.80735 4.47631 3.89423 4.40245 4.85643 5.30837 5.43635 5.48396 5.51373 5.42703 5.33202 5.18198 4.71875 4.76931 4.71575 5.10894 5.31820
4.55567 4.53918 4.48803 4.38518 4.30116 4.24551 4.15616 4.33725 4.52395 4.56268 4.58963 4.60997 4.61973 4.55828 4.54029 4.40186 4.33337 4.17417 4.47175 4.45736 4.50799 4.25044 3.50903 3.52638 3.74663 3.99563 3.39305 3.81629 4.52334 4.66265 4.33594 3.53586 3.31043 3.74770 4.31700 4.38251 4.32303 3.39018 0.90513 1.63500 3.57582 4.38410 4.41540 4.39975 4.33031 4.38460 4.43244 4.43892 4.58009 4.74535 4.47335 4.36927 4.66835 5.07295 5.30113 5.33447 5.44767 5.49379 5.43056 5.38712 5.32622 5.08418 4.88153 5.10935 5.37694 5.41501
4.68782 4.65542 4.57997 4.51378 4.40354 4.22361 4.31228 4.31030 4.46250 4.51937 4.60224 4.64611 4.68323 4.60510 4.59829 4.52075 4.25454 4.18291 4.45659 4.61436 4.60607 4.46520 3.72930 3.82763 3.47531 3.36352 3.26256 3.46590 4.34050 4.45940 3.82019 3.51609 3.13744 2.50651 3.05922 3.36147 3.06087 1.49934 1.96254 2.09071 2.45910 3.72181 3.95125 4.05323 4.28376 4.32762 4.48483 4.55559 4.58163 4.74221 4.51766 4.48748 4.77253 5.08140 5.07882 4.98269 5.30903 5.43492 5.37650 5.39908 5.39108 5.32603 5.19987 5.32714 5.39994 5.41152
4.69417 4.62941 4.57194 4.51897 4.41077 4.33406 4.39608 4.49536 4.49994 4.49811 4.58163 4.64693 4.70197 4.68683 4.65342 4.56290 4.28227 4.26436 4.36033 4.53383 4.62170 4.50195 4.01100 3.74500 3.67421 3.47464 2.61682 3.07938 3.43524 3.81720 3.49799 3.42011 2.96935 3.07071 2.91868 3.14192 3.27089 2.65105 2.83206 2.96483 2.54979 2.59743 2.30742 2.66122 3.91254 4.42086 4.47051 4.51936 4.53291 4.68108 4.50874 4.48061 4.75568 4.96938 4.78565 4.90763 5.05807 5.39220 5.37315 5.43227 5.42083 5.41205 5.34567 5.32306 5.37647 5.38712
4.67085 4.64071 4.57879 4.48988 4.37823 4.45900 4.44277 4.53898 4.52288 4.53451 4.55210 4.57148 4.63796 4.62999 4.64184 4.53626 4.39329 4.33338 4.49766 4.54360 4.55790 4.52369 4.28299 3.86479 3.97122 3.56697 2.48079 3.23186 3.22467 3.34919 3.58520 3.57859 3.73096 3.50362 3.73253 3.60369 3.85899 3.96240 3.81047 3.68755 3.35695 2.62395 2.26245 1.17905 3.41433 4.38092 4.57728 4.64371 4.57299 4.63327 4.49746 4.42694 4.60809 4.91836 4.82927 4.65881 5.04634 5.39509 5.34539 5.40495 5.41142 5.42152 5.38542 5.33180 5.36413 5.36998
4.63368 4.61526 4.54827 4.46671 4.40414 4.50774 4.50010 4.51079 4.52293 4.60916 4.57278 4.56037 4.59111 4.65235 4.66445 4.62605 4.49247 4.43808 4.55234 4.55889 4.49151 4.51792 4.45520 4.10490 4.20595 3.60023 2.13845 2.82056 3.26934 3.36663 3.47249 3.82836 4.24070 3.94218 3.72723 3.98577 3.63713 3.87736 4.34782 4.37489 3.17799 2.66740 2.22580 1.77002 3.87978 4.36501 4.57503 4.58602 4.61135 4.65990 4.67917 4.51284 4.41539 4.59679 4.70717 4.76744 4.94503 5.35305 5.33435 5.31452 5.40523 5.39726 5.35146 5.30630 5.29660 5.30747
