mrvbf_slope0.8_pctl1.2.asc
NCOLS 410
NROWS 410
XLLCORNER 2398750.0000000000000000
YLLCORNER 2548750.0000000000000000
CELLSIZE 250.0000000000000000
NODATA_VALUE -99999.00000
[rows 0 to 28 of 410, columns 0 to 65 of 410]
-99999.00000 -99999.00000 -99999.00000 -99999.00000 -99999.00000 -99999.00000 -99999.00000 -99999.00000 -99999.00000 -99999.00000 -99999.00000 -99999.00000 -99999.00000 -99999.00000 -99999.00000 -99999.00000 -99999.00000 -99999.00000 -99999.00000 -99999.00000 -99999.00000 -99999.00000 -99999.00000 -99999.00000 -99999.00000 -99999.00000 -99999.00000 -99999.00000 -99999.00000 -99999.00000 -99999.00000 -99999.00000 -99999.00000 -99999.00000 -99999.00000 -99999.00000 -99999.00000 -99999.00000 -99999.00000 -99999.00000 -99999.00000 -99999.00000 -99999.00000 -99999.00000 -99999.00000 -99999.00000 -99999.00000 -99999.00000 -99999.00000 -99999.00000 -99999.00000 -99999.00000 -99999.00000 -99999.00000 -99999.00000 -99999.00000 -99999.00000 -99999.00000 -99999.00000 -99999.00000 -99999.00000 -99999.00000 -99999.00000 -99999.00000 -99999.00000 -99999.00000
-99999.00000 -99999.00000 -99999.00000 -99999.00000 -99999.00000 -99999.00000 -99999.00000 -99999.00000 -99999.00000 -99999.00000 -99999.00000 -99999.00000 -99999.00000 -99999.00000 -99999.00000 -99999.00000 -99999.00000 -99999.00000 -99999.00000 -99999.00000 -99999.00000 -99999.00000 -99999.00000 -99999.00000 -99999.00000 -99999.00000 -99999.00000 -99999.00000 -99999.00000 -99999.00000 -99999.00000 -99999.00000 -99999.00000 -99999.00000 -99999.00000 -99999.00000 -99999.00000 -99999.00000 -99999.00000 -99999.00000 -99999.00000 -99999.00000 -99999.00000 -99999.00000 -99999.00000 -99999.00000 -99999.00000 -99999.00000 -99999.00000 -99999.00000 -99999.00000 -99999.00000 -99999.00000 -99999.00000 -99999.00000 -99999.00000 -99999.00000 -99999.00000 -99999.00000 -99999.00000 -99999.00000 -99999.00000 -99999.00000 -99999.00000 -99999.00000 -99999.00000
-99999.00000 -99999.00000 -99999.00000 -99999.00000 -99999.00000 -99999.00000 -99999.00000 -99999.00000 -99999.00000 -99999.00000 -99999.00000 -99999.00000 -99999.00000 -99999.00000 -99999.00000 -99999.00000 -99999.00000 -99999.00000 -99999.00000 -99999.00000 -99999.00000 -99999.00000 -99999.00000 -99999.00000 -99999.00000 -99999.00000 -99999.00000 -99999.00000 -99999.00000 -99999.00000 -99999.00000 -99999.00000 -99999.00000 -99999.00000 -99999.00000 -99999.00000 -99999.00000 -99999.00000 -99999.00000 -99999.00000 -99999.00000 -99999.00000 -99999.00000 -99999.00000 -99999.00000 -99999.00000 -99999.00000 -99999.00000 -99999.00000 -99999.00000 -99999.00000 -99999.00000 -99999.00000 -99999.00000 -99999.00000 -99999.00000 -99999.00000 -99999.00000 -99999.00000 -99999.00000 -99999.00000 -99999.00000 -99999.00000 -99999.00000 -99999.00000 -99999.00000
-99999.00000 -99999.00000 -99999.00000 -99999.00000 -99999.00000 -99999.00000 -99999.00000 -99999.00000 -99999.00000 -99999.00000 -99999.00000 -99999.00000 -99999.00000 -99999.00000 -99999.00000 -99999.00000 -99999.00000 -99999.00000 -99999.00000 -99999.00000 -99999.00000 -99999.00000 -99999.00000 -99999.00000 -99999.00000 -99999.00000 -99999.00000 -99999.00000 -99999.00000 -99999.00000 -99999.00000 -99999.00000 -99999.00000 -99999.00000 -99999.00000 -99999.00000 -99999.00000 -99999.00000 -99999.00000 -99999.00000 -99999.00000 -99999.00000 -99999.00000 -99999.00000 -99999.00000 -99999.00000 -99999.00000 -99999.00000 -99999.00000 -99999.00000 -99999.00000 -99999.00000 -99999.00000 -99999.00000 -99999.00000 -99999.00000 -99999.00000 -99999.00000 -99999.00000 -99999.00000 -99999.00000 -99999.00000 -99999.00000 -99999.00000 -99999.00000 -99999.00000
-99999.00000 -99999.00000 -99999.00000 -99999.00000 -99999.00000 -99999.00000 -99999.00000 -99999.00000 -99999.00000 -99999.00000 -99999.00000 -99999.00000 -99999.00000 -99999.00000 -99999.00000 -99999.00000 -99999.00000 -99999.00000 -99999.00000 -99999.00000 -99999.00000 -99999.00000 -99999.00000 -99999.00000 -99999.00000 -99999.00000 -99999.00000 -99999.00000 -99999.00000 -99999.00000 -99999.00000 -99999.00000 -99999.00000 -99999.00000 -99999.00000 -99999.00000 -99999.00000 -99999.00000 -99999.00000 -99999.00000 -99999.00000 -99999.00000 -99999.00000 -99999.00000 -99999.00000 -99999.00000 -99999.00000 -99999.00000 -99999.00000 -99999.00000 -99999.00000 -99999.00000 -99999.00000 -99999.00000 -99999.00000 -99999.00000 -99999.00000 -99999.00000 -99999.00000 -99999.00000 -99999.00000 -99999.00000 -99999.00000 -99999.00000 -99999.00000 -99999.00000
-99999.00000 -99999.00000 -99999.00000 -99999.00000 -99999.00000 7.66102 7.66525 7.67922 7.67536 7.62612 7.57385 7.65384 7.66505 7.61019 7.64654 7.67086 7.66950 7.67842 7.68968 7.66659 7.61489 7.55815 7.51304 7.46037 7.42717 7.50261 7.59932 7.59050 7.38010 7.09196 7.16807 7.43613 7.53715 7.52998 7.52150 7.57413 7.61007 7.62209 7.62329 7.61815 7.60082 7.61267 7.65157 7.68908 7.71178 7.73108 7.74324 7.74571 7.74445 7.74322 7.74368 7.74472 7.73977 7.72363 7.70722 7.70377 7.70644 7.70501 7.70461 7.69988 7.68096 7.66382 7.65623 7.66367 7.66367 7.61963
-99999.00000 -99999.00000 -99999.00000 -99999.00000 -99999.00000 7.66048 7.66355 7.67579 7.65875 7.61246 7.62771 7.64778 7.64760 7.64082 7.62933 7.66504 7.67161 7.67666 7.67847 7.65520 7.60824 7.56566 7.54248 7.50854 7.48474 7.52249 7.57202 7.58404 7.47092 7.23341 7.23302 7.45595 7.55395 7.55776 7.57452 7.60833 7.63875 7.63823 7.62103 7.63848 7.59326 7.60720 7.65951 7.70023 7.72203 7.73712 7.74306 7.74095 7.73269 7.72504 7.72790 7.73735 7.73943 7.72230 7.70181 7.69675 7.69958 7.69554 7.69236 7.69545 7.68706 7.66438 7.64455 7.64985 7.66884 7.63720
-99999.00000 -99999.00000 -99999.00000 -99999.00000 -99999.00000 7.64979 7.65766 7.67488 7.66332 7.64339 7.60744 7.64868 7.66718 7.63052 7.63399 7.65855 7.66847 7.67216 7.67063 7.65066 7.61141 7.59219 7.59332 7.57187 7.53880 7.51747 7.50650 7.52666 7.54838 7.39121 7.32099 7.48207 7.58220 7.61190 7.65273 7.66088 7.68070 7.66657 7.62774 7.62708 7.57594 7.61189 7.67443 7.71324 7.73177 7.73983 7.73921 7.72633 7.69915 7.67888 7.68668 7.71350 7.73327 7.72324 7.69800 7.68615 7.68752 7.68506 7.67746 7.67694 7.68502 7.67289 7.64566 7.64443 7.66341 7.66053
-99999.00000 -99999.00000 -99999.00000 -99999.00000 -99999.00000 7.63012 7.64021 7.66885 7.67995 7.66146 7.62836 7.63263 7.63279 7.60067 7.61843 7.64525 7.65999 7.67107 7.67587 7.66540 7.63725 7.61758 7.61650 7.60041 7.56495 7.52152 7.48478 7.46958 7.54185 7.45465 7.33389 7.47660 7.60447 7.65108 7.67791 7.65943 7.65075 7.63628 7.61447 7.57177 7.56605 7.62485 7.68295 7.71293 7.73158 7.73825 7.72936 7.69940 7.66784 7.66374 7.66493 7.68562 7.71945 7.72654 7.69843 7.67519 7.67238 7.67737 7.67513 7.66150 7.65899 7.65723 7.62986 7.63022 7.65855 7.66236
-99999.00000 -99999.00000 -99999.00000 -99999.00000 -99999.00000 7.62370 7.62274 7.64687 7.67514 7.66325 7.62508 7.61733 7.55615 7.55750 7.60366 7.63773 7.66196 7.68072 7.69094 7.68808 7.67085 7.64973 7.63983 7.62639 7.59970 7.57760 7.55864 7.47579 7.47701 7.52218 7.41666 7.48069 7.60714 7.66313 7.66939 7.64548 7.65100 7.66016 7.59958 7.54957 7.57099 7.63018 7.67831 7.70069 7.72240 7.73254 7.71779 7.68738 7.67473 7.68753 7.67443 7.68067 7.71619 7.73054 7.70317 7.67135 7.66023 7.66902 7.68187 7.66621 7.63789 7.60839 7.57769 7.59871 7.63048 7.63722
-99999.00000 -99999.00000 -99999.00000 -99999.00000 -99999.00000 7.63999 7.62201 7.62207 7.65298 7.65156 7.65112 7.58429 7.57172 7.60499 7.63222 7.65781 7.68118 7.69818 7.70904 7.70991 7.69696 7.67992 7.67442 7.67225 7.66241 7.65881 7.63948 7.55337 7.49006 7.51646 7.49511 7.50824 7.59658 7.65122 7.65479 7.64694 7.66577 7.65387 7.56601 7.53075 7.57628 7.63449 7.67061 7.68613 7.70628 7.72287 7.71205 7.69365 7.69171 7.69095 7.68106 7.69163 7.72276 7.73400 7.70793 7.67427 7.65702 7.66074 7.67316 7.67207 7.64172 7.59948 7.58840 7.62402 7.64603 7.64483
-99999.00000 -99999.00000 -99999.00000 -99999.00000 -99999.00000 7.63702 7.63004 7.59659 7.61125 7.61955 7.63992 7.61114 7.60713 7.63127 7.66462 7.68575 7.70276 7.71366 7.71939 7.72048 7.70842 7.69330 7.69310 7.70483 7.71297 7.71649 7.70086 7.63833 7.56330 7.54348 7.55548 7.56307 7.60787 7.65710 7.66077 7.66342 7.67729 7.61978 7.52894 7.53897 7.60572 7.65237 7.67447 7.68362 7.69527 7.71124 7.70893 7.70444 7.70977 7.70447 7.69804 7.70344 7.72159 7.73002 7.70838 7.67924 7.66185 7.65833 7.66013 7.65676 7.63772 7.60689 7.59913 7.63031 7.66320 7.67299
-99999.00000 -99999.00000 -99999.00000 -99999.00000 -99999.00000 7.58736 7.61384 7.57122 7.54984 7.62525 7.61573 7.61676 7.62639 7.63480 7.65468 7.68052 7.70133 7.71379 7.71899 7.71392 7.69417 7.67910 7.68472 7.70077 7.71364 7.73109 7.73548 7.71163 7.66341 7.63570 7.64314 7.63178 7.60780 7.62538 7.63906 7.65122 7.67221 7.58919 7.51733 7.57120 7.64591 7.67941 7.68870 7.69297 7.69977 7.70944 7.70650 7.70409 7.71018 7.70864 7.70349 7.69980 7.70609 7.71481 7.70569 7.68518 7.66921 7.66095 7.65641 7.64734 7.62720 7.59368 7.56474 7.57948 7.62635 7.66732
-99999.00000 -99999.00000 -99999.00000 -99999.00000 -99999.00000 7.51757 7.55430 7.58791 7.57784 7.58677 7.61299 7.63550 7.62063 7.65227 7.66254 7.67927 7.69366 7.70366 7.70615 7.69492 7.67580 7.66844 7.68313 7.69959 7.70271 7.72245 7.74446 7.74763 7.73207 7.71206 7.69654 7.67450 7.63348 7.61465 7.60824 7.60979 7.64265 7.56415 7.52488 7.60040 7.65724 7.68051 7.68834 7.69695 7.70770 7.71263 7.69955 7.69166 7.69293 7.69119 7.69088 7.69328 7.69655 7.70240 7.70315 7.68630 7.67080 7.66349 7.66123 7.65579 7.64274 7.62447 7.60022 7.58518 7.60127 7.63321
-99999.00000 -99999.00000 -99999.00000 -99999.00000 -99999.00000 7.42178 7.52704 7.61234 7.63659 7.62478 7.64084 7.64383 7.66408 7.67668 7.67434 7.68793 7.69607 7.69428 7.68778 7.67442 7.66387 7.66912 7.69168 7.71084 7.70272 7.70302 7.72969 7.75189 7.74737 7.72620 7.70710 7.70010 7.67963 7.64701 7.61773 7.58945 7.59600 7.57062 7.52325 7.56235 7.59977 7.63317 7.65890 7.68255 7.70326 7.70242 7.68668 7.68313 7.68644 7.68073 7.67316 7.67210 7.67253 7.67539 7.67807 7.67084 7.66270 7.66206 7.66792 7.67387 7.67377 7.66325 7.64389 7.62952 7.62287 7.62329
-99999.00000 -99999.00000 -99999.00000 -99999.00000 -99999.00000 7.48470 7.50533 7.53127 7.58494 7.64228 7.64894 7.66899 7.69547 7.68834 7.66554 7.67573 7.69178 7.67593 7.66574 7.65972 7.66226 7.67826 7.70298 7.72216 7.71330 7.69708 7.70690 7.72768 7.72130 7.70797 7.70866 7.71566 7.70709 7.68003 7.64658 7.60407 7.57247 7.58991 7.55834 7.53922 7.54510 7.57396 7.61202 7.65519 7.68511 7.68028 7.67853 7.68964 7.69158 7.66465 7.63613 7.63362 7.64577 7.66202 7.67130 7.66452 7.65505 7.65658 7.66688 7.67674 7.67415 7.65999 7.65037 7.65865 7.66305 7.65486
-99999.00000 -99999.00000 -99999.00000 -99999.00000 -99999.00000 7.53068 7.53466 7.53065 7.57420 7.63199 7.66112 7.68571 7.70371 7.70357 7.67075 7.65581 7.66630 7.65462 7.65467 7.65829 7.67076 7.69318 7.71339 7.72501 7.72428 7.71048 7.69985 7.70285 7.69841 7.70277 7.71724 7.72469 7.71566 7.70324 7.67957 7.64568 7.59803 7.57027 7.60793 7.60549 7.57232 7.55481 7.56777 7.60805 7.63878 7.65389 7.67694 7.69839 7.67620 7.62554 7.60227 7.62565 7.66175 7.68603 7.69371 7.67953 7.65527 7.64932 7.65986 7.67004 7.66738 7.65964 7.66471 7.67391 7.68302 7.68933
-99999.00000 -99999.00000 -99999.00000 -99999.00000 -99999.00000 7.53722 7.54027 7.53184 7.57916 7.58956 7.60785 7.65307 7.67695 7.69079 7.67660 7.65608 7.64223 7.64367 7.65526 7.66436 7.68349 7.70705 7.71973 7.72547 7.72960 7.72983 7.71783 7.70918 7.71081 7.71919 7.72258 7.72116 7.71869 7.70998 7.70124 7.68260 7.64585 7.59598 7.60389 7.64386 7.64644 7.59622 7.55037 7.55295 7.58740 7.63194 7.67543 7.68653 7.63979 7.59515 7.60862 7.66016 7.69841 7.71516 7.71505 7.69474 7.65760 7.64054 7.65406 7.67112 7.67218 7.66131 7.65689 7.66882 7.68498 7.68849
-99999.00000 -99999.00000 -99999.00000 -99999.00000 -99999.00000 7.49942 7.50824 7.52984 7.57996 7.56472 7.54757 7.55163 7.59915 7.65565 7.64374 7.64245 7.64711 7.63919 7.64169 7.65868 7.68853 7.71367 7.72523 7.73005 7.73220 7.73417 7.73326 7.73023 7.73002 7.72933 7.72182 7.72084 7.72614 7.71699 7.70382 7.68938 7.65234 7.62156 7.61873 7.63720 7.64660 7.63536 7.58336 7.51386 7.54605 7.61384 7.66529 7.66515 7.61206 7.59079 7.63663 7.69087 7.71767 7.72633 7.71478 7.68515 7.64151 7.62590 7.64740 7.67520 7.68567 7.67746 7.66208 7.65471 7.66368 7.65704
-99999.00000 -99999.00000 -99999.00000 -99999.00000 -99999.00000 7.44800 7.45008 7.46145 7.53169 7.54605 7.51460 7.41422 7.53328 7.62593 7.62132 7.61061 7.64108 7.63819 7.61769 7.63863 7.68433 7.71004 7.72195 7.72665 7.72961 7.72900 7.72743 7.72573 7.72353 7.72135 7.72086 7.72815 7.73425 7.72605 7.70814 7.68960 7.65701 7.64027 7.63784 7.63708 7.63753 7.63853 7.62321 7.54882 7.52143 7.57724 7.63226 7.64147 7.60039 7.60224 7.65869 7.70500 7.72272 7.71865 7.69606 7.65241 7.60701 7.60239 7.62717 7.65537 7.68315 7.69798 7.68629 7.64899 7.62716 7.63150
-99999.00000 -99999.00000 -99999.00000 -99999.00000 -99999.00000 7.48603 7.48350 7.42993 7.37243 7.48404 7.50219 7.36164 7.37718 7.52843 7.58694 7.63515 7.67259 7.65639 7.60774 7.61674 7.66792 7.68701 7.69108 7.69333 7.70569 7.71396 7.72041 7.72499 7.72579 7.72614 7.72982 7.73523 7.73257 7.72076 7.70500 7.68665 7.66244 7.65032 7.65019 7.64927 7.64310 7.63668 7.64362 7.61958 7.54744 7.55703 7.61370 7.62474 7.60676 7.62841 7.67951 7.71052 7.71313 7.69598 7.66181 7.60933 7.57277 7.57785 7.59882 7.61578 7.64787 7.68693 7.68802 7.64124 7.61251 7.64073
-99999.00000 -99999.00000 -99999.00000 -99999.00000 -99999.00000 7.56032 7.56663 7.55122 7.39414 7.31997 7.44645 7.51953 7.43768 7.53421 7.61176 7.65204 7.67845 7.65703 7.59931 7.59295 7.63068 7.63560 7.63537 7.64496 7.66682 7.69349 7.72075 7.73404 7.73849 7.73915 7.73626 7.72998 7.71437 7.68963 7.66730 7.65507 7.64547 7.64506 7.65035 7.64988 7.63844 7.62621 7.63816 7.65188 7.59403 7.57013 7.61515 7.61960 7.62633 7.66163 7.69056 7.69330 7.68062 7.65283 7.61397 7.57306 7.55290 7.56481 7.58800 7.59185 7.60569 7.64871 7.66591 7.63674 7.62733 7.65668
-99999.00000 -99999.00000 -99999.00000 -99999.00000 -99999.00000 7.59384 7.60802 7.61981 7.53394 7.35841 7.44145 7.52963 7.59022 7.60165 7.58988 7.62667 7.65016 7.62143 7.56802 7.57032 7.60057 7.60999 7.61904 7.62038 7.62968 7.67169 7.71640 7.73450 7.74007 7.73922 7.72987 7.71059 7.67731 7.64051 7.61596 7.60471 7.60148 7.61479 7.62839 7.63044 7.61982 7.60355 7.60449 7.62517 7.61115 7.57229 7.58938 7.61015 7.64460 7.66922 7.65410 7.63117 7.61615 7.59931 7.58082 7.56358 7.55381 7.57276 7.60881 7.60696 7.59802 7.62528 7.65100 7.65162 7.65946 7.67284
-99999.00000 -99999.00000 -99999.00000 -99999.00000 -99999.00000 7.58128 7.59185 7.60927 7.57928 7.46341 7.47928 7.55558 7.63434 7.63798 7.61501 7.62110 7.63174 7.57746 7.55148 7.58143 7.61457 7.64471 7.66128 7.62363 7.61165 7.66175 7.71102 7.72825 7.73215 7.73066 7.71678 7.68320 7.63742 7.60297 7.58526 7.56660 7.55320 7.56700 7.59147 7.60471 7.60056 7.58180 7.56411 7.56818 7.58931 7.60675 7.60179 7.61894 7.63589 7.61626 7.57647 7.55381 7.55855 7.57514 7.58237 7.57912 7.57616 7.59739 7.63795 7.63513 7.61935 7.63744 7.66741 7.68447 7.68571 7.68102
-99999.00000 -99999.00000 -99999.00000 -99999.00000 -99999.00000 7.55630 7.57802 7.61276 7.61871 7.56955 7.52116 7.61015 7.64202 7.62660 7.63463 7.64755 7.60213 7.52605 7.56552 7.62368 7.65596 7.67026 7.65697 7.62250 7.62601 7.66845 7.69977 7.71003 7.71875 7.72153 7.70775 7.66317 7.61045 7.58571 7.58507 7.57443 7.54691 7.54352 7.57110 7.59797 7.60281 7.58296 7.54822 7.51531 7.51766 7.56246 7.62920 7.62835 7.58244 7.52435 7.48608 7.49099 7.52640 7.57114 7.59972 7.60648 7.60028 7.61442 7.64896 7.64280 7.62390 7.64039 7.67525 7.69138 7.69060 7.68272
-99999.00000 -99999.00000 -99999.00000 -99999.00000 -99999.00000 7.56038 7.59293 7.63428 7.64720 7.62996 7.58739 7.64507 7.63127 7.61654 7.65447 7.64994 7.56309 7.54943 7.61798 7.66473 7.69122 7.68631 7.65955 7.64171 7.65814 7.66855 7.65424 7.65809 7.68485 7.70428 7.70066 7.65828 7.60208 7.57528 7.59262 7.62369 7.59923 7.57339 7.58514 7.61694 7.63194 7.61235 7.56996 7.50851 7.45655 7.48713 7.57791 7.61328 7.50846 7.41033 7.41634 7.47161 7.51485 7.56760 7.61399 7.63087 7.61460 7.61570 7.63803 7.62428 7.60370 7.63162 7.67798 7.69742 7.70220 7.69860
-99999.00000 -99999.00000 -99999.00000 -99999.00000 -99999.00000 7.58670 7.60957 7.64464 7.66268 7.65033 7.60558 7.64175 7.61248 7.60196 7.65113 7.63235 7.58104 7.57843 7.63547 7.68043 7.69260 7.68420 7.66669 7.66742 7.68298 7.64055 7.59257 7.58085 7.60807 7.65691 7.67888 7.66208 7.62383 7.58238 7.57091 7.61010 7.64530 7.62004 7.60606 7.63059 7.65437 7.63675 7.59778 7.54736 7.47832 7.43131 7.51832 7.59803 7.44624 7.32126 7.44052 7.52542 7.54745 7.58337 7.63001 7.65024 7.62251 7.60923 7.61852 7.59244 7.56736 7.61397 7.67656 7.70225 7.71280 7.71764
-99999.00000 -99999.00000 -99999.00000 -99999.00000 -99999.00000 7.60251 7.61466 7.63971 7.65945 7.64660 7.60434 7.60230 7.60534 7.63714 7.67381 7.63616 7.59845 7.59384 7.62827 7.66622 7.67927 7.66668 7.65673 7.66966 7.66586 7.60463 7.58344 7.56632 7.54574 7.58057 7.62177 7.64674 7.66326 7.63118 7.58072 7.57221 7.62566 7.63097 7.60015 7.62052 7.65872 7.63938 7.59237 7.56854 7.55462 7.45078 7.49555 7.60524 7.44040 7.29619 7.47071 7.55503 7.57845 7.61143 7.65209 7.66810 7.62666 7.59921 7.60844 7.58762 7.52528 7.57660 7.66337 7.69897 7.71292 7.72157
-99999.00000 -99999.00000 -99999.00000 -99999.00000 -99999.00000 7.60353 7.60984 7.62791 7.64633 7.64225 7.61753 7.60945 7.63890 7.68379 7.69481 7.65433 7.61265 7.59676 7.60861 7.62236 7.63458 7.62548 7.62642 7.65629 7.63789 7.59855 7.61109 7.62877 7.59478 7.57513 7.58941 7.61130 7.64950 7.67615 7.64097 7.58085 7.59116 7.60566 7.58334 7.63160 7.68219 7.67021 7.61518 7.56893 7.55777 7.49594 7.51466 7.61607 7.50051 7.35387 7.38995 7.48798 7.55783 7.61683 7.65717 7.66771 7.62563 7.58392 7.58832 7.61103 7.53401 7.54616 7.63814 7.68840 7.70794 7.71687
