mrvbf_slope0.9_pctl0.7.asc
NCOLS 410
NROWS 410
XLLCORNER 2398750.0000000000000000
YLLCORNER 2548750.0000000000000000
CELLSIZE 250.0000000000000000
NODATA_VALUE -99999.00000
[rows 87 to 115 of 410, columns 66 to 131 of 410]
7.71680 7.70921 7.70271 7.70674 7.71662 7.71357 7.70531 7.68251 7.67612 7.65852 7.65239 7.66901 7.68264 7.67882 7.68259 7.70326 7.72022 7.72166 7.71248 7.69469 7.67784 7.67686 7.68737 7.69704 7.70337 7.70384 7.70139 7.70159 7.69845 7.68859 7.67323 7.65669 7.64754 7.64762 7.65501 7.66168 7.66051 7.65324 7.66128 7.66703 7.66949 7.67155 7.67380 7.67693 7.68059 7.68794 7.69221 7.68254 7.67641 7.67410 7.67351 7.67801 7.68816 7.69579 7.70002 7.70172 7.70131 7.70162 7.70677 7.71172 7.70786 7.69074 7.67408 7.67970 7.68677 7.67276
7.70094 7.70131 7.69768 7.70150 7.71001 7.70721 7.70270 7.69703 7.68964 7.68499 7.68401 7.67178 7.67678 7.67940 7.69326 7.71169 7.71809 7.71000 7.69379 7.67900 7.67726 7.68873 7.70019 7.70527 7.70773 7.70569 7.70204 7.69677 7.68746 7.67184 7.65526 7.64715 7.64740 7.65262 7.66176 7.66417 7.64793 7.63786 7.64744 7.65398 7.65664 7.65812 7.66316 7.67280 7.68201 7.69019 7.69553 7.69037 7.68349 7.68026 7.68116 7.68805 7.69721 7.69633 7.69667 7.70291 7.70572 7.70830 7.71457 7.71574 7.71181 7.70376 7.70109 7.70300 7.70162 7.68836
7.69273 7.69062 7.68769 7.68894 7.68844 7.68207 7.69120 7.70696 7.70560 7.69476 7.69313 7.68036 7.68540 7.69411 7.70938 7.71496 7.70559 7.68995 7.67795 7.67761 7.68664 7.69807 7.70520 7.70761 7.70724 7.70562 7.70353 7.69529 7.68063 7.66409 7.65294 7.65264 7.65665 7.66520 7.67142 7.66253 7.63544 7.64017 7.65221 7.65660 7.65855 7.66017 7.66443 7.67271 7.68164 7.68873 7.69272 7.69204 7.68950 7.68832 7.69061 7.69700 7.69949 7.69240 7.69558 7.70733 7.71210 7.71436 7.71675 7.71443 7.70655 7.69995 7.69982 7.70365 7.69912 7.68326
7.70323 7.69478 7.68857 7.68386 7.67236 7.67019 7.68312 7.69802 7.69836 7.69085 7.68999 7.68610 7.69372 7.70614 7.71017 7.69889 7.68335 7.67489 7.67689 7.68613 7.69618 7.70280 7.70578 7.70652 7.70559 7.70493 7.70247 7.69263 7.67591 7.66099 7.65615 7.66133 7.66878 7.67644 7.67400 7.65259 7.63827 7.65510 7.66842 7.67093 7.67300 7.67619 7.67801 7.68131 7.68626 7.69008 7.69256 7.69395 7.69485 7.69624 7.69932 7.70324 7.69921 7.68851 7.69366 7.70770 7.71320 7.71508 7.71551 7.71152 7.70129 7.69568 7.69338 7.69159 7.67916 7.66094
7.70145 7.70076 7.69582 7.68627 7.67912 7.68615 7.68473 7.68432 7.68482 7.68857 7.69617 7.69828 7.69392 7.69762 7.68884 7.67247 7.66915 7.67635 7.68639 7.69563 7.70186 7.70435 7.70528 7.70516 7.70468 7.70372 7.70013 7.69107 7.67373 7.65810 7.65447 7.65996 7.67094 7.67895 7.67187 7.65266 7.64549 7.65851 7.67357 7.68240 7.68774 7.69122 7.69152 7.69331 7.69582 7.69724 7.69860 7.70044 7.70218 7.70412 7.70529 7.70299 7.69473 7.68582 7.69350 7.70746 7.71223 7.71271 7.71178 7.70931 7.70289 7.69290 7.68998 7.68014 7.66227 7.65694
7.69046 7.69812 7.69652 7.68217 7.68147 7.68837 7.68043 7.67540 7.67665 7.68666 7.70006 7.69642 7.68475 7.67811 7.66651 7.66452 7.67581 7.68713 7.69564 7.69963 7.70187 7.70371 7.70428 7.70343 7.70214 7.69921 7.69425 7.68652 7.67183 7.65569 7.64983 7.65654 7.67085 7.67689 7.66833 7.65364 7.64933 7.65928 7.67505 7.68855 7.69511 7.69525 7.69688 7.70111 7.70383 7.70448 7.70554 7.70664 7.70753 7.70836 7.70535 7.69702 7.68795 7.68822 7.70006 7.70822 7.70904 7.70755 7.70600 7.70453 7.70045 7.68867 7.67561 7.66465 7.66296 7.67324
7.68666 7.68580 7.67993 7.67232 7.67628 7.67816 7.66845 7.66530 7.66982 7.68445 7.70136 7.68991 7.67252 7.66324 7.66470 7.67778 7.68840 7.69298 7.69671 7.69845 7.69892 7.69980 7.69997 7.69882 7.69572 7.68907 7.68030 7.67183 7.66123 7.65070 7.64796 7.65725 7.67013 7.67183 7.66310 7.65305 7.65172 7.66167 7.67782 7.69197 7.69637 7.69777 7.70218 7.70616 7.70780 7.70779 7.70771 7.70817 7.70805 7.70729 7.70197 7.69325 7.68985 7.69755 7.70525 7.70546 7.70138 7.69704 7.69468 7.69407 7.68963 7.67075 7.65402 7.65696 7.67409 7.69024
7.69297 7.67739 7.66250 7.66713 7.68436 7.67334 7.66090 7.65632 7.66354 7.68264 7.69840 7.67952 7.66223 7.66567 7.67731 7.68564 7.68936 7.69194 7.69480 7.69383 7.69042 7.68924 7.68986 7.68901 7.68330 7.67215 7.66250 7.65554 7.64987 7.64856 7.65060 7.65723 7.66681 7.66813 7.66111 7.65342 7.65413 7.66545 7.68149 7.69364 7.69665 7.70077 7.70577 7.70784 7.70842 7.70846 7.70841 7.70849 7.70778 7.70548 7.69939 7.69224 7.69410 7.70185 7.70238 7.69492 7.68283 7.67191 7.66766 7.66909 7.66802 7.65440 7.65256 7.67159 7.68382 7.69193
7.69802 7.67818 7.66137 7.66519 7.68008 7.67634 7.65700 7.64836 7.65789 7.68108 7.69566 7.67460 7.66019 7.66871 7.67911 7.68267 7.68491 7.68814 7.68801 7.68283 7.67749 7.67364 7.67216 7.66968 7.66271 7.65435 7.65114 7.64860 7.64683 7.64932 7.65224 7.65847 7.66914 7.67140 7.66349 7.65532 7.65794 7.67080 7.68476 7.69292 7.69538 7.70102 7.70601 7.70700 7.70672 7.70638 7.70612 7.70577 7.70446 7.70143 7.69556 7.68841 7.68890 7.69477 7.69017 7.67104 7.64884 7.63728 7.63616 7.64240 7.65385 7.66328 7.66824 7.67468 7.68421 7.69430
7.69923 7.68465 7.66590 7.66553 7.67758 7.67468 7.65188 7.64067 7.65432 7.68141 7.69161 7.67328 7.65914 7.66362 7.67349 7.67813 7.67956 7.67924 7.67344 7.66769 7.66407 7.65962 7.65538 7.65088 7.64727 7.64756 7.64876 7.64693 7.64486 7.64458 7.64676 7.65653 7.67206 7.67570 7.66605 7.65600 7.65876 7.66966 7.68002 7.68890 7.69332 7.69857 7.70390 7.70448 7.70355 7.70257 7.70104 7.69863 7.69462 7.69061 7.68723 7.68102 7.67757 7.67934 7.66946 7.64340 7.62492 7.62502 7.62870 7.63434 7.64911 7.67420 7.68373 7.68572 7.69085 7.69182
7.69810 7.68675 7.66992 7.66864 7.67881 7.67101 7.64729 7.63696 7.65794 7.68747 7.69442 7.67552 7.65694 7.65677 7.66860 7.67398 7.67118 7.66229 7.65436 7.65335 7.65461 7.65256 7.64909 7.64627 7.64686 7.65018 7.65117 7.64911 7.64574 7.64221 7.64275 7.65191 7.66984 7.68227 7.67382 7.65864 7.65205 7.65675 7.66757 7.68073 7.69071 7.69406 7.69827 7.69858 7.69633 7.69241 7.68710 7.68213 7.67931 7.67926 7.67856 7.67364 7.66833 7.66619 7.65675 7.63468 7.63111 7.64398 7.64915 7.64440 7.64253 7.66578 7.69239 7.70202 7.70038 7.68707
7.69476 7.68116 7.66832 7.67389 7.68154 7.66884 7.64684 7.64013 7.66248 7.68906 7.69264 7.67163 7.65124 7.64963 7.65764 7.65963 7.65293 7.63992 7.63748 7.64522 7.65099 7.65263 7.65183 7.65272 7.65491 7.65880 7.66200 7.65871 7.65284 7.65266 7.65847 7.66177 7.66776 7.68456 7.68626 7.67319 7.65891 7.65241 7.65791 7.67083 7.68401 7.68679 7.68658 7.68494 7.67831 7.66711 7.66068 7.66390 7.67074 7.67578 7.67525 7.66961 7.66305 7.66051 7.65774 7.64624 7.64502 7.66052 7.67431 7.66495 7.64528 7.65166 7.68298 7.70168 7.70067 7.68402
7.68967 7.67482 7.66875 7.67928 7.68149 7.66744 7.64974 7.64469 7.66314 7.68459 7.68433 7.66315 7.64295 7.63668 7.63718 7.63325 7.62633 7.61950 7.62925 7.64410 7.64889 7.65488 7.66074 7.66553 7.66881 7.67263 7.67540 7.66705 7.65998 7.66356 7.67054 7.66677 7.67444 7.69083 7.69357 7.68692 7.67562 7.66155 7.65466 7.66173 7.67421 7.68062 7.67895 7.67439 7.66538 7.65739 7.66011 7.66923 7.67893 7.68414 7.68168 7.67437 7.66644 7.66435 7.66894 7.66467 7.65815 7.66631 7.68142 7.67968 7.66030 7.64905 7.66640 7.69216 7.70046 7.68544
7.68303 7.67218 7.67008 7.67780 7.67868 7.66811 7.65304 7.64538 7.65680 7.67168 7.66835 7.64584 7.62635 7.62419 7.61594 7.60739 7.60685 7.61139 7.62514 7.64112 7.64419 7.65763 7.66923 7.67462 7.67953 7.68194 7.68207 7.67392 7.66804 7.66973 7.67187 7.67277 7.68477 7.69348 7.68771 7.68050 7.67626 7.66788 7.65801 7.65818 7.66624 7.67424 7.67730 7.67567 7.67183 7.67213 7.67728 7.67906 7.68566 7.69250 7.68990 7.68378 7.67768 7.67159 7.67657 7.67553 7.66542 7.66923 7.68281 7.68723 7.67626 7.65951 7.65805 7.68038 7.69792 7.68826
7.67382 7.66978 7.66821 7.67186 7.67372 7.66773 7.65271 7.63816 7.63661 7.64006 7.63726 7.62106 7.60890 7.60588 7.60239 7.61243 7.61434 7.61943 7.62264 7.62544 7.63796 7.65497 7.66444 7.67199 7.68061 7.68513 7.68461 7.67901 7.67641 7.67789 7.67789 7.68281 7.69044 7.68565 7.67404 7.66764 7.66919 7.67232 7.66807 7.65976 7.65877 7.66435 7.67100 7.67518 7.67302 7.66434 7.65839 7.65964 7.66676 7.67440 7.67739 7.67856 7.68169 7.67126 7.67268 7.67756 7.66903 7.67257 7.68555 7.68897 7.68150 7.66750 7.66046 7.67588 7.69146 7.67992
7.65772 7.66069 7.66198 7.66388 7.66394 7.65772 7.64453 7.62357 7.60225 7.59460 7.60268 7.60463 7.60585 7.61009 7.61819 7.62387 7.62498 7.62963 7.63314 7.63135 7.63766 7.65063 7.65881 7.67009 7.67630 7.68288 7.68211 7.67786 7.68026 7.68667 7.68791 7.69113 7.68754 7.67501 7.66651 7.66742 7.66999 7.67669 7.67919 7.66607 7.65485 7.65547 7.66251 7.66843 7.66482 7.65421 7.65091 7.65430 7.65655 7.65765 7.66121 7.66277 7.66469 7.66476 7.67258 7.67365 7.66687 7.67534 7.69052 7.69011 7.67891 7.66715 7.66578 7.67782 7.67768 7.66251
7.63293 7.63657 7.63760 7.63846 7.63809 7.63361 7.62504 7.60524 7.57451 7.57323 7.58833 7.60234 7.61257 7.61999 7.62910 7.63342 7.63626 7.63700 7.64339 7.65335 7.65643 7.65485 7.65589 7.66673 7.67900 7.68228 7.67665 7.67142 7.67534 7.68244 7.68841 7.69237 7.68392 7.67216 7.66577 7.66735 7.66864 7.67711 7.68394 7.67631 7.66188 7.65344 7.65742 7.66541 7.66402 7.66137 7.66694 7.67126 7.66872 7.66046 7.65848 7.65937 7.65819 7.66343 7.67135 7.66101 7.66007 7.67495 7.68909 7.68693 7.67520 7.66556 7.66902 7.68064 7.66659 7.66191
7.59770 7.59877 7.59828 7.60212 7.60731 7.61139 7.60574 7.59472 7.59337 7.59715 7.59717 7.60824 7.62177 7.63207 7.63967 7.64350 7.64838 7.64520 7.64526 7.65056 7.65640 7.65761 7.65724 7.67173 7.67857 7.67951 7.67028 7.66633 7.67578 7.67914 7.68042 7.68560 7.68140 7.67781 7.67005 7.66491 7.66850 7.67717 7.67999 7.68047 7.67149 7.65941 7.65402 7.66357 7.67090 7.67441 7.68283 7.68610 7.68365 7.67363 7.66724 7.66728 7.66550 7.66246 7.65521 7.64873 7.65945 7.67578 7.68374 7.67769 7.66706 7.66133 7.67035 7.68328 7.67028 7.65670
7.57887 7.58129 7.58017 7.59231 7.60534 7.61640 7.61855 7.62187 7.63591 7.63662 7.62649 7.62539 7.63109 7.64096 7.65087 7.65474 7.65945 7.65752 7.65409 7.65186 7.65560 7.66075 7.66350 7.67120 7.67160 7.66854 7.66365 7.66370 7.67523 7.68160 7.67646 7.67437 7.67886 7.67503 7.67453 7.67317 7.67149 7.67239 7.67309 7.67467 7.67457 7.67090 7.65853 7.65698 7.67238 7.67834 7.68639 7.68879 7.68686 7.67943 7.67631 7.67664 7.67389 7.66414 7.64502 7.63403 7.64968 7.67196 7.68116 7.67290 7.65930 7.65457 7.66722 7.68510 7.68598 7.67157
7.57800 7.59876 7.60647 7.61572 7.62865 7.63865 7.64596 7.65007 7.65303 7.65481 7.65316 7.64942 7.64652 7.64997 7.65311 7.64969 7.65294 7.66106 7.66704 7.66538 7.66489 7.66675 7.66919 7.66812 7.65537 7.64959 7.65424 7.65442 7.66513 7.67031 7.67196 7.67540 7.68179 7.67880 7.67817 7.67766 7.67596 7.67525 7.67010 7.66517 7.66528 7.66873 7.66875 7.65387 7.66253 7.67449 7.68193 7.68241 7.68095 7.67921 7.68293 7.68474 7.68159 7.67358 7.65485 7.63015 7.63015 7.65227 7.66981 7.66997 7.65584 7.64960 7.66332 7.68426 7.69454 7.68924
7.58124 7.61478 7.62577 7.63062 7.64303 7.64817 7.65288 7.65700 7.65915 7.66139 7.66227 7.65991 7.65564 7.65305 7.64237 7.63528 7.63725 7.64796 7.65929 7.66891 7.66929 7.66569 7.65868 7.65184 7.64593 7.63774 7.63180 7.64781 7.65725 7.65957 7.66356 7.67101 7.67732 7.67253 7.66991 7.66951 7.67227 7.67115 7.66330 7.65894 7.66390 7.66525 7.66215 7.65649 7.65447 7.66263 7.67166 7.67611 7.67939 7.68332 7.68778 7.68836 7.68646 7.68127 7.66710 7.64359 7.63036 7.63701 7.64795 7.65318 7.64732 7.64672 7.66455 7.68594 7.69336 7.68440
7.59765 7.63201 7.63900 7.64437 7.64709 7.64751 7.64742 7.65227 7.65824 7.66090 7.65979 7.65538 7.65079 7.64426 7.63388 7.62535 7.63607 7.63120 7.63676 7.65042 7.65548 7.65118 7.63602 7.62358 7.62284 7.62531 7.64024 7.64464 7.65131 7.65515 7.65951 7.66252 7.65410 7.64526 7.64371 7.64506 7.65566 7.65958 7.65566 7.65102 7.65938 7.66131 7.65799 7.66535 7.66088 7.65887 7.66234 7.66967 7.68024 7.68699 7.68896 7.68932 7.68796 7.68370 7.67341 7.65627 7.64073 7.63442 7.63376 7.63449 7.63836 7.65327 7.67393 7.68790 7.68036 7.66010
7.61365 7.63966 7.65041 7.64440 7.64047 7.64183 7.64039 7.64160 7.64651 7.64966 7.64635 7.63883 7.63351 7.63359 7.63343 7.61363 7.60216 7.61017 7.63002 7.62472 7.62872 7.62576 7.62023 7.62560 7.62580 7.62790 7.63636 7.62459 7.62539 7.63548 7.65529 7.64582 7.63776 7.63707 7.64080 7.63973 7.63946 7.65243 7.64818 7.63676 7.64577 7.66177 7.66378 7.65689 7.65598 7.65981 7.67056 7.67083 7.67201 7.68391 7.68857 7.68892 7.68756 7.68497 7.67942 7.66835 7.65498 7.64534 7.64165 7.64367 7.65367 7.66871 7.67908 7.68071 7.66159 7.64322
7.61585 7.63884 7.63865 7.62706 7.62801 7.63264 7.63262 7.63155 7.63259 7.63407 7.63108 7.62479 7.62129 7.62204 7.61313 7.60300 7.60475 7.60000 7.60345 7.61134 7.61423 7.61409 7.62133 7.63309 7.62270 7.62549 7.61623 7.60237 7.60248 7.60766 7.64046 7.64145 7.63846 7.64837 7.64585 7.63411 7.63701 7.63686 7.63198 7.63915 7.63424 7.65146 7.65970 7.65010 7.64930 7.65909 7.66937 7.66969 7.67269 7.67949 7.68682 7.68756 7.68674 7.68535 7.68287 7.67784 7.67039 7.66405 7.65981 7.65541 7.65126 7.65986 7.67049 7.67453 7.65801 7.64415
7.61648 7.63161 7.62029 7.61667 7.62512 7.63136 7.63208 7.62941 7.62815 7.63030 7.63230 7.63003 7.62898 7.62311 7.60700 7.58400 7.57463 7.59668 7.60764 7.60872 7.60843 7.61018 7.61884 7.62546 7.61841 7.61797 7.60167 7.59904 7.61282 7.59361 7.62505 7.64136 7.63659 7.64733 7.65243 7.63839 7.63157 7.62663 7.62533 7.61903 7.62799 7.63462 7.64302 7.64303 7.64982 7.66037 7.67095 7.67207 7.67668 7.67575 7.68334 7.68515 7.68437 7.68363 7.68328 7.68203 7.67960 7.67487 7.66232 7.64840 7.64978 7.65993 7.66200 7.67152 7.66202 7.64363
7.62106 7.62305 7.61618 7.62553 7.63666 7.64103 7.64239 7.63860 7.63530 7.63918 7.64614 7.64329 7.63961 7.63436 7.61353 7.59178 7.58452 7.60414 7.61558 7.61144 7.60992 7.61151 7.61510 7.61708 7.61565 7.61513 7.61352 7.61825 7.60722 7.59827 7.63156 7.64629 7.63819 7.64591 7.65910 7.64999 7.63984 7.64147 7.64547 7.63490 7.62302 7.62161 7.62913 7.63771 7.65475 7.66416 7.67027 7.67078 7.67556 7.67523 7.67845 7.67735 7.67571 7.67736 7.68055 7.68035 7.67982 7.67519 7.66074 7.64884 7.65229 7.65548 7.66113 7.67195 7.66922 7.65166
7.62899 7.62277 7.62500 7.63907 7.64736 7.64960 7.65392 7.65195 7.64747 7.64584 7.65276 7.65396 7.64399 7.62836 7.61134 7.60641 7.60629 7.60875 7.61818 7.61414 7.61542 7.61793 7.61704 7.61501 7.61603 7.62236 7.63107 7.62846 7.60665 7.61212 7.64474 7.64652 7.63663 7.64328 7.65763 7.66043 7.65724 7.65979 7.65933 7.64833 7.63840 7.63448 7.61790 7.63320 7.64308 7.66304 7.67041 7.67188 7.67470 7.67763 7.67568 7.67334 7.67181 7.66953 7.67249 7.67378 7.67398 7.67101 7.65804 7.64915 7.65515 7.65812 7.65427 7.65657 7.66500 7.66008
7.63719 7.62462 7.62689 7.64061 7.64356 7.64631 7.65222 7.65167 7.65044 7.65036 7.65685 7.66121 7.65506 7.63473 7.61141 7.60640 7.60981 7.61725 7.61380 7.61815 7.62621 7.62961 7.62701 7.62112 7.61961 7.62593 7.63207 7.62186 7.60677 7.62016 7.64559 7.63810 7.63085 7.64126 7.65756 7.66563 7.66706 7.66744 7.66554 7.65781 7.65000 7.64178 7.63577 7.61733 7.64105 7.65759 7.67037 7.67477 7.67637 7.67607 7.67562 7.67751 7.67601 7.66647 7.66309 7.66666 7.66575 7.66203 7.64665 7.63613 7.64052 7.64279 7.63904 7.63965 7.64984 7.65649
7.63540 7.62141 7.61798 7.62504 7.63105 7.64465 7.65520 7.65585 7.65475 7.65577 7.65653 7.65680 7.65408 7.64688 7.62748 7.60948 7.60542 7.61193 7.61598 7.63150 7.64006 7.64391 7.64364 7.63479 7.63051 7.63084 7.62643 7.61048 7.59615 7.60836 7.62663 7.62422 7.62771 7.64386 7.65895 7.66524 7.66765 7.66883 7.66793 7.66368 7.65747 7.64786 7.63492 7.63134 7.63954 7.66180 7.67367 7.67577 7.67507 7.67163 7.67133 7.67753 7.67766 7.66591 7.65705 7.66163 7.66120 7.65374 7.63235 7.62201 7.63088 7.64106 7.64380 7.63947 7.64015 7.65001
