mrvbf_slope1.1_pctl1.asc
NCOLS 410
NROWS 410
XLLCORNER 2398750.0000000000000000
YLLCORNER 2548750.0000000000000000
CELLSIZE 250.0000000000000000
NODATA_VALUE -99999.00000
[rows 348 to 376 of 410, columns 132 to 197 of 410]
7.13189 6.92667 6.96378 7.17148 7.20031 7.16443 7.21009 7.24936 7.24143 7.24592 7.22986 7.11031 7.01182 7.07027 7.06886 6.98097 6.94163 6.99523 6.93253 6.73847 6.66152 6.48992 6.45449 6.44010 6.29769 6.08191 5.93764 5.78507 5.53204 5.35355 5.08669 4.75625 4.60040 4.50735 4.19021 3.71812 3.49793 3.70648 4.26392 4.30098 4.28795 4.25940 4.18516 4.25518 4.59697 4.78417 4.71641 4.78592 4.99888 5.15328 5.19663 5.18784 5.08900 5.02145 5.22329 5.04224 4.97566 4.74637 4.62929 4.78554 4.85823 4.85189 4.88249 4.98421 5.17129 5.42709
7.07128 6.93386 7.02280 7.17311 7.16951 7.17741 7.22392 7.22938 7.23034 7.23273 7.17488 7.06905 7.07081 7.08503 7.09980 7.01260 6.89299 6.89964 6.86147 6.72090 6.48165 6.42450 6.38956 6.34047 6.24806 6.07945 5.87834 5.63513 5.34759 5.24475 5.12534 4.84161 4.60633 4.44179 3.93241 3.47955 3.39276 3.79569 4.21903 4.24963 4.29724 4.15990 4.19969 4.35603 4.69514 4.83772 4.76565 4.80262 4.93864 5.06216 5.15443 5.13703 4.97094 4.85524 5.03460 4.92290 4.81150 4.78987 4.54933 4.53042 4.67672 4.76199 4.91239 4.87153 4.97954 5.19200
7.08443 6.99312 7.00689 7.09807 7.14002 7.19057 7.22058 7.22217 7.21733 7.19113 7.09990 7.01660 7.05524 7.07805 7.08726 7.01507 6.90808 6.88034 6.81348 6.66378 6.53363 6.53554 6.47585 6.36432 6.23468 6.06446 5.76329 5.41872 5.20140 5.08252 4.88141 4.63487 4.47534 4.26602 3.61633 3.21988 3.41453 3.91191 4.09056 4.10429 4.26473 4.25004 4.28962 4.50344 4.76717 4.80341 4.72826 4.77278 4.87122 4.93312 4.95493 4.93032 4.89848 4.95332 4.99941 4.95069 4.79372 4.63739 4.41531 4.42068 4.48496 4.50110 4.63894 4.78637 5.06712 5.18466
7.11072 7.05008 7.03770 7.07300 7.12109 7.17350 7.18963 7.17154 7.13294 7.07372 6.97018 6.92672 6.98339 6.98483 6.99364 6.94872 6.92128 6.91469 6.84607 6.76830 6.72017 6.64581 6.53228 6.36565 6.15354 5.97115 5.72239 5.33766 4.98002 4.79414 4.64229 4.51778 4.32748 4.04886 3.47798 3.13717 3.49157 3.92808 3.85015 3.82774 4.12041 4.33170 4.40892 4.57580 4.71679 4.66304 4.59986 4.66979 4.77701 4.83591 4.76763 4.73318 4.85750 4.90567 4.96802 4.93648 4.84986 4.64350 4.44274 4.47233 4.48165 4.33432 4.47597 4.72437 4.85251 5.04799
7.11138 7.03400 7.01265 7.03485 7.07661 7.11231 7.10450 7.05347 6.98999 6.94065 6.91416 6.94113 6.98944 6.97363 6.96009 6.95732 6.96741 6.92625 6.88729 6.82324 6.73781 6.62854 6.49740 6.32520 6.07212 5.80867 5.58237 5.28050 4.91170 4.67607 4.51373 4.37251 4.23817 3.97064 3.43953 2.99565 3.46006 3.90483 3.83810 3.58454 3.72047 4.10301 4.32980 4.47934 4.53448 4.44234 4.37294 4.44056 4.55791 4.67790 4.61120 4.56633 4.75228 4.77871 4.80893 4.86377 4.80780 4.65142 4.42900 4.40918 4.58132 4.56804 4.69986 4.76528 4.71408 4.82906
7.12588 7.02634 6.93880 6.92933 6.97577 7.00265 6.98192 6.93927 6.92723 6.95152 6.99135 7.00846 6.99646 6.98942 6.98774 6.97497 6.94543 6.91744 6.87382 6.79492 6.69124 6.57091 6.42523 6.24527 6.01128 5.70375 5.38317 5.10209 4.84704 4.62321 4.44379 4.25829 4.11955 3.88511 3.46660 2.85250 3.21041 3.72050 3.92271 3.61544 3.56435 3.77122 4.03401 4.21445 4.25859 4.15861 4.08093 4.16730 4.27239 4.42430 4.48311 4.42652 4.52181 4.64176 4.60611 4.60154 4.62603 4.63754 4.49990 4.36814 4.54242 4.68745 4.78668 4.84921 4.90200 4.93234
7.13185 7.06405 6.98151 6.92759 6.91791 6.91220 6.90678 6.91551 6.95163 6.99790 7.03341 7.03864 7.00369 6.97447 6.96154 6.94409 6.91008 6.86931 6.80716 6.71284 6.59372 6.47876 6.32688 6.13292 5.90147 5.62219 5.28507 5.00054 4.76407 4.56194 4.39694 4.19829 3.95003 3.68465 3.42007 3.09505 3.19842 3.56371 3.76896 3.64019 3.57644 3.61623 3.68447 3.78632 3.84188 3.79706 3.78458 3.90560 4.01647 4.17512 4.31106 4.30539 4.32226 4.42218 4.48503 4.53089 4.57163 4.56230 4.61388 4.47049 4.49675 4.55657 4.65157 4.79171 4.97642 5.16625
7.08135 7.06540 7.03993 7.00056 6.96345 6.93381 6.93630 6.95871 6.98070 6.98508 7.00444 7.02367 7.00490 6.97188 6.92296 6.86252 6.80219 6.75529 6.68511 6.55595 6.42750 6.32908 6.19411 5.99631 5.75805 5.49898 5.22097 4.94241 4.73556 4.54533 4.35699 4.12087 3.76304 3.51405 3.26984 3.24416 3.37106 3.52795 3.69887 3.63709 3.54236 3.47241 3.45087 3.47131 3.50686 3.52809 3.56983 3.63330 3.71610 3.89723 3.98491 4.04019 4.13078 4.25917 4.33164 4.35319 4.44929 4.52445 4.54673 4.63712 4.64210 4.70492 4.82695 4.96763 5.03351 5.17180
6.96377 6.98190 6.98824 6.99268 6.99186 6.98072 6.98404 6.98932 6.97447 6.94188 6.95875 6.97608 6.95313 6.90911 6.82281 6.73308 6.69039 6.62502 6.54611 6.41935 6.27527 6.14579 6.03443 5.83673 5.59666 5.34429 5.09914 4.86337 4.65103 4.45111 4.23559 3.99204 3.69156 3.44685 3.11893 3.10517 3.32599 3.51937 3.53419 3.45806 3.39293 3.30189 3.25131 3.28620 3.35581 3.38390 3.36025 3.41615 3.47109 3.57717 3.67004 3.75732 3.84807 3.97794 4.09989 4.18503 4.32125 4.40402 4.45824 4.54746 4.70240 4.87074 4.98638 5.04262 4.98047 4.99170
6.75542 6.79385 6.81392 6.87374 6.92191 6.92123 6.92354 6.91131 6.89612 6.90155 6.92240 6.90330 6.85982 6.78547 6.66748 6.62017 6.62267 6.54524 6.45500 6.34459 6.14045 5.99995 5.87189 5.66223 5.42330 5.17953 4.94758 4.72625 4.53447 4.33864 4.10608 3.88085 3.66392 3.46099 3.11847 2.88290 3.02383 3.19753 2.95654 2.62279 2.60128 2.48626 2.67470 3.05993 3.29946 3.30283 3.17703 3.34644 3.41630 3.51756 3.61309 3.67751 3.73399 3.79566 3.87536 3.97143 4.07982 4.14296 4.26760 4.42300 4.43104 4.53738 4.69042 4.76523 4.74284 4.80460
6.56017 6.59131 6.57981 6.62293 6.71741 6.78111 6.81143 6.82171 6.84118 6.85615 6.83295 6.76270 6.67968 6.57984 6.52263 6.55755 6.55918 6.47470 6.34862 6.17754 5.98973 5.87148 5.70524 5.48144 5.24559 5.01277 4.79848 4.59980 4.41599 4.22668 3.98186 3.75453 3.58272 3.37285 3.05019 2.83016 2.32985 1.66504 1.47569 1.34398 1.49760 1.53729 1.69068 2.07364 2.74397 3.09690 3.26800 3.35121 3.48910 3.61612 3.67344 3.71051 3.74734 3.76009 3.78562 3.83879 3.91503 3.98347 4.05281 4.22756 4.29458 4.32017 4.38915 4.47433 4.56454 4.65572
6.46907 6.44765 6.41766 6.36229 6.37384 6.46952 6.53522 6.64101 6.73182 6.73503 6.64966 6.51568 6.44181 6.42343 6.47370 6.51323 6.47343 6.36076 6.18217 5.97968 5.85760 5.73455 5.53070 5.29957 5.07010 4.85011 4.65238 4.47173 4.29275 4.09481 3.85594 3.66746 3.50846 3.18516 2.75364 2.47290 1.74283 1.22414 1.29372 1.26366 1.68978 1.67251 1.64083 1.56242 1.96865 3.00074 3.36413 3.41593 3.53167 3.64353 3.69684 3.72561 3.74795 3.75659 3.76286 3.78862 3.83881 3.89916 3.93073 3.98612 4.12204 4.19732 4.25883 4.30955 4.43274 4.47130
6.43267 6.35984 6.33510 6.28620 6.17465 6.11783 6.13956 6.25354 6.47287 6.51041 6.35790 6.26966 6.30445 6.36234 6.41320 6.39850 6.31215 6.17224 5.97297 5.83057 5.73846 5.57079 5.34888 5.11903 4.89916 4.69574 4.51167 4.33651 4.14589 3.91608 3.71475 3.58359 3.43089 3.06318 2.60412 2.36464 1.77270 1.30091 1.33840 2.90139 2.98065 2.78554 2.91097 2.60353 2.25421 2.83239 3.35431 3.44292 3.51352 3.59730 3.64742 3.67755 3.70206 3.72461 3.74147 3.76341 3.80220 3.84627 3.87207 3.86684 3.89895 3.94704 4.03668 4.17327 4.25618 4.22733
6.40809 6.32998 6.28016 6.27295 6.20964 6.06153 5.90778 5.79322 5.99563 6.13449 6.05381 6.12619 6.23084 6.26391 6.24783 6.19340 6.11002 5.97070 5.80419 5.71970 5.59412 5.39138 5.16278 4.93961 4.73596 4.55136 4.37722 4.19626 3.97619 3.75825 3.62064 3.48232 3.22322 2.83203 2.60098 2.43338 1.95499 1.57767 1.79335 2.96247 3.16814 3.26682 3.09882 3.05539 2.88330 3.00594 3.29045 3.39573 3.43905 3.48552 3.53629 3.59255 3.64281 3.67886 3.70372 3.72475 3.74884 3.78471 3.81679 3.82901 3.83662 3.84004 3.88900 3.98857 4.05065 4.06370
6.35479 6.32094 6.25259 6.21870 6.18239 6.07988 5.91687 5.70608 5.67489 5.78424 5.86350 6.02783 6.10704 6.09476 6.01488 5.95221 5.89992 5.77625 5.67922 5.59582 5.42000 5.19658 4.96855 4.76137 4.58061 4.41459 4.24650 4.05476 3.83259 3.67495 3.54664 3.31753 2.90256 2.65980 2.55054 2.34547 1.91988 1.74478 2.09364 3.26339 3.44327 3.34407 3.36411 3.27033 3.17087 3.15942 3.27489 3.36723 3.38048 3.37101 3.42984 3.51777 3.59156 3.63622 3.65739 3.67629 3.69534 3.72047 3.75325 3.78081 3.80557 3.82663 3.84863 3.89852 3.95288 4.01922
6.19289 6.25944 6.26225 6.22552 6.17712 6.08597 5.95208 5.84820 5.83972 5.78303 5.75930 5.88295 5.93440 5.87415 5.75538 5.69165 5.66702 5.62390 5.56722 5.42631 5.21339 4.98221 4.76277 4.57677 4.42533 4.28017 4.11797 3.92768 3.74828 3.63116 3.46757 3.01910 2.67186 2.59610 2.40242 1.80336 1.60250 1.78813 2.67708 3.32447 3.48455 3.49211 3.44743 3.35097 3.26597 3.16396 3.23057 3.36981 3.41882 3.41996 3.42201 3.46748 3.54538 3.59263 3.61174 3.63022 3.65160 3.67562 3.70663 3.74067 3.77036 3.78863 3.80029 3.83399 3.90493 3.93913
5.96426 6.07620 6.23363 6.30201 6.26867 6.17422 5.98439 5.80697 5.88092 5.85400 5.80817 5.75902 5.71409 5.62912 5.50334 5.45809 5.51117 5.51100 5.40320 5.20948 4.98148 4.75079 4.53063 4.36204 4.24637 4.13774 3.99627 3.83232 3.69208 3.58708 3.35821 2.74107 2.50201 2.46513 2.03466 1.53138 1.60037 2.33985 2.89397 3.08951 3.34443 3.46084 3.45086 3.37919 3.29003 3.12087 3.10807 3.32223 3.44797 3.49177 3.46751 3.44587 3.48961 3.53590 3.56808 3.59686 3.61847 3.64172 3.67228 3.70483 3.73295 3.75329 3.76405 3.78054 3.82700 3.85470
5.80248 5.79342 6.04832 6.23899 6.24741 6.17255 5.91728 5.73940 5.83421 5.86632 5.72935 5.65856 5.57583 5.42359 5.29352 5.31701 5.39281 5.33778 5.17869 4.96202 4.72690 4.49507 4.31316 4.17946 4.06830 3.98168 3.87972 3.75643 3.64411 3.51443 3.11286 2.58035 2.43102 2.31889 1.81204 1.67351 2.15353 2.49581 2.16084 2.13692 2.73163 3.22324 3.37357 3.38159 3.35123 3.24611 3.07997 3.22139 3.40234 3.48199 3.47819 3.43871 3.42831 3.47210 3.52848 3.57494 3.60132 3.62006 3.64218 3.66525 3.68874 3.71312 3.73017 3.74615 3.77037 3.79715
5.71218 5.58176 5.80713 5.98590 5.99949 5.97058 5.72731 5.60181 5.63546 5.66846 5.61473 5.56207 5.38683 5.19880 5.11655 5.15475 5.18891 5.10052 4.92279 4.68153 4.43459 4.25216 4.14871 4.05893 3.94973 3.85976 3.77987 3.69329 3.59893 3.40897 2.79154 2.46576 2.36140 2.12078 1.70956 1.83341 2.12562 1.78206 1.19948 1.16670 1.72769 2.47377 2.94646 3.22231 3.34213 3.32175 3.25484 3.27347 3.36957 3.44477 3.45618 3.41496 3.37932 3.40976 3.47250 3.52973 3.56989 3.59535 3.61037 3.62435 3.64347 3.66797 3.69269 3.71344 3.73309 3.74693
5.67716 5.55838 5.63139 5.68572 5.63159 5.53297 5.38825 5.39168 5.26781 5.20344 5.21797 5.27594 5.15263 4.97281 4.89070 4.86048 4.85238 4.79884 4.64059 4.39897 4.20200 4.09986 4.02594 3.95200 3.86738 3.78773 3.71362 3.64037 3.54549 3.24759 2.61338 2.36625 2.18355 1.79005 1.71167 2.01056 1.80957 1.27065 0.83988 1.08600 1.36149 1.90859 2.26215 2.65441 3.05732 3.22674 3.31614 3.38749 3.40816 3.43684 3.43310 3.38182 3.33350 3.32323 3.35837 3.42983 3.50622 3.54219 3.55633 3.57166 3.59440 3.62214 3.65034 3.67737 3.69672 3.69848
5.69314 5.69532 5.69202 5.59471 5.39739 5.13789 4.98985 4.90572 4.86162 4.80607 4.77330 4.80084 4.82003 4.75720 4.69708 4.63748 4.57035 4.50008 4.38314 4.21094 4.08650 4.02507 3.92874 3.84931 3.79265 3.73170 3.66366 3.58707 3.45070 2.91875 2.52023 2.30833 1.91554 1.60617 2.02883 2.29744 1.77894 1.21480 1.33807 2.36075 2.04025 1.94916 2.02307 2.20310 2.53495 2.95428 3.26624 3.39498 3.42459 3.43168 3.40925 3.36454 3.30752 3.17481 3.13276 3.23115 3.37213 3.42969 3.46489 3.49913 3.53379 3.57044 3.60570 3.63463 3.65146 3.64293
5.68472 5.79550 5.79177 5.62688 5.37185 5.01795 4.76694 4.69679 4.67065 4.60605 4.56863 4.55446 4.58180 4.58446 4.56870 4.53591 4.44750 4.32299 4.20224 4.08565 3.99119 3.93367 3.84825 3.78285 3.73134 3.68090 3.61738 3.52999 3.28210 2.70762 2.49484 2.27135 1.84287 1.97551 2.40561 2.21129 1.42829 0.89040 2.33941 3.03537 3.02923 2.66680 2.29907 2.10454 2.31777 2.79103 3.19828 3.34782 3.40299 3.41576 3.39822 3.36835 3.28104 3.01001 2.88600 3.02267 3.20535 3.26083 3.33980 3.40565 3.45501 3.50749 3.55449 3.58390 3.59343 3.58274
5.85054 5.81812 5.72067 5.60808 5.42645 5.13906 4.90562 4.76755 4.68331 4.56218 4.45864 4.42068 4.43608 4.47098 4.47867 4.44922 4.36327 4.22038 4.06417 3.95252 3.88444 3.84041 3.78654 3.73953 3.68594 3.63436 3.56743 3.45150 3.07193 2.67508 2.56245 2.43721 2.15673 2.13635 2.33197 1.89242 1.27012 1.08640 2.56075 3.18194 3.27647 3.17498 2.86006 2.33543 2.24289 2.72423 3.25788 3.37792 3.41616 3.41820 3.39984 3.34910 3.19865 3.09436 2.90243 2.90744 3.10508 3.13824 3.19171 3.27856 3.35542 3.43424 3.49049 3.51998 3.52814 3.52910
5.72843 5.67152 5.60740 5.58257 5.51224 5.32155 5.14363 4.99802 4.88164 4.67941 4.43591 4.28941 4.24856 4.29431 4.35326 4.34655 4.25570 4.10737 3.93708 3.82798 3.80532 3.77522 3.73128 3.68671 3.63182 3.56886 3.47561 3.28427 2.89883 2.66502 2.60680 2.56292 2.36622 2.16116 2.23512 1.91231 1.44881 1.09354 2.59854 3.17966 3.30356 3.14873 2.69449 2.32222 2.41294 2.86495 3.28190 3.38147 3.42078 3.41257 3.37442 3.30839 3.20194 3.09650 3.06018 3.06938 3.07855 3.12070 3.08326 3.09275 3.22589 3.33424 3.39066 3.42834 3.45269 3.47234
5.51250 5.41605 5.42297 5.48944 5.52159 5.36540 5.23516 5.11143 5.00472 4.76962 4.43188 4.17062 4.06553 4.11207 4.19835 4.18686 4.08265 3.93010 3.81097 3.75476 3.73339 3.71131 3.66831 3.61269 3.53966 3.43873 3.26637 2.96937 2.74096 2.65532 2.62733 2.55289 2.34566 2.16842 2.06706 1.68516 1.52213 2.10949 2.90535 3.05523 3.11049 2.89576 2.52850 2.41763 2.61635 3.03883 3.28633 3.34512 3.38211 3.36418 3.25474 3.03875 2.88111 2.88030 2.93549 3.09486 3.12862 3.12438 2.98594 2.95825 3.05907 3.14080 3.20624 3.28283 3.34876 3.39977
5.20260 5.15188 5.15500 5.21251 5.31585 5.23471 5.12809 4.97276 4.86948 4.64631 4.37829 4.10099 3.92587 3.95269 4.01227 3.95938 3.86507 3.79356 3.74734 3.72264 3.68662 3.65062 3.59473 3.50719 3.37334 3.15376 2.92197 2.75656 2.67986 2.64719 2.60564 2.46148 2.24160 2.17621 1.80750 1.57051 1.92484 2.49978 2.69687 2.67357 2.56355 2.55978 2.51049 2.54281 2.75392 3.08073 3.24618 3.25131 3.25270 3.20325 2.92187 2.67353 2.57592 2.56822 2.60983 2.78655 3.06105 3.09083 2.95089 2.86081 2.85482 2.91175 2.99100 3.09904 3.21692 3.31371
5.09443 5.11620 5.01829 4.97638 5.06077 5.10502 5.03567 4.85478 4.67256 4.53055 4.38751 4.14529 3.87888 3.85995 3.85596 3.79895 3.76292 3.74420 3.72413 3.70341 3.65614 3.59552 3.50439 3.33809 3.08644 2.82683 2.71948 2.66412 2.63796 2.61429 2.51167 2.30942 2.30534 2.37458 2.07724 1.73404 1.82519 2.13125 2.41424 2.64190 2.41407 2.43639 2.51477 2.61426 2.84475 3.07838 3.12762 3.01452 2.91890 2.86888 2.69023 2.55072 2.54960 2.56957 2.51817 2.59184 2.81080 2.97905 2.89428 2.77391 2.73157 2.78825 2.87231 2.94588 3.06396 3.20339
5.25151 5.32375 5.12259 4.96666 4.98010 5.05145 4.98425 4.80607 4.62861 4.57176 4.47686 4.20991 3.94723 3.85627 3.79550 3.74283 3.72309 3.70991 3.69164 3.66053 3.60213 3.51489 3.35596 3.04974 2.79225 2.68269 2.63474 2.57802 2.52991 2.47105 2.32803 2.29088 2.38041 2.22311 1.84384 1.72509 1.75000 1.50679 2.07051 2.43705 2.55293 2.55780 2.59676 2.70798 2.94142 3.03025 2.90894 2.76153 2.68774 2.66081 2.61716 2.53187 2.61531 2.69233 2.56422 2.51314 2.67352 2.79167 2.77422 2.72378 2.68023 2.70645 2.79058 2.85144 2.90661 3.02358
5.37382 5.32902 5.17761 5.07257 5.00008 4.93450 4.80624 4.68915 4.64042 4.57007 4.43374 4.22037 4.06187 3.93647 3.80967 3.74790 3.70562 3.67071 3.63946 3.58929 3.50634 3.35255 3.03575 2.73657 2.62553 2.59039 2.53547 2.44140 2.35126 2.31987 2.32481 2.36858 2.19908 1.76997 1.76911 2.03387 2.00619 1.89854 2.09656 2.25942 2.51606 2.58451 2.70166 2.84982 2.97832 2.91224 2.74362 2.67358 2.62862 2.58128 2.56327 2.58693 2.63139 2.73028 2.63313 2.51342 2.59944 2.64096 2.63382 2.64314 2.67007 2.64210 2.69551 2.76567 2.77557 2.78433
