mrvbf_slope0.7_pctl0.8.asc
NCOLS 410
NROWS 410
XLLCORNER 2398750.0000000000000000
YLLCORNER 2548750.0000000000000000
CELLSIZE 250.0000000000000000
NODATA_VALUE -99999.00000
[rows 145 to 173 of 410, columns 330 to 395 of 410]
-99999.00000 -99999.00000 -99999.00000 -99999.00000 -99999.00000 -99999.00000 -99999.00000 -99999.00000 -99999.00000 -99999.00000 5.99498 5.93011 5.85862 5.61901 5.22223 5.25337 5.14639 4.87988 4.61697 3.79011 2.98333 3.00168 4.88445 5.35462 5.36995 5.33105 5.30002 5.41098 5.29370 5.05174 5.09873 5.17317 5.24325 3.60063 1.45189 0.68958 0.71984 1.14064 1.76004 2.16125 2.73944 4.26502 5.07816 5.48801 5.60801 5.72102 5.84716 6.05779 6.25696 6.29173 5.97950 5.60604 6.04844 5.55664 5.69597 5.63143 6.09542 5.51166 5.16426 5.25095 5.42848 5.56922 6.34294 6.61240 6.71156 6.85188
-99999.00000 -99999.00000 -99999.00000 -99999.00000 -99999.00000 -99999.00000 -99999.00000 -99999.00000 -99999.00000 -99999.00000 5.94149 5.92064 5.83424 5.71877 5.36501 4.60120 4.56997 3.95708 4.66365 3.78287 3.82947 2.83480 3.07957 4.46147 4.62013 4.75493 5.30706 5.47792 5.25869 4.98686 5.00217 5.04901 5.05682 3.27772 1.60897 0.77334 0.71937 1.14352 1.72650 2.30957 3.38042 4.82082 5.29761 5.52563 5.76258 5.87190 5.98164 6.11988 5.98687 5.60364 5.44675 5.80130 6.30063 6.01015 5.50794 5.99050 6.51769 6.35791 5.96730 5.56923 5.39287 5.90262 6.63706 6.80209 6.98370 7.00175
-99999.00000 -99999.00000 -99999.00000 -99999.00000 -99999.00000 -99999.00000 -99999.00000 -99999.00000 -99999.00000 -99999.00000 5.83947 5.86511 5.77818 5.65921 5.50550 4.76709 3.96680 3.91609 4.76078 3.99939 3.88499 2.84856 2.08960 2.48083 2.49693 2.53286 5.11868 5.45474 5.27274 4.95283 4.75232 4.89517 4.87528 3.36303 1.73520 0.81306 0.61911 0.92962 1.78544 2.74669 4.25806 5.17023 5.47357 5.59078 5.72640 5.90013 6.16560 6.12428 5.60390 5.45252 5.53639 5.60808 6.03269 5.92811 6.14169 6.48167 6.44990 6.62477 6.39480 5.68773 5.60018 6.35093 6.82477 6.87914 6.97440 7.10867
-99999.00000 -99999.00000 -99999.00000 -99999.00000 -99999.00000 -99999.00000 -99999.00000 -99999.00000 -99999.00000 -99999.00000 6.01501 6.02777 5.85563 5.64218 5.42596 5.22251 5.08582 4.38093 3.93455 4.49418 4.27130 3.15893 3.17023 2.71510 1.87377 1.48869 4.52409 5.31546 5.09262 4.36289 4.70872 5.12833 4.63807 2.63398 1.15232 0.45637 0.61478 1.48777 2.39918 3.36381 4.66622 5.32382 5.56194 5.61544 5.70787 5.99775 6.21733 5.99363 5.47535 5.47868 5.61781 5.85996 5.65318 6.13788 6.72233 6.73712 6.47356 6.42945 6.37104 5.84302 5.75065 6.37275 6.75913 6.79657 6.88786 7.10224
-99999.00000 -99999.00000 -99999.00000 -99999.00000 -99999.00000 -99999.00000 -99999.00000 -99999.00000 -99999.00000 -99999.00000 6.24020 6.05251 5.88233 5.65188 5.38083 5.28902 5.27430 4.90576 3.75551 3.87035 3.16867 3.06805 3.92067 3.34863 1.90009 1.68085 3.90390 4.68594 4.03662 2.79701 3.94480 4.85577 4.23267 2.22100 1.06622 0.49276 0.76759 1.84043 2.81926 4.18709 5.14002 5.48831 5.62234 5.64800 5.81449 5.99173 5.96093 5.83371 5.74389 5.57199 5.99967 5.69747 5.82357 5.73916 6.58125 6.85268 6.79103 6.45828 6.22893 5.91502 5.73674 6.05347 6.56964 6.82915 6.89389 7.00483
-99999.00000 -99999.00000 -99999.00000 -99999.00000 -99999.00000 -99999.00000 -99999.00000 -99999.00000 -99999.00000 -99999.00000 6.16172 5.99417 5.74929 5.49450 5.38517 5.36131 5.23359 5.08859 4.59729 4.04554 3.17792 4.15162 4.81420 4.46650 2.40119 1.94027 2.21770 1.78317 1.96851 2.80598 2.32958 4.04844 3.60037 1.69465 1.05578 0.64451 1.20715 2.20175 3.36255 4.83128 5.34095 5.55664 5.70721 5.79566 5.92613 5.89559 5.95822 5.88318 5.97129 6.26883 6.68521 6.34250 5.78100 6.28857 6.77537 6.86782 6.81631 6.67052 6.38315 5.88144 5.48715 5.65555 6.28470 6.84529 6.98856 6.87510
-99999.00000 -99999.00000 -99999.00000 -99999.00000 -99999.00000 -99999.00000 -99999.00000 -99999.00000 -99999.00000 -99999.00000 5.81884 5.81041 5.71207 5.57878 5.44312 5.29456 5.13085 4.97549 4.84834 4.89736 5.02381 5.26456 5.05390 5.19477 4.60120 2.30206 2.23774 1.81745 1.47468 1.73942 3.15757 3.56755 1.88846 1.34641 0.71565 0.77625 1.70019 2.62657 4.17837 5.11347 5.43949 5.64566 5.77169 5.90031 6.01322 5.98276 5.61875 5.32226 5.85326 6.62443 6.87956 6.92434 6.64594 6.61052 6.73732 6.80554 6.65873 6.72679 6.49414 5.84537 5.30890 5.44134 5.82817 6.57875 7.01795 6.90884
-99999.00000 -99999.00000 -99999.00000 -99999.00000 -99999.00000 -99999.00000 -99999.00000 -99999.00000 -99999.00000 5.73049 5.73537 5.68541 5.72542 5.65056 5.51010 5.26194 4.99121 4.82070 4.72908 5.12527 5.45566 5.51481 5.25248 4.99223 4.68508 3.01227 2.17551 1.95890 1.52068 2.49201 3.48606 1.66684 1.13607 1.35745 0.56986 0.89500 2.03498 3.06652 4.55580 5.22688 5.48365 5.67159 5.76294 5.91836 5.97694 5.73214 5.12056 4.94857 5.38123 6.32500 6.72603 6.81332 6.81750 6.77298 6.77491 6.63469 6.83340 6.53032 6.48628 6.05264 5.39567 5.25240 5.89136 6.34677 6.83111 7.06590
-99999.00000 -99999.00000 -99999.00000 -99999.00000 -99999.00000 -99999.00000 -99999.00000 6.25971 6.22852 5.92592 5.94078 5.68376 5.64947 5.64802 5.63338 5.42363 5.11151 4.89125 4.63873 4.95014 5.41216 5.48128 5.38026 4.98435 3.84289 2.51132 2.70739 2.92910 1.85500 2.77673 1.85244 1.01150 1.08271 0.74910 0.52875 1.13355 2.38499 3.45961 4.62025 5.29295 5.59381 5.79611 5.81705 5.96376 6.10550 5.65894 4.97058 5.31963 5.13852 5.93850 6.54309 6.74444 6.92291 7.10377 7.08187 6.87080 6.50556 6.09367 6.34211 6.33572 5.62365 5.36922 5.73979 6.58689 7.02892 7.00652
-99999.00000 -99999.00000 -99999.00000 -99999.00000 -99999.00000 -99999.00000 6.01866 6.18322 6.24270 6.02401 5.88656 5.70060 5.69940 5.62624 5.60606 5.57136 5.35476 5.01839 4.80015 4.97896 5.31177 5.35185 5.28416 5.23502 4.92534 3.65069 2.38294 2.08417 1.39231 1.71784 0.90704 0.80029 1.04646 0.75803 0.79852 1.87810 2.88856 4.31597 5.13605 5.46177 5.59530 5.72657 5.70842 5.75755 5.92253 5.61824 4.99354 5.34118 5.09333 5.95340 6.64708 6.94860 7.08877 7.19233 7.19982 6.94331 6.20022 6.29806 6.09831 6.40540 5.89589 5.46474 5.69126 6.55834 7.07029 7.06514
-99999.00000 -99999.00000 -99999.00000 -99999.00000 5.79054 5.80847 5.99936 6.11012 6.05949 5.95712 5.83933 5.93188 5.88072 5.69634 5.54279 5.56840 5.50715 5.26831 5.05401 5.06617 5.32312 5.39401 5.20039 5.12213 5.08415 4.28401 2.17059 1.74395 1.21072 1.18931 0.58005 0.81020 1.37048 1.46278 2.01764 2.58525 3.71777 4.83794 5.28920 5.55419 5.63652 5.76962 5.84166 5.77971 5.85684 5.70311 5.26428 5.37653 5.30190 5.95561 6.61793 6.90296 7.06263 7.18544 7.24088 7.13294 6.66353 6.28321 6.50329 6.49044 5.99810 5.52226 5.63940 6.44068 7.05614 7.07679
-99999.00000 -99999.00000 -99999.00000 6.07613 5.98366 5.86687 5.91636 5.97549 5.78762 5.81537 5.85505 5.95484 5.89097 5.76646 5.60134 5.64990 5.61631 5.46801 5.37352 5.25411 5.30318 5.39557 5.29094 5.06079 4.32602 2.35361 1.78001 1.68866 1.09200 0.81897 0.67874 1.58573 1.97159 2.49124 2.77887 2.86269 4.08821 5.15452 5.43189 5.55503 5.72879 5.82330 5.96941 5.98838 5.96424 5.77466 5.28110 5.19361 5.37123 5.83133 6.48636 6.69038 6.86309 7.02718 7.12419 7.09335 6.93521 6.77675 6.63297 6.51852 6.15414 5.71467 5.64920 6.21626 6.90107 7.05082
-99999.00000 6.17017 6.29275 6.23240 5.93010 5.84314 5.86006 5.71306 5.71485 5.86340 5.88549 5.86237 5.79104 5.65984 5.63420 5.78232 5.70985 5.56727 5.50962 5.44383 5.34972 5.32807 5.29927 4.84078 2.93035 1.92763 1.99915 1.85912 1.25802 0.73672 1.30756 1.92258 2.88671 4.14257 3.54787 3.21540 3.89956 5.25886 5.55804 5.62774 5.67747 5.82913 6.07323 6.09834 6.10426 6.13335 5.74119 5.39925 5.59494 6.22657 6.59316 6.72912 6.79393 6.89332 7.06787 7.01766 7.04412 6.95717 6.80008 6.58034 6.23746 5.84844 5.68448 6.03692 6.62857 6.88708
6.20375 6.10523 6.18294 6.10090 5.93548 5.88208 5.84134 5.72585 5.71290 5.83486 5.88342 5.79128 5.71163 5.66391 5.77279 5.84602 5.72315 5.63996 5.57129 5.51976 5.44282 5.34724 5.32388 4.95775 3.49041 3.05634 2.95930 2.02904 1.61911 1.36897 1.86976 2.64990 4.86993 5.07224 4.45890 4.34197 4.26144 5.22870 5.48974 5.58473 5.72693 5.94503 6.19885 6.24717 6.13599 6.19506 6.18099 6.05391 6.18056 6.41457 6.51579 6.21391 6.70648 6.92289 7.00549 6.99376 6.79627 6.57248 6.60078 6.56422 6.22485 5.74572 5.57927 5.98247 6.52006 6.71234
6.04073 5.99599 6.09123 6.00608 5.88595 5.78990 5.75054 5.68092 5.64289 5.66407 5.79824 5.76364 5.67788 5.73749 5.90752 5.81385 5.73360 5.78487 5.73315 5.56117 5.45292 5.39969 5.33264 5.21581 4.36311 3.66042 2.58393 1.92695 1.54982 1.53303 2.09788 3.32596 5.07057 5.38529 5.25753 5.06347 5.07352 5.36346 5.38597 5.49306 5.71125 5.94221 6.13646 6.25879 6.28341 6.34962 6.30206 6.37099 6.41556 6.38843 5.86813 5.47979 5.88341 6.70620 6.91064 6.86155 6.57221 6.58035 6.29174 6.32011 5.98066 5.55920 5.61856 6.28347 6.62834 6.61328
5.91857 5.99164 6.00787 5.96058 5.82865 5.70846 5.62331 5.54882 5.47545 5.48761 5.53098 5.49271 5.53617 5.66902 5.71128 5.71407 5.66054 5.71812 5.77419 5.61469 5.44897 5.28478 5.18091 5.09874 4.91466 4.18879 2.71553 2.07100 1.58022 1.75858 2.29432 2.76738 3.57055 5.12509 5.22243 5.03303 4.55497 5.16572 5.28737 5.37988 5.60598 5.75561 5.82141 5.97313 6.14805 6.20218 6.10916 6.21575 6.25401 6.06119 5.41568 5.46044 5.35284 6.00436 6.45244 6.80268 6.70428 6.34510 6.42514 6.24878 5.88766 5.56119 5.64836 6.22915 6.54010 6.62392
5.92685 6.03517 6.01258 5.88784 5.77120 5.58238 5.40821 5.28080 5.10291 5.10652 4.60640 4.31036 4.84188 5.07274 5.18832 5.43814 5.67359 5.78793 5.75411 5.54330 5.36754 5.17629 4.87804 4.84957 4.88646 4.74629 3.20848 2.39342 2.16504 2.11947 2.40969 2.51832 2.47874 3.56553 4.97616 4.91069 4.48216 4.03402 4.54000 4.87244 5.35148 5.50628 5.61127 5.67953 5.85052 5.94029 5.97092 6.17225 6.20903 6.16401 5.68355 5.21271 5.52684 5.53000 5.58919 6.01280 6.44703 6.29049 6.31273 6.02883 5.73125 5.54400 5.72822 6.27013 6.45354 6.79150
5.90314 5.97345 5.90939 5.80063 5.64824 5.33390 4.79853 3.41384 2.92904 3.20559 2.04945 2.19859 2.66396 3.03681 4.10501 4.94285 5.47926 5.77464 5.71468 5.53060 5.29128 5.09484 4.79276 4.34477 4.38685 4.53117 3.10544 2.31927 1.94313 1.93288 2.12786 2.27110 2.11149 2.63851 4.46153 4.42490 3.94855 2.64998 2.26269 2.34504 3.83438 4.77610 5.33948 5.52413 5.61474 5.79613 6.00429 6.20361 6.25946 6.25934 6.22611 5.72595 5.44554 5.41309 5.52986 5.24128 5.59329 6.07981 5.94740 5.85062 5.60970 5.55192 5.94130 6.36139 6.56992 7.01731
6.00173 6.02013 5.83481 5.70837 5.49002 4.64718 2.41021 1.79861 2.00971 2.09298 2.05936 3.45251 3.63037 3.57305 4.20414 4.44617 4.88837 5.40261 5.41696 5.29850 5.20581 4.84052 3.68495 2.79558 2.46402 2.13473 1.45946 1.69750 1.40304 1.39430 1.95317 2.52563 2.06389 2.27758 3.17520 2.63522 1.62826 1.18665 1.32249 1.42479 1.72512 1.95087 3.69303 4.73113 5.31997 5.61072 5.91742 6.13985 6.35960 6.46144 6.45530 6.32144 5.95097 5.65243 5.20771 5.48979 5.26517 5.61564 6.00888 5.95196 5.66543 5.68253 6.12409 6.38345 6.64713 7.00697
5.88087 5.84559 5.71420 5.56347 5.05407 2.48588 1.76435 2.17969 3.52064 3.97838 5.17242 5.37737 5.31973 5.14621 4.93463 4.78854 3.99903 4.31773 4.51349 3.28896 3.28206 2.55216 1.80287 1.56506 1.11193 1.02823 1.34280 0.86905 0.74175 0.71869 1.41284 2.01889 2.42101 2.10152 1.24596 0.76491 0.87085 0.68618 1.15347 2.82253 2.59695 1.64877 1.46430 1.53752 3.54306 5.21437 5.61903 5.95503 6.25048 6.45758 6.52884 6.35360 6.17429 5.90534 5.54365 5.92414 5.52924 5.89599 6.17155 5.96152 5.68179 5.82972 6.27670 6.46620 6.59422 6.76354
5.71769 5.67974 5.57268 5.24193 3.19770 1.97354 2.22737 4.10228 5.30160 5.49769 5.55999 5.52586 5.47246 5.39698 5.10651 4.67346 3.66863 2.70268 2.37925 2.21521 1.88764 1.48911 1.55083 1.68030 1.47538 1.59562 1.86887 1.26087 1.36532 1.67744 1.44856 2.13468 1.80841 1.19690 1.03865 0.86750 2.01759 1.04182 1.77619 3.75682 4.43140 2.00688 1.24667 1.45319 1.54465 4.07269 5.25861 5.58774 5.89611 6.22573 6.41911 6.28500 6.19176 5.72468 5.17884 5.39698 5.07274 5.81465 6.10188 5.79797 5.63600 6.10345 6.28217 6.40011 6.71427 6.79874
5.61787 5.51911 5.27525 3.75103 2.48296 2.56254 3.59443 5.16569 5.54462 5.65834 5.53399 5.42254 5.26402 5.00721 4.73424 4.14800 2.96660 1.91082 1.92160 2.06459 1.86943 1.87608 2.34487 2.58060 2.47567 2.53222 2.50893 2.29208 2.52518 2.71474 2.15779 1.77056 1.46107 1.36001 0.91940 3.01777 4.41440 3.23244 3.24932 2.72083 2.65289 1.84510 1.21061 1.44609 2.83609 4.52142 4.92216 5.29315 5.59870 5.92753 6.10709 6.18880 6.27516 6.11870 5.46733 4.88965 5.00975 5.59121 5.77427 5.59424 5.57279 6.05835 6.21766 6.54978 6.67480 6.66176
5.52258 5.32157 4.24952 3.01251 3.65170 3.61853 4.20868 5.37511 5.57290 5.51103 5.31426 4.79790 2.65096 2.17718 3.65272 2.93702 1.85937 1.54847 1.56419 1.73982 2.08199 2.51841 3.34674 4.39442 4.31156 4.18314 3.88894 4.19570 5.13988 5.26656 4.45511 2.70942 2.25358 2.15887 1.26381 1.50084 1.58304 1.78027 0.64615 0.58046 0.71741 0.80204 0.73080 0.82863 1.72337 4.64373 5.10926 5.16336 5.41621 5.78887 6.01285 6.10109 6.17648 6.14273 5.75124 5.15641 5.28933 5.03025 4.97291 5.14651 5.40764 5.94952 6.44556 6.58707 6.38805 6.70860
5.41053 4.93030 3.67370 4.11297 4.52445 3.59872 4.29896 5.39996 5.40026 5.09306 4.33739 1.99211 1.64759 1.60338 1.57540 1.29856 0.93272 0.84676 0.81228 1.21572 2.13550 2.97100 4.72200 5.08299 5.16836 5.24107 5.22877 5.38705 5.50558 5.55867 5.48962 5.27749 5.12168 4.95850 2.67572 1.68507 1.65834 0.77497 0.46254 0.43532 0.45396 0.48378 0.51144 0.59690 1.03700 3.57663 4.96413 5.05451 5.31898 5.63913 5.84632 5.95292 5.95853 6.03959 6.23022 5.65745 5.10489 4.62024 4.32115 4.63736 4.56675 5.52684 6.48653 6.60495 6.43666 6.58953
5.29461 4.56388 4.34520 4.82769 4.61156 3.42779 2.24991 3.96158 4.74849 4.07733 1.79407 1.41847 1.54639 1.53694 1.16084 1.07230 1.19340 1.41106 1.49388 2.06326 2.74477 4.50333 5.17883 5.27506 5.41009 5.47936 5.51786 5.60595 5.64789 5.65588 5.65491 5.67202 5.63473 5.52176 5.30296 4.76492 4.30468 1.79244 0.98886 0.58292 0.45223 0.40303 0.38247 0.43013 0.60508 0.97147 2.30387 4.54551 5.07477 5.39391 5.58671 5.69932 5.87644 6.12007 6.29772 5.96155 5.42064 4.50202 4.49306 5.48974 5.33981 5.07546 6.00942 6.77282 6.64809 6.72327
5.08041 4.65975 4.96169 4.95036 4.57066 4.03450 1.43280 0.93558 1.39019 1.35800 1.00628 1.23145 1.49438 1.59155 1.46189 1.62657 2.09365 2.59102 2.95298 3.79939 4.68798 5.12626 5.20577 5.31458 5.40352 5.41599 5.47025 5.57432 5.59203 5.58173 5.57285 5.59715 5.57966 5.53585 5.57985 5.56240 5.40137 4.96087 3.10112 1.59390 0.79387 0.54244 0.41016 0.38187 0.38676 0.49615 0.66370 1.51809 3.94837 4.93465 5.25687 5.46418 5.62144 5.71311 5.76826 5.67483 5.50303 5.21459 4.72147 5.52385 5.17726 5.63993 6.52296 6.95591 7.01018 6.85362
5.11184 5.06272 5.23730 4.98306 4.06881 2.58066 1.57044 1.34286 0.72879 0.76405 1.18424 1.55499 1.76707 2.25584 2.38739 2.67521 3.64588 4.77177 4.94586 5.05329 5.19654 5.29922 5.25329 5.36352 5.43256 5.42000 5.41884 5.44094 5.40495 5.39183 5.39752 5.41019 5.44965 5.49716 5.51109 5.57736 5.59359 5.47952 5.31215 4.96146 2.86824 1.42762 0.68743 0.49975 0.37257 0.36505 0.39949 0.56757 1.02120 3.17247 4.58353 5.11572 5.27448 5.34195 5.46357 5.47334 5.51845 5.72208 5.74598 6.38763 5.92964 5.94223 6.51508 6.95528 7.06759 6.98710
5.29352 5.16321 5.20226 4.74715 3.22262 1.77450 1.11211 1.39113 1.31134 1.43452 1.84146 2.49605 2.83267 3.11789 3.46887 4.15700 4.82306 5.05554 5.12115 5.25662 5.35966 5.36272 5.38288 5.50164 5.50220 5.50963 5.50734 5.43693 5.34053 5.32946 5.31648 5.36084 5.37116 5.42210 5.39092 5.45792 5.49067 5.47787 5.42380 5.33311 5.15362 4.65260 2.52150 1.28743 0.59789 0.41326 0.36148 0.38462 0.52418 0.68281 3.15797 5.06688 5.29774 5.37509 5.50979 5.66032 6.03374 6.26042 6.67437 6.71700 5.72220 5.35131 5.63449 6.68942 7.11002 7.19462
5.28532 5.20593 5.13807 4.19448 2.01408 1.14376 0.78541 1.46253 1.88805 2.39300 3.16728 4.13762 4.47407 4.53039 4.71795 5.03313 5.24195 5.28207 5.38045 5.45645 5.43307 5.37408 5.48863 5.55538 5.50472 5.53005 5.50750 5.45740 5.50558 5.59406 5.59136 5.56820 5.55643 5.60830 5.45255 5.33965 5.38204 5.48610 5.48870 5.42204 5.35975 5.25076 5.12212 4.59990 1.89923 0.67591 0.47616 0.38759 0.38566 0.42749 0.68321 4.59477 5.45974 5.61414 5.83070 6.00348 6.22848 6.64507 6.93812 6.25680 5.32248 5.37579 5.27752 5.93751 6.96795 7.16909
