mrvbf_slope1.2_pctl1.5.asc
NCOLS 410
NROWS 410
XLLCORNER 2398750.0000000000000000
YLLCORNER 2548750.0000000000000000
CELLSIZE 250.0000000000000000
NODATA_VALUE -99999.00000
[rows 174 to 202 of 410, columns 198 to 263 of 410]
7.60494 7.58893 7.59480 7.60546 7.60541 7.59098 7.59826 7.61058 7.61258 7.61045 7.59624 7.59651 7.61785 7.61911 7.61237 7.61081 7.61291 7.61381 7.61092 7.61329 7.62083 7.62310 7.61478 7.60887 7.60788 7.60753 7.60332 7.60026 7.60272 7.60168 7.59853 7.59079 7.57398 7.57188 7.57534 7.57813 7.58636 7.59052 7.59034 7.59317 7.58636 7.58248 7.58713 7.59515 7.59865 7.59840 7.59158 7.56942 7.51420 7.50195 7.51046 7.52843 7.53578 7.53749 7.52841 7.50785 7.45753 7.45717 7.46683 7.47695 7.49048 7.50977 7.55668 7.57737 7.58089 7.56625
7.58653 7.58684 7.59232 7.59660 7.60250 7.59089 7.59890 7.61298 7.61681 7.61176 7.59279 7.59530 7.61598 7.61498 7.60864 7.60984 7.61456 7.61590 7.60843 7.60677 7.61608 7.62004 7.60928 7.60373 7.60297 7.60044 7.60038 7.60090 7.60133 7.59960 7.59344 7.58040 7.56450 7.56361 7.56910 7.57163 7.57829 7.58685 7.58504 7.58269 7.57580 7.57930 7.58722 7.59091 7.59307 7.59178 7.58426 7.55416 7.48701 7.49099 7.49063 7.55036 7.55431 7.53675 7.55281 7.52122 7.50403 7.48291 7.45800 7.48655 7.47724 7.50456 7.54358 7.57306 7.56469 7.50028
7.59909 7.60825 7.60292 7.60203 7.60426 7.59550 7.60284 7.61450 7.61712 7.61219 7.60143 7.59462 7.60390 7.60743 7.60933 7.60895 7.61255 7.61568 7.60657 7.59993 7.60938 7.61727 7.61031 7.60107 7.60343 7.59737 7.58967 7.58975 7.59703 7.59854 7.59068 7.57208 7.55445 7.55527 7.56717 7.57810 7.57833 7.58137 7.58226 7.57989 7.58277 7.58334 7.58230 7.58245 7.58439 7.58016 7.55810 7.51275 7.47870 7.34713 7.38124 7.51104 7.56329 7.55939 7.57012 7.56375 7.55325 7.50095 7.40890 7.46507 7.52564 7.51828 7.53239 7.55170 7.51299 7.43351
7.61159 7.61610 7.60653 7.60649 7.60351 7.59264 7.60096 7.61370 7.61840 7.61533 7.60671 7.59399 7.59257 7.60188 7.61301 7.60917 7.60742 7.61165 7.60490 7.59372 7.59967 7.61240 7.61262 7.60189 7.59670 7.59173 7.58426 7.57765 7.57876 7.58709 7.57913 7.55837 7.54546 7.54900 7.56530 7.58022 7.58025 7.57912 7.58076 7.58185 7.58526 7.58528 7.58123 7.58076 7.57903 7.56967 7.53444 7.48859 7.38641 7.33386 7.33953 7.42500 7.53986 7.55828 7.54506 7.50598 7.47836 7.37631 7.46072 7.48164 7.52178 7.48925 7.50757 7.48400 7.47237 7.46005
7.61050 7.61348 7.60324 7.60398 7.59509 7.57998 7.59263 7.60319 7.61242 7.60593 7.59718 7.59494 7.59493 7.59884 7.60877 7.60846 7.60129 7.60504 7.60399 7.59071 7.59132 7.60573 7.61170 7.60279 7.59110 7.58367 7.58162 7.58340 7.57072 7.57053 7.56189 7.54618 7.54093 7.54987 7.56938 7.58030 7.57974 7.57692 7.57661 7.57836 7.58145 7.58309 7.58110 7.57724 7.57582 7.57101 7.54626 7.48913 7.44586 7.47692 7.47104 7.47313 7.52196 7.54296 7.53953 7.48426 7.41389 7.46711 7.44249 7.41038 7.45987 7.50500 7.48807 7.43124 7.46826 7.50563
7.60625 7.60987 7.59931 7.59739 7.58395 7.57117 7.59304 7.59778 7.60557 7.59730 7.59937 7.59991 7.59669 7.59586 7.60578 7.60852 7.59861 7.59819 7.59837 7.58500 7.58746 7.60296 7.61029 7.60311 7.58970 7.58016 7.57611 7.57906 7.57824 7.56831 7.55736 7.54690 7.54487 7.55789 7.57251 7.57748 7.57643 7.57240 7.56945 7.56977 7.57306 7.57589 7.57369 7.57000 7.57255 7.57112 7.56193 7.54587 7.51608 7.50234 7.49725 7.47477 7.51008 7.53531 7.54137 7.51730 7.46716 7.48446 7.43563 7.39278 7.41861 7.45782 7.49150 7.50939 7.47025 7.46097
7.60355 7.60522 7.59891 7.59090 7.57863 7.57872 7.59750 7.60353 7.60704 7.60277 7.60577 7.60301 7.59478 7.59386 7.60474 7.60937 7.60212 7.59671 7.58525 7.58074 7.59255 7.60533 7.60858 7.60266 7.59009 7.57959 7.57423 7.57369 7.57510 7.56820 7.55850 7.54984 7.55089 7.56258 7.57017 7.57230 7.57119 7.56661 7.56041 7.55666 7.56009 7.56644 7.56357 7.56447 7.56845 7.56695 7.56359 7.56107 7.55771 7.54987 7.54304 7.53135 7.52121 7.51570 7.51697 7.52237 7.52273 7.47669 7.41223 7.33187 7.33930 7.42594 7.47467 7.47234 7.50456 7.48033
7.59518 7.59388 7.59543 7.59048 7.58353 7.58972 7.60248 7.60533 7.60831 7.60521 7.60643 7.60251 7.59348 7.59255 7.60290 7.60999 7.60656 7.60064 7.58729 7.59060 7.60100 7.60524 7.60395 7.59797 7.58616 7.57520 7.56807 7.56482 7.56687 7.56507 7.55763 7.55140 7.55344 7.56255 7.56711 7.56786 7.56639 7.56148 7.55209 7.54020 7.53789 7.55006 7.54866 7.55111 7.55650 7.55962 7.56123 7.55976 7.56429 7.56263 7.55514 7.55010 7.54358 7.52203 7.51274 7.52463 7.54224 7.50571 7.44463 7.25783 7.29216 7.41478 7.44185 7.44680 7.48401 7.52316
7.57637 7.58252 7.59347 7.59701 7.59171 7.59448 7.60111 7.60066 7.60268 7.60254 7.60447 7.59755 7.58983 7.59013 7.60052 7.60609 7.59998 7.59190 7.58102 7.58787 7.59771 7.59895 7.59097 7.58427 7.57837 7.57133 7.56246 7.55986 7.56274 7.56001 7.55322 7.55158 7.55453 7.56138 7.56405 7.56390 7.56195 7.55698 7.54782 7.53320 7.51608 7.51709 7.51924 7.52101 7.53328 7.55128 7.55603 7.55790 7.56299 7.56296 7.55574 7.54590 7.55215 7.54009 7.52637 7.51683 7.52796 7.51289 7.50343 7.49191 7.50989 7.50810 7.48343 7.44320 7.45227 7.52302
7.57149 7.58685 7.59270 7.60088 7.59492 7.59577 7.60277 7.60214 7.60095 7.60151 7.59678 7.58665 7.58295 7.59044 7.60185 7.59878 7.58636 7.58335 7.57289 7.57185 7.58331 7.58529 7.57913 7.57899 7.58137 7.57571 7.56259 7.55436 7.54649 7.53476 7.53190 7.54442 7.55274 7.55833 7.56048 7.56042 7.55801 7.55297 7.54713 7.54296 7.53033 7.51188 7.50908 7.51034 7.51527 7.53941 7.55281 7.55800 7.56236 7.56203 7.55362 7.54727 7.54856 7.55047 7.53003 7.52929 7.51650 7.52708 7.53780 7.53879 7.54108 7.53992 7.53042 7.51032 7.46556 7.49470
7.58235 7.59331 7.59437 7.60176 7.59626 7.59511 7.60214 7.60591 7.60416 7.59821 7.58574 7.57708 7.58257 7.59586 7.60220 7.59266 7.58183 7.58577 7.58370 7.57669 7.58230 7.58494 7.58528 7.58357 7.58291 7.57886 7.56720 7.55383 7.54249 7.52578 7.49989 7.51459 7.54318 7.55491 7.55843 7.55904 7.55599 7.55036 7.54677 7.54918 7.54979 7.53591 7.52674 7.52510 7.51647 7.53030 7.54971 7.55474 7.55903 7.55902 7.55619 7.55557 7.55211 7.53749 7.53279 7.52334 7.52671 7.54655 7.54882 7.55397 7.55431 7.55411 7.54956 7.54569 7.51753 7.47337
7.58985 7.59583 7.59491 7.60035 7.59685 7.59389 7.59968 7.60459 7.60218 7.59130 7.57544 7.57392 7.58857 7.59690 7.59570 7.58898 7.58594 7.58681 7.58366 7.58052 7.58628 7.58957 7.58696 7.58481 7.58357 7.57832 7.56793 7.55393 7.53935 7.51850 7.48606 7.49918 7.53765 7.55279 7.55874 7.55945 7.55502 7.54825 7.54484 7.54677 7.54742 7.54110 7.53671 7.53434 7.51687 7.52439 7.54526 7.54826 7.55522 7.55761 7.55933 7.55866 7.55464 7.53374 7.52432 7.50721 7.51956 7.54156 7.54797 7.55557 7.56085 7.56081 7.55809 7.55711 7.54427 7.48267
7.59196 7.59465 7.59235 7.59666 7.59535 7.59160 7.59732 7.59903 7.59572 7.58586 7.56886 7.57478 7.58988 7.58917 7.58815 7.58952 7.59088 7.58903 7.58356 7.58302 7.58768 7.58859 7.58709 7.58456 7.58012 7.57039 7.54983 7.53031 7.51558 7.49889 7.48902 7.51010 7.53917 7.55361 7.55931 7.55882 7.55233 7.54346 7.53929 7.54067 7.53925 7.53717 7.54149 7.53937 7.50907 7.51205 7.52860 7.53145 7.53963 7.55009 7.55461 7.55678 7.54919 7.53977 7.54026 7.51831 7.51943 7.53224 7.54728 7.55361 7.56166 7.56363 7.55896 7.55425 7.54654 7.50498
7.58793 7.59092 7.58918 7.59308 7.59166 7.58967 7.59624 7.59555 7.59210 7.58504 7.56922 7.57166 7.58244 7.58365 7.58812 7.59022 7.59102 7.58890 7.58344 7.58228 7.58405 7.58356 7.58222 7.57956 7.57347 7.55676 7.53173 7.51987 7.51545 7.51142 7.51341 7.52799 7.54530 7.55234 7.55480 7.55354 7.54500 7.53395 7.52897 7.53019 7.53211 7.53900 7.54806 7.54039 7.50231 7.48662 7.48783 7.49389 7.50249 7.52609 7.54213 7.54603 7.53461 7.52256 7.51234 7.49102 7.51187 7.54196 7.55060 7.55502 7.56073 7.56187 7.55384 7.54683 7.53728 7.44306
7.58048 7.58483 7.58815 7.59054 7.58773 7.58983 7.59393 7.59416 7.59204 7.58553 7.57462 7.57118 7.57887 7.58436 7.58796 7.58859 7.58706 7.58283 7.57397 7.56947 7.57217 7.57411 7.57425 7.57171 7.56578 7.54994 7.52057 7.50486 7.51439 7.52354 7.52991 7.53788 7.54323 7.54659 7.54919 7.54610 7.53493 7.52307 7.51911 7.52391 7.53392 7.54512 7.54834 7.53765 7.49855 7.46263 7.46661 7.47422 7.47170 7.48984 7.51305 7.51727 7.50584 7.49803 7.47649 7.49793 7.53554 7.54888 7.54961 7.55218 7.55728 7.55446 7.55008 7.53413 7.50025 7.24472
7.57787 7.58016 7.58301 7.58124 7.58116 7.58734 7.58820 7.58481 7.58074 7.57713 7.57020 7.56718 7.57567 7.58328 7.58428 7.58366 7.58110 7.57536 7.56430 7.55131 7.54698 7.55004 7.56001 7.56082 7.55307 7.53567 7.50887 7.48476 7.50104 7.52254 7.53520 7.54187 7.54541 7.54811 7.54800 7.54003 7.52682 7.51563 7.51201 7.52275 7.54045 7.54587 7.54442 7.52049 7.50316 7.50765 7.51209 7.50518 7.48005 7.46234 7.46369 7.48279 7.49786 7.47409 7.48834 7.52726 7.53894 7.54325 7.54533 7.55011 7.55422 7.55143 7.54818 7.54016 7.48615 7.25843
7.56204 7.56113 7.56217 7.56267 7.57431 7.58353 7.58262 7.57301 7.56327 7.56104 7.55934 7.55818 7.56721 7.57797 7.57889 7.57686 7.57308 7.56508 7.55700 7.54509 7.52910 7.51640 7.52732 7.54062 7.52292 7.49808 7.46884 7.45976 7.48717 7.50826 7.52277 7.53467 7.54544 7.54569 7.53591 7.52619 7.52513 7.51891 7.50879 7.52005 7.54175 7.54769 7.55107 7.53295 7.50772 7.52162 7.52959 7.51777 7.49771 7.47630 7.46278 7.47391 7.49110 7.49842 7.52460 7.53377 7.53593 7.53840 7.54007 7.54436 7.54571 7.54823 7.54831 7.53683 7.47773 7.14929
7.55304 7.54699 7.53921 7.54404 7.56338 7.57610 7.57393 7.56389 7.56252 7.56057 7.55411 7.55037 7.55732 7.56925 7.56918 7.56420 7.56168 7.55545 7.54409 7.53934 7.53163 7.51326 7.49015 7.50031 7.47624 7.45818 7.43901 7.45391 7.47713 7.49129 7.50267 7.51632 7.53316 7.52764 7.50523 7.50325 7.52654 7.53049 7.50724 7.51126 7.53845 7.54617 7.54885 7.53959 7.53263 7.53591 7.53888 7.53068 7.52108 7.50760 7.48249 7.48742 7.51142 7.52368 7.53280 7.53405 7.53881 7.54192 7.54285 7.53941 7.53914 7.53913 7.54091 7.53485 7.50748 7.40688
7.54296 7.53818 7.53184 7.53438 7.54228 7.56486 7.56964 7.56342 7.56479 7.56340 7.55807 7.54943 7.54976 7.55872 7.55098 7.54224 7.54053 7.54108 7.53343 7.53094 7.53406 7.52550 7.49340 7.47056 7.46598 7.47244 7.47035 7.46775 7.47099 7.47942 7.49408 7.50632 7.52367 7.50714 7.48982 7.50218 7.51790 7.53205 7.50931 7.50036 7.53004 7.53545 7.53292 7.52570 7.53463 7.54817 7.55604 7.55249 7.53146 7.50610 7.48283 7.48672 7.51838 7.52549 7.51495 7.51934 7.53541 7.54258 7.54411 7.54244 7.54100 7.53374 7.52875 7.52492 7.51117 7.44500
7.53715 7.53249 7.54216 7.54429 7.53108 7.54693 7.56403 7.56603 7.56523 7.56371 7.56203 7.55265 7.54204 7.53923 7.52665 7.52730 7.52654 7.52749 7.52997 7.52630 7.52718 7.52121 7.50775 7.48984 7.49651 7.50019 7.48380 7.46620 7.46384 7.47407 7.48518 7.49049 7.51589 7.49488 7.49565 7.51468 7.51343 7.53154 7.51741 7.50650 7.52120 7.52568 7.51075 7.51190 7.53807 7.54553 7.55245 7.55037 7.52326 7.50710 7.47701 7.47669 7.51197 7.52921 7.49112 7.50216 7.52844 7.53747 7.54374 7.54172 7.53839 7.53646 7.52433 7.51368 7.50145 7.44620
7.54488 7.54790 7.55185 7.54872 7.54438 7.54504 7.55647 7.56423 7.56363 7.55938 7.55631 7.54942 7.53673 7.52414 7.51898 7.52847 7.52844 7.52235 7.52455 7.52015 7.52167 7.51974 7.52080 7.51987 7.52066 7.51253 7.48182 7.45902 7.46217 7.46724 7.45936 7.45983 7.50050 7.49495 7.50636 7.51334 7.51693 7.53403 7.52167 7.51937 7.52682 7.53245 7.50949 7.49639 7.52867 7.54422 7.54549 7.54394 7.52250 7.48648 7.48128 7.49793 7.52348 7.52621 7.48993 7.50531 7.52559 7.53423 7.54014 7.53968 7.53475 7.53150 7.52360 7.50978 7.49666 7.47312
7.54762 7.55582 7.55145 7.55290 7.55061 7.54786 7.55191 7.55809 7.55756 7.55618 7.55486 7.54959 7.53944 7.52920 7.52939 7.53509 7.53432 7.52545 7.52347 7.52649 7.52846 7.53393 7.53680 7.53623 7.53176 7.51626 7.47850 7.44547 7.45054 7.46069 7.44273 7.42657 7.48217 7.49685 7.51026 7.50631 7.51492 7.52214 7.50433 7.50594 7.51524 7.52690 7.49539 7.47613 7.51733 7.53918 7.53700 7.52445 7.51188 7.50309 7.51032 7.52043 7.53195 7.52930 7.49943 7.50159 7.52297 7.52394 7.52369 7.52309 7.52321 7.52440 7.52322 7.51494 7.50156 7.48288
7.55175 7.55297 7.55899 7.55983 7.55324 7.55094 7.55288 7.56060 7.56154 7.55855 7.55986 7.55606 7.54724 7.54058 7.54111 7.54109 7.53868 7.53332 7.53045 7.53641 7.53827 7.54349 7.54761 7.54466 7.53656 7.51348 7.46959 7.43525 7.44506 7.47033 7.45707 7.40917 7.46129 7.48057 7.49598 7.48603 7.49256 7.50218 7.49135 7.50010 7.50162 7.51044 7.47296 7.47360 7.50484 7.52259 7.52327 7.50362 7.47965 7.47575 7.49380 7.50872 7.52008 7.51852 7.48295 7.47096 7.49307 7.49614 7.49670 7.49517 7.51238 7.52093 7.52219 7.52155 7.51320 7.49765
7.56503 7.56262 7.56327 7.55874 7.55891 7.55660 7.56042 7.56014 7.55563 7.55248 7.55435 7.55573 7.54994 7.54571 7.54432 7.54328 7.54176 7.53949 7.53746 7.54035 7.54592 7.55051 7.55252 7.54907 7.53837 7.51076 7.46429 7.42902 7.44433 7.48394 7.47073 7.40976 7.43851 7.47011 7.49525 7.49483 7.48666 7.51180 7.51057 7.50475 7.51131 7.52069 7.49854 7.48288 7.48496 7.48993 7.49094 7.49619 7.47626 7.46119 7.47188 7.49354 7.50698 7.49057 7.43683 7.44561 7.47308 7.46862 7.45991 7.47431 7.49959 7.51617 7.52011 7.52235 7.52086 7.51818
7.55674 7.55645 7.55845 7.56008 7.55565 7.55618 7.56007 7.55881 7.55468 7.55253 7.55025 7.55192 7.54774 7.54533 7.54532 7.54659 7.54720 7.54751 7.54675 7.54625 7.54952 7.55322 7.55413 7.55059 7.53983 7.51095 7.45958 7.41808 7.43357 7.48260 7.49223 7.43488 7.44049 7.49018 7.51133 7.50817 7.49807 7.52197 7.53149 7.51604 7.51324 7.51949 7.51523 7.49684 7.49460 7.45861 7.47421 7.51522 7.50618 7.48160 7.47641 7.50171 7.51584 7.48924 7.45728 7.48304 7.49904 7.49432 7.47990 7.48779 7.49493 7.51558 7.52442 7.52678 7.52876 7.52695
7.55121 7.55574 7.56097 7.56378 7.55442 7.55405 7.56021 7.55788 7.55594 7.55234 7.54857 7.54481 7.54391 7.54596 7.55072 7.55378 7.55454 7.55486 7.55475 7.55280 7.55263 7.55386 7.55383 7.55084 7.54212 7.51630 7.46664 7.41639 7.41026 7.44817 7.47699 7.45191 7.46268 7.50870 7.51780 7.50867 7.49653 7.52397 7.53621 7.52035 7.50481 7.49969 7.49214 7.47745 7.48488 7.46686 7.47303 7.51585 7.51713 7.47806 7.46873 7.51264 7.52629 7.50740 7.49417 7.49757 7.50410 7.50381 7.50254 7.51344 7.50790 7.52079 7.53176 7.53510 7.53521 7.53101
7.55761 7.56490 7.56694 7.56435 7.55670 7.55366 7.55354 7.54946 7.54476 7.53968 7.53779 7.53927 7.54446 7.55187 7.55724 7.55870 7.55808 7.55693 7.55751 7.55670 7.55504 7.55405 7.55310 7.55065 7.54378 7.52323 7.48739 7.44493 7.41486 7.40310 7.36753 7.34445 7.41910 7.47753 7.49575 7.49645 7.51391 7.53587 7.52969 7.51052 7.49901 7.48765 7.47753 7.47647 7.48996 7.51199 7.48754 7.49018 7.50088 7.45892 7.47203 7.52718 7.53148 7.51194 7.50579 7.51221 7.51308 7.50049 7.49642 7.51597 7.50686 7.51619 7.53024 7.53324 7.53427 7.53107
7.56206 7.56770 7.56774 7.56446 7.55957 7.55437 7.54878 7.54259 7.53568 7.53056 7.53162 7.53806 7.54639 7.55516 7.55880 7.55998 7.55977 7.55768 7.55677 7.55733 7.55629 7.55387 7.55175 7.54981 7.54508 7.52922 7.50630 7.48178 7.45596 7.42274 7.38285 7.41510 7.46095 7.48044 7.50218 7.51871 7.52672 7.53375 7.52740 7.50216 7.47739 7.47584 7.49288 7.50261 7.50319 7.52506 7.51839 7.49636 7.48797 7.46303 7.49265 7.53215 7.52880 7.50015 7.48825 7.49709 7.50576 7.49548 7.48910 7.51440 7.49787 7.50848 7.52892 7.52892 7.52571 7.52692
7.56518 7.56831 7.56762 7.56499 7.56075 7.55378 7.54571 7.53804 7.53216 7.52993 7.53236 7.53792 7.54424 7.55231 7.55767 7.55910 7.55917 7.55766 7.55592 7.55519 7.55465 7.55225 7.54938 7.54824 7.54530 7.53308 7.51908 7.50879 7.49404 7.47925 7.48583 7.50954 7.51652 7.50341 7.49001 7.48964 7.49518 7.50746 7.50796 7.48557 7.46817 7.48060 7.50296 7.50611 7.51092 7.52800 7.53145 7.51952 7.50492 7.48995 7.51442 7.53356 7.52373 7.48371 7.46636 7.49253 7.50039 7.50647 7.49259 7.49482 7.49401 7.50868 7.52623 7.52718 7.52039 7.52100
