mrvbf_slope0.5_pctl1.5.asc
NCOLS 410
NROWS 410
XLLCORNER 2398750.0000000000000000
YLLCORNER 2548750.0000000000000000
CELLSIZE 250.0000000000000000
NODATA_VALUE -99999.00000
[rows 29 to 57 of 410, columns 66 to 131 of 410]
6.58405 6.33497 5.87183 5.79968 5.94413 6.33354 6.40267 6.25957 6.19004 6.29800 6.47822 6.59036 6.62310 6.62226 6.63879 6.65746 6.63371 6.54261 6.37849 6.17976 6.12113 6.19615 6.33973 6.42410 6.28106 6.03259 5.93010 6.01390 6.24156 6.41336 6.47716 6.48278 6.39321 5.90416 5.60810 5.49050 5.59847 5.56768 5.59498 5.85062 6.39101 6.41716 6.01090 5.77567 5.97647 6.34064 6.43374 6.48838 6.51785 6.48709 6.40399 6.30627 6.20476 5.84229 5.66383 5.67413 5.59085 5.74367 6.09149 6.35368 6.45393 6.45765 6.43087 6.28967 6.30455 6.37696
6.56372 6.45502 5.99069 5.81247 5.88215 6.24377 6.40553 6.30562 6.22374 6.27925 6.43670 6.56698 6.65243 6.68551 6.67614 6.65222 6.57059 6.39571 6.09520 5.98251 6.03239 6.12620 6.28548 6.44182 6.36920 6.08056 5.90166 5.91567 6.23235 6.39280 6.42653 6.48274 6.43164 5.95630 5.71195 5.64747 5.57935 5.63678 5.64041 5.88780 6.45937 6.49924 6.44498 6.28284 6.41500 6.39338 6.43003 6.45877 6.43827 6.42235 6.38081 6.33981 6.31927 6.02769 5.78193 5.64418 5.71013 6.00251 6.37075 6.40275 6.41679 6.46050 6.45709 6.25807 6.23708 6.33709
6.39631 6.48446 6.27761 5.89426 5.87831 6.13796 6.37354 6.32484 6.24845 6.28546 6.43365 6.56829 6.65511 6.67294 6.62667 6.56854 6.45431 6.12077 5.90357 5.91628 6.02226 6.05672 6.15415 6.39449 6.43912 6.14392 5.90143 5.90381 6.11751 6.25124 6.33405 6.45998 6.36364 5.80627 5.60568 5.63150 5.66405 5.61750 5.64488 5.88737 6.45091 6.48696 6.47388 6.50406 6.35090 6.30130 6.23199 6.30144 6.36456 6.38363 6.34220 6.29769 6.30399 6.21922 5.94846 5.69927 5.68043 5.80167 5.91948 6.17170 6.23680 6.31690 6.40406 6.34086 6.28722 6.37709
6.11836 6.32581 6.39973 6.06767 5.93875 6.13840 6.32153 6.27241 6.22886 6.30682 6.47252 6.60016 6.65657 6.61100 6.52818 6.39762 6.14739 5.90602 5.86388 5.94115 6.09601 5.99642 6.01281 6.33112 6.48693 6.21586 5.89500 5.88518 6.05546 6.29015 6.27710 6.24515 6.23599 5.90785 5.66610 5.53951 5.60116 5.61409 5.79212 6.22529 6.36613 6.05203 6.14752 6.05563 5.90909 6.04127 6.23987 6.33188 6.37669 6.33436 6.28200 6.27874 6.24156 6.16751 5.80452 5.67010 5.66567 5.64203 5.66455 5.73211 5.89122 6.05610 6.32222 6.35463 6.32814 6.31261
6.01199 6.11749 6.39262 6.19368 6.04445 6.17629 6.23579 6.19595 6.24566 6.40425 6.54992 6.63763 6.61074 6.50681 6.34768 6.12921 5.95384 5.88782 5.91086 6.07173 6.25834 5.99428 5.92939 6.21782 6.46135 6.25871 5.91219 5.89690 6.09365 6.22085 6.21023 6.23240 6.32126 6.12622 5.82604 5.67113 5.70999 5.70967 5.99044 6.17551 5.81209 5.67395 5.76063 5.68967 5.71094 5.79852 6.16962 6.37342 6.37741 6.31620 6.37750 6.32060 6.34140 6.25901 5.95759 5.76062 5.64735 5.58730 5.64329 5.51714 5.70145 5.87677 6.04552 6.21807 6.25101 6.31982
5.87400 6.04002 6.36622 6.27307 6.21961 6.24258 6.24493 6.29482 6.41853 6.53814 6.62433 6.62792 6.52358 6.35248 6.15805 6.03420 5.96752 5.95892 6.03581 6.25137 6.36239 6.06113 5.89716 6.00473 6.27713 6.25505 6.01413 5.93556 6.01759 6.11717 6.13883 6.20143 6.31215 6.20657 6.06497 5.82321 5.75268 5.85041 6.13744 5.86496 5.61975 5.61706 5.68783 5.60960 5.60879 5.71274 5.95706 6.26198 6.30556 6.30400 6.33974 6.40736 6.41808 6.38617 6.24326 6.02125 5.83657 5.71606 5.51412 5.60026 5.57471 5.76110 5.92218 5.99523 6.13178 6.35581
5.86389 6.06925 6.14172 6.22265 6.40022 6.43449 6.45536 6.50697 6.57733 6.63283 6.65082 6.57262 6.41720 6.21851 6.11723 6.08163 6.06973 6.08731 6.18270 6.36683 6.44175 6.22384 5.96402 5.90614 6.01833 6.22109 6.26869 6.08547 5.99128 5.98926 6.06194 6.10168 6.12933 6.27163 6.26854 6.19423 6.02711 6.19836 5.93874 5.80602 5.65089 5.55402 5.60943 5.58042 5.63198 5.75971 6.00046 6.28669 6.37003 6.36759 6.32811 6.32142 6.28013 6.38744 6.29065 6.18552 6.27296 6.08197 5.70363 5.56237 5.69784 5.77342 5.92016 5.96424 6.04636 6.14010
6.00178 5.88312 5.85086 6.01046 6.35766 6.51963 6.58213 6.61334 6.64665 6.66520 6.61134 6.49882 6.31564 6.17988 6.16098 6.18318 6.19358 6.18839 6.24016 6.38920 6.50029 6.41373 6.19749 5.99988 5.97453 6.17090 6.42082 6.31756 6.08333 5.96026 5.96953 6.06122 6.04433 6.16381 6.35154 6.39191 6.23663 5.88154 5.72556 5.74448 5.75240 5.67178 5.74593 5.74866 5.75436 5.82331 6.00702 6.25463 6.36660 6.40404 6.38945 6.31066 6.28590 6.39363 6.32139 6.28975 6.29190 6.33691 5.97988 5.75611 5.78131 5.87280 5.90074 5.99867 6.04484 5.87897
5.83937 5.76756 5.79084 5.88962 6.07267 6.36449 6.50785 6.55928 6.58447 6.58583 6.53746 6.40206 6.24728 6.21306 6.25273 6.27849 6.24558 6.17199 6.14347 6.22542 6.37817 6.46855 6.43536 6.29230 6.10733 6.10667 6.36663 6.44759 6.28020 6.04162 5.94821 6.00680 6.07195 6.10079 6.23690 6.29137 6.05136 5.72890 5.72078 5.67353 5.73922 5.79273 5.84637 5.93184 5.85229 5.84900 6.06330 6.34400 6.41423 6.30280 6.28723 6.29536 6.36918 6.41223 6.44219 6.40025 6.30648 6.36117 6.30409 6.06544 5.87650 5.91518 6.01592 6.05186 5.91767 5.87576
5.77346 5.74809 5.84157 5.94063 5.97570 6.06978 6.16499 6.31989 6.42823 6.44931 6.39388 6.29005 6.26069 6.31442 6.36877 6.33046 6.21966 6.08581 5.99907 5.99574 6.09851 6.27393 6.38320 6.38475 6.26391 6.16140 6.29285 6.47344 6.45465 6.24532 5.99764 5.94065 5.99099 6.06291 6.11809 6.16380 6.12608 5.77539 5.61476 5.68685 5.75597 5.86628 5.84926 5.95893 5.85384 5.91345 6.15554 6.34621 6.30848 6.18983 6.20393 6.24620 6.37200 6.35141 6.36099 6.37143 6.31232 6.35986 6.39490 6.28126 6.15417 6.14180 6.23849 6.22880 6.00467 5.76952
5.78308 5.74772 5.81887 6.01870 6.15006 6.08605 5.99806 6.05708 6.22696 6.31632 6.30929 6.30955 6.36154 6.43718 6.44474 6.36350 6.26815 6.13615 5.99583 5.92407 5.94540 6.05132 6.18232 6.30245 6.36278 6.28018 6.25379 6.43052 6.53958 6.45243 6.16933 5.93845 5.91388 5.98460 6.02466 6.04342 5.99387 5.71742 5.48196 5.52415 5.52198 5.69398 5.80335 5.83677 5.88696 5.95710 6.17772 6.28155 6.13325 5.88499 5.87848 6.05605 6.31245 6.33273 6.22064 6.27762 6.28936 6.42190 6.45212 6.31869 6.35705 6.38082 6.34613 6.38387 6.13079 5.76495
5.89414 5.77236 5.77705 5.85993 6.03789 6.13982 6.22336 6.17685 6.29391 6.39317 6.41710 6.42903 6.47071 6.50429 6.46433 6.45020 6.43707 6.38090 6.25258 6.05776 5.94932 5.98630 6.05371 6.17315 6.36663 6.34043 6.21346 6.36081 6.54525 6.54300 6.35436 5.97935 5.88439 5.99456 6.12164 6.07834 5.78749 5.54829 5.40484 5.15192 4.94937 5.50037 5.73888 5.76509 5.86864 6.05516 6.14731 6.06708 5.83172 5.73590 5.75697 5.81112 6.03068 6.12739 6.24555 6.22335 6.24594 6.37431 6.43754 6.37135 6.37528 6.32486 6.36161 6.45541 6.27853 5.84868
6.18764 5.89729 5.80343 5.81150 5.85276 5.89327 5.93698 6.10284 6.33082 6.45656 6.49567 6.50263 6.52047 6.50032 6.50477 6.55314 6.56600 6.54609 6.50327 6.39294 6.16204 6.04910 6.03935 6.02893 6.17513 6.33259 6.18049 6.26133 6.49185 6.54453 6.36583 5.92777 5.83514 5.93426 6.16560 6.24546 5.91055 5.66912 4.92234 4.74481 5.05162 5.33969 5.61594 5.49017 5.69205 5.87800 6.07221 5.91103 5.76621 5.74571 5.77755 5.78905 5.99350 6.09416 6.25521 6.28239 6.32842 6.35853 6.45384 6.35656 6.34431 6.29723 6.27530 6.42005 6.38659 5.96350
5.97608 6.15982 5.94003 5.85417 5.84550 5.86099 5.90934 6.00292 6.13050 6.25507 6.34706 6.43213 6.50884 6.48903 6.52671 6.59661 6.63431 6.62348 6.59999 6.54569 6.43678 6.27854 6.16143 5.98941 5.98938 6.29436 6.20811 6.16958 6.36898 6.41075 6.10537 5.82115 5.80073 5.90096 6.16116 6.33911 6.07457 5.80344 5.59597 5.19140 5.05518 5.42390 5.49430 5.18314 5.37788 5.74284 5.96765 5.86961 5.77733 5.78669 5.84477 5.93199 6.06877 6.10688 6.15491 6.15695 6.34229 6.36187 6.46591 6.36177 6.35322 6.28575 6.28182 6.34540 6.33478 5.86223
5.77943 6.14576 6.26621 6.03317 5.95295 5.97598 6.04275 6.05593 6.06554 6.08820 6.14921 6.28592 6.43714 6.47253 6.53097 6.59766 6.61553 6.58383 6.56285 6.55317 6.52612 6.45136 6.31737 6.05462 5.97262 6.16805 6.26451 6.14054 6.11400 6.05676 5.86661 5.79638 5.82993 5.99986 6.09131 6.28277 6.20883 5.94481 5.74447 5.52871 5.12513 5.57864 5.64463 5.26013 5.45824 5.76409 5.94303 5.80880 5.75220 5.84660 5.97255 5.90563 6.04205 6.21080 6.11711 6.27057 6.24439 6.30516 6.43469 6.38338 6.42141 6.32979 6.18514 6.25292 6.35182 6.20391
5.72384 5.85575 6.30324 6.32366 6.09628 6.11175 6.26658 6.24403 6.19208 6.11730 6.08344 6.20348 6.39542 6.48074 6.54476 6.56128 6.50735 6.42261 6.37380 6.39539 6.43313 6.43285 6.35494 6.18664 6.06391 6.13322 6.30291 6.21091 6.00736 5.92107 5.87420 5.89443 5.91184 5.87063 5.90995 5.99855 6.05044 5.99956 5.77064 5.55684 5.53803 5.47345 5.65449 5.51682 5.69347 5.94392 5.85785 5.75175 5.68394 5.73581 5.86412 5.82395 6.00601 6.20256 6.26073 6.39658 6.30018 6.28722 6.33429 6.32973 6.30588 6.21128 6.18891 6.29817 6.39934 6.36728
5.72784 5.80145 6.16595 6.29332 6.02671 6.04599 6.19847 6.32455 6.29682 6.13435 6.06689 6.20124 6.41470 6.51578 6.53082 6.43589 6.23073 6.03368 6.00921 6.11151 6.26201 6.37372 6.40576 6.34226 6.20627 6.13890 6.18024 6.18237 6.10904 6.07603 6.14434 6.23047 6.02596 5.93075 5.98626 5.90080 5.86185 5.95797 5.95129 5.72835 5.58226 5.67048 5.72786 5.73458 5.81194 5.86303 5.81012 5.64259 5.36842 5.64561 5.83401 5.87551 5.96636 6.23275 6.33556 6.39174 6.33761 6.28486 6.27225 6.24276 6.18566 6.20024 6.28124 6.42453 6.39752 6.32227
5.75980 5.84879 6.04553 5.99715 5.94760 5.94214 6.06241 6.29655 6.19031 6.00965 6.00141 6.18544 6.42674 6.51986 6.46323 6.25103 6.00135 5.94943 5.99416 6.06053 6.19412 6.35666 6.46296 6.44795 6.31979 6.16523 6.06637 6.04093 6.10057 6.24174 6.36702 6.37272 6.24508 6.21054 6.27174 5.95679 5.80783 5.82471 5.98819 5.86486 5.75064 5.74929 5.77834 5.80469 5.73359 5.66094 5.67106 5.48060 5.23777 5.31455 5.72914 5.87492 6.18340 6.37660 6.36239 6.31255 6.31744 6.32524 6.27877 6.26061 6.36690 6.43168 6.44543 6.39702 6.37268 6.24799
5.81480 5.86216 5.90037 5.91244 5.90565 5.91524 5.97084 6.10394 5.99024 5.89450 5.92668 6.11719 6.34842 6.47946 6.47299 6.23712 5.96855 5.97888 6.11410 6.14974 6.22458 6.34458 6.45060 6.48104 6.40554 6.25366 6.06820 5.96536 5.98781 6.12668 6.30671 6.40077 6.35787 6.25807 6.26656 6.05595 5.80765 5.76873 5.82902 5.97124 5.88253 5.78595 5.82601 5.73452 5.58260 5.60059 5.49134 5.38063 5.43406 5.26717 5.70640 5.96055 6.14514 6.19137 6.18067 6.22411 6.27582 6.25515 6.27449 6.36969 6.44283 6.44213 6.39452 6.35054 6.21871 5.87855
5.84200 5.81451 5.80860 5.81085 5.80521 5.81331 5.94189 5.92484 5.86676 5.83021 5.86699 5.99991 6.16419 6.39672 6.51592 6.41873 6.09272 5.93880 6.01754 6.16452 6.28429 6.34284 6.36178 6.38134 6.38606 6.33607 6.16506 5.97009 5.94665 6.05821 6.23069 6.36250 6.42436 6.31697 6.22794 6.11501 5.84204 5.74237 5.74993 5.84883 5.92056 5.87653 5.84961 5.80731 5.66460 5.47039 5.44260 5.44610 5.03024 5.48326 5.73122 5.91937 5.93988 5.98653 6.04200 6.19508 6.18936 6.19229 6.29793 6.34320 6.35746 6.36702 6.14355 5.84432 5.84456 5.69496
5.99801 5.85927 5.80677 5.78137 5.77147 5.76925 5.78784 5.87400 5.81378 5.78702 5.81957 5.88921 5.94800 6.22372 6.49739 6.53325 6.38129 6.09772 6.06521 6.19608 6.26681 6.21180 6.15458 6.13918 6.14290 6.13319 6.02478 5.88010 5.86169 6.01534 6.24638 6.31132 6.37674 6.31982 6.18251 6.01931 5.86263 5.77802 5.72424 5.77562 5.85205 5.88770 5.85767 5.84096 5.75326 5.64158 5.61000 5.61132 5.47160 5.69806 5.80531 5.92087 6.00309 6.03826 6.04283 6.21065 6.30246 6.31794 6.20483 6.24476 6.29501 6.04363 5.74628 5.60301 5.65993 5.69545
6.27772 6.06599 5.86634 5.79934 5.78558 5.78381 5.77707 5.84012 5.77366 5.75693 5.79820 5.86525 5.85416 6.00542 6.43905 6.55828 6.44113 6.12754 5.94993 5.95207 5.97854 5.98608 5.98529 5.97961 5.96052 5.91215 5.83941 5.79163 5.81197 5.96407 6.26278 6.28489 6.25242 6.25348 6.13177 5.94383 5.88490 5.86562 5.74822 5.76876 5.83860 5.83400 5.89975 5.90183 5.78727 5.71594 5.55309 5.57244 5.54911 5.76551 5.90645 6.02392 6.16807 6.10126 6.23592 6.19390 6.31277 6.38180 6.25586 6.15884 6.14961 5.78079 5.56623 5.63487 5.59045 5.70037
6.23054 6.05735 5.90036 5.83941 5.79700 5.76028 5.77290 5.83462 5.75529 5.74737 5.82191 5.94691 5.84751 5.89631 6.29281 6.42371 6.22017 5.87451 5.82392 5.85476 5.89768 5.94308 5.98100 5.99955 5.98849 5.91936 5.83584 5.81117 5.85268 5.91545 6.16007 6.25135 6.11765 6.10094 6.01652 5.86615 5.88103 5.89382 5.78268 5.77345 5.82227 5.86937 5.89751 5.94832 5.87447 5.79956 5.68702 5.57641 5.70419 5.75987 5.86058 5.91189 5.97907 5.98367 6.08222 6.06860 6.06497 6.02336 6.19807 6.09860 5.93149 5.71362 5.56553 5.54675 5.71843 5.78733
6.10206 5.96160 5.89656 5.88944 5.79612 5.73918 5.78264 5.81351 5.74306 5.75675 5.87988 5.96690 5.89192 5.89560 5.98660 6.08398 5.96813 5.82148 5.83837 5.92761 6.00179 6.08359 6.16814 6.21556 6.21921 6.11561 5.95197 5.91880 5.91338 5.94444 6.23924 6.18342 5.97641 5.98673 5.94625 5.85822 5.86891 5.90926 5.84774 5.80055 5.79395 5.83357 5.91917 6.01236 6.03662 5.93805 5.80186 5.74080 5.69876 5.57691 5.70899 5.83316 5.83478 5.75788 5.80268 5.82001 5.76340 5.76358 5.87508 5.96042 5.75893 5.65401 5.65461 5.63337 5.78857 5.77423
6.02576 5.92140 5.89758 5.93075 5.81899 5.74909 5.78087 5.82507 5.74656 5.76013 5.80769 5.84667 5.91722 6.02230 5.93586 5.97600 6.04374 5.85214 5.82003 5.91400 6.15309 6.26411 6.28728 6.23826 6.14832 6.05665 5.96440 5.93837 5.93663 6.08409 6.30102 6.03003 5.90410 6.02774 5.96511 5.88551 5.91679 6.00367 5.97529 5.85581 5.78422 5.80703 5.90201 5.88422 5.90718 6.02412 6.01839 5.75995 5.58645 5.61515 5.57910 5.74537 5.70475 5.53162 5.67898 5.66228 5.61775 5.70918 5.75936 5.75228 5.66642 5.67955 5.65428 5.75408 5.89248 5.84743
5.93423 5.90404 5.93048 6.00664 5.84914 5.77357 5.78691 5.84335 5.77601 5.74830 5.77537 5.83119 5.89888 5.89140 5.83766 5.85599 5.93029 5.86524 5.79667 5.81247 5.95679 6.03038 5.97632 5.93302 5.91547 5.90239 5.88136 5.90352 6.00255 6.19461 6.19708 5.94899 5.92997 6.13306 6.05320 5.96830 6.05107 6.22313 6.17534 5.93026 5.81404 5.79640 5.79497 5.79125 5.84229 5.89242 6.11028 5.91796 5.71503 5.57555 5.71550 5.75273 5.56396 5.57534 5.48839 5.33360 5.32352 5.60411 5.74193 5.66951 5.63641 5.47355 5.64653 5.79732 5.82494 5.80797
5.86720 5.88080 6.02097 6.16057 5.90029 5.80521 5.79587 5.79942 5.79855 5.79956 5.82667 5.88090 5.88950 5.85238 5.82131 5.84985 5.90887 5.94789 5.84057 5.79371 5.82530 5.85369 5.86685 5.89539 5.96890 5.96099 5.89165 5.89778 5.99783 6.18561 6.12711 5.98708 6.00706 6.08063 6.06144 6.05986 6.18109 6.35521 6.30558 6.00696 5.84008 5.79091 5.78017 5.77872 5.78992 5.86976 5.99201 6.06099 5.86692 5.75818 5.83451 5.75655 5.66138 5.36766 5.34032 5.23729 5.23732 5.51308 5.74779 5.69944 5.15986 5.00215 5.26449 5.71295 5.80095 5.78523
5.89972 5.98710 6.10815 6.18103 5.95849 5.82807 5.78678 5.74952 5.73595 5.74480 5.74515 5.74343 5.75917 5.79153 5.77764 5.78443 5.79974 5.83530 5.88377 5.87809 5.85352 5.88482 5.96383 6.07691 6.25432 6.19110 6.01856 5.95316 5.96880 6.03535 6.06078 6.05514 6.07190 6.04313 6.05057 6.12080 6.24518 6.37005 6.34071 6.04260 5.83479 5.77309 5.74886 5.74324 5.75582 5.80740 5.87802 5.93449 5.97970 6.00909 6.00666 5.80505 5.72324 5.69969 5.67241 5.44101 5.25502 5.65640 5.76087 5.74388 5.38373 4.88307 5.31912 5.72755 5.81735 5.81091
5.88795 5.87057 5.95525 6.11191 6.00318 5.83330 5.77288 5.74253 5.73256 5.73143 5.73391 5.74130 5.73016 5.75084 5.78141 5.80137 5.83294 5.82740 5.83650 5.87834 5.99310 6.11870 6.28300 6.35112 6.33277 6.28812 6.18400 6.07738 5.99989 5.97720 6.01427 6.11016 6.15456 6.11577 6.15725 6.24413 6.33969 6.38337 6.27887 5.99227 5.82898 5.77083 5.73616 5.70661 5.68430 5.69822 5.79299 5.84485 5.92287 5.92922 5.95804 5.88002 5.83618 5.83199 5.78381 5.61775 5.22714 5.56487 5.74952 5.78830 5.66734 5.47527 5.65965 5.81796 5.87497 5.86326
