mrvbf_slope0.6_pctl0.6.asc
NCOLS 410
NROWS 410
XLLCORNER 2398750.0000000000000000
YLLCORNER 2548750.0000000000000000
CELLSIZE 250.0000000000000000
NODATA_VALUE -99999.00000
[rows 261 to 289 of 410, columns 132 to 197 of 410]
4.57262 4.52225 4.49311 4.47621 4.42745 4.16002 3.65531 3.39241 3.40195 3.61151 3.51005 3.51446 3.59148 3.49797 3.58250 4.12568 4.38328 4.23237 4.00529 4.24400 4.36722 4.21360 4.22073 4.29421 4.24807 4.00560 3.53718 3.47330 3.78457 4.00284 3.93444 4.12522 4.19505 4.04765 3.96624 3.96752 4.00759 4.08571 4.13866 4.11219 3.99858 3.86202 3.82999 3.91183 3.99749 4.02325 4.05780 4.17912 4.29191 4.33471 4.29895 4.17835 3.99962 3.91118 4.00824 4.02490 4.03231 4.11254 4.16764 4.12085 3.99867 3.62034 3.19794 3.07085 3.38362 3.49444
4.55384 4.54897 4.55093 4.42917 4.22470 3.97072 3.75324 3.59703 3.50189 3.49900 3.50884 3.46419 3.65630 3.64078 3.79075 4.31893 4.51064 4.43420 4.12838 4.14125 4.28547 4.30795 4.41726 4.37145 4.13974 3.63489 3.36682 3.59925 4.11963 4.18815 4.22175 4.24556 4.32685 4.09820 4.10260 4.13934 4.06968 4.03212 4.03314 4.04221 3.99784 3.91691 3.89924 3.94771 3.95149 3.94022 4.02683 4.22849 4.37327 4.41390 4.40524 4.37651 4.26462 4.07298 3.97937 4.07004 4.19151 4.28833 4.31201 4.22048 3.91965 3.46087 3.17885 3.25458 3.52706 3.47368
4.66487 4.66879 4.56262 4.33848 4.13804 4.17169 4.18080 4.12639 3.89045 3.58094 3.54561 3.54027 3.46165 3.62803 3.97110 4.35370 4.51009 4.52626 4.42455 4.37958 4.48075 4.48787 4.43740 4.29894 4.05052 3.59351 3.57895 4.20677 4.46510 4.38545 4.25929 4.39254 4.45083 4.22259 4.04852 4.18689 4.21681 4.17274 4.14396 4.18057 4.18162 4.12031 4.08629 4.05854 4.00033 4.02248 4.14797 4.28141 4.41641 4.46097 4.45508 4.43936 4.42793 4.38644 4.31394 4.32243 4.36351 4.34695 4.27793 4.12593 3.73940 3.34670 3.23033 3.37161 3.53455 3.39520
4.73285 4.71675 4.59685 4.41014 4.13022 4.03774 4.07291 4.19578 4.24664 4.03047 3.69995 3.79490 3.42838 3.55909 3.96468 4.13484 4.28058 4.42982 4.39195 4.38237 4.47813 4.46479 4.41379 4.37645 4.21590 3.68077 3.65945 4.26669 4.46386 4.33607 4.09749 4.18791 4.34022 4.15009 3.89751 4.06486 4.27521 4.37557 4.39563 4.40736 4.39439 4.31883 4.21995 4.09203 4.00712 4.07685 4.19398 4.23936 4.35620 4.44309 4.49754 4.49405 4.47528 4.46497 4.45883 4.46519 4.43626 4.31907 4.17846 3.84896 3.47287 3.17025 3.20990 3.37753 3.43582 3.31973
4.79985 4.79763 4.67205 4.53679 4.32125 4.08623 3.92004 3.95533 4.15358 3.90428 3.61608 3.84063 3.44926 3.51607 3.83100 3.80607 3.91893 4.26063 4.38007 4.43879 4.53508 4.52445 4.52463 4.45327 4.32723 3.82479 3.60430 3.88868 4.09763 3.77943 3.60012 3.65143 3.88417 3.89566 3.76679 4.07734 4.20173 4.33914 4.47116 4.51807 4.47332 4.39126 4.27029 4.05091 3.90896 3.99752 4.15606 4.16055 4.23214 4.36795 4.47577 4.53665 4.53995 4.52865 4.52311 4.52063 4.45862 4.23833 3.93039 3.57695 3.23107 3.11947 3.24367 3.36964 3.38019 3.33182
4.71065 4.77050 4.63134 4.54656 4.46009 4.20647 3.78143 3.72554 3.84683 3.61336 3.57390 3.91593 3.58580 3.58687 3.83120 3.97228 4.01285 4.16817 4.42421 4.50125 4.56537 4.52590 4.51518 4.49199 4.36297 4.13300 3.83080 3.75378 3.71744 3.53827 3.53367 3.50433 3.56392 3.75051 3.80031 4.23497 4.18031 4.34425 4.51837 4.55088 4.47486 4.39829 4.29495 4.03775 3.81990 3.88836 4.16981 4.19353 4.16093 4.26166 4.41269 4.52722 4.56830 4.56702 4.55516 4.53331 4.44568 4.14058 3.66639 3.40210 3.19307 3.23128 3.34924 3.49193 3.55152 3.50277
4.55967 4.58962 4.49617 4.47759 4.40917 4.04326 3.60755 3.56867 3.70102 3.74015 3.96026 4.11944 3.80903 3.84866 4.21383 4.35515 4.33005 4.36882 4.51020 4.60052 4.61528 4.54209 4.51277 4.46495 4.44709 4.38844 4.16094 3.82196 3.64813 3.59316 3.74442 3.65097 3.55710 3.69464 4.02577 4.24374 4.23160 4.38881 4.51643 4.48684 4.36917 4.31162 4.28643 4.10932 3.81992 3.80580 4.12143 4.27860 4.12978 4.14312 4.36682 4.50689 4.55875 4.56256 4.54880 4.51828 4.42150 4.06119 3.50255 3.26083 3.24710 3.38860 3.59769 3.90439 3.99507 3.75817
4.47661 4.42232 4.37552 4.41736 4.33635 3.89128 3.48581 3.48944 3.70760 4.06558 4.28010 4.25534 3.82632 3.75244 4.10254 4.31861 4.33701 4.43642 4.55240 4.63026 4.66063 4.58072 4.53005 4.53541 4.51038 4.35939 4.16109 3.92206 3.75818 3.80113 4.05010 3.96719 3.75867 3.78886 4.11693 4.23432 4.27498 4.38481 4.40215 4.22465 4.08072 4.13645 4.24675 4.23412 3.86941 3.71725 3.98771 4.31336 4.11935 3.99688 4.25001 4.45990 4.52500 4.52923 4.51417 4.45689 4.30327 3.88338 3.41256 3.19935 3.31597 3.51062 3.79841 4.13893 4.26111 4.12181
4.45956 4.40676 4.41339 4.38723 4.34781 4.04810 3.50692 3.39462 3.53490 3.72188 3.96003 4.15440 3.71039 3.73243 4.22373 4.37591 4.36239 4.43482 4.48443 4.52544 4.55231 4.50027 4.49330 4.51721 4.40674 4.20345 4.17850 4.16937 4.16857 4.23514 4.30078 4.22217 4.11412 3.98648 4.04321 4.15276 4.20871 4.16941 4.01091 3.82518 3.86085 4.00272 4.13654 4.22959 3.91717 3.63491 3.84267 4.30814 4.19173 3.87876 3.90183 4.25420 4.40510 4.42261 4.36999 4.22054 3.84605 3.52963 3.26772 3.24670 3.46515 3.63701 3.89872 4.18326 4.19317 3.97950
4.38745 4.44782 4.37109 4.29966 4.39551 4.34009 3.81934 3.52303 3.57657 3.62114 3.85469 4.12496 3.84860 3.90299 4.10468 4.20769 4.33290 4.47597 4.49463 4.49330 4.47147 4.40785 4.40706 4.44976 4.34252 4.25695 4.35716 4.40555 4.43729 4.37225 4.34105 4.37905 4.35793 4.11069 3.98807 4.12944 3.93471 3.71707 3.66596 3.71766 3.85311 3.95148 3.99530 4.12411 3.88761 3.60306 3.78970 4.23487 4.30442 4.05860 3.72427 3.75772 3.98878 4.05124 3.86059 3.62884 3.47302 3.37838 3.31186 3.41531 3.58265 3.71634 4.00493 4.21447 4.10521 3.85042
4.36711 4.37409 4.37272 4.45478 4.55301 4.50902 4.24729 3.80557 3.74078 3.93909 4.04596 4.23016 4.07056 3.98612 4.04051 4.13893 4.36630 4.49302 4.50956 4.52642 4.46305 4.43617 4.34288 4.37584 4.38711 4.20237 4.33575 4.44961 4.44425 4.43939 4.46776 4.49471 4.40540 4.10046 3.89057 4.04230 3.61859 3.56069 3.65278 3.83265 3.92335 3.84344 3.82619 4.03430 3.79028 3.64255 3.84069 4.08909 4.22757 4.19556 3.83627 3.58872 3.60897 3.58570 3.46972 3.37012 3.38145 3.44659 3.51998 3.59615 3.67429 3.84280 4.17339 4.30999 4.16730 3.97276
4.54958 4.52640 4.55056 4.60945 4.61895 4.55905 4.46221 4.17695 3.86057 3.91889 4.13711 4.26422 3.81107 3.87850 4.08465 4.22302 4.41308 4.47692 4.51584 4.51394 4.43199 4.41563 4.26891 4.23383 4.39409 4.23817 4.29289 4.47658 4.44687 4.44910 4.48195 4.46595 4.37137 4.13357 3.75602 3.69166 3.56016 3.75746 3.90870 4.06342 4.02837 3.75292 3.64638 3.85532 3.60329 3.67167 3.99435 4.04722 3.98965 3.89648 3.76552 3.60034 3.56570 3.51078 3.44701 3.47801 3.58853 3.75354 3.82613 3.72873 3.73986 3.95649 4.26063 4.33390 4.25661 4.14662
4.76838 4.74008 4.67582 4.60410 4.57424 4.52636 4.49507 4.42040 4.08220 3.85081 4.01947 4.11891 3.90766 4.25691 4.34903 4.35186 4.43578 4.39515 4.40439 4.39844 4.34156 4.36399 4.25998 3.97814 4.05931 4.10014 4.33542 4.49197 4.47123 4.46748 4.47865 4.45768 4.42018 4.31779 3.99231 3.70131 3.86158 4.22888 4.25904 4.29489 4.18194 3.80659 3.55303 3.52841 3.43139 3.63705 3.81790 3.70835 3.58220 3.62698 3.73568 3.73312 3.65317 3.65248 3.70573 3.92489 4.04379 4.02252 3.91342 3.80217 3.80815 3.97819 4.18349 4.18626 4.08971 4.06861
4.83115 4.68802 4.56636 4.49989 4.47573 4.52670 4.53697 4.47542 4.30182 3.97272 3.98703 4.20011 4.00682 4.00765 4.19062 4.28894 4.39926 4.35264 4.28403 4.25160 4.27649 4.33686 4.32098 4.05270 3.88751 4.07095 4.34005 4.40443 4.36467 4.37762 4.42110 4.37308 4.38669 4.35294 4.26042 4.08562 4.19804 4.33706 4.31899 4.31546 4.23396 3.99297 3.71887 3.42365 3.43177 3.53564 3.46073 3.41170 3.50202 3.67474 3.83682 3.89079 3.75905 3.79466 3.99386 4.08829 3.94358 3.73448 3.68019 3.80716 3.88992 3.95930 4.00437 3.94034 3.85528 3.85879
4.60795 4.50439 4.41511 4.37927 4.36675 4.52883 4.55657 4.50089 4.39329 4.11065 3.96735 4.19221 4.16601 4.13626 4.22420 4.20269 4.28833 4.35282 4.29620 4.27161 4.29269 4.33398 4.35829 4.31122 4.19587 4.14098 4.18400 4.22779 4.18170 4.09793 4.10222 4.09425 4.09597 4.18133 4.25815 4.03432 3.98229 4.11472 4.07786 4.12666 4.17355 4.09299 3.75258 3.49801 3.56132 3.53170 3.40609 3.50483 3.70579 3.81118 3.85500 3.90342 3.81566 3.74383 3.80495 3.74365 3.63071 3.52999 3.55031 3.70567 3.92332 3.94437 3.85861 3.78379 3.77428 3.80969
4.45349 4.37081 4.38718 4.32900 4.19195 4.37284 4.38716 4.37415 4.37805 4.23361 4.04498 4.16611 4.32011 4.31824 4.32133 4.19222 4.16595 4.26088 4.34097 4.39090 4.38328 4.39028 4.41581 4.44391 4.42954 4.34230 4.27864 4.28115 4.25214 4.13535 4.04850 4.06139 3.94805 3.82008 3.81170 3.69485 3.83928 3.97918 3.82131 3.69847 3.74310 3.81328 3.71831 3.66927 3.72696 3.68786 3.64913 3.73270 3.88111 3.96096 4.00565 4.07238 4.03147 3.88015 3.80050 3.74286 3.67205 3.63590 3.68799 3.73199 3.94299 3.95144 3.80047 3.73693 3.77859 3.86419
4.36682 4.37691 4.45663 4.40473 4.19681 4.18679 4.26772 4.35900 4.41246 4.35347 4.19556 4.12309 4.32996 4.16524 4.10144 4.12471 4.00490 4.10034 4.38706 4.45782 4.44075 4.45067 4.46228 4.46191 4.45627 4.42459 4.40651 4.39460 4.38155 4.32295 4.27960 4.26740 4.18889 3.97295 3.82779 3.81952 4.12654 4.10564 3.92352 3.68184 3.65265 3.78263 3.83946 3.92463 3.85417 3.70420 3.78415 3.85241 4.01008 4.15713 4.19754 4.24783 4.25352 4.17368 4.15597 4.07591 3.90093 3.86561 3.96130 3.94629 4.07474 3.97536 3.80160 3.74729 3.81206 3.96064
4.30188 4.34851 4.44174 4.39582 4.29790 4.25611 4.36374 4.41501 4.38935 4.30502 4.16841 4.18924 4.37648 4.04560 3.95217 4.12193 3.96115 4.09814 4.43062 4.45785 4.44521 4.45628 4.46042 4.44492 4.42718 4.40753 4.40200 4.40083 4.38985 4.36198 4.33253 4.30274 4.25352 4.16117 4.11040 4.13247 4.18838 4.10368 4.01155 3.95700 3.89973 3.91385 4.02047 3.97742 3.75599 3.64221 3.77657 3.88614 3.96849 4.06906 4.15651 4.31485 4.37491 4.26002 4.21790 4.16171 3.96330 3.89096 4.01823 4.14267 4.17140 3.97472 3.84990 3.79228 3.84213 4.01509
4.22686 4.25313 4.29594 4.26093 4.26815 4.29713 4.35782 4.37739 4.32568 4.23219 4.16934 4.24638 4.22167 3.71859 3.90844 4.18175 4.08179 4.19855 4.39552 4.39943 4.42474 4.44809 4.45425 4.44235 4.42281 4.40998 4.40556 4.40621 4.38881 4.35784 4.31804 4.26880 4.21777 4.14246 4.16696 4.24911 4.25712 4.16753 4.07377 4.03752 3.97996 3.90522 3.89326 3.77310 3.63575 3.61459 3.78973 3.92961 3.92566 3.86709 3.83190 4.09738 4.25429 4.03348 3.97588 4.14263 4.05748 3.96145 4.10881 4.19419 4.01630 3.92732 3.97728 3.88704 3.79454 3.79074
4.20208 4.17060 4.13864 4.18860 4.23983 4.26512 4.31346 4.28982 4.22211 4.16223 4.18245 4.23059 3.79500 3.59337 4.03460 4.24937 4.16607 4.07965 4.26778 4.35601 4.42895 4.46926 4.48194 4.47886 4.47182 4.46695 4.45673 4.44674 4.42565 4.39126 4.35912 4.33353 4.31923 4.31053 4.33275 4.39946 4.38474 4.30631 4.27050 4.21594 4.12393 3.99734 3.86679 3.80522 3.72946 3.77681 4.02832 4.16974 4.15403 3.99675 3.74670 3.77104 3.89505 3.75964 3.74459 3.80976 3.81142 3.76308 3.90958 3.95163 3.81644 3.90320 4.09082 4.11739 3.96690 3.81318
4.28981 4.27196 4.25769 4.19081 4.16554 4.25921 4.33116 4.26367 4.17985 4.16093 4.20898 4.22896 3.61656 3.69672 4.19579 4.31960 4.30670 4.09733 4.15793 4.36132 4.47791 4.51943 4.53717 4.54414 4.54942 4.54959 4.53409 4.51747 4.50118 4.48324 4.46886 4.45733 4.45082 4.43742 4.41612 4.46442 4.45287 4.35695 4.36413 4.40593 4.36265 4.26225 4.16977 4.11463 4.03108 4.03854 4.14564 4.18241 4.20696 4.20522 4.04994 3.90142 3.94554 3.92776 3.95814 3.85689 3.81263 3.84566 4.02677 3.94958 3.86265 3.89101 3.93538 4.09524 4.17399 4.07690
4.44260 4.46017 4.41450 4.23840 4.14543 4.24194 4.30008 4.23006 4.21669 4.27591 4.25190 4.19310 3.67564 3.94826 4.24081 4.28303 4.34829 4.19062 4.15732 4.36427 4.52535 4.57662 4.59763 4.61288 4.62286 4.61646 4.60411 4.59160 4.58169 4.57090 4.56214 4.55281 4.51938 4.45902 4.45361 4.51487 4.49808 4.38117 4.37950 4.46693 4.47641 4.44625 4.40503 4.37531 4.26673 4.12623 4.09655 4.12671 4.11760 4.15352 4.16162 4.11087 4.17498 4.10709 4.04890 3.94912 3.84324 3.91538 4.12911 4.05979 3.85452 3.80981 3.80850 3.83646 3.80406 3.79453
4.55352 4.55619 4.42865 4.21459 4.13791 4.21178 4.22568 4.17806 4.18624 4.27424 4.15182 3.90751 3.57913 3.89264 4.19134 4.19429 4.30498 4.28420 4.24754 4.39767 4.53388 4.56900 4.58948 4.61706 4.63715 4.64093 4.64142 4.64148 4.63373 4.61053 4.59486 4.58985 4.55250 4.48006 4.46250 4.50365 4.45956 4.34367 4.38866 4.48673 4.51601 4.47963 4.42627 4.41368 4.36433 4.26547 4.21303 4.19739 4.01429 3.93120 3.98320 4.01245 4.10791 3.97626 3.85668 3.70206 3.67502 3.83690 4.04378 3.99108 3.70675 3.74623 3.86016 3.91207 3.82296 3.81962
4.61622 4.55955 4.37276 4.14524 4.12099 4.16504 4.09830 4.04149 4.08559 4.16849 3.93501 3.61811 3.74484 4.14016 4.28986 4.21138 4.27166 4.37646 4.37824 4.46011 4.51030 4.52427 4.54696 4.58333 4.62402 4.65732 4.67064 4.67103 4.66494 4.63952 4.61294 4.60025 4.57341 4.51420 4.46188 4.42188 4.30987 4.21967 4.32999 4.45706 4.50052 4.40651 4.26465 4.21455 4.21380 4.16586 4.04286 3.85791 3.66611 3.66713 3.71303 3.71050 3.82251 3.75615 3.70636 3.59432 3.62689 3.76006 3.79180 3.78802 3.63077 3.81794 3.87703 4.00820 3.93897 3.99641
4.59174 4.52616 4.29999 4.08246 4.07359 4.03787 3.94402 3.95398 4.10785 3.88834 3.93587 3.99008 4.28203 4.35384 4.39472 4.42142 4.38501 4.49038 4.47430 4.49425 4.51433 4.52961 4.53849 4.55650 4.59353 4.63519 4.66635 4.68023 4.68352 4.66267 4.63011 4.60948 4.58594 4.55033 4.49040 4.36477 4.20673 4.14539 4.17664 4.32946 4.43091 4.24870 4.04134 4.02467 3.99221 3.90137 3.74137 3.57562 3.48743 3.55234 3.63325 3.64450 3.79650 3.76138 3.69686 3.65556 3.69154 3.74220 3.66934 3.63641 3.66166 3.91586 3.89005 3.92868 3.76747 3.76436
4.52864 4.46508 4.18015 3.99615 3.98885 4.00576 4.05035 4.11373 4.04423 4.20775 4.30337 4.35697 4.42036 4.41565 4.45128 4.51254 4.45068 4.52192 4.52711 4.55355 4.57487 4.58635 4.56004 4.53649 4.56587 4.61776 4.64650 4.66508 4.67387 4.65453 4.62269 4.60283 4.58396 4.56210 4.49400 4.36199 4.23244 4.20420 4.11188 4.16734 4.34070 4.06765 3.94909 4.08578 4.06904 3.93883 3.67510 3.44218 3.37436 3.49051 3.58525 3.66137 3.93930 3.76282 3.64596 3.65858 3.67952 3.68020 3.65026 3.66825 3.77340 3.78678 3.71517 3.53755 3.38024 3.37874
4.43536 4.36974 3.90943 3.81609 4.10274 4.31790 4.27029 4.28108 4.44903 4.44413 4.42018 4.46764 4.44293 4.44225 4.49193 4.51191 4.47234 4.51714 4.50422 4.54737 4.59466 4.61219 4.54505 4.50772 4.56003 4.60974 4.63122 4.65246 4.65126 4.61753 4.57657 4.54857 4.53208 4.52250 4.47322 4.36284 4.27433 4.28068 4.15445 4.07457 4.23039 3.98142 3.95348 4.14336 4.14584 3.92868 3.45962 3.09631 3.11280 3.33681 3.39745 3.58595 3.93068 3.64811 3.52326 3.57185 3.57103 3.59283 3.66344 3.76981 3.75526 3.67181 3.52375 3.29206 3.24312 3.25712
4.33725 4.21704 3.66791 3.76969 4.31173 4.44215 4.47900 4.47557 4.54070 4.46891 4.41097 4.45286 4.45865 4.47770 4.52248 4.51726 4.47553 4.48123 4.48862 4.53106 4.55050 4.57333 4.50525 4.50723 4.57152 4.60310 4.63024 4.64268 4.61873 4.56498 4.50307 4.46473 4.44403 4.44022 4.44004 4.38942 4.31452 4.31711 4.28384 4.06050 4.04183 3.96393 4.05575 4.13030 4.09001 3.67893 2.88049 1.99733 2.42208 2.93894 3.10114 3.46313 3.77877 3.49863 3.40112 3.48875 3.51242 3.54772 3.61586 3.68610 3.71467 3.56682 3.36431 3.23193 3.36225 3.38338
4.33471 3.96899 3.86637 4.25830 4.42453 4.49037 4.48543 4.47605 4.51883 4.49686 4.40955 4.38779 4.45887 4.52532 4.56934 4.55693 4.52390 4.51570 4.54581 4.55853 4.53417 4.54062 4.50490 4.53802 4.57406 4.58825 4.60306 4.61082 4.56772 4.47787 4.38215 4.34813 4.32970 4.31941 4.36491 4.42228 4.35280 4.30252 4.32777 4.17302 4.00727 3.97416 3.95616 3.77100 3.58118 3.11562 1.80218 1.10889 1.98677 2.55785 2.71097 3.22757 3.56097 3.38926 3.38865 3.55202 3.61521 3.57282 3.51892 3.59748 3.69081 3.42710 3.29215 3.30882 3.41137 3.40459
