mrvbf_slope0.5_pctl1.1.asc
NCOLS 410
NROWS 410
XLLCORNER 2398750.0000000000000000
YLLCORNER 2548750.0000000000000000
CELLSIZE 250.0000000000000000
NODATA_VALUE -99999.00000
[rows 116 to 144 of 410, columns 198 to 263 of 410]
3.23822 5.05085 5.03652 4.48171 4.47342 3.79451 2.95920 3.90897 4.53808 5.27026 5.20939 5.19854 5.40642 5.46825 5.48596 5.53855 5.52016 5.47344 5.47432 5.49538 5.39400 5.18204 5.08861 5.10347 5.25553 5.29689 5.29863 5.10189 4.80091 4.87492 4.70980 4.89200 5.05359 4.80318 4.66189 4.41244 4.31693 4.55236 4.82802 4.83129 4.96665 4.94591 4.81709 4.81503 4.77858 4.74314 4.57779 4.87622 5.11244 4.87897 4.62692 4.50166 4.36030 3.62089 3.37605 3.93841 4.10040 4.00955 -99999.00000 -99999.00000 -99999.00000 -99999.00000 -99999.00000 -99999.00000 -99999.00000 -99999.00000
1.22115 3.81381 4.60031 4.89144 4.41146 4.64320 4.42528 4.13471 4.72849 5.04671 5.07860 5.16979 5.28805 5.39192 5.47645 5.52682 5.50351 5.46975 5.46731 5.51019 5.41910 5.09113 5.04383 4.95174 4.90541 5.21759 5.32549 5.25141 5.05806 4.89899 4.77025 4.92278 4.85687 4.72567 4.78509 4.55318 4.46447 4.54077 4.43384 4.49407 4.73483 4.82958 4.65502 4.72444 4.72217 4.74540 4.78907 4.97052 4.82796 4.45785 4.31335 4.34665 4.18730 3.41194 3.54702 3.87885 3.89004 3.95624 3.78798 2.50990 -99999.00000 -99999.00000 -99999.00000 -99999.00000 -99999.00000 -99999.00000
0.95913 3.19387 4.98427 5.08671 4.57459 4.45952 5.02809 4.84511 4.45956 5.06591 4.91874 5.10659 5.39794 5.38821 5.44132 5.49922 5.51355 5.52106 5.50960 5.43957 5.35504 5.16376 4.97966 5.22156 4.99358 5.16874 5.38315 5.24729 5.18895 5.07964 4.79964 4.81395 4.56704 4.63192 4.93225 4.62279 4.45977 4.34010 4.35551 4.56203 4.80449 4.70142 4.56607 4.58964 4.81445 4.80933 5.11754 5.09848 4.63568 4.37156 4.57710 4.44358 4.28012 4.06473 3.47112 3.88010 4.08596 3.95438 3.17713 2.18041 1.48567 -99999.00000 -99999.00000 -99999.00000 -99999.00000 -99999.00000
2.12557 4.57251 5.25524 5.22320 3.83954 3.39614 4.44723 5.13482 5.12509 5.32525 5.30636 5.26563 5.36875 5.27367 5.41348 5.48988 5.54006 5.54355 5.51449 5.49491 5.38004 5.24033 5.09846 5.21283 4.78569 5.11552 5.36907 5.23275 5.27197 5.12786 4.81992 4.72588 4.75909 4.83841 4.75725 4.50913 4.47858 4.42702 4.55944 4.88354 4.83655 4.45823 4.33848 4.46109 4.61819 4.76319 5.13027 5.04653 4.64010 4.37455 4.66109 4.67011 4.55340 4.26205 3.65258 3.66811 4.27024 3.96828 3.41934 2.97782 2.11253 1.65448 -99999.00000 -99999.00000 -99999.00000 -99999.00000
4.41753 4.99499 5.33027 4.71184 2.24093 2.60648 3.42421 4.98026 5.36944 5.46074 5.41151 5.19537 5.05089 4.97785 5.25964 5.34145 5.46270 5.51992 5.48409 5.45922 5.43438 5.36047 5.24106 4.80480 4.55722 4.67093 5.16082 5.15269 5.17068 5.04757 4.89523 4.76213 5.06505 5.10695 4.75237 4.67857 4.70375 4.58436 4.70622 4.96807 4.90105 4.64967 4.41773 4.58886 4.70259 4.76804 5.03934 5.02857 4.66117 4.36989 4.36833 4.53078 4.47721 4.00115 3.70102 4.21463 4.37875 4.12523 3.92976 3.67233 3.23045 3.21227 4.15184 -99999.00000 -99999.00000 -99999.00000
4.57521 4.50647 5.04876 4.10447 0.93568 2.43328 2.07747 4.55293 5.28617 5.38205 5.42888 5.29949 4.84844 4.95043 5.22289 5.13015 5.23092 5.41142 5.42397 5.38665 5.41614 5.35211 5.16680 4.82950 4.80179 4.34841 4.70272 4.94295 5.06070 5.11637 4.97030 4.80167 5.08716 5.10531 4.82881 4.64396 4.64558 4.64774 4.71312 4.79863 5.05958 4.91693 4.78925 4.92279 4.81241 4.59291 4.74742 4.94249 4.79408 4.45079 4.24990 4.19975 4.12928 3.94368 4.24869 4.53186 4.59696 4.52819 4.05565 3.54924 3.48999 3.62008 4.34204 4.56882 -99999.00000 -99999.00000
2.14790 1.84845 3.21684 3.24697 0.64945 1.52434 1.69887 4.36223 5.15598 5.41237 5.42036 5.24869 5.15071 4.84788 5.02663 4.94959 5.09421 5.20364 5.22959 5.26706 5.32553 5.37041 5.33348 4.97935 4.77112 4.21479 4.16012 4.97069 5.26201 5.18096 4.99708 5.13290 5.26646 5.10235 4.54878 4.29321 4.22132 4.51522 4.68975 4.72018 4.79168 4.90360 4.61540 4.62804 4.84659 4.85834 4.61679 4.74187 4.73253 4.41464 4.10828 3.94950 4.11795 4.26210 4.49850 4.65692 4.55580 4.36135 3.92014 3.79640 3.99184 3.90261 4.04357 4.62337 5.06475 -99999.00000
1.99554 2.56982 1.96362 2.40150 2.57112 0.89973 3.41900 4.86149 4.99725 5.26103 5.29555 5.28882 5.36156 5.25468 5.28169 5.17469 5.21527 5.06316 5.02857 5.13874 5.05673 5.17356 5.15556 4.57086 4.47379 3.82514 3.92118 4.61504 5.09941 5.21934 5.15027 5.06794 5.07820 4.72770 4.42430 4.07238 4.15462 4.31512 4.48354 4.71068 4.64211 4.81991 4.48564 4.32165 4.53047 4.75636 4.69166 4.47677 4.31489 4.45470 4.33089 4.06545 4.07720 4.36501 4.49809 4.41698 4.19855 4.06758 4.16740 4.42778 4.13243 3.65166 4.04642 4.33734 4.65505 -99999.00000
1.36711 0.99922 1.86800 3.82816 2.50584 3.40364 4.80195 5.06253 5.22207 5.26589 5.29152 5.41625 5.40777 5.38469 5.14023 5.21198 5.32234 5.28038 5.12566 4.91545 4.98098 5.23009 5.14615 4.68991 3.96559 3.82327 4.21879 3.91187 4.54304 5.21622 5.02082 4.87809 4.74544 4.55691 4.63384 4.19183 4.02781 4.27212 4.31579 4.39021 4.38028 4.61161 4.45305 4.39845 4.48255 4.53691 4.60631 4.28621 4.09218 4.26633 4.13519 3.83870 3.80892 4.39472 4.32355 4.18672 4.34011 4.31869 4.35403 4.37077 3.88834 3.51749 3.96586 3.94970 3.90195 4.07886
4.23100 1.11168 0.94327 3.01427 4.36146 5.09977 5.27246 5.32298 5.36348 5.30729 5.31102 5.28504 5.24132 4.93498 4.15620 4.67618 5.15791 5.26937 5.30890 5.18612 5.01881 4.92912 4.88043 4.47638 4.18136 4.33118 3.95239 3.49102 3.74243 4.40515 4.17201 4.28252 4.28107 4.51551 4.66680 4.61439 4.63740 4.52690 4.46833 4.39834 4.18771 3.90583 4.18111 4.50091 4.58913 4.47421 4.49450 4.09226 3.95577 4.33063 4.42304 4.16785 3.95068 3.97216 4.05453 4.01422 4.39629 4.16428 3.94332 4.25564 4.23508 3.66560 3.18945 3.46931 3.76486 4.05262
3.45146 0.61976 1.54739 0.74221 3.78741 5.00296 4.97088 5.18317 5.25403 5.13196 4.55088 4.37517 4.71392 4.09417 4.25549 4.42735 4.90033 5.27575 5.27745 5.37239 5.34668 5.24633 5.17188 4.95885 4.74980 4.17954 3.56544 3.18171 3.49556 3.51391 3.98900 4.47718 4.58180 4.65470 4.30552 4.34963 4.62397 4.59784 4.44962 4.62441 4.35104 3.92936 3.84402 4.39957 4.54090 4.51157 4.43372 4.36914 4.27484 4.22873 4.50804 4.41127 3.83536 3.52565 3.68064 3.90189 4.27520 4.18456 4.35565 4.07842 3.93365 3.35734 2.32257 2.62783 3.59183 4.33374
4.49830 0.98844 1.27730 1.06519 3.53303 4.91847 4.95402 4.96246 4.99284 4.03855 2.86795 3.31626 3.99685 3.69205 4.14324 5.13689 5.39079 5.35231 5.37536 5.43021 5.44626 5.35785 5.26680 5.12173 4.94114 4.61738 4.05508 3.65149 3.75731 4.00458 4.00708 4.21587 4.23218 4.37638 4.30770 4.69515 4.93081 4.59994 4.47616 4.56986 4.25310 3.86944 4.16514 4.36224 4.41913 4.67664 4.71158 4.39667 4.32884 4.34449 4.42471 4.26271 3.89688 3.35463 3.13498 3.30072 4.17789 4.38677 4.31587 4.20529 4.05425 3.16608 2.77061 2.32857 3.23326 3.92414
5.08384 3.25283 1.11791 2.53615 2.17816 3.88128 4.84027 4.71538 4.21313 2.93491 2.34606 2.26161 2.26202 2.82665 3.55922 5.16465 5.45626 5.41497 5.35457 5.40949 5.41781 5.36781 5.32006 5.23552 4.91236 5.13020 4.85521 4.34868 4.03937 4.40655 4.34665 4.58446 4.63355 4.87536 4.78617 4.73906 4.53915 4.58903 4.27221 4.28351 4.22647 4.15249 4.32891 4.44706 4.42299 4.67295 4.85478 4.66410 4.34579 4.27706 4.33571 4.15974 4.03362 3.53217 3.29962 4.06938 4.51955 4.32733 4.12169 4.27305 3.98632 3.48940 2.69423 3.26699 3.85148 3.79656
5.25111 4.88197 3.30529 1.74836 1.75872 2.07619 3.20126 3.59673 2.71521 1.90964 1.49031 1.69830 1.16572 2.37748 2.93873 4.72154 5.33443 5.38646 5.41228 5.42807 5.41432 5.39598 5.35302 5.27560 5.03678 5.09535 4.89107 4.56567 4.01629 4.31125 3.96228 4.56080 4.63799 4.87797 4.64901 4.22884 3.85624 4.10679 4.17128 4.12761 4.10751 4.19707 4.40500 4.34816 4.38739 4.70835 4.65939 4.52263 4.39514 4.42032 4.43833 4.20618 3.96238 3.95026 4.11659 4.43441 4.54464 4.14902 3.88160 4.01872 3.88408 3.83180 3.63257 3.94127 4.20780 4.09468
5.41739 5.32794 3.90038 1.53888 1.98439 0.60512 0.50478 1.12744 2.54830 1.10319 0.86128 2.15203 2.85598 1.92401 3.48864 4.60599 4.99127 5.17359 5.36070 5.40314 5.42309 5.27507 5.19863 5.22322 5.17882 4.93663 4.74129 4.79399 4.38834 3.96872 4.32491 4.37508 4.40138 4.48309 4.25311 3.71427 3.82356 3.44421 3.67086 3.90577 3.98791 4.18192 4.34122 4.43085 4.72805 4.80768 4.56585 4.53905 4.53628 4.55342 4.56519 4.43143 4.06830 3.92288 4.19179 4.26137 4.26680 4.21217 3.79859 3.40503 3.88542 4.24812 4.24984 4.12542 4.16128 3.94599
5.47685 5.43147 5.05206 3.04406 1.10262 1.34387 1.85848 0.78945 1.29872 1.57242 2.68250 2.25460 2.76887 3.15253 3.36077 4.05223 4.69256 4.99616 5.29615 5.39703 5.29906 5.13231 5.18533 5.20649 5.06417 4.70786 4.82621 5.02600 4.83659 4.45981 4.46072 4.28942 4.27009 4.56412 4.36094 3.89697 3.53895 3.54393 3.60735 3.44323 3.79598 3.99825 4.23478 4.45674 4.51602 4.46101 4.60672 4.68804 4.61164 4.51567 4.33214 4.22927 4.04114 4.08225 4.37885 4.22875 4.07543 4.18514 3.94604 3.68170 3.35654 3.96558 4.20060 3.72632 3.62254 3.69272
5.28333 5.36557 5.30517 4.84883 3.61132 3.03837 1.91551 2.81199 2.26478 2.16114 2.54610 2.30907 2.40652 2.52411 2.37840 3.09088 4.09498 4.75203 5.08932 5.29162 5.11586 5.13340 5.26943 5.29950 5.08382 4.90814 4.70219 4.92002 4.91873 4.81793 4.26549 4.12034 4.14622 4.49735 4.56702 4.41961 4.30938 4.08030 3.62013 3.66250 3.71519 3.49246 3.94432 4.11776 4.19834 4.21134 4.30954 4.49426 4.55352 4.34005 4.17818 4.21265 4.15507 4.05974 4.23823 4.15595 4.26562 4.25464 3.99045 3.76848 3.67432 3.55162 3.73125 3.23447 2.98951 3.00305
4.83537 5.26959 5.31745 5.15995 5.03366 4.71893 3.66765 3.10239 2.31647 2.48634 2.70437 2.64819 2.62619 2.62319 2.70698 2.56636 3.30750 4.25533 4.67347 4.94033 5.13297 5.22115 5.31035 5.30275 5.24228 4.96082 4.98028 4.87488 4.88025 4.61780 4.32548 4.11363 4.43017 4.54797 4.69740 4.63025 4.81710 4.17178 3.44831 3.37668 3.50222 3.60000 3.71569 3.83706 3.88639 4.14285 3.91570 4.31504 4.38512 4.22210 4.30807 4.17776 3.84246 3.73988 4.01321 4.22879 4.26607 4.26383 4.14986 3.89263 3.54836 3.73099 3.32596 2.87959 2.89522 3.26662
3.48366 4.94854 4.95515 4.60155 4.85164 4.89340 4.68369 3.91338 2.65326 2.36319 2.44496 2.54549 2.66039 2.69233 2.70795 2.87110 3.06349 3.55294 4.27073 4.73617 4.99185 5.11291 5.15660 4.82475 4.91176 4.87609 4.64682 4.76683 4.77208 4.44468 4.34578 4.27314 4.50626 4.59755 4.50990 4.43577 4.61678 3.96418 3.40577 2.77421 3.37863 3.79973 3.75941 3.67467 3.85497 4.06853 3.85103 4.15195 4.36946 4.28045 4.17605 4.14621 4.19208 3.85498 3.48897 3.96431 4.09758 4.27648 4.26419 4.05229 3.87820 3.54108 3.12758 2.63385 2.98115 3.57490
2.63589 4.29154 4.47828 4.79385 4.61946 4.85200 4.70269 4.49110 3.89761 3.07098 2.73539 2.61861 2.63382 2.64720 2.70958 2.76910 3.05717 3.12081 3.62680 3.57748 4.23477 4.78362 4.26430 3.76170 4.07477 4.80541 4.95323 4.87961 4.88280 4.37520 4.27734 4.33315 4.34990 4.28676 4.15235 4.22499 4.18636 3.81725 2.57232 2.13181 2.34775 3.34782 3.57614 3.66178 3.86981 4.12187 3.69490 3.84770 3.85777 4.13657 4.01318 3.80124 3.94593 3.69398 3.44851 3.31956 3.38015 4.03928 4.25644 4.12538 4.12456 3.57693 3.05135 2.62374 3.35405 3.39719
2.87749 3.78522 4.51446 4.48708 4.86595 5.12856 5.08726 4.84761 4.46087 3.59172 3.25927 2.89049 2.78048 2.62628 2.68123 2.65219 2.71541 2.96346 2.98786 2.14421 3.18816 3.97246 3.62925 3.57733 3.53616 4.36564 5.01995 4.69138 4.64969 4.61280 4.60765 4.35574 4.36105 4.18563 3.65782 3.42486 3.69917 3.01764 1.58017 2.02648 1.88061 3.07953 3.60943 3.66792 3.71199 4.00046 3.80840 3.98137 3.76916 3.36908 3.66315 3.90617 4.08922 3.57740 3.23417 3.50754 3.30570 3.14980 3.71710 4.16363 4.13466 3.82200 3.24392 2.82935 3.21518 3.43691
2.85126 3.81908 4.15517 4.73931 5.17249 5.22597 5.15920 5.11651 4.97076 4.31927 3.46754 3.41459 3.14921 2.55419 2.46216 2.59324 2.65085 2.62493 2.60999 2.56589 2.33910 3.47346 3.44770 3.31304 3.36024 3.61665 3.99337 4.14841 4.34963 4.71781 4.82346 4.61734 4.41178 3.71002 2.91400 3.15374 2.81162 2.07059 2.02227 1.69383 2.55437 3.63287 3.75513 3.78979 4.04245 4.15043 3.84066 3.91018 3.39774 3.44015 4.05199 4.12129 3.76727 3.45674 3.24642 3.18135 3.12620 3.32488 3.45667 4.10085 3.67493 3.61781 3.46550 3.06882 3.06894 3.55224
3.62849 4.31696 4.31664 4.72103 5.21200 5.29096 5.19621 5.18960 5.11012 4.86267 4.26880 4.25460 3.68590 2.84183 2.37852 2.38165 2.44237 2.70264 2.81906 2.64083 2.86725 3.14246 2.62989 3.07897 1.62675 1.21467 2.26943 2.82385 3.73690 4.44891 4.45575 4.21400 4.05126 3.85665 3.32004 2.47261 3.26685 2.53751 1.62100 2.53465 3.58048 3.85928 3.92465 4.07375 4.27152 4.14538 3.87336 3.73245 3.38319 4.07793 4.18283 3.77383 3.63477 3.78302 3.50188 3.42131 3.59427 3.39988 3.81092 3.99927 3.72271 3.41665 3.70287 3.59825 3.20422 3.22976
3.73938 4.27784 4.53452 4.40616 4.83472 5.13820 5.00194 5.02997 4.88478 4.84512 4.77038 4.76705 4.37309 3.76650 3.19552 2.97700 2.75764 2.70590 3.13949 2.85939 2.68241 2.59191 2.80550 3.33787 2.55297 2.35544 2.45864 2.26806 3.10491 4.06967 4.38341 4.17690 4.01472 4.20537 4.01748 3.88199 4.04667 3.65107 3.37374 3.90665 4.06919 3.95225 3.99500 4.08589 4.26319 4.03420 3.58906 3.64132 4.09970 4.37251 4.08885 3.79672 3.86164 3.72140 3.73106 3.67918 4.18450 3.95689 3.85051 3.83505 3.38001 3.43078 3.42329 3.18365 3.11058 3.00376
3.33749 3.98990 3.88098 3.92315 4.30547 4.90632 4.82199 4.80181 4.77653 4.68411 4.77516 4.81564 4.89252 4.61133 4.18477 4.02229 3.70440 3.27557 2.65647 2.58351 2.76349 2.69031 2.61250 2.95270 2.51050 2.22490 2.25300 2.64198 3.61919 4.27810 4.31701 4.48597 4.52068 4.35744 4.33056 4.35240 4.40093 4.17256 4.26022 4.24402 4.12494 4.12134 4.28893 4.33058 4.34425 4.03054 3.91890 4.08207 4.37514 4.36789 4.06426 4.00169 4.19416 4.02237 3.93597 3.98500 4.10653 4.15505 4.33341 4.12983 3.78348 3.47767 2.86069 2.92788 2.76926 2.91992
3.53534 3.31504 3.22846 3.45670 4.17146 4.45645 4.51566 4.49572 4.59100 4.61761 4.58785 4.62009 4.82661 4.99103 4.56603 4.27917 4.13074 3.88542 3.15272 2.47593 2.64571 2.69189 2.67098 3.09777 3.41498 3.31372 3.14757 3.53660 3.89347 4.12502 4.33183 4.61402 4.70763 4.67949 4.57661 4.43150 4.56769 4.38708 4.16993 4.15856 4.36116 4.35509 4.38391 4.44409 4.43523 4.29280 4.36833 4.31996 4.29593 4.22233 4.06061 4.14183 4.50321 4.47371 4.34893 4.47527 4.44274 4.18841 4.30265 4.31790 4.10188 3.92028 3.15468 2.85384 3.00303 2.88985
3.15473 2.89314 3.11756 2.86304 3.16926 4.08392 4.40329 4.38179 4.43014 4.51189 4.50972 4.39360 4.71800 4.79116 4.42414 4.43921 4.59252 4.22037 3.45962 2.42028 2.53286 2.67552 2.70822 2.66988 3.19853 2.64612 1.73670 2.82172 3.69168 3.93884 4.13666 4.33685 4.54184 4.54686 4.67698 4.52679 4.46083 4.39217 4.26876 4.38870 4.47005 4.33328 4.40022 4.42575 4.48935 4.56309 4.54895 4.39605 4.23981 4.23771 4.05346 4.05130 4.45762 4.60705 4.61855 4.62153 4.49071 4.28519 4.27054 4.35191 4.17506 4.25872 4.01197 3.70868 3.13983 3.20433
2.42100 2.31633 2.44614 2.53491 2.61715 2.92609 3.67054 3.93929 4.11865 4.54646 4.48705 4.25580 4.42945 4.49287 4.39715 4.57395 4.58106 4.24077 3.10906 1.55038 2.44800 2.73957 3.01745 2.69443 2.79182 2.46015 2.13350 1.39196 3.21516 3.69822 3.80141 3.81874 4.29033 4.44326 4.53399 4.45219 4.37724 4.44614 4.36719 4.40497 4.39904 4.39504 4.31641 4.37277 4.52479 4.62287 4.67461 4.55897 4.13668 4.00156 4.11056 4.24271 4.47397 4.71283 4.77127 4.70651 4.66928 4.48150 4.22091 4.14542 4.13964 4.25337 4.15472 3.98278 3.65152 3.60312
1.50892 1.60943 2.06657 2.34130 2.43774 2.58462 2.81802 3.32656 3.81787 4.19101 4.19661 4.26299 4.19909 4.30449 4.67036 4.59487 4.57106 4.46485 3.81638 2.48831 1.57796 2.12473 2.68662 2.64558 3.15178 2.65052 2.66533 2.33547 3.03012 3.22349 2.87719 2.92800 3.45374 4.14149 4.19012 4.24516 4.31421 4.45372 4.43933 4.47177 4.51816 4.38382 4.40451 4.43138 4.38142 4.37468 4.44292 4.45722 4.06875 3.85187 4.16664 4.29582 4.48563 4.70306 4.80799 4.83592 4.75743 4.52765 4.20577 3.98681 4.10089 4.29981 4.34205 4.12606 4.04970 3.87844
