mrvbf_slope0.7_pctl1.2.asc
NCOLS 410
NROWS 410
XLLCORNER 2398750.0000000000000000
YLLCORNER 2548750.0000000000000000
CELLSIZE 250.0000000000000000
NODATA_VALUE -99999.00000
[rows 203 to 231 of 410, columns 0 to 65 of 410]
-99999.00000 -99999.00000 -99999.00000 -99999.00000 -99999.00000 5.64396 5.68390 5.63075 5.55627 5.52592 5.44911 5.44005 5.53307 5.56110 5.47312 5.40631 5.38087 5.42326 5.43924 5.51977 5.57505 5.57717 5.59011 5.58549 5.58242 5.58117 5.53807 5.47325 5.43461 5.44447 5.47029 5.47067 5.43469 5.41088 5.39826 5.40506 5.44736 5.47760 5.51860 5.53844 5.56947 5.63922 5.64481 5.55144 5.48265 5.48632 5.48746 5.46131 5.44262 5.43352 5.45123 5.47509 5.49258 5.50050 5.49852 5.48459 5.44959 5.39807 5.32123 5.21775 5.24548 5.26062 5.30126 5.39687 5.38111 5.26604
-99999.00000 -99999.00000 -99999.00000 -99999.00000 -99999.00000 5.63820 5.66196 5.58554 5.54658 5.53687 5.41614 5.36962 5.48171 5.43986 5.34376 5.35503 5.40643 5.43024 5.47660 5.55771 5.58224 5.58596 5.56464 5.57796 5.57604 5.58445 5.56572 5.47998 5.41731 5.44240 5.46077 5.44210 5.40999 5.37987 5.38229 5.39787 5.43533 5.48974 5.53762 5.55799 5.59997 5.61749 5.60044 5.53908 5.47198 5.43937 5.43328 5.43391 5.44047 5.43627 5.46226 5.49204 5.50619 5.50993 5.50396 5.49042 5.47179 5.45859 5.43298 5.36112 5.30536 5.29155 5.35656 5.45195 5.48308 5.32814
-99999.00000 -99999.00000 -99999.00000 -99999.00000 -99999.00000 5.59066 5.63035 5.59551 5.53747 5.51559 5.46060 5.32320 5.34132 5.25682 5.25028 5.36398 5.46515 5.47133 5.52180 5.56497 5.57446 5.62111 5.59984 5.57707 5.59026 5.58937 5.55197 5.49374 5.44190 5.45447 5.43598 5.39844 5.36833 5.34114 5.36543 5.42437 5.49768 5.54163 5.57110 5.58059 5.58342 5.53942 5.51141 5.48645 5.44161 5.40562 5.40449 5.42145 5.45319 5.46776 5.49117 5.51917 5.52809 5.52863 5.52157 5.49277 5.46547 5.48054 5.47441 5.38561 5.30133 5.33422 5.42572 5.48751 5.47008 5.36693
-99999.00000 -99999.00000 -99999.00000 -99999.00000 -99999.00000 5.53453 5.59269 5.64226 5.56042 5.52148 5.52362 5.42695 5.32267 5.19182 5.16059 5.18309 5.26856 5.44636 5.53477 5.55305 5.54627 5.58096 5.60944 5.61236 5.64548 5.63778 5.57779 5.52638 5.46606 5.42452 5.38431 5.35526 5.33396 5.31341 5.32312 5.37630 5.48643 5.55143 5.53126 5.51861 5.51804 5.47871 5.46073 5.43796 5.40861 5.38608 5.38969 5.42372 5.46288 5.48880 5.51317 5.55002 5.56684 5.56230 5.51877 5.43386 5.40616 5.41160 5.41833 5.36220 5.33316 5.39630 5.46894 5.50325 5.48308 5.44803
-99999.00000 -99999.00000 -99999.00000 -99999.00000 -99999.00000 5.50523 5.59916 5.66527 5.56892 5.52477 5.53695 5.50377 5.44536 5.37634 5.24011 5.08555 4.83372 5.31859 5.48727 5.51855 5.48654 5.46093 5.48281 5.52613 5.56789 5.57252 5.53346 5.49959 5.44993 5.39981 5.36897 5.35710 5.33974 5.31572 5.29360 5.31198 5.42783 5.49965 5.48355 5.47030 5.48583 5.39819 5.41980 5.42269 5.39233 5.38053 5.38687 5.41968 5.44520 5.47036 5.50672 5.55696 5.59158 5.54927 5.43511 5.34148 5.38933 5.39145 5.37609 5.35883 5.40024 5.47491 5.52089 5.53333 5.53121 5.52676
-99999.00000 -99999.00000 -99999.00000 -99999.00000 -99999.00000 5.46951 5.54407 5.61367 5.54223 5.49811 5.51404 5.54403 5.55386 5.51125 5.35027 5.15798 5.11200 5.14918 5.44835 5.47327 5.40162 5.33458 5.33828 5.39928 5.46567 5.49183 5.48037 5.47920 5.45696 5.43269 5.42667 5.41448 5.37300 5.32168 5.28369 5.30023 5.39850 5.49846 5.49192 5.46391 5.45807 5.33234 5.32223 5.39886 5.42322 5.42155 5.42395 5.42728 5.41748 5.43566 5.48572 5.53999 5.55491 5.48675 5.36215 5.35764 5.44803 5.45649 5.43327 5.42081 5.45894 5.51439 5.54859 5.55459 5.55510 5.54898
-99999.00000 -99999.00000 -99999.00000 -99999.00000 -99999.00000 5.42815 5.47644 5.54438 5.49720 5.46320 5.50070 5.56930 5.62608 5.59444 5.44804 5.27042 5.12909 5.20510 5.37160 5.37717 5.35408 5.35216 5.32301 5.34712 5.42346 5.47867 5.48367 5.47482 5.46438 5.47739 5.49604 5.47612 5.40225 5.30975 5.26379 5.30086 5.39204 5.47786 5.52039 5.50707 5.42170 5.29707 5.16638 5.37037 5.47952 5.49249 5.47315 5.43754 5.40956 5.42100 5.45419 5.46582 5.45122 5.43163 5.36533 5.32910 5.40851 5.47092 5.47044 5.45975 5.47545 5.49116 5.49518 5.49175 5.48957 5.47770
-99999.00000 -99999.00000 -99999.00000 -99999.00000 -99999.00000 5.44066 5.44436 5.48453 5.45512 5.43290 5.48089 5.54687 5.61079 5.63476 5.53268 5.42234 5.22439 5.28568 5.29121 5.38141 5.42776 5.45268 5.38518 5.35275 5.42382 5.49849 5.47087 5.44117 5.45091 5.49149 5.51692 5.49006 5.40656 5.30705 5.26156 5.31423 5.41578 5.45278 5.46319 5.44741 5.39598 5.22646 5.20861 5.40397 5.51627 5.52037 5.49546 5.44512 5.42023 5.44004 5.40253 5.29239 5.20221 5.22551 5.30898 5.33456 5.38250 5.43524 5.44279 5.42860 5.42759 5.43033 5.42333 5.40618 5.39078 5.36733
-99999.00000 -99999.00000 -99999.00000 -99999.00000 -99999.00000 5.50523 5.46028 5.45986 5.43019 5.40506 5.45108 5.50558 5.56119 5.62702 5.58378 5.48194 5.34467 5.17226 5.27331 5.42440 5.47095 5.47401 5.39920 5.32591 5.39288 5.47626 5.42269 5.41597 5.43117 5.45015 5.47740 5.47426 5.40278 5.31894 5.29829 5.35446 5.44122 5.48176 5.46911 5.45841 5.43479 5.30658 5.31635 5.45911 5.47175 5.49688 5.50717 5.44773 5.42162 5.45934 5.32574 5.08115 4.92440 4.89960 4.99306 5.15843 5.29792 5.37542 5.38792 5.35396 5.34365 5.36336 5.36290 5.33660 5.31803 5.30390
-99999.00000 -99999.00000 -99999.00000 -99999.00000 -99999.00000 5.55670 5.48858 5.45341 5.41852 5.39224 5.44588 5.47994 5.51931 5.59439 5.58156 5.47329 5.30484 5.05212 5.25357 5.33375 5.39693 5.41375 5.35883 5.25866 5.32003 5.41146 5.38280 5.43686 5.40963 5.37935 5.42514 5.44284 5.38056 5.31990 5.33299 5.39869 5.48246 5.53580 5.52595 5.52765 5.50285 5.40106 5.39688 5.41804 5.47889 5.51874 5.49597 5.42770 5.40954 5.40252 5.18390 4.98577 4.97884 4.90788 4.87214 4.97082 5.14172 5.26724 5.29555 5.27044 5.28987 5.33120 5.32300 5.29450 5.30276 5.34256
-99999.00000 -99999.00000 -99999.00000 -99999.00000 -99999.00000 5.47086 5.48284 5.43433 5.36699 5.38876 5.45595 5.44657 5.49454 5.56781 5.50287 5.42002 5.32234 5.06795 5.22330 5.27439 5.34152 5.37255 5.32279 5.21367 5.25904 5.37580 5.40990 5.47063 5.38812 5.31091 5.34335 5.35551 5.32402 5.31876 5.35662 5.42159 5.50555 5.56492 5.54107 5.52704 5.51161 5.45351 5.44319 5.46686 5.54894 5.57513 5.51381 5.43930 5.42252 5.30848 5.04670 5.01263 5.19353 5.20106 5.12153 5.09634 5.16586 5.27154 5.30624 5.30755 5.34120 5.35191 5.30835 5.29136 5.33891 5.41882
-99999.00000 -99999.00000 -99999.00000 -99999.00000 -99999.00000 5.20876 5.36128 5.27881 5.18818 5.37820 5.40895 5.43094 5.52577 5.54831 5.42465 5.38535 5.24830 4.91927 5.21217 5.38683 5.42622 5.42780 5.34589 5.21175 5.25646 5.39548 5.44412 5.46862 5.32785 5.20055 5.21052 5.25497 5.30720 5.36629 5.39909 5.44207 5.50457 5.52578 5.47782 5.46645 5.43885 5.40050 5.40850 5.40542 5.46205 5.51765 5.50044 5.40504 5.31217 5.14836 5.02716 5.11991 5.31441 5.40611 5.38397 5.33803 5.32927 5.39188 5.43172 5.42929 5.40734 5.34589 5.30576 5.35408 5.38244 5.43656
-99999.00000 -99999.00000 -99999.00000 -99999.00000 -99999.00000 4.79683 4.89428 5.01625 5.13734 5.16938 5.39795 5.50303 5.53689 5.45418 5.32794 5.29040 5.20773 4.82190 5.22002 5.45873 5.51426 5.51252 5.40726 5.22069 5.24282 5.41287 5.44107 5.40891 5.18893 5.02010 5.09149 5.26804 5.39111 5.44153 5.41645 5.39624 5.41465 5.39247 5.28302 5.22330 5.27606 5.33779 5.37471 5.37126 5.38303 5.46038 5.48773 5.38199 5.21769 5.11981 5.15010 5.27063 5.38912 5.45552 5.46337 5.43065 5.40515 5.45669 5.51772 5.49509 5.42266 5.28328 5.25862 5.42015 5.37907 5.40798
-99999.00000 -99999.00000 -99999.00000 -99999.00000 -99999.00000 5.03630 4.87762 4.88128 5.14451 5.24678 5.36667 5.47677 5.43002 5.34787 5.35690 5.24836 5.00132 5.01546 5.25536 5.38067 5.42787 5.43892 5.37699 5.24299 5.26157 5.40718 5.41896 5.32158 5.00624 4.87299 5.10634 5.36578 5.43543 5.39670 5.31049 5.21542 5.20198 5.23346 5.17711 5.22135 5.33563 5.44136 5.44033 5.42141 5.40648 5.46377 5.48220 5.37913 5.25635 5.21663 5.28555 5.39124 5.44771 5.46694 5.47063 5.45341 5.43886 5.48832 5.55546 5.55930 5.50789 5.38197 5.24245 5.32144 5.34447 5.43246
-99999.00000 -99999.00000 -99999.00000 -99999.00000 -99999.00000 5.34055 5.23989 5.02694 5.11385 5.33998 5.44571 5.44875 5.34160 5.33620 5.33356 5.28649 5.18179 5.31400 5.33603 5.33636 5.36302 5.38823 5.37132 5.31917 5.34879 5.38440 5.37343 5.19355 4.86367 4.84024 5.17895 5.36457 5.32454 5.25546 5.17999 5.05587 4.98903 5.14729 5.22009 5.29747 5.37770 5.44631 5.43932 5.41619 5.45891 5.51960 5.46180 5.32888 5.25605 5.29035 5.37280 5.45519 5.48258 5.49214 5.49525 5.47878 5.45377 5.48362 5.54669 5.57686 5.54675 5.46720 5.37885 5.37715 5.42192 5.50988
-99999.00000 -99999.00000 -99999.00000 -99999.00000 -99999.00000 5.39183 5.37505 5.29687 5.27926 5.39784 5.46123 5.38935 5.35883 5.37677 5.38870 5.31354 5.39419 5.45533 5.44942 5.45613 5.47030 5.47434 5.45423 5.34032 5.26573 5.29324 5.27227 5.04548 4.77227 4.82602 5.14253 5.22335 5.18350 5.21163 5.22247 5.14411 4.97598 4.90686 5.11155 5.32104 5.37632 5.40721 5.45054 5.47454 5.53771 5.56198 5.45462 5.25812 5.18359 5.31263 5.39299 5.42628 5.46806 5.50879 5.51389 5.47648 5.39839 5.36369 5.44523 5.51095 5.50006 5.42110 5.39066 5.44467 5.47740 5.53685
-99999.00000 -99999.00000 -99999.00000 -99999.00000 -99999.00000 5.35285 5.31803 5.30055 5.30140 5.34698 5.37848 5.37999 5.42472 5.45292 5.47396 5.38297 5.42472 5.44356 5.44484 5.51121 5.53592 5.43530 5.24294 5.04750 5.03172 5.17557 5.20229 4.92130 4.66084 4.74031 5.01913 5.13436 5.21408 5.30761 5.31446 5.25424 5.13440 4.89729 4.92408 5.14004 5.26010 5.29723 5.34826 5.41715 5.51545 5.55589 5.46843 5.24453 5.07010 5.21782 5.33773 5.32562 5.34804 5.42551 5.44879 5.41605 5.31417 5.14843 5.17398 5.35472 5.38918 5.29389 5.28380 5.30988 5.35949 5.45017
-99999.00000 -99999.00000 -99999.00000 -99999.00000 -99999.00000 5.24077 5.18248 5.13439 5.14469 5.21920 5.29800 5.36745 5.37128 5.38769 5.44847 5.35062 5.32476 5.26230 5.21682 5.34681 5.44884 5.25310 4.97034 5.00093 4.92559 5.05478 5.20802 4.87883 4.55621 4.61658 4.94852 5.18051 5.29431 5.33509 5.28627 5.22798 5.22517 5.14621 5.05340 5.11786 5.26674 5.30702 5.31106 5.35985 5.44736 5.50777 5.45523 5.24100 4.98540 5.04157 5.19194 5.17338 5.10284 5.16983 5.27939 5.31557 5.21233 5.14511 5.04461 5.15219 5.26706 5.15359 5.11164 5.04570 5.03374 5.19352
-99999.00000 -99999.00000 -99999.00000 -99999.00000 -99999.00000 5.02425 4.99639 4.98386 5.02921 5.11676 5.20265 5.28080 5.29402 5.31013 5.39587 5.29242 5.12173 4.94987 4.94577 5.03990 5.29392 5.12884 4.98477 5.02394 4.88286 5.13221 5.10203 4.89628 4.55361 4.55690 4.92980 5.23734 5.30240 5.27090 5.19310 5.23368 5.29911 5.23205 5.10026 5.03083 5.09679 5.23630 5.34940 5.39501 5.38167 5.42997 5.37826 5.07193 4.79915 4.87307 5.05397 5.11882 5.08043 5.01770 5.08904 5.19138 5.19046 5.18257 5.16321 5.18587 5.20553 5.02335 4.95268 4.89041 4.77249 4.82252
-99999.00000 -99999.00000 -99999.00000 -99999.00000 -99999.00000 4.90038 4.91154 4.94640 5.01310 5.07654 5.12157 5.14732 5.14115 5.13332 5.27037 5.17026 4.90036 4.83452 5.04809 4.92296 5.14543 5.14678 5.12099 5.06890 4.97528 5.06917 4.88471 4.80065 4.52334 4.51479 4.92043 5.27269 5.29068 5.22662 5.16213 5.24796 5.23200 5.11583 5.05054 5.01225 5.14584 5.35516 5.42475 5.36460 5.21128 5.24392 5.11670 4.66134 4.60621 4.84053 5.07995 5.22508 5.29026 5.19087 5.14210 5.13697 5.11001 5.20525 5.19766 5.22041 5.15095 4.90103 4.83562 4.86293 4.74264 4.68105
-99999.00000 -99999.00000 -99999.00000 -99999.00000 -99999.00000 4.95851 4.95822 4.96318 5.02072 5.08364 5.12299 5.11164 5.06772 4.99545 5.03992 5.07707 4.84141 4.98060 5.14878 4.97530 5.11716 5.06201 4.98193 4.94014 4.72172 4.70888 4.61935 4.60667 4.32397 4.36847 4.82329 5.24058 5.27775 5.13020 5.08904 5.15667 5.09871 5.13649 5.15357 5.10224 5.21792 5.37464 5.35844 5.17847 5.04618 4.97568 4.68145 4.45778 4.67861 5.01741 5.22029 5.33375 5.35950 5.29029 5.27827 5.23759 5.12294 5.08763 5.00654 5.07526 5.04868 4.78090 4.70592 4.83387 4.83356 4.71080
-99999.00000 -99999.00000 -99999.00000 -99999.00000 -99999.00000 4.81060 4.87033 4.93436 5.03502 5.15333 5.21663 5.18318 5.10387 5.03547 5.08928 5.22177 5.01029 5.12239 5.19363 5.06584 5.07306 4.79396 4.75322 4.89846 4.85558 4.75403 4.74079 4.68254 4.27546 4.22040 4.58039 5.05097 5.29817 5.25083 5.07348 5.08707 5.13953 5.14705 5.09480 4.99687 5.03479 5.15940 5.15146 4.93454 4.95951 4.86259 4.53671 4.57681 4.98635 5.21756 5.31501 5.35997 5.32014 5.26945 5.32049 5.27682 5.18395 5.08936 4.84136 4.81161 4.91103 4.75352 4.64554 4.80436 4.99253 4.83075
-99999.00000 -99999.00000 -99999.00000 -99999.00000 -99999.00000 4.42355 4.59241 4.90158 5.09481 5.24099 5.31224 5.23825 5.12363 4.94640 5.02330 5.29985 5.07136 5.11838 5.27973 5.17663 4.93549 4.67576 4.87787 5.16736 5.24294 5.13599 5.03120 4.72914 4.38935 4.31111 4.47068 4.74767 5.09685 5.24631 5.18596 5.12631 5.10015 5.01625 4.93012 4.82583 4.72925 4.68471 4.67802 4.64662 4.78398 4.65082 4.63960 4.67824 4.96653 5.20563 5.29158 5.30493 5.22425 5.23649 5.36377 5.34288 5.15210 4.99030 4.80015 4.68162 4.80799 4.83924 4.69747 4.76893 5.03167 4.97869
-99999.00000 -99999.00000 -99999.00000 -99999.00000 -99999.00000 4.26296 4.44429 4.90101 5.16864 5.26374 5.32319 5.19240 5.04870 4.73525 4.87577 5.29900 5.06266 4.98655 5.24503 5.23367 4.92690 4.85102 5.16737 5.33284 5.36754 5.29250 5.05534 4.68367 4.50095 4.48064 4.50919 4.56488 4.70532 4.83063 4.77929 4.75288 4.81583 4.86018 4.86044 4.81726 4.70503 4.57889 4.53845 4.62801 4.76752 4.61055 4.77962 4.72747 4.88764 5.06467 5.13890 5.15351 5.05722 5.07658 5.28391 5.31325 5.06565 4.84199 4.86587 4.71892 4.77232 4.81668 4.69157 4.72584 4.95357 4.96366
-99999.00000 -99999.00000 -99999.00000 -99999.00000 -99999.00000 4.22445 4.44636 4.78190 5.11218 5.24232 5.27491 5.11968 5.03354 4.56941 4.76658 5.23949 5.14111 4.89986 5.06725 5.16500 4.95270 4.92977 5.19333 5.34459 5.37044 5.28003 4.98779 4.63145 4.52752 4.56310 4.58197 4.56814 4.56925 4.57861 4.55819 4.63228 4.77078 4.88173 4.94351 4.97417 4.92769 4.85253 4.81011 4.86682 4.85608 4.63348 4.76923 4.70221 4.78592 4.85686 4.91042 4.96200 4.90339 4.82038 4.99002 5.13897 4.96265 4.81208 4.94342 4.82459 4.76248 4.68332 4.59425 4.64755 4.80471 4.79999
-99999.00000 -99999.00000 -99999.00000 -99999.00000 -99999.00000 4.49964 4.65802 4.60032 4.96923 5.18776 5.21698 5.11939 4.94713 4.52863 4.74775 5.18187 5.26520 4.97954 4.81037 4.85815 4.83298 4.99062 5.24056 5.35588 5.32163 5.20092 4.94009 4.58090 4.44678 4.52869 4.64721 4.66721 4.63124 4.61241 4.66122 4.76213 4.85142 4.88358 4.96499 5.09315 5.09780 5.05024 5.08889 5.10204 4.96455 4.75182 4.74036 4.69990 4.69890 4.71586 4.78026 4.87199 4.85944 4.73597 4.75440 4.92373 4.96556 4.91673 4.93943 4.97194 4.78622 4.62759 4.55774 4.60872 4.70982 4.70301
-99999.00000 -99999.00000 -99999.00000 -99999.00000 -99999.00000 4.78175 4.83528 4.63855 4.72209 5.09599 5.11366 5.07721 4.97227 4.69709 4.76762 5.22835 5.26249 5.01530 4.69351 4.62828 4.77438 5.04364 5.24813 5.34307 5.25685 5.12300 4.95062 4.64991 4.43155 4.50569 4.76156 4.86655 4.82057 4.79408 4.83835 4.78277 4.71007 4.80328 5.00845 5.10993 5.03711 4.98817 5.03629 5.05868 4.99788 4.82050 4.71936 4.69363 4.64305 4.69124 4.81467 4.94577 4.92714 4.78517 4.72223 4.82633 5.01068 5.03721 4.94123 4.91341 4.76891 4.62214 4.56594 4.61657 4.70475 4.71358
-99999.00000 -99999.00000 -99999.00000 -99999.00000 -99999.00000 4.64357 4.82868 4.88641 4.71956 4.81089 5.05389 5.05398 5.07168 4.93550 4.90966 5.09639 5.19369 4.93706 4.61968 4.56272 4.76334 5.09063 5.21954 5.28994 5.19618 5.10997 5.02266 4.76327 4.42200 4.50251 4.91940 5.12373 5.09595 5.06496 5.00883 4.78417 4.64999 4.72395 4.83458 4.80071 4.74857 4.76787 4.81374 4.82370 4.85525 4.85595 4.72131 4.75955 4.55312 4.62936 4.87193 5.09329 5.09093 4.91923 4.77128 4.78157 4.91612 5.00382 4.91487 4.80821 4.68902 4.58537 4.56203 4.64512 4.78131 4.81951
-99999.00000 -99999.00000 -99999.00000 -99999.00000 -99999.00000 4.50031 4.64061 4.77045 4.68128 4.70100 4.90401 5.10688 5.15009 5.05372 5.04347 5.01839 4.98036 4.89323 4.67656 4.63003 4.68720 4.92391 5.11155 5.23139 5.16108 5.13626 5.04918 4.70790 4.44908 4.57726 5.03003 5.23164 5.23278 5.22194 5.12147 4.89086 4.67610 4.60683 4.59212 4.58090 4.62076 4.68727 4.72119 4.71033 4.71885 4.79854 4.84539 4.76039 4.67407 4.57075 4.70492 4.97999 5.15245 5.04812 4.86674 4.79589 4.81369 4.82658 4.80568 4.75767 4.63088 4.51984 4.52722 4.67925 4.90585 4.98051
