mrvbf_slope0.9_pctl0.5.asc
NCOLS 410
NROWS 410
XLLCORNER 2398750.0000000000000000
YLLCORNER 2548750.0000000000000000
CELLSIZE 250.0000000000000000
NODATA_VALUE -99999.00000
[rows 319 to 347 of 410, columns 330 to 395 of 410]
3.55368 3.59737 3.57251 3.56911 3.61003 3.66368 3.73521 3.82362 3.92779 4.03904 4.16427 4.29790 4.43358 4.55570 4.64631 4.68615 4.69588 4.72027 4.80101 4.97197 5.22913 5.50520 5.78696 6.09051 6.41634 6.75817 7.07930 7.27236 7.32010 7.22646 6.77688 6.45356 6.71044 6.82558 6.99081 7.19609 7.27259 7.30344 7.31300 7.31512 7.31907 7.33239 7.36818 7.40103 7.41483 7.43012 7.44787 7.46072 7.46808 7.46167 7.44124 7.40905 7.36179 7.30363 7.24871 7.21648 7.20072 7.16866 7.06656 6.85510 6.55710 6.23503 5.93456 5.39503 4.52102 3.66461
3.19950 3.38295 3.43933 3.46663 3.51065 3.55553 3.62368 3.70769 3.79445 3.90659 4.05328 4.21453 4.36260 4.48583 4.58149 4.64282 4.67886 4.71775 4.78175 4.89825 5.09351 5.33832 5.59894 5.86828 6.15895 6.45986 6.78269 7.10247 7.26203 7.24193 7.04100 6.89029 6.93679 7.03522 7.20263 7.30461 7.28986 7.26562 7.25434 7.26015 7.28299 7.32195 7.37912 7.42674 7.44370 7.45092 7.45980 7.46803 7.47308 7.47091 7.45718 7.43033 7.39030 7.34406 7.30449 7.28962 7.29604 7.29762 7.26257 7.16210 6.96990 6.65311 6.21265 5.70377 5.17743 4.77458
2.68298 2.87826 3.11750 3.28368 3.36349 3.41323 3.48195 3.58742 3.69983 3.83685 3.99678 4.15899 4.30442 4.42961 4.53333 4.61860 4.69055 4.75927 4.83092 4.93082 5.09830 5.32183 5.56141 5.79820 6.05142 6.31777 6.58454 6.87894 7.13827 7.23774 7.21479 7.17821 7.18735 7.25040 7.33136 7.34511 7.29168 7.24002 7.21634 7.22595 7.26354 7.31727 7.37797 7.42855 7.45655 7.46536 7.46952 7.47429 7.47825 7.47705 7.46645 7.44411 7.41149 7.37611 7.34793 7.34206 7.35720 7.37222 7.36570 7.31990 7.21318 6.99248 6.58115 5.99224 5.48964 5.12368
2.43999 2.52845 2.64180 2.83045 3.01362 3.18696 3.31836 3.45966 3.60524 3.76465 3.92503 4.08473 4.23883 4.37765 4.49494 4.59990 4.70762 4.82474 4.93816 5.04949 5.20505 5.41367 5.64163 5.85645 6.06994 6.31051 6.54994 6.78683 7.02863 7.20645 7.29236 7.31580 7.32717 7.35426 7.37007 7.33734 7.27742 7.22652 7.20399 7.21662 7.25790 7.31362 7.37140 7.41999 7.45428 7.47158 7.47848 7.48180 7.48385 7.48249 7.47400 7.45593 7.43023 7.40380 7.38342 7.38064 7.39616 7.41418 7.41793 7.39476 7.33263 7.19588 6.91650 6.43123 5.89071 5.46605
2.23187 2.33448 2.44424 2.54447 2.65812 2.84032 3.08479 3.31047 3.48475 3.61752 3.75155 3.93452 4.14214 4.31741 4.45389 4.57257 4.70064 4.85458 5.01685 5.16572 5.33162 5.52836 5.73855 5.94586 6.14625 6.36340 6.58430 6.79363 6.99320 7.16659 7.28536 7.34628 7.36796 7.37023 7.35172 7.31096 7.26187 7.22391 7.20981 7.22553 7.26445 7.31456 7.36606 7.41048 7.44536 7.46856 7.48144 7.48700 7.48896 7.48786 7.48159 7.46790 7.44859 7.42947 7.41461 7.41194 7.42349 7.43906 7.44540 7.43121 7.38894 7.29754 7.11706 6.79137 6.34878 5.93663
2.10783 2.12640 2.24527 2.38448 2.49833 2.60061 2.75064 3.01325 3.29074 3.41474 3.53178 3.74122 4.01866 4.24480 4.40351 4.52663 4.65509 4.81843 5.00153 5.17732 5.36603 5.58120 5.79960 6.00728 6.21119 6.42322 6.63396 6.82530 6.99483 7.13777 7.24540 7.31112 7.33826 7.33754 7.31706 7.28528 7.25126 7.22788 7.22302 7.24116 7.27696 7.32059 7.36489 7.40403 7.43668 7.46152 7.47870 7.48834 7.49261 7.49309 7.48938 7.47999 7.46632 7.45300 7.44229 7.43893 7.44533 7.45574 7.46061 7.45011 7.41824 7.35254 7.23051 7.02181 6.72207 6.41654
1.96248 1.98303 1.94993 2.10120 2.31162 2.47706 2.60042 2.70067 2.92870 3.17444 3.32968 3.54458 3.85188 4.13953 4.33488 4.46252 4.58377 4.73616 4.90987 5.08573 5.28595 5.53011 5.78899 6.03270 6.25752 6.47332 6.67812 6.85805 7.00846 7.12725 7.21635 7.27343 7.30028 7.30269 7.28873 7.26759 7.24665 7.23525 7.23795 7.25760 7.29038 7.32887 7.36735 7.40160 7.43103 7.45500 7.47376 7.48663 7.49423 7.49749 7.49682 7.49163 7.48304 7.47456 7.46731 7.46364 7.46555 7.47046 7.47220 7.46300 7.43786 7.38890 7.30237 7.16334 6.96598 6.76677
1.73809 1.89800 1.97386 1.96648 2.08412 2.27240 2.45404 2.54511 2.62663 2.87080 3.09622 3.32579 3.62485 3.97785 4.24213 4.39577 4.51853 4.64669 4.79053 4.95929 5.17679 5.45469 5.75795 6.04512 6.29438 6.51256 6.70838 6.87890 7.01955 7.12619 7.20276 7.25073 7.27433 7.27849 7.26979 7.25644 7.24451 7.24119 7.24928 7.27037 7.30121 7.33621 7.37078 7.40162 7.42843 7.45099 7.46983 7.48434 7.49460 7.50080 7.50329 7.50205 7.49802 7.49363 7.48934 7.48601 7.48495 7.48538 7.48410 7.47564 7.45622 7.42073 7.36007 7.26559 7.13080 6.99086
1.62114 1.74963 2.04682 2.12030 2.07587 2.12942 2.20663 2.33374 2.42319 2.55516 2.77269 3.08968 3.46162 3.82486 4.13855 4.32982 4.46281 4.58178 4.71364 4.88657 5.13020 5.44293 5.77859 6.08803 6.34068 6.54567 6.72307 6.88101 7.01564 7.11876 7.19099 7.23445 7.25562 7.26063 7.25562 7.24773 7.24194 7.24416 7.25625 7.27889 7.30895 7.34174 7.37364 7.40218 7.42722 7.44875 7.46733 7.48260 7.49453 7.50306 7.50845 7.51089 7.51117 7.51062 7.50920 7.50686 7.50424 7.50149 7.49772 7.48983 7.47530 7.45068 7.40942 7.34517 7.25029 7.14033
1.62619 1.67169 1.87183 2.05117 2.03398 2.04787 2.05066 2.10792 2.21799 2.34536 2.51472 2.82095 3.30426 3.62887 3.93668 4.20812 4.39276 4.53284 4.68410 4.88710 5.17092 5.52017 5.86799 6.15721 6.37609 6.55088 6.70745 6.85531 6.98862 7.09496 7.17018 7.21487 7.23656 7.24319 7.24142 7.23785 7.23669 7.24303 7.25837 7.28275 7.31289 7.34457 7.37482 7.40194 7.42604 7.44713 7.46570 7.48151 7.49455 7.50469 7.51227 7.51773 7.52183 7.52503 7.52670 7.52606 7.52319 7.51862 7.51305 7.50556 7.49486 7.47840 7.45064 7.40618 7.33774 7.24812
1.67849 1.68852 1.79893 1.86643 1.89702 1.94586 2.01724 2.03136 2.09655 2.22833 2.39966 2.58853 2.93494 3.33635 3.62214 3.96521 4.27483 4.47416 4.66597 4.92762 5.27035 5.62887 5.93220 6.15014 6.32218 6.48136 6.63826 6.79282 6.93567 7.05264 7.13665 7.18729 7.21261 7.22243 7.22435 7.22500 7.22817 7.23835 7.25687 7.28324 7.31400 7.34511 7.37423 7.40044 7.42412 7.44527 7.46423 7.48068 7.49452 7.50569 7.51474 7.52243 7.52967 7.53651 7.54176 7.54365 7.54140 7.53594 7.52909 7.52171 7.51375 7.50315 7.48456 7.45270 7.40185 7.32986
1.72888 1.78930 1.78206 1.76437 1.81665 1.96164 2.06438 2.06995 2.09598 2.23703 2.46934 2.62042 2.76692 3.07063 3.39889 3.71233 4.11582 4.40529 4.63511 4.94301 5.28752 5.53472 5.73232 5.91717 6.10559 6.30105 6.49676 6.68571 6.85579 6.99353 7.09211 7.15222 7.18344 7.19761 7.20368 7.20866 7.21623 7.23052 7.25247 7.28104 7.31260 7.34335 7.37162 7.39725 7.42082 7.44243 7.46225 7.47949 7.49387 7.50562 7.51562 7.52481 7.53416 7.54379 7.55271 7.55823 7.55738 7.55174 7.54430 7.53705 7.53091 7.52427 7.51151 7.48681 7.44641 7.38784
1.70515 1.84043 1.80232 1.83792 1.71273 1.75228 2.01793 2.15848 2.12888 2.24069 2.49664 2.77315 2.92710 3.02705 3.26968 3.55769 3.96411 4.33784 4.58227 4.83361 5.04446 5.20896 5.38623 5.59066 5.81621 6.05810 6.30390 6.54190 6.75329 6.92162 7.04010 7.11207 7.15018 7.16916 7.17955 7.18907 7.20150 7.22054 7.24647 7.27753 7.30989 7.34018 7.36754 7.39253 7.41599 7.43824 7.45905 7.47691 7.49153 7.50374 7.51465 7.52514 7.53577 7.54663 7.55732 7.56568 7.56682 7.56224 7.55566 7.54954 7.54520 7.54137 7.53246 7.51163 7.47731 7.42828
1.57550 1.63827 1.70005 1.83201 1.76177 1.68699 1.85069 2.08012 2.12789 2.22586 2.44291 2.72573 2.99001 3.03245 3.18892 3.47380 3.87016 4.28093 4.51087 4.67226 4.79603 4.92235 5.08988 5.30302 5.54630 5.81403 6.09517 6.37724 6.63364 6.83897 6.98211 7.06803 7.11351 7.13724 7.15190 7.16618 7.18410 7.20868 7.23932 7.27332 7.30658 7.33630 7.36246 7.38635 7.40932 7.43177 7.45282 7.47064 7.48556 7.49885 7.51142 7.52372 7.53552 7.54643 7.55590 7.56278 7.56498 7.56345 7.56031 7.55769 7.55628 7.55400 7.54615 7.52676 7.49619 7.45367
1.49614 1.54537 1.56766 1.61558 1.71641 1.70258 1.74619 1.96244 2.15350 2.22669 2.36465 2.60280 2.93300 3.00796 3.13138 3.42469 3.80962 4.21308 4.42905 4.55122 4.64195 4.74473 4.89438 5.09745 5.33614 5.60627 5.90109 6.21085 6.50582 6.74897 6.91976 7.02108 7.07392 7.10181 7.12040 7.13983 7.16421 7.19551 7.23191 7.26950 7.30396 7.33307 7.35759 7.37977 7.40150 7.42282 7.44242 7.45910 7.47460 7.49016 7.50580 7.52126 7.53501 7.54607 7.55369 7.55756 7.55814 7.55765 7.55796 7.55969 7.56115 7.55827 7.54838 7.53073 7.50431 7.46724
1.45381 1.53618 1.57053 1.53208 1.58399 1.64147 1.71089 1.95652 2.16597 2.23420 2.36002 2.53140 2.79650 2.98241 3.16144 3.41082 3.72882 4.10707 4.34472 4.47166 4.55281 4.63866 4.77243 4.95935 5.18184 5.44021 5.73265 6.05373 6.37686 6.65523 6.85486 6.97227 7.03165 7.06243 7.08440 7.10937 7.14140 7.18093 7.22438 7.26656 7.30296 7.33184 7.35463 7.37453 7.39382 7.41225 7.42852 7.44278 7.45867 7.47754 7.49801 7.51820 7.53510 7.54730 7.55415 7.55585 7.55324 7.55094 7.55240 7.55531 7.55619 7.55218 7.54140 7.52464 7.50164 7.46950
1.49643 1.58435 1.55187 1.52741 1.57453 1.62810 1.76420 2.02906 2.17453 2.23907 2.39648 2.52794 2.70047 2.98964 3.23857 3.44144 3.69756 4.02347 4.27143 4.41381 4.49169 4.56802 4.69593 4.86697 5.07092 5.31029 5.58705 5.90562 6.24862 6.56135 6.79131 6.92435 6.98789 7.01945 7.04399 7.07507 7.11635 7.16593 7.21799 7.26601 7.30529 7.33463 7.35603 7.37333 7.38925 7.40441 7.41771 7.42962 7.44534 7.46664 7.49079 7.51449 7.53422 7.54864 7.55648 7.55750 7.55205 7.54653 7.54582 7.54739 7.54655 7.54144 7.53034 7.51247 7.49002 7.46119
1.55345 1.62796 1.56973 1.58994 1.69592 1.73211 1.82192 2.09865 2.24151 2.28803 2.42566 2.54265 2.73002 3.08221 3.31855 3.50796 3.74333 4.00744 4.21135 4.34606 4.43293 4.52970 4.64929 4.80017 4.99823 5.21453 5.45829 5.76188 6.12024 6.46981 6.73281 6.87977 6.94368 6.97329 6.99950 7.03734 7.08972 7.15144 7.21379 7.26882 7.31204 7.34316 7.36434 7.37937 7.39130 7.40389 7.41759 7.43088 7.44643 7.46548 7.48583 7.50767 7.52904 7.54651 7.55631 7.55786 7.55248 7.54397 7.53761 7.53473 7.53081 7.52423 7.51422 7.49690 7.47252 7.44413
1.65450 1.63672 1.62540 1.73046 1.83007 1.78220 1.93982 2.23502 2.29009 2.30174 2.41706 2.52878 2.76252 3.20631 3.46093 3.65754 3.88105 4.07142 4.20374 4.30962 4.42204 4.55001 4.62140 4.74395 4.94524 5.12744 5.33041 5.61906 5.99476 6.38560 6.68398 6.84092 6.90026 6.92531 6.95278 6.99902 7.06547 7.14170 7.21518 7.27725 7.32460 7.35830 7.38035 7.39363 7.40078 7.41058 7.42816 7.45061 7.47192 7.47954 7.48221 7.49653 7.52280 7.54600 7.55705 7.55841 7.55223 7.53949 7.52551 7.51478 7.50493 7.49594 7.48845 7.47597 7.45092 7.42366
1.57985 1.61839 1.68330 1.79755 1.85930 1.90096 2.03656 2.20687 2.27306 2.30050 2.39885 2.50065 2.77524 3.30771 3.62504 3.89966 4.07012 4.17017 4.25234 4.34204 4.45721 4.56605 4.60390 4.69196 4.85165 5.00197 5.19224 5.48316 5.88524 6.31929 6.64828 6.80680 6.85723 6.87718 6.90746 6.96578 7.05014 7.14202 7.22525 7.29238 7.34254 7.37843 7.40185 7.41456 7.41761 7.42422 7.44249 7.47222 7.50353 7.49644 7.48075 7.48967 7.52171 7.54855 7.55871 7.55663 7.54636 7.52906 7.50800 7.48689 7.47104 7.46087 7.45389 7.44600 7.43095 7.41625
1.38376 1.49669 1.58372 1.64897 1.70057 1.89056 2.14756 2.24767 2.26624 2.30028 2.37531 2.47973 2.83109 3.40698 3.81863 4.14811 4.21658 4.24334 4.30346 4.38619 4.47728 4.54832 4.58813 4.64836 4.74625 4.89226 5.07365 5.36815 5.80511 6.27763 6.62089 6.77034 6.81254 6.83251 6.87230 6.95018 7.05586 7.16062 7.24817 7.31540 7.36507 7.40133 7.42518 7.43770 7.44105 7.44532 7.45591 7.47235 7.48824 7.48776 7.48339 7.49557 7.52492 7.55004 7.55919 7.55163 7.53451 7.51317 7.48975 7.46515 7.44967 7.44177 7.43481 7.42912 7.42952 7.43334
1.33117 1.41904 1.47122 1.53560 1.62212 1.87449 2.23245 2.30810 2.23092 2.24289 2.34066 2.47956 2.90152 3.46562 3.90060 4.21824 4.26978 4.28754 4.34143 4.41640 4.48817 4.54464 4.60222 4.68008 4.77437 4.87166 5.00821 5.31173 5.78422 6.26307 6.58295 6.71848 6.76640 6.80140 6.86266 6.96682 7.09088 7.20019 7.28394 7.34502 7.39016 7.42464 7.44861 7.46217 7.46586 7.46632 7.46776 7.46847 7.47031 7.47777 7.49095 7.50923 7.53151 7.55128 7.55775 7.54547 7.52083 7.49463 7.47538 7.46274 7.45761 7.45594 7.45328 7.44995 7.45317 7.45854
1.40762 1.42490 1.42924 1.49990 1.59860 1.89521 2.20620 2.21378 1.99641 1.97308 2.23888 2.50277 3.00808 3.47412 3.76143 4.06129 4.24187 4.33318 4.39650 4.45883 4.51674 4.56460 4.62209 4.71133 4.79196 4.84908 5.00095 5.34479 5.82457 6.23584 6.49703 6.63987 6.72500 6.79750 6.89059 7.01831 7.15041 7.25521 7.32791 7.37781 7.41524 7.44572 7.46933 7.48463 7.48841 7.48619 7.48336 7.47985 7.48039 7.48990 7.50561 7.52394 7.54049 7.55320 7.55457 7.53958 7.50835 7.47651 7.46552 7.47404 7.48648 7.49129 7.49150 7.48782 7.48321 7.47533
1.41883 1.44039 1.52013 1.54354 1.56149 1.91463 2.31027 2.24347 1.80967 1.67521 2.12361 2.54080 3.05976 3.41159 3.55291 3.80030 4.16062 4.37254 4.48326 4.54404 4.58015 4.60635 4.63258 4.67454 4.72151 4.80712 5.03702 5.43078 5.81725 6.09297 6.32851 6.53629 6.70028 6.83179 6.95660 7.09302 7.22038 7.31391 7.37260 7.40987 7.43797 7.46249 7.48413 7.50063 7.50658 7.50584 7.50473 7.50565 7.51063 7.51837 7.52746 7.53812 7.54884 7.55537 7.55137 7.53424 7.49899 7.46484 7.46267 7.48811 7.51331 7.51495 7.50605 7.49270 7.48241 7.46826
1.54424 1.60336 1.62449 1.62568 1.76068 2.15720 2.27478 2.06585 1.65106 1.62424 2.15650 2.55209 2.97952 3.25468 3.33652 3.55416 3.99182 4.34305 4.54689 4.66385 4.67737 4.67400 4.65708 4.64669 4.66543 4.77386 5.05005 5.35410 5.57009 5.81192 6.11744 6.43822 6.70400 6.89950 7.04471 7.17181 7.27941 7.35715 7.40681 7.43588 7.45662 7.47528 7.49311 7.50844 7.51778 7.52146 7.52405 7.52857 7.53472 7.54008 7.54494 7.54983 7.55456 7.55532 7.54805 7.52882 7.49182 7.45991 7.46531 7.49603 7.51561 7.50563 7.48973 7.47367 7.45250 7.42063
1.62133 1.67126 1.75849 1.84893 2.02697 2.17744 2.17699 2.00150 1.76020 1.73990 2.24318 2.59063 3.03801 3.18540 3.09959 3.23260 3.60162 4.16038 4.47214 4.65751 4.78061 4.81375 4.74822 4.68042 4.65448 4.71096 4.85362 4.98431 5.20700 5.54298 5.94988 6.37779 6.73287 6.97802 7.13194 7.23937 7.32077 7.38144 7.42485 7.45222 7.47008 7.48489 7.49883 7.51186 7.52287 7.53040 7.53536 7.54002 7.54469 7.54868 7.55203 7.55502 7.55667 7.55403 7.54545 7.52503 7.48654 7.45609 7.46755 7.49974 7.50485 7.48652 7.47866 7.47401 7.42868 7.35207
1.65921 1.85181 1.87573 1.97904 2.19138 2.16681 1.98198 1.90341 1.82632 1.92625 2.38641 2.72932 3.32739 3.41190 3.22002 3.00239 3.19037 3.64430 4.21958 4.47798 4.85668 5.09073 4.95196 4.80489 4.72790 4.70475 4.73803 4.83532 5.07247 5.44805 5.90381 6.38214 6.78033 7.04631 7.20159 7.29367 7.35230 7.39594 7.43179 7.45916 7.47801 7.49128 7.50261 7.51349 7.52467 7.53429 7.54074 7.54548 7.54945 7.55271 7.55518 7.55698 7.55675 7.55276 7.54414 7.52408 7.48346 7.45050 7.46499 7.49721 7.48860 7.47549 7.48655 7.48473 7.41456 7.27951
1.68742 1.80698 1.73968 1.91875 2.14625 1.99438 1.80956 1.91239 1.97596 2.19543 2.53417 2.94946 3.52942 3.70452 3.56127 3.34530 3.09703 3.32755 3.80173 4.35588 4.86929 5.29328 5.18498 5.01739 4.94175 4.91247 4.94888 5.06306 5.21930 5.54432 5.98673 6.45102 6.83802 7.09434 7.24403 7.32925 7.37689 7.40909 7.43750 7.46237 7.48165 7.49531 7.50598 7.51560 7.52562 7.53562 7.54325 7.54848 7.55232 7.55513 7.55690 7.55765 7.55628 7.55191 7.54356 7.52427 7.48431 7.45014 7.45865 7.48133 7.47264 7.47482 7.49026 7.47409 7.37728 7.19860
1.96725 1.94892 1.63137 1.75472 1.96043 1.87496 1.92571 2.14354 2.27184 2.43383 2.65977 3.19824 3.64812 3.95373 3.95632 3.73091 3.45958 3.37909 3.61406 4.21726 4.70643 5.29484 5.35547 5.25512 5.25928 5.33139 5.40540 5.43461 5.49760 5.73894 6.12418 6.54166 6.89073 7.12313 7.26353 7.34554 7.39247 7.42009 7.44290 7.46431 7.48303 7.49792 7.50920 7.51825 7.52674 7.53584 7.54398 7.54960 7.55345 7.55604 7.55741 7.55754 7.55575 7.55147 7.54343 7.52529 7.49099 7.46118 7.45671 7.46009 7.46455 7.47856 7.48088 7.43417 7.30102 7.11761
