mrvbf_slope1.2_pctl0.9.asc
NCOLS 410
NROWS 410
XLLCORNER 2398750.0000000000000000
YLLCORNER 2548750.0000000000000000
CELLSIZE 250.0000000000000000
NODATA_VALUE -99999.00000
[rows 377 to 405 of 410, columns 132 to 197 of 410]
7.09523 7.03127 7.02272 7.02155 6.95293 6.79262 6.64103 6.59867 6.50918 6.37245 6.24406 5.96545 5.68702 5.30804 4.61417 4.25299 3.97633 3.77438 3.67857 3.60815 3.52481 3.37949 3.10240 2.82766 2.65671 2.58058 2.50273 2.45123 2.45187 2.47917 2.50475 2.45538 2.18391 2.19653 2.49036 2.84088 3.01431 2.70052 2.69557 2.89298 2.94297 3.00526 3.21076 3.23400 3.11233 2.98191 2.82672 2.78492 2.75412 2.70782 2.68107 2.70534 2.80663 2.96051 2.78621 2.64640 2.67134 2.59015 2.58352 2.63040 2.67391 2.63846 2.64820 2.73379 2.81948 2.85880
6.98854 6.85788 6.85361 6.85769 6.73384 6.53235 6.37996 6.32010 6.19993 6.12901 6.04706 5.79160 5.51735 5.26944 4.59689 4.07684 3.88415 3.73171 3.62827 3.54985 3.44889 3.25733 2.93471 2.63936 2.50024 2.44932 2.39210 2.36864 2.40063 2.35451 2.25068 2.28820 2.16182 2.34369 2.55655 3.01305 3.31743 3.31593 3.24422 3.15132 3.05624 3.11712 3.25661 3.10555 2.88017 2.79104 2.80376 2.84690 2.87417 2.84859 2.77584 2.72958 2.77568 2.81444 2.72597 2.64564 2.61097 2.54113 2.55717 2.62005 2.61500 2.54931 2.52353 2.55668 2.62672 2.70150
6.92094 6.73491 6.64022 6.61201 6.49671 6.31634 6.15783 5.98390 5.72476 5.61749 5.60141 5.40548 5.08078 4.95750 4.54041 3.94509 3.76110 3.68382 3.59489 3.50106 3.38372 3.16639 2.77578 2.51887 2.42252 2.41285 2.36587 2.24125 2.13758 1.89796 1.87358 2.00207 2.12482 2.31569 2.59716 2.78155 3.24042 3.35056 3.28663 3.15454 2.98325 3.08091 3.21302 3.02255 2.85729 2.80284 2.88954 2.95587 2.95510 2.86107 2.68011 2.57952 2.65338 2.66240 2.66192 2.66563 2.59293 2.58533 2.64789 2.65256 2.64545 2.55262 2.50076 2.46212 2.51730 2.55584
6.90468 6.73455 6.63430 6.59600 6.49623 6.33094 6.15782 5.89552 5.52880 5.29267 5.24817 5.17211 4.85710 4.62425 4.41785 3.88560 3.69540 3.61845 3.54582 3.45903 3.33387 3.05772 2.64948 2.45972 2.42709 2.41836 2.22848 1.95927 1.80008 1.59121 1.72124 1.89750 2.26930 2.51154 2.64815 2.82236 3.14017 3.26456 3.22657 3.11485 2.96351 3.04531 3.05982 2.90316 2.82874 2.80977 2.86397 2.91480 2.86359 2.69839 2.53839 2.47281 2.52556 2.60532 2.59481 2.60563 2.58117 2.53597 2.55257 2.60453 2.58757 2.53420 2.32478 2.30285 2.47419 2.52477
6.96772 6.84888 6.78296 6.77028 6.67742 6.49982 6.33371 6.06287 5.63123 5.24178 5.04734 4.95592 4.69036 4.48137 4.28341 3.84844 3.66203 3.55841 3.45643 3.37326 3.25902 2.89718 2.54710 2.42185 2.38387 2.12901 1.73071 1.68172 1.51138 1.14595 1.45040 1.83766 2.25229 2.58363 2.72361 2.84473 3.05050 3.09051 3.03647 2.92513 2.90358 3.03894 2.94576 2.84481 2.75897 2.76960 2.68183 2.72265 2.71368 2.58101 2.47198 2.50819 2.35582 2.35628 2.30850 2.32581 2.30876 2.19704 2.21021 2.27109 2.36714 2.23768 2.08910 2.14089 2.40712 2.55556
7.02720 6.94004 6.89337 6.90180 6.81026 6.60459 6.48370 6.27710 5.79147 5.27023 4.87332 4.63028 4.42761 4.30191 4.09629 3.76008 3.60339 3.48449 3.33177 3.21989 3.03786 2.64626 2.44740 2.33066 2.06905 1.69433 1.70105 1.74917 1.44436 1.45312 2.08395 2.07904 2.15932 2.45979 2.61554 2.64915 2.70193 2.66846 2.62241 2.61628 2.70868 2.89754 2.87603 2.77481 2.66756 2.63025 2.50788 2.50995 2.53032 2.38651 2.30094 2.38920 2.14068 2.07948 1.87906 1.64013 1.66470 1.94699 2.19234 1.86220 1.89225 2.09392 2.35832 2.13334 2.34298 2.43502
6.95059 6.92009 6.90804 6.92784 6.85169 6.62891 6.43689 6.17729 5.61794 5.16108 4.77108 4.40173 4.14684 3.98908 3.84443 3.64194 3.50855 3.36895 3.17685 2.92467 2.64237 2.45934 2.38158 2.30192 2.01102 1.82426 1.96523 1.80650 1.56860 1.94066 2.29812 2.08914 2.15301 2.26136 2.34142 2.37793 2.41894 2.39827 2.42967 2.45069 2.53395 2.72628 2.77714 2.66097 2.52576 2.48991 2.45816 2.42395 2.38488 2.23909 2.03153 2.04288 1.81329 1.83247 1.73831 1.40384 1.42203 1.67914 1.88287 1.69561 1.78430 2.12603 2.29894 2.01748 2.13119 2.15811
6.85809 6.84972 6.84905 6.87293 6.81073 6.61455 6.34714 5.95897 5.37535 5.04531 4.59362 4.09902 3.80950 3.67460 3.62006 3.53190 3.39587 3.21657 2.90496 2.61579 2.45444 2.36247 2.30773 2.21316 2.00049 1.90551 1.98623 1.84113 1.67097 1.87637 2.20136 2.25947 2.24896 2.13409 2.27029 2.36008 2.38314 2.44539 2.55527 2.55261 2.48539 2.64604 2.72915 2.60745 2.57053 2.63262 2.66773 2.58473 2.52782 2.32427 1.89426 1.86659 1.75408 1.62500 1.59259 1.48412 1.55688 1.59126 1.66278 1.65505 1.78308 1.95282 2.04971 1.96445 1.97014 2.14542
6.38503 6.44801 6.52407 6.66357 6.64262 6.40073 5.93739 5.47429 4.86489 4.49507 4.17232 3.85769 3.68364 3.58222 3.49882 3.42802 3.28699 3.07374 2.72144 2.48358 2.34683 2.23107 1.95125 1.81484 1.82158 1.82038 1.68886 1.53340 1.49773 1.87241 2.02606 2.13488 2.17904 2.05508 2.26525 2.47816 2.50880 2.47593 2.52981 2.61375 2.56327 2.62736 2.75810 2.65137 2.64170 2.71392 2.72263 2.65176 2.57876 2.22936 1.87993 2.09794 2.05232 1.68730 1.55167 1.69318 1.77508 1.68666 1.91730 2.04551 2.03613 2.02665 1.99210 2.01555 2.11403 2.36294
5.91154 5.89642 5.87812 6.04435 6.15513 5.97588 5.44369 5.24328 4.79582 4.36167 4.07685 3.85577 3.71609 3.61798 3.50770 3.39489 3.24460 2.87915 2.54568 2.38240 2.24633 1.84612 1.63627 1.79808 1.88591 1.71992 1.56514 1.43641 1.32444 1.50915 1.64193 1.93857 1.86267 1.69507 1.84843 2.23313 2.34924 2.30290 2.27901 2.51181 2.58622 2.64204 2.76338 2.67522 2.67269 2.69080 2.68275 2.57833 2.39810 1.98581 1.91689 2.00139 1.85779 1.63385 1.46105 1.45361 1.54049 1.93674 2.30780 2.46904 2.46898 2.44596 2.36104 2.26224 2.41896 2.61877
5.80172 5.61834 5.47314 5.35255 5.41057 5.50494 5.31038 5.20761 5.02639 4.59519 4.22860 3.96779 3.78011 3.64945 3.54009 3.40316 3.13937 2.66581 2.48493 2.42605 2.14891 1.72274 2.03737 2.15010 1.84109 1.58280 1.52691 1.28998 1.20029 1.57169 1.67507 1.92088 1.71454 1.70380 1.58564 1.68084 1.96190 2.21251 2.34997 2.36832 2.56772 2.65113 2.76560 2.71435 2.71357 2.71354 2.63870 2.48284 2.08234 1.93104 1.72596 1.65137 1.52589 1.33280 1.32701 1.59545 1.35704 1.68764 2.31955 2.56279 2.62030 2.56961 2.41732 2.35152 2.52940 2.79771
5.80719 5.65106 5.55701 5.35116 5.17423 5.20706 5.45533 5.18903 5.08528 4.80930 4.36798 3.96507 3.73712 3.60306 3.50070 3.35544 3.03805 2.65359 2.60369 2.56999 2.26486 2.07021 2.28331 2.13390 1.74041 1.62463 1.51634 1.29085 1.79944 2.15331 2.12637 2.01649 2.11505 2.01616 1.43741 1.26739 1.90616 2.31938 2.44949 2.36074 2.58660 2.67104 2.75379 2.73409 2.69684 2.66104 2.52711 2.34881 2.30778 2.00951 1.51844 1.62441 1.59462 1.11261 1.29729 2.13921 1.81256 1.56969 2.22382 2.55444 2.59397 2.41500 2.25313 2.40486 2.63487 2.82908
5.67833 5.73473 5.80751 5.79269 5.54447 5.22850 5.40351 5.11395 5.04698 4.84321 4.29438 3.86341 3.67260 3.56608 3.47379 3.35461 3.13443 2.86019 2.82477 2.67036 2.40482 2.31293 2.38212 2.12195 1.75815 1.78951 1.43777 1.22579 2.04220 2.35782 2.27679 2.14727 2.24417 1.43420 0.98764 1.47319 2.23813 2.38489 2.36670 2.32607 2.57427 2.68169 2.74403 2.75670 2.65183 2.55898 2.48675 2.52595 2.46580 1.91271 1.69554 2.11014 2.03486 1.51958 1.55274 1.95179 2.20548 1.72534 2.01960 2.48498 2.51605 2.30888 2.34715 2.56569 2.79864 2.90309
5.42421 5.55952 5.75348 5.93879 5.86788 5.48858 5.30520 5.16400 5.13085 4.72947 4.10216 3.79382 3.65844 3.57336 3.50508 3.45553 3.36797 3.19949 2.93493 2.68276 2.50442 2.44222 2.43970 2.22350 1.69675 1.51938 1.41377 1.33043 1.62276 1.80816 2.06885 2.28693 2.14044 1.06335 1.26634 1.57084 2.30694 2.51161 2.42856 2.39519 2.58037 2.67760 2.73354 2.78352 2.69784 2.55228 2.52222 2.56116 2.46886 1.94412 1.97363 2.43859 2.46959 2.17071 1.73339 1.91545 1.88163 1.57159 2.19541 2.55131 2.52982 2.38233 2.43218 2.60767 2.75462 2.78061
5.08794 5.20141 5.49268 5.78059 5.81600 5.61983 5.38979 5.35714 5.14134 4.52562 3.99259 3.77269 3.66030 3.59019 3.55100 3.52554 3.44936 3.28304 3.07036 2.83729 2.62155 2.49443 2.44779 2.38215 2.02883 1.66328 1.76794 1.96325 1.72122 1.43459 1.50998 1.74217 1.77008 1.53512 1.77547 1.93845 2.33373 2.46938 2.48911 2.45818 2.52829 2.64409 2.72061 2.77804 2.76892 2.67242 2.56067 2.54561 2.41171 1.90486 1.97401 2.48316 2.62769 2.50114 2.01409 1.80539 1.71359 2.01261 2.47248 2.58636 2.57474 2.51804 2.50617 2.58692 2.69265 2.82423
4.81965 4.82341 5.11719 5.42276 5.54901 5.45539 5.31786 5.31913 4.98494 4.36917 3.94483 3.74306 3.64044 3.59734 3.58070 3.55400 3.48681 3.36453 3.19201 2.98566 2.74822 2.58889 2.48626 2.46322 2.40219 1.96551 1.74332 2.19160 2.18018 1.72834 1.62559 1.73910 1.78919 1.81528 1.67339 1.84983 2.09403 2.54728 2.60206 2.56228 2.56132 2.61686 2.70811 2.76967 2.77835 2.73525 2.60913 2.47531 2.37312 1.92480 1.90885 2.26254 2.44467 2.43910 2.16894 2.10469 2.17657 2.39859 2.49317 2.53107 2.55776 2.57738 2.58529 2.64389 2.69886 2.80519
4.76981 4.58782 4.67563 4.78730 4.87549 4.85371 4.84446 4.91313 4.67749 4.14905 3.86324 3.71323 3.61940 3.58995 3.59177 3.57609 3.52409 3.41970 3.25797 3.10202 2.89633 2.70266 2.58568 2.51700 2.50163 2.36626 2.05969 2.11631 2.28975 2.09780 1.98612 1.99566 1.85832 1.93361 1.85314 1.95654 2.17617 2.58985 2.65519 2.62182 2.58846 2.61831 2.69887 2.72124 2.69865 2.67650 2.60866 2.53406 2.47830 1.94026 1.14033 1.33646 1.98206 2.20489 2.27627 2.07164 2.17082 2.45892 2.57090 2.62009 2.61502 2.55873 2.58570 2.65413 2.72977 2.83762
4.83318 4.51472 4.33762 4.18734 4.08592 4.09878 4.24582 4.29007 4.12551 3.87131 3.77122 3.69342 3.61603 3.59098 3.60456 3.59984 3.54217 3.44779 3.27564 3.10037 2.89376 2.70386 2.64039 2.64164 2.62199 2.55416 2.45032 2.46061 2.49648 2.38529 2.15439 1.90462 1.85103 1.97099 2.14950 2.32619 2.14764 2.44016 2.59814 2.60658 2.57023 2.60049 2.61085 2.59157 2.60451 2.62458 2.63370 2.55635 2.45965 1.99380 1.37315 1.40818 2.04834 2.34532 2.36530 1.99355 2.05394 2.45308 2.53824 2.55186 2.53251 2.53121 2.62535 2.71293 2.78755 2.86603
4.93936 4.53631 4.17326 3.94675 3.85134 3.85482 3.89939 3.93473 3.85808 3.81376 3.76631 3.69174 3.62906 3.62354 3.64011 3.60271 3.52399 3.40470 3.25670 3.07966 2.78647 2.63766 2.62414 2.66125 2.64561 2.55419 2.45236 2.50198 2.53830 2.47802 2.32456 1.91985 1.71340 1.53085 1.76601 2.04689 1.87499 1.97209 2.37442 2.50560 2.54578 2.55714 2.47394 2.47295 2.58673 2.59815 2.54969 2.53299 2.38529 2.01198 1.98607 2.03115 2.43441 2.41116 2.29462 2.04667 2.22344 2.38955 2.50835 2.55108 2.55810 2.53032 2.53069 2.60685 2.68095 2.75364
5.00310 4.51300 4.07949 3.89243 3.86197 3.85047 3.78914 3.78780 3.81658 3.86626 3.81350 3.70707 3.65176 3.66697 3.68275 3.59352 3.46474 3.34971 3.25272 3.07025 2.74278 2.62702 2.68083 2.75058 2.65887 2.50589 2.49059 2.59710 2.65712 2.60636 2.45686 1.97878 1.60159 1.32497 1.86502 2.42000 2.44102 2.09371 1.98443 2.21537 2.36775 2.41877 2.35816 2.23325 2.39623 2.44170 2.28246 2.23662 2.20512 2.00156 2.06885 1.94416 2.01450 1.86519 1.96697 2.19641 2.19607 2.15259 2.23904 2.38417 2.51664 2.55273 2.52722 2.56700 2.61860 2.70212
5.09707 4.45498 4.04520 3.90396 3.85802 3.84361 3.79124 3.76675 3.81024 3.87613 3.80658 3.69484 3.65752 3.67369 3.65455 3.57528 3.40984 3.30023 3.27192 3.07474 2.76577 2.69831 2.74601 2.77096 2.65382 2.55495 2.59172 2.61128 2.66900 2.63236 2.49882 2.08802 1.70042 1.53369 1.64048 2.31541 2.55544 2.43960 2.02459 1.78696 1.89780 1.94182 1.93601 1.77389 1.68722 1.76699 1.76524 1.81231 1.90812 1.90822 1.79944 1.59405 1.84474 1.66163 1.75361 2.04035 2.08989 2.17209 2.11997 1.97954 2.36120 2.56828 2.53691 2.58137 2.60583 2.67825
5.03110 4.36837 4.09190 3.95891 3.86403 3.84370 3.81170 3.77794 3.77638 3.78753 3.73109 3.65724 3.64481 3.64929 3.57620 3.48265 3.34911 3.29325 3.28142 3.11427 2.92987 2.83627 2.77707 2.74530 2.69118 2.63316 2.59277 2.58086 2.62485 2.63622 2.53474 2.15137 1.72459 1.72534 1.71139 1.97675 2.45025 2.51380 2.27228 1.85912 1.74011 1.70722 1.70190 1.51379 1.41445 1.53870 1.63123 1.69911 1.79091 1.82847 1.61585 1.33720 1.60498 1.28245 1.43227 1.90294 2.19099 2.30941 2.37292 2.13398 2.18642 2.54509 2.60282 2.57307 2.55461 2.62573
4.49128 4.21323 4.20970 4.11032 3.84999 3.78017 3.76902 3.73223 3.71967 3.70214 3.66393 3.63505 3.64299 3.63359 3.55405 3.45389 3.36817 3.35537 3.31090 3.22798 3.14824 3.02303 2.88668 2.79359 2.75900 2.72283 2.70453 2.67396 2.64256 2.64937 2.57538 2.31849 1.85288 1.85466 1.89221 1.73035 2.07738 2.27776 1.97142 1.60010 1.47835 1.57753 1.56388 1.37690 1.37633 1.54889 1.61211 1.65466 1.70051 1.74148 1.38445 1.00957 1.39271 1.45375 1.52850 1.88348 1.94628 1.94998 2.23989 2.20694 2.02707 2.38282 2.51049 2.52159 2.52070 2.60744
4.33470 4.37133 4.51762 4.43539 3.98282 3.71768 3.71979 3.71258 3.70622 3.69250 3.66252 3.66849 3.67590 3.64952 3.58551 3.50976 3.43276 3.38541 3.31383 3.24566 3.16560 3.07045 2.98168 2.90155 2.87931 2.82887 2.76353 2.69228 2.66907 2.64073 2.59871 2.49074 2.06584 1.88239 2.03187 1.74738 1.56022 1.41158 1.49175 1.50390 1.32717 1.49744 1.57812 1.72449 1.64087 1.55963 1.66215 1.70135 1.67769 1.69872 1.33119 1.21926 1.22287 1.43725 1.58428 1.65670 1.63075 1.84158 1.74621 1.83790 1.95547 2.26318 2.47452 2.54282 2.55580 2.55544
5.07033 4.90428 4.73621 4.35870 3.84943 3.55571 3.62500 3.77781 3.78911 3.71879 3.70180 3.74983 3.72837 3.66239 3.58980 3.51932 3.44206 3.35461 3.30906 3.23909 3.13123 3.01695 2.90804 2.82898 2.84259 2.79923 2.69292 2.63619 2.63425 2.63730 2.65638 2.60437 2.38781 1.94863 1.93263 1.73531 1.31106 0.90874 1.64431 2.07604 1.79685 1.41662 1.48226 1.79477 1.50509 1.40010 1.63173 1.65783 1.71440 1.59887 1.11647 1.25741 1.25785 1.04243 1.44064 1.51378 1.59425 1.63014 1.77374 2.00595 2.19961 2.22219 2.40673 2.47966 2.53746 2.61655
5.61248 5.01679 4.31237 3.74911 3.44800 3.33900 3.45898 3.76854 3.94422 3.76393 3.72777 3.70110 3.63572 3.58256 3.54282 3.50309 3.39853 3.25325 3.21677 3.21258 3.05390 2.91578 2.75999 2.68888 2.72914 2.73732 2.65421 2.64372 2.65852 2.68795 2.65361 2.50093 2.22267 2.05553 2.03637 1.69982 1.14597 0.79852 1.38902 1.71648 1.35619 0.99769 1.19277 1.57547 1.24421 1.35476 1.48735 1.48252 1.55006 1.36863 0.98874 1.75563 1.69710 1.26662 1.41343 1.54819 1.57515 1.66948 1.56617 1.49312 1.77928 1.80763 1.98505 2.50926 2.62465 2.64972
5.46656 4.60781 3.84374 3.52038 3.43329 3.38786 3.34726 3.61048 4.05901 3.88475 3.72980 3.60789 3.51789 3.46824 3.45864 3.45861 3.28575 3.06651 3.10554 3.25528 2.99241 2.77856 2.50885 2.33786 2.47176 2.62865 2.68192 2.65921 2.69073 2.71232 2.61691 2.42387 2.30489 2.36054 2.35869 2.05060 1.57437 1.31783 1.39340 1.37214 0.98004 0.79373 1.21588 1.31994 1.71738 1.69104 1.65024 1.72469 1.90055 1.88463 2.00034 1.95783 1.78468 1.57869 1.50086 1.44539 1.21653 1.39448 1.35996 1.14506 1.69262 2.14095 1.94982 2.31413 2.55265 2.52692
5.41498 4.44124 3.78609 3.66890 3.76829 3.64944 3.39176 3.53444 4.11647 4.02026 3.75690 3.61867 3.49557 3.40697 3.39694 3.41358 3.20852 3.01977 3.10670 3.23640 2.93394 2.53919 1.69451 1.18807 1.58707 2.38977 2.68693 2.69381 2.67358 2.68034 2.59930 2.38885 2.38850 2.50989 2.52225 2.36008 1.81523 1.69343 1.67007 1.56927 1.38943 0.95733 0.84295 1.31169 1.78897 1.63479 1.65705 1.67359 1.65178 1.71774 2.08193 2.15126 1.69865 1.66715 1.06983 0.55072 0.49942 1.03502 1.59097 0.89922 1.32818 2.09023 2.07861 2.13919 2.27414 2.26790
-99999.00000 -99999.00000 -99999.00000 -99999.00000 -99999.00000 -99999.00000 -99999.00000 -99999.00000 -99999.00000 -99999.00000 -99999.00000 -99999.00000 -99999.00000 -99999.00000 -99999.00000 -99999.00000 -99999.00000 -99999.00000 -99999.00000 -99999.00000 -99999.00000 -99999.00000 -99999.00000 -99999.00000 -99999.00000 -99999.00000 -99999.00000 -99999.00000 -99999.00000 -99999.00000 -99999.00000 -99999.00000 -99999.00000 -99999.00000 -99999.00000 -99999.00000 -99999.00000 -99999.00000 -99999.00000 -99999.00000 -99999.00000 -99999.00000 -99999.00000 -99999.00000 -99999.00000 -99999.00000 -99999.00000 -99999.00000 -99999.00000 -99999.00000 -99999.00000 -99999.00000 -99999.00000 -99999.00000 -99999.00000 -99999.00000 -99999.00000 -99999.00000 -99999.00000 -99999.00000 -99999.00000 -99999.00000 -99999.00000 -99999.00000 -99999.00000 -99999.00000
