mrvbf_slope0.7_pctl1.4.asc
NCOLS 410
NROWS 410
XLLCORNER 2398750.0000000000000000
YLLCORNER 2548750.0000000000000000
CELLSIZE 250.0000000000000000
NODATA_VALUE -99999.00000
[rows 116 to 144 of 410, columns 330 to 395 of 410]
-99999.00000 -99999.00000 -99999.00000 -99999.00000 -99999.00000 -99999.00000 -99999.00000 -99999.00000 -99999.00000 -99999.00000 -99999.00000 -99999.00000 -99999.00000 -99999.00000 -99999.00000 -99999.00000 -99999.00000 -99999.00000 -99999.00000 -99999.00000 5.55194 5.61037 5.56589 5.60016 5.50209 5.60215 5.71109 5.78465 5.72447 5.59235 5.61522 5.57712 5.46051 5.13436 3.08548 1.13287 1.05000 1.35556 1.67474 2.35928 2.69682 2.90063 2.81858 2.69207 2.49099 3.08394 3.71758 4.47404 5.05431 5.48786 5.71060 5.93714 6.11095 6.18412 6.14086 6.22247 6.15895 6.20762 5.98490 5.93917 6.08713 6.09105 6.07897 6.33086 6.35715 6.34400
-99999.00000 -99999.00000 -99999.00000 -99999.00000 -99999.00000 -99999.00000 -99999.00000 -99999.00000 -99999.00000 -99999.00000 -99999.00000 -99999.00000 -99999.00000 -99999.00000 -99999.00000 -99999.00000 -99999.00000 -99999.00000 -99999.00000 4.92801 5.41792 5.51816 5.41317 5.44579 5.50000 5.54706 5.74797 5.68818 5.64862 5.65088 5.79450 5.65838 5.44155 5.01377 3.27361 0.86014 1.18390 1.11757 1.37822 2.15536 2.63221 3.33714 3.26419 2.92201 3.32447 4.27994 4.83113 5.01633 5.18724 5.53825 5.76548 6.01005 6.01617 5.96822 6.06379 6.15025 6.04018 5.92247 5.83860 6.08190 6.07459 6.05129 6.12188 6.16176 6.13043 6.24543
-99999.00000 -99999.00000 -99999.00000 -99999.00000 -99999.00000 -99999.00000 -99999.00000 -99999.00000 -99999.00000 -99999.00000 -99999.00000 -99999.00000 -99999.00000 -99999.00000 -99999.00000 -99999.00000 -99999.00000 -99999.00000 -99999.00000 5.12079 5.40339 5.56188 5.43218 5.30257 5.36408 5.61011 5.72251 5.74500 5.68659 5.71280 5.84910 5.72601 5.49868 5.21275 4.08731 1.36014 0.35044 0.46550 0.89366 1.88175 2.60474 3.08126 3.20304 3.19192 3.96976 4.79289 5.07685 5.23767 5.35045 5.62061 5.85111 6.04769 5.99296 6.03246 6.08073 6.07928 5.95037 5.93357 6.08628 6.17184 6.13793 6.24962 6.29770 6.13674 6.07515 6.33605
-99999.00000 -99999.00000 -99999.00000 -99999.00000 -99999.00000 -99999.00000 -99999.00000 -99999.00000 -99999.00000 -99999.00000 -99999.00000 -99999.00000 -99999.00000 -99999.00000 -99999.00000 -99999.00000 -99999.00000 -99999.00000 -99999.00000 5.02187 5.29017 5.43595 5.39749 5.41732 5.49129 5.66810 5.76720 5.76732 5.82457 5.82362 5.79230 5.65676 5.41520 5.22985 4.45540 2.64876 0.51890 0.29668 0.61108 1.74232 2.54078 2.96780 2.96871 3.34436 4.34833 5.03445 5.24111 5.40561 5.50535 5.65320 5.80455 5.94105 6.02625 6.12264 6.04650 5.90330 5.96036 6.22547 6.35345 6.36724 6.26136 6.26203 6.28428 6.05010 6.11248 6.33472
-99999.00000 -99999.00000 -99999.00000 -99999.00000 -99999.00000 -99999.00000 -99999.00000 -99999.00000 -99999.00000 -99999.00000 -99999.00000 -99999.00000 -99999.00000 -99999.00000 -99999.00000 -99999.00000 -99999.00000 -99999.00000 -99999.00000 5.34708 5.47917 5.50137 5.48299 5.46629 5.58068 5.70803 5.75464 5.76128 5.90796 5.89543 5.84729 5.64787 5.37685 5.10378 4.72901 3.62235 1.28162 0.32291 0.51548 1.51187 2.33941 2.81412 2.88906 3.57465 4.65637 5.16737 5.36323 5.48261 5.55395 5.59854 5.74875 5.82898 5.93700 5.93216 5.94863 5.98380 6.17913 6.30361 6.32743 6.19457 6.34436 6.32886 6.26813 6.16180 6.15169 6.12494
-99999.00000 -99999.00000 -99999.00000 -99999.00000 -99999.00000 -99999.00000 -99999.00000 -99999.00000 -99999.00000 -99999.00000 -99999.00000 -99999.00000 -99999.00000 -99999.00000 -99999.00000 -99999.00000 -99999.00000 -99999.00000 -99999.00000 5.46345 5.52788 5.58816 5.52168 5.52822 5.66597 5.73382 5.73562 5.72813 5.82612 5.85877 5.75130 5.57721 5.39757 5.20486 5.04303 3.51541 1.04601 0.36060 0.51765 1.17758 2.00320 2.60075 2.72387 3.42756 4.75221 5.20825 5.38543 5.44006 5.42449 5.46693 5.51310 5.55219 5.74359 5.69759 5.77419 6.04522 6.25135 6.26528 5.98780 5.73484 5.93088 6.17651 6.31724 6.29514 6.13351 6.11915
-99999.00000 -99999.00000 -99999.00000 -99999.00000 -99999.00000 -99999.00000 -99999.00000 -99999.00000 -99999.00000 -99999.00000 -99999.00000 -99999.00000 -99999.00000 -99999.00000 -99999.00000 -99999.00000 -99999.00000 -99999.00000 5.56474 5.52924 5.56627 5.58388 5.52359 5.61203 5.67552 5.61422 5.72230 5.59849 5.76836 5.67831 5.58959 5.54583 5.48377 5.27894 5.04571 3.46028 2.17316 0.69506 0.34428 0.69706 1.68276 2.42070 2.64135 3.04325 4.26601 5.06792 5.30817 5.35302 5.34649 5.45549 5.21023 4.94469 5.42506 5.69825 5.54823 5.71053 6.07039 6.09235 5.67912 5.71095 5.62542 6.07476 6.20604 6.34240 6.28362 6.32787
-99999.00000 -99999.00000 -99999.00000 -99999.00000 -99999.00000 -99999.00000 -99999.00000 -99999.00000 -99999.00000 -99999.00000 -99999.00000 -99999.00000 -99999.00000 -99999.00000 -99999.00000 -99999.00000 -99999.00000 -99999.00000 5.45611 5.49759 5.55242 5.46602 5.46284 5.48019 5.58771 5.63676 5.68927 5.52227 5.47315 5.53279 5.64793 5.53464 5.45670 5.06454 4.85119 4.35668 1.83759 0.66951 0.31478 0.57569 1.38953 2.25357 2.68992 3.06542 4.04583 4.96301 5.16015 5.20951 5.36284 5.10614 4.54096 5.03263 5.06772 5.48625 5.60136 5.67093 5.84725 6.04505 5.93039 5.70441 5.93048 6.03323 6.18535 6.34463 6.43057 6.42205
-99999.00000 -99999.00000 -99999.00000 -99999.00000 -99999.00000 -99999.00000 -99999.00000 -99999.00000 -99999.00000 -99999.00000 -99999.00000 -99999.00000 -99999.00000 -99999.00000 -99999.00000 -99999.00000 -99999.00000 -99999.00000 5.42317 5.47051 5.52895 5.39083 5.29285 5.32401 5.46883 5.64117 5.68735 5.61390 5.41561 5.40793 5.58499 5.51238 5.39223 5.05092 4.91190 4.45996 2.68796 1.29328 0.33813 0.49175 0.82418 1.80187 2.48716 2.95736 3.90826 4.64186 4.90175 5.05321 5.15944 4.69199 4.92823 4.71562 5.39994 5.69452 5.74495 5.71598 5.88215 6.04440 6.17809 6.05213 6.16827 6.16069 6.27860 6.20195 6.27338 6.31357
-99999.00000 -99999.00000 -99999.00000 -99999.00000 -99999.00000 -99999.00000 -99999.00000 -99999.00000 -99999.00000 -99999.00000 -99999.00000 -99999.00000 -99999.00000 -99999.00000 -99999.00000 -99999.00000 -99999.00000 -99999.00000 5.09341 5.16540 5.22543 5.29515 5.22527 5.27580 5.41322 5.63468 5.73309 5.69406 5.56624 5.56582 5.61319 5.53489 5.25669 5.06510 5.09045 4.77577 3.22154 1.05428 0.29404 0.52759 0.81652 1.39716 2.05488 2.77297 3.74977 4.44299 4.77360 5.14141 5.19456 5.19175 4.78370 5.31757 5.65329 5.79396 5.77049 5.79261 5.75444 5.62175 5.89984 6.06471 6.20482 6.28088 6.21677 6.23528 6.24546 6.18897
-99999.00000 -99999.00000 -99999.00000 -99999.00000 -99999.00000 -99999.00000 -99999.00000 -99999.00000 -99999.00000 -99999.00000 -99999.00000 -99999.00000 -99999.00000 -99999.00000 -99999.00000 -99999.00000 -99999.00000 -99999.00000 5.03625 5.02235 5.02575 4.93047 5.23961 5.39775 5.53773 5.60312 5.68609 5.72666 5.63297 5.58342 5.63213 5.55776 5.43436 5.30242 5.11505 4.97376 3.94059 1.70435 0.41861 0.39791 0.63776 0.93082 1.53590 2.71270 3.67064 4.58370 4.94416 5.06831 5.00471 5.03796 5.30694 5.62983 5.73219 5.68138 5.75201 5.74252 5.45116 5.38336 5.61781 6.07801 6.28401 6.23410 6.23017 6.23540 6.24593 6.29521
-99999.00000 -99999.00000 -99999.00000 -99999.00000 -99999.00000 -99999.00000 -99999.00000 -99999.00000 -99999.00000 -99999.00000 -99999.00000 -99999.00000 -99999.00000 -99999.00000 -99999.00000 -99999.00000 -99999.00000 4.55723 5.17219 5.37028 5.34903 5.09319 5.12441 5.40302 5.58656 5.61071 5.60445 5.73116 5.74472 5.66188 5.58070 5.47073 5.41190 5.35236 5.19399 5.06319 4.25192 2.56167 0.86688 0.51653 0.64727 0.74962 1.50177 2.99946 3.79929 4.62437 4.52911 4.75010 4.80224 5.06445 5.34839 5.46743 5.62797 5.79469 5.76264 5.48547 5.36701 5.46869 5.55101 5.91940 6.18285 6.17564 6.12334 6.29277 6.37700 6.36602
-99999.00000 -99999.00000 -99999.00000 -99999.00000 -99999.00000 -99999.00000 -99999.00000 -99999.00000 -99999.00000 -99999.00000 -99999.00000 -99999.00000 -99999.00000 -99999.00000 -99999.00000 -99999.00000 -99999.00000 5.28207 5.36582 5.43778 5.43171 5.30135 5.27032 5.47563 5.67565 5.76113 5.67736 5.71765 5.84386 5.83918 5.70472 5.57230 5.39958 5.17980 5.18170 5.20236 4.07470 2.07158 1.00274 0.53147 0.58977 0.70032 1.60510 3.24610 4.05726 4.82901 4.86297 4.74893 5.02463 4.95636 5.31997 5.20967 5.18682 5.55807 5.64300 5.54990 5.60155 5.56347 5.73680 5.89586 5.91294 6.04195 6.11681 6.31689 6.37809 6.33484
-99999.00000 -99999.00000 -99999.00000 -99999.00000 -99999.00000 -99999.00000 -99999.00000 -99999.00000 -99999.00000 -99999.00000 -99999.00000 -99999.00000 -99999.00000 -99999.00000 -99999.00000 -99999.00000 5.39560 5.39810 5.32798 5.35337 5.40829 5.35983 5.44461 5.57130 5.62412 5.62320 5.61682 5.71531 5.79263 5.78452 5.72813 5.50996 5.36744 5.19015 5.05578 5.08437 4.31323 2.12786 1.08317 0.35760 0.48047 0.84828 1.98790 3.43697 4.19627 4.95060 5.02805 4.94793 5.04888 5.11902 5.13234 4.97778 5.21787 5.27927 5.65029 5.86070 6.00354 5.85929 5.82979 5.73501 5.73285 5.98473 6.27842 6.42586 6.33226 6.22465
-99999.00000 -99999.00000 -99999.00000 -99999.00000 -99999.00000 -99999.00000 -99999.00000 -99999.00000 -99999.00000 -99999.00000 -99999.00000 -99999.00000 -99999.00000 -99999.00000 -99999.00000 5.24167 5.39749 5.46600 5.33294 5.29988 5.38467 5.41046 5.52102 5.57930 5.54585 5.49228 5.64190 5.76450 5.78574 5.66696 5.56379 5.51337 5.28716 4.96668 4.80932 4.77428 3.42783 1.57597 0.68707 0.33496 0.52456 1.43395 2.49932 3.61977 4.37284 5.03748 4.91545 4.57922 5.08942 4.96397 5.21034 5.16292 5.18712 5.44520 5.67810 5.78085 5.89683 5.66881 5.78030 5.67808 5.65027 5.88223 6.25875 6.41829 6.26436 6.25866
-99999.00000 -99999.00000 -99999.00000 -99999.00000 -99999.00000 -99999.00000 -99999.00000 -99999.00000 -99999.00000 -99999.00000 -99999.00000 -99999.00000 -99999.00000 -99999.00000 -99999.00000 5.30058 5.43274 5.47573 5.40665 5.35926 5.36171 5.42251 5.47967 5.56623 5.58944 5.47022 5.55493 5.75148 5.81418 5.67335 5.57519 5.49124 5.05521 4.64468 4.48399 3.72054 1.52722 0.66781 0.37707 0.33776 0.61616 1.67306 2.85239 3.67791 4.63602 5.13040 5.13842 5.03028 4.96652 5.29343 5.30336 5.43569 5.23870 5.40123 5.64351 5.75921 5.66507 5.60926 5.70348 5.67962 5.74779 5.86000 6.13587 6.20591 5.98584 6.17447
-99999.00000 -99999.00000 -99999.00000 -99999.00000 -99999.00000 -99999.00000 -99999.00000 -99999.00000 -99999.00000 -99999.00000 -99999.00000 -99999.00000 -99999.00000 -99999.00000 4.79187 5.04466 5.20853 5.35641 5.42313 5.39932 5.33501 5.44715 5.53828 5.59670 5.61558 5.49702 5.54932 5.72517 5.80020 5.72305 5.50595 5.30289 4.97945 4.71262 4.22830 2.57353 0.65301 0.33141 0.23160 0.49662 1.37190 2.31402 3.30266 4.08004 4.85100 5.27476 5.27142 5.28140 5.35595 5.51963 5.53915 5.51816 5.62137 5.58228 5.57535 5.59440 5.57977 5.70090 5.52639 5.49881 5.75159 5.80994 6.07462 6.01382 6.04030 6.00421
-99999.00000 -99999.00000 -99999.00000 -99999.00000 -99999.00000 -99999.00000 -99999.00000 -99999.00000 -99999.00000 -99999.00000 -99999.00000 -99999.00000 -99999.00000 -99999.00000 4.20774 5.05979 5.01273 5.16891 5.38535 5.42492 5.31355 5.37419 5.48890 5.54862 5.53898 5.55197 5.60891 5.68036 5.69919 5.62562 5.44113 5.21424 4.91457 4.51089 3.57175 1.57994 0.56521 0.27101 0.21009 0.58449 1.70425 2.68987 3.68777 4.62490 5.14953 5.34672 5.32320 5.34666 5.52312 5.56577 5.56037 5.73623 5.92475 5.80519 5.75957 5.63390 5.61865 5.58867 5.69515 5.53542 5.68969 5.76212 6.10108 6.01274 5.86598 6.14745
-99999.00000 -99999.00000 -99999.00000 -99999.00000 -99999.00000 -99999.00000 -99999.00000 -99999.00000 -99999.00000 -99999.00000 -99999.00000 -99999.00000 -99999.00000 2.88238 2.99910 4.48369 5.05622 5.15281 5.24406 5.29470 5.32970 5.37786 5.46206 5.53148 5.55935 5.67521 5.67203 5.65580 5.60108 5.48459 5.38057 5.19206 4.79942 4.08696 3.00450 1.16961 0.52784 0.28377 0.39929 0.72165 1.88117 2.91086 4.02298 4.89943 5.19133 5.27414 5.27964 5.36141 5.53782 5.55927 5.62181 5.82307 5.76213 5.51212 5.57488 5.68204 5.67807 5.83458 5.93870 5.65881 5.79011 5.84206 6.05417 6.06247 6.12543 6.36262
-99999.00000 -99999.00000 -99999.00000 -99999.00000 -99999.00000 -99999.00000 -99999.00000 -99999.00000 -99999.00000 -99999.00000 -99999.00000 -99999.00000 -99999.00000 2.91195 2.95330 3.55623 4.49222 4.90773 5.13342 5.21612 5.27628 5.35677 5.49494 5.55202 5.55029 5.67110 5.67818 5.62515 5.49306 5.37758 5.35546 5.15196 4.51769 3.92866 2.93998 0.77128 0.35992 0.18421 0.46009 1.43687 2.29814 3.16221 4.39541 5.08447 5.27462 5.33622 5.37545 5.30503 5.44685 5.60402 5.66277 5.69334 5.51145 5.50152 5.48793 5.74319 5.71755 5.83453 5.80585 5.65865 5.99386 5.98945 5.96529 6.00810 6.12164 6.38703
-99999.00000 -99999.00000 -99999.00000 -99999.00000 -99999.00000 -99999.00000 -99999.00000 -99999.00000 -99999.00000 -99999.00000 -99999.00000 -99999.00000 -99999.00000 3.25068 3.38514 3.40416 3.49924 4.33147 5.05010 5.18609 5.29852 5.41470 5.44795 5.45185 5.50711 5.59537 5.66771 5.58215 5.38168 5.27770 5.39346 5.21056 4.43992 4.19202 3.39357 1.25732 0.43359 0.20714 0.50745 1.64341 2.49688 3.60833 4.64289 5.10862 5.34462 5.45052 5.44423 5.35084 5.30210 5.52616 5.64992 5.71315 5.68922 5.52947 5.67062 5.87569 5.70052 5.67628 5.64949 5.71828 6.08553 6.04833 5.85939 5.90027 6.08971 6.25492
-99999.00000 -99999.00000 -99999.00000 -99999.00000 -99999.00000 -99999.00000 -99999.00000 -99999.00000 -99999.00000 -99999.00000 -99999.00000 -99999.00000 3.75622 4.08639 4.35769 3.70749 3.37804 3.98687 5.00241 5.25221 5.32699 5.37445 5.40685 5.41880 5.48150 5.52494 5.57432 5.51311 5.36639 5.30029 5.27861 4.92565 3.88838 3.12536 2.16083 1.03185 0.67773 0.42495 0.60327 1.73662 2.64263 3.95771 4.91214 5.24584 5.37755 5.49211 5.50667 5.46481 5.37393 5.32636 5.42703 5.62644 5.74216 5.82427 5.92855 6.03846 5.87131 5.65896 5.52887 5.72254 6.06007 5.82478 5.74196 5.93647 6.13930 6.10219
-99999.00000 -99999.00000 -99999.00000 -99999.00000 -99999.00000 -99999.00000 -99999.00000 -99999.00000 -99999.00000 -99999.00000 -99999.00000 -99999.00000 4.57268 4.45724 4.80773 4.58896 3.77090 3.95500 4.84772 5.11613 5.30872 5.40259 5.43003 5.34893 5.43315 5.46875 5.44852 5.33295 5.24709 5.08457 4.96925 4.53456 3.53320 3.01448 1.67972 0.51639 0.33385 0.40599 0.83157 1.90567 2.83308 4.12231 4.96658 5.31146 5.40745 5.53491 5.59164 5.59773 5.55661 5.47552 5.46187 5.53248 5.63532 5.76444 5.89503 5.93676 5.94905 5.84043 5.56929 5.69987 5.86740 5.65872 5.68612 5.91975 6.01795 5.96375
-99999.00000 -99999.00000 -99999.00000 -99999.00000 -99999.00000 -99999.00000 -99999.00000 -99999.00000 -99999.00000 -99999.00000 -99999.00000 -99999.00000 5.42791 5.19115 5.21069 4.90560 4.01520 4.19722 4.81592 4.98730 5.19984 5.34770 5.34938 5.30725 5.46031 5.39103 5.22183 5.22961 5.33489 4.94626 4.76319 4.29037 3.69351 3.13591 1.27361 0.38074 0.19585 0.46717 1.55315 2.16085 2.96081 4.25093 5.00560 5.37840 5.42314 5.52766 5.63885 5.66796 5.71821 5.66330 5.66544 5.64517 5.67740 5.71224 5.84169 5.91743 5.70139 5.58180 5.48216 5.51570 5.51240 5.52306 5.74647 5.93695 5.95397 5.96655
-99999.00000 -99999.00000 -99999.00000 -99999.00000 -99999.00000 -99999.00000 -99999.00000 -99999.00000 -99999.00000 -99999.00000 -99999.00000 5.58668 5.56108 5.45690 5.22703 4.93104 3.68427 3.72684 4.58278 4.98579 5.22634 5.34100 5.30940 5.34769 5.40325 5.32141 5.27426 5.24918 5.02412 4.53038 4.61908 4.38733 3.78232 2.69409 1.06791 0.46943 0.20389 0.59072 1.71287 2.29754 2.91586 4.34630 5.10929 5.40405 5.49020 5.54552 5.67014 5.75168 5.83659 5.80391 5.84265 5.88933 5.89982 5.93448 5.92727 5.91209 5.67415 5.32786 5.27055 4.99605 5.19418 5.54558 5.82313 5.84519 5.81579 5.90036
-99999.00000 -99999.00000 -99999.00000 -99999.00000 -99999.00000 -99999.00000 -99999.00000 -99999.00000 -99999.00000 -99999.00000 -99999.00000 5.68249 5.62221 5.39791 5.21641 4.99795 3.48800 3.35552 4.38748 4.81522 5.07603 5.23461 5.28708 5.37403 5.36942 5.39176 5.34787 5.00873 4.47421 4.67274 4.76737 4.29124 3.07489 1.83194 0.88534 0.50180 0.28051 0.64347 1.61624 2.27023 2.84889 4.24120 5.08825 5.34858 5.48592 5.57342 5.64000 5.67807 5.72852 5.78661 5.79779 5.84909 5.99793 6.04135 6.07094 6.01319 5.82685 5.56449 5.01403 5.08156 4.82328 5.48883 5.67836 5.69524 5.78479 5.83736
-99999.00000 -99999.00000 -99999.00000 -99999.00000 -99999.00000 -99999.00000 -99999.00000 -99999.00000 -99999.00000 -99999.00000 -99999.00000 5.69602 5.58897 5.31145 5.24402 5.17546 3.72216 3.19510 3.85689 4.36201 4.59655 4.98492 5.24357 5.37763 5.38596 5.32626 5.12555 4.89992 4.96086 4.95572 4.51285 3.52216 2.64757 1.65580 0.70697 0.37100 0.21639 0.50955 1.37013 2.03679 2.92867 4.02626 4.95423 5.35789 5.44918 5.53198 5.59712 5.61713 5.58368 5.63190 5.71175 5.81758 5.86997 6.08078 6.06920 6.05398 6.01981 5.56312 4.99481 5.19197 4.62737 5.37297 5.51916 5.51461 5.65167 5.83659
-99999.00000 -99999.00000 -99999.00000 -99999.00000 -99999.00000 -99999.00000 -99999.00000 -99999.00000 -99999.00000 -99999.00000 -99999.00000 5.64787 5.49736 5.24560 5.09517 5.26565 4.54976 3.55547 3.26398 3.45443 3.64120 4.31217 5.15430 5.37588 5.34144 5.23714 5.07851 5.00302 5.03385 4.77594 4.01207 3.48296 3.26409 1.98454 0.66384 0.28417 0.19498 0.43117 0.98246 1.53535 2.64422 4.21574 4.81260 5.32123 5.45389 5.48244 5.54754 5.56529 5.57916 5.65621 5.79688 5.94918 5.95968 6.01055 5.85811 6.01893 5.77505 5.26758 4.39398 4.41915 4.26429 5.24683 5.49381 5.55498 5.55685 5.65484
-99999.00000 -99999.00000 -99999.00000 -99999.00000 -99999.00000 -99999.00000 -99999.00000 -99999.00000 -99999.00000 -99999.00000 5.66989 5.61927 5.49554 5.17452 4.79337 5.27821 4.96810 4.65594 3.81728 3.26431 2.79296 3.06094 4.91114 5.25470 5.25535 5.23931 5.06988 4.86479 4.80115 4.58370 4.21861 4.15799 3.99920 2.14147 0.61981 0.30415 0.39073 0.58332 1.17354 1.25531 2.10214 3.69563 4.64618 5.13986 5.32885 5.45284 5.50215 5.54907 5.61459 5.74806 5.82981 5.73538 5.88189 5.58318 5.42053 5.62248 5.50304 4.98784 4.63968 4.08703 4.60498 5.38390 5.59360 5.63731 5.65902 5.70111
