mrvbf_slope0.6_pctl1.1.asc
NCOLS 410
NROWS 410
XLLCORNER 2398750.0000000000000000
YLLCORNER 2548750.0000000000000000
CELLSIZE 250.0000000000000000
NODATA_VALUE -99999.00000
[rows 116 to 144 of 410, columns 198 to 263 of 410]
5.52119 5.66889 5.66684 5.61945 5.61685 5.55668 5.37701 5.55853 5.61352 5.69666 5.68319 5.68117 5.73888 5.77518 5.78918 5.84843 5.82487 5.77886 5.77932 5.79772 5.72991 5.67305 5.65860 5.66119 5.68757 5.69623 5.69549 5.65861 5.62253 5.62926 5.61151 5.62902 5.64655 5.61799 5.60332 5.57929 5.57006 5.59087 5.61665 5.61659 5.63094 5.62822 5.61357 5.61261 5.60802 5.60357 5.58590 5.61647 5.64602 5.61516 5.58692 5.57288 5.55732 5.48410 5.46319 5.51515 5.52822 5.51721 -99999.00000 -99999.00000 -99999.00000 -99999.00000 -99999.00000 -99999.00000 -99999.00000 -99999.00000
4.16300 5.57447 5.62858 5.65067 5.61119 5.62745 5.60852 5.58110 5.63017 5.66120 5.66402 5.67655 5.69935 5.73149 5.77954 5.83030 5.80414 5.77432 5.77224 5.81144 5.74080 5.65788 5.65160 5.64060 5.63539 5.67822 5.70119 5.68246 5.65058 5.63078 5.61634 5.63135 5.62340 5.60920 5.61413 5.59059 5.58135 5.58782 5.57717 5.58228 5.60517 5.61441 5.59558 5.60182 5.60074 5.60236 5.60623 5.62623 5.60881 5.56860 5.55272 5.55486 5.53743 5.45616 5.47382 5.50405 5.50337 5.50830 5.48988 5.31349 -99999.00000 -99999.00000 -99999.00000 -99999.00000 -99999.00000 -99999.00000
2.72163 5.52476 5.65982 5.66973 5.62207 5.61179 5.66112 5.64132 5.60637 5.66335 5.64555 5.66705 5.73316 5.72892 5.75421 5.79776 5.81277 5.82162 5.80871 5.75173 5.71319 5.66836 5.64236 5.67924 5.64489 5.66875 5.71772 5.68048 5.66861 5.65126 5.61825 5.61882 5.59313 5.59874 5.62865 5.59585 5.57898 5.56657 5.56744 5.58707 5.61118 5.59968 5.58480 5.58627 5.60917 5.60782 5.64515 5.64163 5.58635 5.55730 5.57792 5.56253 5.54409 5.52062 5.45765 5.49987 5.51899 5.50383 5.42236 5.28891 5.19736 -99999.00000 -99999.00000 -99999.00000 -99999.00000 -99999.00000
5.27206 5.62539 5.69567 5.68838 5.56569 5.50392 5.60657 5.67285 5.67108 5.70838 5.70319 5.69349 5.72090 5.69429 5.73840 5.78725 5.84306 5.84824 5.81167 5.79158 5.72149 5.68192 5.65740 5.67668 5.62048 5.65961 5.71109 5.67644 5.68291 5.65704 5.61941 5.60882 5.61143 5.61888 5.60940 5.58320 5.57915 5.57311 5.58582 5.61911 5.61351 5.57252 5.55868 5.57081 5.58657 5.60136 5.64570 5.63314 5.58508 5.55506 5.58503 5.58468 5.57067 5.53802 5.47184 5.47358 5.53503 5.50179 5.44435 5.40036 5.30554 5.25626 -99999.00000 -99999.00000 -99999.00000 -99999.00000
5.61365 5.65957 5.71139 5.63101 5.39038 5.31513 5.49460 5.65222 5.72124 5.76244 5.73627 5.67938 5.65786 5.64827 5.69003 5.71012 5.76427 5.81476 5.78013 5.76139 5.74575 5.71299 5.68126 5.62102 5.59530 5.60714 5.66415 5.66175 5.66360 5.64547 5.62677 5.61172 5.64566 5.65049 5.60810 5.59931 5.60086 5.58762 5.59961 5.62789 5.61962 5.59116 5.56484 5.58261 5.59408 5.60043 5.63169 5.62941 5.58567 5.55184 5.55050 5.56736 5.56010 5.50645 5.47257 5.52748 5.54406 5.51494 5.49277 5.46497 5.42090 5.42789 5.51541 -99999.00000 -99999.00000 -99999.00000
5.62480 5.61853 5.66191 5.58417 4.79476 5.21477 5.19728 5.61160 5.69755 5.72406 5.74307 5.69916 5.63456 5.64458 5.68191 5.66613 5.68250 5.73397 5.73973 5.72296 5.73519 5.70951 5.66702 5.62301 5.62032 5.57089 5.60847 5.63349 5.64713 5.65420 5.63484 5.61512 5.64840 5.65000 5.61542 5.59449 5.59357 5.59285 5.59904 5.60761 5.63769 5.61943 5.60401 5.61814 5.60465 5.57922 5.59571 5.61721 5.59886 5.55849 5.53376 5.52685 5.51777 5.49590 5.52946 5.56044 5.56647 5.55722 5.50234 5.44563 5.44066 5.45570 5.53327 5.55983 -99999.00000 -99999.00000
5.38721 5.31654 5.50612 5.51029 3.96171 4.06037 5.11017 5.59539 5.67308 5.73477 5.73769 5.68718 5.66990 5.63284 5.65199 5.64226 5.65961 5.67612 5.68040 5.68752 5.70137 5.71486 5.70253 5.64005 5.61613 5.55266 5.54474 5.63576 5.67837 5.66379 5.63757 5.65532 5.67788 5.64891 5.58378 5.55345 5.54384 5.57679 5.59496 5.59752 5.60463 5.61642 5.58300 5.58332 5.60689 5.60740 5.57905 5.59234 5.59005 5.55157 5.51287 5.49267 5.51244 5.52876 5.55570 5.57294 5.56016 5.53595 5.48320 5.46853 5.48998 5.47905 5.49526 5.56467 5.62002 -99999.00000
5.24262 5.40530 5.17309 5.39609 5.34520 4.36215 5.50489 5.63859 5.65181 5.68972 5.69654 5.69442 5.71295 5.68617 5.69144 5.67113 5.67766 5.65398 5.64884 5.66352 5.65114 5.66788 5.66438 5.59388 5.58273 5.48372 5.50382 5.59587 5.65138 5.67039 5.65818 5.64533 5.64586 5.60316 5.56780 5.52165 5.53195 5.55116 5.57012 5.59482 5.58632 5.60538 5.56594 5.54434 5.56892 5.59407 5.58569 5.55906 5.53746 5.55374 5.53697 5.50225 5.50311 5.53815 5.55350 5.54271 5.51480 5.49775 5.50874 5.53951 5.50254 5.44553 5.49172 5.52663 5.56634 -99999.00000
5.33494 5.01403 5.29644 5.55066 5.35006 5.49945 5.63303 5.65923 5.68176 5.68943 5.69424 5.73171 5.72807 5.71936 5.66545 5.67665 5.69993 5.68947 5.66130 5.63370 5.64078 5.67705 5.66203 5.60607 5.50968 5.47927 5.54793 5.49670 5.58521 5.66942 5.63862 5.62052 5.60474 5.58248 5.59040 5.53462 5.50979 5.54291 5.54731 5.55554 5.55306 5.58007 5.55970 5.55145 5.56086 5.56639 5.57363 5.53151 5.50362 5.52652 5.50784 5.46671 5.46288 5.53922 5.52922 5.51075 5.52954 5.52581 5.52926 5.53033 5.46862 5.42575 5.47956 5.47765 5.46969 5.48943
5.59992 5.17611 3.60719 5.44950 5.59664 5.66444 5.69127 5.70217 5.71277 5.69701 5.69728 5.69119 5.68231 5.63912 5.55541 5.61003 5.66646 5.68636 5.69500 5.66945 5.64465 5.63310 5.62682 5.58108 5.54230 5.56159 5.50167 5.35819 5.44489 5.56157 5.52734 5.54480 5.54503 5.57558 5.59288 5.58571 5.58708 5.57277 5.56433 5.55418 5.52380 5.47735 5.51974 5.56215 5.57189 5.55622 5.55757 5.49980 5.47838 5.53200 5.54335 5.50752 5.47659 5.47903 5.48970 5.48370 5.53417 5.50236 5.47216 5.51280 5.50899 5.43407 5.37405 5.41843 5.45256 5.48342
5.55200 2.59725 3.38330 3.48942 5.54529 5.65198 5.64766 5.67403 5.68562 5.66492 5.60299 5.58448 5.61580 5.54707 5.56393 5.58125 5.63141 5.68700 5.68686 5.71205 5.70312 5.67831 5.66424 5.63434 5.60967 5.53798 5.37360 5.16344 5.33099 5.32266 5.48639 5.56760 5.58183 5.59062 5.54502 5.55044 5.58430 5.57982 5.55994 5.58021 5.54380 5.47534 5.45769 5.54626 5.56381 5.55887 5.54719 5.53687 5.52199 5.51412 5.55230 5.53823 5.45318 5.40364 5.42970 5.46308 5.51486 5.50153 5.52461 5.48500 5.46403 5.37863 5.10789 5.26263 5.42345 5.51626
5.61457 4.71847 2.30280 4.17335 5.51554 5.64212 5.64490 5.64494 5.64746 5.55185 5.27368 5.41575 5.53571 5.47333 5.54270 5.65992 5.71982 5.70613 5.71315 5.73481 5.74175 5.70484 5.68094 5.65500 5.63061 5.59242 5.51132 5.39509 5.42399 5.48479 5.48781 5.52903 5.53246 5.55336 5.54259 5.59257 5.61934 5.57857 5.56124 5.57150 5.52629 5.45728 5.50919 5.53813 5.54516 5.57798 5.58118 5.53829 5.52697 5.52809 5.53860 5.51375 5.45630 5.35780 5.30671 5.35322 5.49733 5.52707 5.51623 5.49930 5.47626 5.32680 5.21773 5.05980 5.35511 5.45649
5.66303 5.51570 4.70885 5.28547 5.08237 5.54988 5.63246 5.61956 5.57145 5.35631 5.12297 5.01664 4.84188 4.89901 5.40647 5.66303 5.75083 5.72853 5.70539 5.72456 5.72711 5.70717 5.69248 5.67311 5.62619 5.65416 5.61781 5.55277 5.49787 5.55711 5.54841 5.58091 5.58649 5.61479 5.60313 5.59649 5.57049 5.57558 5.52949 5.52917 5.51826 5.50432 5.53129 5.54766 5.54326 5.57607 5.59705 5.57282 5.52675 5.51467 5.52269 5.49375 5.47262 5.38460 5.33721 5.47705 5.54377 5.51544 5.48368 5.50590 5.46145 5.38062 5.16750 5.34227 5.43955 5.43254
5.68626 5.64016 5.49939 4.84319 4.09837 5.26413 5.46672 5.50844 5.30684 4.99355 4.69873 4.69689 3.92861 4.45078 5.04897 5.60933 5.69939 5.71580 5.72555 5.73178 5.72443 5.71590 5.70052 5.68025 5.64074 5.64807 5.62120 5.58117 5.49342 5.54347 5.47828 5.57674 5.58569 5.61401 5.58488 5.52239 5.44508 5.49947 5.50931 5.49924 5.49344 5.50763 5.53983 5.53027 5.53541 5.57908 5.57192 5.55218 5.53177 5.53434 5.53573 5.49730 5.45504 5.45294 5.48034 5.52969 5.54512 5.48420 5.44106 5.46249 5.44049 5.43170 5.39911 5.44789 5.48764 5.47016
5.72966 5.70116 5.55725 4.43059 4.59394 2.48937 3.02384 4.40753 5.17892 4.29443 3.59728 4.46594 4.92991 4.19440 5.36840 5.59642 5.63892 5.66406 5.70530 5.71966 5.72688 5.68080 5.66532 5.66895 5.66049 5.62641 5.60238 5.60781 5.55491 5.47826 5.54268 5.54910 5.55178 5.56228 5.52489 5.39244 5.42877 5.27185 5.38203 5.44816 5.46443 5.50082 5.52712 5.54056 5.58081 5.58989 5.55755 5.55251 5.55083 5.55197 5.55224 5.53090 5.46836 5.44226 5.48858 5.49956 5.49989 5.49035 5.42065 5.34613 5.43537 5.49341 5.49281 5.47223 5.47694 5.44330
5.75774 5.73375 5.65454 5.43926 3.81365 3.15744 4.46821 3.57984 4.20645 4.06567 4.73567 3.81468 4.48735 5.00069 5.22278 5.52261 5.60263 5.63777 5.68646 5.71607 5.68606 5.65436 5.66213 5.66504 5.64252 5.59795 5.61129 5.63530 5.61097 5.56200 5.56092 5.53322 5.52844 5.57180 5.54018 5.44247 5.30131 5.30921 5.34423 5.26441 5.40971 5.45912 5.50540 5.54211 5.55036 5.54086 5.56134 5.57112 5.55960 5.54442 5.51320 5.49383 5.45856 5.46576 5.51653 5.49052 5.46356 5.48189 5.44032 5.39260 5.32641 5.44314 5.48148 5.40310 5.38576 5.39815
5.68884 5.70854 5.69309 5.63125 5.51249 5.39371 4.65976 5.22005 4.38308 3.34679 3.79261 2.85207 2.83218 3.21729 3.14111 4.70038 5.52321 5.60662 5.64823 5.68368 5.65153 5.65357 5.67699 5.68285 5.64432 5.62081 5.59496 5.62079 5.61984 5.60667 5.52803 5.49916 5.50238 5.56045 5.56901 5.54506 5.52491 5.47925 5.33600 5.35527 5.37400 5.28112 5.43897 5.47693 5.49202 5.49321 5.51070 5.54123 5.54925 5.51277 5.48142 5.48710 5.47542 5.45693 5.48918 5.47378 5.49269 5.49008 5.44286 5.40245 5.38481 5.36240 5.39733 5.29411 5.22990 5.24659
5.63268 5.68432 5.69449 5.66547 5.64860 5.61579 5.50290 5.34412 3.55836 3.24612 3.73657 3.00227 2.81505 2.84920 3.28711 3.26942 5.01476 5.54280 5.59608 5.62754 5.65305 5.66724 5.68544 5.68295 5.66929 5.62615 5.62793 5.61396 5.61393 5.58005 5.53540 5.49382 5.54944 5.56568 5.58480 5.57359 5.59747 5.49286 5.21334 5.17099 5.26403 5.31665 5.36294 5.40174 5.41449 5.47467 5.42087 5.50706 5.51895 5.48688 5.50256 5.47636 5.40725 5.38633 5.44286 5.48311 5.48924 5.48817 5.46693 5.41967 5.35242 5.39046 5.30564 5.16509 5.18342 5.29590
5.53847 5.64053 5.64030 5.60583 5.62754 5.63131 5.61054 5.53109 4.77494 3.08981 2.77263 2.72316 2.79525 2.82337 2.93990 3.80363 4.43445 5.31489 5.54161 5.60099 5.63181 5.64823 5.65451 5.60962 5.61960 5.61428 5.58405 5.59889 5.59911 5.55327 5.53599 5.52144 5.55888 5.57073 5.55524 5.53914 5.56545 5.43285 5.14987 4.47468 5.15729 5.38139 5.36783 5.33772 5.39831 5.45290 5.39701 5.46972 5.51285 5.49454 5.47236 5.46550 5.47417 5.40435 5.31999 5.42779 5.45358 5.48705 5.48429 5.44425 5.41144 5.34324 5.23385 5.04269 5.20894 5.35364
5.44810 5.58734 5.59799 5.62165 5.60426 5.62546 5.61059 5.58986 5.52103 5.21281 4.21423 2.93481 2.79543 2.78005 2.86217 3.30224 4.33856 4.53580 5.35518 5.31335 5.53156 5.60446 5.53291 5.40125 5.49197 5.60472 5.62233 5.61212 5.61175 5.53938 5.52058 5.52922 5.53040 5.51622 5.48445 5.49730 5.48463 5.37362 4.18192 3.48022 4.01710 5.12472 5.27937 5.32208 5.39503 5.45989 5.34098 5.38958 5.39302 5.45966 5.43167 5.38275 5.41724 5.36069 5.29917 5.26387 5.28503 5.43707 5.47942 5.45361 5.45302 5.34089 5.18660 4.99810 5.29668 5.30290
5.48602 5.55056 5.59942 5.59380 5.62547 5.65551 5.64975 5.62240 5.58273 5.45775 5.30056 4.62991 3.70563 2.81359 2.85942 2.84887 3.31262 4.11205 4.22312 3.40942 4.70242 5.47250 5.32440 5.27828 5.24826 5.54192 5.62845 5.58703 5.58042 5.57417 5.57237 5.53038 5.52974 5.49222 5.30424 5.11199 5.32141 4.64534 3.12652 3.28461 3.32588 4.86653 5.28381 5.31536 5.33510 5.42406 5.36982 5.41817 5.36111 5.23217 5.33688 5.40100 5.44255 5.32376 5.22097 5.30924 5.25074 5.19616 5.36342 5.45677 5.45026 5.38570 5.23943 5.06980 5.24178 5.30037
5.48255 5.55133 5.57059 5.61375 5.65964 5.66829 5.65763 5.65130 5.63273 5.56393 5.41151 5.35837 5.07980 2.99486 2.69804 2.83848 3.07006 3.13357 3.28718 3.36855 3.38792 5.13738 5.09214 4.87362 4.99010 5.29625 5.45855 5.49372 5.53159 5.58682 5.59949 5.57065 5.53613 5.32984 4.57584 4.80172 4.46560 3.61301 3.43772 2.83328 4.27865 5.27786 5.33618 5.35218 5.42923 5.45585 5.37224 5.39265 5.22514 5.25379 5.42834 5.44407 5.36247 5.28382 5.22204 5.19755 5.17501 5.24840 5.28923 5.43887 5.34451 5.33063 5.29197 5.16000 5.16668 5.31546
5.54162 5.58326 5.58066 5.61039 5.66341 5.67804 5.66093 5.65940 5.64776 5.61830 5.55363 5.54497 5.43938 4.58611 3.03160 2.85009 2.78753 3.45407 3.72649 3.32029 3.82640 4.38170 3.62390 4.33201 3.40598 3.46536 3.98344 4.44048 5.35243 5.54438 5.54424 5.49467 5.45204 5.38720 5.01020 4.39291 4.94367 4.26797 3.41738 4.31194 5.23433 5.36425 5.38768 5.43164 5.48051 5.44946 5.37493 5.33278 5.21621 5.42924 5.45351 5.35575 5.32284 5.36208 5.29262 5.27226 5.31792 5.26274 5.36915 5.41078 5.34633 5.26441 5.34146 5.31518 5.19753 5.20991
5.54582 5.57828 5.59489 5.58222 5.61621 5.65010 5.63322 5.63558 5.61910 5.61435 5.60569 5.60255 5.55503 5.45128 5.12156 4.70232 4.05575 3.73112 4.56181 3.78045 3.29776 3.06513 3.63508 4.76461 3.51809 3.55290 3.82086 3.79461 4.68420 5.45931 5.52795 5.48151 5.43548 5.48325 5.43038 5.38169 5.43142 5.26593 5.05860 5.37584 5.42470 5.38997 5.40396 5.43007 5.47494 5.41470 5.27179 5.29804 5.43014 5.49371 5.42694 5.35629 5.37453 5.34130 5.34320 5.33217 5.44910 5.39670 5.37095 5.36581 5.24058 5.25684 5.25444 5.17127 5.14273 5.10115
5.51000 5.55544 5.54268 5.54091 5.56789 5.62001 5.61169 5.60886 5.60517 5.59511 5.60373 5.60725 5.61310 5.57903 5.52099 5.48871 5.40113 5.02940 3.69545 3.18176 3.46370 3.11869 2.96958 3.90696 3.33398 3.37677 3.68221 4.10764 5.24328 5.50373 5.51087 5.54231 5.54675 5.51343 5.50509 5.50697 5.51413 5.45764 5.47653 5.47017 5.43759 5.43598 5.47899 5.48852 5.49098 5.40768 5.37490 5.42098 5.49278 5.48994 5.41577 5.40124 5.44859 5.40735 5.38496 5.39638 5.42502 5.43586 5.47703 5.42787 5.34414 5.26074 4.97114 5.02144 4.91171 5.03855
5.52303 5.49355 5.47195 5.49265 5.55541 5.57644 5.57938 5.57655 5.58415 5.58530 5.58118 5.58359 5.60485 5.62107 5.57185 5.53171 5.50372 5.44588 4.83277 3.27172 3.23062 3.16329 3.08080 4.18712 4.91338 4.70126 4.45455 5.13621 5.38966 5.46166 5.51000 5.56136 5.57435 5.56882 5.55073 5.52148 5.54459 5.50703 5.45070 5.44538 5.49553 5.49313 5.49910 5.51186 5.50908 5.47377 5.49117 5.47783 5.47033 5.45055 5.40874 5.43021 5.51680 5.51049 5.48045 5.50931 5.50096 5.43770 5.46508 5.46748 5.41325 5.36774 5.13142 4.96235 5.05557 4.99496
5.48008 5.41912 5.44911 5.35811 5.43493 5.54123 5.56726 5.56282 5.56534 5.57146 5.56955 5.55511 5.58994 5.59727 5.55328 5.55335 5.57019 5.51192 5.23864 3.53015 3.09403 3.21456 3.21580 3.20245 4.41979 3.53967 2.99907 4.11983 5.26935 5.39460 5.45612 5.50504 5.54561 5.54534 5.56531 5.53810 5.52292 5.50572 5.47314 5.50119 5.51795 5.48490 5.50020 5.50520 5.51845 5.53237 5.52836 5.49301 5.45108 5.44932 5.39982 5.40015 5.50428 5.53559 5.53727 5.53699 5.50882 5.45657 5.45161 5.47088 5.42429 5.44404 5.38019 5.30068 5.10857 5.13701
5.29150 4.99784 4.98986 5.00184 4.99663 5.34157 5.49142 5.51607 5.53054 5.57122 5.56341 5.53542 5.55388 5.56020 5.54667 5.56846 5.56795 5.51370 4.97847 2.99410 3.19660 3.62976 4.13633 3.27286 3.57572 2.94088 2.74904 2.73603 4.56751 5.25388 5.31770 5.32511 5.48515 5.52022 5.53773 5.51983 5.50070 5.51471 5.49428 5.50194 5.49915 5.49691 5.47522 5.48886 5.52350 5.54147 5.54899 5.52644 5.41654 5.37734 5.40827 5.44479 5.50501 5.55242 5.56144 5.55025 5.54258 5.50206 5.43208 5.41029 5.40727 5.43599 5.40836 5.36185 5.27093 5.25541
4.56493 4.65185 4.82008 4.92799 4.66222 4.88873 5.26338 5.43256 5.49363 5.52976 5.52763 5.53244 5.52189 5.53289 5.57771 5.56815 5.56421 5.54672 5.41032 4.16966 2.73397 2.73238 3.43196 3.16726 4.28777 3.21476 3.37092 2.88759 4.19594 4.53368 4.19980 4.33519 4.98054 5.43123 5.44617 5.46157 5.47934 5.51255 5.50779 5.51410 5.52337 5.49045 5.49456 5.50012 5.48591 5.48279 5.49911 5.50093 5.38935 5.32390 5.41725 5.45403 5.50469 5.54911 5.56538 5.56846 5.55497 5.50920 5.42039 5.35804 5.38775 5.44146 5.45191 5.39055 5.36808 5.31972
