mrvbf_slope1.1_pctl1.asc
NCOLS 410
NROWS 410
XLLCORNER 2398750.0000000000000000
YLLCORNER 2548750.0000000000000000
CELLSIZE 250.0000000000000000
NODATA_VALUE -99999.00000
[rows 319 to 347 of 410, columns 0 to 65 of 410]
-99999.00000 -99999.00000 -99999.00000 -99999.00000 -99999.00000 7.52652 7.52253 7.49962 7.47138 7.46582 7.45369 7.42529 7.43938 7.47753 7.49357 7.49937 7.49475 7.48907 7.48399 7.48039 7.49045 7.49514 7.49222 7.45784 7.40753 7.39660 7.41191 7.41129 7.36412 7.33923 7.36359 7.41619 7.42666 7.40976 7.35442 7.37615 7.41272 7.42917 7.42901 7.39496 7.33728 7.33258 7.38461 7.43828 7.46844 7.47030 7.45398 7.44014 7.43880 7.43360 7.42302 7.41002 7.41456 7.43029 7.41415 7.40828 7.41891 7.41110 7.40369 7.39538 7.40010 7.43246 7.46275 7.48141 7.48940 7.49293
-99999.00000 -99999.00000 -99999.00000 -99999.00000 -99999.00000 7.50989 7.50651 7.48484 7.46856 7.47244 7.46568 7.42765 7.40898 7.43745 7.46952 7.48823 7.49106 7.48547 7.48298 7.49113 7.48943 7.49871 7.48710 7.43716 7.42897 7.41864 7.40522 7.38487 7.32790 7.32599 7.38939 7.42994 7.42702 7.41912 7.40393 7.39872 7.40540 7.42776 7.43268 7.38316 7.32927 7.33980 7.40069 7.45408 7.47536 7.47080 7.45952 7.45700 7.46130 7.46175 7.46000 7.44633 7.43787 7.44585 7.43847 7.44088 7.45776 7.45237 7.44402 7.44186 7.44896 7.45899 7.46720 7.47530 7.47323 7.46988
-99999.00000 -99999.00000 -99999.00000 -99999.00000 -99999.00000 7.45935 7.45558 7.42188 7.44530 7.48068 7.48450 7.46587 7.44640 7.43875 7.44924 7.46660 7.47695 7.48164 7.48040 7.48277 7.49713 7.50674 7.50080 7.46131 7.40512 7.43850 7.44501 7.41877 7.28312 7.26246 7.40010 7.42806 7.41075 7.37912 7.39002 7.40799 7.36511 7.39025 7.41065 7.38373 7.35293 7.37866 7.44019 7.47543 7.48208 7.47156 7.46185 7.46532 7.47515 7.47850 7.47358 7.45887 7.45104 7.45889 7.45354 7.43964 7.45050 7.46006 7.45725 7.45795 7.45739 7.45860 7.45336 7.44589 7.43783 7.44242
-99999.00000 -99999.00000 -99999.00000 -99999.00000 -99999.00000 7.36629 7.33295 7.33009 7.40163 7.45356 7.46545 7.46077 7.47333 7.48010 7.46255 7.45852 7.46395 7.46863 7.47849 7.49085 7.50276 7.50707 7.50507 7.48954 7.44529 7.44113 7.44105 7.40839 7.37582 7.37945 7.41278 7.41995 7.41889 7.35847 7.33107 7.30180 7.30865 7.37184 7.40752 7.40321 7.38942 7.41633 7.46426 7.48277 7.48494 7.47087 7.45886 7.46519 7.47763 7.47914 7.46997 7.45254 7.44437 7.45119 7.44944 7.43311 7.43062 7.43984 7.43738 7.43759 7.44140 7.43179 7.41740 7.40394 7.41089 7.42904
-99999.00000 -99999.00000 -99999.00000 -99999.00000 -99999.00000 7.36666 7.34916 7.39083 7.39603 7.41912 7.45687 7.46967 7.48956 7.49576 7.48659 7.47097 7.46366 7.45799 7.45856 7.47752 7.49703 7.50226 7.49916 7.48220 7.46233 7.47572 7.45067 7.45829 7.45755 7.45667 7.45126 7.43239 7.43110 7.39867 7.35365 7.34248 7.38258 7.39897 7.41780 7.41674 7.41766 7.42516 7.45153 7.47479 7.48494 7.46850 7.45231 7.46044 7.47139 7.46628 7.45338 7.43050 7.40435 7.39232 7.38790 7.37971 7.38653 7.40032 7.40110 7.39206 7.38629 7.36929 7.36745 7.37265 7.40627 7.43043
-99999.00000 -99999.00000 -99999.00000 -99999.00000 -99999.00000 7.42978 7.44096 7.45199 7.42513 7.40793 7.43325 7.46993 7.49024 7.49553 7.49847 7.49041 7.48028 7.47095 7.45857 7.46012 7.48240 7.49241 7.48241 7.45176 7.44822 7.48144 7.46205 7.46308 7.44403 7.45953 7.45810 7.44904 7.44128 7.43192 7.42241 7.41864 7.40646 7.42147 7.41339 7.41455 7.43417 7.44050 7.44592 7.45854 7.47542 7.46696 7.44818 7.44678 7.44959 7.43933 7.42390 7.39877 7.35482 7.30276 7.29014 7.31724 7.34291 7.36295 7.37194 7.35952 7.32549 7.32296 7.33536 7.35411 7.39205 7.42331
-99999.00000 -99999.00000 -99999.00000 -99999.00000 -99999.00000 7.42916 7.44545 7.45997 7.44878 7.42379 7.42472 7.45384 7.47900 7.48219 7.48973 7.49226 7.48496 7.47239 7.46054 7.46192 7.47359 7.47204 7.43884 7.40863 7.43268 7.46050 7.44429 7.43086 7.44807 7.43913 7.44470 7.44733 7.43763 7.44561 7.44453 7.43426 7.41127 7.41063 7.40805 7.42485 7.42060 7.44153 7.45972 7.45329 7.46164 7.46723 7.45038 7.43642 7.42562 7.41290 7.39720 7.36602 7.29430 7.23955 7.24639 7.29210 7.32430 7.34166 7.34927 7.33686 7.32053 7.33596 7.35017 7.36684 7.35773 7.38958
-99999.00000 -99999.00000 -99999.00000 -99999.00000 -99999.00000 7.40010 7.41781 7.44459 7.45999 7.44467 7.43167 7.43077 7.45512 7.46324 7.46940 7.47378 7.46933 7.46057 7.45639 7.46389 7.47016 7.44799 7.40711 7.41086 7.43966 7.42886 7.43777 7.44931 7.46789 7.43156 7.42191 7.40569 7.39534 7.42943 7.44176 7.43577 7.41472 7.40337 7.41617 7.43620 7.42346 7.42714 7.43746 7.44197 7.45403 7.45952 7.44483 7.42627 7.40440 7.37904 7.35778 7.31280 7.19185 7.19092 7.23487 7.27862 7.31348 7.33078 7.32736 7.31583 7.32723 7.35953 7.38436 7.39576 7.34976 7.34583
-99999.00000 -99999.00000 -99999.00000 -99999.00000 -99999.00000 7.39195 7.41226 7.43361 7.45356 7.45447 7.44262 7.43594 7.42951 7.44388 7.44814 7.45127 7.45211 7.45169 7.45694 7.46736 7.46575 7.43494 7.42105 7.41088 7.40588 7.42356 7.44515 7.44706 7.44727 7.37572 7.36528 7.32737 7.31263 7.36550 7.41170 7.40637 7.37889 7.35779 7.39041 7.42194 7.42703 7.42813 7.43392 7.43845 7.44432 7.43984 7.42242 7.39896 7.35160 7.25027 7.18527 7.17364 7.10158 7.19436 7.23965 7.26753 7.29864 7.31057 7.30194 7.30122 7.33006 7.37075 7.39870 7.39581 7.34838 7.30000
-99999.00000 -99999.00000 -99999.00000 -99999.00000 -99999.00000 7.38542 7.40494 7.41543 7.43014 7.44398 7.42817 7.42840 7.43299 7.43153 7.43083 7.43519 7.44027 7.44517 7.45479 7.46308 7.46151 7.44822 7.42124 7.43467 7.43179 7.42336 7.41883 7.42723 7.41016 7.34931 7.32659 7.32975 7.24456 7.25291 7.32301 7.28232 7.20405 7.17970 7.32430 7.39713 7.40438 7.41034 7.42375 7.42179 7.41573 7.40723 7.38587 7.35054 7.24624 7.09950 7.08837 7.15837 7.21507 7.29703 7.29754 7.29315 7.30409 7.30604 7.29243 7.28595 7.30907 7.34578 7.37635 7.34742 7.29607 7.23384
-99999.00000 -99999.00000 -99999.00000 -99999.00000 -99999.00000 7.37687 7.37318 7.34937 7.34759 7.38757 7.34681 7.37032 7.41108 7.40607 7.40596 7.41680 7.42492 7.43022 7.44020 7.44004 7.43286 7.41070 7.37064 7.38859 7.37742 7.29126 7.19430 7.29008 7.38478 7.33790 7.30936 7.34773 7.26157 7.18123 7.22650 7.15301 7.00378 6.91323 7.12910 7.34347 7.37664 7.32561 7.34394 7.35977 7.36221 7.36521 7.35261 7.30546 7.18996 7.15349 7.21343 7.24630 7.34130 7.38876 7.37853 7.35584 7.34418 7.33538 7.30401 7.26101 7.24634 7.26278 7.28535 7.22767 7.20527 7.17224
-99999.00000 -99999.00000 -99999.00000 -99999.00000 -99999.00000 7.36357 7.32638 7.20449 7.07896 7.29611 7.30197 7.32579 7.36898 7.34587 7.34658 7.37475 7.39009 7.38249 7.39302 7.37620 7.31135 7.20984 7.21634 7.30319 7.29079 7.13739 6.89015 6.95120 7.29348 7.28103 7.27064 7.31194 7.33622 7.27700 7.27191 7.21461 7.12334 7.02493 6.99434 7.28231 7.34551 7.29575 7.27509 7.28900 7.30123 7.31183 7.31310 7.26740 7.18071 7.20882 7.29894 7.32177 7.39776 7.42186 7.41942 7.40003 7.37873 7.35707 7.30158 7.25215 7.22555 7.20435 7.19754 7.18683 7.24110 7.24803
-99999.00000 -99999.00000 -99999.00000 -99999.00000 -99999.00000 7.33774 7.26884 7.11535 7.07473 7.12169 7.28308 7.33024 7.32063 7.31130 7.32951 7.33948 7.35389 7.34658 7.32437 7.25782 7.11072 7.07363 7.21562 7.27800 7.25070 7.17195 7.22174 6.91833 7.23867 7.29779 7.28213 7.31158 7.38283 7.35832 7.34490 7.32242 7.25859 7.00053 7.13274 7.30035 7.32356 7.31791 7.28048 7.23758 7.22107 7.23181 7.25761 7.26114 7.25192 7.29964 7.36645 7.37420 7.41417 7.43283 7.42869 7.41280 7.38623 7.34533 7.27953 7.28107 7.29335 7.26794 7.26745 7.29914 7.34869 7.34996
-99999.00000 -99999.00000 -99999.00000 -99999.00000 -99999.00000 7.30897 7.28497 7.24698 7.18048 7.14907 7.30308 7.31774 7.32560 7.32858 7.36089 7.35340 7.34317 7.33226 7.25935 7.11549 7.01403 7.08256 7.15588 7.19222 7.19634 7.19493 7.15831 6.91776 7.32739 7.35558 7.29891 7.31104 7.38131 7.36289 7.34936 7.35474 7.29560 7.16845 7.18783 7.23843 7.25591 7.27420 7.25584 7.19720 7.14916 7.14042 7.19329 7.27641 7.33410 7.35498 7.37248 7.40007 7.42644 7.43346 7.41902 7.39520 7.36179 7.31293 7.28019 7.32384 7.35257 7.34552 7.35294 7.36546 7.37606 7.38221
-99999.00000 -99999.00000 -99999.00000 -99999.00000 -99999.00000 7.26210 7.27879 7.31319 7.30477 7.25929 7.25573 7.24746 7.20564 7.18901 7.31325 7.35805 7.32335 7.23902 7.10029 6.95648 6.88856 6.86303 6.77845 6.82273 7.05316 7.16105 6.92695 6.80420 7.23982 7.30457 7.25337 7.24768 7.30574 7.31609 7.31993 7.32185 7.28440 7.15651 7.04723 7.09895 7.18365 7.25709 7.26502 7.20246 7.12989 7.07434 7.11286 7.25199 7.35998 7.38947 7.39976 7.41874 7.42939 7.41791 7.38600 7.35020 7.31955 7.29172 7.29479 7.33589 7.35542 7.36511 7.37254 7.35525 7.34096 7.36225
-99999.00000 -99999.00000 -99999.00000 -99999.00000 -99999.00000 7.04109 7.13825 7.25667 7.27426 7.27417 7.24965 7.17071 6.88039 6.81674 7.17067 7.34309 7.28317 7.13647 7.04158 7.01566 6.86012 6.63248 6.41805 6.48663 6.92423 7.18218 7.06100 6.48654 6.97462 7.21709 7.21274 7.15755 7.20666 7.31809 7.35266 7.34931 7.30094 7.16101 7.05435 7.09999 7.19637 7.29416 7.30834 7.22023 7.12885 7.05398 7.00475 7.09780 7.28694 7.37740 7.40303 7.40989 7.40275 7.37301 7.33303 7.30706 7.29777 7.29843 7.31696 7.34114 7.33597 7.34143 7.34394 7.32282 7.31576 7.32948
-99999.00000 -99999.00000 -99999.00000 -99999.00000 -99999.00000 6.07169 6.80890 7.11330 7.25616 7.31129 7.29426 7.17735 6.96956 7.01541 7.01903 7.30106 7.24953 7.17833 7.22066 7.15585 6.80643 6.64798 6.83605 6.71777 6.91831 7.19922 7.24310 6.96119 6.82577 7.15349 7.24079 7.08061 7.14192 7.35493 7.38946 7.40153 7.37204 7.30331 7.26495 7.24199 7.25152 7.30744 7.31754 7.18710 7.12461 7.12172 6.99949 6.81862 6.97885 7.23718 7.32099 7.34259 7.33798 7.31965 7.30530 7.30469 7.31465 7.33051 7.35331 7.37302 7.35987 7.33307 7.32621 7.33329 7.33992 7.33773
-99999.00000 -99999.00000 -99999.00000 -99999.00000 -99999.00000 6.36680 6.78517 7.01797 7.17473 7.27383 7.30398 7.25403 7.17751 7.10870 7.14939 7.32718 7.30179 7.24077 7.21216 7.08524 6.61102 6.79299 7.23637 7.05687 6.99099 7.22243 7.31019 7.22701 7.04450 7.09928 7.23754 7.16059 7.14468 7.28786 7.36574 7.39935 7.38364 7.35993 7.38530 7.34374 7.30176 7.32717 7.31139 7.15913 7.16801 7.25475 7.22435 7.02153 6.83834 7.01530 7.18073 7.25402 7.28838 7.31384 7.32645 7.33267 7.34681 7.36861 7.39251 7.41117 7.40756 7.37740 7.35472 7.35224 7.32818 7.32236
-99999.00000 -99999.00000 -99999.00000 -99999.00000 -99999.00000 6.27523 6.68933 6.83412 7.02570 7.15206 7.24459 7.26977 7.26090 7.22085 7.23528 7.33718 7.34463 7.29049 7.20042 6.93201 6.61740 6.98947 7.31849 7.17537 7.09254 7.26632 7.33867 7.29679 7.19223 7.14192 7.25457 7.33092 7.26588 7.31019 7.37648 7.40095 7.38361 7.36934 7.40053 7.38094 7.34705 7.36862 7.33665 7.20997 7.22432 7.33329 7.36880 7.29941 7.18607 7.15217 7.19915 7.24969 7.30287 7.35029 7.36272 7.35830 7.37077 7.39712 7.41856 7.42797 7.42767 7.41030 7.38229 7.35856 7.31340 7.29650
-99999.00000 -99999.00000 -99999.00000 -99999.00000 -99999.00000 6.44282 6.57276 7.02724 7.00081 6.93731 7.04712 7.13281 7.16691 7.14837 7.08639 7.23564 7.29501 7.25829 7.08010 6.86032 6.77206 7.09454 7.31408 7.15922 7.15778 7.31595 7.32489 7.26064 7.21335 7.17581 7.23742 7.34885 7.35355 7.35823 7.40015 7.40382 7.37321 7.36216 7.39472 7.38452 7.35062 7.38176 7.36747 7.22843 7.21071 7.33765 7.38236 7.35923 7.33999 7.32942 7.31446 7.30984 7.33553 7.37817 7.38340 7.36760 7.38308 7.41236 7.43168 7.43520 7.43018 7.41117 7.38412 7.37151 7.34169 7.32973
-99999.00000 -99999.00000 -99999.00000 -99999.00000 -99999.00000 6.69409 6.92703 7.06765 7.03535 6.84316 6.79158 6.90503 7.01308 7.04147 6.95851 7.02838 7.20547 7.21455 7.03277 6.95158 6.80978 6.99884 7.21726 7.04268 7.21879 7.33750 7.25162 7.14877 7.12528 7.07349 7.15236 7.28776 7.26804 7.26050 7.35784 7.38109 7.34642 7.33566 7.37373 7.36392 7.32065 7.37877 7.40227 7.28259 7.15444 7.29306 7.37131 7.38775 7.39959 7.40149 7.38603 7.36755 7.35293 7.37534 7.38259 7.35900 7.38192 7.40993 7.42782 7.43321 7.42804 7.40425 7.38071 7.38761 7.36430 7.34710
-99999.00000 -99999.00000 -99999.00000 -99999.00000 -99999.00000 6.79401 6.94054 7.02696 7.09436 7.05701 6.89629 6.90680 7.01339 7.03968 6.95229 6.96581 7.14016 7.22666 7.19550 6.97342 6.61948 6.65966 7.02427 6.99942 7.26003 7.27403 7.07888 7.08055 7.07354 6.93791 6.89886 6.94318 6.88783 7.20184 7.25706 7.31655 7.29462 7.29481 7.34212 7.31813 7.27903 7.36198 7.40644 7.35690 7.20793 7.26683 7.37703 7.41280 7.41983 7.41385 7.40501 7.38888 7.35254 7.36098 7.37621 7.33134 7.34865 7.39069 7.41009 7.41423 7.40957 7.39418 7.38966 7.40500 7.38290 7.34822
-99999.00000 -99999.00000 -99999.00000 -99999.00000 -99999.00000 6.84575 6.96911 7.08019 7.11842 7.03012 7.05023 7.08957 7.13459 7.11336 6.99386 6.91716 7.03191 7.21425 7.30492 7.22508 6.92290 6.68286 6.88965 7.14469 7.24352 7.06481 6.93112 7.13944 7.15923 7.05583 6.93174 6.83333 6.91472 7.05135 7.27500 7.28754 7.21366 7.21458 7.26319 7.21621 7.16386 7.28703 7.35583 7.30836 7.17551 7.27965 7.37515 7.39615 7.39557 7.39273 7.39162 7.38325 7.32591 7.30758 7.31993 7.25368 7.32214 7.36522 7.37886 7.38808 7.38984 7.38979 7.39843 7.40977 7.38974 7.33609
-99999.00000 -99999.00000 -99999.00000 -99999.00000 -99999.00000 6.85338 6.98941 7.04414 7.02484 7.10582 6.96506 7.18482 7.24572 7.23101 7.13167 6.94633 6.88711 7.05166 7.24250 7.27135 7.21002 7.07589 7.07427 7.20126 7.06795 6.87565 7.02322 7.19338 7.21098 7.20930 7.18794 7.09522 7.04891 7.17799 7.30847 7.23897 7.11298 7.09253 7.12087 7.03812 6.87059 6.97534 7.08606 6.97398 7.07997 7.29990 7.33440 7.33185 7.33594 7.34903 7.35471 7.34274 7.28565 7.26460 7.28249 7.26473 7.35240 7.35208 7.35913 7.38026 7.39242 7.40168 7.40780 7.40624 7.38370 7.33624
-99999.00000 -99999.00000 -99999.00000 -99999.00000 -99999.00000 6.77304 6.93831 7.07003 7.04264 6.96677 7.03868 7.13945 7.24380 7.26910 7.24527 7.10516 6.90988 6.84816 6.98528 7.16077 7.24440 7.12830 6.91717 6.89239 6.94915 7.06864 7.19824 7.21387 7.18587 7.20947 7.23098 7.14728 7.11279 7.21311 7.30103 7.18917 7.02388 7.00557 7.07806 7.02644 6.84415 6.73102 6.83298 6.99300 7.22970 7.29245 7.26720 7.25305 7.27218 7.30875 7.32413 7.28679 7.27638 7.23198 7.28416 7.28158 7.32639 7.34353 7.37114 7.40026 7.41615 7.42320 7.42007 7.40552 7.37998 7.34603
-99999.00000 -99999.00000 -99999.00000 -99999.00000 -99999.00000 6.67226 6.88982 7.09525 7.04314 6.99497 7.18217 7.16237 7.22497 7.24052 7.21991 7.21628 7.10983 6.96953 6.92933 7.05609 7.18528 6.83974 6.59917 6.88360 7.18607 7.26101 7.17239 7.05882 7.02989 7.14474 7.13315 7.08537 7.22916 7.29135 7.28522 7.16896 6.98350 6.99094 7.17248 7.19905 7.09873 7.01709 7.09787 7.24454 7.31135 7.30113 7.24461 7.24097 7.26126 7.28687 7.31991 7.26944 7.27366 7.17458 7.17616 7.20226 7.28296 7.34996 7.38474 7.41793 7.43514 7.43757 7.42571 7.40186 7.37350 7.34517
-99999.00000 -99999.00000 -99999.00000 -99999.00000 -99999.00000 6.66017 6.83031 6.89798 6.80653 6.92847 7.22347 7.26962 7.28065 7.26479 7.18927 7.21265 7.21042 7.12113 7.03937 6.97967 7.02552 6.72568 6.64562 6.83473 7.13041 7.21862 7.16402 7.09221 7.19197 7.28402 7.16274 7.06944 7.21144 7.28988 7.25431 7.11388 6.95895 7.01497 7.20240 7.30491 7.26264 7.19799 7.22252 7.28500 7.33196 7.31553 7.25309 7.26914 7.28040 7.26968 7.29353 7.25565 7.25657 7.17987 7.13433 7.23613 7.31411 7.34292 7.37158 7.41984 7.44043 7.44089 7.42517 7.39248 7.35094 7.31364
-99999.00000 -99999.00000 -99999.00000 -99999.00000 -99999.00000 6.74589 6.83127 6.57200 6.41344 6.85982 7.21070 7.29136 7.30174 7.24304 7.16651 7.17395 7.21071 7.14707 6.99992 6.92997 6.82041 6.97479 6.93959 6.91269 7.09088 7.22873 7.28412 7.28903 7.30240 7.32134 7.23781 7.00711 7.06923 7.18221 7.04847 6.78942 7.02083 7.10257 7.19961 7.30428 7.31231 7.24233 7.19489 7.26080 7.33706 7.33068 7.27120 7.24429 7.25188 7.21440 7.18456 7.21082 7.26464 7.27169 7.27386 7.31575 7.30732 7.30097 7.37663 7.42652 7.43848 7.43516 7.41992 7.38361 7.31995 7.26914
-99999.00000 -99999.00000 -99999.00000 -99999.00000 -99999.00000 6.53200 6.69887 6.20385 6.15506 6.85848 7.17892 7.26834 7.27576 7.15517 7.08781 7.13972 7.18370 7.13611 7.02421 6.96423 6.71700 6.75340 6.89205 6.97429 7.14998 7.21029 7.22058 7.25223 7.30106 7.30716 7.21454 7.15963 7.09688 7.10926 6.72803 6.71119 7.04189 7.12291 7.18202 7.27532 7.31187 7.24995 7.12122 7.20072 7.30589 7.28382 7.20828 7.14535 7.07354 7.02232 7.03951 7.16413 7.23242 7.27238 7.33039 7.33432 7.25680 7.27934 7.39041 7.42168 7.41971 7.40565 7.39654 7.37513 7.29962 7.23902
