mrvbf_slope1.3_pctl0.7.asc
NCOLS 410
NROWS 410
XLLCORNER 2398750.0000000000000000
YLLCORNER 2548750.0000000000000000
CELLSIZE 250.0000000000000000
NODATA_VALUE -99999.00000
[rows 348 to 376 of 410, columns 198 to 263 of 410]
7.57771 7.57509 7.57651 7.58272 7.58461 7.58352 7.57776 7.56609 7.54490 7.55384 7.58026 7.58937 7.59130 7.59022 7.58600 7.58147 7.58119 7.58698 7.58984 7.58950 7.58990 7.59228 7.59238 7.58495 7.57877 7.56829 7.54959 7.53152 7.53437 7.55449 7.57363 7.59280 7.58903 7.56550 7.53674 7.52252 7.52723 7.54062 7.55844 7.57574 7.58628 7.58429 7.58096 7.57383 7.58301 7.59778 7.59625 7.60489 7.61339 7.60794 7.59873 7.60071 7.60646 7.60943 7.62123 7.62809 7.62813 7.62451 7.62350 7.62200 7.61571 7.60299 7.59485 7.61217 7.62313 7.61820
7.57014 7.57138 7.57820 7.57813 7.58045 7.57528 7.56648 7.56084 7.55677 7.56380 7.58117 7.59073 7.59357 7.59260 7.58770 7.58456 7.58675 7.59227 7.59550 7.59570 7.59377 7.59136 7.58775 7.58021 7.57053 7.54971 7.52542 7.50606 7.50128 7.50215 7.52016 7.57245 7.56862 7.52986 7.50589 7.51563 7.53660 7.55213 7.56209 7.58299 7.60066 7.59566 7.58834 7.57619 7.56501 7.57334 7.58912 7.60570 7.61274 7.60593 7.58525 7.57329 7.58489 7.60318 7.61990 7.62677 7.62527 7.62218 7.62072 7.61221 7.60711 7.60198 7.60275 7.61447 7.62363 7.62252
7.56880 7.57123 7.57414 7.57185 7.56841 7.56170 7.56479 7.56839 7.57094 7.57186 7.57990 7.58946 7.59286 7.59183 7.58784 7.58719 7.59068 7.59516 7.59795 7.59882 7.59862 7.59653 7.59032 7.58240 7.56875 7.54518 7.51766 7.50155 7.50126 7.49327 7.44513 7.52418 7.54110 7.50406 7.51690 7.55124 7.57272 7.57440 7.55574 7.57737 7.60328 7.59426 7.58806 7.58871 7.57566 7.55952 7.57004 7.60037 7.61381 7.60293 7.58048 7.56832 7.57690 7.59722 7.61353 7.62192 7.62088 7.61577 7.60568 7.60187 7.61095 7.61292 7.61447 7.61505 7.61982 7.61992
7.56088 7.55979 7.56547 7.56952 7.56660 7.56899 7.57566 7.57720 7.57687 7.57673 7.57982 7.58644 7.58856 7.58801 7.58484 7.58504 7.58899 7.59321 7.59493 7.59577 7.59851 7.59865 7.59288 7.58281 7.57026 7.54911 7.51620 7.49241 7.49845 7.51475 7.46841 7.48744 7.53550 7.50848 7.54023 7.58139 7.60195 7.59909 7.56339 7.57151 7.60338 7.59055 7.59429 7.60860 7.60591 7.59246 7.58210 7.59964 7.61498 7.59600 7.58541 7.59287 7.59266 7.60051 7.60971 7.61653 7.61555 7.60984 7.58947 7.59341 7.61727 7.62065 7.61891 7.61416 7.61327 7.60963
7.55146 7.55678 7.56794 7.57279 7.57330 7.57524 7.57639 7.57622 7.57563 7.57555 7.57677 7.58172 7.58370 7.58348 7.57981 7.58002 7.58487 7.58824 7.58970 7.59203 7.59528 7.59746 7.59455 7.58530 7.56964 7.54888 7.51832 7.48913 7.49093 7.51291 7.49640 7.54333 7.56889 7.52952 7.52187 7.55216 7.58496 7.59481 7.57623 7.58386 7.60889 7.59596 7.59440 7.60340 7.59700 7.57956 7.58958 7.61433 7.62013 7.60294 7.59095 7.60615 7.60883 7.61069 7.61539 7.61853 7.61728 7.61162 7.58645 7.58484 7.61438 7.61945 7.62011 7.61932 7.61636 7.61018
7.55201 7.56248 7.56616 7.56860 7.56836 7.57088 7.57020 7.56913 7.57049 7.57298 7.57108 7.57557 7.57859 7.57559 7.57185 7.57406 7.58059 7.58511 7.58805 7.59057 7.59310 7.59362 7.59300 7.58926 7.57682 7.55684 7.53337 7.50681 7.50528 7.53632 7.54785 7.57969 7.58944 7.56150 7.52720 7.52247 7.56055 7.59054 7.59216 7.59665 7.61223 7.60792 7.59639 7.59672 7.59418 7.59738 7.61395 7.61884 7.61710 7.60868 7.60473 7.61110 7.61444 7.61674 7.62176 7.62420 7.62247 7.61587 7.59560 7.58789 7.60636 7.61592 7.62030 7.62248 7.62121 7.61777
7.55503 7.56116 7.56376 7.56511 7.56297 7.56214 7.56190 7.56066 7.55753 7.56340 7.56660 7.56595 7.56331 7.55835 7.55992 7.56835 7.57668 7.58399 7.58725 7.58947 7.59100 7.59050 7.58990 7.58737 7.58331 7.56891 7.54985 7.52624 7.51675 7.54642 7.55832 7.57654 7.59266 7.58091 7.56149 7.55114 7.56156 7.59462 7.60399 7.60278 7.61275 7.61806 7.61210 7.60777 7.60736 7.61135 7.60994 7.60148 7.59762 7.60275 7.61383 7.61800 7.61797 7.62092 7.62535 7.62634 7.62436 7.61885 7.60479 7.59378 7.59979 7.61194 7.62017 7.62226 7.62107 7.61814
7.55021 7.55387 7.55741 7.55962 7.55987 7.55700 7.55660 7.54953 7.54425 7.55098 7.55557 7.55341 7.54875 7.54808 7.55110 7.55546 7.56659 7.57588 7.58401 7.58851 7.58831 7.59037 7.59030 7.58415 7.58308 7.57543 7.55769 7.53046 7.50310 7.52011 7.55371 7.56266 7.58563 7.56544 7.56176 7.56918 7.58004 7.60091 7.60985 7.60527 7.60955 7.61524 7.61028 7.60137 7.59600 7.59238 7.57428 7.55932 7.56901 7.59112 7.60919 7.61609 7.61870 7.62340 7.62639 7.62675 7.62456 7.62046 7.61037 7.59782 7.59750 7.60811 7.61757 7.62038 7.61734 7.61069
7.53933 7.53962 7.54137 7.54470 7.54889 7.54634 7.53669 7.52505 7.52810 7.54038 7.54524 7.54447 7.54099 7.53940 7.53320 7.51773 7.52737 7.54879 7.57346 7.58518 7.58770 7.58659 7.58707 7.58541 7.58093 7.57595 7.56376 7.53859 7.50730 7.50635 7.53989 7.56720 7.58953 7.57301 7.56811 7.58862 7.59600 7.60315 7.61061 7.60464 7.60192 7.60085 7.58308 7.56039 7.54148 7.51897 7.49949 7.52028 7.55335 7.57678 7.59463 7.60685 7.61683 7.62333 7.62579 7.62625 7.62394 7.62044 7.61528 7.60327 7.59727 7.60537 7.61586 7.61887 7.61266 7.60307
7.52903 7.52526 7.52043 7.52109 7.52945 7.52852 7.51222 7.50454 7.51628 7.52792 7.53415 7.53991 7.52738 7.50709 7.46069 7.39031 7.40804 7.49163 7.54777 7.57975 7.58834 7.58767 7.58338 7.57943 7.57515 7.56811 7.56067 7.54697 7.52728 7.51998 7.53452 7.56702 7.58712 7.58312 7.57643 7.58618 7.59210 7.59730 7.60454 7.60280 7.59224 7.57301 7.53510 7.50422 7.46220 7.41534 7.45989 7.52505 7.54792 7.55958 7.57729 7.59770 7.61389 7.62142 7.62431 7.62502 7.62304 7.62007 7.61493 7.60327 7.59712 7.60488 7.61524 7.61732 7.60955 7.59821
7.51626 7.51447 7.51268 7.51097 7.51190 7.51145 7.48385 7.48634 7.50604 7.51644 7.52348 7.52771 7.50818 7.43148 7.33619 7.36836 7.38768 7.41315 7.51080 7.56979 7.58609 7.58664 7.57614 7.56592 7.55790 7.54657 7.53241 7.52342 7.52136 7.52678 7.53499 7.54881 7.56088 7.57162 7.58398 7.59066 7.59398 7.59558 7.59819 7.59778 7.57833 7.53969 7.50024 7.48595 7.47049 7.48175 7.51146 7.53698 7.53971 7.54280 7.56302 7.59111 7.61069 7.61868 7.62191 7.62264 7.62102 7.61912 7.61215 7.60236 7.59924 7.60596 7.61198 7.61311 7.60749 7.59300
7.49727 7.50127 7.50036 7.49693 7.49701 7.47646 7.43562 7.47481 7.50053 7.50941 7.51359 7.51546 7.50799 7.42460 7.30810 7.42036 7.46061 7.41704 7.50128 7.56231 7.58181 7.57633 7.56307 7.55501 7.53833 7.50885 7.47012 7.43345 7.43221 7.45464 7.46198 7.47408 7.50006 7.52735 7.56233 7.58684 7.59734 7.59783 7.59241 7.58136 7.55770 7.52581 7.51269 7.51499 7.52515 7.54388 7.55230 7.54183 7.53059 7.52784 7.55018 7.58310 7.60580 7.61469 7.61756 7.61745 7.61672 7.61660 7.60990 7.60404 7.60349 7.60483 7.60573 7.60619 7.60168 7.58766
7.46532 7.47218 7.47968 7.48156 7.47356 7.41588 7.41567 7.48332 7.49897 7.51116 7.51558 7.51340 7.51444 7.47295 7.32870 7.32433 7.41943 7.42929 7.51220 7.56043 7.57792 7.57195 7.55618 7.54106 7.51065 7.45792 7.38859 7.31125 7.27860 7.29915 7.31994 7.36807 7.43154 7.47854 7.52723 7.57163 7.59309 7.59616 7.58614 7.56694 7.54329 7.52948 7.52946 7.52939 7.54214 7.56102 7.55866 7.54689 7.53243 7.51992 7.53516 7.56973 7.59620 7.60424 7.60460 7.60611 7.60998 7.61177 7.60773 7.60593 7.60805 7.60851 7.60825 7.60626 7.60222 7.59216
7.43999 7.43638 7.43977 7.43978 7.42576 7.38003 7.42202 7.47300 7.48818 7.50686 7.51400 7.51825 7.52207 7.51851 7.46873 7.36761 7.37709 7.46856 7.54139 7.56561 7.57190 7.56775 7.55560 7.52464 7.46930 7.39836 7.34365 7.31749 7.30538 7.31387 7.33084 7.39887 7.45295 7.48299 7.51587 7.55983 7.58683 7.59227 7.58084 7.55829 7.53472 7.53184 7.53766 7.53909 7.55521 7.58243 7.56484 7.55669 7.54576 7.52414 7.52886 7.56494 7.59052 7.59096 7.58849 7.59460 7.60163 7.60429 7.60380 7.60547 7.60967 7.61216 7.61113 7.60751 7.60309 7.59555
7.41303 7.41324 7.40859 7.39488 7.36992 7.36523 7.41918 7.45106 7.46406 7.48432 7.49755 7.51223 7.52344 7.52604 7.52259 7.50503 7.49759 7.53127 7.55542 7.56512 7.56592 7.56304 7.55370 7.51860 7.43713 7.34376 7.33558 7.38313 7.41394 7.42431 7.41826 7.49975 7.52341 7.50913 7.52606 7.56343 7.58787 7.59035 7.57502 7.55081 7.53139 7.53409 7.54683 7.55927 7.57773 7.58238 7.58057 7.57038 7.55482 7.52945 7.53412 7.57128 7.59368 7.59020 7.58988 7.59096 7.59261 7.59497 7.59798 7.60232 7.60712 7.60946 7.60772 7.60238 7.59525 7.58846
7.36868 7.38267 7.37859 7.35264 7.32274 7.33639 7.38204 7.41079 7.42841 7.44709 7.47395 7.49799 7.51202 7.51544 7.51482 7.51340 7.51710 7.53996 7.55379 7.55550 7.55865 7.56136 7.55513 7.52417 7.43659 7.31099 7.29948 7.37707 7.46009 7.48841 7.50099 7.52364 7.54803 7.53566 7.54035 7.57142 7.59408 7.58965 7.56706 7.54575 7.53428 7.53443 7.55554 7.56560 7.58118 7.58223 7.58026 7.57082 7.54964 7.52294 7.53947 7.57830 7.59405 7.59012 7.59319 7.59027 7.58453 7.58536 7.59098 7.59657 7.60101 7.60259 7.59882 7.58929 7.57589 7.56169
7.31468 7.31964 7.30029 7.24828 7.19698 7.19018 7.22038 7.26424 7.31817 7.38255 7.43145 7.46705 7.48311 7.47662 7.46591 7.46988 7.49042 7.51099 7.54042 7.54229 7.54905 7.55952 7.55641 7.53310 7.46043 7.33042 7.26089 7.30783 7.38952 7.45436 7.43659 7.49947 7.54510 7.54748 7.55881 7.58275 7.59950 7.58512 7.55608 7.54312 7.53524 7.53475 7.55734 7.56187 7.56944 7.57887 7.56069 7.54248 7.53444 7.52637 7.54951 7.57824 7.58761 7.58565 7.58455 7.58397 7.57453 7.57435 7.58031 7.58401 7.58672 7.58807 7.58315 7.56843 7.55011 7.53457
7.21564 7.18989 7.10209 6.96755 6.72105 6.27915 6.06614 5.99635 6.29933 7.06723 7.30348 7.38742 7.42137 7.41158 7.41056 7.44091 7.46512 7.48043 7.51205 7.53562 7.53505 7.55086 7.55658 7.54126 7.49308 7.40380 7.29789 7.25120 7.30312 7.42334 7.50801 7.53090 7.55043 7.56409 7.57241 7.59092 7.60127 7.57789 7.54065 7.53009 7.52746 7.54188 7.57801 7.58456 7.57674 7.58658 7.56117 7.53965 7.54006 7.54919 7.56307 7.56745 7.56283 7.55439 7.55838 7.56347 7.55350 7.55383 7.55823 7.55955 7.56164 7.56426 7.56088 7.54337 7.53183 7.53869
7.02427 6.91172 6.67337 6.27473 5.23868 4.28725 4.03817 3.91668 3.96308 4.86387 6.47827 7.07178 7.29076 7.33915 7.33688 7.41843 7.45470 7.46673 7.49222 7.51852 7.53664 7.55065 7.55612 7.55122 7.52454 7.48085 7.43107 7.37457 7.35624 7.44726 7.53436 7.55731 7.56953 7.57996 7.58429 7.59769 7.60101 7.57324 7.53241 7.52667 7.54038 7.57104 7.59323 7.60458 7.59234 7.58303 7.56963 7.57400 7.57279 7.57016 7.56536 7.56402 7.56136 7.55947 7.56386 7.55992 7.54146 7.52745 7.52661 7.53005 7.53300 7.53609 7.53338 7.52250 7.53065 7.55550
6.67352 6.38026 5.92508 4.85336 3.97248 3.82279 3.80947 3.84229 3.79600 3.81641 4.70664 6.20965 6.96804 7.27016 7.27981 7.35243 7.44019 7.46830 7.48731 7.50111 7.53559 7.52856 7.52011 7.54280 7.53744 7.52023 7.50706 7.49008 7.47093 7.49243 7.53850 7.56453 7.58288 7.59197 7.59193 7.59876 7.59831 7.56826 7.52565 7.53029 7.56310 7.58587 7.60369 7.61409 7.60847 7.60064 7.60322 7.60892 7.59812 7.58511 7.58276 7.58814 7.59194 7.59352 7.59339 7.58541 7.56974 7.54917 7.53483 7.52701 7.52410 7.52574 7.52563 7.52628 7.54571 7.56797
6.07224 5.68523 4.76771 3.91987 3.74560 3.85686 4.27043 4.76114 4.42647 3.94612 4.15558 5.19403 6.26777 6.86840 7.11931 7.31127 7.42245 7.45579 7.47603 7.48361 7.50288 7.48638 7.50032 7.50017 7.51356 7.51401 7.51311 7.51444 7.51511 7.52157 7.54044 7.56334 7.58407 7.59287 7.58903 7.59095 7.59280 7.56516 7.52730 7.52766 7.56551 7.59743 7.61369 7.61981 7.62109 7.62250 7.62436 7.62343 7.61590 7.60587 7.60482 7.60973 7.61273 7.61141 7.61076 7.60742 7.60092 7.59245 7.57763 7.55501 7.54172 7.53833 7.54258 7.54826 7.56056 7.56462
5.47381 5.03257 4.16003 3.80849 3.87143 4.31085 5.14497 5.25408 4.90439 4.35474 4.13069 4.40737 5.20062 5.81350 6.41751 7.00158 7.27729 7.38137 7.43992 7.47334 7.48137 7.49819 7.48064 7.50060 7.51097 7.50307 7.50427 7.51926 7.52904 7.52671 7.53397 7.55971 7.58143 7.58907 7.58374 7.58100 7.58500 7.56655 7.53314 7.51364 7.56267 7.59364 7.61382 7.62074 7.62621 7.62992 7.62951 7.62879 7.62603 7.61731 7.61448 7.61920 7.62165 7.62045 7.61890 7.61682 7.61525 7.61164 7.59949 7.58361 7.56960 7.55956 7.56571 7.57308 7.57122 7.54744
5.10689 4.79425 4.18378 3.90225 4.03192 4.50638 4.65216 4.43731 4.46590 4.49961 4.19970 4.08041 4.39406 4.82977 5.48311 6.35667 6.93756 7.22755 7.37173 7.44388 7.47510 7.50058 7.49713 7.50092 7.50847 7.50068 7.51026 7.52707 7.53202 7.51832 7.52840 7.56429 7.58403 7.58884 7.58536 7.57719 7.57728 7.57137 7.54684 7.52927 7.56044 7.59590 7.61190 7.62303 7.62716 7.63074 7.63012 7.63050 7.62993 7.62555 7.61742 7.61687 7.62315 7.62471 7.62516 7.62452 7.62420 7.62054 7.60896 7.60048 7.59583 7.58310 7.58384 7.58919 7.58204 7.53844
4.80652 4.67794 4.27598 3.91083 3.86708 3.99050 4.07530 4.66706 4.27999 4.56822 4.59832 4.29418 4.34658 4.67854 5.25939 5.95875 6.56190 7.00009 7.26512 7.39592 7.44696 7.48349 7.51976 7.49395 7.47385 7.49214 7.52692 7.54090 7.53581 7.52327 7.54791 7.57525 7.58642 7.58766 7.59207 7.58398 7.57816 7.56745 7.54954 7.55267 7.58175 7.60252 7.61243 7.62127 7.62831 7.63089 7.63188 7.63105 7.63175 7.63089 7.62568 7.61651 7.61757 7.62175 7.62625 7.62866 7.62882 7.62447 7.61404 7.60982 7.60907 7.60625 7.59828 7.59956 7.59191 7.55271
4.48560 4.38918 4.03020 3.79604 3.76709 3.92348 4.26902 4.47466 4.52056 4.55773 4.69583 4.89102 4.92397 5.18221 5.54747 5.88933 6.27727 6.71962 7.12738 7.35041 7.40236 7.43057 7.50074 7.48329 7.46334 7.50284 7.53663 7.54930 7.54708 7.54550 7.56078 7.57689 7.58488 7.58422 7.58614 7.58882 7.58518 7.57026 7.55458 7.56268 7.58497 7.59855 7.61019 7.61825 7.62684 7.63095 7.63133 7.63245 7.63284 7.63218 7.62875 7.62301 7.61825 7.61846 7.62447 7.63068 7.63149 7.62865 7.62079 7.61158 7.60845 7.60628 7.61130 7.61061 7.60547 7.58554
4.16346 3.94770 3.71670 3.65670 3.69038 3.78029 4.12037 4.33573 4.19305 3.97564 4.02564 4.54812 5.35893 5.65870 5.73178 5.87145 6.02931 6.28755 6.85690 7.29854 7.38412 7.40579 7.47466 7.46542 7.48020 7.52609 7.54175 7.54663 7.54868 7.55439 7.56472 7.57455 7.58040 7.58052 7.57991 7.58349 7.58218 7.56871 7.55126 7.55938 7.58485 7.59978 7.61002 7.61721 7.62250 7.62789 7.62941 7.63077 7.63096 7.63009 7.62800 7.62499 7.61545 7.61827 7.62814 7.63229 7.63296 7.63176 7.62811 7.62130 7.61461 7.60976 7.60894 7.60800 7.60893 7.59998
3.89514 3.66467 3.56781 3.50544 3.43504 3.48125 3.58789 3.66446 3.74681 3.82542 3.79945 3.89081 4.76684 5.63045 5.74560 5.83244 5.84308 5.73178 6.17804 7.09740 7.34906 7.40340 7.47064 7.46724 7.49700 7.53376 7.54455 7.54571 7.54783 7.55895 7.56923 7.57478 7.57799 7.57900 7.57705 7.57425 7.56999 7.55704 7.54272 7.56232 7.59045 7.60376 7.61443 7.62058 7.62415 7.62514 7.62464 7.62595 7.62651 7.62629 7.62570 7.61943 7.61550 7.62459 7.63069 7.63242 7.63341 7.63344 7.63194 7.62923 7.62565 7.62061 7.61307 7.59892 7.59413 7.59329
3.69455 3.53406 3.44508 3.27949 3.12268 3.32111 3.48967 3.70075 3.93462 4.04159 3.83544 3.68836 3.94240 4.75698 5.28573 5.49465 5.50784 5.29782 5.34962 6.60114 7.26224 7.39449 7.46091 7.48876 7.50544 7.53029 7.54189 7.53908 7.54785 7.56508 7.57495 7.57909 7.58104 7.58046 7.57627 7.56424 7.55225 7.54330 7.54418 7.56892 7.59226 7.60628 7.61730 7.62155 7.62722 7.62563 7.62588 7.62654 7.62602 7.62420 7.62023 7.61417 7.61779 7.62569 7.62822 7.62912 7.63153 7.63318 7.63321 7.63183 7.62911 7.62510 7.61680 7.58668 7.57457 7.59065
3.50057 3.44380 3.32711 3.07539 3.24335 3.52728 3.88702 4.52928 4.82568 4.65489 4.09797 3.68324 3.65841 3.85064 4.21238 4.52306 4.89943 4.84964 4.54749 5.83304 6.92012 7.25562 7.40646 7.48881 7.50758 7.52065 7.52441 7.52739 7.54909 7.56722 7.57642 7.58125 7.58290 7.57960 7.57105 7.55542 7.54140 7.53883 7.54898 7.57272 7.59329 7.60762 7.61723 7.62177 7.62748 7.62676 7.62945 7.63151 7.63065 7.62690 7.62026 7.61399 7.61177 7.61578 7.61897 7.62288 7.62688 7.63041 7.63192 7.63172 7.62999 7.62644 7.61769 7.58088 7.57132 7.60342
