mrvbf_slope0.7_pctl1.3.asc
NCOLS 410
NROWS 410
XLLCORNER 2398750.0000000000000000
YLLCORNER 2548750.0000000000000000
CELLSIZE 250.0000000000000000
NODATA_VALUE -99999.00000
[rows 319 to 347 of 410, columns 132 to 197 of 410]
4.25895 4.28165 4.39550 4.44361 4.43939 4.36724 4.37366 4.39131 4.36549 4.35636 4.31152 4.31384 4.40839 4.40096 4.30605 4.17621 4.11855 4.11850 4.14878 4.23170 4.33686 4.30654 4.20370 4.24361 4.10540 3.85263 3.79728 3.75955 3.71037 3.72777 3.83469 3.94893 3.83520 3.62476 3.50259 3.53965 3.66952 3.48475 3.16998 3.01115 3.05570 2.90954 2.98919 2.97103 2.80817 2.78031 2.86325 3.09321 3.24597 3.23302 3.32555 3.51012 3.66436 3.66907 3.59052 3.54278 3.47488 3.39853 3.36632 3.34286 3.26609 3.22726 3.29273 3.41719 3.53005 3.58619
4.39349 4.35793 4.38071 4.40635 4.40886 4.36260 4.34235 4.40284 4.39037 4.40959 4.40356 4.36383 4.42817 4.41274 4.37077 4.31731 4.30115 4.31849 4.34586 4.28352 4.26936 4.31431 4.17836 4.13459 3.92083 3.65140 3.63415 3.69505 3.73491 3.87024 3.96700 3.92790 3.75475 3.55672 3.51627 3.85251 4.04223 3.72551 3.48016 3.47788 3.47498 3.31637 3.04160 3.02221 3.11114 3.17409 3.23553 3.26856 3.29056 3.35338 3.46573 3.60315 3.67716 3.60534 3.52341 3.49424 3.45785 3.39711 3.37414 3.36757 3.31298 3.31570 3.41740 3.54951 3.61940 3.63576
4.42755 4.44412 4.43774 4.44721 4.46087 4.44592 4.40994 4.46156 4.42962 4.42148 4.47420 4.44163 4.46191 4.44675 4.40689 4.37765 4.37463 4.36124 4.30335 4.30080 4.27226 4.16825 4.14689 3.97691 3.70777 3.57425 3.65342 3.85362 3.97417 4.09087 4.08952 3.95607 3.79537 3.73303 3.82021 3.94653 4.17644 3.98206 3.69494 3.58798 3.51779 3.49093 3.37757 3.28323 3.32037 3.25868 3.21231 3.25650 3.34902 3.46648 3.55633 3.58360 3.56790 3.51588 3.48208 3.49451 3.50197 3.45147 3.39984 3.37680 3.37107 3.42916 3.54702 3.61045 3.62104 3.68409
4.43441 4.50619 4.51405 4.51511 4.51837 4.47811 4.43093 4.47079 4.47292 4.42437 4.46241 4.46543 4.49254 4.47509 4.41614 4.37927 4.37121 4.34614 4.26113 4.26791 4.36636 4.19809 4.08067 3.82397 3.64844 3.68125 3.83737 3.98754 4.07324 4.17198 4.15479 4.04744 4.00072 3.98748 3.96625 4.12494 4.27713 4.18616 3.93993 3.79429 3.60470 3.46019 3.42053 3.36726 3.27791 3.20995 3.19883 3.27586 3.36547 3.46700 3.56900 3.56754 3.47366 3.42062 3.44839 3.50478 3.52779 3.49921 3.44996 3.43103 3.48029 3.56370 3.67265 3.64067 3.70536 3.80127
4.46865 4.51258 4.53272 4.53103 4.53187 4.49549 4.42116 4.42663 4.46588 4.44217 4.47061 4.47809 4.52172 4.51117 4.43496 4.37641 4.35595 4.28262 4.22584 4.34793 4.42429 4.20014 3.89634 3.77585 3.82187 3.98306 4.00179 3.96422 3.97838 4.02290 4.04821 4.06534 4.13939 4.18943 4.16809 4.29153 4.30865 4.10386 3.76287 3.62259 3.56754 3.46852 3.40813 3.41737 3.36797 3.27755 3.25671 3.26455 3.30603 3.35535 3.39064 3.40198 3.30948 3.28606 3.40073 3.50918 3.52432 3.52042 3.54011 3.59352 3.65935 3.65984 3.67234 3.66989 3.76195 3.79542
4.49522 4.52798 4.54221 4.52232 4.51871 4.51736 4.45005 4.37660 4.37724 4.40846 4.46873 4.47249 4.51947 4.54075 4.48683 4.41892 4.40371 4.37039 4.36896 4.44493 4.41758 4.11827 3.81231 3.84365 4.07189 4.16395 4.15131 4.09146 4.01766 3.89825 3.85475 3.90138 4.00302 4.07480 4.09537 4.23842 4.26702 3.99840 3.64834 3.59831 3.60550 3.47354 3.37481 3.45465 3.43458 3.31193 3.24400 3.22998 3.25821 3.25143 3.20873 3.14121 3.06836 3.15938 3.36374 3.50838 3.56685 3.60756 3.66505 3.66894 3.69570 3.68972 3.67079 3.71935 3.77832 3.65217
4.51261 4.54387 4.54644 4.51351 4.50281 4.51553 4.49148 4.41330 4.36721 4.39620 4.42399 4.37392 4.42806 4.51312 4.51726 4.46847 4.46530 4.47496 4.45455 4.39904 4.29214 3.97765 3.78334 3.91577 4.19127 4.28029 4.32868 4.30945 4.17595 3.89318 3.78325 3.78297 3.80883 3.94491 3.90685 3.93033 4.08065 4.00475 3.67307 3.47727 3.46214 3.35996 3.38397 3.45912 3.37430 3.28686 3.24787 3.25524 3.25766 3.23534 3.17976 3.09173 3.09965 3.26886 3.45035 3.58236 3.68412 3.74375 3.77201 3.75582 3.80981 3.79429 3.70461 3.69119 3.66988 3.53085
4.44196 4.49366 4.51583 4.49588 4.48475 4.47969 4.46071 4.43182 4.42855 4.40569 4.35671 4.17306 4.13521 4.37693 4.47456 4.44103 4.44424 4.43610 4.35365 4.19269 4.03592 3.84681 3.80081 3.95761 4.17144 4.22766 4.28099 4.33305 4.28860 3.99991 3.70561 3.62317 3.62590 3.75471 3.85719 3.71701 3.68903 3.70841 3.67184 3.45774 3.30950 3.29676 3.39320 3.38307 3.34506 3.32100 3.29924 3.28702 3.25954 3.24291 3.26084 3.30729 3.39143 3.47882 3.54061 3.69501 3.80471 3.78307 3.73308 3.67627 3.69914 3.65895 3.56282 3.49690 3.47545 3.44798
4.19790 4.33590 4.43757 4.46609 4.45890 4.42201 4.35648 4.31300 4.31800 4.33024 4.17964 3.93517 3.79877 4.03903 4.38337 4.38507 4.37750 4.34742 4.15991 3.99692 3.91185 3.85728 3.87532 3.98688 4.11772 4.14897 4.17147 4.22969 4.30251 4.22286 3.89822 3.61884 3.48653 3.52045 3.62112 3.62706 3.58519 3.50697 3.48487 3.38630 3.26322 3.31441 3.37489 3.35714 3.39292 3.38381 3.30517 3.22872 3.18290 3.21461 3.34637 3.49335 3.53061 3.57393 3.70399 3.87361 3.90465 3.76889 3.62587 3.56934 3.47585 3.42834 3.40829 3.35701 3.31660 3.39607
4.11575 4.21359 4.36234 4.41799 4.35237 4.20434 4.04849 3.97485 3.95983 4.09184 4.02403 3.86940 3.73305 3.77589 4.25519 4.29470 4.25798 4.20950 3.99779 3.91622 3.93611 3.95520 3.97339 4.03200 4.11376 4.15946 4.15328 4.12266 4.21127 4.30554 4.20290 3.90022 3.58511 3.47613 3.51923 3.51433 3.49524 3.49562 3.47643 3.39538 3.35578 3.35851 3.36380 3.39901 3.41053 3.34006 3.18524 3.07062 3.07613 3.22646 3.42052 3.51719 3.61297 3.78304 3.84942 3.87738 3.89740 3.76483 3.56738 3.43132 3.31148 3.34016 3.44506 3.44613 3.41464 3.41737
4.20164 4.23801 4.35696 4.36415 4.11471 3.85595 3.77916 3.80845 3.88044 3.99046 4.09664 3.97414 3.75882 3.70576 4.03020 4.07989 4.00685 3.91404 3.82202 3.85950 3.98159 4.06221 4.05599 4.03110 4.04356 4.13110 4.09745 3.98439 4.04124 4.14719 4.08331 3.86481 3.61840 3.48829 3.44330 3.39757 3.41795 3.50294 3.46683 3.38589 3.39903 3.45549 3.46587 3.39626 3.30385 3.11273 2.89573 2.85408 3.04727 3.36050 3.51685 3.51867 3.64360 3.77859 3.66827 3.65590 3.74422 3.68484 3.48155 3.31546 3.36305 3.45845 3.49168 3.49670 3.47997 3.54018
4.15844 4.25218 4.35628 4.20091 3.85019 3.73376 3.74366 3.81960 3.86063 3.95376 4.12079 4.03384 3.86267 3.67170 3.76992 3.81805 3.74866 3.70956 3.73596 3.85037 4.02734 4.14317 4.06812 3.96965 4.02517 4.14830 4.06680 3.85687 3.74688 3.72945 3.68166 3.59238 3.49460 3.41497 3.36858 3.35679 3.43080 3.51742 3.43009 3.37613 3.41980 3.53424 3.50445 3.37244 3.21762 2.87536 2.63193 2.75050 3.19849 3.42009 3.46850 3.58219 3.74779 3.64505 3.55372 3.53785 3.58711 3.58476 3.41837 3.34511 3.48965 3.48597 3.54483 3.57272 3.55225 3.54109
4.07577 4.22793 4.33016 4.02197 3.74940 3.73719 3.83950 3.88990 3.76210 3.79540 3.99792 3.94274 3.89070 3.72507 3.74975 3.85387 3.76770 3.73507 3.77658 3.88574 4.02508 4.15990 4.13200 3.96721 3.91768 3.93383 3.91414 3.87212 3.70389 3.61629 3.57198 3.52432 3.47714 3.44137 3.39844 3.41149 3.51986 3.57679 3.48836 3.46339 3.48260 3.52959 3.38528 3.20306 3.03359 2.83021 2.72649 3.03627 3.31082 3.37403 3.53699 3.70781 3.72818 3.58459 3.54884 3.52284 3.52904 3.47563 3.31943 3.38280 3.54218 3.54273 3.57130 3.47687 3.42127 3.43218
4.03779 4.23309 4.33249 3.97719 3.75030 3.80222 4.07678 4.18578 3.90355 3.73828 3.86098 3.93150 3.89214 3.85611 3.80186 3.95432 3.79630 3.80862 3.91005 3.94814 3.93599 4.01274 4.16793 4.11914 3.98454 3.91693 3.80250 3.70018 3.68564 3.66230 3.62622 3.57681 3.53189 3.49945 3.45203 3.49979 3.61102 3.61604 3.55924 3.55146 3.54120 3.53251 3.28653 3.12056 3.13181 3.15514 3.21990 3.28968 3.34572 3.50408 3.64611 3.58000 3.56152 3.57470 3.59383 3.53317 3.49013 3.25701 3.18627 3.41247 3.52271 3.53806 3.53543 3.41695 3.40880 3.42674
4.00508 4.25829 4.36498 4.00176 3.76104 3.84239 4.15488 4.21645 4.12720 3.91508 3.89171 4.10952 3.98873 4.00568 3.81600 3.83959 3.76131 3.78244 3.97335 3.99610 3.82248 3.79151 3.92935 4.14413 4.16403 4.06679 3.82281 3.63441 3.62053 3.71321 3.74161 3.65127 3.57788 3.54325 3.50409 3.53334 3.58710 3.62679 3.58253 3.56733 3.56343 3.47456 3.17405 3.13358 3.35816 3.42802 3.49068 3.51898 3.53582 3.64114 3.55814 3.49698 3.53545 3.57103 3.56135 3.49129 3.36954 3.15721 3.35860 3.49697 3.50571 3.52445 3.55206 3.40232 3.43137 3.52336
4.03009 4.31022 4.41226 4.07260 3.75860 3.83401 4.18734 4.20904 4.19229 4.16164 4.02536 4.19009 4.02945 4.00561 3.83780 3.75627 3.72421 3.80607 4.00185 3.95485 3.76132 3.71097 3.72548 3.83092 3.90133 3.81573 3.66119 3.57677 3.63607 3.80340 3.83704 3.65848 3.57538 3.54916 3.51006 3.50329 3.51656 3.53495 3.52243 3.46820 3.42618 3.33778 3.13313 3.24112 3.45055 3.47837 3.47617 3.54264 3.56926 3.60177 3.50190 3.52284 3.48873 3.47233 3.51289 3.53774 3.47177 3.35038 3.35333 3.41570 3.49710 3.52220 3.58038 3.42524 3.39385 3.50316
3.99585 4.27773 4.41615 4.13573 3.77962 3.82829 4.18700 4.25825 4.27688 4.22874 4.15120 4.25252 4.03796 4.01040 4.01079 3.87793 3.84364 3.93579 3.96144 3.89119 3.83168 3.76874 3.72272 3.71136 3.70288 3.66075 3.61021 3.62217 3.75600 3.86671 3.91062 3.71576 3.55486 3.49465 3.48393 3.49464 3.52763 3.50657 3.45226 3.39895 3.35533 3.26350 3.25920 3.41309 3.51220 3.54336 3.50593 3.51682 3.57940 3.55033 3.47419 3.48273 3.40677 3.42583 3.52883 3.56673 3.56401 3.46478 3.41629 3.38507 3.44874 3.49177 3.54701 3.49912 3.41632 3.43795
3.87606 4.10640 4.34039 4.11485 3.80586 3.86291 4.22424 4.27454 4.32550 4.31295 4.29174 4.29669 4.12732 3.96851 4.03963 4.08026 4.08937 4.15618 4.04463 4.02721 3.95087 3.99888 3.87765 3.74378 3.68074 3.65721 3.66027 3.72365 3.85111 3.89892 3.91198 3.77836 3.58649 3.46842 3.45863 3.47819 3.52660 3.54227 3.46533 3.42125 3.40887 3.37736 3.40364 3.45893 3.51950 3.54355 3.52269 3.51232 3.54199 3.54189 3.48493 3.43611 3.46115 3.47412 3.51321 3.55480 3.49634 3.40361 3.42010 3.35184 3.35203 3.43675 3.49158 3.56422 3.51909 3.47726
3.82902 3.92865 4.10921 3.95356 3.79319 3.87344 4.18565 4.26132 4.27169 4.23438 4.25649 4.22619 4.08861 3.98974 4.07762 4.15805 4.15329 4.18097 4.19092 4.17195 4.17412 4.15672 4.02531 3.83526 3.74711 3.73144 3.75326 3.79624 3.78438 3.75591 3.73784 3.65947 3.52804 3.46699 3.51591 3.48752 3.50250 3.53804 3.47699 3.45356 3.47480 3.47480 3.46422 3.45159 3.47484 3.46178 3.40461 3.40574 3.46957 3.53985 3.52572 3.45627 3.40756 3.45556 3.53571 3.53689 3.41093 3.35407 3.35683 3.20979 3.21591 3.29918 3.38865 3.54293 3.51059 3.28276
3.84266 3.93706 3.99495 3.88982 3.84882 3.96489 4.25809 4.36849 4.32253 4.20388 4.23501 4.18043 4.04928 4.08874 4.23264 4.25895 4.17728 4.12665 4.13392 4.14735 4.12721 4.08407 3.97353 3.87276 3.87120 3.88198 3.88952 3.86215 3.75782 3.67086 3.62604 3.57053 3.49760 3.52938 3.54391 3.49532 3.52375 3.53530 3.46320 3.43346 3.45967 3.47261 3.47347 3.49820 3.48111 3.43592 3.37811 3.40262 3.38796 3.46754 3.55476 3.53074 3.48988 3.50305 3.54389 3.55432 3.44933 3.37090 3.40224 3.30936 3.37992 3.25765 3.29042 3.49983 3.29910 2.89090
3.84687 4.07771 4.15966 4.09656 4.03963 4.12664 4.31039 4.27660 4.21132 4.22827 4.29438 4.21773 4.17883 4.25454 4.30430 4.34533 4.27841 4.18236 4.14791 4.10409 4.01250 3.98947 3.91417 3.81774 3.81331 3.88476 3.93042 3.85598 3.74101 3.66282 3.60757 3.55996 3.56562 3.61569 3.57377 3.53329 3.54697 3.53010 3.45092 3.37142 3.36511 3.39700 3.43180 3.47332 3.48275 3.42444 3.33674 3.37764 3.38246 3.35748 3.45201 3.41338 3.43806 3.46187 3.55944 3.55347 3.54010 3.44469 3.34654 3.33435 3.49175 3.33797 3.36649 3.37502 3.16025 3.26377
3.84313 4.16096 4.31961 4.20142 4.03220 4.10976 4.29562 4.23008 4.23842 4.30697 4.29965 4.20947 4.20163 4.29353 4.35713 4.37751 4.29874 4.15525 4.08853 3.97380 3.85439 3.88440 3.92401 3.81986 3.77299 3.81042 3.85265 3.79789 3.71113 3.66365 3.62606 3.58761 3.62945 3.65508 3.58676 3.56556 3.57257 3.54771 3.47919 3.38092 3.32234 3.34493 3.42002 3.47689 3.48768 3.43634 3.29213 3.22990 3.35719 3.36419 3.40989 3.46662 3.47295 3.50339 3.51901 3.52961 3.53484 3.51876 3.38906 3.31906 3.48713 3.42847 3.36900 3.39927 3.43264 3.43662
3.85560 4.04467 4.31954 4.30853 4.04819 4.01656 4.24083 4.18992 4.09454 4.07892 4.09951 4.10928 4.15886 4.28183 4.35216 4.30816 4.11360 3.95761 3.91204 3.84517 3.77639 3.76580 3.81007 3.76842 3.71410 3.72960 3.74910 3.72494 3.69219 3.64541 3.60843 3.60068 3.61422 3.64297 3.56370 3.53254 3.51821 3.47539 3.36054 3.19276 3.08439 3.17339 3.37225 3.49768 3.53505 3.49996 3.31515 3.09186 3.29469 3.41942 3.42020 3.48963 3.51803 3.50292 3.46410 3.46067 3.51768 3.54449 3.41852 3.31974 3.41567 3.50727 3.47472 3.51666 3.56621 3.55846
3.84326 3.85746 4.09695 4.32225 4.10980 3.94824 4.10529 4.18696 4.11323 4.05120 4.07068 4.08662 4.08966 4.16813 4.27719 4.16595 3.92795 3.83386 3.79846 3.81319 3.78524 3.73850 3.72028 3.66806 3.64950 3.68460 3.68647 3.65867 3.67082 3.64185 3.61023 3.61678 3.60849 3.61428 3.52720 3.46140 3.38383 3.04652 2.50509 2.21350 2.24542 2.55406 3.02551 3.36056 3.51112 3.50827 3.25150 2.98661 3.26028 3.43607 3.41854 3.41480 3.45355 3.42666 3.42169 3.45894 3.50958 3.54003 3.51378 3.44737 3.37652 3.50709 3.58605 3.60074 3.59662 3.58740
3.87558 3.83339 3.90355 4.21559 4.18325 3.95122 3.97355 4.14516 4.25436 4.25950 4.25668 4.20854 4.11137 4.01927 4.11768 4.02254 3.82236 3.77558 3.76342 3.76584 3.75526 3.73445 3.69546 3.64837 3.66420 3.70438 3.70435 3.66084 3.65217 3.66869 3.65989 3.61914 3.58638 3.57864 3.49769 3.31451 2.84696 1.87074 1.37137 1.16467 1.20776 1.54164 2.29328 2.89223 3.33158 3.44010 3.15727 2.89036 3.17729 3.42709 3.43685 3.37486 3.35613 3.36230 3.40462 3.44472 3.48629 3.56120 3.52967 3.48543 3.43399 3.46921 3.55291 3.61903 3.64705 3.63354
3.88509 3.81856 3.83652 4.10893 4.21880 3.96855 3.91370 4.09858 4.27660 4.25433 4.26498 4.17658 4.09479 3.94443 3.93918 3.89957 3.78915 3.78466 3.82782 3.77098 3.76720 3.75052 3.73177 3.73124 3.77876 3.76963 3.76197 3.70908 3.64425 3.67784 3.67735 3.58188 3.47631 3.44304 3.42237 3.00432 1.85116 1.09778 0.73954 0.66018 0.67469 0.83350 1.47895 2.28623 2.89536 3.20723 2.97660 2.77312 3.03146 3.37365 3.45620 3.45284 3.41245 3.39456 3.40717 3.35499 3.39572 3.51539 3.46682 3.44202 3.51135 3.51813 3.53222 3.58329 3.63890 3.66741
3.90214 3.78950 3.78256 3.97174 4.18049 3.95402 3.90009 4.09813 4.20238 4.22703 4.28114 4.12332 4.00705 3.98902 3.90840 3.86413 3.82358 3.86784 3.87614 3.83015 3.80100 3.82056 3.80523 3.79397 3.78827 3.83273 3.79961 3.69716 3.68382 3.64239 3.59904 3.46732 3.39256 3.29254 3.21212 2.34717 1.48002 0.82921 0.60093 0.52254 0.50355 0.60616 0.84199 1.85409 2.52247 2.81134 2.65458 2.62861 2.96170 3.31235 3.43394 3.49674 3.47532 3.45307 3.44134 3.31657 3.16719 3.19392 3.10286 3.31170 3.47905 3.53813 3.59297 3.60347 3.64816 3.69319
3.98569 3.80182 3.76534 3.88452 4.09053 3.95998 3.95508 4.14206 4.20686 4.27436 4.33920 4.19166 3.98824 4.03171 4.01220 3.94449 3.93925 4.00651 3.97437 3.86743 3.80339 3.82237 3.80936 3.81178 3.77825 3.78348 3.77219 3.70866 3.65279 3.65985 3.56319 3.43911 3.46622 3.29790 3.09219 1.72692 1.10524 0.65815 0.55786 0.47652 0.59542 0.52324 0.61887 1.60902 2.45829 2.72167 2.62204 2.71953 3.08700 3.29991 3.38079 3.44966 3.47304 3.48443 3.46021 3.44986 3.27933 3.01255 3.03311 3.30326 3.37870 3.47861 3.57420 3.61911 3.66688 3.69661
4.00336 3.81135 3.78797 3.90941 4.06041 3.99171 4.03723 4.21034 4.23984 4.28932 4.33494 4.18210 3.97914 4.02577 4.08903 4.02371 4.01798 4.11200 4.08051 3.92028 3.84020 3.81402 3.82072 3.83024 3.78505 3.75037 3.73119 3.70025 3.66130 3.64752 3.52751 3.37296 3.31106 3.05642 2.46279 1.50959 0.92024 0.54339 0.42514 0.75339 0.93519 0.79646 0.62556 1.57552 2.66637 2.97307 2.89748 3.07329 3.33681 3.40413 3.42343 3.44996 3.47439 3.50949 3.50564 3.43335 3.35856 3.28270 3.36378 3.42209 3.38972 3.43195 3.50769 3.57267 3.63276 3.67305
