mrvbf_slope0.8_pctl1.5.asc
NCOLS 410
NROWS 410
XLLCORNER 2398750.0000000000000000
YLLCORNER 2548750.0000000000000000
CELLSIZE 250.0000000000000000
NODATA_VALUE -99999.00000
[rows 319 to 347 of 410, columns 198 to 263 of 410]
3.80603 3.84866 3.81740 3.74574 3.69613 3.68836 3.72931 3.70792 3.74599 3.64281 3.59237 3.59749 3.62876 3.65061 3.46608 3.39827 3.52254 3.52578 3.38248 3.21048 3.22765 3.30826 3.36018 3.37220 3.31682 3.07232 2.60519 2.50532 2.96461 2.85508 2.53317 2.66060 3.07033 3.24842 2.74803 2.32987 2.20424 2.27859 2.26968 2.22510 2.25287 2.30473 2.42466 2.67658 2.79508 2.52049 2.01556 1.92853 2.00847 1.67707 1.96844 2.29376 2.42125 2.52810 2.55079 2.32982 2.72953 3.26694 3.23403 3.34512 3.47390 3.52925 3.54293 3.48847 3.53971 3.60240
3.85665 3.88801 3.85357 3.66145 3.55616 3.58729 3.63705 3.68758 3.64777 3.64225 3.68044 3.68349 3.74574 3.68304 3.48231 3.37543 3.50270 3.58844 3.51799 3.37042 3.29228 3.42651 3.50320 3.49023 3.43132 3.16703 2.59031 2.17284 3.02878 3.23288 2.59157 2.63366 3.11205 2.98195 2.43168 1.97319 1.98338 2.04485 2.13095 2.23313 2.37623 2.56621 2.83768 3.05668 3.11567 3.06220 2.82416 2.30314 2.47813 2.60894 2.68535 2.68941 2.57452 2.67425 2.53718 2.14496 2.57046 3.01105 3.16070 3.40903 3.53675 3.52040 3.47517 3.48459 3.56232 3.55919
3.89600 3.86786 3.73976 3.55333 3.51528 3.56470 3.54186 3.56139 3.55461 3.58277 3.64905 3.74207 3.75359 3.65408 3.54517 3.43026 3.44568 3.54021 3.58668 3.50935 3.37692 3.44164 3.54785 3.48139 3.25231 2.92548 2.65382 2.59279 3.11237 3.31209 2.61563 2.75324 3.21899 2.85886 2.35984 2.08517 2.39844 2.55399 2.61745 2.72355 2.84062 2.99474 3.12118 3.20108 3.28864 3.32930 3.20563 2.74207 2.55223 2.63286 2.96959 3.02887 3.06706 3.05850 2.79877 2.45601 2.57818 2.93263 3.27184 3.47899 3.50813 3.45582 3.46652 3.55268 3.60982 3.54013
3.88631 3.79123 3.69382 3.54860 3.48870 3.57387 3.60560 3.60949 3.65668 3.61946 3.61376 3.68111 3.70673 3.68027 3.59523 3.51149 3.45862 3.50779 3.58500 3.56316 3.43328 3.45189 3.50928 3.32688 3.07026 3.04547 3.16470 3.09090 2.98937 3.14860 2.77925 2.66479 3.08417 2.75707 2.35157 2.21441 2.72517 3.04594 3.07594 3.07430 3.11244 3.18758 3.24132 3.27248 3.34357 3.39057 3.27273 2.87359 2.58123 2.56532 2.90782 2.82224 3.07581 3.20414 3.11844 2.95239 2.90857 3.16681 3.38480 3.48278 3.47160 3.45225 3.50245 3.58386 3.59267 3.51037
3.75257 3.59136 3.58890 3.57869 3.48058 3.51900 3.65410 3.65804 3.68448 3.67544 3.62923 3.64584 3.69835 3.64323 3.55047 3.49289 3.48332 3.54640 3.61484 3.56651 3.49564 3.51812 3.45089 3.23736 3.21988 3.35767 3.37342 3.32914 3.09095 2.81650 2.87509 2.68693 2.99359 2.73815 2.40487 2.31748 2.68360 2.82316 2.84666 2.91555 3.00780 3.10687 3.23767 3.30195 3.34894 3.38440 3.27975 3.12596 2.90589 2.88591 2.89955 2.86760 2.79676 3.02788 3.17212 3.22947 3.18480 3.27221 3.35653 3.41626 3.46797 3.51112 3.51122 3.54624 3.55880 3.51732
3.56561 3.47000 3.45181 3.48725 3.44390 3.50836 3.66037 3.68876 3.76340 3.68610 3.62357 3.60413 3.65248 3.57025 3.50494 3.49960 3.55001 3.62016 3.66201 3.60761 3.57559 3.55139 3.40652 3.26824 3.35311 3.44239 3.44930 3.49518 3.40046 3.12337 2.88962 2.94201 3.24094 2.92844 2.54879 2.48636 2.68944 2.85326 2.97189 3.08165 3.13868 3.12600 3.15239 3.27622 3.33868 3.39105 3.36295 3.26894 3.17376 3.08811 3.00552 3.20087 3.05361 3.09550 3.13319 3.16343 3.15003 3.16791 3.31712 3.43170 3.51417 3.55909 3.58409 3.58850 3.59731 3.58214
3.47878 3.45332 3.44779 3.43327 3.45226 3.57532 3.65227 3.71591 3.76182 3.63931 3.61226 3.56643 3.59651 3.55876 3.55525 3.59602 3.63621 3.65661 3.64503 3.60742 3.59900 3.54724 3.40463 3.34325 3.44009 3.47289 3.46104 3.51562 3.53071 3.40758 3.20990 3.16594 3.17583 2.84688 2.62612 2.64820 2.90749 3.13702 3.29946 3.36881 3.36111 3.26322 3.13592 3.17751 3.25662 3.30346 3.32140 3.29275 3.24279 3.14222 2.90594 3.04983 3.17702 3.27003 3.22997 3.21927 3.22338 3.26455 3.42573 3.52950 3.57878 3.59789 3.60818 3.62504 3.63906 3.62820
3.45504 3.47327 3.56000 3.56349 3.58322 3.63069 3.64600 3.73692 3.68800 3.60797 3.62726 3.57391 3.58759 3.61606 3.61695 3.61064 3.60456 3.61652 3.61602 3.57544 3.57929 3.52318 3.39189 3.38976 3.48602 3.48591 3.48625 3.47776 3.48046 3.39704 3.25012 3.11758 2.85015 2.60503 2.53820 2.63381 2.86630 3.07999 3.25479 3.28852 3.25305 3.12949 2.96410 2.97124 3.00885 3.02019 3.05028 3.01275 2.97569 2.97606 2.80798 2.77710 2.86761 2.94683 2.97229 3.10955 3.16731 3.18692 3.34937 3.51073 3.58533 3.61852 3.63948 3.65517 3.65550 3.65001
3.48911 3.48770 3.57147 3.60613 3.61562 3.63609 3.66731 3.80104 3.68724 3.61307 3.65948 3.63431 3.63271 3.67301 3.67450 3.63639 3.57680 3.56045 3.58543 3.54845 3.56355 3.48884 3.34571 3.39013 3.46427 3.47484 3.46956 3.44121 3.31450 3.07864 2.85600 2.75234 2.58375 2.48455 2.49157 2.63544 2.72345 2.72713 2.81112 2.82580 2.79249 2.73088 2.69606 2.77354 2.80501 2.75861 2.72240 2.69886 2.75258 2.88822 2.87027 2.78003 2.75673 2.72898 2.71012 2.77465 2.87660 2.92176 3.06880 3.35861 3.53493 3.60664 3.63984 3.64791 3.63193 3.62474
3.57347 3.60308 3.63690 3.65918 3.63947 3.65725 3.71915 3.86451 3.76963 3.63841 3.61242 3.63241 3.66196 3.69128 3.71348 3.66576 3.56036 3.53167 3.56952 3.52811 3.54839 3.44272 3.29924 3.38327 3.40090 3.43885 3.46000 3.28835 2.91433 2.64409 2.48027 2.41484 2.42376 2.41731 2.51709 2.71657 2.76042 2.66604 2.62106 2.61845 2.60584 2.59059 2.65500 2.74378 2.74563 2.70090 2.66154 2.70693 2.81455 2.94954 3.01534 2.96839 2.92906 2.90130 2.91947 2.83957 2.80225 2.77598 2.87673 3.11852 3.43464 3.57187 3.61413 3.61384 3.59160 3.59607
3.63188 3.67281 3.74239 3.82557 3.79878 3.74327 3.83909 3.91944 3.86218 3.73916 3.65923 3.64368 3.65589 3.69402 3.68605 3.62688 3.54133 3.55083 3.58433 3.54862 3.55717 3.44038 3.34420 3.43725 3.37580 3.37658 3.34593 2.98064 2.61397 2.52641 2.44931 2.29487 2.34364 2.41275 2.60872 2.78983 2.87523 2.88300 2.83437 2.82382 2.78447 2.73825 2.77584 2.77203 2.73599 2.73283 2.76372 2.85673 2.94236 3.03396 3.09292 3.10240 3.11170 3.13707 3.17076 3.14199 3.03583 2.84588 2.79048 2.96247 3.33915 3.52854 3.56048 3.55016 3.55109 3.58598
3.61030 3.68641 3.73507 3.85572 3.83874 3.76075 3.78838 3.84833 3.84710 3.78772 3.72330 3.68315 3.65761 3.67306 3.65796 3.59318 3.55444 3.59599 3.59966 3.58801 3.58791 3.47563 3.41393 3.48388 3.38100 3.32925 3.17582 2.69213 2.54251 2.62579 2.64957 2.59879 2.51644 2.60316 2.75882 2.87645 2.97837 3.04338 3.07626 3.05982 2.98272 2.92441 2.86821 2.79122 2.74941 2.74386 2.78900 2.90895 3.00969 3.08606 3.12344 3.11322 3.11043 3.14156 3.19312 3.22849 3.18288 2.93752 2.74527 2.87045 3.26741 3.44192 3.45054 3.46458 3.50727 3.55564
3.59450 3.68667 3.74486 3.77861 3.68562 3.62283 3.62667 3.70777 3.75576 3.69576 3.62895 3.59344 3.60337 3.65051 3.63477 3.58002 3.57026 3.60301 3.58624 3.60121 3.59718 3.49064 3.41390 3.45038 3.34493 3.24290 2.92274 2.45935 2.54321 2.67010 2.82072 2.93058 2.84064 2.82129 2.90070 2.99070 3.04338 3.09336 3.13873 3.11219 3.01881 2.93622 2.85092 2.77970 2.75631 2.77479 2.85098 2.96521 3.08113 3.16175 3.16134 3.10476 3.06681 3.07428 3.12289 3.18305 3.18805 2.97699 2.68098 2.72630 3.09832 3.21982 3.26329 3.36572 3.43446 3.46452
3.58923 3.64885 3.70867 3.68248 3.60296 3.56422 3.54037 3.59015 3.66017 3.61362 3.53091 3.48967 3.53547 3.61753 3.62727 3.57881 3.57552 3.59809 3.55316 3.58121 3.61283 3.51821 3.38423 3.32222 3.29626 3.26167 2.80641 2.45486 2.65609 2.83219 3.00148 3.02715 2.96142 2.94679 3.04761 3.11577 3.09939 3.12363 3.16677 3.12146 2.99297 2.87330 2.79503 2.77026 2.82205 2.94237 3.03967 3.07420 3.18037 3.25600 3.19485 3.09085 3.02744 2.99938 3.01842 3.08779 3.16330 3.11203 2.78163 2.59698 2.70661 2.87840 3.07778 3.25458 3.35334 3.37047
3.61229 3.61880 3.66848 3.65829 3.58518 3.57260 3.56442 3.53158 3.59007 3.54271 3.45659 3.48890 3.50790 3.57496 3.63236 3.59836 3.58511 3.60355 3.54985 3.55853 3.63534 3.58219 3.46113 3.29407 3.20150 3.12417 2.56270 2.29303 2.74496 3.01835 3.06877 3.02472 2.97891 3.00064 3.10181 3.14259 3.10092 3.11352 3.16711 3.10046 2.92183 2.78511 2.74287 2.79931 2.94526 3.07856 3.08581 3.11497 3.26024 3.30550 3.19245 3.07623 3.03096 2.98408 2.94628 3.01158 3.13397 3.20608 3.08575 2.79496 2.70017 2.88899 3.10719 3.22417 3.31818 3.35378
3.61292 3.62681 3.65291 3.67294 3.61375 3.55872 3.57132 3.55263 3.55087 3.49740 3.45995 3.56403 3.55772 3.57891 3.65656 3.64626 3.62058 3.59998 3.55236 3.59755 3.66142 3.62573 3.55103 3.45228 3.33711 3.09287 2.38569 2.05050 2.77758 3.06816 3.03896 2.98573 2.95445 2.98011 3.04344 3.04749 2.99172 2.99776 3.07130 2.99958 2.77760 2.65972 2.69850 2.88470 3.06498 3.09471 3.04437 3.15104 3.33511 3.31946 3.15972 3.06675 3.10652 3.09112 2.98071 2.99583 3.15602 3.27762 3.22944 3.11257 3.08386 3.18523 3.28388 3.33267 3.37960 3.42573
3.60084 3.64650 3.62548 3.64946 3.66927 3.61574 3.57751 3.61232 3.57092 3.52695 3.55606 3.62415 3.60931 3.60855 3.66708 3.68310 3.66251 3.63844 3.60571 3.63733 3.63447 3.56872 3.49826 3.38880 3.16758 2.77257 2.26262 2.05244 2.90126 3.05129 2.97140 2.92288 2.90778 2.92381 2.92740 2.86340 2.74843 2.70334 2.76248 2.71573 2.51709 2.47510 2.68715 3.03169 3.14429 3.08257 3.01398 3.17820 3.37937 3.32768 3.13406 3.08105 3.21972 3.26522 3.08405 2.96773 3.17821 3.33823 3.28663 3.17509 3.13952 3.23513 3.32965 3.39151 3.45186 3.48049
3.56755 3.55498 3.56732 3.59457 3.65671 3.68364 3.62204 3.60435 3.59458 3.58152 3.62143 3.66939 3.63929 3.62432 3.66585 3.67896 3.63576 3.59649 3.54376 3.55632 3.54088 3.49027 3.44548 3.32069 3.04876 2.70064 2.38375 2.68226 3.02695 2.97986 2.91460 2.89856 2.90798 2.90508 2.84230 2.68073 2.46521 2.32342 2.31684 2.29977 2.22729 2.30577 2.80762 3.13260 3.13623 3.11125 3.05972 3.16218 3.36454 3.33515 3.15901 3.12952 3.28188 3.33296 3.08260 2.97169 3.23043 3.32588 3.29660 3.24728 3.17360 3.23651 3.33399 3.40245 3.47477 3.50404
3.41892 3.49166 3.55668 3.57183 3.62522 3.66357 3.62258 3.61906 3.61199 3.61123 3.65021 3.67725 3.64597 3.61756 3.64069 3.65994 3.60498 3.59001 3.55101 3.52060 3.52663 3.53433 3.51151 3.41330 3.21858 2.95063 2.83730 3.05742 3.05101 2.94941 2.92503 2.95347 2.98178 2.96213 2.84013 2.56320 2.18525 1.96604 2.04361 2.03746 1.98614 2.36525 2.84136 2.96312 3.04636 3.16747 3.19405 3.16033 3.29130 3.33639 3.23933 3.20279 3.28385 3.32379 3.11035 3.02960 3.24453 3.24893 3.19922 3.25773 3.26861 3.31989 3.38586 3.43384 3.47741 3.52365
3.46949 3.57454 3.58468 3.58605 3.65648 3.69352 3.68084 3.65260 3.60468 3.60362 3.66768 3.70225 3.67456 3.63746 3.62736 3.65915 3.60967 3.59631 3.61622 3.59082 3.59343 3.60750 3.56968 3.46331 3.28148 3.02092 2.99946 3.15362 3.08466 2.99610 3.01074 3.06892 3.10988 3.09084 2.98571 2.79987 2.57432 2.37453 2.36811 2.49850 2.62467 2.79455 2.65393 2.72621 3.08006 3.23663 3.26155 3.23029 3.27343 3.36319 3.35043 3.28863 3.27222 3.28669 3.06997 2.65715 2.76258 2.80023 2.87910 3.14960 3.26750 3.34214 3.41903 3.46158 3.48240 3.52239
3.58244 3.57168 3.55103 3.61404 3.71156 3.74922 3.71000 3.67010 3.60108 3.58287 3.65053 3.70681 3.68944 3.64876 3.61329 3.64088 3.59034 3.57922 3.61156 3.62404 3.61707 3.62959 3.59256 3.47736 3.27969 3.08590 3.08316 3.15790 3.11683 3.05956 3.09690 3.16644 3.21091 3.19821 3.11853 3.01999 3.00052 3.10239 3.14505 3.17214 3.08747 2.97181 2.48254 2.77404 3.20271 3.26077 3.25855 3.28379 3.30423 3.39330 3.42325 3.35903 3.24286 3.07918 2.83068 2.24044 2.24625 2.41578 2.69466 3.06494 3.23519 3.33228 3.42524 3.47480 3.50124 3.53814
3.58647 3.58763 3.61360 3.69006 3.75737 3.78755 3.76096 3.71699 3.63845 3.59554 3.64778 3.70566 3.68440 3.64972 3.62897 3.63370 3.60001 3.56055 3.58919 3.62655 3.60727 3.61598 3.56225 3.40604 3.21830 3.18337 3.24606 3.25181 3.18852 3.13378 3.15524 3.21933 3.26670 3.26335 3.19962 3.07901 2.91348 2.75845 2.77182 2.79014 2.69066 2.56676 2.63556 3.03381 3.33690 3.30396 3.28215 3.24818 3.31550 3.40374 3.42210 3.40410 3.29462 2.96070 2.51606 2.44959 2.46217 2.72105 3.02831 3.18739 3.29109 3.35113 3.39682 3.45076 3.51105 3.55951
3.66056 3.64589 3.62422 3.67161 3.73834 3.78104 3.77934 3.73733 3.66627 3.61515 3.64911 3.70762 3.68425 3.66317 3.65497 3.64049 3.61321 3.59098 3.59973 3.62856 3.59104 3.56442 3.46650 3.30949 3.27326 3.34438 3.37989 3.33715 3.25479 3.20270 3.21889 3.27911 3.33135 3.33927 3.28898 3.15542 2.96071 2.85045 2.88407 2.92319 2.91816 2.93187 3.07831 3.34761 3.44581 3.40568 3.31291 3.28818 3.34710 3.30974 3.26738 3.33248 3.32007 2.93287 2.33882 2.39605 2.95725 3.18108 3.28113 3.34502 3.42959 3.43411 3.39724 3.44831 3.51846 3.55699
3.66498 3.62277 3.61113 3.61498 3.68574 3.75373 3.76811 3.73523 3.67263 3.61526 3.62585 3.67028 3.65777 3.63819 3.64476 3.65745 3.64173 3.60106 3.60218 3.63077 3.57878 3.50497 3.40438 3.35641 3.39358 3.43568 3.43449 3.37343 3.29734 3.25879 3.27763 3.34239 3.40563 3.41577 3.36611 3.27641 3.20820 3.21206 3.24778 3.27464 3.29313 3.33605 3.40413 3.46506 3.46322 3.38946 3.30672 3.27985 3.22634 3.03539 2.97449 3.15059 3.24394 2.66055 1.81891 2.44981 3.12902 3.23769 3.30169 3.41548 3.50025 3.48443 3.46525 3.49608 3.53020 3.55537
3.69171 3.66587 3.66735 3.62128 3.66180 3.73137 3.74185 3.70380 3.63466 3.58160 3.59447 3.63377 3.63544 3.61625 3.61489 3.63071 3.61899 3.56760 3.59272 3.62934 3.58114 3.50057 3.44651 3.43865 3.46323 3.45809 3.42076 3.36280 3.31138 3.25086 3.26745 3.36092 3.45039 3.46936 3.43121 3.40066 3.40774 3.43729 3.44757 3.45107 3.45693 3.47116 3.48518 3.46268 3.37952 3.25373 3.22642 3.21262 3.09567 2.89434 2.85982 2.94590 3.14864 2.40064 1.62117 2.84130 3.13271 3.14509 3.31500 3.44273 3.48403 3.45682 3.48731 3.44986 3.52127 3.58111
3.73257 3.69677 3.69228 3.64789 3.64743 3.68971 3.69141 3.64835 3.58579 3.56699 3.59999 3.63799 3.65298 3.62611 3.60193 3.58039 3.54362 3.52835 3.59201 3.62462 3.57970 3.52463 3.50099 3.50269 3.50344 3.48919 3.45314 3.40765 3.30086 3.16426 3.17065 3.32674 3.42671 3.45265 3.45487 3.46259 3.46285 3.46051 3.46008 3.45882 3.45640 3.45319 3.44575 3.40025 3.25723 3.14826 3.22689 3.21908 3.10202 2.94816 2.97446 2.92758 3.11382 2.46919 2.10751 3.12951 3.13278 3.15153 3.37050 3.48616 3.49658 3.41699 3.36496 3.45400 3.57417 3.63112
3.73325 3.69186 3.68805 3.66547 3.63727 3.64561 3.65336 3.63853 3.59693 3.59709 3.63640 3.67431 3.68039 3.65538 3.63944 3.57741 3.51323 3.54061 3.59806 3.61391 3.59012 3.56079 3.55334 3.55324 3.55915 3.54791 3.49584 3.40913 3.22968 3.03893 3.13082 3.28491 3.34904 3.38702 3.41908 3.39983 3.32871 3.28011 3.28299 3.30112 3.31192 3.30430 3.28658 3.24843 3.09744 3.03847 3.10546 3.09382 3.14387 3.13842 3.11624 3.17604 3.21763 2.88731 2.80970 3.17861 3.23130 3.36435 3.45587 3.49861 3.52450 3.49574 3.48686 3.60227 3.66104 3.67597
3.70845 3.67346 3.69593 3.69741 3.68021 3.67052 3.67665 3.67791 3.61721 3.61681 3.66869 3.70625 3.70005 3.68749 3.66714 3.62266 3.60512 3.61337 3.62299 3.62388 3.62639 3.61400 3.59805 3.57834 3.56049 3.54747 3.48858 3.35531 3.10766 2.97032 3.16276 3.18005 3.26960 3.33036 3.30357 3.09508 2.82621 2.65885 2.64112 2.74319 2.82885 2.81608 2.78705 2.85064 2.88805 2.89708 2.93006 2.92149 3.08222 3.29216 3.28373 3.34061 3.33670 3.21193 3.28263 3.37537 3.43277 3.50359 3.52463 3.50469 3.48789 3.50041 3.56827 3.65443 3.69038 3.68562
3.71677 3.67926 3.68871 3.72074 3.72237 3.71291 3.70608 3.69374 3.61975 3.61736 3.68351 3.71507 3.71468 3.70394 3.68773 3.66774 3.65729 3.66400 3.65992 3.65023 3.65569 3.65393 3.62809 3.59939 3.57757 3.56133 3.49156 3.33136 3.14032 3.13834 3.14479 3.25850 3.31851 3.21451 2.84085 2.30516 1.97150 1.86797 2.00619 2.30613 2.48894 2.50676 2.52078 2.61307 2.81940 2.87281 2.92507 3.01568 3.08719 3.19563 3.23014 3.32603 3.35030 3.30627 3.41799 3.49884 3.53282 3.55394 3.54279 3.53984 3.51200 3.47375 3.52819 3.63259 3.68733 3.67438
