mrvbf_slope0.9_pctl1.2.asc
NCOLS 410
NROWS 410
XLLCORNER 2398750.0000000000000000
YLLCORNER 2548750.0000000000000000
CELLSIZE 250.0000000000000000
NODATA_VALUE -99999.00000
[rows 116 to 144 of 410, columns 132 to 197 of 410]
7.59244 7.58202 7.58394 7.58571 7.57129 7.55082 7.55834 7.58901 7.59622 7.58343 7.56650 7.55074 7.54777 7.57143 7.59779 7.59607 7.58315 7.57290 7.57953 7.58524 7.59334 7.60387 7.60283 7.58811 7.55808 7.50551 7.47763 7.50428 7.54753 7.56328 7.56871 7.56194 7.54174 7.52845 7.49581 7.49343 7.47944 7.42678 7.34939 7.43459 7.52383 7.56380 7.57793 7.57012 7.56387 7.56573 7.56439 7.56363 7.55061 7.55755 7.55878 7.56766 7.55799 7.57088 7.56870 7.57239 7.56609 7.57006 7.53419 7.38253 7.06277 6.43053 6.27530 6.46399 7.20406 7.05738
7.58597 7.58271 7.58594 7.58192 7.56668 7.55602 7.56519 7.58533 7.59641 7.59143 7.57694 7.55068 7.53087 7.54524 7.58601 7.60955 7.60619 7.58955 7.58003 7.58357 7.59159 7.59184 7.58353 7.56879 7.54181 7.50823 7.49349 7.51278 7.54985 7.54533 7.56041 7.56696 7.55034 7.51907 7.53159 7.47863 7.38343 7.26292 7.24477 7.30465 7.43291 7.48006 7.50428 7.53876 7.56389 7.57450 7.57153 7.56577 7.54944 7.55226 7.55812 7.55508 7.53258 7.54863 7.56659 7.57627 7.56908 7.54831 7.46775 7.42976 7.07741 6.66066 6.67592 7.14513 6.52087 6.29465
7.57671 7.58195 7.58964 7.58698 7.57235 7.56141 7.56387 7.57665 7.58973 7.59143 7.58295 7.55581 7.52378 7.52082 7.56168 7.60145 7.61130 7.59973 7.58716 7.57737 7.56310 7.54509 7.53509 7.53346 7.53509 7.53026 7.52588 7.53362 7.54546 7.56102 7.58122 7.57337 7.56365 7.53066 7.49555 7.39933 7.35691 7.11445 7.38786 7.25048 7.24172 7.37422 7.41036 7.45810 7.53796 7.56736 7.57122 7.56649 7.55433 7.55232 7.55852 7.55374 7.54391 7.53123 7.56154 7.57137 7.55693 7.53541 7.48376 7.44060 6.98533 6.54950 7.07351 6.88239 6.23678 6.07125
7.57891 7.59072 7.59804 7.59333 7.57695 7.55910 7.55699 7.57052 7.58315 7.58253 7.55942 7.54570 7.52125 7.50666 7.54148 7.58432 7.59873 7.58906 7.57487 7.54010 7.49966 7.48067 7.49002 7.51489 7.54028 7.54767 7.55472 7.57100 7.57561 7.59890 7.59364 7.57237 7.57223 7.52814 7.41544 7.34147 7.27214 7.30384 7.37814 7.28874 7.11807 7.25793 7.32852 7.35994 7.48825 7.54536 7.56688 7.57579 7.56452 7.55432 7.55090 7.55999 7.55688 7.53602 7.54381 7.55583 7.53759 7.50143 7.39697 7.20354 6.80270 6.47174 6.13178 6.06058 6.12295 6.29239
7.58812 7.59643 7.59723 7.59491 7.58209 7.56109 7.55519 7.57180 7.58713 7.58702 7.54681 7.53833 7.51479 7.49762 7.53225 7.56859 7.56283 7.53447 7.51687 7.46501 7.42561 7.43832 7.47399 7.50744 7.53160 7.54150 7.55705 7.58016 7.59765 7.61293 7.59904 7.57905 7.56606 7.50657 7.37101 7.40917 7.30483 7.31618 7.32455 7.19474 6.86683 6.67428 6.86269 7.21105 7.44529 7.52296 7.56278 7.57801 7.56484 7.55166 7.53719 7.55668 7.56013 7.53604 7.54298 7.55619 7.55059 7.52431 7.46661 7.32357 6.89770 5.98589 5.75431 5.81233 6.05934 7.16203
7.57409 7.58750 7.59386 7.59339 7.58187 7.55986 7.55007 7.56775 7.58560 7.58908 7.56108 7.54440 7.53433 7.51131 7.52356 7.52789 7.49941 7.48422 7.46314 7.41943 7.42482 7.47707 7.50316 7.52531 7.54156 7.55236 7.57188 7.58350 7.59445 7.61172 7.60315 7.58725 7.56224 7.53118 7.48308 7.37925 7.41647 7.34680 7.20938 6.89165 6.62923 6.30177 6.30980 6.74926 7.37131 7.50362 7.54916 7.56818 7.55978 7.54088 7.54409 7.55527 7.56161 7.53500 7.54337 7.55847 7.55155 7.55541 7.52519 7.49074 7.38954 6.52524 5.93932 5.95963 6.54621 7.38512
7.56144 7.57212 7.58139 7.57954 7.57252 7.55453 7.54246 7.55861 7.57153 7.56819 7.55815 7.56585 7.56144 7.52617 7.49307 7.46350 7.47232 7.50863 7.49755 7.47466 7.50347 7.54819 7.54343 7.55798 7.57732 7.58605 7.59327 7.58721 7.59253 7.60160 7.59330 7.58467 7.56224 7.53716 7.50656 7.40898 7.34056 7.33533 7.12362 6.64403 6.16952 6.01055 6.04976 6.24609 6.81871 7.40225 7.51479 7.55153 7.55312 7.54129 7.54824 7.55256 7.56162 7.54200 7.55041 7.55509 7.54880 7.54631 7.53370 7.51824 7.50304 7.36193 6.65567 6.67069 7.16061 7.34890
7.55632 7.55382 7.55981 7.55704 7.55288 7.55145 7.54904 7.54992 7.55505 7.54585 7.54120 7.55811 7.55965 7.53638 7.50773 7.50255 7.52849 7.55227 7.53501 7.51556 7.54108 7.55381 7.55128 7.56970 7.58489 7.59562 7.59187 7.59131 7.59315 7.58980 7.58521 7.58796 7.56559 7.51142 7.46701 7.35783 7.21374 6.82071 6.59692 6.31503 5.81047 6.06746 6.24460 6.17491 6.37024 7.10184 7.45167 7.52968 7.53867 7.53993 7.54200 7.54697 7.55223 7.54639 7.55682 7.55328 7.55284 7.53828 7.54054 7.52618 7.51442 7.50713 7.43121 7.34932 7.37990 7.30040
7.55053 7.53450 7.53719 7.54046 7.54309 7.55474 7.56367 7.54829 7.53585 7.53462 7.54940 7.57197 7.57714 7.56943 7.56338 7.55785 7.55413 7.55390 7.54639 7.51300 7.53347 7.55754 7.56497 7.58224 7.58388 7.58497 7.58767 7.59297 7.58985 7.58902 7.58881 7.58277 7.54393 7.48629 7.43647 7.31336 7.01016 6.65087 6.69266 6.41086 6.01784 6.53739 6.40619 6.33889 6.31883 6.70911 7.33847 7.46626 7.51557 7.53167 7.53226 7.54177 7.54152 7.54575 7.55808 7.56120 7.56162 7.54439 7.53993 7.54186 7.52029 7.51487 7.51549 7.49210 7.47686 7.39587
7.54217 7.51961 7.52266 7.53721 7.55395 7.55912 7.56756 7.55526 7.53180 7.52829 7.54204 7.55771 7.57089 7.57493 7.56167 7.54984 7.55506 7.56614 7.56835 7.53331 7.53909 7.57103 7.57890 7.59163 7.59578 7.58983 7.59531 7.59445 7.58468 7.58455 7.58158 7.56785 7.51043 7.46668 7.46163 7.39316 7.25735 7.07679 6.94684 6.74834 6.29781 6.05986 6.20979 6.37894 6.43019 6.86771 7.37974 7.40846 7.47589 7.50311 7.51159 7.53447 7.53849 7.55366 7.55599 7.55895 7.55858 7.54465 7.53638 7.53689 7.53627 7.52524 7.51890 7.51526 7.51770 7.52026
7.53359 7.51570 7.52163 7.53575 7.55029 7.55927 7.56752 7.55769 7.54400 7.54098 7.54222 7.53815 7.53720 7.53587 7.53563 7.55104 7.57168 7.58052 7.56744 7.53050 7.52727 7.55368 7.55868 7.57589 7.59384 7.59392 7.59063 7.58762 7.57643 7.56811 7.55314 7.53235 7.48959 7.47963 7.50536 7.50149 7.45796 7.23694 6.69301 6.78135 6.50102 6.33707 6.63490 6.82152 6.95494 7.26771 7.42651 7.38544 7.40992 7.47351 7.49958 7.51255 7.53780 7.55464 7.55603 7.55495 7.54497 7.53447 7.53164 7.52973 7.52854 7.53876 7.52365 7.52488 7.53582 7.54277
7.53156 7.51783 7.52125 7.52356 7.53715 7.55346 7.55482 7.55006 7.55790 7.56742 7.56503 7.55671 7.54989 7.54482 7.54820 7.57432 7.58832 7.58585 7.55846 7.50981 7.49913 7.53685 7.53863 7.55531 7.58861 7.58804 7.58854 7.58255 7.56221 7.54181 7.52496 7.51848 7.52723 7.52208 7.50918 7.52337 7.42135 7.06118 7.09350 6.87525 6.84356 7.13342 7.32394 7.37386 7.39883 7.38804 7.37775 7.37848 7.39528 7.46021 7.49418 7.49772 7.53613 7.53600 7.53585 7.53731 7.52693 7.53273 7.52945 7.51997 7.49950 7.51612 7.52632 7.53750 7.55235 7.53589
7.53763 7.54992 7.54350 7.52935 7.52818 7.53086 7.53315 7.55063 7.57074 7.58290 7.58247 7.57303 7.57229 7.56450 7.55062 7.57096 7.58486 7.57892 7.54259 7.48686 7.48197 7.53067 7.51807 7.54152 7.58317 7.58465 7.57237 7.56507 7.53512 7.51339 7.52350 7.53873 7.54578 7.54848 7.52579 7.51681 7.33883 7.16096 7.23911 7.14997 7.27296 7.44043 7.48989 7.48204 7.44564 7.37030 7.26582 7.30721 7.40182 7.47889 7.49444 7.47903 7.49631 7.48244 7.47864 7.49041 7.51288 7.51407 7.52880 7.52096 7.52697 7.51663 7.53831 7.54395 7.55424 7.53666
7.56151 7.56521 7.56719 7.55682 7.54295 7.52995 7.51266 7.53168 7.56387 7.57440 7.56989 7.55746 7.55821 7.54285 7.55544 7.54506 7.56288 7.55888 7.51733 7.46719 7.47019 7.50751 7.51226 7.54504 7.56816 7.57105 7.56753 7.56371 7.52969 7.49619 7.50892 7.53582 7.55107 7.54039 7.46186 7.38351 7.15761 7.25250 7.32987 7.35034 7.40360 7.44024 7.31494 7.20486 7.23975 7.28398 7.10263 7.18191 7.36893 7.46517 7.46591 7.44458 7.45902 7.48318 7.45156 7.40497 7.46178 7.50119 7.52489 7.52334 7.51442 7.53786 7.55655 7.55459 7.55878 7.54582
7.56815 7.56826 7.57293 7.57092 7.55946 7.54841 7.52239 7.51203 7.54332 7.53840 7.53236 7.55207 7.53261 7.52757 7.55133 7.52671 7.52377 7.51609 7.48522 7.42302 7.38868 7.46446 7.50638 7.54625 7.55553 7.56169 7.55157 7.55282 7.54125 7.51062 7.50468 7.52393 7.54019 7.50159 7.40322 7.23767 7.25223 7.14316 7.22366 7.37214 7.31142 6.93804 6.66364 6.89530 6.64957 6.63190 6.65415 7.08467 7.34308 7.39529 7.42071 7.47638 7.45083 7.46748 7.39390 7.38564 7.38944 7.47738 7.51119 7.51448 7.53290 7.55112 7.55825 7.55308 7.56002 7.55823
7.56019 7.55877 7.55912 7.56331 7.55763 7.54969 7.54071 7.51606 7.52720 7.52787 7.52641 7.52372 7.51031 7.50232 7.52546 7.52503 7.52430 7.51617 7.49544 7.44491 7.36475 7.36186 7.46593 7.52005 7.52915 7.52961 7.53423 7.55071 7.54936 7.53276 7.52664 7.53437 7.53932 7.50488 7.42664 7.25303 7.16036 7.12816 7.25486 7.36855 6.88277 6.41591 6.45529 6.30679 5.88775 5.79929 6.15226 6.81436 7.27501 7.27022 7.39430 7.46783 7.49843 7.47299 7.41835 7.41389 7.38991 7.46491 7.49918 7.49606 7.53188 7.54307 7.53869 7.54183 7.55208 7.55594
7.54752 7.54279 7.53556 7.53411 7.52432 7.51735 7.52801 7.53100 7.52692 7.53304 7.54154 7.54306 7.50368 7.52165 7.56176 7.57042 7.56910 7.56374 7.55432 7.53927 7.50259 7.40430 7.41850 7.49488 7.51891 7.52568 7.54011 7.54177 7.53326 7.53688 7.54271 7.55509 7.56386 7.53959 7.46864 7.35580 7.26909 7.21599 7.41926 7.41240 6.79803 6.41314 6.24680 5.84755 6.06390 6.16489 5.95081 6.31140 7.07242 7.32059 7.36206 7.47936 7.51253 7.47690 7.41012 7.44411 7.38969 7.46104 7.48167 7.47179 7.50828 7.51496 7.50800 7.51246 7.51354 7.52384
7.52936 7.51531 7.49430 7.46420 7.42509 7.42926 7.47701 7.51391 7.53640 7.56221 7.54579 7.51051 7.51057 7.56107 7.58309 7.58655 7.58543 7.58168 7.57547 7.56759 7.55411 7.51332 7.44158 7.46238 7.51178 7.52179 7.54204 7.51552 7.50874 7.53271 7.53954 7.54602 7.55126 7.53788 7.49789 7.42051 7.36134 7.42380 7.43069 7.29437 6.76688 6.34740 6.33311 6.42643 6.27229 6.38194 6.13900 6.64329 7.30598 7.41650 7.42821 7.50265 7.49594 7.44452 7.36304 7.36896 7.36755 7.47162 7.47677 7.41375 7.42315 7.42318 7.41036 7.45153 7.46342 7.44949
7.49726 7.46116 7.40313 7.31316 7.26434 7.34705 7.45052 7.51956 7.55047 7.54364 7.50629 7.50972 7.55731 7.58216 7.58856 7.59047 7.59028 7.58764 7.58257 7.57537 7.56692 7.54473 7.47429 7.42214 7.47480 7.50492 7.51854 7.48503 7.49964 7.51301 7.51811 7.51058 7.51410 7.50980 7.46723 7.44384 7.43623 7.45124 7.43051 7.19129 6.63060 6.52707 7.06504 7.20249 6.90975 6.90698 6.73885 7.19179 7.30472 7.31908 7.27971 7.39677 7.46283 7.38498 7.41820 7.23993 7.34615 7.39483 7.41780 7.38683 7.38664 7.35055 7.29674 7.32325 7.35961 7.36725
7.44695 7.37954 7.29339 7.24569 7.32129 7.39364 7.44187 7.51195 7.53086 7.49089 7.49925 7.55259 7.57954 7.58758 7.59142 7.59369 7.59389 7.59197 7.58786 7.58145 7.57306 7.56043 7.52179 7.42405 7.42094 7.48106 7.49885 7.46566 7.45987 7.43566 7.45036 7.44207 7.46068 7.49624 7.47318 7.42188 7.38476 7.44056 7.47134 7.34483 6.93162 6.80379 7.12238 7.22362 7.14557 7.14973 7.20598 7.40604 7.37312 7.16696 7.11445 7.21669 7.37332 7.38403 7.41188 7.24749 7.27289 7.38319 7.35224 7.36040 7.41927 7.36663 7.30702 7.27101 7.30446 7.32396
7.40238 7.34230 7.30925 7.36995 7.46193 7.44202 7.43994 7.49388 7.48145 7.47004 7.53723 7.57151 7.58270 7.58897 7.59338 7.59571 7.59597 7.59443 7.59096 7.58528 7.57736 7.56729 7.54173 7.46355 7.40440 7.46026 7.45383 7.37342 7.33087 7.32766 7.38047 7.38831 7.42981 7.45055 7.44703 7.41278 7.41860 7.39364 7.37002 7.30945 6.99585 6.63564 6.69025 6.99351 7.23323 7.27856 7.40489 7.48849 7.41860 7.24716 7.02411 6.97310 7.31550 7.42752 7.47123 7.43353 7.33755 7.05526 7.20763 7.34325 7.43949 7.39682 7.32815 7.08241 7.20627 7.32691
7.39419 7.37932 7.39130 7.43981 7.46479 7.41606 7.41774 7.48521 7.46112 7.47350 7.54549 7.57185 7.58157 7.58894 7.59384 7.59629 7.59655 7.59521 7.59220 7.58725 7.58011 7.57052 7.55573 7.51372 7.41185 7.40763 7.39358 7.21640 7.17436 7.34119 7.46399 7.46404 7.40452 7.31299 7.31927 7.33355 7.26755 7.27366 7.36621 7.41859 7.32020 6.95196 6.77170 6.59141 6.78884 7.35632 7.46761 7.43166 7.22660 7.09187 7.04036 6.85085 7.19114 7.42213 7.46246 7.38381 7.27449 7.09413 6.97478 7.24103 7.37263 7.35525 7.29904 7.25954 7.06890 7.23665
7.41033 7.43047 7.45004 7.46532 7.44614 7.39180 7.43856 7.44263 7.43310 7.46670 7.54118 7.56843 7.57911 7.58715 7.59256 7.59534 7.59579 7.59469 7.59219 7.58798 7.58176 7.57313 7.56185 7.52663 7.41057 7.37648 7.37885 7.11105 6.90331 6.91391 7.29287 7.36041 7.22611 7.19107 7.18883 7.34880 7.35194 7.41188 7.49085 7.50606 7.41286 6.94583 6.87108 6.49146 6.47501 6.85336 7.21118 7.15246 7.03322 6.75393 6.84966 7.00887 7.32017 7.44541 7.47173 7.42831 7.37357 7.02928 6.84322 7.00870 7.13991 7.20135 7.20543 7.23024 7.14654 7.31416
7.41625 7.45874 7.48279 7.47779 7.45841 7.44738 7.42474 7.40398 7.40360 7.46625 7.53837 7.56409 7.57515 7.58366 7.58963 7.59305 7.59409 7.59353 7.59165 7.58816 7.58282 7.57530 7.56523 7.53833 7.45311 7.36540 7.34445 7.22282 6.92202 6.70394 6.91899 7.12654 7.12754 7.24231 7.11334 7.30100 7.45777 7.51874 7.53880 7.50963 7.37065 6.98843 6.76467 6.11319 6.20681 6.60488 7.13662 6.96193 6.87136 7.17677 7.29285 7.19968 7.37734 7.49794 7.51959 7.48950 7.39908 7.18597 6.95175 7.04738 6.76476 6.84201 6.99956 7.27764 7.33783 7.43713
7.40129 7.44407 7.47551 7.47713 7.48002 7.48176 7.41396 7.37291 7.42993 7.50532 7.54113 7.55758 7.56920 7.57836 7.58508 7.58938 7.59142 7.59180 7.59075 7.58801 7.58351 7.57703 7.56830 7.55439 7.51682 7.44438 7.44990 7.41211 7.30418 7.02167 7.03489 7.22988 7.36056 7.24367 7.02681 7.26116 7.48160 7.54285 7.54446 7.48467 7.30319 6.79255 6.26296 6.08551 6.61362 6.98861 7.18544 6.93138 6.98696 7.23824 7.37624 7.42387 7.44103 7.48408 7.50692 7.48752 7.39281 7.29027 7.30009 7.12040 6.98065 7.02918 7.05499 7.26662 7.41610 7.44559
7.38341 7.39827 7.42825 7.46348 7.48755 7.48361 7.40717 7.36069 7.45736 7.51140 7.53222 7.54721 7.56043 7.57104 7.57899 7.58447 7.58776 7.58935 7.58929 7.58735 7.58364 7.57803 7.57032 7.56043 7.53648 7.47746 7.44968 7.40783 7.36147 7.21179 7.18283 7.32836 7.40282 7.26154 7.02290 7.30303 7.49602 7.54909 7.54419 7.47334 7.31058 6.88640 6.37097 6.43764 6.81780 7.03994 6.80499 6.38474 7.01299 7.17081 7.36624 7.45847 7.47575 7.46137 7.42424 7.35825 7.33781 7.26235 7.34165 7.32303 7.25368 7.06621 7.05212 7.27766 7.43702 7.43319
7.38328 7.35776 7.36886 7.42958 7.46407 7.45865 7.39939 7.28081 7.34109 7.47487 7.51477 7.53245 7.54845 7.56144 7.57132 7.57835 7.58308 7.58599 7.58701 7.58595 7.58302 7.57808 7.57084 7.56103 7.54565 7.50551 7.40766 7.35458 7.35277 7.31620 7.28555 7.35386 7.25659 7.13954 7.10520 7.38756 7.50020 7.54487 7.54217 7.48515 7.37311 7.15153 6.71944 6.46810 6.63125 6.57517 6.08461 6.33805 7.19872 7.31152 7.36783 7.43239 7.42117 7.28153 6.95824 6.99432 7.26762 7.31831 7.27833 7.18224 7.31314 7.27712 7.19961 7.34227 7.43774 7.42406
7.39163 7.34540 7.32001 7.36187 7.37627 7.35277 7.29859 7.07792 6.92987 7.34924 7.48230 7.51469 7.53369 7.54954 7.56184 7.57084 7.57720 7.58148 7.58365 7.58355 7.58147 7.57711 7.56995 7.55961 7.54567 7.50551 7.35910 7.22520 7.25514 7.37125 7.38259 7.36535 7.25037 7.11020 7.34705 7.45844 7.50614 7.52681 7.52297 7.48399 7.40556 7.33767 7.26380 7.03026 6.73000 6.38950 6.32762 7.05180 7.41206 7.43788 7.38636 7.37234 7.17814 6.63986 6.00708 5.98266 6.42217 7.02011 7.17948 7.18977 7.35787 7.41927 7.29808 7.29546 7.34246 7.34440
7.37835 7.35281 7.32810 7.32061 7.31636 7.30926 7.26201 7.03479 6.67014 6.87485 7.38166 7.48942 7.51691 7.53525 7.55015 7.56150 7.56984 7.57570 7.57914 7.58012 7.57897 7.57525 7.56818 7.55735 7.54248 7.49260 7.25830 7.03745 7.24816 7.37397 7.45222 7.42005 7.40820 7.28558 7.38975 7.48137 7.51548 7.52231 7.50380 7.47144 7.37605 7.35390 7.43018 7.42374 7.32241 7.26537 7.19438 7.40916 7.49224 7.49843 7.41027 7.24405 6.82851 6.07305 5.85988 6.01705 6.07842 6.43923 6.84491 7.01228 7.21739 7.31527 7.26927 7.20758 7.14401 7.11904
