mrvbf_slope1.1_pctl1.1.asc
NCOLS 410
NROWS 410
XLLCORNER 2398750.0000000000000000
YLLCORNER 2548750.0000000000000000
CELLSIZE 250.0000000000000000
NODATA_VALUE -99999.00000
[rows 29 to 57 of 410, columns 132 to 197 of 410]
7.82073 7.81906 7.81835 7.81556 7.81864 7.81895 7.81833 7.80877 7.79408 7.80609 7.80746 7.80799 7.80654 7.81478 7.81524 7.79935 7.77743 7.80028 7.80976 7.80611 7.81359 7.81724 7.81666 7.81753 7.81677 7.81638 7.81647 7.81651 7.81522 7.81429 7.81375 7.81194 7.80585 7.79529 7.80362 7.80086 7.78672 7.79717 7.79519 7.78621 7.75361 7.68014 7.58360 7.60608 7.57579 7.67640 7.70363 7.67893 7.72077 7.69947 7.66201 7.56640 7.71068 7.76809 7.77987 7.78859 7.78377 7.78326 7.78493 7.79331 7.79596 7.79376 7.78668 7.77951 -99999.00000 -99999.00000
7.81595 7.81700 7.81553 7.81319 7.81611 7.81517 7.81589 7.81364 7.81215 7.81347 7.81380 7.81345 7.81086 7.81593 7.81760 7.81188 7.80465 7.81197 7.80181 7.77528 7.79594 7.81493 7.81732 7.81610 7.81448 7.81330 7.81160 7.81101 7.80605 7.80778 7.81099 7.80924 7.80878 7.80391 7.80500 7.79482 7.77237 7.78343 7.79422 7.79397 7.78483 7.75324 7.65866 7.55497 7.60648 7.70307 7.73029 7.70557 7.68157 7.66119 7.57227 7.59811 7.71719 7.76745 7.78388 7.79119 7.78922 7.78579 7.79036 7.79525 7.79464 7.79163 7.78158 7.77748 7.77354 -99999.00000
7.81665 7.81465 7.81914 7.81625 7.81370 7.81332 7.81540 7.81439 7.81587 7.81632 7.81379 7.81138 7.81176 7.81511 7.81569 7.81707 7.81528 7.80995 7.78155 7.78011 7.77375 7.80841 7.81510 7.81089 7.79914 7.80828 7.80787 7.80460 7.80551 7.80308 7.80857 7.80991 7.80503 7.80511 7.79722 7.77922 7.78121 7.77031 7.79306 7.79691 7.79408 7.78537 7.75231 7.67739 7.67712 7.74021 7.73602 7.72637 7.66585 7.67806 7.61733 7.70634 7.75535 7.77348 7.78902 7.79522 7.79473 7.79412 7.79756 7.79714 7.79337 7.78740 7.77913 7.76807 7.77412 7.76595
7.81568 7.81853 7.82054 7.81831 7.81561 7.81653 7.81624 7.81330 7.81362 7.81625 7.81348 7.81363 7.81408 7.81611 7.81380 7.81201 7.81095 7.81332 7.79992 7.77413 7.79756 7.81390 7.81175 7.79544 7.77495 7.78887 7.80374 7.80295 7.80519 7.80637 7.80785 7.80621 7.79919 7.79577 7.79921 7.78739 7.78435 7.78872 7.79828 7.79764 7.79614 7.79307 7.78467 7.77010 7.77059 7.77966 7.77276 7.75354 7.73484 7.69887 7.74300 7.77429 7.77693 7.78357 7.79062 7.79260 7.79724 7.79844 7.79826 7.79623 7.79403 7.78758 7.76633 7.74348 7.75332 7.74834
7.81723 7.81851 7.82005 7.81983 7.81764 7.81856 7.81501 7.81269 7.81366 7.81602 7.81409 7.81371 7.81540 7.81374 7.81226 7.80791 7.80782 7.80567 7.80267 7.79443 7.80593 7.81287 7.80629 7.77565 7.76580 7.74456 7.78014 7.78896 7.78816 7.79493 7.80296 7.80202 7.79715 7.79195 7.79432 7.79115 7.79250 7.79061 7.79906 7.79931 7.79650 7.79501 7.79130 7.79253 7.79149 7.78978 7.78874 7.78397 7.78139 7.77208 7.78321 7.79065 7.79157 7.79583 7.79675 7.79265 7.79375 7.79531 7.79465 7.79277 7.79121 7.78227 7.75903 7.76101 7.74272 7.73408
7.81857 7.81729 7.81661 7.81832 7.81630 7.81553 7.81489 7.81079 7.81090 7.81251 7.81226 7.81549 7.81533 7.81452 7.81307 7.81184 7.80605 7.79922 7.79815 7.79365 7.79670 7.80717 7.80106 7.77352 7.74891 7.75475 7.74819 7.76619 7.78342 7.78685 7.80263 7.80519 7.79643 7.79987 7.79957 7.79854 7.79176 7.79545 7.80024 7.79842 7.79894 7.79894 7.79828 7.79659 7.79384 7.79453 7.79513 7.79479 7.79315 7.79024 7.79146 7.79551 7.79808 7.79979 7.79857 7.79620 7.79621 7.79571 7.79328 7.78925 7.79053 7.79016 7.78058 7.76319 7.76896 7.74865
7.81606 7.81655 7.81725 7.81659 7.81400 7.81261 7.81583 7.81542 7.80976 7.80755 7.80850 7.81211 7.81230 7.81136 7.80939 7.81102 7.80938 7.80672 7.79952 7.79298 7.79800 7.79493 7.78620 7.78443 7.77941 7.76222 7.78210 7.77733 7.78240 7.78809 7.80001 7.80309 7.79803 7.79290 7.79875 7.80001 7.79528 7.79877 7.79946 7.79821 7.79727 7.79689 7.79585 7.79699 7.79861 7.79837 7.79715 7.79735 7.79730 7.79540 7.79662 7.79823 7.79932 7.80039 7.79913 7.79666 7.79599 7.79458 7.79096 7.78698 7.79119 7.79245 7.78703 7.77980 7.78443 7.77438
7.80339 7.80921 7.81153 7.81297 7.81373 7.81251 7.81348 7.81500 7.81427 7.80678 7.80787 7.80597 7.80824 7.80829 7.80796 7.80797 7.80901 7.80922 7.81016 7.80423 7.79886 7.80150 7.79677 7.78749 7.79035 7.78934 7.79380 7.78265 7.78593 7.79236 7.79876 7.80251 7.79149 7.77868 7.79191 7.79634 7.79648 7.79558 7.79749 7.79617 7.79455 7.79698 7.79802 7.79661 7.79895 7.79852 7.79795 7.79652 7.79609 7.79893 7.79694 7.79762 7.79764 7.79774 7.79788 7.79713 7.79575 7.79258 7.78807 7.78826 7.78682 7.78760 7.78533 7.78522 7.78760 7.78411
7.77717 7.79630 7.80611 7.81020 7.81295 7.81382 7.81287 7.81310 7.81561 7.81357 7.80919 7.81030 7.81136 7.81073 7.80490 7.80353 7.80564 7.80488 7.80885 7.80438 7.80309 7.80383 7.80421 7.80333 7.79984 7.79584 7.79509 7.79605 7.79783 7.79327 7.80066 7.79440 7.77456 7.77334 7.77187 7.79546 7.79783 7.79546 7.79658 7.79526 7.79342 7.79595 7.79618 7.79412 7.79352 7.79641 7.79760 7.79807 7.79539 7.79755 7.79380 7.79375 7.79488 7.79634 7.79440 7.79337 7.79125 7.78921 7.78830 7.78857 7.78989 7.79136 7.78925 7.78556 7.78661 7.78470
7.76318 7.79226 7.80254 7.80935 7.81184 7.81420 7.81327 7.81080 7.81348 7.81464 7.81364 7.81200 7.81286 7.81172 7.80970 7.80580 7.80293 7.80431 7.80784 7.80614 7.80259 7.79927 7.79983 7.80141 7.79889 7.79524 7.79410 7.80219 7.80534 7.80148 7.79972 7.79822 7.78634 7.77720 7.78388 7.79799 7.79876 7.79733 7.79710 7.79652 7.79383 7.79319 7.79402 7.79316 7.78840 7.78865 7.79403 7.79574 7.79318 7.79331 7.78490 7.77780 7.78700 7.79210 7.79205 7.78974 7.77671 7.76992 7.78028 7.78613 7.78779 7.78894 7.79012 7.79005 7.78856 7.78622
7.78008 7.77895 7.80323 7.81044 7.81178 7.81349 7.81152 7.81074 7.81115 7.81306 7.81316 7.81270 7.81139 7.81154 7.81237 7.80973 7.80775 7.80707 7.80674 7.80815 7.80598 7.80182 7.79814 7.79632 7.79795 7.80021 7.79829 7.80107 7.80569 7.80162 7.79766 7.80110 7.79890 7.79549 7.79600 7.79974 7.80070 7.79965 7.79925 7.79816 7.79773 7.79482 7.79600 7.79564 7.79143 7.78706 7.78968 7.79480 7.79304 7.78995 7.76972 7.77340 7.77044 7.78664 7.79167 7.78402 7.75722 7.75996 7.77250 7.78374 7.78610 7.78811 7.78902 7.78731 7.78870 7.78729
7.76304 7.77448 7.80259 7.81079 7.81116 7.81237 7.81152 7.81228 7.81198 7.81188 7.81215 7.81130 7.81138 7.81222 7.81177 7.81239 7.81170 7.81010 7.81016 7.81117 7.80867 7.80583 7.79946 7.79778 7.79871 7.79987 7.80165 7.79819 7.79902 7.79422 7.79499 7.79183 7.78975 7.79388 7.79207 7.79936 7.79900 7.79929 7.80152 7.80060 7.79869 7.79701 7.79634 7.79290 7.79241 7.79122 7.79025 7.79353 7.78995 7.78711 7.76986 7.76210 7.76955 7.78529 7.78935 7.77494 7.76566 7.76114 7.77484 7.78620 7.78809 7.78777 7.78885 7.78530 7.78508 7.78705
7.76172 7.71528 7.76552 7.80120 7.80846 7.81160 7.81154 7.81221 7.81213 7.81190 7.81209 7.81063 7.81104 7.81090 7.81194 7.81204 7.81242 7.80913 7.80785 7.80871 7.80645 7.80603 7.79723 7.79804 7.79482 7.80107 7.80001 7.79321 7.79235 7.79058 7.78612 7.78660 7.78490 7.79582 7.79457 7.79024 7.79142 7.79677 7.79947 7.80079 7.79866 7.79370 7.79524 7.79307 7.79214 7.79502 7.79238 7.79195 7.78757 7.77972 7.74753 7.75471 7.75116 7.78376 7.79153 7.78433 7.77008 7.77673 7.78852 7.79019 7.78769 7.78590 7.78723 7.78669 7.78500 7.78511
7.72305 7.72781 7.69326 7.77268 7.80050 7.80631 7.80946 7.81019 7.81283 7.81290 7.80985 7.80971 7.81108 7.81057 7.80941 7.81143 7.81167 7.80794 7.80555 7.80554 7.80797 7.80516 7.79662 7.79178 7.79721 7.80242 7.79722 7.79348 7.79503 7.79968 7.79595 7.78809 7.78809 7.79665 7.79461 7.78676 7.78730 7.79145 7.79489 7.79797 7.79511 7.79234 7.79416 7.79015 7.79189 7.79549 7.79315 7.78705 7.78296 7.77971 7.76558 7.74606 7.77267 7.78792 7.79148 7.79061 7.78758 7.78987 7.79168 7.79106 7.78774 7.78711 7.78805 7.78673 7.78441 7.78138
7.77026 7.70287 7.74324 7.74757 7.78791 7.80475 7.80663 7.81010 7.81135 7.81166 7.80975 7.80881 7.80683 7.80488 7.80564 7.80859 7.80512 7.78716 7.78625 7.79994 7.80356 7.79968 7.79726 7.79606 7.80003 7.79969 7.79880 7.79481 7.79443 7.79607 7.79727 7.79749 7.79720 7.79756 7.79848 7.79086 7.78767 7.79120 7.79616 7.79486 7.79196 7.78787 7.78714 7.78602 7.78001 7.78789 7.79314 7.78491 7.78200 7.78114 7.78029 7.78047 7.78788 7.78870 7.79043 7.79062 7.79171 7.79223 7.79054 7.78940 7.78750 7.78720 7.78429 7.78077 7.77989 7.77942
7.80388 7.77426 7.74829 7.76615 7.78901 7.80269 7.80869 7.80877 7.80855 7.80984 7.80792 7.80515 7.79891 7.78860 7.79607 7.79769 7.76680 7.68032 7.69249 7.76607 7.79230 7.79926 7.79650 7.79968 7.79966 7.79908 7.79798 7.79856 7.79272 7.79241 7.79150 7.79500 7.79884 7.79945 7.79933 7.79671 7.79101 7.79143 7.79133 7.79430 7.78888 7.78643 7.78660 7.78289 7.77680 7.77683 7.78723 7.78458 7.78251 7.78252 7.78512 7.78573 7.78954 7.78787 7.78697 7.78943 7.79154 7.78994 7.78966 7.78982 7.78909 7.78590 7.78196 7.77950 7.77552 7.77668
7.80913 7.79762 7.76212 7.73159 7.76921 7.80219 7.80807 7.80686 7.80709 7.80593 7.80066 7.77800 7.76178 7.74046 7.77198 7.77559 7.69998 7.63632 7.62855 7.70993 7.77401 7.79284 7.79897 7.80279 7.80089 7.79961 7.79943 7.80068 7.79308 7.79648 7.79267 7.79165 7.79630 7.79611 7.79669 7.79747 7.79521 7.79030 7.79239 7.79412 7.78725 7.78219 7.78669 7.78346 7.77130 7.77658 7.78356 7.78082 7.78315 7.78707 7.78774 7.78544 7.78898 7.78673 7.78737 7.78929 7.79073 7.79016 7.78814 7.79037 7.79089 7.78917 7.78554 7.78126 7.77701 7.78005
7.80077 7.76670 7.71073 7.73280 7.71610 7.78368 7.80552 7.80788 7.80501 7.80190 7.76426 7.68953 7.68892 7.73958 7.73908 7.78456 7.76271 7.67193 7.68150 7.76138 7.77806 7.79065 7.79979 7.80028 7.80103 7.80034 7.79964 7.79820 7.79273 7.79302 7.79519 7.78839 7.78939 7.79370 7.79390 7.79799 7.79666 7.79247 7.79090 7.78884 7.78631 7.77549 7.78624 7.78999 7.78079 7.78487 7.78692 7.78532 7.78754 7.78764 7.78546 7.78358 7.78696 7.78666 7.78692 7.78751 7.78920 7.78974 7.78981 7.79078 7.79087 7.78947 7.78733 7.78431 7.77830 7.77890
7.76108 7.70239 7.71876 7.70503 7.76105 7.78487 7.79843 7.80632 7.80727 7.78690 7.69521 7.69981 7.66627 7.71908 7.77640 7.79836 7.79641 7.77805 7.77176 7.76300 7.77647 7.78508 7.79689 7.79924 7.79889 7.80069 7.80067 7.79794 7.79541 7.79227 7.79116 7.78893 7.78971 7.79041 7.79523 7.79584 7.79552 7.78764 7.78350 7.78211 7.77664 7.77200 7.77195 7.78760 7.78856 7.79044 7.78892 7.78970 7.79096 7.78708 7.78461 7.78511 7.78423 7.78765 7.78520 7.78438 7.78806 7.78970 7.78991 7.78964 7.78863 7.78825 7.78748 7.78542 7.77712 7.77377
7.69009 7.67514 7.68523 7.75688 7.78037 7.78993 7.78840 7.80285 7.80277 7.77112 7.68829 7.65928 7.74265 7.77772 7.79832 7.80280 7.80357 7.79887 7.77855 7.73873 7.75637 7.79184 7.79903 7.79598 7.79850 7.80069 7.79944 7.79983 7.79677 7.79534 7.79328 7.79018 7.78989 7.79382 7.79455 7.79401 7.79130 7.78430 7.78014 7.78034 7.77871 7.76660 7.77542 7.79066 7.79323 7.79030 7.79283 7.79062 7.78930 7.78812 7.78508 7.78104 7.78223 7.78657 7.78677 7.78279 7.78385 7.78789 7.78784 7.78581 7.78489 7.78632 7.78488 7.78034 7.77400 7.77148
7.72675 7.67116 7.70433 7.77921 7.78710 7.78402 7.78696 7.79639 7.78540 7.73369 7.73796 7.70371 7.76893 7.79650 7.80089 7.80293 7.80234 7.79262 7.75883 7.76244 7.75037 7.78996 7.79595 7.79285 7.79271 7.79452 7.79236 7.79371 7.79325 7.79439 7.79564 7.79377 7.78908 7.79156 7.79314 7.79362 7.78580 7.78465 7.78350 7.78476 7.78342 7.77621 7.77887 7.78961 7.79219 7.79352 7.79316 7.78458 7.77490 7.78048 7.78110 7.77963 7.78113 7.78308 7.78415 7.78351 7.78062 7.78375 7.78459 7.78082 7.77753 7.78021 7.78040 7.77363 7.77279 7.77045
7.76284 7.70944 7.75885 7.77442 7.78236 7.78089 7.77673 7.78409 7.78051 7.75619 7.72828 7.76228 7.78646 7.79369 7.79941 7.80078 7.79861 7.79373 7.77881 7.75303 7.76703 7.79420 7.79128 7.78758 7.77502 7.77420 7.78429 7.78240 7.77728 7.78560 7.78358 7.78848 7.78725 7.78728 7.79022 7.78934 7.78707 7.78676 7.78623 7.78757 7.78490 7.77702 7.76809 7.77682 7.78353 7.78985 7.78965 7.77427 7.77325 7.77040 7.78077 7.78006 7.78090 7.77808 7.78091 7.78154 7.77654 7.77269 7.77691 7.77671 7.77560 7.77510 7.77775 7.77674 7.77331 7.77432
7.76127 7.69669 7.72373 7.69615 7.74781 7.77844 7.77885 7.76567 7.77340 7.77494 7.77555 7.79330 7.79420 7.79220 7.79596 7.79723 7.79243 7.79144 7.78724 7.76219 7.73228 7.76834 7.77203 7.76001 7.68068 7.67984 7.75460 7.74615 7.72006 7.76350 7.75377 7.77082 7.78280 7.78287 7.78812 7.78938 7.78872 7.78260 7.78709 7.78947 7.77889 7.76208 7.76807 7.76918 7.78112 7.78373 7.78803 7.77654 7.76596 7.76949 7.78220 7.78042 7.77230 7.77444 7.78336 7.78258 7.77324 7.77453 7.77227 7.77590 7.77652 7.77812 7.77853 7.77710 7.77365 7.77191
7.71308 7.70403 7.74049 7.67529 7.67104 7.75267 7.75324 7.72850 7.76907 7.77979 7.79095 7.79905 7.79647 7.79122 7.78997 7.79116 7.79241 7.79698 7.78659 7.73118 7.73941 7.70957 7.71113 7.69798 7.60609 7.59095 7.68004 7.68693 7.71501 7.75697 7.75844 7.74717 7.77946 7.78168 7.77996 7.78214 7.78262 7.78234 7.78674 7.78663 7.78324 7.76253 7.75586 7.75957 7.77135 7.78590 7.78943 7.78536 7.77506 7.77786 7.78050 7.77368 7.76559 7.77125 7.77577 7.78029 7.77913 7.77452 7.77479 7.77230 7.77318 7.77940 7.77898 7.77811 7.77564 7.76985
7.75675 7.69050 7.68814 7.65029 7.65278 7.72586 7.69734 7.69267 7.72903 7.77600 7.79297 7.79938 7.79946 7.79628 7.79273 7.79207 7.78833 7.78890 7.79172 7.76808 7.71433 7.70496 7.74308 7.74524 7.61848 7.59545 7.67167 7.72021 7.70502 7.75818 7.74563 7.77438 7.78896 7.78603 7.77976 7.78339 7.78391 7.78534 7.78822 7.78689 7.78705 7.77792 7.76991 7.76543 7.77723 7.78643 7.78808 7.78795 7.78423 7.78034 7.77886 7.77426 7.77164 7.76652 7.76640 7.77361 7.77949 7.77819 7.77161 7.76948 7.76740 7.77223 7.77833 7.77695 7.77498 7.77377
7.77774 7.75897 7.73831 7.66789 7.71103 7.74613 7.73074 7.69548 7.72971 7.78384 7.79702 7.80090 7.80040 7.79708 7.79146 7.78901 7.78899 7.79013 7.78860 7.78962 7.77425 7.76321 7.74013 7.76287 7.69634 7.68165 7.75401 7.77368 7.77029 7.78172 7.77958 7.78962 7.78974 7.78488 7.78600 7.78604 7.78779 7.78970 7.78878 7.78919 7.78736 7.78178 7.77850 7.76674 7.77077 7.77690 7.77972 7.78136 7.78318 7.78387 7.78291 7.78021 7.77624 7.77043 7.77353 7.76327 7.76830 7.76879 7.76438 7.76957 7.77048 7.76612 7.77361 7.77611 7.77699 7.77627
7.77543 7.77293 7.76806 7.73776 7.70137 7.73216 7.71960 7.73208 7.77237 7.79346 7.79686 7.79850 7.79906 7.79890 7.79497 7.78547 7.78267 7.78440 7.78723 7.79053 7.78934 7.78515 7.77507 7.78462 7.77482 7.76968 7.77805 7.76921 7.78709 7.78816 7.77750 7.78783 7.78860 7.78440 7.78498 7.78290 7.78652 7.78730 7.79017 7.79023 7.78739 7.78305 7.77056 7.75925 7.77313 7.77226 7.76780 7.77070 7.78069 7.78231 7.77525 7.77512 7.78024 7.77884 7.76925 7.76800 7.77010 7.77010 7.76760 7.77078 7.76592 7.76334 7.76744 7.77403 7.77683 7.77562
7.78603 7.77828 7.77783 7.77581 7.76672 7.77230 7.77078 7.77900 7.78869 7.79299 7.79382 7.79444 7.79781 7.79646 7.79589 7.78900 7.78680 7.78399 7.78866 7.79157 7.79061 7.79056 7.78646 7.78612 7.78499 7.77844 7.74780 7.69692 7.75240 7.75886 7.72437 7.76207 7.78273 7.77858 7.78199 7.78101 7.77836 7.76450 7.78236 7.78726 7.78594 7.77862 7.76664 7.76111 7.75864 7.77161 7.76492 7.76668 7.76723 7.77224 7.77000 7.76910 7.77366 7.77728 7.77298 7.76720 7.76312 7.76521 7.76720 7.77161 7.76676 7.76815 7.76791 7.77385 7.77515 7.77289
7.78990 7.78666 7.78575 7.78441 7.78149 7.78515 7.78930 7.78973 7.79054 7.79201 7.79114 7.79304 7.79530 7.79352 7.79082 7.79035 7.78593 7.78737 7.79076 7.79244 7.79113 7.79133 7.78941 7.78289 7.78149 7.76553 7.69000 7.70803 7.67515 7.69947 7.73378 7.72344 7.76108 7.74502 7.76550 7.77756 7.75088 7.69234 7.74607 7.78140 7.78405 7.78020 7.76167 7.75634 7.75924 7.77630 7.76340 7.75789 7.77146 7.77420 7.77031 7.76922 7.76801 7.76875 7.77117 7.77519 7.77220 7.77103 7.77560 7.77562 7.77238 7.76654 7.76935 7.77394 7.76984 7.76676
