mrvbf_slope1_pctl1.asc
NCOLS 410
NROWS 410
XLLCORNER 2398750.0000000000000000
YLLCORNER 2548750.0000000000000000
CELLSIZE 250.0000000000000000
NODATA_VALUE -99999.00000
[rows 203 to 231 of 410, columns 0 to 65 of 410]
-99999.00000 -99999.00000 -99999.00000 -99999.00000 -99999.00000 7.60015 7.60564 7.59773 7.58155 7.57347 7.55251 7.55020 7.57430 7.58044 7.55800 7.54133 7.53541 7.54480 7.54866 7.56940 7.58305 7.58375 7.58632 7.58502 7.58396 7.58298 7.57236 7.55526 7.54518 7.54677 7.55191 7.55117 7.54263 7.53741 7.53513 7.53719 7.54741 7.55516 7.56558 7.57059 7.57785 7.58979 7.59065 7.57377 7.55635 7.55704 7.55691 7.55029 7.54566 7.54343 7.54743 7.55290 7.55680 7.55832 7.55748 7.55392 7.54574 7.53436 7.51921 7.50172 7.50576 7.50863 7.51640 7.53523 7.53181 7.50962
-99999.00000 -99999.00000 -99999.00000 -99999.00000 -99999.00000 7.59970 7.60287 7.58942 7.57994 7.57742 7.54588 7.53559 7.56181 7.55102 7.52989 7.53175 7.54226 7.54784 7.55939 7.57957 7.58537 7.58613 7.58073 7.58351 7.58299 7.58430 7.57945 7.55827 7.54276 7.54767 7.55079 7.54575 7.53832 7.53209 7.53295 7.53692 7.54590 7.55937 7.57111 7.57588 7.58380 7.58661 7.58389 7.57140 7.55488 7.54675 7.54496 7.54481 7.54614 7.54526 7.55117 7.55796 7.56104 7.56156 7.55978 7.55630 7.55173 7.54827 7.54217 7.52772 7.51789 7.51624 7.52866 7.54896 7.55616 7.52252
-99999.00000 -99999.00000 -99999.00000 -99999.00000 -99999.00000 7.59148 7.59842 7.59201 7.57860 7.57289 7.55866 7.52814 7.53185 7.51648 7.51511 7.53489 7.55645 7.55879 7.57152 7.58183 7.58426 7.59260 7.58881 7.58386 7.58629 7.58563 7.57729 7.56288 7.54988 7.55169 7.54653 7.53783 7.53133 7.52611 7.53096 7.54369 7.56111 7.57206 7.57878 7.58091 7.58143 7.57273 7.56606 7.55968 7.54873 7.54038 7.53977 7.54316 7.55000 7.55347 7.55891 7.56509 7.56688 7.56658 7.56449 7.55796 7.55169 7.55407 7.55207 7.53448 7.51977 7.52599 7.54448 7.55834 7.55351 7.53151
-99999.00000 -99999.00000 -99999.00000 -99999.00000 -99999.00000 7.57942 7.59219 7.59950 7.58493 7.57550 7.57562 7.55197 7.53022 7.50842 7.50373 7.50680 7.51994 7.55470 7.57523 7.57965 7.57852 7.58548 7.59014 7.59039 7.59408 7.59232 7.58267 7.57127 7.55662 7.54654 7.53745 7.53114 7.52670 7.52293 7.52490 7.53547 7.55968 7.57476 7.57181 7.56911 7.56891 7.55956 7.55514 7.54961 7.54281 7.53777 7.53822 7.54503 7.55339 7.55926 7.56477 7.57202 7.57466 7.57329 7.56495 7.54701 7.54112 7.54194 7.54299 7.53242 7.52751 7.53970 7.55545 7.56282 7.55740 7.55057
-99999.00000 -99999.00000 -99999.00000 -99999.00000 -99999.00000 7.57344 7.59349 7.60136 7.58706 7.57714 7.57924 7.57104 7.55704 7.54202 7.51772 7.49494 7.46284 7.53018 7.56562 7.57251 7.56525 7.55919 7.56410 7.57375 7.58180 7.58217 7.57407 7.56593 7.55414 7.54291 7.53623 7.53335 7.52965 7.52522 7.52173 7.52545 7.54841 7.56512 7.56191 7.55874 7.56251 7.54276 7.54730 7.54764 7.54112 7.53853 7.53957 7.54598 7.55127 7.55673 7.56449 7.57371 7.57786 7.57164 7.54891 7.53053 7.53942 7.53973 7.53683 7.53379 7.54179 7.55739 7.56776 7.57051 7.57002 7.56967
-99999.00000 -99999.00000 -99999.00000 -99999.00000 -99999.00000 7.56610 7.58317 7.59465 7.58189 7.57174 7.57482 7.58036 7.58151 7.57279 7.53840 7.50538 7.49816 7.50352 7.55807 7.56309 7.54748 7.53428 7.53475 7.54640 7.56036 7.56584 7.56296 7.56208 7.55667 7.55101 7.54914 7.54601 7.53755 7.52817 7.52198 7.52521 7.54383 7.56574 7.56496 7.55859 7.55735 7.53140 7.52962 7.54428 7.54922 7.54873 7.54896 7.54935 7.54725 7.55090 7.56110 7.57087 7.57249 7.56040 7.53597 7.53510 7.55208 7.55361 7.54916 7.54694 7.55471 7.56614 7.57332 7.57522 7.57549 7.57390
-99999.00000 -99999.00000 -99999.00000 -99999.00000 -99999.00000 7.55803 7.56874 7.58295 7.57267 7.56477 7.57266 7.58555 7.59274 7.58926 7.55999 7.52341 7.50050 7.51345 7.54348 7.54431 7.53960 7.53890 7.53353 7.53762 7.55209 7.56329 7.56410 7.56190 7.55936 7.56150 7.56441 7.55964 7.54471 7.52812 7.52077 7.52708 7.54400 7.56235 7.57184 7.56920 7.55075 7.52693 7.50560 7.54027 7.56281 7.56542 7.56093 7.55312 7.54726 7.54933 7.55559 7.55719 7.55370 7.54961 7.53765 7.53155 7.54564 7.55716 7.55710 7.55532 7.55862 7.56226 7.56380 7.56362 7.56322 7.56048
-99999.00000 -99999.00000 -99999.00000 -99999.00000 -99999.00000 7.56219 7.56272 7.57098 7.56433 7.55936 7.56936 7.58264 7.59242 7.59507 7.57960 7.55500 7.51776 7.52922 7.53072 7.54644 7.55457 7.55869 7.54573 7.53986 7.55293 7.56739 7.56227 7.55623 7.55793 7.56557 7.56936 7.56339 7.54696 7.52947 7.52236 7.53108 7.54998 7.55825 7.56074 7.55745 7.54689 7.51703 7.51402 7.54832 7.57174 7.57236 7.56689 7.55613 7.55085 7.55440 7.54657 7.52708 7.51320 7.51636 7.52887 7.53335 7.54176 7.55127 7.55277 7.55041 7.55050 7.55141 7.55053 7.54766 7.54497 7.54080
-99999.00000 -99999.00000 -99999.00000 -99999.00000 -99999.00000 7.57693 7.56714 7.56659 7.56021 7.55497 7.56414 7.57542 7.58591 7.59478 7.58884 7.56951 7.54175 7.51427 7.52974 7.55557 7.56368 7.56358 7.54948 7.53672 7.54824 7.56392 7.55399 7.55252 7.55520 7.55851 7.56285 7.56098 7.54735 7.53302 7.52990 7.53960 7.55629 7.56514 7.56297 7.56078 7.55586 7.53197 7.53339 7.56083 7.56245 7.56804 7.57017 7.55781 7.55237 7.55916 7.53430 7.49845 7.47756 7.47435 7.48690 7.50887 7.52902 7.54169 7.54408 7.53870 7.53722 7.54063 7.54078 7.53672 7.53396 7.53191
-99999.00000 -99999.00000 -99999.00000 -99999.00000 -99999.00000 7.58688 7.57379 7.56627 7.55909 7.55376 7.56407 7.57065 7.57828 7.59092 7.58840 7.56845 7.53683 7.50080 7.52842 7.54087 7.55165 7.55423 7.54403 7.52790 7.53724 7.55298 7.54781 7.55762 7.55210 7.54615 7.55347 7.55549 7.54452 7.53479 7.53721 7.54898 7.56528 7.57548 7.57435 7.57435 7.56980 7.55052 7.54953 7.55262 7.56427 7.57314 7.56865 7.55461 7.55117 7.54943 7.51450 7.48782 7.48680 7.47758 7.47303 7.48634 7.50881 7.52642 7.53091 7.52740 7.53041 7.53685 7.53585 7.53179 7.53330 7.53983
-99999.00000 -99999.00000 -99999.00000 -99999.00000 -99999.00000 7.57145 7.57349 7.56361 7.55059 7.55414 7.56693 7.56417 7.57374 7.58715 7.57547 7.55880 7.54106 7.50515 7.52571 7.53313 7.54378 7.54882 7.53993 7.52320 7.52945 7.54785 7.55376 7.56426 7.54899 7.53572 7.54006 7.54156 7.53680 7.53632 7.54278 7.55452 7.57010 7.57920 7.57650 7.57424 7.57175 7.56167 7.55970 7.56380 7.57913 7.58265 7.57262 7.55807 7.55469 7.53466 7.49789 7.49338 7.51653 7.51762 7.50757 7.50461 7.51395 7.52883 7.53425 7.53463 7.53990 7.54181 7.53541 7.53306 7.54072 7.55462
-99999.00000 -99999.00000 -99999.00000 -99999.00000 -99999.00000 7.52544 7.55103 7.53672 7.52183 7.55264 7.55787 7.56179 7.58058 7.58417 7.56113 7.55348 7.53127 7.48871 7.52589 7.55318 7.56044 7.56046 7.54542 7.52469 7.53070 7.55213 7.56011 7.56324 7.53962 7.52093 7.52189 7.52799 7.53587 7.54548 7.55135 7.55913 7.56987 7.57323 7.56604 7.56416 7.55950 7.55268 7.55387 7.55237 7.56343 7.57397 7.57062 7.55275 7.53691 7.51324 7.49730 7.50920 7.53552 7.54965 7.54663 7.53984 7.53883 7.54904 7.55599 7.55577 7.55222 7.54252 7.53636 7.54406 7.54876 7.55857
-99999.00000 -99999.00000 -99999.00000 -99999.00000 -99999.00000 7.47144 7.48469 7.49989 7.51451 7.51684 7.55607 7.57701 7.58274 7.56774 7.54524 7.53942 7.52728 7.47826 7.52867 7.56741 7.57783 7.57721 7.55741 7.52749 7.53035 7.55563 7.55924 7.55290 7.52099 7.49955 7.50820 7.53136 7.55035 7.55916 7.55519 7.55179 7.55472 7.55123 7.53431 7.52553 7.53320 7.54277 7.54858 7.54711 7.54901 7.56397 7.56868 7.54969 7.52440 7.51118 7.51495 7.53106 7.54903 7.56022 7.56178 7.55655 7.55251 7.56122 7.57072 7.56778 7.55614 7.53390 7.52969 7.55584 7.54690 7.55260
-99999.00000 -99999.00000 -99999.00000 -99999.00000 -99999.00000 7.50738 7.48606 7.48467 7.51770 7.53009 7.55081 7.57265 7.56403 7.54959 7.55141 7.53475 7.50236 7.50402 7.53524 7.55465 7.56223 7.56331 7.55266 7.53188 7.53452 7.55524 7.55530 7.53979 7.49977 7.48302 7.51168 7.54673 7.55845 7.55254 7.53914 7.52575 7.52389 7.52815 7.52082 7.52686 7.54375 7.56162 7.56140 7.55740 7.55421 7.56507 7.56800 7.55004 7.53113 7.52535 7.53448 7.55016 7.55988 7.56368 7.56439 7.56150 7.55911 7.56705 7.57562 7.57615 7.57025 7.55040 7.52800 7.53857 7.54132 7.55857
-99999.00000 -99999.00000 -99999.00000 -99999.00000 -99999.00000 7.55157 7.53647 7.50729 7.51677 7.54881 7.56757 7.56833 7.54974 7.54912 7.54885 7.54168 7.52704 7.54538 7.54870 7.54836 7.55160 7.55440 7.55181 7.54438 7.54869 7.55233 7.54846 7.52369 7.48385 7.48059 7.52192 7.54739 7.54216 7.53239 7.52234 7.50678 7.49842 7.51798 7.52761 7.53868 7.55125 7.56290 7.56176 7.55711 7.56442 7.57454 7.56488 7.54309 7.53225 7.53640 7.54792 7.56055 7.56578 7.56794 7.56847 7.56590 7.56200 7.56651 7.57422 7.57646 7.57442 7.56474 7.55050 7.54917 7.55671 7.57237
-99999.00000 -99999.00000 -99999.00000 -99999.00000 -99999.00000 7.56021 7.55745 7.54567 7.54272 7.56073 7.57112 7.55910 7.55407 7.55691 7.55875 7.54695 7.55905 7.56858 7.56816 7.56951 7.57170 7.57164 7.56768 7.54876 7.53784 7.54032 7.53538 7.50724 7.47345 7.48031 7.51854 7.52913 7.52418 7.52752 7.52838 7.51861 7.49845 7.48968 7.51526 7.54265 7.55148 7.55681 7.56399 7.56786 7.57694 7.57900 7.56366 7.53400 7.52394 7.54009 7.55124 7.55688 7.56355 7.56912 7.56982 7.56518 7.55372 7.54855 7.56088 7.56958 7.56844 7.55772 7.55328 7.56189 7.56709 7.57444
-99999.00000 -99999.00000 -99999.00000 -99999.00000 -99999.00000 7.55420 7.54940 7.54700 7.54710 7.55347 7.55811 7.55835 7.56522 7.56958 7.57248 7.55842 7.56437 7.56731 7.56802 7.57816 7.58145 7.56603 7.53500 7.50957 7.50926 7.52653 7.52746 7.49398 7.45882 7.47012 7.50524 7.51923 7.52888 7.54010 7.54051 7.53309 7.51902 7.49011 7.49345 7.52033 7.53574 7.54091 7.54824 7.55877 7.57351 7.57663 7.56455 7.53291 7.51124 7.52862 7.54389 7.54315 7.54654 7.55729 7.56040 7.55611 7.54206 7.52051 7.52380 7.54788 7.55264 7.53976 7.53856 7.54219 7.54906 7.56116
-99999.00000 -99999.00000 -99999.00000 -99999.00000 -99999.00000 7.53917 7.53250 7.52704 7.52819 7.53693 7.54685 7.55639 7.55736 7.55998 7.56867 7.55430 7.55037 7.54188 7.53565 7.55350 7.56873 7.53947 7.50229 7.50683 7.49815 7.51366 7.52845 7.48999 7.44256 7.45238 7.49806 7.52526 7.53937 7.54447 7.53856 7.53170 7.53151 7.52210 7.51106 7.51886 7.53726 7.54286 7.54356 7.55037 7.56345 7.56982 7.56062 7.53241 7.50221 7.50877 7.52640 7.52477 7.51647 7.52448 7.53788 7.54247 7.52971 7.52163 7.50952 7.52266 7.53657 7.52303 7.51825 7.51083 7.50961 7.52773
-99999.00000 -99999.00000 -99999.00000 -99999.00000 -99999.00000 7.51553 7.51246 7.51104 7.51591 7.52550 7.53535 7.54495 7.54715 7.54961 7.56124 7.54710 7.52585 7.50491 7.50370 7.51481 7.54671 7.52537 7.50751 7.51228 7.49493 7.52345 7.51766 7.49287 7.44270 7.44266 7.49673 7.53207 7.54124 7.53787 7.52848 7.53346 7.54186 7.53348 7.51785 7.50970 7.51754 7.53437 7.54919 7.55565 7.55369 7.55848 7.54926 7.51320 7.47950 7.48957 7.51152 7.51934 7.51506 7.50765 7.51607 7.52794 7.52787 7.52701 7.52483 7.52747 7.52950 7.50898 7.50090 7.49362 7.47855 7.48545
-99999.00000 -99999.00000 -99999.00000 -99999.00000 -99999.00000 7.50301 7.50401 7.50763 7.51474 7.52170 7.52690 7.53011 7.52981 7.52908 7.54540 7.53315 7.50090 7.49196 7.51806 7.50220 7.52921 7.52911 7.52572 7.51930 7.50802 7.51733 7.49492 7.48240 7.43738 7.43482 7.49615 7.53568 7.54052 7.53326 7.52493 7.53536 7.53379 7.52045 7.51313 7.50873 7.52417 7.54901 7.55786 7.55088 7.53193 7.53485 7.51936 7.45892 7.44828 7.48663 7.51536 7.53205 7.53989 7.52869 7.52316 7.52258 7.51955 7.53013 7.52926 7.53162 7.52370 7.49578 7.48773 7.49121 7.47553 7.46651
-99999.00000 -99999.00000 -99999.00000 -99999.00000 -99999.00000 7.50959 7.50962 7.51034 7.51656 7.52345 7.52802 7.52726 7.52288 7.51483 7.51940 7.52344 7.49453 7.51187 7.53137 7.51046 7.52726 7.52062 7.51108 7.50583 7.47686 7.47457 7.45937 7.45523 7.39174 7.40051 7.48502 7.53134 7.53900 7.52265 7.51660 7.52445 7.51842 7.52375 7.52555 7.51982 7.53244 7.54956 7.54815 7.52837 7.51355 7.50516 7.46399 7.41189 7.46339 7.50861 7.53109 7.54462 7.54825 7.54066 7.53918 7.53451 7.52182 7.51789 7.50893 7.51636 7.51321 7.48147 7.47068 7.48861 7.48865 7.47212
-99999.00000 -99999.00000 -99999.00000 -99999.00000 -99999.00000 7.49513 7.50181 7.50889 7.51959 7.53200 7.53906 7.53607 7.52805 7.52076 7.52623 7.54140 7.51655 7.52977 7.53784 7.52287 7.52356 7.48948 7.48368 7.50236 7.49670 7.48267 7.47949 7.46846 7.37767 7.35717 7.44838 7.51205 7.53929 7.53685 7.51708 7.51837 7.52468 7.52552 7.51960 7.50882 7.51282 7.52552 7.52453 7.50140 7.50410 7.49240 7.43414 7.44419 7.50564 7.52957 7.54123 7.54765 7.54426 7.53873 7.54414 7.53922 7.52900 7.51875 7.49017 7.48644 7.49875 7.47863 7.46171 7.48579 7.50709 7.48921
-99999.00000 -99999.00000 -99999.00000 -99999.00000 -99999.00000 7.43935 7.46806 7.50720 7.52727 7.54260 7.55071 7.54340 7.53149 7.51200 7.51948 7.55148 7.52456 7.53056 7.54845 7.53651 7.50925 7.47350 7.50173 7.53301 7.54017 7.52786 7.51457 7.47658 7.40630 7.38138 7.42410 7.47759 7.51822 7.53423 7.52952 7.52370 7.52090 7.51183 7.50202 7.48902 7.47492 7.46734 7.46604 7.46012 7.48284 7.46083 7.45861 7.46598 7.50490 7.52914 7.53905 7.54182 7.53396 7.53518 7.54784 7.54575 7.52608 7.50881 7.48574 7.46785 7.48694 7.49052 7.47115 7.48181 7.51115 7.50591
-99999.00000 -99999.00000 -99999.00000 -99999.00000 -99999.00000 7.40556 7.44271 7.50878 7.53610 7.54668 7.55363 7.53996 7.52480 7.48617 7.50300 7.55161 7.52455 7.51711 7.54442 7.54245 7.50959 7.50020 7.53441 7.55124 7.55436 7.54504 7.51883 7.47162 7.43364 7.42650 7.43306 7.44640 7.47282 7.49071 7.48423 7.48031 7.48901 7.49451 7.49428 7.48853 7.47181 7.44680 7.43659 7.45731 7.48137 7.45345 7.48349 7.47552 7.49720 7.51620 7.52433 7.52642 7.51684 7.51878 7.53895 7.54185 7.51757 7.49200 7.49524 7.47505 7.48289 7.48806 7.47068 7.47617 7.50332 7.50436
-99999.00000 -99999.00000 -99999.00000 -99999.00000 -99999.00000 7.39600 7.44331 7.49661 7.53192 7.54558 7.54946 7.53324 7.52430 7.45912 7.49044 7.54536 7.53484 7.50857 7.52625 7.53486 7.51335 7.51079 7.53813 7.55381 7.55649 7.54579 7.51416 7.46468 7.44064 7.44607 7.44967 7.44748 7.44806 7.44998 7.44488 7.46061 7.48348 7.49745 7.50404 7.50679 7.50153 7.49276 7.48742 7.49450 7.49388 7.45921 7.48300 7.47232 7.48519 7.49448 7.50117 7.50711 7.50060 7.49031 7.51007 7.52491 7.50720 7.48891 7.50485 7.49075 7.48210 7.46976 7.45365 7.46395 7.48693 7.48661
-99999.00000 -99999.00000 -99999.00000 -99999.00000 -99999.00000 7.45538 7.48142 7.47124 7.51859 7.54059 7.54384 7.53404 7.51620 7.45177 7.48976 7.53986 7.54955 7.51895 7.49860 7.50366 7.50053 7.51837 7.54356 7.55581 7.55291 7.53943 7.51101 7.45643 7.42115 7.44021 7.46390 7.46787 7.46177 7.45790 7.46699 7.48286 7.49434 7.49816 7.50670 7.51803 7.51783 7.51330 7.51628 7.51764 7.50628 7.48122 7.47948 7.47281 7.47263 7.47550 7.48548 7.49750 7.49599 7.47909 7.48194 7.50347 7.50805 7.50264 7.50488 7.50720 7.48550 7.46027 7.44585 7.45687 7.47436 7.47368
-99999.00000 -99999.00000 -99999.00000 -99999.00000 -99999.00000 7.49908 7.50516 7.47880 7.49067 7.53199 7.53397 7.53049 7.51990 7.48515 7.49416 7.54589 7.54961 7.52360 7.48326 7.47150 7.49410 7.52449 7.54475 7.55497 7.54683 7.53198 7.51362 7.47124 7.41675 7.43593 7.48403 7.49713 7.49232 7.48885 7.49389 7.48679 7.47604 7.48926 7.51089 7.51911 7.51285 7.50824 7.51229 7.51429 7.50964 7.49144 7.47687 7.47250 7.46295 7.47209 7.49076 7.50619 7.50428 7.48707 7.47774 7.49254 7.51271 7.51516 7.50524 7.50111 7.48308 7.45909 7.44745 7.45839 7.47382 7.47543
-99999.00000 -99999.00000 -99999.00000 -99999.00000 -99999.00000 7.48159 7.50532 7.51132 7.49173 7.50321 7.52832 7.52857 7.53030 7.51690 7.51350 7.53274 7.54281 7.51631 7.47158 7.45925 7.49383 7.52957 7.54233 7.54992 7.54100 7.53030 7.52228 7.49081 7.41260 7.43578 7.50472 7.52310 7.52164 7.51866 7.51299 7.48834 7.46633 7.47879 7.49337 7.48904 7.48176 7.48432 7.49023 7.49147 7.49536 7.49604 7.47794 7.48395 7.44161 7.46081 7.49815 7.52014 7.52036 7.50383 7.48579 7.48722 7.50326 7.51165 7.50225 7.48906 7.47115 7.45122 7.44626 7.46374 7.48441 7.48921
-99999.00000 -99999.00000 -99999.00000 -99999.00000 -99999.00000 7.45656 7.48173 7.49898 7.48704 7.48969 7.51375 7.53281 7.53741 7.52949 7.52860 7.52589 7.52214 7.51234 7.48282 7.47402 7.48375 7.51450 7.53296 7.54429 7.53810 7.53431 7.52583 7.48358 7.42016 7.45591 7.51701 7.53325 7.53434 7.53287 7.52411 7.50225 7.47214 7.45746 7.45354 7.45039 7.45950 7.47233 7.47786 7.47608 7.47748 7.48915 7.49547 7.48464 7.47035 7.44712 7.47604 7.51043 7.52564 7.51666 7.49841 7.48965 7.49183 7.49312 7.48966 7.48175 7.46018 7.43465 7.43730 7.46950 7.49752 7.50452
