mrvbf_slope1.5_pctl1.5.asc
NCOLS 410
NROWS 410
XLLCORNER 2398750.0000000000000000
YLLCORNER 2548750.0000000000000000
CELLSIZE 250.0000000000000000
NODATA_VALUE -99999.00000
[rows 145 to 173 of 410, columns 264 to 329 of 410]
7.69804 7.69729 7.69909 7.69908 7.69876 7.69883 7.69831 7.69764 7.69826 7.69795 7.69705 7.69651 7.69579 7.69585 7.69546 7.69493 7.69482 7.69362 7.69209 7.69349 7.69370 7.69283 7.69237 7.69189 7.69236 7.69174 7.68955 7.68611 7.68288 -99999.00000 -99999.00000 -99999.00000 -99999.00000 -99999.00000 -99999.00000 -99999.00000 -99999.00000 -99999.00000 -99999.00000 -99999.00000 -99999.00000 -99999.00000 -99999.00000 -99999.00000 -99999.00000 -99999.00000 -99999.00000 -99999.00000 -99999.00000 -99999.00000 -99999.00000 -99999.00000 -99999.00000 -99999.00000 -99999.00000 -99999.00000 -99999.00000 -99999.00000 -99999.00000 -99999.00000 -99999.00000 -99999.00000 -99999.00000 -99999.00000 -99999.00000 -99999.00000
7.69602 7.69663 7.69837 7.69836 7.69670 7.69709 7.69730 7.69688 7.69700 7.69658 7.69624 7.69543 7.69454 7.69449 7.69422 7.69411 7.69401 7.69323 7.69097 7.69153 7.69265 7.69171 7.69075 7.69055 7.69149 7.69124 7.69022 7.68872 7.68724 7.68789 -99999.00000 -99999.00000 -99999.00000 -99999.00000 -99999.00000 -99999.00000 -99999.00000 -99999.00000 -99999.00000 -99999.00000 -99999.00000 -99999.00000 -99999.00000 -99999.00000 -99999.00000 -99999.00000 -99999.00000 -99999.00000 -99999.00000 -99999.00000 -99999.00000 -99999.00000 -99999.00000 -99999.00000 -99999.00000 -99999.00000 -99999.00000 -99999.00000 -99999.00000 -99999.00000 -99999.00000 -99999.00000 -99999.00000 -99999.00000 -99999.00000 -99999.00000
7.69668 7.69588 7.69687 7.69653 7.69665 7.69587 7.69641 7.69560 7.69456 7.69491 7.69477 7.69373 7.69285 7.69298 7.69330 7.69240 7.69128 7.69116 7.68923 7.68994 7.69109 7.69054 7.68989 7.68893 7.68896 7.68942 7.68943 7.68804 7.68884 7.68789 7.68391 -99999.00000 -99999.00000 -99999.00000 -99999.00000 -99999.00000 -99999.00000 -99999.00000 -99999.00000 -99999.00000 -99999.00000 -99999.00000 -99999.00000 -99999.00000 -99999.00000 -99999.00000 -99999.00000 -99999.00000 -99999.00000 -99999.00000 -99999.00000 -99999.00000 -99999.00000 -99999.00000 -99999.00000 -99999.00000 -99999.00000 -99999.00000 -99999.00000 -99999.00000 -99999.00000 -99999.00000 -99999.00000 -99999.00000 -99999.00000 -99999.00000
7.69786 7.69734 7.69673 7.69593 7.69680 7.69474 7.69426 7.69392 7.69388 7.69447 7.69326 7.69194 7.69216 7.69233 7.69091 7.68933 7.69023 7.68895 7.68845 7.68948 7.68936 7.68878 7.68773 7.68702 7.68701 7.68817 7.68732 7.68711 7.68727 7.68607 7.68256 7.68133 7.68358 -99999.00000 -99999.00000 -99999.00000 -99999.00000 -99999.00000 -99999.00000 -99999.00000 -99999.00000 -99999.00000 -99999.00000 -99999.00000 -99999.00000 -99999.00000 -99999.00000 -99999.00000 -99999.00000 -99999.00000 -99999.00000 -99999.00000 -99999.00000 -99999.00000 -99999.00000 -99999.00000 -99999.00000 -99999.00000 -99999.00000 -99999.00000 -99999.00000 -99999.00000 -99999.00000 -99999.00000 -99999.00000 -99999.00000
7.69722 7.69687 7.69641 7.69557 7.69659 7.69556 7.69349 7.69204 7.69293 7.69359 7.69223 7.69192 7.69235 7.69113 7.68996 7.69081 7.69065 7.68980 7.68919 7.68890 7.68862 7.68819 7.68699 7.68620 7.68679 7.68730 7.68553 7.68511 7.68430 7.68187 7.68153 7.68365 7.68595 7.68755 7.68767 7.68806 -99999.00000 -99999.00000 -99999.00000 -99999.00000 -99999.00000 -99999.00000 -99999.00000 -99999.00000 -99999.00000 -99999.00000 -99999.00000 -99999.00000 -99999.00000 -99999.00000 -99999.00000 -99999.00000 -99999.00000 -99999.00000 -99999.00000 -99999.00000 -99999.00000 -99999.00000 -99999.00000 -99999.00000 -99999.00000 -99999.00000 -99999.00000 -99999.00000 -99999.00000 -99999.00000
7.69649 7.69636 7.69582 7.69440 7.69487 7.69415 7.69219 7.69198 7.69115 7.69133 7.69121 7.69175 7.69170 7.69036 7.68933 7.69005 7.69022 7.68960 7.68843 7.68809 7.68769 7.68619 7.68553 7.68569 7.68639 7.68615 7.68454 7.68369 7.68300 7.68329 7.68439 7.68579 7.68705 7.68759 7.68742 7.68730 7.68711 7.68602 7.68729 -99999.00000 -99999.00000 -99999.00000 -99999.00000 -99999.00000 -99999.00000 -99999.00000 -99999.00000 -99999.00000 -99999.00000 -99999.00000 -99999.00000 -99999.00000 -99999.00000 -99999.00000 -99999.00000 -99999.00000 -99999.00000 -99999.00000 -99999.00000 -99999.00000 -99999.00000 -99999.00000 -99999.00000 -99999.00000 -99999.00000 -99999.00000
7.69616 7.69572 7.69531 7.69342 7.69187 7.69226 7.69178 7.69168 7.69156 7.69047 7.68950 7.69034 7.69077 7.69032 7.68885 7.68811 7.68852 7.68864 7.68780 7.68657 7.68523 7.68458 7.68459 7.68421 7.68487 7.68427 7.68329 7.68296 7.68486 7.68567 7.68613 7.68647 7.68689 7.68690 7.68688 7.68642 7.68510 7.68585 7.68647 7.68559 7.68500 7.68216 7.68232 -99999.00000 -99999.00000 -99999.00000 -99999.00000 -99999.00000 -99999.00000 -99999.00000 -99999.00000 -99999.00000 -99999.00000 -99999.00000 -99999.00000 -99999.00000 -99999.00000 -99999.00000 -99999.00000 -99999.00000 -99999.00000 -99999.00000 -99999.00000 -99999.00000 -99999.00000 -99999.00000
7.69524 7.69494 7.69488 7.69252 7.69139 7.69230 7.69205 7.69151 7.69071 7.68930 7.68838 7.68893 7.68966 7.68942 7.68809 7.68722 7.68767 7.68762 7.68627 7.68518 7.68457 7.68458 7.68282 7.67825 7.68058 7.68250 7.68347 7.68396 7.68543 7.68546 7.68527 7.68557 7.68604 7.68619 7.68588 7.68550 7.68487 7.68440 7.68602 7.68597 7.68590 7.68423 7.68398 7.68400 7.68332 -99999.00000 -99999.00000 -99999.00000 -99999.00000 -99999.00000 -99999.00000 -99999.00000 -99999.00000 -99999.00000 -99999.00000 -99999.00000 -99999.00000 -99999.00000 -99999.00000 -99999.00000 -99999.00000 -99999.00000 -99999.00000 -99999.00000 -99999.00000 -99999.00000
7.69446 7.69416 7.69354 7.69167 7.69116 7.69054 7.69047 7.68970 7.68791 7.68725 7.68717 7.68820 7.68805 7.68727 7.68696 7.68747 7.68693 7.68637 7.68536 7.68460 7.68420 7.68339 7.67576 7.66397 7.66280 7.67764 7.68432 7.68547 7.68558 7.68458 7.68352 7.68472 7.68484 7.68498 7.68420 7.68482 7.68575 7.68552 7.68557 7.68532 7.68466 7.68440 7.68379 7.68304 7.68273 7.68318 7.68269 -99999.00000 -99999.00000 -99999.00000 -99999.00000 -99999.00000 -99999.00000 -99999.00000 -99999.00000 -99999.00000 -99999.00000 -99999.00000 -99999.00000 -99999.00000 -99999.00000 -99999.00000 -99999.00000 -99999.00000 -99999.00000 -99999.00000
7.69298 7.69243 7.69107 7.69025 7.69044 7.68891 7.68751 7.68718 7.68661 7.68672 7.68622 7.68688 7.68670 7.68710 7.68732 7.68705 7.68550 7.68574 7.68479 7.68361 7.68279 7.68172 7.66576 7.64701 7.65335 7.66269 7.68048 7.68262 7.68378 7.68327 7.68288 7.68453 7.68428 7.68379 7.68394 7.68430 7.68517 7.68481 7.68496 7.68394 7.68353 7.68435 7.68382 7.68251 7.68241 7.68278 7.68199 7.67709 7.67440 -99999.00000 -99999.00000 -99999.00000 -99999.00000 -99999.00000 -99999.00000 -99999.00000 -99999.00000 -99999.00000 -99999.00000 -99999.00000 -99999.00000 -99999.00000 -99999.00000 -99999.00000 -99999.00000 -99999.00000
7.68655 7.68765 7.68869 7.68688 7.68889 7.68891 7.68776 7.68745 7.68714 7.68644 7.68597 7.68655 7.68699 7.68684 7.68711 7.68670 7.68610 7.68513 7.68356 7.68193 7.68075 7.68167 7.67779 7.66173 7.65695 7.67683 7.68301 7.68115 7.68057 7.68102 7.68202 7.68305 7.68266 7.68314 7.68331 7.68433 7.68448 7.68385 7.68414 7.68351 7.68290 7.68355 7.68276 7.68217 7.68178 7.68179 7.68156 7.67935 7.67799 7.67857 7.67713 -99999.00000 -99999.00000 -99999.00000 -99999.00000 -99999.00000 -99999.00000 -99999.00000 -99999.00000 -99999.00000 -99999.00000 -99999.00000 -99999.00000 -99999.00000 -99999.00000 -99999.00000
7.66959 7.67792 7.68569 7.68367 7.68687 7.68809 7.68799 7.68741 7.68713 7.68591 7.68537 7.68627 7.68665 7.68673 7.68571 7.68537 7.68414 7.68421 7.68378 7.68159 7.68026 7.68151 7.68264 7.68110 7.68025 7.68307 7.68233 7.67961 7.67915 7.68054 7.68103 7.68198 7.68273 7.68192 7.68045 7.68251 7.68301 7.68275 7.68220 7.68228 7.68249 7.68233 7.68119 7.68091 7.68117 7.68163 7.68156 7.68114 7.67985 7.67939 7.67857 7.67839 -99999.00000 -99999.00000 -99999.00000 -99999.00000 -99999.00000 -99999.00000 -99999.00000 -99999.00000 -99999.00000 -99999.00000 -99999.00000 -99999.00000 -99999.00000 -99999.00000
7.67752 7.67583 7.67772 7.67927 7.68351 7.68594 7.68687 7.68633 7.68586 7.68548 7.68571 7.68631 7.68641 7.68602 7.68522 7.68470 7.68422 7.68392 7.68296 7.68080 7.67963 7.68175 7.68239 7.68214 7.68166 7.68257 7.68070 7.68020 7.67983 7.67987 7.67952 7.68084 7.68174 7.67903 7.68040 7.68087 7.68220 7.68254 7.68191 7.68127 7.68131 7.68076 7.68057 7.68059 7.68008 7.67925 7.67941 7.67982 7.67970 7.67916 7.67851 7.67768 7.67609 -99999.00000 -99999.00000 -99999.00000 -99999.00000 -99999.00000 -99999.00000 -99999.00000 -99999.00000 -99999.00000 -99999.00000 -99999.00000 -99999.00000 -99999.00000
7.68248 7.68256 7.67720 7.67804 7.67963 7.68240 7.68503 7.68543 7.68538 7.68606 7.68620 7.68637 7.68602 7.68508 7.68451 7.68420 7.68420 7.68250 7.68136 7.67880 7.67955 7.68191 7.68190 7.68123 7.68143 7.68161 7.68047 7.68058 7.67997 7.67981 7.67854 7.67845 7.68002 7.67940 7.67980 7.68099 7.68175 7.68217 7.68163 7.68149 7.68077 7.68117 7.68104 7.68030 7.68023 7.67991 7.67800 7.67855 7.67858 7.67818 7.67806 7.67674 7.67520 7.67448 7.67397 -99999.00000 -99999.00000 -99999.00000 -99999.00000 -99999.00000 -99999.00000 -99999.00000 -99999.00000 -99999.00000 -99999.00000 -99999.00000
7.68472 7.68323 7.67951 7.67961 7.67757 7.67839 7.68234 7.68452 7.68567 7.68595 7.68588 7.68568 7.68512 7.68445 7.68397 7.68351 7.68377 7.68246 7.68093 7.67987 7.68100 7.68157 7.68155 7.68101 7.68157 7.68105 7.68048 7.67942 7.67878 7.67852 7.67831 7.67864 7.67905 7.67959 7.68021 7.68065 7.68127 7.68135 7.68090 7.68055 7.68025 7.68080 7.68038 7.67972 7.68025 7.67992 7.67811 7.67808 7.67814 7.67657 7.67569 7.67447 7.67390 7.67430 7.67465 7.67376 -99999.00000 -99999.00000 -99999.00000 -99999.00000 -99999.00000 -99999.00000 -99999.00000 -99999.00000 -99999.00000 7.67106
7.67845 7.68175 7.67604 7.67680 7.67654 7.67862 7.68082 7.68079 7.68275 7.68450 7.68510 7.68437 7.68254 7.68224 7.68339 7.68348 7.68327 7.68275 7.68173 7.68078 7.68070 7.68084 7.68097 7.68036 7.68047 7.68065 7.68023 7.67940 7.67769 7.67769 7.67765 7.67749 7.67783 7.67896 7.68018 7.68028 7.68013 7.68006 7.68021 7.67991 7.68002 7.67999 7.67983 7.67919 7.67909 7.67914 7.67788 7.67624 7.67590 7.67564 7.67590 7.67527 7.67526 7.67445 7.67431 7.67259 7.66917 -99999.00000 -99999.00000 -99999.00000 -99999.00000 -99999.00000 -99999.00000 -99999.00000 7.67018 7.66943
7.67478 7.67947 7.67584 7.67309 7.67155 7.67455 7.67841 7.67894 7.67914 7.68196 7.68257 7.67931 7.67521 7.67406 7.68063 7.68259 7.68242 7.68228 7.68173 7.68105 7.67984 7.67967 7.67998 7.67950 7.67953 7.67960 7.67898 7.67779 7.67774 7.67797 7.67715 7.67687 7.67693 7.67746 7.67850 7.67865 7.67868 7.67884 7.67891 7.67822 7.67880 7.67925 7.67905 7.67864 7.67797 7.67793 7.67720 7.67480 7.67440 7.67435 7.67513 7.67474 7.67449 7.67440 7.67380 7.67201 7.66986 7.66926 -99999.00000 -99999.00000 -99999.00000 -99999.00000 7.66854 7.66819 7.66837 7.66776
7.67411 7.67181 7.67896 7.67436 7.66262 7.66699 7.67520 7.67623 7.67613 7.67911 7.67778 7.67281 7.67499 7.66762 7.67210 7.68020 7.68086 7.68087 7.68069 7.68028 7.67944 7.67868 7.67859 7.67849 7.67885 7.67834 7.67745 7.67731 7.67778 7.67751 7.67675 7.67667 7.67584 7.67611 7.67656 7.67658 7.67685 7.67624 7.67754 7.67653 7.67720 7.67803 7.67824 7.67841 7.67796 7.67654 7.67549 7.67434 7.67355 7.67263 7.67296 7.67251 7.67194 7.67294 7.67266 7.67108 7.66954 7.66917 7.66860 -99999.00000 -99999.00000 7.66726 7.66720 7.66681 7.66678 7.66636
7.68071 7.67235 7.67466 7.67394 7.66823 7.65592 7.66558 7.66793 7.67205 7.66986 7.67158 7.67307 7.67437 7.66826 7.67299 7.67723 7.67691 7.67842 7.67976 7.67952 7.67871 7.67792 7.67735 7.67769 7.67721 7.67576 7.67562 7.67594 7.67633 7.67581 7.67571 7.67548 7.67464 7.67520 7.67578 7.67495 7.67230 7.67444 7.67571 7.67626 7.67618 7.67672 7.67658 7.67677 7.67659 7.67517 7.67535 7.67315 7.67194 7.67186 7.66965 7.67044 7.67188 7.67145 7.67120 7.66947 7.66894 7.66901 7.66837 7.66721 7.66667 7.66652 7.66630 7.66600 7.66599 7.66582
7.68305 7.68124 7.67860 7.67694 7.67114 7.66609 7.65840 7.66075 7.66946 7.66517 7.66757 7.66688 7.67162 7.66824 7.67431 7.67487 7.67240 7.67234 7.67735 7.67829 7.67813 7.67620 7.67429 7.67525 7.67286 7.67209 7.67223 7.67346 7.67460 7.67435 7.67463 7.67445 7.67476 7.67379 7.67412 7.67301 7.67175 7.67054 7.67349 7.67491 7.67600 7.67619 7.67452 7.67337 7.67217 7.67235 7.67450 7.67312 7.67139 7.67177 7.66927 7.66744 7.66979 7.67102 7.67050 7.66952 7.66851 7.66826 7.66723 7.66690 7.66645 7.66569 7.66519 7.66505 7.66503 7.66442
7.68264 7.68190 7.67863 7.67802 7.67824 7.67470 7.66688 7.66662 7.67126 7.66784 7.65856 7.66275 7.67199 7.67123 7.67161 7.67206 7.67239 7.66918 7.67288 7.67654 7.67639 7.67456 7.67259 7.67131 7.66990 7.66851 7.66751 7.66988 7.67276 7.67169 7.67235 7.67440 7.67418 7.67327 7.67217 7.67177 7.66927 7.67027 7.67148 7.67141 7.67329 7.67409 7.67329 7.67238 7.67285 7.67026 7.67272 7.67257 7.67172 7.66943 7.66915 7.66796 7.66791 7.66996 7.67015 7.66958 7.66746 7.66685 7.66666 7.66611 7.66504 7.66430 7.66391 7.66366 7.66363 7.66267
7.68057 7.68083 7.67649 7.67412 7.67732 7.67913 7.67762 7.67264 7.67506 7.67418 7.66619 7.66706 7.66663 7.67086 7.67157 7.67228 7.67024 7.67030 7.67292 7.67568 7.67593 7.67362 7.67217 7.67171 7.67054 7.67050 7.67037 7.66657 7.66879 7.66946 7.66953 7.67232 7.67262 7.67333 7.67159 7.66978 7.66841 7.66918 7.66989 7.66951 7.67177 7.67250 7.67221 7.67022 7.67139 7.67087 7.67303 7.67213 7.67044 7.66744 7.66730 7.66893 7.66852 7.66945 7.66894 7.66914 7.66833 7.66628 7.66606 7.66568 7.66445 7.66269 7.66261 7.66249 7.66178 7.66067
7.67861 7.67879 7.67645 7.67282 7.67261 7.67617 7.67743 7.67482 7.67381 7.67592 7.67063 7.66694 7.66811 7.66866 7.67054 7.67053 7.67038 7.67142 7.67311 7.67367 7.67384 7.67358 7.67381 7.67177 7.67188 7.67094 7.66905 7.66740 7.66926 7.66821 7.66746 7.67048 7.67130 7.67072 7.66921 7.66921 7.66528 7.66527 7.66895 7.67117 7.67159 7.67257 7.67239 7.67134 7.67115 7.67185 7.67252 7.67133 7.66894 7.66643 7.66849 7.66816 7.66707 7.66828 7.66859 7.66820 7.66787 7.66661 7.66553 7.66513 7.66387 7.66118 7.66121 7.66163 7.65981 7.65769
7.67751 7.67758 7.67736 7.67643 7.67244 7.67256 7.67455 7.67240 7.67130 7.67253 7.67328 7.66490 7.66072 7.66508 7.66616 7.66508 7.66536 7.66729 7.67007 7.67077 7.67039 7.67203 7.67323 7.67222 7.67207 7.67082 7.67034 7.66910 7.66824 7.66911 7.66647 7.66957 7.67084 7.67097 7.66939 7.66668 7.66500 7.66720 7.66915 7.67055 7.67042 7.67093 7.67023 7.66999 7.67058 7.67027 7.66994 7.66784 7.66722 7.66864 7.66894 7.66657 7.66673 7.66840 7.66811 7.66662 7.66579 7.66509 7.66476 7.66435 7.66282 7.65974 7.65951 7.66002 7.65844 7.65509
7.67680 7.67609 7.67647 7.67709 7.67578 7.67211 7.67371 7.67181 7.67253 7.66830 7.66738 7.66580 7.66619 7.66606 7.66611 7.66733 7.66645 7.66522 7.66461 7.66430 7.66559 7.66549 7.67006 7.67027 7.66992 7.67022 7.67143 7.67101 7.67008 7.66887 7.66777 7.66952 7.67004 7.67035 7.66948 7.66738 7.66752 7.66863 7.66951 7.66977 7.66932 7.66843 7.66854 7.66958 7.67138 7.67072 7.66922 7.66816 7.66643 7.66923 7.66864 7.66796 7.66790 7.66594 7.66653 7.66571 7.66545 7.66504 7.66465 7.66316 7.66116 7.65973 7.65953 7.65881 7.65690 7.65340
7.67535 7.67551 7.67539 7.67562 7.67546 7.67369 7.67238 7.67148 7.67134 7.66807 7.66511 7.66536 7.65570 7.66230 7.66506 7.67009 7.66743 7.66630 7.66463 7.66477 7.66611 7.66334 7.66331 7.66350 7.66652 7.66956 7.67049 7.67020 7.66960 7.66851 7.66729 7.66824 7.66932 7.66950 7.66865 7.66786 7.66763 7.66819 7.66912 7.66971 7.66982 7.66913 7.66783 7.66923 7.67060 7.66960 7.66858 7.66674 7.66619 7.66898 7.66902 7.66845 7.66721 7.66509 7.66506 7.66337 7.66393 7.66399 7.66335 7.66147 7.65982 7.65978 7.65897 7.65727 7.65497 7.65057
7.67255 7.67433 7.67439 7.67461 7.67560 7.67473 7.67268 7.67102 7.67156 7.66950 7.66349 7.66732 7.66071 7.66660 7.66769 7.66964 7.66852 7.66554 7.66909 7.66855 7.66516 7.66370 7.66230 7.66108 7.65662 7.66503 7.66798 7.66854 7.66834 7.66722 7.66713 7.66786 7.66883 7.66844 7.66762 7.66735 7.66697 7.66790 7.66838 7.66851 7.66931 7.66944 7.66826 7.66864 7.66840 7.66893 7.66908 7.66779 7.66793 7.66864 7.66858 7.66714 7.66592 7.66558 7.66388 7.66174 7.66173 7.66214 7.66102 7.65887 7.65803 7.65806 7.65786 7.65582 7.65189 7.64690
7.67050 7.67238 7.67195 7.67192 7.67332 7.67365 7.67296 7.67191 7.67164 7.67038 7.66748 7.66597 7.66393 7.66339 7.66073 7.66602 7.66796 7.66736 7.66893 7.66863 7.66709 7.66429 7.66198 7.66267 7.65653 7.65747 7.66321 7.66479 7.66608 7.66631 7.66640 7.66708 7.66752 7.66727 7.66653 7.66594 7.66562 7.66636 7.66761 7.66828 7.66799 7.66821 7.66713 7.66672 7.66669 7.66776 7.66807 7.66824 7.66778 7.66726 7.66771 7.66680 7.66408 7.66257 7.66291 7.65998 7.65754 7.65930 7.65886 7.65761 7.65766 7.65630 7.65620 7.65402 7.65067 7.64686
7.66884 7.66243 7.66276 7.66756 7.66899 7.67055 7.67115 7.67083 7.67092 7.67140 7.67082 7.66684 7.66383 7.65522 7.66479 7.66532 7.66569 7.66293 7.65718 7.66076 7.66575 7.66551 7.66633 7.66444 7.65792 7.65882 7.66119 7.66030 7.65980 7.66201 7.66419 7.66537 7.66583 7.66622 7.66594 7.66481 7.66441 7.66538 7.66718 7.66711 7.66397 7.66409 7.66631 7.66700 7.66667 7.66597 7.66691 7.66679 7.66704 7.66614 7.66716 7.66608 7.66352 7.66204 7.66080 7.65976 7.65910 7.65626 7.65690 7.65749 7.65681 7.65333 7.65297 7.65239 7.64963 7.64585
