mrvbf_slope1.3_pctl1.2.asc
NCOLS 410
NROWS 410
XLLCORNER 2398750.0000000000000000
YLLCORNER 2548750.0000000000000000
CELLSIZE 250.0000000000000000
NODATA_VALUE -99999.00000
[rows 174 to 202 of 410, columns 198 to 263 of 410]
7.69399 7.68437 7.68793 7.69429 7.69422 7.68567 7.68999 7.69726 7.69842 7.69714 7.68864 7.68881 7.70136 7.70206 7.69816 7.69724 7.69842 7.69893 7.69727 7.69860 7.70273 7.70385 7.69930 7.69593 7.69534 7.69508 7.69266 7.69086 7.69217 7.69153 7.68972 7.68539 7.67603 7.67485 7.67676 7.67831 7.68283 7.68509 7.68499 7.68649 7.68283 7.68069 7.68323 7.68752 7.68931 7.68916 7.68563 7.67351 7.64387 7.63789 7.64217 7.65140 7.65525 7.65606 7.65100 7.64016 7.61720 7.61794 7.62276 7.62749 7.63366 7.64277 7.66691 7.67808 7.67992 7.67208
7.68295 7.68317 7.68645 7.68901 7.69248 7.68563 7.69035 7.69856 7.70078 7.69783 7.68658 7.68810 7.70017 7.69960 7.69592 7.69660 7.69926 7.69998 7.69573 7.69476 7.69996 7.70201 7.69600 7.69284 7.69242 7.69095 7.69086 7.69107 7.69122 7.69017 7.68671 7.67948 7.67070 7.67020 7.67321 7.67462 7.67827 7.68288 7.68193 7.68067 7.67691 7.67882 7.68309 7.68503 7.68613 7.68545 7.68150 7.66508 7.63094 7.63286 7.63274 7.66316 7.66529 7.65572 7.66436 7.64730 7.63857 7.62906 7.61892 7.63174 7.62774 7.64028 7.65994 7.67556 7.67111 7.63844
7.69045 7.69582 7.69270 7.69218 7.69346 7.68833 7.69260 7.69928 7.70080 7.69799 7.69171 7.68770 7.69314 7.69516 7.69623 7.69599 7.69801 7.69972 7.69455 7.69072 7.69609 7.70029 7.69641 7.69121 7.69254 7.68910 7.68471 7.68472 7.68866 7.68921 7.68486 7.67475 7.66516 7.66560 7.67202 7.67793 7.67812 7.67975 7.68023 7.67899 7.68052 7.68082 7.68027 7.68034 7.68135 7.67911 7.66722 7.64354 7.62759 7.58042 7.59081 7.64283 7.67020 7.66808 7.67394 7.67047 7.66470 7.63769 7.60010 7.62215 7.65061 7.64695 7.65412 7.66421 7.64449 7.61040
7.69767 7.70016 7.69472 7.69468 7.69293 7.68662 7.69143 7.69864 7.70125 7.69960 7.69471 7.68731 7.68645 7.69185 7.69818 7.69598 7.69492 7.69728 7.69345 7.68703 7.69046 7.69747 7.69746 7.69156 7.68865 7.68583 7.68159 7.67785 7.67848 7.68291 7.67845 7.66721 7.66032 7.66220 7.67089 7.67879 7.67892 7.67835 7.67919 7.67976 7.68149 7.68152 7.67947 7.67921 7.67830 7.67336 7.65469 7.63233 7.59312 7.57753 7.57913 7.60644 7.65774 7.66749 7.66048 7.64056 7.62765 7.58936 7.62000 7.62915 7.64846 7.63277 7.64155 7.63068 7.62573 7.62059
7.69691 7.69856 7.69271 7.69313 7.68799 7.67919 7.68655 7.69262 7.69780 7.69416 7.68911 7.68782 7.68779 7.69001 7.69563 7.69538 7.69118 7.69329 7.69279 7.68523 7.68559 7.69366 7.69670 7.69189 7.68540 7.68122 7.68004 7.68096 7.67395 7.67381 7.66906 7.66067 7.65791 7.66259 7.67285 7.67854 7.67839 7.67697 7.67678 7.67766 7.67920 7.67999 7.67905 7.67712 7.67636 7.67386 7.66090 7.63281 7.61468 7.62762 7.62514 7.62605 7.64871 7.65938 7.65764 7.63087 7.60287 7.62327 7.61310 7.60099 7.61958 7.63979 7.63182 7.60835 7.62341 7.64046
7.69435 7.69636 7.69034 7.68924 7.68148 7.67407 7.68671 7.68943 7.69384 7.68909 7.69028 7.69058 7.68873 7.68820 7.69378 7.69521 7.68947 7.68924 7.68948 7.68187 7.68331 7.69195 7.69565 7.69181 7.68448 7.67917 7.67689 7.67843 7.67788 7.67245 7.66653 7.66097 7.65990 7.66666 7.67423 7.67687 7.67645 7.67440 7.67285 7.67298 7.67462 7.67601 7.67497 7.67313 7.67438 7.67363 7.66895 7.66067 7.64572 7.63923 7.63693 7.62700 7.64301 7.65540 7.65847 7.64655 7.62386 7.63128 7.61126 7.59607 7.60456 7.61924 7.63372 7.64219 7.62411 7.62007
7.69268 7.69357 7.69000 7.68542 7.67837 7.67842 7.68914 7.69253 7.69449 7.69210 7.69377 7.69220 7.68754 7.68697 7.69307 7.69551 7.69138 7.68832 7.68183 7.67936 7.68610 7.69297 7.69439 7.69123 7.68449 7.67870 7.67572 7.67535 7.67596 7.67220 7.66699 7.66242 7.66292 7.66892 7.67285 7.67406 7.67355 7.67121 7.66799 7.66603 7.66774 7.67087 7.66950 7.66998 7.67195 7.67126 7.66960 7.66831 7.66659 7.66260 7.65915 7.65333 7.64839 7.64576 7.64639 7.64901 7.64919 7.62814 7.60349 7.57916 7.58105 7.60807 7.62712 7.62604 7.64049 7.62931
7.68780 7.68704 7.68790 7.68509 7.68114 7.68464 7.69174 7.69335 7.69499 7.69330 7.69394 7.69176 7.68671 7.68615 7.69189 7.69563 7.69370 7.69042 7.68294 7.68490 7.69053 7.69254 7.69175 7.68853 7.68217 7.67618 7.67226 7.67046 7.67143 7.67035 7.66638 7.66311 7.66412 7.66874 7.67112 7.67160 7.67090 7.66839 7.66357 7.65750 7.65633 7.66237 7.66170 7.66298 7.66574 7.66738 7.66824 7.66753 7.66973 7.66886 7.66515 7.66263 7.65941 7.64882 7.64438 7.65014 7.65873 7.64114 7.61543 7.56170 7.56972 7.60468 7.61433 7.61617 7.63135 7.64953
7.67698 7.68050 7.68667 7.68860 7.68568 7.68722 7.69088 7.69066 7.69174 7.69165 7.69267 7.68886 7.68454 7.68468 7.69040 7.69331 7.68990 7.68537 7.67929 7.68325 7.68854 7.68906 7.68475 7.68107 7.67782 7.67395 7.66914 7.66769 7.66906 7.66751 7.66393 7.66303 7.66451 7.66796 7.66938 7.66939 7.66845 7.66594 7.66128 7.65393 7.64559 7.64608 7.64712 7.64801 7.65404 7.66303 7.66549 7.66648 7.66899 7.66899 7.66545 7.66055 7.66371 7.65772 7.65092 7.64633 7.65180 7.64455 7.64015 7.63495 7.64305 7.64217 7.63116 7.61499 7.61842 7.64933
7.67418 7.68286 7.68613 7.69056 7.68735 7.68782 7.69162 7.69129 7.69060 7.69091 7.68830 7.68267 7.68058 7.68473 7.69091 7.68913 7.68215 7.68048 7.67464 7.67417 7.68057 7.68158 7.67813 7.67803 7.67920 7.67607 7.66907 7.66469 7.66055 7.65455 7.65309 7.65927 7.66340 7.66624 7.66741 7.66745 7.66629 7.66377 7.66084 7.65872 7.65245 7.64361 7.64231 7.64293 7.64529 7.65702 7.66371 7.66635 7.66852 7.66844 7.66433 7.66116 7.66185 7.66285 7.65255 7.65230 7.64617 7.65139 7.65664 7.65712 7.65823 7.65761 7.65292 7.64333 7.62383 7.63625
7.68025 7.68634 7.68693 7.69089 7.68795 7.68731 7.69109 7.69305 7.69212 7.68892 7.68206 7.67723 7.68027 7.68754 7.69082 7.68563 7.67957 7.68178 7.68065 7.67680 7.67986 7.68120 7.68126 7.68024 7.67971 7.67738 7.67126 7.66426 7.65838 7.65003 7.63779 7.64465 7.65853 7.66438 7.66621 7.66657 7.66509 7.66232 7.66053 7.66168 7.66189 7.65511 7.65067 7.64989 7.64583 7.65248 7.66195 7.66451 7.66670 7.66682 7.66551 7.66523 7.66351 7.65608 7.65372 7.64920 7.65106 7.66096 7.66212 7.66472 7.66498 7.66494 7.66267 7.66062 7.64687 7.62714
7.68430 7.68756 7.68707 7.68997 7.68809 7.68646 7.68956 7.69208 7.69082 7.68500 7.67624 7.67539 7.68343 7.68786 7.68714 7.68348 7.68179 7.68220 7.68047 7.67876 7.68175 7.68328 7.68181 7.68054 7.67961 7.67666 7.67128 7.66406 7.65663 7.64645 7.63167 7.63751 7.65572 7.66320 7.66616 7.66653 7.66440 7.66110 7.65942 7.66037 7.66070 7.65765 7.65551 7.65433 7.64601 7.64957 7.65952 7.66110 7.66454 7.66588 7.66685 7.66661 7.66467 7.65408 7.64940 7.64142 7.64755 7.65841 7.66163 7.66547 7.66819 7.66830 7.66702 7.66649 7.65993 7.63120
7.68528 7.68676 7.68548 7.68779 7.68707 7.68502 7.68807 7.68891 7.68720 7.68188 7.67252 7.67578 7.68394 7.68351 7.68289 7.68360 7.68425 7.68319 7.68023 7.67989 7.68210 7.68229 7.68139 7.67992 7.67744 7.67243 7.66197 7.65216 7.64502 7.63734 7.63300 7.64249 7.65638 7.66347 7.66623 7.66599 7.66288 7.65858 7.65656 7.65726 7.65667 7.65573 7.65786 7.65679 7.64237 7.64376 7.65146 7.65286 7.65685 7.66195 7.66428 7.66547 7.66187 7.65711 7.65743 7.64682 7.64751 7.65376 7.66118 7.66438 7.66842 7.66952 7.66726 7.66501 7.66099 7.64111
7.68294 7.68456 7.68358 7.68568 7.68490 7.68380 7.68727 7.68687 7.68506 7.68126 7.67265 7.67397 7.67978 7.68037 7.68268 7.68369 7.68398 7.68282 7.67993 7.67921 7.67983 7.67933 7.67849 7.67697 7.67377 7.66536 7.65280 7.64700 7.64483 7.64296 7.64393 7.65085 7.65926 7.66276 7.66398 7.66333 7.65920 7.65386 7.65149 7.65213 7.65315 7.65657 7.66104 7.65730 7.63926 7.63239 7.63297 7.63563 7.63947 7.65037 7.65804 7.66009 7.65464 7.64869 7.64391 7.63438 7.64397 7.65838 7.66264 7.66489 7.66775 7.66842 7.66445 7.66117 7.65635 7.61580
7.67874 7.68110 7.68287 7.68411 7.68262 7.68372 7.68582 7.68590 7.68475 7.68129 7.67547 7.67360 7.67768 7.68053 7.68229 7.68248 7.68161 7.67941 7.67478 7.67236 7.67357 7.67429 7.67407 7.67258 7.66943 7.66156 7.64727 7.63994 7.64417 7.64840 7.65153 7.65550 7.65820 7.65988 7.66116 7.65965 7.65427 7.64862 7.64679 7.64909 7.65394 7.65945 7.66111 7.65592 7.63746 7.62235 7.62411 7.62730 7.62632 7.63395 7.64429 7.64633 7.64100 7.63736 7.62813 7.63760 7.65511 7.66146 7.66198 7.66334 7.66588 7.66458 7.66246 7.65481 7.63907 7.56195
7.67705 7.67833 7.67985 7.67896 7.67893 7.68215 7.68259 7.68081 7.67863 7.67666 7.67295 7.67132 7.67577 7.67962 7.68006 7.67964 7.67826 7.67529 7.66955 7.66278 7.66052 7.66198 7.66667 7.66666 7.66273 7.65423 7.64165 7.63108 7.63807 7.64778 7.65386 7.65726 7.65911 7.66046 7.66043 7.65663 7.65035 7.64513 7.64348 7.64848 7.65692 7.65967 7.65911 7.64751 7.63941 7.64160 7.64376 7.64065 7.62977 7.62267 7.62324 7.63101 7.63747 7.62717 7.63335 7.65107 7.65655 7.65868 7.65979 7.66215 7.66418 7.66294 7.66142 7.65757 7.63298 7.56547
7.66843 7.66802 7.66860 7.66889 7.67507 7.67985 7.67943 7.67437 7.66914 7.66798 7.66707 7.66644 7.67114 7.67657 7.67697 7.67586 7.67387 7.66976 7.66557 7.65947 7.65148 7.64535 7.65048 7.65657 7.64812 7.63678 7.62452 7.62097 7.63201 7.64125 7.64802 7.65373 7.65889 7.65912 7.65455 7.64998 7.64950 7.64662 7.64201 7.64720 7.65738 7.66033 7.66207 7.65350 7.64144 7.64798 7.65189 7.64638 7.63734 7.62829 7.62292 7.62736 7.63451 7.63771 7.64976 7.65402 7.65507 7.65631 7.65719 7.65927 7.65996 7.66120 7.66126 7.65574 7.62951 7.54497
7.66352 7.66047 7.65649 7.65900 7.66913 7.67577 7.67471 7.66939 7.66866 7.66763 7.66423 7.66227 7.66585 7.67187 7.67176 7.66920 7.66782 7.66461 7.65886 7.65641 7.65255 7.64379 7.63342 7.63780 7.62753 7.62035 7.61326 7.61871 7.62780 7.63382 7.63890 7.64514 7.65298 7.65051 7.64019 7.63932 7.65012 7.65199 7.64129 7.64314 7.65575 7.65941 7.66079 7.65661 7.65328 7.65479 7.65620 7.65239 7.64792 7.64174 7.63090 7.63299 7.64356 7.64925 7.65354 7.65410 7.65633 7.65784 7.65834 7.65679 7.65670 7.65673 7.65754 7.65450 7.64187 7.60417
7.65830 7.65591 7.65271 7.65400 7.65804 7.66978 7.67229 7.66903 7.66973 7.66897 7.66617 7.66169 7.66183 7.66628 7.66236 7.65793 7.65703 7.65723 7.65344 7.65216 7.65348 7.64930 7.63480 7.62526 7.62342 7.62586 7.62492 7.62391 7.62530 7.62885 7.63510 7.64054 7.64844 7.64105 7.63341 7.63882 7.64602 7.65269 7.64218 7.63821 7.65179 7.65435 7.65325 7.64992 7.65418 7.66069 7.66444 7.66277 7.65275 7.64105 7.63102 7.63265 7.64669 7.65000 7.64516 7.64723 7.65469 7.65803 7.65877 7.65803 7.65739 7.65406 7.65175 7.64982 7.64318 7.61686
7.65536 7.65300 7.65793 7.65902 7.65231 7.66038 7.66922 7.67024 7.66980 7.66897 7.66802 7.66320 7.65781 7.65637 7.65017 7.65046 7.65006 7.65049 7.65162 7.64983 7.65015 7.64728 7.64110 7.63325 7.63595 7.63724 7.63028 7.62335 7.62255 7.62667 7.63130 7.63364 7.64477 7.63564 7.63596 7.64447 7.64389 7.65238 7.64583 7.64091 7.64764 7.64973 7.64292 7.64346 7.65572 7.65930 7.66258 7.66162 7.64881 7.64146 7.62857 7.62840 7.64365 7.65166 7.63444 7.63940 7.65138 7.65556 7.65841 7.65750 7.65600 7.65510 7.64959 7.64472 7.63902 7.61729
7.65925 7.66080 7.66285 7.66124 7.65901 7.65934 7.66519 7.66913 7.66880 7.66660 7.66498 7.66144 7.65507 7.64891 7.64643 7.65089 7.65084 7.64795 7.64897 7.64690 7.64758 7.64665 7.64706 7.64651 7.64658 7.64263 7.62961 7.62072 7.62198 7.62403 7.62112 7.62135 7.63792 7.63566 7.64068 7.64384 7.64548 7.65346 7.64774 7.64671 7.65015 7.65271 7.64230 7.63650 7.65118 7.65854 7.65915 7.65844 7.64839 7.63243 7.63033 7.63741 7.64891 7.65018 7.63398 7.64080 7.64996 7.65391 7.65654 7.65631 7.65414 7.65267 7.64911 7.64294 7.63707 7.62713
7.66056 7.66475 7.66249 7.66329 7.66212 7.66070 7.66275 7.66586 7.66557 7.66482 7.66409 7.66138 7.65630 7.65128 7.65130 7.65392 7.65351 7.64936 7.64843 7.64984 7.65075 7.65327 7.65452 7.65407 7.65169 7.64443 7.62839 7.61586 7.61776 7.62162 7.61506 7.60946 7.63021 7.63643 7.64235 7.64065 7.64453 7.64785 7.63978 7.64056 7.64479 7.65007 7.63605 7.62793 7.64584 7.65602 7.65502 7.64916 7.64347 7.63960 7.64281 7.64740 7.65273 7.65153 7.63816 7.63915 7.64861 7.64908 7.64899 7.64874 7.64880 7.64933 7.64879 7.64510 7.63918 7.63114
7.66261 7.66311 7.66624 7.66673 7.66335 7.66217 7.66313 7.66696 7.66736 7.66583 7.66632 7.66434 7.65999 7.65667 7.65682 7.65672 7.65556 7.65304 7.65170 7.65449 7.65537 7.65777 7.65954 7.65800 7.65395 7.64333 7.62494 7.61234 7.61587 7.62543 7.62035 7.60375 7.62201 7.62963 7.63610 7.63188 7.63460 7.63876 7.63404 7.63792 7.63865 7.64259 7.62668 7.62694 7.64016 7.64819 7.64850 7.63963 7.62954 7.62808 7.63558 7.64208 7.64719 7.64651 7.63122 7.62647 7.63551 7.63684 7.63712 7.63651 7.64391 7.64764 7.64821 7.64789 7.64416 7.63736
7.66923 7.66803 7.66832 7.66602 7.66611 7.66492 7.66677 7.66658 7.66431 7.66270 7.66353 7.66403 7.66118 7.65907 7.65833 7.65780 7.65705 7.65597 7.65500 7.65635 7.65894 7.66101 7.66178 7.66000 7.65481 7.64217 7.62293 7.61027 7.61566 7.63093 7.62551 7.60372 7.61358 7.62542 7.63576 7.63557 7.63204 7.64298 7.64244 7.63991 7.64288 7.64707 7.63734 7.63074 7.63159 7.63362 7.63396 7.63629 7.62814 7.62238 7.62660 7.63548 7.64129 7.63429 7.61374 7.61698 7.62737 7.62567 7.62239 7.62799 7.63837 7.64550 7.64726 7.64824 7.64753 7.64610
7.66495 7.66478 7.66575 7.66658 7.66434 7.66458 7.66645 7.66577 7.66369 7.66257 7.66139 7.66209 7.66004 7.65885 7.65881 7.65937 7.65963 7.65974 7.65936 7.65910 7.66058 7.66220 7.66248 7.66067 7.65545 7.64226 7.62119 7.60671 7.61192 7.63034 7.63412 7.61177 7.61403 7.63352 7.64270 7.64129 7.63679 7.64746 7.65184 7.64487 7.64366 7.64641 7.64454 7.63659 7.63564 7.62098 7.62692 7.64459 7.64072 7.63042 7.62838 7.63890 7.64510 7.63370 7.62119 7.63127 7.63789 7.63598 7.63015 7.63338 7.63637 7.64521 7.64908 7.65014 7.65094 7.65003
7.66208 7.66433 7.66692 7.66828 7.66360 7.66339 7.66634 7.66512 7.66408 7.66227 7.66041 7.65858 7.65812 7.65908 7.66130 7.66269 7.66300 7.66310 7.66300 7.66207 7.66192 7.66240 7.66228 7.66075 7.65643 7.64460 7.62391 7.60623 7.60429 7.61707 7.62800 7.61820 7.62233 7.64144 7.64547 7.64133 7.63591 7.64820 7.65378 7.64669 7.63988 7.63770 7.63454 7.62850 7.63151 7.62416 7.62638 7.64465 7.64545 7.62891 7.62528 7.64357 7.64962 7.64134 7.63576 7.63719 7.63997 7.63992 7.63944 7.64414 7.64179 7.64741 7.65217 7.65360 7.65362 7.65183
7.66514 7.66869 7.66966 7.66838 7.66461 7.66307 7.66295 7.66089 7.65855 7.65606 7.65513 7.65582 7.65828 7.66176 7.66417 7.66479 7.66451 7.66395 7.66414 7.66370 7.66288 7.66233 7.66180 7.66058 7.65715 7.64768 7.63216 7.61593 7.60584 7.60213 7.59167 7.58543 7.60706 7.62827 7.63569 7.63579 7.64342 7.65341 7.65068 7.64225 7.63732 7.63261 7.62852 7.62806 7.63353 7.64299 7.63229 7.63333 7.63820 7.62139 7.62650 7.64982 7.65173 7.64320 7.64054 7.64321 7.64369 7.63845 7.63670 7.64511 7.64116 7.64525 7.65139 7.65269 7.65313 7.65178
7.66717 7.66981 7.66982 7.66825 7.66585 7.66327 7.66050 7.65743 7.65407 7.65161 7.65210 7.65514 7.65908 7.66311 7.66469 7.66517 7.66506 7.66412 7.66364 7.66379 7.66323 7.66206 7.66100 7.66006 7.65767 7.65037 7.64014 7.62989 7.61999 7.60848 7.59625 7.60603 7.62194 7.62946 7.63843 7.64556 7.64911 7.65222 7.64940 7.63855 7.62842 7.62783 7.63473 7.63882 7.63903 7.64860 7.64559 7.63598 7.63270 7.62295 7.63479 7.65177 7.65034 7.63807 7.63322 7.63686 7.64053 7.63622 7.63340 7.64417 7.63711 7.64176 7.65065 7.65064 7.64930 7.64989
7.66853 7.66992 7.66958 7.66831 7.66625 7.66284 7.65888 7.65514 7.65231 7.65123 7.65236 7.65498 7.65795 7.66168 7.66401 7.66456 7.66456 7.66389 7.66304 7.66263 7.66230 7.66115 7.65975 7.65917 7.65765 7.65207 7.64572 7.64115 7.63493 7.62894 7.63158 7.64132 7.64434 7.63891 7.63324 7.63301 7.63535 7.64065 7.64087 7.63161 7.62480 7.62968 7.63885 7.64020 7.64225 7.64965 7.65114 7.64599 7.63979 7.63360 7.64391 7.65205 7.64793 7.63128 7.62464 7.63491 7.63819 7.64072 7.63465 7.63561 7.63547 7.64178 7.64933 7.64975 7.64690 7.64723
