mrvbf_slope0.8_pctl0.8.asc
NCOLS 410
NROWS 410
XLLCORNER 2398750.0000000000000000
YLLCORNER 2548750.0000000000000000
CELLSIZE 250.0000000000000000
NODATA_VALUE -99999.00000
[rows 290 to 318 of 410, columns 132 to 197 of 410]
5.11546 4.92880 4.93893 4.88815 4.98103 5.04200 5.01218 5.15113 5.18073 5.12710 4.99895 4.94358 5.06623 5.33765 5.50134 5.46685 5.41394 5.38127 5.44128 5.39871 5.26890 5.20302 5.14891 5.17112 5.12395 5.04986 5.04810 5.08041 4.95883 4.81185 4.76517 4.76747 4.75909 4.74024 4.74805 4.82097 4.81755 4.74842 4.74373 4.74315 4.69762 4.64386 4.58838 4.53452 4.46302 4.20616 3.69434 4.16496 4.35735 4.37056 4.36521 4.45049 4.55855 4.52533 4.52365 4.58479 4.61367 4.55764 4.49790 4.51927 4.51146 4.44576 4.44141 4.42392 4.41657 4.39762
5.17753 5.13778 4.83958 4.77492 4.80481 4.87783 5.05810 5.04208 5.09760 5.10138 4.99058 4.90885 5.02604 5.29321 5.47612 5.53776 5.57127 5.52431 5.51732 5.45186 5.33713 5.23067 5.14344 5.08136 4.99470 4.87448 4.81414 4.81499 4.77545 4.73788 4.74642 4.76114 4.75194 4.72104 4.69177 4.72314 4.78173 4.72415 4.70412 4.71868 4.68456 4.61128 4.54401 4.49783 4.45917 4.37202 4.28106 4.31084 4.41178 4.44554 4.44986 4.48709 4.57611 4.56195 4.50747 4.55595 4.62997 4.56350 4.50312 4.52030 4.48692 4.41778 4.40598 4.34873 4.32870 4.30151
5.05056 4.98779 4.80787 4.79709 4.74505 4.80362 4.98601 5.03063 5.02178 5.01243 4.99043 4.83407 4.96812 5.23534 5.40133 5.53335 5.58715 5.55308 5.50134 5.41510 5.30516 5.19598 5.11771 5.03066 4.90751 4.83695 4.80798 4.77195 4.76440 4.77227 4.78910 4.80088 4.78599 4.73789 4.67289 4.65552 4.68919 4.68564 4.68928 4.69379 4.64198 4.57306 4.52557 4.52513 4.55477 4.55370 4.49645 4.43934 4.46642 4.50515 4.52859 4.52877 4.58493 4.58223 4.51978 4.55269 4.61848 4.57602 4.52495 4.51532 4.45779 4.36902 4.31324 4.25522 4.24358 4.22840
5.09129 5.12170 4.89300 4.87454 4.79891 4.87862 4.92731 5.00278 4.96273 4.98738 4.88857 4.87466 4.90654 5.08976 5.25595 5.43311 5.50556 5.51771 5.45764 5.32015 5.16752 5.05651 5.01750 5.01658 4.89750 4.80190 4.81299 4.85508 4.85904 4.85629 4.84501 4.84163 4.82346 4.76376 4.68377 4.63366 4.62676 4.63178 4.65596 4.69049 4.62742 4.54804 4.51052 4.55800 4.60753 4.61197 4.60208 4.59138 4.59072 4.59191 4.59865 4.57718 4.59102 4.56231 4.53424 4.59144 4.59914 4.56847 4.55396 4.52704 4.44169 4.34948 4.31388 4.27963 4.28034 4.33329
5.25745 5.39639 5.10412 4.99133 4.91788 4.99389 5.03927 4.98330 5.02557 5.06035 4.93035 4.99095 4.94733 5.04382 5.11914 5.24554 5.39608 5.45600 5.38781 5.20772 5.02850 4.91344 4.85855 4.85073 4.83067 4.78957 4.80745 4.88435 4.93795 4.91728 4.85685 4.82174 4.80616 4.76828 4.70553 4.65033 4.62219 4.60640 4.60359 4.63682 4.61163 4.54181 4.51553 4.57118 4.62211 4.64266 4.70614 4.74383 4.73619 4.70438 4.64817 4.60488 4.59248 4.56368 4.54533 4.59071 4.57215 4.55789 4.55672 4.50991 4.42615 4.38382 4.38696 4.32822 4.27106 4.35645
5.47348 5.44870 5.21814 5.11434 5.00210 5.00544 5.02283 5.00685 5.06252 5.13226 4.98680 4.96044 5.08461 5.11086 5.06799 5.12517 5.26503 5.25469 5.17458 5.03536 4.90939 4.84363 4.81145 4.78531 4.76749 4.76441 4.80038 4.87653 4.95876 4.95208 4.85532 4.77906 4.75203 4.75038 4.73852 4.69848 4.66260 4.63505 4.60287 4.59496 4.58913 4.54541 4.53147 4.57824 4.62436 4.61525 4.66909 4.75912 4.77187 4.70083 4.61607 4.56065 4.53344 4.52914 4.52113 4.56281 4.54971 4.52724 4.49715 4.44065 4.39309 4.39847 4.43369 4.40604 4.31792 4.34255
5.55523 5.26674 5.08054 4.96709 4.89920 4.83588 4.83807 4.93557 5.04863 5.00279 4.88324 4.84533 4.91672 4.94247 4.99211 5.08735 5.15519 5.12864 5.02639 4.89295 4.81990 4.81822 4.85318 4.82416 4.78085 4.75837 4.77238 4.82057 4.88125 4.93296 4.86791 4.75911 4.71442 4.72550 4.76290 4.76461 4.73147 4.70755 4.65313 4.61534 4.60931 4.58159 4.55229 4.55984 4.59981 4.58927 4.58732 4.63133 4.64861 4.58965 4.53299 4.49818 4.46533 4.45300 4.46842 4.50782 4.49942 4.46100 4.42010 4.40116 4.39164 4.40359 4.42798 4.42451 4.40309 4.40100
5.38875 5.13070 5.02325 4.84099 4.72860 4.65498 4.66363 4.77927 4.90054 4.77243 4.71226 4.70484 4.74413 4.82443 4.90732 5.06614 5.14487 5.12542 4.97688 4.81854 4.76483 4.79427 4.87437 4.88565 4.81774 4.76975 4.76284 4.77490 4.79037 4.83783 4.82686 4.73233 4.68975 4.70928 4.74930 4.76790 4.75516 4.73113 4.70108 4.66867 4.66071 4.63960 4.58037 4.52647 4.52096 4.56670 4.56001 4.54769 4.55057 4.51707 4.50659 4.51531 4.49228 4.48126 4.50133 4.52132 4.51245 4.48173 4.46114 4.45969 4.45283 4.45793 4.47992 4.47133 4.45279 4.44324
5.24719 5.11184 4.96922 4.79529 4.65633 4.61148 4.59730 4.65733 4.72612 4.61163 4.61862 4.64777 4.68876 4.77464 4.81389 4.89954 5.04037 5.03584 4.89335 4.75661 4.72078 4.77772 4.88100 4.89469 4.81489 4.77543 4.78681 4.77444 4.74892 4.73860 4.70377 4.65998 4.65376 4.68832 4.72810 4.74148 4.74315 4.72788 4.70469 4.67045 4.65469 4.65429 4.62552 4.56096 4.48427 4.49061 4.55167 4.53212 4.51983 4.52837 4.55153 4.58010 4.56825 4.56571 4.57640 4.57823 4.56761 4.54770 4.53561 4.53082 4.51228 4.47834 4.45434 4.43262 4.40035 4.39353
5.19058 5.08345 4.86323 4.76362 4.70499 4.70533 4.61995 4.61867 4.63556 4.60108 4.65154 4.67463 4.69815 4.75107 4.75558 4.73525 4.76965 4.75399 4.70377 4.66218 4.67583 4.77693 4.92753 4.93208 4.80547 4.73650 4.76812 4.76994 4.75575 4.70708 4.64737 4.62433 4.63530 4.65168 4.65030 4.65164 4.67835 4.67359 4.63204 4.60452 4.58084 4.56755 4.58755 4.57181 4.49768 4.44036 4.47725 4.52690 4.54616 4.57256 4.58927 4.60635 4.60081 4.60677 4.59942 4.59438 4.59098 4.56549 4.54755 4.54735 4.52728 4.49328 4.43750 4.31164 4.18520 4.18672
5.17091 5.05550 4.82789 4.77910 4.82183 4.76318 4.64560 4.68833 4.69538 4.64996 4.78277 4.77421 4.76342 4.83530 4.83035 4.73703 4.68649 4.64930 4.63355 4.63568 4.67067 4.75286 4.87879 4.97655 4.89631 4.76043 4.71121 4.71336 4.71143 4.67427 4.64397 4.64516 4.65247 4.63569 4.59703 4.57772 4.61361 4.61647 4.56941 4.56342 4.52634 4.42945 4.38166 4.38017 4.35613 4.38831 4.42554 4.49159 4.54924 4.58002 4.58040 4.58826 4.59609 4.60399 4.58698 4.57170 4.57482 4.55542 4.51989 4.49717 4.46784 4.45923 4.36814 4.06404 3.87977 4.00729
5.17140 4.98726 4.78627 4.76304 4.86908 4.78296 4.68050 4.76087 4.80394 4.71973 4.83825 4.84251 4.84579 4.99556 5.01754 4.89795 4.75450 4.69165 4.70890 4.72796 4.70987 4.69746 4.76229 4.88258 4.91282 4.83638 4.74000 4.70458 4.67249 4.62859 4.62422 4.64886 4.64615 4.61387 4.57108 4.53806 4.55592 4.56435 4.53263 4.55200 4.49257 4.33869 4.16386 4.05027 4.05576 4.27604 4.39728 4.47368 4.53484 4.55797 4.53491 4.53451 4.55527 4.54976 4.50723 4.47308 4.49511 4.51453 4.45121 4.36354 4.28170 4.19519 3.97330 3.71762 3.79506 4.05981
5.06625 5.00493 4.75703 4.72193 4.81769 4.82862 4.67784 4.70490 4.86819 4.80562 4.91891 4.92772 4.93514 5.10961 5.17930 5.03817 4.82824 4.77804 4.72517 4.69506 4.68302 4.65490 4.65512 4.70458 4.73760 4.74067 4.69840 4.64697 4.60420 4.57842 4.60814 4.65659 4.64066 4.57458 4.52942 4.53533 4.48962 4.49044 4.52455 4.51075 4.42827 4.30050 4.26398 4.20488 4.21426 4.32173 4.44269 4.51563 4.51514 4.52282 4.48356 4.43189 4.42527 4.39371 4.32227 4.29391 4.30996 4.36812 4.28713 4.18575 4.16757 3.99198 3.75860 3.75144 3.98700 4.22516
5.01684 5.00554 4.72642 4.65387 4.74014 4.83717 4.70532 4.70422 4.87394 4.82509 5.00164 4.97515 4.98131 5.15179 5.23482 5.16458 4.96254 4.81821 4.78574 4.68875 4.64924 4.66548 4.63016 4.61021 4.60650 4.60805 4.59512 4.56080 4.52086 4.50730 4.54991 4.62158 4.65223 4.58051 4.52266 4.53513 4.45838 4.44000 4.51101 4.48662 4.39691 4.23434 4.28482 4.40757 4.42630 4.41479 4.45248 4.48767 4.48965 4.44545 4.41895 4.36358 4.25703 4.15517 4.12895 4.16225 4.11137 4.10755 4.08724 4.21114 4.27040 4.14286 3.98591 4.05009 4.23321 4.35301
5.04726 5.03279 4.70778 4.61238 4.70279 4.79966 4.71310 4.71086 4.81626 4.81713 4.96419 4.91987 4.96939 5.17844 5.24790 5.20107 5.06447 4.88011 4.75235 4.66798 4.65889 4.71035 4.69993 4.63247 4.58957 4.56578 4.55238 4.52766 4.48621 4.46154 4.46357 4.52993 4.59740 4.53700 4.46880 4.47544 4.39258 4.38047 4.42492 4.34768 4.20332 4.11621 4.31522 4.46799 4.46788 4.46000 4.39463 4.28747 4.28176 4.32378 4.40175 4.39329 4.26996 4.16087 4.18690 4.23453 4.17763 4.06236 4.06369 4.31911 4.35241 4.15129 4.05177 4.21881 4.38151 4.43670
5.06204 4.93981 4.66585 4.61107 4.71946 4.77955 4.74402 4.75728 4.82672 4.86590 4.94311 4.92392 4.98897 5.18099 5.23017 5.18957 5.01948 4.80287 4.70045 4.68251 4.72353 4.73310 4.72306 4.68618 4.65229 4.60423 4.57010 4.54111 4.50620 4.50425 4.48424 4.49281 4.56372 4.48987 4.43169 4.45751 4.44165 4.43021 4.40527 4.27118 4.11652 4.17787 4.36650 4.45958 4.46058 4.46337 4.36699 4.25519 4.23281 4.35280 4.46634 4.45540 4.36529 4.33384 4.36641 4.39058 4.37333 4.28293 4.19409 4.27082 4.37693 4.15586 3.99518 4.26124 4.44639 4.47268
4.96214 4.81489 4.67681 4.68144 4.74042 4.81160 4.85625 4.84565 4.86314 5.01301 5.02490 4.94567 4.95988 5.12907 5.22436 5.16721 4.97735 4.77940 4.68469 4.70251 4.77900 4.77266 4.70605 4.66666 4.64594 4.62312 4.60208 4.57937 4.56417 4.56412 4.48402 4.50554 4.55309 4.48179 4.45606 4.50947 4.53994 4.53481 4.50332 4.42889 4.35729 4.39033 4.46999 4.49925 4.49952 4.51676 4.44138 4.41428 4.39758 4.41843 4.49760 4.48794 4.37622 4.37891 4.44671 4.44029 4.43572 4.36988 4.26346 4.19267 4.31143 4.14986 4.04934 4.29421 4.46528 4.48457
4.85828 4.78153 4.71871 4.78283 4.85869 4.97085 5.02040 4.92283 4.84717 4.93837 4.93789 4.86715 4.82659 4.92630 5.04864 5.03581 4.98242 4.83564 4.67745 4.66303 4.74841 4.79572 4.74801 4.66509 4.60818 4.58511 4.59684 4.60459 4.60609 4.58678 4.52043 4.56616 4.56639 4.48308 4.46507 4.52699 4.56042 4.54993 4.51705 4.46206 4.39996 4.45982 4.53063 4.50912 4.52025 4.55814 4.49030 4.41808 4.40032 4.45993 4.53014 4.49616 4.35451 4.35849 4.45171 4.40803 4.32898 4.25981 4.27867 4.13240 4.23855 4.22968 4.20637 4.32768 4.45214 4.48980
4.77719 4.73883 4.71850 4.78834 4.87826 5.00770 5.03163 4.97041 4.82394 4.78217 4.82407 4.81237 4.75603 4.75770 4.81743 4.85675 4.87976 4.81604 4.66463 4.64571 4.73723 4.77106 4.76880 4.70109 4.61017 4.54123 4.54924 4.59199 4.60993 4.58247 4.51144 4.54047 4.55782 4.50658 4.47926 4.47683 4.48075 4.47519 4.42720 4.32801 4.17461 4.31724 4.47353 4.50729 4.57391 4.62038 4.57532 4.48181 4.46784 4.50449 4.47069 4.38137 4.30426 4.39583 4.45938 4.36441 4.21166 4.13751 4.22193 4.22186 4.30227 4.32725 4.24581 4.30148 4.38219 4.44093
4.75792 4.71455 4.68317 4.69301 4.71290 4.79468 4.95226 4.96327 4.87257 4.72565 4.71327 4.80368 4.77659 4.71990 4.72050 4.73054 4.72638 4.72271 4.66509 4.64114 4.71413 4.75084 4.72136 4.64384 4.56511 4.50308 4.53695 4.59577 4.61626 4.59913 4.50728 4.46121 4.50953 4.53615 4.53937 4.51135 4.51665 4.51026 4.45517 4.35590 4.15870 4.19560 4.47854 4.54968 4.59606 4.59610 4.55191 4.51404 4.47086 4.37270 4.26158 4.23468 4.34083 4.42074 4.40264 4.30128 4.22906 4.24440 4.15639 4.08951 4.23609 4.21666 4.08903 4.16620 4.21659 4.21767
4.80903 4.71382 4.65374 4.65078 4.65104 4.67009 4.79722 4.91410 4.79019 4.70422 4.69347 4.78653 4.81451 4.76869 4.73752 4.71581 4.68381 4.65547 4.64994 4.64888 4.71218 4.71861 4.64399 4.56876 4.51240 4.51136 4.56889 4.60847 4.62982 4.64197 4.57777 4.46682 4.41580 4.47199 4.50800 4.53326 4.57661 4.55538 4.44075 4.27482 4.10088 4.23378 4.47766 4.51551 4.51086 4.47882 4.42701 4.41476 4.34724 4.21107 4.19947 4.22884 4.28586 4.33140 4.31515 4.22974 4.27673 4.37391 4.31110 4.04778 3.93429 3.91560 3.92897 4.08364 4.13408 4.07072
4.87708 4.71854 4.65460 4.67782 4.67736 4.63603 4.71017 4.78955 4.71316 4.72363 4.71002 4.76168 4.83977 4.84726 4.82036 4.78113 4.74712 4.69145 4.66903 4.69316 4.70716 4.65242 4.58135 4.52599 4.51580 4.55615 4.60631 4.61749 4.63642 4.66239 4.62233 4.53564 4.47018 4.41087 4.37690 4.38772 4.47539 4.46325 4.30024 4.16307 4.19557 4.40531 4.53311 4.55038 4.50744 4.46964 4.47125 4.46101 4.40872 4.36022 4.37978 4.35476 4.27446 4.23193 4.27610 4.24122 4.32828 4.41642 4.40795 4.33363 4.10383 4.00409 4.08284 4.15405 4.18035 4.10895
4.90766 4.73655 4.68314 4.72486 4.72803 4.67955 4.70881 4.70685 4.70135 4.76757 4.72381 4.76079 4.83804 4.87459 4.90901 4.87942 4.83681 4.79227 4.75039 4.71110 4.65539 4.60205 4.56072 4.52882 4.53542 4.57226 4.60238 4.61068 4.61731 4.63677 4.61441 4.59299 4.56916 4.50508 4.42014 4.26803 4.30222 4.40568 4.29310 4.34390 4.45819 4.53727 4.56499 4.55738 4.54703 4.52955 4.48775 4.47269 4.40137 4.35464 4.37966 4.39005 4.37639 4.36074 4.36507 4.36849 4.42491 4.45401 4.46637 4.48255 4.42327 4.30464 4.24564 4.22763 4.23376 4.19043
4.93341 4.76698 4.71942 4.77453 4.80415 4.78731 4.80722 4.73657 4.74295 4.72742 4.73117 4.76149 4.78003 4.80508 4.88602 4.91737 4.87458 4.82870 4.77113 4.67256 4.61046 4.59125 4.57727 4.53554 4.52531 4.54639 4.56417 4.60441 4.60794 4.60082 4.60421 4.59984 4.60501 4.52767 4.44300 4.38180 4.23594 4.32847 4.33438 4.42367 4.51766 4.56527 4.58119 4.56719 4.55932 4.56463 4.54625 4.50715 4.38185 4.26050 4.30338 4.38837 4.43607 4.45651 4.43187 4.45240 4.46824 4.48157 4.49840 4.52028 4.47855 4.37137 4.27048 4.24681 4.27948 4.28982
4.95582 4.79605 4.73271 4.81029 4.87630 4.87220 4.89080 4.80311 4.83666 4.80047 4.72931 4.77672 4.75665 4.72852 4.78099 4.86249 4.87495 4.81462 4.71867 4.62624 4.58056 4.58488 4.58671 4.52972 4.48633 4.51649 4.54168 4.57056 4.61404 4.60495 4.59258 4.59372 4.59135 4.51764 4.46087 4.51154 4.42111 4.38845 4.43728 4.46743 4.49472 4.49809 4.52507 4.51623 4.50269 4.50305 4.50881 4.41517 4.25961 4.22273 4.32158 4.39207 4.42264 4.45052 4.44140 4.44158 4.44743 4.46424 4.45336 4.49854 4.48709 4.36116 4.21769 4.22775 4.31680 4.38325
4.84866 4.79287 4.71061 4.76896 4.84776 4.85497 4.95540 4.86206 4.85308 4.86453 4.81926 4.84506 4.78230 4.69897 4.70247 4.76289 4.78482 4.73154 4.65383 4.57441 4.54185 4.56564 4.58411 4.54080 4.45115 4.50484 4.55600 4.56509 4.59954 4.60230 4.56706 4.56548 4.58160 4.54703 4.50875 4.52745 4.53661 4.53426 4.53643 4.47294 4.46476 4.47969 4.51556 4.51969 4.50804 4.46940 4.45618 4.33776 4.32264 4.36393 4.33432 4.36614 4.42989 4.43776 4.44956 4.45553 4.46937 4.47533 4.45394 4.46966 4.43509 4.29825 4.17748 4.21498 4.35709 4.43745
4.73287 4.72850 4.66992 4.73651 4.80812 4.79170 4.88963 4.87544 4.87852 4.88084 4.86156 4.87000 4.78727 4.69466 4.65647 4.67745 4.66220 4.62610 4.57889 4.51405 4.51507 4.56906 4.57962 4.58012 4.51055 4.50459 4.57139 4.59518 4.60946 4.59214 4.55840 4.56470 4.59578 4.59645 4.55331 4.53322 4.54404 4.55802 4.55515 4.47512 4.40570 4.44130 4.46806 4.45814 4.40718 4.35860 4.30474 4.19026 4.30923 4.38625 4.31032 4.33729 4.44217 4.47332 4.47683 4.47297 4.47197 4.46012 4.45400 4.43404 4.34032 4.22944 4.18985 4.26085 4.38998 4.44793
4.64818 4.66274 4.65698 4.74235 4.80968 4.76075 4.80556 4.81757 4.82429 4.80846 4.80175 4.79296 4.73697 4.68730 4.62167 4.60402 4.57804 4.54587 4.49817 4.47362 4.52900 4.59216 4.59634 4.60910 4.57654 4.55533 4.59154 4.61766 4.61104 4.57500 4.54392 4.56284 4.60332 4.60806 4.59234 4.56599 4.57336 4.57912 4.56749 4.52069 4.46366 4.42747 4.47528 4.46682 4.41672 4.37747 4.07058 3.93008 4.25951 4.32287 4.29433 4.38047 4.47281 4.51568 4.51326 4.49701 4.47258 4.44167 4.42788 4.36203 4.27927 4.21281 4.20102 4.28061 4.37516 4.40709
4.60431 4.63361 4.68653 4.75066 4.78212 4.73038 4.75923 4.75998 4.73212 4.70623 4.68189 4.68871 4.69209 4.68077 4.61520 4.57149 4.54847 4.52740 4.50204 4.51998 4.57864 4.60912 4.60828 4.62796 4.60151 4.56993 4.57632 4.57303 4.55640 4.53368 4.52564 4.56143 4.57052 4.56012 4.54379 4.49551 4.49748 4.48407 4.42512 4.34174 4.33496 4.35637 4.48203 4.45693 4.30358 4.12415 3.94400 4.09747 4.32133 4.33659 4.36053 4.43409 4.49874 4.52677 4.51691 4.49977 4.46663 4.42225 4.38877 4.32755 4.25852 4.19991 4.21128 4.29400 4.37299 4.40606
