mrvbf_slope1.1_pctl1.5.asc
NCOLS 410
NROWS 410
XLLCORNER 2398750.0000000000000000
YLLCORNER 2548750.0000000000000000
CELLSIZE 250.0000000000000000
NODATA_VALUE -99999.00000
[rows 348 to 376 of 410, columns 198 to 263 of 410]
3.94080 3.92000 3.92062 3.94649 3.95055 3.93776 3.90314 3.85705 3.80890 3.82126 3.89036 3.92693 3.92948 3.91595 3.88875 3.86442 3.85681 3.87212 3.87607 3.86385 3.85483 3.85501 3.84438 3.80012 3.76709 3.72532 3.67295 3.62773 3.61036 3.62157 3.64379 3.69266 3.65561 3.55618 3.45233 3.36822 3.33716 3.35713 3.41391 3.47274 3.50916 3.49190 3.47221 3.44151 3.47871 3.54722 3.54167 3.59070 3.65077 3.62107 3.58391 3.60318 3.64066 3.66662 3.75402 3.82995 3.83992 3.81333 3.81610 3.81694 3.78599 3.74189 3.73120 3.80441 3.88862 3.86244
3.90169 3.90194 3.92827 3.92140 3.92716 3.89761 3.86328 3.84521 3.83317 3.84495 3.89453 3.93593 3.94525 3.93052 3.89717 3.87724 3.87921 3.89777 3.90712 3.89694 3.87458 3.85153 3.82477 3.78702 3.74908 3.69566 3.64654 3.60474 3.57418 3.54513 3.54644 3.62523 3.59394 3.47638 3.35879 3.31141 3.34143 3.37975 3.42017 3.50513 3.58662 3.54729 3.50382 3.44932 3.41082 3.44730 3.51356 3.59808 3.64855 3.61297 3.53728 3.51523 3.56316 3.64070 3.74710 3.81961 3.81208 3.79558 3.79630 3.75719 3.74751 3.74216 3.75778 3.81840 3.89499 3.89732
3.89638 3.90166 3.90931 3.89473 3.87843 3.85615 3.86062 3.86686 3.87035 3.86862 3.89081 3.93027 3.94384 3.92811 3.89962 3.88991 3.89890 3.91555 3.92429 3.91889 3.90548 3.88037 3.83771 3.79742 3.74980 3.69509 3.64485 3.60697 3.58083 3.53957 3.43360 3.53925 3.54203 3.42687 3.37534 3.43935 3.48670 3.47146 3.38250 3.48670 3.59914 3.54077 3.50249 3.50274 3.45012 3.39684 3.44772 3.57339 3.65806 3.60071 3.52489 3.50378 3.54479 3.62133 3.70733 3.77671 3.77762 3.75456 3.71935 3.71901 3.76728 3.78897 3.80888 3.82392 3.86512 3.87878
3.86891 3.86372 3.87796 3.88803 3.87490 3.87856 3.89810 3.89961 3.89301 3.88710 3.89313 3.91679 3.92063 3.91035 3.88936 3.88364 3.89295 3.90532 3.90460 3.89898 3.90575 3.89602 3.85170 3.80185 3.75770 3.70675 3.65045 3.60614 3.58653 3.57946 3.48663 3.50080 3.54385 3.45047 3.46082 3.56025 3.63449 3.59844 3.42065 3.47536 3.60338 3.53263 3.53852 3.61308 3.59409 3.52749 3.49488 3.57473 3.66843 3.57510 3.54544 3.58243 3.59506 3.63713 3.68997 3.73970 3.74487 3.72730 3.67450 3.69831 3.80536 3.83989 3.83736 3.82197 3.82967 3.82551
3.84658 3.85841 3.88920 3.90439 3.90160 3.90504 3.90507 3.89912 3.89171 3.88639 3.88557 3.89897 3.90135 3.89423 3.87486 3.86953 3.87914 3.88415 3.88142 3.88233 3.88806 3.88968 3.86230 3.81313 3.76052 3.71214 3.65998 3.61263 3.58993 3.58936 3.54579 3.59329 3.61900 3.51592 3.44117 3.47693 3.56140 3.58999 3.49841 3.53319 3.64441 3.56951 3.55355 3.59243 3.55591 3.48836 3.53273 3.66176 3.71478 3.60927 3.57084 3.64170 3.66561 3.68650 3.72452 3.75618 3.75912 3.73947 3.67177 3.68285 3.79180 3.83395 3.84829 3.85430 3.84834 3.83046
3.85105 3.87794 3.88740 3.89259 3.88771 3.89269 3.88610 3.87879 3.87902 3.88266 3.87247 3.88162 3.88728 3.87218 3.85734 3.85731 3.86880 3.87583 3.87807 3.87915 3.88039 3.87181 3.85732 3.83069 3.78116 3.72955 3.68333 3.63787 3.61560 3.62969 3.62792 3.67238 3.68359 3.59181 3.50104 3.45242 3.50643 3.58857 3.58457 3.59596 3.67417 3.63921 3.57480 3.57027 3.55470 3.56647 3.65926 3.70519 3.69240 3.64124 3.63081 3.67270 3.70184 3.72624 3.77346 3.80659 3.80192 3.76622 3.69831 3.69338 3.75859 3.81427 3.85301 3.88229 3.88496 3.87326
3.86290 3.87982 3.88575 3.88680 3.87650 3.87130 3.86787 3.86222 3.85326 3.86233 3.86647 3.86146 3.85258 3.84049 3.83924 3.84988 3.86304 3.87699 3.87904 3.87828 3.87484 3.86224 3.84807 3.82683 3.80299 3.75597 3.71056 3.66524 3.63637 3.65233 3.65241 3.67130 3.70238 3.64675 3.58246 3.54032 3.54044 3.62131 3.65206 3.63458 3.68444 3.71909 3.66209 3.62726 3.62031 3.64634 3.64083 3.59595 3.58497 3.61537 3.68288 3.72013 3.72913 3.76081 3.81207 3.83392 3.82308 3.78887 3.73076 3.71088 3.74013 3.79667 3.85602 3.88483 3.88850 3.88066
3.85673 3.86527 3.87361 3.87766 3.87519 3.86508 3.86210 3.84705 3.83776 3.84511 3.85009 3.84414 3.83522 3.83173 3.83228 3.83374 3.84619 3.85870 3.87285 3.87871 3.86835 3.86581 3.85378 3.82086 3.80584 3.77452 3.72758 3.67681 3.63194 3.62868 3.65253 3.65032 3.68503 3.61982 3.59387 3.59104 3.60040 3.65881 3.69477 3.65603 3.66799 3.70006 3.65636 3.59989 3.57276 3.55805 3.49328 3.45209 3.49167 3.57346 3.66027 3.71080 3.73849 3.78824 3.83107 3.84372 3.82762 3.80359 3.75649 3.72497 3.73694 3.78320 3.84092 3.87215 3.86349 3.84126
3.84054 3.84174 3.84485 3.85007 3.85701 3.85112 3.83644 3.82357 3.82523 3.83649 3.84056 3.83762 3.83163 3.82763 3.81825 3.80190 3.80465 3.81919 3.84984 3.87208 3.87022 3.85649 3.84650 3.82939 3.80482 3.78083 3.74322 3.69264 3.64378 3.62395 3.64130 3.66574 3.70408 3.64363 3.61622 3.65088 3.66102 3.67715 3.70588 3.65743 3.63113 3.61801 3.54012 3.46022 3.39272 3.31273 3.23702 3.30719 3.43843 3.53166 3.60291 3.66357 3.73057 3.79535 3.83082 3.84267 3.82477 3.80607 3.78475 3.74457 3.73931 3.77586 3.83344 3.86442 3.84061 3.81611
3.83065 3.82733 3.82367 3.82531 3.83428 3.83328 3.81834 3.81243 3.82006 3.82859 3.83298 3.83761 3.82340 3.80630 3.77974 3.75295 3.75409 3.78188 3.81652 3.86138 3.87823 3.86428 3.83973 3.81822 3.79721 3.77113 3.74518 3.71017 3.67042 3.64483 3.64238 3.67253 3.70421 3.67473 3.64190 3.65069 3.65354 3.65747 3.67568 3.65354 3.59810 3.52602 3.40226 3.26680 3.07307 2.85429 2.99548 3.28887 3.41667 3.48751 3.55679 3.63192 3.71808 3.78424 3.81976 3.83375 3.82059 3.80668 3.78538 3.74729 3.74168 3.77671 3.83279 3.85740 3.82961 3.80506
3.82088 3.82089 3.82087 3.82063 3.82226 3.82248 3.80431 3.80551 3.81696 3.82330 3.82749 3.82961 3.81335 3.77616 3.74860 3.75340 3.75493 3.75636 3.79178 3.84372 3.87583 3.86577 3.82676 3.79703 3.77364 3.74652 3.71676 3.69215 3.67308 3.66059 3.65138 3.65132 3.65241 3.65511 3.66738 3.67074 3.66632 3.65696 3.65304 3.64003 3.56173 3.44105 3.27463 3.15412 2.99327 2.97317 3.15191 3.33383 3.39704 3.45010 3.52883 3.61640 3.70654 3.76753 3.80115 3.81399 3.80722 3.80365 3.77332 3.74692 3.74986 3.78274 3.81856 3.83600 3.82417 3.79518
3.80773 3.81386 3.81499 3.81391 3.81521 3.80340 3.78594 3.80285 3.81698 3.82180 3.82347 3.82342 3.81681 3.77794 3.74798 3.77285 3.78408 3.76295 3.79076 3.83568 3.86586 3.84199 3.80864 3.78742 3.75716 3.71779 3.67583 3.63750 3.61668 3.60879 3.59175 3.57906 3.58206 3.59349 3.62732 3.66552 3.68497 3.67187 3.63828 3.59152 3.51588 3.40255 3.31009 3.25947 3.22547 3.29584 3.35027 3.36413 3.37848 3.42097 3.50801 3.59933 3.68645 3.74194 3.76760 3.77437 3.77928 3.79029 3.76558 3.75477 3.76480 3.78096 3.79586 3.80930 3.80699 3.78667
3.78916 3.79677 3.80416 3.80734 3.80392 3.78030 3.78101 3.81041 3.81915 3.82639 3.82817 3.82502 3.82411 3.79925 3.75555 3.75315 3.77303 3.77072 3.80120 3.83676 3.85941 3.83737 3.80418 3.77737 3.73947 3.69244 3.64468 3.59742 3.56011 3.53516 3.50986 3.50283 3.52104 3.54479 3.58184 3.63504 3.67525 3.67149 3.62498 3.56244 3.48953 3.41886 3.37971 3.33259 3.30185 3.37027 3.37879 3.39059 3.39480 3.41128 3.48438 3.57245 3.65135 3.68922 3.70084 3.71787 3.74563 3.76602 3.75905 3.76367 3.78338 3.79642 3.80701 3.81165 3.81081 3.79745
3.77816 3.78032 3.78506 3.78756 3.78364 3.77006 3.78431 3.80703 3.81471 3.82620 3.82992 3.83143 3.83254 3.82747 3.79755 3.76436 3.76383 3.78800 3.82586 3.84764 3.85029 3.83381 3.80812 3.76761 3.71927 3.67306 3.63631 3.60459 3.56726 3.52957 3.49489 3.50335 3.52694 3.54640 3.57335 3.61922 3.66117 3.66294 3.61648 3.55028 3.47615 3.43312 3.41823 3.38288 3.36695 3.47064 3.40668 3.42824 3.44410 3.43116 3.47894 3.56681 3.63706 3.64924 3.65552 3.68305 3.71580 3.73684 3.74671 3.76420 3.79273 3.81639 3.82315 3.81986 3.81716 3.80781
3.76737 3.77150 3.77306 3.77089 3.76528 3.76561 3.78419 3.79771 3.80279 3.81289 3.81997 3.82904 3.83660 3.83599 3.82949 3.81479 3.80781 3.82507 3.84314 3.84995 3.84299 3.82977 3.80965 3.76734 3.70940 3.66194 3.64063 3.63392 3.61882 3.59105 3.55419 3.60212 3.61268 3.58053 3.59159 3.63153 3.66917 3.66170 3.60788 3.54105 3.47377 3.44605 3.45408 3.46044 3.47770 3.48877 3.48899 3.49017 3.47993 3.45417 3.49542 3.58326 3.64876 3.64970 3.66103 3.67592 3.69225 3.71047 3.73066 3.75550 3.78457 3.80721 3.81241 3.80501 3.79718 3.79444
3.75043 3.76031 3.76287 3.75761 3.75217 3.75800 3.77351 3.78340 3.78800 3.79433 3.80658 3.82021 3.82886 3.82820 3.82444 3.82078 3.82053 3.83396 3.84314 3.83894 3.83485 3.82985 3.81436 3.77534 3.71392 3.65945 3.63776 3.63883 3.65382 3.64771 3.63576 3.64047 3.65507 3.62302 3.61745 3.65211 3.69280 3.66425 3.59619 3.53674 3.48580 3.45377 3.48280 3.48190 3.49610 3.50375 3.49979 3.49443 3.47145 3.44817 3.51025 3.60096 3.65187 3.65182 3.67211 3.67670 3.67599 3.69023 3.71497 3.74100 3.76593 3.78377 3.78426 3.77280 3.76167 3.75578
3.73224 3.73926 3.73909 3.73127 3.72543 3.72771 3.73514 3.74369 3.75457 3.77137 3.78759 3.80257 3.80859 3.80237 3.79558 3.79583 3.80346 3.81160 3.82925 3.82545 3.82504 3.82890 3.81765 3.78539 3.72838 3.66976 3.63601 3.62567 3.62699 3.63419 3.59934 3.62754 3.66078 3.64904 3.65221 3.68185 3.71679 3.65666 3.58135 3.53738 3.49360 3.46228 3.49380 3.47049 3.45503 3.48363 3.41557 3.37977 3.43791 3.46275 3.53204 3.60246 3.63582 3.64307 3.65308 3.66453 3.65883 3.67149 3.69494 3.71423 3.73176 3.74715 3.75002 3.73939 3.73090 3.72964
3.70449 3.70551 3.69629 3.68398 3.66285 3.63040 3.61799 3.61526 3.63785 3.70759 3.74754 3.76785 3.77681 3.77169 3.77062 3.78010 3.78805 3.79223 3.80600 3.81854 3.81219 3.81922 3.81836 3.79414 3.74850 3.69589 3.65082 3.62161 3.61135 3.63260 3.66949 3.67314 3.67855 3.68289 3.68202 3.70866 3.72856 3.64525 3.56249 3.52027 3.47941 3.46271 3.54193 3.54263 3.49013 3.51693 3.42435 3.38807 3.46358 3.51452 3.55970 3.58200 3.58735 3.58772 3.60741 3.62860 3.62773 3.64192 3.66133 3.67624 3.69202 3.70863 3.71735 3.71083 3.71357 3.73309
3.66429 3.65621 3.63769 3.61012 3.53207 3.39905 3.29842 3.21020 3.27096 3.51462 3.64373 3.70026 3.73505 3.74498 3.74411 3.76664 3.77899 3.78180 3.79122 3.80322 3.81203 3.81881 3.81778 3.80507 3.77160 3.73265 3.69649 3.66093 3.63763 3.65610 3.70263 3.71281 3.71482 3.71864 3.71274 3.73576 3.73277 3.64161 3.55776 3.52361 3.51546 3.54203 3.58984 3.62515 3.55560 3.51480 3.48132 3.53076 3.54908 3.56054 3.56543 3.57688 3.58588 3.59624 3.61629 3.62346 3.61246 3.61075 3.62431 3.64210 3.65909 3.67603 3.68706 3.69103 3.71178 3.74870
3.61040 3.58974 3.55908 3.45909 3.20589 2.94747 2.81228 2.83017 2.75137 3.00995 3.47331 3.61239 3.67857 3.72308 3.72366 3.73995 3.76753 3.77791 3.78459 3.78855 3.80898 3.79715 3.78409 3.79544 3.78298 3.75989 3.74020 3.71687 3.69130 3.68921 3.71220 3.72859 3.74636 3.75432 3.73843 3.74421 3.72736 3.63804 3.55594 3.53874 3.57310 3.60522 3.64487 3.67985 3.63611 3.60128 3.62174 3.65217 3.62053 3.59548 3.60172 3.62569 3.64641 3.66189 3.67327 3.66667 3.65067 3.63493 3.63197 3.63790 3.64920 3.66480 3.67856 3.69289 3.72444 3.76192
3.53480 3.50729 3.40362 3.10012 2.77405 2.84062 3.18619 3.36099 3.25681 3.02807 3.26999 3.50979 3.60369 3.65705 3.68747 3.72217 3.75534 3.76734 3.77413 3.77414 3.78133 3.76745 3.76945 3.76253 3.76366 3.75574 3.74574 3.73602 3.72422 3.71567 3.71860 3.73123 3.75346 3.76162 3.73489 3.72316 3.71310 3.63793 3.56520 3.54290 3.58400 3.64765 3.70179 3.72252 3.71975 3.72351 3.73894 3.73629 3.69230 3.65575 3.66170 3.69109 3.71567 3.71922 3.72733 3.72514 3.71496 3.70470 3.68727 3.66710 3.66498 3.67499 3.69289 3.71207 3.73872 3.75640
3.44651 3.39741 3.17897 2.88344 2.87459 3.17861 3.41081 3.41560 3.36101 3.23319 3.16328 3.32908 3.48843 3.55204 3.60379 3.66144 3.70537 3.73154 3.75116 3.76372 3.76415 3.76997 3.75558 3.76102 3.76134 3.74861 3.74066 3.74158 3.73846 3.72347 3.71603 3.73022 3.75150 3.75425 3.72577 3.70364 3.69624 3.64486 3.57885 3.53090 3.58185 3.63698 3.70152 3.72900 3.76174 3.79109 3.78291 3.77745 3.75708 3.70427 3.69843 3.73406 3.76170 3.76115 3.76102 3.76015 3.76489 3.76162 3.73006 3.70664 3.69654 3.69606 3.71693 3.73987 3.75001 3.73692
3.35776 3.30875 3.11758 2.90973 2.96828 3.19004 3.18299 2.96882 3.04913 3.18695 3.08627 3.06063 3.27558 3.40957 3.50433 3.58503 3.64258 3.68516 3.71884 3.74333 3.75531 3.76696 3.76093 3.75867 3.75832 3.74669 3.74535 3.74929 3.74299 3.71909 3.71415 3.73995 3.76091 3.75697 3.73267 3.69983 3.68355 3.65706 3.60206 3.55832 3.58521 3.64768 3.69232 3.74568 3.76991 3.79741 3.78486 3.78842 3.78731 3.75360 3.70956 3.71531 3.76165 3.78277 3.79631 3.80183 3.81274 3.79844 3.75379 3.73935 3.73967 3.72670 3.74054 3.76323 3.76358 3.72720
3.24798 3.22632 3.08880 2.84477 2.72228 2.69833 2.45715 2.95302 2.61077 3.07097 3.16269 3.06238 3.14436 3.31036 3.44320 3.52939 3.58930 3.63872 3.68229 3.71672 3.73473 3.75113 3.77269 3.75095 3.73536 3.74001 3.75794 3.76255 3.74736 3.72489 3.73553 3.76031 3.76944 3.75655 3.75263 3.71619 3.68819 3.65331 3.60926 3.59558 3.63087 3.67222 3.69643 3.73353 3.77953 3.79602 3.80013 3.78915 3.80046 3.79839 3.75680 3.71065 3.72457 3.75627 3.79673 3.82903 3.84350 3.81566 3.76950 3.76426 3.77276 3.77527 3.76616 3.78205 3.77855 3.73865
3.09808 3.06933 2.89423 2.69192 2.55543 2.54966 2.69452 2.73516 2.83657 2.95895 3.09582 3.21715 3.25801 3.35213 3.43738 3.49419 3.54294 3.59203 3.64577 3.69352 3.70851 3.71854 3.75371 3.74034 3.72661 3.74447 3.76540 3.77096 3.75870 3.74619 3.75218 3.76463 3.76724 3.75028 3.73913 3.72980 3.70574 3.66052 3.61895 3.61382 3.63992 3.65912 3.68619 3.71382 3.76386 3.79411 3.79081 3.80092 3.80773 3.80576 3.77676 3.74190 3.72457 3.73492 3.77812 3.84034 3.86306 3.84302 3.79767 3.76805 3.76859 3.77342 3.80117 3.81161 3.80935 3.77875
2.93407 2.83216 2.67473 2.55139 2.44350 2.32428 2.48244 2.56194 2.37445 2.13403 2.30339 2.91761 3.29913 3.38792 3.41927 3.45788 3.49203 3.52974 3.59507 3.66992 3.69338 3.70048 3.73149 3.72547 3.73095 3.75900 3.76846 3.76626 3.75962 3.75595 3.75790 3.76083 3.75820 3.74361 3.72699 3.71890 3.70121 3.65964 3.61564 3.60959 3.64016 3.66309 3.68441 3.70586 3.72840 3.76113 3.76850 3.77879 3.78134 3.77700 3.76527 3.75068 3.70884 3.73038 3.79914 3.85010 3.87030 3.86737 3.84181 3.80654 3.78692 3.78126 3.79052 3.79983 3.81670 3.80617
2.81811 2.69914 2.57921 2.39727 2.02987 1.77629 1.62949 1.54923 1.58559 1.65461 1.73653 2.10411 2.97010 3.32795 3.37371 3.41217 3.43579 3.44208 3.50515 3.61664 3.67264 3.69037 3.72188 3.72001 3.73596 3.76237 3.76884 3.76319 3.75722 3.76068 3.76419 3.76106 3.75346 3.74090 3.72196 3.70139 3.67855 3.64197 3.60440 3.61457 3.65408 3.67633 3.70461 3.72518 3.73811 3.73647 3.72770 3.73490 3.73991 3.74203 3.74397 3.71498 3.70564 3.76034 3.81715 3.84366 3.86466 3.87755 3.87255 3.85804 3.84191 3.82309 3.80188 3.77438 3.77697 3.78818
2.75184 2.63978 2.48638 2.02404 1.39980 1.34325 1.18137 1.32840 1.63257 1.79877 1.66724 1.71202 2.15082 2.89596 3.18465 3.28997 3.33336 3.33363 3.37617 3.53569 3.63795 3.67776 3.70830 3.72516 3.73590 3.75436 3.76233 3.75326 3.75488 3.76760 3.77299 3.76844 3.75888 3.74325 3.72006 3.68448 3.65142 3.62267 3.60551 3.62504 3.65784 3.68465 3.71944 3.73018 3.76104 3.73711 3.73262 3.73522 3.73241 3.72418 3.70786 3.68827 3.71180 3.76359 3.79025 3.80521 3.83574 3.86456 3.87806 3.87701 3.86593 3.84984 3.81521 3.75018 3.74502 3.78180
2.68227 2.58952 2.36535 1.64997 1.21958 1.24968 0.96276 1.69199 2.15071 2.15543 1.81429 1.56272 1.67714 1.93774 2.37614 2.76959 3.07761 3.15524 3.14542 3.42392 3.56223 3.62455 3.67269 3.71729 3.73066 3.73984 3.74011 3.73793 3.75298 3.76909 3.77497 3.77274 3.76275 3.74033 3.70903 3.66984 3.63548 3.61477 3.60981 3.63001 3.65860 3.68813 3.71682 3.72936 3.76034 3.74270 3.75744 3.77258 3.76403 3.73747 3.70391 3.68358 3.68393 3.70819 3.73113 3.75991 3.79377 3.83186 3.85843 3.86936 3.86767 3.85571 3.81658 3.74050 3.74022 3.80716
