mrvbf_slope1.3_pctl0.7.asc
NCOLS 410
NROWS 410
XLLCORNER 2398750.0000000000000000
YLLCORNER 2548750.0000000000000000
CELLSIZE 250.0000000000000000
NODATA_VALUE -99999.00000
[rows 290 to 318 of 410, columns 0 to 65 of 410]
-99999.00000 -99999.00000 -99999.00000 -99999.00000 -99999.00000 7.70583 7.70618 7.71345 7.71797 7.71178 7.69198 7.67903 7.68520 7.67193 7.68889 7.70314 7.70520 7.70887 7.70377 7.70791 7.70734 7.70464 7.70077 7.68230 7.69225 7.69628 7.70255 7.70283 7.70217 7.70479 7.70391 7.70787 7.70895 7.70971 7.70620 7.70606 7.70665 7.70747 7.70988 7.71247 7.71294 7.71095 7.71199 7.71655 7.71717 7.71338 7.70988 7.71312 7.71221 7.71095 7.70820 7.70206 7.69896 7.70296 7.70462 7.70328 7.70501 7.70238 7.69918 7.69706 7.69522 7.69403 7.69603 7.69947 7.70054 7.70083
-99999.00000 -99999.00000 -99999.00000 -99999.00000 -99999.00000 7.67516 7.69488 7.71121 7.71711 7.70756 7.68062 7.67599 7.67793 7.67960 7.69682 7.70126 7.70798 7.70993 7.70418 7.70582 7.70959 7.70226 7.68844 7.67799 7.68973 7.70087 7.70487 7.70350 7.70216 7.70618 7.70625 7.70742 7.70509 7.70088 7.69648 7.69989 7.70240 7.70369 7.70396 7.70625 7.71011 7.70831 7.70975 7.71589 7.71730 7.71426 7.71006 7.71335 7.71431 7.71393 7.71026 7.70262 7.69727 7.70079 7.70390 7.70334 7.70456 7.70374 7.70124 7.69848 7.69524 7.69129 7.69123 7.69691 7.70112 7.70166
-99999.00000 -99999.00000 -99999.00000 -99999.00000 -99999.00000 7.64084 7.67573 7.70467 7.71330 7.70221 7.67136 7.67322 7.66616 7.68511 7.70328 7.70369 7.71149 7.70997 7.70722 7.70525 7.70745 7.69788 7.68608 7.68821 7.69978 7.70597 7.70932 7.70674 7.70279 7.70545 7.70186 7.70038 7.69546 7.68994 7.69329 7.70134 7.70569 7.70831 7.70735 7.70428 7.70685 7.70716 7.70498 7.70898 7.71378 7.71394 7.71143 7.71096 7.71312 7.71132 7.70810 7.70191 7.69524 7.69618 7.70094 7.70237 7.70294 7.70186 7.69924 7.69647 7.69439 7.69144 7.68925 7.69349 7.69807 7.69843
-99999.00000 -99999.00000 -99999.00000 -99999.00000 -99999.00000 7.65943 7.67333 7.68751 7.70305 7.70017 7.67708 7.68369 7.66836 7.69357 7.70271 7.70369 7.71185 7.71073 7.70950 7.70889 7.70527 7.69863 7.69721 7.70019 7.70803 7.70765 7.71052 7.70808 7.70552 7.69736 7.69095 7.69209 7.69156 7.69324 7.70123 7.70601 7.70836 7.71188 7.71283 7.71180 7.71164 7.71339 7.71076 7.70862 7.71009 7.71039 7.71203 7.71049 7.70854 7.70768 7.70819 7.70542 7.69974 7.69879 7.70190 7.70260 7.70087 7.69750 7.69323 7.69043 7.68999 7.68879 7.68818 7.69243 7.69686 7.69820
-99999.00000 -99999.00000 -99999.00000 -99999.00000 -99999.00000 7.68429 7.68344 7.67086 7.67439 7.67768 7.67934 7.68315 7.67660 7.69902 7.70013 7.70279 7.71097 7.71223 7.71082 7.70880 7.70105 7.69609 7.69928 7.70459 7.70993 7.70856 7.71175 7.71006 7.70241 7.68636 7.68793 7.69634 7.70150 7.70578 7.70960 7.70929 7.70762 7.71040 7.71261 7.71186 7.71200 7.71245 7.71295 7.71434 7.71427 7.71119 7.71000 7.70910 7.70415 7.70544 7.70957 7.70820 7.70468 7.70549 7.70719 7.70472 7.69975 7.69447 7.69041 7.68876 7.68823 7.68573 7.68623 7.69287 7.69914 7.70197
-99999.00000 -99999.00000 -99999.00000 -99999.00000 -99999.00000 7.68197 7.66066 7.65205 7.67495 7.65452 7.66125 7.68818 7.67740 7.69252 7.70387 7.70523 7.70654 7.70541 7.70251 7.69976 7.69246 7.69449 7.70360 7.70962 7.70900 7.71032 7.71212 7.70817 7.69900 7.68902 7.69951 7.70541 7.70740 7.70991 7.71310 7.71313 7.70849 7.70573 7.70654 7.70840 7.71261 7.71415 7.71419 7.71416 7.71296 7.71084 7.70885 7.70414 7.70054 7.70550 7.70947 7.70630 7.70589 7.71008 7.71119 7.70639 7.70011 7.69708 7.69747 7.69794 7.69569 7.68710 7.68346 7.69305 7.70105 7.70375
-99999.00000 -99999.00000 -99999.00000 -99999.00000 -99999.00000 7.69006 7.67997 7.66360 7.66470 7.63570 7.64904 7.67141 7.68272 7.69071 7.70318 7.70768 7.70441 7.69968 7.69606 7.69373 7.69682 7.70472 7.70957 7.70985 7.70939 7.71242 7.71051 7.70940 7.70514 7.69558 7.69816 7.70335 7.70562 7.70780 7.71060 7.71432 7.71274 7.70592 7.70098 7.70658 7.71507 7.71722 7.71569 7.71164 7.70872 7.70749 7.70477 7.70108 7.70239 7.70846 7.70693 7.70265 7.70766 7.71324 7.71296 7.70704 7.70118 7.70173 7.70519 7.70623 7.70297 7.68874 7.68282 7.69411 7.70056 7.70320
-99999.00000 -99999.00000 -99999.00000 -99999.00000 -99999.00000 7.69972 7.70044 7.68094 7.66020 7.64993 7.67034 7.68497 7.68230 7.69128 7.69826 7.70501 7.70503 7.70280 7.70260 7.70267 7.70736 7.70825 7.70976 7.71082 7.71215 7.71270 7.70890 7.70960 7.71042 7.70803 7.70451 7.70603 7.70979 7.70842 7.70762 7.71371 7.71548 7.70905 7.70210 7.70469 7.71347 7.71561 7.71069 7.70361 7.70152 7.70365 7.70582 7.70480 7.70746 7.71077 7.70401 7.70269 7.71062 7.71476 7.71420 7.70870 7.70398 7.70389 7.70433 7.70472 7.70397 7.69256 7.68425 7.69019 7.69638 7.70024
-99999.00000 -99999.00000 -99999.00000 -99999.00000 -99999.00000 7.69867 7.69323 7.68676 7.67977 7.67588 7.67290 7.68359 7.68088 7.68503 7.69481 7.70324 7.70581 7.70720 7.70733 7.70757 7.70877 7.71177 7.71362 7.71383 7.71195 7.70832 7.70664 7.71083 7.71332 7.71348 7.71237 7.71148 7.71298 7.70897 7.70551 7.71237 7.71520 7.71099 7.70599 7.70552 7.71150 7.71328 7.70654 7.70336 7.70582 7.70816 7.71061 7.70863 7.71035 7.70991 7.70208 7.70257 7.71092 7.71488 7.71465 7.71000 7.70714 7.70811 7.70739 7.70566 7.70240 7.69554 7.68424 7.68565 7.69243 7.69649
-99999.00000 -99999.00000 -99999.00000 -99999.00000 -99999.00000 7.67383 7.68405 7.67942 7.67355 7.65805 7.66565 7.68272 7.68063 7.68334 7.69484 7.70538 7.70908 7.70820 7.70842 7.70895 7.71212 7.71483 7.71525 7.71275 7.70853 7.70665 7.70878 7.71198 7.71347 7.71482 7.71459 7.71428 7.71298 7.70814 7.70311 7.70983 7.71312 7.71028 7.70676 7.70690 7.71224 7.71478 7.70905 7.70712 7.70966 7.71131 7.71158 7.70947 7.71199 7.70966 7.70189 7.70073 7.70887 7.71416 7.71384 7.70813 7.70441 7.70528 7.70669 7.70659 7.69905 7.69798 7.69435 7.69226 7.69606 7.69836
-99999.00000 -99999.00000 -99999.00000 -99999.00000 -99999.00000 7.65243 7.66758 7.67128 7.66326 7.66200 7.67846 7.68578 7.69414 7.69970 7.70141 7.70453 7.70917 7.71156 7.71259 7.71211 7.71331 7.71416 7.71429 7.71127 7.70769 7.70886 7.71134 7.71215 7.71228 7.71316 7.71289 7.71177 7.71290 7.70976 7.70258 7.70556 7.70834 7.70750 7.70519 7.70699 7.71327 7.71631 7.71198 7.71017 7.71247 7.71427 7.71284 7.71025 7.71119 7.70967 7.70432 7.70109 7.70627 7.71236 7.71202 7.70585 7.70301 7.70654 7.70538 7.70806 7.70058 7.69417 7.69384 7.69863 7.70328 7.70469
-99999.00000 -99999.00000 -99999.00000 -99999.00000 -99999.00000 7.64837 7.67210 7.67958 7.66495 7.67769 7.68899 7.69173 7.69982 7.70153 7.70157 7.70459 7.70923 7.71103 7.71074 7.70903 7.70831 7.70981 7.71206 7.71165 7.70787 7.70592 7.70769 7.71013 7.70945 7.70857 7.70946 7.71199 7.71398 7.71254 7.70420 7.69898 7.69883 7.70022 7.70319 7.70933 7.71533 7.71531 7.71017 7.70902 7.71202 7.71432 7.71455 7.71285 7.71104 7.71003 7.70846 7.70471 7.70485 7.70936 7.71016 7.70741 7.70616 7.70570 7.70534 7.70826 7.70578 7.70065 7.70142 7.70565 7.70839 7.70876
-99999.00000 -99999.00000 -99999.00000 -99999.00000 -99999.00000 7.65493 7.67439 7.67982 7.67841 7.69200 7.69371 7.69259 7.69764 7.70025 7.70249 7.70580 7.70618 7.70472 7.70200 7.69981 7.70075 7.70345 7.70746 7.71108 7.71015 7.70578 7.70199 7.70352 7.70532 7.70670 7.70937 7.71215 7.71284 7.71275 7.70865 7.70519 7.70555 7.70694 7.71032 7.71487 7.71669 7.71334 7.70679 7.70742 7.71101 7.71230 7.71371 7.71469 7.71377 7.71238 7.71124 7.70714 7.70498 7.70747 7.70965 7.71042 7.71022 7.70802 7.70887 7.71100 7.71081 7.71017 7.71074 7.71135 7.71105 7.70933
-99999.00000 -99999.00000 -99999.00000 -99999.00000 -99999.00000 7.67652 7.67920 7.68035 7.68885 7.69776 7.69445 7.69131 7.69497 7.70017 7.70367 7.70171 7.69304 7.68713 7.68812 7.69251 7.69695 7.69864 7.70176 7.70802 7.71059 7.70755 7.69871 7.69519 7.70178 7.70776 7.70749 7.70671 7.71014 7.71302 7.71316 7.71433 7.71512 7.71546 7.71569 7.71630 7.71524 7.71051 7.70538 7.70796 7.71102 7.71039 7.71096 7.71263 7.71365 7.71205 7.71032 7.70689 7.70426 7.70588 7.70845 7.71041 7.71133 7.71138 7.71246 7.71269 7.71241 7.71219 7.71204 7.71158 7.71007 7.70585
-99999.00000 -99999.00000 -99999.00000 -99999.00000 -99999.00000 7.69612 7.69369 7.69486 7.69958 7.70036 7.69587 7.69160 7.69162 7.69603 7.69842 7.68882 7.67835 7.67920 7.68636 7.69323 7.69635 7.69569 7.69668 7.70383 7.70810 7.70464 7.69278 7.68965 7.69970 7.70518 7.70187 7.70260 7.70803 7.71072 7.71223 7.71392 7.71554 7.71510 7.71235 7.71224 7.71129 7.70788 7.70561 7.70791 7.71058 7.71031 7.71095 7.71086 7.71235 7.71076 7.71005 7.70723 7.70372 7.70368 7.70524 7.70701 7.70864 7.71048 7.71166 7.71186 7.71178 7.71149 7.71092 7.70985 7.70646 7.69929
-99999.00000 -99999.00000 -99999.00000 -99999.00000 -99999.00000 7.70427 7.70285 7.70283 7.70423 7.70317 7.70097 7.69735 7.69320 7.69394 7.69462 7.68627 7.68641 7.69572 7.69676 7.69836 7.69702 7.69356 7.69294 7.69960 7.70245 7.69255 7.68205 7.68916 7.69994 7.70256 7.69607 7.69438 7.70275 7.70676 7.70841 7.70909 7.71018 7.70880 7.70869 7.71047 7.71075 7.70904 7.70718 7.70808 7.71078 7.71209 7.71013 7.70933 7.71166 7.70962 7.70845 7.70770 7.70435 7.70259 7.70226 7.70211 7.70253 7.70618 7.70880 7.70919 7.70901 7.70872 7.70835 7.70700 7.70106 7.69500
-99999.00000 -99999.00000 -99999.00000 -99999.00000 -99999.00000 7.70818 7.70601 7.70298 7.70198 7.70268 7.70423 7.70409 7.70071 7.69946 7.70026 7.69644 7.69765 7.70015 7.70273 7.70289 7.69792 7.69203 7.69150 7.69580 7.69026 7.67547 7.67925 7.69354 7.70201 7.70403 7.69751 7.68566 7.68957 7.69772 7.69994 7.69961 7.70021 7.70294 7.70889 7.71156 7.71208 7.71012 7.70743 7.70742 7.70990 7.71141 7.70847 7.70838 7.71024 7.70719 7.70520 7.70580 7.70408 7.70275 7.70145 7.69915 7.69564 7.69829 7.70389 7.70449 7.70269 7.70206 7.70300 7.70227 7.69609 7.69592
-99999.00000 -99999.00000 -99999.00000 -99999.00000 -99999.00000 7.70847 7.70783 7.70542 7.70262 7.70197 7.70312 7.70372 7.70273 7.70407 7.70452 7.70175 7.70277 7.70513 7.70590 7.70443 7.69868 7.69227 7.69112 7.69116 7.67745 7.67096 7.68625 7.69657 7.70327 7.70473 7.70037 7.69271 7.68802 7.69268 7.69490 7.69476 7.69469 7.69880 7.70609 7.71036 7.71186 7.71051 7.70715 7.70599 7.70791 7.70955 7.70710 7.70584 7.70573 7.70183 7.70134 7.70319 7.70285 7.70274 7.70236 7.70040 7.69476 7.68949 7.69220 7.69243 7.69059 7.69096 7.69378 7.69666 7.69528 7.69815
-99999.00000 -99999.00000 -99999.00000 -99999.00000 -99999.00000 7.70848 7.70944 7.70804 7.70543 7.70517 7.70495 7.70475 7.70508 7.70571 7.70362 7.70123 7.70375 7.70597 7.70614 7.70461 7.69954 7.69265 7.68744 7.68140 7.67147 7.67893 7.69347 7.69759 7.70337 7.70511 7.70150 7.70104 7.69700 7.69961 7.70031 7.69805 7.69719 7.69781 7.70243 7.70831 7.71060 7.71014 7.70714 7.70475 7.70605 7.70772 7.70626 7.70313 7.69931 7.69689 7.69911 7.70188 7.70243 7.70338 7.70455 7.70388 7.70016 7.69194 7.68591 7.68501 7.68660 7.68667 7.68766 7.69287 7.69727 7.69884
-99999.00000 -99999.00000 -99999.00000 -99999.00000 -99999.00000 7.70595 7.70694 7.70557 7.70533 7.70767 7.70720 7.70594 7.70483 7.70291 7.69932 7.70008 7.70405 7.70533 7.70517 7.70392 7.70054 7.69442 7.68625 7.67627 7.67736 7.69068 7.69622 7.69728 7.70173 7.70396 7.70094 7.70247 7.69994 7.70202 7.70146 7.69989 7.69767 7.69414 7.70136 7.70703 7.70810 7.70745 7.70467 7.70246 7.70354 7.70483 7.70306 7.69790 7.69401 7.69572 7.69990 7.70270 7.70281 7.70416 7.70625 7.70601 7.70377 7.69899 7.69389 7.69393 7.69566 7.69458 7.69149 7.69343 7.69783 7.69647
-99999.00000 -99999.00000 -99999.00000 -99999.00000 -99999.00000 7.70186 7.70296 7.70083 7.70076 7.70438 7.70274 7.69919 7.69660 7.69523 7.69546 7.70004 7.70278 7.70345 7.70306 7.70165 7.69932 7.69562 7.69054 7.68683 7.69070 7.69677 7.69726 7.69535 7.69691 7.69751 7.69307 7.69616 7.69576 7.70169 7.70335 7.70123 7.69794 7.69667 7.70046 7.70060 7.70002 7.69879 7.69726 7.69847 7.69988 7.69924 7.69597 7.69254 7.69430 7.69914 7.70302 7.70404 7.70209 7.70410 7.70719 7.70722 7.70505 7.70181 7.70189 7.70107 7.69942 7.69763 7.69621 7.69628 7.69659 7.69121
-99999.00000 -99999.00000 -99999.00000 -99999.00000 -99999.00000 7.69928 7.70050 7.69707 7.69341 7.69477 7.69247 7.68934 7.68850 7.68979 7.69237 7.69609 7.69851 7.69960 7.69898 7.69700 7.69532 7.69454 7.69406 7.69200 7.69348 7.69711 7.69877 7.69957 7.69728 7.69339 7.69113 7.68850 7.69232 7.70150 7.70478 7.70374 7.70280 7.70260 7.69885 7.69275 7.69061 7.68975 7.69135 7.69691 7.69766 7.69527 7.69369 7.69554 7.70038 7.70351 7.70434 7.70249 7.70151 7.70489 7.70728 7.70748 7.70653 7.70374 7.70314 7.70172 7.70039 7.69978 7.69933 7.69766 7.69274 7.68576
-99999.00000 -99999.00000 -99999.00000 -99999.00000 -99999.00000 7.69760 7.69910 7.69706 7.69169 7.68957 7.68877 7.68867 7.68985 7.69086 7.69079 7.69037 7.69162 7.69281 7.69176 7.68951 7.68853 7.68865 7.68969 7.69179 7.69362 7.69638 7.69816 7.69895 7.69583 7.69109 7.68474 7.68888 7.69728 7.70281 7.70488 7.70512 7.70576 7.70385 7.69596 7.69301 7.69355 7.69339 7.69353 7.69643 7.69595 7.69410 7.69700 7.70156 7.70480 7.70491 7.70301 7.70082 7.70199 7.70513 7.70606 7.70598 7.70595 7.70420 7.70323 7.70171 7.70060 7.70129 7.69905 7.69399 7.68795 7.68421
-99999.00000 -99999.00000 -99999.00000 -99999.00000 -99999.00000 7.69735 7.70033 7.70124 7.69878 7.69603 7.69419 7.69394 7.69425 7.69351 7.69176 7.68897 7.68704 7.68570 7.68357 7.68148 7.68080 7.68121 7.68179 7.68508 7.68941 7.69425 7.69545 7.69404 7.69142 7.68648 7.68397 7.69194 7.69498 7.69753 7.70163 7.70485 7.70569 7.70086 7.69560 7.69670 7.69741 7.69568 7.69337 7.69406 7.69260 7.69339 7.69945 7.70316 7.70425 7.70342 7.70091 7.69992 7.70239 7.70434 7.70336 7.70295 7.70380 7.70311 7.70205 7.70175 7.69987 7.69910 7.69459 7.68890 7.68535 7.68564
-99999.00000 -99999.00000 -99999.00000 -99999.00000 -99999.00000 7.69827 7.70192 7.70309 7.70280 7.70126 7.69847 7.69657 7.69499 7.69299 7.69113 7.68806 7.68367 7.68019 7.67782 7.67654 7.67661 7.67765 7.67853 7.68021 7.68293 7.68762 7.69094 7.69004 7.69273 7.68793 7.68175 7.68656 7.68847 7.68798 7.69347 7.70174 7.70468 7.70324 7.69661 7.69439 7.69482 7.69126 7.68596 7.68517 7.68681 7.69264 7.69938 7.70196 7.70184 7.70049 7.69853 7.69953 7.70268 7.70280 7.70163 7.70190 7.70186 7.70269 7.70090 7.69958 7.69921 7.69610 7.68975 7.68568 7.68545 7.68870
-99999.00000 -99999.00000 -99999.00000 -99999.00000 -99999.00000 7.69555 7.69725 7.69975 7.70090 7.69937 7.69706 7.69513 7.69283 7.69033 7.68866 7.68578 7.68117 7.67802 7.67696 7.67717 7.67774 7.67841 7.67801 7.67695 7.67691 7.67659 7.68129 7.68511 7.68845 7.69063 7.68621 7.68698 7.68998 7.68751 7.68717 7.69582 7.70217 7.70264 7.69897 7.69356 7.68540 7.67867 7.67868 7.67781 7.68282 7.68997 7.69514 7.69784 7.69845 7.69776 7.69768 7.70037 7.70261 7.70239 7.70043 7.69963 7.70005 7.70107 7.70018 7.69888 7.69718 7.69108 7.68466 7.68450 7.68815 7.69277
-99999.00000 -99999.00000 -99999.00000 -99999.00000 -99999.00000 7.68721 7.69184 7.69955 7.69911 7.69458 7.69233 7.69135 7.68972 7.68774 7.68670 7.68525 7.68241 7.68039 7.68058 7.68103 7.68058 7.68165 7.68027 7.67650 7.67634 7.67260 7.66961 7.67225 7.67815 7.68718 7.68844 7.68881 7.68990 7.68397 7.68362 7.69404 7.69912 7.69916 7.69712 7.69193 7.68186 7.67798 7.68446 7.68530 7.68555 7.68745 7.68846 7.69033 7.69375 7.69566 7.69703 7.69909 7.70026 7.70017 7.69912 7.69787 7.69659 7.69703 7.69736 7.69648 7.69280 7.68530 7.68189 7.68592 7.69214 7.69624
-99999.00000 -99999.00000 -99999.00000 -99999.00000 -99999.00000 7.69088 7.69847 7.70238 7.69673 7.68991 7.68800 7.68795 7.68788 7.68756 7.68800 7.68861 7.68700 7.68585 7.68607 7.68588 7.68579 7.68808 7.68669 7.68187 7.68042 7.67876 7.67448 7.67315 7.67584 7.67455 7.68366 7.68862 7.68673 7.68052 7.67443 7.68708 7.69418 7.69407 7.69332 7.68994 7.68125 7.67639 7.68151 7.68782 7.68945 7.68897 7.68543 7.68380 7.68812 7.69037 7.69020 7.69179 7.69418 7.69480 7.69238 7.68899 7.68685 7.68728 7.68916 7.68926 7.68490 7.68068 7.68305 7.68905 7.69450 7.69756
-99999.00000 -99999.00000 -99999.00000 -99999.00000 -99999.00000 7.70122 7.70346 7.70045 7.69273 7.68855 7.68697 7.68582 7.68784 7.69126 7.69298 7.69396 7.69297 7.69207 7.69098 7.69038 7.69328 7.69259 7.69167 7.68948 7.68181 7.68022 7.68099 7.67738 7.67891 7.67308 7.67482 7.68350 7.68306 7.68270 7.67231 7.67940 7.68760 7.68739 7.68587 7.68432 7.67629 7.67313 7.67888 7.68609 7.69053 7.69098 7.68662 7.68288 7.68421 7.68440 7.68238 7.68215 7.68533 7.68776 7.68439 7.68055 7.67898 7.67840 7.67947 7.67954 7.67745 7.68012 7.68631 7.69171 7.69524 7.69726
