mrvbf_slope1_pctl0.7.asc
NCOLS 410
NROWS 410
XLLCORNER 2398750.0000000000000000
YLLCORNER 2548750.0000000000000000
CELLSIZE 250.0000000000000000
NODATA_VALUE -99999.00000
[rows 232 to 260 of 410, columns 132 to 197 of 410]
0.68544 0.55445 0.59662 0.68189 1.05352 1.46266 1.43971 1.19610 1.07947 1.38449 1.60982 2.04637 2.39753 2.54286 2.70390 3.65840 5.15390 5.93422 6.52845 6.82062 7.09512 7.32051 7.43889 7.48347 7.48993 7.48584 7.49679 7.51871 7.52649 7.52120 7.49911 7.47558 7.47296 7.49176 7.51758 7.53525 7.53660 7.53857 7.53709 7.55165 7.56030 7.55446 7.53035 7.52117 7.52393 7.51548 7.50842 7.48163 7.43685 7.43570 7.45212 7.50171 7.52507 7.53543 7.49319 7.46650 7.48226 7.49120 7.51277 7.52809 7.52751 7.51458 7.48224 7.40374 7.36893 7.35062
0.69950 0.72183 0.72562 0.83428 1.07723 1.35763 1.45960 1.38117 1.35187 1.46527 1.61249 2.02142 2.43188 2.55325 2.62406 3.04149 4.84740 5.70763 6.32803 6.81627 7.18576 7.34353 7.43997 7.48334 7.48592 7.48635 7.50397 7.52219 7.52965 7.50484 7.47079 7.47087 7.49431 7.51579 7.52417 7.51872 7.53182 7.54563 7.52840 7.52918 7.54262 7.54355 7.51600 7.51730 7.52961 7.51105 7.48754 7.49572 7.48671 7.46969 7.47051 7.49564 7.52658 7.51656 7.44348 7.42639 7.45603 7.45391 7.47564 7.50831 7.51376 7.49846 7.47483 7.41125 7.34087 7.32024
0.58302 0.55716 0.64520 0.70644 0.74999 0.86840 1.25123 1.46020 1.51861 1.56947 1.67697 2.08434 2.52397 2.64880 2.59215 2.70003 4.10040 5.54371 6.10865 6.82893 7.28004 7.37771 7.44891 7.48695 7.48827 7.49147 7.50848 7.51019 7.51549 7.48384 7.46712 7.51006 7.52756 7.52008 7.50800 7.51139 7.53556 7.53145 7.51244 7.50509 7.50509 7.51508 7.50131 7.52975 7.53725 7.52419 7.46068 7.47117 7.52787 7.52720 7.48623 7.47756 7.51716 7.48049 7.39650 7.42790 7.45908 7.43242 7.41454 7.44624 7.47262 7.47920 7.47455 7.46294 7.43259 7.40029
0.41336 0.39279 0.45442 0.53930 0.59852 0.74259 1.14940 1.40618 1.53693 1.64010 1.79002 2.19234 2.60625 2.80825 2.83542 2.68521 3.54233 5.59639 6.38913 6.92155 7.30406 7.41599 7.47318 7.49734 7.49407 7.49314 7.50209 7.49549 7.49289 7.47717 7.49165 7.53027 7.51506 7.50071 7.51261 7.53491 7.54800 7.52773 7.52375 7.52696 7.50435 7.50167 7.51587 7.53960 7.54964 7.55619 7.51304 7.46053 7.49133 7.50184 7.47149 7.49265 7.53093 7.46937 7.38201 7.43710 7.48565 7.46818 7.42340 7.40342 7.42963 7.47407 7.48310 7.47151 7.46003 7.44733
0.36118 0.35484 0.35684 0.48189 0.63158 0.90889 1.25103 1.44573 1.55100 1.65522 1.91051 2.32688 2.65551 2.77887 2.78715 2.76264 3.85071 5.84382 6.72486 7.10775 7.35114 7.44593 7.49023 7.50017 7.48882 7.48017 7.48592 7.49494 7.49777 7.50234 7.52202 7.53552 7.50977 7.51643 7.54357 7.55439 7.54706 7.52035 7.52350 7.54443 7.53345 7.51982 7.53175 7.54035 7.56105 7.57226 7.55678 7.52017 7.50299 7.50035 7.49776 7.52454 7.53866 7.47692 7.38938 7.42421 7.48598 7.50534 7.48037 7.43674 7.41222 7.43926 7.48734 7.49443 7.47587 7.44322
0.50055 0.43284 0.49131 0.59177 0.71728 1.10786 1.38296 1.51756 1.59537 1.74695 2.13602 2.43954 2.63912 2.70958 2.71957 3.19503 4.93221 6.25226 6.84469 7.22844 7.40770 7.47353 7.50394 7.50431 7.47683 7.45841 7.48148 7.51381 7.52759 7.53047 7.53425 7.53737 7.51430 7.50399 7.51319 7.52325 7.51535 7.49138 7.50988 7.54427 7.54692 7.53327 7.52083 7.52472 7.55397 7.56528 7.56224 7.55796 7.54312 7.52774 7.50596 7.48688 7.51019 7.47108 7.40534 7.43472 7.47547 7.50406 7.51436 7.48524 7.43130 7.38842 7.44260 7.50434 7.51081 7.47775
0.63682 0.65071 0.67005 0.70665 0.94831 1.30697 1.48370 1.57710 1.65584 1.96884 2.36158 2.54183 2.65228 2.77622 3.37215 4.78132 5.72741 6.37193 6.93974 7.29179 7.42565 7.48481 7.51337 7.51369 7.47688 7.44954 7.48663 7.51486 7.52645 7.53460 7.52735 7.53468 7.53351 7.51235 7.50529 7.51270 7.50856 7.49023 7.50666 7.52681 7.54152 7.52668 7.51231 7.48787 7.51194 7.53344 7.54093 7.54602 7.54212 7.49250 7.40176 7.36601 7.40643 7.42344 7.42137 7.47245 7.47522 7.47733 7.50428 7.51494 7.47857 7.39353 7.34118 7.45440 7.50277 7.48643
0.63198 0.73354 0.91212 1.11927 1.31604 1.46181 1.56158 1.62868 1.83115 2.25978 2.49486 2.64628 2.71369 3.14675 4.69866 5.44807 6.00261 6.66445 7.14057 7.34584 7.42693 7.48375 7.51819 7.51942 7.48263 7.46181 7.50111 7.52140 7.54055 7.55067 7.53995 7.53020 7.53509 7.53831 7.53852 7.53845 7.52761 7.51020 7.52632 7.52212 7.53877 7.52181 7.52453 7.49917 7.49230 7.52010 7.53607 7.52888 7.51313 7.41848 7.36019 7.39778 7.36408 7.41114 7.47354 7.50356 7.49154 7.45832 7.47208 7.50726 7.50902 7.46846 7.35102 7.35507 7.45052 7.45220
0.63280 0.79533 1.26843 1.40671 1.44516 1.53194 1.60815 1.77082 2.18213 2.46865 2.64378 2.87077 3.11643 4.24621 5.27942 5.63977 6.55323 7.10922 7.30883 7.39488 7.43425 7.47825 7.51639 7.51468 7.47506 7.46799 7.51247 7.53274 7.55099 7.55495 7.53940 7.52013 7.53410 7.54840 7.54717 7.55225 7.54204 7.52914 7.54358 7.53487 7.54696 7.52941 7.53160 7.53107 7.50909 7.51549 7.52614 7.51234 7.49576 7.43342 7.43359 7.49856 7.47031 7.47204 7.49903 7.51182 7.51484 7.47581 7.46254 7.49729 7.50739 7.48735 7.44003 7.39255 7.41751 7.42750
0.67870 1.11340 1.41941 1.45736 1.50346 1.56807 1.71991 2.16898 2.47458 2.66572 3.07686 3.72570 4.27958 5.08068 5.67890 6.08273 7.03751 7.29349 7.38648 7.44239 7.45902 7.47359 7.50573 7.50344 7.46549 7.46936 7.51155 7.52835 7.55030 7.54901 7.52157 7.51172 7.54233 7.55076 7.54903 7.55572 7.54356 7.53169 7.54821 7.54240 7.55256 7.53715 7.53587 7.54340 7.51043 7.50844 7.48939 7.47501 7.48915 7.46472 7.46165 7.51731 7.51900 7.52248 7.50755 7.49563 7.51036 7.48238 7.46599 7.50228 7.51514 7.50623 7.49451 7.46431 7.44498 7.43768
0.96090 1.42268 1.47299 1.46247 1.53674 1.65380 2.07197 2.41214 2.65209 3.11648 3.87081 4.38191 4.93451 5.81087 6.50123 6.47777 7.02448 7.31626 7.42370 7.47231 7.48742 7.48342 7.49731 7.50126 7.47473 7.47408 7.50845 7.52558 7.54774 7.54186 7.51491 7.52011 7.55166 7.55739 7.55682 7.55949 7.54524 7.53359 7.54983 7.54241 7.55121 7.53859 7.54131 7.55102 7.51901 7.51355 7.47554 7.49192 7.49481 7.48599 7.48072 7.49684 7.49659 7.49424 7.50396 7.48256 7.49944 7.46560 7.44210 7.48727 7.50547 7.50660 7.50184 7.48945 7.47856 7.46227
1.46521 1.58072 1.52077 1.52155 1.64424 1.96415 2.30056 2.55984 3.04630 4.10517 4.61287 4.84992 5.37766 6.36170 6.79092 6.72353 7.07717 7.34116 7.44111 7.47935 7.49603 7.49926 7.50240 7.50876 7.49804 7.48711 7.50356 7.52876 7.54458 7.54249 7.52083 7.52287 7.54893 7.56120 7.56726 7.56911 7.55940 7.54090 7.53601 7.54604 7.54768 7.54678 7.55012 7.55412 7.54539 7.53708 7.51994 7.51519 7.52900 7.51862 7.49512 7.48126 7.50092 7.49434 7.48309 7.49741 7.51164 7.45035 7.41699 7.47827 7.49680 7.50501 7.50855 7.49583 7.48926 7.46801
1.60222 1.62041 1.60401 1.71517 2.03159 2.36493 2.51762 2.81650 3.98894 4.81993 5.19265 5.24717 5.74508 6.65527 6.38966 6.43128 6.99465 7.30829 7.42454 7.47231 7.49202 7.50008 7.49863 7.50307 7.50583 7.49190 7.49366 7.50571 7.51923 7.52617 7.52408 7.53919 7.55532 7.56474 7.57220 7.57339 7.57066 7.55736 7.54347 7.53764 7.53754 7.55361 7.55447 7.55245 7.56051 7.55800 7.54764 7.54091 7.55148 7.54124 7.51613 7.51675 7.53758 7.53396 7.51227 7.51875 7.50398 7.43255 7.41547 7.47959 7.50397 7.51062 7.50483 7.49331 7.49044 7.45786
1.62833 1.67638 1.80187 2.28125 2.48055 2.64495 2.83424 3.69191 4.83426 5.33137 5.65635 5.66369 6.28104 6.66051 6.20370 6.51320 6.97006 7.21001 7.34911 7.43235 7.46934 7.47496 7.46656 7.46797 7.48123 7.46210 7.45638 7.48212 7.49964 7.51927 7.53932 7.55947 7.56750 7.57052 7.57345 7.57488 7.57621 7.57139 7.55644 7.52784 7.53067 7.54590 7.55260 7.55395 7.56329 7.56316 7.56399 7.56460 7.56478 7.55890 7.54793 7.54913 7.55013 7.53897 7.51673 7.50560 7.48094 7.42718 7.43457 7.47805 7.48792 7.49804 7.49618 7.48854 7.48367 7.42767
1.56066 1.74086 2.27985 2.78357 3.17150 3.55646 3.98202 4.77295 5.57245 5.87442 6.09830 6.28587 6.75735 6.78960 6.19269 6.57219 6.96307 7.07710 7.19671 7.33086 7.40972 7.41788 7.39324 7.37878 7.40386 7.41670 7.41028 7.46220 7.49920 7.52707 7.55021 7.56547 7.57289 7.57593 7.57553 7.57766 7.57730 7.57251 7.55439 7.52490 7.53578 7.54286 7.55347 7.55254 7.55386 7.55515 7.55958 7.56281 7.55996 7.55694 7.55514 7.55463 7.54865 7.52743 7.50786 7.50194 7.48640 7.44684 7.44225 7.45378 7.45941 7.47269 7.48459 7.47822 7.46575 7.38041
1.44942 2.01142 2.94192 4.05685 4.64146 4.92952 5.01319 5.19623 5.58114 6.04479 6.45173 6.75014 6.98330 6.75191 5.80455 6.08791 6.70619 6.84215 6.93107 7.13971 7.31344 7.32379 7.24664 7.18389 7.18100 7.24642 7.28470 7.39971 7.47033 7.51348 7.54655 7.56158 7.56953 7.57405 7.57555 7.57625 7.57530 7.57067 7.55370 7.53300 7.54106 7.55054 7.55617 7.55056 7.54408 7.54529 7.54841 7.54467 7.53529 7.53107 7.53509 7.53944 7.53950 7.52656 7.50007 7.49625 7.49647 7.46931 7.44526 7.44640 7.45734 7.45412 7.46328 7.46934 7.44665 7.35491
1.89398 2.95261 4.23862 5.10178 5.62731 5.90229 5.61336 5.38300 5.37314 5.41250 5.65289 6.36615 6.88077 6.10178 5.08678 5.66587 6.52564 6.71433 6.74639 6.92348 7.17586 7.17226 7.04612 7.01658 6.95071 6.89510 7.04614 7.28920 7.39618 7.47073 7.53014 7.55360 7.56299 7.56761 7.56842 7.56766 7.56827 7.56642 7.55096 7.53621 7.54469 7.54990 7.54841 7.55160 7.54229 7.53620 7.53113 7.51065 7.49041 7.47748 7.48090 7.50051 7.51685 7.51670 7.49737 7.48868 7.49361 7.48149 7.45741 7.45062 7.42200 7.39955 7.41371 7.43896 7.42329 7.34229
3.49650 4.32632 5.27771 6.22709 6.58377 6.63107 6.26082 5.95723 5.86447 5.72381 5.55682 5.90235 6.79722 5.45860 5.07670 6.32900 7.01415 7.05939 6.99009 7.00988 7.16913 7.15087 7.14408 7.23274 7.22609 7.16846 7.22083 7.28575 7.33284 7.41483 7.49820 7.53961 7.55287 7.55514 7.55003 7.54649 7.55015 7.55505 7.54537 7.53345 7.53964 7.54503 7.53669 7.54562 7.54827 7.52870 7.49637 7.46859 7.45606 7.43876 7.42123 7.43655 7.46592 7.47994 7.47197 7.47012 7.47718 7.47618 7.44626 7.39133 7.31347 7.26194 7.23232 7.28995 7.33277 7.28044
4.81891 5.48449 6.59690 7.00945 7.08547 6.91602 6.84486 6.83220 6.77615 6.50839 5.65347 6.09129 6.91957 5.71081 5.55519 6.85008 7.35483 7.33857 7.25036 7.26343 7.35303 7.34961 7.38095 7.43039 7.45049 7.44137 7.43683 7.37628 7.35403 7.41101 7.47400 7.51399 7.52893 7.52710 7.52181 7.52355 7.52932 7.54094 7.54584 7.53814 7.53678 7.53763 7.52939 7.54128 7.54424 7.51490 7.46252 7.43961 7.45349 7.45714 7.43583 7.41691 7.42509 7.43585 7.43063 7.42373 7.42308 7.42410 7.39488 7.29626 7.19547 7.18770 7.18280 7.13929 7.20644 7.19967
6.18257 6.94203 7.21594 7.22008 7.13564 7.06021 7.17136 7.18120 6.96580 6.36412 5.88863 6.90676 6.79686 5.97167 6.11398 7.07992 7.42395 7.38497 7.30686 7.37409 7.45550 7.45212 7.45565 7.47210 7.48253 7.47554 7.47161 7.41237 7.39677 7.45013 7.48490 7.49401 7.49668 7.49799 7.50857 7.51889 7.52201 7.53280 7.55033 7.55039 7.54080 7.53197 7.53682 7.54516 7.53590 7.50078 7.43541 7.41072 7.45109 7.48195 7.47323 7.44876 7.43905 7.42565 7.39748 7.36604 7.34509 7.34680 7.33928 7.25715 7.19439 7.26324 7.33674 7.27807 7.23730 7.17894
7.07259 7.29735 7.25984 7.13244 7.13584 7.24803 7.31125 7.26916 7.12151 6.62807 6.20273 7.14709 6.58054 5.97716 6.52476 7.26004 7.44216 7.38058 7.33520 7.42210 7.46295 7.44446 7.45892 7.50072 7.51572 7.50285 7.49227 7.42465 7.42876 7.48922 7.50589 7.49307 7.48538 7.49555 7.51581 7.52767 7.52529 7.52515 7.54438 7.55542 7.55067 7.54471 7.54525 7.53779 7.51576 7.46517 7.39083 7.39142 7.45263 7.49248 7.48971 7.47741 7.46983 7.44300 7.39314 7.34261 7.31085 7.31438 7.34436 7.29856 7.26547 7.33379 7.37051 7.36361 7.29774 7.18200
7.13325 7.20939 7.09134 7.08729 7.26455 7.36531 7.31140 7.21364 7.22102 7.13620 6.51155 7.03264 6.22309 6.15100 6.95702 7.36894 7.44431 7.37211 7.32466 7.39920 7.39678 7.36917 7.39847 7.45690 7.50425 7.49472 7.47945 7.40943 7.44458 7.51198 7.51643 7.50127 7.49770 7.50710 7.52294 7.53383 7.52543 7.51948 7.53778 7.55322 7.55249 7.54483 7.53397 7.51243 7.46426 7.38393 7.33548 7.39489 7.46234 7.49442 7.48962 7.48753 7.48767 7.45392 7.39344 7.35639 7.35653 7.32860 7.36367 7.32108 7.27679 7.32944 7.36070 7.35656 7.30698 7.18390
7.20149 7.16573 7.20994 7.31644 7.34545 7.30172 7.13033 7.01603 7.04214 6.87647 6.73863 7.20144 6.33406 6.53744 7.20373 7.42625 7.46672 7.41086 7.33258 7.34456 7.34626 7.39175 7.42093 7.41441 7.47699 7.47998 7.44481 7.39331 7.46499 7.52552 7.51862 7.50754 7.51257 7.51518 7.52072 7.52746 7.52056 7.51582 7.52981 7.54240 7.53803 7.52245 7.49823 7.45479 7.38391 7.32296 7.34675 7.41903 7.46509 7.47991 7.47693 7.48672 7.48922 7.44891 7.38077 7.36587 7.38826 7.32208 7.32149 7.29351 7.26891 7.32572 7.38337 7.37608 7.33252 7.18128
7.42461 7.41897 7.44811 7.45081 7.35814 7.17553 6.99468 7.06392 7.17395 7.17293 7.33613 7.26148 6.50173 6.52310 7.19726 7.44806 7.49787 7.47195 7.42784 7.41181 7.43703 7.47403 7.45006 7.39738 7.43580 7.45952 7.42619 7.42484 7.50162 7.53154 7.51166 7.50688 7.52679 7.52307 7.52024 7.52274 7.51803 7.51271 7.51702 7.52172 7.50964 7.48077 7.44016 7.39022 7.34936 7.34112 7.38478 7.43591 7.45500 7.45023 7.45917 7.48382 7.48261 7.43368 7.35557 7.34426 7.37165 7.30941 7.25562 7.29291 7.33304 7.36657 7.37742 7.37876 7.34421 7.17910
7.50904 7.50852 7.50619 7.49609 7.41568 7.16388 6.87542 7.11163 7.28123 7.25433 7.37950 7.34443 6.68563 6.47550 7.16919 7.46404 7.51474 7.50530 7.49173 7.49582 7.51092 7.50560 7.44288 7.36253 7.42064 7.46209 7.42206 7.44252 7.51570 7.53158 7.50463 7.50250 7.52744 7.52357 7.52135 7.52457 7.52289 7.51638 7.51094 7.50428 7.48239 7.43988 7.39347 7.36732 7.35942 7.36612 7.39892 7.43546 7.43639 7.41155 7.42572 7.46413 7.46125 7.39789 7.32048 7.32573 7.36042 7.36134 7.32973 7.35658 7.39443 7.40202 7.38740 7.38354 7.35513 7.25054
7.55711 7.55461 7.54103 7.52212 7.49518 7.34394 6.90732 6.90300 7.25665 7.26058 7.33884 7.41815 6.82226 6.45286 7.18626 7.48115 7.50578 7.49713 7.49648 7.50735 7.51670 7.50411 7.44623 7.35505 7.40391 7.40049 7.30125 7.31219 7.47766 7.51367 7.50010 7.49676 7.50529 7.51611 7.52396 7.52800 7.52834 7.52136 7.51079 7.49980 7.47061 7.42048 7.38614 7.38222 7.38023 7.38191 7.40409 7.43078 7.42164 7.37381 7.35241 7.39401 7.39568 7.33846 7.32243 7.36055 7.38215 7.38639 7.38725 7.40396 7.40888 7.38674 7.34622 7.30584 7.24767 7.13128
7.58347 7.58442 7.57693 7.55167 7.51414 7.45831 7.28978 7.07385 7.28727 7.26941 7.34767 7.39124 6.94445 6.64649 7.21925 7.47635 7.48979 7.49062 7.51041 7.52775 7.53300 7.52110 7.47891 7.37105 7.31153 7.23723 7.27802 7.07734 7.36306 7.49793 7.51327 7.50478 7.50994 7.52000 7.52664 7.52543 7.52128 7.51415 7.50725 7.49773 7.46656 7.40859 7.39432 7.40658 7.40214 7.40000 7.41527 7.43246 7.42128 7.36693 7.29802 7.28869 7.30577 7.32469 7.37517 7.41203 7.41506 7.39934 7.39381 7.39970 7.38601 7.34121 7.26024 7.13075 6.96697 6.78481
7.59678 7.59290 7.58869 7.57305 7.53476 7.49612 7.40244 7.15516 7.19209 7.29966 7.39861 7.33529 7.14426 6.99105 7.26987 7.47832 7.50084 7.49492 7.52426 7.54866 7.55255 7.53842 7.49916 7.40405 7.24393 7.19344 7.34593 7.13458 7.22454 7.44231 7.50797 7.52376 7.52019 7.50487 7.49136 7.48493 7.48574 7.48996 7.49092 7.48416 7.46379 7.40201 7.36501 7.38972 7.40570 7.41210 7.42022 7.42892 7.42517 7.39065 7.32582 7.27318 7.29175 7.36485 7.41856 7.42801 7.41996 7.39831 7.37998 7.37513 7.35715 7.29606 7.17152 6.96106 6.77907 6.74679
7.59642 7.58793 7.57566 7.56394 7.54033 7.51204 7.41885 7.19578 7.18809 7.35332 7.24786 7.19752 7.27447 7.18274 7.29125 7.47037 7.50714 7.47416 7.48449 7.53403 7.54552 7.51110 7.46711 7.43165 7.36550 7.33087 7.31906 7.18115 7.22600 7.35873 7.42934 7.48097 7.47694 7.44107 7.41681 7.41402 7.43187 7.45078 7.45843 7.45066 7.42561 7.37393 7.34322 7.36487 7.39218 7.40573 7.41008 7.41613 7.42393 7.41628 7.38261 7.33684 7.32298 7.36492 7.41124 7.40310 7.37727 7.35808 7.34869 7.35245 7.34110 7.25828 7.01506 6.78530 6.84075 6.94627
