mrvbf_slope0.6_pctl0.8.asc
NCOLS 410
NROWS 410
XLLCORNER 2398750.0000000000000000
YLLCORNER 2548750.0000000000000000
CELLSIZE 250.0000000000000000
NODATA_VALUE -99999.00000
[rows 261 to 289 of 410, columns 132 to 197 of 410]
4.52356 4.47702 4.44740 4.42996 4.37551 4.06932 3.61413 3.41758 3.43364 3.60077 3.52894 3.53660 3.59824 3.52853 3.59050 4.06448 4.34387 4.17971 3.95368 4.19643 4.33191 4.16798 4.17724 4.25700 4.20954 3.96828 3.56329 3.51596 3.77351 3.97192 3.90903 4.09301 4.16427 4.01811 3.94083 3.94212 3.98003 4.05564 4.10802 4.08099 3.96900 3.83990 3.80902 3.88240 3.96201 3.98517 4.01732 4.13923 4.25751 4.30266 4.26234 4.13083 3.94492 3.85562 3.94769 3.96140 3.96575 4.04595 4.10214 4.04864 3.91744 3.55049 3.10495 2.94908 3.28951 3.39930
4.50955 4.50586 4.50862 4.37885 4.14212 3.88245 3.69702 3.58007 3.51363 3.51708 3.52935 3.49940 3.64867 3.63847 3.75832 4.27272 4.48395 4.40317 4.07566 4.09131 4.24444 4.27020 4.39027 4.34171 4.09910 3.64192 3.42658 3.61734 4.08511 4.15540 4.19082 4.21620 4.30193 4.06784 4.07244 4.10915 4.03995 4.00302 4.00341 4.01144 3.96750 3.88953 3.87136 3.91494 3.91647 3.90348 3.98508 4.18982 4.34484 4.38824 4.37778 4.34498 4.22001 4.01401 3.91674 4.00523 4.13127 4.23640 4.26120 4.15533 3.83600 3.39589 3.08193 3.15506 3.43949 3.37748
4.59855 4.60193 4.52188 4.27504 4.05133 4.09083 4.10373 4.04928 3.82728 3.58088 3.55822 3.55773 3.50082 3.62923 3.91850 4.31328 4.48474 4.50210 4.39513 4.34703 4.45762 4.46596 4.41308 4.26481 4.01209 3.60890 3.59902 4.17320 4.44694 4.36302 4.23039 4.37153 4.43351 4.19372 4.01940 4.15724 4.18774 4.14227 4.11254 4.14902 4.14923 4.08579 4.05027 4.02102 3.96197 3.98142 4.10581 4.24516 4.39108 4.43870 4.43148 4.41338 4.39974 4.35229 4.26934 4.27707 4.32194 4.30132 4.22047 4.04916 3.66347 3.27673 3.13872 3.28551 3.44692 3.29352
4.64322 4.63440 4.55365 4.36184 4.04719 3.95612 3.99502 4.12630 4.18421 3.96340 3.67866 3.75921 3.47581 3.57657 3.91503 4.08168 4.23655 4.40120 4.36083 4.35148 4.45588 4.44252 4.38864 4.34931 4.17989 3.68121 3.66469 4.23639 4.44616 4.31111 4.06628 4.15776 4.31672 4.11991 3.87627 4.03492 4.24823 4.35394 4.37495 4.38706 4.37275 4.29135 4.18582 4.05308 3.96702 4.03383 4.15228 4.19863 4.32411 4.41851 4.47660 4.47211 4.45098 4.43875 4.43096 4.43699 4.40341 4.26771 4.10701 3.76819 3.41464 3.08347 3.11603 3.29244 3.34651 3.20899
4.68437 4.68373 4.61012 4.50269 4.26286 4.00874 3.85180 3.88837 4.08743 3.84899 3.61366 3.79967 3.49144 3.54390 3.79812 3.77775 3.87808 4.21858 4.34925 4.41401 4.51552 4.50554 4.50636 4.43264 4.29844 3.80543 3.61776 3.86533 4.06534 3.76896 3.61599 3.65906 3.86372 3.87417 3.75777 4.04674 4.17163 4.31501 4.45479 4.50324 4.45637 4.36834 4.23790 4.01059 3.87130 3.95354 4.11106 4.11361 4.18753 4.33466 4.45249 4.51641 4.51912 4.50667 4.50008 4.49663 4.42759 4.17411 3.84812 3.51907 3.16101 3.02717 3.15445 3.28494 3.28755 3.22277
4.63485 4.67027 4.58485 4.51415 4.42404 4.13929 3.73237 3.69036 3.79711 3.60859 3.58126 3.86801 3.59606 3.59866 3.79987 3.92816 3.96795 4.12355 4.39849 4.48130 4.54586 4.50784 4.49753 4.47415 4.33753 4.09829 3.81183 3.74452 3.71358 3.56277 3.55890 3.53447 3.58348 3.74264 3.78626 4.20606 4.14913 4.32010 4.50371 4.53625 4.45771 4.37535 4.26324 3.99594 3.78700 3.84731 4.12377 4.14667 4.10998 4.21602 4.38209 4.50606 4.54715 4.54521 4.53266 4.50936 4.41191 4.06430 3.60405 3.35130 3.12057 3.15188 3.27265 3.41446 3.46592 3.41019
4.52632 4.55363 4.46353 4.44419 4.36849 3.97225 3.59104 3.56580 3.67597 3.71172 3.90805 4.06537 3.77835 3.81477 4.16856 4.32175 4.29556 4.33867 4.49080 4.57788 4.59094 4.52482 4.49576 4.44641 4.42804 4.36611 4.12821 3.80418 3.65264 3.60625 3.73636 3.65526 3.57538 3.69222 3.99539 4.21476 4.20149 4.36723 4.50160 4.47048 4.34421 4.28137 4.25313 4.06600 3.78490 3.76909 4.07167 4.23674 4.07545 4.08694 4.32962 4.48388 4.53719 4.54029 4.52562 4.49270 4.38309 3.97828 3.45590 3.20443 3.18100 3.32474 3.52284 3.79869 3.88382 3.65231
4.44245 4.38216 4.32953 4.37853 4.28767 3.82977 3.49496 3.50406 3.68260 4.00903 4.23492 4.20981 3.79456 3.73332 4.05640 4.28357 4.30452 4.41299 4.53406 4.60333 4.62635 4.56258 4.51399 4.51983 4.49482 4.33566 4.12876 3.89549 3.74660 3.78522 4.01945 3.93919 3.74705 3.77353 4.08474 4.20439 4.24633 4.36256 4.38054 4.19047 4.04123 4.09595 4.20958 4.19449 3.82818 3.68743 3.93522 4.27353 4.06259 3.93577 4.19782 4.43170 4.50175 4.50540 4.48844 4.42380 4.24465 3.80154 3.36955 3.14051 3.25711 3.44883 3.70358 4.03811 4.17492 4.01185
4.42510 4.36611 4.37471 4.34612 4.30275 3.98293 3.51189 3.42934 3.54426 3.69880 3.91208 4.10563 3.69693 3.71713 4.18267 4.34701 4.33324 4.41220 4.46558 4.50853 4.53582 4.48362 4.47682 4.50191 4.38614 4.17194 4.14682 4.13798 4.13753 4.20645 4.27533 4.19295 4.08219 3.95587 4.01040 4.11940 4.17614 4.13439 3.97388 3.79683 3.82761 3.96027 4.09252 4.18823 3.87066 3.61250 3.79524 4.26637 4.13711 3.82006 3.83890 4.19845 4.36760 4.38620 4.32408 4.15121 3.76877 3.48551 3.22112 3.19200 3.41188 3.56508 3.79537 4.08562 4.09360 3.86109
4.34483 4.41425 4.32835 4.24898 4.35835 4.29739 3.77338 3.53046 3.57744 3.61659 3.81744 4.07750 3.81657 3.86737 4.06201 4.16865 4.30255 4.45687 4.47696 4.47605 4.45359 4.38635 4.38601 4.43190 4.31806 4.22799 4.33443 4.38618 4.42002 4.35102 4.31784 4.35812 4.33540 4.07731 3.95519 4.09455 3.90161 3.70058 3.65387 3.69754 3.81799 3.90846 3.94862 4.07575 3.84037 3.58192 3.74444 4.18422 4.25894 3.99303 3.67498 3.70214 3.91449 3.97400 3.78658 3.57906 3.43644 3.34047 3.26752 3.36856 3.52195 3.63477 3.89705 4.11931 3.99379 3.73742
4.32348 4.33247 4.33202 4.42496 4.52875 4.48486 4.19846 3.76638 3.71351 3.89354 3.99835 4.18846 4.02649 3.94614 3.99996 4.09919 4.33950 4.47544 4.49308 4.51077 4.44522 4.41709 4.31788 4.35353 4.36592 4.17120 4.31180 4.43302 4.42745 4.42232 4.45222 4.48034 4.38573 4.06587 3.86034 4.00563 3.61233 3.56021 3.63898 3.79851 3.88135 3.80420 3.78597 3.98246 3.74808 3.61390 3.78855 4.02749 4.17218 4.13489 3.77337 3.55181 3.56755 3.54503 3.43805 3.33886 3.34686 3.40754 3.47321 3.53792 3.60219 3.74583 4.07369 4.23063 4.06032 3.85234
4.52429 4.50153 4.52634 4.58014 4.58847 4.53636 4.43657 4.12704 3.81992 3.87612 4.09145 4.22611 3.78490 3.84690 4.04463 4.18709 4.39060 4.45912 4.50008 4.49849 4.41268 4.39560 4.23970 4.20326 4.37358 4.20850 4.26633 4.46149 4.43021 4.43253 4.46706 4.45007 4.34903 4.09826 3.73376 3.67474 3.55719 3.73068 3.86893 4.01829 3.98115 3.71876 3.62189 3.80760 3.57906 3.63671 3.93240 3.98241 3.92210 3.82959 3.70722 3.56004 3.52765 3.47649 3.41506 3.44215 3.53937 3.67888 3.73968 3.65177 3.65832 3.85007 4.17223 4.25803 4.16187 4.03194
4.68128 4.66650 4.62916 4.57704 4.55118 4.50479 4.47275 4.39272 4.03324 3.81467 3.97529 4.07595 3.87281 4.22181 4.32114 4.32486 4.41550 4.37246 4.38281 4.37684 4.31637 4.34071 4.23046 3.94436 4.02473 4.06598 4.31137 4.47761 4.45586 4.45184 4.46347 4.44111 4.40084 4.29051 3.95391 3.67999 3.82537 4.19138 4.22215 4.25942 4.13665 3.76444 3.53582 3.51161 3.42012 3.60315 3.76234 3.66139 3.54779 3.58523 3.67847 3.67395 3.60223 3.59971 3.64356 3.83705 3.95024 3.92573 3.81743 3.71440 3.71672 3.86939 4.08099 4.08104 3.97194 3.94631
4.71601 4.63774 4.54366 4.47683 4.45159 4.50595 4.51697 4.45323 4.26501 3.92902 3.94480 4.16061 3.96731 3.96943 4.15409 4.25819 4.37686 4.32733 4.25460 4.22072 4.24736 4.31189 4.29521 4.01721 3.85589 4.03578 4.31609 4.38484 4.34222 4.35586 4.40213 4.35030 4.36443 4.32749 4.22736 4.04368 4.15866 4.30663 4.28574 4.28054 4.19040 3.93889 3.67963 3.41127 3.41598 3.50953 3.43844 3.38927 3.47263 3.62474 3.76667 3.81382 3.69233 3.72146 3.90400 3.99669 3.84963 3.66001 3.61179 3.71760 3.78824 3.84962 3.88998 3.82532 3.74486 3.74460
4.58087 4.48127 4.38446 4.34545 4.33254 4.50884 4.53717 4.48092 4.36556 4.06610 3.92647 4.15311 4.12717 4.09777 4.18959 4.16785 4.25853 4.32782 4.26774 4.24197 4.26459 4.30884 4.33501 4.28487 4.16315 4.10623 4.15068 4.19633 4.14774 4.06089 4.06460 4.05561 4.05634 4.14350 4.22369 3.98973 3.93620 4.06809 4.02828 4.07663 4.12391 4.03738 3.70675 3.47601 3.53137 3.50246 3.38189 3.47400 3.65156 3.74331 3.78080 3.82314 3.74028 3.67483 3.72614 3.67062 3.57267 3.48351 3.50008 3.63027 3.81723 3.83387 3.75312 3.68583 3.67491 3.70176
4.42633 4.33501 4.35416 4.29045 4.14238 4.34103 4.35772 4.34437 4.34952 4.19467 4.00241 4.12650 4.29020 4.28894 4.29288 4.15714 4.13044 4.23000 4.31558 4.36933 4.36135 4.36902 4.39646 4.42652 4.41125 4.31778 4.24962 4.25205 4.22083 4.09784 4.00833 4.02038 3.90632 3.78224 3.77293 3.66339 3.79546 3.92859 3.77482 3.66007 3.69883 3.76127 3.67248 3.62649 3.67604 3.63893 3.60251 3.67470 3.80741 3.88085 3.92200 3.98682 3.94219 3.79394 3.72013 3.66813 3.60632 3.57426 3.61635 3.65129 3.83368 3.83875 3.70196 3.64637 3.67822 3.74810
4.33039 4.34252 4.43154 4.37509 4.14829 4.13939 4.22775 4.32831 4.38745 4.32408 4.15622 4.08253 4.30105 4.12783 4.06342 4.08757 3.96815 4.06337 4.36495 4.44075 4.42274 4.43342 4.44583 4.44548 4.43950 4.40564 4.38613 4.37313 4.35878 4.29517 4.24792 4.23404 4.14939 3.92687 3.78486 3.77541 4.07791 4.05426 3.86916 3.64139 3.61336 3.72972 3.78027 3.85874 3.78932 3.65037 3.72010 3.78031 3.92928 4.07972 4.12138 4.17541 4.17941 4.08680 4.06454 3.97638 3.80317 3.76882 3.85423 3.83748 3.96082 3.85945 3.70199 3.65451 3.70570 3.83382
4.25821 4.31130 4.41567 4.36570 4.25853 4.21426 4.33296 4.38984 4.36260 4.27188 4.12801 4.15083 4.35131 4.00640 3.91577 4.08434 3.92470 4.06052 4.41152 4.44071 4.42736 4.43922 4.44366 4.42716 4.40813 4.38691 4.38077 4.37926 4.36707 4.33646 4.30394 4.27089 4.21675 4.11703 4.06232 4.08369 4.14116 4.04985 3.95335 3.89679 3.83878 3.85011 3.95299 3.90737 3.69579 3.59166 3.71011 3.80884 3.88530 3.98377 4.07385 4.25103 4.32014 4.18226 4.13124 4.06554 3.85908 3.78946 3.90702 4.03342 4.06233 3.85689 3.74191 3.69099 3.73035 3.88417
4.17491 4.20531 4.25410 4.21686 4.22623 4.25921 4.32673 4.34899 4.29346 4.19389 4.12886 4.21091 4.18558 3.69869 3.87299 4.14548 4.04315 4.16345 4.37366 4.37797 4.40522 4.43025 4.43683 4.42406 4.40300 4.38903 4.38402 4.38443 4.36520 4.33106 4.28710 4.23280 4.17669 4.09524 4.11960 4.20643 4.21363 4.11490 4.01415 3.97466 3.91427 3.83864 3.82481 3.71014 3.58402 3.56309 3.71879 3.84719 3.84090 3.78344 3.74917 4.00507 4.17596 3.93352 3.87392 4.04214 3.94946 3.85231 3.99733 4.08838 3.89745 3.81100 3.85471 3.77036 3.68992 3.68453
4.14697 4.11379 4.08106 4.13773 4.19542 4.22444 4.27830 4.25361 4.18194 4.12003 4.14227 4.19390 3.76518 3.58694 3.99447 4.21602 4.12874 4.03996 4.23605 4.33079 4.40940 4.45251 4.46595 4.46263 4.45505 4.44971 4.43857 4.42756 4.40442 4.36653 4.33079 4.30196 4.28532 4.27468 4.29801 4.37085 4.35343 4.26464 4.22320 4.16112 4.05958 3.92626 3.79630 3.73633 3.66491 3.70582 3.94453 4.09135 4.07148 3.90478 3.67052 3.69053 3.79991 3.67755 3.66317 3.71742 3.71703 3.67431 3.79956 3.83590 3.71450 3.78746 3.96508 3.99035 3.83799 3.70229
4.24430 4.22531 4.21093 4.13960 4.11508 4.21800 4.29765 4.22521 4.13696 4.11829 4.16977 4.19175 3.60443 3.67512 4.15847 4.29059 4.27692 4.05687 4.11924 4.33599 4.46139 4.50505 4.52337 4.53047 4.53578 4.53587 4.51983 4.50234 4.48492 4.46547 4.44959 4.43658 4.42888 4.41351 4.38920 4.44161 4.42808 4.31979 4.32651 4.37246 4.32194 4.20631 4.10158 4.03965 3.94979 3.95476 4.06511 4.10281 4.12762 4.12305 3.95298 3.80528 3.84448 3.82526 3.85152 3.75626 3.71576 3.74255 3.90804 3.83168 3.75200 3.77480 3.81217 3.96473 4.04741 3.94026
4.41605 4.43597 4.38613 4.19145 4.09329 4.19909 4.26353 4.18878 4.17557 4.23997 4.21494 4.15324 3.65399 3.90680 4.20528 4.25067 4.32119 4.15261 4.11752 4.33858 4.51093 4.56282 4.58306 4.59718 4.60610 4.60038 4.58899 4.57700 4.56719 4.55628 4.54718 4.53732 4.50205 4.43636 4.42966 4.49556 4.47681 4.34570 4.34251 4.44001 4.44961 4.41463 4.36620 4.33030 4.20288 4.04410 4.00972 4.03928 4.02675 4.06298 4.06916 4.01122 4.07847 4.00157 3.93815 3.83782 3.73984 3.80211 4.01144 3.93612 3.74301 3.70395 3.70150 3.72300 3.69483 3.68544
4.53461 4.53765 4.40181 4.16514 4.08509 4.16623 4.18253 4.13294 4.14270 4.23769 4.10843 3.86493 3.56647 3.85174 4.15203 4.15535 4.27371 4.25135 4.21192 4.37419 4.51948 4.55511 4.57514 4.60084 4.61832 4.62145 4.62180 4.62175 4.61507 4.59419 4.57916 4.57399 4.53613 4.45856 4.43859 4.48283 4.43368 4.30178 4.35156 4.46114 4.49244 4.45132 4.38941 4.37348 4.31424 4.19699 4.13468 4.11448 3.91628 3.83212 3.88012 3.90655 4.00247 3.86580 3.75272 3.61902 3.59581 3.73024 3.91982 3.86584 3.61966 3.65057 3.74267 3.78548 3.70873 3.70433
4.59362 4.54111 4.33939 4.08973 4.06702 4.11583 4.04742 3.99083 4.03708 4.12420 3.88919 3.59826 3.71202 4.09707 4.25625 4.17239 4.23693 4.35056 4.35248 4.44116 4.49456 4.50914 4.53254 4.56893 4.60688 4.63452 4.64451 4.64470 4.64005 4.61959 4.59586 4.58364 4.55694 4.49477 4.43703 4.39146 4.26332 4.16027 4.28298 4.42697 4.47466 4.36664 4.20050 4.14128 4.13801 4.08187 3.94763 3.76428 3.59045 3.59050 3.62991 3.62698 3.72319 3.66410 3.62089 3.52566 3.55332 3.66304 3.68846 3.68436 3.55675 3.70689 3.75497 3.87094 3.80511 3.85515
4.57193 4.50691 4.25774 4.02293 4.01709 3.98280 3.89108 3.90271 4.05907 3.84197 3.88866 3.94249 4.24636 4.32473 4.36952 4.39871 4.35915 4.47311 4.45594 4.47721 4.49840 4.51432 4.52345 4.54182 4.57845 4.61635 4.64124 4.65119 4.65333 4.63796 4.61100 4.59199 4.56897 4.53236 4.46760 4.32549 4.14562 4.07616 4.10810 4.27892 4.39486 4.18220 3.95331 3.93353 3.89792 3.80618 3.65616 3.50555 3.42042 3.48324 3.55691 3.56685 3.69744 3.66585 3.61031 3.57518 3.60476 3.64598 3.58613 3.55940 3.57998 3.78802 3.76395 3.79579 3.66127 3.65765
4.50908 4.44111 4.12493 3.93354 3.93000 3.94960 3.99656 4.06312 3.99288 4.16401 4.26788 4.32688 4.39650 4.39157 4.43045 4.49605 4.42995 4.50601 4.51144 4.53872 4.56016 4.57141 4.54516 4.52081 4.55080 4.60075 4.62550 4.64000 4.64634 4.63141 4.60410 4.58533 4.56656 4.54399 4.47075 4.32084 4.17198 4.13834 4.03489 4.09297 4.28844 3.98034 3.85639 3.99435 3.97395 3.83903 3.59258 3.36783 3.29162 3.41825 3.51029 3.57836 3.82392 3.66434 3.56484 3.57527 3.59249 3.59290 3.56849 3.58336 3.66749 3.67753 3.62018 3.47549 3.31856 3.31653
4.40755 4.33457 3.83863 3.75496 4.04662 4.28008 4.22851 4.24103 4.42616 4.42112 4.39524 4.44715 4.42055 4.41998 4.47370 4.49499 4.45281 4.50058 4.48690 4.53203 4.57919 4.59566 4.52939 4.49000 4.54446 4.59306 4.61232 4.62995 4.62878 4.59937 4.55953 4.53038 4.51248 4.50165 4.44690 4.32028 4.21721 4.22258 4.07847 3.98972 4.15882 3.88807 3.85749 4.05373 4.05381 3.82564 3.38161 2.93068 2.94056 3.23819 3.31612 3.50866 3.81277 3.56420 3.45362 3.49837 3.49819 3.51784 3.57731 3.66318 3.65100 3.58468 3.46119 3.21732 3.16006 3.17555
4.29696 4.16339 3.59896 3.71222 4.27184 4.41710 4.45769 4.45428 4.52365 4.44761 4.38454 4.43063 4.43710 4.45785 4.50563 4.50021 4.45569 4.46182 4.46972 4.51468 4.53478 4.55788 4.48700 4.48890 4.55567 4.58646 4.61116 4.62165 4.60039 4.54765 4.48168 4.43886 4.41489 4.40970 4.40853 4.34941 4.26135 4.26261 4.22219 3.97187 3.94967 3.86722 3.95899 4.03642 3.98995 3.58960 2.67844 1.59155 1.93097 2.66629 2.93952 3.38711 3.67329 3.42668 3.32647 3.41831 3.44220 3.47619 3.53638 3.59418 3.61694 3.49733 3.29634 3.14488 3.29138 3.31429
4.29378 3.90041 3.80179 4.21115 4.39674 4.46929 4.46425 4.45437 4.50047 4.47730 4.38232 4.35855 4.43678 4.50811 4.55346 4.54100 4.50678 4.49811 4.52962 4.54264 4.51736 4.52398 4.48602 4.52092 4.55778 4.57169 4.58584 4.59293 4.55028 4.45386 4.34550 4.30562 4.28325 4.27002 4.32096 4.38596 4.30398 4.24373 4.27135 4.09132 3.91071 3.87430 3.85358 3.67391 3.49674 2.97004 1.68839 0.76704 1.35467 2.05114 2.39710 3.11235 3.48136 3.30985 3.30945 3.47603 3.53230 3.49677 3.44980 3.52052 3.59635 3.36212 3.21143 3.22812 3.34230 3.33387
