mrvbf_slope1.4_pctl1.5.asc
NCOLS 410
NROWS 410
XLLCORNER 2398750.0000000000000000
YLLCORNER 2548750.0000000000000000
CELLSIZE 250.0000000000000000
NODATA_VALUE -99999.00000
[rows 377 to 405 of 410, columns 198 to 263 of 410]
2.77030 2.73084 2.54495 2.33906 2.57632 2.97211 3.15837 3.31898 3.38041 3.39266 3.34787 3.17448 3.03752 3.18094 3.35690 3.44155 3.52773 3.58058 3.56946 3.60478 3.69945 3.80260 3.93402 4.27045 4.53806 4.64962 4.62547 4.72475 5.00615 5.14882 5.25360 5.32591 5.32880 5.21640 5.08259 5.01108 4.98462 4.88824 4.82608 5.15144 5.52688 5.76370 5.90627 5.99561 6.09319 6.09886 6.12786 6.17377 6.14143 6.05084 6.00904 5.95903 5.86164 5.84044 5.84851 5.89139 5.94551 6.00871 6.03623 6.04125 6.02885 5.98873 5.87487 5.48532 5.28343 5.51398
2.67245 2.58088 2.41112 2.38438 2.74296 2.96390 3.09988 3.29479 3.40507 3.43822 3.44025 3.39125 3.31386 3.33158 3.41334 3.45058 3.48915 3.57063 3.61564 3.64794 3.71853 3.79518 3.86341 4.02524 4.40086 4.60444 4.58896 4.55255 4.72737 4.89748 4.94902 5.01565 4.96327 4.81761 4.80680 4.88571 4.99388 5.00796 4.80131 4.93858 5.39910 5.67482 5.81925 5.90553 6.03196 6.07426 6.11584 6.15598 6.10180 6.00789 5.97544 5.96684 5.95981 5.92016 5.83000 5.76250 5.79225 5.82607 5.84693 5.88841 5.91387 5.89976 5.79952 5.64499 5.63616 5.60412
2.52003 2.40218 2.40346 2.55823 2.85370 2.92577 3.09236 3.21527 3.40477 3.45861 3.46403 3.42973 3.34235 3.30336 3.33820 3.38235 3.46983 3.56367 3.62263 3.67771 3.76083 3.82756 3.87314 3.95058 4.18548 4.49762 4.60095 4.46350 4.42218 4.55005 4.59163 4.60286 4.57640 4.60020 4.70390 4.79578 4.88574 4.92093 4.84027 4.99522 5.34095 5.63709 5.80490 5.86670 5.98505 6.05189 6.09713 6.12521 6.07890 5.95108 5.91856 6.01811 6.05521 6.02440 5.94220 5.79268 5.64753 5.45108 5.39918 5.56461 5.74190 5.81244 5.82543 5.87059 5.83280 5.65730
2.43967 2.40831 2.48459 2.65413 2.88561 2.99174 3.06805 3.25627 3.39328 3.44164 3.44174 3.39478 3.25366 3.19199 3.26825 3.37017 3.48884 3.58317 3.62674 3.68687 3.76142 3.80124 3.83865 3.89304 4.03082 4.31894 4.44664 4.31282 4.21991 4.31700 4.44238 4.46447 4.52819 4.67632 4.79144 4.83358 4.90390 4.92427 4.92613 5.14445 5.42480 5.67466 5.80860 5.87425 5.96099 6.01501 6.05942 6.07298 6.05287 6.05625 6.03964 6.05369 6.08217 6.06231 5.98827 5.88403 5.63526 5.27193 5.11416 5.35167 5.71300 5.88286 5.94331 5.96453 5.85623 5.56993
2.40088 2.28581 2.24560 2.45617 2.76341 2.96671 3.09815 3.24894 3.34172 3.38661 3.38361 3.31678 3.16543 3.10625 3.22766 3.37793 3.50708 3.59515 3.62824 3.65168 3.69846 3.73336 3.77146 3.81819 3.88713 4.10778 4.23117 4.17051 4.10892 4.21623 4.42113 4.53789 4.64508 4.78132 4.86378 4.88538 4.96751 4.97825 5.12372 5.39131 5.58448 5.69199 5.78604 5.86708 5.87786 5.89267 5.95682 6.00482 6.00237 6.00303 6.01642 6.03310 6.06606 6.08526 6.03365 5.86487 5.55239 5.40883 5.39974 5.27373 5.65366 5.91583 5.95366 5.91269 5.73881 5.20335
2.04049 1.74312 1.58485 2.06604 2.45281 2.70845 2.95585 3.15150 3.25675 3.30473 3.28450 3.19005 3.08929 3.08537 3.22016 3.39317 3.51696 3.60024 3.64270 3.65642 3.67070 3.69099 3.70997 3.74065 3.78625 3.91789 4.08443 4.10053 4.05565 4.12738 4.35496 4.55542 4.68938 4.78613 4.86378 4.93591 5.04572 5.17038 5.39275 5.53193 5.61764 5.67605 5.73809 5.75021 5.65179 5.57697 5.64398 5.82997 5.94553 5.98236 6.00526 6.05318 6.11436 6.11145 5.98600 5.74002 5.60871 5.71601 5.62167 5.39014 5.62935 5.88262 5.89943 5.82263 5.53224 4.84544
1.78823 1.83161 1.82088 2.12244 2.37766 2.52655 2.71934 2.97718 3.14287 3.18548 3.12897 3.05786 3.05232 3.12137 3.26060 3.40569 3.50542 3.58542 3.64361 3.67010 3.66676 3.65603 3.65396 3.66256 3.68116 3.73943 3.90627 4.01946 4.00773 3.98783 4.12688 4.38447 4.60711 4.75451 4.87035 4.97983 5.12065 5.23051 5.39605 5.53876 5.62178 5.64466 5.59831 5.45390 5.24814 5.06758 5.04298 5.31767 5.69686 5.91528 6.01071 6.09031 6.12327 6.03881 5.79584 5.59889 5.71641 5.88913 5.71150 5.51296 5.64047 5.82510 5.84510 5.75412 5.41795 4.74787
1.93212 2.12684 2.12318 2.26093 2.43256 2.53974 2.64311 2.85035 3.01432 3.02457 2.96636 2.97975 3.07219 3.18661 3.31266 3.41722 3.47058 3.52902 3.59552 3.62104 3.62501 3.61131 3.59824 3.59432 3.59713 3.60115 3.65690 3.74486 3.83173 3.97243 4.01893 4.10205 4.38561 4.66383 4.77952 4.91640 5.13924 5.25351 5.34748 5.49332 5.60807 5.59621 5.38330 5.02948 4.76016 4.60437 4.56392 4.73651 5.22098 5.65105 5.90463 6.04128 6.04009 5.84450 5.52603 5.49443 5.75629 5.87557 5.70068 5.57287 5.63763 5.75603 5.79874 5.71217 5.37404 4.76334
2.03758 2.20488 2.24777 2.34819 2.46485 2.55561 2.65551 2.78232 2.86657 2.87779 2.89303 2.98224 3.12224 3.23884 3.34964 3.43258 3.43992 3.44866 3.50883 3.51591 3.51748 3.51736 3.51862 3.53001 3.54284 3.55067 3.54822 3.58859 3.65340 3.83717 4.10040 4.03283 4.02684 4.32820 4.58754 4.81769 5.00751 5.15266 5.14603 5.30785 5.50824 5.53119 5.18257 4.57236 4.30922 4.49468 4.55803 4.54097 4.91013 5.40937 5.75702 5.90861 5.86626 5.58412 5.34189 5.53352 5.81041 5.81702 5.66235 5.59710 5.66376 5.72135 5.75127 5.68837 5.40258 4.89387
2.04383 2.22139 2.33062 2.39399 2.47725 2.56233 2.67216 2.77684 2.80850 2.79719 2.81908 2.92505 3.09698 3.22496 3.32592 3.38170 3.35945 3.35337 3.35782 3.34848 3.33352 3.34684 3.38865 3.43072 3.46703 3.49697 3.49773 3.50234 3.52212 3.61911 3.89591 3.98710 3.93929 4.05285 4.44890 4.66597 4.79983 4.76242 4.66332 4.96822 5.28665 5.43659 5.16010 4.33293 3.98475 4.62618 4.80890 4.54822 4.87925 5.39220 5.66861 5.75026 5.68786 5.50122 5.48160 5.79345 5.88541 5.76856 5.64339 5.64751 5.71147 5.72751 5.72031 5.67866 5.49012 5.05643
2.27662 2.32958 2.43199 2.48381 2.50624 2.57280 2.69325 2.81094 2.85492 2.82254 2.81596 2.87697 3.01694 3.16419 3.24907 3.29004 3.27102 3.14618 3.03804 2.98629 2.97050 3.01822 3.14549 3.25604 3.31947 3.34997 3.33659 3.34672 3.40605 3.46141 3.68354 3.80001 3.89994 4.16419 4.40196 4.55935 4.50184 4.23398 4.32010 4.59968 4.93411 5.36620 5.34229 4.58716 4.01429 4.46017 4.88947 4.78396 5.14672 5.51022 5.58118 5.60515 5.65869 5.72741 5.77139 5.81250 5.82030 5.71882 5.66938 5.75019 5.79208 5.73354 5.65220 5.59679 5.43769 5.16563
2.44123 2.47858 2.51342 2.55885 2.54736 2.58103 2.70036 2.79886 2.82608 2.83930 2.86801 2.90697 2.99740 3.12632 3.17475 3.16253 3.11543 2.92695 2.81961 2.76480 2.73806 2.75136 2.84943 2.98069 3.04602 3.07939 3.12410 3.22345 3.30630 3.36335 3.54905 3.71744 3.85281 4.01599 4.17198 4.29813 4.16611 3.91541 4.31565 4.29211 4.63630 5.29762 5.35403 4.83354 4.48033 4.82694 5.25258 5.30366 5.43826 5.44109 5.39235 5.46890 5.67465 5.89460 5.91873 5.82924 5.79849 5.77536 5.81331 5.84956 5.83392 5.73831 5.56259 5.37569 5.20168 5.09250
2.53153 2.54165 2.58220 2.58341 2.59182 2.62575 2.73618 2.83165 2.87494 2.89811 2.93995 2.99785 3.05436 3.09820 3.12195 3.07873 2.99059 2.83087 2.77190 2.76275 2.72843 2.66583 2.68640 2.72681 2.74356 2.82365 3.00538 3.12790 3.15224 3.32948 3.48835 3.63661 3.69997 3.72739 3.70371 3.75018 3.85917 3.72815 3.91711 4.10390 4.62896 5.08578 5.13894 4.86741 4.95991 5.35680 5.68529 5.72142 5.51560 5.32433 5.26817 5.37068 5.57320 5.78122 5.89491 5.91915 5.91573 5.94128 5.95641 5.92394 5.90072 5.81989 5.62128 5.34085 5.15205 4.85959
2.57733 2.59531 2.62622 2.65534 2.67005 2.72373 2.80548 2.88449 2.93249 2.95776 2.98825 3.02016 3.06896 3.09052 3.07049 3.01537 2.89382 2.78009 2.76417 2.76289 2.72763 2.64446 2.60717 2.58892 2.62581 2.70723 2.82550 2.95119 3.11715 3.26886 3.39991 3.44601 3.39194 3.26338 3.17028 3.22980 3.37617 3.76545 3.82220 4.00282 4.15801 4.09397 4.42991 4.79273 5.27429 5.60331 5.78404 5.81137 5.62729 5.45560 5.39086 5.37978 5.43883 5.56864 5.73938 5.89193 5.97074 6.00775 6.00864 5.98962 5.99690 5.93226 5.78400 5.59086 5.35385 4.79827
2.64428 2.66712 2.70208 2.72679 2.75436 2.80566 2.85653 2.90030 2.93515 2.96347 2.98616 3.00917 3.04836 3.05510 3.00050 2.94854 2.82867 2.73367 2.69691 2.66067 2.61851 2.58800 2.56087 2.57388 2.61808 2.61623 2.70566 2.87793 2.99166 3.11960 3.22876 3.20760 3.08642 2.96007 2.98095 2.99917 3.05003 3.27779 3.49024 3.41962 3.09999 3.05165 3.58287 4.69922 5.29459 5.54579 5.66138 5.70592 5.68658 5.68598 5.67276 5.51476 5.38055 5.39841 5.53943 5.73067 5.87538 5.95691 5.99917 6.00630 5.99606 5.93321 5.81567 5.67379 5.41539 4.94862
2.71495 2.73444 2.75747 2.78611 2.82174 2.85332 2.86616 2.87555 2.89566 2.93740 2.97032 2.99049 3.01504 3.01960 2.97810 2.90528 2.78598 2.68784 2.62342 2.59548 2.53844 2.50091 2.50256 2.55552 2.56951 2.55009 2.62805 2.74590 2.83669 2.95315 3.04251 3.01181 2.93203 2.93425 3.12224 3.04760 2.92384 2.95503 2.90885 2.73594 2.60043 2.91030 3.03714 3.94767 4.96638 5.32707 5.45509 5.54819 5.67102 5.81438 5.86623 5.68735 5.45423 5.34477 5.36537 5.48540 5.65591 5.80550 5.91427 5.97476 5.96897 5.87837 5.71371 5.50235 5.26364 5.11427
2.76954 2.77922 2.80233 2.83544 2.86081 2.87042 2.85638 2.85023 2.86433 2.90029 2.94522 2.97355 2.98504 2.97162 2.94291 2.87049 2.75264 2.63829 2.56345 2.50851 2.43139 2.37937 2.35444 2.42390 2.45324 2.49709 2.53220 2.60824 2.67334 2.74227 2.83052 2.85365 2.85338 2.95743 3.22780 3.23877 3.02394 2.91605 2.83451 2.87226 3.23415 3.19905 2.88711 3.78011 5.03769 5.22229 5.29668 5.44700 5.63818 5.84147 5.93265 5.80803 5.59397 5.41533 5.29671 5.28605 5.43661 5.63152 5.78312 5.87169 5.88413 5.80485 5.63531 5.41629 5.23110 5.19024
2.80468 2.81503 2.82975 2.84890 2.85739 2.85423 2.85257 2.85742 2.86040 2.88034 2.92196 2.95060 2.94038 2.92076 2.88817 2.83021 2.69956 2.55883 2.47408 2.36926 2.13235 2.03895 2.11812 2.23419 2.35111 2.45307 2.47259 2.49093 2.52157 2.53814 2.61142 2.71090 2.79198 2.94966 3.29934 3.55641 3.52700 3.31395 3.35838 3.79373 3.90539 2.90457 2.78757 4.11360 4.97156 5.01934 5.19873 5.45077 5.60904 5.81447 5.93847 5.87092 5.72072 5.56359 5.38781 5.26220 5.31062 5.48366 5.65149 5.75110 5.77108 5.72838 5.63339 5.47168 5.25371 5.04987
2.80632 2.83182 2.83577 2.84869 2.85484 2.86388 2.87932 2.88163 2.85914 2.87845 2.92295 2.92093 2.87700 2.86497 2.84361 2.77454 2.61627 2.42669 2.32651 2.28462 1.98822 1.63115 1.82072 2.10666 2.21155 2.33378 2.42372 2.41892 2.39577 2.36915 2.40001 2.53416 2.70585 2.93660 3.40704 3.83512 3.98569 3.72699 3.69172 4.08047 3.77755 2.59398 3.11312 4.30948 4.73123 4.80090 5.05120 5.43192 5.55906 5.75775 5.90858 5.88210 5.78358 5.69018 5.56351 5.37106 5.24153 5.33761 5.53074 5.67916 5.70834 5.64453 5.58167 5.45473 5.19891 4.89193
2.80060 2.84513 2.86066 2.87764 2.89100 2.90491 2.90649 2.87202 2.85473 2.89307 2.92515 2.87844 2.83652 2.81267 2.79161 2.70260 2.51941 2.28205 2.17016 2.20428 2.04350 1.76846 1.91944 1.90020 1.91580 2.10294 2.22352 2.18620 2.14607 2.13454 2.17252 2.33716 2.58554 2.92858 3.39425 3.72515 3.73012 3.07396 2.62362 2.78780 2.81931 2.74812 3.92989 4.65200 4.79056 4.89879 5.14099 5.29381 5.52721 5.73712 5.86410 5.84536 5.76052 5.69342 5.59845 5.36783 5.16547 5.20762 5.44410 5.66913 5.71627 5.60170 5.46317 5.33568 5.14527 4.94766
2.79341 2.85048 2.87439 2.89445 2.90712 2.90250 2.88867 2.86961 2.88180 2.90847 2.89101 2.83510 2.81887 2.76076 2.71414 2.61913 2.43404 2.21517 2.06130 1.94220 1.81987 1.88121 1.97669 1.77624 1.77204 1.90210 1.91153 1.76960 1.63615 1.55567 1.70110 2.09535 2.51431 2.97133 3.23519 3.22126 3.10262 2.85873 2.76863 2.82193 2.96558 3.46259 4.41740 4.78594 5.02075 5.27872 5.53598 5.51849 5.63051 5.76588 5.82754 5.79088 5.68740 5.58108 5.44742 5.22733 5.07094 5.13424 5.43792 5.67218 5.70833 5.59525 5.40025 5.32285 5.29257 5.00677
2.77357 2.83237 2.86222 2.88574 2.89155 2.89326 2.89450 2.89484 2.89531 2.88010 2.83291 2.78407 2.76714 2.68804 2.61059 2.54283 2.38860 2.22114 2.10199 1.89268 1.88156 1.93971 1.87844 1.73857 1.77478 1.83167 1.70248 1.46418 1.27452 0.99142 1.02263 1.56351 2.38902 2.88256 3.01191 2.90055 2.95444 3.26907 3.44107 3.54299 3.74007 4.62953 4.69913 4.71018 5.09688 5.45019 5.67223 5.74665 5.78292 5.82319 5.83000 5.76527 5.61434 5.42815 5.23365 5.06911 5.02308 5.15551 5.46347 5.67429 5.70099 5.61022 5.47084 5.44827 5.39994 5.14974
2.73244 2.79735 2.85625 2.88771 2.89951 2.91678 2.92286 2.88843 2.84161 2.80461 2.76315 2.72600 2.69712 2.61942 2.51930 2.44944 2.26247 1.98495 1.70338 1.74513 1.71009 1.61760 1.69112 1.87326 1.86582 1.80625 1.56208 1.21254 1.21003 0.84372 0.76944 1.17251 2.08625 2.70442 2.82579 2.85435 3.08914 3.47812 3.67978 3.75843 4.30136 4.99404 4.60976 4.62750 5.15510 5.47525 5.68130 5.80242 5.85182 5.88304 5.88267 5.80389 5.58542 5.27206 5.01421 4.94024 5.04200 5.22566 5.42398 5.58916 5.65371 5.60915 5.56325 5.58949 5.54114 5.41142
2.64647 2.70849 2.80331 2.86871 2.90100 2.89495 2.87709 2.83812 2.77468 2.71776 2.69579 2.66477 2.60755 2.49545 2.31818 2.16347 2.05148 1.78846 1.26333 1.35425 1.47968 0.85355 1.34597 1.87337 1.97648 1.86097 1.21623 0.75549 0.99934 0.81171 0.91368 1.40426 2.10345 2.60392 2.79072 3.02436 3.45118 3.72681 3.82213 3.66317 4.31430 4.92569 4.54437 4.65517 5.24381 5.54170 5.68069 5.80600 5.90574 5.97091 5.95616 5.87600 5.65191 5.15515 4.81040 4.86965 5.12781 5.31864 5.40638 5.45702 5.50011 5.51523 5.55716 5.61741 5.58112 5.50876
2.67226 2.66976 2.76188 2.86089 2.88443 2.85692 2.83319 2.77504 2.68171 2.62384 2.59408 2.53628 2.38525 2.07349 1.70948 1.71153 1.88181 1.71379 0.77518 0.68041 0.87582 0.57512 0.78251 1.58327 1.89046 1.74185 0.59738 0.48883 0.56886 0.73399 1.32965 1.93966 2.44114 2.76336 2.98784 3.23238 3.57240 3.80684 3.68807 3.65440 4.58586 4.89046 4.57007 4.65265 5.19662 5.60485 5.76680 5.86489 5.97474 6.06545 6.02110 5.89196 5.74079 5.11366 4.69052 4.89015 5.25424 5.41459 5.44103 5.39899 5.34298 5.37300 5.48991 5.57723 5.52004 5.35071
2.60817 2.62223 2.79599 2.86790 2.85049 2.79498 2.75514 2.65988 2.48848 2.28388 2.13188 1.90081 1.34972 0.88933 0.69618 0.79011 1.48501 1.49049 0.59664 0.46314 0.46749 0.49873 0.60096 1.18640 1.67341 1.82014 0.66507 0.41780 0.44113 1.33928 1.83815 2.35695 2.66405 2.89713 3.10620 3.30758 3.53743 3.68249 3.64918 3.94901 4.93199 4.96670 4.63788 4.69003 5.14758 5.59629 5.84235 5.94853 6.01524 6.09480 6.09333 5.94442 5.71498 5.20914 4.82221 4.97242 5.30139 5.47464 5.52150 5.43906 5.21762 5.20149 5.46356 5.54851 5.46370 4.92485
2.53060 2.67482 2.82469 2.86051 2.78048 2.68467 2.58439 2.45984 2.27211 1.74764 0.93929 0.83122 0.66582 0.40032 0.34325 0.42032 0.55763 0.99612 1.27362 0.79577 0.56493 0.60080 0.98762 1.59448 1.87764 2.02861 1.45187 0.83065 1.45962 1.90224 2.30397 2.57461 2.77960 2.99825 3.18997 3.34553 3.49048 3.61243 3.72964 4.18317 5.05129 4.92952 4.67101 4.75452 5.14931 5.56765 5.85917 5.99695 6.02308 6.08451 6.12187 6.03235 5.82409 5.44188 5.07151 5.05411 5.29088 5.51105 5.60509 5.52980 5.18856 4.90411 5.07637 5.32062 5.39304 4.88120
2.56540 2.74044 2.83432 2.83098 2.69555 2.56837 2.33897 2.13933 2.15835 1.70243 0.68084 0.45884 0.52052 0.64997 0.60603 0.70336 1.04560 1.60725 1.81289 1.68101 1.34658 1.18384 1.61227 1.91862 2.05315 2.11722 1.93278 1.80187 1.89758 2.15683 2.46161 2.64410 2.86216 3.08816 3.26673 3.38962 3.47815 3.57848 3.77691 4.30309 4.98513 4.92856 4.72224 4.81166 5.16137 5.54025 5.84307 6.01042 6.02790 6.05630 6.10279 6.04114 5.88040 5.55468 5.20472 5.10625 5.26647 5.50219 5.63501 5.60163 5.29394 4.69159 4.51102 4.97678 5.39810 5.01461
-99999.00000 -99999.00000 -99999.00000 -99999.00000 -99999.00000 -99999.00000 -99999.00000 -99999.00000 -99999.00000 -99999.00000 -99999.00000 -99999.00000 -99999.00000 -99999.00000 -99999.00000 -99999.00000 -99999.00000 -99999.00000 -99999.00000 -99999.00000 -99999.00000 -99999.00000 -99999.00000 -99999.00000 -99999.00000 -99999.00000 -99999.00000 -99999.00000 -99999.00000 -99999.00000 -99999.00000 -99999.00000 -99999.00000 -99999.00000 -99999.00000 -99999.00000 -99999.00000 -99999.00000 -99999.00000 -99999.00000 -99999.00000 -99999.00000 -99999.00000 -99999.00000 -99999.00000 -99999.00000 -99999.00000 -99999.00000 -99999.00000 -99999.00000 -99999.00000 -99999.00000 -99999.00000 -99999.00000 -99999.00000 -99999.00000 -99999.00000 -99999.00000 -99999.00000 -99999.00000 -99999.00000 -99999.00000 -99999.00000 -99999.00000 -99999.00000 -99999.00000
