mrvbf_slope1.1_pctl1.4.asc
NCOLS 410
NROWS 410
XLLCORNER 2398750.0000000000000000
YLLCORNER 2548750.0000000000000000
CELLSIZE 250.0000000000000000
NODATA_VALUE -99999.00000
[rows 29 to 57 of 410, columns 0 to 65 of 410]
-99999.00000 -99999.00000 -99999.00000 -99999.00000 -99999.00000 7.82261 7.82368 7.82758 7.83106 7.83048 7.82671 7.83023 7.82892 7.83710 7.84302 7.83874 7.82803 7.82104 7.82041 7.81269 7.80417 7.80037 7.81130 7.82637 7.82422 7.82059 7.82552 7.83412 7.83463 7.83052 7.82735 7.82254 7.82176 7.83335 7.83815 7.82504 7.81584 7.81608 7.82106 7.83598 7.84182 7.84081 7.83336 7.81985 7.81544 7.80692 7.79844 7.81512 7.80809 7.78428 7.77430 7.78175 7.80084 7.82005 7.82485 7.82765 7.82246 7.80998 7.80293 7.80882 7.81123 7.80668 7.81762 7.83073 7.83622 7.83812
-99999.00000 -99999.00000 -99999.00000 -99999.00000 -99999.00000 7.82112 7.82252 7.82683 7.83064 7.83219 7.83166 7.82666 7.82710 7.82854 7.83632 7.83864 7.83322 7.82652 7.82175 7.81063 7.80497 7.80333 7.80720 7.81349 7.81654 7.81856 7.82303 7.83000 7.83449 7.83587 7.83579 7.83228 7.82134 7.82392 7.83581 7.83455 7.82577 7.82517 7.83402 7.84129 7.84189 7.83996 7.83613 7.82730 7.82291 7.81898 7.79876 7.80194 7.82048 7.80523 7.79274 7.78884 7.79284 7.80390 7.80957 7.81534 7.81558 7.80808 7.80022 7.80555 7.82078 7.81767 7.81465 7.82495 7.83364 7.83568
-99999.00000 -99999.00000 -99999.00000 -99999.00000 -99999.00000 7.82192 7.82401 7.82976 7.83481 7.83764 7.83589 7.82728 7.82692 7.82968 7.83431 7.83700 7.83027 7.82891 7.82427 7.82789 7.83050 7.82898 7.82252 7.81328 7.81235 7.81519 7.82012 7.82583 7.82967 7.83351 7.83525 7.83566 7.82718 7.82250 7.83102 7.83811 7.83701 7.83703 7.83914 7.83914 7.83651 7.83164 7.82527 7.82000 7.82219 7.82226 7.80518 7.80097 7.81614 7.82190 7.81262 7.80050 7.78185 7.77826 7.79084 7.79115 7.80162 7.80628 7.80237 7.80238 7.81570 7.82096 7.81514 7.82071 7.82772 7.82659
-99999.00000 -99999.00000 -99999.00000 -99999.00000 -99999.00000 7.82291 7.82752 7.83553 7.83780 7.83456 7.83700 7.83554 7.83161 7.83644 7.83511 7.83486 7.83539 7.83252 7.83396 7.83679 7.84065 7.83920 7.83152 7.82016 7.81356 7.81155 7.81518 7.82090 7.82502 7.82895 7.82982 7.83441 7.82909 7.82415 7.82843 7.83667 7.83890 7.83617 7.83198 7.82727 7.82180 7.81433 7.80907 7.81122 7.81679 7.81406 7.80329 7.80439 7.81600 7.82351 7.82192 7.81400 7.78574 7.75593 7.75785 7.76973 7.79961 7.80884 7.80129 7.79434 7.80455 7.81784 7.81340 7.81970 7.82074 7.81517
-99999.00000 -99999.00000 -99999.00000 -99999.00000 -99999.00000 7.82310 7.83053 7.83841 7.83353 7.82762 7.83055 7.83277 7.83070 7.82787 7.82726 7.82642 7.82679 7.82260 7.82709 7.83238 7.83715 7.83921 7.83709 7.82884 7.81952 7.81173 7.80898 7.81287 7.81723 7.81895 7.81956 7.82569 7.82866 7.82765 7.82833 7.83336 7.83381 7.83007 7.82604 7.82028 7.81348 7.80728 7.80566 7.80754 7.80632 7.80000 7.79674 7.80570 7.81728 7.81711 7.81612 7.81534 7.80899 7.78650 7.77381 7.79890 7.81486 7.81611 7.80419 7.78930 7.79023 7.80400 7.80887 7.81955 7.81627 7.81510
-99999.00000 -99999.00000 -99999.00000 -99999.00000 -99999.00000 7.82600 7.82945 7.83264 7.82413 7.82779 7.81982 7.82566 7.82276 7.81563 7.81532 7.81824 7.81915 7.81565 7.81726 7.82294 7.82853 7.83232 7.83769 7.83540 7.82701 7.82062 7.81274 7.81186 7.81460 7.81427 7.81229 7.81775 7.82788 7.83283 7.83178 7.83174 7.83107 7.82928 7.82750 7.82414 7.81839 7.81335 7.81208 7.80919 7.79773 7.78317 7.78447 7.80093 7.81176 7.81213 7.81498 7.81450 7.81078 7.81088 7.81122 7.81600 7.82036 7.81722 7.81312 7.80063 7.78870 7.78970 7.80115 7.81191 7.80865 7.80637
-99999.00000 -99999.00000 -99999.00000 -99999.00000 -99999.00000 7.82184 7.82514 7.82918 7.82253 7.81388 7.81800 7.82322 7.82181 7.82332 7.82178 7.82343 7.82259 7.81983 7.81940 7.82050 7.82407 7.82280 7.83257 7.83797 7.83386 7.82908 7.82483 7.82131 7.82154 7.82067 7.81747 7.81800 7.82513 7.83318 7.83452 7.83386 7.83239 7.83167 7.83022 7.82644 7.81956 7.81298 7.81233 7.81245 7.79902 7.77372 7.76782 7.78848 7.80403 7.80659 7.80896 7.80792 7.80340 7.80321 7.80736 7.81039 7.80579 7.79466 7.80226 7.81705 7.80891 7.80075 7.80307 7.80562 7.80220 7.79987
-99999.00000 -99999.00000 -99999.00000 -99999.00000 -99999.00000 7.81327 7.81745 7.82682 7.83052 7.82213 7.82909 7.82976 7.82729 7.82680 7.82813 7.83149 7.82941 7.82835 7.82819 7.82438 7.82572 7.82136 7.82633 7.83699 7.83605 7.83296 7.83043 7.82738 7.82665 7.82608 7.82317 7.82247 7.82371 7.82644 7.82945 7.83300 7.83287 7.83249 7.83208 7.82879 7.82048 7.80898 7.80542 7.81178 7.81076 7.78711 7.76670 7.78278 7.80167 7.80124 7.79792 7.79444 7.79277 7.79541 7.80132 7.80276 7.79227 7.78800 7.78654 7.80305 7.81889 7.82020 7.81980 7.81850 7.81408 7.81200
-99999.00000 -99999.00000 -99999.00000 -99999.00000 -99999.00000 7.81255 7.81098 7.81862 7.83144 7.83270 7.83514 7.83307 7.82923 7.82609 7.82730 7.82978 7.82685 7.82763 7.83106 7.82545 7.82242 7.82120 7.82679 7.83673 7.83873 7.83388 7.82576 7.81971 7.81820 7.82418 7.82213 7.82608 7.82794 7.82661 7.82589 7.82624 7.82814 7.82913 7.83036 7.83030 7.82456 7.81019 7.80021 7.80702 7.81717 7.80386 7.78073 7.79112 7.80622 7.79898 7.79082 7.78548 7.78632 7.79379 7.80338 7.80626 7.79948 7.80377 7.79497 7.79564 7.80792 7.81766 7.82184 7.82318 7.82323 7.81686
-99999.00000 -99999.00000 -99999.00000 -99999.00000 -99999.00000 7.82136 7.81412 7.81437 7.82746 7.83477 7.83619 7.83534 7.83306 7.83113 7.83117 7.83062 7.82469 7.82383 7.82987 7.82438 7.81806 7.81937 7.82626 7.83463 7.83713 7.83211 7.81751 7.81008 7.81169 7.82050 7.81730 7.82498 7.82961 7.83029 7.82527 7.82058 7.82207 7.82490 7.82681 7.82865 7.82743 7.81533 7.80073 7.80242 7.81459 7.81054 7.79271 7.80157 7.81068 7.79982 7.79291 7.79017 7.78992 7.79623 7.80818 7.81626 7.81112 7.80587 7.80601 7.80378 7.80362 7.80587 7.81092 7.81418 7.81694 7.81524
-99999.00000 -99999.00000 -99999.00000 -99999.00000 -99999.00000 7.82293 7.81604 7.81558 7.82629 7.83285 7.83491 7.83633 7.83543 7.83367 7.83155 7.82819 7.82013 7.81872 7.82575 7.82136 7.81341 7.81429 7.82272 7.83218 7.83655 7.83387 7.81881 7.80449 7.80968 7.82007 7.81905 7.82293 7.82720 7.82854 7.82178 7.81619 7.81849 7.82395 7.82432 7.82587 7.82779 7.82148 7.80595 7.80016 7.81102 7.81259 7.80071 7.80964 7.81545 7.80227 7.79808 7.80196 7.79520 7.79588 7.80957 7.81998 7.81864 7.81388 7.81371 7.80781 7.80309 7.80276 7.80572 7.80797 7.80915 7.81387
-99999.00000 -99999.00000 -99999.00000 -99999.00000 -99999.00000 7.81804 7.81578 7.82047 7.82780 7.82689 7.82794 7.83218 7.83172 7.82748 7.81986 7.81222 7.80761 7.81402 7.82261 7.81766 7.80951 7.80906 7.81778 7.82871 7.83478 7.83549 7.82846 7.81462 7.81183 7.81638 7.81459 7.81987 7.82510 7.82516 7.81897 7.81339 7.81534 7.82244 7.82181 7.82439 7.82847 7.82564 7.81188 7.80083 7.80839 7.80693 7.79848 7.81080 7.81514 7.80066 7.79150 7.79879 7.79909 7.80012 7.81291 7.82017 7.81568 7.80747 7.80309 7.80031 7.80111 7.80449 7.80758 7.80811 7.80551 7.81008
-99999.00000 -99999.00000 -99999.00000 -99999.00000 -99999.00000 7.81662 7.81847 7.82253 7.82520 7.82134 7.81911 7.82316 7.82261 7.81033 7.79810 7.79495 7.80154 7.81341 7.81980 7.81436 7.80744 7.80631 7.81133 7.82032 7.82830 7.83314 7.82848 7.81857 7.81791 7.81951 7.81956 7.82038 7.82416 7.82317 7.81786 7.81210 7.81116 7.81594 7.82046 7.82571 7.82939 7.82677 7.81426 7.80323 7.80579 7.79571 7.79583 7.81364 7.81728 7.80650 7.79473 7.79794 7.81360 7.81133 7.81457 7.81588 7.80712 7.79789 7.79429 7.79465 7.79975 7.80708 7.81091 7.80816 7.80155 7.80554
-99999.00000 -99999.00000 -99999.00000 -99999.00000 -99999.00000 7.81581 7.81605 7.81913 7.82012 7.82084 7.81723 7.81422 7.80410 7.78574 7.78332 7.79305 7.80474 7.81387 7.81622 7.81235 7.80679 7.80474 7.80812 7.81324 7.82102 7.82685 7.82097 7.81319 7.81366 7.81131 7.81162 7.81583 7.82294 7.82422 7.81921 7.81342 7.81053 7.81379 7.82107 7.82711 7.82929 7.82711 7.81892 7.81058 7.80424 7.79706 7.81002 7.82353 7.82327 7.81319 7.79788 7.79406 7.80828 7.81107 7.81515 7.81526 7.80534 7.79858 7.79963 7.79726 7.79777 7.80812 7.81401 7.80867 7.79708 7.79360
-99999.00000 -99999.00000 -99999.00000 -99999.00000 -99999.00000 7.81700 7.81242 7.81060 7.81678 7.82321 7.82259 7.81077 7.78869 7.77785 7.79077 7.80447 7.81089 7.81152 7.81198 7.81305 7.80923 7.80380 7.80118 7.80125 7.81349 7.82421 7.81648 7.80462 7.80652 7.80988 7.81442 7.80875 7.81276 7.82157 7.82025 7.81616 7.81314 7.81428 7.82018 7.82601 7.82797 7.82710 7.82429 7.82035 7.81253 7.81302 7.82367 7.82783 7.82296 7.80678 7.78632 7.78771 7.80121 7.80480 7.81482 7.81713 7.80725 7.80465 7.81013 7.80069 7.79681 7.81123 7.81383 7.80757 7.79702 7.78262
-99999.00000 -99999.00000 -99999.00000 -99999.00000 -99999.00000 7.81792 7.81111 7.80502 7.81004 7.82044 7.82257 7.80854 7.78819 7.79041 7.80951 7.81427 7.81021 7.80564 7.81135 7.81721 7.81418 7.80288 7.78799 7.79296 7.81654 7.82514 7.82035 7.80221 7.79841 7.80583 7.81168 7.81454 7.80739 7.81001 7.82045 7.81916 7.81581 7.81487 7.81787 7.82246 7.82461 7.82496 7.82574 7.82597 7.82082 7.82007 7.82358 7.82656 7.82343 7.80914 7.78755 7.77541 7.78102 7.79638 7.81064 7.81292 7.80641 7.80659 7.80986 7.80240 7.80468 7.81644 7.81241 7.80598 7.80213 7.78464
-99999.00000 -99999.00000 -99999.00000 -99999.00000 -99999.00000 7.81950 7.81547 7.80750 7.80301 7.81215 7.81823 7.81042 7.79472 7.79129 7.80396 7.80763 7.80456 7.80894 7.81885 7.82093 7.81720 7.80457 7.78295 7.78514 7.81011 7.81954 7.81574 7.80048 7.79651 7.80473 7.80908 7.81495 7.81215 7.80690 7.81244 7.82140 7.81877 7.81468 7.81475 7.81794 7.82052 7.82182 7.82351 7.82378 7.81679 7.80727 7.80602 7.81461 7.82163 7.81880 7.80525 7.78986 7.79024 7.80081 7.80660 7.80612 7.80371 7.80373 7.80435 7.80663 7.80675 7.81314 7.81119 7.80920 7.80681 7.79156
-99999.00000 -99999.00000 -99999.00000 -99999.00000 -99999.00000 7.82336 7.82154 7.81493 7.80710 7.80728 7.80883 7.81308 7.80472 7.79661 7.79976 7.80593 7.81095 7.81851 7.82305 7.82199 7.81795 7.80814 7.78789 7.77334 7.78707 7.80497 7.79719 7.78594 7.79030 7.80062 7.80599 7.81201 7.81260 7.80568 7.80453 7.81330 7.81697 7.81276 7.81135 7.81479 7.81823 7.81998 7.82221 7.82297 7.81465 7.80228 7.79890 7.80122 7.81173 7.81850 7.81417 7.80559 7.80923 7.81291 7.80880 7.80325 7.80230 7.79952 7.79443 7.79965 7.80957 7.81369 7.81680 7.81544 7.80412 7.78876
-99999.00000 -99999.00000 -99999.00000 -99999.00000 -99999.00000 7.82516 7.82192 7.81858 7.81631 7.81142 7.80466 7.80251 7.80862 7.81154 7.80945 7.81336 7.81960 7.82183 7.82164 7.81989 7.81501 7.80804 7.79555 7.77794 7.77078 7.78145 7.77847 7.77829 7.78822 7.79552 7.80353 7.81056 7.81277 7.80826 7.79970 7.79784 7.81347 7.81007 7.80911 7.81374 7.81684 7.81848 7.82057 7.81975 7.81049 7.80060 7.80472 7.79701 7.80205 7.81057 7.79854 7.78992 7.79270 7.80700 7.81493 7.80637 7.80289 7.79803 7.79684 7.78904 7.79924 7.81350 7.81827 7.81510 7.80481 7.79671
-99999.00000 -99999.00000 -99999.00000 -99999.00000 -99999.00000 7.82413 7.82321 7.82255 7.82157 7.81661 7.81123 7.79783 7.80016 7.81253 7.81650 7.81755 7.81918 7.81654 7.81341 7.81223 7.80998 7.80763 7.80149 7.78861 7.77875 7.77494 7.78121 7.78239 7.78683 7.79495 7.80500 7.81266 7.81479 7.81341 7.80499 7.79221 7.80297 7.80689 7.80718 7.80962 7.81112 7.81395 7.81407 7.80819 7.80169 7.79047 7.78738 7.78681 7.79562 7.78995 7.77801 7.78187 7.78018 7.78886 7.80714 7.81421 7.81086 7.81186 7.81243 7.80232 7.79656 7.80736 7.81373 7.81391 7.81108 7.80663
-99999.00000 -99999.00000 -99999.00000 -99999.00000 -99999.00000 7.82490 7.82572 7.82502 7.82216 7.81747 7.80182 7.77406 7.79693 7.80382 7.81417 7.81416 7.81233 7.81059 7.80819 7.80718 7.80899 7.80955 7.80546 7.79616 7.78742 7.78262 7.78672 7.78626 7.79164 7.79826 7.80468 7.81118 7.81324 7.81146 7.80634 7.79317 7.79657 7.80569 7.80269 7.80174 7.79959 7.80349 7.80285 7.79709 7.80357 7.80338 7.78802 7.79035 7.79011 7.77502 7.77848 7.79510 7.78914 7.78216 7.79579 7.80825 7.80536 7.80466 7.81075 7.81067 7.80652 7.80698 7.81125 7.81415 7.81635 7.81560
-99999.00000 -99999.00000 -99999.00000 -99999.00000 -99999.00000 7.82152 7.82298 7.82283 7.81904 7.81178 7.78046 7.77058 7.77885 7.80274 7.81057 7.80935 7.80736 7.80882 7.81118 7.80950 7.81130 7.81201 7.80826 7.80223 7.79460 7.79119 7.79810 7.79525 7.80034 7.80018 7.79976 7.80663 7.81251 7.81202 7.80776 7.79830 7.79740 7.80269 7.80547 7.80184 7.79376 7.79021 7.79036 7.79535 7.80413 7.80291 7.79301 7.78814 7.77591 7.77502 7.79274 7.80598 7.79785 7.78632 7.78493 7.79443 7.79299 7.80424 7.80598 7.81379 7.81354 7.80844 7.81076 7.81431 7.81704 7.81795
-99999.00000 -99999.00000 -99999.00000 -99999.00000 -99999.00000 7.81469 7.81609 7.81542 7.81221 7.80786 7.77962 7.76784 7.77790 7.79926 7.80424 7.80469 7.80597 7.80939 7.81187 7.81042 7.81064 7.81173 7.80795 7.80502 7.79964 7.79441 7.79862 7.79396 7.79973 7.79797 7.79212 7.80008 7.81029 7.81149 7.80933 7.80446 7.79800 7.79419 7.79415 7.79689 7.80355 7.79991 7.80002 7.80540 7.80111 7.79674 7.78506 7.77379 7.77720 7.79086 7.80269 7.80794 7.80483 7.79852 7.79190 7.78770 7.78650 7.79288 7.79125 7.80423 7.81160 7.81314 7.81156 7.81420 7.81541 7.81533
-99999.00000 -99999.00000 -99999.00000 -99999.00000 -99999.00000 7.81315 7.81510 7.81266 7.80880 7.80715 7.80169 7.78119 7.79588 7.80316 7.80228 7.80137 7.80472 7.80938 7.81091 7.81018 7.80772 7.80925 7.80556 7.80386 7.80301 7.79370 7.79056 7.78940 7.78805 7.79399 7.78425 7.78944 7.80194 7.80306 7.80271 7.80100 7.79798 7.79888 7.79729 7.79447 7.79462 7.80290 7.80971 7.80915 7.79880 7.78798 7.78002 7.78278 7.79483 7.80447 7.80562 7.80779 7.81008 7.80773 7.80468 7.79883 7.78847 7.78637 7.78158 7.79321 7.80435 7.80929 7.81509 7.81522 7.81413 7.81257
-99999.00000 -99999.00000 -99999.00000 -99999.00000 -99999.00000 7.81448 7.81767 7.81594 7.80993 7.80132 7.80572 7.80018 7.80895 7.81109 7.80569 7.80175 7.80340 7.80761 7.81101 7.80990 7.80294 7.80108 7.80084 7.80420 7.80552 7.80064 7.79175 7.79426 7.78524 7.79647 7.78556 7.77692 7.78522 7.78986 7.79548 7.79808 7.79916 7.80164 7.79856 7.79237 7.78915 7.79542 7.80439 7.80466 7.79620 7.78688 7.78370 7.79134 7.80155 7.80582 7.80865 7.81017 7.81213 7.80955 7.80834 7.80612 7.79684 7.79595 7.79055 7.79484 7.80478 7.81053 7.81478 7.81450 7.81284 7.81055
-99999.00000 -99999.00000 -99999.00000 -99999.00000 -99999.00000 7.81533 7.81801 7.81684 7.81030 7.79964 7.80703 7.80508 7.80890 7.80915 7.80517 7.80372 7.80488 7.80702 7.81052 7.80845 7.79937 7.79598 7.79853 7.80351 7.80498 7.79704 7.79078 7.78441 7.78521 7.79824 7.79656 7.77084 7.77139 7.78227 7.79267 7.79854 7.80044 7.80055 7.79798 7.79526 7.79095 7.79083 7.79809 7.79876 7.79433 7.79069 7.79097 7.79658 7.80421 7.80945 7.81256 7.80912 7.80548 7.80253 7.80271 7.80837 7.80155 7.79463 7.79223 7.79992 7.80952 7.81130 7.81103 7.80979 7.80887 7.80687
-99999.00000 -99999.00000 -99999.00000 -99999.00000 -99999.00000 7.81426 7.81671 7.81685 7.80978 7.80609 7.80723 7.80684 7.80297 7.79972 7.80065 7.80584 7.80886 7.80875 7.81104 7.80687 7.80035 7.80132 7.80226 7.80235 7.80160 7.79612 7.79202 7.77945 7.78948 7.79613 7.79572 7.77225 7.77049 7.78208 7.79327 7.80190 7.80495 7.80456 7.80311 7.80080 7.79386 7.79114 7.79461 7.79418 7.79264 7.79307 7.79582 7.80124 7.80751 7.81071 7.80951 7.80297 7.80117 7.79963 7.79473 7.80241 7.80551 7.80185 7.80266 7.80739 7.80184 7.79751 7.79834 7.80299 7.80639 7.80382
-99999.00000 -99999.00000 -99999.00000 -99999.00000 -99999.00000 7.81282 7.81522 7.81563 7.81086 7.80972 7.80835 7.80526 7.79754 7.78426 7.79109 7.80262 7.81013 7.80998 7.81030 7.80478 7.80266 7.80909 7.80897 7.80430 7.80219 7.80403 7.79818 7.79786 7.80110 7.79493 7.78685 7.78213 7.77790 7.78148 7.79309 7.80495 7.80921 7.80891 7.80661 7.80245 7.79645 7.79312 7.79141 7.78936 7.78904 7.79126 7.79514 7.80055 7.80590 7.80858 7.80808 7.80490 7.80169 7.79462 7.79157 7.80095 7.80753 7.80849 7.80862 7.80501 7.79614 7.79471 7.79499 7.80200 7.80851 7.80444
-99999.00000 -99999.00000 -99999.00000 -99999.00000 -99999.00000 7.81311 7.81495 7.81482 7.81354 7.81220 7.81012 7.80283 7.79097 7.79093 7.77871 7.79551 7.80847 7.81020 7.80971 7.80733 7.80495 7.80977 7.81139 7.80582 7.80265 7.80738 7.80247 7.79732 7.79828 7.79096 7.78084 7.78208 7.78278 7.78352 7.79668 7.80873 7.81141 7.80952 7.80592 7.80150 7.79640 7.79340 7.78865 7.78542 7.78485 7.78670 7.79115 7.79775 7.80399 7.80859 7.81121 7.80966 7.80092 7.79280 7.79731 7.80603 7.80898 7.80937 7.81002 7.80662 7.79671 7.79733 7.80046 7.80203 7.80793 7.80597
