mrvbf_slope1.2_pctl1.5.asc
NCOLS 410
NROWS 410
XLLCORNER 2398750.0000000000000000
YLLCORNER 2548750.0000000000000000
CELLSIZE 250.0000000000000000
NODATA_VALUE -99999.00000
[rows 290 to 318 of 410, columns 264 to 329 of 410]
5.01723 5.09426 5.15345 5.29337 5.25856 4.94080 4.86813 4.91057 4.92582 4.93862 5.04312 5.24913 5.18665 5.05710 4.78916 4.78624 4.94051 4.96182 4.97344 5.05051 4.94852 4.84194 4.76308 4.79311 4.92297 4.80883 4.66942 4.65262 4.73077 4.83288 4.92696 5.01792 5.08649 5.12313 5.02352 5.06743 4.90161 4.76962 4.74330 4.63799 4.70526 4.81219 4.89631 5.05959 5.18452 5.13502 5.10253 5.27251 5.26433 5.36165 5.56511 5.54885 5.49588 5.49646 5.52728 5.54037 5.52978 5.51219 5.51507 5.51741 5.49133 5.46348 5.45534 5.48805 5.58739 5.64936
4.97032 5.04632 5.05315 5.16785 5.16456 5.09338 5.03944 5.05243 5.07110 5.04801 5.06361 5.22818 5.17144 5.09886 4.98630 4.88607 4.88421 4.90126 4.86546 4.80277 4.70744 4.69348 4.55192 4.45671 4.60606 4.63599 4.54736 4.62040 4.62431 4.81749 5.06746 5.21649 5.20173 4.98152 5.11623 5.18519 5.00979 4.83046 4.75144 4.83631 5.06120 5.17868 5.24552 5.31153 5.31592 5.23174 5.07571 5.04242 5.10248 5.29873 5.36271 5.32567 5.31089 5.33307 5.37968 5.42312 5.46837 5.51261 5.57953 5.63666 5.61097 5.50979 5.41078 5.33867 5.31451 5.32410
4.98237 4.95003 4.99967 5.07669 5.10941 5.16496 5.05399 4.91987 4.95374 5.06902 5.15044 5.26502 5.16071 5.05121 5.08231 5.00165 4.91749 4.99100 5.00445 4.88558 4.86580 4.89300 4.79521 4.59211 4.59664 4.70774 4.61495 4.81507 4.85887 4.91889 5.11212 5.24594 5.19621 5.11777 5.17608 5.15908 5.08955 4.98734 4.99160 5.16206 5.29571 5.35272 5.38366 5.38043 5.34766 5.31573 5.20992 5.06702 5.12424 5.23182 5.16971 5.11596 5.13319 5.21173 5.34329 5.49648 5.60820 5.67650 5.71577 5.71140 5.62285 5.47633 5.35109 5.26055 5.20150 5.18357
5.01993 4.99873 5.02095 5.03975 5.13097 5.16740 5.03758 4.87136 4.91092 5.07185 5.05766 5.06231 4.97343 4.96491 5.09731 5.03264 4.85043 4.85730 4.91338 4.93183 4.98315 5.00201 4.98659 4.79432 4.62864 4.70365 4.66541 4.97620 4.99654 4.95900 5.01166 5.03113 5.04548 5.13387 5.10805 5.13192 5.07681 5.07098 5.11541 5.25101 5.35096 5.39427 5.40614 5.36555 5.31352 5.31417 5.31544 5.26710 5.25012 5.16778 5.02002 4.95046 4.98452 5.12229 5.35885 5.57436 5.68008 5.71132 5.67616 5.57817 5.48307 5.40379 5.33457 5.28802 5.27306 5.29517
5.02334 5.01224 5.02142 5.04588 5.10867 5.07967 5.00091 4.94590 4.94278 5.00607 4.97239 4.90934 4.89727 5.02922 5.14365 5.10353 4.90731 4.76722 4.77734 4.87426 4.97654 4.96681 4.96816 4.90939 4.64096 4.62854 4.70412 5.05204 5.10690 5.06505 4.96166 4.90050 5.07013 5.07799 5.06491 5.09286 5.14065 5.13235 5.12672 5.20126 5.29454 5.33936 5.34394 5.31029 5.29375 5.33660 5.41147 5.43352 5.35018 5.15524 4.94921 4.85391 4.88822 5.04831 5.31485 5.52519 5.57407 5.51785 5.42471 5.35488 5.35653 5.37290 5.37628 5.38956 5.42919 5.48562
4.98841 5.01835 5.08275 5.15454 5.19989 5.05380 4.97366 5.00690 5.06231 5.06005 5.03273 5.01457 5.04709 5.15488 5.17758 5.11440 4.99028 4.84917 4.80178 4.77709 4.80935 4.84723 4.91662 4.96791 4.87429 4.73290 4.97563 5.15655 5.20141 5.18713 5.02584 4.95350 4.91945 4.94723 5.01816 5.17787 5.25359 5.22147 5.17990 5.16883 5.20410 5.23987 5.25371 5.27098 5.32174 5.39101 5.43310 5.40724 5.30369 5.13183 4.93413 4.81194 4.82873 4.99830 5.25502 5.39543 5.35597 5.26173 5.22254 5.26205 5.33391 5.39749 5.43777 5.47049 5.50495 5.53083
4.95971 5.07584 5.19623 5.20430 5.08187 4.95344 4.96512 5.06125 5.12003 5.07147 5.04299 5.07204 5.13301 5.15904 5.10154 4.97504 4.88589 4.74339 4.66011 4.66427 4.71818 4.79523 4.88583 4.93971 4.97762 4.99931 5.11042 5.16671 5.17723 5.13403 5.06742 4.97563 4.88115 4.85907 5.07878 5.19212 5.25938 5.24337 5.21030 5.18596 5.18828 5.20846 5.22689 5.27128 5.35227 5.40940 5.38430 5.30337 5.20312 5.08470 4.92579 4.79105 4.79326 4.97741 5.21423 5.25733 5.19379 5.16541 5.22146 5.31493 5.39897 5.44553 5.45486 5.44488 5.43423 5.42713
4.93018 5.08559 5.20705 5.11077 4.96187 4.98366 5.06848 5.10627 5.07428 5.04693 4.99867 4.97472 5.01081 5.01030 4.89796 4.79466 4.74137 4.60974 4.53564 4.58401 4.69954 4.81846 4.89866 4.95415 4.98528 5.01374 5.04524 5.09729 5.10021 5.04485 5.00002 4.93492 4.87685 4.92444 5.04293 5.08925 5.15980 5.19788 5.21453 5.23012 5.23193 5.23617 5.25013 5.28199 5.32196 5.33566 5.28898 5.20613 5.12512 5.04592 4.92224 4.79151 4.78247 4.94947 5.12744 5.15500 5.15124 5.21698 5.32451 5.40577 5.44747 5.42405 5.36447 5.31587 5.29323 5.28649
4.83013 4.98013 5.05012 4.97030 4.96518 5.00431 4.91958 4.96602 5.04562 5.09159 5.04676 4.92715 4.83192 4.77944 4.74715 4.78024 4.75522 4.71283 4.73228 4.68097 4.71851 4.84557 4.96655 5.03616 5.02735 4.98212 4.95819 4.97125 4.90714 4.93746 4.77484 4.94294 5.02442 5.05907 5.02910 5.00480 5.02024 5.08364 5.14692 5.21003 5.23903 5.24266 5.24948 5.25036 5.23188 5.21802 5.18619 5.13634 5.09527 5.05320 4.95400 4.82679 4.77993 4.85775 4.99395 5.10446 5.18643 5.25319 5.31222 5.33400 5.32152 5.27456 5.21570 5.17336 5.16297 5.18036
4.66141 4.77666 4.79838 4.74555 4.67926 4.54474 4.51489 4.78627 5.03124 5.13070 5.09290 4.94468 4.76183 4.69414 4.78245 4.88048 4.83027 4.82048 4.86549 4.78679 4.74494 4.82292 4.96023 5.04930 5.06246 4.98452 4.89831 4.86136 4.82362 4.76606 4.77430 4.96828 5.06797 5.09892 5.04586 4.98296 4.94911 4.97959 5.02948 5.11270 5.16260 5.16900 5.17199 5.16071 5.11912 5.08255 5.06300 5.05131 5.06530 5.05433 4.96733 4.84421 4.76098 4.76635 4.88257 5.05860 5.18682 5.18390 5.16414 5.16014 5.15298 5.13066 5.09662 5.07378 5.08163 5.12238
4.54115 4.58937 4.59223 4.55002 4.48690 4.42324 4.48635 4.58593 4.93215 5.08179 5.01206 4.85538 4.76579 4.76507 4.79676 4.87087 4.80307 4.77302 4.79707 4.71898 4.64114 4.69530 4.87806 5.00709 5.00764 4.93927 4.83716 4.71796 4.76995 4.72442 4.83906 4.92682 5.02436 5.10844 5.09372 5.01919 4.94213 4.91549 4.93244 4.96952 5.00032 5.00139 5.00761 5.00033 4.98151 4.96060 4.93941 4.92888 4.93550 4.92367 4.87991 4.81425 4.75418 4.73274 4.80051 4.93410 5.03782 5.04690 5.03960 5.04543 5.05474 5.05237 5.03271 5.02155 5.03897 5.09121
4.55593 4.55589 4.55534 4.52122 4.55255 4.61120 4.45775 4.56621 4.89382 4.93898 4.79986 4.74638 4.82906 4.88679 4.79756 4.74882 4.66124 4.61922 4.60007 4.52162 4.41770 4.42945 4.67047 4.89858 4.90146 4.86097 4.85361 4.68537 4.47222 4.47542 4.63400 4.85562 5.02051 5.12901 5.12094 5.05594 4.93861 4.87155 4.86357 4.82184 4.80344 4.81348 4.82736 4.83484 4.83546 4.83298 4.84500 4.85171 4.83356 4.81609 4.80265 4.78397 4.75965 4.71977 4.71180 4.77962 4.87033 4.94509 4.99207 5.01185 5.02546 5.02692 5.00994 5.00029 5.01814 5.07549
4.68602 4.69428 4.70422 4.66108 4.61743 4.54397 4.36131 4.42546 4.62739 4.58618 4.55206 4.71938 4.91481 4.95800 4.82828 4.66698 4.56943 4.53261 4.49926 4.41265 4.25830 4.17472 4.33910 4.65898 4.77355 4.81209 4.89143 4.75982 4.29077 4.45560 4.35834 4.65370 4.85062 5.02600 5.06622 5.06568 4.94236 4.83650 4.77912 4.73041 4.69874 4.69948 4.70932 4.73057 4.72659 4.68816 4.71011 4.78153 4.80082 4.79241 4.75985 4.71340 4.66606 4.61782 4.61836 4.68484 4.78519 4.89761 4.98515 5.01838 5.02991 5.02464 5.00033 4.98359 4.99674 5.04623
4.86009 4.89239 4.90946 4.89589 4.76971 4.54541 4.29039 4.21598 4.33189 4.37961 4.52275 4.73551 4.91517 4.93261 4.79171 4.66267 4.62457 4.60466 4.56993 4.50660 4.34583 4.14841 4.16954 4.42480 4.66407 4.81081 4.83634 4.74468 4.50777 4.48187 4.66008 4.63285 4.59801 4.79937 4.97192 5.02664 4.94498 4.81665 4.73487 4.70855 4.69824 4.67835 4.67204 4.69864 4.70238 4.64301 4.57835 4.64820 4.75338 4.76620 4.69589 4.59982 4.53387 4.51897 4.56546 4.64710 4.74418 4.85552 4.94496 4.98431 4.99999 4.99151 4.96099 4.93852 4.94456 4.98324
4.97945 4.95778 4.98897 5.03996 4.90392 4.70951 4.49970 4.35184 4.40605 4.53310 4.65781 4.73536 4.89341 4.84565 4.71251 4.70774 4.77859 4.73842 4.65549 4.62833 4.54652 4.26672 4.24574 4.39614 4.56709 4.69816 4.74208 4.68749 4.56641 4.56072 4.63921 4.69698 4.62941 4.51486 4.65556 4.81257 4.86851 4.80266 4.74175 4.73003 4.73296 4.70676 4.67388 4.67514 4.69632 4.68452 4.57840 4.53472 4.62689 4.66413 4.60116 4.49613 4.43682 4.45909 4.53766 4.60785 4.67442 4.75811 4.82357 4.85569 4.87776 4.88604 4.87176 4.85822 4.86491 4.89771
4.97531 4.98349 5.11262 5.14511 4.94590 4.82153 4.79460 4.68557 4.71970 4.74002 4.68458 4.71256 4.90992 4.74955 4.66187 4.76517 4.83830 4.75194 4.63690 4.62279 4.47068 4.33029 4.40281 4.43050 4.42778 4.55976 4.67541 4.57804 4.34929 4.21725 4.26568 4.43878 4.53102 4.56400 4.52171 4.54946 4.66994 4.74632 4.74581 4.74387 4.75129 4.72766 4.66931 4.60916 4.63890 4.66408 4.57793 4.46764 4.45937 4.46766 4.46913 4.41288 4.36729 4.38846 4.45992 4.50034 4.52683 4.57464 4.62854 4.67411 4.72120 4.75430 4.76072 4.76188 4.77531 4.80457
4.79470 4.87684 5.13418 5.18487 4.93830 4.84147 4.84751 4.81315 4.92634 4.81921 4.58152 4.54626 4.81388 4.64900 4.65640 4.75374 4.68348 4.74771 4.65758 4.67437 4.58861 4.46477 4.38916 4.27984 4.19455 4.35748 4.44978 4.24358 4.11204 4.08160 4.18719 4.27484 4.40819 4.67455 4.50496 4.39331 4.48753 4.66028 4.71320 4.70571 4.71256 4.70814 4.63832 4.55871 4.56097 4.57141 4.54200 4.46709 4.38699 4.34877 4.33520 4.35397 4.33691 4.31852 4.35433 4.37459 4.37180 4.38481 4.43634 4.50615 4.57495 4.62643 4.65182 4.66781 4.68791 4.71489
4.66740 4.59339 4.91974 5.13841 4.89643 4.82638 4.76898 4.87094 4.96480 4.77900 4.51150 4.28180 4.52384 4.59533 4.60063 4.62891 4.65426 4.77741 4.48614 4.34031 4.38944 4.26965 4.20215 4.10860 3.94657 4.01121 4.13826 4.11841 4.25509 4.29190 4.20369 4.19187 4.33556 4.59960 4.50900 4.28985 4.35523 4.55906 4.66036 4.65824 4.64201 4.63578 4.59446 4.53946 4.48597 4.45035 4.44174 4.43705 4.40428 4.30809 4.26531 4.33770 4.35152 4.33019 4.33280 4.31515 4.27851 4.26504 4.30482 4.37199 4.44146 4.50271 4.54514 4.57640 4.60584 4.63579
4.76560 4.52871 4.72645 5.09405 4.97485 4.81444 4.84546 5.05121 5.02740 4.71921 4.55680 4.27439 4.26256 4.65648 4.63838 4.63818 4.75976 4.65510 4.22243 4.24789 4.49580 4.48339 4.39863 4.26573 4.01483 3.93835 4.11573 4.28462 4.45973 4.36764 4.23253 4.17630 4.21306 4.44593 4.48456 4.28800 4.23696 4.39385 4.57688 4.62622 4.59293 4.55442 4.52992 4.50400 4.44894 4.41347 4.37063 4.34415 4.32947 4.22700 4.22726 4.32574 4.32061 4.31905 4.34487 4.30313 4.25133 4.22236 4.23294 4.26878 4.31697 4.37863 4.43150 4.47690 4.52275 4.56605
4.53055 4.47994 4.86688 5.10852 5.10995 4.96858 5.03389 5.14348 5.10220 4.78332 4.52027 4.53208 4.23414 4.43653 4.66345 4.72168 4.69983 4.48592 4.20882 4.31446 4.50441 4.52701 4.46610 4.34973 4.12875 4.14227 4.30921 4.49044 4.51424 4.41234 4.34170 4.23176 4.10857 4.14931 4.31499 4.21035 4.15668 4.25804 4.46472 4.57438 4.56147 4.49534 4.44610 4.42165 4.40917 4.41095 4.35912 4.27780 4.22234 4.15935 4.17950 4.24699 4.23118 4.24491 4.29181 4.27033 4.26035 4.24153 4.20507 4.19782 4.20452 4.24309 4.30158 4.36521 4.43352 4.49953
4.45763 4.51817 4.86054 5.00593 5.02977 4.96706 4.90548 4.99145 5.06471 4.93623 4.59833 4.60876 4.30200 4.23394 4.39225 4.44467 4.37011 4.28159 4.22817 4.39477 4.52865 4.54338 4.38358 4.17711 4.08924 4.26777 4.43943 4.52100 4.51006 4.45433 4.40956 4.30824 4.08544 3.94306 4.23965 4.05896 4.08472 4.19819 4.31357 4.42252 4.50310 4.47305 4.39774 4.34376 4.33412 4.32627 4.27431 4.20182 4.17028 4.14718 4.08693 4.05540 4.11801 4.15670 4.21187 4.23762 4.26268 4.26101 4.20021 4.15999 4.13465 4.12786 4.17174 4.24868 4.34141 4.43419
4.57458 4.31042 4.43518 4.65085 4.67743 4.52774 4.48447 4.64737 4.85857 4.83311 4.50954 4.55054 4.46726 4.24999 4.24621 4.32101 4.29318 4.19624 4.19158 4.29634 4.31163 4.27139 4.11908 4.04470 3.91214 4.10393 4.30412 4.41624 4.45079 4.43077 4.41178 4.36734 4.17779 3.92520 4.09433 4.11676 4.14514 4.20230 4.21135 4.21900 4.31717 4.42183 4.39503 4.32224 4.25581 4.20553 4.16179 4.11929 4.11781 4.11374 4.03432 3.95539 3.94707 4.06886 4.14778 4.20344 4.21622 4.19833 4.16277 4.12765 4.10884 4.08469 4.08479 4.13688 4.24504 4.36691
4.80296 4.54600 4.27686 4.29244 4.32675 4.33325 4.45888 4.50546 4.68973 4.67367 4.49572 4.69328 4.70233 4.57379 4.45638 4.51245 4.47818 4.29489 4.25567 4.30892 4.22681 4.14975 4.13912 4.13675 3.89459 3.92177 4.07155 4.22378 4.31728 4.34056 4.33116 4.30073 4.16482 3.94992 4.04901 4.13549 4.13905 4.22144 4.24078 4.16868 4.13322 4.26858 4.36118 4.31833 4.22594 4.12968 4.06394 4.02939 4.01186 4.01453 3.98937 3.96429 3.87988 3.94739 4.03608 4.10462 4.10597 4.05743 4.04333 4.03656 4.05093 4.03603 4.00063 4.01812 4.13536 4.28423
5.03221 4.74268 4.54963 4.33727 4.34653 4.54180 4.63439 4.64103 4.79185 4.73139 4.69529 4.76042 4.82666 4.72049 4.57006 4.56943 4.50403 4.33080 4.33746 4.41305 4.35789 4.30442 4.36502 4.30074 4.00250 3.90399 3.95756 4.06892 4.18171 4.24815 4.24960 4.21285 4.11565 4.03466 4.12810 4.09041 3.91774 3.98798 4.04769 4.07709 4.07156 4.12980 4.26182 4.26526 4.20895 4.11497 4.01962 3.97120 3.96466 3.96807 3.94723 3.91191 3.85009 3.85353 3.87561 3.92276 3.92057 3.89010 3.91157 3.90888 3.92935 3.91283 3.86679 3.88476 4.01857 4.18584
5.09649 4.79882 4.56289 4.48882 4.48904 4.56287 4.60276 4.69222 4.89404 4.76591 4.70838 4.66025 4.78340 4.64281 4.53359 4.49658 4.44523 4.31177 4.42559 4.50376 4.42589 4.34377 4.37114 4.35083 4.12488 3.94990 3.92807 3.99499 4.11159 4.21724 4.21826 4.11692 4.01957 4.02289 4.09643 3.88675 3.82885 3.93549 3.96015 3.96131 4.01862 4.08991 4.14927 4.15530 4.13761 4.09074 3.99983 3.91549 3.89487 3.90976 3.90237 3.85125 3.82761 3.83660 3.80922 3.79024 3.80138 3.80536 3.81389 3.76335 3.78908 3.80570 3.74868 3.73844 3.86088 4.04450
4.97009 4.53278 4.44888 4.64730 4.62723 4.50068 4.46736 4.63411 4.89897 4.70920 4.53932 4.64948 4.74211 4.65876 4.50245 4.45918 4.40544 4.32463 4.54361 4.49331 4.38149 4.30995 4.19543 4.12032 4.05041 3.91770 3.89582 3.96657 4.11208 4.24114 4.20641 4.06573 3.93393 3.91767 3.99618 3.90230 3.83641 3.96517 4.01459 3.98590 3.98473 3.98651 3.99400 3.99416 4.00645 4.00356 3.94957 3.86052 3.78924 3.77501 3.77037 3.74012 3.74327 3.77386 3.77635 3.75721 3.75326 3.73733 3.65265 3.59362 3.68395 3.70391 3.63370 3.57966 3.67121 3.85408
4.68981 4.42906 4.66850 4.68810 4.48680 4.34053 4.38148 4.63480 4.91185 4.79452 4.53660 4.58816 4.77795 4.75251 4.54501 4.51641 4.41708 4.35093 4.57507 4.51117 4.52704 4.55787 4.36630 4.12659 3.95031 3.89831 3.91562 4.01161 4.19022 4.25188 4.13691 4.03891 3.92150 3.83896 3.88007 3.92119 3.84204 3.90626 3.99037 3.97441 3.91197 3.86146 3.86193 3.85228 3.85202 3.86132 3.84076 3.78404 3.70757 3.65541 3.61543 3.56271 3.55733 3.61037 3.65099 3.66455 3.65879 3.62929 3.50002 3.40117 3.44095 3.48516 3.46045 3.39657 3.44787 3.58896
4.70647 4.50773 4.70132 4.49666 4.27067 4.26843 4.48204 4.77179 4.94497 4.89200 4.65983 4.59787 4.73145 4.72910 4.54362 4.48418 4.32972 4.30268 4.52096 4.46640 4.51474 4.58044 4.45988 4.25527 4.07786 4.01385 4.01440 4.12370 4.26818 4.18597 4.04316 4.00861 3.92043 3.80553 3.79247 3.89440 3.85021 3.84501 3.89107 3.88755 3.82443 3.78777 3.79389 3.78237 3.76459 3.75854 3.75052 3.72205 3.67435 3.61002 3.51902 3.37399 3.24848 3.30582 3.41658 3.49857 3.51463 3.44791 3.30727 3.20139 3.16957 3.20780 3.21098 3.16860 3.18144 3.25898
4.65987 4.52545 4.70706 4.39372 4.23876 4.41282 4.63902 4.75724 4.76389 4.76262 4.68827 4.59118 4.60717 4.58794 4.46344 4.32132 4.16689 4.24378 4.42168 4.39048 4.43394 4.44847 4.35267 4.21957 4.03943 3.95140 3.96382 4.07986 4.21935 4.07851 3.97576 3.96991 3.88501 3.77149 3.72762 3.82287 3.80810 3.77623 3.79789 3.80175 3.77114 3.77093 3.78318 3.77039 3.74432 3.72268 3.71193 3.70380 3.67874 3.61267 3.47882 3.29608 3.11732 3.04296 3.14509 3.27762 3.31929 3.22786 3.16178 3.03703 2.88584 2.87300 2.90737 2.88854 2.96410 3.05152
