mrvbf_slope0.6_pctl1.5.asc
NCOLS 410
NROWS 410
XLLCORNER 2398750.0000000000000000
YLLCORNER 2548750.0000000000000000
CELLSIZE 250.0000000000000000
NODATA_VALUE -99999.00000
[rows 87 to 115 of 410, columns 0 to 65 of 410]
-99999.00000 -99999.00000 -99999.00000 -99999.00000 -99999.00000 6.59789 6.52540 6.34058 6.25215 6.16763 6.18415 5.99487 5.89002 6.11988 6.17813 6.33350 6.42176 6.42877 6.39071 6.27975 6.27003 6.12790 5.98217 5.97547 6.06339 6.23574 6.42016 6.36507 6.39434 6.46488 6.42780 6.27036 6.16435 6.23619 6.39269 6.52722 6.56506 6.43890 6.27718 6.25293 6.22920 6.27192 6.42786 6.45340 6.38846 6.35123 6.37099 6.43146 6.48817 6.52594 6.51862 6.45855 6.44346 6.45132 6.54622 6.61661 6.56275 6.52251 6.52787 6.54840 6.60934 6.73330 6.86276 6.84107 6.76109 6.67695
-99999.00000 -99999.00000 -99999.00000 -99999.00000 -99999.00000 6.56225 6.48775 6.28264 6.31839 6.18415 6.24862 6.10340 5.89310 6.13289 6.24028 6.40035 6.45604 6.48259 6.44365 6.35202 6.32520 6.11018 6.02516 6.08023 6.14005 6.29064 6.40954 6.33816 6.39507 6.44950 6.42105 6.31230 6.18376 6.19195 6.35450 6.50922 6.54674 6.43441 6.21998 6.13950 6.27646 6.44333 6.51554 6.45473 6.29553 6.24026 6.31706 6.40893 6.48306 6.54215 6.56097 6.51640 6.48061 6.54206 6.62448 6.58177 6.51875 6.53034 6.53969 6.51981 6.56708 6.69413 6.81863 6.71968 6.61433 6.55185
-99999.00000 -99999.00000 -99999.00000 -99999.00000 -99999.00000 6.48938 6.47490 6.30320 6.19008 6.23955 6.26805 6.15605 5.86435 5.97292 6.15601 6.35766 6.43113 6.47921 6.44757 6.38415 6.36900 6.15592 6.01689 6.03098 6.10992 6.28149 6.33261 6.28982 6.36578 6.34538 6.36570 6.36192 6.21302 6.18209 6.30219 6.44152 6.46155 6.34401 6.17542 6.14313 6.28067 6.46431 6.52673 6.41723 6.17242 6.17076 6.33010 6.44414 6.53114 6.59523 6.60516 6.60045 6.59862 6.62769 6.62039 6.54581 6.51578 6.55499 6.54008 6.50824 6.56384 6.68873 6.75422 6.62329 6.53588 6.50588
-99999.00000 -99999.00000 -99999.00000 -99999.00000 -99999.00000 6.38326 6.41438 6.37877 6.18051 6.22567 6.26003 6.23254 5.89883 5.91924 6.23304 6.32798 6.37990 6.40947 6.42981 6.43922 6.38425 6.17142 5.97391 5.99825 6.14208 6.26516 6.29793 6.29747 6.30481 6.27018 6.30216 6.39004 6.23711 6.20246 6.28931 6.33314 6.28915 6.17138 6.11878 6.18812 6.35711 6.49254 6.53355 6.41059 6.16425 6.10690 6.28201 6.46164 6.56507 6.57845 6.54276 6.52671 6.54620 6.55254 6.53246 6.51138 6.53154 6.55728 6.51247 6.50935 6.58652 6.70176 6.73059 6.60601 6.51609 6.50843
-99999.00000 -99999.00000 -99999.00000 -99999.00000 -99999.00000 6.19849 6.29281 6.30273 6.26249 6.18453 6.01724 6.05191 5.89875 5.89577 6.21566 6.29428 6.36420 6.40806 6.39855 6.38148 6.22976 6.02505 6.02869 6.15871 6.29040 6.32401 6.39205 6.37719 6.28273 6.29810 6.25682 6.38087 6.21119 6.22033 6.31105 6.25189 6.17965 6.15105 6.19167 6.31526 6.45576 6.53247 6.52769 6.40456 6.19526 6.06599 6.20074 6.43864 6.55020 6.52095 6.48094 6.46869 6.46737 6.47127 6.47778 6.51335 6.56129 6.54002 6.49484 6.53564 6.62553 6.72080 6.73723 6.62887 6.52179 6.48079
-99999.00000 -99999.00000 -99999.00000 -99999.00000 -99999.00000 6.05825 6.23279 6.32822 6.26286 6.25125 6.03888 5.92529 5.88484 5.85883 6.08654 6.19640 6.26684 6.27185 6.26878 6.17658 6.01112 6.00882 6.11212 6.25167 6.34575 6.36836 6.40026 6.39473 6.33773 6.26603 6.32326 6.37008 6.15055 6.13515 6.21290 6.19597 6.19958 6.22795 6.30373 6.42329 6.51185 6.51738 6.42666 6.24595 6.09417 6.03247 6.15089 6.41126 6.53481 6.49649 6.45836 6.48690 6.48424 6.48354 6.50527 6.53423 6.54838 6.50867 6.49960 6.56672 6.64888 6.72076 6.73506 6.65065 6.55157 6.47336
-99999.00000 -99999.00000 -99999.00000 -99999.00000 -99999.00000 5.95220 6.12578 6.26231 6.25564 6.34025 6.15989 6.01756 5.95819 5.89718 6.00227 6.16150 6.15833 6.20046 6.08308 6.01088 6.00203 6.10301 6.19181 6.24457 6.26855 6.26407 6.29748 6.34804 6.37716 6.39135 6.41402 6.37167 6.16097 6.02761 6.09069 6.16242 6.23135 6.31418 6.41669 6.50345 6.54233 6.48663 6.33730 6.23364 6.00317 6.01238 6.12407 6.37120 6.49603 6.46337 6.44805 6.49573 6.53123 6.54833 6.56120 6.55046 6.52354 6.47478 6.47623 6.55182 6.63367 6.70131 6.71744 6.67244 6.59875 6.51572
-99999.00000 -99999.00000 -99999.00000 -99999.00000 -99999.00000 5.87213 5.99847 6.13411 6.23098 6.32273 6.18988 6.02365 5.96635 5.95954 6.03168 6.12455 6.13194 6.13056 6.02267 6.05596 6.15288 6.20156 6.21294 6.21387 6.24768 6.30364 6.26169 6.28875 6.39668 6.40151 6.28153 6.13787 6.08277 5.98428 6.00317 6.10155 6.22907 6.39491 6.50247 6.55257 6.56688 6.52681 6.40180 6.21278 6.08850 6.03882 6.14015 6.34836 6.43503 6.43749 6.47999 6.52194 6.54985 6.57902 6.59603 6.56734 6.52000 6.45374 6.43659 6.51438 6.60715 6.68272 6.70275 6.68108 6.63502 6.57246
-99999.00000 -99999.00000 -99999.00000 -99999.00000 -99999.00000 5.92645 6.10937 6.20236 6.28653 6.26358 6.14974 6.03325 5.90057 5.95788 6.04811 6.15264 6.14098 6.09445 6.10744 6.23152 6.28192 6.24095 6.20738 6.22915 6.32543 6.32956 6.26022 6.33773 6.38317 6.28006 6.11861 6.05385 6.07073 6.03448 6.01469 6.06416 6.20340 6.37606 6.50243 6.56279 6.54967 6.47434 6.35573 6.27996 6.12595 6.03084 6.18564 6.39122 6.43930 6.48458 6.53537 6.55905 6.56159 6.57758 6.56998 6.54065 6.49272 6.41899 6.41208 6.50542 6.59781 6.66583 6.68814 6.67307 6.64543 6.60624
-99999.00000 -99999.00000 -99999.00000 -99999.00000 -99999.00000 6.22777 6.29343 6.34130 6.39190 6.26806 6.13983 6.06537 5.94039 6.00199 6.11903 6.27423 6.15180 6.09530 6.15250 6.23344 6.27832 6.22182 6.20056 6.29660 6.37632 6.34310 6.31088 6.32532 6.30496 6.22031 6.16811 6.23818 6.26021 6.23227 6.19137 6.15757 6.19618 6.33460 6.46926 6.53908 6.49338 6.36743 6.26371 6.13986 6.01078 6.01850 6.23268 6.43646 6.48211 6.52517 6.56780 6.57783 6.58147 6.57267 6.53666 6.48798 6.42540 6.37212 6.43784 6.54265 6.61176 6.65145 6.67335 6.66445 6.63766 6.61192
-99999.00000 -99999.00000 -99999.00000 -99999.00000 -99999.00000 6.41078 6.41847 6.41066 6.41849 6.29695 6.17252 6.14148 6.06928 6.09532 6.19377 6.20290 6.03278 6.00130 6.07554 6.08337 6.15671 6.22495 6.25489 6.32451 6.37100 6.38783 6.34486 6.27958 6.26861 6.26876 6.29786 6.37632 6.43225 6.40390 6.32336 6.17382 6.15682 6.33076 6.47302 6.52278 6.43614 6.30160 6.29550 6.05850 5.97387 6.03669 6.24060 6.44458 6.50045 6.52920 6.55661 6.57502 6.59496 6.56573 6.51127 6.45193 6.39798 6.40677 6.49839 6.57298 6.61689 6.63567 6.65191 6.64879 6.62717 6.60303
-99999.00000 -99999.00000 -99999.00000 -99999.00000 -99999.00000 6.44221 6.39718 6.35101 6.37041 6.34617 6.22540 6.18965 6.16000 6.16323 6.21756 6.12714 5.98311 5.93162 6.02339 6.07449 6.10257 6.24676 6.38398 6.38799 6.40998 6.40009 6.33558 6.30113 6.32649 6.37617 6.41821 6.45942 6.49507 6.45499 6.31518 6.09744 6.13469 6.36559 6.49317 6.51996 6.43089 6.28094 6.18768 6.06424 5.97871 6.02530 6.22951 6.44478 6.50405 6.51276 6.53186 6.56136 6.57329 6.53613 6.48181 6.43218 6.40665 6.44900 6.53025 6.57883 6.59804 6.60888 6.61635 6.61736 6.60844 6.58775
-99999.00000 -99999.00000 -99999.00000 -99999.00000 -99999.00000 6.40241 6.39615 6.35001 6.33344 6.39684 6.27013 6.22130 6.22433 6.14142 6.13245 5.97706 5.93080 5.96739 6.06709 6.21237 6.20816 6.25332 6.35862 6.42136 6.43402 6.34955 6.32125 6.38763 6.43097 6.47257 6.49256 6.50214 6.51880 6.48069 6.35463 6.07498 6.00646 6.25323 6.45251 6.50895 6.44561 6.29361 6.15975 6.07086 5.95859 5.99906 6.26322 6.48092 6.51781 6.48875 6.49122 6.52122 6.52333 6.48750 6.44540 6.41840 6.39843 6.42352 6.49199 6.53260 6.55762 6.57194 6.57590 6.57820 6.57803 6.56045
-99999.00000 -99999.00000 -99999.00000 -99999.00000 -99999.00000 6.38640 6.42326 6.39064 6.32596 6.38359 6.24933 6.22833 6.28689 6.18865 6.05351 5.95594 5.97697 5.98096 6.16469 6.36324 6.35471 6.32028 6.30537 6.30627 6.31229 6.30258 6.38450 6.47709 6.48129 6.46669 6.44772 6.44339 6.46650 6.45161 6.37856 6.15128 6.01809 6.14625 6.36409 6.44500 6.37190 6.23209 6.05933 5.94121 5.90743 6.11142 6.41702 6.52824 6.50806 6.44254 6.42475 6.44956 6.44261 6.41466 6.40537 6.39727 6.33905 6.30094 6.34849 6.41868 6.47575 6.49987 6.49893 6.49649 6.50411 6.50749
-99999.00000 -99999.00000 -99999.00000 -99999.00000 -99999.00000 6.26789 6.35942 6.40556 6.32092 6.28798 6.20170 6.22668 6.28607 6.27299 6.07455 6.02136 5.94417 6.07443 6.31207 6.43189 6.43941 6.41763 6.36978 6.32375 6.33266 6.40143 6.46777 6.47788 6.40807 6.36825 6.35771 6.32137 6.35120 6.39771 6.27636 6.08409 6.05860 6.18706 6.34828 6.36608 6.26347 6.14861 6.00521 5.93500 6.07107 6.37160 6.50851 6.52472 6.43872 6.31961 6.30276 6.33461 6.31086 6.28527 6.31182 6.25766 6.17188 6.13078 6.13929 6.20061 6.30008 6.36205 6.33718 6.31086 6.34100 6.39307
-99999.00000 -99999.00000 -99999.00000 -99999.00000 -99999.00000 6.11424 6.22124 6.36979 6.32932 6.25704 6.21376 6.24426 6.28712 6.24366 6.14195 5.96961 5.98665 6.27706 6.40850 6.45199 6.48197 6.48349 6.45958 6.45764 6.46937 6.49380 6.47427 6.38903 6.28200 6.32795 6.38179 6.29277 6.22066 6.24896 6.14791 6.07794 6.13611 6.27254 6.38615 6.35783 6.19721 6.07076 6.02277 6.08435 6.32527 6.47191 6.51233 6.45237 6.27200 6.11048 6.14636 6.19647 6.14826 6.06988 6.03275 5.99378 5.99625 6.01935 6.03326 6.02513 6.08683 6.17410 6.08278 6.02288 6.06560 6.17350
-99999.00000 -99999.00000 -99999.00000 -99999.00000 -99999.00000 6.04243 6.11418 6.27085 6.30567 6.25046 6.19224 6.18429 6.21424 6.17250 6.06590 5.96476 6.16374 6.38743 6.44319 6.47715 6.51372 6.51698 6.50757 6.51925 6.49817 6.47435 6.38881 6.25408 6.26143 6.41957 6.49207 6.42676 6.29979 6.24401 6.17743 6.18427 6.21700 6.23660 6.31588 6.36489 6.21677 6.03960 5.95536 6.00210 6.24283 6.38088 6.40467 6.30215 6.04887 5.96648 6.03868 6.10069 6.05388 5.95546 5.90874 5.92110 5.96814 6.00802 6.05609 5.98927 5.94418 5.99016 5.91521 5.89399 5.90665 5.94303
-99999.00000 -99999.00000 -99999.00000 -99999.00000 -99999.00000 6.05728 5.98671 5.97953 5.97071 5.97637 6.01417 5.99226 6.00791 6.09280 6.03045 6.05522 6.24909 6.39369 6.45633 6.49982 6.53853 6.54095 6.52804 6.52270 6.47148 6.40512 6.30139 6.24650 6.38220 6.50026 6.50411 6.41331 6.32968 6.33102 6.29145 6.20822 6.08379 6.08549 6.15454 6.30735 6.27968 6.07457 5.91592 5.88321 5.95180 6.03425 6.09525 6.06205 5.90570 5.89541 6.03452 6.10646 6.07141 6.00623 6.01513 6.05021 6.02895 6.00633 6.11261 6.03917 5.85695 5.82652 5.82923 5.86429 5.84562 5.80279
-99999.00000 -99999.00000 -99999.00000 -99999.00000 -99999.00000 6.10165 5.93277 5.85793 5.84630 5.86509 5.92502 5.97110 5.98763 6.10088 6.15158 6.19978 6.20353 6.31276 6.43989 6.50222 6.53504 6.54386 6.53030 6.51303 6.45382 6.36314 6.28527 6.31926 6.43502 6.45864 6.35365 6.22007 6.18457 6.15264 6.16995 6.08482 6.10003 6.01121 6.01252 6.08469 6.14667 6.12151 5.95232 5.86383 5.84351 5.83894 5.84300 5.86022 5.84380 5.90186 6.14731 6.21711 6.20565 6.20777 6.21659 6.23270 6.10096 5.98260 5.98735 5.92838 5.85767 5.82532 5.84711 5.87589 5.81390 5.74689
-99999.00000 -99999.00000 -99999.00000 -99999.00000 -99999.00000 5.91532 5.88838 5.86607 5.85747 5.85091 5.88224 5.99628 6.08862 6.15406 6.27276 6.23368 6.22146 6.22171 6.37056 6.48680 6.52457 6.53236 6.52433 6.50982 6.46015 6.37328 6.29558 6.28741 6.33651 6.30386 6.18507 6.16144 6.22276 6.10389 6.07611 6.10339 6.18371 6.02187 5.95247 5.93412 5.95823 6.00392 5.97814 5.88557 5.83264 5.79654 5.78554 5.81456 5.85574 5.99294 6.18975 6.21703 6.24842 6.25854 6.20287 6.10839 6.03260 6.02241 5.97712 5.95802 6.02041 6.01586 5.96044 5.86883 5.77510 5.75272
-99999.00000 -99999.00000 -99999.00000 -99999.00000 -99999.00000 5.85653 5.88630 5.94447 5.95466 5.87552 5.88004 5.98850 6.09028 6.18458 6.29322 6.23233 6.16145 6.18526 6.27288 6.45461 6.51476 6.51590 6.51088 6.50636 6.47774 6.41151 6.33380 6.27741 6.25441 6.21502 6.17562 6.20891 6.26114 6.11476 6.04777 6.09819 6.15964 6.03039 5.92745 5.90413 5.91265 5.93633 5.94581 5.88932 5.84427 5.81425 5.80738 5.83057 5.89026 6.00232 6.04898 6.05714 6.12482 6.21314 6.09374 5.97095 5.92703 6.00080 6.10443 6.16058 6.12993 6.02875 5.93565 5.84707 5.77992 5.82037
-99999.00000 -99999.00000 -99999.00000 -99999.00000 -99999.00000 5.88450 5.92843 6.06964 6.09676 5.90101 5.89896 5.99892 6.04770 6.13700 6.20432 6.12409 6.04242 6.06207 6.29174 6.43765 6.48008 6.48519 6.48765 6.49736 6.49275 6.45478 6.39025 6.32091 6.27702 6.24545 6.21569 6.19854 6.16200 6.01942 5.94827 5.99358 6.10889 6.09629 6.01036 5.95617 5.93788 5.96542 5.98680 5.93502 5.90418 5.92479 5.90123 5.87947 5.91867 5.94711 5.94330 5.95197 5.98884 6.08804 5.99586 5.93356 5.92775 5.95537 6.16723 6.09306 5.96784 5.90783 5.88022 5.86078 5.82630 5.82725
-99999.00000 -99999.00000 -99999.00000 -99999.00000 -99999.00000 5.91803 5.89787 5.97473 6.07603 5.92289 5.91868 5.99762 5.98546 5.98080 6.11575 5.92987 5.92563 6.02637 6.18699 6.31089 6.37252 6.41691 6.45678 6.48490 6.49497 6.48873 6.44446 6.37749 6.32039 6.29058 6.23125 6.12193 6.01495 5.90609 5.85538 5.88774 6.05319 6.16465 6.09016 6.00913 5.97817 6.03776 6.13096 6.09667 6.07673 6.12825 6.05100 5.96965 5.97748 5.95956 5.94059 5.93184 5.91835 5.95732 5.94166 5.95840 5.97258 5.97104 6.14639 5.99881 5.92688 5.92303 5.92717 5.95262 5.95283 5.87174
-99999.00000 -99999.00000 -99999.00000 -99999.00000 -99999.00000 5.96611 5.89137 5.87241 5.92365 5.89443 5.92499 6.05002 6.00408 5.91667 6.02493 5.87159 5.88705 5.92204 5.96135 6.04651 6.16340 6.29023 6.39618 6.46200 6.48950 6.49261 6.45476 6.37892 6.28506 6.24836 6.20486 6.01192 5.89628 5.84800 5.81969 5.81666 5.90586 6.05402 5.98332 5.93875 5.92957 6.00364 6.14345 6.14590 6.11595 6.13183 6.16956 6.16106 6.12395 6.06751 6.05646 6.01956 5.94350 5.92859 5.94242 6.00919 5.94704 5.95668 6.07830 5.97312 5.98343 6.02998 6.01252 6.08770 6.05505 5.87907
-99999.00000 -99999.00000 -99999.00000 -99999.00000 -99999.00000 5.82516 5.79145 5.79935 5.83819 5.83203 5.85467 6.03791 6.02199 5.89903 5.96856 5.85575 5.88798 5.88304 5.87491 5.90226 5.97861 6.11268 6.28164 6.40600 6.47150 6.47003 6.39662 6.25756 6.09416 6.01632 6.07504 5.92267 5.83416 5.83104 5.84187 5.79250 5.82444 5.90429 5.88165 5.87172 5.84718 5.89892 6.05589 6.17329 6.20746 6.21607 6.19829 6.20722 6.21080 6.20984 6.25293 6.20357 6.08644 6.01225 6.02203 6.06689 5.90362 5.93199 6.06653 5.98134 6.01264 6.00326 5.94443 6.06413 6.06332 5.86816
-99999.00000 -99999.00000 -99999.00000 -99999.00000 -99999.00000 5.77142 5.76348 5.79376 5.82934 5.80531 5.80248 5.97296 5.98859 5.87694 5.95918 5.81787 5.87088 5.88862 5.87401 5.87698 5.90034 5.95986 6.11596 6.32572 6.43890 6.42428 6.27174 6.04561 5.91418 5.85299 5.84848 5.85563 5.83587 5.85454 5.89300 5.81816 5.83739 5.87986 5.87113 5.84877 5.80263 5.83600 5.98141 6.20970 6.34975 6.38733 6.32393 6.19219 6.16428 6.26185 6.35587 6.33408 6.25445 6.16370 6.13892 6.07622 5.92165 5.94418 6.15850 6.03728 6.02004 6.00171 5.91770 6.03615 6.07136 5.92128
-99999.00000 -99999.00000 -99999.00000 -99999.00000 -99999.00000 5.79108 5.82032 5.88747 5.90314 5.82738 5.79035 5.88408 5.96692 5.89957 5.90240 5.79433 5.86392 5.92482 5.91527 5.89768 5.88503 5.88729 5.95732 6.17966 6.37568 6.34584 6.09419 5.90326 5.85940 5.86380 5.83944 5.87962 5.95788 5.96885 5.90636 5.87535 5.96640 5.90517 5.87187 5.83691 5.78473 5.79117 5.85358 6.01883 6.28143 6.41164 6.39983 6.21911 6.11853 6.19065 6.26469 6.32999 6.33602 6.27144 6.16003 6.01101 5.94209 5.99786 6.11115 6.04577 5.93558 5.94982 5.94916 6.08419 6.13925 6.04136
-99999.00000 -99999.00000 -99999.00000 -99999.00000 -99999.00000 5.93073 6.04310 6.15894 6.06486 5.88055 5.80609 5.84838 5.94541 5.95142 5.88730 5.80171 5.90973 6.02799 5.99242 5.95378 5.92135 5.87961 5.87624 5.98232 6.21748 6.18057 5.94597 5.86243 5.88160 5.99321 6.01513 6.03555 6.19029 6.16980 6.03275 5.98082 5.98771 5.87011 5.84714 5.83075 5.78288 5.77909 5.81439 5.88501 6.04557 6.26219 6.37585 6.28659 6.14555 6.10251 6.10250 6.15075 6.22750 6.25872 6.08125 5.93846 5.95056 6.07906 6.11167 6.03159 5.91272 6.03752 6.06448 6.08058 6.15867 6.15865
-99999.00000 -99999.00000 -99999.00000 -99999.00000 -99999.00000 6.02720 6.10583 6.17413 6.05248 5.90098 5.85080 5.89740 6.05585 6.05043 5.91486 5.79729 5.86815 6.13070 6.07717 6.01836 6.02292 5.93673 5.86393 5.86840 5.97393 5.97380 5.87355 5.85858 5.93049 6.12019 6.17632 6.16812 6.25875 6.18686 5.97232 5.85696 5.85982 5.84834 5.84903 5.83738 5.78141 5.78653 5.83210 5.89580 5.96298 6.07857 6.23634 6.31859 6.26140 6.21179 6.16478 6.10387 6.09833 6.09841 5.95112 5.90255 5.97112 6.09893 6.10860 6.10661 5.90767 5.94842 6.05636 6.09258 6.11175 6.08976
