mrvbf_slope0.9_pctl0.5.asc
NCOLS 410
NROWS 410
XLLCORNER 2398750.0000000000000000
YLLCORNER 2548750.0000000000000000
CELLSIZE 250.0000000000000000
NODATA_VALUE -99999.00000
[rows 58 to 86 of 410, columns 132 to 197 of 410]
7.71319 7.71534 7.70910 7.70653 7.70581 7.69631 7.69496 7.69957 7.70255 7.70493 7.71640 7.72466 7.73118 7.73161 7.72027 7.71187 7.71429 7.72542 7.72316 7.72572 7.72116 7.71115 7.71083 7.71355 7.71091 7.70281 7.63941 7.52755 7.63274 7.65750 7.60063 7.65759 7.62450 7.54273 7.55724 7.61755 7.51286 7.54053 7.52866 7.67646 7.71171 7.71008 7.68867 7.65006 7.68385 7.70811 7.68399 7.64750 7.68721 7.70608 7.69742 7.69157 7.69363 7.69074 7.69620 7.71112 7.71794 7.71345 7.71621 7.71416 7.70356 7.68851 7.69278 7.70172 7.69152 7.68528
7.71467 7.70852 7.71193 7.70824 7.70245 7.70567 7.69028 7.69898 7.69973 7.69996 7.71423 7.72232 7.72062 7.72189 7.72804 7.72107 7.72643 7.71499 7.72097 7.72281 7.71756 7.70621 7.70216 7.70815 7.71505 7.71548 7.70007 7.67601 7.70050 7.70247 7.69443 7.68911 7.59221 7.52104 7.47669 7.50666 7.54881 7.48314 7.62577 7.69155 7.70008 7.69496 7.69735 7.68022 7.66994 7.68825 7.66563 7.66727 7.66617 7.69404 7.69786 7.69693 7.69672 7.70380 7.70801 7.70370 7.71943 7.72203 7.71836 7.71117 7.68692 7.67763 7.67206 7.69438 7.69785 7.68977
7.71815 7.70993 7.70856 7.70884 7.70737 7.70637 7.68847 7.68834 7.70092 7.70788 7.70872 7.71743 7.71104 7.71114 7.71575 7.71782 7.71797 7.70357 7.70776 7.72272 7.71704 7.71009 7.70752 7.70410 7.71660 7.71981 7.71179 7.70663 7.70586 7.71210 7.71466 7.70712 7.66921 7.57114 7.50185 7.58269 7.53115 7.58649 7.68393 7.69964 7.70172 7.69295 7.68943 7.69179 7.69258 7.66639 7.65541 7.65069 7.67213 7.69034 7.68955 7.69258 7.69964 7.69274 7.70461 7.70678 7.71823 7.72497 7.71777 7.69909 7.68634 7.67195 7.67997 7.69949 7.70575 7.70080
7.72511 7.72353 7.71731 7.70596 7.70807 7.71332 7.71034 7.69701 7.69770 7.69778 7.69645 7.71447 7.71396 7.70234 7.70505 7.71113 7.70697 7.69725 7.70389 7.71408 7.71016 7.71702 7.71637 7.71602 7.71487 7.72167 7.71476 7.71367 7.72162 7.72282 7.71333 7.70908 7.70482 7.68410 7.64215 7.57030 7.59016 7.55445 7.62644 7.69367 7.69853 7.69963 7.69581 7.70493 7.69779 7.65999 7.66953 7.65586 7.68413 7.70344 7.69684 7.69505 7.69863 7.69640 7.69386 7.69061 7.70427 7.70550 7.69627 7.66903 7.67601 7.68389 7.70195 7.70919 7.70374 7.70368
7.71729 7.72054 7.72184 7.71479 7.71587 7.70771 7.70251 7.70713 7.69461 7.69780 7.68612 7.70693 7.71813 7.70798 7.69959 7.70257 7.71539 7.70542 7.70985 7.70352 7.70805 7.71589 7.71952 7.72559 7.71525 7.70775 7.69713 7.70389 7.71625 7.70870 7.70666 7.70504 7.70166 7.71070 7.69925 7.64852 7.58230 7.59047 7.55541 7.65668 7.70172 7.69971 7.70335 7.71387 7.71171 7.68680 7.66120 7.69045 7.70377 7.69816 7.68989 7.67147 7.69106 7.70277 7.68516 7.68732 7.66909 7.66400 7.65795 7.66698 7.65869 7.69589 7.71006 7.70980 7.70978 7.70655
7.71668 7.72016 7.71307 7.70839 7.70693 7.70361 7.70462 7.71335 7.71238 7.69540 7.70819 7.72102 7.71887 7.71514 7.71363 7.70947 7.71723 7.70583 7.71711 7.72351 7.72493 7.71460 7.72437 7.72679 7.71679 7.70270 7.69674 7.69836 7.70613 7.70105 7.71011 7.70462 7.70004 7.70045 7.70384 7.69860 7.64941 7.57881 7.61132 7.68030 7.69447 7.69407 7.70351 7.71437 7.71570 7.71181 7.70106 7.70707 7.70187 7.68730 7.66412 7.66922 7.66355 7.69884 7.69841 7.67703 7.65868 7.66480 7.67253 7.66612 7.67812 7.69824 7.69966 7.70210 7.70814 7.71168
7.71824 7.71853 7.71436 7.70027 7.69837 7.69315 7.70362 7.71451 7.72083 7.70785 7.71808 7.72719 7.72288 7.71241 7.71623 7.72119 7.71301 7.70370 7.72012 7.72503 7.72734 7.72086 7.71619 7.72157 7.71801 7.71827 7.70382 7.70072 7.70513 7.71962 7.72456 7.71512 7.71262 7.70010 7.70649 7.70874 7.69602 7.61997 7.54085 7.63089 7.67274 7.69167 7.70095 7.71075 7.71923 7.71984 7.71926 7.71145 7.69882 7.68081 7.67374 7.65157 7.68495 7.70718 7.71446 7.70498 7.68036 7.67070 7.69513 7.68081 7.68362 7.69545 7.69170 7.70155 7.70090 7.70833
7.71501 7.71971 7.71570 7.71046 7.70380 7.69375 7.69800 7.71371 7.71869 7.70692 7.71120 7.71459 7.71371 7.70792 7.70732 7.71772 7.71281 7.71128 7.71662 7.72512 7.72713 7.72400 7.71482 7.71258 7.70694 7.71729 7.70387 7.70703 7.71114 7.72528 7.72247 7.72477 7.72039 7.70215 7.70748 7.71867 7.68659 7.55791 7.47481 7.50027 7.61356 7.65894 7.68532 7.70489 7.71785 7.71892 7.71888 7.71347 7.71356 7.70285 7.68331 7.68257 7.69982 7.70743 7.71503 7.70485 7.68540 7.68902 7.69896 7.69302 7.68819 7.69335 7.67957 7.67764 7.69062 7.70159
7.71639 7.71646 7.72026 7.72040 7.71554 7.70609 7.69551 7.69893 7.70139 7.69511 7.69755 7.70286 7.69989 7.69967 7.70606 7.72019 7.71945 7.71301 7.71827 7.71900 7.72661 7.72834 7.72318 7.71710 7.70624 7.71793 7.71024 7.71843 7.71190 7.70459 7.70192 7.70792 7.70660 7.70364 7.71403 7.71587 7.68537 7.57449 7.46327 7.46635 7.51526 7.60794 7.65322 7.68717 7.70040 7.70984 7.71225 7.71771 7.72260 7.71706 7.70794 7.70443 7.70482 7.70747 7.71036 7.68957 7.67653 7.67748 7.68651 7.70134 7.69945 7.67569 7.65321 7.64767 7.68089 7.70172
7.70719 7.71151 7.71278 7.71384 7.70991 7.70964 7.70817 7.70059 7.69551 7.69390 7.70396 7.70602 7.69622 7.69957 7.71887 7.72074 7.72027 7.71799 7.71272 7.72210 7.72236 7.72896 7.72630 7.72482 7.71036 7.71426 7.71036 7.71088 7.71470 7.70502 7.69834 7.70338 7.71030 7.70753 7.70798 7.70667 7.70070 7.65071 7.52165 7.46204 7.35086 7.49967 7.64908 7.68777 7.69198 7.69584 7.69386 7.67502 7.70438 7.71386 7.71305 7.70460 7.69890 7.70414 7.71069 7.69155 7.67011 7.67944 7.69888 7.70306 7.69824 7.67061 7.63760 7.63541 7.65442 7.69178
7.70376 7.70013 7.70800 7.71360 7.70672 7.69850 7.70868 7.71275 7.71339 7.71460 7.70967 7.69808 7.70128 7.70138 7.71177 7.71577 7.71726 7.71536 7.71446 7.72370 7.72653 7.72748 7.73030 7.73046 7.71930 7.71004 7.71186 7.71309 7.71652 7.71091 7.70752 7.69754 7.70130 7.69748 7.69594 7.70477 7.71197 7.69726 7.61703 7.39989 7.37316 7.39545 7.60340 7.68155 7.69386 7.68852 7.62515 7.51957 7.62595 7.69545 7.70237 7.69928 7.68746 7.70222 7.70547 7.69536 7.68541 7.69967 7.70782 7.70662 7.70442 7.69431 7.65659 7.64680 7.66991 7.67755
7.70072 7.70693 7.71394 7.71820 7.71195 7.70345 7.70287 7.71410 7.72045 7.71866 7.71318 7.70435 7.69268 7.69426 7.69616 7.69142 7.70140 7.71098 7.71450 7.72225 7.71753 7.71962 7.72564 7.72816 7.72578 7.71428 7.70982 7.71112 7.71455 7.71323 7.71038 7.69456 7.68938 7.69232 7.70007 7.70894 7.71294 7.70771 7.68249 7.59737 7.42567 7.50808 7.53095 7.63047 7.69337 7.65699 7.51686 7.58060 7.51633 7.66281 7.69540 7.68124 7.69104 7.69577 7.69325 7.68800 7.69033 7.70724 7.70993 7.71114 7.71203 7.71170 7.69872 7.68009 7.67467 7.67142
7.69862 7.70798 7.71477 7.71629 7.71106 7.70335 7.71465 7.71908 7.72176 7.71703 7.71653 7.71972 7.71347 7.69862 7.68046 7.67883 7.67876 7.70764 7.71477 7.71116 7.71143 7.71489 7.71793 7.71423 7.71640 7.71799 7.71538 7.70993 7.71900 7.71251 7.71241 7.70637 7.70619 7.70752 7.70643 7.70878 7.71309 7.71200 7.70232 7.68279 7.61682 7.52866 7.55435 7.54789 7.66694 7.67774 7.60607 7.65380 7.62221 7.68374 7.70066 7.68671 7.67625 7.69049 7.69260 7.69611 7.70030 7.70555 7.70903 7.71063 7.70779 7.71151 7.70841 7.69703 7.67967 7.66363
7.69581 7.69529 7.69870 7.71104 7.70964 7.70932 7.71488 7.71664 7.71567 7.71249 7.72044 7.72530 7.71793 7.69785 7.68485 7.66919 7.68609 7.71204 7.71857 7.71342 7.71359 7.70932 7.71625 7.70382 7.70315 7.70897 7.71695 7.71146 7.71839 7.71539 7.71433 7.71632 7.71577 7.71284 7.70020 7.71001 7.71378 7.71735 7.70671 7.69646 7.68083 7.63271 7.55473 7.64136 7.68502 7.60741 7.39085 7.54896 7.51921 7.66071 7.69888 7.69996 7.69204 7.68604 7.69457 7.70516 7.70700 7.70924 7.70959 7.70288 7.68393 7.69867 7.70696 7.70934 7.69796 7.67133
7.69907 7.70479 7.69615 7.69717 7.70008 7.70412 7.71050 7.71171 7.70827 7.71214 7.72166 7.72622 7.72369 7.71372 7.69828 7.69058 7.70274 7.70631 7.71594 7.72216 7.72104 7.70749 7.70980 7.69611 7.70138 7.71035 7.71067 7.71433 7.71845 7.71733 7.70814 7.71038 7.71644 7.71458 7.70061 7.70761 7.71509 7.71532 7.70750 7.70418 7.69450 7.68666 7.67630 7.70130 7.66877 7.49809 7.47330 7.31857 7.58778 7.67777 7.69137 7.69177 7.69666 7.68921 7.69734 7.70708 7.70622 7.70718 7.70696 7.69170 7.69220 7.68436 7.70114 7.70619 7.70020 7.67860
7.67052 7.69965 7.70274 7.69213 7.68726 7.68204 7.69234 7.69959 7.71007 7.71635 7.72060 7.72303 7.71967 7.71739 7.71545 7.70887 7.71234 7.70521 7.71742 7.71687 7.71660 7.70472 7.70117 7.69763 7.70827 7.70883 7.70757 7.71586 7.71776 7.71163 7.70547 7.70334 7.71033 7.70649 7.70038 7.70082 7.71591 7.71178 7.70371 7.70137 7.70497 7.70955 7.70862 7.70746 7.69408 7.60706 7.42081 7.56063 7.65767 7.69014 7.69164 7.69581 7.69836 7.69398 7.68784 7.69649 7.69818 7.70431 7.70302 7.69740 7.68356 7.69231 7.70127 7.70151 7.68491 7.67899
7.54115 7.63687 7.67369 7.68647 7.67275 7.65975 7.67183 7.68805 7.70531 7.71005 7.71618 7.71510 7.71380 7.71302 7.71732 7.70805 7.70703 7.70416 7.71905 7.71750 7.71840 7.70898 7.69768 7.70438 7.71052 7.71685 7.71039 7.71168 7.71830 7.70906 7.69897 7.69681 7.70123 7.70327 7.70200 7.70101 7.71363 7.71194 7.70713 7.70384 7.70602 7.71539 7.71257 7.70114 7.69365 7.64383 7.53586 7.61683 7.67376 7.69792 7.69757 7.69096 7.69273 7.67951 7.67713 7.68618 7.69581 7.70018 7.69720 7.66427 7.63334 7.65942 7.69203 7.69873 7.68772 7.68023
7.45266 7.51820 7.60084 7.64283 7.66773 7.65334 7.65465 7.67260 7.68837 7.70071 7.70877 7.70753 7.70981 7.71120 7.71526 7.71130 7.70484 7.71071 7.71930 7.71838 7.71315 7.70983 7.70345 7.69836 7.70527 7.71742 7.71201 7.71272 7.71738 7.71288 7.70385 7.70809 7.70784 7.70068 7.70067 7.70090 7.70428 7.70875 7.70973 7.70943 7.71138 7.70732 7.69646 7.68279 7.63569 7.57443 7.58772 7.58357 7.66692 7.69465 7.69369 7.68927 7.68073 7.67495 7.67321 7.67901 7.68828 7.69445 7.68593 7.63500 7.62476 7.63225 7.68763 7.69496 7.69115 7.68798
7.51682 7.57058 7.58027 7.49081 7.60069 7.66834 7.65915 7.66382 7.68200 7.69272 7.69604 7.70268 7.70668 7.71056 7.71250 7.70751 7.71082 7.71231 7.71551 7.71612 7.71139 7.71227 7.70391 7.69501 7.70483 7.71390 7.70821 7.70851 7.71058 7.70742 7.70959 7.71463 7.71320 7.70453 7.69984 7.69967 7.70962 7.71040 7.70968 7.71071 7.71094 7.70179 7.68398 7.60807 7.42495 7.48963 7.53488 7.62564 7.66296 7.68955 7.69778 7.69284 7.68021 7.67374 7.67401 7.68254 7.68842 7.68588 7.68412 7.66827 7.62240 7.65976 7.69779 7.69416 7.68304 7.68199
7.65194 7.63420 7.50003 7.51392 7.43609 7.64237 7.68422 7.67070 7.68294 7.69676 7.69774 7.70115 7.70986 7.71667 7.71242 7.70758 7.70654 7.70385 7.70635 7.71056 7.71039 7.70221 7.69812 7.68945 7.70071 7.70833 7.71168 7.70924 7.70703 7.70125 7.70916 7.70992 7.70780 7.70603 7.70495 7.70694 7.71069 7.70698 7.70618 7.70566 7.70252 7.68816 7.63581 7.37296 6.93044 7.02397 7.47304 7.60026 7.59965 7.65388 7.69460 7.69854 7.69191 7.68416 7.69141 7.68617 7.68585 7.68691 7.68712 7.68144 7.64575 7.63177 7.67098 7.67903 7.66713 7.67081
7.67654 7.67316 7.58716 7.33120 7.35275 7.61683 7.67347 7.67606 7.69378 7.70687 7.70449 7.70384 7.71096 7.71870 7.71720 7.71180 7.70324 7.69993 7.70357 7.70746 7.70869 7.70174 7.68443 7.68992 7.68284 7.69908 7.70313 7.70143 7.70584 7.69788 7.70355 7.70205 7.70425 7.70854 7.70635 7.70156 7.70017 7.70078 7.70193 7.69901 7.68978 7.67938 7.61351 7.13347 6.96581 6.97310 7.24797 7.52606 7.58410 7.59488 7.66885 7.69330 7.69536 7.69647 7.69446 7.69116 7.68627 7.68869 7.68692 7.65918 7.62583 7.64883 7.63158 7.66838 7.66674 7.66916
7.66784 7.66752 7.60881 7.36114 7.44607 7.49940 7.64374 7.69049 7.70274 7.70928 7.70465 7.70393 7.70590 7.71223 7.71790 7.71261 7.69562 7.68461 7.68383 7.70262 7.70067 7.69905 7.69259 7.67762 7.68855 7.68580 7.68860 7.69602 7.69732 7.69783 7.69327 7.69946 7.70470 7.70951 7.70726 7.69670 7.69387 7.70015 7.69520 7.69334 7.69037 7.68579 7.61279 7.07641 6.58244 6.49721 7.31435 7.52756 7.48925 7.61243 7.64543 7.68216 7.69144 7.69962 7.69787 7.69445 7.69323 7.68355 7.67776 7.67348 7.65452 7.64027 7.66409 7.68173 7.68473 7.67959
7.67117 7.66822 7.64188 7.53528 7.44163 7.56125 7.64178 7.66524 7.68912 7.69411 7.68643 7.69023 7.69724 7.70700 7.71165 7.70670 7.69054 7.67681 7.68191 7.70252 7.69845 7.69883 7.70395 7.69646 7.68506 7.68748 7.69219 7.68257 7.68545 7.68913 7.69516 7.70178 7.70202 7.70722 7.70497 7.69697 7.69219 7.69119 7.69652 7.70000 7.69211 7.66785 7.57918 7.21564 6.81161 6.72248 7.41369 7.23944 7.39924 7.59060 7.52645 7.62293 7.68147 7.69574 7.69644 7.69504 7.68734 7.67955 7.68399 7.67128 7.62487 7.59613 7.63010 7.67787 7.69066 7.69002
7.68436 7.68310 7.67161 7.63245 7.58553 7.64120 7.62400 7.60630 7.64284 7.66272 7.67066 7.68300 7.68842 7.69890 7.70559 7.70306 7.69418 7.67834 7.69177 7.70248 7.69703 7.70001 7.70585 7.69915 7.69400 7.69109 7.68348 7.67996 7.69078 7.69824 7.70338 7.69942 7.70413 7.70122 7.70134 7.69487 7.68439 7.68838 7.70009 7.69258 7.68109 7.63757 7.39684 7.16554 7.47738 7.38852 6.99014 7.29512 7.52556 7.53947 7.33776 7.48621 7.64688 7.68338 7.68852 7.69202 7.69006 7.68820 7.68912 7.66367 7.58566 7.58695 7.58841 7.66657 7.68543 7.68890
7.69798 7.69876 7.69258 7.67867 7.66247 7.64547 7.56396 7.58967 7.58374 7.63794 7.65661 7.67181 7.68033 7.68984 7.69707 7.69878 7.69246 7.68325 7.69214 7.69989 7.70278 7.70139 7.69985 7.69346 7.69353 7.69249 7.68880 7.69810 7.70307 7.70268 7.70497 7.70064 7.70147 7.70655 7.70271 7.69113 7.68734 7.68687 7.69700 7.68881 7.68326 7.63575 7.35518 7.15044 7.43593 7.49423 7.46469 7.57102 7.46000 7.35374 7.29706 7.42668 7.63557 7.67041 7.67405 7.68864 7.69145 7.68904 7.68950 7.66965 7.58823 7.56148 7.57376 7.65161 7.67000 7.67278
7.69989 7.70544 7.70948 7.70135 7.69297 7.67090 7.62344 7.57345 7.60886 7.61314 7.64928 7.67017 7.67471 7.68971 7.68488 7.68493 7.67872 7.67705 7.68051 7.68914 7.69638 7.69991 7.69882 7.69557 7.69840 7.70161 7.70051 7.70614 7.70671 7.70417 7.70272 7.70552 7.70454 7.70614 7.70486 7.69729 7.68302 7.68922 7.69797 7.69210 7.68340 7.66740 7.58832 7.35753 7.44596 7.49826 7.53664 7.61973 7.62766 7.59009 7.43715 7.58563 7.66648 7.66617 7.66587 7.67201 7.67714 7.67280 7.67971 7.68062 7.64604 7.58855 7.61512 7.65097 7.65826 7.67032
7.69187 7.70002 7.70730 7.70788 7.69962 7.68590 7.67802 7.65384 7.62799 7.59041 7.62984 7.67208 7.68626 7.69052 7.68021 7.66611 7.66518 7.68048 7.66711 7.66935 7.68077 7.69502 7.70087 7.69550 7.69969 7.70466 7.70469 7.70799 7.70732 7.70169 7.70598 7.70890 7.70730 7.70307 7.70496 7.69977 7.69007 7.69258 7.69317 7.68815 7.68368 7.68536 7.66996 7.62249 7.60220 7.54562 7.57243 7.51593 7.57898 7.64643 7.62331 7.64579 7.66553 7.66424 7.66727 7.66937 7.65950 7.66573 7.66281 7.67959 7.66175 7.62604 7.63227 7.63094 7.65375 7.67694
7.67487 7.69378 7.70247 7.70574 7.70010 7.69116 7.68046 7.62345 7.52312 7.57007 7.61189 7.66920 7.69282 7.69022 7.68174 7.67368 7.66527 7.67056 7.65899 7.65860 7.67625 7.68777 7.69488 7.69574 7.69306 7.70119 7.70175 7.70610 7.70522 7.69648 7.70413 7.70778 7.70736 7.70377 7.70099 7.69924 7.68950 7.69065 7.69002 7.68767 7.67980 7.68220 7.68532 7.67838 7.65434 7.59076 7.43666 7.33186 7.19552 7.52279 7.64467 7.65466 7.66457 7.66026 7.67461 7.67895 7.67416 7.66254 7.67104 7.68178 7.66521 7.65143 7.62689 7.65033 7.66548 7.67482
7.65959 7.67902 7.69952 7.70646 7.70364 7.69811 7.66567 7.55488 7.52948 7.55212 7.60382 7.65650 7.68204 7.68978 7.69415 7.67904 7.66330 7.66458 7.66444 7.67322 7.67508 7.68175 7.68528 7.68820 7.69337 7.70227 7.70292 7.70480 7.69491 7.68860 7.70275 7.70582 7.70928 7.70571 7.70261 7.69438 7.68673 7.68647 7.67117 7.67087 7.68590 7.68421 7.68355 7.67644 7.64343 7.54927 7.37552 7.16503 6.74894 6.77460 7.53578 7.64701 7.67700 7.68323 7.68128 7.67802 7.67912 7.67526 7.68166 7.68572 7.66656 7.65348 7.65406 7.67210 7.67340 7.67693
