mrvbf_slope0.8_pctl1.3.asc
NCOLS 410
NROWS 410
XLLCORNER 2398750.0000000000000000
YLLCORNER 2548750.0000000000000000
CELLSIZE 250.0000000000000000
NODATA_VALUE -99999.00000
[rows 203 to 231 of 410, columns 198 to 263 of 410]
5.79364 5.85395 5.84760 5.80869 5.72436 5.63150 5.56817 5.53076 5.52184 5.54080 5.55405 5.55444 5.56693 5.61794 5.72153 5.79485 5.78640 5.75735 5.74569 5.70024 5.67658 5.67136 5.67448 5.69352 5.67332 5.56872 5.52147 5.52489 5.49969 5.48738 5.52385 5.57709 5.57555 5.43777 5.21279 5.23512 5.33549 5.38078 5.40462 5.34171 5.36195 5.43299 5.44819 5.46599 5.44347 5.44459 5.46932 5.48159 5.46106 5.39418 5.49526 5.64686 5.54614 5.31305 5.20443 5.39437 5.42105 5.48928 5.48916 5.43729 5.46397 5.52688 5.61416 5.62634 5.55080 5.49986
5.83294 5.84754 5.86468 5.84699 5.73278 5.63119 5.56989 5.54523 5.56333 5.61662 5.60573 5.56952 5.56644 5.60482 5.67737 5.68655 5.64431 5.64647 5.66496 5.66808 5.67010 5.68210 5.71207 5.72192 5.64426 5.53381 5.49331 5.50820 5.52494 5.51023 5.47762 5.48455 5.52670 5.44350 5.16056 5.14106 5.37999 5.41646 5.45624 5.41593 5.40999 5.40504 5.37473 5.39196 5.35176 5.27480 5.32104 5.42666 5.41349 5.26670 5.34613 5.54114 5.51731 5.27096 5.11317 5.30919 5.35506 5.44734 5.55420 5.54952 5.54861 5.57694 5.65088 5.66827 5.59116 5.51816
5.83167 5.84809 5.88379 5.84291 5.71119 5.60385 5.55171 5.54915 5.59655 5.66195 5.60175 5.55832 5.56554 5.61211 5.62573 5.55913 5.52419 5.53524 5.57769 5.66860 5.73293 5.75836 5.75523 5.69548 5.58353 5.48499 5.45487 5.50558 5.52113 5.45288 5.35247 5.30629 5.37912 5.37681 5.09286 5.07340 5.30959 5.34929 5.43591 5.44840 5.44928 5.43089 5.33608 5.19613 5.17270 5.24560 5.27124 5.37034 5.39358 5.31079 5.20049 5.39551 5.45767 5.20569 4.98736 5.19941 5.30074 5.36640 5.47292 5.47720 5.48142 5.52971 5.62072 5.66050 5.63715 5.55633
5.81509 5.86246 5.88495 5.81787 5.68935 5.56900 5.51385 5.52843 5.58901 5.62237 5.55800 5.53362 5.57291 5.62207 5.54476 5.47441 5.45599 5.43736 5.49218 5.62983 5.73656 5.75971 5.70958 5.60146 5.49561 5.43672 5.45122 5.48110 5.47188 5.33692 5.25124 5.19855 5.21942 5.27073 4.90747 4.86533 5.05912 5.08622 5.19709 5.33682 5.47469 5.50154 5.35061 5.06461 5.06345 5.32997 5.24101 5.29630 5.39064 5.32383 5.23608 5.31071 5.42416 5.19689 4.89568 5.07108 5.30156 5.39569 5.47562 5.47835 5.42687 5.44832 5.53612 5.62821 5.67302 5.57534
5.80302 5.86054 5.85249 5.77551 5.65327 5.52251 5.45715 5.48128 5.53472 5.53442 5.49445 5.51058 5.58802 5.57463 5.47431 5.43703 5.44696 5.37850 5.39779 5.54832 5.67503 5.68217 5.60209 5.49510 5.41501 5.39528 5.40848 5.41922 5.44686 5.27269 5.16943 5.18797 5.11833 5.10302 4.72680 4.76078 5.03261 5.05480 5.02894 5.13318 5.34466 5.45975 5.28282 4.98599 5.09024 5.36407 5.26151 5.30725 5.39721 5.30841 5.19815 5.17047 5.32058 5.26103 4.93728 4.96809 5.28688 5.43672 5.49745 5.48299 5.42668 5.40106 5.47091 5.58720 5.67324 5.60715
5.73393 5.80776 5.79661 5.72188 5.59965 5.45205 5.36711 5.40910 5.45680 5.43113 5.41193 5.49273 5.58733 5.51262 5.42217 5.43511 5.47745 5.37433 5.33455 5.48272 5.60054 5.55435 5.47131 5.41605 5.40321 5.39544 5.38910 5.32491 5.34768 5.32365 5.23299 5.24490 5.18664 5.02472 4.69088 4.75958 5.14995 5.25190 5.12767 5.06092 5.23248 5.39043 5.18720 4.93829 5.09903 5.34783 5.24990 5.28867 5.24603 5.06365 4.95860 4.89057 5.04950 5.19067 4.94374 4.91352 5.24844 5.37694 5.36627 5.34484 5.35049 5.34554 5.41629 5.53622 5.64269 5.61642
5.62392 5.71676 5.73098 5.64440 5.50340 5.32069 5.25150 5.34144 5.39008 5.31488 5.29993 5.44953 5.53507 5.44496 5.38965 5.45542 5.50671 5.36337 5.29347 5.44271 5.50959 5.42017 5.37038 5.40894 5.45795 5.41118 5.34249 5.35668 5.31243 5.33130 5.24686 5.24693 5.20824 5.04193 4.71815 4.74963 5.10113 5.33607 5.20807 5.02460 5.15135 5.32297 5.13995 4.94708 5.04777 5.29994 5.21096 5.28139 5.09848 5.01618 4.91172 4.74967 4.67366 4.66817 4.60690 4.68493 5.05503 5.26291 5.25724 5.23506 5.19116 5.26760 5.38591 5.50199 5.60511 5.55767
5.53155 5.60044 5.62990 5.53634 5.36014 5.17301 5.21312 5.33932 5.38468 5.25070 5.16854 5.36399 5.45119 5.38039 5.40189 5.49562 5.49617 5.32281 5.25644 5.42158 5.41495 5.33619 5.38304 5.43163 5.48257 5.47679 5.38199 5.30629 5.29316 5.15611 5.04896 5.05824 5.03775 5.05556 4.74632 4.73921 4.97830 5.20578 5.22259 5.07153 5.05978 5.17627 5.13889 5.05113 5.02111 5.16086 5.23031 5.29769 5.10283 5.12646 5.11779 4.88282 4.58880 4.43694 4.46416 4.67967 4.95610 5.08589 4.98828 4.95505 5.06623 5.26578 5.40375 5.50159 5.55768 5.48543
5.48728 5.50593 5.50769 5.41228 5.22799 5.14883 5.25611 5.39503 5.42773 5.26763 5.13337 5.28054 5.37411 5.35842 5.44083 5.53068 5.45154 5.26288 5.28380 5.44879 5.37012 5.32736 5.44142 5.44286 5.47030 5.51345 5.46339 5.36888 5.27091 4.94089 4.88525 4.97535 4.90617 5.03896 4.80124 4.78201 4.92073 5.01052 5.11390 5.16536 5.03734 5.02765 5.13648 5.20639 5.09922 5.12437 5.29858 5.31881 5.14233 5.15062 5.22699 5.03415 4.65364 4.55611 4.62893 4.81921 4.81775 4.74399 4.77828 4.90152 5.13276 5.31601 5.41450 5.47587 5.49783 5.46256
5.51495 5.49118 5.46105 5.36503 5.24046 5.22880 5.34263 5.47053 5.47580 5.31844 5.21465 5.30787 5.37721 5.39463 5.46864 5.49886 5.41078 5.30038 5.30503 5.39282 5.33429 5.35216 5.45189 5.43986 5.45920 5.49289 5.42593 5.24473 4.95270 4.74228 4.84492 4.93539 4.85524 4.97958 4.90642 4.87921 4.97199 4.99100 4.95220 4.98017 4.90341 4.89088 4.96151 5.11420 5.09176 4.97546 5.09502 5.18157 5.00842 4.95473 5.08310 5.04799 4.72178 4.77597 4.86521 4.92027 4.84429 4.64692 4.59038 4.67812 4.88676 5.16570 5.33529 5.39605 5.40098 5.36417
5.59617 5.55483 5.51521 5.42158 5.30562 5.29294 5.39580 5.50713 5.48626 5.33897 5.28096 5.39245 5.44060 5.43734 5.49144 5.47350 5.39442 5.33495 5.31291 5.33335 5.33865 5.38760 5.44415 5.42161 5.44749 5.44081 5.27579 4.97770 4.75452 4.69890 4.81142 4.81169 4.74587 4.82156 4.79428 4.73434 4.89393 4.98920 4.74524 4.64490 4.74770 4.85306 4.84456 4.83023 4.82426 4.75943 4.88795 4.91747 4.80573 4.80656 4.92322 5.04941 4.84940 4.83835 4.96950 5.07895 5.07569 4.77404 4.56601 4.52004 4.57167 4.73327 5.03355 5.19679 5.17254 5.01162
5.66392 5.63617 5.59022 5.47369 5.31806 5.26714 5.36031 5.43422 5.39815 5.27935 5.30365 5.44645 5.46268 5.44690 5.49249 5.46034 5.42224 5.38572 5.34361 5.34506 5.36362 5.39682 5.39469 5.38931 5.43089 5.38760 5.14799 4.84861 4.70496 4.71134 4.91113 4.82796 4.68458 4.61741 4.51756 4.45916 4.53916 4.65329 4.54537 4.54246 4.76045 4.95036 5.03853 4.91566 4.86537 4.87359 4.83692 4.84988 4.81754 4.77628 4.89319 5.06882 4.97851 5.00233 5.12898 5.08744 5.03316 4.96968 4.85087 4.67307 4.54590 4.50813 4.60230 4.73182 4.68897 4.57722
5.72389 5.68858 5.66306 5.55863 5.39703 5.25644 5.29148 5.34772 5.32157 5.29764 5.41701 5.53104 5.50468 5.44676 5.44040 5.44777 5.45799 5.43711 5.36764 5.34031 5.32873 5.33234 5.31055 5.32401 5.35521 5.29738 5.06805 4.76538 4.64623 4.70571 4.96165 4.90202 4.70127 4.54543 4.39241 4.44453 4.44628 4.50836 4.49424 4.62698 4.75598 4.86521 5.07233 5.12819 5.11793 4.94948 4.86916 4.90918 4.93435 4.91068 4.97035 5.08723 4.89080 4.81566 4.84745 4.85354 4.90314 5.01657 4.99701 4.91624 4.69798 4.47343 4.38526 4.42630 4.41203 4.38189
5.78505 5.73019 5.69040 5.62006 5.49953 5.36066 5.32832 5.35579 5.38431 5.42816 5.49038 5.51046 5.48857 5.47057 5.47167 5.49060 5.46580 5.40493 5.32234 5.24434 5.17318 5.13382 5.11029 5.11197 5.08610 5.00184 4.83191 4.64527 4.58570 4.67079 4.81752 4.76758 4.71417 4.61437 4.56020 4.68009 4.64954 4.64560 4.62727 4.82133 4.78503 4.83841 5.03849 5.13571 5.11170 4.96266 4.85276 4.74323 4.81110 4.94954 4.85643 4.84752 4.73054 4.58970 4.66232 4.79812 4.79183 4.86566 5.04581 5.06053 4.77316 4.50945 4.36741 4.32461 4.33970 4.36666
5.76187 5.69550 5.65969 5.58005 5.45885 5.37539 5.41505 5.43380 5.44063 5.39428 5.34665 5.31573 5.31781 5.39166 5.48903 5.51508 5.40652 5.30489 5.28510 5.20126 5.07288 4.97510 4.92260 4.88960 4.82206 4.77656 4.70837 4.60609 4.61007 4.72687 4.81852 4.82577 4.88062 4.77919 4.69403 4.79935 4.71534 4.81531 4.75327 4.90963 4.82071 4.77427 4.82989 4.87022 4.81929 4.69556 4.55848 4.52378 4.61100 4.72239 4.59501 4.54616 4.52368 4.51578 4.77516 4.96608 4.77227 4.77661 5.08730 5.07413 4.71447 4.59210 4.53601 4.49307 4.50259 4.52324
5.69322 5.64543 5.59392 5.48987 5.38234 5.38839 5.41848 5.45777 5.36227 5.26159 5.18160 5.13155 5.13088 5.20364 5.37375 5.45598 5.31600 5.24417 5.31137 5.24736 5.09688 5.02779 4.96215 4.90343 4.82132 4.80357 4.79380 4.68643 4.72168 4.76481 4.74599 4.85258 4.97657 4.94691 4.74813 4.73644 4.78086 4.95503 4.73878 4.83724 5.04303 5.00305 4.94480 4.87706 4.73275 4.57515 4.49363 4.54032 4.55068 4.62653 4.59199 4.57335 4.56868 4.70774 4.83409 4.88800 4.79115 4.80821 5.10185 5.10284 4.73298 4.66521 4.79414 4.77301 4.77905 4.79267
5.63735 5.59930 5.55437 5.45849 5.39983 5.39212 5.42169 5.43681 5.24501 5.11081 5.14388 5.13863 5.07677 5.04885 5.24935 5.40623 5.29909 5.21036 5.22255 5.15215 5.01039 5.10439 5.12859 5.09928 5.02781 4.94235 4.91927 4.75424 4.76014 4.76194 4.70353 4.76130 4.96192 5.08215 4.94640 4.88814 5.07209 5.10110 4.84037 4.86093 5.11197 5.08816 5.08211 4.97433 4.80111 4.69167 4.70820 4.79209 4.68385 4.74364 4.77449 4.86507 4.77377 4.87403 4.98030 5.00446 4.93072 4.83856 4.95089 5.05956 4.75760 4.70022 4.86603 4.87701 4.95855 5.03975
5.57544 5.55263 5.52435 5.45118 5.41149 5.41099 5.45164 5.38536 5.10958 4.97784 5.11726 5.17593 5.03383 4.94101 5.13630 5.36240 5.32104 5.22740 5.22313 5.13168 5.02430 5.09507 5.17506 5.15690 5.09298 4.95807 4.82463 4.64044 4.63767 4.65578 4.61228 4.62535 4.73458 4.83641 4.85946 5.00512 5.12830 4.88334 4.74087 4.84449 4.97739 4.98082 5.11111 4.98455 4.84148 4.79399 4.75780 4.81539 4.73160 4.71249 4.70952 4.81817 4.81644 4.87601 5.12836 5.17770 5.01035 4.93533 4.82817 5.00282 4.79758 4.66676 4.64508 4.67331 4.71764 4.86397
5.42790 5.44727 5.47663 5.43102 5.39244 5.40515 5.41752 5.25581 4.94856 4.90774 5.12935 5.23008 5.02669 4.87404 4.99751 5.24551 5.16307 5.00063 4.97179 4.95901 4.98831 5.09700 5.13305 5.07966 5.01513 4.84943 4.67164 4.57427 4.64816 4.67694 4.62607 4.67331 4.78361 4.81761 4.82324 4.90491 5.05158 4.82765 4.81534 4.91997 4.97759 4.86046 4.97838 5.05822 4.94020 4.82973 4.69750 4.61892 4.60356 4.65043 4.59817 4.58807 4.71135 4.70460 4.93171 5.14557 5.02401 4.99365 4.80887 4.91236 4.95096 4.76980 4.70306 4.75288 4.66637 4.68516
5.20694 5.20942 5.31080 5.29661 5.26542 5.31744 5.32175 5.11598 4.84605 4.89784 5.20086 5.28712 5.06305 4.87852 4.93442 5.10234 4.90758 4.81303 4.84430 4.88504 4.96625 5.06825 5.09682 5.04261 4.97720 4.84636 4.69790 4.65231 4.73929 4.82742 4.72688 4.75228 4.93076 4.88775 4.80001 4.91474 5.06604 4.85398 4.76782 4.78306 4.76957 4.81293 5.00779 5.14912 5.08167 5.07554 4.94258 4.72370 4.68698 4.80157 4.53724 4.49086 4.72167 4.63858 4.74015 5.04854 4.97184 4.92622 4.77222 4.80840 4.97585 4.93789 4.88492 4.98814 4.83396 4.70003
5.05935 5.00291 5.05070 5.11260 5.20308 5.25890 5.24874 5.05730 4.80127 4.89568 5.18191 5.13511 4.93919 4.89004 5.02191 5.06956 4.84987 4.85209 4.94751 5.00045 5.07922 5.16064 5.17602 5.10360 5.04033 4.91904 4.71883 4.65906 4.72650 4.85174 4.78464 4.78817 4.91762 4.84021 4.88738 5.02277 4.96451 4.90707 4.90386 4.87981 4.82641 4.85491 4.87893 4.88505 4.96045 5.15022 5.12755 4.88884 4.80743 4.79367 4.51216 4.48205 4.69911 4.63931 4.68110 4.96974 4.90415 4.80509 4.67475 4.71649 4.73286 4.66412 4.64572 4.79034 4.85892 4.66656
5.02881 5.00393 4.96345 5.06394 5.21501 5.22514 5.25196 5.09776 4.82144 4.87780 5.07903 4.98345 4.89468 5.00251 5.18141 5.09148 4.85614 4.86197 5.04339 5.10849 5.12986 5.18744 5.22675 5.16056 5.04693 4.91066 4.65601 4.56828 4.66384 4.72152 4.76477 4.77757 4.86903 4.85961 4.93155 4.79402 4.70718 4.72296 4.74215 4.68401 4.63207 4.66717 4.73901 4.71497 4.69770 4.83327 4.87185 4.71880 4.67505 4.71854 4.55951 4.47466 4.60778 4.67674 4.64380 4.84184 4.90442 4.74550 4.64300 4.63412 4.54780 4.53883 4.52493 4.54497 4.60774 4.42085
4.99328 5.06231 5.03092 5.06521 5.12188 5.16118 5.23195 5.08090 4.83085 4.89289 5.03874 4.95832 4.98093 5.12589 5.21429 5.09353 4.86222 4.82292 4.97244 5.06090 5.07216 5.17386 5.22272 5.17803 5.05610 4.84533 4.62153 4.57284 4.67587 4.75089 4.78085 4.74286 4.82834 4.76018 4.70929 4.64467 4.70918 4.75776 4.76143 4.69159 4.68137 4.76422 4.90406 4.87939 4.73046 4.72128 4.76213 4.67465 4.60960 4.58331 4.60134 4.51684 4.56842 4.70134 4.59155 4.63033 4.79204 4.67493 4.48912 4.43647 4.42906 4.50179 4.47336 4.39871 4.38027 4.25987
4.94774 5.07922 5.09155 5.09571 5.06348 5.06236 5.13225 4.96851 4.75694 4.81987 4.92087 4.81045 4.76982 4.81745 4.93066 4.90634 4.78182 4.78044 4.87814 4.89993 4.84596 4.97707 5.11413 5.05599 4.84237 4.66802 4.59101 4.63828 4.75367 4.89628 4.87730 4.75716 4.79432 4.68204 4.63056 4.69397 4.90066 4.90096 4.89019 4.86790 4.78677 4.73755 4.80120 4.86095 4.76110 4.74168 4.71413 4.62677 4.59917 4.50246 4.57655 4.56230 4.51587 4.57454 4.51440 4.43849 4.53590 4.46801 4.32608 4.29754 4.34081 4.40436 4.37899 4.30481 4.31640 4.43462
4.91794 4.91869 5.04947 5.16346 5.07658 4.96061 4.98033 4.90419 4.70037 4.72525 4.88167 4.80454 4.72065 4.72368 4.79285 4.82082 4.76061 4.78221 4.85258 4.84654 4.77179 4.76170 4.88441 4.82487 4.68272 4.61347 4.60272 4.65439 4.70554 4.85131 4.85868 4.68244 4.65793 4.67140 4.69170 4.75960 4.73808 4.69985 4.69624 4.79361 4.72709 4.64846 4.66831 4.78074 4.80561 4.74984 4.59910 4.48986 4.48999 4.41177 4.45986 4.51818 4.37851 4.39081 4.42891 4.26522 4.22734 4.19235 4.18917 4.26733 4.30064 4.34484 4.34831 4.32330 4.41492 4.62684
5.06396 4.97974 5.01716 5.09658 5.03868 4.88515 4.81495 4.78301 4.67464 4.68874 4.83298 4.87830 4.80549 4.77531 4.85318 4.87002 4.79341 4.83458 4.91380 4.90230 4.86081 4.74190 4.74188 4.72567 4.69538 4.64594 4.62371 4.68590 4.67843 4.73861 4.78305 4.64042 4.63943 4.70178 4.70648 4.66948 4.57775 4.62431 4.59682 4.61825 4.62300 4.62492 4.59481 4.62963 4.71860 4.71192 4.50326 4.40132 4.44813 4.32084 4.23066 4.29362 4.09169 4.24810 4.39888 4.28354 3.98651 3.88903 4.19673 4.30996 4.34846 4.39130 4.39526 4.36817 4.41168 4.59252
4.95249 4.86026 4.91216 4.99220 4.97768 4.86286 4.76077 4.69442 4.65724 4.70001 4.83350 4.92603 4.79165 4.75809 4.87216 4.84130 4.77927 4.86719 4.97777 4.93846 4.87093 4.82810 4.74466 4.73034 4.77487 4.70068 4.61991 4.65511 4.70545 4.78444 4.84132 4.69324 4.63566 4.62970 4.60088 4.57778 4.60979 4.74822 4.63293 4.56266 4.58210 4.63149 4.55191 4.59547 4.63264 4.66225 4.43530 4.33562 4.46829 4.37935 4.07145 3.86733 3.91311 4.26967 4.40582 4.39987 4.25173 4.22233 4.35674 4.41125 4.44640 4.46845 4.45256 4.38787 4.31496 4.45048
4.77759 4.81475 4.92925 5.01824 5.02863 4.93167 4.80037 4.70136 4.68318 4.76270 4.90364 4.95580 4.77723 4.72113 4.81451 4.76479 4.74526 4.85740 4.95965 4.95914 4.85090 4.81009 4.76595 4.69719 4.67220 4.71330 4.65148 4.67199 4.77761 4.83448 4.89763 4.81134 4.73872 4.71085 4.67803 4.67683 4.81551 4.96182 4.79245 4.61599 4.59571 4.63118 4.54294 4.59311 4.63783 4.65608 4.42599 4.24692 4.39072 4.45734 4.31149 4.12448 4.23182 4.38511 4.43496 4.47714 4.48005 4.48128 4.49842 4.50649 4.52510 4.53168 4.51133 4.43282 4.27129 4.26193
4.74822 4.90846 5.00639 5.06651 5.03923 4.96519 4.83495 4.74617 4.77309 4.88779 4.88548 4.85107 4.79016 4.73142 4.78088 4.73581 4.74504 4.85302 4.88682 4.89785 4.79649 4.75495 4.73761 4.66129 4.59194 4.57086 4.56922 4.62277 4.69926 4.74993 4.78389 4.70530 4.69753 4.71238 4.72426 4.79691 4.95736 5.04315 4.89943 4.71019 4.60542 4.50612 4.42416 4.49899 4.55358 4.60020 4.41087 4.22818 4.31762 4.42431 4.43453 4.42344 4.44413 4.47652 4.50674 4.54016 4.56217 4.58543 4.60534 4.62496 4.62711 4.62180 4.59444 4.52869 4.39359 4.24581
