mrvbf_slope0.6_pctl1.5.asc
NCOLS 410
NROWS 410
XLLCORNER 2398750.0000000000000000
YLLCORNER 2548750.0000000000000000
CELLSIZE 250.0000000000000000
NODATA_VALUE -99999.00000
[rows 232 to 260 of 410, columns 0 to 65 of 410]
-99999.00000 -99999.00000 -99999.00000 -99999.00000 -99999.00000 2.36707 2.70035 3.12567 3.07121 3.29192 3.79411 4.16693 4.17103 4.16437 4.22130 4.19286 4.05621 4.01647 3.75450 3.89633 3.77829 3.81121 4.07984 4.26945 4.31301 4.35617 4.23357 3.56032 3.16749 3.77533 4.35335 4.48967 4.50991 4.49996 4.43547 4.26283 3.99801 3.82693 3.79066 3.86306 3.97720 4.07308 4.10002 4.04820 3.92218 3.90802 4.09409 4.18111 4.05583 3.78870 3.72904 4.11644 4.39136 4.38694 4.26924 4.14445 4.04335 3.95436 3.91013 3.86923 3.61079 3.26863 3.30454 3.81904 4.20900 4.31182
-99999.00000 -99999.00000 -99999.00000 -99999.00000 -99999.00000 2.81568 3.34213 3.18257 2.89461 3.10342 3.65139 4.05111 4.00925 4.14898 4.01029 4.16492 4.07380 3.74971 3.54795 3.81595 4.17829 4.09236 4.05925 4.15341 4.28156 4.39474 4.28487 3.78009 3.57679 4.03840 4.38439 4.47310 4.49770 4.48572 4.37990 4.19190 4.04511 4.08010 4.20590 4.28538 4.29487 4.30862 4.30335 4.23221 4.03240 3.88880 3.90596 4.00298 3.88726 3.64948 3.71059 3.98589 4.31575 4.37246 4.34726 4.24608 4.10019 4.00824 3.93023 3.70714 3.31248 2.96586 3.09505 3.66139 4.00135 4.21266
-99999.00000 -99999.00000 -99999.00000 -99999.00000 -99999.00000 3.42181 3.81574 3.35942 2.91199 3.02624 3.51749 3.97642 4.05625 3.98314 3.85168 3.82419 3.83047 3.40168 3.27016 3.48641 3.94895 4.27527 4.17752 4.10366 4.23924 4.39547 4.33205 3.93625 3.65372 3.86590 4.14090 4.30827 4.39909 4.41496 4.24210 4.03549 4.01024 4.09812 4.28523 4.35828 4.36744 4.34848 4.31653 4.26575 4.13750 3.97199 3.83886 3.82465 3.72552 3.59016 3.63938 4.07911 4.26010 4.31571 4.37384 4.26682 4.07448 3.93910 3.86431 3.49795 2.92178 2.44401 2.48826 3.14776 3.52934 3.86675
-99999.00000 -99999.00000 -99999.00000 -99999.00000 -99999.00000 3.10527 3.70504 3.28896 2.98910 3.00892 3.40999 3.90562 3.80780 3.54203 3.18294 3.07264 3.29759 3.15316 3.19325 3.44549 3.58226 4.15331 4.02956 3.88588 4.06569 4.26109 4.25809 3.96669 3.54316 3.42534 3.57476 3.79081 4.02605 4.18163 4.06856 3.94482 3.99820 3.96652 4.24547 4.24584 4.12650 4.01603 4.03859 4.09627 4.06520 3.93974 3.84953 3.82729 3.71202 3.62435 3.76562 4.07628 4.15361 4.21190 4.35421 4.17884 3.91756 3.72355 3.70648 3.35866 2.57835 1.74375 2.12092 2.76416 3.13581 3.47386
-99999.00000 -99999.00000 -99999.00000 -99999.00000 -99999.00000 2.16876 3.24822 3.12450 3.04672 3.03345 3.26472 3.57894 3.42302 2.96755 2.76803 2.80399 2.94971 3.18493 3.62511 3.50380 3.52085 3.61736 3.32454 3.43737 3.81020 4.05853 4.10617 3.97129 3.68061 3.35837 3.25686 3.32018 3.54995 3.86463 4.06497 4.08033 4.01921 3.85385 3.95010 3.84433 3.62136 3.51138 3.63073 3.79701 3.80931 3.74116 3.79257 3.88219 3.75175 3.70947 3.93549 4.06278 3.98134 4.02482 4.24000 3.98658 3.76336 3.76067 3.70987 3.31481 2.32885 1.75765 2.84596 3.09238 3.17515 3.39826
-99999.00000 -99999.00000 -99999.00000 -99999.00000 -99999.00000 1.92617 2.21254 2.89194 3.04576 3.07517 3.27204 3.38128 3.11071 2.82084 2.76727 3.05536 3.08027 3.55159 3.87108 3.62473 3.61992 3.00359 2.75441 3.15827 3.75453 4.03743 4.10267 4.05656 3.86810 3.54158 3.31900 3.26479 3.38850 3.69000 4.11608 4.06987 3.94177 3.69134 3.66372 3.58146 3.40053 3.32389 3.39623 3.56139 3.59582 3.57341 3.66366 3.89848 3.89312 3.84083 4.01038 4.02738 3.92095 3.80535 3.99661 3.79704 3.71818 3.79896 3.60323 3.24695 2.39144 2.13958 3.58766 3.52898 3.51591 3.66976
-99999.00000 -99999.00000 -99999.00000 -99999.00000 -99999.00000 1.97492 2.26197 2.60810 2.73709 2.92899 3.32565 3.55131 3.21552 3.07939 3.42968 3.76500 3.68242 3.82787 3.70350 3.56585 3.22450 2.62773 2.71360 3.28720 3.90963 4.22301 4.29113 4.24686 4.08510 3.83758 3.67919 3.52970 3.43342 3.58810 3.99716 3.87341 3.82024 3.67799 3.62686 3.62223 3.54237 3.58205 3.41794 3.44049 3.48667 3.50504 3.50897 3.71935 4.00190 3.84399 3.95044 3.93648 3.86985 3.72389 3.80358 3.70370 3.65031 3.62217 3.36192 3.16477 2.64113 2.79313 3.85595 3.73579 3.75615 3.83943
-99999.00000 -99999.00000 -99999.00000 -99999.00000 -99999.00000 1.78256 1.24349 2.04803 2.18900 2.58016 3.17131 3.75018 3.42409 3.50012 4.02858 4.03495 4.03372 4.03794 3.64488 3.43566 2.93170 2.62710 3.50379 3.70161 4.04983 4.36810 4.45077 4.38207 4.19147 3.99459 3.87837 3.65422 3.49319 3.54689 3.81289 3.70605 3.61182 3.69911 3.76353 3.89646 3.89657 3.97296 3.73474 3.55515 3.56992 3.56917 3.40993 3.46722 3.86993 3.84959 3.83010 3.96294 3.91948 3.77454 3.81120 3.71375 3.63574 3.67246 3.56009 3.46876 3.05846 3.15414 3.85102 3.75754 3.59544 3.62625
-99999.00000 -99999.00000 -99999.00000 -99999.00000 -99999.00000 1.54363 2.16297 1.88583 2.30089 2.23712 2.85096 3.72763 3.52724 3.64110 4.16071 4.17729 4.06690 4.06195 3.73526 3.32955 3.01564 3.23809 3.87532 4.02166 4.23252 4.43171 4.48587 4.37001 4.13213 3.97547 3.81386 3.62445 3.50789 3.49596 3.62848 3.54007 3.58264 3.86045 3.99035 4.10749 4.08156 4.02195 4.02380 3.87327 3.88576 3.86079 3.53693 3.37084 3.64718 3.82624 3.76133 3.91605 3.93218 3.79390 3.83271 3.83958 3.84771 3.92653 3.92419 3.93481 3.27195 3.03741 3.63139 3.89136 3.69063 3.63963
-99999.00000 -99999.00000 -99999.00000 -99999.00000 -99999.00000 2.17231 1.99035 2.10476 2.41891 2.03211 2.55480 3.42402 3.58133 3.71951 4.16256 4.27936 4.11844 4.13084 3.87286 3.47958 3.56193 3.99818 4.16165 4.23371 4.38352 4.49524 4.48024 4.29270 4.04885 4.07032 3.90077 3.67689 3.48554 3.40751 3.57221 3.66636 3.85155 4.13281 4.08570 4.15232 4.11879 3.98295 4.04697 4.04774 4.06208 4.05699 3.73267 3.45988 3.57726 3.77244 3.74742 3.93708 3.95581 3.78344 3.79532 3.98316 4.15636 4.05424 4.03235 3.99419 3.51706 3.03537 3.05442 3.57190 3.86667 3.74957
-99999.00000 -99999.00000 -99999.00000 -99999.00000 -99999.00000 3.49053 3.17999 3.35387 3.15291 2.15357 2.32405 2.99469 3.62373 3.87206 4.13601 4.29499 4.12744 3.99037 3.98855 3.91829 4.10955 4.30218 4.29400 4.36271 4.45997 4.49438 4.41069 4.21529 4.14936 4.25002 4.18483 4.03089 3.78516 3.62732 3.82516 4.09004 4.23099 4.24162 4.12667 4.02535 3.85831 3.84693 4.04882 4.04703 3.88077 3.81977 3.67133 3.47675 3.51622 3.70747 3.80882 3.97110 4.04344 3.88187 3.81487 3.95940 4.12155 4.00231 3.64365 3.31602 3.33084 3.27176 2.80337 2.68235 3.08317 3.35077
-99999.00000 -99999.00000 -99999.00000 -99999.00000 -99999.00000 3.65860 3.57216 3.26011 3.04430 2.60068 2.34539 2.85166 3.67028 4.03098 4.04676 4.12026 4.02359 3.83145 4.06431 4.08183 4.20141 4.26783 4.30687 4.41588 4.47729 4.44146 4.31822 4.18478 4.28577 4.26774 4.13178 4.08037 3.97075 3.87242 4.12719 4.31401 4.33651 4.32616 4.16225 3.87417 3.73917 3.95149 4.20428 4.12522 3.88738 3.77259 3.61783 3.46465 3.50700 3.71840 3.98854 4.11176 4.20821 4.13647 3.99198 4.02686 4.07179 3.80085 3.39681 3.17650 2.93304 2.96658 2.30184 1.48010 2.37923 2.70647
-99999.00000 -99999.00000 -99999.00000 -99999.00000 -99999.00000 4.00368 3.77957 2.53575 2.68006 2.63449 2.58012 2.85861 3.51890 4.07065 3.94412 3.73173 3.64126 3.65553 3.82846 3.93857 4.10539 4.07768 4.18453 4.35727 4.40699 4.37402 4.23852 4.17522 4.32098 4.13750 4.11978 4.10792 4.05917 4.19787 4.35912 4.26460 4.14699 4.22207 4.14505 4.00647 4.06392 4.11582 4.20124 4.02606 4.01288 4.11486 3.95964 3.67107 3.63076 3.85308 4.22078 4.25374 4.20824 4.15551 4.12097 4.08879 4.09279 3.88363 3.58780 3.44470 3.20325 2.85583 2.14420 1.82282 3.22097 3.16268
-99999.00000 -99999.00000 -99999.00000 -99999.00000 -99999.00000 4.20969 4.02095 2.75881 1.85043 2.26053 2.48984 2.71675 3.24471 3.86706 3.67864 3.26750 3.38855 3.69326 3.62853 3.97683 4.13220 3.99898 3.91067 4.16331 4.33927 4.31249 4.22579 4.24844 4.21107 4.07872 4.21081 4.32474 4.36499 4.44621 4.37300 4.12001 4.14751 4.19632 4.28158 4.23021 4.21346 4.18386 4.28343 4.16382 3.93662 4.08828 4.25701 4.00186 3.81797 3.91308 4.23000 4.37460 4.29760 4.12382 4.20559 4.12655 4.06271 3.85115 3.48182 3.38452 3.49296 3.38028 2.70457 2.70083 3.76827 3.84315
-99999.00000 -99999.00000 -99999.00000 -99999.00000 -99999.00000 4.32344 3.96514 2.62192 1.32134 1.31750 1.63392 2.38902 2.94271 3.47699 3.18820 2.95462 3.48818 3.91404 3.83821 4.04688 4.12406 4.00693 3.86478 3.98987 4.29258 4.28107 4.29266 4.28940 4.12748 4.16240 4.32609 4.38128 4.41413 4.47390 4.41937 4.16645 4.02735 4.24854 4.34430 4.29016 4.24433 4.30278 4.39997 4.38092 4.10200 4.05762 4.26751 4.11295 3.87794 3.94940 4.27098 4.43368 4.31328 3.99584 4.16548 4.03912 4.01740 3.68739 3.40335 3.49096 3.58422 3.49992 3.30657 3.07243 3.59264 3.91031
-99999.00000 -99999.00000 -99999.00000 -99999.00000 -99999.00000 4.25927 3.63377 2.74791 2.64504 1.86668 1.07421 2.11553 2.63538 2.81418 2.69252 2.87154 3.63698 3.94625 3.87628 3.94822 3.92976 3.93530 3.91666 3.89288 4.10530 4.15311 4.29002 4.20015 4.04531 4.15296 4.34345 4.37561 4.28727 4.26649 4.29597 4.26416 4.14717 4.24694 4.34091 4.33511 4.31860 4.36246 4.40130 4.39955 4.19175 4.09487 4.27331 4.11827 3.90328 4.03709 4.28145 4.32197 4.00640 3.78845 4.09367 4.05649 4.10492 3.61644 3.41619 3.55028 3.54064 3.15645 3.33168 3.73642 3.86417 3.68188
-99999.00000 -99999.00000 -99999.00000 -99999.00000 -99999.00000 4.17448 3.60066 2.77882 2.58204 2.66528 1.02493 1.98646 2.45994 2.55898 2.67800 3.41076 3.66826 3.78566 3.73955 3.69306 3.67684 3.91908 3.98516 3.99256 3.96226 3.99125 4.14949 4.09214 3.66070 3.64448 4.01423 4.18580 3.96392 3.74941 3.71967 3.86700 4.09045 4.23859 4.19679 4.17068 4.28723 4.26567 4.14920 4.16206 4.09375 4.01893 4.22783 4.08277 3.96694 4.04925 4.01110 3.94744 3.74406 3.79686 3.87448 4.01699 4.15299 3.65031 3.33212 3.32804 3.43781 3.37633 3.37729 3.81829 4.01368 3.93633
-99999.00000 -99999.00000 -99999.00000 -99999.00000 -99999.00000 3.75914 3.16276 2.55464 2.95629 3.21720 2.20267 2.21570 2.66110 2.85411 3.17796 3.73694 3.69993 3.69753 3.80057 3.62849 3.67698 3.81486 3.97180 4.18774 4.09895 4.01174 3.92109 3.86727 3.44258 3.25174 3.47503 3.63923 3.47479 3.39279 3.42974 3.55017 3.80138 3.98904 3.86538 3.82131 3.89257 3.86484 3.80203 3.76564 3.81087 3.81412 4.09560 3.96590 3.99253 4.07121 3.82728 3.73906 3.81309 4.00781 3.79199 4.06369 4.24255 3.71049 3.29491 3.27757 3.50632 3.91896 4.07327 4.02204 3.83048 3.87542
-99999.00000 -99999.00000 -99999.00000 -99999.00000 -99999.00000 3.06448 2.81509 2.46731 3.09847 2.98235 2.76449 2.92460 3.28647 3.44602 3.49739 3.61126 3.75949 3.63021 3.70999 3.65944 3.65899 3.72660 4.09194 4.33801 4.15046 3.96423 3.95530 3.78684 3.62549 3.30216 3.24559 3.25810 3.22499 3.33709 3.50150 3.59316 3.77323 3.87565 3.81477 3.85366 3.73094 3.74899 3.80775 3.67826 3.57612 3.67198 3.88879 3.79236 3.88758 3.92845 3.76400 3.67658 3.79827 4.01096 3.74156 4.02914 4.11637 3.56798 3.29593 3.42528 3.63703 3.97622 4.29153 4.26039 3.93809 3.62110
-99999.00000 -99999.00000 -99999.00000 -99999.00000 -99999.00000 2.80532 2.86884 2.72259 2.99520 2.91569 2.76271 3.18892 3.65842 3.86014 3.85610 3.90315 3.96695 3.82030 3.60049 3.38121 3.40071 3.87638 4.32245 4.42030 4.22434 3.85385 3.81362 3.73633 3.76346 3.78036 3.43031 3.21426 3.24661 3.43029 3.49435 3.59819 3.89806 4.00418 3.97140 4.09146 3.95726 3.95119 3.96562 3.79708 3.60651 3.64035 3.66138 3.63075 3.77634 3.76040 3.62193 3.60965 3.59959 3.61612 3.65891 3.84408 3.60270 3.29032 3.32435 3.71228 3.85923 3.94782 4.23940 4.33829 4.20437 3.78912
-99999.00000 -99999.00000 -99999.00000 -99999.00000 -99999.00000 3.23616 3.17210 2.85116 2.16751 2.84191 2.92711 3.25509 3.79203 4.09157 4.11876 4.19583 4.14637 4.04547 3.61876 3.18985 3.38229 4.03233 4.34179 4.30703 3.92527 3.48584 3.50941 3.57286 3.73517 3.90437 3.56644 3.37106 3.51623 3.58851 3.39155 3.51743 3.97628 4.04992 3.97717 4.08229 4.07232 4.05884 3.94617 3.77668 3.72481 3.78305 3.60000 3.57313 3.77205 3.68422 3.57977 3.66126 3.46808 3.43670 3.75933 3.61606 3.34883 3.26267 3.41714 3.83004 4.06305 3.95969 4.14314 4.32595 4.05756 3.79404
-99999.00000 -99999.00000 -99999.00000 -99999.00000 -99999.00000 3.75197 3.64889 2.69189 3.00236 2.32076 2.89232 3.33677 3.83244 4.11207 4.23251 4.31802 4.17605 4.00952 3.42595 3.21927 3.34942 3.63194 3.97482 3.93626 3.51696 3.35542 3.56264 3.62177 3.49718 3.58438 3.47901 3.57374 3.83892 3.60987 3.35603 3.53071 3.99467 3.92257 3.80151 3.84156 3.84752 3.84807 3.79655 3.73243 3.81832 3.97867 3.65420 3.58966 3.83415 3.74657 3.66891 3.78956 3.38494 3.43118 3.66879 3.49617 3.40188 3.43558 3.63729 3.70990 4.03704 3.95285 4.06992 4.23920 3.96832 3.90608
-99999.00000 -99999.00000 -99999.00000 -99999.00000 -99999.00000 3.68856 3.67911 3.15632 2.40804 3.14558 3.50150 3.46312 3.84297 4.17741 4.36333 4.37024 4.16224 3.97686 3.47668 3.35576 3.38686 3.42190 3.64504 3.80275 3.50964 3.46576 3.67444 3.77914 3.46855 3.31545 3.41773 3.75223 3.85508 3.57364 3.41579 3.58546 3.86707 3.70375 3.59343 3.61902 3.62725 3.62648 3.65818 3.73596 3.89687 4.05736 3.74720 3.62492 3.84267 3.82793 3.73651 3.88734 3.42785 3.38612 3.56833 3.52893 3.48183 3.49634 3.62177 3.70784 3.81496 3.84133 4.05162 4.18968 4.02377 3.90289
-99999.00000 -99999.00000 -99999.00000 -99999.00000 -99999.00000 3.76157 3.77510 3.32637 3.01585 3.11082 3.15394 3.38906 3.84328 4.23423 4.40611 4.36944 4.12061 3.91063 3.62975 3.43221 3.54518 3.57029 3.66051 3.86214 3.51908 3.42770 3.68865 3.85270 3.67255 3.34513 3.37768 3.62419 3.72715 3.60485 3.45886 3.52419 3.62303 3.54044 3.52239 3.61382 3.61763 3.56678 3.59112 3.68006 3.80227 3.87215 3.69101 3.56198 3.71540 3.87568 3.69260 3.74417 3.52350 3.50157 3.49778 3.41389 3.43812 3.54455 3.58698 3.73551 3.76318 3.77032 3.82994 3.95686 3.97194 3.93277
-99999.00000 -99999.00000 -99999.00000 -99999.00000 -99999.00000 3.22870 3.23990 3.16250 3.33070 2.99490 3.12050 3.49759 3.98763 4.26375 4.38749 4.31477 3.97933 3.78302 3.63041 3.26548 3.34710 3.48328 3.58074 3.69040 3.45527 3.39981 3.74241 3.82530 3.64909 3.50746 3.54777 3.48737 3.58353 3.61159 3.38879 3.26955 3.40413 3.56415 3.63782 3.73280 3.73186 3.60629 3.56061 3.63458 3.76211 3.80445 3.63160 3.47451 3.56170 3.89987 3.78301 3.67696 3.62124 3.67044 3.33792 3.08286 3.05505 3.30503 3.53699 3.56863 3.64004 3.61063 3.54444 3.59936 3.77081 4.00393
-99999.00000 -99999.00000 -99999.00000 -99999.00000 -99999.00000 3.00620 3.14333 3.02460 2.61786 3.09279 3.54502 3.54565 3.65828 3.95745 4.21172 4.21765 3.83661 3.72807 3.76211 3.25880 3.02046 3.04637 3.25291 3.50469 3.52198 3.51237 3.69895 3.78024 3.78182 3.73040 3.85278 3.56023 3.55817 3.65972 3.35658 3.11479 3.28550 3.66996 3.77624 3.62687 3.60921 3.61599 3.64054 3.74666 3.91591 3.93017 3.66010 3.42321 3.41031 3.65083 3.88904 3.83413 3.62331 3.37571 3.04969 2.91701 2.88935 2.85048 3.05372 3.28198 3.50335 3.46420 3.61051 3.60146 3.65009 3.90936
-99999.00000 -99999.00000 -99999.00000 -99999.00000 -99999.00000 3.08130 2.88826 2.39531 2.81584 2.94653 3.41028 3.67552 3.52010 3.42510 3.65539 3.92148 3.64559 3.60664 3.65405 3.39253 3.20873 3.13040 3.20051 3.52958 3.77436 3.68338 3.58460 3.54587 3.61991 3.65782 3.92415 3.62325 3.51617 3.59829 3.37156 3.29436 3.21424 3.54302 3.91764 3.63290 3.45934 3.57665 3.82264 3.89011 3.98998 3.97891 3.77985 3.46436 3.36900 3.48641 3.57528 3.43824 3.20949 3.07308 3.06750 3.19289 3.33332 2.96012 2.78885 3.18487 3.66239 3.51430 3.68189 3.85435 3.72832 3.77209
-99999.00000 -99999.00000 -99999.00000 -99999.00000 -99999.00000 3.02245 2.96694 2.90127 2.49179 2.92891 3.22754 3.63941 3.60764 3.30062 3.24906 3.39061 3.38770 3.52377 3.52019 3.54294 3.61977 3.32368 3.29772 3.62913 4.02976 3.89705 3.61106 3.33642 3.29857 3.62396 3.94046 3.70585 3.47481 3.46719 3.45824 3.51845 3.22969 3.41118 3.84824 3.66806 3.44569 3.54583 3.80449 3.85956 4.02505 3.94658 3.81840 3.62751 3.46563 3.52955 3.52991 3.37519 3.29522 3.36168 3.53096 3.52870 3.59085 3.51032 3.24883 3.23475 3.61490 3.64546 3.58375 3.96347 3.90461 3.70238
-99999.00000 -99999.00000 -99999.00000 -99999.00000 -99999.00000 1.89241 3.13637 3.43748 3.24206 3.03127 3.19801 3.59834 3.49599 3.41970 3.33875 3.14772 3.22269 3.42090 3.50687 3.57692 3.68837 3.33173 3.35924 3.72024 4.08512 3.96507 3.60924 3.23823 3.26049 3.56031 3.73997 3.83671 3.60666 3.48121 3.53284 3.53235 3.23705 3.26010 3.56055 3.61800 3.53710 3.61503 3.78893 4.00237 4.18919 3.98805 3.86784 3.79883 3.61922 3.68619 3.70217 3.62238 3.61490 3.62455 3.67693 3.61542 3.65599 3.77723 3.64147 3.41395 3.66578 3.81179 3.65785 3.68845 3.89742 3.78916
