mrvbf_slope1_pctl1.2.asc
NCOLS 410
NROWS 410
XLLCORNER 2398750.0000000000000000
YLLCORNER 2548750.0000000000000000
CELLSIZE 250.0000000000000000
NODATA_VALUE -99999.00000
[rows 377 to 405 of 410, columns 198 to 263 of 410]
2.57989 2.50751 2.08362 1.68388 1.91980 2.22294 2.45715 2.89422 2.96625 2.82601 2.42689 1.64617 1.41287 1.57730 1.89618 2.21305 2.76762 3.06729 2.95379 3.12107 3.40941 3.51937 3.58293 3.66522 3.70507 3.71580 3.70663 3.71366 3.74735 3.76236 3.77276 3.78047 3.76560 3.72404 3.68870 3.66581 3.64968 3.62183 3.59790 3.63249 3.69577 3.76320 3.82739 3.88513 3.99196 3.97067 3.99825 4.07755 4.00462 3.88896 3.85643 3.82559 3.77606 3.77391 3.78641 3.81896 3.86736 3.94717 4.01122 4.04272 4.04933 4.02392 3.91953 3.77630 3.75542 3.81245
2.45333 2.22387 1.83745 1.81516 2.23116 2.32539 2.41638 2.91152 3.17236 3.20314 3.11715 2.75268 2.12386 2.10414 2.41027 2.50634 2.66744 3.09104 3.24496 3.31976 3.44410 3.51227 3.54799 3.60525 3.68123 3.70827 3.69942 3.68803 3.70527 3.72092 3.71728 3.71651 3.69600 3.66278 3.64844 3.64662 3.65033 3.63851 3.59153 3.59678 3.66130 3.72330 3.77324 3.81326 3.91305 3.94656 3.99102 4.05124 3.95012 3.85227 3.82994 3.82950 3.83273 3.81532 3.77638 3.75822 3.78113 3.80956 3.83337 3.87226 3.90466 3.90975 3.86392 3.81817 3.83083 3.83743
2.03564 1.80611 1.86890 2.19918 2.45940 2.38945 2.59205 2.76861 3.17287 3.25913 3.22199 3.05154 2.51006 2.27574 2.33208 2.43316 2.73872 3.12730 3.29653 3.39813 3.49384 3.53484 3.55041 3.57669 3.63680 3.69050 3.70062 3.67149 3.65800 3.66868 3.66440 3.65479 3.63899 3.62957 3.63106 3.63059 3.62990 3.62046 3.59304 3.60165 3.64654 3.70938 3.76820 3.79054 3.86967 3.92958 3.97687 4.00595 3.92697 3.81378 3.79497 3.86909 3.91560 3.89497 3.83817 3.76853 3.72996 3.69585 3.69775 3.74227 3.80771 3.85315 3.87916 3.93288 3.93461 3.86312
1.93253 1.86870 2.18215 2.42929 2.60362 2.61447 2.66252 2.96174 3.22605 3.28695 3.22388 3.00347 2.41735 2.25456 2.39161 2.59729 2.95037 3.25227 3.32532 3.41618 3.49261 3.51499 3.53000 3.54983 3.59367 3.65640 3.67309 3.64158 3.61719 3.62659 3.63729 3.62897 3.62633 3.63582 3.63970 3.63135 3.62727 3.61501 3.60026 3.62073 3.66184 3.72439 3.77399 3.79933 3.85767 3.90340 3.94397 3.93788 3.90168 3.90343 3.88733 3.90475 3.94368 3.93041 3.87060 3.81231 3.72457 3.66399 3.65428 3.70055 3.79743 3.89990 3.97482 4.04890 3.97600 3.83778
2.01346 1.75032 1.75572 2.18040 2.51427 2.69470 2.81540 3.05968 3.19505 3.23713 3.14814 2.84850 2.43908 2.35064 2.50697 2.74949 3.10974 3.31433 3.34240 3.36266 3.42105 3.45355 3.48157 3.50719 3.53650 3.60531 3.62726 3.60655 3.58492 3.59978 3.62775 3.63456 3.63821 3.64649 3.64504 3.63231 3.63023 3.61615 3.62568 3.66646 3.70917 3.73401 3.76510 3.80453 3.79758 3.79775 3.84331 3.87364 3.85508 3.85326 3.86765 3.88822 3.92809 3.95917 3.91599 3.79933 3.70136 3.68377 3.69433 3.68753 3.77755 3.94258 4.02045 4.01069 3.89216 3.76008
1.63668 1.15850 0.89870 1.51216 2.16396 2.42186 2.65050 2.93692 3.08675 3.11516 2.95363 2.66481 2.50513 2.49699 2.62107 2.88883 3.19803 3.34522 3.38228 3.38116 3.38909 3.40791 3.42311 3.44661 3.47513 3.53880 3.58774 3.58248 3.56106 3.56972 3.60738 3.63107 3.63906 3.63943 3.63631 3.63235 3.63592 3.64371 3.68345 3.71211 3.72433 3.72941 3.74421 3.73607 3.68123 3.65107 3.66911 3.74781 3.81979 3.83953 3.85749 3.91027 3.99670 4.01208 3.87172 3.74178 3.71249 3.75681 3.74058 3.70456 3.77037 3.92338 3.98461 3.93829 3.81042 3.71814
1.46211 1.28645 1.19303 1.61558 2.05652 2.25011 2.43202 2.67891 2.90949 2.89728 2.71143 2.59954 2.58425 2.63266 2.75842 2.99953 3.20402 3.33446 3.40243 3.41984 3.40004 3.37212 3.35717 3.35809 3.37178 3.42552 3.52217 3.55406 3.53593 3.51684 3.54460 3.58794 3.61522 3.62552 3.62938 3.63264 3.64456 3.65118 3.67959 3.71441 3.73069 3.71899 3.68178 3.62613 3.57334 3.53349 3.52767 3.58221 3.68544 3.80098 3.87217 3.96526 4.03376 3.91963 3.75174 3.69625 3.74217 3.83937 3.76697 3.72682 3.77419 3.88187 3.94020 3.90126 3.78605 3.70837
1.56552 1.84390 1.70741 1.87914 2.19099 2.31648 2.40404 2.59072 2.74410 2.69475 2.61531 2.61848 2.67968 2.76849 2.91633 3.08987 3.15740 3.24796 3.35400 3.38368 3.37573 3.33262 3.28702 3.25794 3.24301 3.23162 3.31587 3.40156 3.44755 3.49730 3.49847 3.50889 3.56009 3.59927 3.60302 3.61178 3.64603 3.65484 3.65962 3.69181 3.72987 3.69974 3.61288 3.53094 3.46740 3.41859 3.40334 3.45626 3.55947 3.66809 3.79018 3.91676 3.91923 3.76433 3.66485 3.66869 3.75460 3.82652 3.76193 3.73998 3.77388 3.84009 3.90090 3.88099 3.77944 3.71076
1.76824 2.00767 1.93136 2.04939 2.24619 2.35684 2.46269 2.57227 2.62342 2.61803 2.62466 2.68372 2.78710 2.90312 3.06016 3.18087 3.13988 3.12557 3.24322 3.24785 3.23291 3.20373 3.17304 3.17020 3.17124 3.15965 3.12548 3.18909 3.27445 3.41985 3.51156 3.47051 3.45207 3.51687 3.55439 3.58317 3.60602 3.62127 3.59971 3.62333 3.67328 3.66911 3.56097 3.42497 3.31976 3.37070 3.38547 3.38230 3.48964 3.59752 3.70855 3.79412 3.76819 3.66560 3.62404 3.67477 3.77709 3.79326 3.74837 3.74559 3.78257 3.82304 3.86452 3.86815 3.78813 3.72626
1.82797 2.01708 2.07443 2.10063 2.21877 2.34809 2.50576 2.60199 2.60894 2.58784 2.60824 2.69306 2.81197 2.93401 3.06014 3.11771 3.03919 3.00702 3.00337 2.96902 2.91218 2.90636 2.96261 3.02814 3.08109 3.11410 3.06943 3.04437 3.05974 3.20207 3.41685 3.43538 3.39505 3.42058 3.51166 3.54110 3.55060 3.52623 3.49562 3.54194 3.59646 3.62711 3.54782 3.34212 3.12498 3.40217 3.44995 3.37401 3.47294 3.58776 3.67179 3.70500 3.68476 3.64126 3.64856 3.75677 3.81987 3.77183 3.74181 3.75921 3.79933 3.82491 3.84547 3.86313 3.81713 3.74737
2.22225 2.19244 2.26990 2.28276 2.21540 2.31437 2.54078 2.66545 2.68369 2.63285 2.62166 2.69064 2.78964 2.89555 2.97272 3.00752 2.96278 2.82037 2.73684 2.68549 2.65201 2.65834 2.72364 2.81454 2.87781 2.88917 2.83636 2.83285 2.90061 2.97235 3.24785 3.31703 3.35202 3.44079 3.49064 3.50750 3.47025 3.38381 3.39796 3.45557 3.51225 3.59817 3.58580 3.40189 3.15746 3.34423 3.46981 3.44131 3.52001 3.61212 3.63805 3.64884 3.67150 3.70362 3.73366 3.77135 3.78697 3.75284 3.74946 3.79542 3.83498 3.82534 3.81292 3.81886 3.79796 3.76381
2.33847 2.37383 2.36746 2.40512 2.23013 2.22840 2.53436 2.66052 2.67095 2.67369 2.70303 2.74210 2.80788 2.89292 2.92372 2.89959 2.85150 2.71834 2.59885 2.49554 2.43315 2.45729 2.56113 2.64076 2.66809 2.67444 2.69078 2.75347 2.82561 2.88220 3.09571 3.24390 3.31436 3.37645 3.41243 3.42434 3.34726 3.21583 3.36667 3.35019 3.43194 3.57223 3.58140 3.44815 3.34904 3.43752 3.53947 3.54969 3.57813 3.58474 3.58001 3.60618 3.67472 3.79123 3.81420 3.77813 3.77378 3.77485 3.80776 3.84602 3.85576 3.82496 3.78329 3.76004 3.74914 3.75109
2.42359 2.39296 2.45782 2.34395 2.23546 2.28651 2.57419 2.70673 2.74008 2.75521 2.79037 2.83380 2.87125 2.89726 2.90810 2.86690 2.79916 2.64320 2.54033 2.52653 2.46059 2.32684 2.39551 2.45430 2.45825 2.52664 2.64517 2.72262 2.74308 2.88598 3.04653 3.18305 3.20724 3.18907 3.12145 3.11840 3.16243 3.04696 3.15624 3.23979 3.40801 3.51235 3.51388 3.44423 3.46041 3.54924 3.65575 3.67105 3.59380 3.54886 3.54422 3.57681 3.63837 3.72467 3.79854 3.82840 3.84116 3.88029 3.91488 3.90315 3.90359 3.86617 3.79938 3.75372 3.74153 3.72098
2.43825 2.41373 2.43349 2.45218 2.43108 2.53684 2.68159 2.77892 2.81511 2.82725 2.84816 2.87007 2.90536 2.91604 2.89304 2.84826 2.74227 2.57067 2.56368 2.57402 2.52338 2.37751 2.29726 2.21458 2.26944 2.41730 2.55116 2.64479 2.75473 2.87126 2.98546 3.00156 2.90876 2.76946 2.67822 2.68255 2.75829 3.04722 3.06222 3.15952 3.22595 3.18394 3.31477 3.41522 3.52488 3.62282 3.70936 3.71594 3.62447 3.57448 3.56525 3.57272 3.59824 3.64416 3.71595 3.81661 3.90659 3.97410 3.99019 3.98201 4.01996 3.95864 3.86586 3.80784 3.77246 3.71365
2.51001 2.51541 2.55642 2.57098 2.59786 2.68262 2.75602 2.80229 2.82971 2.84856 2.86274 2.87755 2.90596 2.90610 2.86021 2.81527 2.66364 2.48362 2.44875 2.42230 2.37216 2.34048 2.28448 2.28578 2.34803 2.30993 2.46816 2.62645 2.70057 2.78147 2.85119 2.80216 2.69050 2.57757 2.53509 2.50499 2.51084 2.64134 2.78583 2.71328 2.48845 2.41637 2.82482 3.37733 3.52418 3.59503 3.63779 3.65472 3.64434 3.64720 3.64956 3.60322 3.57992 3.59823 3.64816 3.72923 3.82912 3.92189 3.99315 4.01844 4.02462 3.96371 3.88595 3.83663 3.78434 3.73018
2.60555 2.61300 2.62890 2.66097 2.71387 2.75771 2.76359 2.76567 2.78783 2.83463 2.86258 2.87565 2.89219 2.89268 2.85581 2.78414 2.59655 2.38206 2.26344 2.33173 2.26461 2.22738 2.25518 2.36022 2.34532 2.25165 2.39911 2.54239 2.61277 2.68632 2.72906 2.67638 2.58612 2.52861 2.60060 2.48308 2.33666 2.33344 2.25600 1.99823 1.53969 1.99052 2.27568 3.06594 3.43930 3.52554 3.55803 3.58787 3.63570 3.71509 3.76442 3.66118 3.59460 3.58338 3.60464 3.64902 3.71533 3.79852 3.89584 3.98515 3.99295 3.91317 3.83440 3.78576 3.75716 3.75070
2.67756 2.66610 2.68988 2.74075 2.77571 2.77891 2.73448 2.70440 2.72388 2.79041 2.84732 2.87129 2.87784 2.86273 2.83534 2.75132 2.55405 2.27385 2.14921 2.17545 2.06669 2.03418 2.01526 2.17374 2.17987 2.23353 2.26630 2.39140 2.47282 2.53671 2.58871 2.56827 2.51279 2.51451 2.67160 2.59534 2.31412 2.15117 1.96892 1.85554 2.27130 2.25746 2.02725 2.93747 3.44434 3.49221 3.50950 3.55242 3.62031 3.73368 3.82843 3.72277 3.63438 3.59782 3.58809 3.60446 3.65410 3.72418 3.80504 3.88035 3.90698 3.86544 3.80699 3.76857 3.75292 3.76184
2.72359 2.71530 2.72498 2.74996 2.75387 2.73329 2.71570 2.71382 2.70864 2.74965 2.82402 2.85564 2.84199 2.81827 2.77934 2.70537 2.46809 2.03310 1.94080 1.86965 1.46553 1.49659 1.68360 1.88697 2.07552 2.25172 2.23703 2.22297 2.25219 2.25957 2.37625 2.44819 2.44735 2.48150 2.70842 2.86181 2.72374 2.42893 2.39455 2.79830 2.89769 1.81426 2.09904 3.10938 3.41890 3.43460 3.47921 3.55162 3.60694 3.71196 3.82914 3.76774 3.68610 3.63992 3.60756 3.59911 3.62825 3.68394 3.75041 3.80864 3.83430 3.82972 3.81045 3.78280 3.75714 3.74159
2.70409 2.73564 2.72118 2.73552 2.73706 2.74712 2.77290 2.76842 2.70336 2.74689 2.82857 2.82446 2.75034 2.73949 2.72265 2.62782 2.27209 1.64632 1.62189 1.89929 1.43544 1.12657 1.53493 1.87783 1.95757 2.13411 2.28659 2.22038 2.11311 2.01127 2.06215 2.25738 2.36113 2.45116 2.78228 3.05490 3.06328 2.79820 2.69619 2.99879 2.78564 1.51226 2.44689 3.19246 3.34796 3.36860 3.43585 3.54375 3.58544 3.67424 3.79236 3.77600 3.72095 3.69365 3.66125 3.62351 3.61593 3.65367 3.71558 3.78230 3.80963 3.79861 3.79594 3.78007 3.74870 3.72252
2.68038 2.76100 2.77340 2.79526 2.81087 2.82652 2.82187 2.74418 2.69659 2.78354 2.83372 2.75782 2.67490 2.64923 2.65046 2.51434 2.02464 1.45235 1.52266 2.02084 1.81038 1.44657 1.73228 1.74452 1.72055 1.89154 2.04843 1.94510 1.85278 1.80169 1.82769 2.03129 2.24171 2.44264 2.76318 2.93629 2.86249 2.22920 1.57837 1.75497 1.88272 2.12477 2.99819 3.31686 3.35804 3.38617 3.45403 3.49802 3.57119 3.66201 3.74994 3.74306 3.70428 3.69514 3.67897 3.62485 3.60342 3.63145 3.69636 3.78639 3.82339 3.78672 3.76527 3.75605 3.74114 3.72865
2.66303 2.77435 2.80287 2.82569 2.83534 2.81931 2.78704 2.74037 2.76653 2.81365 2.78794 2.68079 2.66884 2.57212 2.52937 2.37028 1.93408 1.59526 1.71968 1.82277 1.54920 1.69849 1.84020 1.63100 1.62823 1.77083 1.76308 1.59259 1.42638 1.31192 1.41236 1.79723 2.19453 2.54364 2.66101 2.52276 2.38585 2.21578 2.18267 2.25650 2.39673 2.73530 3.23722 3.36086 3.41522 3.48945 3.58621 3.56816 3.60994 3.67800 3.71998 3.70365 3.66448 3.64404 3.62601 3.59514 3.58861 3.62083 3.69789 3.79575 3.82555 3.78702 3.75288 3.75440 3.76392 3.73560
2.61928 2.72637 2.76907 2.80337 2.80342 2.80003 2.79820 2.79658 2.79733 2.77519 2.69008 2.60020 2.60408 2.45763 2.33485 2.28526 2.03577 1.89362 1.97801 1.80592 1.72294 1.82180 1.76809 1.62603 1.65884 1.71879 1.57196 1.31256 1.13510 0.87952 0.87827 1.30197 2.11970 2.54655 2.51498 2.28139 2.32492 2.56310 2.69012 2.76957 2.89807 3.30151 3.34012 3.33540 3.43493 3.54961 3.66261 3.68779 3.69288 3.71383 3.71925 3.68720 3.63259 3.59383 3.57199 3.56545 3.58254 3.62637 3.70772 3.80416 3.82664 3.79484 3.76936 3.78096 3.78627 3.75450
2.52612 2.64182 2.75484 2.80571 2.81675 2.83762 2.84066 2.78959 2.70235 2.63992 2.57507 2.52848 2.52632 2.40144 2.23140 2.23063 2.00726 1.75666 1.58740 1.69626 1.61500 1.49635 1.58704 1.82773 1.79645 1.70671 1.45723 1.17636 1.18486 0.79169 0.69611 0.97676 1.81808 2.38083 2.35450 2.29828 2.47533 2.74426 2.87036 2.92025 3.18774 3.41865 3.31440 3.30720 3.45465 3.55794 3.64792 3.71393 3.73687 3.75593 3.75724 3.70988 3.61930 3.55087 3.52392 3.54254 3.58820 3.64118 3.69942 3.76426 3.80474 3.79765 3.79742 3.82741 3.83041 3.80631
2.15463 2.34783 2.62215 2.76238 2.81957 2.80449 2.77319 2.70363 2.58064 2.47768 2.49202 2.49709 2.45033 2.26197 1.98167 1.93082 1.89857 1.65856 1.23711 1.29784 1.42027 0.86729 1.28370 1.80655 1.95529 1.78991 1.18938 0.75937 0.99920 0.74706 0.81530 1.17473 1.81351 2.26562 2.35195 2.49340 2.78371 2.95065 2.98103 2.90515 3.21432 3.40998 3.29573 3.31961 3.48706 3.58674 3.63726 3.70299 3.77693 3.84175 3.82669 3.76155 3.64497 3.51615 3.47763 3.53089 3.60615 3.66271 3.69723 3.72406 3.75036 3.76946 3.79829 3.84251 3.84858 3.83940
2.33260 2.13767 2.52428 2.75094 2.79335 2.73912 2.70348 2.60221 2.36424 2.27152 2.35404 2.33788 2.07612 1.69916 1.51443 1.56571 1.78394 1.60604 0.80527 0.71042 0.88137 0.65247 0.84455 1.51189 1.81407 1.65312 0.60703 0.44880 0.53795 0.68995 1.09160 1.69426 2.20281 2.44145 2.54986 2.68349 2.90789 3.03139 2.93309 2.93763 3.32025 3.40671 3.30926 3.32746 3.47829 3.62100 3.69135 3.74862 3.85196 3.98869 3.90741 3.77505 3.69350 3.50240 3.45014 3.53737 3.63395 3.68931 3.70872 3.71262 3.71688 3.73862 3.78149 3.82800 3.82372 3.79205
2.01309 1.99320 2.63123 2.77577 2.73641 2.62188 2.56247 2.31629 1.57690 1.19291 1.41052 1.43384 1.07640 0.79000 0.66604 0.72801 1.31116 1.33887 0.64948 0.55734 0.54818 0.59882 0.71574 1.23365 1.62085 1.75493 0.67500 0.40473 0.47729 1.03068 1.65643 2.16289 2.45425 2.57160 2.66312 2.76192 2.89525 2.96593 2.94530 3.09744 3.42914 3.43231 3.33819 3.34910 3.47092 3.61883 3.75814 3.84280 3.91483 4.04672 4.04399 3.82733 3.68186 3.53742 3.48805 3.55539 3.64529 3.70910 3.73717 3.72537 3.69754 3.71170 3.77910 3.82211 3.80794 3.73223
1.64950 2.35059 2.71205 2.76827 2.60144 2.29698 1.90606 1.53961 1.23379 0.78986 0.65456 0.73825 0.66231 0.46888 0.43342 0.51877 0.63397 0.95119 1.16876 0.79226 0.62516 0.67974 1.01276 1.50954 1.78406 1.95822 1.34218 0.72164 1.13110 1.78091 2.11383 2.44054 2.55646 2.65917 2.74121 2.80742 2.88064 2.94862 3.01496 3.21365 3.47326 3.43125 3.35845 3.37875 3.47986 3.60964 3.77851 3.91906 3.93872 4.02782 4.13293 3.96674 3.76076 3.60930 3.54722 3.57301 3.64297 3.72214 3.77892 3.75723 3.69539 3.67521 3.71249 3.76431 3.79222 3.73020
1.98053 2.55775 2.73755 2.72135 2.35922 1.77624 1.02872 1.00464 1.63580 1.37908 0.54943 0.50188 0.59415 0.79632 0.68837 0.76979 0.99677 1.46726 1.69618 1.53830 1.20934 1.15711 1.51194 1.82190 1.96873 2.02612 1.80662 1.64552 1.78034 1.94821 2.31544 2.48038 2.61591 2.73639 2.81502 2.85901 2.89546 2.95626 3.06399 3.27479 3.46423 3.44020 3.38381 3.40582 3.49243 3.60422 3.76753 3.94983 3.96324 3.98495 4.08560 4.00267 3.82407 3.65185 3.57963 3.58543 3.63878 3.71835 3.79889 3.79489 3.71598 3.65262 3.64940 3.71697 3.79591 3.74795
-99999.00000 -99999.00000 -99999.00000 -99999.00000 -99999.00000 -99999.00000 -99999.00000 -99999.00000 -99999.00000 -99999.00000 -99999.00000 -99999.00000 -99999.00000 -99999.00000 -99999.00000 -99999.00000 -99999.00000 -99999.00000 -99999.00000 -99999.00000 -99999.00000 -99999.00000 -99999.00000 -99999.00000 -99999.00000 -99999.00000 -99999.00000 -99999.00000 -99999.00000 -99999.00000 -99999.00000 -99999.00000 -99999.00000 -99999.00000 -99999.00000 -99999.00000 -99999.00000 -99999.00000 -99999.00000 -99999.00000 -99999.00000 -99999.00000 -99999.00000 -99999.00000 -99999.00000 -99999.00000 -99999.00000 -99999.00000 -99999.00000 -99999.00000 -99999.00000 -99999.00000 -99999.00000 -99999.00000 -99999.00000 -99999.00000 -99999.00000 -99999.00000 -99999.00000 -99999.00000 -99999.00000 -99999.00000 -99999.00000 -99999.00000 -99999.00000 -99999.00000
