mrvbf_slope1.3_pctl0.6.asc
NCOLS 410
NROWS 410
XLLCORNER 2398750.0000000000000000
YLLCORNER 2548750.0000000000000000
CELLSIZE 250.0000000000000000
NODATA_VALUE -99999.00000
[rows 290 to 318 of 410, columns 330 to 395 of 410]
7.67613 7.67105 7.66652 7.66945 7.67489 7.67812 7.67711 7.67287 7.66738 7.66335 7.66252 7.66603 7.67129 7.67483 7.67678 7.67739 7.67760 7.67971 7.68376 7.68754 7.69098 7.69491 7.69882 7.70259 7.70581 7.70790 7.70939 7.71026 7.71035 7.71148 7.71354 7.71521 7.71756 7.72006 7.72035 7.71826 7.71646 7.71719 7.72041 7.72296 7.72103 7.71377 7.70639 7.70603 7.71034 7.71103 7.71290 7.72139 7.72725 7.72926 7.72982 7.72900 7.72672 7.72294 7.71682 7.70529 7.68337 7.65835 7.66927 7.69350 7.70517 7.70623 7.70658 7.70748 7.70763 7.70724
7.66408 7.66271 7.66553 7.67172 7.67736 7.67936 7.67646 7.67079 7.66497 7.66167 7.66250 7.66716 7.67263 7.67577 7.67690 7.67704 7.67684 7.67828 7.68207 7.68672 7.69147 7.69560 7.69841 7.70036 7.70263 7.70468 7.70604 7.70668 7.70732 7.70929 7.71137 7.71224 7.71454 7.71793 7.71811 7.71637 7.71642 7.71903 7.72217 7.72278 7.71917 7.71134 7.70248 7.70278 7.70848 7.70914 7.71412 7.72316 7.72720 7.72877 7.72900 7.72768 7.72489 7.72028 7.71213 7.69414 7.65473 7.64639 7.67135 7.69061 7.70762 7.71150 7.71020 7.70728 7.70469 7.70422
7.66025 7.66462 7.67037 7.67629 7.67986 7.67934 7.67492 7.66875 7.66303 7.66053 7.66270 7.66855 7.67450 7.67693 7.67682 7.67568 7.67470 7.67551 7.67932 7.68541 7.69183 7.69644 7.69887 7.70013 7.70183 7.70381 7.70523 7.70606 7.70744 7.70994 7.71170 7.71114 7.71201 7.71518 7.71627 7.71667 7.71818 7.72036 7.72123 7.71951 7.71576 7.70840 7.69719 7.69882 7.70590 7.70831 7.71694 7.72413 7.72696 7.72815 7.72788 7.72609 7.72250 7.71608 7.70592 7.68853 7.66713 7.66673 7.68708 7.70024 7.70805 7.71153 7.71181 7.70897 7.70423 7.70239
7.66714 7.67201 7.67669 7.67975 7.67935 7.67621 7.67171 7.66665 7.66200 7.66047 7.66346 7.66999 7.67592 7.67772 7.67725 7.67490 7.67221 7.67204 7.67616 7.68378 7.69142 7.69652 7.69963 7.70182 7.70387 7.70564 7.70697 7.70808 7.70986 7.71230 7.71359 7.71267 7.71244 7.71401 7.71631 7.71863 7.72001 7.71949 7.71752 7.71418 7.70909 7.70060 7.69472 7.70050 7.70460 7.71024 7.71970 7.72441 7.72655 7.72733 7.72652 7.72406 7.71887 7.71157 7.70361 7.69424 7.68463 7.68364 7.69563 7.70764 7.70940 7.71011 7.71161 7.71063 7.70415 7.70026
7.67440 7.67706 7.67860 7.67746 7.67441 7.67085 7.66761 7.66473 7.66267 7.66275 7.66557 7.67077 7.67545 7.67744 7.67786 7.67564 7.67129 7.66994 7.67352 7.68116 7.68944 7.69574 7.70012 7.70348 7.70617 7.70793 7.70906 7.71028 7.71219 7.71434 7.71519 7.71484 7.71461 7.71516 7.71711 7.71935 7.71945 7.71695 7.71379 7.71062 7.70607 7.70023 7.70020 7.70281 7.70514 7.71432 7.72129 7.72431 7.72586 7.72612 7.72490 7.72164 7.71554 7.70920 7.70466 7.70067 7.69363 7.69044 7.69657 7.70544 7.70919 7.70972 7.71062 7.71110 7.70320 7.69706
7.67459 7.67491 7.67418 7.67189 7.66907 7.66663 7.66505 7.66467 7.66567 7.66718 7.66864 7.67086 7.67398 7.67656 7.67758 7.67581 7.67235 7.67072 7.67268 7.67834 7.68620 7.69356 7.69875 7.70199 7.70490 7.70723 7.70905 7.71091 7.71320 7.71511 7.71562 7.71596 7.71628 7.71640 7.71690 7.71731 7.71626 7.71400 7.71208 7.71086 7.70870 7.70559 7.70342 7.70240 7.70897 7.71783 7.72173 7.72377 7.72475 7.72454 7.72309 7.71936 7.71298 7.70705 7.70447 7.70326 7.69798 7.69421 7.69612 7.70164 7.70759 7.70987 7.70892 7.70949 7.70214 7.69475
7.66998 7.66978 7.66925 7.66819 7.66693 7.66596 7.66587 7.66729 7.66974 7.67091 7.67061 7.67067 7.67254 7.67497 7.67600 7.67502 7.67326 7.67240 7.67329 7.67665 7.68264 7.68949 7.69557 7.70043 7.70348 7.70501 7.70696 7.70970 7.71252 7.71407 7.71445 7.71488 7.71528 7.71543 7.71493 7.71410 7.71322 7.71260 7.71272 7.71291 7.71180 7.70752 7.70069 7.70245 7.71256 7.71863 7.72107 7.72234 7.72275 7.72234 7.72096 7.71747 7.71072 7.70369 7.70377 7.70439 7.69997 7.69708 7.69730 7.70017 7.70500 7.70781 7.70794 7.70888 7.70301 7.69665
7.66496 7.66603 7.66717 7.66796 7.66806 7.66768 7.66792 7.66977 7.67162 7.67137 7.67054 7.67015 7.67095 7.67246 7.67341 7.67355 7.67341 7.67363 7.67426 7.67568 7.67914 7.68498 7.69308 7.70028 7.70371 7.70416 7.70481 7.70758 7.71064 7.71206 7.71228 7.71235 7.71217 7.71188 7.71193 7.71225 7.71259 7.71326 7.71413 7.71415 7.71223 7.70740 7.70175 7.70407 7.71278 7.71726 7.71865 7.71915 7.71924 7.71908 7.71808 7.71553 7.70911 7.70207 7.70074 7.70188 7.70124 7.70037 7.69983 7.70047 7.70274 7.70464 7.70660 7.70814 7.70389 7.69943
7.66195 7.66474 7.66761 7.66972 7.66990 7.66816 7.66604 7.66544 7.66642 7.66759 7.66854 7.66879 7.66896 7.66960 7.67049 7.67136 7.67211 7.67299 7.67380 7.67449 7.67671 7.68236 7.69199 7.69995 7.70369 7.70447 7.70411 7.70567 7.70792 7.70916 7.70954 7.70982 7.71015 7.71065 7.71180 7.71315 7.71397 7.71463 7.71488 7.71413 7.71169 7.70769 7.70362 7.70379 7.70977 7.71271 7.71225 7.71190 7.71211 7.71364 7.71331 7.71095 7.70399 7.69755 7.69803 7.70088 7.70331 7.70403 7.70265 7.70099 7.70082 7.70151 7.70338 7.70443 7.70165 7.69923
7.66055 7.66456 7.66832 7.67061 7.67010 7.66678 7.66223 7.65918 7.66006 7.66273 7.66480 7.66581 7.66651 7.66706 7.66756 7.66834 7.66915 7.66984 7.67063 7.67238 7.67637 7.68254 7.69101 7.69849 7.70267 7.70454 7.70461 7.70475 7.70563 7.70678 7.70831 7.70993 7.71123 7.71258 7.71371 7.71459 7.71477 7.71468 7.71403 7.71217 7.70862 7.70380 7.69875 7.69671 7.70247 7.70413 7.70310 7.70163 7.70097 7.70219 7.70226 7.69979 7.69412 7.69115 7.69506 7.70135 7.70612 7.70775 7.70594 7.70243 7.69992 7.69936 7.69988 7.69939 7.69676 7.69542
7.65971 7.66375 7.66699 7.66867 7.66849 7.66607 7.66215 7.65842 7.65747 7.65842 7.66002 7.66221 7.66426 7.66505 7.66479 7.66466 7.66487 7.66528 7.66669 7.67061 7.67742 7.68465 7.69032 7.69549 7.70024 7.70365 7.70491 7.70510 7.70609 7.70798 7.71024 7.71163 7.71102 7.71063 7.71114 7.71186 7.71193 7.71155 7.71063 7.70862 7.70526 7.69996 7.69129 7.68346 7.69080 7.69504 7.69472 7.68897 7.68694 7.68720 7.69040 7.69210 7.68980 7.68714 7.69215 7.70129 7.70753 7.70967 7.70859 7.70585 7.70298 7.70042 7.69677 7.69278 7.68922 7.68831
7.65875 7.66162 7.66330 7.66411 7.66438 7.66438 7.66395 7.66157 7.65733 7.65495 7.65597 7.65964 7.66271 7.66319 7.66175 7.66042 7.65984 7.66005 7.66296 7.66981 7.67885 7.68653 7.69108 7.69406 7.69751 7.70128 7.70413 7.70634 7.70825 7.70991 7.71036 7.70806 7.70411 7.70318 7.70488 7.70685 7.70769 7.70760 7.70694 7.70566 7.70353 7.69948 7.69229 7.68263 7.68034 7.68563 7.68335 7.67674 7.67723 7.68034 7.68688 7.69085 7.68714 7.68662 7.69614 7.70145 7.70643 7.70929 7.70888 7.70690 7.70414 7.69982 7.69157 7.68246 7.67791 7.67793
7.65677 7.65881 7.65889 7.65820 7.65754 7.65759 7.65860 7.65852 7.65512 7.65334 7.65507 7.65898 7.66173 7.66149 7.65890 7.65583 7.65397 7.65424 7.65907 7.66881 7.67888 7.68576 7.69041 7.69412 7.69613 7.69930 7.70372 7.70705 7.70860 7.70883 7.70567 7.69958 7.69706 7.69878 7.70157 7.70425 7.70562 7.70552 7.70468 7.70375 7.70219 7.69892 7.69445 7.68589 7.67429 7.67422 7.67349 7.67791 7.68186 7.68296 7.68611 7.68850 7.68881 7.69492 7.70204 7.70213 7.70553 7.70824 7.70723 7.70430 7.69972 7.69151 7.67822 7.66719 7.66325 7.66508
7.65324 7.65570 7.65582 7.65400 7.65192 7.65032 7.64930 7.64912 7.65036 7.65295 7.65650 7.66016 7.66208 7.66102 7.65726 7.65207 7.64814 7.64826 7.65441 7.66551 7.67663 7.68374 7.68807 7.69145 7.69471 7.69915 7.70382 7.70645 7.70710 7.70520 7.69850 7.69399 7.69853 7.70145 7.70267 7.70491 7.70621 7.70525 7.70344 7.70213 7.70094 7.69888 7.69535 7.68670 7.67508 7.67355 7.67878 7.68809 7.69018 7.68797 7.68803 7.68963 7.69346 7.70002 7.70200 7.70161 7.70510 7.70652 7.70425 7.69933 7.69033 7.67508 7.65858 7.64884 7.64725 7.65197
7.64805 7.65146 7.65365 7.65332 7.65122 7.64861 7.64597 7.64504 7.64765 7.65204 7.65674 7.66092 7.66300 7.66201 7.65764 7.65027 7.64361 7.64262 7.64912 7.66092 7.67307 7.68146 7.68674 7.69083 7.69529 7.70007 7.70363 7.70520 7.70461 7.70057 7.69520 7.69616 7.70314 7.70508 7.70485 7.70684 7.70773 7.70545 7.70270 7.70109 7.70059 7.70004 7.69797 7.69396 7.69072 7.68878 7.69117 7.69534 7.69517 7.69232 7.69132 7.69295 7.69647 7.69998 7.69916 7.69956 7.70352 7.70405 7.70005 7.69143 7.67485 7.65378 7.63772 7.63052 7.63257 7.64118
7.64111 7.64450 7.64837 7.65159 7.65228 7.65092 7.64862 7.64719 7.64819 7.65117 7.65508 7.65899 7.66159 7.66203 7.65881 7.65026 7.64056 7.63783 7.64409 7.65648 7.66984 7.68011 7.68714 7.69209 7.69645 7.70020 7.70272 7.70366 7.70172 7.69753 7.69604 7.69941 7.70443 7.70575 7.70605 7.70805 7.70755 7.70474 7.70311 7.70270 7.70297 7.70321 7.70245 7.70162 7.70178 7.70025 7.69971 7.70026 7.69892 7.69636 7.69502 7.69598 7.69774 7.69841 7.69633 7.69629 7.70055 7.70076 7.69430 7.67932 7.65446 7.63155 7.61802 7.61539 7.62309 7.63636
7.63308 7.63517 7.63800 7.64204 7.64627 7.64906 7.64955 7.64925 7.64914 7.65021 7.65245 7.65513 7.65740 7.65856 7.65676 7.64914 7.63921 7.63567 7.64115 7.65354 7.66782 7.67939 7.68716 7.69227 7.69627 7.69945 7.70153 7.70214 7.69960 7.69595 7.69657 7.70069 7.70513 7.70639 7.70678 7.70762 7.70598 7.70433 7.70530 7.70670 7.70686 7.70643 7.70541 7.70466 7.70490 7.70403 7.70290 7.70236 7.70142 7.70031 7.69917 7.69873 7.69839 7.69704 7.69447 7.69365 7.69696 7.69616 7.68562 7.66218 7.63222 7.61058 7.60183 7.60635 7.62141 7.63944
7.62525 7.62587 7.62673 7.62920 7.63411 7.63928 7.64293 7.64550 7.64700 7.64800 7.64929 7.65082 7.65251 7.65374 7.65253 7.64679 7.63931 7.63642 7.64108 7.65218 7.66602 7.67806 7.68614 7.69139 7.69542 7.69843 7.70027 7.70076 7.69820 7.69474 7.69545 7.69951 7.70406 7.70567 7.70543 7.70535 7.70502 7.70581 7.70785 7.70941 7.70944 7.70815 7.70641 7.70556 7.70604 7.70566 7.70434 7.70348 7.70359 7.70385 7.70292 7.70132 7.69923 7.69651 7.69383 7.69258 7.69293 7.68865 7.67136 7.64168 7.61243 7.59450 7.59281 7.60650 7.62864 7.64958
7.61839 7.61823 7.61767 7.61837 7.62200 7.62726 7.63252 7.63735 7.64126 7.64389 7.64568 7.64697 7.64830 7.64960 7.64916 7.64524 7.63967 7.63772 7.64209 7.65199 7.66471 7.67658 7.68487 7.69026 7.69435 7.69726 7.69899 7.69939 7.69676 7.69307 7.69316 7.69660 7.70114 7.70358 7.70409 7.70453 7.70581 7.70791 7.70970 7.71031 7.70975 7.70814 7.70684 7.70705 7.70839 7.70906 7.70855 7.70775 7.70702 7.70642 7.70518 7.70338 7.70068 7.69740 7.69461 7.69280 7.68961 7.67874 7.65512 7.62519 7.59957 7.58788 7.59490 7.61749 7.64094 7.65579
7.61243 7.61261 7.61181 7.61089 7.61137 7.61499 7.62060 7.62691 7.63324 7.63843 7.64214 7.64447 7.64573 7.64666 7.64649 7.64367 7.63950 7.63871 7.64325 7.65244 7.66398 7.67525 7.68354 7.68898 7.69311 7.69599 7.69768 7.69797 7.69489 7.69082 7.69058 7.69383 7.69914 7.70290 7.70458 7.70589 7.70760 7.70947 7.71070 7.71076 7.70922 7.70728 7.70723 7.70924 7.71183 7.71299 7.71279 7.71160 7.70861 7.70563 7.70478 7.70436 7.70252 7.69940 7.69630 7.69310 7.68602 7.66868 7.64220 7.61465 7.59499 7.59165 7.60567 7.62817 7.64126 7.64306
7.60698 7.60798 7.60751 7.60491 7.60072 7.60130 7.60694 7.61540 7.62499 7.63324 7.63922 7.64296 7.64445 7.64460 7.64367 7.64129 7.63896 7.63976 7.64453 7.65305 7.66341 7.67389 7.68208 7.68755 7.69173 7.69465 7.69633 7.69647 7.69303 7.68890 7.68880 7.69221 7.69819 7.70317 7.70581 7.70751 7.70906 7.71032 7.71093 7.71034 7.70838 7.70706 7.70840 7.71176 7.71407 7.71322 7.71099 7.70796 7.70406 7.70250 7.70376 7.70501 7.70467 7.70236 7.69816 7.69175 7.68005 7.65939 7.63335 7.60948 7.59568 7.59876 7.61600 7.62936 7.62897 7.66149
7.60084 7.60210 7.60123 7.59568 7.58707 7.58467 7.59143 7.60404 7.61802 7.62894 7.63625 7.64058 7.64249 7.64225 7.64065 7.63904 7.63907 7.64149 7.64632 7.65351 7.66238 7.67224 7.68043 7.68599 7.69024 7.69323 7.69496 7.69506 7.69158 7.68749 7.68757 7.69100 7.69691 7.70257 7.70604 7.70790 7.70933 7.71043 7.71073 7.70969 7.70784 7.70737 7.70994 7.71325 7.71302 7.71031 7.70764 7.70496 7.70294 7.70479 7.70728 7.70810 7.70741 7.70485 7.69877 7.68888 7.67390 7.65296 7.62895 7.60795 7.59691 7.60134 7.61874 7.63478 7.63486 7.64617
7.59097 7.59240 7.59180 7.58270 7.56931 7.56526 7.57556 7.59441 7.61267 7.62453 7.63200 7.63653 7.63851 7.63844 7.63754 7.63770 7.63959 7.64280 7.64729 7.65333 7.66109 7.67042 7.67862 7.68428 7.68862 7.69173 7.69356 7.69375 7.69049 7.68632 7.68610 7.68948 7.69554 7.70163 7.70538 7.70746 7.70910 7.71023 7.71029 7.70907 7.70735 7.70753 7.71075 7.71265 7.71043 7.70825 7.70759 7.70715 7.70790 7.71052 7.71140 7.71070 7.70831 7.70364 7.69607 7.68525 7.67014 7.65073 7.62858 7.60861 7.59776 7.60205 7.61571 7.60063 7.48194 7.47756
7.57751 7.57879 7.58041 7.56795 7.54924 7.54479 7.56021 7.58614 7.60720 7.61856 7.62579 7.63112 7.63293 7.63329 7.63405 7.63631 7.63934 7.64263 7.64665 7.65217 7.65945 7.66848 7.67667 7.68241 7.68687 7.69016 7.69214 7.69251 7.68934 7.68481 7.68435 7.68776 7.69406 7.70055 7.70446 7.70689 7.70876 7.70991 7.70994 7.70872 7.70700 7.70713 7.71005 7.71030 7.70871 7.70934 7.71068 7.71021 7.70967 7.71130 7.71129 7.70972 7.70579 7.69957 7.69218 7.68234 7.66891 7.65162 7.63092 7.61114 7.60027 7.60378 7.59440 7.42896 6.67627 7.36651
7.55995 7.56276 7.56633 7.55209 7.53183 7.52830 7.54611 7.57440 7.59765 7.61041 7.61806 7.62381 7.62679 7.62811 7.62945 7.63232 7.63584 7.63948 7.64383 7.64973 7.65726 7.66634 7.67450 7.68028 7.68490 7.68848 7.69072 7.69133 7.68844 7.68328 7.68202 7.68541 7.69188 7.69882 7.70326 7.70578 7.70770 7.70914 7.70960 7.70891 7.70755 7.70710 7.70847 7.70911 7.71004 7.71206 7.71143 7.70778 7.70385 7.70510 7.70696 7.70579 7.70118 7.69537 7.68919 7.68106 7.66995 7.65514 7.63612 7.61689 7.60634 7.60127 7.52315 6.24612 5.03234 6.16934
7.53491 7.54184 7.54598 7.53288 7.51604 7.51422 7.53146 7.55817 7.58266 7.59855 7.60806 7.61482 7.61974 7.62208 7.62294 7.62482 7.62824 7.63277 7.63861 7.64597 7.65448 7.66373 7.67179 7.67768 7.68255 7.68656 7.68923 7.69023 7.68827 7.68236 7.67804 7.68047 7.68838 7.69684 7.70188 7.70434 7.70617 7.70788 7.70902 7.70912 7.70860 7.70855 7.70968 7.71084 7.71221 7.71209 7.70866 7.70507 7.70165 7.69935 7.70102 7.70108 7.69771 7.69335 7.68829 7.68184 7.67312 7.66101 7.64426 7.62619 7.61520 7.60074 7.38223 4.06208 4.76335 4.38210
7.49219 7.50675 7.51379 7.50549 7.49421 7.49485 7.51232 7.53821 7.56198 7.57986 7.59276 7.60224 7.60840 7.61221 7.61426 7.61598 7.61867 7.62357 7.63132 7.64113 7.65095 7.65983 7.66778 7.67419 7.67954 7.68416 7.68756 7.68916 7.68837 7.68221 7.67284 7.67353 7.68457 7.69481 7.69922 7.70144 7.70373 7.70602 7.70777 7.70857 7.70870 7.70931 7.71088 7.71147 7.71113 7.70904 7.70635 7.70624 7.70647 7.70253 7.70082 7.70013 7.69767 7.69387 7.68943 7.68440 7.67795 7.66872 7.65483 7.63850 7.62691 7.61506 7.50653 5.00971 4.09156 5.61884
7.42329 7.45118 7.46228 7.46241 7.45980 7.46439 7.48338 7.51044 7.53394 7.55230 7.56802 7.58138 7.59089 7.59857 7.60376 7.60660 7.60871 7.61311 7.62246 7.63487 7.64555 7.65360 7.66120 7.66851 7.67512 7.68093 7.68543 7.68793 7.68805 7.68304 7.66834 7.66563 7.68218 7.69103 7.69281 7.69582 7.69979 7.70331 7.70562 7.70644 7.70646 7.70685 7.70778 7.70795 7.70759 7.70695 7.70701 7.70866 7.70989 7.70724 7.70452 7.70248 7.69960 7.69580 7.69184 7.68806 7.68375 7.67747 7.66701 7.65323 7.64100 7.63299 7.59650 7.08178 4.34537 4.57335
7.34909 7.37877 7.38865 7.39709 7.40769 7.42136 7.44310 7.47029 7.49557 7.51610 7.53484 7.55296 7.56987 7.58362 7.59254 7.59716 7.59968 7.60359 7.61279 7.62569 7.63681 7.64516 7.65268 7.66033 7.66809 7.67572 7.68230 7.68638 7.68771 7.68476 7.66882 7.66169 7.67853 7.68274 7.68445 7.69068 7.69640 7.70027 7.70233 7.70301 7.70318 7.70358 7.70453 7.70549 7.70631 7.70748 7.70890 7.71033 7.71115 7.70994 7.70784 7.70537 7.70214 7.69841 7.69495 7.69231 7.68986 7.68620 7.67915 7.66865 7.65740 7.64763 7.63353 7.56328 6.77549 5.69419
