mrvbf_slope0.9_pctl1.5.asc
NCOLS 410
NROWS 410
XLLCORNER 2398750.0000000000000000
YLLCORNER 2548750.0000000000000000
CELLSIZE 250.0000000000000000
NODATA_VALUE -99999.00000
[rows 116 to 144 of 410, columns 0 to 65 of 410]
-99999.00000 -99999.00000 -99999.00000 -99999.00000 -99999.00000 7.60497 7.60818 7.61279 7.59726 7.57676 7.57520 7.59440 7.60987 7.60181 7.56543 7.54411 7.53842 7.58952 7.59954 7.60107 7.61046 7.60180 7.58026 7.56555 7.57041 7.57104 7.56421 7.56951 7.58881 7.60672 7.60651 7.60723 7.61444 7.59984 7.57368 7.56326 7.56019 7.57190 7.55144 7.50988 7.50768 7.53625 7.56577 7.58525 7.59189 7.59198 7.59369 7.59909 7.60668 7.61434 7.61682 7.60901 7.59819 7.58745 7.57098 7.56898 7.56596 7.56803 7.57504 7.58792 7.57667 7.57147 7.58620 7.59700 7.59771 7.58600
-99999.00000 -99999.00000 -99999.00000 -99999.00000 -99999.00000 7.61054 7.61077 7.61302 7.59370 7.57458 7.58167 7.60034 7.59821 7.57807 7.54189 7.54349 7.51325 7.55423 7.58198 7.60240 7.61928 7.61323 7.59154 7.57386 7.56474 7.55917 7.56494 7.57976 7.59589 7.60693 7.60060 7.60485 7.61871 7.61029 7.57745 7.56857 7.57671 7.55993 7.52422 7.50562 7.52886 7.55809 7.58198 7.59921 7.60631 7.60050 7.58892 7.57774 7.57737 7.59080 7.60617 7.60910 7.60138 7.58539 7.55066 7.51447 7.50431 7.52158 7.53727 7.56360 7.56075 7.56586 7.58642 7.59212 7.59876 7.58923
-99999.00000 -99999.00000 -99999.00000 -99999.00000 -99999.00000 7.59640 7.59764 7.60336 7.58590 7.57146 7.58537 7.60059 7.58667 7.55940 7.53185 7.54277 7.52396 7.51889 7.56149 7.60083 7.61994 7.61011 7.58705 7.56601 7.54080 7.53207 7.55692 7.58554 7.59513 7.59921 7.58881 7.59175 7.61276 7.61173 7.57984 7.56597 7.58011 7.54542 7.49781 7.50961 7.55587 7.58255 7.59822 7.60983 7.61344 7.60463 7.58765 7.56846 7.55143 7.55236 7.57156 7.58629 7.57955 7.54731 7.49537 7.45142 7.45436 7.48462 7.51022 7.53847 7.55665 7.57032 7.58527 7.57971 7.58058 7.58113
-99999.00000 -99999.00000 -99999.00000 -99999.00000 -99999.00000 7.57890 7.58116 7.58550 7.57181 7.56478 7.57897 7.59320 7.58165 7.56910 7.57448 7.58588 7.57883 7.55228 7.56187 7.59534 7.60994 7.59224 7.56394 7.53419 7.50608 7.50580 7.53808 7.58119 7.59240 7.58907 7.57571 7.56437 7.58935 7.59954 7.56277 7.55594 7.58254 7.54717 7.47384 7.47218 7.54097 7.58714 7.60507 7.61391 7.61300 7.60016 7.58278 7.56853 7.55643 7.54384 7.54923 7.56430 7.55677 7.51369 7.47044 7.47469 7.47544 7.46707 7.50052 7.52839 7.55527 7.56458 7.57251 7.56158 7.55076 7.55407
-99999.00000 -99999.00000 -99999.00000 -99999.00000 -99999.00000 7.58322 7.58670 7.57693 7.55907 7.55854 7.56889 7.57636 7.58499 7.59866 7.61456 7.61883 7.60458 7.57498 7.57905 7.59617 7.58956 7.57149 7.55486 7.53503 7.52727 7.52960 7.52928 7.56861 7.58744 7.58152 7.57880 7.55982 7.56483 7.58870 7.56170 7.54599 7.55686 7.54332 7.45911 7.42707 7.52608 7.58427 7.60446 7.61284 7.61040 7.59603 7.57722 7.56810 7.57434 7.55951 7.55665 7.56297 7.54598 7.50719 7.49358 7.52020 7.50460 7.47859 7.50510 7.51482 7.52576 7.53319 7.54044 7.53946 7.53697 7.53391
-99999.00000 -99999.00000 -99999.00000 -99999.00000 -99999.00000 7.60070 7.60103 7.57119 7.55343 7.55543 7.55004 7.56823 7.59478 7.60415 7.60396 7.60300 7.59017 7.57778 7.59500 7.59898 7.58344 7.56493 7.55564 7.56039 7.56983 7.54904 7.53407 7.57169 7.58827 7.58072 7.59027 7.57523 7.56066 7.57928 7.57156 7.54008 7.52688 7.51256 7.44245 7.39939 7.52516 7.58252 7.60066 7.60696 7.60473 7.59468 7.57946 7.56815 7.56709 7.56322 7.57200 7.57010 7.54306 7.52027 7.52901 7.54964 7.53350 7.51852 7.51825 7.51208 7.49339 7.51310 7.53728 7.50703 7.51487 7.54648
-99999.00000 -99999.00000 -99999.00000 -99999.00000 -99999.00000 7.61143 7.59304 7.56851 7.56382 7.56535 7.55345 7.57801 7.58505 7.57992 7.56832 7.56405 7.56267 7.57338 7.59528 7.59664 7.58744 7.56795 7.56525 7.57513 7.57168 7.54279 7.55115 7.58927 7.59354 7.58084 7.59259 7.58183 7.56304 7.57328 7.55471 7.50567 7.49717 7.51926 7.46771 7.39813 7.49392 7.56830 7.59130 7.59080 7.58438 7.58048 7.57960 7.57659 7.57537 7.57556 7.57749 7.56381 7.54040 7.53041 7.54742 7.56995 7.55841 7.54601 7.53447 7.52559 7.51693 7.52800 7.52989 7.52865 7.52323 7.55517
-99999.00000 -99999.00000 -99999.00000 -99999.00000 -99999.00000 7.61575 7.59540 7.57996 7.58051 7.57245 7.55375 7.56794 7.57258 7.55002 7.53547 7.53633 7.54913 7.56938 7.58868 7.59711 7.58332 7.57177 7.58058 7.59397 7.57329 7.55346 7.57812 7.60546 7.60059 7.57745 7.57934 7.57608 7.56199 7.56199 7.50527 7.46185 7.49526 7.51617 7.47460 7.41112 7.46293 7.54337 7.57042 7.56491 7.55703 7.55552 7.55694 7.55937 7.56006 7.55493 7.55697 7.55224 7.53756 7.52934 7.54207 7.55987 7.55853 7.55710 7.55508 7.54437 7.52135 7.53076 7.54900 7.53899 7.54045 7.55023
-99999.00000 -99999.00000 -99999.00000 -99999.00000 -99999.00000 7.61230 7.59310 7.58152 7.57850 7.55974 7.54260 7.54272 7.55630 7.54241 7.54704 7.54866 7.55255 7.55995 7.57323 7.58565 7.57340 7.56812 7.58606 7.59781 7.57274 7.56994 7.59706 7.61282 7.60948 7.58344 7.56732 7.56368 7.55819 7.53556 7.48047 7.49645 7.53681 7.50472 7.43842 7.40264 7.47347 7.54173 7.55436 7.54698 7.54435 7.54547 7.54702 7.54814 7.54552 7.53852 7.54055 7.54385 7.53241 7.52164 7.53345 7.55480 7.55391 7.56011 7.57174 7.56276 7.53457 7.51838 7.54262 7.54447 7.54424 7.55421
-99999.00000 -99999.00000 -99999.00000 -99999.00000 -99999.00000 7.60813 7.58634 7.56635 7.54736 7.52241 7.55977 7.53799 7.57161 7.57765 7.57495 7.56948 7.55695 7.54757 7.54837 7.55761 7.55607 7.56507 7.58670 7.58865 7.56680 7.57411 7.60106 7.61362 7.61460 7.59834 7.57840 7.56995 7.56975 7.52950 7.49040 7.52338 7.55011 7.46584 7.37742 7.43076 7.52332 7.55029 7.54991 7.54890 7.55521 7.55881 7.56093 7.56147 7.55552 7.54528 7.53654 7.53461 7.52401 7.52015 7.54095 7.56480 7.54733 7.55335 7.57182 7.57276 7.55702 7.50844 7.51931 7.52578 7.54092 7.55333
-99999.00000 -99999.00000 -99999.00000 -99999.00000 -99999.00000 7.60468 7.59419 7.56517 7.52434 7.50406 7.55914 7.55770 7.58922 7.59565 7.58571 7.57438 7.55724 7.53918 7.52753 7.52870 7.54141 7.56395 7.58509 7.58066 7.56154 7.56578 7.59132 7.60725 7.61009 7.60013 7.58892 7.58032 7.57266 7.52927 7.49479 7.53148 7.55780 7.48337 7.39338 7.41705 7.51157 7.55216 7.55929 7.56452 7.57571 7.57981 7.58011 7.57749 7.56567 7.55038 7.53049 7.52287 7.52169 7.53468 7.56118 7.56461 7.54497 7.55387 7.57499 7.57854 7.56626 7.50945 7.46935 7.49813 7.51199 7.54281
-99999.00000 -99999.00000 -99999.00000 -99999.00000 -99999.00000 7.58983 7.58716 7.55956 7.48690 7.50641 7.54419 7.54569 7.56595 7.57985 7.57288 7.56092 7.54881 7.53403 7.51981 7.51780 7.53535 7.56072 7.57820 7.57493 7.56093 7.55478 7.56985 7.58948 7.59305 7.58011 7.56891 7.55662 7.54936 7.52408 7.48772 7.52945 7.55257 7.50730 7.44992 7.43680 7.50500 7.56274 7.57379 7.57195 7.57792 7.58651 7.58787 7.57901 7.56137 7.54827 7.53627 7.53497 7.54232 7.55999 7.57563 7.56120 7.54480 7.55235 7.57142 7.57893 7.57481 7.54137 7.47110 7.49984 7.48868 7.52779
-99999.00000 -99999.00000 -99999.00000 -99999.00000 -99999.00000 7.56730 7.55688 7.54161 7.51028 7.54277 7.54486 7.56259 7.54089 7.54927 7.54969 7.54585 7.54614 7.54295 7.53656 7.53278 7.53967 7.55418 7.56637 7.57080 7.56628 7.55382 7.54745 7.55795 7.56836 7.56489 7.55872 7.54781 7.52618 7.51138 7.48896 7.53126 7.51813 7.46231 7.41474 7.45579 7.53687 7.57683 7.58184 7.57347 7.57272 7.58228 7.58741 7.57842 7.56011 7.54612 7.55230 7.56431 7.57079 7.58028 7.57308 7.55088 7.53830 7.54441 7.56237 7.57354 7.57506 7.56005 7.52121 7.49000 7.50337 7.51388
-99999.00000 -99999.00000 -99999.00000 -99999.00000 -99999.00000 7.55362 7.53292 7.54601 7.54085 7.56658 7.57120 7.54341 7.52674 7.51656 7.52757 7.54142 7.55991 7.56774 7.56750 7.55924 7.54993 7.55021 7.55780 7.56859 7.57373 7.56409 7.55080 7.54581 7.55824 7.57129 7.55854 7.54323 7.52080 7.49877 7.51356 7.53945 7.49524 7.45315 7.45870 7.49373 7.54081 7.57471 7.58662 7.57924 7.57029 7.57624 7.58389 7.57976 7.56505 7.54254 7.53092 7.54351 7.55948 7.56998 7.55372 7.53382 7.52363 7.53200 7.55747 7.56606 7.56712 7.56096 7.53422 7.49635 7.52169 7.51735
-99999.00000 -99999.00000 -99999.00000 -99999.00000 -99999.00000 7.55181 7.55270 7.54950 7.55224 7.57465 7.56810 7.51582 7.49802 7.48396 7.52343 7.55278 7.57802 7.58300 7.57688 7.56827 7.55897 7.55174 7.55385 7.56677 7.57841 7.57528 7.56802 7.55460 7.55496 7.56713 7.55855 7.52207 7.48977 7.49053 7.51955 7.52323 7.48533 7.48730 7.47411 7.44070 7.47995 7.54608 7.57992 7.57991 7.56824 7.57000 7.58065 7.58069 7.57327 7.55986 7.53663 7.52508 7.52368 7.52418 7.51778 7.51118 7.51098 7.53716 7.56782 7.56837 7.55805 7.54505 7.50883 7.50694 7.51103 7.54079
-99999.00000 -99999.00000 -99999.00000 -99999.00000 -99999.00000 7.57917 7.56200 7.55083 7.56949 7.56379 7.50626 7.47228 7.45293 7.49191 7.53999 7.56958 7.58114 7.57862 7.57670 7.57493 7.56922 7.55505 7.54914 7.56077 7.57567 7.57787 7.57621 7.56072 7.54839 7.55201 7.53278 7.46434 7.45517 7.50522 7.52543 7.48925 7.46373 7.50748 7.45600 7.41624 7.40282 7.49189 7.56252 7.56351 7.54344 7.54519 7.56497 7.58055 7.58469 7.58024 7.56126 7.53885 7.51427 7.49860 7.49979 7.51045 7.53177 7.56375 7.58150 7.57843 7.55959 7.53079 7.49806 7.51971 7.52286 7.54099
-99999.00000 -99999.00000 -99999.00000 -99999.00000 -99999.00000 7.58877 7.57488 7.56229 7.52981 7.51773 7.48061 7.41233 7.46503 7.52607 7.56045 7.58152 7.57944 7.58189 7.58761 7.58540 7.57378 7.55121 7.53566 7.54151 7.55773 7.57076 7.57603 7.56591 7.54217 7.51928 7.46911 7.42432 7.49106 7.53941 7.52818 7.47601 7.45539 7.50572 7.46657 7.48032 7.39920 7.45992 7.54562 7.53685 7.51401 7.53097 7.54251 7.57100 7.58593 7.57671 7.56235 7.55690 7.54129 7.53352 7.53704 7.54936 7.56693 7.58204 7.58764 7.58351 7.56620 7.52931 7.49442 7.53409 7.51276 7.51544
-99999.00000 -99999.00000 -99999.00000 -99999.00000 -99999.00000 7.59526 7.57525 7.53963 7.52518 7.47603 7.40087 7.44892 7.52075 7.55532 7.57298 7.57765 7.57757 7.58879 7.59433 7.58138 7.56218 7.54491 7.52423 7.51689 7.52820 7.55247 7.57052 7.57058 7.54794 7.50358 7.45874 7.47862 7.51955 7.50321 7.48154 7.47019 7.48587 7.52230 7.49165 7.47192 7.43576 7.47019 7.53143 7.52182 7.51129 7.52189 7.53674 7.57092 7.57273 7.55011 7.53927 7.54142 7.54868 7.55352 7.56656 7.57587 7.58202 7.58592 7.58424 7.56942 7.54068 7.49841 7.50417 7.52871 7.48999 7.47990
-99999.00000 -99999.00000 -99999.00000 -99999.00000 -99999.00000 7.58518 7.55489 7.53036 7.52284 7.44703 7.39406 7.49602 7.55133 7.57081 7.57580 7.57078 7.57450 7.58799 7.58953 7.56953 7.55293 7.55133 7.53433 7.51707 7.51017 7.52855 7.55660 7.56385 7.54006 7.50125 7.48792 7.51671 7.49876 7.47079 7.48958 7.50125 7.51155 7.52653 7.51776 7.49720 7.48399 7.49048 7.51795 7.51984 7.53119 7.52498 7.54581 7.56895 7.55233 7.52991 7.54083 7.52906 7.53234 7.53392 7.53922 7.55525 7.56730 7.57673 7.57278 7.54229 7.49826 7.44930 7.46035 7.49847 7.47238 7.45491
-99999.00000 -99999.00000 -99999.00000 -99999.00000 -99999.00000 7.54750 7.54114 7.54997 7.50295 7.40392 7.41836 7.50659 7.55250 7.57220 7.57290 7.56539 7.56768 7.57885 7.57879 7.55895 7.54353 7.54993 7.54092 7.52028 7.50419 7.51646 7.54507 7.55057 7.52024 7.48825 7.49634 7.52052 7.47596 7.47501 7.52246 7.52994 7.52061 7.52990 7.54116 7.52618 7.50608 7.49326 7.50071 7.50896 7.51699 7.49990 7.50605 7.54996 7.55820 7.53073 7.51869 7.53336 7.54272 7.53482 7.50711 7.49199 7.50934 7.55089 7.55507 7.50899 7.46393 7.43350 7.42878 7.46041 7.46515 7.45246
-99999.00000 -99999.00000 -99999.00000 -99999.00000 -99999.00000 7.54303 7.54906 7.53736 7.47875 7.35555 7.40886 7.50854 7.54659 7.56698 7.57077 7.56112 7.55399 7.55822 7.55618 7.53699 7.52600 7.53042 7.50716 7.48809 7.49730 7.52439 7.53478 7.52073 7.48486 7.46657 7.48747 7.50335 7.44437 7.42323 7.49252 7.51453 7.50890 7.52162 7.51536 7.47857 7.46429 7.46972 7.48870 7.50129 7.50107 7.48554 7.46590 7.50247 7.55282 7.55121 7.52372 7.52701 7.54094 7.53936 7.49912 7.43008 7.40812 7.48990 7.52663 7.49140 7.46920 7.42053 7.43070 7.45916 7.47110 7.46099
-99999.00000 -99999.00000 -99999.00000 -99999.00000 -99999.00000 7.48893 7.50289 7.50033 7.45794 7.35186 7.42994 7.51349 7.54375 7.56759 7.57101 7.55255 7.53352 7.52740 7.52329 7.50783 7.50192 7.50044 7.46389 7.44651 7.47803 7.50214 7.49595 7.46429 7.43745 7.45170 7.48251 7.49208 7.43490 7.34521 7.40931 7.45328 7.46524 7.49221 7.44861 7.41249 7.42695 7.44795 7.48594 7.50949 7.51256 7.50968 7.47505 7.48475 7.53441 7.53382 7.48974 7.49328 7.53128 7.52963 7.47574 7.42788 7.36181 7.41161 7.50183 7.50810 7.50199 7.46923 7.45410 7.48694 7.49661 7.47726
-99999.00000 -99999.00000 -99999.00000 -99999.00000 -99999.00000 7.44532 7.48867 7.49142 7.47015 7.42363 7.46589 7.52631 7.55578 7.56847 7.55752 7.53288 7.51094 7.50047 7.49679 7.49098 7.49192 7.49536 7.46005 7.41452 7.42919 7.47012 7.46635 7.42638 7.42373 7.46713 7.49828 7.49801 7.45622 7.35361 7.36003 7.39956 7.36074 7.39491 7.37212 7.41152 7.43164 7.43632 7.48338 7.51853 7.52245 7.50515 7.47946 7.49537 7.50752 7.46780 7.44589 7.47775 7.51106 7.53139 7.47856 7.44457 7.38116 7.39687 7.47657 7.47795 7.50385 7.50104 7.49942 7.50722 7.51369 7.48989
-99999.00000 -99999.00000 -99999.00000 -99999.00000 -99999.00000 7.40757 7.47566 7.51784 7.51436 7.47712 7.50015 7.54631 7.56244 7.55800 7.53490 7.51515 7.50665 7.50482 7.50242 7.50261 7.51021 7.51940 7.50185 7.45836 7.44346 7.48160 7.48154 7.44971 7.46441 7.49661 7.50956 7.49181 7.47394 7.41507 7.39903 7.44559 7.38486 7.33036 7.37123 7.44320 7.42910 7.43097 7.47975 7.51247 7.51420 7.49453 7.48923 7.50900 7.47927 7.44935 7.48384 7.48663 7.50538 7.53650 7.50947 7.46945 7.44523 7.42901 7.46407 7.46300 7.46684 7.45921 7.49100 7.51378 7.51904 7.49891
-99999.00000 -99999.00000 -99999.00000 -99999.00000 -99999.00000 7.39981 7.42234 7.47920 7.48799 7.47125 7.50860 7.54783 7.55907 7.54985 7.52304 7.50528 7.51035 7.52358 7.52536 7.52593 7.53492 7.53520 7.52025 7.49316 7.46694 7.49146 7.49672 7.46313 7.48395 7.48825 7.48272 7.45481 7.41719 7.38376 7.39296 7.44494 7.43449 7.36698 7.36609 7.39809 7.38581 7.41372 7.47026 7.49205 7.49461 7.47585 7.48040 7.49143 7.46783 7.47777 7.49371 7.48260 7.51438 7.54559 7.53431 7.50706 7.50467 7.45455 7.44016 7.47494 7.43210 7.46070 7.49556 7.50877 7.51507 7.50703
-99999.00000 -99999.00000 -99999.00000 -99999.00000 -99999.00000 7.36844 7.39758 7.45126 7.46977 7.48453 7.51112 7.53287 7.54349 7.54155 7.52790 7.50853 7.49541 7.50706 7.52213 7.53033 7.53582 7.52972 7.50189 7.47368 7.48030 7.51984 7.52919 7.48674 7.47224 7.47525 7.46197 7.45812 7.43364 7.40149 7.43492 7.39751 7.39047 7.35438 7.32470 7.29230 7.27401 7.34902 7.42775 7.46140 7.48303 7.47033 7.46776 7.47312 7.47337 7.49489 7.48789 7.48550 7.51645 7.53543 7.52672 7.50772 7.50257 7.47432 7.44241 7.46486 7.45866 7.48136 7.47331 7.46547 7.47441 7.48337
-99999.00000 -99999.00000 -99999.00000 -99999.00000 -99999.00000 7.29837 7.42313 7.41366 7.46040 7.49339 7.48827 7.48691 7.48696 7.48921 7.47898 7.46422 7.46440 7.49502 7.51564 7.52009 7.50921 7.49797 7.47803 7.47312 7.49797 7.52960 7.53306 7.48292 7.42225 7.40623 7.35580 7.35798 7.43653 7.44240 7.38181 7.31397 7.30372 7.32250 7.30523 7.21079 7.13600 7.21277 7.33964 7.41757 7.46323 7.47308 7.47526 7.46988 7.46623 7.47808 7.46923 7.46506 7.48258 7.49380 7.49613 7.50075 7.49787 7.46777 7.46108 7.47605 7.46063 7.44549 7.39968 7.35608 7.36160 7.38760
-99999.00000 -99999.00000 -99999.00000 -99999.00000 -99999.00000 7.34907 7.44185 7.43743 7.46293 7.49539 7.46182 7.46535 7.46596 7.46359 7.45782 7.45014 7.46388 7.50963 7.52881 7.52041 7.49945 7.46909 7.45149 7.44329 7.43493 7.47160 7.49637 7.40638 7.30402 7.36213 7.30721 7.14068 7.28658 7.41568 7.33119 7.28766 7.33101 7.39207 7.38696 7.29072 7.14943 7.15295 7.26749 7.35575 7.41505 7.45580 7.47792 7.46034 7.43881 7.43858 7.43487 7.43689 7.44009 7.44859 7.47234 7.49969 7.49517 7.46611 7.46955 7.47130 7.41212 7.35348 7.27989 7.19242 7.16813 7.22302
-99999.00000 -99999.00000 -99999.00000 -99999.00000 -99999.00000 7.39783 7.41227 7.44864 7.48665 7.49610 7.45488 7.48372 7.51008 7.50720 7.50313 7.50513 7.50634 7.52426 7.53719 7.51677 7.50576 7.48583 7.46795 7.40219 7.34313 7.35540 7.41148 7.32282 7.28556 7.43326 7.39636 7.09076 7.16068 7.35324 7.35681 7.34837 7.42000 7.46093 7.45193 7.39460 7.28384 7.23787 7.27966 7.32145 7.36302 7.41801 7.45970 7.43731 7.41264 7.41832 7.40724 7.40812 7.41218 7.42233 7.44700 7.47152 7.47237 7.45348 7.45459 7.41896 7.33439 7.24177 7.17769 7.14141 7.10825 7.12904
