mrvbf_slope0.9_pctl1.asc
NCOLS 410
NROWS 410
XLLCORNER 2398750.0000000000000000
YLLCORNER 2548750.0000000000000000
CELLSIZE 250.0000000000000000
NODATA_VALUE -99999.00000
[rows 116 to 144 of 410, columns 198 to 263 of 410]
7.45830 7.55891 7.55846 7.52999 7.52905 7.48695 7.35080 7.48559 7.52436 7.57236 7.56507 7.56474 7.58803 7.59632 7.59834 7.60538 7.60270 7.59592 7.59559 7.59796 7.58329 7.56208 7.55605 7.55863 7.56985 7.57212 7.57098 7.55741 7.54100 7.54376 7.53516 7.54265 7.54897 7.53723 7.53049 7.51921 7.51491 7.52495 7.53631 7.53684 7.54290 7.54239 7.53695 7.53676 7.53508 7.53350 7.52606 7.53920 7.54946 7.53887 7.52758 7.52164 7.51485 7.48370 7.47571 7.49785 7.50389 7.49993 -99999.00000 -99999.00000 -99999.00000 -99999.00000 -99999.00000 -99999.00000 -99999.00000 -99999.00000
6.92182 7.50036 7.53652 7.54966 7.52519 7.53680 7.52470 7.50477 7.53808 7.55620 7.55720 7.56388 7.57470 7.58598 7.59647 7.60315 7.59977 7.59488 7.59412 7.59965 7.58622 7.55468 7.55258 7.54839 7.54689 7.56593 7.57219 7.56559 7.55329 7.54431 7.53737 7.54355 7.53989 7.53343 7.53520 7.52441 7.52006 7.52321 7.51884 7.52181 7.53259 7.53688 7.52900 7.53198 7.53173 7.53264 7.53445 7.54222 7.53572 7.51886 7.51209 7.51328 7.50580 7.47169 7.47968 7.49272 7.49304 7.49547 7.48844 7.42791 -99999.00000 -99999.00000 -99999.00000 -99999.00000 -99999.00000 -99999.00000
6.55122 7.46670 7.55534 7.55964 7.53177 7.52635 7.55684 7.54566 7.52325 7.55845 7.54836 7.56022 7.58644 7.58515 7.59136 7.59880 7.60054 7.60130 7.59940 7.58932 7.57835 7.56012 7.54751 7.56660 7.55186 7.56225 7.57561 7.56460 7.55966 7.55253 7.53824 7.53822 7.52616 7.52877 7.54120 7.52686 7.51896 7.51332 7.51424 7.52400 7.53507 7.53039 7.52380 7.52476 7.53485 7.53445 7.54767 7.54643 7.52592 7.51337 7.52241 7.51591 7.50808 7.49827 7.47273 7.49043 7.49850 7.49274 7.46246 7.42043 7.39676 -99999.00000 -99999.00000 -99999.00000 -99999.00000 -99999.00000
7.32258 7.53473 7.57287 7.56860 7.49029 7.44241 7.52128 7.56280 7.56244 7.57832 7.57654 7.57292 7.58270 7.57325 7.58745 7.59689 7.60333 7.60348 7.59931 7.59624 7.58107 7.56656 7.55560 7.56551 7.53928 7.55847 7.57339 7.56284 7.56371 7.55457 7.53890 7.53392 7.53505 7.53815 7.53365 7.52133 7.51931 7.51664 7.52297 7.53777 7.53597 7.51747 7.51097 7.51730 7.52483 7.53135 7.54709 7.54301 7.52483 7.51191 7.52446 7.52392 7.51812 7.50488 7.47804 7.47933 7.50388 7.49111 7.46986 7.45522 7.42635 7.41300 -99999.00000 -99999.00000 -99999.00000 -99999.00000
7.52580 7.55500 7.57881 7.53619 7.35417 7.29178 7.42551 7.55094 7.58270 7.59234 7.58637 7.56698 7.55666 7.55156 7.57172 7.57902 7.59233 7.59935 7.59448 7.59093 7.58729 7.57824 7.56679 7.53772 7.52504 7.53326 7.55905 7.55736 7.55740 7.55039 7.54250 7.53568 7.54987 7.55118 7.53358 7.52921 7.52956 7.52366 7.52930 7.54117 7.53827 7.52616 7.51397 7.52256 7.52770 7.53047 7.54200 7.54100 7.52447 7.50999 7.50945 7.51620 7.51306 7.49127 7.47791 7.50023 7.50656 7.49551 7.48731 7.47769 7.46315 7.46682 7.50073 -99999.00000 -99999.00000 -99999.00000
7.53490 7.53090 7.55393 7.50377 7.03326 7.21097 7.20026 7.52589 7.57433 7.58319 7.58776 7.57488 7.54433 7.55023 7.56841 7.56152 7.56878 7.58526 7.58644 7.58202 7.58475 7.57734 7.56104 7.53939 7.53970 7.51298 7.53423 7.54582 7.55136 7.55407 7.54649 7.53764 7.55162 7.55167 7.53714 7.52724 7.52651 7.52612 7.52901 7.53290 7.54445 7.53773 7.53140 7.53665 7.53139 7.52096 7.52801 7.53594 7.52884 7.51221 7.50158 7.49868 7.49504 7.48639 7.50025 7.51214 7.51408 7.51055 7.49061 7.47049 7.46985 7.47654 7.50707 7.51827 -99999.00000 -99999.00000
7.37398 7.29243 7.43268 7.44263 6.73492 6.72032 7.18162 7.51719 7.56381 7.58581 7.58614 7.57012 7.56280 7.54413 7.55460 7.54982 7.55872 7.56619 7.56792 7.57057 7.57521 7.57897 7.57498 7.54940 7.53786 7.50270 7.49928 7.54674 7.56229 7.55814 7.54813 7.55502 7.56185 7.55146 7.52239 7.50720 7.50252 7.51860 7.52688 7.52817 7.53127 7.53587 7.52196 7.52202 7.53139 7.53155 7.52039 7.52571 7.52442 7.50850 7.49200 7.48373 7.49216 7.49905 7.50971 7.51596 7.51150 7.50272 7.48329 7.47857 7.48750 7.48477 7.49207 7.51913 7.53680 -99999.00000
7.28425 7.35827 7.18919 7.34270 7.31389 6.89007 7.45301 7.54589 7.55333 7.57101 7.57345 7.57252 7.57833 7.56935 7.57139 7.56366 7.56659 7.55626 7.55382 7.56078 7.55494 7.56254 7.56101 7.52484 7.51966 7.46193 7.47577 7.52811 7.55392 7.56123 7.55673 7.55131 7.55109 7.53202 7.51450 7.49106 7.49669 7.50629 7.51538 7.52646 7.52298 7.53087 7.51396 7.50413 7.51524 7.52551 7.52217 7.51114 7.50186 7.50848 7.50134 7.48715 7.48783 7.50212 7.50827 7.50459 7.49428 7.48813 7.49265 7.50422 7.49174 7.47205 7.49015 7.50433 7.51948 -99999.00000
7.33970 7.16082 7.28055 7.47409 7.32952 7.44949 7.54284 7.55703 7.56742 7.57041 7.57200 7.58279 7.58197 7.57997 7.56107 7.56607 7.57468 7.57118 7.55985 7.54638 7.55019 7.56620 7.56003 7.53272 7.47613 7.46004 7.50160 7.47150 7.52210 7.56130 7.54833 7.54009 7.53274 7.52183 7.52586 7.49792 7.48571 7.50238 7.50461 7.50865 7.50763 7.51986 7.51080 7.50708 7.51121 7.51350 7.51633 7.49856 7.48666 7.49647 7.48878 7.47233 7.47134 7.50199 7.49853 7.49183 7.49947 7.49848 7.50010 7.50085 7.47898 7.46464 7.48497 7.48529 7.48319 7.49125
7.52138 7.25355 6.68051 7.39311 7.51800 7.55949 7.57092 7.57480 7.57792 7.57244 7.57230 7.57051 7.56777 7.54787 7.49490 7.53145 7.56205 7.57021 7.57310 7.56341 7.55228 7.54672 7.54372 7.51897 7.49672 7.50897 7.47381 7.38867 7.43165 7.50292 7.48190 7.49634 7.49906 7.51787 7.52720 7.52357 7.52374 7.51677 7.51269 7.50794 7.49371 7.47199 7.49215 7.51129 7.51523 7.50858 7.50899 7.48437 7.47555 7.49813 7.50267 7.48853 7.47650 7.47795 7.48263 7.48086 7.50070 7.48936 7.47860 7.49441 7.49349 7.46717 7.44794 7.46371 7.47650 7.48839
7.48989 6.59985 6.60709 6.62373 7.48294 7.55338 7.55124 7.56402 7.56864 7.55968 7.52618 7.51448 7.53407 7.48642 7.49761 7.51052 7.54357 7.57054 7.57037 7.57796 7.57491 7.56640 7.56074 7.54758 7.53536 7.49463 7.39629 7.27548 7.34987 7.33347 7.44971 7.50846 7.51953 7.52554 7.50208 7.50591 7.52279 7.52024 7.51068 7.51929 7.50285 7.47138 7.46385 7.50379 7.51124 7.50916 7.50420 7.49978 7.49355 7.49039 7.50563 7.50031 7.46699 7.44899 7.45934 7.47255 7.49296 7.48872 7.49811 7.48390 7.47680 7.44803 7.37204 7.41544 7.46589 7.49903
7.53138 7.09452 6.28916 6.81059 7.46241 7.54837 7.54996 7.55007 7.55146 7.48967 7.29331 7.38857 7.47671 7.42352 7.47434 7.55627 7.58130 7.57708 7.57890 7.58355 7.58399 7.57482 7.56695 7.55687 7.54592 7.52615 7.47651 7.39830 7.40702 7.44594 7.45387 7.48708 7.49259 7.50599 7.50080 7.52700 7.53821 7.51974 7.51111 7.51482 7.49432 7.46347 7.48674 7.49967 7.50292 7.51636 7.51739 7.50015 7.49537 7.49576 7.49989 7.49022 7.46793 7.43273 7.41692 7.43317 7.48584 7.49783 7.49462 7.48897 7.48100 7.43116 7.40126 7.36194 7.44358 7.47729
7.55802 7.46515 7.04692 7.28614 7.19712 7.49068 7.54345 7.53589 7.50318 7.33795 7.19244 7.15592 7.07081 7.07269 7.36745 7.55744 7.58872 7.58331 7.57655 7.58125 7.58107 7.57546 7.57064 7.56384 7.54387 7.55628 7.53955 7.50146 7.46485 7.50296 7.49962 7.52038 7.52403 7.53774 7.53210 7.52876 7.51623 7.51831 7.49614 7.49530 7.48995 7.48383 7.49581 7.50320 7.50180 7.51534 7.52279 7.51371 7.49511 7.49009 7.49325 7.48188 7.47389 7.44199 7.42690 7.47695 7.50214 7.49295 7.48196 7.49090 7.47519 7.44809 7.38741 7.43831 7.46992 7.46851
7.56817 7.54656 7.45036 7.06133 6.78863 7.30372 7.43387 7.46257 7.33032 7.17667 7.06712 7.07405 6.74093 6.93140 7.18913 7.53110 7.57486 7.57977 7.58193 7.58268 7.58023 7.57739 7.57272 7.56611 7.55067 7.55367 7.54154 7.52039 7.46815 7.49871 7.46112 7.51896 7.52386 7.53733 7.52310 7.49000 7.45140 7.48164 7.48659 7.48131 7.47836 7.48464 7.49886 7.49559 7.49826 7.51619 7.51340 7.50542 7.49695 7.49776 7.49800 7.48292 7.46685 7.46648 7.47714 7.49577 7.50187 7.48085 7.46594 7.47441 7.46728 7.46495 7.45481 7.47153 7.48522 7.48007
7.58231 7.57387 7.49359 6.92180 6.95943 6.34734 6.50960 6.93352 7.27740 6.94551 6.68050 7.01502 7.19295 6.87495 7.38873 7.52533 7.54927 7.56121 7.57623 7.57960 7.58034 7.56713 7.56117 7.56214 7.55867 7.54412 7.53232 7.53511 7.50677 7.46284 7.50037 7.50438 7.50613 7.51174 7.49141 7.42185 7.44383 7.38084 7.43055 7.45891 7.46560 7.48129 7.49324 7.49974 7.51629 7.51972 7.50735 7.50513 7.50419 7.50424 7.50384 7.49548 7.47166 7.46234 7.47987 7.48450 7.48533 7.48258 7.45846 7.43467 7.46511 7.48595 7.48605 7.47925 7.48102 7.47052
7.58760 7.58268 7.55432 7.41074 6.71653 6.44122 6.89045 6.60262 6.89319 6.86701 7.13250 6.73615 7.03271 7.22975 7.32305 7.47901 7.52812 7.54879 7.56979 7.57841 7.56924 7.55695 7.55989 7.56067 7.55144 7.53003 7.53690 7.54786 7.53672 7.51159 7.51119 7.49632 7.49398 7.51698 7.50025 7.44833 7.38436 7.39565 7.41554 7.38871 7.44330 7.46363 7.48381 7.50006 7.50397 7.50017 7.50828 7.51161 7.50700 7.50100 7.48873 7.48114 7.46786 7.47084 7.48976 7.48091 7.47184 7.47906 7.46501 7.44962 7.42956 7.46814 7.48173 7.45614 7.45133 7.45571
7.56825 7.57519 7.57053 7.54229 7.46466 7.38065 7.00110 7.29409 6.98404 6.50532 6.73989 5.94350 5.83610 6.20524 6.11030 7.12552 7.47935 7.53017 7.55351 7.56830 7.55578 7.55659 7.56523 7.56664 7.55221 7.54153 7.52859 7.54139 7.54082 7.53459 7.49384 7.47849 7.48053 7.51128 7.51521 7.50225 7.49193 7.47114 7.41211 7.42224 7.42968 7.39736 7.45604 7.47226 7.47897 7.47967 7.48717 7.49957 7.50258 7.48836 7.47610 7.47845 7.47412 7.46753 7.47966 7.47460 7.48192 7.48154 7.46562 7.45272 7.44778 7.44150 7.45335 7.42325 7.40701 7.41264
7.54298 7.56618 7.57041 7.55918 7.55168 7.53455 7.46348 7.37737 6.65931 6.44633 6.71797 6.00549 5.65857 5.68701 6.21797 6.19892 7.25200 7.49194 7.52597 7.54425 7.55634 7.56198 7.56796 7.56680 7.56188 7.54383 7.54457 7.53800 7.53805 7.52154 7.49831 7.47629 7.50588 7.51377 7.52249 7.51553 7.52675 7.47626 7.36499 7.35829 7.39134 7.40981 7.42693 7.44191 7.44710 7.47169 7.45034 7.48538 7.49031 7.47782 7.48415 7.47420 7.44913 7.44255 7.46288 7.47773 7.48038 7.48054 7.47378 7.45837 7.43741 7.45024 7.42530 7.38844 7.39482 7.42555
7.49067 7.54685 7.54696 7.52688 7.54006 7.54308 7.53304 7.48852 7.17660 6.37963 5.88037 5.58722 5.56449 5.55096 5.73528 6.70001 7.03624 7.37763 7.49412 7.52892 7.54583 7.55391 7.55661 7.53582 7.54080 7.53800 7.52176 7.53008 7.53076 7.50757 7.49893 7.49145 7.51072 7.51602 7.50656 7.49496 7.50734 7.44297 7.34085 7.10624 7.35778 7.43176 7.42833 7.41874 7.44111 7.46266 7.44146 7.47003 7.48730 7.48039 7.47209 7.46977 7.47328 7.44878 7.42187 7.45818 7.46773 7.47999 7.47974 7.46670 7.45631 7.43536 7.40520 7.35735 7.40136 7.44136
7.44193 7.51913 7.52469 7.53641 7.52636 7.53946 7.53265 7.52258 7.48290 7.33929 6.99589 6.04227 5.63463 5.48702 5.61317 6.18430 7.00024 7.08365 7.40144 7.38485 7.49385 7.53250 7.49582 7.42325 7.47299 7.53401 7.54207 7.53705 7.53679 7.50022 7.49099 7.49586 7.49630 7.48830 7.47043 7.47580 7.46710 7.41419 6.90302 6.50614 6.90026 7.34942 7.39811 7.41349 7.43986 7.46504 7.42171 7.43959 7.44146 7.46633 7.45640 7.43988 7.45241 7.43416 7.41563 7.40600 7.41337 7.46278 7.47819 7.47001 7.47035 7.43457 7.39265 7.34644 7.42446 7.42698
7.46328 7.49888 7.52572 7.52088 7.53776 7.55333 7.55137 7.53919 7.51800 7.44906 7.37239 7.14315 6.73932 5.69042 5.67661 5.64463 6.18246 6.87874 6.93014 6.25360 7.14303 7.46386 7.39423 7.37456 7.36237 7.50227 7.54287 7.52534 7.52196 7.51871 7.51781 7.49685 7.49666 7.47800 7.39242 7.31741 7.40197 7.13729 6.18472 6.36594 6.45594 7.27238 7.39879 7.41106 7.41884 7.45101 7.43212 7.44974 7.43038 7.39053 7.42385 7.44557 7.46054 7.42252 7.39276 7.41992 7.40333 7.38843 7.43922 7.47122 7.46941 7.44841 7.40691 7.36495 7.40980 7.42602
7.46220 7.49926 7.50988 7.53182 7.55276 7.55710 7.55339 7.55120 7.54315 7.50780 7.42835 7.39710 7.29109 6.12036 5.60873 5.71853 5.91786 5.93000 6.05955 6.14296 6.18381 7.32166 7.30630 7.22390 7.26977 7.38892 7.46129 7.47891 7.49798 7.52475 7.53009 7.51666 7.50008 7.40785 7.11323 7.21976 7.08194 6.55362 6.45554 6.09036 7.04177 7.39370 7.41494 7.42303 7.45156 7.46236 7.43297 7.44036 7.38792 7.39750 7.45346 7.45949 7.43366 7.41064 7.39350 7.38726 7.38158 7.40338 7.41592 7.46497 7.43409 7.43119 7.42136 7.38785 7.39085 7.42948
7.49307 7.51521 7.51486 7.52948 7.55243 7.55867 7.55283 7.55240 7.54826 7.53557 7.50258 7.49158 7.43489 7.14381 6.19121 5.88694 5.72040 6.35182 6.52492 6.00426 6.60152 7.00085 6.44638 6.98275 6.21179 6.31184 6.76633 7.04337 7.41629 7.50419 7.50426 7.48038 7.46097 7.43390 7.30058 7.05348 7.28753 7.01159 6.47409 7.05176 7.37956 7.42152 7.43269 7.45081 7.47043 7.45993 7.43401 7.42058 7.38577 7.45323 7.46193 7.43075 7.42170 7.43505 7.41447 7.40910 7.42367 7.40748 7.44096 7.45524 7.43463 7.41150 7.43554 7.42845 7.39847 7.40230
7.49513 7.51192 7.52089 7.51418 7.52956 7.54571 7.53947 7.54045 7.53383 7.53226 7.52868 7.52492 7.49781 7.44473 7.32017 7.18549 6.91461 6.66983 7.09893 6.55315 5.95866 5.73142 6.42099 7.18470 6.30199 6.36056 6.64072 6.62756 7.16635 7.46422 7.49627 7.47467 7.45426 7.47512 7.45228 7.43284 7.45024 7.39189 7.32880 7.42549 7.44237 7.43285 7.44031 7.45153 7.46917 7.44786 7.40100 7.41008 7.45389 7.47602 7.45373 7.43167 7.43864 7.42890 7.43017 7.42724 7.46714 7.44961 7.44160 7.44049 7.40328 7.40979 7.41102 7.39084 7.38509 7.37617
7.47679 7.49957 7.49337 7.49191 7.50418 7.52970 7.52741 7.52660 7.52498 7.52109 7.52584 7.52800 7.52856 7.50993 7.48012 7.46339 7.42661 7.29702 6.63188 6.00168 6.21780 5.72968 5.64759 6.68855 6.05820 6.14049 6.51076 6.86657 7.37855 7.48383 7.48820 7.50255 7.50396 7.48859 7.48390 7.48309 7.48383 7.46022 7.46564 7.46252 7.45136 7.45223 7.46953 7.47445 7.47622 7.44600 7.43503 7.45135 7.47669 7.47571 7.45087 7.44711 7.46457 7.45096 7.44361 7.44803 7.45870 7.46307 7.47796 7.46123 7.43490 7.41164 7.33593 7.35292 7.32784 7.36138
7.48250 7.46772 7.45719 7.46702 7.49828 7.50777 7.50887 7.50904 7.51305 7.51386 7.51284 7.51489 7.52489 7.52997 7.50862 7.48957 7.47551 7.44858 7.23566 6.21175 6.02625 5.81222 5.73211 6.89722 7.25594 7.17496 7.06632 7.34178 7.43352 7.46499 7.48760 7.51073 7.51598 7.51285 7.50408 7.49063 7.49804 7.48201 7.45947 7.45722 7.47608 7.47586 7.47896 7.48449 7.48399 7.47099 7.47754 7.47243 7.46949 7.46264 7.44912 7.45760 7.48972 7.48876 7.47800 7.48922 7.48634 7.46373 7.47377 7.47464 7.45678 7.44299 7.37925 7.33772 7.36408 7.35100
7.46019 7.43256 7.44452 7.40772 7.43906 7.48923 7.50215 7.50018 7.50183 7.50483 7.50452 7.49891 7.51552 7.51951 7.50113 7.50189 7.50795 7.47887 7.37066 6.53236 5.97775 5.96533 5.89392 5.87340 7.03198 6.31435 5.80098 6.88523 7.38833 7.43604 7.46300 7.48517 7.50330 7.50307 7.51052 7.49825 7.49086 7.48294 7.46952 7.48013 7.48644 7.47421 7.48046 7.48281 7.48819 7.49346 7.49175 7.47850 7.46314 7.46249 7.44653 7.44776 7.48577 7.49830 7.49948 7.49955 7.48931 7.47055 7.46910 7.47545 7.46017 7.46625 7.44688 7.42494 7.37726 7.38517
7.38575 7.30507 7.30107 7.30217 7.29916 7.40017 7.46273 7.47518 7.48251 7.50100 7.49825 7.48693 7.49655 7.50096 7.49633 7.50786 7.50824 7.48172 7.29024 6.14856 6.17807 6.52595 6.86810 5.94024 6.28600 5.66703 5.61233 5.68994 7.14003 7.38298 7.40712 7.41203 7.47366 7.48976 7.49762 7.49022 7.48182 7.48670 7.47823 7.48111 7.48015 7.47952 7.47146 7.47702 7.49040 7.49695 7.49905 7.49053 7.45156 7.43880 7.44969 7.46339 7.48628 7.50433 7.50806 7.50427 7.50125 7.48663 7.46247 7.45543 7.45450 7.46323 7.45497 7.44170 7.41775 7.41399
7.22257 7.23398 7.26259 7.28283 7.22334 7.27176 7.37081 7.43267 7.46012 7.47742 7.47836 7.48221 7.47942 7.48622 7.50804 7.50573 7.50540 7.49681 7.43664 6.97984 5.89031 5.72350 6.28641 5.85681 6.85789 5.83186 6.08003 5.68512 6.94124 7.12823 6.94896 7.03195 7.30212 7.44738 7.45655 7.46453 7.47219 7.48505 7.48312 7.48569 7.48957 7.47746 7.47929 7.48159 7.47644 7.47549 7.48141 7.48154 7.44284 7.42253 7.45314 7.46699 7.48639 7.50319 7.50916 7.50987 7.50462 7.48843 7.45841 7.43932 7.44803 7.46389 7.46703 7.44948 7.44316 7.43029
