mrvbf_slope0.9_pctl0.8.asc
NCOLS 410
NROWS 410
XLLCORNER 2398750.0000000000000000
YLLCORNER 2548750.0000000000000000
CELLSIZE 250.0000000000000000
NODATA_VALUE -99999.00000
[rows 58 to 86 of 410, columns 66 to 131 of 410]
7.72536 7.71426 7.71052 7.71270 7.71279 7.70348 7.69355 7.69442 7.69806 7.69652 7.70041 7.70701 7.69665 7.69468 7.70812 7.71599 7.71733 7.71610 7.70657 7.69588 7.69694 7.70876 7.72566 7.73428 7.73644 7.73282 7.72598 7.72228 7.72322 7.71906 7.72036 7.72861 7.73397 7.73581 7.73863 7.73943 7.73919 7.73604 7.72532 7.71173 7.70630 7.70004 7.68570 7.66979 7.64610 7.61874 7.63956 7.68358 7.70981 7.71804 7.72322 7.71721 7.71671 7.71259 7.66641 7.49843 7.49065 7.44196 7.62611 7.69057 7.68915 7.65973 7.68937 7.67636 7.70859 7.71379
7.73511 7.72110 7.70428 7.70020 7.70768 7.71335 7.71620 7.72171 7.72214 7.72032 7.71886 7.71605 7.71351 7.71405 7.72231 7.72769 7.72556 7.72344 7.71413 7.70592 7.70192 7.69859 7.70927 7.71947 7.72111 7.71318 7.69984 7.69343 7.71446 7.72192 7.72167 7.72860 7.73680 7.74114 7.74324 7.74204 7.73813 7.72963 7.71771 7.71423 7.72328 7.72408 7.71214 7.69741 7.67073 7.62984 7.62371 7.67308 7.70173 7.71805 7.72825 7.72307 7.71486 7.70496 7.67547 7.60258 7.43951 7.56860 7.63956 7.67470 7.67677 7.69122 7.63444 7.52584 7.64201 7.70883
7.72383 7.71082 7.69514 7.69368 7.70924 7.72467 7.73159 7.72951 7.72417 7.72261 7.72413 7.72333 7.72328 7.72459 7.72755 7.73126 7.73075 7.72523 7.71706 7.71759 7.71732 7.70791 7.70725 7.70904 7.70587 7.69668 7.68421 7.68372 7.69718 7.72614 7.72633 7.72900 7.73720 7.74316 7.74447 7.74204 7.73537 7.72560 7.71747 7.72219 7.73273 7.72939 7.71604 7.69577 7.66957 7.64363 7.63830 7.66566 7.70088 7.71723 7.72407 7.73012 7.72470 7.70886 7.69000 7.63396 7.55999 7.59743 7.66295 7.63724 7.62169 7.61497 7.51729 7.56820 7.52881 7.67565
7.70261 7.68421 7.68142 7.68683 7.70306 7.72101 7.73063 7.72877 7.72595 7.73042 7.73559 7.73620 7.73310 7.72717 7.71968 7.71996 7.72177 7.72025 7.71740 7.72097 7.72601 7.71849 7.71378 7.71153 7.70686 7.70262 7.70202 7.70001 7.70292 7.72964 7.72940 7.73017 7.73661 7.74265 7.74409 7.74053 7.73344 7.72520 7.71902 7.71912 7.71906 7.70958 7.69855 7.68831 7.67669 7.66311 7.65447 7.66158 7.68705 7.70301 7.70934 7.71991 7.72407 7.71266 7.68645 7.60598 7.58577 7.49081 7.60035 7.61896 7.62493 7.60134 7.59413 7.64998 7.60943 7.69193
7.68274 7.66210 7.67172 7.70165 7.70609 7.71892 7.73090 7.72963 7.73235 7.74009 7.74352 7.74143 7.73214 7.71928 7.70639 7.69872 7.69803 7.70420 7.71352 7.72169 7.72842 7.72588 7.72283 7.72153 7.71785 7.71730 7.72202 7.71033 7.71301 7.73264 7.73048 7.73073 7.73614 7.74141 7.74187 7.73844 7.73185 7.72404 7.71674 7.70934 7.69805 7.68421 7.68231 7.69067 7.69378 7.68143 7.66505 7.65699 7.66418 7.68021 7.69312 7.69728 7.71079 7.71172 7.70676 7.64394 7.48418 7.53132 7.53038 7.62985 7.63192 7.62980 7.47648 7.54895 7.52018 7.67269
7.66936 7.68261 7.68578 7.70819 7.71144 7.71962 7.73188 7.73189 7.73665 7.74282 7.74369 7.73838 7.72397 7.70848 7.69967 7.68992 7.68406 7.69056 7.70486 7.71866 7.72767 7.73017 7.73105 7.73195 7.72768 7.72685 7.72908 7.71411 7.71253 7.72920 7.72735 7.73070 7.73598 7.73916 7.73836 7.73536 7.72835 7.71843 7.70806 7.69612 7.68087 7.67164 7.67953 7.69590 7.70873 7.69897 7.67690 7.65716 7.64858 7.65496 7.66722 7.68831 7.70261 7.71369 7.71361 7.69794 7.61641 7.50094 7.59913 7.65711 7.68344 7.63173 7.45138 7.40426 7.61353 7.69581
7.68632 7.69946 7.69908 7.71941 7.71604 7.71961 7.73056 7.73055 7.73282 7.73779 7.73884 7.73313 7.71603 7.70040 7.69706 7.69789 7.69838 7.69533 7.70138 7.71453 7.72488 7.72982 7.73369 7.73686 7.73233 7.72779 7.72861 7.70985 7.70263 7.71845 7.72644 7.73098 7.73570 7.73662 7.73452 7.72915 7.71921 7.70724 7.69535 7.68290 7.67203 7.67607 7.68464 7.69419 7.71268 7.71476 7.69697 7.67121 7.64750 7.63806 7.64057 7.65766 7.68871 7.70734 7.70738 7.70630 7.68875 7.64459 7.66432 7.68527 7.67164 7.52555 7.55827 7.51338 7.66256 7.70355
7.71106 7.70910 7.70475 7.72183 7.71687 7.71755 7.72600 7.72557 7.72185 7.72476 7.72912 7.72582 7.71170 7.70015 7.69879 7.70723 7.71875 7.71116 7.70654 7.71249 7.72069 7.72631 7.73152 7.73638 7.73408 7.72382 7.71633 7.71050 7.69605 7.70605 7.72436 7.72738 7.73259 7.73043 7.72748 7.71790 7.70593 7.69529 7.68691 7.68099 7.68201 7.69343 7.68634 7.69056 7.71406 7.72378 7.71530 7.69690 7.67090 7.64603 7.62831 7.62588 7.65310 7.68265 7.70230 7.70440 7.70630 7.69905 7.68673 7.69089 7.62813 7.42097 7.45827 7.62952 7.69774 7.70535
7.71941 7.71475 7.70983 7.71833 7.71899 7.71325 7.71594 7.71487 7.71064 7.71127 7.71795 7.72144 7.71621 7.70759 7.70206 7.70408 7.71322 7.71289 7.70766 7.71039 7.71758 7.72405 7.72922 7.73408 7.73497 7.72580 7.71192 7.70613 7.70126 7.71129 7.72496 7.72670 7.72562 7.71748 7.71417 7.70510 7.69400 7.68835 7.68906 7.69415 7.70200 7.70762 7.69000 7.68336 7.70340 7.71988 7.72064 7.71198 7.69686 7.67488 7.65341 7.62979 7.63118 7.66408 7.69413 7.71171 7.71293 7.70645 7.69307 7.65619 7.44901 7.36109 7.41967 7.64603 7.69222 7.69610
7.72071 7.71550 7.71305 7.71942 7.71865 7.70622 7.70270 7.70171 7.70242 7.70479 7.71243 7.72288 7.72558 7.71757 7.70821 7.70071 7.69836 7.70135 7.70454 7.71012 7.71778 7.72505 7.72946 7.73303 7.73630 7.73291 7.72253 7.71258 7.71378 7.72562 7.72827 7.72380 7.71486 7.70743 7.69824 7.69377 7.68711 7.69145 7.70167 7.71037 7.71372 7.71105 7.69629 7.67992 7.68667 7.70485 7.71158 7.70456 7.69020 7.67327 7.65666 7.63471 7.63242 7.66613 7.69822 7.70938 7.70984 7.69704 7.68400 7.60906 7.31533 7.29405 7.48265 7.65834 7.69041 7.68793
7.71238 7.71006 7.70951 7.72043 7.71383 7.70093 7.69081 7.69207 7.69843 7.69976 7.70697 7.72061 7.72915 7.72713 7.72024 7.71061 7.70309 7.70263 7.70858 7.71550 7.72244 7.72871 7.73153 7.73242 7.73246 7.72810 7.72427 7.72470 7.72615 7.73069 7.72629 7.71608 7.70833 7.69792 7.69175 7.68689 7.68703 7.70107 7.70831 7.70695 7.70247 7.69549 7.69087 7.68603 7.68248 7.69021 7.68913 7.67325 7.65479 7.64243 7.63364 7.62961 7.64291 7.67606 7.70108 7.70619 7.69704 7.68829 7.66067 7.50725 7.43949 7.34530 7.60992 7.68840 7.69726 7.69049
7.69743 7.69768 7.70306 7.71766 7.71495 7.69833 7.68149 7.68835 7.70169 7.69476 7.69888 7.71289 7.72098 7.72622 7.72974 7.72639 7.72225 7.71933 7.72125 7.72529 7.72910 7.73217 7.73214 7.72877 7.72125 7.70940 7.70256 7.70675 7.71757 7.72688 7.72403 7.70995 7.70110 7.69341 7.69573 7.68640 7.69147 7.69995 7.69701 7.69589 7.69666 7.69432 7.68963 7.68739 7.68988 7.68423 7.66260 7.64169 7.63066 7.62820 7.62906 7.63585 7.65501 7.67938 7.69510 7.70086 7.69504 7.69056 7.64360 7.56771 7.48494 7.55823 7.67345 7.70126 7.70303 7.69570
7.69010 7.68113 7.68358 7.70746 7.71554 7.69974 7.68085 7.68629 7.70583 7.69635 7.69082 7.69550 7.69945 7.70870 7.71981 7.72847 7.73300 7.73301 7.73187 7.73041 7.72877 7.72794 7.72670 7.72209 7.70857 7.69473 7.69007 7.68970 7.69861 7.71453 7.71273 7.69394 7.68877 7.69698 7.70364 7.69713 7.69445 7.69160 7.69448 7.70241 7.70770 7.70873 7.70414 7.69785 7.68886 7.66389 7.64063 7.63150 7.62999 7.63266 7.63730 7.64658 7.66121 7.67249 7.68674 7.69941 7.68634 7.61836 7.51152 7.59260 7.60273 7.66202 7.69105 7.69680 7.70460 7.69829
7.69953 7.67656 7.65721 7.68466 7.71139 7.70305 7.68366 7.68338 7.70144 7.70228 7.68989 7.68325 7.68426 7.69221 7.70334 7.71685 7.72729 7.72863 7.72484 7.72004 7.71631 7.71538 7.71658 7.71568 7.70278 7.69061 7.69899 7.69248 7.69094 7.70223 7.69580 7.68042 7.68755 7.69821 7.70959 7.70765 7.69835 7.69896 7.70528 7.70476 7.69952 7.69813 7.69621 7.68858 7.66695 7.63899 7.63056 7.63180 7.63597 7.64251 7.64832 7.65294 7.65708 7.66224 7.66826 7.68308 7.65546 7.50388 7.48328 7.43597 7.62614 7.67080 7.67057 7.67869 7.69100 7.68368
7.70494 7.68674 7.64774 7.66267 7.70323 7.70716 7.68579 7.67767 7.69051 7.70301 7.69995 7.69454 7.69085 7.68718 7.69133 7.70310 7.71485 7.71460 7.70895 7.70405 7.70115 7.70126 7.70398 7.70742 7.70585 7.69335 7.69646 7.70255 7.69912 7.70387 7.69411 7.68692 7.69864 7.69398 7.70525 7.71091 7.70875 7.70945 7.70037 7.68081 7.66798 7.66078 7.65667 7.65197 7.63886 7.62478 7.62576 7.63676 7.64773 7.65510 7.65735 7.65446 7.65405 7.65975 7.65441 7.66301 7.66694 7.56191 7.25176 7.29519 7.56697 7.55592 7.56707 7.61679 7.66314 7.67208
7.69939 7.69432 7.66256 7.66554 7.70700 7.71225 7.68758 7.67215 7.68140 7.70241 7.71327 7.71165 7.70306 7.69328 7.68798 7.68963 7.69544 7.69434 7.69173 7.69041 7.69062 7.69143 7.69315 7.69563 7.69793 7.69578 7.70031 7.70755 7.70178 7.70454 7.69903 7.69069 7.69557 7.69946 7.70307 7.70800 7.71216 7.70477 7.67866 7.65623 7.64908 7.63864 7.62938 7.62638 7.62491 7.61811 7.62961 7.65315 7.66447 7.66483 7.66056 7.65693 7.66152 7.66744 7.65106 7.64863 7.65940 7.57063 7.37852 7.48704 7.41132 7.26971 7.26913 7.39661 7.56902 7.63428
7.70295 7.69707 7.67012 7.68018 7.71160 7.71025 7.68548 7.67025 7.68068 7.70500 7.72056 7.71883 7.71239 7.70404 7.69344 7.68387 7.67949 7.68042 7.68301 7.68603 7.68865 7.68917 7.68908 7.68944 7.68951 7.69036 7.69675 7.70039 7.69715 7.70166 7.70108 7.69660 7.69831 7.69439 7.69836 7.70257 7.70632 7.69334 7.66253 7.64493 7.64828 7.64717 7.64116 7.63408 7.62925 7.63597 7.65845 7.67208 7.67677 7.66827 7.66061 7.66096 7.67276 7.67892 7.65261 7.63362 7.61250 7.55246 7.52317 7.23528 7.14877 7.34544 7.33454 7.08138 7.14226 7.45422
7.70887 7.70158 7.68305 7.69498 7.71274 7.70560 7.68124 7.67086 7.68613 7.70966 7.72288 7.72377 7.72144 7.71519 7.70414 7.69221 7.68514 7.68542 7.68947 7.69420 7.69672 7.69596 7.69410 7.69325 7.69327 7.69546 7.70032 7.69777 7.69495 7.70308 7.70034 7.69853 7.70087 7.70130 7.69503 7.69230 7.69328 7.67776 7.65044 7.64020 7.64884 7.65671 7.66061 7.66026 7.66149 7.67264 7.67484 7.68303 7.68343 7.66984 7.65851 7.65908 7.67576 7.68928 7.65607 7.62016 7.55846 7.56936 7.45433 7.19860 7.30621 7.13734 7.20583 6.90795 7.16085 7.46084
7.71340 7.70675 7.69155 7.70001 7.71105 7.69579 7.67398 7.67319 7.69528 7.71504 7.72367 7.72778 7.72872 7.72424 7.71607 7.70901 7.70527 7.70424 7.70625 7.70973 7.71073 7.70866 7.70563 7.70412 7.70495 7.70691 7.70353 7.69330 7.69690 7.70720 7.69707 7.69242 7.69565 7.69996 7.69479 7.68487 7.67983 7.66400 7.64509 7.64202 7.64957 7.66189 7.67549 7.68350 7.68934 7.69415 7.69092 7.68925 7.68484 7.67093 7.65705 7.65208 7.66266 7.67578 7.65437 7.64055 7.61430 7.51899 7.30331 7.07965 7.21295 7.32634 7.51077 7.50944 7.37568 7.45081
7.70691 7.70350 7.70111 7.70666 7.70697 7.68132 7.66900 7.68387 7.70711 7.71754 7.72386 7.72913 7.73145 7.72842 7.72380 7.72204 7.72256 7.72217 7.72207 7.72308 7.72265 7.72033 7.71704 7.71458 7.71391 7.71037 7.69949 7.69248 7.69998 7.70092 7.68822 7.68823 7.69509 7.69796 7.69370 7.68459 7.67540 7.66085 7.64653 7.64528 7.65286 7.66818 7.68134 7.69040 7.69716 7.69956 7.69962 7.70014 7.69458 7.68068 7.66344 7.64962 7.64800 7.65615 7.64918 7.65938 7.66130 7.59582 7.54165 7.31982 7.35521 7.58357 7.64135 7.63485 7.59444 7.60752
7.69683 7.69319 7.70276 7.71045 7.69562 7.66812 7.66939 7.69550 7.71210 7.72205 7.72876 7.73177 7.73155 7.72812 7.72471 7.72566 7.72719 7.72535 7.72315 7.72273 7.72341 7.72418 7.72358 7.72035 7.71670 7.71096 7.69981 7.69251 7.69520 7.69082 7.68298 7.69101 7.69621 7.69794 7.69400 7.68691 7.67689 7.66190 7.64846 7.64794 7.65642 7.66838 7.67749 7.68771 7.69124 7.68840 7.69403 7.70133 7.70039 7.69120 7.67687 7.66312 7.64997 7.64599 7.65486 7.67617 7.67258 7.63088 7.57020 7.57332 7.59373 7.64392 7.64646 7.62839 7.62014 7.63446
7.68945 7.68255 7.70009 7.71314 7.68865 7.66269 7.67213 7.69131 7.71082 7.72760 7.73372 7.73513 7.73382 7.72908 7.72239 7.72119 7.71930 7.71268 7.70828 7.70814 7.71114 7.71589 7.72132 7.72231 7.71819 7.71299 7.70518 7.69570 7.69185 7.69110 7.69114 7.69818 7.70099 7.69722 7.69193 7.68274 7.67349 7.66125 7.65013 7.64915 7.65238 7.66940 7.67523 7.67691 7.67698 7.67299 7.68551 7.69678 7.69389 7.68181 7.67420 7.68085 7.67609 7.66942 7.67983 7.68169 7.66334 7.64611 7.63969 7.64477 7.64599 7.65921 7.65162 7.63562 7.64005 7.64039
7.68318 7.67355 7.69788 7.71614 7.68405 7.64711 7.66782 7.68080 7.70084 7.72400 7.73242 7.73414 7.73432 7.73066 7.72175 7.71637 7.70727 7.69637 7.69214 7.69275 7.69684 7.70361 7.71124 7.71773 7.71866 7.71560 7.71210 7.70760 7.70389 7.70374 7.70066 7.69982 7.70229 7.69750 7.68504 7.67713 7.66179 7.65238 7.64529 7.64512 7.64589 7.66608 7.67579 7.66554 7.66453 7.66856 7.67844 7.69367 7.68707 7.67979 7.67861 7.67928 7.68935 7.69825 7.70195 7.68765 7.66312 7.64908 7.65288 7.66661 7.66616 7.67265 7.66427 7.64469 7.65421 7.65953
7.67889 7.66966 7.69905 7.72340 7.70256 7.65025 7.64196 7.67502 7.68640 7.70905 7.72650 7.73113 7.73156 7.72819 7.71923 7.70833 7.69180 7.68464 7.68723 7.68742 7.68637 7.68918 7.69595 7.70632 7.71420 7.71350 7.70958 7.70942 7.71186 7.71295 7.70506 7.69611 7.69720 7.69814 7.68789 7.66760 7.66057 7.63959 7.63824 7.64114 7.65186 7.64259 7.66380 7.66846 7.66042 7.66963 7.68689 7.69651 7.69215 7.68386 7.68331 7.69312 7.69620 7.70376 7.70844 7.69773 7.67726 7.65532 7.64577 7.66442 7.67360 7.68018 7.67681 7.65011 7.64915 7.66909
7.67919 7.66923 7.69853 7.72531 7.71233 7.66199 7.63310 7.66823 7.68393 7.69518 7.71606 7.72678 7.72659 7.72098 7.71113 7.69268 7.68326 7.69229 7.70089 7.69999 7.69215 7.68377 7.68181 7.69128 7.70338 7.70742 7.70817 7.71351 7.71697 7.71590 7.70950 7.69806 7.68985 7.68841 7.68506 7.67172 7.65623 7.65479 7.65713 7.64947 7.64463 7.65792 7.67108 7.67677 7.67336 7.67486 7.68200 7.68644 7.69839 7.69707 7.69330 7.69989 7.70218 7.70201 7.70471 7.70286 7.69488 7.67871 7.66183 7.66547 7.67899 7.68968 7.68926 7.66102 7.64574 7.66247
7.68604 7.67367 7.69723 7.72483 7.71726 7.67680 7.63599 7.65149 7.68754 7.68855 7.70098 7.71757 7.71927 7.71298 7.69700 7.68195 7.69346 7.71096 7.71692 7.71594 7.70927 7.69698 7.68433 7.68448 7.69628 7.70504 7.71124 7.71670 7.71746 7.71452 7.70992 7.70253 7.69096 7.67974 7.67277 7.66846 7.66350 7.66290 7.66042 7.66350 7.66930 7.67204 7.67459 7.68004 7.68520 7.67538 7.67256 7.67553 7.69005 7.70145 7.69901 7.69982 7.70167 7.69573 7.69316 7.69307 7.69241 7.68953 7.68121 7.68159 7.69046 7.69542 7.68087 7.65841 7.65030 7.66132
7.69764 7.67902 7.69039 7.71950 7.72031 7.69273 7.65077 7.63738 7.66769 7.68608 7.68901 7.69906 7.70704 7.70385 7.68624 7.68720 7.70813 7.71988 7.72319 7.72191 7.71723 7.70806 7.69325 7.68709 7.69693 7.70719 7.71459 7.71655 7.71459 7.71095 7.70651 7.70089 7.69059 7.67353 7.66182 7.66106 7.66337 7.66483 7.66688 7.67789 7.68486 7.68020 7.67697 7.67976 7.67888 7.67379 7.67393 7.66722 7.68137 7.69811 7.69491 7.69091 7.69038 7.68687 7.68384 7.68235 7.68132 7.68102 7.68280 7.69156 7.69688 7.67901 7.64474 7.64662 7.66035 7.66237
7.70177 7.68835 7.68266 7.70543 7.71555 7.70012 7.67080 7.64039 7.64303 7.67300 7.68294 7.68832 7.69197 7.68872 7.68186 7.69438 7.71428 7.72268 7.72463 7.72025 7.71155 7.69819 7.68519 7.68504 7.69676 7.70589 7.71174 7.71266 7.71007 7.70599 7.70075 7.69262 7.67812 7.65964 7.65307 7.65663 7.66184 7.66490 7.67200 7.68329 7.68814 7.68574 7.67913 7.67459 7.67349 7.67737 7.67245 7.66533 7.68334 7.69052 7.68258 7.67792 7.67904 7.68149 7.68331 7.68342 7.68252 7.68185 7.68730 7.69540 7.68802 7.64963 7.63665 7.64891 7.66308 7.65497
7.70847 7.69988 7.69071 7.70101 7.71268 7.70462 7.68957 7.66237 7.63030 7.63798 7.66287 7.68441 7.68671 7.67864 7.67757 7.69587 7.71569 7.72233 7.71971 7.70976 7.69257 7.67726 7.67506 7.68472 7.69542 7.70012 7.70313 7.70600 7.70392 7.69844 7.68983 7.67502 7.65682 7.64515 7.64793 7.65512 7.65975 7.66150 7.67019 7.67771 7.68056 7.68177 7.67868 7.67279 7.67255 7.67994 7.67686 7.66848 7.67534 7.67491 7.66960 7.66970 7.67562 7.68398 7.69078 7.69391 7.69510 7.69426 7.69579 7.69942 7.68978 7.66146 7.64287 7.65162 7.66366 7.65209
