mrvbf_slope0.7_pctl1.asc
NCOLS 410
NROWS 410
XLLCORNER 2398750.0000000000000000
YLLCORNER 2548750.0000000000000000
CELLSIZE 250.0000000000000000
NODATA_VALUE -99999.00000
[rows 348 to 376 of 410, columns 198 to 263 of 410]
3.67910 3.66250 3.66601 3.69250 3.70028 3.69271 3.66074 3.60673 3.52010 3.54641 3.65238 3.69286 3.69443 3.68115 3.65246 3.62420 3.61629 3.64029 3.64706 3.63155 3.62165 3.62575 3.61849 3.55981 3.51120 3.41753 3.18749 2.85910 2.75793 2.95397 3.18488 3.41261 3.32056 2.80449 2.15559 1.80697 1.72818 1.88231 2.29404 2.72045 2.95274 2.88129 2.79801 2.67248 2.83531 3.11301 3.07040 3.22878 3.37565 3.29677 3.16227 3.21480 3.31730 3.37250 3.51475 3.60195 3.61398 3.58695 3.59345 3.60022 3.56555 3.49682 3.47130 3.59380 3.69864 3.66832
3.66368 3.66581 3.69510 3.68993 3.69886 3.66877 3.62806 3.60228 3.58172 3.60196 3.67150 3.72131 3.73172 3.71376 3.67516 3.65190 3.65630 3.68290 3.69785 3.68447 3.65655 3.62958 3.59720 3.54253 3.47103 3.27353 2.91636 2.45962 2.06562 1.80846 2.18157 3.11606 2.97184 2.09629 1.51949 1.34809 1.51061 1.82495 2.22375 2.85299 3.26609 3.11039 2.91099 2.62854 2.47534 2.65598 2.94306 3.25524 3.37835 3.27836 2.92971 2.75564 2.98800 3.30427 3.51447 3.60227 3.58937 3.57193 3.57569 3.52650 3.51089 3.49914 3.52615 3.61343 3.71103 3.71517
3.68059 3.68697 3.69689 3.68082 3.66192 3.63232 3.63888 3.64859 3.65423 3.65117 3.68089 3.73264 3.75281 3.72838 3.69167 3.68023 3.69358 3.71900 3.73615 3.72904 3.71106 3.67906 3.62484 3.56974 3.47698 3.25946 2.83534 2.29890 1.91378 1.48302 1.03747 2.34458 2.48854 1.70814 1.29744 1.81427 2.41136 2.38890 1.88980 2.69261 3.26629 3.04528 2.86416 2.86434 2.56186 2.28771 2.58534 3.17180 3.40125 3.23769 2.80730 2.55984 2.81751 3.22822 3.45814 3.55861 3.55618 3.52510 3.46446 3.45976 3.54541 3.57622 3.60254 3.62247 3.67374 3.69456
3.66610 3.65894 3.67815 3.69150 3.67406 3.67912 3.70732 3.71089 3.70138 3.69175 3.69897 3.73215 3.73657 3.72093 3.69144 3.68370 3.69709 3.71445 3.71255 3.70578 3.72085 3.71431 3.65357 3.58284 3.50214 3.32598 2.86069 2.17527 1.89449 2.00447 1.23491 2.03542 2.47280 1.70604 1.70381 2.89714 3.33509 3.22244 2.10534 2.61179 3.27221 3.02965 3.06733 3.31718 3.26187 2.98632 2.81637 3.18167 3.42394 3.13947 2.91660 3.08049 3.11212 3.28512 3.42569 3.51149 3.51660 3.48486 3.33464 3.40491 3.60420 3.64738 3.64014 3.62271 3.63433 3.63083
3.65120 3.66902 3.71326 3.73591 3.73084 3.73657 3.73732 3.72771 3.71535 3.70576 3.70286 3.72282 3.72562 3.71375 3.68266 3.67385 3.68828 3.69459 3.69053 3.69312 3.70327 3.71114 3.67697 3.60781 3.50889 3.34788 2.96212 2.32074 1.95374 2.14294 1.87565 2.83313 3.10617 2.21600 1.56838 1.99357 2.96675 3.20468 2.70291 2.95549 3.38707 3.22576 3.20604 3.30819 3.16774 2.81957 3.03076 3.42151 3.51071 3.27312 3.08411 3.33812 3.38905 3.42833 3.49406 3.53969 3.54250 3.51039 3.31579 3.34595 3.58981 3.64347 3.65728 3.66476 3.65996 3.63947
3.67639 3.71900 3.73257 3.73947 3.72920 3.73682 3.72427 3.71063 3.71037 3.71620 3.69559 3.71099 3.72165 3.69248 3.66395 3.66329 3.68268 3.69233 3.69514 3.69812 3.70217 3.69255 3.67537 3.64317 3.56282 3.42881 3.19343 2.77686 2.53817 2.83983 2.98743 3.35358 3.41297 2.94367 2.22636 1.91848 2.41909 3.16506 3.17937 3.24262 3.45150 3.40452 3.26870 3.25475 3.17298 3.18485 3.42827 3.51667 3.48585 3.36695 3.33081 3.42692 3.47328 3.50610 3.56945 3.61447 3.60801 3.55775 3.41297 3.38240 3.53947 3.62066 3.66860 3.70949 3.71532 3.70130
3.71814 3.74833 3.75628 3.75393 3.72931 3.71675 3.70805 3.69490 3.67409 3.69196 3.69942 3.68715 3.66668 3.63771 3.63472 3.65953 3.68492 3.70690 3.70624 3.70543 3.70323 3.68755 3.66839 3.63954 3.61148 3.52064 3.37424 3.09034 2.85526 3.10403 3.18325 3.34668 3.47018 3.30010 2.93031 2.65519 2.71408 3.29168 3.40044 3.36854 3.47660 3.53370 3.44375 3.36837 3.34843 3.42219 3.41912 3.26675 3.19478 3.29100 3.45433 3.51232 3.52140 3.56146 3.63070 3.66579 3.64441 3.59467 3.49630 3.43843 3.50392 3.59910 3.67960 3.72274 3.73087 3.72201
3.72887 3.74251 3.75846 3.76386 3.75149 3.72266 3.71418 3.67392 3.64667 3.66392 3.67508 3.65772 3.63219 3.62247 3.62491 3.62856 3.65979 3.68403 3.70732 3.71489 3.70094 3.70070 3.68436 3.63353 3.61707 3.56848 3.44466 3.17555 2.80096 2.82133 3.16539 3.22846 3.42184 3.13873 2.99965 3.04699 3.15586 3.41054 3.49309 3.42953 3.45140 3.51547 3.44578 3.30459 3.21858 3.16658 2.72847 2.38662 2.56242 3.09337 3.41371 3.50468 3.54156 3.60991 3.68151 3.69606 3.65405 3.61905 3.54706 3.47678 3.49699 3.58070 3.66186 3.70572 3.69319 3.66353
3.71041 3.70376 3.70416 3.71172 3.72744 3.70692 3.65947 3.61434 3.61601 3.64938 3.65912 3.64813 3.62870 3.61607 3.58075 3.51115 3.52902 3.58791 3.67045 3.71406 3.71004 3.69197 3.67791 3.65416 3.61809 3.58401 3.49878 3.27886 2.90561 2.76690 3.04838 3.30648 3.47977 3.27450 3.15580 3.36240 3.41070 3.45823 3.51695 3.42871 3.36444 3.35054 3.01213 2.50278 2.17972 1.97649 1.74986 1.64955 2.08935 2.77600 3.21694 3.41621 3.54097 3.64113 3.70681 3.70419 3.65391 3.62569 3.59617 3.52257 3.50298 3.57016 3.65510 3.69936 3.66437 3.62627
3.70346 3.67863 3.65625 3.65245 3.67483 3.66701 3.60741 3.57883 3.60358 3.63040 3.64141 3.65634 3.60209 3.52656 3.33952 2.95003 3.04625 3.41248 3.58472 3.70330 3.73517 3.70995 3.67007 3.63725 3.60730 3.56158 3.50753 3.38338 3.14154 2.96886 3.03644 3.33509 3.48908 3.40565 3.29374 3.35939 3.38734 3.41162 3.46411 3.42042 3.25186 2.86141 2.11692 1.71666 1.51601 1.30123 1.21497 1.47374 1.93442 2.35773 2.90779 3.32539 3.53553 3.64286 3.70233 3.69829 3.65536 3.63204 3.60028 3.52971 3.50924 3.57351 3.65839 3.69457 3.65182 3.60761
3.69418 3.67522 3.66111 3.64894 3.64646 3.64166 3.55721 3.55503 3.59773 3.61618 3.62592 3.62987 3.55945 3.30880 2.78929 2.92839 3.05317 3.14636 3.48337 3.66739 3.74202 3.72014 3.64726 3.58878 3.54288 3.47384 3.36339 3.24970 3.15732 3.11846 3.11021 3.18907 3.25841 3.31701 3.39852 3.42554 3.42562 3.41042 3.41363 3.40215 3.05070 2.18677 1.62659 1.40313 1.11023 0.88259 1.07725 1.61353 1.82596 2.05275 2.66003 3.26968 3.53199 3.63311 3.67585 3.67014 3.64321 3.63535 3.58436 3.53079 3.52897 3.58634 3.64037 3.66560 3.64696 3.58771
3.66545 3.67175 3.65845 3.63971 3.63531 3.57265 3.47494 3.55115 3.60656 3.61716 3.61550 3.60860 3.57593 3.33072 2.81302 3.27369 3.41778 3.23921 3.47347 3.64819 3.72316 3.67490 3.60343 3.56175 3.47724 3.28462 2.93530 2.55968 2.40384 2.41908 2.34097 2.31182 2.47281 2.75446 3.16902 3.40823 3.47812 3.45564 3.37182 3.18884 2.64862 1.89613 1.63494 1.48014 1.23086 1.35499 1.64557 1.70984 1.74317 1.89116 2.47690 3.17678 3.49613 3.58779 3.61043 3.60638 3.60674 3.62238 3.57549 3.54923 3.56173 3.58542 3.60694 3.62635 3.61914 3.56747
3.60703 3.61983 3.63618 3.63584 3.60582 3.47188 3.46088 3.60278 3.63011 3.64913 3.64522 3.62329 3.61262 3.48908 3.06052 3.02668 3.32841 3.32261 3.52149 3.65277 3.71244 3.66725 3.59064 3.52368 3.36635 2.97811 2.38558 1.80272 1.60444 1.60159 1.58174 1.51939 1.55756 1.99098 2.67527 3.25288 3.45373 3.45868 3.31728 2.96418 2.37604 1.96558 1.85237 1.63550 1.30649 1.58972 1.67177 1.78691 1.79852 1.83807 2.28393 2.96335 3.38397 3.47057 3.48145 3.50863 3.55604 3.58828 3.56847 3.57013 3.59989 3.61593 3.62922 3.63416 3.63032 3.59539
3.58786 3.57177 3.57388 3.56836 3.53141 3.43474 3.50344 3.60981 3.62974 3.66892 3.67038 3.66454 3.65976 3.63086 3.48461 3.23736 3.25762 3.45071 3.61678 3.68595 3.69655 3.66115 3.60554 3.47416 3.16738 2.62698 1.97336 1.44514 1.18692 1.09456 0.98487 0.99363 1.16679 1.60870 2.40334 3.10717 3.40078 3.43042 3.26628 2.82436 2.22230 2.03068 2.00348 1.77052 1.51890 2.38368 1.75062 1.98106 2.05041 1.89384 2.21694 2.89843 3.31787 3.33258 3.33159 3.41673 3.49746 3.53690 3.54866 3.57576 3.62288 3.66054 3.66760 3.65892 3.65317 3.62647
3.57876 3.57073 3.55444 3.52095 3.46628 3.44686 3.54335 3.59921 3.60107 3.63302 3.65024 3.67738 3.70057 3.68507 3.64372 3.57816 3.55187 3.61761 3.67768 3.69951 3.68324 3.65292 3.61208 3.46761 3.03307 2.37575 1.85299 1.63665 1.43912 1.21580 1.00521 1.82959 2.29239 1.94172 2.50844 3.17098 3.42171 3.41964 3.19425 2.68265 2.15921 2.07037 2.16761 2.18604 2.37732 2.44114 2.45606 2.45542 2.30411 2.02322 2.33390 3.01924 3.36960 3.33325 3.35478 3.39198 3.43190 3.47413 3.51630 3.56361 3.61539 3.65616 3.66317 3.64180 3.61697 3.59914
3.54558 3.57571 3.56744 3.51134 3.45257 3.47450 3.56463 3.59767 3.57929 3.58161 3.62228 3.67234 3.69867 3.67323 3.64058 3.61941 3.61933 3.66055 3.68800 3.67886 3.66626 3.65654 3.62942 3.50447 3.07326 2.33997 1.73759 1.58818 2.00958 2.10856 2.19803 2.60653 2.99776 2.64628 2.81371 3.29005 3.48865 3.41969 3.07167 2.57058 2.20395 2.06442 2.31526 2.29147 2.45711 2.54609 2.47564 2.43707 2.16833 2.01061 2.44681 3.14072 3.38055 3.34427 3.40696 3.40161 3.37050 3.40715 3.47842 3.53832 3.58753 3.62126 3.61359 3.57060 3.51456 3.45833
3.52359 3.54148 3.52068 3.44322 3.37528 3.37717 3.41513 3.43970 3.47007 3.54085 3.59712 3.64543 3.63715 3.58028 3.53351 3.52920 3.56077 3.58985 3.65290 3.64427 3.64427 3.65785 3.64051 3.54705 3.21990 2.57298 1.89717 1.44410 1.37267 1.72421 1.53881 2.27447 3.03208 3.02070 3.19095 3.42510 3.54294 3.37754 2.88624 2.50244 2.20371 2.06002 2.32035 2.11793 2.00105 2.37295 1.57985 1.45607 1.91578 2.09668 2.60091 3.13387 3.29894 3.30219 3.32336 3.35304 3.28136 3.31959 3.41060 3.46364 3.50322 3.53568 3.52646 3.45465 3.36041 3.28172
3.45798 3.43448 3.32773 3.17326 2.86442 2.46271 2.26000 2.18896 2.31331 3.07796 3.44970 3.52319 3.52075 3.45331 3.42512 3.46935 3.50376 3.51944 3.57807 3.62774 3.61172 3.63385 3.64263 3.57912 3.37939 2.92885 2.40454 1.84294 1.42486 1.83197 2.84573 3.03740 3.21537 3.33200 3.38119 3.50796 3.56649 3.30842 2.63376 2.23833 1.97932 1.91445 2.79115 2.79279 2.34512 2.64278 1.61654 1.48118 2.05560 2.42744 2.80929 2.95340 2.94518 2.89041 2.98781 3.10473 3.03555 3.09885 3.20320 3.26052 3.31836 3.37721 3.38421 3.27384 3.21134 3.30106
3.29729 3.16651 2.92152 2.62928 2.02129 1.29341 1.05983 0.98483 1.09416 1.71175 2.39670 2.98141 3.30285 3.32504 3.27351 3.42671 3.48520 3.49007 3.53151 3.58256 3.61818 3.64138 3.64407 3.61915 3.50610 3.30192 2.99983 2.62964 2.32648 2.58396 3.30010 3.41265 3.45367 3.49584 3.49905 3.57188 3.57756 3.27432 2.55195 2.22140 2.21239 2.71988 3.18863 3.32616 2.94101 2.58680 2.20286 2.58102 2.72739 2.81283 2.82999 2.89092 2.91567 2.94136 3.04751 3.04813 2.88431 2.80221 2.85205 2.94430 3.03001 3.11358 3.13168 3.05948 3.17327 3.41165
2.99501 2.77301 2.56658 2.05017 1.29603 0.83371 0.71815 0.59826 0.56848 0.95252 1.57468 2.18528 2.79906 3.25910 3.16956 3.28628 3.46756 3.50733 3.52788 3.53927 3.62027 3.57682 3.52912 3.58280 3.55315 3.47305 3.39461 3.25903 3.04975 3.08373 3.35736 3.48023 3.55984 3.59228 3.56830 3.58804 3.56758 3.23545 2.51177 2.34298 2.83676 3.19006 3.39792 3.48230 3.35932 3.20198 3.27490 3.39629 3.25956 3.08204 3.10327 3.23450 3.32117 3.37006 3.39841 3.34280 3.20199 3.00460 2.89828 2.87324 2.89808 2.96823 3.01121 3.05010 3.28720 3.48379
2.71028 2.58486 2.24655 1.45972 1.05833 0.90036 0.84118 0.77822 0.74870 1.02560 1.37577 1.74815 2.25198 2.65479 2.90745 3.24065 3.47431 3.51031 3.51888 3.49911 3.52686 3.46551 3.47636 3.44784 3.46678 3.44685 3.41791 3.39086 3.34693 3.32385 3.38427 3.48092 3.57475 3.60757 3.55739 3.53630 3.52880 3.21793 2.58938 2.36034 2.90541 3.40078 3.53802 3.55317 3.53930 3.54222 3.56551 3.56628 3.48574 3.38412 3.39889 3.47962 3.53367 3.53270 3.54526 3.53561 3.50341 3.46104 3.35649 3.14935 3.04161 3.05309 3.15250 3.24996 3.39428 3.45221
2.62052 2.49502 1.97803 1.29183 1.10334 1.19754 1.50704 1.27794 1.29072 1.43782 1.49709 1.62351 1.81798 2.02095 2.29727 2.71185 3.14340 3.34343 3.44595 3.48803 3.47094 3.49465 3.42196 3.45236 3.46449 3.41137 3.38543 3.41924 3.43110 3.36904 3.35639 3.46947 3.56650 3.58739 3.52693 3.47363 3.47093 3.25386 2.71829 2.23557 2.82460 3.32977 3.52373 3.55751 3.59817 3.63556 3.61976 3.61440 3.58858 3.49972 3.48692 3.55698 3.60886 3.59702 3.59108 3.58749 3.59994 3.59956 3.51455 3.40846 3.30764 3.24056 3.34986 3.44538 3.45753 3.31060
2.60766 2.50383 2.14285 1.61063 1.43676 1.44515 1.17385 0.72593 0.98001 1.45181 1.53100 1.57657 1.61397 1.62277 1.76153 2.23822 2.63495 2.99662 3.28516 3.42535 3.46273 3.50629 3.46983 3.45710 3.46220 3.40948 3.41886 3.46211 3.45155 3.33084 3.33576 3.50636 3.59280 3.59291 3.54304 3.45538 3.41525 3.32436 2.94320 2.54644 2.85934 3.36953 3.49778 3.58217 3.61020 3.64022 3.61723 3.62037 3.62425 3.57582 3.50301 3.51126 3.58765 3.61817 3.63664 3.64346 3.66851 3.64340 3.55697 3.51518 3.50421 3.43103 3.46802 3.53664 3.51741 3.20801
2.60725 2.54363 2.33358 1.85768 1.57418 1.28844 0.73187 0.71708 0.71806 1.36499 1.54915 1.56488 1.55698 1.51821 1.57837 1.95275 2.38170 2.69817 3.04648 3.31012 3.38949 3.45996 3.55034 3.43769 3.34323 3.38058 3.49308 3.52815 3.47089 3.36723 3.45787 3.57751 3.61586 3.59118 3.59408 3.50928 3.43258 3.29314 2.99984 2.92985 3.27296 3.45846 3.50589 3.56343 3.62139 3.63683 3.63716 3.61892 3.63812 3.64220 3.57626 3.50010 3.52237 3.57088 3.62787 3.67795 3.70802 3.65522 3.58332 3.56921 3.58070 3.58053 3.55054 3.58391 3.56644 3.31598
2.59557 2.53117 2.28803 1.89494 1.66435 1.47843 1.27968 1.14820 1.35732 1.57849 1.65893 1.68523 1.63051 1.60734 1.68771 1.89725 2.22826 2.52404 2.84057 3.22262 3.26452 3.29955 3.49093 3.40546 3.30941 3.42342 3.53502 3.56630 3.52342 3.48402 3.52907 3.58920 3.60961 3.57515 3.55988 3.55135 3.50360 3.33870 3.08499 3.10064 3.32407 3.41094 3.48399 3.53361 3.60101 3.63614 3.62510 3.63682 3.64886 3.64976 3.60265 3.55093 3.52102 3.53621 3.59855 3.68979 3.74207 3.69276 3.62557 3.57777 3.57439 3.57882 3.62551 3.64335 3.64268 3.55274
2.56623 2.41723 2.04323 1.80607 1.72216 1.60006 1.53426 1.49645 1.39694 1.29048 1.36303 1.61526 1.78996 1.85272 1.83761 1.92151 2.09851 2.34141 2.63260 3.14719 3.24007 3.22434 3.41024 3.35163 3.36956 3.51601 3.55810 3.55050 3.53047 3.52869 3.55200 3.57811 3.58590 3.55870 3.52625 3.52398 3.49639 3.34046 3.05675 3.05931 3.32364 3.42636 3.48280 3.52295 3.55330 3.59272 3.59701 3.60683 3.60789 3.60120 3.58504 3.56369 3.49155 3.52751 3.62534 3.70799 3.75614 3.73764 3.68556 3.63481 3.60417 3.59163 3.60485 3.61838 3.65158 3.63205
2.51822 2.21279 1.85006 1.65850 1.53465 1.39213 1.24674 1.14570 1.12495 1.11084 1.16139 1.45545 1.71026 1.95783 1.93629 1.96229 2.01037 2.08175 2.40170 2.80816 3.18553 3.22719 3.40242 3.36202 3.43175 3.55097 3.57455 3.54855 3.52920 3.55359 3.57899 3.58336 3.57622 3.55590 3.51584 3.46863 3.40681 3.22796 2.96093 3.11168 3.39995 3.47315 3.53118 3.55825 3.56983 3.56099 3.54327 3.54891 3.55236 3.55316 3.55513 3.50639 3.48500 3.57382 3.65592 3.69545 3.72991 3.75932 3.74206 3.71208 3.68728 3.65939 3.62390 3.56126 3.55612 3.57659
2.44029 2.01189 1.65537 1.34002 0.88221 0.93757 0.89363 1.02111 1.20442 1.27955 1.20582 1.29846 1.56890 1.73877 1.79891 1.83372 1.82494 1.81551 2.09387 2.57426 3.01075 3.23724 3.38125 3.43785 3.46714 3.53881 3.56670 3.52315 3.53385 3.59008 3.61748 3.61456 3.60082 3.57239 3.52041 3.40309 3.25054 3.08319 2.99213 3.21564 3.42241 3.50088 3.56384 3.56872 3.60706 3.56438 3.55269 3.55109 3.54294 3.52756 3.49719 3.45278 3.49791 3.58115 3.61628 3.63183 3.67248 3.72167 3.75378 3.75537 3.73604 3.71141 3.64899 3.48682 3.42610 3.55628
2.21070 1.87179 1.52658 1.02333 0.80257 0.96423 0.77407 1.22315 1.46099 1.49066 1.34718 1.18151 1.29576 1.42106 1.43490 1.41748 1.36389 1.44113 1.68384 2.40714 2.69852 2.92247 3.20318 3.44952 3.48246 3.50397 3.49294 3.47800 3.54756 3.61621 3.64501 3.64879 3.63275 3.58008 3.49500 3.33979 3.14975 3.04182 3.06138 3.27281 3.43472 3.51542 3.56152 3.57097 3.60974 3.57503 3.58904 3.60451 3.58915 3.54942 3.49110 3.44272 3.43683 3.48696 3.52620 3.56956 3.61595 3.66986 3.71732 3.74089 3.74029 3.72849 3.65066 3.44885 3.39699 3.62264
