mrvbf_slope1.1_pctl1.2.asc
NCOLS 410
NROWS 410
XLLCORNER 2398750.0000000000000000
YLLCORNER 2548750.0000000000000000
CELLSIZE 250.0000000000000000
NODATA_VALUE -99999.00000
[rows 290 to 318 of 410, columns 198 to 263 of 410]
5.53234 5.35718 5.27092 5.49923 5.88743 6.15923 6.26285 6.24832 6.11712 6.13012 6.11013 6.12965 6.30445 6.33753 6.23402 6.08332 5.99620 5.87915 5.47562 5.07429 5.11853 5.43096 5.70231 5.60032 5.40205 5.27457 5.12719 5.07209 5.23587 5.39687 5.47470 5.47563 5.22157 4.88545 4.80059 4.83122 4.92446 5.01806 5.13907 5.25659 5.32671 5.38317 5.40530 5.21345 4.86402 4.81318 5.04693 5.24767 5.24826 5.34535 5.36136 5.11568 5.08254 5.14698 5.19656 5.20476 5.33779 5.34165 5.27036 5.21240 5.30932 5.58106 5.54159 5.35781 5.33820 5.28404
5.23418 5.14405 5.32262 5.64274 5.93932 6.08652 6.05666 6.03273 6.01727 6.13020 6.15963 6.17740 6.21301 6.24028 6.25798 6.16417 6.02406 5.86556 5.52703 5.07499 4.84239 4.95870 5.24049 5.33843 5.29365 5.25968 5.13026 5.07113 5.16848 5.31867 5.45690 5.46875 5.16503 4.89330 4.86956 4.89401 4.95887 5.03536 5.14764 5.27717 5.34493 5.36360 5.36016 5.25649 4.92632 4.72159 4.76932 4.86736 5.01034 5.28875 5.23365 5.09128 5.18588 5.35093 5.27245 5.16442 5.26989 5.29109 5.25480 5.21558 5.34134 5.55433 5.40439 5.21816 5.23646 5.22253
5.15758 5.10828 5.21734 5.37538 5.69990 5.72798 5.59155 5.65597 5.78747 5.98152 6.05032 6.09871 6.01000 5.95424 5.98217 6.06013 6.09786 6.00267 5.75405 5.36170 4.96415 4.78409 4.90319 5.18846 5.21513 5.12848 5.13262 5.24675 5.30427 5.35389 5.44428 5.35852 5.16592 5.08132 5.07489 5.03216 5.10708 5.16939 5.23817 5.34388 5.40042 5.39661 5.40946 5.42246 5.19073 4.91774 4.83891 4.77686 4.78619 5.10883 5.07055 5.21706 5.06154 5.29593 5.32130 5.38175 5.29488 5.26182 5.20862 5.17773 5.40021 5.67408 5.47817 5.18156 5.20006 5.26620
5.51172 5.47689 5.34862 5.18920 5.36810 5.29917 5.34809 5.49252 5.58954 5.69488 5.79803 5.78947 5.72060 5.66761 5.60941 5.59309 5.62363 5.64673 5.58193 5.32290 4.91201 4.67667 4.78735 5.10958 5.07040 4.89194 5.05043 5.25613 5.34257 5.32685 5.28195 5.22871 5.25632 5.10879 5.03366 5.04767 5.18646 5.29954 5.35908 5.44777 5.48793 5.44896 5.45885 5.50658 5.35597 5.09517 4.92992 4.79570 4.77117 4.94278 5.09867 5.13869 5.06547 5.11792 5.27397 5.31142 5.35196 5.26346 5.06173 5.07454 5.40040 5.60322 5.47585 5.04378 4.95470 5.22470
5.87905 5.97926 5.67091 5.46439 5.31357 5.22695 5.42161 5.51808 5.42721 5.35022 5.38850 5.49365 5.60429 5.61493 5.54043 5.41728 5.32084 5.27259 5.20834 5.01029 4.75594 4.66492 4.80763 4.96404 4.85142 4.80102 5.05698 5.19280 5.23886 5.17034 5.06140 5.04018 5.15814 5.21399 4.96782 4.91512 5.12080 5.35617 5.43531 5.51765 5.53126 5.43707 5.43218 5.48286 5.38436 5.14580 4.94687 4.81775 4.81240 4.85882 4.82038 4.75359 4.78826 4.82685 4.90160 5.02711 5.26743 5.20899 4.99804 5.00389 5.17842 5.20675 5.09001 4.84894 4.92330 5.27070
5.83685 6.01225 5.81830 5.85446 5.50482 5.39673 5.63642 5.73664 5.56870 5.28083 5.28462 5.56379 5.79154 5.81052 5.76112 5.64683 5.47793 5.25649 5.05446 4.85854 4.72229 4.73180 4.83262 4.92039 4.81464 4.88729 5.05658 5.12438 5.12703 5.05071 5.00657 5.05149 5.07430 5.27361 4.95853 4.76410 5.00154 5.34186 5.41973 5.45831 5.43569 5.33095 5.34623 5.40484 5.36381 5.18603 4.99204 4.87587 4.91984 5.02707 4.92849 4.83400 4.81089 4.78918 4.75340 4.70756 4.94233 5.17639 5.05991 4.93308 4.96555 4.98406 4.94220 4.94268 5.12365 5.28864
5.77865 5.92344 5.77668 5.78062 5.60960 5.67362 5.91927 6.00832 5.89127 5.68097 5.57255 5.71749 5.90351 5.87699 5.84400 5.81105 5.64915 5.34904 5.01432 4.77794 4.72535 4.81301 4.89293 4.90700 4.93425 5.04188 5.02318 5.03899 5.06483 5.06292 5.14055 5.18848 5.06013 5.21125 4.98072 4.70355 4.87941 5.23703 5.37037 5.36596 5.32158 5.27826 5.32941 5.39106 5.38295 5.26295 5.08396 4.95964 5.05358 5.30307 5.24161 5.21853 5.16962 5.02599 4.85290 4.61699 4.69576 5.04856 5.12385 4.94848 4.91943 4.98285 5.07846 5.18615 5.25368 5.24108
5.68778 5.62562 5.79503 5.79286 5.73560 5.63847 5.64945 5.73312 5.68047 5.60075 5.52102 5.66120 5.87406 5.85525 5.74074 5.63440 5.48837 5.25502 4.96294 4.79749 4.82309 4.89837 4.93669 4.94624 5.00384 5.03109 5.00393 4.91774 4.98489 5.13741 5.33401 5.30566 5.08306 5.18534 5.00266 4.68264 4.78292 5.15711 5.41983 5.48341 5.47028 5.45722 5.51790 5.56548 5.48509 5.36821 5.18117 4.96001 5.04841 5.38766 5.43058 5.31106 5.42382 5.31020 5.04339 4.71976 4.60451 4.77453 4.92831 4.89775 4.85496 4.92578 5.04880 5.11475 5.15408 5.17522
5.63583 5.51318 5.44965 5.59417 5.62565 5.51026 5.57624 5.68537 5.60980 5.51407 5.57570 5.76845 5.88737 5.85537 5.71705 5.52660 5.29437 5.06372 4.87551 4.82439 4.91475 4.98918 4.99192 4.98319 4.90559 4.91629 4.95608 4.94939 5.04669 5.27666 5.52699 5.46479 5.15232 5.19075 5.02073 4.61465 4.72310 5.23988 5.61333 5.79841 5.82390 5.71767 5.72162 5.76079 5.52892 5.50507 5.35347 4.92581 4.92326 5.36134 5.50405 5.30657 5.42213 5.40089 5.25637 4.90490 4.63675 4.63040 4.69759 4.78393 4.78523 4.80687 4.83304 4.86595 4.93155 5.04499
5.18225 5.19949 5.20631 5.22168 5.26727 5.30643 5.44104 5.63963 5.63037 5.53078 5.51511 5.53337 5.53466 5.50434 5.40806 5.32902 5.10601 4.86465 4.78077 4.80965 4.89167 4.98994 5.01996 4.91716 4.76607 4.89029 5.08202 5.14163 5.15434 5.30394 5.49332 5.40268 5.15537 5.20258 4.95449 4.53465 4.74677 5.43217 5.70758 5.91908 6.01854 5.86796 5.65107 5.62299 5.59025 5.74862 5.54310 5.03697 4.75648 5.10482 5.14273 4.99840 5.23630 5.34928 5.37112 5.19164 4.88224 4.72030 4.70238 4.74799 4.75182 4.75095 4.72804 4.73076 4.75955 4.84296
4.95319 4.83939 4.75394 4.72025 4.76353 4.81908 4.89825 5.04442 5.09581 4.94597 4.82228 4.76027 4.76480 4.83379 4.84847 4.88482 4.82712 4.67723 4.69575 4.77226 4.82612 4.90155 4.88999 4.71046 4.66649 4.89018 5.09562 5.26018 5.21968 5.24255 5.40349 5.22913 5.20964 5.36145 4.89508 4.57529 4.84397 5.47436 5.79357 6.05253 6.17855 6.15671 5.96046 5.82980 5.97843 5.97559 5.68614 5.32688 4.84533 4.92849 4.89937 5.04521 5.02822 5.28237 5.44367 5.34282 5.27769 5.04521 4.91534 4.85989 4.82090 4.81377 4.81008 4.79347 4.76946 4.77515
5.04990 4.92477 4.82635 4.75887 4.73510 4.74544 4.72886 4.71852 4.64556 4.52229 4.47464 4.45781 4.45412 4.48840 4.55601 4.61225 4.61623 4.59424 4.65266 4.70342 4.75070 4.79424 4.73473 4.64032 4.72063 4.83500 4.81212 5.00599 5.11568 5.13113 5.26060 5.14185 5.33309 5.33443 4.82192 4.67234 5.02331 5.58133 5.89204 6.10373 6.21846 6.24780 6.21088 6.12657 6.06488 5.92122 5.74190 5.56379 5.28227 5.17371 5.14679 5.15782 4.95708 5.20609 5.40107 5.35480 5.33290 5.31212 5.21350 5.09350 5.01958 5.02436 5.05714 5.04025 4.95933 4.88442
5.25313 5.19236 5.16420 5.15899 5.04629 4.90651 4.81692 4.71169 4.57969 4.52756 4.54596 4.57564 4.57365 4.54566 4.56961 4.58121 4.57578 4.64740 4.70994 4.71326 4.73162 4.74614 4.71207 4.70986 4.80094 4.84004 4.68854 4.66300 4.68120 4.74966 4.78384 4.66076 4.95368 5.05190 4.75042 4.76537 5.17951 5.61903 5.76986 5.94329 6.15953 6.21745 6.12996 5.85214 5.54891 5.22222 5.17774 5.42392 5.48315 5.57095 5.42883 5.12411 4.70667 4.75984 4.95550 5.03408 5.16866 5.39561 5.44484 5.36425 5.29943 5.29457 5.32372 5.28302 5.16620 5.07225
5.41356 5.35230 5.40610 5.51840 5.43174 5.17238 4.98690 4.82483 4.74323 4.76251 4.81060 4.87264 4.90197 4.86967 4.79150 4.71636 4.73143 4.84853 4.80929 4.73570 4.74926 4.77652 4.79010 4.86869 4.96545 4.93122 4.93618 4.87684 4.77875 4.88972 4.86568 4.59624 4.63619 4.90879 4.87495 4.93224 5.26218 5.53138 5.59569 5.64542 5.92058 6.08994 5.89085 5.54167 5.26389 4.97092 4.81011 4.93460 5.42787 5.73769 5.40272 5.06699 4.69623 4.47374 4.52324 4.67489 4.95888 5.32655 5.51789 5.50416 5.51245 5.48851 5.48055 5.39640 5.27726 5.24718
5.55025 5.46610 5.54499 5.61412 5.53240 5.35743 5.10106 4.90056 4.82906 4.86796 5.02608 5.11383 5.13734 5.12613 5.04608 4.95427 4.97376 5.03184 4.90019 4.78350 4.86795 4.93621 4.97294 5.08054 5.20494 5.08594 4.90074 4.86038 4.97275 5.09834 5.04377 4.87718 4.84415 5.06934 5.13366 5.10507 5.21646 5.28976 5.40231 5.57939 5.63713 5.92397 5.94490 5.58386 5.08919 4.96862 4.79071 4.87339 5.57037 5.85664 5.50426 4.96418 4.80388 4.55582 4.46243 4.55641 4.76265 5.16436 5.55349 5.57495 5.50661 5.50871 5.46650 5.37443 5.32327 5.40099
5.59015 5.46748 5.52362 5.58333 5.52968 5.44639 5.23374 5.01357 4.91399 5.04231 5.27450 5.39793 5.43725 5.40742 5.36664 5.31505 5.21221 5.15136 5.10267 4.80657 4.81889 5.00690 5.09495 5.14819 5.14503 4.99134 4.72987 4.64703 4.84242 5.02288 5.07102 4.96680 4.98066 5.13124 5.19289 5.14585 5.23134 5.21197 5.19046 5.43998 5.54679 5.68723 5.80381 5.68321 5.34710 5.15282 4.94779 5.20053 5.79466 5.89392 5.55495 4.84249 4.59359 4.63283 4.55957 4.48690 4.59284 5.05272 5.51234 5.48457 5.31041 5.25072 5.26930 5.28364 5.32781 5.45892
5.62512 5.45201 5.39482 5.47041 5.54022 5.57434 5.43163 5.22683 5.24008 5.34844 5.37930 5.59023 5.72546 5.70870 5.66609 5.62495 5.46857 5.24744 5.00472 4.82668 4.90840 5.05603 5.07745 5.12878 5.06536 4.75833 4.49509 4.44026 4.49079 4.69986 4.91584 4.58406 4.57830 4.77655 4.78557 4.69150 4.92516 5.18038 5.10443 5.24029 5.38039 5.29653 5.22669 5.08088 5.01278 5.08336 4.89331 5.11900 5.71881 5.78174 5.24296 4.49883 4.40534 4.68744 4.59949 4.37317 4.47044 4.99498 5.27421 4.91642 4.75787 4.85866 5.04544 5.18723 5.22936 5.28449
5.73666 5.53622 5.34912 5.35261 5.41714 5.44368 5.38897 5.25848 5.38526 5.40926 5.50494 5.79400 5.86694 5.82725 5.76811 5.75323 5.63880 5.33260 5.00682 4.94319 5.16701 5.32443 5.17968 4.97122 4.84873 4.67118 4.54148 4.59944 4.51034 4.41541 4.47118 4.31620 4.28197 4.34000 4.33772 4.37728 4.46463 4.71328 4.76717 4.89905 5.09467 5.06422 4.94906 4.84726 4.89465 5.01314 4.74369 4.73486 5.36062 5.55992 4.82744 4.28217 4.46201 4.82467 4.52674 4.22421 4.42072 4.97781 4.82406 4.51556 4.56282 4.69773 4.86779 5.03689 5.07414 5.14474
5.64960 5.43943 5.28225 5.39176 5.50655 5.41142 5.30274 5.24365 5.44743 5.49697 5.64509 5.84708 5.85837 5.75033 5.66938 5.73564 5.68622 5.38130 5.13616 5.20278 5.33130 5.42013 5.35291 5.05301 4.85597 4.79777 4.55243 4.45009 4.62714 4.55830 4.42932 4.53178 4.47509 4.30633 4.32789 4.52730 4.46609 4.44925 4.53990 4.76305 5.04499 5.23850 5.27886 5.26575 5.28842 5.16241 4.67091 4.65397 5.25508 5.37133 4.62916 4.20708 4.50023 4.87727 4.41511 4.13569 4.44061 4.88669 4.58955 4.54974 4.78513 4.80478 4.81303 4.88266 5.00850 5.21841
5.23741 5.22470 5.23000 5.34983 5.34659 5.21085 5.08051 5.15206 5.40268 5.38875 5.47673 5.71972 5.70497 5.52567 5.50334 5.61290 5.68107 5.41321 5.11247 5.25548 5.37961 5.31790 5.09324 4.82863 4.72535 4.66482 4.46611 4.46810 4.64450 4.77145 4.74970 5.01158 5.03865 4.80991 4.82613 5.05809 4.95188 4.79705 4.80213 4.97746 5.21779 5.46858 5.55568 5.48195 5.42620 5.04332 4.54676 4.58618 5.09350 4.98821 4.35213 4.15247 4.56395 4.82244 4.34651 4.13032 4.39050 4.72141 4.55957 4.71727 5.08236 5.11104 4.99895 4.93255 5.08977 5.16711
5.13674 5.25336 5.22662 5.19011 5.08447 4.95550 4.91791 5.04282 5.15913 5.08156 5.06085 5.34665 5.43262 5.32210 5.42354 5.43590 5.60973 5.49318 5.12834 5.22706 5.41851 5.34698 5.02776 4.86988 4.74764 4.50635 4.39668 4.48897 4.79906 5.08433 5.18357 5.44277 5.48103 5.47820 5.53951 5.64479 5.55515 5.50767 5.40858 5.36768 5.13727 5.19286 5.15418 5.21242 5.38082 4.99863 4.42452 4.17486 4.48236 4.65762 4.23927 4.12863 4.67220 4.87225 4.40344 4.17419 4.42328 4.80354 4.74939 4.97407 5.39153 5.50562 5.38253 5.17241 5.16363 5.05281
5.00922 5.07850 5.09910 5.04072 4.95590 4.91190 4.94754 5.08221 5.18436 5.15523 4.95202 5.01142 5.15682 5.20084 5.34409 5.24906 5.34951 5.40023 5.28385 5.35557 5.48462 5.37855 4.98729 4.74813 4.57724 4.36547 4.48496 4.81092 4.88338 4.97107 4.91004 5.00271 4.99333 5.07619 5.14049 5.21220 5.17911 5.12295 4.97605 4.86371 4.88251 5.15263 4.86488 4.76224 5.15238 5.00406 4.54980 4.15232 4.16653 4.52376 4.27709 4.02926 4.67685 5.06585 4.60445 4.25147 4.50942 5.06885 5.01315 5.30262 5.59035 5.54615 5.40030 5.24344 5.14381 5.24674
4.91311 4.94053 4.98710 4.98132 4.98130 5.03253 5.15805 5.33331 5.47715 5.45119 5.16650 4.99662 5.02136 5.16792 5.29346 5.16964 5.08760 5.15063 5.34917 5.64196 5.66808 5.45543 5.22546 4.96484 4.60570 4.24297 4.38900 4.65894 4.84988 5.10551 4.96267 4.89012 5.00116 5.10467 5.03375 4.98905 5.08254 5.20658 5.14451 5.05842 5.37956 5.63511 5.24938 4.70327 4.69906 4.82866 4.87832 4.49964 4.18889 4.42292 4.67515 4.20589 4.39188 4.96006 4.58014 4.24094 4.65097 5.17992 5.14414 5.38901 5.38217 5.39840 5.45294 5.34826 5.51192 5.66780
5.15808 5.07221 5.06974 5.10439 5.16359 5.28339 5.48015 5.66364 5.70870 5.63276 5.39151 5.11008 5.08011 5.32165 5.47216 5.37975 5.23925 5.26948 5.43312 5.66907 5.63081 5.42080 5.28103 4.99970 4.72396 4.32566 4.43812 4.83894 5.42653 5.70653 5.53204 5.34029 5.51785 5.61444 5.46317 5.33597 5.45304 5.53426 5.39164 5.33525 5.50657 5.36558 4.88801 4.53158 4.59831 4.87239 5.13576 4.81679 4.37969 4.27014 4.42596 4.42420 4.75022 5.10201 4.53610 4.38870 5.02165 5.44783 5.36333 5.47328 5.49284 5.73863 5.91087 5.91582 5.96126 5.95426
5.50030 5.39681 5.31743 5.33847 5.44467 5.61424 5.77901 5.82255 5.82880 5.69498 5.38876 5.15270 5.13612 5.39571 5.59841 5.58359 5.41922 5.19984 5.45155 5.74911 5.71678 5.37686 4.94284 4.64936 4.48867 4.41472 4.75099 5.31980 5.73937 5.74483 5.29022 5.04344 5.29704 5.53402 5.26616 4.99351 5.05024 5.02080 4.86629 4.80493 5.07407 5.03132 4.62216 4.46794 4.65282 5.00516 5.27985 5.05602 4.64658 4.36956 4.32879 4.64326 5.24756 5.28883 4.60570 4.30398 4.86801 5.44818 5.53146 5.74452 5.81837 5.99345 6.02423 5.99476 6.03291 6.00107
5.61752 5.52892 5.50143 5.58331 5.73627 5.85880 5.90894 5.95380 5.92399 5.59034 5.25893 5.20821 5.13597 5.27020 5.59894 5.56388 5.17348 4.91161 5.30710 5.66791 5.66668 5.22772 4.54121 4.34699 4.40534 4.54358 4.89692 5.21198 5.43683 5.26757 4.94731 5.14259 5.14019 5.33805 4.95120 4.74682 4.84585 4.96791 4.92208 4.87428 4.90228 4.96634 4.56417 4.52475 4.78171 5.03058 5.15751 5.05834 4.78675 4.65562 4.77364 4.98742 5.35522 5.13847 4.72329 4.22012 4.59461 5.23172 5.39365 5.63871 5.74361 5.88700 5.75713 5.62228 5.86733 5.93405
5.63754 5.54487 5.61844 5.79677 5.90168 5.95408 5.98641 5.99635 5.92473 5.41635 5.18337 5.41467 5.25182 5.20081 5.47479 5.21998 4.79703 4.59312 4.65343 5.25368 5.44568 4.77241 4.32851 4.42043 4.66687 4.82209 4.92200 4.89302 4.98116 5.11699 5.02002 4.98481 5.25195 5.33341 4.90248 4.83487 5.10596 5.18149 4.88931 4.85031 5.13416 4.89982 4.47481 4.53146 4.86600 5.03616 5.01679 4.91652 4.78223 4.62811 4.70275 5.14267 5.38217 5.07660 4.58180 4.23535 4.72595 5.16819 5.24638 5.51274 5.46011 5.49805 5.26656 5.31527 5.52180 5.75845
5.61265 5.62475 5.74530 5.92279 5.94895 5.97825 5.89893 5.81080 5.81815 5.29139 5.25415 5.59687 5.32065 5.32949 5.36488 4.89897 4.79994 4.79720 4.48756 4.71177 5.14342 4.66283 4.37984 4.61072 4.85937 4.95742 5.02801 4.88114 4.74338 4.74470 4.91309 5.25970 5.46156 5.45000 5.02200 4.68109 4.84284 5.05659 5.01011 5.11242 5.11943 4.68730 4.39588 4.53487 4.88575 5.12161 5.12085 4.93571 4.75300 4.48634 4.62805 5.13790 5.27115 5.07465 4.64324 4.25608 4.59835 5.15372 5.17567 5.32522 5.08592 4.98259 5.00279 5.18787 5.39155 5.71635
5.71411 5.82548 5.81765 5.84077 5.90331 5.88673 5.77432 5.82275 5.80424 5.40971 5.35023 5.48129 5.36682 5.59703 5.18477 4.84599 5.01704 5.02589 4.60741 4.50572 4.74173 4.65052 4.51420 4.70443 4.71910 4.63491 4.67147 4.82315 4.77397 4.57286 4.50398 4.74154 5.28039 5.57551 5.19931 4.68229 4.61819 4.72070 4.64454 4.58765 4.52948 4.37714 4.41604 4.69773 5.04291 5.27454 5.28185 5.04962 4.80145 4.45715 4.45949 4.72654 4.79962 4.69000 4.48043 4.13084 4.36199 5.06226 4.87865 4.82925 4.79205 4.86672 5.05385 4.97628 5.23293 5.65270
