mrvbf_slope1_pctl1.asc
NCOLS 410
NROWS 410
XLLCORNER 2398750.0000000000000000
YLLCORNER 2548750.0000000000000000
CELLSIZE 250.0000000000000000
NODATA_VALUE -99999.00000
[rows 290 to 318 of 410, columns 0 to 65 of 410]
-99999.00000 -99999.00000 -99999.00000 -99999.00000 -99999.00000 7.23748 7.24714 7.35118 7.40749 7.32950 6.92623 6.52382 6.73329 6.27313 6.83833 7.18886 7.22899 7.29174 7.20848 7.27893 7.26964 7.22207 7.14499 6.60498 6.92792 7.03920 7.18647 7.19133 7.17669 7.22946 7.21174 7.28707 7.30631 7.31887 7.25292 7.24854 7.25808 7.27186 7.31076 7.35017 7.35647 7.32667 7.34235 7.40665 7.41714 7.36444 7.31385 7.36392 7.35318 7.33688 7.29322 7.17914 7.11078 7.20526 7.24093 7.21463 7.25814 7.20632 7.13454 7.08387 7.03643 7.00342 7.06545 7.16300 7.18895 7.19315
-99999.00000 -99999.00000 -99999.00000 -99999.00000 -99999.00000 6.44253 7.03465 7.32649 7.39867 7.26650 6.58493 6.42707 6.49502 6.54242 7.05247 7.15368 7.27832 7.31007 7.21700 7.24542 7.30843 7.17701 6.81316 6.44554 6.85320 7.14970 7.23162 7.20435 7.17701 7.25809 7.26190 7.28816 7.24279 7.15146 7.04389 7.12564 7.17917 7.20460 7.20984 7.25166 7.31484 7.28708 7.31026 7.39742 7.41809 7.37674 7.31772 7.36705 7.38222 7.37915 7.32673 7.19008 7.06772 7.15494 7.22557 7.21667 7.25091 7.24374 7.19349 7.12992 7.04252 6.91916 6.91615 7.08963 7.20119 7.21018
-99999.00000 -99999.00000 -99999.00000 -99999.00000 -99999.00000 5.30141 6.46935 7.23320 7.35464 7.17708 6.27530 6.34698 6.08785 6.73376 7.19543 7.20473 7.33482 7.31283 7.26997 7.23603 7.27642 7.08020 6.73536 6.80548 7.12585 7.25241 7.30979 7.26578 7.19078 7.24559 7.17507 7.14437 7.02072 6.86003 6.95979 7.16038 7.24651 7.29115 7.27242 7.21754 7.26372 7.26997 7.23481 7.30095 7.36998 7.37292 7.33867 7.33270 7.36570 7.34126 7.29144 7.17528 7.01527 7.04085 7.15948 7.19557 7.21601 7.20093 7.14447 7.07606 7.02045 6.92747 6.85093 6.98734 7.11697 7.12243
-99999.00000 -99999.00000 -99999.00000 -99999.00000 -99999.00000 5.83652 6.36259 6.85704 7.20935 7.14334 6.49454 6.72236 6.19531 6.98884 7.19001 7.20937 7.34276 7.32707 7.30905 7.30145 7.24078 7.10038 7.06591 7.13647 7.29028 7.28235 7.32858 7.28948 7.24476 7.06888 6.89151 6.92546 6.91006 6.95928 7.15936 7.25443 7.29423 7.35065 7.36206 7.34299 7.33948 7.36421 7.32755 7.29668 7.31915 7.32363 7.34826 7.32654 7.29680 7.28396 7.29339 7.24625 7.12865 7.10716 7.18035 7.19941 7.16608 7.08716 6.96904 6.88386 6.87403 6.83612 6.81422 6.95469 7.08262 7.11485
-99999.00000 -99999.00000 -99999.00000 -99999.00000 -99999.00000 6.70471 6.69401 6.31215 6.46845 6.53670 6.58276 6.72598 6.51165 7.12488 7.14734 7.19748 7.33243 7.35445 7.33556 7.30581 7.15655 7.03791 7.11671 7.22865 7.32077 7.30006 7.34820 7.32251 7.18520 6.75493 6.80159 7.04385 7.16529 7.24979 7.31491 7.30798 7.27954 7.32526 7.35891 7.34490 7.34574 7.35236 7.35975 7.37894 7.37927 7.33639 7.31975 7.30689 7.22051 7.24570 7.31704 7.29672 7.23423 7.25135 7.28547 7.24177 7.13626 6.99944 6.87679 6.82346 6.80791 6.72172 6.74190 6.96945 7.14660 7.21073
-99999.00000 -99999.00000 -99999.00000 -99999.00000 -99999.00000 6.62869 5.88789 5.65888 6.48824 5.72902 5.94917 6.88004 6.54398 6.97911 7.22078 7.24334 7.26403 7.24400 7.18818 7.12888 6.94212 6.99947 7.21103 7.31717 7.30901 7.32967 7.35483 7.29322 7.11318 6.84457 7.12277 7.24339 7.27769 7.31747 7.36388 7.36372 7.29450 7.24803 7.26248 7.29320 7.35594 7.37676 7.37779 7.37803 7.36315 7.33397 7.30433 7.22091 7.14879 7.24790 7.31621 7.26389 7.25759 7.33135 7.35206 7.27199 7.14333 7.07008 7.08148 7.09550 7.03883 6.76804 6.63576 6.97426 7.19936 7.25420
-99999.00000 -99999.00000 -99999.00000 -99999.00000 -99999.00000 6.89146 6.59249 6.05700 6.12596 5.19438 5.53789 6.31958 6.69623 6.92183 7.20701 7.28600 7.22843 7.13106 7.04410 6.98300 7.06419 7.23485 7.31843 7.32440 7.31938 7.36155 7.33249 7.31464 7.24103 7.03337 7.09670 7.20720 7.24957 7.28688 7.33021 7.38035 7.35871 7.25332 7.15903 7.26497 7.39258 7.41998 7.39917 7.34470 7.30134 7.28235 7.23460 7.16100 7.18923 7.30023 7.27556 7.19686 7.28994 7.38114 7.37843 7.28362 7.16837 7.18172 7.25508 7.27728 7.21527 6.82470 6.61109 7.00569 7.18628 7.24132
-99999.00000 -99999.00000 -99999.00000 -99999.00000 -99999.00000 7.13879 7.15924 6.66002 5.94664 5.55910 6.23465 6.73780 6.64368 6.92246 7.10246 7.24202 7.24269 7.20031 7.19659 7.19898 7.28509 7.30146 7.32693 7.34342 7.36115 7.36717 7.30921 7.31938 7.33217 7.29271 7.23116 7.25821 7.31894 7.29759 7.28781 7.37524 7.39669 7.30662 7.18385 7.23360 7.37161 7.39950 7.33307 7.21713 7.17391 7.21470 7.25559 7.23703 7.28451 7.33811 7.22457 7.19847 7.34042 7.40643 7.39786 7.31316 7.22831 7.22785 7.23947 7.25096 7.23484 6.95030 6.66782 6.87519 7.06773 7.16729
-99999.00000 -99999.00000 -99999.00000 -99999.00000 -99999.00000 7.11392 6.98349 6.80003 6.56084 6.39742 6.26311 6.65566 6.55987 6.71412 7.01620 7.21141 7.26059 7.28552 7.28859 7.29403 7.31500 7.36022 7.38592 7.38784 7.35995 7.30357 7.27403 7.34062 7.37824 7.37866 7.36054 7.34660 7.36861 7.30756 7.25323 7.35878 7.39485 7.33761 7.25854 7.25073 7.34545 7.37051 7.27232 7.21405 7.25681 7.29688 7.33664 7.30502 7.33264 7.32673 7.18798 7.19712 7.34764 7.41062 7.40638 7.33569 7.28905 7.30794 7.29678 7.27203 7.21176 7.04377 6.68044 6.72104 6.94681 7.06611
-99999.00000 -99999.00000 -99999.00000 -99999.00000 -99999.00000 6.28096 6.66730 6.49291 6.25678 5.65180 5.93003 6.60992 6.53544 6.64710 7.01851 7.25584 7.32008 7.30709 7.31190 7.32128 7.36834 7.40741 7.41308 7.37549 7.31074 7.27767 7.31120 7.36093 7.38216 7.40043 7.39416 7.38873 7.36984 7.29652 7.21091 7.32365 7.36938 7.32928 7.27392 7.27687 7.35808 7.39259 7.31330 7.28160 7.32204 7.34762 7.35169 7.32174 7.35958 7.32513 7.18553 7.16025 7.31584 7.40074 7.39509 7.30679 7.24066 7.25816 7.28577 7.28754 7.14629 7.11407 7.01196 6.94577 7.05318 7.11495
-99999.00000 -99999.00000 -99999.00000 -99999.00000 -99999.00000 5.42974 5.98506 6.13731 5.80997 5.76199 6.43840 6.72405 6.99837 7.14172 7.17941 7.24404 7.32572 7.36389 7.38009 7.37169 7.39007 7.40262 7.40333 7.35724 7.29939 7.31641 7.35620 7.36794 7.36709 7.37796 7.37218 7.35581 7.37040 7.32413 7.20249 7.25637 7.30185 7.28825 7.24978 7.28203 7.37522 7.41517 7.35749 7.33146 7.36631 7.39278 7.37205 7.33850 7.35277 7.32782 7.23561 7.17011 7.27273 7.37437 7.36928 7.27133 7.21842 7.28378 7.26457 7.31286 7.17358 7.02365 7.01006 7.12551 7.22877 7.26012
-99999.00000 -99999.00000 -99999.00000 -99999.00000 -99999.00000 5.27727 6.16985 6.49525 5.86674 6.40655 6.84624 6.93118 7.15524 7.18818 7.18660 7.24876 7.33344 7.36784 7.36227 7.32930 7.31531 7.33943 7.37421 7.36680 7.30532 7.26921 7.29973 7.34043 7.32641 7.31080 7.32520 7.36256 7.38871 7.36745 7.23541 7.13055 7.12641 7.15641 7.21705 7.32195 7.40520 7.40492 7.33370 7.31623 7.36208 7.39568 7.39880 7.37821 7.35434 7.33624 7.31142 7.24562 7.24896 7.32908 7.34289 7.30098 7.28157 7.27422 7.26735 7.31841 7.27543 7.17545 7.19427 7.27869 7.32933 7.34018
-99999.00000 -99999.00000 -99999.00000 -99999.00000 -99999.00000 5.47882 6.26897 6.50259 6.43642 6.95261 6.99831 6.95844 7.10141 7.16284 7.21117 7.27907 7.28839 7.26072 7.20193 7.15038 7.17127 7.22874 7.30383 7.36337 7.34703 7.27030 7.19360 7.22444 7.25826 7.28225 7.32607 7.36732 7.37753 7.37437 7.31327 7.25500 7.26052 7.28437 7.33790 7.40152 7.42715 7.38148 7.28262 7.29305 7.35006 7.36947 7.39067 7.40626 7.39428 7.37422 7.35920 7.29289 7.25396 7.30030 7.33778 7.35129 7.35088 7.31893 7.33161 7.36795 7.36775 7.35815 7.36997 7.38296 7.38074 7.35329
-99999.00000 -99999.00000 -99999.00000 -99999.00000 -99999.00000 6.35277 6.46644 6.51347 6.83787 7.11196 7.01601 6.91879 7.03039 7.16587 7.24364 7.20081 6.97254 6.77700 6.81104 6.95562 7.08328 7.12526 7.19703 7.31850 7.36535 7.31201 7.12196 7.02953 7.19072 7.30521 7.29846 7.28523 7.34018 7.38149 7.38257 7.39843 7.40978 7.41396 7.41662 7.42572 7.41171 7.34404 7.26004 7.30467 7.35353 7.34499 7.35576 7.38107 7.39596 7.37307 7.34758 7.29140 7.24318 7.27545 7.32293 7.35628 7.37130 7.37372 7.39419 7.40295 7.40169 7.40070 7.40125 7.39529 7.36862 7.28921
-99999.00000 -99999.00000 -99999.00000 -99999.00000 -99999.00000 7.06350 6.99288 7.02741 7.15109 7.17034 7.05682 6.93020 6.93132 7.06219 7.12584 6.84084 6.44166 6.47220 6.74977 6.98253 7.07410 7.05294 7.07824 7.24616 7.33600 7.26855 6.96199 6.86174 7.14795 7.26348 7.19458 7.20928 7.30970 7.35185 7.37334 7.39728 7.42136 7.41346 7.37502 7.37288 7.35875 7.30574 7.26664 7.30707 7.35056 7.34742 7.35874 7.35841 7.38087 7.35716 7.34728 7.30126 7.23599 7.23660 7.26924 7.30317 7.33262 7.36597 7.39076 7.39728 7.39785 7.39527 7.38855 7.37103 7.30479 7.14910
-99999.00000 -99999.00000 -99999.00000 -99999.00000 -99999.00000 7.25458 7.22815 7.22981 7.25648 7.23449 7.18783 7.10023 6.98452 7.00765 7.02732 6.75480 6.75673 7.06086 7.08990 7.13422 7.09900 6.99597 6.97491 7.15939 7.23179 6.96122 6.58049 6.84612 7.16103 7.21615 7.05814 7.01147 7.21578 7.29339 7.32004 7.32966 7.34627 7.32380 7.32240 7.35030 7.35514 7.32871 7.29787 7.31371 7.35814 7.37869 7.34995 7.33797 7.37527 7.34343 7.32546 7.31581 7.25366 7.21867 7.21279 7.20976 7.21892 7.29654 7.35391 7.36423 7.35885 7.35429 7.35113 7.32504 7.19419 7.03876
-99999.00000 -99999.00000 -99999.00000 -99999.00000 -99999.00000 7.33081 7.29461 7.23864 7.21600 7.22809 7.26126 7.26049 7.18738 7.15937 7.17928 7.08285 7.11652 7.18045 7.24240 7.25038 7.12807 6.95228 6.93414 7.06820 6.89259 6.30214 6.46318 6.99744 7.22116 7.25806 7.09882 6.73023 6.86387 7.10235 7.15626 7.14773 7.16191 7.22080 7.33020 7.37383 7.38311 7.35159 7.30649 7.30668 7.34895 7.37385 7.32700 7.32559 7.35971 7.30711 7.27111 7.28612 7.25369 7.22782 7.20051 7.14561 7.05257 7.12514 7.26522 7.28105 7.23763 7.22275 7.24626 7.23028 7.07154 7.06762
-99999.00000 -99999.00000 -99999.00000 -99999.00000 -99999.00000 7.33736 7.32686 7.28442 7.23023 7.21698 7.24196 7.25567 7.23715 7.26611 7.27937 7.22079 7.24576 7.29854 7.31762 7.28996 7.15294 6.96557 6.92786 6.93171 6.38599 6.10029 6.75130 7.09602 7.26052 7.28241 7.17625 6.96555 6.81175 6.96357 7.02892 7.02527 7.02440 7.13208 7.28639 7.36161 7.38895 7.36484 7.30629 7.28543 7.32063 7.34989 7.30735 7.28507 7.28517 7.20523 7.19522 7.23770 7.23174 7.23172 7.22621 7.18185 7.03134 6.86539 6.95543 6.96405 6.90417 6.91702 7.00758 7.09280 7.05331 7.13546
-99999.00000 -99999.00000 -99999.00000 -99999.00000 -99999.00000 7.34090 7.35738 7.33462 7.28903 7.28547 7.28345 7.28145 7.28929 7.30604 7.26577 7.21400 7.27318 7.32455 7.33138 7.30153 7.18202 6.98372 6.80168 6.55848 6.12118 6.45056 7.01636 7.12782 7.26756 7.29846 7.20863 7.19637 7.09219 7.15844 7.17389 7.11705 7.09489 7.11104 7.21827 7.33355 7.37868 7.36997 7.31296 7.26736 7.29350 7.32744 7.30043 7.23771 7.15072 7.08916 7.14694 7.21330 7.22622 7.24887 7.27815 7.26742 7.18157 6.94897 6.74026 6.70662 6.76620 6.76970 6.80702 6.98421 7.11855 7.16569
-99999.00000 -99999.00000 -99999.00000 -99999.00000 -99999.00000 7.29831 7.31683 7.29343 7.29028 7.33596 7.33040 7.30949 7.29209 7.25509 7.17179 7.19294 7.29037 7.32387 7.32324 7.29877 7.21875 7.04855 6.76125 6.33756 6.38396 6.92909 7.10314 7.12070 7.23023 7.27672 7.20126 7.23488 7.17274 7.21972 7.20500 7.16803 7.11326 7.01876 7.20015 7.31985 7.34350 7.33102 7.27376 7.22658 7.25212 7.28316 7.24540 7.11989 7.01103 7.06107 7.17097 7.23614 7.23859 7.26883 7.31702 7.31582 7.26877 7.15583 7.01427 7.01712 7.07144 7.04002 6.94271 7.00640 7.14424 7.11009
-99999.00000 -99999.00000 -99999.00000 -99999.00000 -99999.00000 7.21740 7.24209 7.19731 7.19729 7.27955 7.24780 7.16703 7.10171 7.06531 7.07412 7.20403 7.27828 7.29936 7.29263 7.25993 7.20331 7.09960 6.93117 6.79035 6.93615 7.13354 7.13381 7.06958 7.11087 7.12488 6.99818 7.08453 7.07226 7.21875 7.25348 7.20670 7.12911 7.09475 7.18533 7.18851 7.17533 7.14552 7.10584 7.13915 7.17706 7.16179 7.07246 6.96932 7.02371 7.15660 7.24821 7.27012 7.22805 7.27268 7.34144 7.34531 7.29847 7.22824 7.23299 7.21622 7.17682 7.13100 7.09301 7.09927 7.11798 6.94869
-99999.00000 -99999.00000 -99999.00000 -99999.00000 -99999.00000 7.16219 7.19331 7.10836 7.00542 7.04737 6.97915 6.87540 6.84704 6.89621 6.98775 7.10847 7.18257 7.21843 7.20526 7.15051 7.10433 7.08559 7.07164 6.99305 7.03735 7.14502 7.18239 7.19633 7.12930 7.01403 6.94142 6.85267 6.97717 7.22260 7.29272 7.26885 7.24859 7.24234 7.15369 6.98231 6.91067 6.87993 6.93368 7.10685 7.12943 7.05912 7.00963 7.06469 7.19312 7.26491 7.28251 7.24276 7.22190 7.29680 7.35130 7.35839 7.33783 7.27872 7.26718 7.23662 7.20650 7.19328 7.18649 7.14929 7.00409 6.75177
-99999.00000 -99999.00000 -99999.00000 -99999.00000 -99999.00000 7.12405 7.16436 7.11295 6.95485 6.88470 6.85794 6.85796 6.90592 6.94681 6.94690 6.93280 6.98127 7.02873 6.99652 6.91707 6.88314 6.88987 6.92788 6.99952 7.05270 7.13175 7.17575 7.19102 7.09678 6.94497 6.71428 6.86490 7.12744 7.26714 7.30905 7.30764 7.31896 7.27782 7.08719 6.99525 7.00928 7.00575 7.01234 7.10504 7.08964 7.02963 7.11370 7.23028 7.30249 7.30212 7.26113 7.21187 7.24013 7.31139 7.33307 7.33320 7.33501 7.29875 7.27935 7.24624 7.22007 7.24016 7.18956 7.04666 6.83975 6.69433
-99999.00000 -99999.00000 -99999.00000 -99999.00000 -99999.00000 7.12153 7.19675 7.22147 7.16473 7.09480 7.04705 7.04929 7.07106 7.05533 6.99909 6.89780 6.82577 6.77547 6.68846 6.59740 6.56798 6.58589 6.60746 6.74654 6.91483 7.08192 7.10944 7.05552 6.96426 6.78154 6.67999 6.97598 7.07205 7.14313 7.24619 7.31773 7.33064 7.22203 7.08343 7.10984 7.13292 7.08711 7.01687 7.04227 6.99099 7.01339 7.18841 7.27607 7.29749 7.27878 7.22130 7.19800 7.25826 7.30437 7.28480 7.27841 7.29863 7.28519 7.26295 7.25615 7.21055 7.19479 7.06882 6.87827 6.74366 6.75724
-99999.00000 -99999.00000 -99999.00000 -99999.00000 -99999.00000 7.15491 7.23781 7.26460 7.26345 7.23758 7.17769 7.13706 7.10116 7.04515 6.98880 6.87773 6.69760 6.54464 6.43668 6.37817 6.38250 6.43151 6.46976 6.54294 6.66030 6.85456 6.97565 6.93170 7.02616 6.84411 6.58701 6.78628 6.85851 6.83724 7.02769 7.25858 7.32670 7.28657 7.11731 7.05033 7.06736 6.95156 6.75321 6.72181 6.78678 6.99719 7.19731 7.25839 7.25232 7.21956 7.17014 7.19706 7.27646 7.28018 7.25512 7.26314 7.26401 7.28658 7.24424 7.21177 7.20603 7.12327 6.91453 6.76061 6.75366 6.88179
-99999.00000 -99999.00000 -99999.00000 -99999.00000 -99999.00000 7.10618 7.15021 7.20287 7.22459 7.19227 7.14035 7.09430 7.02902 6.94911 6.89611 6.78781 6.58980 6.44718 6.40094 6.41461 6.44302 6.47512 6.45314 6.39743 6.39048 6.36818 6.58644 6.75152 6.88682 6.97055 6.78667 6.81692 6.93469 6.83013 6.81186 7.10940 7.28311 7.29188 7.19516 7.03615 6.73633 6.44759 6.44728 6.40871 6.62920 6.91298 7.08554 7.16308 7.17873 7.15898 7.15713 7.23145 7.29356 7.28656 7.23639 7.21747 7.23162 7.26469 7.24268 7.21084 7.16994 6.97129 6.72359 6.71926 6.86803 7.03486
-99999.00000 -99999.00000 -99999.00000 -99999.00000 -99999.00000 6.86463 7.01186 7.20221 7.18834 7.06669 7.00053 6.97343 6.91971 6.84876 6.81362 6.76136 6.64318 6.55608 6.56979 6.59307 6.57044 6.62268 6.55836 6.37524 6.36973 6.18201 6.03349 6.15762 6.44042 6.85365 6.90264 6.91349 6.95532 6.69566 6.67495 7.07272 7.22294 7.21656 7.16180 6.99875 6.59472 6.41973 6.71258 6.74529 6.75170 6.82661 6.86443 6.93360 7.05327 7.11454 7.15602 7.21832 7.25558 7.25536 7.22555 7.19090 7.15419 7.17349 7.19217 7.17118 7.04815 6.75805 6.61245 6.78627 7.02597 7.15784
-99999.00000 -99999.00000 -99999.00000 -99999.00000 -99999.00000 6.97762 7.18151 7.27090 7.13350 6.92152 6.85436 6.85551 6.85390 6.84213 6.86221 6.89188 6.83279 6.78935 6.80161 6.79350 6.78910 6.88984 6.83684 6.62543 6.56633 6.49210 6.27847 6.20908 6.33931 6.27132 6.70888 6.93042 6.84060 6.55073 6.26001 6.82916 7.09009 7.08002 7.06133 6.95079 6.58226 6.35372 6.59379 6.86418 6.92124 6.89857 6.75352 6.68507 6.86497 6.95137 6.94327 7.00153 7.08707 7.11172 7.02922 6.90526 6.82315 6.84345 6.92312 6.93186 6.75193 6.56557 6.67205 6.92215 7.11882 7.21010
-99999.00000 -99999.00000 -99999.00000 -99999.00000 -99999.00000 7.25159 7.30299 7.23690 7.02280 6.88045 6.82355 6.77843 6.85801 6.98382 7.04361 7.07936 7.04876 7.01937 6.98022 6.95769 7.06374 7.04171 7.01470 6.94102 6.61646 6.55139 6.60013 6.42485 6.50380 6.20645 6.28949 6.71315 6.68805 6.66859 6.16200 6.50064 6.86340 6.85097 6.79092 6.73672 6.35978 6.20443 6.47994 6.80046 6.97323 6.98895 6.81517 6.65482 6.71493 6.72345 6.63436 6.62543 6.76513 6.86949 6.72943 6.56019 6.48986 6.46432 6.51621 6.52107 6.42342 6.54875 6.82500 7.03811 7.15743 7.21232
