mrvbf_slope0.6_pctl1.asc
NCOLS 410
NROWS 410
XLLCORNER 2398750.0000000000000000
YLLCORNER 2548750.0000000000000000
CELLSIZE 250.0000000000000000
NODATA_VALUE -99999.00000
[rows 0 to 28 of 410, columns 66 to 131 of 410]
-99999.00000 -99999.00000 -99999.00000 -99999.00000 -99999.00000 -99999.00000 -99999.00000 -99999.00000 -99999.00000 -99999.00000 -99999.00000 -99999.00000 -99999.00000 -99999.00000 -99999.00000 -99999.00000 -99999.00000 -99999.00000 -99999.00000 -99999.00000 -99999.00000 -99999.00000 -99999.00000 -99999.00000 -99999.00000 -99999.00000 -99999.00000 -99999.00000 -99999.00000 -99999.00000 -99999.00000 -99999.00000 -99999.00000 -99999.00000 -99999.00000 -99999.00000 -99999.00000 -99999.00000 -99999.00000 -99999.00000 -99999.00000 -99999.00000 -99999.00000 -99999.00000 -99999.00000 -99999.00000 -99999.00000 -99999.00000 -99999.00000 -99999.00000 -99999.00000 -99999.00000 -99999.00000 -99999.00000 -99999.00000 -99999.00000 -99999.00000 -99999.00000 -99999.00000 -99999.00000 -99999.00000 -99999.00000 -99999.00000 -99999.00000 -99999.00000 -99999.00000
-99999.00000 -99999.00000 -99999.00000 -99999.00000 -99999.00000 -99999.00000 -99999.00000 -99999.00000 -99999.00000 -99999.00000 -99999.00000 -99999.00000 -99999.00000 -99999.00000 -99999.00000 -99999.00000 -99999.00000 -99999.00000 -99999.00000 -99999.00000 -99999.00000 -99999.00000 -99999.00000 -99999.00000 -99999.00000 -99999.00000 -99999.00000 -99999.00000 -99999.00000 -99999.00000 -99999.00000 -99999.00000 -99999.00000 -99999.00000 -99999.00000 -99999.00000 -99999.00000 -99999.00000 -99999.00000 -99999.00000 -99999.00000 -99999.00000 -99999.00000 -99999.00000 -99999.00000 -99999.00000 -99999.00000 -99999.00000 -99999.00000 -99999.00000 -99999.00000 -99999.00000 -99999.00000 -99999.00000 -99999.00000 -99999.00000 -99999.00000 -99999.00000 -99999.00000 -99999.00000 -99999.00000 -99999.00000 -99999.00000 -99999.00000 -99999.00000 -99999.00000
-99999.00000 -99999.00000 -99999.00000 -99999.00000 -99999.00000 -99999.00000 -99999.00000 -99999.00000 -99999.00000 -99999.00000 -99999.00000 -99999.00000 -99999.00000 -99999.00000 -99999.00000 -99999.00000 -99999.00000 -99999.00000 -99999.00000 -99999.00000 -99999.00000 -99999.00000 -99999.00000 -99999.00000 -99999.00000 -99999.00000 -99999.00000 -99999.00000 -99999.00000 -99999.00000 -99999.00000 -99999.00000 -99999.00000 -99999.00000 -99999.00000 -99999.00000 -99999.00000 -99999.00000 -99999.00000 -99999.00000 -99999.00000 -99999.00000 -99999.00000 -99999.00000 -99999.00000 -99999.00000 -99999.00000 -99999.00000 -99999.00000 -99999.00000 -99999.00000 -99999.00000 -99999.00000 -99999.00000 -99999.00000 -99999.00000 -99999.00000 -99999.00000 -99999.00000 -99999.00000 -99999.00000 -99999.00000 -99999.00000 -99999.00000 -99999.00000 -99999.00000
-99999.00000 -99999.00000 -99999.00000 -99999.00000 -99999.00000 -99999.00000 -99999.00000 -99999.00000 -99999.00000 -99999.00000 -99999.00000 -99999.00000 -99999.00000 -99999.00000 -99999.00000 -99999.00000 -99999.00000 -99999.00000 -99999.00000 -99999.00000 -99999.00000 -99999.00000 -99999.00000 -99999.00000 -99999.00000 -99999.00000 -99999.00000 -99999.00000 -99999.00000 -99999.00000 -99999.00000 -99999.00000 -99999.00000 -99999.00000 -99999.00000 -99999.00000 -99999.00000 -99999.00000 -99999.00000 -99999.00000 -99999.00000 -99999.00000 -99999.00000 -99999.00000 -99999.00000 -99999.00000 -99999.00000 -99999.00000 -99999.00000 -99999.00000 -99999.00000 -99999.00000 -99999.00000 -99999.00000 -99999.00000 -99999.00000 -99999.00000 -99999.00000 -99999.00000 -99999.00000 -99999.00000 -99999.00000 -99999.00000 -99999.00000 -99999.00000 -99999.00000
-99999.00000 -99999.00000 -99999.00000 -99999.00000 -99999.00000 -99999.00000 -99999.00000 -99999.00000 -99999.00000 -99999.00000 -99999.00000 -99999.00000 -99999.00000 -99999.00000 -99999.00000 -99999.00000 -99999.00000 -99999.00000 -99999.00000 -99999.00000 -99999.00000 -99999.00000 -99999.00000 -99999.00000 -99999.00000 -99999.00000 -99999.00000 -99999.00000 -99999.00000 -99999.00000 -99999.00000 -99999.00000 -99999.00000 -99999.00000 -99999.00000 -99999.00000 -99999.00000 -99999.00000 -99999.00000 -99999.00000 -99999.00000 -99999.00000 -99999.00000 -99999.00000 -99999.00000 -99999.00000 -99999.00000 -99999.00000 -99999.00000 -99999.00000 -99999.00000 -99999.00000 -99999.00000 -99999.00000 -99999.00000 -99999.00000 -99999.00000 -99999.00000 -99999.00000 -99999.00000 -99999.00000 -99999.00000 -99999.00000 -99999.00000 -99999.00000 -99999.00000
6.60956 6.72779 6.70320 6.61113 6.59454 6.63195 6.69164 6.70178 6.73607 6.80931 6.78120 6.66221 6.55734 6.54526 6.57928 6.60111 6.64508 6.61887 6.55861 6.62734 6.83881 6.94775 7.00074 6.90791 6.91054 6.76127 6.62643 6.52583 6.53945 6.41741 5.66984 5.25324 5.37705 5.69651 6.42102 6.60979 6.55072 6.12190 5.82566 6.35263 6.68656 6.90820 6.71736 6.58072 6.41740 6.43646 6.67266 6.96603 7.03596 7.05619 7.11369 7.02770 6.89090 6.80007 6.67341 6.56001 6.50402 5.87204 5.60234 5.65888 6.17562 6.63284 6.75176 6.74349 6.83709 6.84875
6.61100 6.73761 6.81015 6.65086 6.60078 6.63969 6.68421 6.68772 6.74123 6.77142 6.77510 6.77744 6.63427 6.59089 6.61685 6.63224 6.64240 6.67525 6.65205 6.69567 6.79627 6.94624 6.91021 6.81859 6.84104 6.85074 6.69554 6.59625 6.59195 6.58230 6.27449 5.70199 5.97158 6.17256 6.51349 6.62892 6.65508 6.53453 6.33536 6.57416 6.80706 6.83839 6.76386 6.59050 6.53817 6.57951 6.66980 6.90839 6.97676 6.92451 7.00068 7.00537 6.89756 6.82552 6.70618 6.59029 6.34980 5.67852 5.59372 5.65275 5.90710 6.58290 6.82000 6.90790 7.07304 7.02475
6.64337 6.70637 6.83108 6.71014 6.60746 6.61259 6.68601 6.79049 6.79409 6.79864 6.90547 6.99882 6.86438 6.72568 6.75474 6.75250 6.68969 6.64170 6.72636 6.81266 6.86895 6.88114 6.80950 6.62188 6.70856 6.94905 6.89314 6.76476 6.66382 6.57220 6.49746 5.95923 6.32866 6.01451 6.44108 6.61642 6.65114 6.68300 6.65057 6.71752 6.74652 6.72474 6.69948 6.69026 6.61117 6.62996 6.83390 7.09353 7.03291 6.88739 6.81522 6.85448 6.90337 6.78748 6.69147 6.58214 6.18002 5.65821 5.55533 5.64750 6.31174 6.65804 6.82814 6.93080 7.07248 7.04186
6.63846 6.65059 6.68584 6.61431 6.55536 6.60906 6.74539 6.85159 6.84316 6.86300 6.95049 7.02919 7.07578 6.96981 6.93182 6.84740 6.85123 6.75087 6.69607 6.76449 6.84163 6.69269 6.57366 6.36981 6.48211 6.69894 6.80379 6.73582 6.66878 6.61650 6.58599 6.47096 6.53800 6.27470 6.54530 6.66302 6.66997 6.70262 6.72648 6.70790 6.62030 6.47958 6.50138 6.66097 6.77441 6.78409 6.95568 7.01845 7.10003 6.93271 6.70156 6.74171 6.78559 6.93629 6.81153 6.61088 6.48460 5.98183 5.70213 5.99649 6.57094 6.67198 6.75113 6.98453 7.09773 7.02021
6.59725 6.61186 6.62469 6.57760 6.58505 6.68190 6.75051 6.80945 6.86615 6.79526 6.81610 6.92686 6.98092 6.85355 6.80662 6.78036 6.89920 6.85525 6.74114 6.78681 6.83540 6.61001 6.41640 6.39615 6.34932 6.59703 6.80030 6.93552 6.85363 6.73748 6.54888 6.10984 6.26885 5.82173 6.39893 6.65293 6.68809 6.70362 6.68202 6.61800 6.40017 6.00936 6.22533 6.50555 6.71513 6.89930 6.95391 7.12737 7.15198 6.96114 6.69990 6.68216 6.77950 7.03256 6.90482 6.63787 6.57117 6.49433 6.34865 6.56930 6.66971 6.70514 6.73633 6.87537 7.10330 6.99335
6.60520 6.62129 6.66107 6.65525 6.66902 6.72603 6.77307 6.94246 7.12554 6.95493 6.77014 6.74497 6.77078 6.73263 6.69197 6.73242 6.78877 6.73897 6.76741 6.91758 6.80136 6.76616 6.58490 6.50565 6.54169 6.73559 6.99928 7.07198 6.94051 6.77744 6.64291 6.41206 5.81842 5.99819 5.92276 6.53056 6.75457 6.76787 6.72519 6.57326 6.07483 5.98636 6.06849 6.41806 6.68423 6.94583 7.03092 7.12200 7.24147 7.08923 6.82198 6.71649 6.89072 7.04633 6.78163 6.69422 6.61749 6.66171 6.70760 6.88031 6.90965 6.81919 6.81943 6.89910 6.92587 7.09353
6.66856 6.66907 6.75520 6.83492 6.75883 6.77194 6.91985 7.21161 7.32919 7.22736 6.96081 6.72975 6.65012 6.64067 6.66636 6.69093 6.72943 6.77681 6.87327 7.05567 6.88659 6.66701 6.61866 6.61326 6.62278 6.83439 6.88826 7.04932 7.01014 6.78640 6.67650 6.60461 6.38165 5.84497 5.88389 6.45414 6.71071 6.84110 6.76218 6.61475 6.18462 5.92509 6.09751 6.49079 6.70476 6.87569 7.03017 7.10750 7.19488 7.15151 6.97050 6.82800 6.95117 7.07354 6.85602 6.83191 6.75722 6.82236 6.78922 6.86538 6.98784 7.04649 6.96021 7.06661 6.92159 7.04693
6.71997 6.72464 6.82506 6.97030 6.89258 6.89066 7.07072 7.25352 7.28713 7.25032 7.13183 6.82948 6.62248 6.57880 6.62157 6.67453 6.76636 6.89191 6.87769 6.86014 6.87432 6.70165 6.54614 6.48320 6.63929 6.81893 6.94205 7.06489 6.90641 6.83422 6.83922 6.71532 6.53115 5.99180 6.17194 6.01136 6.57294 6.84020 6.79838 6.75116 6.53428 6.19723 6.40810 6.62227 6.74238 6.87204 6.96719 7.03612 7.13934 7.13766 6.92704 6.96837 6.91217 7.00539 6.87526 6.88177 6.89414 7.03872 6.91712 6.93852 6.96118 7.08417 6.92520 6.91058 6.79479 6.78588
6.64776 6.71958 6.84284 6.83393 6.75319 6.74783 6.82686 6.94704 6.96471 6.96446 6.93695 6.75902 6.60341 6.56268 6.61059 6.69099 6.71249 6.87773 6.88447 6.75299 6.79399 6.59416 6.15211 5.93361 6.31768 6.66012 7.06474 7.10596 6.92282 7.00792 6.98257 6.85273 6.66309 6.45681 6.02917 6.18523 6.57276 6.77904 6.80915 6.74119 6.66693 6.58855 6.60251 6.73789 6.75944 6.87015 6.93355 6.99668 7.12377 7.10972 7.06483 6.97534 6.88125 6.94729 6.89164 6.94096 7.01412 6.92658 6.91299 6.96834 7.04642 6.98477 7.02077 6.83100 6.78664 6.77624
6.59547 6.66563 6.71433 6.63184 6.59390 6.59446 6.61170 6.64074 6.66700 6.71428 6.77695 6.74034 6.63520 6.58430 6.60356 6.68237 6.63670 6.67539 6.77577 6.75679 6.81061 6.58393 5.98133 5.87356 6.08911 6.52658 6.73408 6.90790 6.92042 6.91064 6.95246 6.85217 6.73613 6.57699 6.35457 6.38485 6.33794 6.52977 6.70139 6.73258 6.67653 6.66540 6.64386 6.56205 6.61801 6.68664 6.69736 6.76816 6.99824 7.03727 7.00000 6.95187 6.83665 6.76711 6.73681 6.81289 6.84942 6.80374 6.91573 7.02104 7.02567 7.03064 7.01390 6.88684 6.82059 6.66011
6.62642 6.60005 6.56807 6.54237 6.55073 6.56178 6.56614 6.57836 6.60956 6.66663 6.77728 6.88079 6.71912 6.60317 6.56189 6.58216 6.63104 6.64312 6.69703 6.79725 6.74378 6.64614 6.49062 6.07393 6.40659 6.54697 6.61233 6.76908 6.97988 6.87142 6.76597 6.74501 6.69608 6.57362 6.38577 6.37666 6.09683 6.09928 6.47726 6.52253 6.58649 6.64002 6.44885 5.99222 6.36595 6.48157 6.59480 6.64115 6.80170 6.96752 6.93843 6.93910 6.85958 6.83625 6.65870 6.64845 6.69790 6.76343 6.83743 6.93946 6.97139 6.93047 6.84398 6.77820 6.81882 6.70753
6.74447 6.58019 6.49028 6.51231 6.59435 6.62621 6.62233 6.62212 6.64309 6.68455 6.77146 6.89836 6.75971 6.62149 6.54781 6.53105 6.55827 6.60995 6.65483 6.72338 6.72318 6.70549 6.61255 6.50763 6.43206 6.55505 6.61840 6.84180 6.91662 6.82390 6.82175 6.74134 6.68695 6.57656 6.11327 5.98384 6.35771 6.00268 5.83953 5.83566 6.20317 6.47849 6.05683 6.08336 5.80904 6.02722 6.43092 6.62393 6.77194 6.78351 6.86885 6.89806 6.85265 6.85189 6.68490 6.61770 6.63673 6.67917 6.69006 6.66505 6.70014 6.74125 6.79226 6.77299 6.80627 6.81945
6.75566 6.58827 6.48470 6.48973 6.58610 6.72026 6.77833 6.72692 6.68459 6.67194 6.69327 6.76346 6.82162 6.71768 6.59650 6.54009 6.54255 6.60084 6.64042 6.70191 6.81126 6.80029 6.63850 6.45623 6.44547 6.41711 6.62512 6.94559 6.85083 6.79039 6.82619 6.74750 6.74110 6.69714 6.49947 6.01908 6.06653 5.93101 5.78463 5.80667 5.83908 6.34247 6.42141 5.89288 5.81395 5.95950 6.15139 6.56028 6.72197 6.78344 6.81023 6.90967 6.77421 6.69670 6.72042 6.69611 6.67948 6.66444 6.70161 6.66495 6.66917 6.68504 6.75573 6.71733 6.69311 6.73011
6.65016 6.61878 6.53404 6.48441 6.52672 6.63991 6.87687 6.86385 6.70456 6.64932 6.65299 6.73521 6.96897 7.02561 6.75189 6.60655 6.55791 6.56718 6.62366 6.72182 6.76685 6.69021 6.52933 6.21334 6.22705 6.26987 6.53826 6.84923 6.90895 6.73467 6.70227 6.74499 6.80082 6.70980 6.66562 6.58010 6.56476 6.55996 6.38462 5.83521 6.06509 6.53120 6.53815 5.97899 5.96265 5.93463 6.18566 6.59701 6.76930 6.83982 6.86776 6.87375 6.87752 6.74601 6.68428 6.72341 6.78211 6.81665 6.81817 6.77665 6.82270 6.71405 6.68420 6.64454 6.63438 6.68610
6.60866 6.65290 6.60099 6.51788 6.49951 6.57421 6.75831 6.91868 6.71002 6.63971 6.64333 6.72778 6.99482 7.21976 7.08596 6.76045 6.60997 6.55938 6.57698 6.62338 6.67078 6.60677 6.24296 6.17693 6.38770 6.33530 6.24126 6.54871 6.75104 6.76940 6.72605 6.72112 6.67667 6.63834 6.57340 6.72067 6.85446 6.88344 6.67432 6.51854 6.58924 6.71217 6.65773 6.38527 5.85079 6.14012 6.27122 6.57996 6.77339 6.85290 6.80999 6.78917 6.79727 6.70356 6.72261 6.74058 6.73253 6.84651 6.84205 6.87095 6.86812 6.92466 6.74996 6.64381 6.63998 6.63106
6.60850 6.63981 6.67611 6.57379 6.49888 6.52857 6.66610 6.84630 6.69591 6.64581 6.65949 6.70775 6.83510 7.08428 7.21962 7.05513 6.71870 6.57648 6.53536 6.55705 6.62254 6.63182 6.33342 6.09037 6.24801 5.94938 6.19918 6.23756 6.49205 6.62349 6.58858 6.63592 6.57559 6.36805 6.03135 6.44552 6.65215 6.80304 6.76069 6.70413 6.80846 6.87195 6.81814 6.58050 6.27348 6.11593 6.33994 6.48136 6.61305 6.54958 6.57732 6.64817 6.64618 6.67276 6.68352 6.66529 6.68069 6.67038 6.80864 6.92784 6.90969 6.94706 6.83438 6.78582 6.80190 6.71754
6.65238 6.65945 6.73405 6.60766 6.49578 6.50263 6.63870 6.74491 6.67141 6.67415 6.73334 6.73033 6.72082 6.81515 7.05261 7.16495 6.91130 6.61416 6.52075 6.52066 6.58426 6.67799 6.59742 6.42167 6.49028 6.25887 5.99168 5.99526 6.05457 6.42221 6.10143 6.36532 6.34592 5.81287 5.91850 5.91986 6.42680 6.63811 6.59372 6.68934 6.75968 6.74693 6.83332 6.71773 6.54190 6.37874 6.26963 6.03998 6.46275 6.15515 6.22919 6.47705 6.45925 6.52413 6.49444 6.60410 6.62748 6.66257 6.81732 6.89474 6.79331 6.80108 6.87790 7.00698 6.94613 6.81699
6.72257 6.71099 6.75924 6.61056 6.49926 6.50624 6.64216 6.70181 6.66538 6.72654 6.89342 6.83483 6.75960 6.72991 6.82189 7.03647 7.00266 6.65968 6.53761 6.50708 6.54458 6.61282 6.69270 6.69902 6.68361 6.53490 6.28720 5.88806 6.27953 6.50626 6.18254 5.82562 6.06019 6.08454 5.79057 5.94476 5.97044 6.39653 6.26331 6.49199 6.63242 6.69560 6.73382 6.75190 6.68602 6.46564 5.92030 6.23274 6.42869 5.97879 5.79077 6.05847 5.88615 6.00594 5.79553 6.32032 6.61113 6.74511 6.80196 6.88227 6.76316 6.70504 6.75256 6.87917 6.91356 6.86973
6.77342 6.76243 6.77901 6.63152 6.50417 6.49863 6.63469 6.69209 6.66092 6.73558 6.88457 6.90920 6.94119 6.80008 6.76560 6.89430 6.98550 6.72866 6.57599 6.51600 6.50603 6.53397 6.59895 6.72615 6.78202 6.72065 6.58790 6.37082 5.95218 6.25094 5.95271 6.11371 6.32381 6.26481 6.26747 5.82449 5.90032 5.94319 6.12110 6.05810 6.51459 6.68350 6.70568 6.83533 6.78810 6.60072 6.35156 5.96099 6.32015 5.81966 5.96117 6.37217 6.08650 6.23788 5.79171 5.78109 6.39733 6.63031 6.77719 6.86231 6.75914 6.69163 6.71757 6.68975 6.69909 6.82252
6.78369 6.79270 6.81086 6.65898 6.50839 6.48183 6.61779 6.66266 6.63126 6.68582 6.78143 6.82599 6.94198 6.92681 6.78811 6.81284 6.95261 6.86991 6.64337 6.54884 6.49850 6.47783 6.50114 6.56664 6.64004 6.71623 6.66539 6.60366 6.51109 6.47123 6.28351 6.38219 6.54611 6.57024 6.56837 6.23240 5.73071 5.95692 5.77101 6.29893 6.52325 6.60821 6.72749 6.78221 6.71039 6.63358 6.61523 6.51332 6.57704 6.36486 6.06722 6.40607 5.91320 5.95357 5.76004 5.88074 6.17000 6.44496 6.61659 6.77229 6.82687 6.74466 6.71981 6.70184 6.68324 6.69290
6.90573 6.90738 6.89930 6.65877 6.51971 6.50366 6.62078 6.64361 6.61187 6.66790 6.74941 6.74319 6.81388 6.94576 6.78312 6.76768 6.94269 7.07563 6.83226 6.64994 6.57236 6.51629 6.47385 6.49041 6.53147 6.56999 6.56701 6.58441 6.67577 6.61464 6.49371 6.58104 6.66228 6.67439 6.62566 6.55011 6.22233 6.00818 5.90384 6.41695 6.34875 6.53698 6.74893 6.77408 6.67957 6.65463 6.80214 6.79016 6.69725 6.61509 6.53155 6.58314 6.48236 6.44550 6.14284 6.00876 6.04867 6.14381 6.48050 6.67696 6.81756 6.72678 6.71742 6.68471 6.65451 6.72653
7.16713 7.06804 6.84165 6.61792 6.51677 6.53714 6.66834 6.67072 6.63329 6.72107 6.83109 6.74521 6.72543 6.77004 6.73102 6.77165 7.00392 7.21648 7.14870 6.95236 6.77156 6.64999 6.56070 6.52743 6.53424 6.53512 6.52585 6.53925 6.59197 6.63362 6.59169 6.64584 6.74503 6.70692 6.60914 6.45699 6.16530 5.89902 6.02728 6.42663 6.45412 6.45661 6.63771 6.60883 6.66392 6.78195 6.81827 6.88694 6.77721 6.71397 6.70429 6.65250 6.61958 6.56944 6.38618 5.97939 5.81895 6.28920 6.42387 6.59596 6.73300 6.80543 6.76466 6.67465 6.70810 6.83462
7.22130 6.89796 6.62083 6.48960 6.43317 6.54174 6.72041 6.68233 6.64639 6.75784 6.97971 6.87046 6.75113 6.72235 6.74885 6.89909 7.17797 7.29848 7.23222 7.08435 6.94205 6.80731 6.67231 6.60494 6.56668 6.53834 6.55612 6.58100 6.60603 6.64437 6.63642 6.73618 6.79540 6.64813 6.37912 5.85383 5.99127 5.94588 5.96026 6.36131 6.38614 6.53442 6.53147 6.36056 6.52343 6.73139 6.88776 6.93770 6.77158 6.73592 6.67079 6.67486 6.65775 6.48090 5.92687 6.00381 5.71829 5.91733 6.46849 6.69810 6.78197 6.85179 6.78719 6.70578 6.67037 6.73191
7.09668 6.68607 6.50849 6.39769 6.44863 6.57645 6.67943 6.63589 6.61589 6.69271 6.94806 7.07814 6.94530 6.87929 6.95469 7.16518 7.28781 7.21882 6.98807 6.77334 6.69616 6.68582 6.68537 6.66313 6.59463 6.54370 6.54786 6.58649 6.63167 6.68864 6.73821 6.82548 6.75377 6.50802 5.80043 5.72153 5.72538 5.78919 6.22747 6.50387 6.54245 6.58966 6.37676 6.41625 6.31223 6.58376 6.79366 6.94072 6.89843 6.77409 6.71008 6.66450 6.63553 6.51843 6.11624 5.88067 5.91686 5.90061 6.45954 6.68371 6.74504 6.77935 6.76362 6.69038 6.69919 6.73704
