mrvbf_slope0.9_pctl1.1.asc
NCOLS 410
NROWS 410
XLLCORNER 2398750.0000000000000000
YLLCORNER 2548750.0000000000000000
CELLSIZE 250.0000000000000000
NODATA_VALUE -99999.00000
[rows 58 to 86 of 410, columns 66 to 131 of 410]
7.72032 7.70901 7.70514 7.70725 7.70727 7.69775 7.68761 7.68841 7.69201 7.69036 7.69421 7.70081 7.69023 7.68814 7.70168 7.70958 7.71086 7.70952 7.69976 7.68882 7.68980 7.70172 7.71881 7.72749 7.72961 7.72584 7.71880 7.71495 7.71582 7.71150 7.71273 7.72105 7.72643 7.72822 7.73101 7.73174 7.73142 7.72812 7.71710 7.70315 7.69753 7.69105 7.67633 7.66000 7.63571 7.60759 7.62881 7.67368 7.70038 7.70870 7.71390 7.70767 7.70706 7.70276 7.65544 7.47997 7.47135 7.41785 7.61368 7.67967 7.67812 7.64787 7.67814 7.66472 7.69764 7.70289
7.73001 7.71574 7.69863 7.69441 7.70190 7.70755 7.71036 7.71586 7.71622 7.71429 7.71272 7.70979 7.70713 7.70759 7.71588 7.72127 7.71902 7.71678 7.70724 7.69881 7.69466 7.69119 7.70195 7.71224 7.71382 7.70567 7.69201 7.68540 7.70671 7.71421 7.71388 7.72085 7.72913 7.73347 7.73554 7.73422 7.73015 7.72139 7.70914 7.70550 7.71465 7.71538 7.70310 7.68797 7.66064 7.61872 7.61232 7.66274 7.69192 7.70851 7.71886 7.71347 7.70498 7.69475 7.66448 7.58952 7.41481 7.55392 7.62726 7.66320 7.66521 7.67992 7.62156 7.50763 7.62912 7.69759
7.71839 7.70514 7.68917 7.68760 7.70328 7.71884 7.72578 7.72358 7.71808 7.71642 7.71787 7.71698 7.71684 7.71809 7.72102 7.72470 7.72410 7.71841 7.71002 7.71048 7.71011 7.70046 7.69970 7.70143 7.69812 7.68867 7.67590 7.67531 7.68891 7.71832 7.71843 7.72106 7.72934 7.73535 7.73661 7.73404 7.72714 7.71708 7.70870 7.71342 7.72411 7.72061 7.70688 7.68608 7.65923 7.63261 7.62704 7.65494 7.69084 7.70747 7.71439 7.72049 7.71485 7.69854 7.67914 7.62160 7.54470 7.58367 7.65103 7.62453 7.60840 7.60135 7.49820 7.55234 7.51027 7.66334
7.69671 7.67799 7.67507 7.68045 7.69682 7.71493 7.72461 7.72264 7.71970 7.72416 7.72932 7.72986 7.72663 7.72052 7.71283 7.71303 7.71479 7.71315 7.71017 7.71371 7.71876 7.71102 7.70614 7.70376 7.69893 7.69452 7.69382 7.69168 7.69455 7.72170 7.72137 7.72206 7.72856 7.73464 7.73603 7.73231 7.72498 7.71649 7.71008 7.71010 7.70994 7.70017 7.68881 7.67826 7.66629 7.65230 7.64336 7.65053 7.67648 7.69272 7.69910 7.70984 7.71401 7.70223 7.67529 7.59250 7.57140 7.46994 7.58630 7.60544 7.61149 7.58695 7.57933 7.63695 7.59498 7.67983
7.67637 7.65538 7.66502 7.69527 7.69969 7.71262 7.72470 7.72332 7.72601 7.73380 7.73721 7.73500 7.72547 7.71231 7.69912 7.69125 7.69045 7.69663 7.70603 7.71425 7.72102 7.71835 7.71516 7.71375 7.70992 7.70927 7.71400 7.70199 7.70463 7.72457 7.72228 7.72245 7.72789 7.73319 7.73358 7.72999 7.72317 7.71510 7.70755 7.69991 7.68828 7.67404 7.67201 7.68045 7.68354 7.67082 7.65396 7.64561 7.65287 7.66918 7.68229 7.68645 7.70020 7.70106 7.69589 7.63137 7.46240 7.51340 7.51223 7.61643 7.61844 7.61615 7.45258 7.53131 7.50017 7.65985
7.66261 7.67594 7.67906 7.70171 7.70492 7.71313 7.72550 7.72543 7.73019 7.73638 7.73719 7.73171 7.71697 7.70113 7.69209 7.68210 7.67605 7.68256 7.69702 7.71098 7.72006 7.72253 7.72335 7.72418 7.71974 7.71881 7.72100 7.70565 7.70395 7.72087 7.71889 7.72223 7.72754 7.73070 7.72980 7.72665 7.71940 7.70917 7.69849 7.68619 7.67051 7.66098 7.66895 7.68559 7.69862 7.68855 7.66586 7.64555 7.63664 7.64309 7.65555 7.67706 7.69162 7.70288 7.70271 7.68655 7.60264 7.48011 7.58448 7.64424 7.67118 7.61789 7.42402 7.37054 7.59871 7.68339
7.67958 7.69283 7.69235 7.71290 7.70939 7.71293 7.72397 7.72388 7.72611 7.73109 7.73207 7.72618 7.70871 7.69272 7.68924 7.68999 7.69040 7.68720 7.69327 7.70658 7.71703 7.72199 7.72584 7.72900 7.72429 7.71957 7.72033 7.70110 7.69365 7.70970 7.71777 7.72232 7.72706 7.72791 7.72569 7.72011 7.70986 7.69754 7.68529 7.67246 7.66126 7.66529 7.67395 7.68364 7.70246 7.70451 7.68620 7.65972 7.63530 7.62550 7.62797 7.64542 7.67716 7.69616 7.69611 7.69491 7.67681 7.63135 7.65152 7.67295 7.65884 7.50574 7.54071 7.49213 7.64909 7.69113
7.70448 7.70240 7.69790 7.71516 7.71004 7.71065 7.71915 7.71863 7.71476 7.71764 7.72200 7.71856 7.70410 7.69227 7.69079 7.69929 7.71093 7.70312 7.69832 7.70430 7.71256 7.71822 7.72345 7.72832 7.72589 7.71533 7.70760 7.70157 7.68673 7.69684 7.71545 7.71845 7.72369 7.72140 7.71830 7.70842 7.69609 7.68511 7.67645 7.67030 7.67125 7.68283 7.67549 7.67970 7.70367 7.71354 7.70477 7.68581 7.65908 7.63345 7.61510 7.61249 7.64039 7.67062 7.69069 7.69276 7.69461 7.68707 7.67432 7.67849 7.61378 7.38868 7.43061 7.61487 7.68505 7.69279
7.71276 7.70794 7.70286 7.71141 7.71200 7.70608 7.70873 7.70755 7.70317 7.70372 7.71044 7.71390 7.70850 7.69963 7.69391 7.69588 7.70510 7.70469 7.69927 7.70196 7.70920 7.71571 7.72090 7.72578 7.72661 7.71716 7.70290 7.69690 7.69184 7.70199 7.71587 7.71757 7.71638 7.70796 7.70449 7.69512 7.68368 7.67781 7.67843 7.68355 7.69150 7.69715 7.67901 7.67212 7.69255 7.70936 7.71004 7.70107 7.68547 7.66283 7.64069 7.61628 7.61760 7.65134 7.68210 7.70006 7.70121 7.69446 7.68062 7.64259 7.42009 7.31978 7.38619 7.63170 7.67916 7.68305
7.71389 7.70851 7.70594 7.71233 7.71146 7.69874 7.69507 7.69397 7.69461 7.69693 7.70462 7.71518 7.71784 7.70960 7.69998 7.69224 7.68976 7.69272 7.69588 7.70148 7.70921 7.71655 7.72096 7.72453 7.72778 7.72423 7.71354 7.70328 7.70442 7.71644 7.71907 7.71440 7.70517 7.69749 7.68799 7.68333 7.67642 7.68077 7.69114 7.69995 7.70329 7.70047 7.68525 7.66838 7.67520 7.69374 7.70055 7.69326 7.67843 7.66096 7.64380 7.62110 7.61863 7.65322 7.68609 7.69746 7.69784 7.68458 7.67109 7.59361 7.26747 7.24315 7.45693 7.64415 7.67708 7.67443
7.70522 7.70278 7.70214 7.71316 7.70637 7.69315 7.68278 7.68397 7.69034 7.69161 7.69886 7.71267 7.72129 7.71915 7.71204 7.70214 7.69438 7.69382 7.69980 7.70678 7.71377 7.72009 7.72288 7.72371 7.72367 7.71913 7.71513 7.71548 7.71688 7.72143 7.71685 7.70631 7.69830 7.68755 7.68115 7.67607 7.67612 7.69041 7.69773 7.69624 7.69156 7.68431 7.67948 7.67442 7.67069 7.67852 7.67732 7.66092 7.64186 7.62903 7.61986 7.61558 7.62920 7.66320 7.68882 7.69397 7.68448 7.67538 7.64685 7.48445 7.40805 7.29992 7.59388 7.67490 7.68392 7.67685
7.68983 7.69000 7.69538 7.71015 7.70730 7.69031 7.67308 7.67997 7.69346 7.68632 7.69042 7.70461 7.71277 7.71803 7.72153 7.71803 7.71372 7.71066 7.71253 7.71658 7.72038 7.72343 7.72332 7.71979 7.71202 7.69981 7.69273 7.69693 7.70790 7.71734 7.71434 7.69984 7.69069 7.68273 7.68501 7.67536 7.68046 7.68905 7.68594 7.68471 7.68539 7.68290 7.67800 7.67560 7.67807 7.67217 7.64986 7.62824 7.61676 7.61410 7.61488 7.62179 7.64142 7.66640 7.68246 7.68829 7.68220 7.67750 7.62902 7.54958 7.45894 7.53917 7.65937 7.68793 7.68966 7.68201
7.68217 7.67297 7.67536 7.69957 7.70771 7.69154 7.67222 7.67766 7.69748 7.68773 7.68201 7.68668 7.69062 7.69996 7.71121 7.71997 7.72451 7.72444 7.72319 7.72162 7.71985 7.71892 7.71757 7.71277 7.69886 7.68461 7.67975 7.67928 7.68831 7.70451 7.70257 7.68325 7.67786 7.68618 7.69291 7.68614 7.68330 7.68028 7.68314 7.69117 7.69651 7.69748 7.69268 7.68612 7.67681 7.65106 7.62702 7.61749 7.61582 7.61847 7.62315 7.63261 7.64758 7.65908 7.67365 7.68658 7.67304 7.60273 7.48850 7.57558 7.58607 7.64747 7.67730 7.68313 7.69106 7.68446
7.69156 7.66810 7.64830 7.67616 7.70329 7.69471 7.67486 7.67448 7.69281 7.69357 7.68085 7.67398 7.67493 7.68294 7.69421 7.70790 7.71848 7.71977 7.71582 7.71082 7.70692 7.70588 7.70702 7.70601 7.69274 7.68020 7.68868 7.68192 7.68025 7.69172 7.68504 7.66920 7.67640 7.68723 7.69879 7.69671 7.68709 7.68762 7.69401 7.69339 7.68791 7.68640 7.68432 7.67640 7.65408 7.62520 7.61639 7.61755 7.62175 7.62840 7.63427 7.63893 7.64310 7.64831 7.65440 7.66956 7.64100 7.47979 7.45653 7.40235 7.61021 7.65630 7.65596 7.66423 7.67683 7.66918
7.69686 7.67825 7.63844 7.65355 7.69477 7.69869 7.67683 7.66846 7.68145 7.69411 7.69090 7.68529 7.68144 7.67759 7.68174 7.69367 7.70559 7.70523 7.69937 7.69428 7.69123 7.69124 7.69393 7.69737 7.69567 7.68279 7.68587 7.69202 7.68842 7.69319 7.68310 7.67564 7.68755 7.68269 7.69414 7.69985 7.69755 7.69818 7.68876 7.66859 7.65533 7.64782 7.64349 7.63854 7.62494 7.61027 7.61118 7.62244 7.63364 7.64114 7.64335 7.64026 7.63974 7.64551 7.63990 7.64866 7.65261 7.54272 7.19163 7.23966 7.54769 7.53568 7.54750 7.59986 7.64784 7.65698
7.69101 7.68576 7.65332 7.65626 7.69842 7.70368 7.67844 7.66261 7.67195 7.69330 7.70429 7.70255 7.69370 7.68362 7.67812 7.67971 7.68555 7.68433 7.68157 7.68013 7.68025 7.68099 7.68265 7.68509 7.68735 7.68506 7.68961 7.69693 7.69093 7.69367 7.68793 7.67929 7.68420 7.68810 7.69170 7.69666 7.70084 7.69317 7.66627 7.64312 7.63565 7.62479 7.61512 7.61190 7.61027 7.60311 7.61491 7.63910 7.65067 7.65093 7.64643 7.64259 7.64720 7.65321 7.63620 7.63358 7.64460 7.55171 7.33471 7.45955 7.37211 7.20869 7.20749 7.35391 7.54899 7.61758
7.69444 7.68836 7.66080 7.67096 7.70291 7.70144 7.67609 7.66045 7.67100 7.69574 7.71154 7.70969 7.70302 7.69440 7.68348 7.67361 7.66903 7.66989 7.67245 7.67544 7.67802 7.67847 7.67828 7.67856 7.67853 7.67931 7.68576 7.68940 7.68598 7.69052 7.68983 7.68514 7.68680 7.68268 7.68667 7.69089 7.69465 7.68122 7.64948 7.63125 7.63460 7.63335 7.62704 7.61962 7.61451 7.62135 7.64444 7.65839 7.66311 7.65425 7.64625 7.64651 7.65857 7.66483 7.63756 7.61779 7.59570 7.53189 7.49972 7.17022 7.07671 7.29414 7.28104 7.00593 7.06725 7.41986
7.70027 7.69276 7.67377 7.68585 7.70388 7.69650 7.67155 7.66086 7.67636 7.70029 7.71372 7.71455 7.71207 7.70559 7.69421 7.68192 7.67460 7.67479 7.67884 7.68359 7.68607 7.68520 7.68321 7.68224 7.68217 7.68432 7.68920 7.68650 7.68352 7.69176 7.68886 7.68691 7.68922 7.68957 7.68303 7.68014 7.68105 7.66500 7.63680 7.62613 7.63493 7.64294 7.64686 7.64640 7.64755 7.65893 7.66110 7.66943 7.66975 7.65565 7.64386 7.64433 7.66144 7.67528 7.64091 7.60354 7.53818 7.54973 7.42128 7.12878 7.24824 7.06258 7.13474 6.84243 7.08519 7.42695
7.70469 7.69783 7.68222 7.69077 7.70195 7.68629 7.66392 7.66303 7.68549 7.70559 7.71433 7.71846 7.71934 7.71467 7.70621 7.69890 7.69498 7.69384 7.69580 7.69928 7.70021 7.69800 7.69481 7.69318 7.69393 7.69585 7.69230 7.68171 7.68531 7.69579 7.68530 7.68043 7.68365 7.68799 7.68258 7.67229 7.66702 7.65064 7.63105 7.62778 7.63546 7.64805 7.66195 7.67009 7.67601 7.68086 7.67745 7.67563 7.67098 7.65655 7.64211 7.63687 7.64770 7.66114 7.63892 7.62449 7.59705 7.49446 7.24478 7.00370 7.14232 7.26988 7.48430 7.48261 7.32636 7.41464
7.69787 7.69430 7.69177 7.69735 7.69759 7.67130 7.65861 7.67372 7.69738 7.70795 7.71434 7.71964 7.72194 7.71875 7.71394 7.71204 7.71249 7.71200 7.71181 7.71277 7.71224 7.70977 7.70630 7.70369 7.70292 7.69920 7.68794 7.68066 7.68826 7.68913 7.67600 7.67592 7.68286 7.68572 7.68125 7.67179 7.66224 7.64716 7.63230 7.63090 7.63862 7.65430 7.66775 7.67699 7.68385 7.68623 7.68620 7.68663 7.68081 7.66638 7.64848 7.63409 7.63230 7.64063 7.63331 7.64375 7.64564 7.57724 7.51891 7.26219 7.30300 7.56372 7.62429 7.61741 7.57486 7.58856
7.68738 7.68357 7.69326 7.70103 7.68579 7.65759 7.65880 7.68539 7.70228 7.71237 7.71916 7.72216 7.72185 7.71825 7.71467 7.71556 7.71704 7.71507 7.71273 7.71221 7.71282 7.71353 7.71282 7.70942 7.70558 7.69960 7.68806 7.68048 7.68314 7.67856 7.67040 7.67856 7.68380 7.68549 7.68135 7.67396 7.66355 7.64801 7.63405 7.63341 7.64205 7.65428 7.66358 7.67400 7.67754 7.67452 7.68022 7.68766 7.68659 7.67702 7.66212 7.64782 7.63411 7.62987 7.63895 7.66090 7.65708 7.61371 7.54953 7.55274 7.57436 7.62684 7.62936 7.61042 7.60167 7.61653
7.67964 7.67250 7.69033 7.70358 7.67846 7.65182 7.66137 7.68090 7.70077 7.71787 7.72405 7.72541 7.72398 7.71904 7.71210 7.71078 7.70876 7.70188 7.69729 7.69704 7.70004 7.70482 7.71031 7.71124 7.70691 7.70149 7.69338 7.68355 7.67949 7.67863 7.67858 7.68572 7.68852 7.68454 7.67900 7.66946 7.65983 7.64712 7.63554 7.63442 7.63765 7.65511 7.66102 7.66265 7.66262 7.65840 7.67122 7.68275 7.67967 7.66710 7.65915 7.66592 7.66089 7.65390 7.66456 7.66638 7.64729 7.62931 7.62252 7.62770 7.62885 7.64248 7.63449 7.61772 7.62222 7.62246
7.67302 7.66309 7.68787 7.70645 7.67354 7.63563 7.65675 7.66994 7.69036 7.71398 7.72253 7.72421 7.72431 7.72047 7.71125 7.70565 7.69622 7.68496 7.68052 7.68105 7.68516 7.69201 7.69976 7.70633 7.70720 7.70397 7.70028 7.69557 7.69166 7.69142 7.68815 7.68720 7.68964 7.68462 7.67170 7.66346 7.64755 7.63773 7.63030 7.63002 7.63070 7.65146 7.66137 7.65069 7.64955 7.65361 7.66371 7.67933 7.67242 7.66480 7.66348 7.66407 7.67438 7.68348 7.68720 7.67232 7.64683 7.63215 7.63599 7.65013 7.64956 7.65618 7.64739 7.62692 7.63672 7.64214
7.66843 7.65889 7.68886 7.71369 7.69227 7.63862 7.63002 7.66381 7.67537 7.69847 7.71627 7.72094 7.72129 7.71775 7.70847 7.69720 7.68016 7.67271 7.67527 7.67538 7.67421 7.67699 7.68386 7.69441 7.70242 7.70161 7.69749 7.69724 7.69966 7.70068 7.69247 7.68317 7.68420 7.68507 7.67442 7.65342 7.64606 7.62427 7.62277 7.62566 7.63664 7.62694 7.64877 7.65348 7.64507 7.65449 7.67221 7.68206 7.67746 7.66879 7.66811 7.67816 7.68125 7.68896 7.69371 7.68254 7.66125 7.63840 7.62836 7.64763 7.65705 7.66376 7.66016 7.63233 7.63121 7.65184
7.66852 7.65824 7.68813 7.71545 7.70207 7.65044 7.62068 7.65663 7.67262 7.68406 7.70537 7.71628 7.71600 7.71016 7.69995 7.68094 7.67118 7.68035 7.68909 7.68807 7.67992 7.67122 7.66911 7.67875 7.69109 7.69516 7.69584 7.70124 7.70471 7.70352 7.69683 7.68497 7.67642 7.67484 7.67129 7.65744 7.64135 7.63976 7.64207 7.63404 7.62892 7.64257 7.65607 7.66185 7.65822 7.65967 7.66694 7.67143 7.68369 7.68222 7.67823 7.68495 7.68722 7.68695 7.68964 7.68764 7.67927 7.66243 7.64482 7.64849 7.66241 7.67339 7.67286 7.64344 7.62742 7.64473
7.67532 7.66257 7.68658 7.71477 7.70693 7.66538 7.62341 7.63923 7.67611 7.67705 7.68971 7.70663 7.70829 7.70175 7.68525 7.66972 7.68144 7.69932 7.70535 7.70426 7.69731 7.68459 7.67149 7.67155 7.68359 7.69250 7.69880 7.70432 7.70502 7.70190 7.69707 7.68936 7.67735 7.66569 7.65840 7.65385 7.64863 7.64790 7.64524 7.64832 7.65421 7.65694 7.65948 7.66500 7.67024 7.65998 7.65697 7.65994 7.67486 7.68654 7.68392 7.68466 7.68648 7.68023 7.67748 7.67728 7.67651 7.67341 7.66469 7.66499 7.67408 7.67913 7.66393 7.64049 7.63193 7.64330
7.68699 7.66782 7.67938 7.70911 7.70986 7.68150 7.63836 7.62450 7.65554 7.67431 7.67722 7.68744 7.69554 7.69217 7.67400 7.67489 7.69630 7.70829 7.71160 7.71019 7.70529 7.69577 7.68045 7.67402 7.68404 7.69452 7.70205 7.70397 7.70186 7.69801 7.69336 7.68747 7.67676 7.65906 7.64688 7.64598 7.64827 7.64967 7.65169 7.66296 7.67006 7.66514 7.66171 7.66450 7.66349 7.65812 7.65816 7.65111 7.66565 7.68288 7.67947 7.67523 7.67459 7.67085 7.66760 7.66596 7.66479 7.66438 7.66612 7.67511 7.68052 7.66188 7.62611 7.62796 7.64217 7.64416
7.69101 7.67717 7.67125 7.69449 7.70478 7.68886 7.65870 7.62735 7.62997 7.66067 7.67078 7.67621 7.67986 7.67643 7.66928 7.68206 7.70242 7.71097 7.71289 7.70829 7.69925 7.68541 7.67194 7.67169 7.68367 7.69297 7.69890 7.69977 7.69700 7.69270 7.68721 7.67873 7.66368 7.64450 7.63760 7.64118 7.64646 7.64952 7.65676 7.66832 7.67323 7.67065 7.66373 7.65893 7.65768 7.66160 7.65641 7.64893 7.66748 7.67481 7.66649 7.66156 7.66261 7.66505 7.66683 7.66685 7.66581 7.66502 7.67057 7.67888 7.67112 7.63109 7.61741 7.63011 7.64478 7.63622
7.69768 7.68877 7.67928 7.68975 7.70163 7.69328 7.67775 7.64973 7.61661 7.62442 7.64994 7.67198 7.67425 7.66586 7.66466 7.68338 7.70367 7.71041 7.70763 7.69730 7.67952 7.66366 7.66130 7.67115 7.68207 7.68682 7.68983 7.69269 7.69046 7.68472 7.67574 7.66037 7.64146 7.62926 7.63204 7.63937 7.64407 7.64577 7.65466 7.66234 7.66518 7.66633 7.66303 7.65684 7.65648 7.66403 7.66075 7.65196 7.65897 7.65842 7.65281 7.65281 7.65884 7.66742 7.67436 7.67752 7.67865 7.67768 7.67917 7.68284 7.67273 7.64318 7.62368 7.63270 7.64515 7.63297
