mrvbf_slope1.4_pctl0.9.asc
NCOLS 410
NROWS 410
XLLCORNER 2398750.0000000000000000
YLLCORNER 2548750.0000000000000000
CELLSIZE 250.0000000000000000
NODATA_VALUE -99999.00000
[rows 377 to 405 of 410, columns 330 to 395 of 410]
2.87716 3.39896 3.57330 3.68546 3.82847 4.05477 4.35350 4.65713 4.93489 4.56927 3.76859 3.97398 4.06804 4.09842 4.55617 5.84552 6.93029 7.21923 7.29173 7.32619 7.38035 7.42254 7.44015 7.45095 7.46468 7.48188 7.50061 7.51918 7.53616 7.55073 7.56217 7.57032 7.57651 7.58208 7.58760 7.59307 7.59837 7.60331 7.60783 7.61196 7.61569 7.61907 7.62206 7.62450 7.62644 7.62791 7.62910 7.63019 7.63114 7.63183 7.63222 7.63233 7.63218 7.63175 7.63107 7.63013 7.62878 7.62731 7.62590 7.62412 7.62229 7.62026 7.61669 7.60762 7.58854 7.56957
2.80938 3.36386 3.56050 3.67222 3.80693 4.03326 4.35943 4.71080 5.03849 5.24034 4.35554 4.10966 4.92079 4.20830 4.40137 5.56392 6.79219 7.18731 7.28829 7.31958 7.36130 7.40191 7.42627 7.44073 7.45425 7.47037 7.48898 7.50888 7.52810 7.54495 7.55793 7.56649 7.57248 7.57791 7.58356 7.58934 7.59497 7.60019 7.60491 7.60922 7.61318 7.61687 7.62025 7.62299 7.62512 7.62674 7.62795 7.62900 7.62998 7.63072 7.63113 7.63126 7.63110 7.63066 7.62994 7.62892 7.62748 7.62595 7.62456 7.62290 7.62101 7.61780 7.61164 7.59384 7.55783 7.53800
2.75011 3.29073 3.54438 3.65896 3.78563 4.00300 4.34059 4.73482 5.10574 5.40286 5.00869 4.59459 5.39598 4.51657 4.55301 5.54340 6.63930 7.14252 7.27026 7.29945 7.33165 7.37243 7.40509 7.42611 7.44167 7.45715 7.47519 7.49638 7.51850 7.53851 7.55347 7.56221 7.56782 7.57316 7.57919 7.58553 7.59161 7.59706 7.60185 7.60622 7.61032 7.61433 7.61817 7.62127 7.62358 7.62535 7.62666 7.62773 7.62874 7.62952 7.62996 7.63011 7.62996 7.62947 7.62864 7.62742 7.62558 7.62345 7.62136 7.61878 7.61617 7.61280 7.60454 7.57810 7.53376 7.53448
2.71662 3.17850 3.52330 3.64605 3.76538 3.96763 4.30297 4.72470 5.13874 5.48329 5.33091 4.95462 5.39208 4.88224 4.72736 5.57698 6.61592 7.11326 7.24098 7.26691 7.29432 7.33760 7.37915 7.40800 7.42682 7.44176 7.45841 7.48059 7.50650 7.53094 7.54844 7.55712 7.56229 7.56788 7.57479 7.58204 7.58865 7.59422 7.59885 7.60308 7.60722 7.61153 7.61585 7.61931 7.62177 7.62363 7.62499 7.62613 7.62725 7.62814 7.62866 7.62883 7.62868 7.62811 7.62709 7.62554 7.62300 7.61978 7.61676 7.61328 7.60892 7.60463 7.59626 7.56877 7.52585 7.53870
2.71634 3.08415 3.49970 3.63375 3.74723 3.93336 4.25468 4.68222 5.12342 5.52578 5.65780 5.32927 5.55389 5.44862 4.85929 5.61251 6.68101 7.08659 7.20541 7.23116 7.25593 7.30248 7.35309 7.38988 7.41225 7.42598 7.43878 7.46007 7.49046 7.52132 7.54202 7.55060 7.55585 7.56263 7.57114 7.57947 7.58652 7.59205 7.59622 7.59998 7.60397 7.60851 7.61325 7.61699 7.61956 7.62140 7.62268 7.62389 7.62520 7.62631 7.62702 7.62733 7.62718 7.62652 7.62519 7.62305 7.61942 7.61525 7.61196 7.60917 7.60473 7.59729 7.58678 7.56379 7.53027 7.54150
2.73376 3.15586 3.49155 3.62257 3.73111 3.90167 4.20093 4.61658 5.06712 5.48978 5.49448 4.86145 5.55663 5.77812 5.27982 5.75566 6.56955 7.04380 7.18791 7.21030 7.22787 7.27561 7.33393 7.37719 7.40200 7.41407 7.41959 7.43552 7.46899 7.50785 7.53256 7.54252 7.54956 7.55882 7.56907 7.57800 7.58521 7.59068 7.59430 7.59727 7.60089 7.60535 7.61009 7.61384 7.61643 7.61819 7.61944 7.62082 7.62231 7.62367 7.62481 7.62550 7.62547 7.62465 7.62283 7.61948 7.61488 7.61097 7.60841 7.60674 7.60330 7.59489 7.58041 7.55719 7.54009 7.55606
2.74187 3.13266 3.47997 3.61223 3.71645 3.87228 4.14521 4.53874 4.99081 5.28921 4.37337 4.17041 5.02946 5.50770 5.64181 6.18822 6.70129 7.07778 7.20278 7.20730 7.21339 7.26190 7.32757 7.37643 7.39751 7.40724 7.40661 7.41290 7.44429 7.48935 7.52021 7.53480 7.54528 7.55693 7.56796 7.57671 7.58365 7.58896 7.59236 7.59511 7.59835 7.60206 7.60603 7.60942 7.61195 7.61378 7.61536 7.61698 7.61838 7.61971 7.62142 7.62296 7.62336 7.62241 7.61967 7.61499 7.61029 7.60726 7.60583 7.60479 7.60177 7.59435 7.58074 7.56269 7.55933 7.57878
2.73594 3.07919 3.46677 3.60169 3.70265 3.84449 4.09038 4.46026 4.91856 5.08596 3.97851 4.43990 4.51259 5.53773 6.04968 6.40532 6.82953 7.13591 7.21992 7.20215 7.20435 7.26077 7.33442 7.38888 7.40948 7.40896 7.40497 7.40264 7.42765 7.47299 7.50961 7.52976 7.54314 7.55564 7.56638 7.57439 7.58049 7.58545 7.58949 7.59291 7.59560 7.59797 7.60083 7.60410 7.60685 7.60907 7.61126 7.61317 7.61431 7.61500 7.61670 7.61916 7.62053 7.61956 7.61569 7.61008 7.60598 7.60421 7.60400 7.60376 7.60145 7.59573 7.58634 7.57719 7.57642 7.58491
2.73163 3.06499 3.45104 3.59041 3.68920 3.81768 4.03877 4.39009 4.83209 4.66620 3.82615 3.93416 4.75501 5.47938 5.94716 6.42716 6.91234 7.17182 7.20849 7.17533 7.19371 7.26868 7.34858 7.40464 7.43367 7.42995 7.41912 7.40998 7.42418 7.46564 7.50460 7.52812 7.54280 7.55481 7.56431 7.57082 7.57549 7.58014 7.58515 7.58845 7.59023 7.59185 7.59471 7.59864 7.60238 7.60561 7.60853 7.61073 7.61175 7.61159 7.61190 7.61402 7.61644 7.61571 7.61077 7.60511 7.60258 7.60265 7.60376 7.60420 7.60255 7.59803 7.59175 7.58736 7.58615 7.58704
2.72053 3.03483 3.43128 3.57835 3.67594 3.79281 3.99304 4.32901 4.52128 3.89742 3.96752 3.88846 4.89225 5.58115 6.07607 6.67323 7.04520 7.19091 7.17165 7.13758 7.18934 7.28484 7.36553 7.41757 7.44798 7.45642 7.44246 7.41975 7.42935 7.46451 7.50372 7.52933 7.54433 7.55514 7.56266 7.56716 7.56966 7.57215 7.57587 7.57864 7.58087 7.58383 7.58792 7.59326 7.59887 7.60375 7.60746 7.60989 7.61102 7.61051 7.60850 7.60824 7.61008 7.60955 7.60486 7.60148 7.60155 7.60365 7.60556 7.60535 7.60325 7.59894 7.59420 7.59283 7.59408 7.59489
2.71477 2.99751 3.40791 3.56526 3.66275 3.77071 3.95440 4.24524 4.30667 4.07554 3.92878 4.42693 5.48365 6.11927 6.58530 6.91876 7.10921 7.15335 7.10641 7.10735 7.20218 7.31237 7.38402 7.42588 7.45310 7.46814 7.45396 7.39239 7.42459 7.46762 7.50615 7.53209 7.54646 7.55564 7.56146 7.56438 7.56494 7.56413 7.56455 7.56745 7.57120 7.57588 7.58146 7.58840 7.59597 7.60257 7.60704 7.60963 7.61078 7.61013 7.60707 7.60379 7.60213 7.60107 7.59994 7.60125 7.60386 7.60621 7.60719 7.60566 7.60214 7.59700 7.59256 7.59192 7.59372 7.59456
2.71092 2.95834 3.37699 3.55059 3.64957 3.75123 3.90889 4.11864 4.25752 4.59606 4.60343 5.31105 5.86177 6.28162 6.69335 6.96272 7.08114 7.08321 7.04868 7.10054 7.23626 7.34506 7.39993 7.43134 7.45345 7.46266 7.42252 7.36825 7.37003 7.46678 7.51181 7.53522 7.54777 7.55534 7.56011 7.56231 7.56203 7.55978 7.55926 7.56210 7.56615 7.57090 7.57692 7.58458 7.59321 7.60111 7.60644 7.60918 7.61019 7.60940 7.60632 7.60159 7.59712 7.59533 7.59805 7.60370 7.60767 7.60801 7.60631 7.60360 7.59872 7.59237 7.58736 7.58534 7.58500 7.58469
2.70740 2.91163 3.31661 3.53045 3.63583 3.72713 3.82227 4.00435 4.35750 4.81523 5.30183 5.70229 6.00131 6.29518 6.60734 6.85965 6.98183 7.00942 7.02396 7.12926 7.28113 7.36609 7.40862 7.43773 7.46002 7.46292 7.40868 7.42306 7.37273 7.46998 7.51630 7.53708 7.54797 7.55466 7.55918 7.56178 7.56238 7.56172 7.56295 7.56600 7.56926 7.57252 7.57648 7.58246 7.59067 7.59940 7.60553 7.60840 7.60936 7.60873 7.60631 7.60234 7.59825 7.59641 7.59934 7.60550 7.60958 7.60907 7.60539 7.59976 7.59312 7.58653 7.58167 7.57939 7.57967 7.58281
2.69697 2.88692 3.26132 3.49575 3.61684 3.69584 3.79833 4.03655 4.44805 4.95360 5.48599 5.86260 6.10892 6.31872 6.52901 6.72751 6.87482 6.96647 7.05114 7.18707 7.31446 7.37697 7.41483 7.44250 7.46342 7.47051 7.45336 7.43993 7.45027 7.49093 7.51956 7.53732 7.54785 7.55471 7.55988 7.56396 7.56711 7.57058 7.57427 7.57720 7.57946 7.58042 7.58030 7.58241 7.58884 7.59786 7.60440 7.60729 7.60838 7.60835 7.60732 7.60563 7.60398 7.60315 7.60297 7.60491 7.60870 7.60877 7.60426 7.59593 7.58684 7.58061 7.57725 7.57713 7.58093 7.58774
2.68682 2.86379 3.24253 3.47125 3.59975 3.69491 3.79676 3.98918 4.32363 4.90495 5.49393 5.98797 6.23501 6.38371 6.52546 6.68307 6.84466 6.98652 7.11650 7.24528 7.33652 7.38432 7.41808 7.44328 7.46073 7.46710 7.47866 7.48500 7.49664 7.50804 7.52434 7.53904 7.54926 7.55668 7.56302 7.56890 7.57446 7.58038 7.58545 7.58869 7.59029 7.58935 7.58611 7.58489 7.58883 7.59663 7.60302 7.60612 7.60759 7.60860 7.60950 7.61005 7.61015 7.61015 7.60665 7.60406 7.60742 7.60726 7.60122 7.59023 7.57990 7.57501 7.57431 7.57720 7.58293 7.58926
2.66589 2.83584 3.19538 3.44488 3.58196 3.68428 3.82339 4.06916 4.33975 4.86737 5.45649 5.98816 6.29579 6.45475 6.57790 6.71798 6.88695 7.05072 7.18453 7.28252 7.34471 7.38628 7.41680 7.43952 7.45449 7.46637 7.47892 7.49613 7.51218 7.52322 7.53399 7.54420 7.55303 7.56080 7.56814 7.57500 7.58120 7.58702 7.59221 7.59590 7.59711 7.59542 7.59190 7.59014 7.59232 7.59732 7.60266 7.60590 7.60771 7.60968 7.61219 7.61372 7.61295 7.61076 7.60721 7.60554 7.60700 7.60429 7.59440 7.58006 7.57147 7.57014 7.57346 7.57820 7.58242 7.58683
2.64797 2.81474 3.14228 3.40357 3.55517 3.66174 3.80099 4.06399 4.46205 4.88489 5.51539 5.95528 6.26672 6.48858 6.64517 6.79094 6.95357 7.10857 7.22373 7.29504 7.34493 7.38447 7.41542 7.44035 7.45901 7.47026 7.48496 7.50098 7.51798 7.53383 7.54323 7.55046 7.55801 7.56584 7.57351 7.58017 7.58567 7.59049 7.59490 7.59835 7.59982 7.59896 7.59678 7.59586 7.59756 7.60093 7.60486 7.60770 7.60950 7.61135 7.61337 7.61437 7.61309 7.61093 7.60940 7.60822 7.60545 7.59768 7.58263 7.56869 7.56453 7.56733 7.57353 7.57785 7.57971 7.58250
2.63519 2.78984 3.11091 3.37180 3.52440 3.63294 3.76158 4.00571 4.44987 4.99256 5.50937 5.86649 6.19622 6.49556 6.70537 6.86629 7.00245 7.12679 7.22410 7.29351 7.34624 7.38598 7.41837 7.44454 7.46571 7.48315 7.49900 7.51235 7.52454 7.53741 7.54784 7.55527 7.56255 7.57019 7.57738 7.58317 7.58762 7.59141 7.59504 7.59838 7.60077 7.60143 7.60056 7.60038 7.60222 7.60529 7.60859 7.61101 7.61258 7.61334 7.61306 7.61295 7.61309 7.61296 7.61219 7.60936 7.60218 7.58953 7.57360 7.56348 7.56234 7.56649 7.57244 7.57552 7.57589 7.57634
2.62546 2.77138 3.08563 3.38465 3.51801 3.61740 3.72793 3.92774 4.36757 4.95013 5.42649 5.75976 6.14237 6.49650 6.74763 6.89981 7.00987 7.11356 7.21258 7.29207 7.34700 7.38689 7.41891 7.44519 7.46706 7.48565 7.50184 7.51607 7.52806 7.53848 7.54884 7.55778 7.56544 7.57250 7.57878 7.58420 7.58875 7.59249 7.59573 7.59870 7.60161 7.60351 7.60343 7.60333 7.60503 7.60818 7.61151 7.61377 7.61503 7.61504 7.61345 7.61207 7.61198 7.61232 7.61147 7.60768 7.59886 7.58496 7.57033 7.56220 7.55906 7.55795 7.57039 7.57305 7.57066 7.56796
2.58010 2.74385 3.06598 3.38983 3.51950 3.61668 3.72223 3.88248 4.26312 4.86861 5.32388 5.69206 6.12053 6.49024 6.74059 6.88706 6.98719 7.09423 7.20947 7.29007 7.34377 7.38488 7.41783 7.44478 7.46721 7.48617 7.50246 7.51663 7.52842 7.53829 7.54887 7.55884 7.56660 7.57296 7.57891 7.58497 7.59010 7.59423 7.59770 7.60055 7.60300 7.60525 7.60538 7.60500 7.60633 7.60950 7.61293 7.61507 7.61608 7.61617 7.61486 7.61276 7.61088 7.61008 7.60962 7.60638 7.59733 7.58282 7.56794 7.55733 7.53752 7.50885 7.55299 7.56596 7.56066 7.55474
2.59447 2.69038 3.04749 3.39260 3.51855 3.60922 3.71121 3.85505 4.21874 4.78447 5.24324 5.69010 6.09664 6.46683 6.67807 6.84069 6.95251 7.08881 7.21088 7.28610 7.34029 7.38249 7.41620 7.44373 7.46662 7.48592 7.50239 7.51651 7.52784 7.53774 7.54883 7.55885 7.56644 7.57273 7.57936 7.58581 7.59094 7.59525 7.59900 7.60217 7.60441 7.60631 7.60652 7.60578 7.60682 7.61014 7.61354 7.61543 7.61637 7.61666 7.61597 7.61440 7.61235 7.61043 7.60944 7.60650 7.59679 7.58051 7.56429 7.54357 7.48348 7.50060 7.49131 7.53570 7.53333 7.53272
2.64169 2.69359 3.01448 3.38112 3.52096 3.60266 3.68073 3.82378 4.22728 4.71370 5.18173 5.71119 6.07229 6.34186 6.59071 6.77830 6.92664 7.09460 7.20963 7.28215 7.33694 7.37980 7.41410 7.44215 7.46549 7.48514 7.50186 7.51615 7.52761 7.53752 7.54815 7.55786 7.56590 7.57292 7.58007 7.58631 7.59140 7.59581 7.59964 7.60288 7.60509 7.60682 7.60721 7.60636 7.60712 7.61007 7.61299 7.61457 7.61550 7.61608 7.61614 7.61561 7.61439 7.61211 7.60992 7.60650 7.59572 7.57718 7.55977 7.54395 7.50478 7.48485 7.48729 7.48812 7.48415 7.50265
2.66078 2.72605 3.02068 3.36174 3.51341 3.60044 3.67417 3.81595 4.21115 4.66882 5.09210 5.59693 5.97736 6.22783 6.51455 6.74430 6.94807 7.10958 7.20731 7.27830 7.33336 7.37676 7.41164 7.44023 7.46400 7.48402 7.50105 7.51567 7.52808 7.53821 7.54766 7.55708 7.56585 7.57367 7.58062 7.58641 7.59139 7.59578 7.59962 7.60291 7.60530 7.60706 7.60791 7.60763 7.60798 7.60944 7.61123 7.61256 7.61379 7.61487 7.61532 7.61472 7.61286 7.61102 7.61074 7.60717 7.59642 7.57621 7.55250 7.52509 7.46923 7.46966 7.49477 7.48266 7.47170 7.47672
2.66416 2.75326 3.05871 3.33963 3.48407 3.59126 3.68758 3.83728 4.18792 4.71661 5.15326 5.63451 6.05353 6.34490 6.59056 6.80421 6.98838 7.11265 7.20342 7.27401 7.32938 7.37339 7.40893 7.43808 7.46232 7.48270 7.50004 7.51494 7.52787 7.53904 7.54873 7.55767 7.56621 7.57389 7.58035 7.58593 7.59086 7.59522 7.59905 7.60235 7.60502 7.60713 7.60850 7.60885 7.60882 7.60904 7.60964 7.61065 7.61208 7.61324 7.61319 7.61195 7.61091 7.61184 7.61199 7.60737 7.59756 7.57807 7.54231 7.46022 7.40532 7.49827 7.48677 7.44631 7.47371 7.48481
2.67112 2.77820 3.02233 3.31881 3.45291 3.59431 3.70192 3.85487 4.18899 4.72903 5.25239 5.72727 6.13186 6.43159 6.66270 6.84688 6.99436 7.10865 7.19834 7.26901 7.32499 7.36979 7.40607 7.43581 7.46050 7.48125 7.49889 7.51403 7.52717 7.53869 7.54884 7.55769 7.56541 7.57226 7.57845 7.58420 7.58930 7.59359 7.59708 7.60016 7.60323 7.60628 7.60822 7.60879 7.60880 7.60871 7.60871 7.60931 7.61037 7.61095 7.61006 7.60829 7.60974 7.61238 7.61176 7.60704 7.59780 7.58086 7.55232 7.51021 7.44004 7.42317 7.43609 7.34527 7.33488 7.45650
2.69066 2.80435 3.03011 3.30290 3.46492 3.61347 3.71105 3.85728 4.17446 4.69302 5.23957 5.71673 6.12642 6.43349 6.66486 6.84575 6.98894 7.10231 7.19210 7.26344 7.32036 7.36607 7.40311 7.43345 7.45860 7.47971 7.49761 7.51297 7.52624 7.53781 7.54782 7.55569 7.56198 7.56834 7.57445 7.58028 7.58552 7.58977 7.59309 7.59614 7.59931 7.60267 7.60536 7.60686 7.60780 7.60827 7.60833 7.60831 7.60796 7.60662 7.60547 7.60327 7.60538 7.61055 7.61091 7.60666 7.59775 7.58134 7.55566 7.53695 7.52642 7.50021 7.48367 7.38419 7.19879 7.30094
2.70181 2.80932 3.09289 3.32453 3.50125 3.62376 3.71844 3.87121 4.17389 4.66175 5.17686 5.59983 6.03853 6.40917 6.65424 6.83661 6.98037 7.09437 7.18509 7.25759 7.31564 7.36232 7.40012 7.43105 7.45665 7.47809 7.49625 7.51178 7.52515 7.53664 7.54563 7.55113 7.55709 7.56449 7.57129 7.57714 7.58246 7.58716 7.59115 7.59454 7.59691 7.59876 7.60173 7.60508 7.60737 7.60872 7.60926 7.60848 7.60572 7.60034 7.59906 7.59770 7.59835 7.60620 7.60966 7.60620 7.59718 7.57863 7.55368 7.54493 7.54484 7.52896 7.46635 7.21920 6.98738 7.16864
2.71088 2.81157 3.12861 3.36227 3.52405 3.62803 3.72365 3.88483 4.18533 4.64829 5.08851 5.45120 5.88589 6.33795 6.63405 6.82429 6.97013 7.08572 7.17790 7.25176 7.31099 7.35862 7.39715 7.42863 7.45465 7.47641 7.49481 7.51050 7.52392 7.53506 7.54223 7.54644 7.55394 7.56266 7.57024 7.57650 7.58216 7.58734 7.59169 7.59511 7.59700 7.59790 7.60055 7.60474 7.60785 7.60978 7.61063 7.60934 7.60470 7.59699 7.59426 7.59341 7.59361 7.60164 7.60778 7.60543 7.59551 7.57588 7.55485 7.54929 7.54598 7.52266 7.39413 6.91096 6.83386 7.10801
-99999.00000 -99999.00000 -99999.00000 -99999.00000 -99999.00000 -99999.00000 -99999.00000 -99999.00000 -99999.00000 -99999.00000 -99999.00000 -99999.00000 -99999.00000 -99999.00000 -99999.00000 -99999.00000 -99999.00000 -99999.00000 -99999.00000 -99999.00000 -99999.00000 -99999.00000 -99999.00000 -99999.00000 -99999.00000 -99999.00000 -99999.00000 -99999.00000 -99999.00000 -99999.00000 -99999.00000 -99999.00000 -99999.00000 -99999.00000 -99999.00000 -99999.00000 -99999.00000 -99999.00000 -99999.00000 -99999.00000 -99999.00000 -99999.00000 -99999.00000 -99999.00000 -99999.00000 -99999.00000 -99999.00000 -99999.00000 -99999.00000 -99999.00000 -99999.00000 -99999.00000 -99999.00000 -99999.00000 -99999.00000 -99999.00000 -99999.00000 -99999.00000 -99999.00000 -99999.00000 -99999.00000 -99999.00000 -99999.00000 -99999.00000 -99999.00000 -99999.00000
