mrvbf_slope0.7_pctl1.5.asc
NCOLS 410
NROWS 410
XLLCORNER 2398750.0000000000000000
YLLCORNER 2548750.0000000000000000
CELLSIZE 250.0000000000000000
NODATA_VALUE -99999.00000
[rows 319 to 347 of 410, columns 330 to 395 of 410]
2.37990 2.38932 2.34747 2.35395 2.40767 2.44688 2.46927 2.47750 2.47745 2.47413 2.48830 2.57720 2.88496 3.26487 3.44955 3.53460 3.59016 3.64221 3.69879 3.75739 3.81069 3.85511 3.89849 3.95467 4.04204 4.17939 4.35272 4.47880 4.51705 4.45430 4.25041 4.14576 4.24664 4.30009 4.37298 4.46660 4.50853 4.52882 4.53788 4.54262 4.54773 4.55753 4.58077 4.60442 4.61600 4.62940 4.64604 4.65966 4.66908 4.66410 4.64625 4.62140 4.58907 4.54967 4.50155 4.46135 4.44152 4.41214 4.32364 4.14039 3.84050 3.47265 3.09674 1.99513 0.63295 0.48329
1.99150 2.22823 2.27997 2.30323 2.33888 2.36015 2.37232 2.36707 2.33432 2.30168 2.29809 2.37476 2.63253 3.08792 3.37473 3.50224 3.57698 3.63702 3.69231 3.74590 3.79668 3.84011 3.87855 3.91985 3.97710 4.06337 4.19643 4.36788 4.46958 4.45917 4.35947 4.30309 4.33162 4.38101 4.46309 4.52195 4.51691 4.50829 4.50722 4.51429 4.52895 4.55186 4.58807 4.62466 4.63984 4.64696 4.65626 4.66550 4.67208 4.67127 4.65884 4.63619 4.60640 4.57354 4.53798 4.51350 4.50901 4.50275 4.46754 4.37982 4.21511 3.92385 3.43342 2.59247 1.60638 1.05912
1.50687 1.66606 1.95980 2.15263 2.20772 2.20707 2.20374 2.20823 2.17212 2.12483 2.11762 2.21473 2.43182 2.88598 3.28903 3.47602 3.57476 3.64407 3.69966 3.74946 3.79703 3.83914 3.87566 3.91142 3.95657 4.02143 4.11303 4.24752 4.39102 4.45428 4.44535 4.43134 4.44210 4.48082 4.53402 4.54659 4.51714 4.49492 4.48880 4.49787 4.51923 4.54929 4.58733 4.62608 4.65199 4.66057 4.66508 4.67074 4.67595 4.67578 4.66585 4.64588 4.61995 4.59355 4.56836 4.55408 4.55696 4.56230 4.55052 4.50448 4.41181 4.22973 3.84286 3.07088 2.27105 1.73522
1.39104 1.49278 1.62923 1.78418 1.84212 1.90291 1.94039 1.98117 1.98458 1.96485 2.01027 2.12184 2.31442 2.71264 3.20131 3.45252 3.57557 3.65671 3.71683 3.76453 3.80798 3.84788 3.88413 3.91902 3.95941 4.01837 4.09861 4.20209 4.32876 4.43405 4.49171 4.51059 4.52182 4.54503 4.56077 4.54013 4.50853 4.48772 4.48252 4.49302 4.51604 4.54701 4.58278 4.61863 4.64925 4.66681 4.67413 4.67801 4.68081 4.67998 4.67158 4.65453 4.63274 4.61186 4.59388 4.58559 4.59139 4.60128 4.59953 4.57250 4.51293 4.39734 4.17179 3.70722 3.01401 2.35851
1.23711 1.34971 1.43718 1.52544 1.51996 1.55583 1.60721 1.69302 1.73963 1.75571 1.85709 2.05309 2.27861 2.59125 3.10371 3.42181 3.56789 3.66024 3.72747 3.77783 3.82043 3.85875 3.89450 3.93104 3.97283 4.03080 4.10905 4.20315 4.30840 4.40957 4.48681 4.53302 4.55253 4.55691 4.54570 4.52253 4.49949 4.48570 4.48433 4.49627 4.51850 4.54697 4.57896 4.61084 4.64036 4.66311 4.67700 4.68320 4.68546 4.68439 4.67771 4.66393 4.64627 4.62999 4.61673 4.61124 4.61646 4.62612 4.62861 4.61148 4.56843 4.48867 4.34905 4.08864 3.66098 3.21213
1.21329 1.25283 1.31879 1.34373 1.37222 1.37876 1.34595 1.35614 1.48370 1.56683 1.74003 2.03781 2.30363 2.53833 2.98801 3.36713 3.54280 3.64766 3.72202 3.77703 3.82248 3.86322 3.90103 3.93953 3.98493 4.04607 4.12603 4.21636 4.30826 4.39239 4.46075 4.50723 4.52932 4.53171 4.52150 4.50667 4.49315 4.48669 4.48945 4.50258 4.52381 4.54959 4.57772 4.60562 4.63226 4.65542 4.67331 4.68394 4.68858 4.68885 4.68439 4.67410 4.66041 4.64793 4.63779 4.63306 4.63591 4.64260 4.64518 4.63320 4.60183 4.54365 4.44873 4.30584 4.11799 3.92394
1.18356 1.19072 1.08118 1.10217 1.21844 1.30305 1.32201 1.23430 1.35563 1.52544 1.67452 1.97979 2.30338 2.50498 2.84542 3.26861 3.49617 3.61959 3.70149 3.76136 3.81078 3.85550 3.89799 3.94234 3.99399 4.05997 4.14236 4.23121 4.31516 4.38623 4.44278 4.48193 4.50275 4.50790 4.50338 4.49595 4.48983 4.48924 4.49546 4.50945 4.52970 4.55346 4.57869 4.60338 4.62704 4.64858 4.66724 4.68099 4.68928 4.69250 4.69104 4.68454 4.67487 4.66588 4.65823 4.65362 4.65371 4.65655 4.65686 4.64707 4.62359 4.58280 4.52094 4.43618 4.32466 4.21400
0.95245 1.08462 0.87773 0.86591 0.97762 1.18698 1.34968 1.30366 1.32848 1.49397 1.62199 1.84061 2.22219 2.47079 2.71391 3.14049 3.43784 3.58064 3.66971 3.73729 3.79402 3.84422 3.89165 3.94281 4.00185 4.07208 4.15439 4.24122 4.32139 4.38603 4.43491 4.46770 4.48595 4.49239 4.49158 4.48893 4.48765 4.49102 4.49982 4.51469 4.53439 4.55682 4.58019 4.60281 4.62436 4.64427 4.66242 4.67742 4.68844 4.69492 4.69689 4.69436 4.68884 4.68324 4.67789 4.67350 4.67125 4.67043 4.66817 4.65930 4.64123 4.61190 4.56847 4.51037 4.43638 4.36410
0.67775 0.93862 1.12216 1.12189 1.08731 1.16181 1.07546 1.05954 1.09576 1.34671 1.58294 1.77801 2.15420 2.45634 2.64600 3.01158 3.37059 3.54148 3.64121 3.71781 3.78258 3.83857 3.89136 3.94941 4.01408 4.08416 4.16094 4.24228 4.31951 4.38231 4.42841 4.45791 4.47425 4.48115 4.48266 4.48316 4.48513 4.49126 4.50207 4.51790 4.53755 4.55917 4.58128 4.60253 4.62273 4.64155 4.65911 4.67450 4.68710 4.69612 4.70140 4.70299 4.70199 4.70014 4.69742 4.69374 4.68986 4.68595 4.68117 4.67254 4.65816 4.63619 4.60382 4.56091 4.50676 4.45041
0.59025 0.85199 1.11868 1.24908 1.15815 1.10772 0.81704 0.68192 0.71622 1.07524 1.55870 1.75989 2.04391 2.38523 2.56315 2.81782 3.26056 3.50118 3.62243 3.70934 3.78059 3.84219 3.90177 3.96414 4.02561 4.08695 4.15404 4.22882 4.30434 4.36865 4.41625 4.44612 4.46246 4.47025 4.47371 4.47666 4.48109 4.48933 4.50184 4.51872 4.53864 4.55989 4.58118 4.60155 4.62101 4.63932 4.65665 4.67235 4.68593 4.69667 4.70451 4.70972 4.71322 4.71570 4.71637 4.71432 4.70982 4.70361 4.69656 4.68775 4.67616 4.65982 4.63499 4.60050 4.55591 4.50632
0.59158 0.97707 1.21613 1.11156 0.85288 0.69354 0.57363 0.54118 0.66059 0.95986 1.46167 1.61448 1.69332 2.03821 2.41784 2.63379 3.04200 3.43910 3.60472 3.70735 3.78601 3.85180 3.91157 3.96170 4.00794 4.05975 4.12230 4.19626 4.27446 4.34386 4.39623 4.42937 4.44772 4.45741 4.46309 4.46847 4.47524 4.48550 4.49969 4.51771 4.53813 4.55919 4.57983 4.59957 4.61861 4.63683 4.65435 4.67053 4.68481 4.69661 4.70616 4.71415 4.72170 4.72897 4.73434 4.73529 4.73102 4.72309 4.71393 4.70454 4.69498 4.68320 4.66418 4.63509 4.59571 4.54977
1.02683 1.30230 1.22873 0.81284 0.55609 0.51962 0.54590 0.64603 0.79015 1.01847 1.33910 1.26656 1.19825 1.45714 2.15997 2.53397 2.81670 3.34092 3.57907 3.70021 3.78057 3.83030 3.86907 3.90583 3.94679 3.99791 4.06319 4.14341 4.23051 4.30957 4.36976 4.40824 4.43000 4.44229 4.45046 4.45833 4.46752 4.47995 4.49596 4.51520 4.53612 4.55701 4.57707 4.59628 4.61507 4.63349 4.65161 4.66844 4.68315 4.69548 4.70605 4.71591 4.72629 4.73756 4.74848 4.75483 4.75186 4.74269 4.73188 4.72187 4.71374 4.70554 4.69085 4.66475 4.62795 4.58423
1.34876 1.44002 1.09117 0.62276 0.48136 0.63197 0.93037 1.06345 0.98394 1.14567 1.41999 1.48179 1.38771 1.41293 1.92816 2.45342 2.70227 3.21259 3.53694 3.66216 3.72895 3.77422 3.81378 3.85136 3.89022 3.93676 3.99839 4.08078 4.17728 4.26888 4.33931 4.38436 4.41005 4.42519 4.43594 4.44641 4.45827 4.47322 4.49133 4.51192 4.53331 4.55389 4.57329 4.59189 4.61036 4.62906 4.64784 4.66506 4.67979 4.69241 4.70392 4.71532 4.72740 4.74045 4.75421 4.76544 4.76536 4.75688 4.74641 4.73723 4.73095 4.72590 4.71477 4.68980 4.65397 4.61182
0.94410 0.92103 0.66720 0.64281 0.62557 0.71130 0.91777 1.10577 1.11090 1.21247 1.43684 1.57771 1.56611 1.50664 1.80859 2.38498 2.65173 3.08132 3.46689 3.59521 3.66317 3.71640 3.76479 3.80859 3.84886 3.89134 3.94493 4.02100 4.12047 4.22362 4.30579 4.35838 4.38824 4.40618 4.41948 4.43268 4.44754 4.46542 4.48601 4.50817 4.53005 4.55026 4.56880 4.58648 4.60433 4.62283 4.64141 4.65811 4.67268 4.68610 4.69927 4.71276 4.72632 4.73944 4.75129 4.75997 4.76176 4.75817 4.75260 4.74820 4.74608 4.74338 4.73295 4.70709 4.67193 4.63142
0.66352 0.54841 0.45602 0.55356 0.67410 0.72419 0.79838 1.07270 1.21269 1.21564 1.31727 1.51900 1.55843 1.52517 1.75728 2.31957 2.60991 2.93182 3.34929 3.51392 3.59653 3.66096 3.71963 3.77145 3.81583 3.85772 3.90524 3.97164 4.06655 4.17651 4.27015 4.33075 4.36473 4.38516 4.40086 4.41704 4.43542 4.45683 4.48042 4.50452 4.52708 4.54693 4.56440 4.58082 4.59754 4.61477 4.63147 4.64638 4.66081 4.67597 4.69209 4.70908 4.72512 4.73855 4.74774 4.75181 4.75132 4.74950 4.74905 4.75118 4.75397 4.75050 4.73592 4.71184 4.68033 4.64291
0.43830 0.40087 0.40021 0.46193 0.53099 0.61932 0.72052 1.01571 1.16373 1.15817 1.21298 1.35460 1.43356 1.50450 1.78057 2.25170 2.54067 2.76115 3.16790 3.41915 3.52992 3.60718 3.67708 3.73713 3.78635 3.82986 3.87454 3.93258 4.01889 4.13015 4.23344 4.30191 4.33950 4.36179 4.37967 4.39909 4.42163 4.44735 4.47462 4.50118 4.52489 4.54466 4.56110 4.57602 4.59092 4.60562 4.61905 4.63118 4.64509 4.66247 4.68279 4.70477 4.72485 4.74025 4.74860 4.74945 4.74437 4.74017 4.74134 4.74512 4.74680 4.74146 4.72615 4.70423 4.67743 4.64478
0.43215 0.39324 0.37228 0.44541 0.48004 0.57530 0.69194 0.87572 0.96587 1.03714 1.15232 1.16920 1.19448 1.43263 1.77537 2.19450 2.46091 2.63441 2.96051 3.29966 3.45328 3.55071 3.63681 3.70493 3.75891 3.80477 3.84836 3.90023 3.97734 4.08655 4.19782 4.27331 4.31313 4.33617 4.35591 4.37892 4.40648 4.43744 4.46921 4.49897 4.52444 4.54468 4.56042 4.57378 4.58639 4.59859 4.60952 4.61953 4.63281 4.65149 4.67450 4.69971 4.72327 4.74236 4.75299 4.75260 4.74292 4.73435 4.73273 4.73470 4.73385 4.72719 4.71240 4.69015 4.66522 4.63687
0.74723 0.79501 0.63546 0.65465 0.79844 0.80886 0.80357 1.00195 1.08666 1.06898 1.11012 1.11944 1.12501 1.33212 1.69729 2.14729 2.39150 2.53429 2.75791 3.09876 3.33687 3.49544 3.59915 3.67377 3.73427 3.78192 3.82411 3.87148 3.94058 4.04660 4.16501 4.24615 4.28607 4.30848 4.32967 4.35666 4.39019 4.42749 4.46468 4.49840 4.52642 4.54811 4.56407 4.57620 4.58624 4.59670 4.60798 4.61919 4.63262 4.64957 4.66881 4.69131 4.71591 4.73881 4.75294 4.75371 4.74400 4.73130 4.72248 4.71869 4.71377 4.70557 4.69346 4.67343 4.64786 4.62130
1.17522 1.12672 1.12558 1.28830 1.22741 1.04930 1.20733 1.34662 1.30731 1.21149 1.22085 1.21503 1.25535 1.48744 1.86859 2.19796 2.36292 2.46114 2.60607 2.88362 3.23919 3.47429 3.56285 3.64164 3.71123 3.75864 3.79919 3.84445 3.90823 4.01154 4.13691 4.22158 4.25893 4.27939 4.30186 4.33365 4.37469 4.41963 4.46287 4.50083 4.53187 4.55590 4.57305 4.58433 4.59116 4.59985 4.61444 4.63370 4.65352 4.66157 4.66483 4.67908 4.70767 4.73780 4.75437 4.75518 4.74440 4.72587 4.70793 4.69511 4.68372 4.67355 4.66528 4.65213 4.62767 4.60327
1.05074 1.22118 1.37524 1.43817 1.34377 1.22720 1.24301 1.39374 1.40015 1.30794 1.29674 1.30235 1.47332 1.74870 2.13825 2.33110 2.38967 2.42002 2.51846 2.79691 3.21255 3.44519 3.52353 3.60578 3.67862 3.72805 3.77177 3.81888 3.88125 3.98372 4.11472 4.19890 4.23145 4.24975 4.27422 4.31261 4.36316 4.41656 4.46550 4.50713 4.54096 4.56764 4.58675 4.59810 4.60184 4.60848 4.62450 4.65183 4.68464 4.67762 4.66309 4.67192 4.70587 4.74153 4.75750 4.75229 4.73612 4.71289 4.68819 4.66593 4.65012 4.63980 4.63230 4.62398 4.60956 4.59558
0.56291 0.71033 0.90901 1.04446 1.18722 1.35180 1.39264 1.46213 1.42241 1.34814 1.33460 1.45117 1.71549 2.01308 2.34711 2.48417 2.44700 2.36090 2.43802 2.76963 3.15562 3.36793 3.47485 3.56312 3.63602 3.69624 3.74486 3.79553 3.86001 3.96377 4.09605 4.17440 4.20263 4.22144 4.25115 4.29987 4.36195 4.42291 4.47538 4.51862 4.55389 4.58262 4.60347 4.61533 4.61923 4.62419 4.63479 4.65118 4.66788 4.66827 4.66486 4.67706 4.70916 4.74314 4.75778 4.74428 4.72007 4.69431 4.66935 4.64574 4.63129 4.62310 4.61542 4.60851 4.60661 4.60819
0.39643 0.48413 0.56892 0.71990 0.96218 1.32907 1.50011 1.51408 1.36826 1.30544 1.33679 1.55781 1.88965 2.20366 2.42215 2.53402 2.43556 2.21649 2.29690 2.71394 3.09660 3.31364 3.45335 3.55378 3.62596 3.67844 3.72366 3.77844 3.84764 3.95183 4.07255 4.14171 4.17284 4.19957 4.24037 4.30319 4.37610 4.44116 4.49367 4.53556 4.57016 4.59989 4.62279 4.63660 4.64064 4.64192 4.64452 4.64677 4.65011 4.65809 4.67136 4.69063 4.71680 4.74430 4.75517 4.73551 4.70332 4.67461 4.65552 4.64313 4.63720 4.63406 4.62985 4.62485 4.62614 4.63085
0.43977 0.41507 0.42814 0.50680 0.59263 0.83414 1.04188 1.07512 0.87873 0.98670 1.30370 1.71364 2.05079 2.32309 2.37683 2.34622 2.19375 2.01603 2.20674 2.69326 3.09164 3.31275 3.45134 3.55395 3.61754 3.66045 3.71105 3.77202 3.84479 3.93699 4.02952 4.09693 4.14545 4.19091 4.24851 4.32529 4.40486 4.47036 4.51956 4.55711 4.58869 4.61758 4.64250 4.65977 4.66347 4.66103 4.65887 4.65663 4.65855 4.66887 4.68577 4.70703 4.72834 4.74712 4.75058 4.72791 4.68925 4.65708 4.64630 4.65268 4.66355 4.66741 4.66661 4.66170 4.65639 4.64835
0.58822 0.52620 0.52610 0.46550 0.51393 0.77102 0.82965 0.49568 0.43173 0.59336 1.24488 1.81735 2.25086 2.39348 2.29390 1.95110 1.87287 2.17278 2.63996 2.96115 3.17706 3.34978 3.45417 3.53012 3.58561 3.63951 3.70629 3.77338 3.83581 3.89429 3.96275 4.04448 4.12617 4.20177 4.27799 4.36235 4.44285 4.50627 4.55060 4.58185 4.60795 4.63327 4.65811 4.67883 4.68520 4.68311 4.68173 4.68334 4.68980 4.69950 4.71097 4.72506 4.74049 4.75145 4.74665 4.72131 4.67931 4.64642 4.64337 4.66593 4.69326 4.69437 4.68278 4.66633 4.65419 4.63889
0.94026 0.97128 0.97985 0.97745 1.12211 1.42224 1.24124 0.51142 0.45868 0.63615 1.31981 1.87552 2.39055 2.44067 2.23405 1.67388 1.66806 2.09727 2.95248 3.24933 3.33022 3.41703 3.47206 3.51286 3.55804 3.62323 3.69955 3.75567 3.79313 3.83511 3.89934 3.99927 4.12039 4.23218 4.32338 4.40565 4.47835 4.53649 4.57887 4.60559 4.62611 4.64651 4.66798 4.68803 4.70027 4.70393 4.70663 4.71285 4.72187 4.72946 4.73606 4.74289 4.75042 4.75288 4.74223 4.71448 4.67189 4.64185 4.64532 4.67406 4.69588 4.68360 4.66507 4.64526 4.62032 4.58509
1.09242 1.18368 1.25539 1.28148 1.23443 1.37648 1.36218 1.05926 0.68543 0.83002 1.54642 2.13640 2.58200 2.58294 2.36654 1.47697 1.15222 1.42095 2.73182 3.27809 3.44097 3.51435 3.52714 3.53115 3.55045 3.59859 3.65596 3.69562 3.74014 3.79066 3.85772 3.97029 4.12692 4.27236 4.37338 4.44665 4.50558 4.55457 4.59486 4.62243 4.64095 4.65751 4.67445 4.69152 4.70669 4.71750 4.72409 4.73067 4.73799 4.74370 4.74783 4.75205 4.75504 4.75190 4.73877 4.70978 4.66649 4.63830 4.64711 4.67837 4.68329 4.66272 4.65274 4.64509 4.59551 4.51876
1.29504 1.43191 1.35205 1.31857 1.16774 1.01824 1.01465 0.99813 0.81103 1.00413 1.69537 2.53754 2.78155 2.78426 2.64138 2.21559 0.88655 0.45717 1.46689 2.97262 3.52413 3.61194 3.60083 3.58285 3.57953 3.59166 3.61966 3.65792 3.71178 3.77038 3.84132 3.96299 4.14397 4.31025 4.41724 4.48386 4.52899 4.56580 4.59995 4.62916 4.65038 4.66528 4.67860 4.69239 4.70800 4.72267 4.73257 4.73930 4.74482 4.74919 4.75239 4.75529 4.75559 4.75040 4.73737 4.70877 4.66329 4.63340 4.64471 4.67606 4.66562 4.65112 4.66087 4.65921 4.58257 4.45591
1.10433 1.18014 1.22234 1.47485 1.49092 1.06606 0.96085 0.95920 0.85990 1.04105 2.16831 2.73385 2.90218 2.92479 2.85508 2.66309 1.97749 0.63239 0.60872 2.86988 3.55875 3.65997 3.65519 3.63987 3.63829 3.64423 3.66137 3.68953 3.72190 3.77293 3.84754 3.97805 4.16905 4.33799 4.44576 4.51150 4.55028 4.57796 4.60532 4.63218 4.65458 4.67026 4.68262 4.69447 4.70817 4.72334 4.73563 4.74371 4.74920 4.75304 4.75534 4.75665 4.75502 4.74936 4.73683 4.70910 4.66398 4.63292 4.63908 4.65948 4.64963 4.65030 4.66640 4.64962 4.54929 4.38757
1.31676 0.69379 0.70622 1.20276 1.44941 1.34722 1.33763 1.26878 1.06997 1.46846 2.57039 2.85225 2.95287 3.04488 3.01391 2.88238 2.60088 1.77637 1.41720 2.32563 3.50991 3.67145 3.68937 3.68656 3.69652 3.71349 3.72866 3.73786 3.75243 3.79188 3.86773 4.00509 4.19443 4.35450 4.45884 4.52510 4.56613 4.59005 4.61142 4.63400 4.65562 4.67356 4.68701 4.69791 4.70900 4.72238 4.73562 4.74494 4.75100 4.75475 4.75660 4.75682 4.75451 4.74901 4.73667 4.71044 4.67067 4.64219 4.63747 4.63933 4.64205 4.65474 4.65805 4.60751 4.48506 4.31444
