mrvbf_slope0.5_pctl1.asc
NCOLS 410
NROWS 410
XLLCORNER 2398750.0000000000000000
YLLCORNER 2548750.0000000000000000
CELLSIZE 250.0000000000000000
NODATA_VALUE -99999.00000
[rows 29 to 57 of 410, columns 66 to 131 of 410]
6.44834 5.98072 5.75097 5.71468 5.77610 5.98001 6.07785 5.91191 5.86827 5.94427 6.23144 6.46113 6.51150 6.51047 6.53371 6.55861 6.52709 6.37490 6.04337 5.86369 5.83646 5.87275 5.99227 6.12356 5.93255 5.80330 5.76901 5.79690 5.90252 6.10638 6.23775 6.25069 6.07277 5.75915 5.45508 4.95278 5.43207 5.33559 5.41261 5.73644 6.07313 6.11961 5.79542 5.68857 5.78348 6.00265 6.15441 6.27107 6.33533 6.26932 6.10076 5.96561 5.88308 5.73015 5.54802 5.56502 5.37147 5.65413 5.82585 6.02673 6.20417 6.21264 6.15840 5.95344 5.96917 6.06447
6.41288 6.17912 5.79180 5.72272 5.75507 5.90165 6.08472 5.95265 5.88885 5.92921 6.14464 6.42149 6.55221 6.59433 6.58283 6.55242 6.42928 6.07225 5.82690 5.78763 5.80416 5.83963 5.93749 6.16070 6.03403 5.82139 5.75951 5.76448 5.89754 6.07276 6.13376 6.25252 6.14475 5.77804 5.62357 5.53080 5.36096 5.51357 5.51781 5.75286 6.20621 6.29372 6.17710 5.94149 6.11950 6.08195 6.14932 6.20886 6.16689 6.13620 6.06426 6.00647 5.98223 5.80193 5.69139 5.51003 5.61440 5.79261 6.05318 6.10625 6.13242 6.22088 6.21431 5.92650 5.90995 6.01001
6.06902 6.24574 5.92810 5.76020 5.75400 5.84526 6.03561 5.97412 5.90663 5.93602 6.14057 6.42495 6.55636 6.57928 6.51837 6.42641 6.18557 5.83813 5.76159 5.76603 5.80147 5.81344 5.85340 6.07487 6.15780 5.84884 5.75997 5.76075 5.83732 5.91276 5.99214 6.20483 6.03157 5.71360 5.44204 5.50275 5.55698 5.47186 5.52345 5.75324 6.19048 6.26874 6.24070 6.30696 6.01969 5.96190 5.90297 5.96283 6.04078 6.07046 6.01118 5.96061 5.96753 5.89582 5.77443 5.59974 5.57279 5.70597 5.76335 5.86751 5.91034 5.98571 6.11285 6.01610 5.95541 6.06944
5.83799 5.97540 6.07732 5.81869 5.77597 5.84640 5.97195 5.92611 5.89461 5.95748 6.22442 6.47946 6.55890 6.49633 6.34826 6.07869 5.85083 5.76310 5.74643 5.77518 5.82907 5.79348 5.79895 5.98790 6.26232 5.88890 5.75807 5.75416 5.81385 5.94709 5.93560 5.91021 5.90383 5.76225 5.56036 5.21012 5.43084 5.45836 5.70292 5.89807 6.04111 5.81282 5.85356 5.81422 5.76171 5.80887 5.91031 5.99891 6.06122 6.00290 5.94684 5.94419 5.91333 5.86559 5.70883 5.55620 5.54896 5.50437 5.54630 5.63975 5.75266 5.81460 5.99456 6.03711 6.00273 5.98487
5.80076 5.83849 6.06753 5.87437 5.81128 5.86530 5.90022 5.87592 5.90733 6.08964 6.39250 6.53439 6.49656 6.30342 6.00679 5.84361 5.78029 5.75676 5.76527 5.82061 5.91906 5.79347 5.77147 5.89111 6.20841 5.92056 5.76501 5.75922 5.82939 5.89427 5.88766 5.90254 5.98192 5.84363 5.72600 5.56674 5.61923 5.61841 5.79163 5.86896 5.71665 5.56763 5.67467 5.58981 5.61788 5.70650 5.86692 6.05791 6.06463 5.98351 6.06591 5.98947 6.01549 5.92936 5.77923 5.67167 5.51348 5.34035 5.50630 4.96885 5.60020 5.74699 5.81142 5.90084 5.92647 5.99544
5.75408 5.81067 6.02953 5.92885 5.89078 5.90607 5.90787 5.94868 6.11693 6.37009 6.51660 6.52179 6.34087 6.01456 5.85786 5.80797 5.78547 5.78252 5.80846 5.91498 6.03070 5.81753 5.76030 5.79763 5.93715 5.91924 5.80080 5.77385 5.80198 5.84031 5.85022 5.88378 5.97381 5.88736 5.81934 5.72450 5.66776 5.73875 5.85051 5.74531 5.46800 5.46175 5.58669 5.43892 5.43783 5.61917 5.78033 5.93158 5.97343 5.97221 6.01450 6.11902 6.13932 6.08389 5.91867 5.80319 5.72884 5.61999 4.94120 5.38709 5.26631 5.67058 5.76596 5.79311 5.85097 6.04470
5.75021 5.82165 5.85069 5.89382 6.08487 6.14841 6.19162 6.30495 6.44437 6.52895 6.55311 6.43696 6.11824 5.89251 5.84035 5.82602 5.82152 5.82826 5.87211 6.03861 6.16971 5.89737 5.78455 5.76409 5.80304 5.89638 5.93214 5.82794 5.79362 5.79291 5.81893 5.83485 5.84712 5.93683 5.93449 5.88159 5.80619 5.88452 5.77493 5.71316 5.52998 5.24431 5.43147 5.32741 5.49018 5.67269 5.79657 5.95579 6.05793 6.05484 6.00214 5.99465 5.95155 6.08837 5.96264 5.88067 5.94648 5.82844 5.60289 5.19652 5.59408 5.68251 5.76589 5.78244 5.81381 5.85676
5.79931 5.75832 5.74434 5.80194 6.02222 6.33323 6.45305 6.50187 6.54801 6.57210 6.49952 6.29034 5.97420 5.87116 5.86148 5.87319 5.87916 5.87634 5.90944 6.07496 6.29725 6.11825 5.88238 5.79740 5.78869 5.86793 6.13396 5.98156 5.82808 5.78358 5.78676 5.81958 5.81325 5.86542 6.02629 6.08756 5.91144 5.75366 5.63611 5.65773 5.66607 5.56327 5.65860 5.66129 5.66715 5.72365 5.79977 5.92897 6.05512 6.11667 6.09226 5.98448 5.95906 6.10114 5.99830 5.96420 5.96682 6.01909 5.78946 5.66562 5.68993 5.74696 5.75883 5.79621 5.81424 5.74906
5.73931 5.68924 5.70866 5.76097 5.82437 6.03391 6.30988 6.41430 6.45835 6.46081 6.37321 6.09505 5.91483 5.89167 5.91935 5.94073 5.91442 5.86859 5.85441 5.90081 6.06014 6.23069 6.16224 5.95585 5.83868 5.83848 6.04571 6.18961 5.94622 5.81300 5.77995 5.80047 5.82472 5.83666 5.91264 5.95933 5.81692 5.63993 5.63001 5.56599 5.65118 5.70321 5.73729 5.77340 5.74004 5.73826 5.82213 6.02513 6.13686 5.97704 5.96149 5.97015 6.06372 6.13641 6.19476 6.11628 5.98442 6.05485 5.98278 5.82370 5.74934 5.76545 5.80380 5.81816 5.76605 5.74820
5.69454 5.66967 5.74032 5.77983 5.79153 5.82406 5.86502 5.98088 6.14379 6.18649 6.08293 5.95177 5.92665 5.97681 6.04554 5.99556 5.89777 5.83033 5.79863 5.79745 5.83565 5.94011 6.07112 6.07408 5.93247 5.86532 5.95922 6.24626 6.20699 5.91911 5.79797 5.77783 5.79561 5.82214 5.84547 5.86827 5.84943 5.68908 5.45349 5.58442 5.66931 5.74750 5.73915 5.78396 5.74122 5.76691 5.86588 6.03036 5.98483 5.88638 5.89572 5.92707 6.07043 6.04091 6.05515 6.07143 5.99317 6.05536 6.11151 5.96167 5.86780 5.86121 5.92485 5.91757 5.80030 5.67770
5.70262 5.66883 5.72786 5.80669 5.85860 5.83108 5.79949 5.82011 5.90256 5.97941 5.97223 5.97282 6.03646 6.16583 6.18155 6.04047 5.93536 5.85299 5.79819 5.77306 5.78062 5.81803 5.87743 5.96958 6.04354 5.94870 5.92646 6.15991 6.38642 6.20514 5.87162 5.77763 5.76846 5.79405 5.80853 5.81560 5.79737 5.62503 4.76174 5.05749 5.04162 5.59370 5.71138 5.73271 5.75682 5.78393 5.87977 5.95861 5.85591 5.75551 5.75256 5.82147 5.99344 6.01841 5.91020 5.95837 5.97048 6.16204 6.22224 6.00448 6.05561 6.09264 6.04146 6.09898 5.85724 5.67303
5.76428 5.69283 5.69685 5.74953 5.81401 5.85485 5.90119 5.87353 5.95801 6.08566 6.12803 6.15108 6.23729 6.31010 6.22458 6.19543 6.16929 6.06952 5.92483 5.82123 5.78257 5.79547 5.81979 5.87373 6.05130 6.01595 5.89868 6.04439 6.39860 6.39473 6.03686 5.79290 5.75717 5.79834 5.84932 5.83038 5.69981 5.20077 4.29717 3.26693 2.83970 4.97793 5.64942 5.67774 5.74918 5.82170 5.86410 5.82674 5.72946 5.64397 5.66769 5.71572 5.81232 5.85504 5.93132 5.91427 5.93242 6.08217 6.19545 6.07888 6.08569 6.01547 6.06610 6.23466 5.96558 5.73642
5.87993 5.76576 5.71776 5.72314 5.74627 5.76370 5.77976 5.83962 5.99929 6.20798 6.29222 6.30755 6.34543 6.30344 6.31332 6.41026 6.43351 6.39779 6.31183 6.09220 5.86847 5.81884 5.81521 5.81139 5.87627 6.00825 5.87971 5.93632 6.29221 6.39901 6.05546 5.77485 5.73364 5.77719 5.87292 5.92607 5.76802 5.55756 2.23727 2.56624 3.25112 4.13863 5.45982 4.87781 5.58904 5.75382 5.82984 5.76757 5.67768 5.65512 5.68838 5.69859 5.79886 5.84028 5.94141 5.96718 6.01935 6.06081 6.23049 6.05925 6.04264 5.98568 5.96357 6.16785 6.10935 5.78689
5.79426 5.86636 5.78170 5.74735 5.74290 5.75030 5.77018 5.80301 5.85274 5.92767 6.02225 6.16157 6.32288 6.28113 6.36045 6.48395 6.53758 6.52311 6.48972 6.39907 6.17531 5.95115 5.86967 5.79788 5.79786 5.96780 5.89806 5.87502 6.06136 6.13094 5.84352 5.72554 5.71111 5.76489 5.87177 6.02353 5.83086 5.71247 5.40150 3.34546 3.25387 4.58575 4.97216 3.45288 4.08845 5.65260 5.78994 5.75024 5.68851 5.69689 5.73731 5.77621 5.82998 5.84744 5.87268 5.87408 6.03985 6.06824 6.25742 6.06943 6.05761 5.97575 5.97224 6.04857 6.03488 5.74443
5.69867 5.86049 5.93668 5.81449 5.78653 5.79443 5.81789 5.82278 5.82644 5.83544 5.86292 5.95652 6.17419 6.24787 6.37048 6.48649 6.51268 6.46560 6.43102 6.41419 6.36312 6.20756 5.99310 5.82272 5.79254 5.87506 5.94218 5.86088 5.84825 5.82395 5.75066 5.70786 5.73108 5.80249 5.83882 5.96244 5.90279 5.78221 5.65563 5.11329 3.08453 5.35859 5.51598 3.71500 4.63936 5.67575 5.78133 5.71517 5.66222 5.73879 5.79249 5.76625 5.81975 5.90962 5.85387 5.95987 5.93688 5.99684 6.19735 6.10576 6.17342 6.02896 5.89487 5.94735 6.06085 5.90880
5.63952 5.74889 5.97261 5.99505 5.83950 5.84613 5.93957 5.92177 5.88716 5.84881 5.83442 5.89463 6.09974 6.26741 6.39846 6.42863 6.32495 6.15093 6.06802 6.10325 6.17275 6.17275 6.04255 5.88671 5.82733 5.85808 5.98097 5.90316 5.80587 5.77402 5.75455 5.76328 5.77029 5.75269 5.76946 5.80280 5.82287 5.80325 5.68348 5.23645 5.17396 4.80742 5.53191 5.04116 5.58962 5.78234 5.74541 5.66173 5.57337 5.64260 5.74818 5.72532 5.80622 5.90551 5.95230 6.12773 5.99301 5.97963 6.03539 6.03011 6.00172 5.91459 5.89909 5.99474 6.13903 6.08712
5.64362 5.71631 5.87295 5.96479 5.81354 5.82059 5.89199 5.99944 5.96979 5.85773 5.82865 5.89458 6.13598 6.34285 6.37328 6.17783 5.91562 5.81609 5.80707 5.84811 5.94149 6.07176 6.12521 6.02819 5.90075 5.86208 5.88492 5.88644 5.84812 5.83369 5.86577 5.91991 5.81383 5.77816 5.79893 5.76619 5.74864 5.78841 5.78589 5.63548 5.34806 5.55668 5.63430 5.64225 5.71815 5.74851 5.71655 5.50569 4.07909 5.50854 5.73207 5.75403 5.79159 5.92990 6.03702 6.12209 6.04101 5.97940 5.96724 5.94076 5.89797 5.90838 5.97837 6.18667 6.13855 6.02696
5.67870 5.74586 5.82119 5.80370 5.78617 5.78414 5.82763 5.97105 5.88869 5.80796 5.80498 5.88629 6.16085 6.35278 6.23520 5.93251 5.80489 5.78610 5.80228 5.82739 5.89339 6.04899 6.23879 6.20860 6.00305 5.87736 5.83031 5.82016 5.84531 5.92963 6.06897 6.07819 5.93341 5.90779 5.95742 5.78861 5.71621 5.72789 5.80050 5.75027 5.66123 5.65951 5.69009 5.71293 5.64045 5.53924 5.55512 4.80718 3.56368 3.64073 5.63359 5.75421 5.89560 6.09849 6.07726 6.01131 6.01779 6.02808 5.97594 5.95878 6.08829 6.20137 6.22872 6.13963 6.10017 5.95020
5.72601 5.75271 5.76913 5.77375 5.77102 5.77464 5.79485 5.84568 5.80167 5.76606 5.77857 5.85195 6.03558 6.27088 6.25779 5.92326 5.79366 5.79739 5.85128 5.86904 5.91540 6.03474 6.21572 6.27915 6.13081 5.93971 5.83200 5.79241 5.80077 5.85900 5.99318 6.12668 6.05912 5.94660 5.95460 5.82782 5.71614 5.68110 5.73075 5.79480 5.75896 5.69731 5.72841 5.64134 5.33056 5.40385 4.85865 4.16071 4.49321 3.36251 5.60368 5.79079 5.87385 5.90290 5.89608 5.92766 5.97413 5.95489 5.97388 6.09455 6.22473 6.22409 6.13730 6.06883 5.92717 5.75504
5.74274 5.72566 5.72131 5.72278 5.71848 5.72422 5.78496 5.77856 5.75433 5.73472 5.75423 5.80573 5.87689 6.11185 6.34867 6.15211 5.84244 5.78324 5.81232 5.87833 5.96744 6.03471 6.06154 6.09194 6.10014 6.02794 5.88015 5.79481 5.78600 5.82907 5.92483 6.06771 6.17266 6.00866 5.92416 5.85549 5.73903 5.65158 5.66016 5.74262 5.77566 5.75655 5.74281 5.71512 5.54330 4.60029 4.45957 4.55841 2.92421 4.67357 5.63539 5.77487 5.78324 5.80188 5.82488 5.90790 5.90428 5.90667 6.00105 6.05833 6.07944 6.09459 5.87702 5.73760 5.73760 5.58352
5.80597 5.75179 5.71991 5.69847 5.68877 5.68637 5.70384 5.75808 5.72413 5.70262 5.72786 5.76441 5.78739 5.91600 6.31278 6.38449 6.09042 5.84575 5.83187 5.89872 5.95296 5.90979 5.87471 5.86667 5.86881 5.86394 5.81625 5.75934 5.75048 5.81276 5.93916 6.00328 6.09251 6.01433 5.89419 5.81473 5.75045 5.69011 5.62895 5.68743 5.74462 5.76214 5.74748 5.73808 5.66257 5.49668 5.41444 5.42808 4.66446 5.59115 5.71275 5.77609 5.80938 5.82418 5.82626 5.92105 6.00740 6.02647 5.91791 5.95077 6.00142 5.82733 5.65118 5.38723 5.52679 5.58391
5.95810 5.83221 5.75534 5.71390 5.70194 5.70017 5.69363 5.74110 5.68995 5.67233 5.71192 5.75386 5.74819 5.80911 6.19531 6.43105 6.20049 5.86090 5.78847 5.78926 5.79916 5.80200 5.80173 5.79961 5.79243 5.77360 5.73879 5.70405 5.72046 5.79385 5.95531 5.97696 5.94699 5.94833 5.86629 5.78611 5.76152 5.75225 5.65753 5.68018 5.73718 5.73426 5.76792 5.76880 5.69789 5.61599 5.15496 5.28305 5.15116 5.67510 5.77056 5.81885 5.89222 5.85464 5.94278 5.91062 6.02203 6.12050 5.96254 5.88863 5.88323 5.68916 5.24390 5.47549 5.34810 5.59063
5.92094 5.82958 5.77060 5.74134 5.71171 5.67627 5.68924 5.73802 5.67030 5.66123 5.72956 5.78807 5.74486 5.76802 5.97953 6.16873 5.91745 5.75807 5.72998 5.74813 5.76821 5.78637 5.80077 5.80786 5.80368 5.77700 5.73685 5.72001 5.74637 5.77534 5.88236 5.94756 5.85983 5.85178 5.81520 5.75298 5.76015 5.76594 5.69424 5.68487 5.72680 5.75428 5.76743 5.78860 5.75664 5.70871 5.57474 5.27367 5.59896 5.66862 5.74917 5.77344 5.80125 5.80317 5.84662 5.84027 5.83871 5.82011 5.91666 5.85583 5.78157 5.60930 5.24582 5.16493 5.61520 5.69489
5.84920 5.79449 5.76938 5.76626 5.71084 5.65202 5.69846 5.72410 5.65599 5.67134 5.76141 5.79608 5.76659 5.76810 5.80341 5.84241 5.79648 5.72853 5.73924 5.78091 5.80931 5.84293 5.88648 5.91793 5.92094 5.85864 5.79037 5.77723 5.77499 5.78747 5.93883 5.89847 5.80002 5.80411 5.78825 5.74921 5.75467 5.77313 5.74324 5.71027 5.70440 5.73444 5.77727 5.81512 5.82543 5.78510 5.71058 5.64629 5.59103 5.27302 5.60444 5.73328 5.73423 5.66543 5.71029 5.72380 5.67127 5.67133 5.75650 5.79450 5.66564 5.51490 5.51605 5.47107 5.69624 5.68168
5.81883 5.77986 5.77016 5.78333 5.72842 5.66301 5.69653 5.73217 5.65957 5.67466 5.71931 5.74489 5.77750 5.81771 5.78477 5.80006 5.82640 5.74737 5.72749 5.77592 5.87867 5.95860 5.98148 5.93712 5.87691 5.83262 5.79580 5.78562 5.78494 5.84536 6.00015 5.82211 5.77147 5.82137 5.79634 5.76309 5.77684 5.81189 5.80057 5.74799 5.69523 5.71545 5.77039 5.76223 5.77264 5.82114 5.81882 5.66859 5.32271 5.42936 5.28730 5.65075 5.59738 4.96996 5.55722 5.52785 5.41448 5.60316 5.66624 5.65786 5.53730 5.55903 5.51473 5.65936 5.76508 5.74106
5.78531 5.77329 5.78374 5.81227 5.74719 5.68916 5.70202 5.74360 5.69117 5.66095 5.69023 5.73578 5.77033 5.76702 5.73951 5.74984 5.78303 5.75448 5.70918 5.72191 5.79335 5.82218 5.80094 5.78402 5.77687 5.77132 5.76184 5.77177 5.81154 5.90847 5.91052 5.79049 5.78283 5.87199 5.83326 5.79833 5.83260 5.93253 5.89867 5.78302 5.72114 5.70641 5.70502 5.70147 5.74014 5.76646 5.86297 5.77784 5.61266 5.28903 5.61283 5.65936 5.21039 5.26573 4.67419 3.86501 3.82938 5.37796 5.64530 5.54239 5.47685 4.73715 5.49819 5.70459 5.72675 5.71353
5.75721 5.76355 5.81842 5.88223 5.77185 5.71790 5.70993 5.71285 5.71197 5.71269 5.73303 5.76276 5.76660 5.74828 5.72893 5.74671 5.77477 5.79044 5.74108 5.70635 5.73112 5.74840 5.75528 5.76873 5.79876 5.79568 5.76697 5.76969 5.81041 5.90402 5.86935 5.80631 5.81446 5.84661 5.83793 5.83737 5.90341 6.07870 6.01459 5.81507 5.73930 5.70133 5.69070 5.68909 5.70005 5.75581 5.80946 5.83990 5.75418 5.66578 5.73499 5.66359 5.52890 3.91818 3.77540 3.50326 3.51623 4.88759 5.65218 5.58852 3.22323 2.97921 3.61289 5.60663 5.70778 5.69284
5.77228 5.80621 5.85618 5.89566 5.79532 5.73461 5.70149 5.66181 5.64561 5.65598 5.65621 5.65403 5.67199 5.70497 5.69142 5.69802 5.71189 5.73807 5.76401 5.76129 5.74862 5.76438 5.79733 5.84428 5.95701 5.90802 5.81944 5.79325 5.79953 5.82678 5.83803 5.83566 5.84344 5.83065 5.83407 5.86850 5.95445 6.10368 6.06154 5.83128 5.73614 5.68328 5.65571 5.64878 5.66358 5.71550 5.76038 5.78613 5.80526 5.81789 5.81694 5.71292 5.62175 5.58875 5.54523 4.36364 3.44082 5.51799 5.66741 5.64700 4.09984 2.68499 3.75526 5.62572 5.72152 5.71625
5.76748 5.75925 5.79468 5.85916 5.81296 5.73809 5.68738 5.65316 5.64100 5.63945 5.64229 5.65103 5.63738 5.66195 5.69497 5.71332 5.73677 5.73300 5.73889 5.76174 5.80948 5.86543 5.98574 6.06905 6.04467 5.99260 5.90520 5.84621 5.81277 5.80364 5.81888 5.86319 5.88838 5.86662 5.89065 5.95512 6.06145 6.12761 5.99000 5.81059 5.73241 5.68065 5.63995 5.60154 5.56960 5.58912 5.70262 5.74232 5.78172 5.78452 5.79696 5.76164 5.73643 5.73352 5.69272 5.42113 3.31088 5.20368 5.65379 5.69662 5.53544 4.65868 5.51860 5.72229 5.75836 5.75189
