mrvbf_slope1.1_pctl1.asc
NCOLS 410
NROWS 410
XLLCORNER 2398750.0000000000000000
YLLCORNER 2548750.0000000000000000
CELLSIZE 250.0000000000000000
NODATA_VALUE -99999.00000
[rows 232 to 260 of 410, columns 264 to 329 of 410]
7.42854 7.40256 7.40167 7.42673 7.48189 7.50506 7.51267 7.52052 7.52627 7.51959 7.51962 7.53348 7.54862 7.55598 7.56100 7.56498 7.56741 7.56881 7.56953 7.56965 7.56921 7.56769 7.56553 7.56508 7.56431 7.56006 7.55311 7.54524 7.53790 7.53276 7.52948 7.52446 7.51275 7.49757 7.48668 7.48053 7.49145 7.51858 7.53064 7.51898 7.48957 7.45781 7.38393 7.03873 6.61389 6.83330 7.19795 7.28608 7.11087 7.40319 7.43244 6.87448 6.29324 7.28491 7.46430 7.51473 7.53848 7.54995 7.55269 7.53922 7.52333 7.52990 7.51914 7.50028 7.47819 7.44683
7.47064 7.45759 7.45511 7.46565 7.48568 7.50041 7.51180 7.52621 7.53681 7.53068 7.52171 7.52931 7.54527 7.55587 7.56049 7.56384 7.56613 7.56737 7.56795 7.56790 7.56659 7.56306 7.56120 7.56213 7.56159 7.55787 7.55201 7.54515 7.53806 7.53228 7.52827 7.52385 7.51342 7.49507 7.47932 7.48297 7.49872 7.51591 7.52008 7.50371 7.48642 7.47600 7.42939 7.18642 6.65464 6.64667 7.06076 7.07863 7.08206 7.05454 7.35753 7.01435 6.23902 7.23015 7.45342 7.50155 7.52068 7.53599 7.53327 7.50639 7.49289 7.48913 7.50843 7.50682 7.48170 7.44518
7.49915 7.48919 7.48401 7.48244 7.48775 7.49704 7.50851 7.52042 7.53349 7.53990 7.52862 7.52711 7.53978 7.55110 7.55591 7.55868 7.56185 7.56401 7.56507 7.56447 7.56009 7.55450 7.55547 7.55828 7.55814 7.55531 7.55065 7.54455 7.53751 7.53101 7.52613 7.52079 7.50500 7.47217 7.45759 7.48718 7.51218 7.52575 7.52233 7.51008 7.50309 7.49653 7.46314 7.31651 6.94376 6.74446 7.01366 7.24635 7.13783 7.29326 7.37079 7.25151 6.67671 7.07003 7.40001 7.46265 7.49619 7.52095 7.50780 7.47984 7.48629 7.45378 7.48931 7.50674 7.48155 7.42916
7.51833 7.51052 7.50588 7.49950 7.50110 7.50776 7.51453 7.51912 7.52723 7.53609 7.52887 7.52474 7.53490 7.54479 7.54876 7.54907 7.55079 7.55503 7.55899 7.55726 7.54843 7.54577 7.55098 7.55458 7.55445 7.55277 7.54963 7.54424 7.53702 7.52966 7.52388 7.51917 7.50385 7.45278 7.44562 7.49588 7.51761 7.52822 7.52726 7.51445 7.50055 7.48995 7.45550 7.35287 7.15841 7.05846 7.07430 7.14810 7.37048 7.41545 7.40771 7.29464 6.76578 6.83360 7.33478 7.43987 7.48787 7.51370 7.50094 7.46026 7.43284 7.44591 7.49910 7.51163 7.48887 7.43866
7.52740 7.52476 7.52504 7.52039 7.51874 7.52328 7.52795 7.53015 7.53340 7.53492 7.52806 7.52588 7.53359 7.53997 7.54208 7.53985 7.53632 7.53776 7.54293 7.54254 7.53723 7.54565 7.55072 7.55066 7.55004 7.55007 7.54911 7.54467 7.53701 7.52874 7.52208 7.51729 7.50720 7.46795 7.43314 7.46919 7.50019 7.52002 7.52804 7.52151 7.50032 7.48021 7.42375 7.27805 7.10885 7.21308 7.32023 7.14697 7.28608 7.39857 7.33479 7.06231 6.64238 6.68320 7.18782 7.37494 7.44764 7.49430 7.50599 7.48046 7.45921 7.48595 7.50897 7.50363 7.48303 7.44262
7.53096 7.53149 7.53882 7.53738 7.52810 7.52645 7.53271 7.54058 7.54615 7.54389 7.53488 7.53021 7.53252 7.53603 7.53777 7.53628 7.53429 7.53411 7.53032 7.53293 7.54136 7.55205 7.54985 7.54293 7.54225 7.54527 7.54769 7.54556 7.53749 7.52807 7.52078 7.51621 7.51169 7.49720 7.46458 7.45487 7.47239 7.49753 7.51797 7.51904 7.49915 7.47338 7.37051 7.10659 6.92319 7.14179 7.24508 7.24758 7.28821 7.38186 7.18996 7.07545 7.06855 7.04948 7.01534 7.10306 7.28732 7.40100 7.46429 7.49273 7.49977 7.50742 7.50611 7.48876 7.46645 7.43305
7.53625 7.53377 7.53921 7.54057 7.53251 7.52815 7.53522 7.54626 7.55387 7.55031 7.53870 7.53031 7.52912 7.53237 7.53650 7.53966 7.54366 7.54602 7.53956 7.54128 7.54974 7.54913 7.53628 7.52660 7.52856 7.53528 7.54165 7.54453 7.53747 7.52660 7.51938 7.51665 7.51460 7.50898 7.49389 7.47756 7.47293 7.48005 7.49649 7.49520 7.47061 7.43701 7.26537 6.91995 6.96861 7.32417 7.42100 7.38436 7.35228 7.28048 7.23519 7.32896 7.25040 7.28458 7.38379 7.31636 7.27461 7.32319 7.39483 7.44777 7.48432 7.49998 7.49330 7.47886 7.46495 7.44248
7.54130 7.53466 7.53462 7.53713 7.53555 7.53195 7.53626 7.54802 7.55640 7.55055 7.53639 7.52610 7.52458 7.52991 7.53824 7.54622 7.55165 7.55329 7.55172 7.54901 7.54210 7.52701 7.51138 7.50622 7.51610 7.52518 7.53058 7.53651 7.53427 7.52229 7.51620 7.51730 7.51857 7.51593 7.50454 7.49013 7.48246 7.48422 7.49099 7.47814 7.45304 7.40030 7.13002 6.76761 7.10277 7.42530 7.46238 7.36216 7.07650 7.16615 7.32740 7.38004 7.32499 7.34051 7.37115 7.34432 7.38447 7.37209 7.39150 7.41544 7.44430 7.47402 7.48103 7.48280 7.48081 7.46446
7.54481 7.53816 7.53456 7.53546 7.53554 7.53238 7.53671 7.55014 7.55681 7.54912 7.53195 7.51914 7.51983 7.52941 7.54176 7.55171 7.55515 7.55462 7.55197 7.53849 7.51829 7.49713 7.49101 7.50660 7.52543 7.53097 7.52680 7.52626 7.52649 7.51651 7.51540 7.52176 7.52376 7.52055 7.50978 7.49373 7.48297 7.48538 7.49491 7.47704 7.45223 7.39012 7.06973 6.66274 7.12501 7.44013 7.43877 7.22034 7.11235 7.29377 7.40602 7.39080 7.38233 7.39267 7.38674 7.35246 7.36057 7.37488 7.39408 7.41541 7.43037 7.45500 7.47805 7.49185 7.49349 7.48181
7.54742 7.54416 7.53934 7.53585 7.53253 7.53086 7.54117 7.55359 7.55540 7.54643 7.52628 7.51134 7.51656 7.53121 7.54430 7.55127 7.55448 7.55344 7.54316 7.51934 7.49346 7.48630 7.50739 7.53105 7.54239 7.54451 7.53885 7.53062 7.52606 7.52084 7.52273 7.52739 7.52358 7.51795 7.51000 7.49437 7.47925 7.47710 7.48467 7.46519 7.42602 7.34686 7.03729 6.65181 7.15880 7.41715 7.39868 7.25026 6.95523 7.27454 7.39382 7.40092 7.42614 7.42589 7.42672 7.43958 7.39407 7.38614 7.41201 7.44147 7.45682 7.46480 7.47787 7.48972 7.49462 7.49299
7.54594 7.54640 7.54421 7.53843 7.53398 7.53878 7.54967 7.55480 7.55313 7.54340 7.52060 7.50523 7.51607 7.53293 7.53991 7.54003 7.54680 7.54639 7.53770 7.50623 7.48006 7.49527 7.52688 7.54106 7.54676 7.54915 7.54803 7.54272 7.53642 7.52839 7.52103 7.51699 7.51083 7.50469 7.50028 7.48984 7.47369 7.46250 7.45826 7.43919 7.38749 7.26960 6.99116 6.96499 7.28688 7.35738 7.31445 7.26608 7.31130 7.27120 7.36267 7.40395 7.44713 7.42737 7.43418 7.43188 7.39649 7.41987 7.45723 7.46798 7.46357 7.46352 7.47409 7.48636 7.49349 7.49847
7.54453 7.54472 7.54324 7.54068 7.54184 7.54765 7.55222 7.55385 7.55119 7.54233 7.51895 7.50046 7.51359 7.52732 7.52271 7.51770 7.52750 7.53815 7.53596 7.50287 7.47190 7.48790 7.52322 7.53798 7.54401 7.54785 7.54842 7.54315 7.53228 7.52203 7.51330 7.50917 7.50364 7.49402 7.48721 7.47911 7.46180 7.43988 7.42457 7.41753 7.38225 7.28709 7.16178 7.18519 7.31539 7.35043 7.37300 7.35837 7.25343 7.35354 7.35295 7.35924 7.41410 7.41579 7.41525 7.40770 7.41059 7.43930 7.46889 7.47568 7.45889 7.44905 7.47090 7.48802 7.49355 7.50060
7.54103 7.54252 7.54180 7.54249 7.54305 7.54498 7.54885 7.55089 7.54929 7.54347 7.52523 7.49834 7.50700 7.51041 7.49834 7.50099 7.49858 7.52227 7.53781 7.50952 7.47121 7.47233 7.50508 7.52277 7.53027 7.53830 7.54097 7.53275 7.52292 7.52246 7.52017 7.51773 7.51213 7.49944 7.48556 7.47389 7.45397 7.42342 7.40591 7.39482 7.36127 7.30270 7.17929 7.02537 7.15459 7.33044 7.36051 7.31999 7.26202 7.33426 7.28557 7.23840 7.38317 7.42636 7.41948 7.41044 7.41777 7.44208 7.44783 7.45407 7.43575 7.44208 7.48110 7.49403 7.49028 7.49516
7.53844 7.54004 7.54191 7.54282 7.54038 7.53576 7.53780 7.54425 7.54637 7.54368 7.53071 7.50115 7.50024 7.49153 7.50054 7.51143 7.48588 7.50196 7.53271 7.51535 7.47936 7.47210 7.49222 7.50610 7.51108 7.51769 7.52564 7.52500 7.52150 7.52453 7.52557 7.52199 7.51091 7.49694 7.48913 7.48008 7.46512 7.43799 7.40256 7.37514 7.33957 7.27705 7.17524 7.04428 6.98944 7.23717 7.31489 7.29163 7.34974 7.30376 7.32069 7.25070 7.37188 7.43922 7.42795 7.41197 7.43375 7.45886 7.43942 7.43291 7.42738 7.46177 7.49168 7.49308 7.48188 7.48216
7.53991 7.53892 7.53925 7.53704 7.53033 7.52305 7.52007 7.53088 7.54031 7.54132 7.52969 7.50635 7.49783 7.50005 7.52204 7.52282 7.48528 7.48132 7.51983 7.51552 7.48483 7.48218 7.50055 7.51080 7.51125 7.50720 7.51147 7.52339 7.52599 7.52335 7.52185 7.51794 7.50616 7.49758 7.49560 7.48806 7.47692 7.45766 7.42393 7.38910 7.35329 7.33125 7.33935 7.25213 7.07963 7.22732 7.31285 7.33787 7.40234 7.38772 7.40871 7.36806 7.36026 7.39450 7.41716 7.43178 7.45134 7.46333 7.45620 7.44801 7.44778 7.46875 7.48302 7.47984 7.46952 7.47347
7.53581 7.53263 7.52847 7.52228 7.50852 7.49897 7.49800 7.50937 7.52832 7.53658 7.53396 7.52416 7.51294 7.52051 7.52146 7.51153 7.47605 7.47204 7.50819 7.51262 7.47971 7.48030 7.50345 7.51543 7.51663 7.51321 7.50806 7.51674 7.52663 7.52579 7.51919 7.51252 7.50175 7.49711 7.48700 7.47541 7.46694 7.45700 7.43166 7.40320 7.37650 7.36901 7.37764 7.28183 6.97835 7.15101 7.29289 7.33705 7.38055 7.36986 7.39563 7.37679 7.36728 7.37291 7.40750 7.44474 7.46752 7.47279 7.47841 7.46529 7.46196 7.46608 7.47148 7.46803 7.46137 7.46471
7.52578 7.51693 7.50174 7.48553 7.46781 7.47150 7.47752 7.48468 7.51068 7.52525 7.52181 7.51863 7.51752 7.51371 7.49886 7.47451 7.43583 7.45066 7.49496 7.49336 7.46468 7.47354 7.50098 7.51313 7.50962 7.50250 7.50433 7.51400 7.52182 7.52106 7.51038 7.50827 7.50190 7.49759 7.48784 7.46875 7.45042 7.43957 7.42458 7.40918 7.39373 7.37774 7.36988 7.31963 6.99168 6.75696 7.19796 7.27193 7.30783 7.31537 7.35459 7.38658 7.35562 7.36635 7.41369 7.46321 7.48552 7.49056 7.48416 7.46967 7.47014 7.47427 7.46953 7.46012 7.45015 7.45584
7.51124 7.49026 7.46350 7.44362 7.44369 7.46403 7.46074 7.46133 7.49221 7.51132 7.51103 7.51188 7.50938 7.49405 7.46620 7.43231 7.41196 7.45733 7.49405 7.47296 7.44970 7.47162 7.49695 7.50440 7.49772 7.48974 7.49150 7.49840 7.50875 7.51090 7.50263 7.50157 7.50166 7.50061 7.48907 7.47504 7.45176 7.43636 7.42793 7.42001 7.41518 7.40404 7.38863 7.39383 7.31330 6.96725 7.20977 7.28260 7.34422 7.32420 7.35399 7.39017 7.36598 7.38489 7.43742 7.47829 7.49298 7.49488 7.48628 7.47581 7.47397 7.48023 7.47062 7.45444 7.44717 7.45693
7.49195 7.45860 7.43403 7.43293 7.44898 7.46026 7.44553 7.44267 7.47039 7.49789 7.49963 7.49718 7.48785 7.46027 7.42340 7.40764 7.42181 7.46194 7.47146 7.44946 7.44018 7.46852 7.48394 7.49074 7.47911 7.44392 7.42413 7.44180 7.47208 7.48777 7.48415 7.48729 7.49314 7.49532 7.47921 7.45895 7.44650 7.44296 7.44214 7.43423 7.42894 7.42400 7.41879 7.41960 7.39840 7.26925 7.28993 7.33137 7.38089 7.39494 7.39053 7.41654 7.38425 7.41322 7.45621 7.48429 7.49716 7.50008 7.49216 7.47864 7.46666 7.46290 7.45805 7.45064 7.45196 7.46321
7.46703 7.43135 7.41996 7.43866 7.45644 7.45154 7.43355 7.43464 7.44578 7.47833 7.47745 7.45839 7.43253 7.39451 7.38347 7.40783 7.43676 7.45818 7.41622 7.38874 7.42378 7.43750 7.45174 7.47670 7.46672 7.42468 7.39865 7.39657 7.42956 7.46018 7.45681 7.45465 7.46348 7.47454 7.44922 7.43013 7.43749 7.44334 7.44480 7.44424 7.44181 7.43431 7.42987 7.42585 7.40668 7.30735 7.23187 7.34277 7.40012 7.41224 7.38083 7.39967 7.36802 7.42819 7.45882 7.47956 7.49550 7.50274 7.49925 7.48261 7.45768 7.44132 7.44092 7.44499 7.45381 7.46790
7.45750 7.42849 7.41719 7.44273 7.46442 7.45272 7.42949 7.44024 7.44703 7.45498 7.45033 7.40315 7.36551 7.35879 7.40618 7.44612 7.45758 7.45995 7.39652 7.35195 7.35981 7.36805 7.40620 7.45147 7.45835 7.42966 7.45382 7.43030 7.43746 7.46361 7.46296 7.46156 7.45502 7.46452 7.43630 7.43438 7.44246 7.43648 7.43499 7.44408 7.44652 7.44331 7.44096 7.44044 7.43186 7.39463 7.30915 7.33771 7.41887 7.40065 7.35336 7.35555 7.37923 7.43398 7.45123 7.46917 7.48629 7.49929 7.50072 7.48386 7.44945 7.43044 7.43040 7.43498 7.45090 7.47263
7.45677 7.43090 7.40275 7.43150 7.46756 7.45484 7.42193 7.44355 7.46084 7.44454 7.41374 7.33470 7.35987 7.41214 7.45708 7.48112 7.48296 7.47113 7.45875 7.40849 7.34894 7.37013 7.37193 7.42256 7.47276 7.44620 7.43858 7.46028 7.46676 7.48257 7.48183 7.47633 7.46953 7.47327 7.44603 7.45242 7.46023 7.44196 7.42910 7.43427 7.44299 7.44687 7.44647 7.45048 7.44563 7.42762 7.41195 7.40624 7.43178 7.42211 7.42907 7.39830 7.42836 7.44177 7.46571 7.46929 7.47930 7.49293 7.49618 7.48554 7.45588 7.42516 7.40806 7.41267 7.44474 7.47767
7.43373 7.42292 7.38078 7.41623 7.46518 7.43719 7.40222 7.44479 7.46433 7.43505 7.36052 7.27824 7.38650 7.44784 7.47427 7.49282 7.49848 7.49299 7.48023 7.44847 7.42678 7.40278 7.34965 7.40230 7.47363 7.47638 7.45569 7.47688 7.47873 7.48954 7.48865 7.48274 7.47853 7.47300 7.44870 7.45910 7.47489 7.45818 7.43763 7.43271 7.43874 7.44047 7.43524 7.43414 7.43298 7.43751 7.45349 7.45643 7.44420 7.45547 7.45990 7.45018 7.43554 7.44768 7.46133 7.46729 7.47988 7.48692 7.48393 7.47651 7.45892 7.43150 7.40221 7.40287 7.44312 7.47910
7.39825 7.38482 7.35827 7.42059 7.45933 7.41168 7.39233 7.45012 7.46240 7.41362 7.28279 7.21373 7.38491 7.44071 7.47331 7.49323 7.49901 7.49401 7.47387 7.45783 7.46070 7.41406 7.32524 7.37312 7.46014 7.47418 7.44592 7.44969 7.45590 7.48043 7.48306 7.47857 7.47590 7.46893 7.44986 7.46449 7.48281 7.47155 7.45145 7.43962 7.43543 7.42972 7.42200 7.42538 7.44142 7.45498 7.46172 7.46489 7.46350 7.46001 7.44810 7.41180 7.38326 7.41869 7.46257 7.47287 7.47743 7.47087 7.46847 7.46966 7.46550 7.44696 7.41520 7.40652 7.44356 7.47532
7.40135 7.35978 7.38326 7.44067 7.43593 7.39672 7.39010 7.43645 7.43689 7.34820 7.03962 7.17475 7.37061 7.41400 7.46031 7.48743 7.49339 7.48031 7.45863 7.46413 7.46681 7.42045 7.31107 7.30865 7.41468 7.43338 7.40602 7.43576 7.42675 7.46103 7.47298 7.47091 7.46397 7.46260 7.44877 7.46584 7.47700 7.46645 7.45109 7.43955 7.43258 7.42447 7.41624 7.42605 7.45116 7.45488 7.45296 7.45726 7.46001 7.44585 7.41849 7.34852 7.35032 7.36521 7.42999 7.45185 7.45766 7.45702 7.46618 7.47492 7.47662 7.46062 7.43303 7.42064 7.44686 7.47632
7.40654 7.35939 7.39564 7.42030 7.41267 7.39049 7.37307 7.40244 7.37113 7.12639 6.99841 7.33112 7.39128 7.38727 7.43042 7.47133 7.48194 7.45993 7.45304 7.46986 7.46869 7.43646 7.35168 7.27337 7.34724 7.40574 7.40971 7.43061 7.42291 7.45083 7.46379 7.45444 7.44515 7.44931 7.44516 7.45493 7.45278 7.43898 7.42895 7.43236 7.43678 7.43082 7.41445 7.42430 7.45272 7.44793 7.44446 7.44640 7.44740 7.43112 7.41509 7.39408 7.37366 7.41225 7.43938 7.44066 7.45312 7.46460 7.47919 7.48108 7.48362 7.46748 7.44383 7.43289 7.45071 7.48132
7.36793 7.31359 7.34360 7.36498 7.39240 7.31172 7.19612 7.22194 7.19563 6.96060 7.20264 7.38616 7.40446 7.38310 7.40083 7.44294 7.45984 7.45018 7.46564 7.47229 7.47066 7.44885 7.42262 7.33637 7.32396 7.37955 7.42104 7.43255 7.43312 7.44795 7.43080 7.39429 7.37077 7.38570 7.42085 7.44273 7.43519 7.43307 7.44064 7.45033 7.45250 7.43984 7.40944 7.40926 7.43324 7.42846 7.43455 7.42705 7.42674 7.41083 7.40461 7.39753 7.39411 7.41992 7.45617 7.45670 7.46378 7.47350 7.47677 7.48320 7.48553 7.47220 7.44677 7.43161 7.44225 7.47220
7.29656 7.26598 7.33322 7.31382 7.32627 7.19963 7.07484 6.88922 6.87966 7.00024 7.32901 7.41449 7.40899 7.38663 7.39888 7.43000 7.43818 7.44641 7.46662 7.47570 7.46354 7.44667 7.43943 7.39429 7.36429 7.34146 7.35047 7.39339 7.42112 7.40616 7.31507 7.26379 7.27419 7.29325 7.34372 7.39217 7.42221 7.44656 7.45999 7.46289 7.45208 7.42656 7.39420 7.38466 7.40035 7.39721 7.39635 7.39776 7.40827 7.39572 7.40001 7.39766 7.38364 7.42929 7.45573 7.45941 7.46182 7.46843 7.47320 7.47885 7.48002 7.47296 7.44969 7.42220 7.41705 7.44381
7.24985 7.24219 7.37707 7.37793 7.35989 7.30631 7.30424 7.13932 7.05376 7.27695 7.40493 7.43237 7.40602 7.36860 7.40431 7.43868 7.44014 7.44936 7.45423 7.45865 7.44565 7.44394 7.43052 7.42563 7.42314 7.37615 7.33352 7.33044 7.39134 7.35033 7.26449 7.30009 7.32418 7.30051 7.27198 7.31318 7.39004 7.42048 7.42255 7.43123 7.41826 7.40280 7.38511 7.37765 7.37794 7.35108 7.32522 7.36498 7.39517 7.38861 7.37827 7.38356 7.40581 7.43728 7.45279 7.45562 7.45251 7.44925 7.45087 7.45576 7.45715 7.45102 7.43197 7.40272 7.38605 7.41343
