mrvbf_slope1.5_pctl1.2.asc
NCOLS 410
NROWS 410
XLLCORNER 2398750.0000000000000000
YLLCORNER 2548750.0000000000000000
CELLSIZE 250.0000000000000000
NODATA_VALUE -99999.00000
[rows 348 to 376 of 410, columns 198 to 263 of 410]
7.45365 7.45050 7.45241 7.46034 7.46261 7.46117 7.45385 7.43797 7.40575 7.41960 7.45693 7.46834 7.47085 7.46956 7.46428 7.45824 7.45755 7.46454 7.46787 7.46745 7.46773 7.47021 7.46969 7.45976 7.45038 7.43430 7.40431 7.37281 7.37731 7.41169 7.44198 7.46849 7.46335 7.42784 7.37659 7.34828 7.35611 7.38051 7.41198 7.44021 7.45592 7.45283 7.44734 7.43546 7.44977 7.47129 7.46893 7.48052 7.49085 7.48357 7.47024 7.47249 7.47998 7.48338 7.49768 7.50471 7.50409 7.49944 7.49748 7.49473 7.48624 7.46795 7.45425 7.47865 7.49053 7.48373
7.43922 7.44112 7.45014 7.45030 7.45330 7.44688 7.43491 7.42669 7.42053 7.43099 7.45483 7.46651 7.47002 7.46916 7.46349 7.45950 7.46209 7.46850 7.47205 7.47234 7.47009 7.46694 7.46196 7.45123 7.43625 7.40260 7.35962 7.32316 7.31280 7.31216 7.34528 7.43787 7.43140 7.36215 7.31405 7.33217 7.37190 7.39992 7.41693 7.45043 7.47462 7.46818 7.45739 7.43774 7.41755 7.43138 7.45659 7.48004 7.48853 7.47933 7.44768 7.42616 7.44552 7.47326 7.49457 7.50172 7.49965 7.49544 7.49288 7.48128 7.47335 7.46487 7.46493 7.48018 7.48959 7.48704
7.43218 7.43590 7.44006 7.43745 7.43303 7.42358 7.42830 7.43350 7.43714 7.43868 7.44965 7.46141 7.46551 7.46486 7.46051 7.45979 7.46400 7.46907 7.47212 7.47316 7.47295 7.47054 7.46284 7.45171 7.43098 7.39207 7.34236 7.31146 7.30941 7.29009 7.18642 7.34803 7.38098 7.30768 7.33298 7.39784 7.43436 7.43668 7.40321 7.44038 7.47806 7.46541 7.45555 7.45601 7.43391 7.40324 7.42189 7.47110 7.48845 7.47372 7.43778 7.41499 7.42991 7.46288 7.48520 7.49481 7.49312 7.48615 7.47152 7.46506 7.47713 7.47878 7.47981 7.47942 7.48399 7.48259
7.41578 7.41462 7.42316 7.42918 7.42558 7.42930 7.43838 7.44061 7.44066 7.44104 7.44551 7.45396 7.45696 7.45685 7.45342 7.45392 7.45898 7.46419 7.46645 7.46753 7.47040 7.47031 7.46356 7.44998 7.43070 7.39569 7.33645 7.29067 7.30038 7.32871 7.22571 7.26432 7.36632 7.31237 7.37565 7.44654 7.47576 7.47192 7.41333 7.42747 7.47683 7.45707 7.46229 7.48246 7.47854 7.45845 7.44069 7.46818 7.48849 7.46173 7.44401 7.45574 7.45473 7.46622 7.47871 7.48695 7.48507 7.47676 7.44443 7.45019 7.48343 7.48655 7.48380 7.47669 7.47420 7.46784
7.39575 7.40420 7.42059 7.42746 7.42888 7.43192 7.43394 7.43440 7.43433 7.43491 7.43718 7.44398 7.44701 7.44736 7.44328 7.44396 7.45065 7.45532 7.45743 7.46039 7.46427 7.46661 7.46308 7.45098 7.42761 7.39274 7.33714 7.28086 7.28246 7.32217 7.28114 7.37693 7.42488 7.35190 7.33602 7.39425 7.44954 7.46340 7.43324 7.44593 7.48221 7.46251 7.45913 7.47260 7.46310 7.43401 7.45095 7.48655 7.49282 7.47032 7.45092 7.47378 7.47703 7.47907 7.48466 7.48791 7.48566 7.47757 7.43772 7.43398 7.47819 7.48359 7.48361 7.48155 7.47655 7.46690
7.38969 7.40554 7.41140 7.41554 7.41622 7.42032 7.42035 7.41977 7.42231 7.42629 7.42472 7.43136 7.43576 7.43277 7.42833 7.43200 7.44152 7.44809 7.45229 7.45564 7.45885 7.45955 7.45877 7.45363 7.43574 7.40342 7.36147 7.31136 7.30783 7.36635 7.38575 7.44007 7.45476 7.41013 7.34414 7.33255 7.40595 7.45561 7.45760 7.46402 7.48470 7.47833 7.46059 7.46067 7.45673 7.46204 7.48484 7.48975 7.48758 7.47680 7.47049 7.47873 7.48276 7.48530 7.49078 7.49274 7.49003 7.48138 7.45146 7.43767 7.46581 7.47771 7.48208 7.48324 7.48031 7.47467
7.38604 7.39549 7.40020 7.40330 7.40187 7.40188 7.40259 7.40179 7.39812 7.40751 7.41283 7.41287 7.40984 7.40304 7.40602 7.41924 7.43194 7.44274 7.44794 7.45120 7.45326 7.45274 7.45214 7.44880 7.44237 7.42006 7.38760 7.34476 7.32678 7.38226 7.40295 7.43303 7.45695 7.43995 7.40752 7.38782 7.40598 7.46007 7.47283 7.47084 7.48359 7.48955 7.48224 7.47645 7.47566 7.47991 7.47713 7.46575 7.45990 7.46694 7.48146 7.48614 7.48563 7.48870 7.49294 7.49323 7.49044 7.48336 7.46384 7.44584 7.45438 7.47089 7.48004 7.48107 7.47813 7.47289
7.36975 7.37639 7.38258 7.38703 7.38904 7.38677 7.38731 7.37819 7.37096 7.38259 7.39054 7.38823 7.38161 7.38098 7.38640 7.39443 7.41276 7.42768 7.43997 7.44666 7.44673 7.44956 7.44973 7.44169 7.43975 7.42755 7.39863 7.34999 7.29675 7.32938 7.39226 7.40733 7.44482 7.41195 7.40538 7.41822 7.43603 7.46705 7.47851 7.47222 7.47797 7.48454 7.47800 7.46558 7.45674 7.44998 7.42046 7.39248 7.41005 7.44754 7.47361 7.48209 7.48483 7.48959 7.49202 7.49185 7.48907 7.48362 7.46999 7.45058 7.44905 7.46392 7.47525 7.47721 7.47212 7.46189
7.34320 7.34561 7.35003 7.35670 7.36417 7.36196 7.34849 7.33023 7.33669 7.35839 7.36743 7.36727 7.36223 7.35999 7.35067 7.32420 7.34261 7.38141 7.42150 7.43864 7.44277 7.44152 7.44254 7.44042 7.43385 7.42555 7.40580 7.36212 7.30158 7.29839 7.36379 7.41298 7.44808 7.42255 7.41402 7.44745 7.45823 7.46814 7.47766 7.46994 7.46632 7.46382 7.43603 7.39503 7.35650 7.30762 7.26306 7.30832 7.37747 7.42124 7.45050 7.46807 7.48056 7.48737 7.48946 7.48951 7.48670 7.48196 7.47460 7.45716 7.44687 7.45821 7.47133 7.47354 7.46434 7.44904
7.31482 7.31136 7.30523 7.30815 7.32377 7.32359 7.29753 7.28532 7.30767 7.32952 7.34181 7.35232 7.33249 7.29707 7.21008 7.07766 7.10599 7.26821 7.37613 7.42726 7.43976 7.43978 7.43446 7.42880 7.42173 7.40979 7.39652 7.37292 7.33704 7.32282 7.35093 7.41007 7.44155 7.43659 7.42598 7.44163 7.45067 7.45825 7.46821 7.46581 7.45009 7.41751 7.34302 7.27446 7.17887 7.07453 7.17000 7.31537 7.36332 7.38648 7.41924 7.45252 7.47458 7.48317 7.48602 7.48633 7.48385 7.47971 7.47243 7.45538 7.44479 7.45565 7.46862 7.46966 7.45810 7.43944
7.27940 7.27972 7.27930 7.27863 7.28214 7.28275 7.23607 7.24237 7.27987 7.30083 7.31563 7.32486 7.29158 7.14875 6.98100 7.02645 7.05504 7.10510 7.30168 7.40906 7.43287 7.43485 7.42074 7.40457 7.39008 7.36872 7.34134 7.32312 7.31891 7.33002 7.34688 7.37357 7.39607 7.41528 7.43575 7.44632 7.45142 7.45387 7.45748 7.45592 7.42490 7.35090 7.26386 7.22953 7.19318 7.21719 7.28318 7.33782 7.34302 7.34921 7.38988 7.43951 7.46783 7.47785 7.48143 7.48189 7.47967 7.47661 7.46707 7.45218 7.44628 7.45533 7.46250 7.46247 7.45308 7.42877
7.23056 7.24040 7.24219 7.23919 7.24147 7.20778 7.13706 7.20969 7.25889 7.27836 7.28914 7.29532 7.28385 7.12789 6.92496 7.11061 7.18657 7.10375 7.27742 7.39335 7.42372 7.41712 7.39662 7.38188 7.35013 7.29183 7.21323 7.14027 7.13625 7.17898 7.19432 7.21938 7.27315 7.32938 7.39691 7.43819 7.45400 7.45490 7.44669 7.42831 7.38481 7.31801 7.28702 7.29036 7.31232 7.35205 7.36864 7.34604 7.32046 7.31353 7.36115 7.42368 7.45903 7.47108 7.47466 7.47424 7.47272 7.47156 7.46212 7.45278 7.45088 7.45173 7.45173 7.45090 7.44244 7.41735
7.15603 7.17121 7.18703 7.19320 7.18257 7.08528 7.08778 7.20988 7.24256 7.26912 7.28164 7.28177 7.28711 7.21098 6.94891 6.93100 7.09897 7.12196 7.29413 7.38600 7.41449 7.40675 7.38092 7.35212 7.29159 7.18475 7.05250 6.92084 6.86797 6.89764 6.92937 7.00955 7.12766 7.22340 7.32576 7.41105 7.44568 7.45023 7.43462 7.40067 7.35304 7.32171 7.31978 7.32005 7.34807 7.38649 7.38101 7.35497 7.32153 7.29253 7.32645 7.39778 7.44366 7.45596 7.45615 7.45762 7.46213 7.46344 7.45708 7.45351 7.45542 7.45498 7.45329 7.44884 7.44090 7.42282
7.08740 7.08593 7.09536 7.09885 7.07872 7.00677 7.08029 7.17315 7.20691 7.24596 7.26489 7.27823 7.29012 7.28827 7.19555 7.00049 7.01379 7.19595 7.34587 7.38976 7.40127 7.39615 7.37518 7.31629 7.20391 7.06588 6.96837 6.92379 6.90354 6.91609 6.94202 7.06112 7.16694 7.22916 7.29882 7.38750 7.43424 7.44253 7.42367 7.38170 7.33203 7.32340 7.33497 7.33962 7.37396 7.42530 7.39188 7.37323 7.34714 7.29897 7.30991 7.38664 7.43305 7.43382 7.42881 7.43815 7.44819 7.45104 7.44933 7.45072 7.45538 7.45732 7.45452 7.44778 7.43908 7.42529
7.01048 7.01630 7.01344 6.99575 6.96089 6.95821 7.04900 7.11025 7.14317 7.18739 7.21880 7.25220 7.27830 7.28971 7.29049 7.26063 7.24694 7.31811 7.36516 7.38363 7.38723 7.38429 7.36730 7.29948 7.13487 6.96441 6.94853 7.02964 7.08802 7.10843 7.09315 7.26261 7.31247 7.28169 7.31734 7.39184 7.43393 7.43775 7.41164 7.36444 7.32200 7.32576 7.35246 7.37958 7.41584 7.42365 7.41983 7.39793 7.36354 7.30845 7.31934 7.39693 7.43627 7.43069 7.42932 7.43014 7.43182 7.43452 7.43821 7.44377 7.44948 7.45108 7.44688 7.43724 7.42393 7.41028
6.90134 6.92609 6.92344 6.88936 6.85031 6.87258 6.94347 7.00155 7.04920 7.09593 7.15467 7.20723 7.24118 7.25730 7.26462 7.26708 7.27758 7.32698 7.35574 7.36145 7.37012 7.37709 7.36545 7.30558 7.12778 6.90381 6.88374 7.01394 7.17544 7.23568 7.25930 7.30630 7.35915 7.33444 7.34406 7.40414 7.44156 7.43490 7.39535 7.35163 7.32547 7.32488 7.36914 7.39096 7.42045 7.42070 7.41771 7.39746 7.35178 7.29184 7.32926 7.40829 7.43518 7.42856 7.43240 7.42648 7.41554 7.41572 7.42406 7.43202 7.43762 7.43820 7.43061 7.41321 7.38687 7.35609
6.77132 6.78079 6.75483 6.68747 6.62255 6.61227 6.65403 6.72707 6.82379 6.94161 7.04313 7.12341 7.16903 7.16962 7.15650 7.16888 7.21508 7.26237 7.32493 7.33136 7.34741 7.36948 7.36397 7.31894 7.16974 6.92813 6.81691 6.88969 7.03182 7.15932 7.11428 7.24922 7.35007 7.35554 7.37811 7.42142 7.44763 7.42597 7.37222 7.34365 7.32546 7.32424 7.37224 7.38200 7.39481 7.41132 7.37645 7.33719 7.31741 7.29778 7.34946 7.40692 7.42306 7.41880 7.41554 7.41295 7.39436 7.39244 7.40194 7.40744 7.41100 7.41149 7.40075 7.37084 7.32974 7.29131
6.57909 6.55004 6.44908 6.30244 6.07556 5.73462 5.58709 5.55144 5.79287 6.47577 6.78698 6.94763 7.03175 7.03043 7.03727 7.10117 7.15522 7.19184 7.26187 7.31287 7.31429 7.34913 7.36089 7.33169 7.23291 7.05174 6.86694 6.79425 6.87478 7.09107 7.26974 7.31856 7.35857 7.38529 7.40084 7.43233 7.44819 7.41171 7.33808 7.31357 7.30672 7.33820 7.41084 7.42364 7.40678 7.42466 7.37502 7.32792 7.32825 7.34767 7.37653 7.38489 7.37454 7.35541 7.36270 7.37174 7.34895 7.34770 7.35514 7.35635 7.35912 7.36254 7.35334 7.31299 7.28378 7.29827
6.29314 6.18447 5.96794 5.64858 4.95169 4.29086 4.09522 3.99352 4.03604 4.73638 5.91234 6.48696 6.78921 6.88549 6.89501 7.04512 7.12349 7.15499 7.21323 7.27212 7.31239 7.34341 7.35613 7.34721 7.29489 7.20244 7.09879 6.99112 6.95854 7.13458 7.32023 7.36806 7.39211 7.41100 7.41878 7.44028 7.44567 7.40110 7.31753 7.30341 7.33295 7.39587 7.43625 7.45527 7.43451 7.41651 7.39055 7.39982 7.39652 7.39042 7.37988 7.37619 7.36957 7.36438 7.37235 7.36249 7.31975 7.28469 7.28049 7.28649 7.29127 7.29636 7.28795 7.25983 7.27806 7.33473
5.89404 5.66813 5.33948 4.65028 4.02284 3.89665 3.88744 3.91971 3.88065 3.90195 4.60631 5.67881 6.35781 6.74273 6.78563 6.91204 7.07949 7.14546 7.19314 7.22862 7.30406 7.29418 7.27995 7.32867 7.31814 7.28270 7.25413 7.21841 7.17924 7.22700 7.32645 7.37910 7.41239 7.42766 7.42846 7.43981 7.43965 7.38953 7.29967 7.30889 7.37796 7.42149 7.45176 7.46778 7.45991 7.44708 7.45135 7.45935 7.44162 7.41808 7.41285 7.42172 7.42725 7.42870 7.42705 7.41162 7.37982 7.33358 7.29797 7.27665 7.26698 7.26861 7.26642 7.26647 7.31184 7.35992
5.37444 5.12227 4.55449 3.96262 3.81411 3.91479 4.23537 4.56503 4.35603 4.00553 4.17856 4.91901 5.69866 6.24186 6.54102 6.81769 7.01950 7.10055 7.15572 7.18277 7.22974 7.19703 7.23166 7.23469 7.26565 7.26716 7.26543 7.26866 7.27124 7.28677 7.32811 7.37470 7.41207 7.42669 7.42171 7.42616 7.42951 7.38130 7.30056 7.30048 7.38133 7.43911 7.46459 7.47427 7.47650 7.47840 7.48038 7.47847 7.46804 7.45254 7.44993 7.45607 7.45900 7.45626 7.45402 7.44767 7.43590 7.41967 7.39038 7.34098 7.30802 7.29765 7.30575 7.31755 7.34394 7.35120
4.92182 4.66305 4.12048 3.85372 3.90777 4.22919 4.75045 4.84301 4.64184 4.29334 4.14143 4.35375 4.91066 5.36136 5.84228 6.39650 6.75591 6.94088 7.06616 7.14843 7.17578 7.21729 7.18258 7.23043 7.25489 7.23907 7.24271 7.27580 7.29756 7.29467 7.31171 7.36516 7.40535 7.41880 7.41103 7.40744 7.41511 7.38168 7.31100 7.26506 7.37412 7.43244 7.46423 7.47454 7.48177 7.48624 7.48579 7.48453 7.48058 7.46871 7.46384 7.46902 7.47082 7.46866 7.46573 7.46170 7.45770 7.45037 7.43029 7.40031 7.37022 7.34642 7.35770 7.37115 7.36551 7.30936
4.63459 4.46253 4.10281 3.90899 4.00657 4.32424 4.44886 4.33357 4.35690 4.37306 4.17483 4.09792 4.33938 4.65928 5.12453 5.78056 6.31837 6.67936 6.92014 7.07299 7.15185 7.21467 7.21293 7.22531 7.24389 7.22867 7.25102 7.28836 7.30061 7.27330 7.29645 7.37102 7.40690 7.41614 7.41163 7.39837 7.39957 7.38850 7.33860 7.29886 7.36761 7.43476 7.46058 7.47626 7.48177 7.48627 7.48574 7.48597 7.48466 7.47883 7.46738 7.46578 7.47313 7.47403 7.47349 7.47154 7.46950 7.46350 7.44602 7.43075 7.42091 7.39544 7.39483 7.40243 7.38630 7.28424
4.40101 4.33370 4.11625 3.89057 3.86673 3.97131 4.05021 4.45555 4.21465 4.39826 4.41250 4.23168 4.28476 4.52988 4.93833 5.44265 5.93435 6.37422 6.72682 6.96285 7.08121 7.16893 7.25367 7.20370 7.16246 7.20489 7.28210 7.31314 7.30571 7.28070 7.33466 7.38786 7.40813 7.41193 7.42012 7.40823 7.39884 7.37881 7.34195 7.34863 7.40700 7.44350 7.45996 7.47284 7.48207 7.48549 7.48681 7.48581 7.48606 7.48428 7.47763 7.46440 7.46511 7.47001 7.47465 7.47614 7.47485 7.46864 7.45305 7.44522 7.44252 7.43629 7.42091 7.42082 7.40429 7.31722
4.17207 4.12512 3.93069 3.78026 3.76650 3.89648 4.14975 4.30361 4.34459 4.36634 4.44392 4.56617 4.61862 4.81324 5.08318 5.35011 5.66562 6.06245 6.51362 6.85817 6.97937 7.04751 7.20515 7.17319 7.13301 7.22349 7.29832 7.32671 7.32593 7.32514 7.35738 7.38829 7.40328 7.40389 7.40835 7.41386 7.40821 7.38151 7.35005 7.36714 7.41090 7.43592 7.45532 7.46754 7.47924 7.48450 7.48523 7.48642 7.48644 7.48507 7.48062 7.47268 7.46522 7.46462 7.47195 7.47814 7.47751 7.47322 7.46204 7.44686 7.44027 7.43497 7.44151 7.43818 7.42678 7.38775
3.95183 3.83902 3.68776 3.64377 3.67765 3.76139 4.01515 4.17793 4.10567 3.96070 4.00140 4.34300 4.81753 5.04377 5.15126 5.29116 5.44147 5.66925 6.18826 6.74247 6.92533 6.98700 7.13902 7.12530 7.16378 7.26860 7.30471 7.31866 7.32612 7.34001 7.36200 7.38162 7.39329 7.39500 7.39520 7.40228 7.39995 7.37554 7.34029 7.35805 7.40890 7.43626 7.45358 7.46477 7.47255 7.47988 7.48197 7.48359 7.48359 7.48212 7.47898 7.47444 7.46009 7.46351 7.47596 7.47946 7.47886 7.47626 7.47090 7.46077 7.44943 7.43999 7.43683 7.43329 7.43195 7.41317
3.75765 3.61297 3.53510 3.48223 3.42307 3.47584 3.58911 3.67091 3.75291 3.82557 3.81101 3.89210 4.46181 4.97053 5.10481 5.21454 5.26874 5.23615 5.58783 6.44614 6.83728 6.96796 7.11996 7.12041 7.19436 7.27899 7.30547 7.31272 7.32063 7.34552 7.36716 7.37904 7.38629 7.38949 7.38726 7.38287 7.37486 7.34919 7.31868 7.36172 7.41659 7.44080 7.45838 7.46798 7.47345 7.47526 7.47481 7.47658 7.47715 7.47648 7.47514 7.46579 7.45916 7.47152 7.47807 7.47912 7.47912 7.47778 7.47473 7.47013 7.46406 7.45560 7.44263 7.41631 7.40498 7.40082
3.58810 3.46757 3.38548 3.23009 3.08698 3.28038 3.46436 3.68288 3.88386 3.96982 3.82437 3.70848 3.92624 4.46036 4.79772 4.96499 5.01458 4.91773 4.98085 5.92740 6.67101 6.92950 7.08619 7.15944 7.20526 7.26574 7.29470 7.29417 7.31616 7.35304 7.37354 7.38307 7.38828 7.38884 7.38256 7.36048 7.33593 7.31649 7.31891 7.37253 7.41780 7.44299 7.46073 7.46788 7.47592 7.47469 7.47532 7.47628 7.47545 7.47265 7.46650 7.45667 7.46161 7.47191 7.47438 7.47478 7.47664 7.47722 7.47579 7.47264 7.46756 7.46032 7.44700 7.39069 7.36122 7.39387
3.38678 3.33849 3.22401 2.98781 3.14609 3.46454 3.79208 4.22269 4.42138 4.34418 4.00777 3.68939 3.67725 3.85482 4.13444 4.35801 4.61619 4.60808 4.42410 5.31375 6.23672 6.67999 6.95980 7.14798 7.20076 7.23770 7.25187 7.26313 7.31314 7.35146 7.37093 7.38185 7.38687 7.38338 7.36933 7.33901 7.30884 7.30314 7.32646 7.37748 7.41761 7.44332 7.45922 7.46676 7.47493 7.47492 7.47873 7.48140 7.48032 7.47525 7.46548 7.45524 7.45100 7.45671 7.46079 7.46560 7.47005 7.47326 7.47365 7.47196 7.46808 7.46131 7.44739 7.37644 7.35150 7.41695
