mrvbf_slope0.5_pctl1.5.asc
NCOLS 410
NROWS 410
XLLCORNER 2398750.0000000000000000
YLLCORNER 2548750.0000000000000000
CELLSIZE 250.0000000000000000
NODATA_VALUE -99999.00000
[rows 348 to 376 of 410, columns 198 to 263 of 410]
2.88661 2.74606 2.76033 3.00173 3.08922 3.04466 2.77192 2.34952 1.74520 0.69904 1.66094 2.60611 2.75896 2.68884 2.36094 2.06725 1.85659 2.25004 2.52755 2.54173 2.58341 2.65996 2.65872 2.48491 2.34454 1.97397 1.60871 1.46939 1.27851 1.23954 1.68276 1.89499 1.87358 1.63515 1.11361 0.61752 0.59467 0.47368 0.41877 0.95120 1.44176 1.02469 0.51457 0.88857 1.56599 1.80500 1.67988 1.47520 1.66283 1.64355 1.82484 1.95663 1.97265 1.93085 1.81603 1.95887 2.02798 1.80266 1.48468 1.70717 1.57921 1.34249 1.89243 2.56324 3.10207 2.90909
2.75837 2.78046 3.03977 3.00456 3.09470 2.84005 2.51207 2.26950 1.91931 1.16790 2.16076 3.12993 3.26108 3.12204 2.59486 2.18475 2.33908 2.85450 3.09405 2.99744 2.79619 2.66706 2.56316 2.39920 2.12564 1.24562 0.56654 0.46570 0.45182 0.35836 0.58547 1.78112 1.78087 0.90020 0.45904 0.49931 0.51007 0.41836 0.44216 1.29517 1.68522 1.09363 0.39440 0.49552 0.78563 1.58536 1.76409 1.74980 1.74509 1.44973 1.28898 1.66685 1.83802 1.83160 1.83668 2.06397 1.94404 1.66128 1.53786 1.61430 1.72019 1.84704 2.37417 2.65828 3.19863 3.23235
2.92256 2.98667 3.07669 2.94005 2.78999 2.56259 2.53575 2.58807 2.56490 2.30115 2.53838 3.28529 3.42583 3.27947 2.88336 2.72912 2.97174 3.25996 3.38369 3.34956 3.24763 3.01880 2.66621 2.44070 1.96309 0.75865 0.45207 0.38003 0.29226 0.18366 0.30735 1.63210 1.73032 0.54509 0.36664 0.37025 0.31422 0.31349 0.46877 1.54808 1.78459 0.97830 0.35060 0.35573 0.48225 0.47013 0.48247 1.37054 1.75804 0.85095 0.33110 0.37693 0.57472 1.13636 1.60762 1.87646 1.75835 1.03407 0.96870 1.90200 2.33258 2.50434 2.62376 2.71260 2.96836 3.11570
2.80344 2.75439 2.90692 3.03721 2.88590 2.92233 3.17774 3.20834 3.11066 2.97076 2.98910 3.31544 3.35248 3.24473 2.94014 2.85775 3.05210 3.23017 3.22326 3.18604 3.30759 3.28715 2.84602 2.49139 1.98729 0.80214 0.47927 0.38212 0.24337 0.13305 0.18523 1.24115 1.65090 0.43234 0.24982 0.21876 0.17814 0.18583 0.32234 1.45235 1.81844 0.76635 0.22918 0.23761 0.25134 0.20879 0.32122 1.30893 1.85332 1.14203 0.22247 0.16714 0.26253 0.47859 1.19701 1.70689 1.48733 0.58651 0.48991 1.97052 2.56765 2.78912 2.77540 2.73356 2.78270 2.76744
2.70621 2.85923 3.22933 3.37654 3.35052 3.38426 3.39089 3.33638 3.24516 3.15093 3.09913 3.27591 3.30160 3.21067 2.87798 2.77398 2.97091 3.05055 3.01312 3.07504 3.18868 3.26272 3.03222 2.62912 2.27050 1.22279 0.62731 0.50965 0.36000 0.18592 0.25936 1.16762 1.71742 0.67471 0.36277 0.34485 0.23800 0.24121 0.37180 1.47300 1.87550 1.02214 0.26792 0.28369 0.31709 0.47001 1.68297 1.93575 2.06522 1.72462 0.37721 0.21646 0.28064 0.43890 0.88399 1.76007 1.54388 0.80869 0.40613 1.91796 2.56382 2.79489 2.87996 2.93251 2.91110 2.80360
2.94143 3.28767 3.36934 3.40538 3.35275 3.39422 3.32475 3.22934 3.22246 3.26386 3.07076 3.21018 3.30086 3.02688 2.68469 2.66943 2.91819 3.02167 3.06495 3.12709 3.18855 3.13407 3.02115 2.82572 2.53634 2.06439 1.29457 0.81511 0.65043 0.44030 0.63077 1.72052 1.89466 1.73904 1.39631 0.76884 0.58638 0.42606 0.48151 1.59373 1.92362 1.80305 1.16055 0.57110 0.93655 1.75772 1.97320 2.07206 2.01081 1.79689 0.74238 0.46837 0.56015 0.82663 1.83798 2.29377 2.14637 1.57810 1.06345 1.95902 2.49486 2.72799 2.96941 3.23480 3.27570 3.19344
3.29792 3.45806 3.48902 3.47965 3.36662 3.29186 3.23144 3.12544 2.93268 3.07986 3.14222 3.01321 2.77734 2.41173 2.32554 2.63351 2.96352 3.19185 3.18654 3.19812 3.20470 3.10568 2.97927 2.81941 2.71182 2.46612 2.00086 1.49980 0.88324 0.51959 0.69386 1.73383 1.95386 1.89118 1.83005 1.76621 0.95925 0.54397 0.62568 1.64345 1.97030 2.08880 1.94455 1.81965 1.89665 1.98360 1.98699 1.95151 1.85679 1.62575 1.26023 1.00860 1.13521 1.95665 2.47811 2.73228 2.59474 2.22364 1.89309 2.11066 2.46176 2.69459 3.06353 3.32603 3.37251 3.33777
3.37986 3.44717 3.51290 3.53305 3.48656 3.34604 3.29699 2.97701 2.74803 2.85139 2.93742 2.73345 2.38785 2.07102 1.88920 2.13326 2.63044 2.96928 3.20975 3.27265 3.19338 3.21073 3.10512 2.80450 2.75009 2.60903 2.32503 1.73255 0.95940 0.23867 0.22526 0.92512 1.84304 1.55985 0.70995 1.62085 1.16459 0.60755 0.86591 1.57739 1.94986 2.09430 1.99514 1.91787 1.94766 1.96663 1.90561 1.64291 1.13475 0.92636 1.05914 1.48086 1.98575 2.44434 2.87907 3.00036 2.72955 2.50521 2.22781 2.20448 2.47570 2.68089 2.96813 3.24082 3.15947 2.95071
3.28701 3.24123 3.24411 3.29411 3.39152 3.26898 2.90338 2.62585 2.58195 2.75075 2.80886 2.65685 2.32485 1.76007 0.84631 0.61939 0.80769 1.30619 2.83421 3.27718 3.25777 3.15592 3.06439 2.92063 2.75923 2.65295 2.45669 1.96899 1.46679 0.30670 0.21847 0.87175 1.99543 1.66096 0.81227 1.47342 1.37021 0.96811 1.26277 1.34580 1.85837 1.95759 1.89005 1.75103 1.75004 1.74383 1.29933 0.53685 0.38710 0.46147 0.72030 1.62500 2.21818 2.68328 3.14489 3.09316 2.77762 2.61891 2.54176 2.41782 2.51876 2.68578 2.94350 3.21251 2.97901 2.76579
3.26529 3.07678 2.92191 2.89980 3.05049 2.99284 2.64432 2.46375 2.49726 2.60770 2.65283 2.76127 2.09894 0.78285 0.38226 0.32445 0.36972 0.51391 2.06750 3.20758 3.41507 3.27781 3.01373 2.83403 2.72044 2.58967 2.44982 2.12936 1.80747 1.60576 1.49958 1.76950 2.13085 2.01029 1.87348 1.89501 1.81099 1.42375 1.31746 1.45681 1.75017 1.81623 1.55859 0.89026 0.67930 0.59930 0.52921 0.37898 0.37571 0.47019 0.73298 1.73256 2.29014 2.78072 3.22419 3.10734 2.83521 2.71726 2.62334 2.51948 2.58335 2.71057 2.97058 3.19253 2.91289 2.69608
3.23443 3.07904 2.97149 2.89316 2.88056 2.84799 2.51008 2.35522 2.45014 2.48197 2.51948 2.51343 1.94998 0.53863 0.26159 0.15682 0.16741 0.31056 1.27227 2.89081 3.45800 3.34572 2.87346 2.66316 2.54804 2.35808 2.05207 1.90483 1.86379 1.85758 1.85877 1.84681 1.86247 1.93592 2.03893 2.10280 2.08305 1.94420 1.80147 1.68051 1.49039 1.21014 0.61650 0.48535 0.45651 0.35259 0.36228 0.41687 0.49231 0.61583 1.08686 1.83632 2.35054 2.80616 3.08603 2.97953 2.81519 2.78514 2.63422 2.59540 2.64279 2.74511 2.89143 3.01021 2.88921 2.63647
3.04950 3.09405 2.98931 2.86922 2.84397 2.61071 2.31209 2.35458 2.51382 2.48104 2.37094 2.37155 2.09715 0.68989 0.31321 0.14599 0.16235 0.31575 0.94378 2.75349 3.35630 3.03444 2.69335 2.56280 2.29678 1.45630 1.24900 1.46501 1.61457 1.72696 1.75063 1.62695 1.45669 1.65232 1.87344 2.04693 2.21311 2.13970 1.92674 1.61531 0.98340 0.61040 0.55017 0.47747 0.39260 0.31013 0.35694 0.54313 0.64559 0.75748 1.35327 1.87022 2.30626 2.61146 2.70168 2.69547 2.70207 2.76543 2.65935 2.65830 2.70374 2.75371 2.79530 2.83202 2.77460 2.57523
2.74855 2.80113 2.88376 2.88138 2.73704 2.45981 2.17937 2.59875 2.69972 2.79216 2.69835 2.49135 2.41166 1.75709 0.55689 0.22889 0.21226 0.40186 1.46597 2.81329 3.28897 2.98764 2.66257 2.44404 1.57075 0.53198 0.50309 0.57350 0.66234 0.75571 0.76812 0.62014 0.48471 0.50129 1.49369 1.87133 2.10412 2.12031 1.91230 1.63383 1.05576 0.77581 0.73790 0.55794 0.31683 0.19057 0.33682 0.59736 0.67924 0.73902 1.33619 1.82418 2.12816 2.37387 2.45031 2.51189 2.59687 2.68598 2.67569 2.70841 2.77905 2.82200 2.85613 2.85684 2.80678 2.61563
2.71813 2.68043 2.68458 2.66621 2.58507 2.40766 2.37553 2.66154 2.72645 3.01897 2.99781 2.92668 2.87052 2.56494 1.74953 0.47265 0.39303 0.96797 2.56265 3.09032 3.19001 2.95762 2.71282 2.34904 0.91577 0.44798 0.40578 0.42741 0.47970 0.54880 0.55277 0.46294 0.33714 0.37619 0.49971 1.66761 1.96380 2.02272 1.88672 1.61985 1.18117 1.06179 1.04539 0.63741 0.28800 0.17507 0.26302 0.56842 0.67380 0.64245 1.06130 1.69270 1.99911 2.07078 2.02791 2.23393 2.48591 2.60214 2.66000 2.72677 2.84923 3.03335 3.06732 2.99454 2.93342 2.71542
2.72942 2.70616 2.66845 2.60195 2.50010 2.41441 2.51805 2.64815 2.57691 2.74393 2.86628 3.09987 3.28126 3.13667 2.69058 2.10874 2.17631 2.58581 3.02882 3.21394 3.10915 2.92050 2.74742 2.36928 0.81023 0.44599 0.39396 0.33393 0.30441 0.30366 0.29085 0.22742 0.20630 0.33306 0.49146 1.41038 1.90889 1.95409 1.82092 1.57360 1.26801 1.20587 1.19891 0.71184 0.48621 0.42566 0.51003 0.68672 0.81447 0.88951 1.37976 1.75969 2.07978 1.92883 1.80256 2.10606 2.34057 2.51387 2.62014 2.70680 2.82716 3.02905 3.07035 2.90028 2.72645 2.56402
2.69309 2.75744 2.73054 2.60508 2.47822 2.44424 2.62087 2.74983 2.57900 2.53512 2.74048 3.12480 3.31580 3.07350 2.75332 2.58333 2.63854 2.92576 3.14242 3.10164 3.01103 2.95392 2.83199 2.48796 0.90966 0.45129 0.37965 0.28416 0.18940 0.16117 0.18175 0.18798 0.21827 0.30171 0.48864 1.38732 1.93436 1.86674 1.62867 1.42103 1.35656 1.26566 1.09952 0.71485 0.47291 0.60962 0.66393 0.65585 0.88010 1.38193 1.69230 1.89759 2.16239 2.09331 2.11730 2.14726 2.19896 2.41966 2.56470 2.65893 2.74677 2.84558 2.78984 2.61944 2.38638 1.98707
2.69358 2.71858 2.67004 2.53247 2.36991 2.23946 2.25211 2.26159 2.29444 2.47712 2.70695 3.03110 2.88030 2.55401 2.26777 2.15898 2.40505 2.63034 2.92775 2.90973 2.91007 2.97395 2.89830 2.61366 1.67899 0.55227 0.45951 0.37787 0.25984 0.28928 0.61441 0.50525 0.33119 0.37521 0.57057 1.68386 2.09543 1.84082 1.46207 1.07658 1.30880 1.32187 1.14625 0.70459 0.27934 0.17730 0.22257 0.40367 0.94191 1.62174 1.82553 1.93728 2.07734 2.11065 2.08908 2.08342 2.01772 2.26591 2.45442 2.53769 2.58520 2.60802 2.54571 2.28331 1.73289 1.27189
2.64807 2.60680 2.47016 2.21149 1.75309 1.54584 1.52334 1.73881 1.83721 1.95430 2.27149 2.46381 2.46066 2.25219 1.81483 2.03045 2.30398 2.48866 2.68596 2.84907 2.81634 2.87885 2.91765 2.71044 2.37316 1.31486 0.60169 0.48020 0.40461 0.48354 0.89872 0.77608 0.41454 0.41121 1.26561 1.93922 2.21803 1.89071 1.35737 0.71190 0.61060 0.33944 0.47537 0.64499 0.28375 0.15773 0.19409 0.39788 1.39830 1.77561 1.86199 1.87364 1.81308 1.61446 1.35272 1.31672 1.44613 1.88915 2.10320 2.19826 2.25024 2.26452 2.13067 1.67098 1.18726 0.65826
2.55727 2.43028 2.02915 1.46082 0.76130 0.53734 0.53001 0.57066 0.55020 1.38519 1.82080 1.88023 2.06925 2.00970 1.37275 1.96983 2.32868 2.47145 2.63407 2.74623 2.84518 2.92528 2.93540 2.84027 2.61283 2.29475 1.71331 1.49299 1.30363 1.33889 1.63625 1.49433 0.93912 1.23001 1.78289 2.19770 2.30429 1.94316 1.47816 0.74021 0.54197 0.26529 0.37359 0.71129 0.39853 0.30237 0.46289 0.99866 1.66690 1.82536 1.81293 1.76242 1.60820 1.06716 0.87290 0.98030 1.13876 1.49025 1.59746 1.67647 1.70482 1.72734 1.67709 1.37389 0.67102 0.45944
2.40872 2.05412 1.55414 1.03955 0.60158 0.45058 0.43013 0.29640 0.25881 0.42972 0.87062 1.48840 1.77094 2.02531 1.83278 1.62660 2.34756 2.54973 2.64618 2.69899 2.86201 2.78133 2.72581 2.77508 2.71257 2.58743 2.43187 2.11193 1.82513 1.75983 1.80056 1.74276 1.75727 2.02212 2.09971 2.33051 2.30873 1.94513 1.52645 0.78048 0.78273 1.00382 0.82764 0.88286 0.56867 0.57447 1.60832 1.76766 1.69270 1.70142 1.63316 1.71155 1.65442 1.29675 1.51635 1.31812 1.17664 1.31228 1.23271 1.40617 1.50304 1.56869 1.53782 0.98319 0.48669 0.38608
2.10186 1.67362 1.21258 0.63161 0.54695 0.48889 0.38757 0.20528 0.25952 0.48480 0.60254 1.26074 1.71758 1.84058 1.81319 1.97971 2.47639 2.59375 2.65035 2.66908 2.72667 2.69758 2.69519 2.67371 2.66190 2.61017 2.53353 2.42102 2.21243 1.98103 1.87950 1.81131 2.01868 2.28138 2.11959 2.19088 2.22553 1.93350 1.54052 0.70859 0.54237 1.39373 1.63375 1.73694 1.70961 1.62402 1.91253 1.89238 1.24528 0.60730 1.50632 1.96141 2.28691 2.18782 2.26041 2.22882 2.13229 2.07748 1.42727 1.15377 1.27175 1.38826 1.42169 0.84890 0.43626 0.42288
1.84718 1.51431 0.92910 0.46292 0.43680 0.48931 0.50217 0.33174 0.52059 0.74730 0.83541 1.21962 1.54234 1.60789 1.49689 1.31908 1.86777 2.39670 2.58595 2.67165 2.69607 2.73347 2.68654 2.69021 2.67779 2.60788 2.54159 2.50602 2.43021 2.17798 1.86022 1.69123 1.97881 2.06916 1.84821 2.04474 2.13657 1.94275 1.61620 0.70162 0.24653 0.67846 1.37155 1.70356 1.85066 1.95099 2.02281 2.01211 1.49376 1.38514 1.80496 2.24367 2.57150 2.52277 2.47587 2.48403 2.57298 2.56528 2.08257 0.70738 0.49851 0.71902 1.15461 0.71754 0.33694 0.47491
1.84726 1.57722 1.27662 0.58653 0.47483 0.49332 0.49924 0.26259 0.41474 0.72069 0.87991 1.11722 1.18387 1.00929 0.76241 0.64389 0.77477 1.77340 2.45634 2.63967 2.70542 2.75661 2.73527 2.71374 2.69193 2.61737 2.57562 2.57131 2.49917 2.18237 1.58600 1.99677 2.36679 2.28671 1.89953 1.87082 2.06996 1.98890 1.78779 1.34876 0.44036 1.52384 1.34973 1.05628 1.61516 1.98161 1.85234 1.98482 1.90775 1.76583 1.73989 1.99278 2.41872 2.59294 2.71113 2.76503 2.98335 2.76604 2.18605 0.90994 0.47366 0.46382 0.80737 0.81277 0.33083 0.57581
1.90393 1.75165 1.61766 1.33434 0.79147 0.54219 0.24440 0.15165 0.22738 0.53386 0.74458 0.95638 0.94198 0.70865 0.53984 0.49200 0.53146 0.99825 2.24279 2.58828 2.67830 2.74125 2.81041 2.72416 2.64936 2.61597 2.65582 2.65684 2.54053 2.19966 2.19801 2.49212 2.61809 2.42847 2.44077 2.03982 2.10198 1.92532 1.68044 1.49599 1.61641 1.80897 1.75337 1.74173 1.95750 2.02267 1.69777 1.72288 2.12816 2.35575 1.94497 1.66058 2.03985 2.36135 2.65662 2.99644 3.23144 2.81006 2.12104 1.19730 0.74612 0.49867 0.72336 0.91344 0.37012 0.30406
1.89604 1.77935 1.67610 1.56718 1.18743 0.62223 0.40262 0.37971 0.69614 1.00290 1.21537 1.20257 0.93011 0.63001 0.52531 0.54842 0.63213 0.78497 1.96749 2.56020 2.63469 2.68221 2.78158 2.72989 2.66228 2.67236 2.72411 2.73128 2.63165 2.50865 2.51910 2.61625 2.65964 2.49289 2.41703 2.42264 2.35735 1.88692 1.48919 1.43622 1.61844 1.67516 1.50651 1.61245 1.91379 2.09139 1.92573 2.00579 2.27963 2.44085 2.12152 1.58681 1.74742 2.21582 2.56990 3.07822 3.38761 3.10440 2.53684 1.52817 0.80404 0.52429 1.04846 1.42166 1.23837 0.48283
1.83548 1.70691 1.56634 1.50248 1.42527 1.03827 0.78198 0.81199 0.80035 0.66577 0.56658 1.01091 1.13463 0.94687 0.91887 0.90068 0.83889 0.77883 1.45183 2.53602 2.63377 2.66322 2.75827 2.73249 2.71532 2.76864 2.78006 2.73844 2.68245 2.63996 2.63975 2.65911 2.65664 2.57528 2.49791 2.49841 2.42954 1.91000 1.30426 1.05254 0.96190 0.83777 0.46146 0.43479 1.54192 1.85754 1.89327 1.91040 1.95027 1.99313 1.83584 1.72430 1.78898 2.35966 2.68871 3.21974 3.44924 3.37463 3.03537 2.54904 2.00540 1.53424 1.49879 1.36034 1.58173 1.34384
1.76320 1.60437 1.43826 1.29023 1.02153 0.76568 0.64954 0.61916 0.56196 0.46097 0.43977 0.67381 1.38801 1.50752 1.41837 1.32862 1.01855 0.69990 1.03402 2.29898 2.62806 2.68712 2.77571 2.76394 2.77656 2.82952 2.83154 2.77270 2.72827 2.73204 2.74887 2.73887 2.70728 2.65612 2.58525 2.50487 2.36129 1.80250 1.15124 0.76401 0.75361 0.56378 0.40747 0.59596 1.56995 1.68084 1.54402 1.51060 1.50466 1.46929 1.57323 1.67130 2.12044 2.51634 2.87462 3.15713 3.34549 3.46113 3.40590 3.24820 3.01117 2.58480 2.14771 1.74441 0.69746 0.69759
1.70648 1.45040 1.10560 0.54772 0.42730 0.50358 0.48664 0.48771 0.50298 0.50780 0.51203 0.61743 1.07680 1.50211 1.45811 1.31903 0.86023 0.58609 0.84369 1.80977 2.56933 2.70968 2.78703 2.81716 2.82323 2.84713 2.85095 2.78733 2.77574 2.82764 2.87667 2.85496 2.80573 2.73591 2.65006 2.50522 2.24312 1.63974 1.10958 0.86852 0.80846 0.52221 0.48774 1.20440 1.83525 1.45076 0.58518 0.69981 0.76532 0.69427 1.19513 1.82722 2.21341 2.53520 2.68262 2.75233 2.98276 3.31284 3.46448 3.49641 3.42835 3.27641 2.40152 1.89910 0.48585 0.41071
1.69554 1.44520 0.78657 0.41078 0.35098 0.42908 0.29719 0.47752 0.60003 0.68532 0.64962 0.62783 0.72383 0.78718 0.72922 0.64784 0.48534 0.48034 0.73186 1.59749 2.29996 2.61056 2.74568 2.84006 2.85189 2.84969 2.82414 2.79216 2.82197 2.91744 3.02740 3.04468 2.95522 2.78567 2.66298 2.50423 2.22365 1.73083 1.34225 1.21708 1.09181 0.71133 0.76928 1.66574 1.96459 1.63259 0.72642 0.78021 0.67870 0.56276 1.29117 1.76169 1.98977 2.26345 2.44058 2.55434 2.67590 2.96807 3.32712 3.46807 3.47581 3.43921 2.44603 1.91645 0.36073 0.63545
