mrvbf_slope0.5_pctl1.3.asc
NCOLS 410
NROWS 410
XLLCORNER 2398750.0000000000000000
YLLCORNER 2548750.0000000000000000
CELLSIZE 250.0000000000000000
NODATA_VALUE -99999.00000
[rows 232 to 260 of 410, columns 0 to 65 of 410]
-99999.00000 -99999.00000 -99999.00000 -99999.00000 -99999.00000 1.42014 1.12657 1.58955 1.95882 2.43284 2.73359 3.05870 3.07347 3.07467 3.14245 3.10467 2.96581 2.90712 2.71679 2.71537 2.53983 2.39748 2.59639 2.93587 2.98309 3.07983 2.58022 1.26299 1.67119 2.46669 3.39917 3.83113 3.90198 3.86947 3.65846 3.32328 3.02632 2.87799 2.85314 2.92769 3.05597 3.16984 3.20683 3.15691 3.03066 3.02280 3.21593 3.30493 3.15971 2.85524 2.75096 3.16959 3.57756 3.56681 3.35563 3.18316 3.05629 2.94949 2.89183 2.83351 2.51812 2.07676 1.87232 2.43909 3.26523 3.48240
-99999.00000 -99999.00000 -99999.00000 -99999.00000 -99999.00000 1.25552 1.51400 1.65491 1.85203 2.39364 2.69620 2.96233 2.94927 3.07664 2.96895 3.09317 2.99488 2.78455 2.65966 2.69924 2.97108 2.81041 2.70342 2.78764 3.02607 3.35882 3.00340 2.14776 2.20646 2.82771 3.49507 3.78961 3.88084 3.83413 3.51960 3.23039 3.07487 3.13280 3.29698 3.41452 3.43570 3.46216 3.45876 3.36744 3.14771 3.00057 3.02000 3.11690 2.98507 2.72469 2.75149 3.01865 3.43779 3.54091 3.49094 3.32302 3.12484 3.00839 2.91076 2.65520 2.24161 1.88377 1.70895 2.14554 2.86459 3.29352
-99999.00000 -99999.00000 -99999.00000 -99999.00000 -99999.00000 1.72347 2.17005 1.88537 1.93792 2.39250 2.66515 2.92043 2.99948 2.95722 2.89111 2.87105 2.85336 2.68096 2.57760 2.56550 2.76160 3.14664 2.94574 2.78823 3.00223 3.41062 3.23340 2.50902 2.33746 2.65981 3.05281 3.35396 3.56791 3.61494 3.28935 3.05267 3.03763 3.15592 3.40788 3.54429 3.57148 3.53819 3.48636 3.41625 3.26554 3.08780 2.94814 2.93212 2.82303 2.66689 2.67462 3.13957 3.36045 3.44096 3.55431 3.35823 3.09434 2.92750 2.83344 2.44210 1.89339 1.43207 0.98628 1.30938 1.98545 2.68212
-99999.00000 -99999.00000 -99999.00000 -99999.00000 -99999.00000 1.60362 2.05952 1.89135 2.07283 2.39727 2.63439 2.87980 2.85322 2.77695 2.69530 2.65109 2.67345 2.59903 2.52352 2.52859 2.57558 2.97797 2.78973 2.58071 2.74079 3.08870 3.09107 2.58955 2.22438 2.27893 2.49581 2.72584 2.99157 3.20315 3.08352 2.96524 3.03155 3.01740 3.35715 3.36833 3.22791 3.10638 3.13929 3.21524 3.18730 3.05197 2.95645 2.93416 2.80950 2.69004 2.79645 3.14669 3.22955 3.29722 3.52167 3.24014 2.91783 2.70334 2.66490 2.30449 1.54798 0.65713 0.62672 0.88375 1.43737 2.09179
-99999.00000 -99999.00000 -99999.00000 -99999.00000 -99999.00000 1.41370 1.60878 1.80001 2.16574 2.40083 2.57874 2.72227 2.70687 2.60662 2.50146 2.45989 2.52036 2.55929 2.65976 2.56503 2.54955 2.54582 2.31493 2.24949 2.43621 2.72627 2.81108 2.61488 2.31430 2.14003 2.18586 2.34109 2.56999 2.85980 3.08845 3.12059 3.06567 2.90535 3.01294 2.89881 2.64373 2.49220 2.63044 2.85536 2.88709 2.82034 2.88916 2.99182 2.84778 2.77026 3.00165 3.14106 3.04129 3.08602 3.33984 3.02154 2.77384 2.74046 2.66882 2.28252 1.38846 0.55380 0.78410 0.96515 1.37359 2.00465
-99999.00000 -99999.00000 -99999.00000 -99999.00000 -99999.00000 1.70550 1.01434 1.67624 2.18183 2.39056 2.55276 2.63270 2.58684 2.47426 2.34867 2.47365 2.45866 2.63568 2.78146 2.61271 2.58194 2.20154 1.79211 1.87749 2.35899 2.72209 2.83363 2.77625 2.52258 2.16023 2.00676 2.13074 2.39398 2.70096 3.15875 3.11798 2.98895 2.74191 2.70497 2.58706 2.28440 2.05335 2.22990 2.51446 2.59334 2.59291 2.73292 3.01007 3.00063 2.92765 3.09947 3.11369 2.99138 2.87683 3.05998 2.84769 2.75032 2.79195 2.58947 2.26964 1.56869 0.70692 1.64805 1.50901 1.86020 2.31646
-99999.00000 -99999.00000 -99999.00000 -99999.00000 -99999.00000 1.61182 1.09291 1.49751 1.91519 2.27675 2.53848 2.65697 2.56776 2.49393 2.58338 2.72544 2.67017 2.75524 2.66237 2.57193 2.36803 1.55014 1.18048 1.62496 2.55199 3.10234 3.25251 3.17006 2.87626 2.41923 2.24406 2.26595 2.38093 2.60794 3.03034 2.91505 2.86641 2.71547 2.64426 2.60311 2.38204 2.30856 2.12693 2.27651 2.38092 2.44671 2.53055 2.81491 3.12428 2.94827 3.04854 3.02497 2.95094 2.81609 2.88244 2.78111 2.71065 2.65014 2.42669 2.23425 1.66144 1.13321 2.28710 2.09146 2.32865 2.56019
-99999.00000 -99999.00000 -99999.00000 -99999.00000 -99999.00000 1.65775 0.74213 0.92421 1.10602 1.92224 2.45356 2.73058 2.60540 2.61026 2.93657 2.93450 2.93347 2.93448 2.62295 2.49946 2.18589 1.29014 1.98562 2.13904 2.76352 3.45308 3.74024 3.50572 3.06033 2.62757 2.51677 2.41704 2.42600 2.56828 2.84353 2.75875 2.66489 2.72046 2.78115 2.93952 2.91777 2.99607 2.60856 2.34713 2.42289 2.47327 2.35919 2.54521 2.98955 2.96615 2.93798 3.06701 3.01563 2.87335 2.89998 2.80010 2.71075 2.69160 2.57070 2.46101 1.92692 1.43770 2.29962 2.15534 2.08974 2.23224
-99999.00000 -99999.00000 -99999.00000 -99999.00000 -99999.00000 1.33446 1.68975 1.07413 1.10010 1.42716 2.29298 2.71134 2.63666 2.67570 3.09941 3.11947 2.97567 2.96968 2.67822 2.43626 2.17558 1.85283 2.51535 2.71851 3.15058 3.65444 3.88734 3.47038 2.90892 2.51840 2.32446 2.35313 2.42511 2.51884 2.67320 2.61171 2.62774 2.89712 3.05749 3.20467 3.17024 3.08289 3.07277 2.85327 2.91241 2.90467 2.46890 2.41912 2.75959 2.95137 2.88239 3.03131 3.04106 2.90200 2.92967 2.91969 2.90283 2.95193 2.92551 2.91031 2.23115 1.44707 1.88510 2.34148 1.94312 2.10436
-99999.00000 -99999.00000 -99999.00000 -99999.00000 -99999.00000 1.29303 1.18135 0.88617 1.24792 1.20641 2.08931 2.57019 2.66221 2.73193 3.11481 3.30458 3.05252 3.06867 2.78312 2.47847 2.43660 2.78182 3.02672 3.17317 3.50943 3.92203 3.86009 3.29586 2.70730 2.74423 2.48241 2.31202 2.29588 2.41657 2.62361 2.72192 2.90051 3.23100 3.18030 3.26355 3.22152 3.03494 3.09642 3.10055 3.15143 3.16888 2.74365 2.48371 2.68264 2.90201 2.87789 3.06444 3.07526 2.90115 2.90478 3.06997 3.24563 3.10748 3.06165 2.99292 2.49175 1.97215 1.75005 1.93913 2.27858 2.20547
-99999.00000 -99999.00000 -99999.00000 -99999.00000 -99999.00000 2.13294 1.82860 1.83324 1.90999 1.07960 1.77808 2.40608 2.68801 2.84455 3.09994 3.35288 3.08199 2.91699 2.90028 2.79572 3.01002 3.33722 3.31425 3.47011 3.77891 3.92930 3.60376 3.15694 2.96865 3.21586 3.12849 2.93143 2.64768 2.55396 2.87562 3.18131 3.35560 3.37425 3.23797 3.11824 2.89374 2.82702 3.07703 3.06064 2.78704 2.73791 2.55427 2.44119 2.59908 2.83618 2.94733 3.10815 3.17259 2.99970 2.93022 3.05578 3.21303 3.06348 2.71003 2.44046 2.35551 2.20379 1.90262 1.47588 1.15750 1.66032
-99999.00000 -99999.00000 -99999.00000 -99999.00000 -99999.00000 2.26973 2.15286 1.64948 1.82017 1.35832 1.60940 2.31350 2.71908 2.99836 3.01712 3.09900 2.97766 2.77718 3.00009 3.00164 3.16908 3.28373 3.36022 3.63713 3.87135 3.72256 3.38787 3.12238 3.31603 3.30192 3.09705 3.06261 2.96319 2.90733 3.22607 3.47074 3.51381 3.50088 3.28814 2.93319 2.61717 2.91950 3.30656 3.16623 2.67633 2.46654 2.23764 2.17381 2.53451 2.84527 3.13883 3.25941 3.35619 3.26909 3.10874 3.13442 3.16769 2.87898 2.52657 2.19405 1.97274 2.02664 1.77963 0.65410 0.59722 0.80429
-99999.00000 -99999.00000 -99999.00000 -99999.00000 -99999.00000 2.71876 2.34281 1.09802 1.80304 1.71907 1.85237 2.27584 2.64830 3.06241 2.93686 2.77315 2.68070 2.64231 2.75990 2.83761 3.03190 2.99471 3.16436 3.49138 3.62559 3.53114 3.26315 3.13776 3.42069 3.13026 3.14791 3.16047 3.13393 3.31385 3.54969 3.41107 3.27996 3.36718 3.27910 3.09740 3.14654 3.20143 3.32521 3.02869 2.95421 3.16096 2.93839 2.49455 2.62294 2.99500 3.38831 3.42139 3.36351 3.29891 3.25297 3.20991 3.20112 2.96611 2.66044 2.41680 2.04056 1.84593 1.45221 0.49828 0.87314 0.92930
-99999.00000 -99999.00000 -99999.00000 -99999.00000 -99999.00000 3.15469 2.79176 1.45197 1.39889 1.57520 1.78449 2.14599 2.52554 2.88138 2.75694 2.55479 2.52524 2.66587 2.59056 2.90584 3.10009 2.90816 2.81793 3.16299 3.46968 3.41378 3.26544 3.30093 3.25147 3.10151 3.29805 3.47896 3.56123 3.78356 3.58843 3.26846 3.29530 3.35025 3.45200 3.38696 3.36353 3.33017 3.45540 3.30371 2.94821 3.15275 3.41080 3.09416 2.89980 3.07126 3.40511 3.61493 3.47997 3.27917 3.35484 3.26015 3.17972 2.94337 2.56358 2.26558 2.19762 2.00597 1.30330 0.66187 1.63031 1.82816
-99999.00000 -99999.00000 -99999.00000 -99999.00000 -99999.00000 3.46925 2.73616 1.45284 0.55183 0.62138 0.94398 1.87739 2.37226 2.63669 2.53211 2.39829 2.58099 2.89137 2.79135 3.02280 3.12234 2.95324 2.77175 2.95995 3.39755 3.37733 3.39856 3.39675 3.17447 3.24027 3.48879 3.60696 3.69566 3.91777 3.71612 3.32857 3.19608 3.42238 3.55506 3.47737 3.42249 3.49592 3.67181 3.62908 3.25313 3.17212 3.43973 3.26110 3.01417 3.12668 3.46146 3.78840 3.51074 3.16996 3.32186 3.18416 3.14546 2.80146 2.45630 2.29656 2.21649 2.12907 1.92745 1.18142 1.45974 2.05223
-99999.00000 -99999.00000 -99999.00000 -99999.00000 -99999.00000 3.31743 2.36449 1.48628 0.94258 0.67398 0.61231 1.75034 2.15054 2.31997 2.26647 2.28790 2.68466 2.94620 2.85596 2.93360 2.91020 2.89650 2.86908 2.88216 3.14296 3.20874 3.41699 3.28518 3.10266 3.25344 3.54581 3.62211 3.46374 3.44260 3.48733 3.44773 3.32494 3.43181 3.55993 3.55171 3.52769 3.60111 3.68910 3.68756 3.37247 3.26266 3.46322 3.29109 3.07710 3.23079 3.48415 3.53824 3.20009 2.98846 3.26181 3.21461 3.24796 2.75517 2.46398 2.34991 2.00601 1.67798 1.94581 2.24832 2.33669 1.88797
-99999.00000 -99999.00000 -99999.00000 -99999.00000 -99999.00000 3.15786 2.35296 1.64664 0.95201 0.89620 0.45761 1.66630 1.97668 2.05760 2.11761 2.54858 2.70872 2.79580 2.74163 2.70765 2.68132 2.90857 2.99501 3.02607 2.99788 3.03205 3.23398 3.16963 2.67806 2.70454 3.13638 3.34899 3.12338 2.92264 2.90526 3.05923 3.28195 3.43481 3.39151 3.36670 3.49789 3.47255 3.34668 3.35920 3.28611 3.20006 3.42382 3.27625 3.16769 3.25636 3.22131 3.16072 2.96377 3.00545 3.07462 3.19327 3.31160 2.80507 2.45478 2.10041 1.73932 1.28320 1.26986 2.27551 2.77709 2.72050
-99999.00000 -99999.00000 -99999.00000 -99999.00000 -99999.00000 2.56116 2.09300 1.53706 1.11838 1.43136 0.85729 1.59797 1.97244 2.14254 2.38672 2.77976 2.73729 2.72668 2.81685 2.65308 2.67465 2.82697 3.02384 3.28984 3.18245 3.07629 2.97434 2.91893 2.31716 2.21794 2.55977 2.75959 2.60564 2.52600 2.56802 2.71374 3.00057 3.19941 3.07278 3.01997 3.10163 3.06546 2.97427 2.91808 2.97780 2.96366 3.29989 3.17325 3.21206 3.29186 3.04987 2.96275 3.04135 3.21880 3.01942 3.25139 3.42607 2.87757 2.47571 2.18607 1.95672 2.48380 2.74656 2.65591 2.44506 2.67984
-99999.00000 -99999.00000 -99999.00000 -99999.00000 -99999.00000 2.07516 1.91850 1.18880 1.07971 1.17217 1.28895 1.84785 2.28336 2.47784 2.55945 2.66804 2.79305 2.67200 2.75079 2.70137 2.70783 2.79821 3.18957 3.54774 3.27033 3.05583 3.04183 2.83912 2.56037 2.13289 2.27341 2.31018 2.20903 2.28538 2.55084 2.72882 2.97456 3.09545 3.02687 3.06519 2.91400 2.93021 2.99277 2.77812 2.58983 2.72579 3.08006 2.99013 3.12197 3.16952 2.99431 2.90358 3.04256 3.23783 2.99125 3.23472 3.30313 2.77607 2.50313 2.42775 2.39565 2.73795 3.35572 3.26813 2.50258 2.28222
-99999.00000 -99999.00000 -99999.00000 -99999.00000 -99999.00000 1.90667 1.87472 1.27451 0.94420 0.96765 1.19790 1.94827 2.57308 2.84899 2.86740 2.94234 3.01703 2.85414 2.65447 2.50727 2.58717 2.98313 3.53702 3.80669 3.38802 2.97262 2.91426 2.81042 2.83928 2.87122 2.41346 2.10610 1.96466 2.30624 2.48889 2.73746 3.12604 3.24170 3.21332 3.33553 3.20522 3.20074 3.21320 2.97991 2.56309 2.60501 2.71746 2.77976 3.01497 3.00587 2.84176 2.83140 2.84694 2.88238 2.93215 3.08544 2.85368 2.60170 2.52979 2.76843 2.83511 2.82890 3.27668 3.47642 3.17298 2.49736
-99999.00000 -99999.00000 -99999.00000 -99999.00000 -99999.00000 1.84507 1.65492 1.09679 0.63949 0.90167 1.16554 1.92262 2.73127 3.15723 3.20457 3.32353 3.25893 3.13685 2.69836 2.45205 2.62147 3.17557 3.60536 3.53286 3.08099 2.64962 2.59549 2.62003 2.83111 3.05925 2.58341 2.16953 2.36558 2.55952 2.29102 2.65057 3.22232 3.29997 3.23535 3.34288 3.33858 3.32917 3.21358 2.98082 2.84145 2.92740 2.60055 2.70700 3.03020 2.93202 2.79593 2.91300 2.72286 2.74035 3.03565 2.89357 2.67455 2.57408 2.58406 2.92068 3.13995 2.93235 3.14591 3.46745 2.97202 2.66822
-99999.00000 -99999.00000 -99999.00000 -99999.00000 -99999.00000 2.42618 2.10644 1.27220 1.81097 0.76490 1.20805 2.12787 2.82726 3.20535 3.38767 3.55162 3.31603 3.11933 2.57985 2.53442 2.63183 2.83384 3.15094 3.11839 2.72958 2.53942 2.66941 2.69901 2.51346 2.63522 2.44240 2.50945 2.97047 2.61337 2.32661 2.69341 3.25577 3.19044 3.06244 3.11047 3.11953 3.12199 3.05204 2.93998 3.04766 3.24265 2.76381 2.75807 3.12232 3.02792 2.93201 3.07864 2.65574 2.74206 2.95921 2.79107 2.69565 2.66313 2.77190 2.80279 3.12751 2.96862 3.07744 3.32256 2.91716 2.86727
-99999.00000 -99999.00000 -99999.00000 -99999.00000 -99999.00000 2.49849 2.43539 1.85626 1.01321 1.63463 2.23136 2.41616 2.89619 3.32257 3.68521 3.69785 3.31783 3.11225 2.65965 2.63419 2.67171 2.70609 2.87689 3.02016 2.74710 2.65353 2.82824 2.93378 2.42509 2.17715 2.29355 2.86343 3.03962 2.64945 2.50501 2.78777 3.14317 2.95928 2.79932 2.81608 2.81888 2.81375 2.85582 2.96718 3.17923 3.34818 2.98490 2.83667 3.14999 3.13805 3.03649 3.19270 2.69434 2.69832 2.86141 2.80991 2.74402 2.71203 2.77003 2.81316 2.88237 2.85776 3.08808 3.27047 3.03202 2.89019
-99999.00000 -99999.00000 -99999.00000 -99999.00000 -99999.00000 2.65683 2.65702 2.12460 1.28873 1.44455 1.92254 2.45326 2.94338 3.43374 3.86053 3.71498 3.29129 3.07588 2.82036 2.70151 2.80115 2.83297 2.91551 3.10531 2.78071 2.64875 2.87133 3.04871 2.72533 1.91271 1.97706 2.64990 2.89586 2.75635 2.59981 2.72640 2.86993 2.75681 2.69556 2.80046 2.79652 2.69669 2.73290 2.88377 3.06973 3.16400 2.91518 2.74634 3.01809 3.20406 3.00699 3.06144 2.80589 2.79333 2.78211 2.68819 2.68425 2.74938 2.74619 2.85775 2.83655 2.78524 2.80624 2.97137 2.99187 2.94865
-99999.00000 -99999.00000 -99999.00000 -99999.00000 -99999.00000 2.18999 2.10894 1.76160 1.79302 1.60555 2.16529 2.62646 3.13977 3.51161 3.83043 3.60351 3.16838 2.98387 2.84878 2.61376 2.67959 2.78369 2.86916 2.96894 2.75135 2.65228 2.96918 3.04487 2.74638 2.28065 2.32739 2.34719 2.68973 2.79176 2.51387 2.43208 2.59945 2.80393 2.89220 3.01045 2.99675 2.74926 2.63355 2.78171 3.01317 3.08547 2.81892 2.60261 2.81744 3.24412 3.12632 3.00488 2.93463 2.98365 2.61037 2.37163 2.28696 2.48471 2.68997 2.68377 2.70899 2.58116 2.36514 2.47222 2.75894 3.05617
-99999.00000 -99999.00000 -99999.00000 -99999.00000 -99999.00000 1.90330 1.82316 1.44012 1.45091 2.14121 2.64560 2.70868 2.84611 3.15172 3.45368 3.46500 3.05931 2.96081 2.99858 2.59745 2.48816 2.52841 2.65157 2.82490 2.83004 2.78634 2.94923 3.01563 2.98564 2.82756 3.01240 2.50788 2.65335 2.87637 2.44128 2.16746 2.44940 2.96217 3.09323 2.88964 2.82581 2.77628 2.79647 2.98743 3.22819 3.25353 2.88252 2.50876 2.60227 2.98232 3.24756 3.19119 2.94710 2.64415 2.32199 1.87580 1.66796 1.88976 2.20265 2.38520 2.57428 2.40919 2.50553 2.48073 2.62269 2.96403
-99999.00000 -99999.00000 -99999.00000 -99999.00000 -99999.00000 1.63179 1.39979 1.19674 1.98765 2.06548 2.56101 2.85867 2.75652 2.71495 2.90760 3.16531 2.90965 2.87307 2.91674 2.68210 2.55785 2.53058 2.62187 2.86464 3.09535 2.99337 2.85362 2.75096 2.79875 2.75197 3.15134 2.69361 2.59427 2.78835 2.42995 2.25608 2.32844 2.80563 3.25454 2.92774 2.63115 2.73804 3.12909 3.20963 3.32004 3.31654 3.09918 2.55439 2.55349 2.76500 2.90187 2.72401 2.49607 2.34931 2.20384 2.06062 2.16819 1.48675 1.50657 2.20072 2.78474 2.56384 2.67691 2.89809 2.76565 2.83947
-99999.00000 -99999.00000 -99999.00000 -99999.00000 -99999.00000 1.45430 1.42898 1.77146 1.48820 1.87887 2.43598 2.85331 2.85183 2.63537 2.62489 2.71762 2.71246 2.81677 2.81138 2.83021 2.92213 2.66715 2.68559 2.97818 3.34869 3.23106 2.92005 2.56156 2.34447 2.72971 3.20219 2.87733 2.52242 2.57264 2.57700 2.69544 2.35592 2.64507 3.19740 2.99461 2.67167 2.74272 3.13229 3.20415 3.36681 3.30258 3.17144 2.91545 2.71164 2.84183 2.85058 2.64379 2.48857 2.53501 2.75199 2.64302 2.63865 2.37332 1.81544 2.18327 2.75186 2.77505 2.67912 3.08839 3.01283 2.79711
-99999.00000 -99999.00000 -99999.00000 -99999.00000 -99999.00000 0.89213 1.78231 2.38757 2.18561 2.11931 2.44876 2.83827 2.76812 2.71680 2.66735 2.55588 2.59255 2.73783 2.81694 2.89281 3.02191 2.69548 2.73805 3.09170 3.42382 3.31923 2.94482 2.49843 2.37493 2.72549 2.99164 3.11346 2.76785 2.58770 2.70640 2.73451 2.37292 2.48649 2.86474 2.94674 2.83612 2.93289 3.15175 3.35807 3.51837 3.35201 3.24615 3.18200 2.97406 3.07389 3.09253 2.98214 2.95174 2.93898 2.97552 2.82223 2.77712 2.91811 2.64730 2.41809 2.83392 2.99511 2.81996 2.82148 3.03606 2.91217
