mrvbf_slope0.6_pctl1.5.asc
NCOLS 410
NROWS 410
XLLCORNER 2398750.0000000000000000
YLLCORNER 2548750.0000000000000000
CELLSIZE 250.0000000000000000
NODATA_VALUE -99999.00000
[rows 116 to 144 of 410, columns 132 to 197 of 410]
5.92622 5.87014 5.88206 5.89347 5.83045 5.78396 5.79773 5.90005 5.94780 5.87150 5.81480 5.78241 5.77713 5.82713 5.95808 5.94752 5.87439 5.83460 5.85723 5.88492 5.93202 6.01653 6.01901 5.90402 5.79516 5.72067 5.69319 5.71866 5.77277 5.80423 5.81925 5.79944 5.76284 5.74430 5.70898 5.71005 5.70240 5.65850 5.60367 5.65391 5.73634 5.80502 5.85375 5.82415 5.80502 5.81130 5.80881 5.80730 5.77497 5.78887 5.79045 5.81334 5.78784 5.82264 5.81591 5.82992 5.81352 5.82323 5.74547 5.60893 5.40239 4.06440 3.57236 4.32349 5.50320 5.40907
5.89061 5.87485 5.89456 5.87413 5.81778 5.79299 5.81257 5.88384 5.95336 5.91530 5.84547 5.78161 5.75252 5.77222 5.88393 6.08205 6.04221 5.90460 5.85754 5.87066 5.91487 5.92390 5.87768 5.82131 5.76548 5.72278 5.70727 5.72705 5.77608 5.77258 5.79918 5.81052 5.77589 5.73258 5.74829 5.70082 5.64260 5.57172 5.54773 5.57037 5.64912 5.68878 5.71434 5.75660 5.80668 5.85079 5.83843 5.81539 5.77259 5.77725 5.78904 5.78219 5.74499 5.76916 5.80967 5.84491 5.82074 5.76956 5.67236 5.63692 5.40249 4.83975 4.95874 5.47491 4.45568 3.42007
5.85110 5.87354 5.92308 5.90702 5.83600 5.80482 5.81013 5.84785 5.90900 5.91640 5.86925 5.79026 5.74319 5.73943 5.80163 6.00726 6.12158 5.98093 5.89047 5.84746 5.80531 5.77046 5.75552 5.75321 5.75538 5.74827 5.74194 5.75153 5.76932 5.79979 5.85850 5.82830 5.80222 5.74602 5.70939 5.64819 5.62245 5.48891 5.62691 5.53394 5.51787 5.60178 5.62735 5.66539 5.75473 5.82571 5.84048 5.81889 5.78293 5.77751 5.79037 5.78030 5.76200 5.74224 5.79623 5.82631 5.78716 5.74703 5.68399 5.64297 5.30564 4.52893 5.43624 5.28196 3.40164 2.77209
5.86185 5.93492 6.01956 5.96884 5.85564 5.79976 5.79478 5.82842 5.87556 5.86916 5.80067 5.77354 5.73977 5.72319 5.76537 5.88232 6.00326 5.91824 5.84692 5.76373 5.71365 5.69464 5.70337 5.72967 5.76276 5.77317 5.78432 5.82140 5.83591 5.97060 5.92852 5.82523 5.82561 5.74217 5.64669 5.61566 5.57288 5.57632 5.61333 5.54358 5.38904 5.50962 5.56312 5.58545 5.69320 5.77009 5.82396 5.86520 5.81125 5.78221 5.77440 5.79499 5.78718 5.74872 5.76034 5.78343 5.75147 5.70439 5.61290 5.48217 5.02866 4.21415 3.32935 3.13626 3.05208 3.20466
5.91973 6.00957 6.02689 6.00152 5.88603 5.80479 5.79125 5.83508 5.90735 5.89526 5.77853 5.76381 5.73242 5.71341 5.75213 5.82263 5.80631 5.75491 5.73301 5.68041 5.64735 5.65652 5.68698 5.72015 5.74862 5.76172 5.78778 5.85265 5.96101 6.14743 5.97767 5.84887 5.80698 5.71685 5.61579 5.64516 5.57877 5.56963 5.56283 5.43217 4.84365 4.36314 4.93695 5.46168 5.65529 5.73785 5.81481 5.88131 5.81246 5.77684 5.75078 5.78776 5.79582 5.74870 5.75867 5.78408 5.77211 5.72953 5.66486 5.55620 5.15091 2.83852 2.72321 2.74895 2.83136 5.43576
5.84746 5.92943 6.00516 6.00355 5.89028 5.80228 5.78130 5.82327 5.90692 5.91781 5.80208 5.77213 5.75535 5.72691 5.74060 5.74587 5.71313 5.69778 5.67817 5.64146 5.64437 5.68891 5.71460 5.73972 5.76139 5.77874 5.82359 5.86943 5.94031 6.13591 6.02402 5.88850 5.79730 5.74446 5.69138 5.61413 5.63419 5.57881 5.46318 5.00350 3.72794 1.54862 1.74987 4.48789 5.59750 5.71924 5.78323 5.82741 5.79694 5.75659 5.76184 5.78462 5.80046 5.74708 5.75924 5.79003 5.77389 5.78215 5.72894 5.68668 5.59656 4.13839 2.73962 2.74144 4.15816 5.59091
5.80901 5.84439 5.89603 5.88232 5.84470 5.79064 5.76808 5.79906 5.83613 5.82064 5.79470 5.81213 5.80059 5.74363 5.70728 5.68024 5.68698 5.72185 5.70971 5.68676 5.71486 5.77293 5.76408 5.78930 5.84249 5.88187 5.92889 5.89321 5.92888 6.00801 5.93026 5.87493 5.79717 5.75254 5.71370 5.62588 5.57361 5.56815 5.37757 4.25762 1.12105 0.55966 0.66383 1.31769 4.72349 5.61635 5.72485 5.77843 5.78059 5.75724 5.76978 5.77867 5.80114 5.75794 5.77262 5.78258 5.76855 5.76325 5.74138 5.71971 5.70228 5.57357 4.48133 4.52769 5.42322 5.56364
5.79819 5.79245 5.80670 5.79847 5.78816 5.78463 5.77954 5.78085 5.79054 5.77200 5.76485 5.79476 5.79736 5.75735 5.72281 5.71698 5.74522 5.78033 5.75280 5.72800 5.76061 5.78171 5.77969 5.81948 5.87748 5.95138 5.92762 5.92621 5.93337 5.90596 5.87814 5.90378 5.80790 5.71879 5.67293 5.58518 5.47015 4.87208 3.98490 2.46136 0.48367 0.56979 1.09820 0.87179 1.84989 5.28743 5.65280 5.73901 5.75304 5.75483 5.75811 5.76720 5.77815 5.76562 5.78807 5.77912 5.77784 5.74908 5.75284 5.72996 5.71485 5.70821 5.62659 5.56148 5.58374 5.53255
5.78727 5.75841 5.76205 5.76652 5.77010 5.79192 5.81482 5.77781 5.75679 5.75461 5.77752 5.83065 5.85006 5.82291 5.80567 5.79356 5.78615 5.78340 5.76918 5.72524 5.75004 5.79073 5.81388 5.86801 5.87466 5.88309 5.90469 5.93841 5.90859 5.90382 5.91210 5.88246 5.76241 5.69065 5.64437 5.54941 5.23054 4.02442 4.07271 2.37933 0.59130 3.32525 2.18019 1.56272 1.46026 4.24435 5.55668 5.66656 5.71947 5.74118 5.74172 5.75731 5.75697 5.76426 5.79282 5.80285 5.80487 5.76041 5.75189 5.75608 5.72103 5.71468 5.71761 5.68560 5.66680 5.59810
5.77242 5.73775 5.74121 5.76161 5.79209 5.80326 5.82910 5.79249 5.75073 5.74568 5.76520 5.79354 5.82791 5.84109 5.80291 5.78043 5.78890 5.80973 5.81581 5.74880 5.75690 5.82258 5.85602 5.92468 5.96081 5.91291 5.95931 5.94854 5.87781 5.88237 5.87415 5.81710 5.71602 5.67053 5.66508 5.60705 5.49337 5.25628 4.97791 4.39715 1.67102 0.74186 1.16611 1.90369 2.27106 4.87050 5.58862 5.61929 5.67369 5.70201 5.71224 5.74459 5.75114 5.78231 5.78879 5.79835 5.79769 5.76160 5.74577 5.74642 5.74536 5.72731 5.71779 5.71195 5.71449 5.71752
5.75856 5.73270 5.73985 5.75965 5.78508 5.80535 5.83149 5.79903 5.76959 5.76387 5.76533 5.75907 5.75772 5.75551 5.75476 5.77821 5.82670 5.86529 5.81556 5.74408 5.73977 5.78110 5.79558 5.84115 5.94924 5.94974 5.92269 5.89898 5.84075 5.81335 5.77758 5.74323 5.69249 5.68224 5.70861 5.70439 5.66217 5.47819 4.35936 4.65007 2.94392 1.95233 3.71103 4.54156 5.04463 5.49534 5.62608 5.59618 5.61234 5.66823 5.69664 5.71260 5.74985 5.78795 5.79285 5.78969 5.76356 5.74300 5.73784 5.73434 5.73204 5.74870 5.72376 5.72545 5.74232 5.75376
5.75572 5.73542 5.73934 5.74181 5.76138 5.79258 5.79443 5.78232 5.79909 5.82570 5.81491 5.79191 5.77745 5.76797 5.77317 5.84314 5.94190 5.92690 5.79406 5.71762 5.70594 5.75235 5.75837 5.78546 5.91164 5.90726 5.91060 5.87221 5.79668 5.75682 5.73244 5.72393 5.73497 5.72829 5.71508 5.73186 5.63310 5.28372 5.33036 4.80806 4.64108 5.35169 5.54535 5.58414 5.60332 5.59351 5.58449 5.58423 5.59700 5.65380 5.68944 5.69334 5.74754 5.74753 5.74744 5.75007 5.73132 5.74030 5.73420 5.71988 5.69488 5.71544 5.72949 5.74789 5.77799 5.74157
5.76643 5.79093 5.77555 5.75030 5.74785 5.75117 5.75395 5.78469 5.84624 5.92128 5.90493 5.84413 5.84148 5.81283 5.77809 5.83468 5.93991 5.89308 5.76354 5.69164 5.68634 5.74195 5.72742 5.75925 5.88071 5.88897 5.82880 5.80452 5.74630 5.71732 5.72977 5.75167 5.76266 5.76665 5.73348 5.72032 5.56578 5.41376 5.47810 5.37492 5.50114 5.64086 5.68722 5.67790 5.64304 5.58001 5.49013 5.52488 5.60176 5.67317 5.68900 5.67148 5.69041 5.67435 5.66977 5.68252 5.71061 5.71163 5.73303 5.72104 5.73072 5.71872 5.75133 5.76192 5.78416 5.74356
5.83322 5.84641 5.85475 5.80831 5.77307 5.75009 5.72624 5.75135 5.81894 5.85746 5.83269 5.79462 5.79599 5.76470 5.78902 5.76729 5.81012 5.80181 5.72645 5.67096 5.67311 5.71204 5.71713 5.76299 5.81638 5.82556 5.81338 5.80208 5.73788 5.69658 5.71062 5.74680 5.77282 5.75258 5.66406 5.59588 5.40882 5.49241 5.55161 5.56622 5.60778 5.63836 5.53717 5.43130 5.46790 5.51537 5.29111 5.39066 5.57367 5.65782 5.65674 5.63713 5.65034 5.67413 5.64126 5.59984 5.65030 5.69412 5.72689 5.72383 5.71228 5.74959 5.79309 5.78796 5.79898 5.76200
5.88497 5.87350 5.91075 5.88711 5.81847 5.78473 5.73895 5.72569 5.76991 5.76192 5.75317 5.78382 5.75000 5.74175 5.78042 5.73868 5.73410 5.72400 5.68832 5.63067 5.60251 5.66577 5.70980 5.76776 5.78454 5.79838 5.77471 5.77671 5.75540 5.71205 5.70466 5.72875 5.75256 5.70145 5.61242 5.46593 5.49033 5.37929 5.47336 5.58290 5.53282 5.01345 3.77597 4.74422 3.73444 3.80443 3.61765 5.19987 5.54895 5.59144 5.61410 5.66722 5.64313 5.65750 5.59173 5.58238 5.58512 5.66518 5.70673 5.71055 5.73894 5.77710 5.79756 5.78197 5.80346 5.79519
5.84946 5.83554 5.83479 5.86046 5.82252 5.79143 5.76860 5.73124 5.74692 5.75001 5.74742 5.74079 5.72218 5.71136 5.73760 5.73596 5.73422 5.72327 5.69841 5.64757 5.58269 5.57944 5.66533 5.72684 5.73772 5.73794 5.74490 5.77300 5.77113 5.74183 5.73239 5.74343 5.75050 5.70457 5.62892 5.47883 5.40224 5.37720 5.51123 5.57767 4.90156 2.15146 2.33204 2.04348 0.71186 0.49359 0.85453 4.37134 5.48214 5.48019 5.59262 5.65907 5.69210 5.66423 5.61384 5.60677 5.58434 5.65069 5.69060 5.68593 5.74107 5.76406 5.75040 5.75542 5.77982 5.79067
5.81074 5.79374 5.77412 5.77053 5.74858 5.73490 5.74868 5.75201 5.74889 5.76125 5.77023 5.76914 5.71483 5.73399 5.80820 5.84260 5.83877 5.82159 5.79659 5.76472 5.70750 5.61004 5.62096 5.69468 5.72357 5.73184 5.75396 5.75666 5.74241 5.74871 5.75873 5.78387 5.80521 5.75111 5.66544 5.56893 5.50150 5.48424 5.62291 5.61002 4.62732 2.35750 1.37399 0.41565 0.63694 0.97027 0.42410 1.68065 5.23463 5.53114 5.56646 5.67025 5.70984 5.67097 5.61208 5.63590 5.58595 5.64563 5.66840 5.65708 5.70608 5.71619 5.70260 5.70736 5.70701 5.72185
5.77275 5.74401 5.71158 5.67457 5.63600 5.64028 5.68598 5.72875 5.76281 5.81912 5.77724 5.72486 5.72269 5.80852 5.95430 6.03127 6.01828 5.98635 5.94341 5.90163 5.81283 5.72047 5.63929 5.65850 5.71461 5.72693 5.76035 5.71700 5.70795 5.74347 5.75436 5.76401 5.77272 5.74915 5.69449 5.62038 5.57770 5.62804 5.62726 5.50983 4.47799 2.48505 1.59333 2.13986 1.61178 2.44251 1.03860 3.98871 5.52168 5.61018 5.61916 5.69469 5.69121 5.64648 5.58516 5.58177 5.57233 5.65595 5.66185 5.59734 5.60647 5.60625 5.59317 5.63293 5.64440 5.62907
5.72131 5.67396 5.61573 5.54214 5.50750 5.57326 5.65915 5.73598 5.78961 5.77424 5.72079 5.72349 5.80191 5.94859 6.05900 6.07248 6.06789 6.03969 5.99328 5.94120 5.89588 5.77694 5.67004 5.61987 5.66986 5.70523 5.72400 5.67966 5.69731 5.71509 5.72086 5.70838 5.71268 5.70756 5.66052 5.63801 5.63328 5.64995 5.62477 5.40179 3.42353 2.55095 5.14578 5.39534 4.79565 4.83056 4.22015 5.41154 5.51914 5.53126 5.50512 5.59698 5.65633 5.60538 5.62335 5.48573 5.55306 5.58431 5.60012 5.57088 5.57086 5.53725 5.48405 5.51073 5.54470 5.55222
5.66050 5.59393 5.52119 5.48360 5.54763 5.60727 5.64990 5.72562 5.75338 5.70110 5.71071 5.79437 5.94356 6.06414 6.09520 6.11690 6.11876 6.09525 6.04759 5.98624 5.92663 5.83584 5.73057 5.61979 5.61663 5.67721 5.69986 5.65893 5.65220 5.62785 5.64131 5.63406 5.65211 5.68914 5.66333 5.61621 5.59084 5.63924 5.66075 5.54621 4.70200 4.12564 5.24896 5.41746 5.31692 5.31649 5.40988 5.59916 5.57222 5.38149 5.33946 5.46414 5.58186 5.59808 5.61605 5.48800 5.48468 5.57028 5.53938 5.54419 5.59930 5.54862 5.48802 5.44873 5.48844 5.50998
5.61557 5.55954 5.53087 5.58306 5.66817 5.64881 5.64654 5.70263 5.68810 5.67670 5.76454 5.90200 6.03339 6.08634 6.12965 6.15734 6.16318 6.14359 6.09522 6.02715 5.95625 5.89524 5.76920 5.65609 5.60070 5.65491 5.64828 5.57359 5.53732 5.53490 5.58010 5.58984 5.62335 5.63959 5.63528 5.60431 5.61040 5.59254 5.57032 5.51400 5.01794 3.53655 3.80435 4.98313 5.43263 5.48211 5.59767 5.67619 5.60827 5.46442 5.18973 5.19675 5.53914 5.62410 5.66120 5.61985 5.53617 5.21233 5.39101 5.53012 5.61700 5.57488 5.50809 5.14069 5.37972 5.50950
5.60771 5.59118 5.60074 5.64679 5.67391 5.62593 5.62414 5.69294 5.66513 5.67795 5.78756 5.95587 6.02793 6.09786 6.15336 6.18665 6.19458 6.17744 6.12815 6.05791 5.98181 5.91233 5.82063 5.71873 5.60544 5.60255 5.59082 5.43221 5.37851 5.54362 5.65208 5.65543 5.60281 5.51950 5.52198 5.53459 5.48051 5.49015 5.56224 5.60644 5.52237 4.90705 4.30586 3.46662 4.32160 5.55239 5.65607 5.61956 5.44377 5.27407 5.21247 4.84343 5.44249 5.62010 5.65169 5.57826 5.48084 5.27340 4.97174 5.44331 5.56393 5.54401 5.48323 5.43981 5.09478 5.40583
5.62454 5.64164 5.65969 5.67709 5.65591 5.60146 5.64165 5.64543 5.63563 5.66892 5.77910 5.93481 6.01317 6.09353 6.15928 6.19825 6.20674 6.19013 6.14427 6.07777 6.00247 5.92974 5.86965 5.73871 5.60234 5.57343 5.57684 5.30949 4.86262 4.86801 5.50462 5.56814 5.45843 5.38331 5.37724 5.54527 5.54763 5.59847 5.68061 5.71236 5.60687 4.87810 4.58697 3.05658 2.36936 4.61775 5.45462 5.35419 5.12771 4.55982 4.87888 5.16717 5.54072 5.64117 5.66036 5.61326 5.56095 5.11305 4.57336 5.08933 5.34924 5.40892 5.38426 5.39496 5.25698 5.49113
5.63237 5.67646 5.70307 5.69482 5.66700 5.65191 5.62740 5.60697 5.60646 5.66724 5.77609 5.91250 5.98893 6.07257 6.14565 6.19232 6.20479 6.19079 6.15225 6.09221 6.02068 5.94802 5.88456 5.76011 5.64080 5.56160 5.54471 5.43748 4.99535 4.32400 4.92411 5.35221 5.35278 5.44503 5.24497 5.50209 5.64402 5.72246 5.76706 5.71846 5.56597 5.00103 4.05494 1.94834 1.47422 3.31611 5.32174 4.88326 4.65980 5.37156 5.49620 5.42514 5.57715 5.68738 5.71291 5.67262 5.58327 5.37424 5.02043 5.20831 4.59171 4.65863 5.07207 5.45242 5.51333 5.61217
5.61900 5.66207 5.69787 5.69575 5.69633 5.69754 5.61650 5.57733 5.62989 5.72120 5.80227 5.88296 5.95170 6.03286 6.11006 6.16590 6.18879 6.18441 6.15592 6.10406 6.03790 5.96689 5.90177 5.81376 5.72053 5.63093 5.64038 5.60430 5.50845 5.17925 5.19285 5.45283 5.55698 5.44699 5.07883 5.46386 5.67098 5.77863 5.77970 5.67695 5.50275 4.38379 0.99457 0.52828 2.81879 4.87779 5.33243 4.65792 4.91916 5.42448 5.56015 5.60471 5.62347 5.66658 5.69316 5.66878 5.57929 5.49142 5.49563 5.30303 5.11111 5.21455 5.19846 5.44354 5.58826 5.62168
5.60440 5.61514 5.64368 5.68304 5.71802 5.70817 5.61016 5.56442 5.66258 5.74783 5.80475 5.84354 5.90059 5.97464 6.05345 6.11829 6.15548 6.16785 6.15303 6.11121 6.05180 5.98296 5.91665 5.86242 5.75859 5.66597 5.63710 5.59686 5.55511 5.41858 5.39386 5.53128 5.58887 5.46492 5.12813 5.50010 5.68790 5.79333 5.77343 5.66049 5.50770 4.72811 1.38919 1.60628 3.98589 4.96113 3.95976 1.77987 5.01613 5.33146 5.54937 5.63524 5.65341 5.63683 5.59897 5.54067 5.52547 5.46616 5.52992 5.51177 5.45929 5.25327 5.14739 5.45452 5.61078 5.60752
5.61126 5.57764 5.58463 5.64682 5.69044 5.67843 5.60435 5.48704 5.54417 5.69069 5.77389 5.80394 5.84789 5.90926 5.98368 6.05487 6.10695 6.13694 6.14016 6.11066 6.05919 5.99213 5.92346 5.86527 5.79341 5.70545 5.59266 5.54601 5.54441 5.51124 5.48877 5.55147 5.47415 5.33832 5.28937 5.57065 5.69028 5.76749 5.76530 5.67469 5.56204 5.32288 3.75980 1.86589 2.83988 2.46007 0.59671 2.31049 5.36462 5.49457 5.54872 5.60579 5.59425 5.46176 4.87604 4.97816 5.44101 5.49414 5.46231 5.36980 5.50436 5.48079 5.38325 5.51565 5.61249 5.59885
5.63230 5.57107 5.53851 5.57745 5.58832 5.56074 5.50383 5.24227 5.01044 5.55092 5.70656 5.77207 5.80554 5.85204 5.91382 5.98288 6.04466 6.09010 6.11125 6.09891 6.05703 5.99202 5.92072 5.85950 5.81307 5.70710 5.54719 5.42591 5.45402 5.55594 5.56705 5.56043 5.46604 5.30858 5.53364 5.63830 5.69588 5.72550 5.72100 5.67016 5.58761 5.52718 5.45346 5.02864 3.65840 1.92043 2.33288 5.09985 5.58810 5.61028 5.56010 5.54636 5.33086 3.58768 1.78608 0.77346 2.48522 4.99201 5.32285 5.35688 5.53909 5.59733 5.48240 5.46838 5.51169 5.51487
5.63138 5.58975 5.55380 5.53909 5.52943 5.51798 5.46476 5.16058 4.34705 4.88715 5.58171 5.71948 5.77380 5.80810 5.85412 5.91195 5.97410 6.02966 6.06593 6.07374 6.04479 5.98388 5.91235 5.85069 5.80471 5.68700 5.45496 5.19725 5.44386 5.55585 5.62954 5.60143 5.58713 5.48094 5.56833 5.66299 5.70796 5.71722 5.69021 5.65165 5.55392 5.53377 5.61000 5.60245 5.50149 5.44167 5.35428 5.58344 5.68143 5.68745 5.58129 5.41431 4.18956 0.60087 0.29439 0.40265 0.66763 2.57921 4.39899 4.96176 5.39388 5.50263 5.44948 5.35905 5.24253 5.18447
