mrvbf_slope1.2_pctl0.8.asc
NCOLS 410
NROWS 410
XLLCORNER 2398750.0000000000000000
YLLCORNER 2548750.0000000000000000
CELLSIZE 250.0000000000000000
NODATA_VALUE -99999.00000
[rows 348 to 376 of 410, columns 198 to 263 of 410]
7.39949 7.38712 7.39193 7.41583 7.42222 7.41740 7.39330 7.33886 7.21725 7.27031 7.39980 7.43385 7.43962 7.43492 7.41854 7.39999 7.39824 7.42086 7.43093 7.42875 7.42959 7.43791 7.43828 7.41012 7.38502 7.33624 7.22841 7.10004 7.11994 7.25453 7.35597 7.43429 7.41980 7.31364 7.13245 7.02318 7.06045 7.15960 7.27338 7.36214 7.40621 7.39751 7.38325 7.35094 7.39078 7.44472 7.43904 7.46612 7.49013 7.47478 7.44680 7.45305 7.47028 7.47871 7.50944 7.52599 7.52620 7.51773 7.51556 7.51236 7.49668 7.46151 7.43628 7.48838 7.51744 7.50538
7.36972 7.37380 7.40184 7.40016 7.40860 7.38568 7.34387 7.31383 7.29023 7.32647 7.40496 7.44063 7.44951 7.44498 7.42610 7.41328 7.42106 7.44107 7.45187 7.45162 7.44406 7.43495 7.42126 7.39094 7.34734 7.22990 7.05393 6.89061 6.84797 6.85697 7.00924 7.34943 7.32995 7.08067 6.88297 6.96536 7.12966 7.23430 7.29229 7.39227 7.45661 7.43891 7.41197 7.36112 7.30639 7.34787 7.41376 7.46851 7.48846 7.46898 7.39880 7.34788 7.39750 7.46053 7.50637 7.52322 7.51949 7.51212 7.50877 7.48700 7.47315 7.45834 7.46111 7.49449 7.51880 7.51658
7.36740 7.37663 7.38793 7.37608 7.35868 7.32399 7.33802 7.35426 7.36499 7.36772 7.40149 7.43796 7.44922 7.44403 7.42809 7.42467 7.43696 7.45232 7.46122 7.46327 7.46177 7.45400 7.43147 7.40075 7.33911 7.20064 6.99085 6.85059 6.84750 6.78158 6.37737 7.04243 7.16439 6.86901 6.97580 7.22880 7.34704 7.35430 7.25572 7.36708 7.46297 7.43292 7.41030 7.41254 7.35875 7.27773 7.33287 7.45218 7.49132 7.45988 7.37931 7.32357 7.36390 7.44160 7.48994 7.51164 7.50893 7.49600 7.46847 7.45731 7.48389 7.48956 7.49406 7.49603 7.50900 7.51004
7.33248 7.32483 7.35150 7.36899 7.35333 7.36301 7.39205 7.39741 7.39436 7.39197 7.40346 7.42881 7.43540 7.43184 7.41815 7.41777 7.43185 7.44628 7.45115 7.45317 7.46209 7.46220 7.44148 7.40275 7.34705 7.22722 6.97855 6.76892 6.82290 6.96729 6.58306 6.74575 7.12687 6.90878 7.15544 7.38643 7.46041 7.45057 7.30110 7.34132 7.46295 7.42103 7.43393 7.47775 7.46970 7.42632 7.38718 7.45011 7.49440 7.43782 7.39946 7.42679 7.42604 7.45212 7.47943 7.49790 7.49537 7.48006 7.41552 7.42957 7.50121 7.51021 7.50573 7.49373 7.49193 7.48260
7.28609 7.31350 7.36788 7.38854 7.38878 7.39568 7.39908 7.39649 7.39198 7.38966 7.39313 7.41252 7.41895 7.41644 7.39955 7.39891 7.41735 7.42901 7.43329 7.44092 7.45165 7.45868 7.44808 7.41324 7.34373 7.22543 6.99623 6.73892 6.75509 6.95104 6.82363 7.18721 7.33156 7.07912 7.01724 7.23463 7.40069 7.43732 7.36468 7.39578 7.47955 7.44114 7.43643 7.46400 7.44327 7.37810 7.41647 7.49295 7.50824 7.46008 7.42071 7.46954 7.47710 7.48223 7.49493 7.50321 7.50007 7.48509 7.40372 7.39765 7.49369 7.50727 7.50899 7.50736 7.50027 7.48422
7.29502 7.34891 7.36479 7.37420 7.37054 7.38039 7.37492 7.36761 7.37209 7.38179 7.37046 7.38934 7.40108 7.38563 7.36632 7.37473 7.40166 7.41835 7.42832 7.43672 7.44504 7.44605 7.44312 7.42920 7.37813 7.27488 7.11638 6.89599 6.88016 7.13175 7.21322 7.38303 7.42103 7.29059 7.05857 7.02216 7.28456 7.42177 7.42728 7.44227 7.48911 7.47737 7.44281 7.44359 7.43420 7.44362 7.49230 7.50573 7.50072 7.47701 7.46565 7.48396 7.49283 7.49870 7.51155 7.51794 7.51377 7.49681 7.43639 7.40902 7.47102 7.49806 7.50980 7.51602 7.51349 7.50529
7.31920 7.34956 7.35998 7.36374 7.34959 7.34247 7.33859 7.32938 7.30958 7.33887 7.35298 7.34725 7.33116 7.30176 7.30834 7.35052 7.38745 7.41608 7.42674 7.43387 7.43860 7.43591 7.43265 7.42227 7.40659 7.34142 7.23229 7.05930 6.97841 7.20238 7.27587 7.36910 7.43343 7.38608 7.28932 7.22698 7.28919 7.43601 7.46616 7.46219 7.49080 7.50486 7.48841 7.47569 7.47410 7.48597 7.48241 7.45609 7.44298 7.45932 7.49137 7.50240 7.50225 7.50973 7.52105 7.52377 7.51888 7.50491 7.46574 7.43023 7.45074 7.48733 7.50991 7.51597 7.51372 7.50699
7.30068 7.31837 7.33507 7.34377 7.34139 7.32186 7.31675 7.27160 7.23496 7.27403 7.29845 7.28276 7.25152 7.24498 7.26148 7.28441 7.34242 7.38387 7.41601 7.43163 7.42975 7.43657 7.43521 7.41031 7.40570 7.37301 7.27988 7.09146 6.86027 7.00439 7.24812 7.29999 7.40691 7.31244 7.29104 7.32952 7.37982 7.45717 7.48379 7.47021 7.48191 7.49769 7.48380 7.45678 7.43946 7.42735 7.35054 7.27043 7.32329 7.41992 7.47870 7.49763 7.50440 7.51658 7.52439 7.52528 7.51958 7.50933 7.48218 7.44394 7.44320 7.47653 7.50321 7.51127 7.50385 7.48638
7.24340 7.24033 7.24730 7.26452 7.28741 7.26762 7.19931 7.11027 7.12886 7.21269 7.24125 7.23284 7.20681 7.19338 7.14445 7.01909 7.09136 7.23870 7.37200 7.42059 7.42860 7.42336 7.42391 7.41645 7.39756 7.37608 7.31475 7.15222 6.89684 6.88774 7.15612 7.32389 7.42266 7.35075 7.32540 7.41577 7.44184 7.46453 7.48623 7.46804 7.45881 7.45585 7.39048 7.27804 7.15610 6.98020 6.81024 6.98992 7.23373 7.36088 7.43264 7.47197 7.50003 7.51724 7.52353 7.52450 7.51829 7.50946 7.49616 7.46149 7.44238 7.46851 7.49887 7.50766 7.49132 7.46402
7.18636 7.15206 7.11011 7.10969 7.16715 7.15621 7.02336 6.95390 7.04549 7.13113 7.17197 7.20939 7.11349 6.94368 6.53327 5.99431 6.11848 6.79551 7.23131 7.40032 7.43311 7.42861 7.41021 7.39277 7.37376 7.33990 7.30022 7.21347 7.06489 7.00258 7.11593 7.32330 7.41471 7.39613 7.36573 7.40637 7.42807 7.44558 7.46834 7.46232 7.42629 7.34513 7.10874 6.85332 6.47470 6.08548 6.45268 7.02935 7.19916 7.27135 7.36309 7.44352 7.49294 7.51310 7.52029 7.52185 7.51644 7.50885 7.49539 7.46153 7.44189 7.46715 7.49754 7.50394 7.48283 7.44867
7.10861 7.08585 7.06434 7.04383 7.04554 7.03720 6.79269 6.80749 6.97132 7.04997 7.09896 7.12609 6.96256 6.29854 5.67688 5.86764 5.99506 6.15965 6.95716 7.35578 7.42650 7.42622 7.38013 7.32944 7.28552 7.21553 7.11448 7.04311 7.02387 7.06391 7.12328 7.21790 7.28960 7.34452 7.39892 7.42389 7.43501 7.43975 7.44819 7.44723 7.37072 7.14259 6.81739 6.68950 6.54857 6.64923 6.91500 7.12283 7.14204 7.16295 7.29093 7.42100 7.48501 7.50667 7.51465 7.51617 7.51164 7.50682 7.48781 7.45879 7.44903 7.47060 7.48869 7.49257 7.47721 7.43087
6.97506 7.00042 6.98340 6.94574 6.93989 6.75102 6.39109 6.71940 6.93706 7.00260 7.02842 7.03601 6.96703 6.24935 5.54371 6.22846 6.55530 6.19454 6.87922 7.31852 7.41005 7.38367 7.31621 7.27044 7.16097 6.92458 6.57648 6.25731 6.24505 6.43188 6.49013 6.59298 6.82441 7.05472 7.29367 7.40959 7.44724 7.44802 7.42844 7.38461 7.26296 7.03677 6.92873 6.94883 7.03160 7.17226 7.22820 7.15676 7.07243 7.04983 7.21278 7.38963 7.47102 7.49610 7.50324 7.50250 7.50047 7.50052 7.48166 7.46426 7.46284 7.46737 7.47066 7.47268 7.45953 7.41106
6.72245 6.77298 6.83064 6.83865 6.75789 6.25986 6.24811 6.81513 6.94042 7.03184 7.05697 7.02929 7.02905 6.66007 5.64450 5.63598 6.22503 6.28684 6.97375 7.31009 7.39465 7.36473 7.27882 7.18202 6.94309 6.47197 5.92496 5.47686 5.32682 5.41159 5.50539 5.76936 6.22052 6.62642 7.05136 7.34163 7.43261 7.44282 7.40480 7.31535 7.16937 7.06786 7.06865 7.06490 7.15745 7.27824 7.26414 7.19023 7.08645 6.98451 7.10512 7.32615 7.43887 7.46456 7.46527 7.46997 7.48175 7.48736 7.47562 7.47041 7.47719 7.47883 7.47856 7.47332 7.46176 7.42835
6.53895 6.49513 6.51286 6.50249 6.37432 6.02038 6.32014 6.74831 6.86689 7.01557 7.06085 7.08280 7.10233 7.06372 6.62370 5.86845 5.92957 6.61034 7.19851 7.34043 7.36889 7.34554 7.27821 7.06035 6.57467 5.99570 5.64776 5.50638 5.44213 5.47675 5.55800 5.97247 6.39945 6.66580 6.95670 7.27735 7.40861 7.42890 7.38276 7.26663 7.10669 7.08661 7.13007 7.13570 7.24224 7.38409 7.29789 7.25252 7.18479 7.01913 7.05472 7.29971 7.41766 7.41843 7.40896 7.43199 7.45629 7.46519 7.46390 7.46943 7.48262 7.49051 7.48812 7.47822 7.46591 7.44169
6.36282 6.34992 6.30027 6.18329 5.99450 5.95107 6.33544 6.58918 6.67975 6.84257 6.94241 7.05258 7.13035 7.13708 7.09567 6.94218 6.87396 7.13682 7.29146 7.34112 7.34129 7.32251 7.26903 7.01346 6.29679 5.64986 5.60231 5.88310 6.09476 6.16854 6.12189 6.82155 7.02306 6.89979 7.04070 7.29766 7.41263 7.42158 7.35587 7.21939 7.08063 7.10268 7.19341 7.26843 7.36287 7.38319 7.37507 7.32933 7.24417 7.06085 7.09467 7.33292 7.42953 7.41541 7.41428 7.41866 7.42521 7.43421 7.44518 7.45998 7.47563 7.48361 7.47933 7.46352 7.44050 7.41645
6.08632 6.17756 6.13877 5.94878 5.75700 5.82925 6.12660 6.31929 6.42014 6.54669 6.76206 6.95735 7.05984 7.06768 7.04518 7.02255 7.04543 7.20505 7.28655 7.29197 7.30428 7.31518 7.27978 7.06124 6.29345 5.47892 5.42087 5.84015 6.47520 6.72400 6.84033 7.03398 7.20821 7.11749 7.15016 7.33984 7.43602 7.41861 7.31475 7.18470 7.10214 7.10267 7.24780 7.30249 7.37766 7.38324 7.37302 7.33019 7.20783 7.00498 7.13327 7.36637 7.43073 7.41522 7.42736 7.41662 7.39369 7.39768 7.42067 7.44162 7.45735 7.46353 7.45194 7.41796 7.36122 7.28770
5.81330 5.83694 5.72588 5.46842 5.26495 5.24158 5.34424 5.50116 5.73344 6.10513 6.44807 6.72451 6.83272 6.74574 6.63251 6.65633 6.82609 6.98974 7.20521 7.21232 7.24989 7.30673 7.28824 7.13180 6.49894 5.57588 5.25577 5.45194 5.91439 6.41842 6.27899 6.82929 7.18874 7.20198 7.27205 7.39242 7.45494 7.40004 7.25039 7.16548 7.10764 7.10183 7.25562 7.28012 7.32324 7.36978 7.27346 7.15366 7.09494 7.03060 7.20237 7.36496 7.40530 7.39736 7.39331 7.39169 7.34876 7.34875 7.37773 7.39431 7.40604 7.41254 7.39328 7.32347 7.21469 7.10392
5.40637 5.30392 5.02622 4.73074 4.38853 4.06791 3.97468 3.94626 4.06119 4.85575 5.65349 6.11851 6.32560 6.21167 6.18408 6.41261 6.60695 6.72903 6.99249 7.16848 7.15910 7.25715 7.28922 7.19028 6.79202 6.03413 5.40999 5.21028 5.42169 6.15893 6.89599 7.08444 7.22322 7.30405 7.34625 7.42554 7.46092 7.36803 7.14513 7.06538 7.04365 7.15222 7.36491 7.39152 7.35895 7.40102 7.27606 7.13282 7.13510 7.19920 7.28531 7.30921 7.28337 7.23247 7.25777 7.28883 7.22884 7.23233 7.26134 7.27015 7.28332 7.29976 7.28158 7.16725 7.08082 7.13457
4.88360 4.66232 4.35823 4.07673 3.76865 3.63517 3.59815 3.57501 3.58523 3.70933 4.14814 4.83438 5.52670 5.74379 5.70550 6.23984 6.52395 6.61272 6.82622 7.04092 7.17204 7.25855 7.28737 7.25660 7.06192 6.67819 6.24095 5.82100 5.70049 6.35697 7.11752 7.26982 7.33523 7.38355 7.40077 7.45036 7.46046 7.34573 7.08219 7.03656 7.14163 7.33164 7.42677 7.46344 7.42214 7.38588 7.32170 7.34199 7.33606 7.32271 7.29664 7.28906 7.27390 7.26291 7.28915 7.26684 7.14444 7.03678 7.03125 7.06087 7.08584 7.11141 7.09138 7.00295 7.07048 7.24941
4.37618 4.13803 3.93144 3.70281 3.57757 3.54208 3.53780 3.54768 3.53421 3.54234 3.68266 4.00314 4.62611 5.43386 5.43120 5.79126 6.41575 6.64003 6.79126 6.89842 7.16787 7.10699 7.03236 7.19881 7.15941 7.02345 6.91014 6.75364 6.57177 6.76122 7.14668 7.31134 7.39852 7.43320 7.43155 7.45416 7.45170 7.31998 7.02723 7.06438 7.28983 7.39921 7.46174 7.49105 7.47421 7.44983 7.45741 7.47503 7.44070 7.39137 7.38142 7.40413 7.41946 7.42593 7.42614 7.39512 7.32179 7.19841 7.09526 7.03459 7.01228 7.02760 7.02745 7.03290 7.18232 7.32089
3.98481 3.85528 3.68286 3.55720 3.50574 3.54210 3.61776 3.68430 3.63964 3.56542 3.60341 3.74372 4.02065 4.46916 4.90401 5.58797 6.30556 6.55599 6.70674 6.75018 6.90741 6.75412 6.86677 6.85641 6.96688 6.96766 6.95750 6.96606 6.96723 7.01628 7.15918 7.30393 7.40354 7.43681 7.42057 7.42575 7.43174 7.30273 7.03963 7.04169 7.30181 7.44276 7.49158 7.50617 7.50845 7.51154 7.51614 7.51403 7.49413 7.46512 7.46214 7.47776 7.48726 7.48360 7.48223 7.47287 7.45295 7.42408 7.36243 7.23794 7.14816 7.12455 7.15722 7.19778 7.27706 7.30106
3.79908 3.71527 3.59050 3.51808 3.53605 3.61468 3.73604 3.75234 3.69534 3.62176 3.59054 3.63034 3.73666 3.85449 4.07221 4.64024 5.41727 5.98090 6.40686 6.67171 6.72116 6.85928 6.69332 6.86127 6.94629 6.87255 6.87898 7.00540 7.08169 7.05733 7.10979 7.28264 7.39224 7.42217 7.39873 7.38474 7.40031 7.31008 7.08503 6.92276 7.28421 7.42768 7.49096 7.50809 7.52118 7.52976 7.52829 7.52650 7.51984 7.49724 7.48975 7.50329 7.51056 7.50726 7.50331 7.49814 7.49485 7.48595 7.44796 7.38767 7.32157 7.26580 7.30296 7.34334 7.33459 7.19277
3.72247 3.67269 3.58525 3.53309 3.56051 3.63240 3.64947 3.61927 3.62407 3.63090 3.59087 3.57342 3.62025 3.67569 3.77346 4.03081 4.52357 5.19861 5.90240 6.42666 6.67396 6.88556 6.84222 6.86619 6.92686 6.85259 6.93256 7.06994 7.10437 6.98664 7.06563 7.30923 7.40400 7.42142 7.40537 7.36731 7.36561 7.33565 7.18551 7.05213 7.27007 7.43537 7.48491 7.51379 7.52337 7.53138 7.52929 7.52998 7.52879 7.51798 7.49703 7.49573 7.51271 7.51709 7.51861 7.51741 7.51750 7.50847 7.47600 7.44986 7.43466 7.38523 7.38953 7.41326 7.38481 7.12738
3.66782 3.64970 3.59090 3.52413 3.51203 3.53922 3.55368 3.63957 3.58674 3.62917 3.63598 3.59555 3.60415 3.64793 3.72837 3.87576 4.14099 4.61669 5.33899 6.05720 6.43318 6.73851 7.04371 6.80654 6.61609 6.77605 7.07396 7.17654 7.13216 7.02728 7.21022 7.36705 7.41443 7.41681 7.43225 7.39752 7.36969 7.31437 7.20328 7.22261 7.38077 7.45809 7.48622 7.50906 7.52594 7.53144 7.53324 7.53087 7.53267 7.53090 7.51788 7.49423 7.49724 7.50847 7.52032 7.52703 7.52819 7.51729 7.48988 7.47831 7.47669 7.46888 7.44377 7.44942 7.42379 7.22609
3.61224 3.59903 3.53914 3.47943 3.46706 3.51222 3.57433 3.60269 3.60944 3.61688 3.63920 3.66909 3.67299 3.71079 3.77422 3.85168 3.98215 4.25717 4.88467 5.77241 6.07914 6.27747 6.88466 6.71333 6.52300 6.87321 7.14997 7.23467 7.21287 7.19689 7.29168 7.37469 7.40802 7.40262 7.40870 7.41788 7.40185 7.32972 7.23626 7.28434 7.39452 7.44416 7.47955 7.50096 7.52209 7.53141 7.53165 7.53405 7.53496 7.53351 7.52503 7.51072 7.49854 7.49934 7.51510 7.53126 7.53411 7.52720 7.50748 7.48300 7.47451 7.46868 7.48415 7.48326 7.46971 7.39956
3.55232 3.50986 3.43527 3.40086 3.41840 3.45577 3.53882 3.57199 3.54893 3.50862 3.52264 3.60943 3.74078 3.80221 3.81188 3.84279 3.88459 3.97595 4.39301 5.51198 5.96606 6.08592 6.65472 6.55650 6.67758 7.07469 7.18824 7.21528 7.22313 7.25595 7.31429 7.36324 7.38849 7.38664 7.38172 7.39612 7.38987 7.32210 7.21411 7.26396 7.39361 7.44822 7.47892 7.49804 7.51099 7.52370 7.52677 7.52967 7.52989 7.52774 7.52271 7.51535 7.49061 7.49832 7.52370 7.53464 7.53692 7.53439 7.52554 7.50860 7.49131 7.47824 7.47660 7.47468 7.47907 7.45309
3.48542 3.39445 3.31559 3.23128 3.09626 3.16740 3.30786 3.36854 3.41501 3.44926 3.44322 3.47865 3.63145 3.79213 3.81255 3.82865 3.82549 3.79328 3.91970 4.80288 5.76003 6.07954 6.62608 6.57870 6.83396 7.13795 7.20992 7.20967 7.21788 7.28473 7.33937 7.36476 7.37770 7.38013 7.36882 7.35351 7.33070 7.25386 7.15375 7.28136 7.41675 7.46147 7.49167 7.50695 7.51507 7.51672 7.51489 7.51768 7.51877 7.51808 7.51667 7.50073 7.49029 7.51418 7.52980 7.53433 7.53711 7.53780 7.53463 7.52846 7.52008 7.50772 7.48787 7.44512 7.42943 7.42763
3.39959 3.26809 3.13177 2.82893 2.56784 2.82764 3.14698 3.37017 3.46313 3.49156 3.43809 3.37373 3.48149 3.62018 3.70382 3.74153 3.74179 3.70316 3.71169 4.13001 5.32526 6.03660 6.54951 6.78081 6.91497 7.11353 7.19332 7.16362 7.21949 7.32192 7.36995 7.38640 7.39262 7.38772 7.36600 7.30032 7.22437 7.16022 7.16424 7.31886 7.42372 7.46950 7.49974 7.50943 7.52284 7.51780 7.51776 7.51891 7.51731 7.51264 7.50248 7.48626 7.49612 7.51674 7.52321 7.52545 7.53168 7.53632 7.53705 7.53438 7.52853 7.51953 7.49808 7.39908 7.34712 7.41735
3.21975 3.13104 2.92567 2.58348 2.72421 3.20042 3.43251 3.56019 3.60499 3.57951 3.48968 3.34871 3.34005 3.44338 3.53026 3.58004 3.63377 3.62963 3.59492 3.79916 4.44228 5.25199 6.09797 6.79206 6.94116 7.03952 7.06007 7.07564 7.23088 7.33703 7.38014 7.39906 7.40350 7.38556 7.34078 7.24725 7.14806 7.12690 7.19823 7.33913 7.42757 7.47365 7.49944 7.50997 7.52343 7.52051 7.52636 7.53084 7.52839 7.51909 7.50228 7.48540 7.47916 7.49044 7.49913 7.50947 7.51982 7.52907 7.53340 7.53354 7.53010 7.52250 7.50005 7.37396 7.33056 7.46127
