mrvbf_slope0.8_pctl1.4.asc
NCOLS 410
NROWS 410
XLLCORNER 2398750.0000000000000000
YLLCORNER 2548750.0000000000000000
CELLSIZE 250.0000000000000000
NODATA_VALUE -99999.00000
[rows 290 to 318 of 410, columns 0 to 65 of 410]
-99999.00000 -99999.00000 -99999.00000 -99999.00000 -99999.00000 4.33790 4.34628 4.44419 4.51463 4.41750 4.07899 3.86057 3.95975 3.75558 4.00699 4.26530 4.30106 4.36290 4.27960 4.34647 4.33458 4.28334 4.20688 3.82922 4.01947 4.10475 4.24127 4.24453 4.22831 4.28380 4.26459 4.35116 4.37605 4.39281 4.31290 4.30872 4.32085 4.33830 4.38481 4.43543 4.44566 4.41161 4.43319 4.52617 4.55020 4.47094 4.41732 4.47882 4.47096 4.45797 4.41784 4.32280 4.27544 4.36223 4.39886 4.38331 4.42861 4.39389 4.34839 4.32213 4.29964 4.28739 4.33626 4.40808 4.43034 4.43695
-99999.00000 -99999.00000 -99999.00000 -99999.00000 -99999.00000 3.87464 4.18509 4.41923 4.49943 4.35151 3.89373 3.82417 3.84783 3.85965 4.15090 4.23160 4.34815 4.38049 4.28437 4.30904 4.37498 4.23573 3.94723 3.75390 3.96309 4.20060 4.28297 4.25255 4.22365 4.31244 4.31914 4.35434 4.30090 4.20172 4.09836 4.17707 4.23303 4.26203 4.27086 4.31819 4.39099 4.36370 4.39291 4.50608 4.54608 4.48268 4.41778 4.47850 4.50240 4.50302 4.44737 4.32654 4.23451 4.31428 4.38095 4.38080 4.41939 4.42340 4.39157 4.35283 4.30026 4.22762 4.23498 4.35331 4.43388 4.44332
-99999.00000 -99999.00000 -99999.00000 -99999.00000 -99999.00000 3.52785 3.88202 4.33401 4.44449 4.27184 3.77537 3.80081 3.70913 3.95350 4.26981 4.27607 4.40850 4.38149 4.33345 4.29601 4.33740 4.14388 3.89778 3.93376 4.17573 4.30239 4.36752 4.31491 4.23320 4.29431 4.21942 4.18960 4.07166 3.93861 4.01654 4.20659 4.30130 4.35392 4.33351 4.27817 4.33061 4.34162 4.31144 4.38362 4.46651 4.47393 4.43679 4.43456 4.47733 4.45378 4.40742 4.30858 4.18741 4.21762 4.32056 4.35870 4.38562 4.38374 4.34937 4.30907 4.28045 4.22748 4.18738 4.28184 4.37080 4.37880
-99999.00000 -99999.00000 -99999.00000 -99999.00000 -99999.00000 3.66907 3.83543 4.07353 4.31097 4.24553 3.86723 3.97111 3.75319 4.11158 4.26481 4.27973 4.41629 4.39612 4.37381 4.36454 4.29737 4.15848 4.12489 4.18474 4.34386 4.33200 4.38633 4.33828 4.28698 4.10992 3.96297 3.98558 3.97009 4.00672 4.19634 4.30283 4.35136 4.42540 4.44092 4.41493 4.41229 4.44607 4.40484 4.37533 4.40347 4.41221 4.44434 4.42422 4.39767 4.39049 4.40523 4.36691 4.27231 4.26378 4.33193 4.35637 4.33882 4.28772 4.21238 4.16545 4.17195 4.15955 4.15661 4.25502 4.34307 4.36854
-99999.00000 -99999.00000 -99999.00000 -99999.00000 -99999.00000 3.97535 3.97177 3.82726 3.89505 3.89837 3.90972 3.98184 3.87877 4.21583 4.22991 4.26851 4.40233 4.42993 4.40592 4.36997 4.20959 4.10120 4.16560 4.27286 4.37559 4.35020 4.40822 4.37477 4.21904 3.87454 3.89321 4.07711 4.19455 4.28771 4.36736 4.35877 4.32659 4.38557 4.43204 4.41357 4.41632 4.42751 4.43996 4.46818 4.47253 4.42290 4.40888 4.39998 4.31888 4.34919 4.42547 4.41090 4.35817 4.38043 4.41855 4.38640 4.30794 4.21422 4.13816 4.11364 4.11642 4.07455 4.10155 4.25828 4.38154 4.42885
-99999.00000 -99999.00000 -99999.00000 -99999.00000 -99999.00000 3.93884 3.68705 3.63560 3.90472 3.64102 3.69551 4.06706 3.89444 4.10879 4.29189 4.30888 4.32513 4.30139 4.24264 4.18363 4.03028 4.06836 4.25344 4.36959 4.35944 4.38354 4.41399 4.33555 4.14499 3.92903 4.14925 4.27512 4.31434 4.36293 4.42468 4.42518 4.33863 4.28906 4.30958 4.34770 4.42595 4.45585 4.46021 4.46384 4.44856 4.41773 4.38937 4.30852 4.24801 4.34688 4.42067 4.37446 4.37495 4.45290 4.48114 4.40735 4.30694 4.25898 4.27630 4.29562 4.26491 4.09349 4.02461 4.25466 4.41601 4.45813
-99999.00000 -99999.00000 -99999.00000 -99999.00000 -99999.00000 4.07790 3.92941 3.75097 3.77781 3.51292 3.59381 3.80796 3.95057 4.06285 4.27437 4.34919 4.28663 4.19128 4.11376 4.06281 4.12204 4.27801 4.37013 4.37702 4.37123 4.42176 4.38182 4.35824 4.27096 4.06977 4.12322 4.23217 4.27971 4.32367 4.37737 4.44471 4.41583 4.29015 4.19611 4.31228 4.47544 4.52307 4.48833 4.41827 4.37235 4.35668 4.31218 4.24660 4.27999 4.39488 4.37574 4.30916 4.40163 4.50719 4.50780 4.41331 4.32171 4.33961 4.40649 4.43154 4.38805 4.12177 3.99999 4.26852 4.40167 4.44411
-99999.00000 -99999.00000 -99999.00000 -99999.00000 -99999.00000 4.24714 4.26346 3.96972 3.72134 3.60502 3.76897 3.96005 3.90635 4.05143 4.17776 4.30116 4.29862 4.25310 4.24595 4.24548 4.33319 4.35090 4.38074 4.40046 4.42095 4.42668 4.34982 4.36091 4.37702 4.32635 4.25574 4.28574 4.35810 4.33276 4.32424 4.43594 4.46789 4.34942 4.21757 4.27447 4.44109 4.48335 4.39811 4.27692 4.23780 4.28225 4.32942 4.31544 4.36935 4.43243 4.32285 4.30566 4.45067 4.54317 4.53128 4.43738 4.36660 4.37269 4.38939 4.40634 4.39795 4.20032 4.02808 4.17287 4.31051 4.38431
-99999.00000 -99999.00000 -99999.00000 -99999.00000 -99999.00000 4.22306 4.12739 4.01436 3.89217 3.81496 3.75759 3.90255 3.85441 3.92268 4.10518 4.26837 4.31538 4.33965 4.34090 4.34546 4.36872 4.42367 4.45821 4.45880 4.41626 4.34237 4.30499 4.38551 4.43945 4.43835 4.41018 4.39071 4.42240 4.34140 4.28050 4.41029 4.46240 4.38513 4.29438 4.28963 4.40332 4.43886 4.32759 4.26956 4.31684 4.36497 4.41539 4.38265 4.41810 4.41632 4.28427 4.29976 4.45629 4.54864 4.54208 4.45668 4.41646 4.43985 4.43460 4.42158 4.38036 4.26227 4.03293 4.06765 4.22196 4.30877
-99999.00000 -99999.00000 -99999.00000 -99999.00000 -99999.00000 3.78474 3.93185 3.84893 3.75692 3.58930 3.64999 3.87333 3.83612 3.88333 4.10275 4.31114 4.38001 4.36309 4.36708 4.37666 4.43442 4.49415 4.50339 4.43829 4.35061 4.30802 4.34577 4.41143 4.44240 4.47168 4.45835 4.44901 4.42061 4.32486 4.23078 4.36142 4.42267 4.37190 4.30871 4.31579 4.41689 4.46741 4.36924 4.33633 4.38598 4.42087 4.42938 4.39891 4.44744 4.41156 4.27750 4.26213 4.41791 4.52785 4.52079 4.42451 4.36965 4.39085 4.42127 4.42960 4.33052 4.31031 4.24365 4.20639 4.28583 4.33541
-99999.00000 -99999.00000 -99999.00000 -99999.00000 -99999.00000 3.55736 3.68115 3.71784 3.62448 3.60600 3.80191 3.92566 4.09319 4.20547 4.23525 4.29652 4.38529 4.43259 4.45440 4.43903 4.46573 4.48551 4.48432 4.41052 4.33328 4.35121 4.40452 4.42069 4.41672 4.43119 4.42113 4.39802 4.41810 4.35620 4.21860 4.27838 4.33319 4.31940 4.27903 4.31968 4.43809 4.50201 4.41954 4.39044 4.43862 4.47990 4.45260 4.41768 4.43866 4.41194 4.32129 4.26685 4.37055 4.48672 4.48365 4.38926 4.34879 4.41060 4.39969 4.44792 4.34144 4.24541 4.24242 4.32497 4.40516 4.43540
-99999.00000 -99999.00000 -99999.00000 -99999.00000 -99999.00000 3.51630 3.73076 3.84282 3.63312 3.79136 4.00010 4.04771 4.22369 4.24674 4.23898 4.29861 4.39526 4.44441 4.43328 4.38174 4.35983 4.38832 4.43548 4.42205 4.33721 4.29004 4.32571 4.37924 4.35716 4.33560 4.35464 4.40567 4.44392 4.41193 4.25089 4.14601 4.14421 4.17619 4.24205 4.36454 4.48112 4.48274 4.38708 4.36947 4.43035 4.48156 4.48882 4.46494 4.43948 4.41929 4.39612 4.33417 4.34389 4.43088 4.45063 4.41403 4.40206 4.40093 4.39955 4.45010 4.41644 4.34420 4.36566 4.43647 4.48493 4.50159
-99999.00000 -99999.00000 -99999.00000 -99999.00000 -99999.00000 3.55684 3.75909 3.84069 3.80490 4.07448 4.09924 4.06109 4.16905 4.21856 4.26085 4.33188 4.34112 4.30566 4.23530 4.17710 4.19353 4.25105 4.33722 4.41609 4.39005 4.28769 4.19737 4.22984 4.26781 4.29617 4.35206 4.40955 4.42621 4.42075 4.33908 4.27102 4.27909 4.30957 4.37813 4.47075 4.52097 4.44509 4.32411 4.33966 4.41241 4.44135 4.47511 4.50384 4.48872 4.46359 4.44957 4.37917 4.34540 4.39800 4.44272 4.46235 4.46764 4.44121 4.45656 4.50046 4.50558 4.49848 4.51654 4.53737 4.53950 4.51272
-99999.00000 -99999.00000 -99999.00000 -99999.00000 -99999.00000 3.78715 3.82429 3.83639 3.99370 4.19170 4.10448 4.02722 4.10382 4.21824 4.29460 4.24363 4.03398 3.90022 3.91362 4.00397 4.10423 4.13860 4.20824 4.35194 4.42157 4.34227 4.11812 4.03214 4.18594 4.32282 4.31272 4.29712 4.36916 4.42925 4.43153 4.45807 4.48002 4.48876 4.49463 4.51534 4.49061 4.39215 4.29536 4.35059 4.41506 4.40809 4.42705 4.46475 4.48956 4.46045 4.43266 4.37468 4.33154 4.37031 4.42549 4.46736 4.48897 4.49633 4.52924 4.55064 4.55473 4.55814 4.56485 4.55886 4.52395 4.44863
-99999.00000 -99999.00000 -99999.00000 -99999.00000 -99999.00000 4.16188 4.10233 4.12295 4.22150 4.23532 4.13053 4.02939 4.02381 4.11798 4.16906 3.94482 3.74735 3.75089 3.87059 4.01794 4.09125 4.06612 4.08360 4.25795 4.38306 4.28739 3.97260 3.90035 4.13531 4.26659 4.18473 4.20210 4.32535 4.38384 4.41598 4.45533 4.50348 4.48693 4.42602 4.42453 4.40688 4.34188 4.29972 4.35118 4.40940 4.40936 4.42866 4.43261 4.46595 4.43815 4.43070 4.38310 4.32140 4.32908 4.36802 4.40796 4.44380 4.48758 4.52918 4.54667 4.55167 4.55204 4.54719 4.52484 4.45566 4.33564
-99999.00000 -99999.00000 -99999.00000 -99999.00000 -99999.00000 4.32756 4.29939 4.29870 4.32117 4.29403 4.24339 4.15691 4.05688 4.06849 4.07746 3.88852 3.88072 4.08824 4.10908 4.14865 4.10914 4.01085 3.98861 4.15577 4.24181 3.96779 3.74513 3.88159 4.14574 4.20579 4.04293 4.00560 4.20707 4.30451 4.34043 4.35415 4.37868 4.35010 4.35132 4.39090 4.40072 4.36889 4.33400 4.35726 4.41837 4.45058 4.41557 4.40461 4.45741 4.41953 4.40318 4.39888 4.33724 4.30911 4.31046 4.31394 4.32863 4.41099 4.48482 4.50506 4.49804 4.49599 4.49836 4.47262 4.35973 4.25111
-99999.00000 -99999.00000 -99999.00000 -99999.00000 -99999.00000 4.40862 4.36649 4.30596 4.27781 4.28387 4.31596 4.31244 4.22927 4.19648 4.21156 4.11259 4.13856 4.19926 4.26762 4.27717 4.13159 3.96804 3.94939 4.05959 3.91262 3.63563 3.68740 3.98609 4.21586 4.25827 4.07398 3.81553 3.89573 4.08582 4.14285 4.13738 4.15576 4.22268 4.36007 4.42587 4.44385 4.39882 4.34258 4.34663 4.40486 4.44326 4.38472 4.38687 4.43710 4.37504 4.34002 4.36395 4.33545 4.31607 4.29632 4.25197 4.17960 4.24939 4.38851 4.41089 4.37190 4.36371 4.39116 4.38257 4.26153 4.26632
-99999.00000 -99999.00000 -99999.00000 -99999.00000 -99999.00000 4.41264 4.39778 4.34691 4.28638 4.26869 4.29071 4.30220 4.27818 4.30732 4.32195 4.24822 4.27420 4.33959 4.36559 4.32576 4.15124 3.96998 3.93652 3.93698 3.65465 3.56341 3.80970 4.07270 4.26755 4.29146 4.15089 3.95496 3.85773 3.96266 4.01901 4.02081 4.02538 4.12603 4.30138 4.40801 4.45742 4.41854 4.34062 4.31881 4.36668 4.40952 4.35846 4.33697 4.34345 4.26158 4.25794 4.30901 4.30943 4.31677 4.31879 4.28247 4.15736 4.04045 4.11646 4.13267 4.09754 4.11617 4.19214 4.26622 4.24320 4.31445
-99999.00000 -99999.00000 -99999.00000 -99999.00000 -99999.00000 4.41443 4.43319 4.40204 4.34569 4.33888 4.33398 4.32873 4.33476 4.35519 4.30159 4.23562 4.30492 4.37583 4.38589 4.33984 4.17876 3.97651 3.84165 3.71294 3.55952 3.66236 3.99315 4.09827 4.27249 4.31329 4.18434 4.17142 4.06172 4.13336 4.15340 4.09812 4.08182 4.10177 4.21712 4.36703 4.44487 4.43155 4.34898 4.29558 4.33224 4.38172 4.35117 4.28257 4.19745 4.14579 4.20694 4.28024 4.29991 4.33059 4.37028 4.36592 4.28553 4.09570 3.95912 3.94703 3.99504 4.00705 4.04179 4.17746 4.29116 4.33828
-99999.00000 -99999.00000 -99999.00000 -99999.00000 -99999.00000 4.35971 4.37870 4.34946 4.34319 4.39775 4.38915 4.36038 4.33753 4.28934 4.18885 4.20744 4.32837 4.37867 4.37674 4.33795 4.22268 4.02785 3.80790 3.61753 3.62945 3.91246 4.06968 4.08030 4.21109 4.27428 4.17009 4.21451 4.14060 4.19873 4.18374 4.14634 4.09582 4.01922 4.19369 4.34959 4.39041 4.37459 4.29929 4.24709 4.28283 4.32794 4.28684 4.15826 4.06713 4.11653 4.22700 4.30098 4.30915 4.34808 4.41150 4.41685 4.36856 4.26331 4.14992 4.16137 4.21516 4.19765 4.13101 4.18853 4.31064 4.29156
-99999.00000 -99999.00000 -99999.00000 -99999.00000 -99999.00000 4.26706 4.28981 4.24053 4.23671 4.32591 4.28605 4.19380 4.12454 4.08507 4.08661 4.22011 4.31711 4.34914 4.33639 4.28444 4.20496 4.07768 3.91569 3.81194 3.91158 4.10348 4.09308 4.01812 4.06041 4.07646 3.96154 4.04108 4.03415 4.19382 4.24029 4.18708 4.10971 4.08098 4.17414 4.18221 4.17307 4.14710 4.11323 4.15175 4.19787 4.18728 4.10476 4.02332 4.07336 4.20248 4.30583 4.33565 4.29495 4.34924 4.43989 4.45122 4.39604 4.32760 4.33972 4.33053 4.30061 4.26746 4.24352 4.25844 4.28631 4.16088
-99999.00000 -99999.00000 -99999.00000 -99999.00000 -99999.00000 4.20826 4.23581 4.15101 4.06136 4.08858 4.02869 3.94939 3.92329 3.94701 4.00761 4.11285 4.19225 4.23648 4.21603 4.14246 4.08644 4.06416 4.04535 3.95831 3.99378 4.10699 4.14647 4.15923 4.07529 3.96412 3.91068 3.85761 3.94905 4.19585 4.29265 4.26166 4.23942 4.23421 4.13751 3.99033 3.94325 3.92716 3.96757 4.11876 4.14737 4.08418 4.04600 4.09870 4.23121 4.31723 4.34272 4.30224 4.28618 4.37536 4.45262 4.46856 4.44233 4.37746 4.37113 4.34637 4.32398 4.31887 4.32171 4.29958 4.18890 4.01218
-99999.00000 -99999.00000 -99999.00000 -99999.00000 -99999.00000 4.16747 4.20207 4.14967 4.01814 3.96468 3.94062 3.93328 3.95797 3.98075 3.97270 3.95309 3.98487 4.02243 3.98702 3.91360 3.88201 3.88150 3.90521 3.96096 4.00457 4.08579 4.13445 4.15006 4.03517 3.90126 3.76758 3.85708 4.07885 4.25795 4.32051 4.31573 4.33463 4.27847 4.07038 3.99518 4.00995 4.01298 4.02455 4.11632 4.10575 4.05405 4.13610 4.26615 4.35941 4.36090 4.31542 4.26654 4.30347 4.39286 4.42569 4.43073 4.43838 4.39946 4.38374 4.35522 4.33493 4.36219 4.32351 4.20816 4.05840 3.96648
-99999.00000 -99999.00000 -99999.00000 -99999.00000 -99999.00000 4.15862 4.22746 4.25184 4.18902 4.11848 4.07301 4.07281 4.09163 4.07312 4.01525 3.92579 3.86799 3.82867 3.77123 3.71739 3.69563 3.69609 3.69894 3.76668 3.87581 4.02867 4.05217 3.98866 3.90655 3.78810 3.74381 3.92965 4.01974 4.09736 4.22834 4.33634 4.35512 4.20613 4.06185 4.08929 4.12030 4.08227 4.02541 4.05429 4.01383 4.03559 4.21198 4.32051 4.35003 4.33027 4.26818 4.24907 4.32255 4.38394 4.36622 4.36567 4.39402 4.38431 4.36596 4.36377 4.32351 4.31699 4.21255 4.07062 3.98459 4.00344
-99999.00000 -99999.00000 -99999.00000 -99999.00000 -99999.00000 4.18619 4.26565 4.29360 4.29197 4.26311 4.19568 4.15320 4.11577 4.05788 4.00301 3.90923 3.79048 3.70900 3.65577 3.62374 3.61536 3.62537 3.63361 3.65943 3.71110 3.82480 3.91752 3.87675 3.96104 3.82051 3.69871 3.79941 3.84854 3.84213 3.98348 4.24769 4.35683 4.29008 4.08798 4.02979 4.05284 3.96307 3.84457 3.83195 3.86963 4.01798 4.22088 4.29720 4.29194 4.25827 4.21015 4.24574 4.34431 4.35399 4.33126 4.34630 4.35329 4.38549 4.34393 4.31644 4.31931 4.24979 4.08317 3.98090 3.98568 4.08791
-99999.00000 -99999.00000 -99999.00000 -99999.00000 -99999.00000 4.14714 4.18301 4.22468 4.23972 4.20196 4.14681 4.10009 4.03646 3.96568 3.92136 3.84410 3.73392 3.66617 3.63834 3.63237 3.63280 3.63695 3.62105 3.59449 3.59044 3.58410 3.67274 3.75675 3.84567 3.91593 3.79010 3.81451 3.90028 3.83454 3.82981 4.06207 4.29005 4.30528 4.17331 4.01445 3.82405 3.71460 3.71523 3.70353 3.78660 3.94909 4.09830 4.18352 4.20582 4.18966 4.19406 4.28478 4.37183 4.36538 4.30863 4.29418 4.31742 4.36490 4.34538 4.31876 4.28790 4.11527 3.94117 3.94742 4.06314 4.20464
-99999.00000 -99999.00000 -99999.00000 -99999.00000 -99999.00000 3.97400 4.06381 4.21670 4.19455 4.07278 4.01375 3.98770 3.94172 3.88720 3.85818 3.82054 3.75177 3.70343 3.69907 3.69886 3.67719 3.69402 3.65772 3.57806 3.57791 3.51783 3.48282 3.52867 3.62392 3.82749 3.86663 3.87941 3.91802 3.76238 3.75956 4.02620 4.20704 4.19680 4.13571 3.98230 3.75937 3.70237 3.81735 3.83601 3.84144 3.88752 3.91577 3.96988 4.07728 4.14437 4.19490 4.27494 4.33089 4.33689 4.30425 4.27069 4.23787 4.26855 4.30064 4.28811 4.17311 3.95095 3.86562 3.98854 4.18663 4.31078
-99999.00000 -99999.00000 -99999.00000 -99999.00000 -99999.00000 4.03088 4.19266 4.28919 4.13296 3.95782 3.90969 3.90260 3.89254 3.87593 3.87924 3.89103 3.84420 3.80891 3.80711 3.79187 3.77593 3.84171 3.80024 3.67214 3.65000 3.62331 3.55234 3.54090 3.59047 3.58088 3.74707 3.89433 3.83314 3.70175 3.62698 3.83794 4.04648 4.03804 4.02967 3.94631 3.75241 3.68064 3.76163 3.90329 3.94453 3.93130 3.84508 3.81389 3.92439 3.99459 3.99343 4.04871 4.13790 4.17243 4.09817 4.00129 3.94912 3.97216 4.04365 4.06124 3.93425 3.82614 3.89760 4.08721 4.26780 4.36057
-99999.00000 -99999.00000 -99999.00000 -99999.00000 -99999.00000 4.26636 4.33091 4.24426 4.03004 3.92706 3.88810 3.85587 3.88985 3.96613 4.00797 4.03547 3.99827 3.96256 3.91918 3.89123 3.98231 3.95610 3.92799 3.85997 3.65501 3.63573 3.66815 3.60747 3.64598 3.56392 3.59619 3.75388 3.74802 3.74612 3.60301 3.69574 3.86085 3.85781 3.83082 3.81219 3.67859 3.64024 3.71653 3.85804 3.98030 3.99843 3.87704 3.79552 3.83031 3.83939 3.79764 3.79749 3.87896 3.95638 3.86992 3.78397 3.75515 3.74759 3.77731 3.78510 3.74123 3.81146 3.99876 4.18465 4.30439 4.36084
