mrvbf_slope0.5_pctl0.7.asc
NCOLS 410
NROWS 410
XLLCORNER 2398750.0000000000000000
YLLCORNER 2548750.0000000000000000
CELLSIZE 250.0000000000000000
NODATA_VALUE -99999.00000
[rows 203 to 231 of 410, columns 132 to 197 of 410]
0.40818 0.42596 0.50323 0.58858 0.72578 0.86102 1.19294 1.51486 1.94550 2.17736 2.10894 2.24773 2.60416 2.96505 2.41756 1.77707 1.31094 1.99415 2.51505 3.16156 3.57773 3.61695 3.57109 3.59234 3.65321 3.70116 3.70912 3.74268 3.63960 3.60631 3.54196 3.48632 3.43976 3.32335 3.03008 2.77050 2.99984 3.35604 3.55705 3.85128 4.09970 3.97589 3.82378 3.59296 3.37951 3.26300 3.27114 3.10874 2.92772 2.85372 2.89448 3.04880 3.20208 3.40475 3.63333 3.77058 3.68440 3.68386 3.68753 3.72185 3.79211 3.84278 3.90436 3.99687 4.12632 4.29009
0.46830 0.47281 0.55583 0.65424 0.89753 0.92575 1.05451 1.33041 1.72832 2.18270 2.21939 2.28233 2.54882 2.98117 2.87654 2.89713 2.72089 2.68879 2.78703 3.28948 3.61391 3.64007 3.60720 3.62435 3.67383 3.73891 3.77836 3.81157 3.65785 3.58241 3.52249 3.51833 3.53919 3.46976 3.26481 2.72963 2.66542 3.11864 3.37047 3.59610 4.00114 4.26555 4.23238 4.06956 3.83455 3.53881 3.28170 3.06852 2.92883 2.89838 3.03394 3.29784 3.51644 3.77130 4.05093 4.19101 4.21251 4.19517 4.18637 4.24380 4.32755 4.35785 4.37685 4.40747 4.44270 4.46642
0.52571 0.49827 0.56674 0.77413 1.15158 1.14285 1.16571 1.30153 1.57964 2.09315 2.25266 2.30830 2.50007 2.86739 3.09619 3.01846 2.87507 2.77959 2.97081 3.43055 3.66135 3.66314 3.62783 3.65098 3.70357 3.76096 3.76072 3.72945 3.69732 3.58809 3.46734 3.50080 3.59851 3.67066 3.56244 3.22538 2.95827 3.16829 3.33934 3.47692 3.77080 4.16815 4.25579 4.22866 4.14217 3.78063 3.38408 3.13179 3.04122 3.06902 3.23308 3.47272 3.67900 3.89224 4.10531 4.28741 4.42400 4.46277 4.46139 4.47926 4.48661 4.49128 4.49005 4.48221 4.49943 4.50890
0.56026 0.52195 0.62422 1.22387 1.36410 1.27329 1.24843 1.32290 1.53989 2.03952 2.32537 2.39641 2.49508 2.72216 3.01956 2.95226 2.88146 2.94606 3.23682 3.53712 3.67571 3.64625 3.61810 3.63696 3.67029 3.74767 3.72008 3.66939 3.69734 3.62434 3.43637 3.39482 3.48970 3.59126 3.53045 3.26556 3.13345 3.32671 3.45745 3.51736 3.70878 4.07378 4.27161 4.28630 4.12026 3.74358 3.42454 3.22609 3.18250 3.28607 3.45496 3.54180 3.60348 3.79577 4.09126 4.36686 4.51919 4.57204 4.56489 4.55357 4.54054 4.53943 4.52860 4.50657 4.50527 4.49136
0.77757 0.67460 1.04640 1.48465 1.47840 1.35612 1.29180 1.34217 1.56485 2.08191 2.39346 2.46979 2.52413 2.61699 2.75522 2.85993 2.97640 3.18188 3.40626 3.56619 3.64412 3.61923 3.60287 3.61749 3.67899 3.79206 3.76154 3.67618 3.64224 3.63328 3.44929 3.13419 3.19878 3.23728 3.10078 2.94416 3.17364 3.43108 3.52598 3.57178 3.71482 3.97624 4.10265 4.02843 3.86908 3.63381 3.40849 3.27865 3.33874 3.49480 3.56885 3.45255 3.42235 3.66622 4.12427 4.43908 4.56136 4.58653 4.59900 4.59193 4.57757 4.54304 4.47597 4.42024 4.42443 4.44754
1.70538 1.56866 1.53782 1.53910 1.48746 1.37773 1.31634 1.39355 1.63006 2.19307 2.43789 2.45227 2.49956 2.59271 2.69386 2.84833 3.10551 3.36452 3.49088 3.55103 3.60461 3.63855 3.59371 3.55255 3.61967 3.74117 3.74984 3.66764 3.57999 3.54848 3.41370 2.85312 2.77258 2.89266 2.78080 2.86212 3.18601 3.39005 3.48202 3.56066 3.67836 3.80188 3.80243 3.68093 3.62082 3.67310 3.47605 3.27731 3.36427 3.54550 3.47343 3.20265 3.16086 3.54637 4.18600 4.48042 4.51916 4.50400 4.53836 4.57356 4.53980 4.43468 4.26120 4.14829 4.16881 4.26743
2.39078 2.26945 1.96327 1.62605 1.49334 1.39244 1.33804 1.41054 1.63961 2.20165 2.43883 2.40716 2.47332 2.60126 2.70025 2.85978 3.20409 3.45285 3.51885 3.53616 3.56424 3.59126 3.55924 3.50015 3.57080 3.65796 3.64473 3.56896 3.48526 3.36677 3.08630 2.62365 2.89156 3.00549 2.97887 3.09581 3.21839 3.31971 3.43771 3.56983 3.69138 3.74885 3.70971 3.62289 3.60454 3.77701 3.48706 3.09901 3.20378 3.50566 3.34688 2.84318 2.75716 3.40691 4.24991 4.44807 4.37329 4.33159 4.38381 4.46651 4.41952 4.16186 3.87206 3.80602 3.83152 3.90156
2.16101 2.29569 2.09360 1.67670 1.51375 1.41806 1.36227 1.40704 1.59866 2.09896 2.41866 2.40083 2.43458 2.57470 2.68079 2.80246 3.09806 3.38353 3.48578 3.52868 3.53829 3.51032 3.46949 3.49930 3.62906 3.63616 3.57310 3.51275 3.43973 3.25883 3.02847 2.95977 3.07804 3.14871 3.23135 3.32165 3.31638 3.34238 3.44270 3.60969 3.80045 3.86155 3.76760 3.73030 3.71098 3.60341 3.28706 2.72872 3.05863 3.67000 3.52824 2.69100 2.43890 3.24738 4.22255 4.30939 4.13059 3.99606 3.98333 4.14513 4.08930 3.73499 3.59735 3.69250 3.68658 3.62497
1.69798 1.72137 1.76112 1.57208 1.49458 1.44304 1.37021 1.39406 1.56653 1.99291 2.39545 2.41910 2.42081 2.53586 2.64319 2.73193 2.90659 3.22157 3.40319 3.47444 3.47825 3.45562 3.49465 3.57980 3.66036 3.62454 3.57547 3.52363 3.47419 3.39758 3.35137 3.29874 3.17799 3.23750 3.35202 3.41808 3.42214 3.41910 3.46755 3.60746 3.88782 4.11859 3.97703 3.75249 3.67522 3.63357 3.24668 2.44719 2.91397 3.92682 3.93819 2.94883 2.39316 3.05843 3.97072 3.97092 3.65159 3.51235 3.43233 3.51409 3.58145 3.52125 3.64662 3.90662 3.85162 3.66804
0.88281 1.10660 1.37575 1.22123 1.35172 1.39669 1.33912 1.34460 1.50998 1.77834 2.24307 2.38256 2.40326 2.50316 2.61364 2.69418 2.80945 3.05933 3.27208 3.36790 3.41041 3.46564 3.56306 3.61603 3.63741 3.61473 3.58525 3.52715 3.49743 3.50330 3.47213 3.37177 3.28275 3.26324 3.35236 3.46262 3.52689 3.52279 3.51688 3.57004 3.73241 4.07150 4.25322 4.13434 4.00417 4.14625 3.62432 2.66609 2.56655 3.73770 4.10349 3.42912 2.86054 3.01272 3.38316 3.20342 3.00707 3.04028 3.05816 3.17716 3.47379 3.77387 3.99926 4.21769 4.16133 4.00057
0.64348 0.64826 0.67577 0.68729 0.80460 1.10446 1.19210 1.20586 1.36181 1.51551 1.74905 2.16481 2.33178 2.44821 2.57463 2.66178 2.75373 2.94045 3.15516 3.30083 3.42028 3.52173 3.55033 3.57138 3.54571 3.53126 3.53344 3.51196 3.49534 3.47859 3.42218 3.37446 3.35288 3.33736 3.39897 3.53700 3.68899 3.70114 3.63508 3.59382 3.60367 3.72174 3.99139 4.20845 4.33857 4.36177 3.76211 2.99235 2.76270 3.42378 3.85844 3.67007 3.52413 3.60835 3.35541 2.87026 2.78985 2.97702 3.11811 3.32247 3.78541 4.22883 4.25374 4.25313 4.26033 4.29668
0.59864 0.59631 0.59657 0.62223 0.64552 0.70032 0.88870 1.05698 1.16874 1.25562 1.36923 1.72379 2.19240 2.36754 2.51424 2.62463 2.70575 2.85228 3.10681 3.33357 3.48306 3.56381 3.53411 3.54316 3.44956 3.43687 3.48211 3.51616 3.50322 3.44799 3.41811 3.43985 3.46057 3.46653 3.49360 3.59110 3.81626 4.00736 3.92781 3.77224 3.67692 3.62713 3.64472 3.74007 4.03275 4.23658 3.76090 3.30031 3.17095 3.20871 3.30775 3.42293 3.74265 4.12156 3.77394 3.39213 3.50968 3.72094 3.65949 3.49858 3.75547 4.23864 4.34167 4.35050 4.39468 4.42790
0.56996 0.58194 0.57385 0.58739 0.60259 0.60889 0.66617 0.87741 0.98402 0.99144 1.10783 1.39861 2.04280 2.36810 2.48402 2.59478 2.67141 2.78902 3.07470 3.36681 3.51181 3.51522 3.46624 3.45862 3.33477 3.37976 3.50072 3.53516 3.53118 3.47483 3.47134 3.52520 3.57187 3.58664 3.57121 3.58287 3.68266 3.94656 4.20744 4.15058 4.01635 3.90871 3.80495 3.75166 3.81468 4.08182 4.10992 3.64828 3.44732 3.34174 3.28880 3.41097 3.75197 3.94266 3.54089 3.40063 3.92640 4.25151 3.72407 3.39259 3.94101 4.43464 4.52781 4.54416 4.56839 4.57221
0.53727 0.55762 0.53594 0.52814 0.54623 0.55637 0.59325 0.71634 0.88476 0.86485 0.95614 1.30615 1.82345 2.40126 2.52537 2.58309 2.63771 2.71874 2.83727 2.98704 3.34878 3.40012 3.29921 3.30228 3.29253 3.41972 3.52357 3.54585 3.56924 3.53156 3.50104 3.55445 3.64356 3.67961 3.62980 3.58815 3.60048 3.71970 4.05508 4.32349 4.23424 4.08596 3.96816 3.91138 4.02537 4.17437 4.16483 4.01252 4.06513 3.96780 3.89830 3.95164 4.19242 4.18494 3.63670 3.25989 3.66133 4.00741 3.54005 3.64797 4.32968 4.55731 4.62912 4.65349 4.67558 4.65474
0.51668 0.51771 0.49622 0.50320 0.50947 0.53309 0.57883 0.65470 0.80568 0.84549 0.92046 1.38182 1.81122 2.45549 2.56296 2.57092 2.57619 2.64238 2.67103 2.73239 2.89127 3.07279 3.25630 3.35872 3.36630 3.43793 3.51863 3.54364 3.57500 3.58695 3.52008 3.56214 3.70032 3.76939 3.74400 3.67542 3.60848 3.62629 3.84352 4.16946 4.04871 3.95750 4.03344 4.15727 4.32246 4.35257 4.20854 4.15604 4.28477 4.39523 4.36419 4.26514 4.41294 4.42297 3.97505 3.52532 3.65165 3.82896 3.67499 3.98930 4.45817 4.61383 4.63771 4.66301 4.68404 4.66344
0.47660 0.47566 0.48304 0.49154 0.49548 0.52858 0.56966 0.62133 0.70711 0.79112 0.85028 1.26773 1.61353 2.23475 2.56109 2.58784 2.60409 2.65038 2.65455 2.78666 2.93255 3.09534 3.40652 3.48968 3.44742 3.51779 3.56244 3.55994 3.56129 3.61982 3.53375 3.54898 3.69462 3.87110 3.99867 3.94433 3.73462 3.63858 3.76558 4.01256 3.97815 4.12673 4.35238 4.47317 4.50159 4.38360 4.24442 4.32394 4.29483 4.41154 4.35214 4.32252 4.29126 4.37029 4.00431 3.76924 3.87428 3.81919 3.85202 4.18967 4.49908 4.62356 4.64912 4.67553 4.68505 4.62082
0.39658 0.40114 0.40765 0.41900 0.46643 0.52041 0.56074 0.59807 0.64358 0.73554 0.83876 1.04614 1.35387 1.68693 2.37774 2.56913 2.66608 2.73770 2.75850 2.97839 3.19146 3.32789 3.48345 3.55569 3.51331 3.50893 3.54956 3.56021 3.51590 3.54790 3.54045 3.53364 3.63251 3.78485 3.95771 4.04813 3.87734 3.70582 3.78587 4.02095 4.14913 4.38425 4.51861 4.59215 4.53779 4.37320 4.20199 4.30846 4.20577 4.32610 4.30563 4.16375 4.08013 4.13275 4.07168 4.10262 4.13180 4.08498 4.20432 4.45120 4.57450 4.63902 4.66198 4.66623 4.64604 4.58447
0.29290 0.26892 0.29974 0.32405 0.36895 0.47300 0.55044 0.60050 0.64345 0.74561 0.83661 0.94578 1.21168 1.44126 2.03293 2.47669 2.62560 2.74213 2.77846 3.03373 3.32116 3.45461 3.48591 3.54811 3.50613 3.46606 3.49378 3.50744 3.44702 3.42471 3.44616 3.49367 3.58384 3.64867 3.65787 3.68469 3.65132 3.57595 3.65002 3.91828 4.12190 4.33827 4.43902 4.50870 4.47572 4.18649 3.85160 3.90649 3.89442 4.13377 4.14433 3.79165 3.68220 3.76251 4.04417 4.36476 4.43444 4.45912 4.50752 4.57959 4.63673 4.65243 4.65057 4.62784 4.58760 4.52961
0.24113 0.25885 0.25953 0.29238 0.36232 0.44198 0.52515 0.59113 0.65655 0.72564 0.77624 0.85211 1.06720 1.28874 1.69618 2.31982 2.61053 2.69152 2.78697 2.94907 3.18748 3.44147 3.50888 3.51203 3.44364 3.43662 3.44668 3.47297 3.43740 3.38583 3.40130 3.49350 3.59510 3.64282 3.58465 3.53074 3.46301 3.39580 3.42110 3.50908 3.67829 3.91998 4.08850 4.29258 4.32120 3.79474 3.52730 3.60338 3.57266 3.75886 3.56187 3.31786 3.45424 3.61153 3.84716 4.27019 4.49927 4.56716 4.56138 4.56576 4.60211 4.62288 4.61313 4.57192 4.48861 4.28985
0.28943 0.26939 0.34309 0.41298 0.46978 0.51930 0.55596 0.59832 0.65769 0.70001 0.70456 0.75569 0.87052 1.05400 1.44525 2.24863 2.63257 2.70116 2.78864 2.97058 3.15513 3.33518 3.47980 3.48980 3.41330 3.40509 3.39288 3.46894 3.51015 3.49182 3.51509 3.58555 3.67512 3.73940 3.64313 3.54187 3.43080 3.39460 3.45208 3.43368 3.54338 3.77702 3.92961 4.05079 4.10381 3.57138 3.41808 3.64803 3.53650 3.71914 3.43727 3.38358 3.65201 3.67260 3.66895 3.98707 4.39704 4.48518 4.42380 4.42026 4.49566 4.55138 4.56539 4.48836 4.21820 3.62257
0.40194 0.43792 0.47919 0.53540 0.57042 0.62890 0.65475 0.66523 0.64183 0.62121 0.67153 0.74601 0.75905 0.83479 1.30799 2.22092 2.63993 2.72329 2.81238 3.09669 3.21508 3.32457 3.52028 3.57316 3.44090 3.26636 3.19175 3.41114 3.56196 3.58266 3.58545 3.62332 3.77415 3.92602 3.68322 3.51953 3.45206 3.52322 3.64077 3.49643 3.50911 3.68740 3.82619 3.99771 4.11877 3.56933 3.39968 3.70852 3.56466 3.68815 3.52122 3.34853 3.70210 3.88372 3.67390 3.74976 4.15289 4.29685 4.27294 4.27637 4.30724 4.42240 4.48656 4.34890 3.67714 3.14884
0.34597 0.45306 0.54882 0.61343 0.66233 0.66857 0.65068 0.62440 0.59233 0.57456 0.63591 0.76493 0.78798 0.82013 1.23599 2.22307 2.64561 2.74815 2.84950 3.18748 3.22122 3.34577 3.52823 3.57897 3.43867 3.16733 3.07372 3.36777 3.56788 3.60255 3.57809 3.63673 3.91724 4.15850 3.78515 3.49572 3.41025 3.55274 3.59283 3.42849 3.46181 3.68899 3.87428 3.83458 3.85921 3.51918 3.42109 3.72818 3.59316 3.62335 3.72056 3.53256 3.66035 4.06713 3.79055 3.60431 3.81530 4.12156 4.25242 4.26979 4.11696 4.08445 4.15929 4.02463 3.34085 2.92384
0.36515 0.45381 0.52787 0.63451 0.75777 0.53170 0.45767 0.46515 0.52260 0.58625 0.66436 0.85722 0.92364 1.00459 1.41788 2.37579 2.66957 2.76307 2.87702 3.09786 3.14964 3.29669 3.44642 3.41422 3.27511 3.07227 2.98933 3.32171 3.55011 3.57882 3.56123 3.63776 3.95394 4.07518 3.65683 3.37898 3.32933 3.51477 3.47880 3.31460 3.46169 3.64547 3.49992 3.35465 3.32251 3.25610 3.36160 3.68656 3.62226 3.47366 3.47369 3.51360 3.82840 4.13154 3.92815 3.56439 3.55152 3.83336 4.17884 4.12538 3.78424 3.49596 3.42235 3.45103 3.12946 2.82865
0.48008 0.48769 0.53032 0.61620 0.57058 0.49795 0.45418 0.46553 0.53163 0.61095 0.74650 1.09107 1.27656 1.40688 1.81861 2.53124 2.69335 2.77903 2.90816 2.98029 3.07121 3.25965 3.25413 3.16940 3.18555 3.10026 3.03100 3.38982 3.54274 3.54446 3.54717 3.62120 3.82453 3.70884 3.43440 3.18620 3.36432 3.53508 3.43873 3.22464 3.40077 3.44489 3.26844 3.19623 3.15848 3.27357 3.51718 3.85930 3.85561 3.65955 3.57520 3.70858 4.05388 4.16516 4.00456 3.71082 3.47574 3.54974 3.73008 3.59081 3.34505 3.21670 3.23190 3.39664 3.34348 2.96243
0.59302 0.57186 0.68582 0.81325 0.79030 0.70556 0.62084 0.62441 0.65171 0.70865 0.90878 1.24466 1.45588 1.61218 2.15895 2.60073 2.70324 2.78270 2.86318 2.87470 3.00039 3.15804 3.05545 3.17086 3.30971 3.27722 3.26518 3.47870 3.57753 3.53064 3.52265 3.56750 3.62650 3.52481 3.29715 3.29469 3.48465 3.58798 3.44369 3.27521 3.42048 3.42253 3.33181 3.44385 3.50288 3.60335 3.87493 3.99664 4.05058 4.00470 3.91446 3.94104 4.15003 4.21207 3.95412 3.89041 3.52750 3.42366 3.34072 3.17096 3.10592 3.23719 3.36461 3.54110 3.81860 3.32928
0.92004 0.84096 0.85075 1.06032 1.20752 1.27388 1.24159 1.13569 0.91006 0.89401 1.05024 1.27898 1.43441 1.58157 2.11284 2.60656 2.69377 2.76882 2.83318 2.83080 2.91913 2.98639 3.01084 3.25255 3.42217 3.41427 3.38144 3.51723 3.63486 3.57110 3.50000 3.51093 3.55269 3.49283 3.37473 3.40803 3.55206 3.62899 3.44178 3.31899 3.49506 3.54725 3.46186 3.59994 3.87915 3.84573 3.84351 3.84895 3.94794 4.01418 3.98011 3.92960 3.96107 3.84829 3.56933 3.50980 3.39555 3.27777 3.03313 2.90380 3.02263 3.20596 3.20379 3.41563 4.00406 3.85509
1.34911 1.00735 0.69730 0.77437 0.92009 0.97725 0.83762 0.82687 0.81094 0.82749 0.98446 1.25650 1.36925 1.49285 1.94537 2.57314 2.69318 2.75602 2.82351 2.82421 2.89024 2.89493 3.02006 3.34362 3.51316 3.50698 3.41352 3.50752 3.67320 3.65791 3.56502 3.54267 3.58664 3.54199 3.46524 3.47978 3.58931 3.68636 3.46252 3.29230 3.49156 3.60805 3.51645 3.64287 3.88758 3.72583 3.63289 3.60473 3.85392 4.14668 3.85160 3.42735 3.46091 3.45428 3.23376 3.12321 3.05801 2.99778 2.84012 2.90632 3.10754 3.12723 2.89446 2.96286 3.49539 3.65331
0.81179 0.51863 0.46298 0.55445 0.61400 0.62138 0.53266 0.51231 0.59823 0.66106 0.78555 1.15172 1.29878 1.35505 1.65850 2.46410 2.67563 2.75299 2.81552 2.84604 2.84795 2.89175 3.18469 3.48759 3.57123 3.55312 3.45827 3.51913 3.64997 3.67246 3.59288 3.57662 3.63731 3.55335 3.51686 3.57697 3.64597 3.63270 3.50456 3.37415 3.52718 3.66258 3.55459 3.62250 3.67601 3.44798 3.20197 3.12591 3.35013 3.63596 3.28241 3.02369 3.31743 3.49568 3.29753 3.16195 2.98080 2.95439 3.09849 3.32685 3.44265 3.30469 2.91864 2.69463 3.00851 3.01870
0.54206 0.37903 0.36164 0.42556 0.50235 0.53558 0.47102 0.44244 0.53401 0.61314 0.69998 0.97232 1.17170 1.19140 1.46749 2.28356 2.64369 2.74179 2.79138 2.79235 2.79526 3.01145 3.42183 3.60604 3.61628 3.57507 3.54625 3.58309 3.63650 3.64321 3.61002 3.59437 3.54406 3.49373 3.55191 3.71736 3.72015 3.57721 3.50028 3.55477 3.73680 3.80696 3.58449 3.54204 3.51420 3.31974 3.03124 2.74694 2.71836 3.00653 2.79374 3.11517 3.32561 3.60746 3.28303 3.11906 3.14566 3.23121 3.56844 3.88375 3.80638 3.51798 3.06723 2.61305 2.77997 2.65885
